X_LEFT_WRIST,Y_LEFT_WRIST,Z_LEFT_WRIST,X_LEFT_THUMB_TIP,Y_LEFT_THUMB_TIP,Z_LEFT_THUMB_TIP,X_LEFT_INDEX_FINGER_TIP,Y_LEFT_INDEX_FINGER_TIP,Z_LEFT_INDEX_FINGER_TIP,X_LEFT_MIDDLE_FINGER_TIP,Y_LEFT_MIDDLE_FINGER_TIP,Z_LEFT_MIDDLE_FINGER_TIP,X_LEFT_RING_FINGER_TIP,Y_LEFT_RING_FINGER_TIP,Z_LEFT_RING_FINGER_TIP,X_LEFT_PINKY_FINGER_TIP,Y_LEFT_PINKY_FINGER_TIP,Z_LEFT_PINKY_FINGER_TIP,X_RIGHT_WRIST,Y_RIGHT_WRIST,Z_RIGHT_WRIST,X_RIGHT_THUMB_TIP,Y_RIGHT_THUMB_TIP,Z_RIGHT_THUMB_TIP,X_RIGHT_INDEX_FINGER_TIP,Y_RIGHT_INDEX_FINGER_TIP,Z_RIGHT_INDEX_FINGER_TIP,X_RIGHT_MIDDLE_FINGER_TIP,Y_RIGHT_MIDDLE_FINGER_TIP,Z_RIGHT_MIDDLE_FINGER_TIP,X_RIGHT_RING_FINGER_TIP,Y_RIGHT_RING_FINGER_TIP,Z_RIGHT_RING_FINGER_TIP,X_RIGHT_PINKY_FINGER_TIP,Y_RIGHT_PINKY_FINGER_TIP,Z_RIGHT_PINKY_FINGER_TIP
0.5634792447090149,0.7337011694908142,3.2609051459076e-08,0.5202877521514893,0.7624081373214722,0.0031724662985652,0.5181692242622375,0.7831624150276184,1.0943575034616517e-05,0.5224663019180298,0.7905439138412476,-7.69256948842667e-05,0.5274903774261475,0.7945953607559204,0.0002846553106792,0.5340803265571594,0.792351245880127,0.000841753790155,0.4782243967056274,0.5658117532730103,1.2043052777244156e-07,0.5119545459747314,0.5545461773872375,-0.0185918845236301,0.5017898678779602,0.4896124899387359,-0.0192399807274341,0.4937337040901184,0.4912464618682861,-0.0201503410935401,0.4869970083236694,0.5585321187973022,-0.019513139501214,0.4768151938915252,0.5637616515159607,-0.0177484080195426
0.5640350580215454,0.7328773140907288,3.6738747155595775e-08,0.5207849144935608,0.7631922364234924,0.0031090166885405,0.5190179944038391,0.783164918422699,0.0006720257224515,0.5225696563720703,0.791381299495697,0.0002490499755367,0.5277220606803894,0.7944576144218445,0.0008420636877417,0.534658670425415,0.7928723096847534,0.0018364934949204,0.4787895381450653,0.5635501146316528,1.043054282945377e-07,0.5116472244262695,0.5530457496643066,-0.0191642064601182,0.5013161301612854,0.4935307204723358,-0.0210739839822053,0.4930644333362579,0.4946931302547455,-0.0214695744216442,0.4862548410892486,0.556853175163269,-0.0201117880642414,0.4766399264335632,0.5608161687850952,-0.0178137347102165
0.5633752346038818,0.7329776287078857,3.2886674716792186e-08,0.5201787352561951,0.7603685855865479,0.0044668824411928,0.5190107822418213,0.7842450737953186,0.0023017362691462,0.5224300026893616,0.7923328876495361,0.0014532074565067,0.5274545550346375,0.7955231666564941,0.0013786513591185,0.534916877746582,0.7938423156738281,0.0023906892165541,0.4793474376201629,0.5593056082725525,7.417742864390675e-08,0.5116811394691467,0.5555387735366821,-0.0178720019757747,0.5010150671005249,0.5065857768058777,-0.021568289026618,0.4930509626865387,0.5072029829025269,-0.0205145217478275,0.4849860966205597,0.5578278303146362,-0.0188961178064346,0.4738838374614715,0.5586056709289551,-0.017470795661211
0.5640935897827148,0.7325292825698853,4.005947573659796e-08,0.5210059881210327,0.7621674537658691,0.0025799316354095,0.5188302397727966,0.7830638885498047,0.0001087512428057,0.5225791335105896,0.7915372252464294,-9.373900684295222e-05,0.5281268358230591,0.7942503690719604,0.0006226634141057,0.5350005626678467,0.7932661771774292,0.0015117470175027,0.4784882962703705,0.5622236132621765,4.148410326365593e-08,0.5116219520568848,0.5579701662063599,-0.0179312843829393,0.4980077445507049,0.5239523649215698,-0.0212513841688632,0.4922227561473846,0.5348175168037415,-0.0200352296233177,0.4856182038784027,0.5618131160736084,-0.0174100343137979,0.4749298691749573,0.5611826777458191,-0.0157006625086069
0.5629973411560059,0.7333889007568359,3.7457038359889345e-08,0.5211338996887207,0.7628887891769409,0.0035444714594632,0.5189231038093567,0.7826327085494995,0.0008717067539691,0.5225701332092285,0.7911425232887268,-0.0003033230022992,0.5274102091789246,0.795080840587616,-1.1380903742974624e-05,0.533761203289032,0.7946984171867371,0.0006287855794653,0.479208379983902,0.5666752457618713,-3.6047502760538925e-08,0.5124128460884094,0.5627875924110413,-0.0175862945616245,0.4977528154850006,0.5539572834968567,-0.0220920648425817,0.492996871471405,0.5632545351982117,-0.0181868560612201,0.4861744940280914,0.5706523656845093,-0.0165790300816297,0.4745340049266815,0.5611464381217957,-0.0150729166343808
0.5636821985244751,0.7332245111465454,3.6673757364269484e-08,0.5208765268325806,0.7616220116615295,0.0032469748985022,0.5189689993858337,0.7836390137672424,0.0010270790662616,0.5223576426506042,0.792615532875061,0.0005518356920219,0.527576744556427,0.7953301668167114,0.0007167313015088,0.5350229144096375,0.7922088503837585,0.0015123263001441,0.4784288108348846,0.5628615021705627,-3.8654810907701176e-08,0.5128145217895508,0.5665050745010376,-0.0202668718993663,0.4980517625808716,0.5577620267868042,-0.0243769083172082,0.4926998317241668,0.5643894076347351,-0.0183636955916881,0.4865679740905761,0.5725194215774536,-0.0155283818021416,0.474473237991333,0.5625914335250854,-0.0139487283304333
0.5636658072471619,0.7328119277954102,4.0448853155794495e-08,0.5207188725471497,0.7620308995246887,0.0031736446544528,0.5191261172294617,0.7834900617599487,0.0008886365103535,0.5227617025375366,0.7919224500656128,0.0007794143166393,0.5281639099121094,0.7948333024978638,0.0014918512897565,0.5359676480293274,0.7923535108566284,0.0028926981613039,0.4786365628242492,0.5662530660629272,-4.0715537608093655e-08,0.513560950756073,0.5696564316749573,-0.0169228445738554,0.4988327324390411,0.5536959171295166,-0.0207874793559312,0.4946727454662323,0.573725163936615,-0.0179268885403871,0.4886699914932251,0.57926344871521,-0.0162189155817031,0.4756558537483215,0.5638150572776794,-0.0145409014075994
0.5636025071144104,0.7339739799499512,3.8003999947022755e-08,0.5208346843719482,0.7628722190856934,0.0030175293795764,0.5191987752914429,0.7850764393806458,9.985761425923556e-05,0.5226403474807739,0.7932012677192688,-0.0001403538190061,0.5275841355323792,0.7959357500076294,0.0003878264687955,0.5350218415260315,0.7929619550704956,0.0015846532769501,0.4788652658462524,0.5680349469184875,6.025555165933838e-08,0.514192521572113,0.5732603073120117,-0.0174773037433624,0.502890408039093,0.5316729545593262,-0.0204077251255512,0.496622622013092,0.5349994897842407,-0.0181955713778734,0.4897949993610382,0.5790082812309265,-0.017429070547223,0.4779353141784668,0.5730516910552979,-0.0152132660150527
0.563676655292511,0.7344973683357239,3.926892588879127e-08,0.5215891003608704,0.7635315656661987,0.0028913815040141,0.5191130042076111,0.7842072248458862,0.0004471207503229,0.5230693817138672,0.7919508814811707,0.0003023094905074,0.5288792848587036,0.793444037437439,0.0013888506218791,0.5360896587371826,0.7903326749801636,0.0029517887160182,0.4784425795078277,0.5694180727005005,1.004018770345283e-07,0.5136772990226746,0.5711908340454102,-0.0173102859407663,0.5092340707778931,0.5160374641418457,-0.022413345053792,0.4936257004737854,0.5143847465515137,-0.0219546053558588,0.486868292093277,0.574728786945343,-0.0202334411442279,0.476633220911026,0.5673289895057678,-0.018597062677145
0.5634359121322632,0.7336224317550659,3.66190704426117e-08,0.5215949416160583,0.7632952332496643,0.0033628793898969,0.5188623070716858,0.783454418182373,0.0006710002780891,0.5224828124046326,0.7925487160682678,0.0002447707520332,0.5280284285545349,0.7939407825469971,0.0009258721838705,0.5346654057502747,0.792411744594574,0.0020040965173393,0.4789021015167236,0.566857099533081,1.2638678015264304e-07,0.513693630695343,0.569355309009552,-0.0171116795390844,0.512687087059021,0.5034222602844238,-0.0204904861748218,0.491813063621521,0.4998581111431122,-0.0212360341101884,0.4880869090557098,0.5666175484657288,-0.0204915795475244,0.4791098237037658,0.5699626207351685,-0.0181776583194732
0.5632086396217346,0.733636736869812,4.025770294902031e-08,0.5218362212181091,0.7653588652610779,0.0033274427987635,0.5191548466682434,0.7853109240531921,0.001381876762025,0.5226444602012634,0.7933977842330933,0.0009501227177679,0.5278629660606384,0.7955330610275269,0.0015257727354764,0.5349950790405273,0.7932376861572266,0.0027932208031415,0.4801068007946014,0.5664535164833069,1.245437744046285e-07,0.5137686133384705,0.5661548972129822,-0.0193203948438167,0.5136528015136719,0.4964518547058105,-0.0233302619308233,0.491140753030777,0.4960803389549255,-0.024569472298026,0.4871096312999725,0.5614721179008484,-0.0230401959270238,0.4761081337928772,0.565158486366272,-0.0209171529859304
0.5632351636886597,0.7346618175506592,3.7908687744447895e-08,0.5217838287353516,0.7635437846183777,0.0028765541501343,0.5192233324050903,0.7842544317245483,5.68676223338116e-05,0.5226625204086304,0.7926858067512512,-0.0006085375789552,0.5277671813964844,0.7953117489814758,-1.0913046935456803e-05,0.5345792770385742,0.7944411039352417,0.0009595663286745,0.4800130426883697,0.5648974180221558,1.201124462113512e-07,0.514053463935852,0.5625502467155457,-0.0190217196941375,0.5121310353279114,0.4975195527076721,-0.0234661512076854,0.4921785593032837,0.497656762599945,-0.0245446693152189,0.4868199229240417,0.5607298612594604,-0.0231984313577413,0.4760692119598388,0.5631253123283386,-0.0213172789663076
0.5641475319862366,0.7340377569198608,3.3150232781054e-08,0.5221084356307983,0.7623412609100342,0.0029849058482795,0.5191364288330078,0.784975528717041,0.0004888687981292,0.5233131051063538,0.793321430683136,8.267634257208556e-05,0.5283768177032471,0.7957267761230469,0.0007443471695296,0.5351091623306274,0.7936162948608398,0.0017256261780858,0.4764766991138458,0.5639197826385498,1.119419721362647e-07,0.5135048627853394,0.5620738863945007,-0.0182426702231168,0.5111647844314575,0.5048595666885376,-0.0234210044145584,0.4929873347282409,0.5043255686759949,-0.023944130167365,0.4868977665901184,0.5666828751564026,-0.0227660443633794,0.4762266874313354,0.5664272904396057,-0.0207594763487577
0.5638716220855713,0.7335783243179321,3.49468258775687e-08,0.5205937623977661,0.7650763392448425,0.0042208572849631,0.5197988748550415,0.7850773334503174,0.002496690955013,0.5234755277633667,0.792961597442627,0.0018835187656804,0.5283082127571106,0.7960439920425415,0.0022073180880397,0.5355115532875061,0.793070375919342,0.0033785256091505,0.4758681356906891,0.5648631453514099,7.221020581482662e-08,0.5128704309463501,0.563620924949646,-0.0180773977190256,0.508000910282135,0.5203726887702942,-0.0237976871430873,0.4911175966262817,0.5227799415588379,-0.0234411805868148,0.4877612590789795,0.5733597874641418,-0.0222189556807279,0.4765229225158691,0.5676406621932983,-0.0204405207186937
0.5632812976837158,0.7341435551643372,3.1762784402644684e-08,0.5221387147903442,0.766395628452301,0.0036399732343852,0.519716739654541,0.7842907905578613,0.0007903423393145,0.5230083465576172,0.7923405170440674,0.0004471064312383,0.5276855230331421,0.7959471940994263,0.00049630360445,0.5342715382575989,0.7946471571922302,0.0012750442838296,0.4778980612754822,0.5658243894577026,8.6856308811889e-09,0.5129625797271729,0.5675365328788757,-0.01505315490067,0.5054901838302612,0.5399495959281921,-0.019265491515398,0.4935320615768432,0.5748584866523743,-0.0184445679187774,0.4877508878707886,0.5786261558532715,-0.0162046607583761,0.4771846830844879,0.5680501461029053,-0.0146494358777999
0.5634642839431763,0.734866738319397,3.983392460327195e-08,0.520388126373291,0.767763614654541,0.0030080624856054,0.5187708735466003,0.7852849364280701,0.0008989504422061,0.5223514437675476,0.7923806309700012,0.0009415408130735,0.527702808380127,0.7941425442695618,0.0015964288031682,0.5349411368370056,0.7915050983428955,0.00259101530537,0.4790488481521606,0.562127411365509,-3.679534898992642e-08,0.5134943723678589,0.5680069923400879,-0.0191593412309885,0.5018030405044556,0.5596904158592224,-0.0242384169250726,0.4912391006946563,0.5712858438491821,-0.0182158797979354,0.4845343232154846,0.5722637176513672,-0.0139701711013913,0.4755392074584961,0.56545090675354,-0.012513649649918
0.5633544325828552,0.7347599864006042,3.216669242078751e-08,0.5202721953392029,0.763486385345459,0.0032590914051979,0.518461287021637,0.7847529053688049,-0.0002321586362086,0.5225337147712708,0.7924143671989441,-0.0006096894503571,0.527950644493103,0.7949864864349365,0.0001242516445927,0.5346269011497498,0.7938411831855774,0.0007941750227473,0.4795350134372711,0.5565765500068665,-4.446901513688317e-08,0.514366626739502,0.5682533979415894,-0.0184658449143171,0.5039876699447632,0.5698090195655823,-0.0254060942679643,0.4917889833450317,0.5779776573181152,-0.0199331473559141,0.4880100786685943,0.5799114108085632,-0.0157981794327497,0.4780668616294861,0.5686806440353394,-0.0138576803728938
0.5636657476425171,0.7342936396598816,3.6187486784911016e-08,0.5213013887405396,0.7675489187240601,0.0031959358602762,0.5191602110862732,0.784516453742981,0.0011140743736177,0.5228393077850342,0.7922171950340271,0.0005826449487358,0.5278046131134033,0.7948938012123108,0.0009293900802731,0.5342217683792114,0.7928706407546997,0.0015047480119392,0.4796177446842193,0.5637582540512085,-3.3594606207998374e-08,0.5140252113342285,0.5674551725387573,-0.0188211891800165,0.5039939880371094,0.5674734115600586,-0.0255839768797159,0.4935798346996307,0.5703654289245605,-0.0208431296050548,0.4893044829368591,0.5801596641540527,-0.0173055622726678,0.4777093231678009,0.5722245573997498,-0.0142806358635425
0.5638904571533203,0.7341727018356323,3.5259549946431434e-08,0.5220114588737488,0.7658976316452026,0.0035775625146925,0.5192238092422485,0.7847776412963867,0.0006877952255308,0.5224056839942932,0.7930682301521301,0.0001829747197916,0.5278412699699402,0.7946787476539612,0.0007870163535699,0.5350403785705566,0.7928704619407654,0.0018197484314441,0.4789156913757324,0.5676921606063843,3.52728122265944e-08,0.5141343474388123,0.5675274133682251,-0.0170323550701141,0.5009320378303528,0.5458360910415649,-0.0208598356693983,0.4908667802810669,0.5335271954536438,-0.0158292539417743,0.4880196154117584,0.5737479329109192,-0.0140983713790774,0.4762714505195617,0.568718433380127,-0.0109436502680182
0.5640569925308228,0.7342308759689331,3.9164500975630296e-08,0.5217608213424683,0.7609114050865173,0.002604245673865,0.5188608765602112,0.7838596701622009,-0.0003351450141053,0.522067666053772,0.7926509976387024,-0.0005023655830882,0.5274261236190796,0.7954733967781067,0.0001712815428618,0.5348467826843262,0.7935639023780823,0.001378689543344,0.4763599634170532,0.5678538084030151,9.13561706283872e-08,0.514343798160553,0.5680575370788574,-0.0167378019541502,0.505431056022644,0.5245770215988159,-0.021279526874423,0.4874195754528045,0.5091062188148499,-0.0200948398560285,0.4888547360897064,0.5758042335510254,-0.0193927064538002,0.4779328107833862,0.573126494884491,-0.0167301446199417
0.5636751055717468,0.7337082028388977,4.02457231984954e-08,0.5215634703636169,0.7657199501991272,0.0047014229930937,0.5190907716751099,0.7845385074615479,0.0026989239268004,0.5224364995956421,0.7935009002685547,0.0016695274971425,0.5278587937355042,0.7957483530044556,0.0016712432261556,0.5358052253723145,0.7925702929496765,0.0029181349091231,0.4780821502208709,0.5691860914230347,1.1293345636431697e-07,0.5140712261199951,0.5668448805809021,-0.0150497443974018,0.5088464617729187,0.5082058310508728,-0.0175699796527624,0.4871130883693695,0.4975647330284118,-0.018965845927596,0.4879085123538971,0.5661913752555847,-0.0187110137194395,0.4789991080760956,0.5704364776611328,-0.016966063529253
0.562960684299469,0.7351959347724915,3.46081030500045e-08,0.5217838287353516,0.7679136395454407,0.0032941056415438,0.5193878412246704,0.7857847213745117,0.0005898615345358,0.5226810574531555,0.7932637333869934,-5.553650407819077e-05,0.5271576642990112,0.7967941761016846,0.0007059586932882,0.5339064002037048,0.7954232096672058,0.0019921360071748,0.4768120944499969,0.5696039199829102,1.285265653905299e-07,0.5134637951850891,0.5658688545227051,-0.0168454013764858,0.5102131962776184,0.498743861913681,-0.0189651735126972,0.4877038598060608,0.4949632287025451,-0.0205110739916563,0.4863223433494568,0.5648899078369141,-0.0198823623359203,0.4774877727031708,0.5678845643997192,-0.016999514773488
0.5635682344436646,0.7351001501083374,4.0167943637925425e-08,0.5213600993156433,0.7630873322486877,0.0024091287050396,0.5189325213432312,0.7849099636077881,-0.0003527234657667,0.5226336717605591,0.7930746674537659,-0.0004617234808392,0.5276356935501099,0.7962296605110168,0.00059655419318,0.5343948602676392,0.7942846417427063,0.0018505797488614,0.4785024523735046,0.5708276033401489,1.0995263721724768e-07,0.5126127004623413,0.5630404949188232,-0.0167557150125503,0.5077764987945557,0.4991355240345001,-0.0194464903324842,0.4903389811515808,0.4992370903491974,-0.0204615090042352,0.4872065484523773,0.5616436004638672,-0.0200339369475841,0.4769079983234405,0.5668744444847107,-0.0177839398384094
0.5634174346923828,0.7347339391708374,4.0352500008111753e-08,0.5217826962471008,0.7640842795372009,0.0034247287549078,0.5192667841911316,0.7859713435173035,0.0012843729928135,0.522354245185852,0.7936059832572937,0.0007655092631466,0.5273023247718811,0.7964320778846741,0.001668285112828,0.5340473651885986,0.7952934503555298,0.0029101257678121,0.4768558144569397,0.5695396661758423,9.290441482789903e-08,0.5127712488174438,0.560114860534668,-0.0180394351482391,0.5049208402633667,0.5103464126586914,-0.0229819230735301,0.4931497573852539,0.5094144344329834,-0.0235492642968893,0.4876326024532318,0.562860906124115,-0.023535618558526,0.4778607189655304,0.5687209963798523,-0.0228166654706001
0.5631675124168396,0.7344872951507568,4.582029333732862e-08,0.5219077467918396,0.7654042840003967,0.0019374171970412,0.5189928412437439,0.7848526835441589,-0.0001100708614103,0.522206723690033,0.79305499792099,-0.0004417375603225,0.527519941329956,0.7956088185310364,0.0005724643706344,0.5344852209091187,0.7942267060279846,0.001965859439224,0.4771790206432342,0.5726545453071594,7.641786936574135e-08,0.5129401087760925,0.5593878626823425,-0.0160494018346071,0.5017544627189636,0.525503933429718,-0.0214903652667999,0.4962098300457001,0.5240451097488403,-0.0202180817723274,0.4888267815113067,0.5678514838218689,-0.0197829268872737,0.479085773229599,0.5682098269462585,-0.0192468669265508
0.5631167888641357,0.734430193901062,3.925690350570221e-08,0.5217305421829224,0.7650368213653564,0.0027103307656943,0.5189992189407349,0.7847242951393127,0.0001400276087224,0.52213054895401,0.7934874892234802,-0.0001566446298966,0.5272653102874756,0.7959015369415283,0.0006013183738104,0.5348199009895325,0.7939916849136353,0.0018533372785896,0.4787239134311676,0.5732607841491699,5.765363653154054e-08,0.5138938426971436,0.5615359544754028,-0.0179555397480726,0.5013992190361023,0.5349708795547485,-0.0219733919948339,0.4957903921604156,0.5399907231330872,-0.0202093739062547,0.4916715621948242,0.5740758776664734,-0.0185329541563987,0.4804835021495819,0.5673637986183167,-0.0162052791565656
0.5630506873130798,0.7348756194114685,3.2975147945535355e-08,0.521950900554657,0.7668425440788269,0.0035832885187119,0.5192122459411621,0.7855307459831238,0.0006381110288202,0.5230319499969482,0.7932571768760681,0.0004639495455194,0.527909517288208,0.7954897284507751,0.0011449026642367,0.5353410243988037,0.7934242486953735,0.0023581709247082,0.4783957302570343,0.5686551332473755,2.8647232142020584e-08,0.5142031311988831,0.5614559054374695,-0.0189043972641229,0.5033605694770813,0.5476115345954895,-0.0226976834237575,0.4947054386138916,0.5423012971878052,-0.0187600888311862,0.4910972714424133,0.5766088962554932,-0.0168308038264513,0.4781196713447571,0.5680609941482544,-0.0134105617180466
0.56333327293396,0.7350822687149048,2.6627233751241878e-08,0.5203515291213989,0.7655495405197144,0.0034923159983009,0.5191428065299988,0.7868566513061523,0.0001873238215921,0.5236109495162964,0.7925024628639221,0.0001958406355697,0.5286157131195068,0.7954385280609131,0.0011704911012202,0.5348873138427734,0.7945647835731506,0.0019157247152179,0.4790273904800415,0.5728996396064758,5.5621534045258165e-08,0.5150595307350159,0.5614657998085022,-0.0186261292546987,0.4989677369594574,0.5309085249900818,-0.0247557014226913,0.49198979139328,0.5226820707321167,-0.0219253879040479,0.4923545718193054,0.5744761824607849,-0.0215935949236154,0.4796240925788879,0.5715597867965698,-0.0202154144644737
0.5631886720657349,0.7347137928009033,3.4647538171839194e-08,0.5205776691436768,0.7692627310752869,0.0019208579324185,0.5186285376548767,0.7870060205459595,-0.0008094526128843,0.5223455429077148,0.793362557888031,-0.0008121784194372,0.5272448062896729,0.795956552028656,-0.000378095137421,0.5337123274803162,0.7940286993980408,3.834242670563981e-05,0.4792831242084503,0.5659632682800293,5.034634931178061e-09,0.5159773826599121,0.5599090456962585,-0.0156047856435179,0.4992688596248626,0.518210768699646,-0.0237802769988775,0.4931053221225738,0.50773024559021,-0.0236087068915367,0.493022620677948,0.5642901659011841,-0.0242697149515151,0.4797365665435791,0.5692394971847534,-0.0231147091835737
0.5641894936561584,0.7345634698867798,3.0840514142482796e-08,0.5213591456413269,0.765777587890625,0.0032393636647611,0.5193857550621033,0.7862927317619324,0.0007686638855375,0.5232996940612793,0.7930736541748047,0.0009571562404744,0.5280811786651611,0.7963265180587769,0.0016700868727639,0.5351366996765137,0.7926250696182251,0.0028039989992976,0.478409081697464,0.5757256746292114,9.794263178264373e-08,0.5158359408378601,0.5596500635147095,-0.0137087497860193,0.5008531808853149,0.5026180148124695,-0.0150900958105921,0.4900658726692199,0.4908283352851867,-0.0172546319663524,0.4920827448368072,0.561843752861023,-0.0186066944152116,0.4804174900054931,0.56684809923172,-0.0159251112490892
0.5635395646095276,0.7342652082443237,3.2479988476552535e-08,0.5211093425750732,0.7658796310424805,0.0045348866842687,0.5191171765327454,0.7852646112442017,0.0020610324572771,0.5227927565574646,0.7924386858940125,0.0013593144249171,0.527315616607666,0.7953828573226929,0.0017193417297676,0.5340293645858765,0.7939444780349731,0.0027397884987294,0.4800193011760711,0.5746067762374878,1.206595925395959e-07,0.5165059566497803,0.5552971363067627,-0.0152076296508312,0.5022085905075073,0.4891254305839538,-0.0166099369525909,0.4873711466789245,0.4803573191165924,-0.0192908272147178,0.4931820333003998,0.5561230778694153,-0.0205551739782094,0.4840328395366668,0.5645831227302551,-0.0182018913328647
0.5635541081428528,0.7334474325180054,3.5801175357619286e-08,0.5202231407165527,0.7660364508628845,0.0036194710992276,0.5194026231765747,0.7861008644104004,0.0017222400056198,0.5236790776252747,0.7928498387336731,0.0012806666782125,0.5285249352455139,0.7958717346191406,0.0021051154471933,0.5350949168205261,0.7943634986877441,0.0032181146088987,0.4817760586738586,0.5722896456718445,1.3836063317285152e-07,0.5151628851890564,0.5496323108673096,-0.0190105680376291,0.5034045577049255,0.4795247912406921,-0.0197978727519512,0.4849068820476532,0.4753537178039551,-0.0225219428539276,0.4934364259243011,0.554047167301178,-0.0226604025810956,0.4840801358222961,0.5621621608734131,-0.020207354798913
0.5633039474487305,0.7350510954856873,3.5303557410770736e-08,0.5214796662330627,0.7659044861793518,0.0035610506311059,0.519230842590332,0.7866443991661072,0.0011855824850499,0.5229513645172119,0.7932757139205933,0.0003687157295644,0.5274074673652649,0.796736478805542,0.0007438843604177,0.5339667797088623,0.7953747510910034,0.001570941065438,0.4822277724742889,0.572216272354126,1.403129346044807e-07,0.515308141708374,0.544213593006134,-0.0184938292950391,0.5021098256111145,0.4747891426086426,-0.0202123094350099,0.4840987920761108,0.4725527167320251,-0.0226544365286827,0.4946102201938629,0.5512813329696655,-0.0227023288607597,0.4855792820453644,0.5634316205978394,-0.0200889874249696
0.5630194544792175,0.7368255853652954,4.2517768861216616e-08,0.5206870436668396,0.77048659324646,0.0020786237437278,0.5190801024436951,0.7844252586364746,3.928674050257541e-05,0.5230346918106079,0.7907067537307739,0.0002485988370608,0.5275198817253113,0.7957032918930054,0.0014151447685435,0.5341108441352844,0.7942478060722351,0.0028266992885619,0.4814908504486084,0.5718331336975098,1.3736705284372874e-07,0.5156999230384827,0.5415671467781067,-0.0181305482983589,0.5002989768981934,0.4722153544425964,-0.0185097977519035,0.4852531254291534,0.4728472530841827,-0.0210284180939197,0.4953509271144867,0.5509361028671265,-0.0225331224501132,0.4862590730190277,0.5659570693969727,-0.0210887137800455
0.5633364915847778,0.7363523244857788,3.468934650641131e-08,0.5221744775772095,0.7657294273376465,0.0034732224885374,0.5191946029663086,0.7853102087974548,0.0009361184202134,0.5223332643508911,0.7943375706672668,0.0002234955318272,0.5269559621810913,0.7970643639564514,0.0005092116189189,0.5336354970932007,0.7957860231399536,0.0015988360391929,0.4802413880825043,0.5713233351707458,1.27170082464545e-07,0.5148782134056091,0.5387816429138184,-0.0177418831735849,0.4987827837467193,0.4752112030982971,-0.0178913939744234,0.4868269860744476,0.4752110838890075,-0.0195896364748477,0.4947743415832519,0.5503177642822266,-0.0207974072545766,0.4857130348682403,0.5623646378517151,-0.0186875462532043
0.5623766183853149,0.7366554737091064,4.4139166988088625e-08,0.5202205181121826,0.7680280804634094,0.001920202281326,0.5179673433303833,0.7887212038040161,-0.0001971109304577,0.5217156410217285,0.794457197189331,-0.0003078237059526,0.5266942977905273,0.7974717020988464,0.0006922022439539,0.5337433815002441,0.7957211136817932,0.001879850984551,0.4803150296211242,0.5711408853530884,1.1057441184902929e-07,0.5151377320289612,0.5372055172920227,-0.0161113459616899,0.4984144866466522,0.4813297092914581,-0.0166759453713893,0.490375280380249,0.4842301309108734,-0.0182442050427198,0.4932327568531036,0.5480981469154358,-0.0196445696055889,0.4842756390571594,0.5597943067550659,-0.0188057627528905
0.5630856156349182,0.7367934584617615,2.809003341042171e-08,0.521271288394928,0.7660731077194214,0.004393083974719,0.5188853144645691,0.7861788868904114,0.0020942741539329,0.5226570963859558,0.7942537665367126,0.0014365366660058,0.5274268984794617,0.7971810698509216,0.0014511770568788,0.5341653823852539,0.7955300211906433,0.0021882122382521,0.4791295230388641,0.5740699768066406,8.748307323003247e-08,0.513486921787262,0.5367417931556702,-0.0135336471721529,0.5000228881835938,0.4981240034103393,-0.0159426163882017,0.4935468435287475,0.5033493041992188,-0.0174765475094318,0.4929607212543487,0.5516805052757263,-0.0182797499001026,0.4852212369441986,0.562292218208313,-0.0185482315719127
0.5632842183113098,0.7376500368118286,3.1967555713663394e-08,0.5200892686843872,0.7671278715133667,0.0036820268724113,0.5187689065933228,0.7857410311698914,0.0014858538052067,0.5223367214202881,0.7939017415046692,0.0009543671621941,0.5273123979568481,0.7967286109924316,0.001771665061824,0.5334316492080688,0.795189380645752,0.0027919220738112,0.4798785150051117,0.5741105079650879,7.030229198790039e-08,0.5130811929702759,0.5348143577575684,-0.0135368388146162,0.5008372068405151,0.5127293467521667,-0.0174470394849777,0.4964578151702881,0.5224958062171936,-0.0170493088662624,0.492684006690979,0.553978443145752,-0.0166542492806911,0.4842883348464966,0.5602219700813293,-0.0157253369688987
0.563291609287262,0.7373173236846924,3.085401445446223e-08,0.5211147665977478,0.7685064077377319,0.003386742202565,0.5188583731651306,0.7868067622184753,0.0005827202112413,0.5230702757835388,0.7930149435997009,0.0005635658744722,0.5281677842140198,0.7961776852607727,0.0016099180793389,0.5349606871604919,0.793764054775238,0.0029496906790882,0.4810633659362793,0.570257842540741,4.360195315911142e-09,0.5132648944854736,0.5334661602973938,-0.0169707741588354,0.5027351975440979,0.5339744687080383,-0.0209764186292886,0.4982620477676391,0.5420358777046204,-0.0181165114045143,0.4931839406490326,0.5596675276756287,-0.0157425254583358,0.4847807586193084,0.5618273615837097,-0.0143172470852732
0.5625788569450378,0.7370837926864624,3.666307435423733e-08,0.5211843252182007,0.7686998844146729,0.0030877995304763,0.5186037421226501,0.7862659096717834,0.0009950718376785,0.5222522616386414,0.7930867671966553,0.000594257202465,0.5272617340087891,0.7961636781692505,0.001449636882171,0.5340628027915955,0.7939168810844421,0.0025269535835832,0.4800078272819519,0.5721293091773987,2.8740956281581024e-08,0.5135284066200256,0.5345260500907898,-0.0151249449700117,0.5040653347969055,0.5282056927680969,-0.0192206315696239,0.5007950067520142,0.5341171622276306,-0.0162171330302953,0.4940016865730285,0.5573773384094238,-0.0137834437191486,0.4843971729278564,0.5609197020530701,-0.0114476680755615
0.5633395910263062,0.7366405129432678,3.3993245551755535e-08,0.5218988656997681,0.7648380398750305,0.0033455681987106,0.5183038711547852,0.786586344242096,0.0011200524168089,0.522403359413147,0.7944145202636719,0.0008802671800367,0.5273756980895996,0.7973241806030273,0.001488531124778,0.5340169668197632,0.7959200143814087,0.0025437423028051,0.4808831214904785,0.5747092366218567,4.897799144032433e-08,0.5139358043670654,0.5340580940246582,-0.0140157751739025,0.5042434930801392,0.5250541567802429,-0.0173645783215761,0.4990262985229492,0.5236324667930603,-0.0141520835459232,0.4964196383953094,0.5555136799812317,-0.0138113563880324,0.4853382706642151,0.5626488924026489,-0.0108683658763766
0.563230574131012,0.7371155619621277,3.3483029682201966e-08,0.520913302898407,0.7672016620635986,0.003048168728128,0.5187467336654663,0.7870522141456604,0.0006698039942421,0.522794246673584,0.7942180633544922,0.0003180560597684,0.5275829434394836,0.7972103953361511,0.0014630975201725,0.5339012742042542,0.7964712381362915,0.0026411910075694,0.4811061918735504,0.5754936933517456,8.388910543999374e-08,0.5143105387687683,0.5329539775848389,-0.0139809502288699,0.5014740824699402,0.5088252425193787,-0.0173712950199842,0.4939184486865997,0.5058325529098511,-0.0156062357127666,0.4949017465114593,0.5516164302825928,-0.0154911549761891,0.4856863915920257,0.5601672530174255,-0.0139732994139194
0.5636215806007385,0.7360458374023438,3.1444876924524585e-08,0.5219885110855103,0.7656981348991394,0.0033214297145605,0.5189992189407349,0.7852013111114502,0.0015798492822796,0.5228785872459412,0.7937484979629517,0.0011387460399419,0.5277254581451416,0.7972110509872437,0.001647588214837,0.5342841148376465,0.7952218055725098,0.0026622845325618,0.4790928959846496,0.5736780762672424,1.133220948190683e-07,0.513866662979126,0.5324873924255371,-0.0130231129005551,0.5026116371154785,0.4950747787952423,-0.0150021342560648,0.4924167394638061,0.4925530850887298,-0.0160484258085489,0.4955034554004669,0.5519351363182068,-0.0172082185745239,0.4886215031147003,0.5623525381088257,-0.0162279997020959
0.5628762245178223,0.7352903485298157,3.384827707009208e-08,0.5208271145820618,0.7678267955780029,0.0025234341155737,0.5187315940856934,0.786233127117157,0.0005784687818959,0.5221846103668213,0.7936634421348572,0.0005468116723932,0.5272217988967896,0.7968481779098511,0.0012596828164532,0.5341811776161194,0.7963318824768066,0.0021423224825412,0.4805501103401184,0.5682028532028198,1.3361787409849057e-07,0.5140133500099182,0.5345751643180847,-0.0146870566532015,0.5028812885284424,0.485783576965332,-0.0159925688058137,0.4905349016189575,0.4844622611999511,-0.0174083486199378,0.4946847856044769,0.5492090582847595,-0.0183913465589284,0.4879822731018066,0.5613890886306763,-0.0168908201158046
0.5630385279655457,0.7362678647041321,3.7984165146554005e-08,0.520831286907196,0.7679699063301086,0.0032453925814479,0.5185804963111877,0.7875904440879822,0.0012381768319755,0.5219767093658447,0.7953131198883057,0.0008415092015638,0.5270744562149048,0.7974897027015686,0.0017190756043419,0.5340263247489929,0.7944515347480774,0.002974160015583,0.4814766645431518,0.5684891939163208,1.326070986351624e-07,0.514221727848053,0.5363311767578125,-0.0161683373153209,0.5026119947433472,0.4801708459854126,-0.018305879086256,0.4894288778305053,0.4808544814586639,-0.0199524480849504,0.495168924331665,0.548035740852356,-0.0209110938012599,0.4861603379249573,0.5610431432723999,-0.0190081875771284
0.5632761120796204,0.7360491156578064,3.9124028461401394e-08,0.5215080976486206,0.7645211219787598,0.0028823297470808,0.5186038613319397,0.7857011556625366,0.0008836106280796,0.5223578214645386,0.7944234609603882,0.0005799893406219,0.527766227722168,0.7966101169586182,0.0017517576925456,0.5347533226013184,0.7946887612342834,0.0034081644844263,0.4811421632766723,0.5676620006561279,1.3100499529627996e-07,0.5139269232749939,0.5367516875267029,-0.0178731251507997,0.501867949962616,0.4788190126419067,-0.020011393353343,0.4890789091587066,0.4817618727684021,-0.0212959051132202,0.4951127469539642,0.5489395260810852,-0.0210090950131416,0.4858642816543579,0.5581925511360168,-0.0194681249558925
0.5629134178161621,0.7358217239379883,4.0964355463302133e-08,0.5208958983421326,0.7654212117195129,0.0039607393555343,0.5181751847267151,0.7861776351928711,0.0020051579922437,0.5223469734191895,0.7940413951873779,0.001597597147338,0.5272830128669739,0.796629011631012,0.0022022577468305,0.5352311730384827,0.7921930551528931,0.003861378878355,0.4800877273082733,0.5681948065757751,1.241634919324497e-07,0.5145557522773743,0.535219669342041,-0.016106704249978,0.5011513233184814,0.4814185798168182,-0.0175118222832679,0.4905790686607361,0.4851791262626648,-0.0183743778616189,0.4930668175220489,0.5471824407577515,-0.0193957556039094,0.4851510524749756,0.5599737763404846,-0.0182909406721591
0.5622264742851257,0.7361594438552856,3.7399704666540856e-08,0.5218149423599243,0.769446074962616,0.0028993489686399,0.5189141035079956,0.7879689335823059,0.0007240251870825,0.5226413607597351,0.7933139204978943,0.0002308059483766,0.5273041129112244,0.7957599759101868,0.0012644581729546,0.5340226888656616,0.7938891053199768,0.0025571691803634,0.4787280559539795,0.5692856907844543,1.021749937990535e-07,0.5136942267417908,0.5331728458404541,-0.0144183151423931,0.5016164779663086,0.4902730882167816,-0.0164432413876056,0.493542343378067,0.4949110150337219,-0.0176473092287778,0.495046317577362,0.5526688694953918,-0.0186991561204195,0.4873343110084533,0.5631598234176636,-0.0189231541007757
0.5631017088890076,0.7358627915382385,3.5717981461402815e-08,0.5207761526107788,0.7677860260009766,0.0031088553369045,0.5183602571487427,0.7865073084831238,0.0009554132120683,0.5220010280609131,0.7939710021018982,0.0010350516531616,0.5270805358886719,0.796880304813385,0.0013549920404329,0.5332116484642029,0.7937425374984741,0.0020821848884224,0.4806308448314667,0.5726729035377502,8.96922855986304e-08,0.5139709115028381,0.5317904949188232,-0.0141409719362854,0.5004874467849731,0.5027971267700195,-0.0191002488136291,0.4975985586643219,0.5119879841804504,-0.0191213712096214,0.4948269426822662,0.5515168309211731,-0.0191151909530162,0.4859119355678558,0.5607101917266846,-0.0191132742911577
0.5633524060249329,0.7350646257400513,3.624449007588737e-08,0.5220077633857727,0.7661857008934021,0.0028106905519962,0.5186089873313904,0.7864742875099182,0.0005052777705714,0.5218433141708374,0.7941445708274841,0.0003649498976301,0.5267453193664551,0.7965318560600281,0.0009702232782728,0.533588707447052,0.7940725684165955,0.0020768239628523,0.481078177690506,0.571295440196991,2.7402762725614597e-08,0.513633131980896,0.5308905243873596,-0.0157043151557445,0.5026774406433105,0.5177225470542908,-0.0177072659134864,0.501136302947998,0.5419747829437256,-0.0161273069679737,0.4945546090602875,0.5560789704322815,-0.0138183524832129,0.4846920967102051,0.559194803237915,-0.0124070420861244
0.5630922913551331,0.7361711859703064,4.571624145910391e-08,0.5203514099121094,0.7668966054916382,0.003189034294337,0.5182896256446838,0.7858462929725647,0.001650892663747,0.5220006108283997,0.7935689091682434,0.0014179883291944,0.5272076725959778,0.7964785099029541,0.0023464688565582,0.5343291759490967,0.7927214503288269,0.0039805406704545,0.4827794134616852,0.5693812370300293,1.270178184853421e-09,0.512881875038147,0.5297037363052368,-0.0164462365210056,0.5061213970184326,0.5365113019943237,-0.0212565753608942,0.5020496249198914,0.5462378263473511,-0.0182000398635864,0.4945451617240906,0.5592882037162781,-0.0144969122484326,0.4851561188697815,0.5602866411209106,-0.0119338510558009
0.5630286335945129,0.7361658811569214,3.8299972970889946e-08,0.5209779739379883,0.7662937641143799,0.0033313054591417,0.5183340907096863,0.7857568264007568,0.0011691560503095,0.5217522978782654,0.7937912344932556,0.000890438852366,0.5265076756477356,0.7967985272407532,0.0012331216130405,0.5329116582870483,0.7949560880661011,0.0022959131747484,0.4799655377864837,0.5675820708274841,-3.665664749519237e-08,0.5135494470596313,0.5285037755966187,-0.0160967130213975,0.5084253549575806,0.5422779321670532,-0.0214808229357004,0.5031365752220154,0.553486704826355,-0.017862593755126,0.4946862161159515,0.5617424249649048,-0.0142208943143486,0.484622061252594,0.5594403147697449,-0.0115847382694482
0.5633673071861267,0.7357050776481628,3.9889393121939065e-08,0.5203071236610413,0.7642240524291992,0.0029307974036782,0.5183286070823669,0.7847161889076233,0.0009241555235348,0.5222998857498169,0.7928630709648132,0.0007166589493863,0.5272091627120972,0.7963144779205322,0.0015241097426041,0.5337837934494019,0.7938765287399292,0.0027558736037462,0.4808948338031769,0.5677176713943481,-1.2859397102715777e-08,0.5134744644165039,0.5269578695297241,-0.0154764093458652,0.5075461864471436,0.5378846526145935,-0.0211219377815723,0.5027215480804443,0.549117386341095,-0.0182389542460441,0.4948368668556213,0.5604856014251709,-0.0146332010626792,0.4840938746929168,0.5593225955963135,-0.0118530541658401
0.562983512878418,0.7364230751991272,3.835475226310336e-08,0.5199590921401978,0.7648386359214783,0.0031124104280024,0.5183696150779724,0.7846598625183105,0.0006947293295525,0.5217942595481873,0.7927163243293762,0.0003583496727515,0.526911735534668,0.7956042289733887,0.0006355653749778,0.5339198112487793,0.7932912111282349,0.0013938925694674,0.4823811948299408,0.5682600736618042,2.2856232462231674e-09,0.514151930809021,0.5278184413909912,-0.0165405329316854,0.5059366226196289,0.5278345942497253,-0.0206538774073123,0.5020748376846313,0.5415775179862976,-0.017331788316369,0.4944083392620086,0.55833899974823,-0.0137634240090847,0.4843438863754272,0.5599911212921143,-0.0114494012668728
0.562747061252594,0.7357078790664673,4.2188325721781446e-08,0.5208714008331299,0.7664102911949158,0.0033726517576724,0.5181384086608887,0.7863237857818604,0.001079685636796,0.5217814445495605,0.7936240434646606,0.0009929599473252,0.5271044373512268,0.7967546582221985,0.0014567973557859,0.5347438454627991,0.7926343679428101,0.0028509518597275,0.4815391302108764,0.5693448781967163,1.2172185925862776e-08,0.5149937868118286,0.5283148288726807,-0.0172478798776865,0.5044634342193604,0.5184727311134338,-0.0188084710389375,0.501240611076355,0.5371505618095398,-0.0165789201855659,0.4953649640083313,0.559371292591095,-0.0139492359012365,0.484325647354126,0.5582125782966614,-0.011636845767498
0.5624252557754517,0.7359294295310974,3.3168607416200764e-08,0.5200837254524231,0.7665842175483704,0.0035436779726296,0.5180391669273376,0.7859268188476562,0.0008698389283381,0.5225844979286194,0.792153537273407,0.0007224745932035,0.5278042554855347,0.7953745126724243,0.0016460041515529,0.53432697057724,0.7932858467102051,0.0026331099215894,0.4802100956439972,0.5703575611114502,4.730099334437909e-08,0.5146901607513428,0.5310582518577576,-0.0157965924590826,0.50289386510849,0.506934642791748,-0.0185346845537424,0.497106671333313,0.5211992263793945,-0.0173049494624137,0.4960929155349731,0.5592237710952759,-0.015566224232316,0.48489710688591,0.5593587160110474,-0.0132749415934085
0.5629140138626099,0.7346203923225403,3.012151950088082e-08,0.5197672843933105,0.7681593894958496,0.0049001956358551,0.518325924873352,0.7850993871688843,0.0033897205721586,0.5225682258605957,0.7921268343925476,0.0028022758197039,0.5270019173622131,0.795655369758606,0.0028555749449878,0.5331717729568481,0.7931439876556396,0.0037339602131396,0.4784809648990631,0.5706038475036621,8.745720236902343e-08,0.5151744484901428,0.5322113633155823,-0.0161973014473915,0.5047588348388672,0.5021583437919617,-0.0196518078446388,0.4962865114212036,0.5073676109313965,-0.0185557380318641,0.497543603181839,0.5588266253471375,-0.0182570405304431,0.4840781986713409,0.559473991394043,-0.0154550420120358
0.5627520084381104,0.7353701591491699,3.016550209622437e-08,0.5210295915603638,0.7659773230552673,0.0040024607442319,0.5178607106208801,0.7863079905509949,0.0012367153540253,0.5218617916107178,0.7925009727478027,0.0006348224123939,0.526282787322998,0.7956303358078003,0.0012899324065074,0.5322829484939575,0.7950544953346252,0.0020964546129107,0.4792182445526123,0.5727933645248413,1.0778579451198313e-07,0.5143077969551086,0.5334287881851196,-0.0129699688404798,0.506356418132782,0.4988710582256317,-0.0174767933785915,0.4982395768165588,0.5051143765449524,-0.0171335749328136,0.4976195394992828,0.5583035945892334,-0.0178092904388904,0.486361026763916,0.5612242817878723,-0.0156693682074546
0.5632807612419128,0.734902560710907,2.963242273779088e-08,0.5206440091133118,0.7685858011245728,0.0041703470051288,0.5185776948928833,0.7857270240783691,0.0019286238821223,0.5226473808288574,0.7919093370437622,0.0022553552407771,0.5274609923362732,0.7958874702453613,0.0025033554993569,0.5342098474502563,0.792583167552948,0.0033440743573009,0.4785203039646148,0.5668118000030518,1.0933358396414405e-07,0.5141311883926392,0.5337874293327332,-0.0138325877487659,0.5064950585365295,0.4941761493682861,-0.0173198450356721,0.4925917088985443,0.4981600046157837,-0.0171451419591903,0.495717853307724,0.5540061593055725,-0.0172006636857986,0.4845478236675262,0.5580776929855347,-0.0151197798550128
0.5624668598175049,0.7354263663291931,3.4414586735920245e-08,0.5192599296569824,0.7697237730026245,0.0033769975416362,0.517530620098114,0.7869187593460083,0.0006660795188508,0.5220142602920532,0.7919321656227112,0.0006420603021979,0.526354193687439,0.7961225509643555,0.0013466392410919,0.531833827495575,0.7950838804244995,0.002145116450265,0.4784871339797973,0.5683313608169556,1.0621300106095077e-07,0.5143938064575195,0.5340619683265686,-0.0143570164218544,0.5063820481300354,0.4930349588394165,-0.0190017037093639,0.491893321275711,0.4959503412246704,-0.019306456670165,0.4948630928993225,0.5516698360443115,-0.019250163808465,0.4852345287799835,0.5571272373199463,-0.0177328661084175
0.5630857944488525,0.7342943549156189,3.3020668865901825e-08,0.521112859249115,0.76563560962677,0.0037979010958224,0.5181071162223816,0.7854518890380859,0.0014938194071874,0.5219573974609375,0.7920079231262207,0.0010294341482222,0.5265471935272217,0.7958231568336487,0.0012666333932429,0.5329239368438721,0.7931683659553528,0.0021761106327176,0.4780905246734619,0.5689877867698669,1.0469165800941482e-07,0.5138095617294312,0.534576416015625,-0.0136772245168685,0.506305456161499,0.4954654276371002,-0.0182477328926324,0.4933431148529053,0.502050518989563,-0.018189450725913,0.4950851798057556,0.5526180267333984,-0.0189185980707407,0.4860793054103851,0.5615754127502441,-0.0177633501589298
0.5626662373542786,0.7341569066047668,3.5778668916464085e-08,0.520143985748291,0.7652331590652466,0.0043042148463428,0.5180705785751343,0.7850410342216492,0.002217021305114,0.5220097303390503,0.792847216129303,0.0017699357122182,0.5274296998977661,0.7962114810943604,0.0021083347965031,0.5343579649925232,0.7930940389633179,0.0032567807938903,0.4791334569454193,0.5703621506690979,9.929760835802881e-08,0.5136914253234863,0.5328968167304993,-0.0135560976341366,0.5047369599342346,0.5028162598609924,-0.0185569152235984,0.4958950579166412,0.5064910650253296,-0.0181494131684303,0.4947066903114319,0.5533599257469177,-0.0180217195302248,0.4862596094608307,0.5588024258613586,-0.0168802589178085
0.5622840523719788,0.7338806986808777,3.76305457905346e-08,0.5200381875038147,0.7672823071479797,0.0045847613364458,0.517732560634613,0.7851757407188416,0.002579899970442,0.5213867425918579,0.7924935221672058,0.0018781193066388,0.5266862511634827,0.7957747578620911,0.0017936297226697,0.5330197811126709,0.7939453721046448,0.0023530637845396,0.478382796049118,0.5714524984359741,4.8041204792070864e-08,0.5129270553588867,0.5319508910179138,-0.0139567740261554,0.5032195448875427,0.5125042796134949,-0.0173410400748252,0.498067557811737,0.5290778279304504,-0.0167903769761323,0.4946742057800293,0.5547052621841431,-0.0163570065051317,0.4858951568603515,0.559653639793396,-0.0148791577666997
0.5617249011993408,0.7348915934562683,3.6192933094980624e-08,0.5203849673271179,0.7697226405143738,0.0039631477557122,0.5180538296699524,0.7855052947998047,0.0018737356876954,0.5216403603553772,0.7927666306495667,0.0013628404121845,0.5262882113456726,0.7958787083625793,0.0015221887733787,0.5327773690223694,0.7939208149909973,0.0023052208125591,0.4803318083286285,0.567348837852478,4.4693124756634014e-09,0.5126320719718933,0.5297357439994812,-0.0156443957239389,0.5023083090782166,0.527640163898468,-0.0197219401597976,0.5003219246864319,0.5447441339492798,-0.0175885632634162,0.4934265911579132,0.5583465099334717,-0.0148089258000254,0.4822079241275787,0.5584909319877625,-0.0126899620518088
0.5617647767066956,0.7348567247390747,3.059615139022753e-08,0.5202136635780334,0.7671714425086975,0.003982322756201,0.517959475517273,0.7859978079795837,0.001871098880656,0.5223364233970642,0.7922844886779785,0.0016558007337152,0.5273898243904114,0.7957781553268433,0.0020371496211737,0.5335585474967957,0.7935413122177124,0.0028447201475501,0.4797261357307434,0.5683044791221619,-3.190487163351463e-08,0.5112395286560059,0.5273817777633667,-0.0139007000252604,0.5048027038574219,0.5392333269119263,-0.0197361186146736,0.5006861090660095,0.5535425543785095,-0.0166670102626085,0.4927060902118683,0.5614464282989502,-0.0135744977742433,0.4828493297100067,0.5597562193870544,-0.0109899723902344
0.5617355704307556,0.7341229915618896,3.1641899767009824e-08,0.5204527378082275,0.7648990750312805,0.0039314040914177,0.5178170204162598,0.7856755256652832,0.00141834304668,0.5218534469604492,0.7924864292144775,0.0010958911152556,0.527100682258606,0.7956287860870361,0.0012906551128253,0.5341835021972656,0.793321430683136,0.0020517501980066,0.4800993502140045,0.5668803453445435,-4.114954421652328e-08,0.511560320854187,0.5261147022247314,-0.0143825942650437,0.5053526759147644,0.5427837371826172,-0.0200601313263177,0.5010486245155334,0.5560498833656311,-0.0164682678878307,0.4931800067424774,0.5626724362373352,-0.0131078623235225,0.4823405742645263,0.5585076808929443,-0.0102237984538078
0.5616133809089661,0.7348814606666565,3.998193065513078e-08,0.5207488536834717,0.7695299386978149,0.0030047299806028,0.5176888108253479,0.7860593199729919,0.0005141420406289,0.5213806629180908,0.7930649518966675,0.0003547990927472,0.5267595648765564,0.7958828806877136,0.0007110009319148,0.5332241654396057,0.792927622795105,0.001540612662211,0.4788286387920379,0.5648553967475891,-4.5398980574873355e-08,0.5119401812553406,0.5261867046356201,-0.014593644067645,0.5060216784477234,0.5430313348770142,-0.0203192122280597,0.5005430579185486,0.5560296177864075,-0.0162515603005886,0.4921828806400299,0.5621547698974609,-0.0132758589461445,0.4824475347995758,0.5589205622673035,-0.0106415813788771
0.5625137090682983,0.7350307106971741,3.333996190235666e-08,0.5199190378189087,0.7645025253295898,0.0037974284496158,0.5171470642089844,0.7849916219711304,0.0011509273899719,0.5215809941291809,0.7922504544258118,0.0010448633693158,0.5267708897590637,0.796184241771698,0.0011313211871311,0.5337247252464294,0.7933410406112671,0.0019421543693169,0.4807424545288086,0.5658193230628967,-3.3903173601856906e-08,0.5111430883407593,0.5248468518257141,-0.0144455702975392,0.5051287412643433,0.5402875542640686,-0.0201849099248647,0.5003219842910767,0.5539124608039856,-0.0162222925573587,0.4919045567512512,0.5603880286216736,-0.0126225864514708,0.4816777408123016,0.5582650303840637,-0.0098313372582197
0.5623185634613037,0.7338120937347412,3.2641786162912474e-08,0.5202204585075378,0.7683417201042175,0.0030602447222918,0.5177739262580872,0.7840003967285156,0.0009647129336372,0.5221888422966003,0.7913560271263123,0.0010179459350183,0.5268319249153137,0.7953041195869446,0.001666274270974,0.5327216982841492,0.7938977479934692,0.0025928649120032,0.4799263775348663,0.5656006932258606,-4.6441488876780574e-08,0.5113769769668579,0.5230061411857605,-0.0151270190253853,0.5050188899040222,0.5410838723182678,-0.020951360464096,0.4997981786727905,0.5538021326065063,-0.0163854360580444,0.4914958477020263,0.5597152709960938,-0.0127155380323529,0.4819433987140655,0.5565875172615051,-0.0101099293678998
0.5617404580116272,0.7334620356559753,3.3643885899437016e-08,0.5204360485076904,0.7666719555854797,0.0035702653694897,0.5174204111099243,0.7859960198402405,0.0012328833108767,0.5218262672424316,0.7921743392944336,0.0006603729561902,0.5263976454734802,0.7957701683044434,0.0013033079449087,0.5322445631027222,0.794890820980072,0.0020596135873347,0.4803329706192016,0.5654803514480591,-4.564391886674457e-08,0.5112255215644836,0.5225713849067688,-0.0152651136741042,0.5050990581512451,0.5409990549087524,-0.0211639683693647,0.5002198815345764,0.5544337630271912,-0.0166961923241615,0.4919206798076629,0.5595794916152954,-0.0131877548992633,0.4824642539024353,0.5568050742149353,-0.0106702633202075
0.5615694522857666,0.7335537075996399,2.9123842892886387e-08,0.5203518271446228,0.7679145336151123,0.0032198040280491,0.51784348487854,0.7845401763916016,0.0005589186912402,0.5222707986831665,0.7915581464767456,0.0003250877780374,0.5269436240196228,0.7954362034797668,0.0008001280366443,0.5328115224838257,0.7935036420822144,0.0014668119838461,0.4794191718101501,0.5641038417816162,-5.396109514776982e-08,0.5107148885726929,0.5233826041221619,-0.0149895660579204,0.504946231842041,0.5429980158805847,-0.0209544412791728,0.4994858205318451,0.5553379058837891,-0.0160308275371789,0.4913498759269714,0.5598329305648804,-0.0124153615906834,0.4815660715103149,0.5559276938438416,-0.0098686069250106
0.5610261559486389,0.7344027161598206,3.0883530399705705e-08,0.5192486047744751,0.768417239189148,0.003484635381028,0.51739901304245,0.7860175371170044,0.0011389930732548,0.5221455097198486,0.791370153427124,0.0007459542248398,0.5266221761703491,0.7950321435928345,0.0012109981616958,0.5323432087898254,0.793761134147644,0.0017216221895068,0.4798566401004791,0.5622018575668335,-5.6467762021839014e-08,0.5107717514038086,0.5230713486671448,-0.0149491615593433,0.5048170685768127,0.5455924868583679,-0.0218198783695697,0.4991073310375213,0.5551121234893799,-0.0162121020257473,0.490237295627594,0.5591254830360413,-0.0126963024958968,0.4807698428630829,0.5554246306419373,-0.0101248528808355
0.56016606092453,0.7350299954414368,3.647464907885478e-08,0.5202437043190002,0.7695626616477966,0.0029880115762352,0.5173558592796326,0.7840345501899719,0.0001379909517709,0.5215530395507812,0.7919591665267944,-0.0002342554798815,0.5267833471298218,0.7949638366699219,0.0008787122205831,0.5321225523948669,0.7940410375595093,0.0020593567751348,0.4798771440982818,0.5635349154472351,-6.09878441082401e-08,0.5113317966461182,0.5215857028961182,-0.0151753639802336,0.5047773122787476,0.5458396077156067,-0.021965391933918,0.4992072582244873,0.5561158061027527,-0.0163520406931638,0.4907108545303345,0.5597882866859436,-0.0128418439999222,0.4815395474433899,0.5554572939872742,-0.0104704843834042
0.5606136322021484,0.7351467609405518,2.631066386982184e-08,0.5205492973327637,0.7669278979301453,0.003238508477807,0.5174977779388428,0.7843731045722961,0.0002383557439316,0.521542489528656,0.7921670079231262,2.984213324452867e-06,0.5265096426010132,0.7946445941925049,0.0007050479180179,0.5327640175819397,0.7935506105422974,0.0016357533168047,0.4797729253768921,0.5606226921081543,-5.593544827320329e-08,0.5113683938980103,0.5215450525283813,-0.0149379698559641,0.504896342754364,0.5434593558311462,-0.021078573539853,0.4991018176078796,0.555475652217865,-0.0160929653793573,0.490907073020935,0.5603293776512146,-0.0123789310455322,0.4802709817886352,0.5543860197067261,-0.0095346290618181
0.5611746907234192,0.7341740727424622,3.527528136260116e-08,0.5198118090629578,0.7686783075332642,0.0039084590971469,0.5172944068908691,0.783405065536499,0.0016547698760405,0.5206642150878906,0.7917671203613281,0.0012551157269626,0.5254995822906494,0.7948403358459473,0.0016788952052593,0.5324358344078064,0.7922106981277466,0.0028738775290548,0.4795017838478088,0.56169193983078,-5.63672131193016e-08,0.5112972855567932,0.5210960507392883,-0.0151882991194725,0.5048346519470215,0.5426473617553711,-0.0212946347892284,0.4997129440307617,0.5539968609809875,-0.016898687928915,0.4916885793209076,0.5583887696266174,-0.0135943591594696,0.480943351984024,0.5535376071929932,-0.0108331888914108
0.5611979365348816,0.7343605756759644,3.443124896307381e-08,0.5199933648109436,0.7658931612968445,0.0025269365869462,0.5176234245300293,0.7848889231681824,-0.0002481105620972,0.5218684673309326,0.7918131947517395,-0.0002261703193653,0.5265741944313049,0.7954144477844238,0.0003568093816284,0.5332277417182922,0.7920033931732178,0.0014622773742303,0.4790962934494018,0.5628158450126648,-5.807112302136375e-08,0.5110623240470886,0.5202103853225708,-0.0151854623109102,0.5046125054359436,0.541521430015564,-0.0213095191866159,0.4992133975028991,0.5539546608924866,-0.0168626438826322,0.4911069869995117,0.5579261183738708,-0.0134972538799047,0.480611115694046,0.5534167289733887,-0.010787446051836
0.5616104602813721,0.7349016666412354,3.340430154707974e-08,0.5201224088668823,0.7645485997200012,0.0040145320817828,0.517525315284729,0.7837861776351929,0.0018191557610407,0.5216296315193176,0.7906683683395386,0.0012114206328988,0.5264444947242737,0.7945305109024048,0.0015164630021899,0.5329683423042297,0.792535662651062,0.0023309714160859,0.4797046780586242,0.5612154603004456,-5.0550319485864754e-08,0.5108053684234619,0.5204367637634277,-0.015049697831273,0.5046846866607666,0.5409846305847168,-0.0212031155824661,0.4989367723464966,0.5536560416221619,-0.0165871977806091,0.4908410310745239,0.5582154393196106,-0.0132064092904329,0.4808113574981689,0.5536140203475952,-0.010492424480617
0.5610015392303467,0.7332091331481934,2.9694477987618484e-08,0.5180777907371521,0.7691769599914551,0.0033510655630379,0.5170612335205078,0.786095142364502,0.0008423122926615,0.5212400555610657,0.7919767498970032,0.0007170022581703,0.5254813432693481,0.7960739731788635,0.0010455187875777,0.531428873538971,0.7956211566925049,0.0014805662212893,0.4798149168491363,0.5621028542518616,-5.600708519182263e-08,0.5107882618904114,0.5199958682060242,-0.0147864017635583,0.5043593049049377,0.5407598614692688,-0.0206717886030673,0.4989749491214752,0.5526813268661499,-0.0161855071783065,0.4914861917495727,0.5574230551719666,-0.0129778683185577,0.4809141159057617,0.5538981556892395,-0.0103304265066981
0.561802327632904,0.7341024279594421,3.3209165195557944e-08,0.5199626684188843,0.7669162154197693,0.0047679236158728,0.5166953802108765,0.7855277061462402,0.0026399549096822,0.5205538272857666,0.7927831411361694,0.0017937218071892,0.5255640149116516,0.7955887913703918,0.0018399466061964,0.5318973064422607,0.7937056422233582,0.0024788272567093,0.4797567427158355,0.5613188147544861,-5.8844683792358416e-08,0.5109496116638184,0.5197235941886902,-0.0151765365153551,0.504237711429596,0.5418868660926819,-0.02106131054461,0.4993781149387359,0.5540896058082581,-0.0164547506719827,0.491032212972641,0.558111310005188,-0.0129511067643761,0.4809640944004059,0.5530986785888672,-0.0101602869108319
0.5606303215026855,0.7346165776252747,3.3502594476431113e-08,0.5192744135856628,0.7670629024505615,0.0033194096758961,0.5171022415161133,0.7854903340339661,0.0003426488838158,0.5214450359344482,0.791535496711731,0.0001292708911933,0.5261220932006836,0.7950013875961304,0.0006280199158936,0.5325034260749817,0.7925271391868591,0.0013685903977602,0.4797084033489227,0.5621821880340576,-6.056483670136005e-08,0.5105562210083008,0.5200046896934509,-0.0147290704771876,0.5044081211090088,0.5422074198722839,-0.0208084005862474,0.4990923106670379,0.5526801943778992,-0.0159262772649526,0.4906153678894043,0.5568947792053223,-0.01225121691823,0.4802672266960144,0.5522595047950745,-0.0094863707199692
0.5607351660728455,0.7342340350151062,2.5721947238821485e-08,0.5192720890045166,0.766789972782135,0.0043062483891844,0.5171946883201599,0.7849953770637512,0.001403494621627,0.5210961103439331,0.7920818328857422,0.0008007782162167,0.5257676839828491,0.7951089143753052,0.0013224586145952,0.5321434736251831,0.7937699556350708,0.0021626241505146,0.4794038236141205,0.5607380867004395,-5.5424123956981937e-08,0.511284589767456,0.5205117464065552,-0.0155539019033312,0.5047305226325989,0.5418927669525146,-0.0214757919311523,0.4991049170494079,0.5539482831954956,-0.0166055001318454,0.4908466041088104,0.5581587553024292,-0.0130063295364379,0.4803628325462341,0.5516057014465332,-0.0100861089304089
0.5604841113090515,0.7345738410949707,3.2239150016266656e-08,0.5191695690155029,0.769320011138916,0.0019150206353515,0.51724773645401,0.7835119962692261,-0.0006690357695333,0.521153450012207,0.7905975580215454,-0.0005187821807339,0.5261439085006714,0.7937299609184265,0.0004790153470821,0.53267902135849,0.791994571685791,0.001408546580933,0.4799752533435821,0.5596941709518433,-6.416446041157542e-08,0.5109695792198181,0.5196738839149475,-0.0154757192358374,0.504162609577179,0.5434117913246155,-0.0216606277972459,0.4991106390953064,0.5542046427726746,-0.0167670510709285,0.4910009503364563,0.5587047934532166,-0.0132271284237504,0.4808231592178345,0.5518009066581726,-0.0102973775938153
0.5609772205352783,0.7348141670227051,2.8821268927003985e-08,0.5188670754432678,0.7652554512023926,0.0053434879519045,0.5172567367553711,0.7844323515892029,0.0035557288210839,0.5208534002304077,0.7928740382194519,0.0028965468518435,0.5256417989730835,0.7954800128936768,0.002782262628898,0.5318678617477417,0.792998731136322,0.0035824798978865,0.4798988997936249,0.5601494312286377,-6.406028774108563e-08,0.5106096863746643,0.5193645358085632,-0.0153469992801547,0.5040246844291687,0.5429288148880005,-0.0217789337038993,0.4990603923797607,0.5533290505409241,-0.0165279041975736,0.4910289645195007,0.5581400990486145,-0.0130994888022542,0.4811163246631622,0.553199827671051,-0.0103698531165719
0.5606207847595215,0.7344266176223755,3.7593057555795895e-08,0.5182632207870483,0.7668914198875427,0.0037447863724082,0.5163909196853638,0.7849534153938293,0.001373259932734,0.5205825567245483,0.7924154996871948,0.0013465321389958,0.5258684754371643,0.7952086925506592,0.0020209478680044,0.5323516726493835,0.7934306263923645,0.0029930076561868,0.478916585445404,0.5598176717758179,-5.7755688231964086e-08,0.5109753608703613,0.5192462205886841,-0.015890784561634,0.5042051076889038,0.5412295460700989,-0.0217908546328544,0.4991733729839325,0.5532757639884949,-0.0165881775319576,0.4910311996936798,0.5582829713821411,-0.0133713753893971,0.4814797043800354,0.5548932552337646,-0.010632243938744
0.5605607032775879,0.7338871955871582,2.8204985014212983e-08,0.5192871689796448,0.7666183710098267,0.0039153466932475,0.5174915790557861,0.7840524315834045,0.0015179616166278,0.5214855670928955,0.7910683155059814,0.0012176611926406,0.5257411599159241,0.7944900393486023,0.0014622784219682,0.5317592620849609,0.7935940027236938,0.0020037882495671,0.4791710674762726,0.5622849464416504,-5.875131847687953e-08,0.5104658007621765,0.5188350081443787,-0.0149826500564813,0.5042370557785034,0.5412487983703613,-0.0211686324328184,0.498902678489685,0.5537878274917603,-0.0162348076701164,0.4906421303749084,0.5579599142074585,-0.0126696033403277,0.4808931052684784,0.5514008402824402,-0.0099778398871421
0.5601958632469177,0.7349316477775574,3.4360116529796876e-08,0.5187382698059082,0.7653200030326843,0.0036740361247211,0.516410768032074,0.7820038795471191,0.0001894773595267,0.5209674835205078,0.7901901006698608,0.0003163219371344,0.5262638926506042,0.7942489385604858,0.0011907435255125,0.5331916213035583,0.7922880053520203,0.0023440376389771,0.4789358973503113,0.5605878829956055,-5.059366614545979e-08,0.510568380355835,0.5188447833061218,-0.0154020683839917,0.5037891864776611,0.5422215461730957,-0.0216306075453758,0.4985613524913788,0.5532493591308594,-0.0166920647025108,0.4903000295162201,0.5578224658966064,-0.0132731795310974,0.4813069105148315,0.5536511540412903,-0.0105254249647259
0.561003565788269,0.7337319254875183,3.135222570449514e-08,0.5192754864692688,0.7686324119567871,0.0039559169672429,0.5172971487045288,0.7829253673553467,0.0020172635558992,0.5209217667579651,0.7917236089706421,0.0018138464074581,0.5258905291557312,0.7945272922515869,0.0021353794727474,0.5326881408691406,0.7926200032234192,0.0030674543231725,0.4788850843906402,0.5594359636306763,-5.8860084806156017e-08,0.5105287432670593,0.5192603468894958,-0.0166353061795234,0.5040106177330017,0.5424215197563171,-0.0228998642414808,0.4988731145858764,0.553759753704071,-0.0178494844585657,0.4903661906719208,0.5580658912658691,-0.0141730932518839,0.4805043339729309,0.5520098209381104,-0.0113679030910134
0.5608012080192566,0.7332400679588318,3.0195373312835734e-08,0.5205228924751282,0.7669261693954468,0.0043355617672204,0.5168488621711731,0.7851094603538513,0.0022760857827961,0.5209773778915405,0.7926313877105713,0.0018790981266647,0.5258932113647461,0.7954546213150024,0.0017270550597459,0.5322219133377075,0.7940545082092285,0.0022125956602394,0.4785457253456116,0.562476396560669,-6.591159973368121e-08,0.5101820230484009,0.5182828307151794,-0.014484922401607,0.5036879777908325,0.54193115234375,-0.0210196878761053,0.4985615015029907,0.5526905655860901,-0.0160125866532325,0.4904104769229889,0.5573968291282654,-0.0130063612014055,0.4810810685157776,0.5536118149757385,-0.0105001181364059
0.561280369758606,0.7347388863563538,4.0176605153874334e-08,0.5196915864944458,0.7704465985298157,0.0018663017544895,0.5168988704681396,0.7848303914070129,-0.0005444303387776,0.5211144685745239,0.7911255359649658,-0.0002429045271128,0.5266850590705872,0.794418454170227,0.0008717933669686,0.5329726934432983,0.7924419641494751,0.0020204866304993,0.478937029838562,0.5594146251678467,-5.5608659010886186e-08,0.5104029178619385,0.5193398594856262,-0.0157020036131143,0.5036085844039917,0.5429238677024841,-0.0222064647823572,0.4983695149421692,0.5532979369163513,-0.0173476058989763,0.4903944134712219,0.5573195219039917,-0.0136409718543291,0.4794625341892242,0.5501530170440674,-0.0110417837277054
0.5619037747383118,0.7337742447853088,2.5901114142357077e-08,0.5202008485794067,0.7659006118774414,0.0046618194319307,0.5175339579582214,0.786450207233429,0.0026080391835421,0.5212892889976501,0.7938167452812195,0.0019835785496979,0.5262771248817444,0.7966698408126831,0.0015937625430524,0.5329450368881226,0.7937947511672974,0.0022066822275519,0.4788933992385864,0.5613552927970886,-6.916808814594333e-08,0.5102877020835876,0.5194078087806702,-0.0152697088196873,0.5036564469337463,0.5447074174880981,-0.0215405076742172,0.4984983503818512,0.5542553663253784,-0.0163218956440687,0.490153044462204,0.5582375526428223,-0.0129841724410653,0.4804832935333252,0.5527886748313904,-0.0103318328037858
0.56153404712677,0.7347828149795532,3.506647772155702e-08,0.5200205445289612,0.7660996317863464,0.0042317328043282,0.5171526074409485,0.7860882878303528,0.0020193429663777,0.5206457376480103,0.7942850589752197,0.0013798711588606,0.5262987017631531,0.7962525486946106,0.0017106188461184,0.5330243706703186,0.7938830852508545,0.0025444002822041,0.4791856408119201,0.559556245803833,-6.246814621135854e-08,0.5105894207954407,0.518930196762085,-0.0152639681473374,0.5034218430519104,0.5431908369064331,-0.0218546092510223,0.4983358979225158,0.554779052734375,-0.0167658701539039,0.4902956485748291,0.5584457516670227,-0.0135162035003304,0.4798223078250885,0.5513125061988831,-0.010669213719666
0.561855673789978,0.7341941595077515,3.2746541478445585e-08,0.5196993350982666,0.7658882141113281,0.0037591427098959,0.5169037580490112,0.7853577136993408,0.0016164924018085,0.5213444828987122,0.7931885719299316,0.0012132187839597,0.5263859629631042,0.7958922386169434,0.0016672189813107,0.5333899259567261,0.7931697368621826,0.0026084831915795,0.4797914326190948,0.5600458383560181,-6.498957105804949e-08,0.5099778175354004,0.5188042521476746,-0.0155861238017678,0.5034166574478149,0.5425465106964111,-0.0219645202159881,0.498066246509552,0.5535526275634766,-0.0166986156255006,0.4897125959396362,0.5572413206100464,-0.0130268549546599,0.4794449210166931,0.5517021417617798,-0.0103323496878147
0.5616759657859802,0.7346790432929993,3.7665234486894406e-08,0.51951664686203,0.7668613195419312,0.0034034750424325,0.5165125131607056,0.7864333987236023,0.0007498091435991,0.520358145236969,0.7940351963043213,0.0003487416543066,0.5255458950996399,0.7970066070556641,0.0007451362907886,0.532126247882843,0.7944916486740112,0.0015558571321889,0.4786621630191803,0.5597786903381348,-6.440617994485366e-08,0.5100813508033752,0.518510103225708,-0.015779223293066,0.5033836364746094,0.5418548583984375,-0.0215956065803766,0.4984368085861206,0.5531681776046753,-0.0166364442557096,0.4900454878807068,0.5568145513534546,-0.0130754709243774,0.4797078371047973,0.5507954359054565,-0.0103461593389511
0.5623573064804077,0.7348312735557556,3.617657284848974e-08,0.5203114748001099,0.7686244249343872,0.0029213391244411,0.516826331615448,0.7857956290245056,0.0006432778900489,0.520847499370575,0.7926617860794067,0.0006180929485708,0.5260767936706543,0.7959655523300171,0.0012721206294372,0.5329453349113464,0.7926942706108093,0.0023609029594808,0.4776567220687866,0.5610986948013306,-6.44218758338866e-08,0.5101818442344666,0.5187939405441284,-0.0149987684562802,0.5037441253662109,0.5421568155288696,-0.0214962530881166,0.4987039566040039,0.5544629693031311,-0.0165431555360555,0.4903758764266968,0.5589192509651184,-0.0132684390991926,0.480846107006073,0.5545361042022705,-0.0105418404564261
0.562128484249115,0.7350369691848755,3.8617613995484135e-08,0.5198658108711243,0.7674607634544373,0.003464377252385,0.5170856714248657,0.7854676246643066,0.0011690814280882,0.5209596753120422,0.794025182723999,0.0009062984609045,0.5263832807540894,0.7968829870223999,0.0014231114182621,0.5341482758522034,0.7918704748153687,0.0029367215465754,0.4782446920871734,0.5606743693351746,-5.3134009192490346e-08,0.5102232098579407,0.5185031294822693,-0.0154055478051304,0.5040788650512695,0.5416597723960876,-0.0221131406724452,0.4985261857509613,0.5534716844558716,-0.0175054874271154,0.4903967082500458,0.557950496673584,-0.0140926130115985,0.4806149303913116,0.5521876215934753,-0.011435960419476
0.561525285243988,0.7342958450317383,3.3056441139933674e-08,0.5190081596374512,0.7686597108840942,0.0038074664771556,0.5169162750244141,0.7852711081504822,0.0012025174219161,0.5217928290367126,0.7904570698738098,0.0012370116310194,0.5269532799720764,0.7938956022262573,0.0016070717247202,0.5335811972618103,0.7920900583267212,0.002373362891376,0.4789082109928131,0.5609694719314575,-5.971406125127032e-08,0.5104208588600159,0.5186727046966553,-0.0153736416250467,0.5036239624023438,0.5417299866676331,-0.021772239357233,0.4985676407814026,0.5539032220840454,-0.0167703106999397,0.4904865324497223,0.5581249594688416,-0.0133682675659656,0.479962408542633,0.5522080659866333,-0.0105326054617762
0.562643826007843,0.733652651309967,3.452452546071072e-08,0.5214481353759766,0.7659176588058472,0.0035661614965647,0.5173633098602295,0.7859286069869995,0.0012653776211664,0.5209096074104309,0.7941673398017883,0.0008484862628392,0.5264183282852173,0.7969878911972046,0.001035860273987,0.5339200496673584,0.7939708828926086,0.0021100603044033,0.4787671864032745,0.5599073171615601,-6.067592295266877e-08,0.5102894306182861,0.5180551409721375,-0.0153008522465825,0.5036693215370178,0.5414220094680786,-0.0214171819388866,0.4983861744403839,0.5532811880111694,-0.016653936356306,0.4899682700634002,0.5572609305381775,-0.0129500161856412,0.4795478880405426,0.5514061450958252,-0.0100792329758405
0.5621430277824402,0.7338302135467529,3.915954849276204e-08,0.5200371146202087,0.7680255174636841,0.0034900573082268,0.5168842077255249,0.7861833572387695,0.0012217840412631,0.520297110080719,0.7940357327461243,0.0007034924346953,0.5255029797554016,0.7967907786369324,0.0014333967119455,0.5319419503211975,0.7946338653564453,0.0022374680265784,0.4786389768123626,0.5601536631584167,-6.256693296791127e-08,0.5102263689041138,0.5175185799598694,-0.0154233714565634,0.5029477477073669,0.541236400604248,-0.0212447047233581,0.4976767301559448,0.5523521900177002,-0.0164163876324892,0.4897052943706512,0.5569658279418945,-0.0129742994904518,0.4796349704265594,0.5511977076530457,-0.0101536270231008
0.5618413686752319,0.7336151003837585,3.0931204264561536e-08,0.5199019908905029,0.7680088877677917,0.0029311215039342,0.5172385573387146,0.7855845093727112,-0.0002137379051418,0.5208899974822998,0.7931829690933228,-0.0005903833080083,0.5262323021888733,0.7966716885566711,-0.000242137350142,0.5325133800506592,0.7940578460693359,0.000454430875834,0.4774042665958404,0.5599704384803772,-6.57464127584717e-08,0.5101434588432312,0.517564058303833,-0.0155754340812563,0.5031906962394714,0.5427054762840271,-0.0221450645476579,0.4978991150856018,0.5530570149421692,-0.0171091444790363,0.4904178380966186,0.5588077306747437,-0.0139738256111741,0.4800904095172882,0.5518439412117004,-0.0113406684249639
0.5622067451477051,0.7332890629768372,3.040194584968958e-08,0.5197162628173828,0.7695523500442505,0.0031787457410246,0.5171693563461304,0.7852084040641785,0.0009079104638658,0.5214671492576599,0.7913163304328918,0.0012737496290355,0.5265382528305054,0.7953314781188965,0.0015933094546198,0.533405601978302,0.7926467657089233,0.0024935565888881,0.4782190024852752,0.55986487865448,-5.780692902135343e-08,0.510176420211792,0.5176724791526794,-0.0153678674250841,0.5034829378128052,0.5430335998535156,-0.0223032310605049,0.498358279466629,0.5537393093109131,-0.0174328796565532,0.4904621839523315,0.5577976107597351,-0.0139471283182501,0.4799628853797912,0.5518298745155334,-0.0112337199971079
0.5622655749320984,0.7334551215171814,3.14966399628247e-08,0.5195676684379578,0.7686537504196167,0.0037138974294066,0.5171850919723511,0.7866019606590271,0.0009525818168185,0.5211213827133179,0.7927346229553223,0.0008741280180402,0.5260189771652222,0.7961203455924988,0.0012784017017111,0.5326895117759705,0.7925840616226196,0.0021719126962125,0.4788233041763305,0.5601056814193726,-6.97187942932942e-08,0.509945809841156,0.517507791519165,-0.0156347639858722,0.5029394626617432,0.545243501663208,-0.0220630653202533,0.4979408681392669,0.5540958046913147,-0.0166352316737175,0.4894208610057831,0.5570162534713745,-0.0129732182249426,0.4790261685848236,0.5506860017776489,-0.0100986482575535
0.5622720718383789,0.7337215542793274,2.7407551783653616e-08,0.5189303755760193,0.7666223645210266,0.002833099104464,0.5173187255859375,0.7839353084564209,0.000495902088005,0.5216047167778015,0.791435956954956,0.0007083174423314,0.5265335440635681,0.7954117059707642,0.0012530216481536,0.5335842967033386,0.7929180860519409,0.0021686274558305,0.4793756902217865,0.5593205690383911,-6.783874084703713e-08,0.509869396686554,0.5180991291999817,-0.0154779898002743,0.502834677696228,0.5436815619468689,-0.0218107104301452,0.4978766739368438,0.5548143982887268,-0.0164614748209714,0.4898421168327331,0.5586954951286316,-0.0130001818761229,0.4797255396842956,0.5534005761146545,-0.0102534890174865
0.5620575547218323,0.7328740358352661,2.4341726856391688e-08,0.5202981233596802,0.7699046730995178,0.0036566571798175,0.5177001953125,0.7852737903594971,0.0012679718201979,0.5217961668968201,0.7922459840774536,0.0013584636617451,0.5266263484954834,0.7957060933113098,0.0017545968294143,0.5326892137527466,0.7937549948692322,0.0025728582404553,0.4785551726818084,0.5614733695983887,-6.992947021444706e-08,0.5097926259040833,0.5190524458885193,-0.0153369633480906,0.5027786493301392,0.5432053208351135,-0.0213982723653316,0.4979030787944793,0.5545929670333862,-0.0160611383616924,0.4899533689022064,0.5593804121017456,-0.0129345590248703,0.4801242053508758,0.5540505051612854,-0.0101465722545981
0.561557948589325,0.734134316444397,3.2239718450455264e-08,0.518559455871582,0.7690657377243042,0.0020965416915714,0.5162830352783203,0.786500096321106,-0.0008905607974156,0.5207645893096924,0.7932462692260742,-0.0005506399320438,0.5261040925979614,0.7961238026618958,0.0003106654039584,0.5323331356048584,0.7935550808906555,0.0009734615450724,0.4783775806427002,0.5596829652786255,-6.699529819798046e-08,0.5103148221969604,0.51993727684021,-0.0159262493252754,0.5032959580421448,0.5443941354751587,-0.0223282258957624,0.4982022643089294,0.5554336309432983,-0.0170505512505769,0.4896197915077209,0.558601438999176,-0.0136515945196151,0.4798696637153625,0.5538966059684753,-0.0108712520450353
0.561219334602356,0.7342626452445984,2.8175277222430853e-08,0.5184919238090515,0.7704233527183533,0.001896776841022,0.5167645812034607,0.7864950895309448,-0.0009778678650036,0.5213309526443481,0.7914437055587769,-0.0005732836434617,0.5260686874389648,0.7954804301261902,0.0002133736998075,0.5323256850242615,0.7934380173683167,0.000894530210644,0.4777655005455017,0.5632309913635254,-6.970599741862317e-08,0.5096760988235474,0.5194242000579834,-0.015744986012578,0.5025638341903687,0.5464078783988953,-0.0219565834850072,0.4981986284255981,0.5567888617515564,-0.0169587694108486,0.4897846579551697,0.5596380829811096,-0.0135755790397524,0.4809070825576782,0.5557450652122498,-0.0109962653368711
0.5610251426696777,0.7340060472488403,2.752110894732596e-08,0.5193771123886108,0.7680947780609131,0.0028767730109393,0.5168365836143494,0.7835409045219421,-8.376412552024703e-06,0.5209871530532837,0.7902949452400208,2.728124491113704e-05,0.5258232951164246,0.7940877676010132,0.0004725644539576,0.5328004360198975,0.7925661206245422,0.0013045758241787,0.4781913757324219,0.5615256428718567,-6.328859569748603e-08,0.5097863674163818,0.5206232666969299,-0.015439704991877,0.5030661821365356,0.5470215082168579,-0.0222917627543211,0.4982442557811737,0.5576109886169434,-0.0174363702535629,0.4898295402526855,0.5600406527519226,-0.0137345334514975,0.4798129796981811,0.5547593235969543,-0.0111611783504486
0.5609167218208313,0.7328495979309082,3.4044276731037826e-08,0.5192188620567322,0.7691531777381897,0.0023595269303768,0.5170145034790039,0.7852782011032104,-0.0004460781347006,0.5207916498184204,0.791585385799408,-0.0004109688161406,0.5256252884864807,0.7956945896148682,0.0001399021275574,0.5321582555770874,0.7935395836830139,0.0009020009892992,0.4781227707862854,0.5617599487304688,-6.993093393248273e-08,0.5102077126502991,0.5207304954528809,-0.0152669083327054,0.5029155015945435,0.5473533868789673,-0.0217024479061365,0.498078852891922,0.5573034286499023,-0.0166585873812437,0.4895977079868316,0.5599966645240784,-0.0133962584659457,0.4797957837581634,0.5553047060966492,-0.0107985129579901
0.5607574582099915,0.7334902882575989,3.251476599075431e-08,0.5188565850257874,0.7693860530853271,0.0023746462538838,0.5168386697769165,0.7849118709564209,-0.000857499835547,0.5209798812866211,0.7920241355895996,-0.0009453804814256,0.525945246219635,0.7955426573753357,-0.0001722759770927,0.5319448113441467,0.7935026288032532,0.0006046390044502,0.4788493812084198,0.5608767867088318,-6.308136590860158e-08,0.509443998336792,0.520894467830658,-0.0158534850925207,0.5029251575469971,0.54716956615448,-0.0225981213152408,0.4977421760559082,0.5561560392379761,-0.0173035133630037,0.4892385303974151,0.559893012046814,-0.0137566048651933,0.4790600836277008,0.5544896125793457,-0.0108362864702939
0.5612467527389526,0.7334086894989014,3.293839867524184e-08,0.5191885232925415,0.7676671743392944,0.0030432611238211,0.516553521156311,0.7848503589630127,-0.0004412769339978,0.5202358365058899,0.7924354672431946,-0.0006110549438744,0.5254011154174805,0.7963771224021912,-0.0002716933668125,0.5313642621040344,0.7941616177558899,0.0001653213403187,0.4784497916698456,0.5611504912376404,-6.93741384338864e-08,0.5094968676567078,0.5213766694068909,-0.0164309944957494,0.5026811361312866,0.5460888147354126,-0.0226510874927043,0.497789591550827,0.5566245317459106,-0.0174464154988527,0.4893758296966553,0.5602260231971741,-0.0138731859624385,0.4795459508895874,0.5542388558387756,-0.0109533248469233
0.5622410774230957,0.733211100101471,2.7409441827330735e-08,0.5204117894172668,0.7625805139541626,0.0039001971017569,0.5166707038879395,0.7833229303359985,-2.6571546186460185e-05,0.5208706855773926,0.7913292050361633,-4.167577571934089e-05,0.5258443355560303,0.7942839860916138,0.0003686983254738,0.5324630737304688,0.7921627163887024,0.0010901347268372,0.4785707592964172,0.5604985952377319,-6.62296955056263e-08,0.5096019506454468,0.5210753679275513,-0.0163139421492815,0.5030848383903503,0.5464041829109192,-0.0226031951606273,0.4978572726249695,0.5565075874328613,-0.0174913499504327,0.4892380833625793,0.5596094131469727,-0.0138651803135871,0.4785036742687225,0.552646815776825,-0.0108040757477283
0.5614914894104004,0.734221339225769,3.2810930861160166e-08,0.5199739933013916,0.7685014009475708,0.0033513945527374,0.5164221525192261,0.7845181822776794,0.0007223910652101,0.5203948020935059,0.7913645505905151,0.0004848450189456,0.5258470177650452,0.7940568923950195,0.0009201660286635,0.5318166613578796,0.7927803993225098,0.0015103984624147,0.4776240587234497,0.5630519986152649,-7.383195566035283e-08,0.5092875361442566,0.5214572548866272,-0.0152550805360078,0.5024972558021545,0.5460784435272217,-0.0214636251330375,0.4978454411029815,0.5569131374359131,-0.0161383375525474,0.4890115261077881,0.5599188208580017,-0.0128173744305968,0.4792234003543854,0.5555667877197266,-0.0099985217675566
0.5619214177131653,0.7331427335739136,2.6759765958672688e-08,0.5194175243377686,0.7681450247764587,0.003709151642397,0.5174905061721802,0.7834652066230774,0.001483746105805,0.5211394429206848,0.7909368872642517,0.0012877382105216,0.5256553292274475,0.7943761348724365,0.0019877264276146,0.5321184992790222,0.7916143536567688,0.0030762387905269,0.4782427549362182,0.5621243119239807,-6.484170000931044e-08,0.5092629194259644,0.5210712552070618,-0.0157029833644628,0.5031366348266602,0.5482754707336426,-0.0227152071893215,0.4984058737754822,0.5568070411682129,-0.0174754206091165,0.4894490540027618,0.5590560436248779,-0.0138484369963407,0.4793084859848022,0.5543622374534607,-0.0113211534917354
0.5616085529327393,0.7330419421195984,3.2084603418525155e-08,0.5194814205169678,0.7657263875007629,0.0042683850042521,0.5158255100250244,0.7837069034576416,0.0011478383094072,0.5208565592765808,0.7905545830726624,0.000835855549667,0.526115357875824,0.7936298847198486,0.0009753017220646,0.5329762101173401,0.7906726002693176,0.0019109655404463,0.4777136743068695,0.5627568960189819,-6.472869529261517e-08,0.5096121430397034,0.5215288400650024,-0.0158977266401052,0.503466784954071,0.5468575358390808,-0.0225003268569707,0.4984809458255768,0.5572134256362915,-0.0172109138220548,0.4894744455814361,0.5600661635398865,-0.0134264007210731,0.4794160425662994,0.555946409702301,-0.0106498636305332
0.5605697631835938,0.732502818107605,2.7905088018087557e-08,0.5184088945388794,0.7670395970344543,0.0037933480925858,0.5171526670455933,0.7848634123802185,0.0007931884611025,0.521327018737793,0.7916892766952515,0.0007299443823285,0.5261217355728149,0.7947839498519897,0.0013932201545685,0.5331127643585205,0.7916145324707031,0.0024649114347994,0.4785217940807342,0.5615166425704956,-6.416166087319652e-08,0.5100618600845337,0.5213126540184021,-0.0159540921449661,0.5036097764968872,0.5466775298118591,-0.022472009062767,0.4982303082942962,0.5575429797172546,-0.0174423400312662,0.4896894097328186,0.5601386427879333,-0.0134566435590386,0.4784941375255584,0.5517987012863159,-0.0106732789427042
0.5600109696388245,0.7309224009513855,3.0329367461945373e-08,0.5191762447357178,0.7683979272842407,0.0033115639816969,0.5171009302139282,0.7828417420387268,0.0005150259239599,0.5209406614303589,0.7905132174491882,0.0003319107636343,0.5258626341819763,0.7951388955116272,0.0006176569731906,0.5322549343109131,0.7925646305084229,0.0013484938535839,0.4780147969722748,0.5620365142822266,-6.339619318396218e-08,0.5098933577537537,0.5210270881652832,-0.0161268301308155,0.5034276843070984,0.5445474982261658,-0.0225181896239519,0.4981296360492706,0.5562707185745239,-0.0172018557786941,0.4889159500598907,0.5590061545372009,-0.0132727101445198,0.4785598218441009,0.5531499981880188,-0.0103336963802576
0.5594886541366577,0.7302167415618896,3.1832140479082234e-08,0.5188280344009399,0.7686269283294678,0.0020508142188191,0.5173622965812683,0.7840996980667114,-0.0012180909980088,0.5212936997413635,0.7908127307891846,-0.0008142867591232,0.526305615901947,0.7939640879631042,0.000363920466043,0.5330215692520142,0.7906978726387024,0.0016433318378403,0.4782895445823669,0.5609310865402222,-6.552879483479046e-08,0.5098634362220764,0.5210033655166626,-0.0150321424007415,0.5033186674118042,0.5459868907928467,-0.0214821994304656,0.4976732134819031,0.5550925731658936,-0.0166795272380113,0.4889443814754486,0.5591446161270142,-0.0131283290684223,0.4782682061195373,0.5521684885025024,-0.0104543901979923
0.5587896108627319,0.7285802364349365,2.726578074430108e-08,0.5189698338508606,0.7679554224014282,0.0025131918955594,0.5173764228820801,0.7830837965011597,-0.0004378980956971,0.5216417908668518,0.7898844480514526,-0.0001888227998279,0.5265280604362488,0.7939478158950806,0.0005931480554863,0.5320937037467957,0.7912654280662537,0.0015384325524792,0.4780803024768829,0.5619915127754211,-5.8078050813037414e-08,0.5098949670791626,0.5227281451225281,-0.0154239824041724,0.5044755935668945,0.5459179878234863,-0.022468201816082,0.4988326132297516,0.5547258257865906,-0.0174464546144008,0.4900264143943786,0.5584173798561096,-0.0138679286465048,0.4793101847171783,0.5545074343681335,-0.0111489864066243
0.5593658089637756,0.729259729385376,3.276952043052006e-08,0.5188623666763306,0.7667874097824097,0.0035234892275184,0.5163713097572327,0.7847390174865723,3.839127748506144e-05,0.5203573703765869,0.7924342751502991,9.18114383239299e-05,0.525854766368866,0.7943471074104309,0.0007021945202723,0.533122181892395,0.7903140783309937,0.0019146807026118,0.4767159521579742,0.5645929574966431,-4.8272195130039115e-08,0.5104900598526001,0.5241969227790833,-0.015286574140191,0.504593014717102,0.5421769618988037,-0.0211798660457134,0.4994151294231415,0.5537758469581604,-0.0172940101474523,0.4912110567092895,0.5594125390052795,-0.0139776933938264,0.4808382391929626,0.5559570789337158,-0.0113381585106253
0.5600442290306091,0.7289338707923889,2.18562998810512e-08,0.5185114741325378,0.7657309174537659,0.0038570237811654,0.516929566860199,0.7830521464347839,0.0006193156004883,0.5208660364151001,0.7907145023345947,0.0004682274011429,0.5257775187492371,0.7931904792785645,0.0004680934362113,0.5317279100418091,0.7907307147979736,0.0009352753986604,0.4763330519199371,0.5656011700630188,-2.0652203502891098e-08,0.5110900402069092,0.5289285182952881,-0.0162574648857116,0.5045638680458069,0.5378553867340088,-0.021047718822956,0.5000874400138855,0.5516932606697083,-0.0182181727141141,0.4932830333709717,0.5602094531059265,-0.0151976607739925,0.4829387366771698,0.5595119595527649,-0.0125797037035226
0.5597255229949951,0.72954261302948,2.8863878398510682e-08,0.518417477607727,0.768032968044281,0.0021663445513695,0.5170925855636597,0.7828642129898071,-0.0005356117617338,0.5206779837608337,0.7909813523292542,-0.0005506316083483,0.5257707238197327,0.7938475608825684,0.0001162633707281,0.5325649380683899,0.7905882596969604,0.0010554011678323,0.4757414758205414,0.5654715895652771,-1.0818909323973004e-08,0.5116949081420898,0.5329796671867371,-0.0182547159492969,0.5024691820144653,0.5289250016212463,-0.0221839621663093,0.4980577230453491,0.5459821224212646,-0.0197208877652883,0.4919524192810058,0.5613517165184021,-0.0168448816984891,0.4792192280292511,0.556864857673645,-0.0144418897107243
0.5611832141876221,0.7290693521499634,2.817840005775452e-08,0.5196315050125122,0.763175904750824,0.0022440603934228,0.517350971698761,0.782482922077179,-0.0007191431359387,0.5209965705871582,0.7898820042610168,-0.0002250294783152,0.5259552001953125,0.7936455607414246,0.0006615190650336,0.532916784286499,0.7910128831863403,0.0019790034275501,0.4759895503520965,0.5688549280166626,2.0118891441711643e-08,0.511206865310669,0.5380979776382446,-0.0158837512135505,0.5014072060585022,0.5245833396911621,-0.0199030619114637,0.4974094033241272,0.5384253263473511,-0.0183745790272951,0.4914664030075073,0.5669482350349426,-0.0165684521198272,0.4781005978584289,0.5600801110267639,-0.0136199267581105
0.5613106489181519,0.7301286458969116,4.0864179595700996e-08,0.5190684795379639,0.7681628465652466,0.0015548556111752,0.5170440077781677,0.7819125056266785,-0.0005889291642233,0.5200210213661194,0.7919068336486816,-0.0004511457518674,0.5258129835128784,0.7945042252540588,0.0005891224136576,0.5332908630371094,0.7897324562072754,0.0021744847763329,0.474886804819107,0.5725467801094055,3.7746684000694586e-08,0.5120456218719482,0.5453962683677673,-0.015430717729032,0.498391717672348,0.5228614211082458,-0.0180557612329721,0.4914163053035736,0.5299577116966248,-0.0163892153650522,0.4908191859722137,0.5690774321556091,-0.0158440824598073,0.4767083823680877,0.5645677447319031,-0.0122127747163176
0.5609633922576904,0.7303524613380432,4.218842875047813e-08,0.5189239978790283,0.7689985036849976,0.0020445717964321,0.5167816281318665,0.7837005257606506,-0.0004418946045916,0.5207642912864685,0.7913016080856323,-0.0005672765546478,0.5263171792030334,0.7942652106285095,6.464018224505708e-05,0.5332475304603577,0.7907382249832153,0.0010378467850387,0.4737615883350372,0.573012113571167,6.73847893040147e-08,0.5118855237960815,0.5524742603302002,-0.0145583497360348,0.4968027770519256,0.5219227075576782,-0.0174485705792903,0.4912281334400177,0.5206899046897888,-0.0158567670732736,0.4904051721096039,0.5730295777320862,-0.0168658383190631,0.4786143004894256,0.5698188543319702,-0.0141889713704586
0.5609413981437683,0.7306445240974426,3.6379951495746354e-08,0.5197436213493347,0.7660393714904785,0.0020698925945907,0.5170149803161621,0.7831645011901855,-0.0012533823028206,0.5206836462020874,0.7910438179969788,-0.0014445830602198,0.525996744632721,0.7945606708526611,-0.0009091702522709,0.5323575735092163,0.7937376499176025,-9.554377902531996e-05,0.4726577997207641,0.5732277035713196,6.784656392255783e-08,0.5100435614585876,0.5583164095878601,-0.0170600228011608,0.4953501224517822,0.5217449069023132,-0.0222507324069738,0.4889241755008697,0.5213033556938171,-0.0212639067322015,0.4867402613162994,0.5683852434158325,-0.0210866183042526,0.4751646816730499,0.5664522647857666,-0.0206495355814695
0.5614014267921448,0.7313236594200134,3.7277786191225466e-08,0.5199471116065979,0.7669579982757568,0.0022177139762789,0.5170178413391113,0.7843424081802368,-0.0009738285443745,0.5209543108940125,0.7912243604660034,-0.0009082676260732,0.5263738632202148,0.7935561537742615,4.266875112080015e-05,0.5331606864929199,0.7899281978607178,0.0010938140330836,0.4731051921844482,0.5743752121925354,7.309593286208839e-08,0.5092337727546692,0.5614628791809082,-0.0178305227309465,0.4954459071159363,0.5241702795028687,-0.0244282782077789,0.487966924905777,0.5232706665992737,-0.0237473230808973,0.4858088791370392,0.5700392127037048,-0.0233729500323534,0.4760233461856842,0.5706222653388977,-0.0229188445955514
0.5617378950119019,0.730257511138916,4.221103111490265e-08,0.5200046300888062,0.7648373246192932,0.0015537670115008,0.5177457928657532,0.7831472158432007,-0.0005937106907367,0.521274209022522,0.7920500040054321,-0.0005785478861071,0.5261678099632263,0.7943651676177979,0.000381336081773,0.5330641269683838,0.7906427383422852,0.0017462900141254,0.4731187522411346,0.5754260420799255,6.886294556807115e-08,0.5095577239990234,0.5633093118667603,-0.0158013626933097,0.4952110052108764,0.5261924266815186,-0.021255349740386,0.4885568618774414,0.5261735916137695,-0.0202364828437566,0.486246645450592,0.5710423588752747,-0.0203467514365911,0.4767989814281463,0.5717546939849854,-0.0194065459072589
0.5611644387245178,0.7309399843215942,3.972009565700319e-08,0.5199918150901794,0.7681924104690552,0.0020145676098763,0.5180643796920776,0.7824638485908508,-0.0007062862860038,0.5209814310073853,0.7905264496803284,-0.0006969110108911,0.5261771082878113,0.7930010557174683,3.0677212635055184e-05,0.5334068536758423,0.7891994118690491,0.0012626536190509,0.473294585943222,0.5761171579360962,6.989175460603293e-08,0.509611964225769,0.5643136501312256,-0.0168878473341465,0.4941464066505432,0.5284873843193054,-0.0215546730905771,0.4892247319221496,0.5331211090087891,-0.0204013660550117,0.4868279993534088,0.5737293362617493,-0.0201648492366075,0.4753313064575195,0.5716579556465149,-0.0188638493418693
0.5611013770103455,0.7297094464302063,4.303983658360266e-08,0.5200680494308472,0.7675385475158691,0.001849761698395,0.5176995992660522,0.7846572995185852,-0.0007770387455821,0.521172285079956,0.7917258739471436,-0.0004736601258628,0.526235818862915,0.7941491603851318,0.0003457039420027,0.5334718227386475,0.7893713712692261,0.0019222076516598,0.4746820330619812,0.5764921307563782,6.386127182622658e-08,0.5099904537200928,0.5643260478973389,-0.0167948510497808,0.4937023818492889,0.5302380919456482,-0.0207555126398801,0.4909783005714416,0.5406193733215332,-0.0188792925328016,0.4864767789840698,0.575895369052887,-0.0180016085505485,0.4757779836654663,0.5753792524337769,-0.0162360779941082
0.5614054799079895,0.7297972440719604,3.3964681733777986e-08,0.5200238823890686,0.7659549117088318,0.0035793636925518,0.5176720023155212,0.7827438116073608,9.447265620110556e-05,0.5205325484275818,0.7913537621498108,-0.0001659545960137,0.5254857540130615,0.7945252060890198,-0.0002030326722888,0.5324702858924866,0.7916556596755981,0.0006587383104488,0.4754835665225982,0.5770368576049805,5.053772156315972e-08,0.5096418261528015,0.5642215609550476,-0.0168713852763175,0.4937520623207092,0.5338386297225952,-0.0199699830263853,0.4879914224147796,0.5400987267494202,-0.0180555284023284,0.4867650866508484,0.5771311521530151,-0.0169603303074836,0.4749985337257385,0.5741990208625793,-0.0145484441891312
0.562283992767334,0.7303550243377686,3.074338650321806e-08,0.5203251838684082,0.7643055319786072,0.0026214574463665,0.5175474286079407,0.7820769548416138,-0.0006178393959999,0.5207792520523071,0.7925070524215698,-0.0004817905137315,0.5263650417327881,0.7945374250411987,-0.0001715191756375,0.5331200957298279,0.7911568284034729,0.0007156089413911,0.4746801853179931,0.576259970664978,7.46843387133822e-09,0.5098386406898499,0.5659993886947632,-0.0173804387450218,0.4955504536628723,0.5398977994918823,-0.0208236277103424,0.4901481866836548,0.5607444643974304,-0.0184176228940486,0.486422449350357,0.580091655254364,-0.0164264049381017,0.4732303023338318,0.5731639862060547,-0.0141712492331862
0.5620808601379395,0.7304087281227112,3.5779692098003586e-08,0.5192104578018188,0.7672569155693054,0.0031542154029011,0.5173763632774353,0.7832654118537903,0.0009180841152556,0.5209468603134155,0.7906709313392639,0.0009999939939007,0.5260741114616394,0.7932270765304565,0.0016116452170535,0.5325350761413574,0.7896823287010193,0.0028307733591645,0.4763737618923187,0.5769980549812317,2.708666890782752e-08,0.5107577443122864,0.568484365940094,-0.0166464354842901,0.4961985945701599,0.5418063998222351,-0.020704798400402,0.4885035753250122,0.5503290295600891,-0.0181981120258569,0.4861286878585815,0.5780510306358337,-0.016181506216526,0.4739535450935364,0.5723559260368347,-0.0135926967486739
0.5615705251693726,0.728958785533905,3.874035314765933e-08,0.5202094316482544,0.7654329538345337,0.0036870173644274,0.5174866914749146,0.7834430932998657,0.0014701463514938,0.5206362009048462,0.7930172681808472,0.0009675564360804,0.5262168645858765,0.7941237092018127,0.0014585567405447,0.5337370038032532,0.7894636392593384,0.0029083155095577,0.4771898090839386,0.5758227705955505,-3.559908146044677e-09,0.5108771920204163,0.568263828754425,-0.0172124411910772,0.4945275485515594,0.5436103940010071,-0.0206547603011131,0.4891035258769989,0.5632719397544861,-0.0169070102274417,0.4846110343933105,0.5789340734481812,-0.014101481065154,0.4733985662460327,0.5748054385185242,-0.0118438303470611
0.5613913536071777,0.728595495223999,3.876838405858507e-08,0.5203217267990112,0.7653910517692566,0.0027180600445717,0.5175839066505432,0.7828217148780823,-0.0005224399501457,0.5209025740623474,0.7914089560508728,-0.0007939103525131,0.525737464427948,0.7943902611732483,-0.0001322346070082,0.5326375961303711,0.791789710521698,0.0011674216948449,0.4759948551654815,0.5769987106323242,-2.4645071761142393e-08,0.5112521648406982,0.5677539110183716,-0.0189086608588695,0.4953106939792633,0.550773561000824,-0.021237663924694,0.492773562669754,0.573561429977417,-0.0178760010749101,0.4877964854240417,0.5845458507537842,-0.0153843285515904,0.4761809408664703,0.577383279800415,-0.013289550319314
0.5618534684181213,0.7296749353408813,3.443605578468123e-08,0.5197586417198181,0.7681635618209839,0.0026032857131212,0.5175085067749023,0.7826602458953857,-0.0007908886764198,0.5208076238632202,0.7908126711845398,-0.0002372174494666,0.5259421467781067,0.793462872505188,0.0003554594295565,0.5321011543273926,0.7908260822296143,0.0014711216790601,0.4762137234210968,0.5758520364761353,-2.156174083722817e-08,0.5109454393386841,0.569158673286438,-0.0187498684972524,0.4966476857662201,0.5566359162330627,-0.0223018713295459,0.4931769073009491,0.5704299211502075,-0.0184891950339078,0.4890044927597046,0.5843760967254639,-0.0157896429300308,0.4753678143024444,0.575245201587677,-0.0138568645343184
0.5619924068450928,0.7297372221946716,3.4390989611665645e-08,0.5197519063949585,0.7672569751739502,0.0024082565214484,0.5169944167137146,0.783431887626648,-0.0004232916398905,0.5212691426277161,0.7900770902633667,-0.0002246624062536,0.5261872410774231,0.793415904045105,0.0006322350818663,0.5331112146377563,0.7900548577308655,0.0018580834148451,0.47539222240448,0.5733356475830078,-3.4779187529920825e-08,0.5116711854934692,0.568579375743866,-0.0191850680857896,0.4980108439922333,0.5672168135643005,-0.0231574866920709,0.4943331778049469,0.5740902423858643,-0.0188874080777168,0.4901353418827057,0.5852226614952087,-0.0162579976022243,0.4773576259613037,0.5769717693328857,-0.014065166004002
0.5619332194328308,0.728729784488678,3.566378481423271e-08,0.5195287466049194,0.7690995931625366,0.0028890341054648,0.5177524089813232,0.7831718325614929,0.0005631055682897,0.5217468738555908,0.7901572585105896,0.0008855943451635,0.5267329216003418,0.793609082698822,0.001510267611593,0.5338162183761597,0.7896779775619507,0.0026688685175031,0.4770707190036773,0.5727969408035278,-3.8035334881669776e-08,0.5116480588912964,0.5694583058357239,-0.0173487160354852,0.5003613233566284,0.5730980038642883,-0.0228313561528921,0.495002269744873,0.5782922506332397,-0.0183619335293769,0.4890862107276916,0.5842373371124268,-0.0156914182007312,0.4764168262481689,0.574622392654419,-0.0133099947124719
0.5617092847824097,0.7295243740081787,3.8531901225269394e-08,0.5203885436058044,0.7660070657730103,0.0015471826773136,0.5174596309661865,0.7822375893592834,-0.0019879853352904,0.5211440324783325,0.7902724146842957,-0.0014787632972002,0.5265412330627441,0.7934337854385376,-0.0002020032552536,0.5333667993545532,0.7905467748641968,0.0013210737379267,0.4689294993877411,0.5720835328102112,2.2566092994225077e-08,0.5126013159751892,0.5686423182487488,-0.0109494049102067,0.5022836327552795,0.5770764946937561,-0.018257463350892,0.4949071407318115,0.5846673250198364,-0.0185785703361034,0.4869548678398132,0.5844850540161133,-0.0177513267844915,0.4765816330909729,0.5744593739509583,-0.0172289740294218
0.5625264644622803,0.7295860648155212,3.229020961725837e-08,0.5206440687179565,0.7668866515159607,0.0022105476818978,0.5175955295562744,0.7819664478302002,-0.000888705952093,0.5213212966918945,0.7899776697158813,-0.0004315173719078,0.526578426361084,0.7937806248664856,0.0003307137812953,0.5339289307594299,0.7902559041976929,0.0015828384784981,0.4731992483139038,0.575829029083252,-2.1104282765804783e-09,0.510783314704895,0.5717396140098572,-0.0145804351195693,0.5015894174575806,0.5803163051605225,-0.0221667662262916,0.4950831234455108,0.5870012044906616,-0.019236559048295,0.4872631132602691,0.5867536664009094,-0.0173374824225902,0.4764248728752136,0.5743085145950317,-0.0156134739518165
0.5618799328804016,0.7294265627861023,3.224053557460138e-08,0.5188062787055969,0.7664026021957397,0.0026828763075172,0.5175793766975403,0.7831616997718811,4.9335812946083024e-05,0.5217440128326416,0.789306104183197,0.0002435301285004,0.5265311002731323,0.7934036254882812,0.0007307812338694,0.5327923893928528,0.7906584739685059,0.0013337339041754,0.4764844477176666,0.5739505887031555,-3.404381487825958e-08,0.5116146206855774,0.572766900062561,-0.0168366581201553,0.5009300708770752,0.5824741125106812,-0.0231882538646459,0.4941363930702209,0.5850346088409424,-0.0181991420686244,0.4853987693786621,0.5824867486953735,-0.0147198922932147,0.4756517112255096,0.5763551592826843,-0.0122969541698694
0.5613046288490295,0.7304169535636902,2.891978567731712e-08,0.5199185609817505,0.76603764295578,0.0034227275755256,0.5176981687545776,0.7833378911018372,0.0001143304471042,0.5213040709495544,0.7906869053840637,-0.0001514232426416,0.5262872576713562,0.7938543558120728,0.0005349725252017,0.5323240756988525,0.7923220992088318,0.0014661133754998,0.4757390320301056,0.5713742971420288,-5.1038991699670084e-08,0.5119655728340149,0.5714964866638184,-0.0176558177918195,0.5009521842002869,0.5839332342147827,-0.024428442120552,0.4943510890007019,0.5847938060760498,-0.018415942788124,0.4850426614284515,0.5829307436943054,-0.0145870018750429,0.4749783873558044,0.577088475227356,-0.0122384447604417
0.5617908239364624,0.7297066450119019,3.3698061230325045e-08,0.5202841758728027,0.7659401893615723,0.0031585607212036,0.5174745917320251,0.7832345962524414,0.0007705597090534,0.5214030146598816,0.7910062074661255,0.0006794249056838,0.5265135169029236,0.7943723797798157,0.000877859944012,0.5335338711738586,0.791080117225647,0.0017308781389147,0.4767095744609833,0.5720230937004089,-3.69829642465902e-08,0.5128309726715088,0.573001503944397,-0.017502536997199,0.5001725554466248,0.580182671546936,-0.023890059441328,0.494257777929306,0.5831620693206787,-0.0191472247242927,0.4859211444854736,0.5826413035392761,-0.0161838997155427,0.4764943718910217,0.5784035325050354,-0.0138286491855978
0.5627016425132751,0.7309507727622986,3.0434691211667086e-08,0.5208455920219421,0.7669991254806519,0.0030591082759201,0.517611026763916,0.7834240198135376,-0.0002123747981386,0.5214393734931946,0.7911147475242615,-3.990695404354483e-05,0.5265617370605469,0.7936829328536987,0.0004833493730984,0.5339722037315369,0.7901253700256348,0.0015665099490433,0.4771792590618133,0.5712907910346985,-4.3359737134096576e-08,0.5120335221290588,0.5720773339271545,-0.0181240364909172,0.500157356262207,0.5779290795326233,-0.024260327219963,0.4943698048591614,0.5812143683433533,-0.0191241856664419,0.4867083728313446,0.5838149189949036,-0.0157218854874372,0.4767644107341766,0.5781155228614807,-0.0135941514745354
0.5624802112579346,0.7298990488052368,3.100328527239071e-08,0.5198427438735962,0.762628972530365,0.0038655204698443,0.517298698425293,0.7835909724235535,0.0016469073016196,0.5215238928794861,0.7920020222663879,0.0011918330565094,0.5268723964691162,0.7945000529289246,0.0015887967310845,0.5341210961341858,0.7902971506118774,0.0027034610975533,0.4762965440750122,0.5714970827102661,-4.886409499249567e-08,0.5121815800666809,0.5714697241783142,-0.017870819196105,0.4989131093025207,0.5746173858642578,-0.0237842313945293,0.4937077760696411,0.5778082013130188,-0.0186433978378772,0.4883021414279938,0.5839052200317383,-0.0160678047686815,0.4765501618385315,0.5767937898635864,-0.014262399636209
0.5621426105499268,0.7292654514312744,4.293312727554621e-08,0.5198923349380493,0.7703163623809814,0.0025591631419956,0.517935037612915,0.785181999206543,0.0007000640034675,0.5215360522270203,0.7914255261421204,0.0005574245587922,0.5266246795654297,0.7942225933074951,0.0013733828673139,0.5339893102645874,0.7898241281509399,0.0029279205482453,0.477245569229126,0.5732298493385315,-3.35680390151083e-08,0.511701226234436,0.5706943273544312,-0.018655065447092,0.4997849762439728,0.5725345611572266,-0.0243266467005014,0.4949131906032562,0.5802531838417053,-0.0191995501518249,0.4874595701694488,0.582989513874054,-0.0159734319895505,0.4763077795505523,0.5768834352493286,-0.0138904321938753
0.5617785453796387,0.7305465340614319,3.8396777313209896e-08,0.5193317532539368,0.7691134810447693,0.0021780289243906,0.5180433392524719,0.7862303256988525,-0.0007696293178014,0.521851122379303,0.7918875813484192,-0.0005584802129305,0.526932954788208,0.7946922183036804,0.0003001139848493,0.53351891040802,0.7912733554840088,0.0014724163338541,0.4761546850204468,0.5712041258811951,-4.589279711808558e-08,0.5116908550262451,0.5694760084152222,-0.0191026702523231,0.4983364641666412,0.5739064812660217,-0.0251251887530088,0.4934261441230774,0.577023446559906,-0.019156027585268,0.4854976236820221,0.5808097124099731,-0.0151864774525165,0.474915087223053,0.5760811567306519,-0.013091592118144
0.5621125102043152,0.7306358814239502,3.3294693224661394e-08,0.519794762134552,0.762772798538208,0.0032656847033649,0.5176375508308411,0.7842474579811096,0.0001361821923637,0.5216363668441772,0.7917734384536743,-0.0001820366742322,0.5265707969665527,0.7947700023651123,0.0001135456477641,0.5340316891670227,0.7902495265007019,0.0010871045524254,0.4769478738307953,0.5706620216369629,-4.142472675994213e-08,0.5114174485206604,0.5694701671600342,-0.0186759624630212,0.4991180598735809,0.5739467740058899,-0.0243908017873764,0.4944275915622711,0.578091561794281,-0.0195590294897556,0.4866335988044739,0.5804278254508972,-0.0161491613835096,0.47493976354599,0.5725752711296082,-0.0141466492787003
0.5628750920295715,0.7306240797042847,3.7894068327659625e-08,0.5196775794029236,0.766563892364502,0.0029663403984159,0.5174803137779236,0.7830780744552612,0.0004045382956974,0.521217942237854,0.7913167476654053,0.0001052337102009,0.5261757373809814,0.7942265272140503,0.0007632161723449,0.5331274271011353,0.7914398312568665,0.0019907045643776,0.4753357768058777,0.5709109306335449,-4.705846023966843e-08,0.5115759372711182,0.5681387186050415,-0.0182255003601312,0.4995004534721374,0.5753004550933838,-0.024084186181426,0.4935234487056732,0.5778051614761353,-0.0187019519507884,0.485894113779068,0.5798362493515015,-0.0148848490789532,0.4764432609081268,0.5756769776344299,-0.0126868253573775
0.5626788139343262,0.7310467958450317,3.9205463764346866e-08,0.5197044610977173,0.7692482471466064,0.0029352537821978,0.5177709460258484,0.784101665019989,0.000506373704411,0.5212826132774353,0.7925674319267273,0.000366498279618,0.526759684085846,0.7946860790252686,0.0008138543926179,0.533646821975708,0.7900630235671997,0.002023073611781,0.4767593443393707,0.571913480758667,-3.831529937770029e-08,0.5120475888252258,0.5693914890289307,-0.0171331446617841,0.4995928704738617,0.5768783092498779,-0.0234495569020509,0.4944299161434173,0.5794421434402466,-0.0182547271251678,0.4862852990627289,0.5805429816246033,-0.0153933521360158,0.4762279987335205,0.5766637325286865,-0.0134231308475136
0.5626632571220398,0.7307215332984924,3.1172579184612914e-08,0.5202270150184631,0.7642349600791931,0.00343694887124,0.5173897743225098,0.7835719585418701,0.0003479577135294,0.5209025740623474,0.7922781109809875,-0.0002356772311031,0.5258005857467651,0.7952515482902527,-1.896109824883752e-05,0.5319489240646362,0.7937011122703552,0.0007224013097584,0.4757885038852691,0.5711700320243835,-5.5077627791888524e-08,0.5113968849182129,0.5679485201835632,-0.0178904272615909,0.4992807507514953,0.5788472890853882,-0.0243140440434217,0.4935880005359649,0.5796809196472168,-0.0184803437441587,0.4852752685546875,0.579980731010437,-0.0145724043250083,0.4742273092269897,0.5737738013267517,-0.0125665431842207
0.5629562139511108,0.731091320514679,3.1743464745659367e-08,0.5202788710594177,0.7658520340919495,0.0046987924724817,0.5177732110023499,0.7837125658988953,0.0023801387287676,0.5212544202804565,0.7924759984016418,0.0016829371452331,0.5261979103088379,0.7951560020446777,0.0017111045308411,0.5324491858482361,0.7921261191368103,0.0026463600806891,0.4762122333049774,0.5708897709846497,-4.363419847663863e-08,0.5118070244789124,0.5692477226257324,-0.0179937165230512,0.4999270737171173,0.5775085687637329,-0.0242074746638536,0.4936547875404358,0.5798510909080505,-0.018693609163165,0.4858614206314087,0.5800268054008484,-0.0154601773247122,0.4759889543056488,0.5754207372665405,-0.0131258126348257
0.5626974105834961,0.7309508323669434,3.4187209507763334e-08,0.5204830765724182,0.7644068002700806,0.0042765839025378,0.5174474120140076,0.7824890613555908,0.0020855532493442,0.5209426283836365,0.7916712164878845,0.0015208792174234,0.5268087983131409,0.792809784412384,0.001810006215237,0.5346766710281372,0.7885889410972595,0.0029339350294321,0.476004421710968,0.5717869400978088,-4.7840892136719055e-08,0.5118248462677002,0.5689603090286255,-0.0171431396156549,0.5000205039978027,0.5780996084213257,-0.0232694968581199,0.4942225813865661,0.5801326632499695,-0.0178377609699964,0.486128568649292,0.5803340673446655,-0.0146153420209884,0.4754699766635895,0.57551109790802,-0.0119834598153829
0.5626818537712097,0.7308695912361145,3.84323719515578e-08,0.5201482772827148,0.7668404579162598,0.003228610381484,0.5181492567062378,0.7837091088294983,0.0012736903736367,0.5214946866035461,0.7926374077796936,0.0010528636630624,0.527053952217102,0.7950344085693359,0.0013781178276985,0.534716010093689,0.7894414067268372,0.0028317407704889,0.4765678942203522,0.5737015008926392,-4.5012679805722655e-08,0.5124961733818054,0.568804919719696,-0.016879541799426,0.4998608529567718,0.5776817798614502,-0.0231150072067976,0.4942103326320648,0.580086886882782,-0.0177957620471715,0.4858301281929016,0.5800445079803467,-0.0143914427608251,0.475443571805954,0.5748559236526489,-0.0122592076659202
0.5618278980255127,0.73091059923172,3.785412161505519e-08,0.5197679400444031,0.7690926194190979,0.0026253501418977,0.517644464969635,0.7840645909309387,-0.0001138443767558,0.5213721394538879,0.7925296425819397,0.0001762528991093,0.5264658331871033,0.7950692176818848,0.0007971893064677,0.53345787525177,0.7915000319480896,0.0020591549109667,0.4773008227348327,0.5708349943161011,-5.025276195169681e-08,0.5125172734260559,0.5685824155807495,-0.018118742853403,0.4998273253440857,0.5790143609046936,-0.0248252470046281,0.4935751855373382,0.5798125267028809,-0.0182808972895145,0.4846912026405334,0.5787209868431091,-0.0143790515139698,0.4745664000511169,0.5744907855987549,-0.0125500354915857
0.5621686577796936,0.7307276129722595,3.3374217167647664e-08,0.5203083157539368,0.7656299471855164,0.0031715461518615,0.5174110531806946,0.7837040424346924,0.0002809296711347,0.5210806131362915,0.7925699353218079,-0.0001368899102089,0.5264185667037964,0.7949275970458984,0.000386015715776,0.5335511565208435,0.7915518879890442,0.0014275970170274,0.4775962233543396,0.571868896484375,-5.4622045553287535e-08,0.5124102234840393,0.5679711103439331,-0.017395606264472,0.499992698431015,0.5777457356452942,-0.0238621160387992,0.4941402375698089,0.5808079838752747,-0.018239427357912,0.4862451553344726,0.5801551342010498,-0.0145087083801627,0.4755558371543884,0.5737308859825134,-0.0120473755523562
0.562383234500885,0.7307138442993164,2.888085504082483e-08,0.5200732946395874,0.7635063529014587,0.0041570276953279,0.5177433490753174,0.7839412689208984,0.0007554938783869,0.521309494972229,0.793013870716095,2.8830945666413758e-05,0.526450514793396,0.7953881621360779,0.0002041195111814,0.533362627029419,0.7918180227279663,0.0011481380788609,0.4768079817295074,0.5724764466285706,-5.3728332005675845e-08,0.512814998626709,0.5683819651603699,-0.0177258495241403,0.500210165977478,0.5783177018165588,-0.0242562647908926,0.4946154654026031,0.5798582434654236,-0.0185068789869546,0.4870108067989349,0.5802692174911499,-0.015213368460536,0.4760676622390747,0.5752594470977783,-0.0131520265713334
0.5625942349433899,0.7308966517448425,3.48298350161258e-08,0.5208578109741211,0.7677654027938843,0.0037107747048139,0.5180631279945374,0.7844952940940857,0.0015285874251276,0.5215109586715698,0.7928213477134705,0.0012250856962054,0.5269553065299988,0.7945865988731384,0.0017568586627021,0.5335978269577026,0.7906348705291748,0.0029573086649179,0.4748407006263733,0.5715015530586243,-2.755379924224144e-09,0.5121575593948364,0.5689562559127808,-0.0160493832081556,0.5010491013526917,0.5777587294578552,-0.0246671643108129,0.4952312707901001,0.5828591585159302,-0.0216487701982259,0.4869308769702911,0.582676112651825,-0.0184326712042093,0.4763980805873871,0.5738610625267029,-0.0160048976540565
0.5622125267982483,0.7315609455108643,3.69090926710669e-08,0.5205416679382324,0.767419695854187,0.0034850011579692,0.5181103944778442,0.7839940786361694,0.0013592473696917,0.5218212008476257,0.7925491333007812,0.0011461788089945,0.5270246267318726,0.7951018214225769,0.0015478795394301,0.5351022481918335,0.7899137735366821,0.0027766721323132,0.4777481257915497,0.5740007162094116,-3.4080674282677144e-08,0.5121647119522095,0.5695675611495972,-0.017039805650711,0.5008944272994995,0.5776565670967102,-0.0232473667711019,0.4957467019557953,0.5813639760017395,-0.0182433146983385,0.4871314167976379,0.5803583264350891,-0.0149497622624039,0.4767443537712097,0.5759316682815552,-0.0129123758524656
0.5618917346000671,0.731529951095581,3.6686017779175024e-08,0.520835816860199,0.765300989151001,0.0033177193254232,0.5174698233604431,0.7853189706802368,0.0001683087466517,0.5213003754615784,0.7925809025764465,-6.261505041038617e-05,0.5265761017799377,0.7946050763130188,0.0005415942287072,0.533725917339325,0.7909446358680725,0.0016894462751224,0.4771556258201599,0.5717915892601013,-5.381190604225594e-08,0.51235431432724,0.5677044987678528,-0.017508216202259,0.5001057386398315,0.577836811542511,-0.0238331109285354,0.4944238364696502,0.5797377824783325,-0.0178376175463199,0.486375480890274,0.5803099870681763,-0.0144302835687994,0.4760162234306335,0.5766754150390625,-0.0123127494007349
0.5613806843757629,0.7311648726463318,2.8707702881547448e-08,0.5197040438652039,0.7664934396743774,0.0039912164211273,0.5175237059593201,0.7842058539390564,0.0006933290278539,0.5213869214057922,0.7924748063087463,0.0001359118614345,0.5265079140663147,0.7953735589981079,0.0004805053176824,0.5328055024147034,0.7927400469779968,0.0012594505678862,0.4722881019115448,0.5726274847984314,-2.6845967671107474e-09,0.5130171775817871,0.5681871175765991,-0.0136785022914409,0.5016332864761353,0.5770395398139954,-0.0223725233227014,0.4959176778793335,0.5822734236717224,-0.0205234698951244,0.48658287525177,0.5820961594581604,-0.0186559073626995,0.4758454263210296,0.5735646486282349,-0.0167594794183969
0.562015950679779,0.7312711477279663,3.19940482995662e-08,0.5203229188919067,0.7651315331459045,0.0034304405562579,0.5174964666366577,0.7845383286476135,0.0006325541180558,0.5214694738388062,0.7923480272293091,0.0002991665096487,0.5268753170967102,0.7953854203224182,0.0005711919511668,0.5327758193016052,0.7923981547355652,0.0011250602547079,0.4739662408828735,0.5696273446083069,8.002418283581392e-09,0.512516438961029,0.5677427649497986,-0.014574765227735,0.501636803150177,0.5773952007293701,-0.0231309831142425,0.4952848553657532,0.5834357738494873,-0.0209646448493003,0.486787885427475,0.5832732915878296,-0.0186595544219017,0.4759044051170349,0.5737707614898682,-0.0166785269975662
0.5624135732650757,0.7317090630531311,3.6815830384284716e-08,0.5212579369544983,0.763309895992279,0.0038759491872042,0.5176309943199158,0.7836760878562927,0.0007538610952906,0.5212607979774475,0.7930294871330261,0.0004502329975366,0.5265758037567139,0.7951807379722595,0.0008765882230363,0.5336345434188843,0.7913869023323059,0.0019426590297371,0.4774364233016968,0.5731151103973389,-3.6022246518996326e-08,0.5116412043571472,0.5691869258880615,-0.0164928305894136,0.5002821087837219,0.5768888592720032,-0.0228987243026494,0.4949416816234588,0.5809673070907593,-0.0185243021696805,0.4870259165763855,0.5806642174720764,-0.0158612132072448,0.4763482213020324,0.5738336443901062,-0.0138064362108707
0.5617594718933105,0.731445848941803,3.9097386661524076e-08,0.5205690860748291,0.7662400603294373,0.002542357193306,0.5172870755195618,0.7834512591362,-0.000947798078414,0.5208154916763306,0.7923249006271362,-0.0009881590958684,0.5261249542236328,0.7951557040214539,-0.000657248951029,0.5329475402832031,0.7915953397750854,0.000236690728343,0.4768064618110657,0.5720524191856384,-5.0499121329039554e-08,0.5119816660881042,0.5667300820350647,-0.0184374954551458,0.5004945993423462,0.5764381885528564,-0.0249749645590782,0.4941947162151336,0.5784401297569275,-0.0186803434044122,0.48597252368927,0.5784647464752197,-0.0148737533017992,0.4752753973007202,0.5758063197135925,-0.0129677206277847
0.561805009841919,0.729826033115387,3.554684369078132e-08,0.5199862718582153,0.7658119797706604,0.0024876028764992,0.5178310871124268,0.7838586568832397,0.0001219210680574,0.521728515625,0.7902442812919617,3.671405647764914e-05,0.5266615748405457,0.7941351532936096,0.0006159883923828,0.5328741073608398,0.792346715927124,0.0015718343202024,0.4766311347484588,0.5716245770454407,-4.489758964609791e-08,0.5122262835502625,0.5674179792404175,-0.0173118468374013,0.5006079077720642,0.5757045745849609,-0.0239687412977218,0.4947850406169891,0.5791048407554626,-0.0182677134871482,0.4870147705078125,0.5801919102668762,-0.0149185815826058,0.4769951403141022,0.5769877433776855,-0.0129238758236169
0.5621328949928284,0.730388879776001,3.574976759068704e-08,0.5207639932632446,0.7658002972602844,0.0029825330711901,0.5176535248756409,0.7833623290061951,0.0002092775685014,0.5212767124176025,0.791912853717804,-6.250686419662088e-05,0.5265925526618958,0.7943236827850342,0.000329187430907,0.5330384969711304,0.7913075685501099,0.0012008877238258,0.4766289889812469,0.5707237720489502,-4.0506865417455635e-08,0.5122990012168884,0.5673049092292786,-0.0179530065506696,0.5002474188804626,0.5746451616287231,-0.023863261565566,0.4950498938560486,0.5789890885353088,-0.0185753423720598,0.486758142709732,0.5789580345153809,-0.0150159997865557,0.4765485227108001,0.5744410157203674,-0.0128420637920498
0.5625953674316406,0.7307292222976685,3.746769294821206e-08,0.5206319689750671,0.7659838199615479,0.0035734858829528,0.5176975727081299,0.7831783294677734,0.0007083029486238,0.5210429430007935,0.7922887802124023,0.000386602274375,0.5265450477600098,0.7943072319030762,0.0007217108504846,0.5336683392524719,0.7896472811698914,0.0020452425815165,0.4766851961612701,0.5721720457077026,-4.9608186003524686e-08,0.5123201012611389,0.5669277906417847,-0.0178366508334875,0.5002787113189697,0.5759620070457458,-0.0240209307521581,0.4948528110980987,0.577769935131073,-0.0183275155723094,0.4869145452976227,0.5784640312194824,-0.0149893285706639,0.4757173359394073,0.5751791000366211,-0.0129455821588635
0.5623521208763123,0.7310133576393127,3.927368652512087e-08,0.5207252502441406,0.7668697237968445,0.0029798154719173,0.5178528428077698,0.7842450737953186,0.0008252197294496,0.5210712552070618,0.7932130098342896,0.0004314640245866,0.5266819596290588,0.7956771850585938,0.0009575982694514,0.5342315435409546,0.7912483215332031,0.0023744795471429,0.4768467843532562,0.5724710822105408,-4.3280973471837576e-08,0.5117811560630798,0.5664178133010864,-0.0175344981253147,0.5001837611198425,0.5738006830215454,-0.0238311514258384,0.4949792623519897,0.5773207545280457,-0.0181052442640066,0.4865037798881531,0.578351616859436,-0.0144896516576409,0.4753647148609161,0.5742387771606445,-0.0126135470345616
0.5622577667236328,0.7310613989830017,3.5962170130687816e-08,0.5196319222450256,0.7674977779388428,0.0030793861951678,0.5176035165786743,0.7840620875358582,0.0010365946218371,0.5215348601341248,0.7920404076576233,0.0008118207915686,0.526664674282074,0.7949716448783875,0.001098217908293,0.5333731770515442,0.791159451007843,0.0020890429150313,0.4778248071670532,0.5708633065223694,-4.1999808075843255e-08,0.5120354294776917,0.5659623146057129,-0.0179224051535129,0.5001081228256226,0.5730596780776978,-0.0240959618240594,0.4948703944683075,0.578410804271698,-0.0185557194054126,0.4870319664478302,0.5800029635429382,-0.0148000065237283,0.4774008989334106,0.5759190320968628,-0.0127445068210363
