X_LEFT_WRIST,Y_LEFT_WRIST,Z_LEFT_WRIST,X_LEFT_THUMB_TIP,Y_LEFT_THUMB_TIP,Z_LEFT_THUMB_TIP,X_LEFT_INDEX_FINGER_TIP,Y_LEFT_INDEX_FINGER_TIP,Z_LEFT_INDEX_FINGER_TIP,X_LEFT_MIDDLE_FINGER_TIP,Y_LEFT_MIDDLE_FINGER_TIP,Z_LEFT_MIDDLE_FINGER_TIP,X_LEFT_RING_FINGER_TIP,Y_LEFT_RING_FINGER_TIP,Z_LEFT_RING_FINGER_TIP,X_LEFT_PINKY_FINGER_TIP,Y_LEFT_PINKY_FINGER_TIP,Z_LEFT_PINKY_FINGER_TIP,X_RIGHT_WRIST,Y_RIGHT_WRIST,Z_RIGHT_WRIST,X_RIGHT_THUMB_TIP,Y_RIGHT_THUMB_TIP,Z_RIGHT_THUMB_TIP,X_RIGHT_INDEX_FINGER_TIP,Y_RIGHT_INDEX_FINGER_TIP,Z_RIGHT_INDEX_FINGER_TIP,X_RIGHT_MIDDLE_FINGER_TIP,Y_RIGHT_MIDDLE_FINGER_TIP,Z_RIGHT_MIDDLE_FINGER_TIP,X_RIGHT_RING_FINGER_TIP,Y_RIGHT_RING_FINGER_TIP,Z_RIGHT_RING_FINGER_TIP,X_RIGHT_PINKY_FINGER_TIP,Y_RIGHT_PINKY_FINGER_TIP,Z_RIGHT_PINKY_FINGER_TIP
0.5625924468040466,0.7722395062446594,8.804573781162618e-08,0.5346447229385376,0.8390006422996521,-0.0059818420559167,0.5417087078094482,0.8801717758178711,-0.0114857926964759,0.5527427196502686,0.8911188840866089,-0.0116674415767192,0.5665290951728821,0.8826794028282166,-0.013721345923841,0.5795776844024658,0.8547592759132385,-0.0141242807731032,0.4448101222515106,0.3172895610332489,6.032406218992037e-08,0.4844153523445129,0.3178253769874573,-0.0042316257022321,0.501454770565033,0.2817606329917907,-0.0083904135972261,0.50190669298172,0.2714576423168182,-0.0094794835895299,0.4946950078010559,0.2632296979427337,-0.0106681725010275,0.4811387360095978,0.2629100680351257,-0.01145726069808
0.5635985136032104,0.7720760107040405,9.146132384785233e-08,0.5352746844291687,0.8394197225570679,-0.0056628356687724,0.5426137447357178,0.881404459476471,-0.0110235949978232,0.5536752939224243,0.891853392124176,-0.0111390892416238,0.5675453543663025,0.8835067749023438,-0.0131362900137901,0.5807598829269409,0.8538869619369507,-0.0133132915943861,0.4475679993629455,0.3196359276771545,5.2132410388594514e-08,0.4819727838039398,0.3247131109237671,-0.0043125017546117,0.501964807510376,0.2950507402420044,-0.0081262812018394,0.5028241276741028,0.2847312986850738,-0.0087619498372077,0.4969707429409027,0.2748506963253021,-0.0098321847617626,0.4844884276390075,0.2724947929382324,-0.0105988038703799
0.5644615292549133,0.7719020843505859,8.762663128436544e-08,0.5359494686126709,0.8397837281227112,-0.0050121671520173,0.5432318449020386,0.8810650110244751,-0.0110025871545076,0.5545951724052429,0.8922647833824158,-0.0113536864519119,0.5684486031532288,0.8830370306968689,-0.0132455974817276,0.5813280940055847,0.8542052507400513,-0.0134057728573679,0.4489896297454834,0.3253178000450134,6.088126269787608e-08,0.4819385111331939,0.3317107260227203,-0.0077502732165157,0.5014119744300842,0.3097077906131744,-0.0120689878240227,0.5033639073371887,0.2982674539089203,-0.0118952533230185,0.497713029384613,0.2884886562824249,-0.0121236555278301,0.4857907295227051,0.2838915884494781,-0.0122274216264486
0.5639403462409973,0.7713403105735779,8.730532385925471e-08,0.5360907316207886,0.8413487672805786,-0.0056478567421436,0.5441008806228638,0.8815632462501526,-0.0112937623634934,0.5554258227348328,0.8924579620361328,-0.0115937562659382,0.5695383548736572,0.8836619257926941,-0.0138883721083402,0.5821714997291565,0.8541646599769592,-0.0141270766034722,0.4489128589630127,0.3313111662864685,6.100851379642337e-08,0.4812178909778595,0.3443925380706787,-0.0081352666020393,0.499787837266922,0.3246231973171234,-0.0120782228186726,0.5019618272781372,0.3150799870491028,-0.0129559645429253,0.49750417470932,0.305052101612091,-0.0136684542521834,0.4856577515602112,0.2973547875881195,-0.0141079109162092
0.5643564462661743,0.7707517147064209,8.89694433681143e-08,0.5368543267250061,0.8409208655357361,-0.0052880020812153,0.5447378158569336,0.8821129202842712,-0.0107765775173902,0.5562684535980225,0.8921757340431213,-0.0109224487096071,0.5700266361236572,0.8829158544540405,-0.0127983940765261,0.5827922224998474,0.8539495468139648,-0.0130611155182123,,,,,,,,,,,,,,,,,,
0.5646187663078308,0.7720912098884583,8.604340706597213e-08,0.5374253392219543,0.8418294787406921,-0.004054635297507,0.5451693534851074,0.881730318069458,-0.0096567012369632,0.5570806264877319,0.89222651720047,-0.0102847330272197,0.5708149075508118,0.8836351037025452,-0.0126182874664664,0.5838523507118225,0.8539273738861084,-0.0130555406212806,,,,,,,,,,,,,,,,,,
0.5654140114784241,0.7716087698936462,8.857244893079043e-08,0.5380969643592834,0.8421210050582886,-0.0049889776855707,0.5458742380142212,0.8820109963417053,-0.0103989085182547,0.5571338534355164,0.8922054171562195,-0.0110278818756341,0.5711002349853516,0.8828564286231995,-0.013183013536036,0.5840526819229126,0.8536922335624695,-0.0136654721572995,,,,,,,,,,,,,,,,,,
0.5655500888824463,0.7722423076629639,8.95870115869002e-08,0.5380900502204895,0.8418605327606201,-0.0053471405990421,0.546204686164856,0.8826277852058411,-0.0109301023185253,0.5576457381248474,0.892065167427063,-0.0113114165142178,0.5718152523040771,0.8827298879623413,-0.0132681364193558,0.5843045115470886,0.8538180589675903,-0.0137747908011078,,,,,,,,,,,,,,,,,,
0.5658270120620728,0.7724377512931824,9.244381260486989e-08,0.53849196434021,0.8418989181518555,-0.0061976280994713,0.5463756918907166,0.8818687796592712,-0.0118369702249765,0.5582695007324219,0.892455518245697,-0.0119520258158445,0.5721107721328735,0.8836984634399414,-0.0138438045978546,0.5849187970161438,0.8547195792198181,-0.0140110906213521,,,,,,,,,,,,,,,,,,
0.5659440159797668,0.7727435827255249,8.937409745612969e-08,0.5389986038208008,0.8415405750274658,-0.0051310239359736,0.5466668605804443,0.8823516964912415,-0.0108966557309031,0.5582652688026428,0.8928550481796265,-0.0112886009737849,0.5720670819282532,0.8836110830307007,-0.0134052624925971,0.5847464799880981,0.8539441823959351,-0.0136434957385063,,,,,,,,,,,,,,,,,,
0.5661832690238953,0.772717297077179,9.011829149585537e-08,0.5388266444206238,0.8429060578346252,-0.0058454414829611,0.546877384185791,0.8828780055046082,-0.011425158008933,0.558606743812561,0.8934599757194519,-0.0117886653169989,0.5724391937255859,0.8839322924613953,-0.013840977102518,0.5848357677459717,0.8541758060455322,-0.0141494963318109,,,,,,,,,,,,,,,,,,
0.5658695101737976,0.7723166942596436,8.96694771768125e-08,0.539404034614563,0.8434160351753235,-0.0055342731066048,0.5465932488441467,0.8830006718635559,-0.0116783119738101,0.5587978959083557,0.8937422037124634,-0.0120227737352252,0.572943389415741,0.8842833042144775,-0.0140279224142432,0.5847892761230469,0.8548263907432556,-0.0144366491585969,,,,,,,,,,,,,,,,,,
0.5659574866294861,0.7745504379272461,8.977045240499137e-08,0.5394108295440674,0.8441253304481506,-0.0051695499569177,0.5466747283935547,0.8842705488204956,-0.0110193230211734,0.5589081048965454,0.8942172527313232,-0.0112443696707487,0.5729734301567078,0.8846137523651123,-0.0131898717954754,0.5851661562919617,0.8559765219688416,-0.0134621132165193,,,,,,,,,,,,,,,,,,
0.566231369972229,0.7752212285995483,9.126759437094735e-08,0.5389198064804077,0.8442736268043518,-0.0053893830627202,0.5468057990074158,0.8843854665756226,-0.0109447250142693,0.5589072108268738,0.8943964242935181,-0.0113375326618552,0.572754979133606,0.8845776915550232,-0.0133194327354431,0.5852486491203308,0.855636715888977,-0.0136552117764949,,,,,,,,,,,,,,,,,,
0.5662196278572083,0.7743349075317383,9.071908380064997e-08,0.5391863584518433,0.8444118499755859,-0.0060600265860557,0.5471605062484741,0.8843483328819275,-0.0116575872525572,0.5589050650596619,0.8943164944648743,-0.0119707277044653,0.5726677775382996,0.8845453262329102,-0.0138683076947927,0.5848401188850403,0.8560160994529724,-0.0142155364155769,,,,,,,,,,,,,,,,,,
0.5663858652114868,0.7750068306922913,9.265554012927169e-08,0.5393404960632324,0.8445889353752136,-0.0060551390051841,0.5466041564941406,0.8845901489257812,-0.0114738419651985,0.5589380860328674,0.8944787979125977,-0.011456555686891,0.572716474533081,0.8847411870956421,-0.0129795894026756,0.5853223204612732,0.8564220666885376,-0.0131148817017674,0.4055086076259613,0.4122507572174072,4.657819729914081e-08,0.4299602806568146,0.4384106397628784,-0.0096785863861441,0.4446703791618347,0.4204651415348053,-0.0070201368071138,0.445557564496994,0.4104529023170471,-0.0046282662078738,0.4419821500778198,0.400221049785614,-0.0033882572315633,0.4382280707359314,0.3899897336959839,-0.0013494432205334
0.5661145448684692,0.7752876877784729,9.507633791372429e-08,0.5387629270553589,0.8443183302879333,-0.0064387680031359,0.5463741421699524,0.8836907744407654,-0.0118998633697628,0.55851149559021,0.8948183059692383,-0.0120057296007871,0.572718620300293,0.8846411108970642,-0.0135648576542735,0.5847441554069519,0.8568207621574402,-0.013655568473041,0.4023836851119995,0.4050412476062774,6.650516581885313e-08,0.4266389012336731,0.4282772243022918,-0.0068899481557309,0.4380557835102081,0.3995989263057709,-0.0055083152838051,0.4395456314086914,0.3881540298461914,-0.0039524156600236,0.4389882087707519,0.3773202002048492,-0.003076265566051,0.43449267745018,0.3712090849876404,-0.0014670128002762
0.5661240220069885,0.775204598903656,9.523860455828981e-08,0.5386906862258911,0.8436780571937561,-0.0068182712420821,0.546115517616272,0.8835389614105225,-0.0124908061698079,0.5577430725097656,0.8945944905281067,-0.0125093599781394,0.5719799995422363,0.885014533996582,-0.0140357324853539,0.5845410227775574,0.8568974733352661,-0.0141741521656513,0.3981156349182129,0.3959438800811767,9.862291250328781e-08,0.4225314259529114,0.4152101278305053,-0.0127261038869619,0.4359185397624969,0.3843606412410736,-0.013452012091875,0.4374247193336487,0.3722135424613952,-0.0116469273343682,0.4345625638961792,0.3618649244308471,-0.0103462897241115,0.4282209575176239,0.3576290011405945,-0.0090954937040805
0.5658561587333679,0.7751377820968628,9.27564087760402e-08,0.5387895107269287,0.8427824974060059,-0.0065248101018369,0.5457674264907837,0.8834449052810669,-0.0121140526607632,0.5575250387191772,0.893436074256897,-0.0120513504371047,0.5717823505401611,0.8840440511703491,-0.0135449338704347,0.5841639041900635,0.8567589521408081,-0.0136644756421446,0.3955108523368835,0.3906277418136596,1.0403022798755047e-07,0.4188438057899475,0.4018921256065368,-0.0079656913876533,0.4313006401062011,0.3701442182064056,-0.0082282330840826,0.432746022939682,0.3571778237819671,-0.0071023618802428,0.428904265165329,0.3472561240196228,-0.0065835108980536,0.421963632106781,0.3438945710659027,-0.005198492668569
0.5657954216003418,0.7738870978355408,9.075981211026375e-08,0.5385774970054626,0.8422219753265381,-0.0059488704428076,0.5449813604354858,0.882560133934021,-0.0118929864838719,0.5567793250083923,0.8924354314804077,-0.0123200817033648,0.5714111328125,0.8836883306503296,-0.0142811993137001,0.5838823914527893,0.8559121489524841,-0.014696218073368,0.393774151802063,0.3821473121643066,1.0770030911544383e-07,0.416274219751358,0.3886831402778625,-0.009732661768794,0.4275949597358703,0.3543681800365448,-0.0092210350558161,0.4284219443798065,0.3414174616336822,-0.0074861869215965,0.4240410029888153,0.3324311971664428,-0.0069674691185355,0.417266845703125,0.3302865326404571,-0.0056353122927248
0.5664746761322021,0.7732824683189392,9.318340232766786e-08,0.538174033164978,0.8415509462356567,-0.0061621228232979,0.5446451902389526,0.8819409012794495,-0.0117667773738503,0.556316614151001,0.8920937776565552,-0.0116550419479608,0.5709295868873596,0.8833056688308716,-0.0133195985108613,0.5834875702857971,0.8550027012825012,-0.0135012613609433,0.3926647007465362,0.3743317723274231,1.0510692760590247e-07,0.412876158952713,0.3754101395606994,-0.0052045574411749,0.4239222705364227,0.3385693728923797,-0.0041119051165878,0.4244000017642975,0.3267782032489776,-0.0031509657856076,0.419301301240921,0.3192252814769745,-0.0037200655788183,0.4132958054542541,0.3178465068340301,-0.0025044821668416
0.5657591223716736,0.7722294926643372,9.150953417247365e-08,0.5380409955978394,0.8407939076423645,-0.0056356638669967,0.5443607568740845,0.881598949432373,-0.0118575366213917,0.5558106899261475,0.8918394446372986,-0.0117691596969962,0.5703204870223999,0.882779061794281,-0.0133521780371665,0.5829353928565979,0.8550737500190735,-0.0135274184867739,0.3907583951950073,0.3662301898002624,9.615310858634984e-08,0.411100834608078,0.3608539998531341,-0.004268183838576,0.4208170771598816,0.3237358033657074,-0.0048378445208072,0.4207234978675842,0.3114285171031952,-0.0042359074577689,0.4153508841991424,0.3043997883796692,-0.0053593330085277,0.4089477956295013,0.3039480745792389,-0.0045915804803371
0.5657531023025513,0.7708112597465515,9.23224803273115e-08,0.5379233956336975,0.8400575518608093,-0.0064681372605264,0.5433811545372009,0.8808677196502686,-0.0125817852094769,0.555279016494751,0.8909676671028137,-0.0126193854957818,0.5701881051063538,0.8823891878128052,-0.0142442947253584,0.5828810930252075,0.8543891310691833,-0.0145532134920358,0.3895660042762756,0.3574767410755157,9.692080027434713e-08,0.4098066687583923,0.3457778990268707,-0.0009645241079851,0.4185974895954132,0.3081651628017425,-0.0020179273560643,0.4187519550323486,0.2969754636287689,-0.0019037404563277,0.4128929376602173,0.2895719408988952,-0.0037575161550194,0.4054827094078064,0.2895741164684295,-0.0032640558201819
0.565220057964325,0.7711343765258789,9.133097478297715e-08,0.5368779301643372,0.8399918079376221,-0.0053209974430501,0.5430212616920471,0.8806342482566833,-0.0112126395106315,0.5545005798339844,0.8903104066848755,-0.0113414442166686,0.5695953369140625,0.8821117877960205,-0.0130712343379855,0.5822941660881042,0.8544753193855286,-0.0132680144160985,0.3895707726478576,0.346824049949646,9.05267754092165e-08,0.4101041555404663,0.3303199112415313,0.0039337971247732,0.4186533689498901,0.2913336455821991,0.0028793627861887,0.4187129139900207,0.2810004949569702,0.0020329221151769,0.413015753030777,0.2735791504383087,-0.0012094022240489,0.4045287072658539,0.2745973169803619,-0.0013644085265696
0.5653145909309387,0.7707099318504333,9.204918427485609e-08,0.5366607308387756,0.8400110602378845,-0.0058055068366229,0.5425547361373901,0.8793633580207825,-0.0120471641421318,0.5539153218269348,0.890023946762085,-0.0122225424274802,0.5686416625976562,0.8814374208450317,-0.0138370459899306,0.5815219283103943,0.8535313606262207,-0.0140245407819747,0.3903822898864746,0.3365045487880707,8.705940501840814e-08,0.410690039396286,0.3151476383209228,0.0023262165486812,0.4190497696399688,0.2755265831947326,0.0008100359118543,0.4190480709075928,0.2658891975879669,0.0008098271209746,0.412713885307312,0.2587872147560119,-0.001706855604425,0.4048240482807159,0.2601658999919891,-0.0016862056218087
0.5644368529319763,0.7708988189697266,9.61350679062889e-08,0.5361163020133972,0.839504063129425,-0.0060864672996103,0.5420782566070557,0.8793717622756958,-0.0121260434389114,0.5533199906349182,0.8898991942405701,-0.0122780380770564,0.5679045915603638,0.8821254968643188,-0.0141243329271674,0.5808818936347961,0.8537402153015137,-0.0142449177801609,0.3915254473686218,0.3262728452682495,8.817170282782173e-08,0.4132009148597717,0.2988753318786621,0.0018510617082938,0.4203741550445556,0.2574805617332458,-0.0001323217438766,0.4202845692634582,0.247564747929573,-0.0005541624850593,0.4138707220554352,0.2411348223686218,-0.0031237048096954,0.4055785536766052,0.246143102645874,-0.0032539044041186
0.564312219619751,0.7714738249778748,9.213077589720343e-08,0.5359111428260803,0.839117705821991,-0.0054225139319896,0.5413855314254761,0.8789326548576355,-0.0112372171133756,0.5525570511817932,0.8897830247879028,-0.0113493083044886,0.5670007467269897,0.8821361064910889,-0.0131321856752038,0.5805194973945618,0.8540598154067993,-0.0133184716105461,0.3936159610748291,0.3160586953163147,9.237911058335159e-08,0.4165168404579162,0.2853381633758545,0.0005961934803053,0.4231248497962951,0.2421115487813949,-0.0021423357538878,0.422918438911438,0.2316518723964691,-0.0025584923569113,0.4151640832424164,0.2270524799823761,-0.0045861755497753,0.407394528388977,0.2334406524896621,-0.0046696704812347
0.5635590553283691,0.7708824276924133,9.277827928144688e-08,0.5351700186729431,0.8388352990150452,-0.0062217921949923,0.5409327745437622,0.8788246512413025,-0.012049795128405,0.5518597960472107,0.8897583484649658,-0.0125068388879299,0.5664148926734924,0.8819965124130249,-0.0144908428192138,0.5797390937805176,0.853548526763916,-0.014946854673326,0.3964654803276062,0.3062528073787689,9.158551250720849e-08,0.4223024249076843,0.2730298042297363,-0.0015267748385667,0.4275486171245575,0.2275483757257461,-0.003590929787606,0.4261926710605621,0.2185671925544738,-0.0038317784201353,0.4188124537467956,0.2144134640693664,-0.0054085319861769,0.4099439084529876,0.2234852612018585,-0.0050725108012557
0.5639649033546448,0.7712182998657227,9.283042601282433e-08,0.5350379347801208,0.8374819755554199,-0.0058908425271511,0.5408134460449219,0.8789030313491821,-0.0116471899673342,0.5515256524085999,0.8898390531539917,-0.0114925112575292,0.5658831596374512,0.8819389939308167,-0.0129524981603026,0.5791929960250854,0.8540554642677307,-0.013079660013318,0.3999113738536834,0.2977474927902221,8.458512468223489e-08,0.4286166727542877,0.2613807618618011,-0.0025221807882189,0.4320945143699646,0.217034637928009,-0.0056971511803567,0.4312923848628998,0.2070977985858917,-0.0063486085273325,0.4236395061016083,0.2039587497711181,-0.0078988531604409,0.4140156209468841,0.2142964005470276,-0.0080406237393617
0.5637450218200684,0.7710044980049133,9.237514575488605e-08,0.5341415405273438,0.8385941982269287,-0.0056161195971071,0.5402100086212158,0.8786441683769226,-0.0115322582423686,0.5507545471191406,0.8896634578704834,-0.0118158059194684,0.5653895735740662,0.8819931149482727,-0.0136715406551957,0.5787667036056519,0.8541578650474548,-0.0139066940173506,0.4039517939090729,0.2912073135375976,8.75635066677205e-08,0.433835357427597,0.2527436017990112,-0.0046400153078138,0.4386924505233764,0.2090683877468109,-0.0074178562499582,0.4372316598892212,0.1993117332458496,-0.0077772010117769,0.4293300807476043,0.1962301582098007,-0.0094170365482568,0.4188370704650879,0.207454115152359,-0.0100222714245319
0.5634977221488953,0.7717140316963196,9.49088487800509e-08,0.5338906049728394,0.8387874364852905,-0.0055615538731217,0.5398451685905457,0.8794540166854858,-0.0114039173349738,0.5504043698310852,0.8904430270195007,-0.0117118321359157,0.5649933218955994,0.882628321647644,-0.0134591413661837,0.5784560441970825,0.8545144200325012,-0.0134906955063343,0.4084442853927612,0.2850029468536377,7.604543128536535e-08,0.4393060803413391,0.2452322095632553,-0.0026515696663409,0.4451771676540375,0.2055481374263763,-0.0072507811710238,0.4436319470405578,0.195487380027771,-0.0079712988808751,0.4351295530796051,0.1910377889871597,-0.0100674610584974,0.4237776696681976,0.2036060690879821,-0.0108291786164045
0.5631495714187622,0.7706100344657898,9.41333340165329e-08,0.5337810516357422,0.8386748433113098,-0.0066110263578593,0.539507269859314,0.8793585300445557,-0.0126213850453495,0.550314724445343,0.890588104724884,-0.0126171167939901,0.5645729899406433,0.8826475143432617,-0.0142107214778661,0.5779089331626892,0.8547431230545044,-0.0143646243959665,0.4129303395748138,0.2803930044174194,7.387033917893859e-08,0.4453126192092895,0.2406865805387497,-0.0041918200440704,0.4514576196670532,0.2009210884571075,-0.0085652535781264,0.4490108489990234,0.1919444054365158,-0.0088864788413047,0.4405371844768524,0.189455360174179,-0.0104122050106525,0.4289354085922241,0.2018517106771469,-0.0109730418771505
0.5626910924911499,0.771445631980896,9.322813809831133e-08,0.5331887006759644,0.8382927775382996,-0.0049036974087357,0.5389629602432251,0.8802904486656189,-0.0109318355098366,0.5497763156890869,0.8910133242607117,-0.0113456109538674,0.5641542673110962,0.8828769326210022,-0.0130153382197022,0.5770978927612305,0.8549293875694275,-0.0131506798788905,0.4173949360847473,0.2783584594726562,7.003670532412799e-08,0.4510225355625152,0.2398379445075988,-0.0044437907636165,0.4571866393089294,0.2007895559072494,-0.0088423993438482,0.4547440111637115,0.1908688098192215,-0.0091702304780483,0.4463534951210022,0.1882284581661224,-0.0110538629814982,0.433623731136322,0.2023249715566635,-0.0121078761294484
0.5616689324378967,0.7717758417129517,9.012314450274063e-08,0.5329403877258301,0.8389967679977417,-0.0057763750664889,0.5381455421447754,0.8798391222953796,-0.0119759598746895,0.5488975644111633,0.8908493518829346,-0.0124056404456496,0.5635222792625427,0.8834145665168762,-0.0145362569019198,0.5768845081329346,0.8549616932868958,-0.015043718740344,0.42165207862854,0.2775009572505951,6.863895407605014e-08,0.4570255577564239,0.2412756234407425,-0.0060336897149682,0.4637781977653503,0.2034512758255005,-0.0101336147636175,0.4617972075939178,0.193374365568161,-0.0102011067792773,0.4534336030483246,0.1913011968135833,-0.0118409181013703,0.4394029974937439,0.2032543122768402,-0.0130042750388383
0.5616300702095032,0.7719542384147644,9.43724955959624e-08,0.5324627757072449,0.8394379615783691,-0.0051185940392315,0.5378900766372681,0.8808258175849915,-0.0116372611373662,0.5487749576568604,0.8915315866470337,-0.0119141349568963,0.5632673501968384,0.8842907547950745,-0.0135989682748913,0.5764510035514832,0.8561314344406128,-0.0136111015453934,0.4254337549209595,0.2781073451042175,6.438578736833733e-08,0.4628310203552246,0.2453985512256622,-0.0060861823149025,0.4698426127433777,0.2082548141479492,-0.0100138625130057,0.4681971371173858,0.1999568492174148,-0.0101619577035307,0.4596438705921173,0.197100430727005,-0.0115148676559329,0.4458016157150268,0.2056253552436828,-0.0126179847866296
0.5615872144699097,0.7729511857032776,9.267386502642695e-08,0.5322439074516296,0.8390961289405823,-0.0053635383956134,0.5373339653015137,0.8805043697357178,-0.0116028673946857,0.5482091903686523,0.8915255665779114,-0.0120461340993642,0.5623351335525513,0.8844020962715149,-0.0140000795945525,0.5763086080551147,0.8561310768127441,-0.0142785552889108,0.430412232875824,0.2795894145965576,6.744092218013975e-08,0.4686169624328613,0.2514606714248657,-0.0064561618492007,0.4763535857200622,0.2143481224775314,-0.0112466104328632,0.4749205708503723,0.2056276947259903,-0.0112133109942078,0.4665351808071136,0.2024869173765182,-0.0125082703307271,0.4521567225456238,0.210538238286972,-0.0136672928929328
0.5607746243476868,0.7738856077194214,9.224551433817396e-08,0.5320021510124207,0.8389620184898376,-0.0053805354982614,0.536970853805542,0.8804196119308472,-0.0115797836333513,0.547948956489563,0.8922014236450195,-0.0120921619236469,0.5625264048576355,0.8847722411155701,-0.0139655517414212,0.5759953260421753,0.857373058795929,-0.0142783876508474,0.4343493580818176,0.2827223241329193,6.808712527117677e-08,0.4732344150543213,0.2586442232131958,-0.0067741591483354,0.4823657274246216,0.2218044847249984,-0.0113503234460949,0.4814425110816955,0.2134688198566436,-0.0110579207539558,0.4732149839401245,0.2089473456144333,-0.0122670084238052,0.4583403170108795,0.2168648540973663,-0.0134338261559605
0.561297595500946,0.7735940217971802,9.003922940564736e-08,0.5316888093948364,0.8392953872680664,-0.0059481090866029,0.5371482372283936,0.8812446594238281,-0.0120218889787793,0.5477450489997864,0.8920046091079712,-0.0118940509855747,0.5618573427200317,0.8844488263130188,-0.0134651139378547,0.5755316019058228,0.8567054867744446,-0.0136680752038955,0.4385845065116882,0.2856121957302093,6.435347188471496e-08,0.4775961935520172,0.2672012448310852,-0.0061928653158247,0.4884763062000274,0.2315930873155594,-0.0105518223717808,0.4875418841838836,0.2212748974561691,-0.0104457577690482,0.4797761738300323,0.2165339738130569,-0.0117245884612202,0.4650135636329651,0.2223154753446579,-0.0128942923620343
0.5604850649833679,0.7735905647277832,8.676509821725632e-08,0.5319020748138428,0.8395054936408997,-0.0042733522132039,0.5367856621742249,0.8812808394432068,-0.0105709889903664,0.5476335883140564,0.8925674557685852,-0.0115133356302976,0.5617879629135132,0.8853726387023926,-0.0138942077755928,0.5753054022789001,0.8570605516433716,-0.0144735621288418,0.4417867660522461,0.2897107601165771,5.903565636344865e-08,0.4810611307621002,0.2768388092517853,-0.0042012031190097,0.493625670671463,0.2416183650493621,-0.009591793641448,0.4934327900409698,0.2321625500917434,-0.0102004222571849,0.4858123064041137,0.226758062839508,-0.0116663761436939,0.4710150957107544,0.2300317585468292,-0.012807622551918
0.560676097869873,0.7727905511856079,8.460584410840967e-08,0.5318622589111328,0.8387170433998108,-0.003533614333719,0.5369530320167542,0.8816624283790588,-0.010236750356853,0.5476759672164917,0.8924645185470581,-0.0112103018909692,0.5615153312683105,0.884898841381073,-0.0133715458214282,0.5750884413719177,0.8569955825805664,-0.0138531439006328,0.4449565410614013,0.2953281700611114,5.948838932567924e-08,0.4834986329078674,0.2859945297241211,-0.0042691300623118,0.4987152814865112,0.2526274919509887,-0.0093479501083493,0.4981779158115387,0.2423674166202545,-0.0095938583835959,0.4910895228385925,0.2363111525774002,-0.0110783483833074,0.4768675565719604,0.238207995891571,-0.0122805181890726
0.5606769919395447,0.7725005149841309,8.676259710682643e-08,0.5314598083496094,0.8392838835716248,-0.0039707249961793,0.536729097366333,0.881065309047699,-0.0105745578184723,0.5475968718528748,0.8922961354255676,-0.0116330478340387,0.5616066455841064,0.8850104808807373,-0.0137793337926268,0.5751727819442749,0.8570907711982727,-0.0140837784856557,0.446247935295105,0.3006987273693084,5.8750202924784396e-08,0.4843388795852661,0.2962596714496612,-0.0047587901353836,0.501923680305481,0.2638024687767029,-0.0103239193558692,0.5026764273643494,0.2549418210983276,-0.0109931798651814,0.495809257030487,0.2472807914018631,-0.0124790836125612,0.4810692071914673,0.2473540902137756,-0.0137092405930161
0.5606576800346375,0.772961437702179,8.707877441338496e-08,0.5316314697265625,0.8386615514755249,-0.003578218864277,0.5368636846542358,0.8801652193069458,-0.0102253919467329,0.5475674271583557,0.8921990990638733,-0.0110804475843906,0.5614986419677734,0.8849681615829468,-0.0133042950183153,0.5751162171363831,0.8571628928184509,-0.0136368488892912,0.4480524659156799,0.307371437549591,6.111774553119177e-08,0.4852937161922455,0.3075143098831177,-0.0062202778644859,0.5043755769729614,0.2758953869342804,-0.0108827464282512,0.5056753754615784,0.26629638671875,-0.0116730723530054,0.499367743730545,0.2585899829864502,-0.0128419762477278,0.4853737652301788,0.2568364441394806,-0.014055885374546
0.5602133870124817,0.7724030613899231,8.769996640012324e-08,0.5313532948493958,0.838290274143219,-0.004604791291058,0.5366953015327454,0.8806588053703308,-0.0106693087145686,0.5472182631492615,0.8915658593177795,-0.011271989904344,0.561333417892456,0.8844544887542725,-0.0133418217301368,0.5749431848526001,0.8567978143692017,-0.0137846358120441,0.4487397670745849,0.3139136433601379,5.9526676920995676e-08,0.4852051734924316,0.3184874653816223,-0.0061196302995085,0.5058339834213257,0.2879167199134826,-0.0099598001688718,0.5076532363891602,0.2786719799041748,-0.010386424139142,0.5016633868217468,0.2707366645336151,-0.0114170080050826,0.4882494509220123,0.2671570479869842,-0.0124797336757183
0.5608961582183838,0.7722103595733643,8.63178684085142e-08,0.5312730669975281,0.8381287455558777,-0.0045972988009452,0.5367316603660583,0.8797836303710938,-0.0109921647235751,0.5475333333015442,0.890768826007843,-0.0116145750507712,0.5614157915115356,0.8834622502326965,-0.0135601200163364,0.5747882127761841,0.8561213612556458,-0.0138336913660168,0.4508658647537231,0.3190028667449951,5.5390863451521e-08,0.4888214766979217,0.3109809458255768,-0.0025146410334855,0.5067259073257446,0.2994545400142669,-0.0071525909006595,0.5081793665885925,0.2903767228126526,-0.0075479811057448,0.50298011302948,0.2809606790542602,-0.0087341479957103,0.4902735650539398,0.2749015092849731,-0.0096320742741227
0.560274064540863,0.7707397937774658,8.602142287372773e-08,0.531352698802948,0.837188720703125,-0.0044123572297394,0.53641676902771,0.878869354724884,-0.0104261618107557,0.5474382042884827,0.8897059559822083,-0.0110314739868044,0.5612861514091492,0.883603036403656,-0.0131858987733721,0.5743834376335144,0.856194257736206,-0.0135966930538415,0.4520634114742279,0.3243899047374725,5.51850192209713e-08,0.4849939942359924,0.3272900581359863,-0.0045043299905955,0.5054805874824524,0.3124462962150574,-0.0090741058811545,0.5079094171524048,0.3022858500480652,-0.009197412058711,0.5032932758331299,0.2927342653274536,-0.0098456926643848,0.491350769996643,0.2859373688697815,-0.0099939722567796
0.5608155131340027,0.7701550722122192,8.267325313227047e-08,0.5310503840446472,0.8346452116966248,-0.0052719181403517,0.5364159941673279,0.877485990524292,-0.0109208412468433,0.5470623970031738,0.8885602951049805,-0.0113139282912015,0.5608195662498474,0.8818600177764893,-0.0131061868742108,0.5741053819656372,0.8553179502487183,-0.0135615905746817,0.4513462483882904,0.3312642574310303,5.4744798916317456e-08,0.4858628511428833,0.3303308486938476,-0.0025764242745935,0.5044894218444824,0.3243486285209656,-0.0084664123132824,0.5065464377403259,0.3140794634819031,-0.0096490755677223,0.5024924874305725,0.3034193813800812,-0.011016746982932,0.4916452169418335,0.295360654592514,-0.0116350054740905
0.5603328943252563,0.7696788907051086,8.254470884594411e-08,0.5302813649177551,0.83298659324646,-0.0053250989876687,0.5354952216148376,0.8760948181152344,-0.0110133159905672,0.5462928414344788,0.8869372606277466,-0.0113786440342664,0.5596652626991272,0.8801620602607727,-0.0131312767043709,0.572655439376831,0.855008602142334,-0.0135914143174886,0.4487859010696411,0.3426260352134704,5.65645770223e-08,0.4880033433437347,0.3494119048118591,-0.0017129004700109,0.5040997266769409,0.3329953849315643,-0.0069612772203981,0.5047701597213745,0.3250972032546997,-0.0090775452554225,0.5021079182624817,0.3151343464851379,-0.0104239750653505,0.490973949432373,0.3064701557159424,-0.0110419103875756
0.5602858066558838,0.7674944996833801,8.209699586814169e-08,0.529657781124115,0.830677330493927,-0.0049354969523847,0.5345509648323059,0.8739305734634399,-0.0107946284115314,0.5449950695037842,0.8853714466094971,-0.0110359964892268,0.5585541129112244,0.8792552351951599,-0.0124940583482384,0.5717369318008423,0.8548226356506348,-0.0127734169363975,,,,,,,,,,,,,,,,,,
0.5593931078910828,0.7656626105308533,8.077029889363986e-08,0.5285303592681885,0.8286113142967224,-0.0055477605201303,0.5327330827713013,0.870926558971405,-0.0112814558669924,0.5435259342193604,0.8835165500640869,-0.01144390553236,0.5565664172172546,0.8778132200241089,-0.0128164552152156,0.5692920684814453,0.8550493121147156,-0.0132459737360477,,,,,,,,,,,,,,,,,,
0.5590672492980957,0.7654738426208496,8.1381891448018e-08,0.5268439650535583,0.825581967830658,-0.004640188999474,0.5308128595352173,0.8692995309829712,-0.0099551770836114,0.5413010120391846,0.8808114528656006,-0.0103370649740099,0.5544321537017822,0.8762073516845703,-0.011722688563168,0.5668504238128662,0.8552485704421997,-0.0119275599718093,,,,,,,,,,,,,,,,,,
0.5580571293830872,0.7640584111213684,7.630665521674018e-08,0.5251874327659607,0.8224378824234009,-0.0042479601688683,0.5282506346702576,0.865790843963623,-0.0103425234556198,0.5386895537376404,0.8787678480148315,-0.0111296623945236,0.5515231490135193,0.8755795359611511,-0.0128907952457666,0.5644395351409912,0.8551270365715027,-0.0132786901667714,,,,,,,,,,,,,,,,,,
0.557822048664093,0.7624695897102356,7.780501931620165e-08,0.5239787697792053,0.8187311887741089,-0.0039937552064657,0.5258014798164368,0.8628379702568054,-0.0097443787381052,0.5357300639152527,0.8759923577308655,-0.0100203352048993,0.5493013858795166,0.8725389242172241,-0.011530676856637,0.5617249608039856,0.8527454733848572,-0.0116355307400226,,,,,,,,,,,,,,,,,,
0.5573225617408752,0.7619157433509827,7.619491526611456e-08,0.521694004535675,0.8151955604553223,-0.003520025871694,0.5229467749595642,0.8592292666435242,-0.0090164393186569,0.5325686931610107,0.8733052015304565,-0.009478791616857,0.5454279780387878,0.8713765144348145,-0.0110698258504271,0.558462381362915,0.8531402349472046,-0.0112663609907031,,,,,,,,,,,,,,,,,,
0.5557421445846558,0.7594512104988098,7.54810969283426e-08,0.5197452902793884,0.8114665150642395,-0.0033835910726338,0.5202404260635376,0.8553158044815063,-0.0092189451679587,0.5294654965400696,0.870232880115509,-0.0100387968122959,0.5419468283653259,0.8690024614334106,-0.0117735499516129,0.5554789900779724,0.8511185646057129,-0.0119712343439459,,,,,,,,,,,,,,,,,,
0.5557639598846436,0.7584794759750366,7.751317099291556e-08,0.5174935460090637,0.8077258467674255,-0.0024275907780975,0.5176559686660767,0.8517779111862183,-0.0081901429221034,0.5264443159103394,0.8670828342437744,-0.009243294596672,0.5389538407325745,0.8668363690376282,-0.0110203064978122,0.5530519485473633,0.8498461842536926,-0.0110601494088768,,,,,,,,,,,,,,,,,,
0.5543696880340576,0.7580671906471252,7.604112539638663e-08,0.5159135460853577,0.8045027256011963,-0.0030176215805113,0.5148659944534302,0.8473184704780579,-0.0087898923084139,0.5236194133758545,0.8641884922981262,-0.0099240010604262,0.5360715389251709,0.86508709192276,-0.0117147304117679,0.5496787428855896,0.8493329882621765,-0.0121126696467399,,,,,,,,,,,,,,,,,,
0.5542033314704895,0.7575571537017822,7.904838383865355e-08,0.5141590237617493,0.8015966415405273,-0.0039356425404548,0.5129044055938721,0.8452938199043274,-0.0098436111584305,0.5208383202552795,0.8621265888214111,-0.0103606916964054,0.5331507325172424,0.8632843494415283,-0.0116578759625554,0.5475438833236694,0.8489390015602112,-0.0115947891026735,,,,,,,,,,,,,,,,,,
0.5534476637840271,0.7569561004638672,7.847165761631913e-08,0.5131873488426208,0.7995778918266296,-0.0032585973385721,0.5104762315750122,0.8432732820510864,-0.0086693335324525,0.5186044573783875,0.8595024943351746,-0.0091610075905919,0.5305212140083313,0.8620011806488037,-0.010651396587491,0.5448414087295532,0.8486406803131104,-0.0108988722786307,,,,,,,,,,,,,,,,,,
0.5528681874275208,0.756829023361206,7.995166129148856e-08,0.5120596289634705,0.798455536365509,-0.0029067213181406,0.5089201927185059,0.8417270183563232,-0.0088358372449874,0.5162452459335327,0.8585864305496216,-0.0096062514930963,0.5281315445899963,0.8614640235900879,-0.0114172864705324,0.5433491468429565,0.8482353091239929,-0.0117692723870277,0.4188956320285797,0.4133418798446655,-7.3023631586011115e-09,0.4461074769496918,0.4353741705417633,-0.0022703455761075,0.4510445594787597,0.4221928119659424,0.0001419328327756,0.4462977945804596,0.4139204621315002,-0.0006053212564438,0.4411751329898834,0.4029672145843506,-0.0001720223808661,0.4380466341972351,0.3916180431842804,0.0020125298760831
0.5515235066413879,0.7563534379005432,8.261267225861958e-08,0.5103881359100342,0.7977401614189148,-0.0030333723407238,0.5074182152748108,0.8409152030944824,-0.0082357255741953,0.5150416493415833,0.8573489785194397,-0.0086857732385396,0.5267541408538818,0.8606213331222534,-0.0099791940301656,0.5422569513320923,0.8479968905448914,-0.0099645629525184,0.4135448038578033,0.4060166478157043,4.2860925475451956e-08,0.4373035132884979,0.4275969564914703,0.0028433548286557,0.4436037242412567,0.402235209941864,0.0045883604325354,0.4451159536838531,0.390535831451416,0.0031227546278387,0.4448320865631103,0.3790153264999389,0.0017244556220248,0.4417234361171722,0.3719516098499298,0.0029413318261504
0.5507085919380188,0.7574524283409119,8.499178960619248e-08,0.5088662505149841,0.7985954880714417,-0.0031326517928391,0.5063332915306091,0.8410782217979431,-0.0084254490211606,0.5132030248641968,0.8582543730735779,-0.0092779528349637,0.5257646441459656,0.861639678478241,-0.0109436549246311,0.5409207344055176,0.8482291102409363,-0.0111061744391918,0.4072422385215759,0.4035815298557281,9.156276092880945e-08,0.4327909648418426,0.4149937331676483,-0.0081314342096447,0.4444129765033722,0.3862873315811157,-0.0101844407618045,0.4455534815788269,0.3752268254756927,-0.0091933188959956,0.4416912496089935,0.3657476305961609,-0.0083437860012054,0.4350513815879822,0.3632105588912964,-0.0071820118464529
0.5501465201377869,0.7578569054603577,8.005927298881944e-08,0.5087315440177917,0.7997064590454102,-0.0018512795213609,0.5060778260231018,0.841281533241272,-0.0079024462029337,0.5128182768821716,0.8591175079345703,-0.0089814625680446,0.5249447822570801,0.8622139692306519,-0.010738581418991,0.539859414100647,0.849549412727356,-0.010932145640254,0.4033321440219879,0.398973673582077,1.0735951860851857e-07,0.4287741780281067,0.4047766625881195,-0.0112018175423145,0.438862532377243,0.3739218413829803,-0.0130271250382065,0.439177006483078,0.3622449934482574,-0.0114792417734861,0.435357391834259,0.3543993234634399,-0.0100583368912339,0.4289957880973816,0.3534503877162933,-0.0086122769862413
0.5489698648452759,0.7597118020057678,8.427876707628458e-08,0.508626401424408,0.8030477166175842,-0.0016746486071497,0.5053809285163879,0.8437299132347107,-0.0071421950124204,0.5128210186958313,0.8612493872642517,-0.0082382736727595,0.5247949957847595,0.8639737367630005,-0.0101422648876905,0.5398932099342346,0.8505181074142456,-0.010449394583702,0.4021517038345337,0.3937122821807861,1.0419184803822645e-07,0.4244579672813415,0.394656628370285,-0.0117320045828819,0.4331364929676056,0.3622574508190155,-0.0135529842227697,0.4331603944301605,0.3508957028388977,-0.0114910406991839,0.4286037087440491,0.3438561558723449,-0.0103982686996459,0.4218954145908355,0.3434437215328216,-0.0091588301584124
0.547679603099823,0.760363757610321,7.584512218272722e-08,0.5094673037528992,0.8047435283660889,-0.0015825957525521,0.5060498118400574,0.8463241457939148,-0.0077439877204597,0.5133567452430725,0.8632676601409912,-0.0089300870895385,0.5260879397392273,0.8652403950691223,-0.0108619406819343,0.5409950613975525,0.8517130613327026,-0.0111556518822908,0.3987684249877929,0.3907182514667511,1.1390463328098123e-07,0.4204273819923401,0.384835809469223,-0.0119169615209102,0.4279554784297943,0.3504217863082886,-0.0131833190098404,0.4275376200675964,0.3389351069927215,-0.0107373697683215,0.4225379824638366,0.3334449827671051,-0.0094494996592402,0.4163376092910766,0.3343517482280731,-0.0079403510317206
0.5474245548248291,0.7622056603431702,7.643060939699353e-08,0.5090957880020142,0.80763179063797,-0.0008284571813419,0.5065150856971741,0.8497940897941589,-0.0068960227072238,0.5141777396202087,0.8651139140129089,-0.0079495022073388,0.526852548122406,0.8672477006912231,-0.0098113967105746,0.5415322184562683,0.8531709313392639,-0.010079157538712,0.3971143662929535,0.3855604529380798,1.0513694803648833e-07,0.4167563915252685,0.3745598196983337,-0.0068222554400563,0.4229007363319397,0.3407207727432251,-0.0081098955124616,0.4216445386409759,0.3298347294330597,-0.0067204581573605,0.4167419075965881,0.3240441083908081,-0.0067814867943525,0.4120651185512543,0.3252164721488952,-0.0054678707383573
0.5468568801879883,0.7620837688446045,7.659686218630668e-08,0.5092566013336182,0.8103023171424866,-0.0014943368732929,0.5070932507514954,0.8519532084465027,-0.007767223753035,0.5152215957641602,0.8685328364372253,-0.0090640382841229,0.5282291769981384,0.8693240284919739,-0.0104700475931167,0.5419289469718933,0.8538047075271606,-0.0105021111667156,0.39627406001091,0.3821180760860443,1.0115441284597183e-07,0.4125367999076843,0.3650548160076141,-0.0048782853409647,0.4184749126434326,0.3303788900375366,-0.0066599333658814,0.4170916080474853,0.319078654050827,-0.0055631841532886,0.4120693802833557,0.3151338696479797,-0.0062808408401906,0.4066643714904785,0.3176255822181701,-0.0052858293056488
0.5459089875221252,0.7638900279998779,7.72757289269066e-08,0.5101755857467651,0.8138424158096313,-0.0012441552244126,0.5080883502960205,0.8541869521141052,-0.0072115575894713,0.5164456963539124,0.8703054189682007,-0.0088132489472627,0.5297082662582397,0.8704438805580139,-0.0101892529055476,0.5424621105194092,0.8549283146858215,-0.01007542014122,0.3950553238391876,0.3786254823207855,9.081273333322316e-08,0.4100487828254699,0.3546542525291443,-0.0033774701878428,0.4152853488922119,0.3200999498367309,-0.0055002635344862,0.4132483601570129,0.3092396557331085,-0.0043414700776338,0.4075887501239776,0.3052121698856354,-0.0055699092335999,0.4023832380771637,0.3085217773914337,-0.0049980413168668
0.5457807183265686,0.763779878616333,7.759845743748883e-08,0.5104914903640747,0.8153409361839294,-0.0003312538319732,0.508563220500946,0.8564512133598328,-0.0067354883067309,0.5171855688095093,0.8723124265670776,-0.008290178142488,0.5300308465957642,0.8722918033599854,-0.0097782900556921,0.5431749224662781,0.856421172618866,-0.0096531175076961,0.3944968283176422,0.3753597736358642,9.0937810170999e-08,0.4082308709621429,0.3452737629413605,-0.0001506121334386,0.4119612276554107,0.3097582757472992,-0.0025705352891236,0.4097984731197357,0.2992483377456665,-0.0019734718371182,0.4042353928089142,0.2969275116920471,-0.0041296421550214,0.3992524147033691,0.3020590543746948,-0.0037163121160119
0.5459972023963928,0.7650807499885559,7.144488023413943e-08,0.5114871263504028,0.8150297403335571,0.0012581547489389,0.5087845325469971,0.8584892153739929,-0.0050243320874869,0.5178107023239136,0.8737000226974487,-0.0067242528311908,0.5302230715751648,0.8730201125144958,-0.008675786666572,0.5434282422065735,0.8571258783340454,-0.0089534483850002,0.3941989541053772,0.3705816864967346,8.642323479080005e-08,0.406875878572464,0.3361749649047851,0.0020252855028957,0.409874677658081,0.3016808927059173,0.0001563346741022,0.4077300429344177,0.2912133038043976,0.0005631810054183,0.4016454517841339,0.288855642080307,-0.0021943487226963,0.3966068625450134,0.295296162366867,-0.0021473374217748
0.5460283756256104,0.7659872174263,6.621770864967402e-08,0.510672390460968,0.8173760771751404,0.001240765559487,0.5094726085662842,0.8592134714126587,-0.0056148902513086,0.518498420715332,0.8742530345916748,-0.0071956603787839,0.5311223864555359,0.8734860420227051,-0.0089065413922071,0.5438846945762634,0.8576086163520813,-0.0090241497382521,0.3943585157394409,0.3659998178482055,8.450499677792322e-08,0.4064454436302185,0.3283003866672516,0.0016292550135403,0.4087299108505249,0.2931647896766662,-0.0005898346425965,0.4062197804450989,0.2827003896236419,-0.0002744630328379,0.4001930058002472,0.2810708880424499,-0.0027273853775113,0.394921213388443,0.2885119318962097,-0.0029020041693001
0.5465711951255798,0.7660700678825378,7.297948911855201e-08,0.5110993385314941,0.8177667856216431,-0.0014415713958442,0.5100566148757935,0.8605782389640808,-0.0080242669209837,0.5185998678207397,0.8741576075553894,-0.0089591229334473,0.5313571095466614,0.8745793700218201,-0.0102333612740039,0.5442662835121155,0.8589732646942139,-0.0101510928943753,0.3939105272293091,0.3610645532608032,8.60558984072668e-08,0.4071305692195892,0.3208417296409607,-1.2530344974948092e-05,0.4085454940795898,0.2848077118396759,-0.0021542552858591,0.4060387909412384,0.274866908788681,-0.0014072668273001,0.3995377123355865,0.2736397981643677,-0.00361068546772,0.3936585187911987,0.2842815816402435,-0.0036186359357088
0.5477574467658997,0.766208827495575,7.367611942754594e-08,0.5127108693122864,0.8170983195304871,0.0001639780821278,0.5105396509170532,0.8604910969734192,-0.0063098636455833,0.5192703604698181,0.8750401139259338,-0.0077498964965343,0.5317679643630981,0.8743098974227905,-0.0093102324753999,0.5445659160614014,0.8584494590759277,-0.0092357918620109,0.3942331075668335,0.3580623567104339,8.697951869862663e-08,0.4087142944335937,0.3143609166145324,-0.0011806268012151,0.4091582596302032,0.2773138284683227,-0.0032447637058794,0.406569629907608,0.2682607471942901,-0.0022447761148214,0.4003100097179413,0.2676048874855041,-0.0036679706536233,0.3937897682189941,0.278694599866867,-0.0035463271196931
0.548012912273407,0.7663953900337219,7.000046053917687e-08,0.5119121670722961,0.8184397220611572,-2.650549731697538e-06,0.5107529163360596,0.8599177002906799,-0.0061333663761615,0.519509494304657,0.87446528673172,-0.0076659093610942,0.5317202210426331,0.8747923970222473,-0.0097441002726554,0.5448693633079529,0.8585452437400818,-0.0101119317114353,0.3953824341297149,0.3548569977283478,8.668912698794885e-08,0.4107689559459686,0.3071170747280121,-0.0017976843519136,0.4107157289981842,0.2711899876594543,-0.0044141458347439,0.408702403306961,0.2622110843658447,-0.0036806059069931,0.401784598827362,0.2616913318634033,-0.0053565734997391,0.3942299783229828,0.2749159038066864,-0.0056122415699064
0.5487692356109619,0.7682170867919922,7.186429940020389e-08,0.5125905275344849,0.8183768391609192,0.0003009140200447,0.5112104415893555,0.8600344657897949,-0.0050587621517479,0.5200362205505371,0.8744140863418579,-0.0061460603028535,0.532678484916687,0.8749802708625793,-0.0080274939537048,0.5451847314834595,0.8598886132240295,-0.0080140400677919,0.3964516520500183,0.3515858948230743,8.516024507798647e-08,0.4134646356105804,0.3010095357894897,-0.0028722928836941,0.4135777354240417,0.2667916119098663,-0.0052287159487605,0.4112016856670379,0.2575274109840393,-0.0040673073381185,0.4044886529445648,0.2562152743339538,-0.0054584913887083,0.3963304162025451,0.2700315117835998,-0.005675749387592
0.5495584607124329,0.768235981464386,7.091758646993186e-08,0.5134119987487793,0.8175782561302185,0.0005879057571291,0.5116438269615173,0.8604328036308289,-0.0054076095111668,0.5204184651374817,0.8750821948051453,-0.006779917050153,0.5329187512397766,0.8753013014793396,-0.0087636690586805,0.545713484287262,0.8585996627807617,-0.0088475169613957,0.397430956363678,0.3479191660881042,8.725953648536233e-08,0.4166647791862488,0.2952466607093811,-0.0046843020245432,0.416065901517868,0.2592836916446686,-0.0064984899945557,0.4137804806232452,0.2523137032985687,-0.0054577062837779,0.406802237033844,0.2519920766353607,-0.0064362869597971,0.3983689546585083,0.2655035853385925,-0.0067247604019939
0.5495861172676086,0.7692989706993103,6.981811395689874e-08,0.5145382285118103,0.8178669214248657,0.000219904773985,0.5122846364974976,0.8595516681671143,-0.0056710070930421,0.521113932132721,0.8746234774589539,-0.0070432350039482,0.5335357189178467,0.8746488094329834,-0.0087395850569009,0.5463347434997559,0.859832763671875,-0.0087053533643484,0.3997750282287597,0.3451752066612243,8.221234537586498e-08,0.4197267293930053,0.2904064655303955,-0.0032029410358518,0.419565349817276,0.2550685405731201,-0.0064833993092179,0.4168990850448608,0.2483088374137878,-0.0056274146772921,0.4098977148532867,0.2484236806631088,-0.0069093713536858,0.4018576443195343,0.2623218297958374,-0.007604457437992
0.5505348443984985,0.7695079445838928,6.95026614039307e-08,0.5144005417823792,0.8181247711181641,-0.0012300617527216,0.5134498476982117,0.8598364591598511,-0.006680273450911,0.5221009254455566,0.8746026754379272,-0.0076060374267399,0.5344299674034119,0.8745205998420715,-0.0093038361519575,0.5472999811172485,0.8597206473350525,-0.0095574408769607,0.4010725319385528,0.3419141471385956,7.764546694488672e-08,0.4228854477405548,0.286503791809082,-0.0033879899419844,0.4222468137741089,0.2517758011817932,-0.0059797009453177,0.4202190637588501,0.2451973855495453,-0.005011570174247,0.4132724404335022,0.2457221448421478,-0.0061055165715515,0.4050692319869995,0.2588994801044464,-0.0069377552717924
0.5515774488449097,0.7683716416358948,7.122515910396032e-08,0.5158203840255737,0.8181119561195374,-0.0014390273718163,0.5145100951194763,0.859757661819458,-0.0077489679679274,0.5229698419570923,0.8741548657417297,-0.0088197272270917,0.5356011390686035,0.8744598031044006,-0.010328103788197,0.5484859943389893,0.8589223027229309,-0.0104565387591719,0.4041329324245453,0.3390595614910126,7.762840681380112e-08,0.4263968467712402,0.2834713459014892,-0.0046409522183239,0.4265200793743133,0.2490139007568359,-0.0073763979598879,0.4242008626461029,0.2435268461704254,-0.0064321514219045,0.4169641733169555,0.243824690580368,-0.0073848548345267,0.4079307019710541,0.2581388056278229,-0.0081489533185958
0.5524284243583679,0.7707489728927612,7.389031253524081e-08,0.5162941217422485,0.818950355052948,-0.0004814457497559,0.5157860517501831,0.8618635535240173,-0.0054371776059269,0.5245050191879272,0.8748697638511658,-0.0064068483188748,0.5368903279304504,0.8743878602981567,-0.0079942578449845,0.549574077129364,0.8580194711685181,-0.0077399066649377,0.4061872363090515,0.3366914093494415,7.360281983892493e-08,0.4303568303585052,0.2808895707130432,-0.0039608590304851,0.4309664070606231,0.2482893764972686,-0.0067539438605308,0.4288482964038849,0.2434843480587005,-0.0061502098105847,0.4217244386672973,0.2430124282836914,-0.0071816071867942,0.4128777086734772,0.2564967274665832,-0.008064916357398
0.5528982281684875,0.7691913843154907,7.083539088625912e-08,0.5179122090339661,0.8178656697273254,0.0001073037637979,0.5167495608329773,0.8613097667694092,-0.005640578456223,0.5255070328712463,0.874980628490448,-0.0071220840327441,0.5377260446548462,0.8745964169502258,-0.0088804280385375,0.5508049130439758,0.859490156173706,-0.0089916763827204,0.4087912440299988,0.334742397069931,7.071108143463789e-08,0.4343566000461578,0.2805413603782654,-0.0033971909433603,0.436247318983078,0.2487571537494659,-0.006905838381499,0.4338427186012268,0.2434509545564651,-0.0066353012807667,0.4269983470439911,0.2425778955221176,-0.0079733878374099,0.4171322882175445,0.2554260790348053,-0.0092685474082827
0.5531384348869324,0.7674301862716675,7.503903276528946e-08,0.5182605981826782,0.8192499279975891,-0.0012090594973415,0.5178638100624084,0.8615579009056091,-0.0071623614057898,0.5266972184181213,0.8747761249542236,-0.0082822144031524,0.5387207865715027,0.8736079335212708,-0.0096556711941957,0.5517595410346985,0.8589946031570435,-0.0097778839990496,0.411014586687088,0.3320792615413666,7.046359229434529e-08,0.4388775527477264,0.2798660695552826,-0.0033873557113111,0.441985547542572,0.2506628930568695,-0.007048319093883,0.4400501251220703,0.2446556836366653,-0.0064756060019135,0.4329525828361511,0.2430472522974014,-0.0073577389121055,0.4231293201446533,0.2549784779548645,-0.0082273809239268
0.5547316074371338,0.7684341669082642,7.786519518049317e-08,0.5195257067680359,0.8191975951194763,-0.0006081881001591,0.5194414854049683,0.8614906668663025,-0.0057197478599846,0.5280088186264038,0.8750000596046448,-0.0070671383291482,0.5404095649719238,0.8741939663887024,-0.0085542099550366,0.5526847243309021,0.8587901592254639,-0.008225399069488,0.4144255518913269,0.3298334777355194,7.164887705357614e-08,0.4432314038276672,0.2818329334259033,-0.0040591536089777,0.4475122690200805,0.2503840625286102,-0.0080988239496946,0.4451383054256439,0.2458148300647735,-0.0077407113276422,0.4376891553401947,0.2455184757709503,-0.0086405742913484,0.4274927675724029,0.2569652795791626,-0.0094205169007182
0.5551317930221558,0.7691618204116821,7.570817928126418e-08,0.5208814144134521,0.8187201619148254,-0.0008753588772378,0.520989716053009,0.8615608811378479,-0.0055527896620333,0.5293752551078796,0.8759436011314392,-0.0064065214246511,0.5413694977760315,0.874680757522583,-0.0080031417310237,0.553780734539032,0.8576875329017639,-0.0076890964992344,0.4174588322639465,0.328901082277298,7.366584497958685e-08,0.4476466774940491,0.2841570377349853,-0.0042225550860166,0.4526113271713257,0.2528819739818573,-0.0084671676158905,0.4508326053619385,0.2468674629926681,-0.0081277610734105,0.4438525736331939,0.2465182095766067,-0.008872446604073,0.4335333108901977,0.2587082684040069,-0.0094578452408313
0.5555171966552734,0.7684163451194763,8.061289946681428e-08,0.520877480506897,0.8203498125076294,-0.00138305418659,0.5219001770019531,0.8629511594772339,-0.0061542759649455,0.5302466154098511,0.8757220506668091,-0.0070480685681104,0.5426209568977356,0.8750701546669006,-0.0082595283165574,0.5545797348022461,0.8585604429244995,-0.0078117223456501,0.4206963777542114,0.3288552761077881,7.096311804843937e-08,0.4520070552825928,0.2871067225933075,-0.0033415786456316,0.4577655792236328,0.2553606927394867,-0.0084369434043765,0.456279456615448,0.2497835159301757,-0.0083161629736423,0.4496866464614868,0.2489990144968032,-0.0091883009299635,0.4389460384845733,0.2608665823936462,-0.0099455509334802
0.5564703941345215,0.7684582471847534,7.811501490095908e-08,0.521891713142395,0.820428192615509,-0.0012248557759448,0.5226085782051086,0.862732470035553,-0.006227939389646,0.5315008163452148,0.8751270771026611,-0.0069559104740619,0.543563961982727,0.873974621295929,-0.0081494636833667,0.5557958483695984,0.8574224710464478,-0.0077676572836935,0.4234897196292877,0.3280089497566223,6.748670244860477e-08,0.4550535082817077,0.2914997041225433,-0.0031664301641285,0.4628338813781738,0.259359747171402,-0.0076734442263841,0.4612860977649688,0.2532510161399841,-0.0079043265432119,0.4544535875320434,0.2517963349819183,-0.0091719450429081,0.4432817995548248,0.2627009153366089,-0.010064436122775
0.5570545792579651,0.7666106820106506,8.038276178012893e-08,0.5221406817436218,0.8206626176834106,-0.0018496221164241,0.523518443107605,0.8629049062728882,-0.0069839814677834,0.5320543646812439,0.8756033182144165,-0.0077578998170793,0.5444636940956116,0.8738842606544495,-0.0091007640585303,0.5564669966697693,0.857001543045044,-0.0089235631749033,0.4266839027404785,0.3290925025939941,6.560374288255845e-08,0.458600103855133,0.2947828471660614,-0.0033606882207095,0.4675582945346832,0.2641922533512115,-0.0078057120554149,0.466675728559494,0.2571494877338409,-0.0079470844939351,0.460210382938385,0.2548474073410034,-0.0093279080465435,0.4489096403121948,0.2641710937023163,-0.0103954104706645
0.5572294592857361,0.7671141624450684,7.795921419528895e-08,0.5227571725845337,0.8207797408103943,-0.000623122730758,0.5242316126823425,0.8628613948822021,-0.0059195589274168,0.5325753092765808,0.8758901953697205,-0.0067097283899784,0.5443066358566284,0.8747544884681702,-0.0082340892404317,0.556662917137146,0.8588889837265015,-0.0081605929881334,0.4285807013511657,0.3309753537178039,6.629879578667898e-08,0.4608879685401916,0.2995529174804687,-0.0026767312083393,0.4711978435516357,0.2690722346305847,-0.00733755948022,0.4711858332157135,0.260682463645935,-0.0077606895938515,0.4648546278476715,0.2577964961528778,-0.0092963268980383,0.4537257254123688,0.2656245827674866,-0.0104581005871295
0.5579372048377991,0.7675548195838928,7.778488253507021e-08,0.5235533118247986,0.82132488489151,0.0003917833964806,0.5243668556213379,0.8633108735084534,-0.0045992820523679,0.5332124829292297,0.875918984413147,-0.005749104078859,0.5453954935073853,0.8749899864196777,-0.0074257352389395,0.557381808757782,0.8581914901733398,-0.0069650341756641,0.430690050125122,0.3328247368335724,5.837825156618238e-08,0.4633150398731231,0.3049641251564026,-0.0014709305251017,0.4747576713562011,0.2751367390155792,-0.0066442862153053,0.4749089479446411,0.265525072813034,-0.0073522790335118,0.4687681198120117,0.2616124153137207,-0.0092588234692811,0.4570934176445007,0.2678544521331787,-0.0104690063744783
0.5577678680419922,0.7670723795890808,7.811146218728028e-08,0.5233317017555237,0.8209861516952515,-0.0017678810982033,0.5248044729232788,0.8634127378463745,-0.0070357229560613,0.5338407754898071,0.8759827613830566,-0.0075346259400248,0.5462142825126648,0.874235987663269,-0.0088463965803384,0.5584643483161926,0.8573540449142456,-0.0086096851155161,0.4320991337299347,0.3359203338623047,6.132942331760205e-08,0.465104877948761,0.3124033212661743,-0.0024611949920654,0.4778025150299072,0.2805157303810119,-0.0072758966125547,0.4782841205596924,0.2712650299072265,-0.0080214403569698,0.4723305404186249,0.2660302817821502,-0.0099598541855812,0.4607696235179901,0.2705588340759277,-0.0112602654844522
0.5579875111579895,0.7668555378913879,8.593453060257161e-08,0.5235859751701355,0.8211920857429504,-0.0020894294138997,0.5252205729484558,0.8637930154800415,-0.0069650439545512,0.534100353717804,0.8763397336006165,-0.0071932231076061,0.5463113188743591,0.8739508986473083,-0.0082738380879163,0.5581602454185486,0.857184886932373,-0.0078416289761662,0.4335751235485077,0.3388209342956543,5.940876235399629e-08,0.466143250465393,0.3202978074550628,-0.0013203064445406,0.4806623160839081,0.2868244051933288,-0.0060427556745707,0.4813941121101379,0.2773835659027099,-0.006787140853703,0.4753602147102356,0.2722904086112976,-0.0085904318839311,0.463723212480545,0.2755961120128631,-0.009575986303389
0.5582494735717773,0.7671650648117065,8.489310232562276e-08,0.52363121509552,0.8213537335395813,-0.0009521609172224,0.5255115628242493,0.8633236885070801,-0.0059478133916854,0.5341981649398804,0.8764170408248901,-0.0065142903476953,0.5466572046279907,0.8741101026535034,-0.0078617502003908,0.5587450861930847,0.8561670780181885,-0.0073242364451289,0.4347575008869171,0.3450169563293457,5.9415430797571396e-08,0.4681446552276611,0.327635794878006,-0.0031862303148955,0.4822297096252441,0.2951433658599853,-0.0063801198266446,0.4834881126880646,0.2849822044372558,-0.0065684062428772,0.4781018793582916,0.278965950012207,-0.0083769615739583,0.4662425518035888,0.2810884118080139,-0.009315543808043
0.557853639125824,0.7671560645103455,7.901846288405069e-08,0.5235759019851685,0.82110595703125,-0.0020076332148164,0.525387167930603,0.864435613155365,-0.0070099402219057,0.5344475507736206,0.87660151720047,-0.0077324612066149,0.546692967414856,0.8744781613349915,-0.0091587863862514,0.5594691038131714,0.8574937582015991,-0.0092092845588922,0.4346462190151214,0.3470571041107178,6.424532728033229e-08,0.4636955559253692,0.321128636598587,-0.004320643376559,0.4838713407516479,0.3019570708274841,-0.0082348445430397,0.4851952791213989,0.2916493117809295,-0.0074899429455399,0.4798731803894043,0.2850281000137329,-0.0089254612103104,0.4674524366855621,0.286119133234024,-0.0093171382322907
0.5578139424324036,0.7679380774497986,7.856367290060008e-08,0.5236968398094177,0.8212031722068787,-0.0007979859947226,0.5253626704216003,0.8644619584083557,-0.0060974196530878,0.5344998240470886,0.8769364356994629,-0.0069611291401088,0.5465332269668579,0.8744677901268005,-0.0084418840706348,0.5589896440505981,0.8566690683364868,-0.0082491422072052,0.4359235763549804,0.3531458377838135,5.730478136456441e-08,0.4677414894104004,0.3268421292304992,-0.003354292595759,0.4853544533252716,0.3094655573368072,-0.0072826105169951,0.4863549470901489,0.2994765937328338,-0.0070279943756759,0.4817817509174347,0.2926307022571563,-0.0085202436894178,0.4694561660289764,0.291205883026123,-0.0090007139369845
0.5582736730575562,0.7681506276130676,7.829692805216838e-08,0.5236501693725586,0.8214209079742432,-0.0015858184779062,0.5253181457519531,0.864160418510437,-0.0063078058883547,0.53435218334198,0.8765362501144409,-0.0068785324692726,0.5467250943183899,0.874260425567627,-0.0080768652260303,0.5588394999504089,0.8572676181793213,-0.0077619352377951,0.437013566493988,0.3572794497013092,5.74804275288443e-08,0.4689063727855682,0.3308998644351959,-0.0001792213151929,0.4864543676376343,0.3150674104690552,-0.0038539734669029,0.4870237410068512,0.3066909313201904,-0.0043991571292281,0.4829043447971344,0.2989141047000885,-0.0068453773856163,0.4709101021289825,0.2968679368495941,-0.0079165007919073
0.5575991868972778,0.7669402360916138,7.533900969747266e-08,0.523661732673645,0.8208479881286621,-0.0028132973238825,0.5251765251159668,0.8636970520019531,-0.0074636884965002,0.5342317819595337,0.8759364485740662,-0.0080048209056258,0.5465630292892456,0.8739768862724304,-0.0093026915565133,0.5585415959358215,0.8576822876930237,-0.0093986773863434,0.438579112291336,0.3611738085746765,4.8577803113403206e-08,0.4705458879470825,0.3374351561069488,0.0004676647658925,0.4870817959308624,0.3237720727920532,-0.0031487320084124,0.4877714514732361,0.3140318393707275,-0.0044093108735978,0.4843165874481201,0.3064191937446594,-0.0071837026625871,0.4723564386367798,0.3034011721611023,-0.0084507074207067
0.5577408671379089,0.7674106955528259,7.917555677749989e-08,0.5226516723632812,0.8212229013442993,-0.0028422095347195,0.5247774124145508,0.8639070391654968,-0.0071995952166616,0.5336875319480896,0.8769185543060303,-0.0076506850309669,0.5458927154541016,0.8748069405555725,-0.0091156354174017,0.5582334399223328,0.85875403881073,-0.0092178042978048,0.4375507831573486,0.3676186800003052,6.2979204074054e-08,0.4748039841651916,0.3416317999362945,-0.0011997232213616,0.4899952411651611,0.3280645310878753,-0.00853758957237,0.490001380443573,0.3237228691577911,-0.009767472743988,0.4844482541084289,0.3138353824615478,-0.0114687513560056,0.4718837738037109,0.310620367527008,-0.0125299263745546
0.5572933554649353,0.7665989398956299,7.439717109036793e-08,0.522426187992096,0.8212798237800598,-0.0022235854994505,0.5243621468544006,0.8641279339790344,-0.0075238184072077,0.5333682894706726,0.8764684796333313,-0.0081494767218828,0.5454158186912537,0.8748776316642761,-0.0097100473940372,0.5576298236846924,0.8578394055366516,-0.0098830722272396,0.4396699666976928,0.3695270121097564,7.681590119545946e-08,0.4792774319648742,0.3583723604679107,-0.0018132753903046,0.4933474361896515,0.3365053534507751,-0.0071057374589145,0.4922478795051574,0.3299034535884857,-0.0080771185457706,0.4858004450798034,0.3229523003101349,-0.0086532104760408,0.4735371768474579,0.3184863924980163,-0.0089530348777771
0.5573457479476929,0.7665771842002869,7.666086787594395e-08,0.52241051197052,0.8210670351982117,-0.0020847590640187,0.5239998698234558,0.8640466928482056,-0.0071221999824047,0.5327758193016052,0.8761385679244995,-0.0078401211649179,0.5449650883674622,0.8750981092453003,-0.0093718152493238,0.5570942759513855,0.858275830745697,-0.009509346447885,,,,,,,,,,,,,,,,,,
0.5571463704109192,0.766636312007904,7.914390209862178e-08,0.5212928652763367,0.8208436369895935,-0.0026695185806602,0.5234736800193787,0.8635283708572388,-0.0074918516911566,0.5323300957679749,0.8761177659034729,-0.0079029230400919,0.544270932674408,0.8740694522857666,-0.0091360211372375,0.5564362406730652,0.8575713634490967,-0.0088661136105656,,,,,,,,,,,,,,,,,,
0.5562716126441956,0.7670435905456543,7.552183944881109e-08,0.5212502479553223,0.8206035494804382,-0.0014146970352157,0.5228092074394226,0.8630600571632385,-0.0064039980061352,0.5316703915596008,0.8756223917007446,-0.0075785205699503,0.544118344783783,0.8742085099220276,-0.0093489941209554,0.5564733743667603,0.8560742139816284,-0.0093329399824142,,,,,,,,,,,,,,,,,,
0.555716335773468,0.7681000232696533,7.691272685406149e-08,0.5209410190582275,0.8197470307350159,-0.0007840913021937,0.5223174691200256,0.8628336191177368,-0.0058291442692279,0.5310680866241455,0.8753555417060852,-0.0068051540292799,0.5433076024055481,0.8745657205581665,-0.0084518054500222,0.5558866858482361,0.8572000861167908,-0.0082300566136837,,,,,,,,,,,,,,,,,,
0.5558631420135498,0.7664264440536499,8.043647170552505e-08,0.5206437110900879,0.8191038370132446,-0.0024120146408677,0.5218768119812012,0.8621719479560852,-0.0073547512292861,0.5305824279785156,0.8752158880233765,-0.0080483937636017,0.5429649353027344,0.874343991279602,-0.0091718612238764,0.5550544261932373,0.8569772243499756,-0.0087686264887452,,,,,,,,,,,,,,,,,,
0.5555763244628906,0.7659060955047607,8.051149791299396e-08,0.5198890566825867,0.8187618255615234,-0.0019825815688818,0.5215458869934082,0.862387478351593,-0.0066717010922729,0.5299424529075623,0.8749622702598572,-0.0073966314084827,0.5422490835189819,0.8738436102867126,-0.0090039847418665,0.5547031760215759,0.8567721247673035,-0.0088998572900891,,,,,,,,,,,,,,,,,,
0.5553712844848633,0.7652473449707031,7.753733655135876e-08,0.5203142166137695,0.8184953927993774,-0.001210739952512,0.5207558274269104,0.8603647947311401,-0.0062847258523106,0.5292374491691589,0.8743034601211548,-0.0072545167058706,0.54167240858078,0.8734285831451416,-0.0088800759986042,0.5545426607131958,0.8563575744628906,-0.0085966018959879,,,,,,,,,,,,,,,,,,
0.5550397038459778,0.7647064328193665,7.575239635571053e-08,0.5195357799530029,0.8179285526275635,-0.0006487190257757,0.5208044052124023,0.8606327176094055,-0.0061404379084706,0.5292366147041321,0.8741621375083923,-0.007399370893836,0.5411306023597717,0.8738937973976135,-0.0091390833258628,0.5538164377212524,0.856502890586853,-0.0089473687112331,,,,,,,,,,,,,,,,,,
0.5552571415901184,0.7640165090560913,7.882815822313206e-08,0.5187154412269592,0.8179089426994324,-0.0013826711801812,0.5197293162345886,0.8613722920417786,-0.0073925978504121,0.5285086631774902,0.8736801147460938,-0.008418058976531,0.5410343408584595,0.8730761408805847,-0.0097853671759366,0.5537061095237732,0.856705904006958,-0.009637925773859,,,,,,,,,,,,,,,,,,
0.5549400448799133,0.7640028595924377,7.898105991444028e-08,0.5187492966651917,0.817033588886261,-0.0013752302620559,0.5193184018135071,0.8598149418830872,-0.0073104742914438,0.5276088714599609,0.8736168742179871,-0.0085666123777627,0.5400949716567993,0.8731658458709717,-0.0103281252086162,0.5532026886940002,0.8571759462356567,-0.0104108341038227,,,,,,,,,,,,,,,,,,
0.5550441741943359,0.764223575592041,7.89290197644732e-08,0.5182390809059143,0.8171475529670715,-0.001294873538427,0.5189954042434692,0.8603853583335876,-0.0064098155125975,0.5271868109703064,0.8736599087715149,-0.0072324620559811,0.5393852591514587,0.8730126619338989,-0.009143671952188,0.5527840256690979,0.8552111387252808,-0.0090186800807714,,,,,,,,,,,,,,,,,,
0.5544547438621521,0.7639973163604736,7.525465406388322e-08,0.5177736878395081,0.8172146677970886,-0.0010937988990917,0.5184639096260071,0.8600965738296509,-0.0067501063458621,0.5272679328918457,0.8734034895896912,-0.00794177968055,0.5391269326210022,0.8730367422103882,-0.0099195484071969,0.5520467758178711,0.856673002243042,-0.010133814997971,,,,,,,,,,,,,,,,,,
0.5548121929168701,0.7647609114646912,7.767474130560005e-08,0.5179398655891418,0.8164269328117371,-5.888425221201032e-05,0.5181407332420349,0.8603920340538025,-0.0053558736108243,0.526841402053833,0.8736099004745483,-0.0067905471660196,0.5389558672904968,0.8729059100151062,-0.0086568621918559,0.5523924231529236,0.8573155999183655,-0.0087654534727334,,,,,,,,,,,,,,,,,,
0.5547363758087158,0.7655572891235352,7.996963802270329e-08,0.5174295902252197,0.8167741298675537,-0.0019087399123236,0.5180225968360901,0.8597290515899658,-0.0068275020457804,0.5263037085533142,0.873589813709259,-0.0078129544854164,0.5384548902511597,0.8733423948287964,-0.0095856273546814,0.5521259307861328,0.8574636578559875,-0.0095546031370759,,,,,,,,,,,,,,,,,,
0.5547584295272827,0.7662217020988464,7.854264794104894e-08,0.5176757574081421,0.8166472911834717,-0.0004390474059619,0.5180736184120178,0.8596888780593872,-0.0055296327918767,0.5264652967453003,0.8738534450531006,-0.0067733232863247,0.5385560989379883,0.8741980791091919,-0.0087785543873906,0.5525215864181519,0.858076274394989,-0.0088533004745841,0.4329356253147125,0.4028955996036529,1.086947776229863e-07,0.4682165384292602,0.4062850475311279,-0.0077315843664109,0.4773083329200744,0.3736963272094726,-0.0079517317935824,0.4769662916660309,0.360283613204956,-0.0054049440659582,0.4713167250156402,0.3523041605949402,-0.0033485863823443,0.4609161019325256,0.343427300453186,-0.0026180245913565
0.5546899437904358,0.7654334306716919,8.047226174312527e-08,0.5175216794013977,0.8171034455299377,-0.0020466854330152,0.5179154276847839,0.8607366681098938,-0.0075858901254832,0.526576042175293,0.8744785785675049,-0.008494964800775,0.5385623574256897,0.8744961023330688,-0.0104770166799426,0.5532110333442688,0.8580335378646851,-0.010738500393927,0.4274140298366546,0.4048938155174255,8.627128522675775e-08,0.4576826691627502,0.3904597461223602,-0.0017222407041117,0.4665684700012207,0.3682038187980652,-0.0025062907952815,0.4661680161952972,0.3610772788524627,-0.0014617883134633,0.4621618688106537,0.3519498705863952,-0.0013514850288629,0.4529152512550354,0.3454433381557464,-0.0015442628646269
0.5552927255630493,0.7665812373161316,8.20437335846691e-08,0.5171520709991455,0.816865086555481,-0.0025448817759752,0.5180259346961975,0.8615720868110657,-0.0075058965012431,0.5265966057777405,0.8745497465133667,-0.007995493710041,0.538753092288971,0.8740353584289551,-0.0097528798505663,0.5535994172096252,0.8582311868667603,-0.010149453766644,0.424896091222763,0.3995234966278076,4.544500242786854e-08,0.4468663930892944,0.385152518749237,0.0010601930553093,0.4561400711536407,0.3658913671970367,0.0020630257204174,0.4564026594161987,0.3583947718143463,0.0017277736915275,0.4534539580345154,0.3492781221866607,0.0005597507115453,0.4493663907051086,0.3428170382976532,0.0001667302276473
0.5553268790245056,0.7670032978057861,8.29439841254498e-08,0.5172775983810425,0.8168948888778687,-0.0021322388201951,0.5183876156806946,0.8616089224815369,-0.0070952619425952,0.5266685485839844,0.8754414916038513,-0.0078374883159995,0.5387364029884338,0.8755335807800293,-0.0099329408258199,0.5543882250785828,0.8591092228889465,-0.0102938637137413,0.4218429923057556,0.3993596136569977,5.23489482873174e-08,0.4350205361843109,0.3903235793113708,-0.0002823349786922,0.4481654763221741,0.3665547966957092,0.0003321658587083,0.4508326351642608,0.3527866005897522,0.0007318081334233,0.4496943652629852,0.345915287733078,-0.0015212998259812,0.4444991052150726,0.3396840095520019,-0.0017351139103993
0.555695116519928,0.7676302790641785,7.813867597405989e-08,0.5176106691360474,0.8175151944160461,-0.0018246343825012,0.5186447501182556,0.8624520301818848,-0.007202404551208,0.5273343324661255,0.8764736652374268,-0.0081078577786684,0.5392394661903381,0.8757697343826294,-0.0103459823876619,0.5546439290046692,0.8590262532234192,-0.0110221467912197,0.4219230413436889,0.3978421688079834,6.428119547763346e-08,0.4312590956687927,0.38482266664505,-0.0039505064487457,0.4467127323150635,0.3589600920677185,-0.0028764235321432,0.4482957124710083,0.34491628408432,-0.0012197635369375,0.4462021291255951,0.3417836129665375,-0.0022526758257299,0.4411606192588806,0.3365791141986847,-0.001818440738134
0.5559017658233643,0.7680544853210449,8.026544406902758e-08,0.5184423923492432,0.8170713782310486,-0.0015399567782878,0.5191193222999573,0.8615803122520447,-0.0069369925186038,0.52733314037323,0.8770670890808105,-0.0080330315977334,0.5398906469345093,0.8765041828155518,-0.0100347688421607,0.5554777979850769,0.8593540191650391,-0.0101787401363253,0.421265572309494,0.3911705911159515,6.118013828881885e-08,0.4279314875602722,0.3803981244564056,-0.003058509202674,0.44169682264328,0.353575199842453,-0.0009767790324985,0.4446169137954712,0.342162013053894,0.0004056813195347,0.4428957402706146,0.3361110389232635,-0.0009094572160393,0.4396008253097534,0.3325056731700897,-4.92776780447457e-05
0.5559775829315186,0.767722487449646,7.890746900329759e-08,0.5186724066734314,0.8173332214355469,-0.0008367817499674,0.5192780494689941,0.8619792461395264,-0.0065885772928595,0.5278428792953491,0.8770835995674133,-0.0076623833738267,0.5401145219802856,0.8768566846847534,-0.0097666010260581,0.5555687546730042,0.8600410223007202,-0.0100684473291039,0.4204444885253906,0.3911395072937011,5.870264985219365e-08,0.4270853102207184,0.3737698793411255,-0.0014624461764469,0.4393962919712066,0.3451992273330688,-0.000560047395993,0.4412173330783844,0.3342096507549286,0.0005954398657195,0.4395413994789123,0.3287453353404999,-0.0013976679183542,0.4364916086196899,0.3278065919876098,-0.0015215536113828
0.556379497051239,0.7671112418174744,8.08092721626963e-08,0.5185514688491821,0.8177297115325928,-0.0015753711340948,0.5193396210670471,0.8621180653572083,-0.0067372713238,0.5283743739128113,0.8770429491996765,-0.0074098133482038,0.5407688021659851,0.8761852383613586,-0.0090685645118355,0.5558353662490845,0.8592211008071899,-0.0089585660025477,0.4195305407047272,0.3906052112579345,6.611805503098367e-08,0.424853652715683,0.3572696447372436,-0.0002295075682923,0.4363121688365936,0.3325905501842499,-0.0024316576309502,0.4375247955322265,0.3256081044673919,-0.0010645545553416,0.436189740896225,0.3231514692306518,-0.0023166190367192,0.4332197904586792,0.325029194355011,-0.0028823958709836
0.5562878251075745,0.7676845788955688,7.557427039728283e-08,0.5193954706192017,0.8179391026496887,-0.0009144583018496,0.5203206539154053,0.8623539805412292,-0.0068751764483749,0.5287686586380005,0.8776046633720398,-0.0077311652712523,0.5412643551826477,0.8765099048614502,-0.00980488024652,0.5564306378364563,0.8591484427452087,-0.0102032041177153,0.4196409583091736,0.385977953672409,6.99674060911093e-08,0.4227671921253204,0.3521336615085602,-0.0007400271715596,0.433596670627594,0.3257186114788055,-0.0025252581108361,0.4347589612007141,0.3198279738426208,-0.0011760795023292,0.4337472021579742,0.3187759220600128,-0.0023470590822398,0.4310662448406219,0.3199840784072876,-0.0029067823197692
0.5565600991249084,0.7675522565841675,7.96593369045695e-08,0.519670844078064,0.8175726532936096,-0.0030777028296142,0.5208356976509094,0.8625896573066711,-0.0079782372340559,0.5292606353759766,0.8771523833274841,-0.0079954834654927,0.5414952039718628,0.8767396807670593,-0.0097206961363554,0.5565468668937683,0.859485387802124,-0.0098613137379288,0.4189066886901855,0.3829282224178314,8.215349822648933e-08,0.4221794903278351,0.3557854890823364,-0.002274373313412,0.4314950108528137,0.316466212272644,-0.0033383062109351,0.4322203695774078,0.3108790814876556,-0.0024854810908436,0.430676519870758,0.3100640773773193,-0.0036520471330732,0.4280168116092682,0.3150033056735992,-0.003930770792067
0.556720495223999,0.7670965194702148,8.316946065178854e-08,0.5190047025680542,0.8191328048706055,-0.003474055789411,0.5210064053535461,0.8637878894805908,-0.008834253065288,0.5295544266700745,0.8777806162834167,-0.009252592921257,0.5423121452331543,0.8767507076263428,-0.0109133459627628,0.5568491220474243,0.8591877818107605,-0.0112792383879423,0.4175696074962616,0.3805285096168518,8.529494976983187e-08,0.4220210015773773,0.3502123355865478,-0.0003583522920962,0.427427589893341,0.3055950701236725,-0.0031095955055207,0.429064393043518,0.3030719757080078,-0.0030943439342081,0.4288022518157959,0.3028453886508941,-0.005026152357459,0.428036630153656,0.3111059665679931,-0.0051232897676527
0.5567376017570496,0.7682653069496155,8.232516535144897e-08,0.5198232531547546,0.8184929490089417,-0.0019230580655857,0.5214850306510925,0.8638729453086853,-0.0071118930354714,0.5298044681549072,0.8774923086166382,-0.0077243954874575,0.5422546863555908,0.8766154050827026,-0.0094576496630907,0.5571224093437195,0.859070897102356,-0.0095270862802863,0.4161270558834076,0.3815087080001831,8.611875301767213e-08,0.4219371974468231,0.3458341360092163,-0.0009730723686516,0.4260154068470001,0.2998366951942444,-0.0044874837622046,0.4279722273349762,0.2961741089820862,-0.0049371011555194,0.4276945292949676,0.2976000010967254,-0.0068915006704628,0.4265701174736023,0.3063489496707916,-0.0073981545865535
0.5572553277015686,0.7686647176742554,8.085661562517998e-08,0.5197737216949463,0.8189787268638611,-0.0029320034664124,0.5218973159790039,0.8646592497825623,-0.0079010678455233,0.5301942825317383,0.8773021697998047,-0.008405509404838,0.5425437688827515,0.8763397336006165,-0.010077298618853,0.557185173034668,0.8594698905944824,-0.0104111908003687,0.415716141462326,0.380094975233078,8.798405559673483e-08,0.421256810426712,0.3402751684188843,-0.00153566559311,0.4245784282684326,0.2933973670005798,-0.0062729232013225,0.4261576235294342,0.2899380624294281,-0.0068866941146552,0.4262004792690277,0.2918372750282287,-0.0091691929847002,0.4248121380805969,0.3040695786476135,-0.0097982753068208
0.5574048161506653,0.768298327922821,8.13044493952475e-08,0.5208580493927002,0.8198880553245544,-0.0020715447608381,0.522239089012146,0.8643890619277954,-0.0074768937192857,0.5303023457527161,0.8779616355895996,-0.0081444792449474,0.5426310896873474,0.8765574097633362,-0.0099590811878442,0.5574684739112854,0.8602246642112732,-0.0101890806108713,0.4148811995983124,0.3793985545635223,9.113055909892864e-08,0.420902281999588,0.3348349332809448,-0.0037330954801291,0.4234961569309234,0.2891797125339508,-0.0085639134049415,0.4254368543624878,0.284438282251358,-0.0090273069217801,0.4255968332290649,0.2864476442337036,-0.0107448240742087,0.4243794083595276,0.3002268970012665,-0.0111006898805499
0.5580901503562927,0.7681463360786438,7.737199325674737e-08,0.5206197500228882,0.8205707669258118,-0.0016425092471763,0.5224863290786743,0.864787757396698,-0.0069143897853791,0.5308930277824402,0.8780834078788757,-0.007337138056755,0.5429537296295166,0.8776192665100098,-0.0092549994587898,0.5576272010803223,0.8604715466499329,-0.0095507930964231,0.4140442311763763,0.3782159090042114,8.9446409390348e-08,0.420843631029129,0.3312990367412567,-0.0022596034687012,0.4225618839263916,0.2842772901058197,-0.0070255869068205,0.4237770438194275,0.2797109484672546,-0.0079911649227142,0.4239226579666137,0.2811797857284546,-0.0106055932119488,0.4237222671508789,0.2969089448451996,-0.0112272230908274
0.5581159591674805,0.7684745192527771,8.077999069655561e-08,0.5205568671226501,0.8208498358726501,-0.0009962072363123,0.5228874683380127,0.8663870692253113,-0.0056780749000608,0.5314857363700867,0.8787322640419006,-0.0063977949321269,0.5436459183692932,0.877924919128418,-0.0085191056132316,0.5581139922142029,0.8590636253356934,-0.0085715232416987,0.4135084748268127,0.3761237859725952,8.2804284318172e-08,0.4208492338657379,0.3265341818332672,-0.001718214713037,0.422187864780426,0.2803278267383575,-0.006660140119493,0.4230735003948211,0.2745710015296936,-0.0081502655521035,0.4231498837471008,0.2767978310585022,-0.0109936511144042,0.4229668974876404,0.2940516173839569,-0.0119266454130411
0.5575801134109497,0.7685452699661255,7.887474851031585e-08,0.521399199962616,0.8216766715049744,-0.0025068658869713,0.523774266242981,0.8662313222885132,-0.0071560032665729,0.5318843126296997,0.878446638584137,-0.0072339358739554,0.5443434119224548,0.8779730200767517,-0.0088751399889588,0.5581651329994202,0.8601952195167542,-0.0088203493505716,0.4123498797416687,0.374064564704895,8.05207065468494e-08,0.4206296801567077,0.3224106729030609,-0.0017480938695371,0.4213676154613495,0.2775449156761169,-0.0065545928664505,0.4229799509048462,0.2718093395233154,-0.0081109413877129,0.4234295189380646,0.2750146090984344,-0.0109060751274228,0.4232683777809143,0.2932554483413696,-0.0120022408664226
0.5575442314147949,0.7687671184539795,8.195108591735335e-08,0.5211594700813293,0.8226275444030762,-0.0026679718866944,0.5236719250679016,0.8665435314178467,-0.0073188212700188,0.5325256586074829,0.8793481588363647,-0.0080262217670679,0.5448399186134338,0.8784869313240051,-0.0097434604540467,0.5590834021568298,0.8609935641288757,-0.0097519196569919,0.4115078449249267,0.3718895316123962,8.40554719161446e-08,0.4209438562393188,0.3180342614650726,-0.0026328463573008,0.4223228693008423,0.2739360928535461,-0.0083637684583663,0.4238536655902862,0.268471747636795,-0.0099344039335846,0.4235019981861114,0.2719914317131042,-0.0124345337972044,0.4225168526172638,0.2907624244689941,-0.0137856276705861
0.5574594736099243,0.768833339214325,7.861467565817294e-08,0.5211283564567566,0.8227099776268005,-0.0032238799612969,0.5238882899284363,0.8671203255653381,-0.0081892739981412,0.5326079726219177,0.879842221736908,-0.0087855914607644,0.5446275472640991,0.8783372044563293,-0.0104257324710488,0.5593469142913818,0.85994952917099,-0.0104937171563506,0.4119026958942413,0.368947684764862,7.897710929682945e-08,0.4214790761470794,0.3153714537620544,-0.000555639504455,0.423434853553772,0.2712773382663727,-0.0060104699805378,0.42528036236763,0.2656509280204773,-0.0078537687659263,0.424702912569046,0.2684977054595947,-0.010889932513237,0.4236034154891968,0.2877340316772461,-0.0122871976345777
0.5569109320640564,0.7686641812324524,7.607601304471245e-08,0.5212405920028687,0.8227896094322205,-0.0018604936776682,0.523901104927063,0.8675042986869812,-0.0075833844020962,0.5327723622322083,0.8791314959526062,-0.0085129514336586,0.5450674891471863,0.8778424263000488,-0.0103158270940184,0.559116005897522,0.8596099615097046,-0.0106258550658822,0.4115257561206817,0.3652248680591583,8.191812383984144e-08,0.4226784110069275,0.311699628829956,-0.0019338473211973,0.4249329566955566,0.268426239490509,-0.0074549978598952,0.4268007278442383,0.2633042633533478,-0.0092093739658594,0.4261006116867065,0.2667995095252991,-0.0119820591062307,0.4245208203792572,0.286124587059021,-0.0132970241829752
0.5566897392272949,0.7687650918960571,7.814825409013794e-08,0.5212337374687195,0.8229682445526123,-0.003044162876904,0.5240756273269653,0.8677091002464294,-0.0083401696756482,0.5328709483146667,0.8789597153663635,-0.008674737997353,0.5452635288238525,0.8775779008865356,-0.0100636295974254,0.559205174446106,0.8599130511283875,-0.0103170070797204,0.4113251566886902,0.3645043671131134,7.301211013555077e-08,0.4239619970321655,0.3096173703670501,-0.0016985121183097,0.4265449047088623,0.2665149271488189,-0.0073045003227889,0.4287092387676239,0.2620611786842346,-0.0091963410377502,0.4280385375022888,0.2645869553089142,-0.0117439161986112,0.4256922304630279,0.2833029329776764,-0.0130559680983424
0.5562403798103333,0.7689791321754456,8.265369899618237e-08,0.52116459608078,0.8230786323547363,-0.0030475805979222,0.5238766074180603,0.8677787184715271,-0.0085055464878678,0.5325945019721985,0.8801231384277344,-0.0089998077601194,0.5451593995094299,0.8781847953796387,-0.0107561480253934,0.5595135688781738,0.8587974905967712,-0.011049767024815,0.4130453169345855,0.3611820340156555,7.886074371299402e-08,0.4256658852100372,0.3056148290634155,-0.0012016218388453,0.4295332431793213,0.2645598351955414,-0.0069047277793288,0.4315691590309143,0.2599499225616455,-0.0085765067487955,0.4305030405521393,0.2642622590065002,-0.0109359808266162,0.4278089702129364,0.2816888689994812,-0.0124115096405148
0.5562180280685425,0.7684186100959778,7.946496793920232e-08,0.5204441547393799,0.8224994540214539,-0.0033331436570733,0.5236368179321289,0.8669552803039551,-0.0079958392307162,0.5323840975761414,0.8788461685180664,-0.0082506472244858,0.5444194078445435,0.876995325088501,-0.00990332942456,0.5590713620185852,0.8594280481338501,-0.0101392660290002,0.4132021963596344,0.3577539324760437,8.186822952893635e-08,0.4278861284255981,0.3028233051300049,-0.0007844509091228,0.4327273070812225,0.2624881267547607,-0.0062527717091143,0.435450941324234,0.259277880191803,-0.0079483268782496,0.4342468380928039,0.2628511786460876,-0.0103740124031901,0.4300926923751831,0.2798470258712768,-0.0116973128169775
0.5561928749084473,0.768290102481842,7.786721312186273e-08,0.5204616785049438,0.8221657872200012,-0.0034294060897082,0.5232951641082764,0.8658329248428345,-0.0084341391921043,0.5320214629173279,0.8784715533256531,-0.0086252791807055,0.5443249940872192,0.877305805683136,-0.0102411527186632,0.5589159727096558,0.859278678894043,-0.0105705522000789,0.4144850969314575,0.3546262383460998,7.215487585199298e-08,0.4298340380191803,0.30324387550354,-0.0018127650255337,0.4373609721660614,0.2625271379947662,-0.0069253831170499,0.4396377503871918,0.2591570019721985,-0.0078608933836221,0.4373506605625152,0.2621607184410095,-0.0098304785788059,0.4326836168766022,0.2764115035533905,-0.0110190799459815
0.557087779045105,0.7690361738204956,7.763530618376535e-08,0.5204628705978394,0.8216365575790405,-0.0028626187704503,0.5229664444923401,0.8661264777183533,-0.007911967113614,0.5319795608520508,0.8785160183906555,-0.0081242574378848,0.544153094291687,0.8777135610580444,-0.0095980549231171,0.558845579624176,0.8594027757644653,-0.0097038503736257,0.4138259291648865,0.3515573740005493,7.712524308089996e-08,0.4328129291534424,0.2995098233222961,-0.0019842598121613,0.4411118328571319,0.2615120410919189,-0.0082296160981059,0.4434103667736053,0.258242130279541,-0.0095100030303001,0.440510481595993,0.2623848617076874,-0.0108391530811786,0.4348854720592499,0.2765610814094543,-0.0119570754468441
0.5562000870704651,0.7680120468139648,8.42320915239725e-08,0.5202273726463318,0.8218564391136169,-0.0040487814694643,0.5227264165878296,0.8659934997558594,-0.0090741878375411,0.5309345126152039,0.8787403106689453,-0.0093821473419666,0.5440989136695862,0.8766025304794312,-0.010761709883809,0.5586889982223511,0.8593834042549133,-0.0110770873725414,0.4157692492008209,0.3481697738170624,7.619089359423016e-08,0.4351794123649597,0.2993703186511993,-0.000876103003975,0.4450448453426361,0.2623260617256164,-0.0068161580711603,0.4468152225017547,0.2586889266967773,-0.0074345129542052,0.4433537721633911,0.2599492073059082,-0.0085989283397793,0.4377476274967193,0.2703719437122345,-0.0098151518031954
0.5560726523399353,0.7685961723327637,8.077649482629569e-08,0.5202964544296265,0.8214308619499207,-0.0038455398753285,0.5225071907043457,0.8660273551940918,-0.00858686119318,0.5315654277801514,0.8782898187637329,-0.0085037909448146,0.5437139272689819,0.8772503733634949,-0.0099841495975852,0.5589045286178589,0.8584452867507935,-0.0101245949044823,0.4179051518440246,0.3445294797420501,6.71755771008975e-08,0.4381700456142425,0.2991578280925751,-0.0012650133576244,0.4494137763977051,0.2639530599117279,-0.0052736001089215,0.4504466354846954,0.2591767907142639,-0.0060974890366196,0.4462864100933075,0.2594684362411499,-0.008058744482696,0.4402717649936676,0.2699427902698517,-0.0091892909258604
0.5560989379882812,0.7679447531700134,8.006922769254744e-08,0.5204492807388306,0.8215449452400208,-0.0035802577622234,0.5227274894714355,0.8660613298416138,-0.0083740605041384,0.5317074060440063,0.878085732460022,-0.0085099162533879,0.5439566373825073,0.8772446513175964,-0.0100070657208561,0.5593826770782471,0.8583479523658752,-0.0102574890479445,0.4193783700466156,0.3423714339733124,6.468303581641521e-08,0.4405750036239624,0.2973922789096832,0.0008306814124807,0.4530140459537506,0.2646491825580597,-0.0033921273425221,0.4536271691322326,0.2592681050300598,-0.0046117743477225,0.4494841992855072,0.2587840557098388,-0.0066154054366052,0.4435147643089294,0.2673631906509399,-0.0079434653744101
0.5554034113883972,0.768113911151886,8.265834594567424e-08,0.5203486680984497,0.8217424154281616,-0.0036784331314265,0.5228043794631958,0.8661903142929077,-0.0083290794864296,0.5315977334976196,0.8789117932319641,-0.008732745423913,0.5437718629837036,0.8775516748428345,-0.0104128113016486,0.5590334534645081,0.8586145639419556,-0.0107740825042128,0.4199253916740417,0.3401691317558288,6.524379614347708e-08,0.4432758390903473,0.2977179288864136,-0.0016212803311645,0.4554125070571899,0.26524418592453,-0.0063595320098102,0.4567428529262543,0.2597012519836426,-0.0077538788318634,0.4524774253368377,0.259215235710144,-0.0094458563253283,0.4465131461620331,0.2684917747974396,-0.0106201479211449
0.5553889274597168,0.7692151665687561,7.980040805932731e-08,0.5202029347419739,0.8217983841896057,-0.0030313981696963,0.5226892828941345,0.866331934928894,-0.0080468282103538,0.5316370129585266,0.8788358569145203,-0.0086088785901665,0.5438395738601685,0.8771659731864929,-0.010335586965084,0.5592992901802063,0.8588311672210693,-0.0105791920796036,0.4218980669975281,0.3383282124996185,6.588225431869432e-08,0.44600510597229,0.2994025647640228,-0.0020462037064135,0.4592998027801513,0.2683784663677215,-0.0058555174618959,0.4597440361976623,0.2604500353336334,-0.0066385115496814,0.4548298716545105,0.2601775527000427,-0.0079069109633564,0.4471996426582336,0.2692745327949524,-0.0086607206612825
0.5554466247558594,0.76888108253479,8.398473738679969e-08,0.5204104781150818,0.8223153948783875,-0.0044947047717869,0.5226424336433411,0.8671403527259827,-0.0088841123506426,0.5314105749130249,0.8792978525161743,-0.0085865650326013,0.5443136692047119,0.8776690363883972,-0.0101578896865248,0.5599462389945984,0.8581167459487915,-0.010302972048521,0.4235980212688446,0.3360703587532043,5.6660699243593626e-08,0.4485292732715606,0.299895167350769,0.0004632961645256,0.4621250927448272,0.2698272466659546,-0.0043469076044857,0.4630355536937713,0.2619224190711975,-0.005534297786653,0.4581204652786255,0.261264830827713,-0.0075342752970755,0.4508328437805176,0.2693579196929931,-0.0087246615439653
0.5557684302330017,0.768372118473053,7.864662876500007e-08,0.5203919410705566,0.8225142955780029,-0.0035779799800366,0.5227881669998169,0.8672908544540405,-0.0081551419571042,0.5318546295166016,0.8788819313049316,-0.0083574643358588,0.5442895293235779,0.8773409724235535,-0.0097656855359673,0.5594767928123474,0.8583415746688843,-0.0098587861284613,0.4243752658367157,0.3353038430213928,5.58796742211598e-08,0.4504739046096802,0.3029293417930603,-0.0006347156013362,0.4647011160850525,0.2718748450279236,-0.0048484676517546,0.4656786918640136,0.2635827660560608,-0.0060160020366311,0.4605264365673065,0.2625066041946411,-0.0079183019697666,0.4529843032360077,0.2697749733924866,-0.0090672522783279
0.5558030009269714,0.7681791186332703,7.97210759628797e-08,0.520294189453125,0.8221094012260437,-0.0041093812324106,0.5229382514953613,0.866963803768158,-0.0085283340886235,0.5317742824554443,0.8791099786758423,-0.0085032805800437,0.544146716594696,0.8779311180114746,-0.0101596899330616,0.5601409077644348,0.8581668138504028,-0.0103904511779546,0.4258915483951568,0.3350642323493957,5.429089711128655e-08,0.4531688392162323,0.3059392869472503,-0.0003662280505523,0.467752069234848,0.2727334499359131,-0.0056393928825855,0.4679957628250122,0.264313668012619,-0.0074118068441748,0.4622281193733215,0.2624900341033935,-0.0096574034541845,0.4533284306526184,0.2703148424625397,-0.0110629452392458
0.5553104877471924,0.7683003544807434,7.810429281107646e-08,0.5201640725135803,0.8226191401481628,-0.003734664293006,0.5227994918823242,0.866813063621521,-0.0087169064208865,0.5316809415817261,0.8794968724250793,-0.0089282840490341,0.5439441204071045,0.8774685263633728,-0.0106739606708288,0.559937059879303,0.8587419986724854,-0.0110496282577514,0.4265110790729522,0.3351265788078308,5.163018457210456e-08,0.4555071294307709,0.3086108565330505,-5.317095201462507e-05,0.4694530665874481,0.2755774259567261,-0.0047111492604017,0.4707090258598327,0.2668943405151367,-0.0064429095946252,0.4647589027881622,0.2647855877876282,-0.0085680037736892,0.455325037240982,0.2701090276241302,-0.0100687267258763
0.5552608966827393,0.768390417098999,8.053979172473191e-08,0.5203840136528015,0.8221578001976013,-0.0037618852220475,0.5229958891868591,0.8670495748519897,-0.0081418128684163,0.5320103168487549,0.8788619637489319,-0.0078967390581965,0.5445283055305481,0.876981794834137,-0.0094147976487874,0.5602397918701172,0.8564940690994263,-0.00940085016191,0.4289973080158233,0.3362460732460022,5.2886697687881685e-08,0.4581298530101776,0.3125304877758026,-0.0003318884118925,0.4723375141620636,0.2780824303627014,-0.0047626006416976,0.472926378250122,0.2685078978538513,-0.0060961726121604,0.4671564102172851,0.2650643289089203,-0.0079528447240591,0.4570986628532409,0.2706458270549774,-0.0093023404479026
0.5553502440452576,0.7679193019866943,8.312643728913828e-08,0.5202016234397888,0.8219375610351562,-0.0050510973669588,0.5231034159660339,0.8677711486816406,-0.0095388982445001,0.532000720500946,0.8794785141944885,-0.009230381809175,0.5446136593818665,0.8774303793907166,-0.0106814755126833,0.5606099963188171,0.857173502445221,-0.0109755275771021,0.4295153319835663,0.3362081050872803,5.1910866716298194e-08,0.4602132737636566,0.317841112613678,-0.0016521756770089,0.4746403396129608,0.2808711528778076,-0.0055904649198055,0.475113034248352,0.2707570493221283,-0.0065512331202626,0.4693101048469543,0.2669211030006408,-0.0081726685166358,0.4588247835636139,0.2710796594619751,-0.0093080084770917
0.555306613445282,0.7667735815048218,8.062279022169606e-08,0.520466148853302,0.8226183652877808,-0.0040287524461746,0.5228947401046753,0.867680549621582,-0.0089330216869711,0.5320316553115845,0.879487931728363,-0.0090389680117368,0.5442631840705872,0.8774577975273132,-0.0108060492202639,0.5605087280273438,0.8565928936004639,-0.0111543303355574,0.4302939176559448,0.3374911546707153,4.736343583999769e-08,0.46248859167099,0.3195014894008636,0.0008466129656881,0.4757778346538543,0.2851938009262085,-0.0040437625721096,0.4773948192596435,0.2745593786239624,-0.0062623457051813,0.4716595709323883,0.2692028284072876,-0.0084433434531092,0.460774689912796,0.2732867896556854,-0.0099229961633682
0.5555156469345093,0.7676199078559875,7.464514339972085e-08,0.5201716423034668,0.8220462203025818,-0.0025673035997897,0.5236053466796875,0.8674377799034119,-0.0072888135910034,0.5326037406921387,0.878950834274292,-0.008052384480834,0.5447927713394165,0.8772964477539062,-0.010211119428277,0.560598611831665,0.8556442260742188,-0.0106720170006155,0.4326760172843933,0.3417347073554992,5.98036891119591e-08,0.4632701873779297,0.3196642100811004,-0.0021040050778537,0.4788482189178467,0.2887908518314361,-0.0065945615060627,0.4797124564647674,0.2777986228466034,-0.0070460671558976,0.4742397665977478,0.2732060551643371,-0.0085485484451055,0.4626960456371307,0.2761062681674957,-0.0088888658210635
0.5554600954055786,0.7665135264396667,8.126525585794299e-08,0.5201442241668701,0.8222593665122986,-0.0052909762598574,0.5234570503234863,0.8671377897262573,-0.009598284959793,0.5320883393287659,0.878736138343811,-0.0091977436095476,0.5449361801147461,0.8772425055503845,-0.0107702212408185,0.5609298348426819,0.857002317905426,-0.0111178969964385,0.4356741309165954,0.3407928645610809,5.317534501614318e-08,0.466739684343338,0.316742479801178,-0.000917459372431,0.4817830622196197,0.2930944263935089,-0.0048422473482787,0.4821419715881347,0.2819992899894714,-0.0053449906408786,0.476580262184143,0.2786573767662048,-0.0068812305107712,0.4654608070850372,0.2807517051696777,-0.0074974265880882
0.5554564595222473,0.7668359279632568,8.018670172305066e-08,0.5205897092819214,0.822374701499939,-0.0041028945706784,0.5235334634780884,0.8672339916229248,-0.0088156508281826,0.5324627757072449,0.8791407942771912,-0.0089233042672276,0.545332133769989,0.8771800398826599,-0.0106068421155214,0.5609645247459412,0.8571274876594543,-0.011083485558629,0.438226968050003,0.3423046469688415,4.68767851202756e-08,0.4694118201732635,0.3171099126338959,-0.0009048146894201,0.4839715361595154,0.3002965450286865,-0.0054951477795839,0.4842661023139953,0.2902161180973053,-0.0066065988503396,0.4787302613258362,0.2848733067512512,-0.0079970341175794,0.4670115709304809,0.2865963280200958,-0.0089218597859144
0.5559155941009521,0.7669359445571899,7.896363030113207e-08,0.5208348035812378,0.8224948644638062,-0.0040587107650935,0.5237807035446167,0.8675691485404968,-0.0089061129838228,0.5327270030975342,0.8794398307800293,-0.0089569184929132,0.5456342697143555,0.8772757053375244,-0.0104622663930058,0.5616251826286316,0.8567442893981934,-0.0107500795274972,0.4378585815429687,0.343883216381073,5.462211660756112e-08,0.4656602144241333,0.3255901336669922,-0.0050364732742309,0.4853859841823578,0.3078711628913879,-0.0101233273744583,0.4864114820957184,0.2984302639961242,-0.0103646060451865,0.4812716543674469,0.2930192053318023,-0.0107688074931502,0.4696429371833801,0.292843222618103,-0.0109311025589704
0.5561007857322693,0.7660354375839233,7.743427232753676e-08,0.5207395553588867,0.8225976228713989,-0.0025983725208789,0.5242167115211487,0.8668258786201477,-0.0079661300405859,0.5327108502388,0.8796992301940918,-0.008627132512629,0.5453218817710876,0.8785372376441956,-0.0109162228181958,0.5621984601020813,0.8569170832633972,-0.0114166243001818,0.4389491379261017,0.3482415676116943,5.346889508928143e-08,0.4691364765167236,0.3358409106731415,-0.003183890832588,0.4867477118968963,0.3147275447845459,-0.0076822331175208,0.4873552024364471,0.307240754365921,-0.0092759048566222,0.4830937385559082,0.3009650409221649,-0.0108465356752276,0.4717600643634796,0.2989475727081299,-0.0115470681339502
0.556033194065094,0.7668398022651672,7.929806855599963e-08,0.5207366943359375,0.8230395913124084,-0.00358189153485,0.5244320034980774,0.8679501414299011,-0.0080824606120586,0.533091127872467,0.8795772194862366,-0.0080984346568584,0.5455833673477173,0.8777472972869873,-0.0100510250777006,0.5622766613960266,0.8559801578521729,-0.0103907343000173,0.4378603100776672,0.3570024073123932,6.367747573676752e-08,0.4679517149925232,0.3473014831542969,-0.0045909387990832,0.4872657060623169,0.3234221935272217,-0.0101539297029376,0.4882179498672485,0.3148049712181091,-0.0114498808979988,0.4835406243801117,0.3085771203041076,-0.0123241627588868,0.4718146026134491,0.3073126077651977,-0.0126536777243018
0.5559192299842834,0.7667897939682007,7.939235047160764e-08,0.5205531716346741,0.8231807351112366,-0.003507857909426,0.5238142609596252,0.8679994940757751,-0.0080638574436306,0.5331348180770874,0.8793338537216187,-0.0080834478139877,0.545860767364502,0.8774048089981079,-0.0098583130165934,0.5620248913764954,0.8565899729728699,-0.0102357454597949,,,,,,,,,,,,,,,,,,
0.5554639101028442,0.7668353319168091,7.3534330624625e-08,0.5209396481513977,0.8231574892997742,-0.0039842231199145,0.5242747664451599,0.8679743409156799,-0.0090883653610944,0.5336048603057861,0.8794594407081604,-0.0089939497411251,0.5460646152496338,0.8772541880607605,-0.0104493321850895,0.5623007416725159,0.8569043278694153,-0.0109175583347678,,,,,,,,,,,,,,,,,,
0.5550405383110046,0.7674160599708557,8.224682090940405e-08,0.5201790928840637,0.8237147331237793,-0.0036619873717427,0.5240390300750732,0.8680797815322876,-0.0085662482306361,0.5329638719558716,0.8799336552619934,-0.0085929716005921,0.5462191700935364,0.8778238892555237,-0.0103892507031559,0.5620852708816528,0.856938898563385,-0.0107532432302832,,,,,,,,,,,,,,,,,,
0.5551691055297852,0.7661619782447815,7.604068485989046e-08,0.5204809904098511,0.8235747814178467,-0.0034198721405118,0.5238655805587769,0.8686088919639587,-0.0091300271451473,0.5331359505653381,0.8800106048583984,-0.0097819492220878,0.5453709363937378,0.8777173757553101,-0.0118142496794462,0.561299741268158,0.8560915589332581,-0.01234872918576,,,,,,,,,,,,,,,,,,
0.5548712015151978,0.7674195766448975,8.26175963197784e-08,0.5200252532958984,0.8234161138534546,-0.0041110012680292,0.5231269598007202,0.8687898516654968,-0.0092945983633399,0.5323559045791626,0.880455493927002,-0.0092361830174922,0.5450974702835083,0.8780288100242615,-0.0108762718737125,0.5605946779251099,0.8570079207420349,-0.0113341156393289,,,,,,,,,,,,,,,,,,
0.5541079640388489,0.7671850323677063,7.938320578659842e-08,0.5190383195877075,0.8231180310249329,-0.0032525383867323,0.5228407979011536,0.8691317439079285,-0.0086292847990989,0.5320002436637878,0.8807201385498047,-0.0086178528144955,0.5445481538772583,0.8784404397010803,-0.0105182956904172,0.5603804588317871,0.8568666577339172,-0.0108406553044915,,,,,,,,,,,,,,,,,,
0.5541879534721375,0.7672377824783325,7.779299693311259e-08,0.5191141963005066,0.8232834339141846,-0.0036358260549604,0.5223559141159058,0.8687917590141296,-0.008637772873044,0.5312545895576477,0.879814624786377,-0.0091775935143232,0.5438609719276428,0.8785818219184875,-0.01127933524549,0.5603674054145813,0.8576532602310181,-0.0119085693731904,,,,,,,,,,,,,,,,,,
0.554044246673584,0.7680000066757202,7.912080945970956e-08,0.5185194611549377,0.8231045007705688,-0.0035379561595618,0.521767258644104,0.8688011765480042,-0.0091673284769058,0.5311709046363831,0.8800278306007385,-0.0094348806887865,0.5436609387397766,0.878579318523407,-0.0111482189968228,0.5594303607940674,0.8571469187736511,-0.011480264365673,,,,,,,,,,,,,,,,,,
0.5541202425956726,0.7679500579833984,8.01660462457221e-08,0.5183215141296387,0.8236591815948486,-0.0034086199011653,0.5211045742034912,0.8681856989860535,-0.0086193168535828,0.5303148627281189,0.8806154727935791,-0.0086797690019011,0.5429607629776001,0.8787878155708313,-0.0103357192128896,0.5594794750213623,0.8576656579971313,-0.0104950871318578,,,,,,,,,,,,,,,,,,
0.5536208748817444,0.7683995366096497,7.858706396746129e-08,0.5178093314170837,0.823202908039093,-0.0033403967972844,0.5207895040512085,0.8686496019363403,-0.0083350325003266,0.5297797322273254,0.8809247016906738,-0.0086162416264414,0.5424559116363525,0.8797116875648499,-0.010710360482335,0.5589231252670288,0.8573769927024841,-0.0111384615302085,,,,,,,,,,,,,,,,,,
0.5539348125457764,0.768731415271759,7.8263340697049e-08,0.5171918272972107,0.8236114382743835,-0.0028662323020398,0.5202468037605286,0.8683798313140869,-0.0078362030908465,0.5292761325836182,0.8808243274688721,-0.0077990819700062,0.5419648289680481,0.8792687654495239,-0.0096727460622787,0.558571994304657,0.8581390380859375,-0.0099095087498426,,,,,,,,,,,,,,,,,,
0.5531576871871948,0.7680548429489136,7.750062991362938e-08,0.5172730684280396,0.8238182067871094,-0.0027708518318831,0.5201103687286377,0.8690130710601807,-0.0082150055095553,0.528920590877533,0.8813549876213074,-0.0084240548312664,0.5414865016937256,0.8796392679214478,-0.010382791981101,0.558062732219696,0.8582373261451721,-0.0106994844973087,,,,,,,,,,,,,,,,,,
0.5533862113952637,0.76933753490448,7.873819640735746e-08,0.5168436169624329,0.8233225345611572,-0.0036911468487232,0.5195508599281311,0.8696365356445312,-0.008263231255114,0.5285438895225525,0.8816345930099487,-0.0083950720727443,0.5412066578865051,0.8802328109741211,-0.0104597806930542,0.5575286746025085,0.8583042025566101,-0.0106326080858707,,,,,,,,,,,,,,,,,,
0.5529940128326416,0.7682708501815796,7.748571562160579e-08,0.5158128142356873,0.8237817883491516,-0.0029848536942154,0.5188831686973572,0.8689717650413513,-0.0080186175182461,0.5277836918830872,0.881084144115448,-0.0082085374742746,0.5410314202308655,0.8793831467628479,-0.0102627845481038,0.5571404099464417,0.8584867715835571,-0.0107059786096215,,,,,,,,,,,,,,,,,,
0.5527667999267578,0.7684568166732788,7.929837408937601e-08,0.5159585475921631,0.8238157629966736,-0.0030206693336367,0.518494725227356,0.8689615726470947,-0.0077042202465236,0.5274510979652405,0.8818239569664001,-0.0078013786114752,0.5401906967163086,0.8804796934127808,-0.0099527444690465,0.5572311282157898,0.8585991263389587,-0.0102035934105515,,,,,,,,,,,,,,,,,,
0.5527592301368713,0.7677319049835205,7.227012588373327e-08,0.5156913995742798,0.8236208558082581,-0.0017231301171705,0.5185966491699219,0.8686316013336182,-0.0073147621005773,0.5272909998893738,0.8809586763381958,-0.0082848006859421,0.5398659110069275,0.8805980682373047,-0.0109764672815799,0.5566772818565369,0.8581445217132568,-0.0116828177124261,0.4103818237781524,0.405966967344284,1.331544297045184e-08,0.4202501475811004,0.4071867763996124,0.007785974536091,0.4303549230098724,0.390080988407135,0.01307800039649,0.4324450194835663,0.3806499242782593,0.0112521704286336,0.4321344494819641,0.3733651041984558,0.009179905988276,0.4306041002273559,0.367994874715805,0.0096055809408426
0.5524501800537109,0.7692670822143555,7.642152155540316e-08,0.5154061913490295,0.8232338428497314,-0.0019924568478018,0.518185555934906,0.8683723211288452,-0.0073067299090325,0.5270074605941772,0.8808749914169312,-0.0079098213464021,0.5398785471916199,0.880027174949646,-0.0102862417697906,0.5563494563102722,0.8581044673919678,-0.0106106176972389,0.4090895056724548,0.3972945809364319,6.964963716882266e-08,0.4192761182785034,0.401646077632904,-0.0048438040539622,0.4272371232509613,0.368009090423584,-0.0022834637202322,0.4267219603061676,0.3580952286720276,-0.0020790186244994,0.4256406128406524,0.3581636846065521,-0.0020071119070053,0.4245308637619018,0.3647646307945251,-0.0002126319159287
0.5528053641319275,0.7690401077270508,7.844992211403223e-08,0.5156697034835815,0.8225027322769165,-0.0035595239605754,0.5177483558654785,0.8682886958122253,-0.0082363979890942,0.5265259146690369,0.8811432719230652,-0.0084298551082611,0.5393772125244141,0.8799137473106384,-0.0104063721373677,0.5562074184417725,0.8585397601127625,-0.0108028054237365,0.4096356928348541,0.3957754969596863,6.847933775588899e-08,0.4178718328475952,0.3777280747890472,-0.001320578972809,0.4235017299652099,0.3577373623847961,-0.0007071414147503,0.4227164387702942,0.3465053141117096,-0.0001724818284856,0.421693742275238,0.3449398875236511,-0.0007543356041423,0.4201107025146484,0.3514208495616913,-0.0001561474491609
0.5529685616493225,0.7678042054176331,7.777553889809496e-08,0.5158351063728333,0.8223789930343628,-0.002360942075029,0.5178782939910889,0.8672405481338501,-0.0075467568822205,0.5267832279205322,0.8800767660140991,-0.0078667318448424,0.5395040512084961,0.8794009685516357,-0.0096716731786727,0.5559344291687012,0.8585322499275208,-0.0098192049190402,0.4087584316730499,0.3898943364620209,7.243635735676436e-08,0.4069169163703918,0.347438097000122,-0.0002956874959636,0.4151581525802612,0.3300991654396057,-0.0024086728226393,0.4176220595836639,0.3301223218441009,-0.0018084001494571,0.4180703461170196,0.3319929540157318,-0.0025526601821184,0.4178970158100128,0.3428491353988647,-0.0023751487024128
0.5527772903442383,0.7684057354927063,7.81917819381306e-08,0.5161347389221191,0.8228483200073242,-0.0023181200958788,0.517798900604248,0.8678779006004333,-0.0078437197953462,0.5267059206962585,0.8797327876091003,-0.008427076973021,0.5390676856040955,0.8793396949768066,-0.0106686595827341,0.5559011697769165,0.858485758304596,-0.0112217552959918,0.4072373211383819,0.3828946948051452,6.879226077671774e-08,0.4080851674079895,0.3513565063476562,0.0019176484784111,0.4134409427642822,0.3291938006877899,0.0022927611134946,0.4131689071655273,0.3233389556407928,0.0027602866757661,0.4119420945644378,0.3203142881393432,0.0017836592160165,0.4094540178775787,0.3202932476997375,0.00150900229346
0.5527189373970032,0.7687493562698364,7.792485234858759e-08,0.5160146355628967,0.8227298259735107,-0.0031149287242442,0.5182685852050781,0.8667625784873962,-0.0083749834448099,0.5271643996238708,0.8801887631416321,-0.0087385047227144,0.5395835041999817,0.8791757225990295,-0.010799465700984,0.5562693476676941,0.85837322473526,-0.0112795289605855,0.406182050704956,0.3752224147319793,7.909857657750764e-08,0.4048592746257782,0.3403656482696533,0.0008990106289274,0.4100420773029327,0.3111565411090851,0.0006272845785133,0.4100478291511535,0.3072662353515625,0.0011637031566351,0.409341037273407,0.3071136176586151,-4.6401859435718507e-05,0.408356249332428,0.3104087114334106,-0.0005334401503205
0.5532302260398865,0.7692903280258179,8.117820016195766e-08,0.5166594982147217,0.8231511116027832,-0.002870513126254,0.5186856389045715,0.8674559593200684,-0.0080355433747172,0.527624249458313,0.8801370859146118,-0.0084767006337642,0.5401442646980286,0.8789897561073303,-0.0104544917121529,0.5571147799491882,0.8591111302375793,-0.0108559001237154,0.404593676328659,0.3711618483066559,8.969501408273572e-08,0.4087756276130676,0.3412255048751831,-0.0034403114113956,0.4104948341846466,0.2964159548282623,-0.0046188728883862,0.4094899892807007,0.2917104065418243,-0.0037466913927346,0.4088212251663208,0.2928804159164428,-0.0044070803560316,0.408531904220581,0.2998896241188049,-0.0041767242364585
0.55366051197052,0.7695578932762146,7.9586286005906e-08,0.5172362923622131,0.8229129314422607,-0.002998889889568,0.5195792317390442,0.8671327233314514,-0.0082711353898048,0.5279291272163391,0.8808095455169678,-0.0087346248328685,0.5406100153923035,0.8794000744819641,-0.0105291176587343,0.5573319792747498,0.8596426248550415,-0.0107955187559127,0.4055868983268738,0.3683303296566009,7.339470187162078e-08,0.4111585319042206,0.3314463496208191,0.0033240024931728,0.412041038274765,0.2879984080791473,0.0005271887639537,0.4105089008808136,0.2805939018726349,-0.0001863880606833,0.4096680581569671,0.2816666066646576,-0.0031033314298838,0.4095939695835113,0.2897020876407623,-0.00395815866068
0.5534002184867859,0.7696459293365479,7.940850821341884e-08,0.5172890424728394,0.8235000371932983,-0.0028779122512787,0.5200627446174622,0.8684318661689758,-0.0084528597071766,0.5284791588783264,0.8810871839523315,-0.0090711144730448,0.5411087870597839,0.8800351023674011,-0.0110770501196384,0.5577630400657654,0.8602403402328491,-0.0115795182064175,0.4054576456546783,0.365977942943573,8.8378889984142e-08,0.4138970673084259,0.3206136226654053,-0.0022284605074673,0.4109117686748504,0.2751522362232208,-0.0062150084413588,0.4112399220466614,0.2696779072284698,-0.0065693450160324,0.4102472960948944,0.2719277143478393,-0.008314854465425,0.4099595546722412,0.2834085822105407,-0.0086811324581503
0.5538457036018372,0.7704501748085022,8.101653037329015e-08,0.5176985263824463,0.8243004083633423,-0.0034974503796547,0.5205544829368591,0.8684922456741333,-0.0088372426107525,0.5293227434158325,0.8816783428192139,-0.0091313514858484,0.5419450402259827,0.8802648186683655,-0.0107351318001747,0.5578325986862183,0.8600613474845886,-0.0108739854767918,0.4074027836322784,0.359805703163147,8.023094721920644e-08,0.4173673093318939,0.3128018081188202,-0.0018282087985426,0.4149453341960907,0.2656809091567993,-0.0060807191766798,0.4140724539756775,0.2603559494018554,-0.0071580242365598,0.4123440384864807,0.2630073428153991,-0.0094844186678528,0.4116989374160766,0.2772791087627411,-0.010043166577816
0.554436206817627,0.7712071537971497,8.11384595067466e-08,0.5184702277183533,0.825120210647583,-0.0021357084624469,0.5209157466888428,0.8688926696777344,-0.0076035908423364,0.5294786095619202,0.8821089863777161,-0.0080109750851988,0.5422042012214661,0.880657970905304,-0.009746610186994,0.5585736632347107,0.8610964417457581,-0.0099520301446318,0.4086636006832123,0.3553228378295898,7.39999990173601e-08,0.420689046382904,0.3052488565444946,-0.0015057070413604,0.4190432131290436,0.2596857249736786,-0.0064553935080766,0.4176076352596283,0.2538662850856781,-0.0079034604132175,0.4151313304901123,0.257730633020401,-0.010184128768742,0.41434046626091,0.2734884321689605,-0.0111483484506607
0.554222822189331,0.772186815738678,8.21323524746731e-08,0.5187146663665771,0.826042115688324,-0.004049012903124,0.520760178565979,0.8692117929458618,-0.0092793405055999,0.5297629237174988,0.8836435079574585,-0.0095593594014644,0.5425675511360168,0.8816439509391785,-0.0113469781354069,0.5589109659194946,0.8618960976600647,-0.0116696525365114,0.4092108011245727,0.3523452579975128,6.605269931014845e-08,0.4239606261253357,0.3003815114498138,-0.0012991856783628,0.4235293865203857,0.2561968564987182,-0.0059610400348901,0.422642171382904,0.250051200389862,-0.0077332090586423,0.4194405674934387,0.2531061768531799,-0.0100343842059373,0.4182029962539673,0.2695497870445251,-0.0110421003773808
0.5548646450042725,0.7727411985397339,8.435108611593024e-08,0.5192404985427856,0.8272489905357361,-0.0034621024969965,0.5205919146537781,0.8711232542991638,-0.0086846472695469,0.5301610231399536,0.8846943974494934,-0.0087736910209059,0.5429146885871887,0.8827109336853027,-0.0105667328462004,0.5592396855354309,0.8625001907348633,-0.0108567122370004,0.4104266464710235,0.3500538468360901,6.945482056153196e-08,0.4269822835922241,0.2967868149280548,-0.0028225572314113,0.4275108575820923,0.2525179088115692,-0.0085066063329577,0.4269317090511322,0.2466485351324081,-0.0104237766936421,0.4240006804466247,0.2504625022411346,-0.0125179709866642,0.4227933883666992,0.2699249982833862,-0.0134441014379262
0.5545884370803833,0.7749171853065491,8.2395544609426e-08,0.5191157460212708,0.8294419050216675,-0.0031232580076903,0.520880937576294,0.872324526309967,-0.0087018199265003,0.5302410125732422,0.8866559267044067,-0.0089664096012711,0.5426152348518372,0.8845905065536499,-0.0108044762164354,0.5591263771057129,0.8654932379722595,-0.0112873446196317,0.4110146164894104,0.3471655547618866,6.845996836091217e-08,0.429835170507431,0.294695109128952,-0.0019692252390086,0.4328298270702362,0.2509470582008362,-0.0077578462660312,0.4327321648597717,0.2462720870971679,-0.0094498554244637,0.4289077818393707,0.2505785524845123,-0.0115625532343983,0.4261294603347778,0.2704848945140838,-0.0124531425535678
0.5545981526374817,0.7781530618667603,8.460138900545645e-08,0.5190765261650085,0.831055223941803,-0.0027997712604701,0.5210416913032532,0.8745436668395996,-0.008261103183031,0.5300705432891846,0.8892600536346436,-0.0085550462827086,0.5419367551803589,0.8870617151260376,-0.0103176441043615,0.5584039092063904,0.8679613471031189,-0.0105538358911871,0.4127662181854248,0.3458144664764404,6.293436172200019e-08,0.4328189790248871,0.2921043038368225,-0.0014676516875624,0.437915027141571,0.253238320350647,-0.0075220870785415,0.4382007420063019,0.2480186522006988,-0.0095593435689806,0.4345474541187286,0.2520001828670501,-0.011775261722505,0.4305966794490814,0.2696294486522674,-0.01302932202816
0.5546821355819702,0.7791295051574707,8.279571517277874e-08,0.5188556909561157,0.8331090807914734,-0.0027943775057792,0.520803689956665,0.8763003349304199,-0.0085228085517883,0.5300305485725403,0.8914998173713684,-0.0088918441906571,0.541626513004303,0.8890658617019653,-0.0104255117475986,0.5574798583984375,0.8695402145385742,-0.0105397207662463,0.4127150177955627,0.3453692197799682,6.028616894582228e-08,0.4355521202087402,0.2930817306041717,-0.0005024467827752,0.442225843667984,0.2570611536502838,-0.0064980178140103,0.4433051347732544,0.2529591619968414,-0.0084078004583716,0.4400241374969482,0.2557708621025085,-0.0099737886339426,0.4343437850475311,0.2701126635074615,-0.0112266708165407
0.5543137192726135,0.7815225124359131,8.577874410775621e-08,0.5186324715614319,0.8363027572631836,-0.0031254687346518,0.5209158658981323,0.8782919645309448,-0.0090785203501582,0.5292509198188782,0.8939111232757568,-0.0091149015352129,0.5406685471534729,0.8914632797241211,-0.0105885593220591,0.5568508505821228,0.873031735420227,-0.0108785219490528,0.4137901663780212,0.3446966111660003,6.117288364748674e-08,0.4374352991580963,0.2969478964805603,-0.0005385145777836,0.4474916458129883,0.2634262442588806,-0.0059838318265974,0.447899580001831,0.2587200701236725,-0.0075121014378964,0.4444139301776886,0.2605971693992615,-0.0090976553037762,0.4385884404182434,0.2727212309837341,-0.0105025982484221
0.55467289686203,0.7847410440444946,8.70664180752101e-08,0.5183541774749756,0.8389973044395447,-0.0035913793835788,0.5209206342697144,0.8821832537651062,-0.0090141845867037,0.5295071005821228,0.8968788981437683,-0.0087849106639623,0.5413892269134521,0.894589364528656,-0.0100553035736083,0.556256115436554,0.8761322498321533,-0.0102623403072357,0.4134475588798523,0.346489816904068,6.764584981056032e-08,0.4384151399135589,0.3044727742671966,-0.0011824675602838,0.451406329870224,0.2693846225738525,-0.0074047320522367,0.4513533115386963,0.2625177502632141,-0.0087518403306603,0.4481873214244842,0.2643083930015564,-0.0102864084765315,0.4424067735671997,0.2766168713569641,-0.011506063863635
0.553631603717804,0.7879908680915833,8.162837872305317e-08,0.5184741616249084,0.8420425057411194,-0.003149215131998,0.5209068059921265,0.8846180438995361,-0.0080177849158644,0.5294346213340759,0.898882269859314,-0.008319261483848,0.5410522818565369,0.8967695236206055,-0.0101766288280487,0.5559103488922119,0.8789748549461365,-0.0107570998370647,0.4150335788726806,0.3499513864517212,6.932008034254977e-08,0.4388971030712127,0.3088960647583008,-0.0023766565136611,0.4533881247043609,0.2742840945720672,-0.0077218492515385,0.4539267122745514,0.2667762041091919,-0.0089397057890892,0.4510454833507538,0.2670205533504486,-0.0106356712058186,0.4454273581504822,0.276894748210907,-0.0117109455168247
0.5535671710968018,0.7893794178962708,8.277478258378325e-08,0.5182439088821411,0.8438108563423157,-0.0029401290230453,0.5213086605072021,0.8869250416755676,-0.0079315938055515,0.5299374461174011,0.902137577533722,-0.0079421950504183,0.541810154914856,0.8992042541503906,-0.0094676753506064,0.555980920791626,0.8803715705871582,-0.0094708548858761,0.4141905307769775,0.3542020320892334,6.707359290203385e-08,0.4389539361000061,0.3179540634155273,-0.0027991421520709,0.4528945982456207,0.2792170643806457,-0.0079102516174316,0.4541459679603576,0.2719535529613495,-0.0095435874536633,0.4511244893074035,0.2730092704296112,-0.011288478039205,0.4461888074874878,0.2836259305477142,-0.0121718375012278
0.552982747554779,0.7914560437202454,8.034702858594757e-08,0.5186411142349243,0.8460209369659424,-0.0021083261817693,0.5212361216545105,0.889898419380188,-0.0069671878591179,0.529952347278595,0.9036201238632202,-0.0071702683344483,0.5420028567314148,0.9012187719345092,-0.0086887516081333,0.5560150146484375,0.8820265531539917,-0.008452552370727,0.415320873260498,0.3589911758899688,5.3361599583467985e-08,0.4384740889072418,0.3298888504505157,-0.0015370717737823,0.4544716477394104,0.2904815375804901,-0.004944474902004,0.4544716477394104,0.2797301113605499,-0.0061582149937748,0.4503723084926605,0.2784585952758789,-0.0078360401093959,0.4441911578178406,0.2856326699256897,-0.0085954358801245
0.5530000925064087,0.7917842864990234,7.984876759792314e-08,0.5184769630432129,0.8469719886779785,-0.0030724629759788,0.5216113924980164,0.8910223245620728,-0.0077552422881126,0.5303762555122375,0.9051188826560974,-0.0080382470041513,0.5427460670471191,0.9023390412330629,-0.009759658947587,0.5562204718589783,0.8829129338264465,-0.0099808778613805,0.4157336950302124,0.3636012673377991,4.813158227534586e-08,0.4365301132202148,0.340130090713501,-0.003096641972661,0.4532178342342376,0.3017482161521911,-0.0049807578325271,0.454085499048233,0.2892208695411682,-0.0057197548449039,0.4502537548542022,0.2853521704673767,-0.0077140154317021,0.4442498981952667,0.2914327979087829,-0.0080368798226118
0.5526432394981384,0.7932393550872803,8.234928827732801e-08,0.5183622241020203,0.848816454410553,-0.0018403440481051,0.5213185548782349,0.8925275206565857,-0.0072118542157113,0.5304597020149231,0.906394898891449,-0.0078396871685981,0.542801022529602,0.9033828377723694,-0.0096354419365525,0.5560628771781921,0.8836634755134583,-0.0096200369298458,0.4139513969421386,0.3709109425544739,2.0300404912632075e-08,0.4352729320526123,0.3510560393333435,0.0049612754955887,0.4520807564258575,0.3144288063049316,0.0022672205232083,0.4529213607311249,0.3023509979248047,0.0002780492359306,0.4496732950210571,0.2967432141304016,-0.0031354930251836,0.4443187117576599,0.3001252114772796,-0.0045937839895486
0.5520420074462891,0.7938293814659119,7.972623450314131e-08,0.5179243683815002,0.8498132228851318,-0.0022063767537474,0.5213454961776733,0.8935786485671997,-0.0072894380427896,0.5306149125099182,0.9070504307746888,-0.0080486759543418,0.5429474115371704,0.9037054181098938,-0.0101110460236668,0.5562180876731873,0.8836629390716553,-0.0104885045439004,0.4121564626693725,0.3786496520042419,2.3556523842671595e-08,0.4327983558177948,0.3621834218502044,0.0049365833401679,0.4506903290748596,0.3279167115688324,0.0024499683640897,0.4519276618957519,0.3155128359794616,0.0008463572594337,0.449404776096344,0.3097395598888397,-0.0024577940348535,0.4442785978317261,0.3107475340366363,-0.0039595128037035
0.5517799854278564,0.7947594523429871,8.291242181712732e-08,0.5179915428161621,0.8505773544311523,-0.0020681039895862,0.5211374163627625,0.8946622014045715,-0.0071641071699559,0.530657172203064,0.907743752002716,-0.0072058988735079,0.5429323315620422,0.9047852158546448,-0.0088798981159925,0.5557389855384827,0.8842960596084595,-0.0090171182528138,0.4126814007759094,0.385720819234848,1.9987533406151673e-08,0.4315012395381927,0.3733001351356506,0.0061359978280961,0.4483393728733063,0.3432385921478271,0.005816129501909,0.4503452777862549,0.3313241899013519,0.0043176393955945,0.4481742084026336,0.3242335319519043,0.0009685340337455,0.4443396329879761,0.3226454257965088,-0.0003140744811389
0.5525436997413635,0.7949212193489075,8.03551003514258e-08,0.5180198550224304,0.8499059081077576,-0.0014205230399966,0.5210870504379272,0.8954846858978271,-0.0062277438119053,0.5301791429519653,0.9073883295059204,-0.0064440537244081,0.5423566102981567,0.905078113079071,-0.0082392767071723,0.5554054379463196,0.8852559924125671,-0.008268030360341,0.4124282598495483,0.3959697484970093,1.140175065472704e-08,0.4286179840564728,0.3856646120548248,0.0041044978424906,0.4424804151058197,0.3611464500427246,0.0059645716100931,0.4472632110118866,0.3481353223323822,0.0045928549952805,0.4470365047454834,0.3414932191371918,0.0009926541242748,0.4441636502742767,0.3379519879817962,5.456570579553954e-05
0.552640974521637,0.7952314615249634,7.358024589620983e-08,0.5173907279968262,0.8505215048789978,-0.0008390215807594,0.52058345079422,0.8941277265548706,-0.0057140314020216,0.5293711423873901,0.9067387580871582,-0.0063063125126063,0.5410522818565369,0.9053168892860411,-0.0084393275901675,0.5544077754020691,0.8857035636901855,-0.0087287863716483,0.4116555750370025,0.4060132503509521,1.1527236054575953e-08,0.4264907538890838,0.4010078608989715,0.0064397077076137,0.4397932589054107,0.3775048553943634,0.0094496151432394,0.4420839250087738,0.3643091917037964,0.0067056841216981,0.4434994757175445,0.3544407188892364,0.0026899208314716,0.4420166909694671,0.351275086402893,0.0021555060520768
0.5524986386299133,0.7964726686477661,7.960813519503064e-08,0.5172473192214966,0.8511801362037659,-0.0012806927552446,0.5202387571334839,0.8950629830360413,-0.0059298477135598,0.5286241769790649,0.9070848822593688,-0.0060243499465286,0.5405541658401489,0.9055454730987548,-0.0078214993700385,0.5541358590126038,0.8870745301246643,-0.0078294444829225,0.412012904882431,0.4152966737747192,6.736760482795034e-09,0.4257394075393677,0.4147392511367798,0.0097825331613421,0.4368345737457275,0.3962618708610534,0.0144747886806726,0.4404778778553009,0.3884547352790832,0.0112563902512192,0.4414252042770386,0.3778302073478699,0.0071372929960489,0.4402658641338348,0.3673472106456756,0.0069071352481842
0.5531854033470154,0.7963624596595764,7.582899996805281e-08,0.518035352230072,0.8507726788520813,-0.0010461993515491,0.5202409029006958,0.8945325613021851,-0.0058800876140594,0.5284676551818848,0.90696120262146,-0.0063161277212202,0.5399845838546753,0.9052319526672364,-0.0081201503053307,0.5535985827445984,0.8881138563156128,-0.0081134000793099,0.412005752325058,0.4225322902202606,2.8566807586116738e-08,0.4277246594429016,0.4258172214031219,0.0134383514523506,0.4360176920890808,0.4110454618930816,0.0216186195611953,0.4397780001163482,0.4037541449069977,0.0165722426027059,0.4405163824558258,0.3943682909011841,0.012635126709938,0.4403989017009735,0.3833159208297729,0.011947114020586
0.5536549687385559,0.7965173125267029,7.886700359449605e-08,0.5178545117378235,0.8507311940193176,-0.0015790748875588,0.5205775499343872,0.8944299221038818,-0.0053310333751142,0.5285627245903015,0.9062626957893372,-0.0052292635664343,0.5400806665420532,0.9043243527412416,-0.006737011950463,0.5530580878257751,0.8878281116485596,-0.006480916403234,0.4098738431930542,0.4297576546669006,5.1949513135696186e-08,0.4347663819789886,0.3919450342655182,-0.0031856461428105,0.4389554262161255,0.3958855271339416,-0.0070634679868817,0.4398357272148132,0.4066624045372009,-0.0073224166408181,0.437773734331131,0.4193938374519348,-0.0095522785559296,0.4276908636093139,0.4443819522857666,-0.0100380992516875
0.5532591342926025,0.7977125644683838,7.912546351462879e-08,0.518535852432251,0.8513288497924805,-0.0015270315343514,0.5208346247673035,0.8950170278549194,-0.0056407116353511,0.5288477540016174,0.9063342809677124,-0.0056083598174154,0.5401203632354736,0.9042695760726928,-0.0072077573277056,0.5531439781188965,0.8874591588973999,-0.0070117888972163,0.4085550308227539,0.4401528239250183,6.081624093212669e-08,0.43182173371315,0.4056623876094818,-0.0037082708440721,0.4388315975666046,0.4061243832111358,-0.0082653891295194,0.439893513917923,0.4153744280338287,-0.0079565504565835,0.4392543137073517,0.4296580255031585,-0.0098409559577703,0.4311316311359405,0.4516575932502746,-0.0107203461229801
0.5541183948516846,0.7993672490119934,7.979324578855086e-08,0.5189478993415833,0.8523975014686584,-0.0024412451311945,0.5213009715080261,0.8956727981567383,-0.0065478207543492,0.5294712781906128,0.9061337113380432,-0.0062076225876808,0.5406239032745361,0.9041340947151184,-0.007446062285453,0.5532984733581543,0.887012779712677,-0.0071909385733306,0.4079273343086242,0.4507018029689789,5.566268868051338e-08,0.4300944209098816,0.4178843200206756,-0.0021692612208426,0.4358934760093689,0.4142009019851684,-0.004811655730009,0.4387061893939972,0.4210918545722961,-0.0042939530685544,0.438969224691391,0.4302565157413482,-0.004202265292406,0.43814218044281,0.4411772787570953,-0.0039599533192813
0.554684042930603,0.7994356155395508,8.190682621034284e-08,0.5198004841804504,0.8521247506141663,-0.001931034377776,0.5222808718681335,0.8957489132881165,-0.0061204172670841,0.5299963355064392,0.9074676036834716,-0.006286674644798,0.5415671467781067,0.9053231477737428,-0.0075514041818678,0.553806722164154,0.8877276182174683,-0.0071674464270472,0.4070003628730774,0.4599742889404297,5.2173756870388395e-08,0.4261679649353027,0.4257781207561493,-0.0029907824937254,0.4336495697498321,0.4202982187271118,-0.0055420403368771,0.436747282743454,0.4249478876590729,-0.0056811631657183,0.4382306337356567,0.4307928383350372,-0.0059702964499592,0.4381981790065765,0.4426708817481994,-0.006077348254621
0.5553010702133179,0.7991860508918762,8.288156294611326e-08,0.520749568939209,0.8532110452651978,-0.001132839708589,0.5234166979789734,0.8965579867362976,-0.0054692574776709,0.5308505296707153,0.9073625802993774,-0.0055487668141722,0.5425164699554443,0.9054771065711976,-0.0068769897334277,0.5551590919494629,0.8875433802604675,-0.0063742310740053,0.4070348739624023,0.4671729207038879,7.290938697224193e-08,0.4317080080509186,0.4705758094787597,-0.0110674314200878,0.4375036656856537,0.4473406076431274,-0.0141733447089791,0.4375762045383453,0.4353929758071899,-0.0122677590698003,0.4341510236263275,0.4297767877578735,-0.0107594253495335,0.4291818737983703,0.4269675314426422,-0.0096930796280503
