time,X_LEFT_WRIST,Y_LEFT_WRIST,Z_LEFT_WRIST,X_LEFT_THUMB_CMC,Y_LEFT_THUMB_CMC,Z_LEFT_THUMB_CMC,X_LEFT_THUMB_MCP,Y_LEFT_THUMB_MCP,Z_LEFT_THUMB_MCP,X_LEFT_THUMB_IP,Y_LEFT_THUMB_IP,Z_LEFT_THUMB_IP,X_LEFT_THUMB_TIP,Y_LEFT_THUMB_TIP,Z_LEFT_THUMB_TIP,X_LEFT_INDEX_FINGER_MCP,Y_LEFT_INDEX_FINGER_MCP,Z_LEFT_INDEX_FINGER_MCP,X_LEFT_INDEX_FINGER_PIP,Y_LEFT_INDEX_FINGER_PIP,Z_LEFT_INDEX_FINGER_PIP,X_LEFT_INDEX_FINGER_DIP,Y_LEFT_INDEX_FINGER_DIP,Z_LEFT_INDEX_FINGER_DIP,X_LEFT_INDEX_FINGER_TIP,Y_LEFT_INDEX_FINGER_TIP,Z_LEFT_INDEX_FINGER_TIP,X_LEFT_MIDDLE_FINGER_MCP,Y_LEFT_MIDDLE_FINGER_MCP,Z_LEFT_MIDDLE_FINGER_MCP,X_LEFT_MIDDLE_FINGER_PIP,Y_LEFT_MIDDLE_FINGER_PIP,Z_LEFT_MIDDLE_FINGER_PIP,X_LEFT_MIDDLE_FINGER_DIP,Y_LEFT_MIDDLE_FINGER_DIP,Z_LEFT_MIDDLE_FINGER_DIP,X_LEFT_MIDDLE_FINGER_TIP,Y_LEFT_MIDDLE_FINGER_TIP,Z_LEFT_MIDDLE_FINGER_TIP,X_LEFT_RING_FINGER_MCP,Y_LEFT_RING_FINGER_MCP,Z_LEFT_RING_FINGER_MCP,X_LEFT_RING_FINGER_PIP,Y_LEFT_RING_FINGER_PIP,Z_LEFT_RING_FINGER_PIP,X_LEFT_RING_FINGER_DIP,Y_LEFT_RING_FINGER_DIP,Z_LEFT_RING_FINGER_DIP,X_LEFT_RING_FINGER_TIP,Y_LEFT_RING_FINGER_TIP,Z_LEFT_RING_FINGER_TIP,X_LEFT_PINKY_FINGER_MCP,Y_LEFT_PINKY_FINGER_MCP,Z_LEFT_PINKY_FINGER_MCP,X_LEFT_PINKY_FINGER_PIP,Y_LEFT_PINKY_FINGER_PIP,Z_LEFT_PINKY_FINGER_PIP,X_LEFT_PINKY_FINGER_DIP,Y_LEFT_PINKY_FINGER_DIP,Z_LEFT_PINKY_FINGER_DIP,X_LEFT_PINKY_FINGER_TIP,Y_LEFT_PINKY_FINGER_TIP,Z_LEFT_PINKY_FINGER_TIP,X_RIGHT_WRIST,Y_RIGHT_WRIST,Z_RIGHT_WRIST,X_RIGHT_THUMB_CMC,Y_RIGHT_THUMB_CMC,Z_RIGHT_THUMB_CMC,X_RIGHT_THUMB_MCP,Y_RIGHT_THUMB_MCP,Z_RIGHT_THUMB_MCP,X_RIGHT_THUMB_IP,Y_RIGHT_THUMB_IP,Z_RIGHT_THUMB_IP,X_RIGHT_THUMB_TIP,Y_RIGHT_THUMB_TIP,Z_RIGHT_THUMB_TIP,X_RIGHT_INDEX_FINGER_MCP,Y_RIGHT_INDEX_FINGER_MCP,Z_RIGHT_INDEX_FINGER_MCP,X_RIGHT_INDEX_FINGER_PIP,Y_RIGHT_INDEX_FINGER_PIP,Z_RIGHT_INDEX_FINGER_PIP,X_RIGHT_INDEX_FINGER_DIP,Y_RIGHT_INDEX_FINGER_DIP,Z_RIGHT_INDEX_FINGER_DIP,X_RIGHT_INDEX_FINGER_TIP,Y_RIGHT_INDEX_FINGER_TIP,Z_RIGHT_INDEX_FINGER_TIP,X_RIGHT_MIDDLE_FINGER_MCP,Y_RIGHT_MIDDLE_FINGER_MCP,Z_RIGHT_MIDDLE_FINGER_MCP,X_RIGHT_MIDDLE_FINGER_PIP,Y_RIGHT_MIDDLE_FINGER_PIP,Z_RIGHT_MIDDLE_FINGER_PIP,X_RIGHT_MIDDLE_FINGER_DIP,Y_RIGHT_MIDDLE_FINGER_DIP,Z_RIGHT_MIDDLE_FINGER_DIP,X_RIGHT_MIDDLE_FINGER_TIP,Y_RIGHT_MIDDLE_FINGER_TIP,Z_RIGHT_MIDDLE_FINGER_TIP,X_RIGHT_RING_FINGER_MCP,Y_RIGHT_RING_FINGER_MCP,Z_RIGHT_RING_FINGER_MCP,X_RIGHT_RING_FINGER_PIP,Y_RIGHT_RING_FINGER_PIP,Z_RIGHT_RING_FINGER_PIP,X_RIGHT_RING_FINGER_DIP,Y_RIGHT_RING_FINGER_DIP,Z_RIGHT_RING_FINGER_DIP,X_RIGHT_RING_FINGER_TIP,Y_RIGHT_RING_FINGER_TIP,Z_RIGHT_RING_FINGER_TIP,X_RIGHT_PINKY_FINGER_MCP,Y_RIGHT_PINKY_FINGER_MCP,Z_RIGHT_PINKY_FINGER_MCP,X_RIGHT_PINKY_FINGER_PIP,Y_RIGHT_PINKY_FINGER_PIP,Z_RIGHT_PINKY_FINGER_PIP,X_RIGHT_PINKY_FINGER_DIP,Y_RIGHT_PINKY_FINGER_DIP,Z_RIGHT_PINKY_FINGER_DIP,X_RIGHT_PINKY_FINGER_TIP,Y_RIGHT_PINKY_FINGER_TIP,Z_RIGHT_PINKY_FINGER_TIP
0
33.333333333333336
66.66666666666667
100.0
133.33333333333334
166.66666666666669
200.00000000000003
233.33333333333337
266.6666666666667
300.0
333.3333333333333
366.66666666666663
399.99999999999994
433.33333333333326
466.6666666666666
499.9999999999999
533.3333333333333
566.6666666666666
600.0,0.6299937963485718,0.9641659259796143,-3.898458889040057e-09,0.6137237548828125,0.9243906736373901,-0.01267190556973219,0.5775481462478638,0.8992794752120972,-0.019492603838443756,0.5495491623878479,0.8895531892776489,-0.025927569717168808,0.5316740870475769,0.8786067962646484,-0.032192520797252655,0.5518649220466614,0.9303053617477417,-0.013762603513896465,0.5313968658447266,0.9331403970718384,-0.0282822884619236,0.5414891839027405,0.934711754322052,-0.039370179176330566,0.5524842739105225,0.935899019241333,-0.04589701443910599,0.5550022125244141,0.9654645919799805,-0.013919727876782417,0.5340037941932678,0.9681739807128906,-0.025297995656728745,0.5453776717185974,0.9672725796699524,-0.031674716621637344,0.5582668781280518,0.9660757184028625,-0.03630075603723526,0.5626059174537659,0.9979823231697083,-0.015944037586450577,0.5401784181594849,1.0024951696395874,-0.02638867311179638,0.549699068069458,1.0017244815826416,-0.02513245865702629,0.561278223991394,1.001651406288147,-0.023872537538409233,0.5714549422264099,1.0268878936767578,-0.019037406891584396,0.5510433912277222,1.0312258005142212,-0.025076312944293022,0.5573787093162537,1.0291937589645386,-0.0215113814920187,0.5656020045280457,1.0278918743133545,-0.018443025648593903,0.17359066009521484,1.0087950229644775,3.695790553592815e-07,0.22318607568740845,0.9973369836807251,-0.020734064280986786,0.25665903091430664,0.9462152719497681,-0.02963155321776867,0.26633480191230774,0.8910366296768188,-0.033423177897930145,0.2624698877334595,0.8501514196395874,-0.03701813891530037,0.22399424016475677,0.9355700612068176,-0.04335717856884003,0.24985790252685547,0.8563430309295654,-0.054023973643779755,0.2673609256744385,0.8080806136131287,-0.05655574053525925,0.28067052364349365,0.7761891484260559,-0.05703320726752281,0.19064480066299438,0.9223202466964722,-0.03504736348986626,0.21452510356903076,0.8457071185112,-0.04463914409279823,0.2318551242351532,0.8287522196769714,-0.04385646432638168,0.24037647247314453,0.8322655558586121,-0.042395733296871185,0.165895476937294,0.9157337546348572,-0.02583782747387886,0.19319739937782288,0.8430638909339905,-0.032092779874801636,0.20898960530757904,0.841317892074585,-0.026691526174545288,0.21266219019889832,0.8583948612213135,-0.022103212773799896,0.15194466710090637,0.9117069244384766,-0.017869936302304268,0.1761225163936615,0.8543859124183655,-0.022789157927036285,0.19144216179847717,0.8513650298118591,-0.018930790945887566,0.19423748552799225,0.8654159903526306,-0.014970967546105385
633.3333333333334,0.17589494585990906,1.005794644355774,4.784411089531204e-07,0.22346656024456024,0.9969363212585449,-0.02156398631632328,0.2552446722984314,0.9487856030464172,-0.031105557456612587,0.2638903856277466,0.8949019908905029,-0.03532630205154419,0.2609316110610962,0.853327214717865,-0.03919026628136635,0.22078394889831543,0.9342709183692932,-0.04436556249856949,0.24871516227722168,0.856295645236969,-0.057342834770679474,0.26858121156692505,0.8090667724609375,-0.06169409304857254,0.28342652320861816,0.7779921889305115,-0.06279902905225754,0.18773634731769562,0.920413613319397,-0.0354696661233902,0.21154387295246124,0.8460026383399963,-0.04545317217707634,0.23289380967617035,0.8215174674987793,-0.045019444078207016,0.246905118227005,0.8138429522514343,-0.04377546161413193,0.1641097366809845,0.9125537872314453,-0.025885973125696182,0.19111108779907227,0.84549480676651,-0.03194870427250862,0.21128399670124054,0.8368864059448242,-0.026101581752300262,0.22044800221920013,0.8432378768920898,-0.021168984472751617,0.15140315890312195,0.9078391194343567,-0.017793826758861542,0.1763199120759964,0.8544241786003113,-0.02237412892282009,0.19494746625423431,0.8466235995292664,-0.01781383529305458,0.20162174105644226,0.8532075881958008,-0.013065308332443237
666.6666666666667,0.2829881012439728,0.885055661201477,1.3702988610475586e-07,0.28348198533058167,0.8155572414398193,-0.0017389825079590082,0.3003748059272766,0.7442265152931213,-0.0037362866569310427,0.3240278661251068,0.691707193851471,-0.0061261290684342384,0.33983659744262695,0.6516436338424683,-0.00792053621262312,0.29623475670814514,0.7496539950370789,-0.007858183234930038,0.32010307908058167,0.6952672600746155,-0.01737474650144577,0.3359606862068176,0.6665247082710266,-0.023057669401168823,0.34868958592414856,0.6452324390411377,-0.026779402047395706,0.30834341049194336,0.7742506861686707,-0.01361182238906622,0.33448538184165955,0.7221886515617371,-0.021125391125679016,0.35162338614463806,0.6895430088043213,-0.026410339400172234,0.36679762601852417,0.6638249158859253,-0.030830752104520798,0.32094985246658325,0.8067665696144104,-0.019789019599556923,0.3499523401260376,0.7601606845855713,-0.028001639991998672,0.36713945865631104,0.7327343821525574,-0.03079647198319435,0.3825061023235321,0.7100134491920471,-0.03331434354186058,0.33292433619499207,0.844157338142395,-0.025880467146635056,0.3552025258541107,0.8175549507141113,-0.033729229122400284,0.3702976703643799,0.801615297794342,-0.03467145934700966,0.3850850462913513,0.7879034280776978,-0.035073671489953995
700.0000000000001,0.32251352071762085,0.8341639041900635,4.069924557370541e-07,0.31610435247421265,0.7749875783920288,-0.008325450122356415,0.32730281352996826,0.7058984637260437,-0.019465504214167595,0.349260538816452,0.6529003977775574,-0.029020778834819794,0.3563939332962036,0.605917751789093,-0.038642361760139465,0.300468385219574,0.7148199081420898,-0.04329792410135269,0.3346381187438965,0.657512366771698,-0.06484416127204895,0.3610944449901581,0.6249761581420898,-0.07451172173023224,0.38316822052001953,0.5999502539634705,-0.07982048392295837,0.310753732919693,0.7445508241653442,-0.05015474930405617,0.3527044653892517,0.6888084411621094,-0.0708603784441948,0.38313159346580505,0.6555594205856323,-0.07612598687410355,0.4078291654586792,0.6307307481765747,-0.07958772778511047,0.3279695212841034,0.7778072357177734,-0.05654152110219002,0.37082499265670776,0.7277902960777283,-0.07510055601596832,0.3993805944919586,0.6958112120628357,-0.07701174914836884,0.4219133257865906,0.6693934202194214,-0.0776030421257019,0.34956589341163635,0.81104576587677,-0.06304901838302612,0.3848046362400055,0.7722331881523132,-0.07814544439315796,0.40711790323257446,0.7469638586044312,-0.08092838525772095,0.42588281631469727,0.7247322201728821,-0.08224502205848694
733.3333333333335,0.5767953991889954,0.8145791292190552,1.2723536890746345e-08,0.5871374011039734,0.7612619996070862,-0.004181477706879377,0.5780833959579468,0.696688175201416,-0.013370130211114883,0.5643583536148071,0.6422414779663086,-0.021700145676732063,0.5645018815994263,0.6013844609260559,-0.03180776536464691,0.5872722864151001,0.6956862211227417,-0.03329285606741905,0.5556737780570984,0.6361991167068481,-0.048005614429712296,0.5405015349388123,0.615934431552887,-0.05474787577986717,0.5318170785903931,0.6022003889083862,-0.05897010862827301,0.5729026794433594,0.7211155891418457,-0.04103882610797882,0.5318284630775452,0.6588301658630371,-0.054725006222724915,0.5126727819442749,0.6260380148887634,-0.06092465668916702,0.5022351145744324,0.6010700464248657,-0.06615858525037766,0.5563727617263794,0.7523133754730225,-0.04764872044324875,0.5170992612838745,0.6974724531173706,-0.06252992898225784,0.4989266097545624,0.6611848473548889,-0.06852874159812927,0.4888968765735626,0.6302410960197449,-0.07294981926679611,0.5360720753669739,0.7851876616477966,-0.053053826093673706,0.5052000880241394,0.7492349743843079,-0.06728716194629669,0.4921054244041443,0.7252046465873718,-0.07083891332149506,0.4840512275695801,0.7002381682395935,-0.07318088412284851,0.36188530921936035,0.8179358243942261,3.582875933716423e-07,0.35591214895248413,0.7546743154525757,-0.005786375608295202,0.35929128527641296,0.682863712310791,-0.013977119699120522,0.3725089430809021,0.6264892816543579,-0.0219135582447052,0.3776039779186249,0.5806161165237427,-0.029496461153030396,0.3309452533721924,0.685197114944458,-0.025758957490324974,0.3554181158542633,0.6299750804901123,-0.04376285523176193,0.37837353348731995,0.5980807542800903,-0.05363192781805992,0.39730745553970337,0.5733238458633423,-0.05917021259665489,0.34202325344085693,0.7118709087371826,-0.03276941925287247,0.3781415820121765,0.6525853872299194,-0.04880128055810928,0.40520715713500977,0.6177889108657837,-0.054417308419942856,0.4262031614780426,0.5911166071891785,-0.05806771665811539,0.3613368272781372,0.7424575686454773,-0.040090419352054596,0.39955538511276245,0.6880214810371399,-0.05511486530303955,0.42436328530311584,0.6537654995918274,-0.05662486329674721,0.4419384002685547,0.6260193586349487,-0.05662386491894722,0.3849477171897888,0.773256778717041,-0.04769632965326309,0.4172331690788269,0.7272456884384155,-0.05845121294260025,0.43551576137542725,0.6993346214294434,-0.058672044426202774,0.44896450638771057,0.6753137111663818,-0.05796016752719879
766.6666666666669,0.5779735445976257,0.806208074092865,6.147107001197583e-08,0.5847746729850769,0.7499207854270935,-0.0017015556804835796,0.5783337354660034,0.6883786916732788,-0.009926686063408852,0.5686132907867432,0.6388639807701111,-0.017879817634820938,0.5763817429542542,0.6024003028869629,-0.02807830274105072,0.589190661907196,0.6952155232429504,-0.03236788511276245,0.570601224899292,0.6398597359657288,-0.04957721009850502,0.5527665615081787,0.6071930527687073,-0.059225261211395264,0.5354601144790649,0.582856297492981,-0.06553437560796738,0.5756741166114807,0.7195672392845154,-0.04123230651021004,0.5493991374969482,0.657677173614502,-0.05638103932142258,0.5261983275413513,0.6197458505630493,-0.06355924904346466,0.505986750125885,0.5913681387901306,-0.07020821422338486,0.5566442608833313,0.748282790184021,-0.048838209360837936,0.5301511883735657,0.6895943284034729,-0.06290030479431152,0.5095098614692688,0.6521192789077759,-0.06798001378774643,0.49311330914497375,0.6220316290855408,-0.07258628308773041,0.5335220098495483,0.777868390083313,-0.05544799566268921,0.5121943950653076,0.7363712787628174,-0.06902401149272919,0.4991637170314789,0.7071031928062439,-0.07338665425777435,0.4881383776664734,0.6804060339927673,-0.07678034156560898,0.38063499331474304,0.8103030920028687,3.408533473248099e-07,0.3688826262950897,0.7510049939155579,-0.00270264595746994,0.3667178452014923,0.6824172735214233,-0.008865639567375183,0.37267670035362244,0.6296042203903198,-0.015541644766926765,0.37068623304367065,0.5870516300201416,-0.022376293316483498,0.3521389663219452,0.6804426908493042,-0.021305428817868233,0.36939936876296997,0.6260945796966553,-0.038015205413103104,0.38526856899261475,0.5911774039268494,-0.048289425671100616,0.3995065987110138,0.5621934533119202,-0.054744698107242584,0.3663279116153717,0.6990982890129089,-0.029676182195544243,0.38974371552467346,0.6431221961975098,-0.044340815395116806,0.4110918641090393,0.6052531599998474,-0.05123515799641609,0.43083667755126953,0.5752739906311035,-0.0560915544629097,0.3871378004550934,0.723511278629303,-0.0380697138607502,0.4121634364128113,0.669647753238678,-0.052045900374650955,0.4321669042110443,0.6345160007476807,-0.05480220913887024,0.4483126699924469,0.605721116065979,-0.05609540641307831,0.4117467403411865,0.7486425042152405,-0.04661429300904274,0.4338412284851074,0.707189679145813,-0.05695384740829468,0.44800832867622375,0.6781989336013794,-0.05833188444375992,0.46034812927246094,0.652595579624176,-0.05874007195234299
800.0000000000002,0.5619910359382629,0.8093774914741516,1.5345106874065095e-07,0.5779765844345093,0.7587171196937561,-0.0065008848905563354,0.583334743976593,0.6952586770057678,-0.016974816098809242,0.5874228477478027,0.6439876556396484,-0.02582933008670807,0.604224443435669,0.6120576858520508,-0.03688248246908188,0.5890864729881287,0.7159178853034973,-0.044446028769016266,0.5789128541946411,0.6575606465339661,-0.0629955530166626,0.5639436841011047,0.6207705736160278,-0.07217264920473099,0.5485445857048035,0.5915046334266663,-0.07807029038667679,0.5676597952842712,0.7364689707756042,-0.050373125821352005,0.5526185631752014,0.6711119413375854,-0.06787368655204773,0.5351279377937317,0.6263193488121033,-0.07501554489135742,0.519753098487854,0.5903503894805908,-0.08155985176563263,0.5431528091430664,0.7561984658241272,-0.05480360984802246,0.5277355313301086,0.695318877696991,-0.06954348087310791,0.5147201418876648,0.6543495655059814,-0.0744519755244255,0.5043971538543701,0.6207163333892822,-0.07868354767560959,0.5168232321739197,0.7747935056686401,-0.05870570242404938,0.5060867071151733,0.7273306846618652,-0.07143387198448181,0.4981410503387451,0.696337878704071,-0.07588554918766022,0.4908730983734131,0.6686989068984985,-0.07957194745540619,0.42462843656539917,0.8109182715415955,2.5024462502187816e-07,0.40149444341659546,0.7539135813713074,-0.004302389454096556,0.3836808502674103,0.6902576684951782,-0.01125268079340458,0.3740087151527405,0.6392793655395508,-0.0183044895529747,0.36136385798454285,0.6011524200439453,-0.025605395436286926,0.37585756182670593,0.702221155166626,-0.02690502442419529,0.37794390320777893,0.64373379945755,-0.04526814445853233,0.38396626710891724,0.6055083274841309,-0.05509383603930473,0.3902791440486908,0.5727857947349548,-0.06132616475224495,0.3944329023361206,0.7168564796447754,-0.03485450521111488,0.4040214419364929,0.6538156867027283,-0.052519265562295914,0.41463473439216614,0.610980212688446,-0.06008991226553917,0.4243970811367035,0.5749608874320984,-0.06531787663698196,0.4190886914730072,0.7343209981918335,-0.042718060314655304,0.43049356341362,0.6743348836898804,-0.05990014970302582,0.4404379427433014,0.6332329511642456,-0.06462149322032928,0.44794753193855286,0.5983667969703674,-0.06679269671440125,0.44686535000801086,0.7516580820083618,-0.050481777638196945,0.4551725387573242,0.7035464644432068,-0.06447546184062958,0.46105310320854187,0.6711699962615967,-0.06843452155590057,0.46703729033470154,0.6422531008720398,-0.07048279047012329
833.3333333333336,0.5608232617378235,0.8085707426071167,7.806110602359695e-08,0.5772825479507446,0.7599635124206543,-0.00579288974404335,0.5815710425376892,0.6983304023742676,-0.015892721712589264,0.5851539969444275,0.6471481323242188,-0.02459408901631832,0.6029608249664307,0.6156535148620605,-0.03536177799105644,0.5893518924713135,0.7150695323944092,-0.04056571051478386,0.5795920491218567,0.6564065217971802,-0.058976542204618454,0.5652098655700684,0.6201027035713196,-0.06858377903699875,0.5491927266120911,0.5915183424949646,-0.07490226626396179,0.5682341456413269,0.7345007658004761,-0.04729223996400833,0.5519296526908875,0.6675894260406494,-0.06384014338254929,0.5348083972930908,0.6251694560050964,-0.0708664134144783,0.5194209814071655,0.5916917324066162,-0.07752278447151184,0.543198823928833,0.7546456456184387,-0.05278420448303223,0.5279320478439331,0.6918575167655945,-0.06743904203176498,0.5156551599502563,0.651702344417572,-0.07204686105251312,0.5057185292243958,0.6181432008743286,-0.07639086246490479,0.5160033106803894,0.7740265130996704,-0.05766793340444565,0.5052542686462402,0.7271078824996948,-0.07099451869726181,0.4977090060710907,0.6973133087158203,-0.0750872865319252,0.4905531406402588,0.6701602935791016,-0.07853171229362488,0.4230496883392334,0.8111046552658081,3.217846540337632e-07,0.40169256925582886,0.7532374858856201,-0.004695392679423094,0.38495969772338867,0.6895226240158081,-0.011858510784804821,0.37389904260635376,0.640202522277832,-0.018588071689009666,0.35800936818122864,0.6030231714248657,-0.025619270280003548,0.37661057710647583,0.7032921314239502,-0.029202958568930626,0.3786170184612274,0.646120548248291,-0.04765809327363968,0.3834287226200104,0.6068340539932251,-0.057767484337091446,0.38838091492652893,0.5735496878623962,-0.06432066112756729,0.3953995108604431,0.7184027433395386,-0.037025079131126404,0.40477368235588074,0.6568297147750854,-0.05512438714504242,0.4146614372730255,0.611957848072052,-0.06256072968244553,0.4244314134120941,0.5750682950019836,-0.06785312294960022,0.42020872235298157,0.7360937595367432,-0.044648606330156326,0.43140533566474915,0.6761826872825623,-0.06218484044075012,0.4407377243041992,0.6346278786659241,-0.06655192375183105,0.44778063893318176,0.6004544496536255,-0.06860145181417465,0.4479314982891083,0.7530709505081177,-0.05215473845601082,0.4561038017272949,0.706320583820343,-0.06639796495437622,0.46024084091186523,0.6732503175735474,-0.07033655047416687,0.4648645520210266,0.6433534026145935,-0.07245593518018723
866.666666666667,0.5559467077255249,0.8166193962097168,6.670410357401124e-08,0.5732943415641785,0.7685810327529907,-0.006889369338750839,0.5836012959480286,0.7085795998573303,-0.016566643491387367,0.5913999676704407,0.6604340076446533,-0.02490026317536831,0.6107122898101807,0.6339551210403442,-0.035178057849407196,0.589050829410553,0.7331563234329224,-0.03891664370894432,0.580940842628479,0.6791754961013794,-0.056654561311006546,0.5688432455062866,0.6445944309234619,-0.06633339077234268,0.5561808347702026,0.6156443953514099,-0.07285795360803604,0.5656943917274475,0.7500643134117126,-0.04471278190612793,0.5522928237915039,0.6873210668563843,-0.060888487845659256,0.5389828681945801,0.643520712852478,-0.06858398765325546,0.5273808240890503,0.6054079532623291,-0.07585988938808441,0.5398929715156555,0.7665152549743652,-0.049482062458992004,0.5263569951057434,0.7073478102684021,-0.06429319083690643,0.5169051289558411,0.6674553155899048,-0.06958916038274765,0.5094301104545593,0.6323140859603882,-0.0742698535323143,0.5129570364952087,0.7813935279846191,-0.05386153608560562,0.5050233602523804,0.7363077402114868,-0.06727767735719681,0.4988725781440735,0.7068331837654114,-0.07172407954931259,0.49253031611442566,0.6800732612609863,-0.07544801384210587,0.4360676109790802,0.8185948729515076,2.6539382247392496e-07,0.4101681113243103,0.7669512629508972,-0.007492103613913059,0.38741087913513184,0.7044660449028015,-0.015769388526678085,0.37142810225486755,0.6557074189186096,-0.02310342527925968,0.35185012221336365,0.6248441934585571,-0.030554480850696564,0.3816184997558594,0.726024866104126,-0.03182949870824814,0.37862294912338257,0.6714824438095093,-0.050954751670360565,0.3811336159706116,0.6331977248191833,-0.061038706451654434,0.38392573595046997,0.6003937721252441,-0.06755658984184265,0.4025793969631195,0.738785445690155,-0.03813353180885315,0.406438410282135,0.6768410801887512,-0.05668823421001434,0.41254764795303345,0.6320802569389343,-0.0639539361000061,0.41807126998901367,0.5954324007034302,-0.06911090761423111,0.42933428287506104,0.7512472867965698,-0.044527649879455566,0.434452623128891,0.6918107867240906,-0.0628441572189331,0.4397939145565033,0.6485982537269592,-0.06745435297489166,0.4429844319820404,0.612628161907196,-0.06953678280115128,0.4586545526981354,0.7622876763343811,-0.050976622849702835,0.4618181586265564,0.7147225737571716,-0.06600018590688705,0.46315717697143555,0.6811818480491638,-0.0704159215092659,0.46450352668762207,0.6501152515411377,-0.07299219816923141
900.0000000000003,0.5539842844009399,0.8264734148979187,2.081501015993581e-08,0.5722729563713074,0.7789636254310608,-0.005742102395743132,0.584368109703064,0.7205866575241089,-0.014433048665523529,0.59488844871521,0.6747193336486816,-0.02201813831925392,0.6165231466293335,0.6525353789329529,-0.03161320462822914,0.5888879299163818,0.74625164270401,-0.034643616527318954,0.5823836326599121,0.6956547498703003,-0.05006645247340202,0.5716073513031006,0.6636817455291748,-0.05855037271976471,0.5606029629707336,0.6366071105003357,-0.06459169834852219,0.5651425123214722,0.7614777684211731,-0.04016537219285965,0.5537233948707581,0.7038281559944153,-0.0542009063065052,0.5420948266983032,0.6645956039428711,-0.06089631840586662,0.5320871472358704,0.6308329701423645,-0.06777450442314148,0.5392031669616699,0.7756190896034241,-0.04473572596907616,0.5271105170249939,0.7205278277397156,-0.05769110471010208,0.5183808207511902,0.6838179230690002,-0.06221233680844307,0.5116192698478699,0.6510288715362549,-0.06671310216188431,0.5125011205673218,0.7878643870353699,-0.04890879616141319,0.5047128200531006,0.7453559041023254,-0.060799337923526764,0.49958235025405884,0.7182977199554443,-0.06452948600053787,0.4944573938846588,0.6935641169548035,-0.0679558739066124,0.44483715295791626,0.8264830112457275,2.3113436498078954e-07,0.4176264703273773,0.7764808535575867,-0.007809756323695183,0.39029741287231445,0.7177234292030334,-0.016716718673706055,0.36871621012687683,0.6744557023048401,-0.0246043112128973,0.3436560332775116,0.6500826478004456,-0.03249068930745125,0.38681936264038086,0.7456502914428711,-0.03259878233075142,0.3779563307762146,0.7010468244552612,-0.05191217362880707,0.3778492212295532,0.6669781804084778,-0.06199796870350838,0.3787078857421875,0.636167049407959,-0.06831412762403488,0.4082143306732178,0.7579794526100159,-0.038259271532297134,0.40731188654899597,0.7022114992141724,-0.05723089724779129,0.4112895429134369,0.6590461134910583,-0.06354011595249176,0.4155880808830261,0.6228289604187012,-0.06787911057472229,0.43516403436660767,0.766541063785553,-0.044089991599321365,0.4377228617668152,0.7107416987419128,-0.06264772266149521,0.4408136010169983,0.6696841716766357,-0.06598889827728271,0.44197508692741394,0.6354441046714783,-0.06698637455701828,0.465015709400177,0.772195041179657,-0.050022024661302567,0.46708744764328003,0.7253724932670593,-0.06449862569570541,0.4666436016559601,0.6932138800621033,-0.0680018737912178,0.46537962555885315,0.6635497212409973,-0.06993824988603592
933.3333333333337,0.548048734664917,0.8299928903579712,7.641420829429535e-09,0.5693346858024597,0.7829050421714783,-0.006282220594584942,0.5849191546440125,0.7290134429931641,-0.015223740600049496,0.5976555347442627,0.6868519186973572,-0.02306750789284706,0.6210883259773254,0.6670578718185425,-0.03294207900762558,0.5884883403778076,0.7588406801223755,-0.0341859795153141,0.584051251411438,0.7136034369468689,-0.05022329464554787,0.5730233192443848,0.6830554008483887,-0.05929309502243996,0.5613398551940918,0.6578041911125183,-0.06558451801538467,0.5644609332084656,0.7735992074012756,-0.03937559947371483,0.554339587688446,0.7222910523414612,-0.053288355469703674,0.5434119701385498,0.6843110918998718,-0.059958040714263916,0.5340662002563477,0.6520937085151672,-0.06711086630821228,0.5381858944892883,0.786948561668396,-0.04387422278523445,0.5267133116722107,0.7382120490074158,-0.0568486787378788,0.5187457203865051,0.7016147971153259,-0.06134435161948204,0.5130127668380737,0.6682139039039612,-0.06604994088411331,0.5110939145088196,0.7984762787818909,-0.04810330271720886,0.5024974346160889,0.7609238624572754,-0.06010495871305466,0.4985378384590149,0.7337316274642944,-0.06405927240848541,0.49537426233291626,0.7078275680541992,-0.06786663830280304,0.4464791715145111,0.8339298963546753,1.8183462202614464e-07,0.4178822934627533,0.7823705077171326,-0.007278674282133579,0.391682893037796,0.7264972925186157,-0.016971077769994736,0.3705798387527466,0.6886178851127625,-0.0257486030459404,0.343387246131897,0.6703589558601379,-0.03449537977576256,0.3890291750431061,0.7544926404953003,-0.03345322981476784,0.3801916837692261,0.7196264863014221,-0.05306435376405716,0.3787177801132202,0.6928915977478027,-0.06394293159246445,0.376516193151474,0.6680957674980164,-0.07109411805868149,0.4121238887310028,0.7687860727310181,-0.040163639932870865,0.41070568561553955,0.7236368060112,-0.05971398577094078,0.4123707711696625,0.6862629055976868,-0.06714588403701782,0.4137863516807556,0.6546465754508972,-0.07264700531959534,0.43949779868125916,0.7793184518814087,-0.046965647488832474,0.4432027339935303,0.7331185936927795,-0.06659775972366333,0.4453384578227997,0.6936336755752563,-0.07124017924070358,0.4439185559749603,0.6598120331764221,-0.07334692031145096,0.46956050395965576,0.7869047522544861,-0.05371527373790741,0.4735972285270691,0.7447453141212463,-0.06935351341962814,0.4719979763031006,0.7140997648239136,-0.07370886206626892,0.4683205187320709,0.6851110458374023,-0.0764463022351265
966.6666666666671,0.5311704874038696,0.793023407459259,4.3728046961177824e-08,0.5561508536338806,0.763514518737793,-0.013547774404287338,0.5795322060585022,0.7266420722007751,-0.026844119653105736,0.5969589948654175,0.6934914588928223,-0.03799060732126236,0.6217342019081116,0.6785273551940918,-0.051001276820898056,0.5806441307067871,0.761642336845398,-0.043967414647340775,0.5804432034492493,0.7270218133926392,-0.0628950297832489,0.5712318420410156,0.7010732889175415,-0.07413376122713089,0.5611429214477539,0.6789539456367493,-0.08190867304801941,0.5540460348129272,0.7771591544151306,-0.04680628329515457,0.551019549369812,0.7338196039199829,-0.06243619695305824,0.5428975224494934,0.7002022862434387,-0.06872698664665222,0.5351516604423523,0.6722049117088318,-0.07577261328697205,0.5265735983848572,0.7874835133552551,-0.04936891049146652,0.5221885442733765,0.7471507787704468,-0.06326635181903839,0.5181556344032288,0.7148846387863159,-0.06645406037569046,0.5142998695373535,0.6864587664604187,-0.07022906839847565,0.4998703896999359,0.7953152656555176,-0.052615683525800705,0.4954729676246643,0.7642763257026672,-0.06305001676082611,0.4943862557411194,0.7420051693916321,-0.0646590068936348,0.492904931306839,0.7203259468078613,-0.06762462109327316,0.44989320635795593,0.8361789584159851,1.5068651748606499e-07,0.4204138219356537,0.7890576124191284,-0.007962945848703384,0.39223065972328186,0.7363625168800354,-0.01737024076282978,0.3703433871269226,0.7009912133216858,-0.0256208386272192,0.34412312507629395,0.6825351715087891,-0.03370586037635803,0.39235636591911316,0.7637919783592224,-0.03400599583983421,0.38252314925193787,0.7331538796424866,-0.052844785153865814,0.38022440671920776,0.709939181804657,-0.0630413219332695,0.37729963660240173,0.6876932382583618,-0.06973708420991898,0.4156666696071625,0.7783020734786987,-0.03991686552762985,0.41438013315200806,0.7357442378997803,-0.058762021362781525,0.41527488827705383,0.7020679712295532,-0.06570059806108475,0.4160958230495453,0.6733379364013672,-0.07095800340175629,0.44304800033569336,0.7881677150726318,-0.04587646946310997,0.44702690839767456,0.7454975843429565,-0.06529971957206726,0.44888782501220703,0.7086805105209351,-0.07029082626104355,0.44764935970306396,0.6764352321624756,-0.07266798615455627,0.47210678458213806,0.7944403290748596,-0.051772043108940125,0.4757847785949707,0.7546401023864746,-0.06745535135269165,0.4743480682373047,0.7259767651557922,-0.07207955420017242,0.4710839092731476,0.6978514194488525,-0.07498276233673096
1000.0000000000005,0.5291503667831421,0.7724025845527649,1.0835878327952742e-07,0.5544134974479675,0.7534470558166504,-0.01698360964655876,0.5774861574172974,0.7326229810714722,-0.0329856276512146,0.5946435928344727,0.7122281193733215,-0.0464070588350296,0.6199158430099487,0.7018536329269409,-0.061263252049684525,0.5773665308952332,0.7710200548171997,-0.04790627583861351,0.5743445754051208,0.7445418834686279,-0.06757604330778122,0.5654494762420654,0.7228919863700867,-0.0798274353146553,0.5566977262496948,0.7029083967208862,-0.08861550688743591,0.5502064824104309,0.7860608100891113,-0.04822823777794838,0.5458507537841797,0.7481942772865295,-0.06491982936859131,0.5383316874504089,0.71906578540802,-0.07063783705234528,0.5311304926872253,0.6947728991508484,-0.07719989120960236,0.5232456922531128,0.7949267625808716,-0.04838484898209572,0.5194341540336609,0.7615049481391907,-0.06325145810842514,0.514896035194397,0.7336251139640808,-0.06610316038131714,0.5099380612373352,0.7103553414344788,-0.06937556713819504,0.4986904561519623,0.8005038499832153,-0.049688708037137985,0.49561434984207153,0.7766198515892029,-0.0603734590113163,0.49467962980270386,0.7566877007484436,-0.06249871104955673,0.4928126037120819,0.7377063035964966,-0.0660480484366417,0.45104649662971497,0.84080970287323,1.2673194760282058e-07,0.4210071563720703,0.7902464866638184,-0.00816214270889759,0.39499178528785706,0.7417539358139038,-0.018589545041322708,0.37406572699546814,0.7079179883003235,-0.02811702899634838,0.34837305545806885,0.6887491941452026,-0.03753772750496864,0.3950797915458679,0.7717123627662659,-0.03653724119067192,0.3890492916107178,0.743025541305542,-0.05785011500120163,0.38696134090423584,0.7240814566612244,-0.07023288309574127,0.3829154968261719,0.7048745155334473,-0.07842142134904861,0.4166240096092224,0.7899511456489563,-0.0432249940931797,0.4193810522556305,0.7528573870658875,-0.06413044035434723,0.4217393398284912,0.7230582237243652,-0.07227868586778641,0.4238108694553375,0.6966977715492249,-0.07872581481933594,0.4420925974845886,0.8022030591964722,-0.04991856962442398,0.44903838634490967,0.7650608420372009,-0.07124354690313339,0.45294350385665894,0.7309774160385132,-0.07645952701568604,0.4538818895816803,0.7005471587181091,-0.07910837233066559,0.46883511543273926,0.8104174733161926,-0.05667676776647568,0.47472435235977173,0.7742257118225098,-0.07393321394920349,0.47526097297668457,0.7478268146514893,-0.07878371328115463,0.47439154982566833,0.721259593963623,-0.08190879970788956
1033.3333333333337,0.5376462340354919,0.7840750217437744,9.432719139113033e-08,0.5611474514007568,0.7628404498100281,-0.017123587429523468,0.582772970199585,0.7347801923751831,-0.03303612768650055,0.598346471786499,0.7084254026412964,-0.045964427292346954,0.6205664277076721,0.6940168142318726,-0.06018960475921631,0.5802785754203796,0.77342689037323,-0.051390424370765686,0.5751286745071411,0.744478702545166,-0.072076715528965,0.5670343041419983,0.7223080992698669,-0.08428121358156204,0.5586088299751282,0.701722264289856,-0.0926467552781105,0.5543520450592041,0.7901445031166077,-0.05199524387717247,0.547139048576355,0.7496051788330078,-0.06957332789897919,0.539094090461731,0.7187605500221252,-0.07571352273225784,0.5316172242164612,0.6936373114585876,-0.08254407346248627,0.5290646553039551,0.8003637194633484,-0.0522775799036026,0.5208305716514587,0.7649236917495728,-0.06787833571434021,0.5151212811470032,0.7337146997451782,-0.07202104479074478,0.5099001526832581,0.7087109088897705,-0.07622283697128296,0.5053247213363647,0.8062964081764221,-0.05351349711418152,0.498719722032547,0.7810476422309875,-0.06522418558597565,0.49652615189552307,0.7591296434402466,-0.06859640032052994,0.49431222677230835,0.7392002940177917,-0.07288321852684021,0.45309746265411377,0.8397611975669861,1.576987642692984e-07,0.424858421087265,0.7893071174621582,-0.010096453130245209,0.3987835645675659,0.7417636513710022,-0.021634450182318687,0.3768133521080017,0.7093672752380371,-0.031793348491191864,0.3498650789260864,0.6905063986778259,-0.041780658066272736,0.3973468244075775,0.7731673121452332,-0.039971426129341125,0.3911935091018677,0.7453312277793884,-0.062129322439432144,0.3889937996864319,0.725862443447113,-0.07507046312093735,0.3857203722000122,0.706565797328949,-0.08365550637245178,0.41880640387535095,0.7907538414001465,-0.045731376856565475,0.41942447423934937,0.7549489736557007,-0.06794120371341705,0.421048104763031,0.7238023281097412,-0.0768948495388031,0.42281869053840637,0.6969711184501648,-0.08381637930870056,0.44401833415031433,0.8016989231109619,-0.051419492810964584,0.45083746314048767,0.7638086080551147,-0.07416831701993942,0.45495304465293884,0.7300569415092468,-0.07999785244464874,0.4557015895843506,0.7015562057495117,-0.0828913003206253,0.47065457701683044,0.8083263039588928,-0.05718749016523361,0.4784379303455353,0.7715779542922974,-0.07547663897275925,0.47996723651885986,0.7452684044837952,-0.08087048679590225,0.4795065224170685,0.7197996973991394,-0.08426659554243088
1066.666666666667,0.5053767561912537,0.767955482006073,5.53141603631957e-08,0.5236719250679016,0.7461234331130981,-0.021090926602482796,0.5338188409805298,0.7271542549133301,-0.037761177867650986,0.535281777381897,0.7061449885368347,-0.051369499415159225,0.5457644462585449,0.6928051114082336,-0.06597117334604263,0.5507011413574219,0.7679510116577148,-0.04402527958154678,0.5580618977546692,0.7459866404533386,-0.06214335560798645,0.5505576133728027,0.7288715243339539,-0.07394556701183319,0.5397178530693054,0.7098870277404785,-0.08318060636520386,0.5325785279273987,0.7875058650970459,-0.041975297033786774,0.5333389043807983,0.7544583082199097,-0.05733774974942207,0.5264310836791992,0.7272621393203735,-0.06335508078336716,0.5206236839294434,0.7047389149665833,-0.07147806137800217,0.5110630989074707,0.798076331615448,-0.04055154696106911,0.5121746063232422,0.7684914469718933,-0.05675848200917244,0.5066918134689331,0.7397311925888062,-0.060828883200883865,0.5013374090194702,0.7159241437911987,-0.06516072899103165,0.49031683802604675,0.8027326464653015,-0.04037947207689285,0.48897361755371094,0.7820630073547363,-0.05264217033982277,0.48699674010276794,0.7621002197265625,-0.056130941957235336,0.4845014810562134,0.742373526096344,-0.061295945197343826,0.4524405598640442,0.8423151969909668,1.5445675671799108e-07,0.4253222644329071,0.791248083114624,-0.009682810865342617,0.3995746076107025,0.742904543876648,-0.020274976268410683,0.37823355197906494,0.7098726034164429,-0.02956612966954708,0.35220402479171753,0.6893042922019958,-0.03879059851169586,0.39762958884239197,0.7774209380149841,-0.03730834648013115,0.394365131855011,0.7503054738044739,-0.05812239646911621,0.3943626880645752,0.7291256189346313,-0.07065560668706894,0.39305412769317627,0.7079950571060181,-0.07931012660264969,0.41903722286224365,0.795799195766449,-0.043364640325307846,0.42059677839279175,0.7602874040603638,-0.06375937163829803,0.4236825704574585,0.7292463183403015,-0.07239808142185211,0.42670753598213196,0.7024338841438293,-0.07961802184581757,0.4444173574447632,0.8075995445251465,-0.04941349849104881,0.45001593232154846,0.7708881497383118,-0.07025063037872314,0.454490602016449,0.73743736743927,-0.07512328773736954,0.4557936489582062,0.7085403800010681,-0.0779384896159172,0.4710422456264496,0.8150191307067871,-0.05571534112095833,0.4766814708709717,0.7797415852546692,-0.0729527696967125,0.4772838056087494,0.7540856599807739,-0.07761583477258682,0.47637659311294556,0.7289838790893555,-0.08074333518743515
1100.0000000000002,0.5066196322441101,0.7920752763748169,4.740633663402605e-09,0.4973074197769165,0.7697413563728333,-0.01838747411966324,0.4806126356124878,0.7458001375198364,-0.029493866488337517,0.46746736764907837,0.7189005017280579,-0.03799843415617943,0.46597105264663696,0.7017166614532471,-0.04618074744939804,0.4841405153274536,0.7525184154510498,-0.02184356190264225,0.48423877358436584,0.7454454898834229,-0.032265134155750275,0.4861771762371063,0.7453067898750305,-0.03889993205666542,0.48457494378089905,0.7340465188026428,-0.04521768167614937,0.4887191355228424,0.7636305689811707,-0.018094981089234352,0.4861813485622406,0.7472826242446899,-0.027488524094223976,0.48716771602630615,0.7431948184967041,-0.03182338923215866,0.48986923694610596,0.7328453660011292,-0.03747541829943657,0.4926338791847229,0.7731711864471436,-0.01588844694197178,0.4915894567966461,0.7513932585716248,-0.027864720672369003,0.49085766077041626,0.7497753500938416,-0.031076539307832718,0.4923567473888397,0.7436056733131409,-0.03374308720231056,0.4975404143333435,0.7813332080841064,-0.014700176194310188,0.4954832196235657,0.7674855589866638,-0.02516310289502144,0.4947424530982971,0.763850748538971,-0.02921486087143421,0.4954771399497986,0.7538043856620789,-0.0330749936401844,0.45234429836273193,0.8432153463363647,1.5503810857353528e-07,0.42718231678009033,0.7899085879325867,-0.009892025962471962,0.4017287492752075,0.7416892051696777,-0.020447343587875366,0.38025277853012085,0.7110774517059326,-0.02957933023571968,0.35492318868637085,0.6916882991790771,-0.038463957607746124,0.3954879939556122,0.7781997919082642,-0.036755237728357315,0.3907366693019867,0.7519105672836304,-0.05758553743362427,0.3904985189437866,0.731153130531311,-0.07010600715875626,0.3899745047092438,0.7114456295967102,-0.0785054862499237,0.4159816801548004,0.7963329553604126,-0.04236455261707306,0.41548022627830505,0.7624075412750244,-0.06234535202383995,0.4182226061820984,0.7319676876068115,-0.07076237350702286,0.4215751588344574,0.7062727212905884,-0.07764563709497452,0.4413025975227356,0.8083380460739136,-0.04805239289999008,0.4452419579029083,0.773235023021698,-0.06864804029464722,0.4496394395828247,0.7397942543029785,-0.07392943650484085,0.4512297511100769,0.7111489772796631,-0.07699708640575409,0.4687490463256836,0.8154667019844055,-0.053979162126779556,0.47405821084976196,0.7825618982315063,-0.07097432017326355,0.4746364653110504,0.7573230266571045,-0.07595902681350708,0.4738254249095917,0.7324855327606201,-0.07934243232011795
1133.3333333333335,0.5030497908592224,0.788513720035553,-1.8158285541858277e-08,0.5333655476570129,0.7738692760467529,-0.015772653743624687,0.5595366358757019,0.7557088732719421,-0.026836242526769638,0.5752705335617065,0.7318427562713623,-0.035767000168561935,0.589981734752655,0.7122382521629333,-0.04561274126172066,0.5412794947624207,0.7565951943397522,-0.027339207008481026,0.5487202405929565,0.741361677646637,-0.04105721041560173,0.5454931259155273,0.7310476899147034,-0.05177605152130127,0.539665937423706,0.7203497886657715,-0.05952838435769081,0.5158912539482117,0.7642511129379272,-0.02516426518559456,0.515685498714447,0.7376591563224792,-0.03387981653213501,0.5135746002197266,0.7298046350479126,-0.03866548463702202,0.5096950531005859,0.721547544002533,-0.044647905975580215,0.49285733699798584,0.7713667154312134,-0.023761020973324776,0.4930361211299896,0.7466638684272766,-0.03229035064578056,0.4933643341064453,0.7453274726867676,-0.032901108264923096,0.4924417734146118,0.7449566721916199,-0.03468991070985794,0.47518378496170044,0.7803381681442261,-0.0236191526055336,0.4730807840824127,0.7628065943717957,-0.0292338989675045,0.4743916094303131,0.7606095671653748,-0.02807609923183918,0.47470903396606445,0.7573277354240417,-0.028792109340429306,0.45269179344177246,0.8447026014328003,1.5889636983956734e-07,0.4298742711544037,0.7886382937431335,-0.010203892365098,0.40528613328933716,0.7393879890441895,-0.02080891840159893,0.3842155933380127,0.7091186046600342,-0.02978956699371338,0.35759949684143066,0.690231204032898,-0.03845074027776718,0.39675307273864746,0.7808974981307983,-0.037436287850141525,0.39002424478530884,0.7554917931556702,-0.05836451053619385,0.3875877857208252,0.7339699268341064,-0.07067686319351196,0.384659081697464,0.7136155366897583,-0.07894385606050491,0.4157653748989105,0.7984113097190857,-0.04286954924464226,0.41375985741615295,0.7651455402374268,-0.06344468146562576,0.4147096574306488,0.7351273894309998,-0.07168728858232498,0.41602176427841187,0.7099565863609314,-0.07832227647304535,0.4400779604911804,0.8098968267440796,-0.048469286412000656,0.4431166648864746,0.7735950946807861,-0.06947323679924011,0.4469831883907318,0.7402850389480591,-0.07471226900815964,0.4478180408477783,0.7127610445022583,-0.07771933823823929,0.46701180934906006,0.8162501454353333,-0.05432448536157608,0.4717315435409546,0.7845197319984436,-0.07167240232229233,0.4718833863735199,0.7591771483421326,-0.07718203216791153,0.47017690539360046,0.734728991985321,-0.081020787358284
1166.6666666666667,0.5152716636657715,0.767540454864502,1.2269271110199043e-07,0.5401341319084167,0.7446369528770447,-0.01737898960709572,0.564492404460907,0.7303432822227478,-0.03607310354709625,0.5807609558105469,0.7140311598777771,-0.05255036801099777,0.5988317131996155,0.7024419903755188,-0.07077012211084366,0.5669543147087097,0.7736008167266846,-0.052061233669519424,0.5631617307662964,0.7510706186294556,-0.07334326207637787,0.5540050864219666,0.7303779721260071,-0.08715115487575531,0.5424823760986328,0.7077903151512146,-0.09725167602300644,0.541703462600708,0.7947758436203003,-0.05325542017817497,0.5334073305130005,0.7563425302505493,-0.07118398696184158,0.5246458053588867,0.726650595664978,-0.07741837203502655,0.5159491300582886,0.7004526853561401,-0.08481000363826752,0.5159296989440918,0.8073498606681824,-0.053953271359205246,0.5099127888679504,0.7720942497253418,-0.0702451542019844,0.5041453838348389,0.7416899800300598,-0.07315167784690857,0.498252272605896,0.7162404656410217,-0.07656598091125488,0.4923248291015625,0.812997043132782,-0.055804233998060226,0.48786595463752747,0.7900362014770508,-0.06737315654754639,0.48479408025741577,0.7680689096450806,-0.06930902600288391,0.4812023937702179,0.7476407885551453,-0.07296452671289444,0.4547172784805298,0.8463965058326721,1.5837169087262737e-07,0.43173789978027344,0.7898554801940918,-0.009748428128659725,0.40685832500457764,0.7410691380500793,-0.019625190645456314,0.3857960104942322,0.7100884318351746,-0.028105247765779495,0.3599606454372406,0.6893280744552612,-0.036336980760097504,0.3981670141220093,0.781458854675293,-0.0351661778986454,0.3907963037490845,0.7571542263031006,-0.055508796125650406,0.3884212076663971,0.7370142340660095,-0.06751614809036255,0.3853330910205841,0.7179685235023499,-0.07558053731918335,0.4167247712612152,0.7989347577095032,-0.04076254367828369,0.41325950622558594,0.765684962272644,-0.06122628226876259,0.4140124022960663,0.7355028390884399,-0.06965102255344391,0.4153786599636078,0.7100587487220764,-0.07620580494403839,0.44074687361717224,0.8106817603111267,-0.04663824662566185,0.4424034357070923,0.7746774554252625,-0.0674443393945694,0.44572871923446655,0.741677463054657,-0.0727582722902298,0.4463353157043457,0.7143001556396484,-0.07565289735794067,0.46734270453453064,0.8178755044937134,-0.05278673395514488,0.4708282947540283,0.7867558002471924,-0.06985900551080704,0.47011077404022217,0.7616690397262573,-0.07542451471090317,0.4680340588092804,0.7371934056282043,-0.07920199632644653
1200.0,0.5128397345542908,0.773485541343689,5.428127280993067e-08,0.5402523875236511,0.7595197558403015,-0.016982397064566612,0.5662474036216736,0.7456865906715393,-0.03182727098464966,0.5821351408958435,0.72454434633255,-0.04362769424915314,0.5981841087341309,0.7077547311782837,-0.05700113996863365,0.5598640441894531,0.7635096907615662,-0.043183960020542145,0.5622445940971375,0.7459037899971008,-0.06095748767256737,0.5537598729133606,0.7305440902709961,-0.0734795480966568,0.5434185266494751,0.7148812413215637,-0.08253295719623566,0.5340539216995239,0.7776510715484619,-0.04213768616318703,0.528113067150116,0.7432361245155334,-0.054358143359422684,0.521052360534668,0.7230507135391235,-0.059522803872823715,0.5134971141815186,0.7033838629722595,-0.06637955456972122,0.5083610415458679,0.7883621454238892,-0.04096652567386627,0.504221498966217,0.7573129534721375,-0.05299444869160652,0.49913644790649414,0.7382429838180542,-0.05547046288847923,0.4937441945075989,0.7213558554649353,-0.05889609828591347,0.48721063137054443,0.7976778149604797,-0.040776073932647705,0.48234954476356506,0.7772099375724792,-0.049996718764305115,0.4799191355705261,0.763264536857605,-0.05095699429512024,0.47639137506484985,0.7478222846984863,-0.05360478162765503,0.4558016061782837,0.8439881801605225,1.7905698257436597e-07,0.43384212255477905,0.7845654487609863,-0.010968507267534733,0.40849682688713074,0.7366819381713867,-0.02170620672404766,0.38711732625961304,0.7078446745872498,-0.031016459688544273,0.3607742488384247,0.6879865527153015,-0.040280476212501526,0.39917412400245667,0.7803271412849426,-0.03837883844971657,0.3905532658100128,0.7549888491630554,-0.060625117272138596,0.3883528709411621,0.7338419556617737,-0.0739612728357315,0.38598132133483887,0.7134264707565308,-0.08300510793924332,0.4165804088115692,0.7990543246269226,-0.04403907433152199,0.4130702018737793,0.7661723494529724,-0.0673847422003746,0.41458243131637573,0.7357664704322815,-0.07730282843112946,0.416230708360672,0.7096601724624634,-0.08473330736160278,0.4396558701992035,0.8116030097007751,-0.05005379021167755,0.4411666691303253,0.7762718200683594,-0.07338226586580276,0.4455796480178833,0.7428221702575684,-0.07963616400957108,0.44720005989074707,0.7150710225105286,-0.08291369676589966,0.46570444107055664,0.8191572427749634,-0.05642358958721161,0.4697928726673126,0.788224458694458,-0.07522545009851456,0.46874576807022095,0.7629261612892151,-0.08170842379331589,0.4663677215576172,0.7384209632873535,-0.08611633628606796
1233.3333333333333,0.5012397766113281,0.7721359729766846,6.088745863053191e-08,0.5232928991317749,0.7526260614395142,-0.01695580594241619,0.5408307313919067,0.7346223592758179,-0.030896861106157303,0.5501267910003662,0.7128470540046692,-0.04222901165485382,0.561636209487915,0.6973263621330261,-0.054885853081941605,0.5363583564758301,0.7576474547386169,-0.03449137508869171,0.5456132888793945,0.7459303736686707,-0.04868659749627113,0.5409696698188782,0.7371272444725037,-0.05925530567765236,0.5340259671211243,0.7232442498207092,-0.06754356622695923,0.5187808275222778,0.7742393612861633,-0.032670699059963226,0.5153980851173401,0.7457036972045898,-0.041626863181591034,0.5097054839134216,0.7302308678627014,-0.045342713594436646,0.5056602358818054,0.7126039266586304,-0.05168761685490608,0.5006026029586792,0.7883442640304565,-0.03123358264565468,0.49771779775619507,0.7579100728034973,-0.04181964695453644,0.4942595958709717,0.7437177896499634,-0.04339417815208435,0.49264028668403625,0.7296269536018372,-0.04601087048649788,0.48643580079078674,0.7993217706680298,-0.030831778421998024,0.4818221926689148,0.7813113331794739,-0.039202138781547546,0.47889241576194763,0.7677183747291565,-0.040034037083387375,0.4761883020401001,0.7519370913505554,-0.04262818396091461,0.45656129717826843,0.8436182141304016,1.9037814524835994e-07,0.4338475465774536,0.7845462560653687,-0.010721218772232533,0.4079773426055908,0.7375965714454651,-0.021837517619132996,0.3862052261829376,0.708764374256134,-0.03150635212659836,0.3593352735042572,0.688515305519104,-0.041180822998285294,0.39884698390960693,0.7804870009422302,-0.03877105563879013,0.38995590806007385,0.7555405497550964,-0.061482373625040054,0.3885801136493683,0.7336309552192688,-0.07517191767692566,0.38736599683761597,0.7131595015525818,-0.08438491076231003,0.41658759117126465,0.7990642786026001,-0.044785622507333755,0.41259607672691345,0.7651180028915405,-0.06820914894342422,0.4141560196876526,0.7343152165412903,-0.07810359448194504,0.4157918095588684,0.7085927128791809,-0.08554718643426895,0.4399392902851105,0.8118287324905396,-0.05115033686161041,0.4404554069042206,0.7755448222160339,-0.07478947192430496,0.4442846179008484,0.741729736328125,-0.08104876428842545,0.44515132904052734,0.7138411998748779,-0.08438122272491455,0.4663490056991577,0.8194018006324768,-0.05778874456882477,0.47006797790527344,0.7882426977157593,-0.07732229679822922,0.46955978870391846,0.7626535296440125,-0.08386947214603424,0.467502236366272,0.7379137277603149,-0.08821661025285721
1266.6666666666665,0.5060015320777893,0.7702925205230713,7.932258228038336e-08,0.5345871448516846,0.752314567565918,-0.01617923565208912,0.5626622438430786,0.7374711632728577,-0.03204521909356117,0.5833816528320312,0.7163714170455933,-0.04552798345685005,0.6024988889694214,0.7009061574935913,-0.06078976392745972,0.5522172451019287,0.7546271681785583,-0.040596235543489456,0.5581609606742859,0.7387656569480896,-0.05667224898934364,0.5517723560333252,0.7271929979324341,-0.06806217133998871,0.5436798334121704,0.7125340104103088,-0.07677486538887024,0.5291064977645874,0.7713217735290527,-0.04031198471784592,0.5240994095802307,0.7386875152587891,-0.05176528915762901,0.5183332562446594,0.7214683890342712,-0.055747296661138535,0.5124237537384033,0.7028486132621765,-0.06178423389792442,0.5057503581047058,0.78573077917099,-0.03994504734873772,0.5019775629043579,0.7553905844688416,-0.051605504006147385,0.498539000749588,0.7396840453147888,-0.052996762096881866,0.49537426233291626,0.724151611328125,-0.055619899183511734,0.4869735538959503,0.7985268235206604,-0.04063144698739052,0.4827113747596741,0.7818809151649475,-0.049466922879219055,0.48112988471984863,0.7693297266960144,-0.04982313886284828,0.47884809970855713,0.7540478706359863,-0.05213387310504913,0.4545663297176361,0.8423120975494385,1.97342657770605e-07,0.4322325885295868,0.781365692615509,-0.011211439035832882,0.4078454375267029,0.7347666025161743,-0.022175434976816177,0.38708004355430603,0.7062907218933105,-0.03176533803343773,0.36015549302101135,0.6873238682746887,-0.041400980204343796,0.3986629247665405,0.7780563235282898,-0.03715359792113304,0.3920057415962219,0.7547913789749146,-0.05963286757469177,0.39013680815696716,0.7324302196502686,-0.07365234196186066,0.38798144459724426,0.710898756980896,-0.08315520733594894,0.4164694547653198,0.7966477274894714,-0.04294580593705177,0.4131331443786621,0.765143632888794,-0.0661238580942154,0.41503429412841797,0.7338111996650696,-0.0761825442314148,0.4170083701610565,0.7073924541473389,-0.08366335928440094,0.4396122395992279,0.8098105192184448,-0.04924315586686134,0.440573126077652,0.775147020816803,-0.07333537936210632,0.44505953788757324,0.7414208054542542,-0.07983334362506866,0.4463784992694855,0.713631808757782,-0.08306768536567688,0.46576976776123047,0.8182030916213989,-0.055884119123220444,0.47085079550743103,0.7883597016334534,-0.07627488672733307,0.47170862555503845,0.7625110149383545,-0.08307687193155289,0.47081342339515686,0.7376048564910889,-0.08731963485479355
1299.9999999999998,0.5073648691177368,0.7710022330284119,1.1915160769149225e-07,0.5286915898323059,0.7503783106803894,-0.016682447865605354,0.5471140146255493,0.7346433401107788,-0.03326069563627243,0.5573863983154297,0.7129955291748047,-0.04702437296509743,0.5681635141372681,0.6946457028388977,-0.06228792667388916,0.5508100390434265,0.763260006904602,-0.04477100074291229,0.5556847453117371,0.7414323091506958,-0.062481142580509186,0.5477984547615051,0.7268145680427551,-0.07404471933841705,0.5374937653541565,0.7104626297950745,-0.08248419314622879,0.5319780111312866,0.7829968929290771,-0.04410357028245926,0.5250045657157898,0.7456891536712646,-0.05710076913237572,0.5170939564704895,0.7231455445289612,-0.060910530388355255,0.510474443435669,0.7023535966873169,-0.06688147038221359,0.5106344819068909,0.797857403755188,-0.043180912733078,0.5043976306915283,0.7620553374290466,-0.05635646730661392,0.49947959184646606,0.7406535744667053,-0.05732887610793114,0.4959426820278168,0.722598135471344,-0.05934859439730644,0.4919261038303375,0.8077845573425293,-0.0431482270359993,0.48579514026641846,0.785792350769043,-0.05283746123313904,0.4830572307109833,0.7683817148208618,-0.05328347906470299,0.4801008105278015,0.7513785362243652,-0.05557086691260338,0.45088326930999756,0.838506817817688,1.904956121734358e-07,0.4292939007282257,0.7783575654029846,-0.01095238234847784,0.4065832495689392,0.7316900491714478,-0.021460797637701035,0.3873419165611267,0.7033834457397461,-0.030664807185530663,0.3619365692138672,0.6836793422698975,-0.039875682443380356,0.3973836302757263,0.7730525135993958,-0.0357263907790184,0.39168599247932434,0.7518062591552734,-0.05753152072429657,0.3904231786727905,0.7292844653129578,-0.07149197161197662,0.3886488080024719,0.707768976688385,-0.081013984978199,0.4152725636959076,0.7924710512161255,-0.04154709726572037,0.41306161880493164,0.7633618116378784,-0.06407570093870163,0.4158296585083008,0.7323222756385803,-0.07413139939308167,0.4183692932128906,0.7060974836349487,-0.0815868079662323,0.4385412037372589,0.806976854801178,-0.04783592373132706,0.4399265944957733,0.7749652862548828,-0.07157842814922333,0.4455580711364746,0.7412551641464233,-0.07786121964454651,0.4480564594268799,0.7129105925559998,-0.08083052188158035,0.4649219214916229,0.8166586756706238,-0.05447821319103241,0.47009217739105225,0.7879266738891602,-0.07456107437610626,0.47202742099761963,0.761540412902832,-0.08084897696971893,0.47242271900177,0.7360121607780457,-0.0846126452088356
1333.333333333333,0.5171105861663818,0.7782243490219116,7.258916667751691e-08,0.5467092394828796,0.7605851888656616,-0.019446494057774544,0.5731322765350342,0.7413330078125,-0.036531928926706314,0.5908886790275574,0.7180806398391724,-0.05009208992123604,0.6108530163764954,0.7030920386314392,-0.06512399762868881,0.5622692704200745,0.7642646431922913,-0.05020919442176819,0.5631005764007568,0.7437785863876343,-0.06915103644132614,0.5547541975975037,0.7277724742889404,-0.0814111977815628,0.5455611944198608,0.7109715342521667,-0.09042862057685852,0.5341187715530396,0.7769109010696411,-0.04802706465125084,0.5283367037773132,0.7427589893341064,-0.06242118403315544,0.5222209692001343,0.7222636342048645,-0.06713179498910904,0.5163992643356323,0.7025461196899414,-0.07343023270368576,0.5065533518791199,0.7863773107528687,-0.04564470425248146,0.5019020438194275,0.7562246918678284,-0.05846001207828522,0.49835485219955444,0.7378568649291992,-0.06067146360874176,0.4954774081707001,0.7210624814033508,-0.06387093663215637,0.4846917390823364,0.7942628860473633,-0.04451534152030945,0.47760170698165894,0.7723350524902344,-0.0536891333758831,0.47410088777542114,0.7564887404441833,-0.05542413145303726,0.470920592546463,0.7391858696937561,-0.05881771445274353,0.45091721415519714,0.8363324999809265,1.917950811503033e-07,0.4302067160606384,0.7772639393806458,-0.010165354236960411,0.407466858625412,0.7301294207572937,-0.020487667992711067,0.388818621635437,0.7014133930206299,-0.029667222872376442,0.36459097266197205,0.6822494268417358,-0.038799747824668884,0.39652082324028015,0.7685715556144714,-0.0355190709233284,0.38912487030029297,0.7479541301727295,-0.05762553587555885,0.38783854246139526,0.7259000539779663,-0.07162608206272125,0.38618117570877075,0.7056878805160522,-0.08099118620157242,0.4139864444732666,0.7884988188743591,-0.04175003618001938,0.4114411473274231,0.7595852613449097,-0.06505050510168076,0.41436365246772766,0.7290612459182739,-0.07537249475717545,0.41694891452789307,0.7039271593093872,-0.0826515331864357,0.43700656294822693,0.803667426109314,-0.048421502113342285,0.4384404420852661,0.7712257504463196,-0.07271254062652588,0.44444718956947327,0.7378329038619995,-0.07956524193286896,0.44702935218811035,0.7102034687995911,-0.0826169028878212,0.46309274435043335,0.814394474029541,-0.05530204623937607,0.46884921193122864,0.784369170665741,-0.0755435973405838,0.47166991233825684,0.7580338716506958,-0.08214689791202545,0.47261887788772583,0.7331748008728027,-0.085999995470047
1366.6666666666663,0.5314981937408447,0.7780970335006714,1.0591886479005552e-07,0.5561031103134155,0.7571170926094055,-0.01787305809557438,0.5802095532417297,0.7330998778343201,-0.03717784583568573,0.6002718806266785,0.7113999128341675,-0.05317879095673561,0.6241285800933838,0.6986404061317444,-0.07092355191707611,0.5805345177650452,0.7849860787391663,-0.06438116729259491,0.5728077292442322,0.7541033029556274,-0.08791609108448029,0.5618062019348145,0.7304614782333374,-0.1016167476773262,0.5493031144142151,0.7075092196464539,-0.11140768975019455,0.5544762015342712,0.8062394857406616,-0.06617137789726257,0.5410335659980774,0.7588711380958557,-0.08752017468214035,0.5297636389732361,0.7254877686500549,-0.09504720568656921,0.5183137655258179,0.6983516812324524,-0.10326693952083588,0.5279339551925659,0.8167893886566162,-0.06664435565471649,0.5147373080253601,0.7745234370231628,-0.08523193001747131,0.5079852938652039,0.7389014363288879,-0.08975762873888016,0.5016220211982727,0.7098901271820068,-0.09445291012525558,0.5029518604278564,0.8195363879203796,-0.06785828620195389,0.4928932189941406,0.7896230816841125,-0.08144783973693848,0.4893378019332886,0.7643287181854248,-0.08511790633201599,0.48581627011299133,0.7417411804199219,-0.09015300869941711,0.451790452003479,0.8371886610984802,2.0387267340993276e-07,0.431731253862381,0.7761223912239075,-0.00969628058373928,0.409421443939209,0.7278974652290344,-0.020179055631160736,0.39055877923965454,0.699134111404419,-0.029554424807429314,0.3660731315612793,0.6803813576698303,-0.038986217230558395,0.3962514102458954,0.7679306268692017,-0.036036599427461624,0.38808673620224,0.7489787936210632,-0.0583096444606781,0.3869438171386719,0.7261368632316589,-0.07237306982278824,0.3858286738395691,0.7048070430755615,-0.0817936435341835,0.4134279191493988,0.7886325716972351,-0.04268823191523552,0.4103861451148987,0.7596468329429626,-0.06631791591644287,0.41295626759529114,0.7285668253898621,-0.07675877213478088,0.4159812331199646,0.7032900452613831,-0.08413048088550568,0.4365561902523041,0.8044975399971008,-0.0497235469520092,0.437642365694046,0.7712713479995728,-0.0742579996585846,0.44315290451049805,0.7374170422554016,-0.08150461316108704,0.4460677206516266,0.7095109224319458,-0.08483720570802689,0.46290355920791626,0.815829873085022,-0.056885767728090286,0.46780842542648315,0.786025881767273,-0.07746568322181702,0.4705824553966522,0.7594099640846252,-0.08456166833639145,0.47218456864356995,0.734312117099762,-0.08877867460250854
1399.9999999999995,0.521448016166687,0.7797094583511353,8.774451032422803e-08,0.5494096279144287,0.7652841806411743,-0.01872093230485916,0.5746846199035645,0.7493293285369873,-0.03668822720646858,0.5915524959564209,0.7284823656082153,-0.05085195228457451,0.6090008020401001,0.7113678455352783,-0.0665794312953949,0.5682071447372437,0.7781988978385925,-0.05656737461686134,0.5664829015731812,0.7563813328742981,-0.07789251953363419,0.5572167634963989,0.7383062243461609,-0.0912608876824379,0.5472844839096069,0.7205325961112976,-0.10081899911165237,0.5404094457626343,0.7927901148796082,-0.055379629135131836,0.5321239233016968,0.7544060349464417,-0.0712844580411911,0.5247793793678284,0.7313395738601685,-0.07618480175733566,0.5176786780357361,0.7107241749763489,-0.08285145461559296,0.5130220055580139,0.8025590181350708,-0.05349797382950783,0.5055161118507385,0.7669771313667297,-0.06763893365859985,0.5010458827018738,0.746067225933075,-0.06945466995239258,0.4967302978038788,0.7277913689613342,-0.07256816327571869,0.4905499815940857,0.8097456097602844,-0.05256367102265358,0.4829930365085602,0.7853282690048218,-0.0631815493106842,0.4805058538913727,0.7682695984840393,-0.06468582898378372,0.477274626493454,0.7508569955825806,-0.0679130107164383,0.453230082988739,0.8426000475883484,2.2294663892807876e-07,0.43469786643981934,0.7794621586799622,-0.010089345276355743,0.4123386740684509,0.7313535809516907,-0.021586637943983078,0.39380669593811035,0.7018651366233826,-0.032048773020505905,0.36862874031066895,0.6796149015426636,-0.04278428107500076,0.39618536829948425,0.7722064256668091,-0.0384625606238842,0.3884022831916809,0.7517356276512146,-0.062428735196590424,0.3879562020301819,0.7273555994033813,-0.07754028588533401,0.38783928751945496,0.7049511671066284,-0.08748877048492432,0.4125731885433197,0.7937607765197754,-0.04552627354860306,0.40917783975601196,0.7626505494117737,-0.07102245092391968,0.41302505135536194,0.7292946577072144,-0.08218811452388763,0.4176042973995209,0.7024374604225159,-0.08983220905065536,0.4353390038013458,0.8101603984832764,-0.0529901497066021,0.43549346923828125,0.7758647203445435,-0.0785638689994812,0.44180262088775635,0.7403290271759033,-0.0857856348156929,0.4457908570766449,0.7116603851318359,-0.08892613649368286,0.4614582657814026,0.8218041658401489,-0.06064934283494949,0.4643767774105072,0.7911217212677002,-0.08169084042310715,0.4664224088191986,0.7633861303329468,-0.08882874995470047,0.4679848849773407,0.7375115156173706,-0.09298660606145859
1433.3333333333328,0.5230153203010559,0.781261682510376,1.6930697199768474e-07,0.5484544634819031,0.7599083781242371,-0.015293961390852928,0.5753501653671265,0.7450813055038452,-0.03343202918767929,0.5981598496437073,0.7300367951393127,-0.04903712496161461,0.6193251609802246,0.7174364924430847,-0.06630182266235352,0.5765189528465271,0.7887969017028809,-0.05578015372157097,0.5707011818885803,0.7640906572341919,-0.07771840691566467,0.560772716999054,0.7415580153465271,-0.09209658950567245,0.5489093065261841,0.7196462750434875,-0.10215064883232117,0.5515656471252441,0.8124679923057556,-0.05689877271652222,0.538938581943512,0.7677032351493835,-0.07376551628112793,0.5280218720436096,0.7361521124839783,-0.08009538799524307,0.5173078179359436,0.7100257873535156,-0.08779603242874146,0.5254423022270203,0.8252657651901245,-0.056921713054180145,0.5149531960487366,0.7815746665000916,-0.07068660110235214,0.5058087706565857,0.748501718044281,-0.07401282340288162,0.4978470802307129,0.7230381965637207,-0.07814186811447144,0.5014647245407104,0.8298680782318115,-0.057832878082990646,0.49326619505882263,0.7991840839385986,-0.06673939526081085,0.48730531334877014,0.7742756009101868,-0.06842303276062012,0.4818417429924011,0.752417802810669,-0.0721343606710434,0.4525517225265503,0.8433389663696289,2.2143123601381376e-07,0.43354207277297974,0.7820108532905579,-0.01104893907904625,0.41299673914909363,0.7348206043243408,-0.022627951577305794,0.396241158246994,0.7047389149665833,-0.033248599618673325,0.3735954463481903,0.682324230670929,-0.04403788596391678,0.3983331024646759,0.7743713855743408,-0.036502063274383545,0.3917185068130493,0.7516596913337708,-0.06058378517627716,0.39096781611442566,0.726235568523407,-0.07645690441131592,0.3905869424343109,0.7034098505973816,-0.08703671395778656,0.41526034474372864,0.7937218546867371,-0.043341901153326035,0.41359665989875793,0.7629386782646179,-0.0689045637845993,0.41699108481407166,0.7314233183860779,-0.08092629909515381,0.4197313189506531,0.7059558629989624,-0.08920284360647202,0.43830353021621704,0.809320867061615,-0.05077623948454857,0.43933144211769104,0.7766646146774292,-0.07709889113903046,0.4458960294723511,0.7429103255271912,-0.08468464016914368,0.44873374700546265,0.7159835696220398,-0.0879615917801857,0.464383065700531,0.8209481239318848,-0.05848567932844162,0.46907490491867065,0.7920628786087036,-0.08020651340484619,0.471656858921051,0.765946090221405,-0.0871054008603096,0.4726356267929077,0.7418513298034668,-0.09099051356315613
1466.666666666666,0.5253539085388184,0.7843095660209656,1.626297319035075e-07,0.5512765645980835,0.7604008913040161,-0.014995457604527473,0.5788625478744507,0.7428914904594421,-0.032893359661102295,0.6030399203300476,0.7247808575630188,-0.04849595949053764,0.6259561777114868,0.7119037508964539,-0.0658164918422699,0.5788525342941284,0.7870292663574219,-0.054046742618083954,0.5713878870010376,0.761366069316864,-0.07531261444091797,0.5617350935935974,0.7398386597633362,-0.08891014754772186,0.5495439767837524,0.71869295835495,-0.09846710413694382,0.5535030961036682,0.8109419941902161,-0.05541568621993065,0.5389757752418518,0.7656624913215637,-0.07209885865449905,0.5283423662185669,0.7350282669067383,-0.07792063057422638,0.5173234939575195,0.7093359231948853,-0.08516604453325272,0.527413010597229,0.825506329536438,-0.05571221560239792,0.5151270031929016,0.7796730995178223,-0.06995856016874313,0.5077170729637146,0.7474012970924377,-0.07273410260677338,0.5008715987205505,0.7238023281097412,-0.07617838680744171,0.503026008605957,0.8324132561683655,-0.0568515919148922,0.4943387508392334,0.8002156615257263,-0.06617410480976105,0.48839837312698364,0.775523841381073,-0.06764662265777588,0.4823932647705078,0.7554608583450317,-0.07107339054346085,0.45240771770477295,0.8442628383636475,2.2240877228796307e-07,0.434476763010025,0.7843412756919861,-0.010665146633982658,0.4136819541454315,0.7364588379859924,-0.02207230031490326,0.3961518406867981,0.7064765095710754,-0.03233260661363602,0.37253057956695557,0.6825387477874756,-0.04263126850128174,0.39745140075683594,0.7740683555603027,-0.0375293530523777,0.3898719251155853,0.752252459526062,-0.061282847076654434,0.3903023600578308,0.7271926999092102,-0.07636162638664246,0.3911004960536957,0.7048314809799194,-0.08625449985265732,0.41414323449134827,0.7943066358566284,-0.04417465627193451,0.4117799997329712,0.7637150287628174,-0.06905864179134369,0.41619381308555603,0.7322301864624023,-0.07972151786088943,0.4204005002975464,0.707176148891449,-0.08694443851709366,0.43714258074760437,0.8106833100318909,-0.05136243999004364,0.43820086121559143,0.7775335907936096,-0.07678450644016266,0.44497397541999817,0.7436444163322449,-0.08328453451395035,0.44863206148147583,0.7162591218948364,-0.08589508384466171,0.4635031521320343,0.8227024674415588,-0.05881194397807121,0.4676094055175781,0.7936002016067505,-0.07994547486305237,0.46992403268814087,0.7669821381568909,-0.08647812157869339,0.4712018668651581,0.7421399354934692,-0.09006818383932114
1499.9999999999993,0.521354079246521,0.7812941670417786,1.9681351659528445e-07,0.5456712245941162,0.7562100887298584,-0.015250242315232754,0.5778751969337463,0.7390868067741394,-0.03501361981034279,0.6025683879852295,0.7254626154899597,-0.0528201088309288,0.6240041255950928,0.714449942111969,-0.07244554162025452,0.578447163105011,0.7854886054992676,-0.05528401955962181,0.5721123218536377,0.7628877758979797,-0.07820725440979004,0.5622420907020569,0.7452457547187805,-0.09305720776319504,0.5475378632545471,0.7261941432952881,-0.10315835475921631,0.5561543107032776,0.813158392906189,-0.05730900540947914,0.5397365689277649,0.7696493864059448,-0.07567381858825684,0.5272098779678345,0.7402125597000122,-0.08197185397148132,0.514301598072052,0.714594841003418,-0.08911828696727753,0.5300140976905823,0.8289739489555359,-0.058314062654972076,0.5164821147918701,0.7846101522445679,-0.07428625971078873,0.5068865418434143,0.7524652481079102,-0.0767606869339943,0.49803292751312256,0.7270728349685669,-0.07942283898591995,0.5047316551208496,0.8360441327095032,-0.06017517298460007,0.49656757712364197,0.8037558794021606,-0.06984354555606842,0.49163615703582764,0.7782222032546997,-0.06984564661979675,0.4866896867752075,0.75657057762146,-0.071804940700531,0.4519706964492798,0.8431388735771179,2.1685613660338277e-07,0.43490877747535706,0.782400906085968,-0.010797921568155289,0.41423049569129944,0.7355180382728577,-0.021950935944914818,0.3973563611507416,0.7068086862564087,-0.03187299892306328,0.37404322624206543,0.6830496788024902,-0.041838034987449646,0.3987186849117279,0.7746085524559021,-0.037271980196237564,0.3929383158683777,0.7530671954154968,-0.0601709708571434,0.3935658037662506,0.729323148727417,-0.07483062893152237,0.39465412497520447,0.7081242203712463,-0.08457741886377335,0.41565990447998047,0.7951489686965942,-0.04359758272767067,0.414568156003952,0.765089213848114,-0.06784921884536743,0.4192434847354889,0.7338168621063232,-0.07861865311861038,0.42325377464294434,0.7089882493019104,-0.08619964867830276,0.4387170672416687,0.8117533922195435,-0.0503368154168129,0.4405592381954193,0.7794375419616699,-0.07540686428546906,0.44816482067108154,0.7462548613548279,-0.08215825259685516,0.45206335186958313,0.7201546430587769,-0.08513209968805313,0.46462833881378174,0.8239473104476929,-0.05729598179459572,0.46932509541511536,0.7948160767555237,-0.07832952588796616,0.4728122055530548,0.768591046333313,-0.08475369960069656,0.4747689664363861,0.7448660731315613,-0.08836888521909714
1533.3333333333326,0.5192967057228088,0.7830880284309387,2.043005622454075e-07,0.5446550250053406,0.75747150182724,-0.014065664261579514,0.5772213339805603,0.7407578825950623,-0.03258612006902695,0.6032851338386536,0.7280223369598389,-0.049593836069107056,0.6233201026916504,0.7156863808631897,-0.06852145493030548,0.5772421360015869,0.787536084651947,-0.050515562295913696,0.5720656514167786,0.7656413316726685,-0.0718298852443695,0.5627843737602234,0.7497251629829407,-0.08582475036382675,0.5489526391029358,0.7325617671012878,-0.0952206552028656,0.5556906461715698,0.8141470551490784,-0.05267804488539696,0.5393157005310059,0.7711412310600281,-0.06896572560071945,0.5268219113349915,0.7436319589614868,-0.07462936639785767,0.5140975117683411,0.719093382358551,-0.08143484592437744,0.5300824046134949,0.8299975991249084,-0.05395538732409477,0.5154811143875122,0.7856454849243164,-0.0685027688741684,0.5062975287437439,0.7559370994567871,-0.07056225836277008,0.4978315532207489,0.7325788736343384,-0.07295933365821838,0.5053377747535706,0.8380194306373596,-0.056010954082012177,0.4950224459171295,0.8063796162605286,-0.0646897703409195,0.49050474166870117,0.7816657423973083,-0.06381287425756454,0.48644983768463135,0.7610962986946106,-0.06506022065877914,0.45142292976379395,0.8424838781356812,2.2269263411089923e-07,0.43485018610954285,0.7803888916969299,-0.011673380620777607,0.4141870439052582,0.7336610555648804,-0.02318434789776802,0.396674245595932,0.7057703733444214,-0.03326408192515373,0.3727770149707794,0.6824839115142822,-0.0434008426964283,0.40017661452293396,0.7747107744216919,-0.03816278651356697,0.3946365714073181,0.754940927028656,-0.061519213020801544,0.3950272500514984,0.7315067052841187,-0.07646068930625916,0.3955969214439392,0.7102066874504089,-0.0863434448838234,0.4169512391090393,0.7961053848266602,-0.044050589203834534,0.41659173369407654,0.7667860388755798,-0.06855174154043198,0.4208056926727295,0.7355117797851562,-0.07934914529323578,0.42437732219696045,0.7103603482246399,-0.08703986555337906,0.43953800201416016,0.8131691217422485,-0.05044633895158768,0.44261837005615234,0.7811040282249451,-0.07548884302377701,0.4501485824584961,0.748167097568512,-0.0819663479924202,0.45431262254714966,0.7222548127174377,-0.08478765189647675,0.4647023379802704,0.8256740570068359,-0.0571979321539402,0.4693826735019684,0.7968413829803467,-0.07792912423610687,0.47286009788513184,0.7706077098846436,-0.08412972092628479,0.47523513436317444,0.7468057870864868,-0.08767341077327728
1566.6666666666658,0.5283055901527405,0.788276195526123,1.9670012818551186e-07,0.5534474849700928,0.7629916071891785,-0.01727963052690029,0.583899974822998,0.7449275851249695,-0.037131521850824356,0.6078273057937622,0.731296181678772,-0.05497676134109497,0.6308343410491943,0.7204280495643616,-0.07435097545385361,0.5835868120193481,0.7921399474143982,-0.053713567554950714,0.5760048031806946,0.7721799612045288,-0.07592082023620605,0.5657885074615479,0.7551203966140747,-0.08982051908969879,0.5512168407440186,0.736739456653595,-0.09923695027828217,0.5612346529960632,0.8179387450218201,-0.05448862165212631,0.543450653553009,0.7829850316047668,-0.07260101288557053,0.5296069979667664,0.7548752427101135,-0.07855633646249771,0.5155319571495056,0.7294853925704956,-0.08529012650251389,0.5352756381034851,0.8329321146011353,-0.05471331626176834,0.5199655890464783,0.7972177863121033,-0.07061272114515305,0.5091782212257385,0.7659798860549927,-0.07376717031002045,0.49914833903312683,0.7402175664901733,-0.0766766220331192,0.5098331570625305,0.8395696878433228,-0.05611031875014305,0.49959272146224976,0.812484622001648,-0.06618902832269669,0.4921274483203888,0.7876439094543457,-0.06769303977489471,0.4850059151649475,0.7657333612442017,-0.07061150670051575,0.4398437440395355,0.8339855670928955,7.014896441503993e-10,0.4194386601448059,0.7861949801445007,-0.010981499217450619,0.40300634503364563,0.7394118309020996,-0.021613415330648422,0.39291366934776306,0.702105700969696,-0.031171387061476707,0.3769322335720062,0.6759524941444397,-0.04032621160149574,0.3986039161682129,0.7838643789291382,-0.03132760897278786,0.3933911621570587,0.7571661472320557,-0.05110187456011772,0.39534878730773926,0.7366754412651062,-0.06302770972251892,0.39906802773475647,0.7168323993682861,-0.07090452313423157,0.4186301827430725,0.8021713495254517,-0.035649169236421585,0.4167933464050293,0.76887446641922,-0.05402038246393204,0.4215622842311859,0.7435458898544312,-0.06131894141435623,0.42759183049201965,0.720775306224823,-0.06780648976564407,0.44419947266578674,0.8155720829963684,-0.04079623520374298,0.44636455178260803,0.7831934690475464,-0.060298722237348557,0.4523598551750183,0.7568501830101013,-0.06498468667268753,0.4575314223766327,0.7319663166999817,-0.06771424412727356,0.47290411591529846,0.8263759016990662,-0.046426501125097275,0.47669050097465515,0.7986702919006348,-0.06143469735980034,0.47730162739753723,0.7776913046836853,-0.0655476525425911,0.47790881991386414,0.754489004611969,-0.06895235925912857
1599.999999999999,0.5322515964508057,0.7926980257034302,1.8099628107393073e-07,0.5572757720947266,0.7676472067832947,-0.016771582886576653,0.586847722530365,0.7481311559677124,-0.03567332774400711,0.6102655529975891,0.7337570786476135,-0.05270636826753616,0.6334404945373535,0.7210556864738464,-0.07114908844232559,0.5864614248275757,0.7954580783843994,-0.05113832280039787,0.57918381690979,0.7767771482467651,-0.07351841032505035,0.5688301920890808,0.759628415107727,-0.08804365247488022,0.5541278123855591,0.7415788173675537,-0.09801314771175385,0.5630199909210205,0.8198962211608887,-0.052071649581193924,0.5462357997894287,0.7862236499786377,-0.07013176381587982,0.5330188274383545,0.7584136724472046,-0.07666431367397308,0.5196516513824463,0.7336099743843079,-0.08391999453306198,0.5369125604629517,0.8338707685470581,-0.052614372223615646,0.5214674472808838,0.8000751733779907,-0.06857309490442276,0.5117166638374329,0.7697741985321045,-0.07207512855529785,0.5030093789100647,0.7454374432563782,-0.07532833516597748,0.5113344788551331,0.8402676582336426,-0.05438383296132088,0.5010803937911987,0.8151531219482422,-0.06493216007947922,0.4955289959907532,0.791413426399231,-0.06690157949924469,0.49061548709869385,0.7703200578689575,-0.07016806304454803,0.4531218409538269,0.8476204872131348,1.690801525455754e-07,0.43388721346855164,0.7858896851539612,-0.012734366580843925,0.41146403551101685,0.7374729514122009,-0.024080337956547737,0.39386311173439026,0.7074425220489502,-0.03387821838259697,0.372616171836853,0.6812074780464172,-0.0435837022960186,0.4010855555534363,0.7814801931381226,-0.03800457343459129,0.3949250280857086,0.760736882686615,-0.061858195811510086,0.39801299571990967,0.7373529076576233,-0.07745268195867538,0.3997379243373871,0.7164676189422607,-0.0878181979060173,0.41828620433807373,0.8034992218017578,-0.04322206228971481,0.41549572348594666,0.778171956539154,-0.06712771207094193,0.4215514361858368,0.7470160722732544,-0.07835190743207932,0.4261830151081085,0.7210486531257629,-0.08678891509771347,0.44109657406806946,0.8204309344291687,-0.04905080422759056,0.4414488971233368,0.7941470146179199,-0.07365628331899643,0.44910529255867004,0.76044762134552,-0.08017941564321518,0.45303159952163696,0.7309919595718384,-0.08333313465118408,0.46675142645835876,0.8328139781951904,-0.05542607605457306,0.46913108229637146,0.8089255094528198,-0.07605218887329102,0.47161728143692017,0.7828171253204346,-0.08215047419071198,0.47311627864837646,0.7571278214454651,-0.08582457900047302
1633.3333333333323,0.5319920778274536,0.7933671474456787,1.8248796607167606e-07,0.5572816133499146,0.7680109143257141,-0.017519868910312653,0.5872897505760193,0.7470774054527283,-0.03713463991880417,0.6106709837913513,0.7324683666229248,-0.05497739464044571,0.6343082189559937,0.719603419303894,-0.07431888580322266,0.586591362953186,0.7951622605323792,-0.051572903990745544,0.5797789096832275,0.7770876288414001,-0.0746515616774559,0.5694953799247742,0.7600677013397217,-0.08936504274606705,0.5546392202377319,0.74241042137146,-0.09933531284332275,0.5635682940483093,0.819126546382904,-0.05267325043678284,0.5469439029693604,0.7861365675926208,-0.07155989855527878,0.5331461429595947,0.7584921717643738,-0.07836690545082092,0.5195360779762268,0.734006404876709,-0.08577456325292587,0.537720263004303,0.8331567645072937,-0.053577881306409836,0.5223323106765747,0.799960732460022,-0.07063758373260498,0.5121365785598755,0.7698079347610474,-0.07464440912008286,0.5032805800437927,0.7458847761154175,-0.07808107137680054,0.5121267437934875,0.8405877351760864,-0.055774565786123276,0.5012782216072083,0.815457284450531,-0.067325659096241,0.49566447734832764,0.7915142178535461,-0.06988818943500519,0.4908134937286377,0.7707107067108154,-0.07355298846960068,0.43881651759147644,0.8312884569168091,5.882377962507235e-08,0.42091765999794006,0.7861525416374207,-0.014428275637328625,0.4058308005332947,0.7418484091758728,-0.026909643784165382,0.3938504457473755,0.705269455909729,-0.037357207387685776,0.37475335597991943,0.6811781525611877,-0.04741766303777695,0.3999827206134796,0.7759385108947754,-0.037209004163742065,0.39023149013519287,0.7553008794784546,-0.058941800147295,0.39063000679016113,0.736798882484436,-0.07195056229829788,0.39359623193740845,0.7200133800506592,-0.08022423833608627,0.41925832629203796,0.7953627705574036,-0.039537299424409866,0.4137631058692932,0.7700087428092957,-0.05998805910348892,0.41801443696022034,0.7456273436546326,-0.0685589462518692,0.423735111951828,0.7247105836868286,-0.0755055770277977,0.4434182643890381,0.811445415019989,-0.04263295233249664,0.44320914149284363,0.7877910733222961,-0.06367737054824829,0.44886529445648193,0.762900710105896,-0.06883687525987625,0.4541599750518799,0.739335834980011,-0.07144569605588913,0.46939316391944885,0.8245355486869812,-0.04636717215180397,0.47201207280158997,0.8002504110336304,-0.06327519565820694,0.47222045063972473,0.7790210843086243,-0.06826693564653397,0.4728759825229645,0.7561590075492859,-0.07170473039150238
1666.6666666666656,0.5323878526687622,0.7962042689323425,1.8914474253506341e-07,0.5565212368965149,0.7701964974403381,-0.01608618162572384,0.5877416729927063,0.7494004964828491,-0.03519652411341667,0.6112549304962158,0.7373768091201782,-0.052645012736320496,0.6331542730331421,0.7245941758155823,-0.07164518535137177,0.5876054763793945,0.798186182975769,-0.051318541169166565,0.5817896723747253,0.78160560131073,-0.07343991100788116,0.5724029541015625,0.765161395072937,-0.08719859272241592,0.5588212013244629,0.7470381855964661,-0.09636516869068146,0.5654900074005127,0.8222814798355103,-0.05276922136545181,0.5485422611236572,0.7884175777435303,-0.0709364116191864,0.5347447395324707,0.7614306211471558,-0.07682701200246811,0.5219514966011047,0.736327052116394,-0.08342527598142624,0.5397852063179016,0.8359156847000122,-0.05370981618762016,0.5249788165092468,0.8002724051475525,-0.07022255659103394,0.5153095126152039,0.7702478766441345,-0.07336892187595367,0.5069586634635925,0.7450796365737915,-0.07606460154056549,0.5145897269248962,0.8428528308868408,-0.05574668198823929,0.5021600723266602,0.8180609941482544,-0.06646728515625,0.4964766204357147,0.7935158610343933,-0.06770871579647064,0.4924599528312683,0.7713431119918823,-0.07022079080343246,0.44972100853919983,0.8434218764305115,1.2337946486695728e-07,0.43230095505714417,0.7861735820770264,-0.012025385163724422,0.41225770115852356,0.7386139035224915,-0.021394027397036552,0.3955869972705841,0.7081232070922852,-0.02914787270128727,0.37414783239364624,0.685441255569458,-0.03663771599531174,0.40201762318611145,0.7835044860839844,-0.032812729477882385,0.394079327583313,0.7691194415092468,-0.05213114246726036,0.3941299617290497,0.7483506798744202,-0.06469754129648209,0.39398008584976196,0.7282425761222839,-0.07318948209285736,0.4198914170265198,0.804297685623169,-0.03674865514039993,0.41698646545410156,0.7858713269233704,-0.05544520169496536,0.4234858751296997,0.757612407207489,-0.06381544470787048,0.4292416274547577,0.7335140705108643,-0.07035353779792786,0.4445161819458008,0.8211855888366699,-0.04125550389289856,0.44423091411590576,0.8008935451507568,-0.061504967510700226,0.4518231749534607,0.7707270979881287,-0.06638975441455841,0.4570889174938202,0.7436458468437195,-0.06865258514881134,0.4719139039516449,0.8331961035728455,-0.04629523307085037,0.4735053777694702,0.8133937120437622,-0.06278461962938309,0.47530248761177063,0.7887634038925171,-0.06686867028474808,0.4766124486923218,0.7638137340545654,-0.06936731189489365
1699.9999999999989,0.5228169560432434,0.7933259010314941,1.7454674150485516e-07,0.5498983860015869,0.7642995119094849,-0.01848950982093811,0.5842709541320801,0.7442364692687988,-0.03999296575784683,0.6119638085365295,0.7331790924072266,-0.05959230288863182,0.6354082226753235,0.7246423363685608,-0.08047476410865784,0.5830475687980652,0.7970402240753174,-0.05679938569664955,0.5789111256599426,0.7820900082588196,-0.07936059683561325,0.5710570216178894,0.7660605311393738,-0.0923827663064003,0.5591990351676941,0.7490018010139465,-0.10107835382223129,0.56168133020401,0.8201496005058289,-0.05788522586226463,0.5457574725151062,0.7874290347099304,-0.07709234207868576,0.5330756902694702,0.7633728981018066,-0.08183924108743668,0.5211361050605774,0.7419876456260681,-0.08783984929323196,0.5366529226303101,0.8330637216567993,-0.05856194347143173,0.5212854146957397,0.796925961971283,-0.0765976682305336,0.5122926235198975,0.7704872488975525,-0.07940253615379333,0.5047503709793091,0.7492140531539917,-0.08171074092388153,0.5126941204071045,0.8399919867515564,-0.06045772135257721,0.4983396828174591,0.8173571228981018,-0.07168476283550262,0.4913865029811859,0.7925674915313721,-0.07290104031562805,0.48774784803390503,0.770754337310791,-0.07557890564203262,0.5015106201171875,0.8000132441520691,-2.1334986399779154e-07,0.517186164855957,0.7908231019973755,-0.009211195632815361,0.5342512130737305,0.7787299752235413,-0.015528442338109016,0.5453773140907288,0.7652920484542847,-0.020609594881534576,0.5484104752540588,0.7582007646560669,-0.026498593389987946,0.5268638730049133,0.7986574769020081,-0.02431487664580345,0.5263928174972534,0.7895466685295105,-0.03670349717140198,0.5162927508354187,0.7757318615913391,-0.0468924418091774,0.5054818391799927,0.7552695274353027,-0.05418888106942177,0.5116615891456604,0.8025041818618774,-0.025483211502432823,0.5049704909324646,0.7885107398033142,-0.035845186561346054,0.4969254732131958,0.7731865048408508,-0.043933119624853134,0.4913630783557892,0.7534932494163513,-0.05230903625488281,0.500914990901947,0.8025676012039185,-0.026534007862210274,0.4916766583919525,0.7885422706604004,-0.036069486290216446,0.48399609327316284,0.7779912352561951,-0.0397222675383091,0.4767966568470001,0.7645696401596069,-0.04378144443035126,0.493397980928421,0.7998977899551392,-0.02815871313214302,0.4851100742816925,0.7878715395927429,-0.0338377021253109,0.47730448842048645,0.7790130376815796,-0.03377348557114601,0.47236377000808716,0.766354501247406,-0.035410281270742416
1733.3333333333321,0.5301662683486938,0.794395387172699,1.6865213581240823e-07,0.5552853345870972,0.7645686268806458,-0.017016256228089333,0.5868092775344849,0.7439811825752258,-0.037149906158447266,0.6129809617996216,0.7298371195793152,-0.05623485893011093,0.6360674500465393,0.7216236591339111,-0.07682077586650848,0.5864217281341553,0.7959153652191162,-0.048924028873443604,0.5813049077987671,0.7774856686592102,-0.0719413012266159,0.5726854801177979,0.7632833123207092,-0.08719227463006973,0.5591152906417847,0.7485364675521851,-0.09745939075946808,0.5655288100242615,0.8193976879119873,-0.05100454017519951,0.5487730503082275,0.7860643863677979,-0.06931419670581818,0.5333699584007263,0.7628974914550781,-0.07630036771297455,0.5186357498168945,0.7408767342567444,-0.08414391428232193,0.5411812663078308,0.833673894405365,-0.053066596388816833,0.5238168835639954,0.7984747290611267,-0.06978848576545715,0.5121603012084961,0.7730949521064758,-0.07349205762147903,0.502297043800354,0.7517997026443481,-0.07688573002815247,0.5168638229370117,0.8421788215637207,-0.056517068296670914,0.5026500821113586,0.8212721943855286,-0.06702932715415955,0.4949989318847656,0.7989085912704468,-0.0684976726770401,0.48911774158477783,0.7773747444152832,-0.07168225198984146,0.5365850329399109,0.7947246432304382,-2.5294460215263825e-07,0.5395526885986328,0.7670690417289734,-0.01801901124417782,0.554552435874939,0.7473692893981934,-0.03164280578494072,0.5694601535797119,0.7408801913261414,-0.042489729821681976,0.5808203220367432,0.7448806166648865,-0.05462149530649185,0.5521643757820129,0.8031310439109802,-0.04807348549365997,0.5391802787780762,0.7869499325752258,-0.06939036399126053,0.5240024924278259,0.7663699388504028,-0.08596750348806381,0.5070295929908752,0.7430239319801331,-0.09795985370874405,0.5410947799682617,0.8229255676269531,-0.05007144808769226,0.5257024765014648,0.8017641305923462,-0.068472720682621,0.5115028619766235,0.7738510966300964,-0.08167721331119537,0.49972209334373474,0.7461614608764648,-0.09547774493694305,0.5305743217468262,0.8318878412246704,-0.051926348358392715,0.515084445476532,0.8121623396873474,-0.06854353100061417,0.5031635761260986,0.781764566898346,-0.07716140896081924,0.492585152387619,0.7540678977966309,-0.086239755153656,0.5192638635635376,0.8327372670173645,-0.05496260151267052,0.5016810894012451,0.8158440589904785,-0.06806841492652893,0.4895637333393097,0.7938479781150818,-0.07306493818759918,0.48089081048965454,0.7710058093070984,-0.07973681390285492
1766.6666666666654,0.5247824192047119,0.790830135345459,1.7937131246981153e-07,0.5484732985496521,0.7617058157920837,-0.015583602711558342,0.5787702202796936,0.7371274828910828,-0.035205453634262085,0.6057441234588623,0.7223774194717407,-0.05354723706841469,0.631622850894928,0.7121639251708984,-0.07327196002006531,0.5837951302528381,0.7862884998321533,-0.04928283765912056,0.5763163566589355,0.765410840511322,-0.06966830044984818,0.5687808990478516,0.7505030632019043,-0.08210067451000214,0.5563551187515259,0.7368993163108826,-0.09027484059333801,0.5661047697067261,0.8107723593711853,-0.051174700260162354,0.5479148030281067,0.7750685811042786,-0.06621098518371582,0.5346409678459167,0.7519659996032715,-0.07045359164476395,0.5215582847595215,0.7323178052902222,-0.07687347382307053,0.5422434210777283,0.8275611400604248,-0.052655790001153946,0.5239565372467041,0.7901343107223511,-0.06583172082901001,0.5150665640830994,0.7661141753196716,-0.06766712665557861,0.5078462362289429,0.7473040819168091,-0.07049179077148438,0.5176476240158081,0.8389506340026855,-0.05531572923064232,0.50201416015625,0.814628005027771,-0.06266549229621887,0.49483156204223633,0.7915328741073608,-0.06236529350280762,0.4893537163734436,0.7713319063186646,-0.06470558047294617,0.5261501669883728,0.8152377009391785,-7.196108242624177e-08,0.5474510788917542,0.7827988862991333,-0.01593893952667713,0.5761705040931702,0.7507699728012085,-0.0274044256657362,0.6019895672798157,0.7276670336723328,-0.037713900208473206,0.6249080896377563,0.7154327034950256,-0.049521323293447495,0.5775183439254761,0.7896589040756226,-0.03303596004843712,0.5817201137542725,0.7672871947288513,-0.053313545882701874,0.5716069936752319,0.7509108185768127,-0.0691746398806572,0.5585461258888245,0.738322913646698,-0.07999888807535172,0.5522081851959229,0.8055350184440613,-0.035563625395298004,0.545520007610321,0.7789250612258911,-0.05261325091123581,0.5334252119064331,0.7527381181716919,-0.06518720835447311,0.5226024389266968,0.7339409589767456,-0.0774974450469017,0.5262390375137329,0.8167657256126404,-0.03913884982466698,0.5199303030967712,0.7897758483886719,-0.0556674562394619,0.5112886428833008,0.7647839784622192,-0.061481405049562454,0.5040489435195923,0.7447496056556702,-0.06747038662433624,0.5020373463630676,0.8229153752326965,-0.04398967698216438,0.4966951310634613,0.802118182182312,-0.058520589023828506,0.4905427098274231,0.784265398979187,-0.062098804861307144,0.4856880307197571,0.7659395337104797,-0.06599698215723038
1799.9999999999986,0.5441012978553772,0.7983562350273132,1.447296060774761e-08,0.5703270435333252,0.7718212604522705,-0.011593767441809177,0.5914254784584045,0.7301334142684937,-0.024884290993213654,0.6090602874755859,0.6940295100212097,-0.036688875406980515,0.6344312429428101,0.6729680895805359,-0.04999833181500435,0.5794328451156616,0.7590996623039246,-0.04126845672726631,0.5766667723655701,0.7300044298171997,-0.06032407656311989,0.5715556144714355,0.7085546255111694,-0.07214031368494034,0.5678262114524841,0.6938074231147766,-0.07945346087217331,0.5539461374282837,0.7736403346061707,-0.04437517374753952,0.547329843044281,0.7357766628265381,-0.05892172083258629,0.5413165092468262,0.7037814855575562,-0.06340281665325165,0.5391525030136108,0.6822683811187744,-0.06897186487913132,0.5294272303581238,0.7851548790931702,-0.047386422753334045,0.5235650539398193,0.7504917979240417,-0.06063845753669739,0.5193663835525513,0.7209321856498718,-0.06279604882001877,0.518511950969696,0.6981641054153442,-0.06563448905944824,0.5066445469856262,0.7958852648735046,-0.051108989864587784,0.5001814365386963,0.764055609703064,-0.06147623434662819,0.4978441894054413,0.743920624256134,-0.06260168552398682,0.4974416494369507,0.7278781533241272,-0.06472117453813553,0.5269953608512878,0.7856063842773438,1.9487416125230084e-08,0.5514054894447327,0.7691328525543213,-0.015505327843129635,0.573379397392273,0.7315881848335266,-0.028311511501669884,0.5901432633399963,0.695964515209198,-0.039171528071165085,0.6146159172058105,0.6749222278594971,-0.05124387890100479,0.5599475502967834,0.750060498714447,-0.035984721034765244,0.5693784356117249,0.7282092571258545,-0.055742695927619934,0.5675992965698242,0.7072474360466003,-0.06954927742481232,0.5646110773086548,0.6966452598571777,-0.07817874103784561,0.5358253717422485,0.7584446668624878,-0.03656729683279991,0.5387125611305237,0.7247802019119263,-0.05034203454852104,0.5386117696762085,0.6971505880355835,-0.056000158190727234,0.5388761758804321,0.6814526319503784,-0.06236257776618004,0.5134316682815552,0.7657166123390198,-0.038089387118816376,0.5134034156799316,0.7364465594291687,-0.050665128976106644,0.5145004391670227,0.7119788527488708,-0.051913950592279434,0.5164413452148438,0.6945574879646301,-0.05415910854935646,0.49276620149612427,0.7754890322685242,-0.04081552103161812,0.49021345376968384,0.7518560886383057,-0.04990723729133606,0.4908257722854614,0.7352159023284912,-0.05010531470179558,0.49292391538619995,0.7199389338493347,-0.05194185674190521
1833.333333333332,0.533563494682312,0.7778111696243286,9.465796324548137e-08,0.5629473924636841,0.7572664618492126,-0.01463716384023428,0.5886671543121338,0.7210806608200073,-0.029940618202090263,0.6067984700202942,0.6847479939460754,-0.04276532679796219,0.6319983005523682,0.6615133881568909,-0.05715678632259369,0.5736865997314453,0.7358961701393127,-0.04636885225772858,0.5782186985015869,0.7054542303085327,-0.06797011196613312,0.5743423104286194,0.6797211766242981,-0.08110601454973221,0.5707839727401733,0.6653658747673035,-0.08908537030220032,0.546829342842102,0.7434163093566895,-0.047847382724285126,0.5468406677246094,0.6996450424194336,-0.06474992632865906,0.5450139045715332,0.667385995388031,-0.07005756348371506,0.5447388887405396,0.6500715017318726,-0.07550066709518433,0.5218899250030518,0.7519849538803101,-0.04934156313538551,0.5235625505447388,0.7138073444366455,-0.06385726481676102,0.5235301852226257,0.6854119300842285,-0.0661831796169281,0.5246832966804504,0.6663060188293457,-0.06869307905435562,0.5004776120185852,0.7636954188346863,-0.05162811651825905,0.5009956955909729,0.7320390939712524,-0.06277567148208618,0.5027534365653992,0.7120259404182434,-0.0647919550538063,0.5043399333953857,0.6974648833274841,-0.06733694672584534,0.5511370897293091,0.7969839572906494,4.76108485969462e-09,0.5722399950027466,0.7635639905929565,-0.012305089272558689,0.5943253040313721,0.7195953726768494,-0.023470943793654442,0.6103894114494324,0.6838942170143127,-0.03226455673575401,0.6303406953811646,0.6663734316825867,-0.04326936602592468,0.5929179787635803,0.7582592964172363,-0.04279213026165962,0.5858587622642517,0.7111549973487854,-0.06336156278848648,0.5796481370925903,0.6808041930198669,-0.07616648823022842,0.573711097240448,0.6617283821105957,-0.08391073346138,0.5692738890647888,0.7720707058906555,-0.04508860781788826,0.5562698245048523,0.7187825441360474,-0.06124616414308548,0.5482106804847717,0.6786056160926819,-0.06881672143936157,0.5413694381713867,0.6527903079986572,-0.07666865736246109,0.5440558791160583,0.7821872234344482,-0.04727922007441521,0.533412516117096,0.7312105298042297,-0.061387840658426285,0.5269826054573059,0.6937803626060486,-0.06490813940763474,0.5230598449707031,0.6681081056594849,-0.06867802888154984,0.5191733241081238,0.7870004773139954,-0.04986830800771713,0.5100847482681274,0.7453599572181702,-0.06349539756774902,0.5066509246826172,0.7166674733161926,-0.06734053790569305,0.5049582123756409,0.6943992972373962,-0.07048290967941284
1866.6666666666652,0.5307339429855347,0.7776950001716614,7.668742796340666e-08,0.561098039150238,0.7577198147773743,-0.015262072905898094,0.5878496766090393,0.7213786244392395,-0.029296064749360085,0.6063623428344727,0.6847299337387085,-0.04089207202196121,0.6321554183959961,0.6623818278312683,-0.053741104900836945,0.5727110505104065,0.7306762337684631,-0.042081281542778015,0.5777207016944885,0.701684832572937,-0.06284083425998688,0.5740143656730652,0.6779300570487976,-0.07551009953022003,0.5705356001853943,0.666351318359375,-0.08295801281929016,0.5454358458518982,0.7358927726745605,-0.04269042983651161,0.5459300875663757,0.6958812475204468,-0.05854237824678421,0.5449607372283936,0.666111946105957,-0.0634908676147461,0.5452541708946228,0.6511952877044678,-0.0684085413813591,0.5205257534980774,0.7438210248947144,-0.04379544034600258,0.5224379897117615,0.7100945711135864,-0.0577828623354435,0.523686945438385,0.6845835447311401,-0.060104139149188995,0.526355504989624,0.6683386564254761,-0.062336456030607224,0.49891090393066406,0.7560113668441772,-0.045863162726163864,0.5001809000968933,0.728310227394104,-0.05686912313103676,0.5029934644699097,0.7107750773429871,-0.05900825187563896,0.506232500076294,0.6984565854072571,-0.061333559453487396,0.5325176119804382,0.7943063378334045,-6.139092789680944e-09,0.5624896287918091,0.7696219682693481,-0.013520348817110062,0.5894514918327332,0.7218617796897888,-0.025108901783823967,0.6094319820404053,0.679864227771759,-0.03487425670027733,0.6358951926231384,0.6575009822845459,-0.04582936316728592,0.5720709562301636,0.72782301902771,-0.03692872077226639,0.574973464012146,0.6952207088470459,-0.055243976414203644,0.5725350379943848,0.6768776774406433,-0.06687767058610916,0.569536030292511,0.6699396967887878,-0.07388383150100708,0.5451905727386475,0.7327224016189575,-0.03791612759232521,0.5443859100341797,0.6946954727172852,-0.051073864102363586,0.5436586141586304,0.6677595376968384,-0.05541909486055374,0.5439121723175049,0.6558595299720764,-0.06048976257443428,0.5203361511230469,0.7407724261283875,-0.03948443382978439,0.5201160907745361,0.7083241939544678,-0.050624314695596695,0.5219219923019409,0.6857303977012634,-0.05157465115189552,0.5251681804656982,0.6733989119529724,-0.05358133837580681,0.4974133372306824,0.7526554465293884,-0.042085036635398865,0.49670007824897766,0.7242649793624878,-0.05017392709851265,0.4981057345867157,0.7083184123039246,-0.05041641369462013,0.5012494325637817,0.6975324749946594,-0.05178806558251381
1899.9999999999984,0.5574046969413757,0.7877020239830017,-5.394918289880479e-09,0.5787169337272644,0.7495266795158386,-0.012774473987519741,0.5999498963356018,0.7033230662345886,-0.024625832214951515,0.6163719296455383,0.6682484745979309,-0.03423289954662323,0.6370836496353149,0.6499378681182861,-0.04608674719929695,0.6001731753349304,0.7342474460601807,-0.04445026069879532,0.5947654843330383,0.6932834386825562,-0.06649000942707062,0.5869447588920593,0.663274347782135,-0.08053233474493027,0.5782632231712341,0.6384259462356567,-0.08953682333230972,0.578354001045227,0.7510933876037598,-0.047841232270002365,0.5678133368492126,0.7029886841773987,-0.06726471334695816,0.5578088164329529,0.6630388498306274,-0.07698463648557663,0.54802405834198,0.6333680748939514,-0.08612328767776489,0.5541561245918274,0.7646138668060303,-0.05110791325569153,0.5443738698959351,0.7172826528549194,-0.0687103420495987,0.5357336401939392,0.6779671907424927,-0.0745292380452156,0.5281468629837036,0.6473462581634521,-0.07951439172029495,0.5291683077812195,0.7730512619018555,-0.054603129625320435,0.5216330885887146,0.7353898286819458,-0.07101613283157349,0.5165296196937561,0.7042868733406067,-0.07674529403448105,0.5115553140640259,0.6771820783615112,-0.08103593438863754,0.5577983260154724,0.7983882427215576,3.4882717159234744e-08,0.5780408978462219,0.7576620578765869,-0.011124798096716404,0.5972383618354797,0.7054869532585144,-0.021997012197971344,0.6123978495597839,0.6665281057357788,-0.03090548701584339,0.6338765025138855,0.6464232206344604,-0.04186014458537102,0.600857675075531,0.7377775311470032,-0.03995022922754288,0.5951201915740967,0.6942216753959656,-0.059692658483982086,0.586452066898346,0.663678765296936,-0.07157063484191895,0.5766724348068237,0.6395348310470581,-0.07919643819332123,0.5783759355545044,0.7537339925765991,-0.04379843547940254,0.5680058002471924,0.7021119594573975,-0.061267998069524765,0.5574699640274048,0.6618979573249817,-0.06992156058549881,0.5477790832519531,0.6304766535758972,-0.07807271927595139,0.5530617237091064,0.7667832374572754,-0.04758686199784279,0.5437611937522888,0.7171508073806763,-0.06375084072351456,0.5354627966880798,0.6775309443473816,-0.0696089118719101,0.5285859107971191,0.6452240347862244,-0.0745217427611351,0.5271247625350952,0.775986909866333,-0.051481474190950394,0.5201050043106079,0.7353314757347107,-0.06618580967187881,0.5153016448020935,0.7046179175376892,-0.07154661417007446,0.5102096796035767,0.6778193116188049,-0.07585152983665466
1933.3333333333317,0.556178867816925,0.7940887808799744,-9.681524915094997e-08,0.5792993307113647,0.7505790591239929,-0.008290263824164867,0.6004044413566589,0.6979634761810303,-0.016577770933508873,0.6159897446632385,0.6563435792922974,-0.02400529570877552,0.6373438835144043,0.6301950216293335,-0.033491116017103195,0.6017764210700989,0.7205669283866882,-0.030621832236647606,0.5978200435638428,0.6746053099632263,-0.04883302003145218,0.590811014175415,0.6436068415641785,-0.0614037811756134,0.5831470489501953,0.6162598133087158,-0.06991390138864517,0.582433819770813,0.7379992604255676,-0.03600441664457321,0.5713704228401184,0.680169403553009,-0.05122634768486023,0.561083972454071,0.6384657621383667,-0.06022191047668457,0.5512169599533081,0.6055199503898621,-0.06933163851499557,0.5588199496269226,0.7537696957588196,-0.04156520962715149,0.5466777682304382,0.6956235766410828,-0.05568527802824974,0.5374590754508972,0.6549571752548218,-0.06085410341620445,0.5311785340309143,0.6217741966247559,-0.06611819565296173,0.5335559844970703,0.7658379077911377,-0.04725366830825806,0.5218859910964966,0.7212643623352051,-0.060704633593559265,0.5177075862884521,0.6886516809463501,-0.06558165699243546,0.5149527788162231,0.6598882675170898,-0.06979486346244812,0.5140412449836731,0.7427980899810791,2.5759771205002835e-08,0.5525945425033569,0.7218928337097168,-0.005912455730140209,0.5840146541595459,0.687423050403595,-0.011443071067333221,0.6039382219314575,0.65155428647995,-0.01833311654627323,0.6292771697044373,0.631308376789093,-0.02682216838002205,0.5537230968475342,0.6657714247703552,-0.006274946965277195,0.55995112657547,0.6385982036590576,-0.013707965612411499,0.5619934797286987,0.6331028938293457,-0.021104782819747925,0.5633209943771362,0.6222215890884399,-0.02755783684551716,0.5243194699287415,0.6702566146850586,-0.009664839133620262,0.5303370952606201,0.6370706558227539,-0.014169582165777683,0.5339056253433228,0.6264676451683044,-0.01855882816016674,0.5363330841064453,0.6138017177581787,-0.02411172352731228,0.4972855746746063,0.6776580810546875,-0.01416629459708929,0.49951714277267456,0.6434741616249084,-0.01979243755340576,0.5071309804916382,0.6399003863334656,-0.018782759085297585,0.5130932927131653,0.6362009644508362,-0.019338227808475494,0.47264936566352844,0.6898215413093567,-0.019466618075966835,0.4662129282951355,0.6627879738807678,-0.022238673642277718,0.4690234065055847,0.6604702472686768,-0.018208537250757217,0.4727462828159332,0.6563547849655151,-0.016657045111060143
1966.666666666665,0.556576669216156,0.7748247385025024,-1.2344848698830901e-08,0.5803683996200562,0.7336446642875671,-0.0078508872538805,0.6004306077957153,0.6772751808166504,-0.017580119892954826,0.6152786612510681,0.6321642994880676,-0.02604515291750431,0.6371393203735352,0.6056910157203674,-0.0365285687148571,0.6063928008079529,0.6978614926338196,-0.03765256330370903,0.6051085591316223,0.6438741683959961,-0.05747557803988457,0.5969625115394592,0.6068011522293091,-0.06918081641197205,0.5874499082565308,0.575442373752594,-0.0768398642539978,0.5870087146759033,0.7138788104057312,-0.043539807200431824,0.578770637512207,0.6479547023773193,-0.061584725975990295,0.5674501657485962,0.6014267802238464,-0.07007311284542084,0.556350588798523,0.5654349327087402,-0.07791229337453842,0.5626047849655151,0.7288016080856323,-0.048976872116327286,0.5535394549369812,0.6649969220161438,-0.06541461497545242,0.5439344644546509,0.6211367249488831,-0.07058203965425491,0.5360093712806702,0.5862231850624084,-0.07505413144826889,0.5359596610069275,0.7401810884475708,-0.054185643792152405,0.5297020673751831,0.6928538084030151,-0.06953366845846176,0.5259992480278015,0.6605359315872192,-0.07499850541353226,0.5221399664878845,0.6322798728942871,-0.07905344665050507,0.5519410371780396,0.788990318775177,3.909690349246375e-08,0.5766229033470154,0.7394967675209045,-0.004635048098862171,0.5991536378860474,0.6797235608100891,-0.012831850908696651,0.6167029142379761,0.6325421929359436,-0.02072347328066826,0.6415267586708069,0.606826901435852,-0.030914975330233574,0.6062294244766235,0.6995673179626465,-0.031585682183504105,0.6056662201881409,0.6426604986190796,-0.04830018803477287,0.5957636833190918,0.6061641573905945,-0.058137983083724976,0.5834919214248657,0.5754902362823486,-0.06480935215950012,0.5849999785423279,0.7140042185783386,-0.0386536680161953,0.5771290063858032,0.6499468088150024,-0.05259610339999199,0.5657259225845337,0.6045482158660889,-0.06006329134106636,0.5547982454299927,0.566748857498169,-0.06775466352701187,0.5583779811859131,0.7288128137588501,-0.04523015022277832,0.5505201816558838,0.6670830249786377,-0.05735112354159355,0.5433977246284485,0.6243631839752197,-0.062049172818660736,0.5373432636260986,0.5886078476905823,-0.06702658534049988,0.5279236435890198,0.7423547506332397,-0.05161755159497261,0.5239802598953247,0.693504810333252,-0.062381647527217865,0.5218526124954224,0.6611779928207397,-0.06604590266942978,0.5189311504364014,0.631160318851471,-0.06985046714544296
1999.9999999999982,0.5605920553207397,0.7711035013198853,-5.399830627084157e-08,0.5848086476325989,0.7277156114578247,-0.0067146713845431805,0.6028344035148621,0.6707910299301147,-0.01607169583439827,0.6161764860153198,0.6248346567153931,-0.02482304535806179,0.6381824612617493,0.5980455875396729,-0.03566863387823105,0.6081089377403259,0.6889718174934387,-0.033549655228853226,0.6052452325820923,0.6328872442245483,-0.05342855304479599,0.5961183309555054,0.5946232676506042,-0.06603393703699112,0.5856269598007202,0.5627210140228271,-0.07435469329357147,0.5884696841239929,0.7049567699432373,-0.04023703932762146,0.5790122151374817,0.637912929058075,-0.05746703967452049,0.56724613904953,0.5896527767181396,-0.06669657677412033,0.5555601119995117,0.5522688627243042,-0.07544364780187607,0.5639761090278625,0.720057487487793,-0.04672333970665932,0.5545535683631897,0.6543891429901123,-0.06252484023571014,0.5451303720474243,0.6098483204841614,-0.06820683926343918,0.5371468663215637,0.574047863483429,-0.07332117110490799,0.536838948726654,0.7316097021102905,-0.05301938205957413,0.5303608775138855,0.6834684014320374,-0.06799039989709854,0.5265732407569885,0.6492911577224731,-0.07367854565382004,0.5226973295211792,0.6189669966697693,-0.07806861400604248,0.5611358284950256,0.7769812345504761,-5.524739421503e-08,0.5847516655921936,0.7298722863197327,-0.005731722805649042,0.6039445996284485,0.6729322671890259,-0.015117285773158073,0.6180229187011719,0.6262167096138,-0.023749802261590958,0.6410726308822632,0.5994775295257568,-0.03438994288444519,0.6091095209121704,0.691194474697113,-0.03331412747502327,0.6066718697547913,0.6324928998947144,-0.05223233625292778,0.5974869728088379,0.5952292084693909,-0.06378632038831711,0.5869445204734802,0.564657986164093,-0.07117380201816559,0.5901192426681519,0.7075679898262024,-0.03974798694252968,0.5798398852348328,0.6371617317199707,-0.05542440339922905,0.5677042603492737,0.5893507599830627,-0.06319810450077057,0.5559872984886169,0.5524840950965881,-0.07110817730426788,0.5662278532981873,0.7228217124938965,-0.04583390802145004,0.5548020601272583,0.6544938683509827,-0.05981963500380516,0.5451095700263977,0.6113197803497314,-0.0642198771238327,0.5369480848312378,0.5769056081771851,-0.06887809187173843,0.5398496985435486,0.7345951795578003,-0.05169225484132767,0.5309524536132812,0.6845106482505798,-0.06460683047771454,0.5267238020896912,0.652453601360321,-0.0691061019897461,0.5224771499633789,0.6239551901817322,-0.07309441268444061
2033.3333333333314,0.563277542591095,0.771137535572052,-4.1474091716509065e-08,0.5862106084823608,0.7288119792938232,-0.005781753920018673,0.6046096682548523,0.6720468401908875,-0.015238632448017597,0.618430495262146,0.6264411211013794,-0.023968808352947235,0.6416563391685486,0.6008704900741577,-0.03483693301677704,0.6090500354766846,0.6883867979049683,-0.034653641283512115,0.6065700054168701,0.6317748427391052,-0.05407598614692688,0.5970103740692139,0.5942696928977966,-0.06600076705217361,0.5857141017913818,0.5633305311203003,-0.07371949404478073,0.589317798614502,0.7045625448226929,-0.04147319495677948,0.579887866973877,0.6370843052864075,-0.05825995281338692,0.5671222805976868,0.5892060995101929,-0.06665175408124924,0.5543914437294006,0.5530029535293579,-0.0747104287147522,0.5644896626472473,0.7202679514884949,-0.04780412092804909,0.5543673634529114,0.6557278037071228,-0.06276658177375793,0.5448433756828308,0.6125558018684387,-0.06771038472652435,0.5363224744796753,0.578517496585846,-0.07237017899751663,0.5368373394012451,0.7326366901397705,-0.05379577726125717,0.5298857092857361,0.6840956807136536,-0.06796702742576599,0.5256385803222656,0.6512516736984253,-0.07287470996379852,0.5210264921188354,0.6221014261245728,-0.0767371654510498,0.48823803663253784,0.7778198719024658,7.116183553534938e-08,0.46261659264564514,0.7288109660148621,0.0020001311786472797,0.4388151168823242,0.6732761859893799,-0.0045701926574110985,0.42295244336128235,0.6294776201248169,-0.012528724037110806,0.41214391589164734,0.5959264636039734,-0.021415304392576218,0.43906497955322266,0.6691330075263977,-0.02336527407169342,0.43360698223114014,0.6123842000961304,-0.041671689599752426,0.43660497665405273,0.5792319774627686,-0.051638953387737274,0.4405815899372101,0.548354983329773,-0.058247026056051254,0.4557143449783325,0.6855087876319885,-0.03339686989784241,0.45556914806365967,0.6266771554946899,-0.04914176091551781,0.46390554308891296,0.5900823473930359,-0.05401615425944328,0.47175103425979614,0.5581705570220947,-0.05805965140461922,0.4785558879375458,0.7052873969078064,-0.043124523013830185,0.47984495759010315,0.6464834213256836,-0.05878223851323128,0.48786643147468567,0.6102436780929565,-0.06224062293767929,0.4948490262031555,0.5778319239616394,-0.06423581391572952,0.505713939666748,0.7261886596679688,-0.05201397091150284,0.5068792700767517,0.6814906001091003,-0.06694483011960983,0.5096757411956787,0.6499167084693909,-0.07114274054765701,0.5151680707931519,0.6154569387435913,-0.07352228462696075
2066.6666666666647,0.5651386380195618,0.7674857378005981,-5.009022085999959e-10,0.5873523950576782,0.7262632250785828,-0.005137806758284569,0.6046484708786011,0.6682794094085693,-0.014751264825463295,0.6178414821624756,0.6218133568763733,-0.02355148456990719,0.6399991512298584,0.5954198837280273,-0.034415457397699356,0.6097766757011414,0.684196412563324,-0.03652064502239227,0.606484591960907,0.6230084896087646,-0.05585493892431259,0.5967435836791992,0.5833427309989929,-0.06697018444538116,0.5853404402732849,0.5515339970588684,-0.07408875972032547,0.5904269814491272,0.6995152831077576,-0.043796274811029434,0.5818428993225098,0.6288391351699829,-0.060765378177165985,0.5690059661865234,0.5809704065322876,-0.06865795701742172,0.5564941763877869,0.5448440313339233,-0.07599541544914246,0.565997302532196,0.7149050235748291,-0.050266511738300323,0.5571857690811157,0.6479425430297852,-0.06528162956237793,0.5470067262649536,0.6038721799850464,-0.07008332014083862,0.5383001565933228,0.569085955619812,-0.07446615397930145,0.5387733578681946,0.7272338271141052,-0.056221287697553635,0.5337782502174377,0.678411602973938,-0.07022486627101898,0.5302489995956421,0.6464049816131592,-0.07484398037195206,0.5264858603477478,0.6178846955299377,-0.07841990143060684,0.4795767366886139,0.7822351455688477,3.483472994503245e-07,0.45618242025375366,0.7359514832496643,-0.00614964822307229,0.43719109892845154,0.6779215931892395,-0.015361042693257332,0.4248550832271576,0.6309146881103516,-0.02352234534919262,0.40625712275505066,0.5967593193054199,-0.03226970508694649,0.430850088596344,0.6872912645339966,-0.038772907108068466,0.4306323230266571,0.6207393407821655,-0.05881937965750694,0.433892160654068,0.5794160962104797,-0.06902147829532623,0.43556642532348633,0.5450769662857056,-0.07517215609550476,0.449628084897995,0.7009641528129578,-0.04604348912835121,0.45496633648872375,0.6328130960464478,-0.06599801778793335,0.46357592940330505,0.5871042609214783,-0.07320176810026169,0.4714287519454956,0.5521548390388489,-0.0780060738325119,0.47433269023895264,0.7155399322509766,-0.05253547057509422,0.48273080587387085,0.6514051556587219,-0.0705687403678894,0.4910217523574829,0.6089349389076233,-0.07549656182527542,0.49618884921073914,0.5758436918258667,-0.0780334323644638,0.5023232102394104,0.7277578115463257,-0.05877159535884857,0.5078377723693848,0.6759190559387207,-0.07316859066486359,0.5116509795188904,0.6428669095039368,-0.07724637538194656,0.5155275464057922,0.6146016120910645,-0.07954205572605133
2099.999999999998,0.5663791298866272,0.7737497687339783,-2.8004569774253696e-09,0.588952898979187,0.7338189482688904,-0.004863881040364504,0.6039273738861084,0.6747438311576843,-0.014713281765580177,0.6137745976448059,0.625605583190918,-0.02374235913157463,0.6342529058456421,0.5967024564743042,-0.03499927744269371,0.6111797094345093,0.6892578601837158,-0.038625624030828476,0.6061776876449585,0.6243473291397095,-0.05849685147404671,0.5966143608093262,0.5830321311950684,-0.06999243795871735,0.5854530334472656,0.5499981045722961,-0.07760156691074371,0.5925672650337219,0.704674482345581,-0.046542953699827194,0.583532452583313,0.6320972442626953,-0.06465757638216019,0.570771336555481,0.5829075574874878,-0.07354213297367096,0.5581638216972351,0.5458203554153442,-0.08162476867437363,0.5682327151298523,0.7204887866973877,-0.05341021344065666,0.5594934225082397,0.6530524492263794,-0.06983106583356857,0.549475371837616,0.6071726679801941,-0.07607275992631912,0.5407205820083618,0.5713640451431274,-0.08138339221477509,0.5402366518974304,0.7333070635795593,-0.05956204980611801,0.5358025431632996,0.6842617988586426,-0.07537795603275299,0.5324697494506836,0.6509307026863098,-0.0814332515001297,0.5286982655525208,0.6217562556266785,-0.08595596253871918,0.4810921847820282,0.7876465320587158,3.635605594354274e-07,0.4597291946411133,0.7429807186126709,-0.00691711762920022,0.44255688786506653,0.6839116215705872,-0.016922397539019585,0.432132363319397,0.6363270282745361,-0.025788703933358192,0.4134080708026886,0.6023264527320862,-0.03544362261891365,0.4340587854385376,0.6925591826438904,-0.04148583859205246,0.4344325363636017,0.62729811668396,-0.06314916163682938,0.4389922022819519,0.5857527852058411,-0.07450718432664871,0.44294169545173645,0.5502370595932007,-0.08136770874261856,0.45201876759529114,0.7082470059394836,-0.0491655170917511,0.45829352736473083,0.6386641263961792,-0.07133198529481888,0.4671610891819,0.591064453125,-0.07985261082649231,0.47541069984436035,0.5530514717102051,-0.0852087140083313,0.4765411615371704,0.723863422870636,-0.056088417768478394,0.48533904552459717,0.6568519473075867,-0.07590917497873306,0.4943999946117401,0.611194908618927,-0.08169220387935638,0.5009766817092896,0.5748440623283386,-0.08436838537454605,0.5047051310539246,0.7366411685943604,-0.0628165602684021,0.5106076002120972,0.6819522976875305,-0.078494131565094,0.5146451592445374,0.64552241563797,-0.08316059410572052,0.5188426971435547,0.6140013337135315,-0.0856257975101471
2133.3333333333317,0.5265885591506958,0.6952114701271057,-1.0737463895793553e-07,0.5484469532966614,0.6724824905395508,0.0016872253036126494,0.5645902752876282,0.6389496326446533,0.0004635224468074739,0.5751415491104126,0.6064720153808594,-0.002944254083558917,0.5938272476196289,0.5867413282394409,-0.007784126792103052,0.5414730906486511,0.6111500263214111,-0.0031026937067508698,0.5454855561256409,0.5815204381942749,-0.00925516802817583,0.5468102693557739,0.5760694146156311,-0.01531367376446724,0.5468751192092896,0.5613945722579956,-0.021596567705273628,0.5228386521339417,0.6185160279273987,-0.008831226266920567,0.5310881733894348,0.5843620896339417,-0.013208704069256783,0.5362479090690613,0.5767204165458679,-0.016172250732779503,0.5389108061790466,0.5607242584228516,-0.02090640179812908,0.5082039833068848,0.6303219795227051,-0.01484607718884945,0.5119137167930603,0.5972791314125061,-0.01946776732802391,0.5180243849754333,0.5975059270858765,-0.018010267987847328,0.5228418707847595,0.5915480256080627,-0.01908232271671295,0.4972047209739685,0.644551157951355,-0.02096528187394142,0.49586647748947144,0.6234524250030518,-0.024120129644870758,0.49939101934432983,0.6228418946266174,-0.021964408457279205,0.5047315955162048,0.616538405418396,-0.022508487105369568,0.48013824224472046,0.7843650579452515,3.882956889356137e-07,0.4583372473716736,0.7394117712974548,-0.007142908405512571,0.44193536043167114,0.6806999444961548,-0.01718895323574543,0.4313894808292389,0.633628249168396,-0.025999916717410088,0.41210731863975525,0.6006770730018616,-0.03550969809293747,0.43391337990760803,0.6909204721450806,-0.04128190502524376,0.43476223945617676,0.6258172988891602,-0.06234915554523468,0.43954846262931824,0.5839433670043945,-0.073081836104393,0.4433267116546631,0.5485712289810181,-0.07955311238765717,0.45252150297164917,0.7064718008041382,-0.048641689121723175,0.45953044295310974,0.6377208232879639,-0.07114510238170624,0.4689366817474365,0.5906259417533875,-0.07935577630996704,0.47707968950271606,0.553630530834198,-0.08431138098239899,0.47713086009025574,0.7219457030296326,-0.05524633824825287,0.48640599846839905,0.6560278534889221,-0.0753035619854927,0.4958605468273163,0.6111417412757874,-0.08065102249383926,0.5020933747291565,0.5756247043609619,-0.08283265680074692,0.5047776699066162,0.7346940636634827,-0.06164348125457764,0.5099058151245117,0.6806603074073792,-0.0772484540939331,0.514158308506012,0.6450236439704895,-0.08179019391536713,0.5185567140579224,0.6147977113723755,-0.08409645408391953
2166.666666666665,0.48739945888519287,0.7986539602279663,3.472129890269571e-07,0.46326708793640137,0.7571375966072083,-0.007773487363010645,0.4438660144805908,0.6989602446556091,-0.017946071922779083,0.43282485008239746,0.649747908115387,-0.026522986590862274,0.41411080956459045,0.6124311685562134,-0.035957057029008865,0.4353439211845398,0.7102848291397095,-0.04307229816913605,0.437561571598053,0.6469072699546814,-0.06461187452077866,0.44245532155036926,0.6051729917526245,-0.07601052522659302,0.44654104113578796,0.5688786506652832,-0.08304905891418457,0.45463284850120544,0.7251262664794922,-0.04971577972173691,0.46165961027145386,0.6582499742507935,-0.07047341018915176,0.47061243653297424,0.6107799410820007,-0.07803884893655777,0.4789102375507355,0.5729854702949524,-0.08335598558187485,0.4797869920730591,0.740410327911377,-0.05558260530233383,0.48922431468963623,0.674540102481842,-0.07449273020029068,0.49720335006713867,0.6303827166557312,-0.0794932097196579,0.5028057098388672,0.5955289006233215,-0.08204422146081924,0.507641077041626,0.7528667449951172,-0.06125541776418686,0.513026773929596,0.699375331401825,-0.07724649459123611,0.5171728730201721,0.6628502011299133,-0.08221520483493805,0.5216242074966431,0.6309175491333008,-0.08493071794509888
2199.9999999999986,0.486298531293869,0.8084718585014343,3.648056008387357e-07,0.4626382887363434,0.7677305340766907,-0.006545068230479956,0.4435807466506958,0.7080600261688232,-0.015666818246245384,0.4329845607280731,0.6588586568832397,-0.023532943800091743,0.4136066138744354,0.6235265731811523,-0.032375264912843704,0.4361262321472168,0.7193503975868225,-0.03929894044995308,0.43760859966278076,0.6593518257141113,-0.05982174351811409,0.44444748759269714,0.6179859042167664,-0.07065508514642715,0.4505453109741211,0.5825315713882446,-0.0773262158036232,0.4549129009246826,0.7339437007904053,-0.04658866301178932,0.462416410446167,0.6697794198989868,-0.06631241738796234,0.4728671610355377,0.6233900189399719,-0.07344480603933334,0.4820053279399872,0.5862104892730713,-0.07859598100185394,0.47986745834350586,0.7493115067481995,-0.05326871573925018,0.489295095205307,0.6864374279975891,-0.0715644508600235,0.4981108605861664,0.6435255408287048,-0.07610287517309189,0.5040389895439148,0.6090791821479797,-0.07852915674448013,0.5076595544815063,0.7624237537384033,-0.05972476676106453,0.5139716267585754,0.712419867515564,-0.07502063363790512,0.5183553099632263,0.6776982545852661,-0.07921044528484344,0.5221894979476929,0.6473029851913452,-0.08156585693359375
2233.333333333332,0.4821908175945282,0.8092210292816162,3.761070672680944e-07,0.46106624603271484,0.7651339769363403,-0.00757244136184454,0.4439125657081604,0.7050942182540894,-0.017229462042450905,0.43210482597351074,0.6581161022186279,-0.02551068551838398,0.4114546477794647,0.624180793762207,-0.03464885801076889,0.43720486760139465,0.7192552089691162,-0.04023996740579605,0.43846434354782104,0.6606172919273376,-0.06113138422369957,0.44424811005592346,0.6201182007789612,-0.07223957777023315,0.449444442987442,0.5845328569412231,-0.07914885133504868,0.4556626081466675,0.7353171110153198,-0.047242823988199234,0.4625605642795563,0.6709392666816711,-0.06769964843988419,0.4718910753726959,0.624549388885498,-0.07528682053089142,0.4802955090999603,0.5866153836250305,-0.08057882636785507,0.48040661215782166,0.7512921690940857,-0.053686656057834625,0.48910456895828247,0.6879593729972839,-0.07267545163631439,0.4972859025001526,0.6439415216445923,-0.07748623192310333,0.5028283596038818,0.6082121133804321,-0.07989651709794998,0.5084431171417236,0.7645066380500793,-0.059955839067697525,0.5150400400161743,0.7134811282157898,-0.07539717853069305,0.5189746618270874,0.6777457594871521,-0.07958277314901352,0.5219884514808655,0.6461607813835144,-0.08198267966508865
2266.6666666666656,0.48879918456077576,0.8180680274963379,3.2963188800749776e-07,0.4651414752006531,0.776588499546051,-0.00813970249146223,0.4447155296802521,0.7173230648040771,-0.017222823575139046,0.43266093730926514,0.6688106656074524,-0.0247670765966177,0.41319504380226135,0.6327901482582092,-0.0330229289829731,0.4370943307876587,0.7316272258758545,-0.03878691419959068,0.4392242431640625,0.6749284863471985,-0.058644816279411316,0.44490185379981995,0.6358146071434021,-0.0690743625164032,0.4500267505645752,0.6012909412384033,-0.07569985091686249,0.45657745003700256,0.7467221021652222,-0.04503776505589485,0.4634692966938019,0.6851004958152771,-0.06443271785974503,0.4726690649986267,0.6401817798614502,-0.07163175940513611,0.48115748167037964,0.6037604808807373,-0.07681777328252792,0.4821099638938904,0.7619186043739319,-0.05087205395102501,0.49158039689064026,0.7006763219833374,-0.06956382840871811,0.49986106157302856,0.6584567427635193,-0.07461539655923843,0.5052643418312073,0.6242889165878296,-0.0771743580698967,0.5103477239608765,0.7743808627128601,-0.056574054062366486,0.5170602798461914,0.7240239381790161,-0.07280624657869339,0.521350622177124,0.6899839043617249,-0.07781381905078888,0.5249007940292358,0.6591241359710693,-0.08057963103055954
2299.999999999999,0.4864567220211029,0.824090838432312,3.320003543194616e-07,0.46366482973098755,0.7803661823272705,-0.008638591505587101,0.44373878836631775,0.7215497493743896,-0.017682963982224464,0.43023577332496643,0.6730985641479492,-0.025151152163743973,0.4086354970932007,0.6391023397445679,-0.033246397972106934,0.4365207254886627,0.7389001846313477,-0.03776724636554718,0.43913519382476807,0.6848045587539673,-0.05772773548960686,0.4462973475456238,0.6477777361869812,-0.0682700127363205,0.45297369360923767,0.6153724193572998,-0.07483915239572525,0.455518513917923,0.755220353603363,-0.04369832202792168,0.464268296957016,0.6960126161575317,-0.06290357559919357,0.4736718535423279,0.6539015173912048,-0.06957922875881195,0.4826287627220154,0.6194756627082825,-0.07458283752202988,0.48035159707069397,0.7706034779548645,-0.04948090761899948,0.4921242594718933,0.7111762762069702,-0.06831130385398865,0.5006859302520752,0.6718142628669739,-0.07250415533781052,0.5068566799163818,0.6397951245307922,-0.07457169145345688,0.5072804093360901,0.7829377055168152,-0.0552838034927845,0.5175815224647522,0.735085129737854,-0.07137256860733032,0.523467481136322,0.7027570605278015,-0.07576855272054672,0.527992308139801,0.6733379364013672,-0.0782201811671257
2333.3333333333326,0.512826144695282,0.7598410248756409,-8.636487081048472e-08,0.5017566084861755,0.7323263883590698,-0.00067478371784091,0.4936145544052124,0.7020646333694458,-0.00751096848398447,0.4887467622756958,0.6689712405204773,-0.015466275624930859,0.4859994351863861,0.6479281783103943,-0.02525433525443077,0.4899117946624756,0.690981388092041,-0.014594378881156445,0.47990652918815613,0.6689550876617432,-0.02674148604273796,0.4805019795894623,0.6542033553123474,-0.03677777945995331,0.48554450273513794,0.6337454915046692,-0.04515857249498367,0.5029903650283813,0.7032691836357117,-0.022434061393141747,0.5028948187828064,0.6758080124855042,-0.030008748173713684,0.5085936784744263,0.6582057476043701,-0.03516222909092903,0.5155707001686096,0.6351320743560791,-0.041814085096120834,0.5181358456611633,0.7197461128234863,-0.030302055180072784,0.5211261510848999,0.6927686333656311,-0.038107916712760925,0.5282418131828308,0.6770935654640198,-0.03841821476817131,0.5366331934928894,0.6527489423751831,-0.041115932166576385,0.5314794182777405,0.7407821416854858,-0.03812893107533455,0.5328431129455566,0.7263792157173157,-0.0455581434071064,0.5342345833778381,0.7124479413032532,-0.0449882335960865,0.5383546948432922,0.6892603635787964,-0.046301789581775665,0.4893140196800232,0.8307743072509766,3.0547866458618955e-07,0.46479812264442444,0.7858713269233704,-0.008636527694761753,0.4427224397659302,0.7288627028465271,-0.01755312643945217,0.4278896749019623,0.6820502877235413,-0.025050275027751923,0.406252384185791,0.648921012878418,-0.03294272720813751,0.4363212287425995,0.7475681304931641,-0.03493037819862366,0.4387493431568146,0.6962738633155823,-0.054410554468631744,0.4450576603412628,0.6606349945068359,-0.06486521661281586,0.45062151551246643,0.6289193630218506,-0.07149337232112885,0.45573896169662476,0.7642996907234192,-0.04069375619292259,0.46428391337394714,0.7075352668762207,-0.059416934847831726,0.4732811748981476,0.667493999004364,-0.06590747833251953,0.4816710650920868,0.6343168020248413,-0.07078424096107483,0.4806182384490967,0.7791361808776855,-0.0465531200170517,0.492411732673645,0.7221927642822266,-0.06500186026096344,0.5000779628753662,0.6843240261077881,-0.06852997094392776,0.505161702632904,0.6528266072273254,-0.07018330693244934,0.5075474977493286,0.7906256318092346,-0.052562467753887177,0.5185426473617554,0.7450670599937439,-0.06798151880502701,0.5238906741142273,0.7149115204811096,-0.07189096510410309,0.5272758603096008,0.686913013458252,-0.07410334050655365
2366.666666666666,0.49709200859069824,0.7765339612960815,-6.494948134871947e-09,0.4785696566104889,0.7430437207221985,-0.005923212040215731,0.46312060952186584,0.7108575105667114,-0.017624495550990105,0.454623818397522,0.6788138151168823,-0.028966089710593224,0.44956302642822266,0.6543446183204651,-0.04167436808347702,0.46003106236457825,0.7264536619186401,-0.03466091305017471,0.4522165358066559,0.6977731585502625,-0.05469287559390068,0.45775219798088074,0.6714310646057129,-0.0668288841843605,0.467106431722641,0.6433238387107849,-0.07564656436443329,0.47810840606689453,0.7439233660697937,-0.042348023504018784,0.4750008285045624,0.7056747674942017,-0.05878627300262451,0.4841518700122833,0.6765072345733643,-0.06449484080076218,0.494112491607666,0.6480197906494141,-0.07052133977413177,0.4996113181114197,0.7610824704170227,-0.0499010868370533,0.4991569221019745,0.7242141962051392,-0.06750878691673279,0.5076923966407776,0.6967821717262268,-0.07021065056324005,0.5164589881896973,0.6648014187812805,-0.0725480169057846,0.5227223634719849,0.7787566184997559,-0.057265691459178925,0.5230572819709778,0.7506020665168762,-0.0732283666729927,0.5252329111099243,0.7267836928367615,-0.07619737088680267,0.5291460156440735,0.6946896314620972,-0.07884346693754196,0.49053049087524414,0.8343532085418701,2.9413595825644734e-07,0.4663168787956238,0.787423312664032,-0.00859247986227274,0.4432828724384308,0.7310470938682556,-0.01764020510017872,0.42756474018096924,0.6871749758720398,-0.025443604215979576,0.4054211378097534,0.6566373705863953,-0.03361404687166214,0.435239315032959,0.7519304156303406,-0.034967027604579926,0.43824127316474915,0.7037855982780457,-0.0544818751513958,0.4452057182788849,0.6706089973449707,-0.06512665748596191,0.45152798295021057,0.6415911912918091,-0.07188795506954193,0.4539608061313629,0.7714214324951172,-0.040896810591220856,0.4631804823875427,0.7186731100082397,-0.0600387379527092,0.4727683663368225,0.6794049739837646,-0.06669241935014725,0.48135530948638916,0.6463597416877747,-0.07168169319629669,0.4782058000564575,0.7879682779312134,-0.04699525609612465,0.49015700817108154,0.7343524694442749,-0.06635833531618118,0.49935752153396606,0.6959514021873474,-0.07030919194221497,0.5054922699928284,0.6640450358390808,-0.07205089926719666,0.5046778321266174,0.8004611730575562,-0.05321970954537392,0.5158991813659668,0.7552618384361267,-0.06936538219451904,0.521914005279541,0.7251811623573303,-0.07357193529605865,0.5255149006843567,0.6972286701202393,-0.07590194791555405
2399.9999999999995,0.48180288076400757,0.8235835433006287,3.985283854035515e-07,0.46136122941970825,0.7844545841217041,-0.01303622405976057,0.44062501192092896,0.7350054979324341,-0.024551361799240112,0.4249023199081421,0.6964287161827087,-0.03370660915970802,0.4025276303291321,0.6649923920631409,-0.04345206916332245,0.43546009063720703,0.7564747333526611,-0.044552262872457504,0.43762534856796265,0.7108200788497925,-0.06632929295301437,0.44407376646995544,0.6775539517402649,-0.07730170339345932,0.4507495164871216,0.6490266919136047,-0.08426035940647125,0.4562515318393707,0.7748931646347046,-0.048932019621133804,0.4635482430458069,0.7229279279708862,-0.07069805264472961,0.47292226552963257,0.683707058429718,-0.07759790867567062,0.4812958538532257,0.6527566909790039,-0.08259833604097366,0.48259833455085754,0.790188193321228,-0.0534185953438282,0.4913408160209656,0.7406443953514099,-0.07503020763397217,0.49896085262298584,0.7012036442756653,-0.07893086224794388,0.5028929114341736,0.6691945791244507,-0.08048596233129501,0.5097633600234985,0.8006690144538879,-0.058055128902196884,0.5164119005203247,0.7595729827880859,-0.07666215300559998,0.5198230147361755,0.7274210453033447,-0.08120597898960114,0.521452009677887,0.698097288608551,-0.08354891091585159,0.4867739975452423,0.839587926864624,2.8662100248766365e-07,0.46394211053848267,0.7892284989356995,-0.00855884701013565,0.4425455927848816,0.7338725924491882,-0.017790818586945534,0.427213191986084,0.6927036046981812,-0.02591226063668728,0.40512317419052124,0.6631317734718323,-0.03437323123216629,0.4342271089553833,0.7557773590087891,-0.034640125930309296,0.43854987621307373,0.710871696472168,-0.05466848984360695,0.4455530047416687,0.6793432235717773,-0.06589343398809433,0.45255547761917114,0.6518108248710632,-0.07309836149215698,0.4538394808769226,0.7763926982879639,-0.0407819040119648,0.4637238681316376,0.7255938053131104,-0.060408253222703934,0.4731970429420471,0.6862813234329224,-0.06768032163381577,0.4821682870388031,0.6528377532958984,-0.07324231415987015,0.47844237089157104,0.7942174077033997,-0.0471012219786644,0.49084359407424927,0.7427478432655334,-0.06745665520429611,0.500569224357605,0.7044356465339661,-0.07160559296607971,0.5070151090621948,0.6726768016815186,-0.07334356009960175,0.5046734809875488,0.8078517317771912,-0.05352220684289932,0.5156792402267456,0.7637438774108887,-0.07054413110017776,0.521671712398529,0.7318530082702637,-0.07495103776454926,0.525324285030365,0.7023047804832458,-0.07733369618654251
2433.333333333333,0.5267873406410217,0.7830771207809448,-1.3503926865610083e-08,0.5292209386825562,0.7502783536911011,-0.005497607868164778,0.5329343676567078,0.7083313465118408,-0.012148307636380196,0.5367498397827148,0.6681113243103027,-0.01969229429960251,0.5463945865631104,0.6418691873550415,-0.028691669926047325,0.522484302520752,0.6945202350616455,-0.014078636653721333,0.5157424211502075,0.6675907373428345,-0.02577674575150013,0.5126481652259827,0.6626003980636597,-0.03475528955459595,0.5130391120910645,0.6469246745109558,-0.04284060746431351,0.5217715501785278,0.709200382232666,-0.019287031143903732,0.5240033864974976,0.6811054944992065,-0.028013139963150024,0.5271344780921936,0.6694332957267761,-0.033396851271390915,0.5318887829780579,0.6493885517120361,-0.04001089930534363,0.5218366384506226,0.730951189994812,-0.025469325482845306,0.5269384980201721,0.7024094462394714,-0.03479358181357384,0.5299674868583679,0.6906524896621704,-0.03545965626835823,0.534473180770874,0.671220600605011,-0.037810441106557846,0.5221734046936035,0.7537872791290283,-0.032167259603738785,0.525425374507904,0.7409985661506653,-0.04030083492398262,0.5259299874305725,0.730197548866272,-0.04147401079535484,0.5285153388977051,0.7081905007362366,-0.04410671815276146,0.48747143149375916,0.8385197520256042,3.034389806089166e-07,0.4655248820781708,0.7914888262748718,-0.009902718476951122,0.44357308745384216,0.7352269291877747,-0.01967163383960724,0.4282205402851105,0.6924431324005127,-0.02804834581911564,0.4061095714569092,0.6613624095916748,-0.03666272759437561,0.4345848858356476,0.7579541206359863,-0.03661060705780983,0.43771013617515564,0.7118059992790222,-0.05706678330898285,0.4447539448738098,0.6791235208511353,-0.0682331845164299,0.4517543315887451,0.6504877805709839,-0.07525569200515747,0.4538378119468689,0.7776934504508972,-0.042122479528188705,0.46266400814056396,0.7252057790756226,-0.06221131607890129,0.47268202900886536,0.685757040977478,-0.0692298486828804,0.48240840435028076,0.652961015701294,-0.07437453418970108,0.4784584939479828,0.7940984964370728,-0.04795389249920845,0.4899006187915802,0.7418036460876465,-0.0681881308555603,0.49949806928634644,0.702447772026062,-0.0725279301404953,0.5061987638473511,0.6700984239578247,-0.07431252300739288,0.5050585269927979,0.805838942527771,-0.05402500927448273,0.5150895118713379,0.7601970434188843,-0.0705856904387474,0.5203763842582703,0.7288100719451904,-0.07518774271011353,0.5238227844238281,0.7001350522041321,-0.07778935879468918
2466.6666666666665,0.4859668016433716,0.8400046825408936,2.9667378953490697e-07,0.4644099771976471,0.7908624410629272,-0.010281148366630077,0.44237127900123596,0.7367327213287354,-0.021034792065620422,0.42570531368255615,0.6967242956161499,-0.030246641486883163,0.40314722061157227,0.6665241122245789,-0.039775170385837555,0.4348958730697632,0.7604305744171143,-0.039777304977178574,0.4372558295726776,0.7168799042701721,-0.06184089928865433,0.4436590075492859,0.6851398348808289,-0.0740215852856636,0.4502781629562378,0.6575007438659668,-0.0817391499876976,0.4541507065296173,0.7812657952308655,-0.045535922050476074,0.4631263315677643,0.7308846712112427,-0.06756053119897842,0.47217464447021484,0.6914224624633789,-0.07530158013105392,0.48084428906440735,0.6582780480384827,-0.08100979030132294,0.47861751914024353,0.7986258268356323,-0.05146981403231621,0.49028241634368896,0.7481752038002014,-0.07366614788770676,0.5001323223114014,0.7092522978782654,-0.07800759375095367,0.506946325302124,0.6769371032714844,-0.07966141402721405,0.5048161745071411,0.8115338087081909,-0.05757168307900429,0.5148468017578125,0.7674651145935059,-0.07589327543973923,0.5202456712722778,0.7354379892349243,-0.08080746233463287,0.5237923264503479,0.7057028412818909,-0.08350498229265213
2500.0,0.5134862065315247,0.7974470853805542,2.910389973465044e-08,0.4978194832801819,0.767067015171051,-0.010336490347981453,0.4826629161834717,0.7256978750228882,-0.02238571271300316,0.47423896193504333,0.6857383847236633,-0.03376798331737518,0.47449538111686707,0.6596218943595886,-0.046419497579336166,0.4775051176548004,0.7327144145965576,-0.03157114237546921,0.4614507853984833,0.705662190914154,-0.05055086687207222,0.4614945650100708,0.6871153712272644,-0.0625571459531784,0.4663158357143402,0.6611201763153076,-0.07209224253892899,0.49314597249031067,0.744900107383728,-0.03596530482172966,0.48543089628219604,0.717678964138031,-0.05249004438519478,0.48929843306541443,0.6990394592285156,-0.05829382315278053,0.4949437081813812,0.6744186282157898,-0.06423495709896088,0.5114123821258545,0.7619484066963196,-0.040870726108551025,0.5085844993591309,0.7346422672271729,-0.05691511183977127,0.5107108950614929,0.7181795239448547,-0.05636301264166832,0.5142408609390259,0.6943292617797852,-0.05658138915896416,0.5300745368003845,0.7801716327667236,-0.0463973805308342,0.528132975101471,0.7645770907402039,-0.060066983103752136,0.5270721912384033,0.7493858337402344,-0.06162625178694725,0.5287413597106934,0.7244866490364075,-0.0633203387260437,0.4845063388347626,0.8422994613647461,2.8713319011330896e-07,0.461578905582428,0.7959681749343872,-0.010208365507423878,0.4387666583061218,0.742205023765564,-0.020640527829527855,0.4223800599575043,0.7016104459762573,-0.02949000895023346,0.40058761835098267,0.6710090637207031,-0.03870944306254387,0.4326741695404053,0.7650435566902161,-0.03908993676304817,0.43500077724456787,0.7220945358276367,-0.06045025214552879,0.4404119849205017,0.6907645463943481,-0.07229824364185333,0.4455143213272095,0.6634096503257751,-0.07995612174272537,0.45259323716163635,0.7849920392036438,-0.0447680801153183,0.46188437938690186,0.7355626225471497,-0.0658467710018158,0.46974557638168335,0.6973365545272827,-0.07320445775985718,0.47688597440719604,0.6650302410125732,-0.0788530632853508,0.4773128926753998,0.8019684553146362,-0.050638921558856964,0.48865512013435364,0.7529923319816589,-0.07195673137903214,0.49720272421836853,0.7153192162513733,-0.07592188566923141,0.5025035738945007,0.6836044788360596,-0.07758273184299469,0.5034269094467163,0.8147082328796387,-0.0566977858543396,0.5131836533546448,0.7723278403282166,-0.07461386173963547,0.5183572173118591,0.7414414882659912,-0.07924391329288483,0.5214745402336121,0.712355375289917,-0.08184675872325897
2533.3333333333335,0.48898187279701233,0.8188202977180481,4.1321752064504835e-07,0.46277105808258057,0.7864305377006531,-0.018686650320887566,0.4392094314098358,0.7434206604957581,-0.03285977616906166,0.42289578914642334,0.7077495455741882,-0.043671395629644394,0.4018179178237915,0.6772214770317078,-0.05495179072022438,0.438976913690567,0.7599396705627441,-0.04926258325576782,0.4347217381000519,0.7226020097732544,-0.07381871342658997,0.44015100598335266,0.691600501537323,-0.08847594261169434,0.44506990909576416,0.6649979948997498,-0.09803173691034317,0.46159762144088745,0.7767879962921143,-0.050812505185604095,0.4651344120502472,0.7345741987228394,-0.07613736391067505,0.4719133675098419,0.6975100040435791,-0.08643551915884018,0.47705385088920593,0.6692960858345032,-0.09351366758346558,0.48918023705482483,0.7921973466873169,-0.052735377103090286,0.49292632937431335,0.7515953779220581,-0.07618547230958939,0.4976421892642975,0.7141620516777039,-0.08104139566421509,0.4995840787887573,0.6840980052947998,-0.08307868987321854,0.5159514546394348,0.8025448322296143,-0.05525625869631767,0.5197387933731079,0.7665935754776001,-0.0749504491686821,0.5206285119056702,0.7381085753440857,-0.07939717173576355,0.5204979777336121,0.7111960053443909,-0.08163187652826309,0.48386380076408386,0.8415868282318115,2.751270073986234e-07,0.4626776874065399,0.7929416298866272,-0.009888642467558384,0.4405570924282074,0.7416474223136902,-0.020297104492783546,0.4236305356025696,0.704912006855011,-0.029462380334734917,0.4019773602485657,0.6753348112106323,-0.038879115134477615,0.43246549367904663,0.7648475766181946,-0.03768221661448479,0.43478861451148987,0.7250133752822876,-0.05954254791140556,0.439910888671875,0.6950792074203491,-0.07180257886648178,0.4451512396335602,0.6681287884712219,-0.07968591898679733,0.45152899622917175,0.7856766581535339,-0.043750301003456116,0.4601099491119385,0.7400814294815063,-0.06582427024841309,0.46792784333229065,0.7024257183074951,-0.07394363731145859,0.4750443398952484,0.6693247556686401,-0.07979916036128998,0.47586432099342346,0.8031066656112671,-0.05007736384868622,0.4871422052383423,0.7567539215087891,-0.0729551911354065,0.49651604890823364,0.7192976474761963,-0.07746311277151108,0.5022403597831726,0.6870328187942505,-0.07896199822425842,0.5022245645523071,0.816017746925354,-0.05654962360858917,0.5123354196548462,0.7738709449768066,-0.07564524561166763,0.5175641775131226,0.7426466941833496,-0.08065915107727051,0.5203434228897095,0.7129497528076172,-0.08322352916002274
2566.666666666667,0.524206817150116,0.7957452535629272,-7.273902014048872e-08,0.5439201593399048,0.7654149532318115,-0.008418245241045952,0.5634956955909729,0.7256267070770264,-0.016125721856951714,0.5760370492935181,0.6839690208435059,-0.024422502145171165,0.5931687951087952,0.6556335091590881,-0.033714041113853455,0.5470935106277466,0.709818422794342,-0.013811435550451279,0.5478127598762512,0.6829430460929871,-0.026154164224863052,0.5450142621994019,0.6788423657417297,-0.0356106236577034,0.5446457266807556,0.6661440134048462,-0.04354723170399666,0.5344704389572144,0.7249500155448914,-0.01764986850321293,0.5361353754997253,0.6996616721153259,-0.026208339259028435,0.5342740416526794,0.6896269917488098,-0.03107021376490593,0.5331138968467712,0.672440767288208,-0.037248264998197556,0.5233219861984253,0.7440778017044067,-0.022970212623476982,0.5248695015907288,0.7194380760192871,-0.030980752781033516,0.5239541530609131,0.7104535698890686,-0.029420917853713036,0.5237484574317932,0.6941233277320862,-0.030512258410453796,0.512531578540802,0.7636801600456238,-0.02936282567679882,0.513373076915741,0.750968873500824,-0.035966113209724426,0.5129735469818115,0.7410684823989868,-0.035451650619506836,0.5139053463935852,0.7210471034049988,-0.03687237948179245,0.4833866357803345,0.8403663039207458,2.818775897139858e-07,0.4615503251552582,0.7939332723617554,-0.009640771895647049,0.43929463624954224,0.7426415085792542,-0.019940553233027458,0.4228142499923706,0.7053350806236267,-0.028954366222023964,0.4014362394809723,0.675788938999176,-0.03822080418467522,0.4317484498023987,0.764816403388977,-0.03741712123155594,0.4336879849433899,0.7254870533943176,-0.058808546513319016,0.43837758898735046,0.6958449482917786,-0.07085917145013809,0.4432893395423889,0.6693486571311951,-0.07871532440185547,0.45086154341697693,0.7851737141609192,-0.04355086758732796,0.4593612551689148,0.7401941418647766,-0.06506311148405075,0.4669300317764282,0.7033300995826721,-0.07295320183038712,0.4740571081638336,0.6710894107818604,-0.0787988230586052,0.4752461910247803,0.802690863609314,-0.049888331443071365,0.4864819347858429,0.7568367719650269,-0.07219312340021133,0.4955831468105316,0.7204301357269287,-0.07645802944898605,0.5012729167938232,0.6892154216766357,-0.07799360156059265,0.5016396641731262,0.8157402873039246,-0.05635378882288933,0.5121041536331177,0.774573564529419,-0.07513964176177979,0.5176670551300049,0.7437392473220825,-0.0800466537475586,0.5208194851875305,0.714217483997345,-0.08263396471738815
2600.0000000000005,0.5440798401832581,0.8080086708068848,8.305384824325301e-08,0.5708316564559937,0.7741966247558594,-0.014192795380949974,0.5928623080253601,0.7260884046554565,-0.024168426170945168,0.607610285282135,0.6863300800323486,-0.031856514513492584,0.6236317157745361,0.6599759459495544,-0.04138467460870743,0.5988028049468994,0.7483373284339905,-0.04069587215781212,0.5989764928817749,0.7088634371757507,-0.060684990137815475,0.5906806588172913,0.681549608707428,-0.07288971543312073,0.5806916952133179,0.6581907272338867,-0.0812031552195549,0.5759983062744141,0.7608255743980408,-0.04358312860131264,0.5732771158218384,0.7198577523231506,-0.06279724091291428,0.563766598701477,0.6856013536453247,-0.07381598651409149,0.5550801157951355,0.6571881771087646,-0.08317036926746368,0.550708532333374,0.7752091884613037,-0.046771157532930374,0.5482181906700134,0.7391176223754883,-0.06457146257162094,0.5434414148330688,0.706995964050293,-0.07279462367296219,0.5398178100585938,0.6804273128509521,-0.07902012765407562,0.5255443453788757,0.7889264822006226,-0.05035705119371414,0.5244863033294678,0.761222243309021,-0.06655675917863846,0.52241450548172,0.739429771900177,-0.07332822680473328,0.5203436613082886,0.7179437875747681,-0.07850998640060425,0.4823251962661743,0.8396952748298645,2.896724140555307e-07,0.4608971178531647,0.7930656671524048,-0.010415089316666126,0.43859997391700745,0.743147611618042,-0.021804703399538994,0.4222787320613861,0.7070906758308411,-0.03177530691027641,0.40140843391418457,0.6773540377616882,-0.04201667010784149,0.4317316710948944,0.7663158178329468,-0.04096834361553192,0.4335358142852783,0.7273408770561218,-0.06410795450210571,0.437876433134079,0.6980185508728027,-0.07718191295862198,0.4422057569026947,0.6715425848960876,-0.08562561124563217,0.4509892463684082,0.7875829935073853,-0.04724855720996857,0.45894381403923035,0.7426376938819885,-0.07084108144044876,0.46604129672050476,0.7057056427001953,-0.07957053929567337,0.4723498225212097,0.6731583476066589,-0.08583671599626541,0.4751410186290741,0.8048522472381592,-0.05362653732299805,0.4862216114997864,0.7587555646896362,-0.0777040496468544,0.4955728054046631,0.7220584750175476,-0.0821567177772522,0.5009873509407043,0.6904370188713074,-0.08360301703214645,0.5008983612060547,0.8173081278800964,-0.060133714228868484,0.511824369430542,0.7757462859153748,-0.08006645739078522,0.5176249146461487,0.7444941997528076,-0.08508720248937607,0.5206942558288574,0.7145884037017822,-0.08764719218015671
2633.333333333334,0.5259132385253906,0.7851268649101257,-5.547610015810278e-08,0.554017186164856,0.7640200257301331,-0.010139540769159794,0.579008936882019,0.7257389426231384,-0.018384987488389015,0.5940857529640198,0.6852529048919678,-0.026711706072092056,0.6146500706672668,0.6586784720420837,-0.03614462539553642,0.557829737663269,0.7093899846076965,-0.01865351013839245,0.5643953084945679,0.6846988201141357,-0.03381061553955078,0.5656772255897522,0.6852694153785706,-0.04406173899769783,0.5664336085319519,0.6795673966407776,-0.05161474645137787,0.5358760356903076,0.7178371548652649,-0.02110244333744049,0.5433293581008911,0.6927212476730347,-0.03152059391140938,0.5454304218292236,0.6901864409446716,-0.035543959587812424,0.5456891655921936,0.6796877384185791,-0.04064013808965683,0.517177402973175,0.7319920063018799,-0.025212518870830536,0.5219174027442932,0.7069448828697205,-0.03496528044342995,0.5233331322669983,0.7065433263778687,-0.033531155437231064,0.5239353775978088,0.6989468336105347,-0.03429079428315163,0.500545084476471,0.7491494417190552,-0.030362550169229507,0.5024781227111816,0.7345883846282959,-0.037111856043338776,0.5040141940116882,0.7353225946426392,-0.035947199910879135,0.5055409669876099,0.7265034914016724,-0.036820992827415466,0.4820510447025299,0.8390030860900879,3.0420471830439055e-07,0.4611530005931854,0.7920140624046326,-0.010872446931898594,0.4390302300453186,0.7421598434448242,-0.022473467513918877,0.4224616587162018,0.7064661979675293,-0.03258270397782326,0.4012112319469452,0.677651047706604,-0.04296104609966278,0.43165940046310425,0.7661788463592529,-0.04171393811702728,0.4331377446651459,0.7264050841331482,-0.06522644311189651,0.4377308487892151,0.6967364549636841,-0.07853741943836212,0.442626416683197,0.6706978678703308,-0.08706021308898926,0.4509412944316864,0.7876838445663452,-0.047786518931388855,0.458686500787735,0.7422710657119751,-0.07189019024372101,0.46641889214515686,0.7045842409133911,-0.08083038777112961,0.4736350476741791,0.6720713376998901,-0.0871192067861557,0.4751691222190857,0.8049667477607727,-0.05400162935256958,0.4858582019805908,0.7585123777389526,-0.07851787656545639,0.49510255455970764,0.7211305499076843,-0.08328679949045181,0.5008231997489929,0.6895459890365601,-0.08483080565929413,0.5008567571640015,0.81736820936203,-0.0603613555431366,0.511763334274292,0.7756355404853821,-0.08074086904525757,0.517632246017456,0.7441916465759277,-0.086040198802948,0.5209970474243164,0.7145989537239075,-0.08868539333343506
2666.6666666666674,0.5484691858291626,0.8025370240211487,7.368125665152547e-08,0.5736944675445557,0.7712157964706421,-0.013761037029325962,0.5948084592819214,0.7250667214393616,-0.022897569462656975,0.6091945171356201,0.6862291693687439,-0.02994411066174507,0.6248632669448853,0.6605858206748962,-0.038916587829589844,0.5975769758224487,0.7455893754959106,-0.037728749215602875,0.5988643765449524,0.7076704502105713,-0.05662466958165169,0.5915954113006592,0.6812772750854492,-0.06856166571378708,0.5824570059776306,0.6586974263191223,-0.07676555961370468,0.5740264654159546,0.7563957571983337,-0.040304750204086304,0.5731794238090515,0.7172195911407471,-0.058373019099235535,0.565194308757782,0.6841761469841003,-0.06957713514566422,0.5575191378593445,0.6573103666305542,-0.07909122109413147,0.5494542717933655,0.7701175808906555,-0.04320419207215309,0.5479121804237366,0.7358728647232056,-0.060141824185848236,0.5433648228645325,0.705425500869751,-0.06892769038677216,0.5397111773490906,0.6801233887672424,-0.07557708024978638,0.5264332294464111,0.7840341329574585,-0.046459902077913284,0.5237999558448792,0.757185161113739,-0.06212505325675011,0.520501971244812,0.7369314432144165,-0.06904450803995132,0.5174762606620789,0.7172836661338806,-0.07427865266799927,0.4843791127204895,0.7920178771018982,-4.139355169741066e-08,0.46356281638145447,0.7538156509399414,-0.008444638922810555,0.44329744577407837,0.7256723642349243,-0.020193878561258316,0.4306371212005615,0.6975624561309814,-0.030952351167798042,0.4210798740386963,0.6753110289573669,-0.04238416999578476,0.44346097111701965,0.7587248086929321,-0.0355769507586956,0.4389767050743103,0.7295879125595093,-0.05583900213241577,0.4417230784893036,0.7014151811599731,-0.06880117207765579,0.4472944140434265,0.6708620190620422,-0.07777856290340424,0.46563318371772766,0.781365156173706,-0.04072871804237366,0.4643557071685791,0.7367844581604004,-0.05611317977309227,0.4718751013278961,0.7056103944778442,-0.06116596609354019,0.48063012957572937,0.6755750775337219,-0.06719731539487839,0.4901631772518158,0.797836422920227,-0.045951761305332184,0.4903167486190796,0.7567484378814697,-0.06366319209337234,0.49763259291648865,0.7273228764533997,-0.06634105741977692,0.5043883919715881,0.6966754198074341,-0.0682133138179779,0.5162693858146667,0.8110911250114441,-0.051185041666030884,0.5187059640884399,0.7764148712158203,-0.06683081388473511,0.5199577808380127,0.7505900859832764,-0.06963641941547394,0.5215144157409668,0.7192814946174622,-0.07213074713945389
2700.000000000001,0.5645387768745422,0.8316834568977356,-1.4900571443376975e-07,0.5803470611572266,0.7846150398254395,-0.006853012368083,0.5949667692184448,0.7312686443328857,-0.015166577883064747,0.6057910919189453,0.688319742679596,-0.023059742525219917,0.6240882873535156,0.6591224670410156,-0.03292069584131241,0.6091597676277161,0.7542749047279358,-0.029041485860943794,0.6027461886405945,0.7098202705383301,-0.047572940587997437,0.5945672392845154,0.6803941130638123,-0.06019582226872444,0.5860307812690735,0.6558448076248169,-0.06862436234951019,0.5934012532234192,0.7750934362411499,-0.03508878871798515,0.5818026661872864,0.7208928465843201,-0.05123592168092728,0.5705438852310181,0.6843219995498657,-0.059832070022821426,0.5585859417915344,0.656012237071991,-0.06805972009897232,0.5719000101089478,0.7938311100006104,-0.0413534939289093,0.5591042637825012,0.7430034279823303,-0.05677270516753197,0.5502193570137024,0.7069255709648132,-0.0620269775390625,0.5422176122665405,0.6781517267227173,-0.06672247499227524,0.5480945706367493,0.8077925443649292,-0.047540850937366486,0.5388502478599548,0.7692625522613525,-0.06182967126369476,0.5352113246917725,0.7417887449264526,-0.06695728003978729,0.5308123230934143,0.7181659936904907,-0.07099221646785736,0.48975956439971924,0.8166952729225159,1.8166430137966927e-08,0.46779686212539673,0.7781515717506409,-0.010189861059188843,0.44834139943122864,0.738614559173584,-0.021615076810121536,0.43684160709381104,0.7013017535209656,-0.032272595912218094,0.42989087104797363,0.6731127500534058,-0.04324799403548241,0.44876396656036377,0.7591478228569031,-0.03454996645450592,0.44035375118255615,0.7253733277320862,-0.05549263581633568,0.44419410824775696,0.6989223957061768,-0.06774316728115082,0.45040854811668396,0.6695665121078491,-0.07615954428911209,0.4692780077457428,0.7773765921592712,-0.03999714553356171,0.466548889875412,0.7361981868743896,-0.058655451983213425,0.4743790030479431,0.7055369019508362,-0.06591998040676117,0.4827916622161865,0.6765217781066895,-0.07226119190454483,0.4936603903770447,0.7937988638877869,-0.0458708256483078,0.49349990487098694,0.7551262974739075,-0.06612619757652283,0.5014351010322571,0.7248635292053223,-0.0713484063744545,0.5075238347053528,0.6933202147483826,-0.07421313226222992,0.5199585556983948,0.8089198470115662,-0.051886677742004395,0.5226144790649414,0.7749820947647095,-0.06930923461914062,0.5252755284309387,0.7485851049423218,-0.07406623661518097,0.5274576544761658,0.7170329689979553,-0.07732920348644257
2733.3333333333344,0.5682353973388672,0.8316721320152283,-1.1796890930781956e-07,0.5845329761505127,0.7836512923240662,-0.008233720436692238,0.5983608365058899,0.7299515008926392,-0.016759315505623817,0.6083576679229736,0.6859716773033142,-0.024409733712673187,0.6268612742424011,0.657200276851654,-0.03389139473438263,0.6106630563735962,0.7552540302276611,-0.03017929568886757,0.6044310927391052,0.7116940021514893,-0.04857625067234039,0.5956279039382935,0.682338297367096,-0.061637017875909805,0.586150586605072,0.6570383310317993,-0.07080566138029099,0.5948376059532166,0.7770345211029053,-0.03579086810350418,0.5835010409355164,0.7237408757209778,-0.051840510219335556,0.5710178017616272,0.6860092878341675,-0.06129288300871849,0.5574420094490051,0.6556631326675415,-0.07059232890605927,0.5739090442657471,0.7971325516700745,-0.04168001189827919,0.5610745549201965,0.7457348704338074,-0.05656702071428299,0.5511577725410461,0.7082924246788025,-0.06262853741645813,0.541998028755188,0.6776897311210632,-0.06837496161460876,0.5509235262870789,0.8128661513328552,-0.047661203891038895,0.5400021076202393,0.7744755744934082,-0.0617641806602478,0.5356736779212952,0.745053768157959,-0.06780018657445908,0.5311557650566101,0.719104528427124,-0.07294584065675735,0.4861295819282532,0.8408990502357483,3.460135644672846e-07,0.4635566771030426,0.7981218695640564,-0.012078560888767242,0.44022855162620544,0.7476259469985962,-0.02409888245165348,0.42329931259155273,0.707898736000061,-0.03400773927569389,0.40206247568130493,0.6754023432731628,-0.04416237771511078,0.43303579092025757,0.7704048752784729,-0.04392084851861,0.4325625002384186,0.7283457517623901,-0.06725478917360306,0.43723735213279724,0.6953651309013367,-0.08027495443820953,0.442831814289093,0.6667518019676208,-0.08866464346647263,0.45382407307624817,0.7893929481506348,-0.04929822310805321,0.4609551429748535,0.7415244579315186,-0.07335539162158966,0.4699965715408325,0.703125536441803,-0.08204035460948944,0.47851496934890747,0.6716810464859009,-0.08805470913648605,0.4801151752471924,0.8051759004592896,-0.05467566102743149,0.48973584175109863,0.755986750125885,-0.07836545258760452,0.4983425438404083,0.7180349230766296,-0.08284314721822739,0.5034958124160767,0.6865943670272827,-0.08441829681396484,0.5075029134750366,0.8162814378738403,-0.060226235538721085,0.5157774090766907,0.7745408415794373,-0.08037952333688736,0.5205088257789612,0.7430583238601685,-0.08557599037885666,0.5234563946723938,0.7129905223846436,-0.08806198090314865
2766.666666666668,0.5649657845497131,0.8302596807479858,-1.1114701692349627e-07,0.5833254456520081,0.7833041548728943,-0.007830998860299587,0.5983542799949646,0.7299681901931763,-0.01615554466843605,0.6088876128196716,0.685085117816925,-0.023613443598151207,0.6282414197921753,0.6551333069801331,-0.03300856798887253,0.6111820936203003,0.7569045424461365,-0.02973358705639839,0.6059097051620483,0.7127084136009216,-0.04725172370672226,0.5979354977607727,0.6822547912597656,-0.059545230120420456,0.5895899534225464,0.6557559967041016,-0.06839403510093689,0.5947313904762268,0.7777884006500244,-0.03536888211965561,0.5848477482795715,0.7241367697715759,-0.05077678710222244,0.573348879814148,0.6858945488929749,-0.060304801911115646,0.5610142350196838,0.6546467542648315,-0.06980036944150925,0.5733856558799744,0.7969697713851929,-0.041138578206300735,0.5619111061096191,0.7451921105384827,-0.055712711066007614,0.5527018308639526,0.7069613933563232,-0.062291715294122696,0.5445048809051514,0.6753619313240051,-0.06847880035638809,0.5500630140304565,0.8118216395378113,-0.04688803106546402,0.5401403307914734,0.7731693387031555,-0.06089351698756218,0.5362622141838074,0.7438098788261414,-0.06728298962116241,0.532346248626709,0.7175869941711426,-0.0727631226181984,0.49043095111846924,0.8244451284408569,-1.7215921133129086e-08,0.4682850241661072,0.7825007438659668,-0.005796169862151146,0.45077186822891235,0.7371820211410522,-0.014434206299483776,0.44222399592399597,0.697485089302063,-0.022953636944293976,0.43734538555145264,0.6712692379951477,-0.03183259442448616,0.45002564787864685,0.7530041933059692,-0.02662782557308674,0.4441136121749878,0.7198676466941833,-0.04517858475446701,0.44736963510513306,0.6945292949676514,-0.056030768901109695,0.45284804701805115,0.6657615900039673,-0.06366150826215744,0.4689484238624573,0.7705832123756409,-0.03328845277428627,0.4687346816062927,0.7282477617263794,-0.04881962761282921,0.4768012762069702,0.699923038482666,-0.05448295548558235,0.48557552695274353,0.6725898385047913,-0.0598432794213295,0.4923821687698364,0.7880287766456604,-0.04031667485833168,0.4944738447666168,0.7466691732406616,-0.05848585441708565,0.5024663805961609,0.7208257913589478,-0.06288590282201767,0.5086159706115723,0.6920007467269897,-0.06526795774698257,0.5183308124542236,0.8061718344688416,-0.047131769359111786,0.5225202441215515,0.7704240083694458,-0.0632396712899208,0.5254172086715698,0.7455540299415588,-0.06757258623838425,0.5279739499092102,0.7146079540252686,-0.07057767361402512
2800.0000000000014,0.5289889574050903,0.7994208931922913,-4.4867576320939406e-08,0.5293996334075928,0.7664560675621033,-0.007551521062850952,0.5339807868003845,0.7204859852790833,-0.015862712636590004,0.5420140027999878,0.6762604117393494,-0.024171913042664528,0.5562924146652222,0.6498773097991943,-0.03363245725631714,0.519963264465332,0.7220735549926758,-0.023220032453536987,0.5070157051086426,0.6933761239051819,-0.037421293556690216,0.5008146166801453,0.6843742728233337,-0.04635174944996834,0.49950823187828064,0.6649543046951294,-0.05422445386648178,0.5227134823799133,0.7358878254890442,-0.027945831418037415,0.5195879340171814,0.7048854827880859,-0.0400049053132534,0.5202109217643738,0.6906070113182068,-0.045756224542856216,0.5230730772018433,0.6671666502952576,-0.05232423171401024,0.5272409319877625,0.7545489072799683,-0.03323116526007652,0.5292478799819946,0.7234776616096497,-0.045216768980026245,0.5300660133361816,0.7104118466377258,-0.04629044607281685,0.5320923328399658,0.6894391775131226,-0.048612162470817566,0.5320843458175659,0.7739754915237427,-0.03904756158590317,0.5336654782295227,0.7586861848831177,-0.04933479428291321,0.5322443246841431,0.7470309734344482,-0.051749177277088165,0.5326429605484009,0.7245472073554993,-0.05505213141441345,0.49018070101737976,0.8383466005325317,3.34633853071864e-07,0.4671022593975067,0.8012932538986206,-0.012190253473818302,0.44330325722694397,0.7502323389053345,-0.02273654006421566,0.42689886689186096,0.7081770300865173,-0.03111043944954872,0.4056116044521332,0.6753469705581665,-0.0396156869828701,0.4393378794193268,0.7696186900138855,-0.040738463401794434,0.4378640055656433,0.7255750298500061,-0.0619797520339489,0.4418167769908905,0.6925280690193176,-0.07356532663106918,0.44644784927368164,0.6631256937980652,-0.0809837281703949,0.45913589000701904,0.7874151468276978,-0.044960688799619675,0.4656529128551483,0.7367033362388611,-0.06607206910848618,0.4748830199241638,0.6984887719154358,-0.07384779304265976,0.48366957902908325,0.6670311689376831,-0.07926806062459946,0.4846748113632202,0.8025059103965759,-0.0492793507874012,0.493476003408432,0.7529394626617432,-0.07015548646450043,0.5017247796058655,0.7143890261650085,-0.07453001290559769,0.5071393847465515,0.6822219491004944,-0.07614511996507645,0.5113274455070496,0.8130835890769958,-0.0538138709962368,0.5189640522003174,0.7694721221923828,-0.07154188305139542,0.5233029723167419,0.7387458086013794,-0.076140858232975,0.5264894366264343,0.7099593877792358,-0.07836616039276123
2833.333333333335,0.48728036880493164,0.8413857817649841,3.0227013780859124e-07,0.4661572277545929,0.7963749170303345,-0.01003460306674242,0.4446881413459778,0.743578314781189,-0.020409639924764633,0.4286482334136963,0.7039917707443237,-0.029305992648005486,0.40701359510421753,0.6738427877426147,-0.03861302509903908,0.43771660327911377,0.7666310667991638,-0.03907913342118263,0.43864762783050537,0.7246564626693726,-0.06030263379216194,0.44357573986053467,0.693099856376648,-0.07213515788316727,0.44879797101020813,0.6658980846405029,-0.07982229441404343,0.45753470063209534,0.7858965396881104,-0.04490622133016586,0.46529924869537354,0.7385342121124268,-0.06639645993709564,0.47394973039627075,0.6991420984268188,-0.0743037611246109,0.4823906719684601,0.66599041223526,-0.0801980048418045,0.4824250340461731,0.8021846413612366,-0.05080641433596611,0.4928136169910431,0.7541614174842834,-0.07285919040441513,0.5021036267280579,0.7155383825302124,-0.07758806645870209,0.5083234310150146,0.6835724115371704,-0.07957416027784348,0.5087587833404541,0.8141487240791321,-0.05677534639835358,0.5188592076301575,0.7717083096504211,-0.07532446831464767,0.524573564529419,0.7400788068771362,-0.08034218102693558,0.5282858610153198,0.7108973860740662,-0.0830761045217514
2866.6666666666683,0.532654881477356,0.8019636273384094,-3.5841452028506637e-09,0.5622509121894836,0.7750170230865479,-0.007117650005966425,0.5899982452392578,0.7325105667114258,-0.013116932474076748,0.6063359379768372,0.6871838569641113,-0.019469738006591797,0.6275109052658081,0.6589202880859375,-0.027057239785790443,0.572401225566864,0.7190704941749573,-0.01400478184223175,0.5798617005348206,0.6832217574119568,-0.027598649263381958,0.5792636275291443,0.6726007461547852,-0.037553466856479645,0.577795147895813,0.6588027477264404,-0.045092061161994934,0.5526766777038574,0.7258712649345398,-0.017909901216626167,0.561767041683197,0.6934996247291565,-0.027518080547451973,0.5621296763420105,0.6774212121963501,-0.03334734961390495,0.5621978044509888,0.6563500761985779,-0.03940969705581665,0.5342205166816711,0.7388774752616882,-0.02312491461634636,0.5406392216682434,0.7082299590110779,-0.031737327575683594,0.5434900522232056,0.6934302449226379,-0.031329527497291565,0.5468699932098389,0.6744269132614136,-0.032755859196186066,0.5148763060569763,0.7543452978134155,-0.02915174327790737,0.5160155296325684,0.7359980940818787,-0.03571886196732521,0.5176848769187927,0.7256197333335876,-0.0348113514482975,0.5210253000259399,0.7075936794281006,-0.035574011504650116,0.4900979995727539,0.8397676348686218,2.971994774725317e-07,0.4680785536766052,0.7954831123352051,-0.0108867222443223,0.44633156061172485,0.7425310015678406,-0.021956807002425194,0.4306139349937439,0.7031567692756653,-0.0312778502702713,0.41115134954452515,0.6713722944259644,-0.0407891571521759,0.4411793351173401,0.766591489315033,-0.04228581115603447,0.44320496916770935,0.721696138381958,-0.06447027623653412,0.44850829243659973,0.6908835768699646,-0.07629039138555527,0.4544738531112671,0.6648285388946533,-0.08386283367872238,0.4616659879684448,0.7867750525474548,-0.04785986617207527,0.4707528352737427,0.7370221614837646,-0.07043822109699249,0.47911307215690613,0.6977633833885193,-0.07870382070541382,0.4870409667491913,0.6647348999977112,-0.08475077152252197,0.4868535101413727,0.8031657338142395,-0.05336502194404602,0.4993583559989929,0.7529503107070923,-0.07641647756099701,0.5080472826957703,0.7137520909309387,-0.08152133226394653,0.512973427772522,0.6806636452674866,-0.08372276276350021,0.5135398507118225,0.814628005027771,-0.0589153990149498,0.5254582166671753,0.7714751958847046,-0.07831540703773499,0.5310196876525879,0.7406004667282104,-0.0837184488773346,0.5337049961090088,0.7115530967712402,-0.08672194182872772
2900.000000000002,0.5471501350402832,0.8158343434333801,1.0999452904059126e-08,0.5747783780097961,0.7795414924621582,-0.009098881855607033,0.5979339480400085,0.730487048625946,-0.017180146649479866,0.6120402216911316,0.6866170763969421,-0.02380364015698433,0.6306321620941162,0.6565718650817871,-0.032329704612493515,0.6084995269775391,0.7502474784851074,-0.03472162410616875,0.6114320755004883,0.7072758674621582,-0.05233040079474449,0.6054936647415161,0.6772032380104065,-0.0629541277885437,0.5965633392333984,0.6500458121299744,-0.07058438658714294,0.5893746018409729,0.7636839151382446,-0.039947260171175,0.5902286767959595,0.7166564464569092,-0.05652596056461334,0.5818859338760376,0.6799883246421814,-0.0658910945057869,0.5716351270675659,0.6488649845123291,-0.07442764192819595,0.5660666823387146,0.7801730036735535,-0.04498162120580673,0.5649897456169128,0.7382338047027588,-0.06079035624861717,0.5605484247207642,0.7028836011886597,-0.06711471080780029,0.5560259222984314,0.67265385389328,-0.07236010581254959,0.5402754545211792,0.7961135506629944,-0.049929313361644745,0.5403533577919006,0.7648265957832336,-0.06464721262454987,0.5393767356872559,0.7403050065040588,-0.07008837163448334,0.5375250577926636,0.7162243723869324,-0.07453081011772156,0.49247655272483826,0.8401317000389099,2.970663217638503e-07,0.4703006446361542,0.7970173358917236,-0.010558054782450199,0.4476066827774048,0.7433856129646301,-0.020693153142929077,0.43115270137786865,0.7028892040252686,-0.028980815783143044,0.41027316451072693,0.6716318726539612,-0.037439003586769104,0.44328126311302185,0.7656662464141846,-0.04009551182389259,0.4446015954017639,0.720704972743988,-0.061022114008665085,0.45020705461502075,0.6890458464622498,-0.07218935340642929,0.4564770460128784,0.6620433330535889,-0.07933669537305832,0.46369561553001404,0.7846379280090332,-0.045132964849472046,0.47285157442092896,0.7340619564056396,-0.06610818952322006,0.48138368129730225,0.6951731443405151,-0.07358988374471664,0.48987656831741333,0.6627207398414612,-0.07918838411569595,0.4886512756347656,0.8001075983047485,-0.05012797191739082,0.5009675025939941,0.7494717240333557,-0.07144524902105331,0.5097606778144836,0.7113692164421082,-0.07590389996767044,0.5154202580451965,0.6796749830245972,-0.07784143835306168,0.5147690773010254,0.8112858533859253,-0.055208202451467514,0.5265576839447021,0.7682181000709534,-0.07325579971075058,0.5325607657432556,0.737808346748352,-0.07813889533281326,0.5361566543579102,0.7093493342399597,-0.08081289380788803
2933.3333333333353,0.5345931649208069,0.7911022305488586,-6.74327864658153e-08,0.5321990847587585,0.7538459897041321,-0.002202174160629511,0.5314144492149353,0.7154181599617004,-0.007124236784875393,0.5332200527191162,0.6750335693359375,-0.013438688591122627,0.546970784664154,0.6509784460067749,-0.02100890874862671,0.5252297520637512,0.7123889327049255,-0.007507930509746075,0.5133127570152283,0.6833120584487915,-0.018593305721879005,0.5081605315208435,0.6737021207809448,-0.027737265452742577,0.5089966654777527,0.6564805507659912,-0.03537105768918991,0.5311149954795837,0.7266746759414673,-0.013046128675341606,0.5311918258666992,0.6939529180526733,-0.0194952804595232,0.5338348746299744,0.6807761192321777,-0.02313205413520336,0.5385785102844238,0.6625000834465027,-0.028111878782510757,0.5374619364738464,0.7458217740058899,-0.019494108855724335,0.5421971678733826,0.7138746976852417,-0.02614680305123329,0.5454057455062866,0.7018522024154663,-0.023868799209594727,0.5496140122413635,0.6842889785766602,-0.023928916081786156,0.5416075587272644,0.7673879861831665,-0.026479369029402733,0.5436269044876099,0.7526494860649109,-0.031984247267246246,0.5431240200996399,0.7392327189445496,-0.03074697032570839,0.544602632522583,0.7177566289901733,-0.031232919543981552,0.49537351727485657,0.8418328166007996,2.992244105826103e-07,0.47280675172805786,0.7980396747589111,-0.010815635323524475,0.4492224156856537,0.7434258460998535,-0.02074270136654377,0.43259379267692566,0.7018940448760986,-0.028851132839918137,0.41196200251579285,0.6697564125061035,-0.0370730459690094,0.44548991322517395,0.7662739753723145,-0.03905448317527771,0.4467165470123291,0.7212043404579163,-0.05996234342455864,0.4520486891269684,0.6882862448692322,-0.07125519216060638,0.45787033438682556,0.6598304510116577,-0.07844550162553787,0.46560800075531006,0.7845973968505859,-0.04390115290880203,0.47455158829689026,0.7339738011360168,-0.0648936778306961,0.4833168685436249,0.6943140029907227,-0.07247037440538406,0.4917621612548828,0.6611089706420898,-0.07802693545818329,0.49041780829429626,0.7993701100349426,-0.04882906377315521,0.5022164583206177,0.7489151954650879,-0.07004197686910629,0.5116005539894104,0.710417628288269,-0.07443547993898392,0.5178406238555908,0.6787592172622681,-0.07615295797586441,0.5165255665779114,0.8098397254943848,-0.05393220856785774,0.5271782875061035,0.7661985158920288,-0.0715249702334404,0.5330239534378052,0.7356749773025513,-0.07618658244609833,0.5367621779441833,0.707287073135376,-0.07868028432130814
2966.666666666669,0.5345872044563293,0.7786223888397217,-3.6561296212767047e-09,0.5173979997634888,0.754649817943573,-0.0009898403659462929,0.5019039511680603,0.7292894124984741,-0.005438398569822311,0.49047303199768066,0.7054955959320068,-0.01031593605875969,0.4825645089149475,0.6901578903198242,-0.015487143769860268,0.50465327501297,0.7264090180397034,-0.011081142351031303,0.4932969808578491,0.719720184803009,-0.022935306653380394,0.49225538969039917,0.7113812565803528,-0.03100879117846489,0.49397432804107666,0.6951345801353455,-0.03641200065612793,0.5196970701217651,0.7335643172264099,-0.01556908804923296,0.5128893852233887,0.7225877642631531,-0.024165647104382515,0.5130704045295715,0.7097254991531372,-0.026980895549058914,0.51513671875,0.6891039609909058,-0.02922031842172146,0.5358449220657349,0.7435793280601501,-0.02042282186448574,0.5317294597625732,0.7282703518867493,-0.027518324553966522,0.5309962034225464,0.7164514660835266,-0.026277903467416763,0.5329055190086365,0.699258029460907,-0.025415079668164253,0.551540195941925,0.7542491555213928,-0.02539064921438694,0.5506373643875122,0.7437370419502258,-0.03169379383325577,0.5479417443275452,0.7337098717689514,-0.031176311895251274,0.5479152798652649,0.718149721622467,-0.030297810211777687,0.4974772334098816,0.8422740697860718,2.9929017841823224e-07,0.47412022948265076,0.7983915209770203,-0.010429822839796543,0.450397253036499,0.7426091432571411,-0.020044559612870216,0.4341081380844116,0.7000178694725037,-0.02784842811524868,0.4139503538608551,0.6676256656646729,-0.03574188053607941,0.44659170508384705,0.7657363414764404,-0.03818606212735176,0.44860512018203735,0.7203007936477661,-0.058307453989982605,0.4540712833404541,0.6871550679206848,-0.06905218213796616,0.45989328622817993,0.658332109451294,-0.0759439766407013,0.467033326625824,0.7836006283760071,-0.04303579032421112,0.47626787424087524,0.7319360375404358,-0.06312312185764313,0.4854796528816223,0.6921737194061279,-0.07030777633190155,0.4945581555366516,0.6590985059738159,-0.07571373134851456,0.49207618832588196,0.7980533242225647,-0.04787648841738701,0.5042704343795776,0.7461724877357483,-0.06818972527980804,0.5141799449920654,0.7084656953811646,-0.0722295269370079,0.5208768248558044,0.6777263879776001,-0.07385709881782532,0.5184522867202759,0.808232307434082,-0.05287519469857216,0.529755711555481,0.764184296131134,-0.06952790170907974,0.5359088778495789,0.7342164516448975,-0.07375670224428177,0.539944052696228,0.7062503695487976,-0.07607176154851913
3000.0000000000023,0.5142779350280762,0.7944360971450806,2.4745872906350996e-08,0.5003443360328674,0.7549028992652893,-0.009729200974106789,0.4969714879989624,0.7157868146896362,-0.02312544174492359,0.5008434653282166,0.6803960800170898,-0.03496730327606201,0.5121278166770935,0.654186487197876,-0.04806138202548027,0.4886504113674164,0.7483736276626587,-0.04224596917629242,0.48150020837783813,0.7141254544258118,-0.06212780624628067,0.48445260524749756,0.684501588344574,-0.07392004132270813,0.4928120970726013,0.6533451080322266,-0.08309841901063919,0.504063069820404,0.7718464136123657,-0.04926971346139908,0.5144001245498657,0.7239818572998047,-0.06466319411993027,0.525235116481781,0.6851240992546082,-0.07025045156478882,0.5351884961128235,0.6489123106002808,-0.07758553326129913,0.5202217102050781,0.7927817106246948,-0.05629022791981697,0.5315830111503601,0.7458040118217468,-0.07429834455251694,0.5441009402275085,0.7059997320175171,-0.07883909344673157,0.5533411502838135,0.6650983095169067,-0.08333653211593628,0.5342128276824951,0.8109779953956604,-0.0633644387125969,0.5380671620368958,0.7767495512962341,-0.08172792941331863,0.540660560131073,0.743049681186676,-0.0877518579363823,0.5418912172317505,0.7036253809928894,-0.09335928410291672,0.4989252984523773,0.8418682217597961,2.9956288472021697e-07,0.4750867486000061,0.7969461679458618,-0.010404478758573532,0.4515509009361267,0.7408836483955383,-0.020193036645650864,0.43532684445381165,0.6980351805686951,-0.028161048889160156,0.4148251712322235,0.6653823852539062,-0.03625529259443283,0.44790610671043396,0.7640843987464905,-0.038837410509586334,0.4497315287590027,0.7181804180145264,-0.059040267020463943,0.454776793718338,0.6843429803848267,-0.06982062757015228,0.4600975811481476,0.654890775680542,-0.07677066326141357,0.46847668290138245,0.7819705605506897,-0.04374423250555992,0.4781509339809418,0.7301539182662964,-0.06386157125234604,0.48771432042121887,0.6899372339248657,-0.0709025040268898,0.4968516528606415,0.6567906737327576,-0.07632068544626236,0.4936937987804413,0.796692967414856,-0.0486157089471817,0.5063334703445435,0.7451647520065308,-0.0689372569322586,0.5164676904678345,0.7068510055541992,-0.07291081547737122,0.5232089757919312,0.6760240793228149,-0.07457888871431351,0.5201364755630493,0.8073294758796692,-0.0536448210477829,0.5313720703125,0.7631151080131531,-0.07031073421239853,0.5376248955726624,0.732768177986145,-0.07456419616937637,0.5417771339416504,0.7048184871673584,-0.0769607424736023
3033.3333333333358,0.499935120344162,0.8262779712677002,4.379819529276574e-07,0.4724634289741516,0.7920352220535278,-0.014732944779098034,0.44964799284935,0.7441446781158447,-0.027657276019454002,0.43513748049736023,0.7016153931617737,-0.03740256279706955,0.41471046209335327,0.668144702911377,-0.04781845584511757,0.44842079281806946,0.7607786655426025,-0.04949605092406273,0.448388934135437,0.7141556739807129,-0.07361181825399399,0.455591082572937,0.6809694170951843,-0.08659684658050537,0.46293729543685913,0.6538944244384766,-0.09479554742574692,0.4714961349964142,0.776099681854248,-0.05302518233656883,0.4786468744277954,0.7239720821380615,-0.07633930444717407,0.48799434304237366,0.6857470273971558,-0.08452872186899185,0.4961128532886505,0.6577293872833252,-0.0907571092247963,0.49915146827697754,0.7903874516487122,-0.056501880288124084,0.5081913471221924,0.73802250623703,-0.07852863520383835,0.5152667164802551,0.7011606097221375,-0.08261063694953918,0.5192957520484924,0.6721653342247009,-0.08468654751777649,0.5269432067871094,0.8014044165611267,-0.06012044474482536,0.5335087776184082,0.7588633894920349,-0.07856231927871704,0.5366819500923157,0.7303428649902344,-0.082545205950737,0.5384721755981445,0.7043697834014893,-0.08469656854867935,0.49750086665153503,0.8429028391838074,2.972678885271307e-07,0.4734245538711548,0.797304630279541,-0.010553272441029549,0.45074939727783203,0.7411652207374573,-0.02074660360813141,0.4354128837585449,0.6975122094154358,-0.029029490426182747,0.4146278500556946,0.6648817658424377,-0.03750119358301163,0.44781097769737244,0.7639948129653931,-0.040040042251348495,0.4497738480567932,0.7175883650779724,-0.06065107882022858,0.4544045329093933,0.6837636828422546,-0.0715862289071083,0.4586290717124939,0.6539701223373413,-0.07865170389413834,0.46822965145111084,0.7820847034454346,-0.0450020506978035,0.4784298539161682,0.7297444939613342,-0.06533251702785492,0.487746924161911,0.6903034448623657,-0.07213430851697922,0.4959094822406769,0.6574724912643433,-0.0774570107460022,0.49316421151161194,0.7971093058586121,-0.049938399344682693,0.5066799521446228,0.7451319098472595,-0.07031960785388947,0.5167042016983032,0.7070232629776001,-0.07396985590457916,0.5230090022087097,0.6759016513824463,-0.07554212957620621,0.5195143222808838,0.8083464503288269,-0.055079590529203415,0.5313484072685242,0.764462411403656,-0.07184281945228577,0.53775954246521,0.7344754934310913,-0.07607447355985641,0.5419341325759888,0.7066227793693542,-0.07855414599180222
3066.6666666666692,0.49547961354255676,0.835716187953949,3.2525858273402264e-07,0.4733629524707794,0.7936715483665466,-0.010522774420678616,0.4523899257183075,0.7385979890823364,-0.02061968855559826,0.4373188018798828,0.6958385109901428,-0.02869371511042118,0.4168641269207001,0.6631383299827576,-0.03714370355010033,0.45068806409835815,0.7628165483474731,-0.04131334275007248,0.4490191638469696,0.7139121890068054,-0.061624642461538315,0.45313167572021484,0.6773872971534729,-0.0723915696144104,0.45814454555511475,0.645794153213501,-0.07948724180459976,0.4710486829280853,0.7797528505325317,-0.046432506293058395,0.48156124353408813,0.7267525792121887,-0.06700430065393448,0.4913601279258728,0.6867749094963074,-0.07384603470563889,0.5001454949378967,0.6547984480857849,-0.07917525619268417,0.4963521361351013,0.7943572402000427,-0.051368214190006256,0.5101622939109802,0.7422739267349243,-0.07160020619630814,0.5185973048210144,0.7024286985397339,-0.07561507076025009,0.5234912633895874,0.67035311460495,-0.07773289829492569,0.5225445628166199,0.8053463697433472,-0.05642073601484299,0.5349457263946533,0.762807309627533,-0.07365652918815613,0.5410013198852539,0.7317111492156982,-0.07813601940870285,0.5446102023124695,0.7033393383026123,-0.08078158646821976,0.4998660087585449,0.840644896030426,3.0966273811827705e-07,0.4772028625011444,0.7954798936843872,-0.01160516683012247,0.4543818533420563,0.7384613752365112,-0.02222079038619995,0.43798789381980896,0.6942373514175415,-0.03050386719405651,0.4160875082015991,0.6610225439071655,-0.038790013641119,0.4506705105304718,0.763313353061676,-0.043482616543769836,0.4490105211734772,0.7145140171051025,-0.06478037685155869,0.4533790349960327,0.6780542135238647,-0.0758625715970993,0.45868879556655884,0.6463936567306519,-0.08286954462528229,0.470877081155777,0.7811673879623413,-0.04784901440143585,0.4806656241416931,0.7280821204185486,-0.06929823756217957,0.4911949336528778,0.6868317127227783,-0.07621173560619354,0.5011710524559021,0.6538630127906799,-0.08138721436262131,0.4960866868495941,0.7958297729492188,-0.052040114998817444,0.5097123980522156,0.7433040738105774,-0.07296932488679886,0.5202828049659729,0.7031660079956055,-0.07695427536964417,0.5276476740837097,0.6713818907737732,-0.07863744348287582,0.5227423906326294,0.8059799075126648,-0.05644800886511803,0.534634530544281,0.7609169483184814,-0.07360333204269409,0.5412461161613464,0.7298038601875305,-0.07806248962879181,0.5458835363388062,0.7012472748756409,-0.08056794852018356
3100.0000000000027,0.49730271100997925,0.8365446329116821,3.247880613344023e-07,0.47420957684516907,0.7967192530632019,-0.011959996074438095,0.4520283341407776,0.7412630915641785,-0.023166051134467125,0.4365953207015991,0.696721076965332,-0.031638070940971375,0.41563841700553894,0.6622490286827087,-0.040252506732940674,0.4504678249359131,0.7618522644042969,-0.04511689767241478,0.4481644034385681,0.7129958271980286,-0.06687898933887482,0.45290762186050415,0.6752108931541443,-0.0784241184592247,0.45905202627182007,0.642409086227417,-0.0858197882771492,0.4713659882545471,0.7775008678436279,-0.04919268190860748,0.48143377900123596,0.7247809171676636,-0.07051578164100647,0.4914720356464386,0.6845216751098633,-0.07718687504529953,0.500601589679718,0.6520713567733765,-0.08229001611471176,0.496736079454422,0.7914512157440186,-0.05301113799214363,0.5096887350082397,0.7391645908355713,-0.07342489808797836,0.5185922384262085,0.7004864811897278,-0.07668451964855194,0.5244631767272949,0.6691256165504456,-0.07813912630081177,0.523197591304779,0.8019101023674011,-0.05700976401567459,0.5344313979148865,0.7586113214492798,-0.07402265071868896,0.5403947830200195,0.7278112173080444,-0.07798405736684799,0.5445895791053772,0.6988656520843506,-0.0802312046289444,0.4980524480342865,0.809340238571167,1.914829361737702e-08,0.4769808351993561,0.7681829333305359,-0.0061638206243515015,0.45814040303230286,0.7247939109802246,-0.014673427678644657,0.4465169906616211,0.6869287490844727,-0.023074651136994362,0.43334001302719116,0.6586583256721497,-0.0319780595600605,0.4594564437866211,0.7367544174194336,-0.026735635474324226,0.4538699984550476,0.6983785033226013,-0.045014068484306335,0.45833057165145874,0.6692102551460266,-0.05534489080309868,0.46526169776916504,0.6394542455673218,-0.06206812709569931,0.480339914560318,0.7546206116676331,-0.032961297780275345,0.48320436477661133,0.7102097868919373,-0.048364415764808655,0.49414491653442383,0.6813709735870361,-0.053347792476415634,0.5059637427330017,0.6543670892715454,-0.05762786790728569,0.5044862031936646,0.7730705738067627,-0.03958146646618843,0.5086807608604431,0.731640636920929,-0.056750860065221786,0.5180361866950989,0.7059022784233093,-0.059694141149520874,0.5262492299079895,0.6767476201057434,-0.060751937329769135,0.5297411680221558,0.7912626266479492,-0.046044547110795975,0.5354528427124023,0.7556756734848022,-0.059892214834690094,0.5410046577453613,0.7313113808631897,-0.0618734247982502,0.5477385520935059,0.7008318305015564,-0.06298443675041199
3133.333333333336,0.49719110131263733,0.8354429602622986,3.436598490225151e-07,0.47444412112236023,0.7941203713417053,-0.012017454020678997,0.45247602462768555,0.7377137541770935,-0.023349275812506676,0.4372924268245697,0.6930279731750488,-0.032022807747125626,0.41618818044662476,0.6586881279945374,-0.04083605110645294,0.44976773858070374,0.7596265077590942,-0.044868353754282,0.4471296966075897,0.7116575837135315,-0.06709927320480347,0.45161986351013184,0.6734374761581421,-0.07917311042547226,0.4576606750488281,0.6396148204803467,-0.08702147752046585,0.470228374004364,0.7757737636566162,-0.04925740137696266,0.47980374097824097,0.7229167222976685,-0.07131462544202805,0.4904263913631439,0.682073712348938,-0.07844144850969315,0.5005283355712891,0.6490609049797058,-0.08377967029809952,0.4956586956977844,0.7900813817977905,-0.053493425250053406,0.5089495778083801,0.7376345992088318,-0.07467777281999588,0.517769455909729,0.6986052393913269,-0.07836105674505234,0.5237615704536438,0.6667366027832031,-0.08001867681741714,0.5227233171463013,0.8007586002349854,-0.057945217937231064,0.5353444218635559,0.7574922442436218,-0.07579274475574493,0.541650652885437,0.7264994382858276,-0.0803748369216919,0.5459991693496704,0.6970908641815186,-0.08302856236696243,0.49796274304389954,0.8270729780197144,3.622956512572273e-07,0.47477200627326965,0.7916552424430847,-0.011609094217419624,0.4528824985027313,0.7384468913078308,-0.022451739758253098,0.4388766586780548,0.6946022510528564,-0.03080158121883869,0.4191439747810364,0.6603829860687256,-0.03944706544280052,0.4509194493293762,0.7580136656761169,-0.044555045664310455,0.44720375537872314,0.7091339826583862,-0.06638900190591812,0.45263680815696716,0.6716489195823669,-0.07835212349891663,0.45897167921066284,0.6391646265983582,-0.08591119945049286,0.47153156995773315,0.7745587229728699,-0.048909079283475876,0.47936370968818665,0.7204842567443848,-0.07033602893352509,0.4903694689273834,0.6805770993232727,-0.07816430926322937,0.4999512732028961,0.6494095325469971,-0.08376729488372803,0.49773257970809937,0.7899219393730164,-0.05285334214568138,0.5083720684051514,0.7378421425819397,-0.07292099297046661,0.5179339051246643,0.6985149383544922,-0.07678128778934479,0.5244698524475098,0.6667317748069763,-0.07843499630689621,0.52445387840271,0.8013610243797302,-0.05683673918247223,0.5330536365509033,0.7564900517463684,-0.073835089802742,0.5383272171020508,0.7250623106956482,-0.07768888026475906,0.5423716902732849,0.6962869167327881,-0.079544298350811
3166.6666666666697,0.49705904722213745,0.8343592882156372,3.3494919193799433e-07,0.47446757555007935,0.7923678755760193,-0.011525499634444714,0.4527575671672821,0.7355758547782898,-0.022346574813127518,0.43783190846443176,0.6908067464828491,-0.030742362141609192,0.41692519187927246,0.6568265557289124,-0.03921332582831383,0.4487009644508362,0.7560299038887024,-0.04257843270897865,0.446409672498703,0.7083036303520203,-0.06389276683330536,0.45083293318748474,0.6706138253211975,-0.07542990148067474,0.45668211579322815,0.6371830105781555,-0.08289936929941177,0.46848011016845703,0.7727932333946228,-0.04700164124369621,0.4784117341041565,0.7202432751655579,-0.06816305220127106,0.48939451575279236,0.6798413395881653,-0.07502973824739456,0.4999462962150574,0.6472477912902832,-0.08016785234212875,0.4934806525707245,0.7876288890838623,-0.05132949724793434,0.5071489810943604,0.7351055145263672,-0.07192210853099823,0.5168133974075317,0.6963636875152588,-0.07568080723285675,0.5237722992897034,0.6650041937828064,-0.07731631398200989,0.5204752087593079,0.7987267971038818,-0.05586254224181175,0.533525824546814,0.7550086379051208,-0.07306778430938721,0.5406175255775452,0.7241376042366028,-0.07756268233060837,0.5457224249839783,0.6951469779014587,-0.08012044429779053,0.4947885274887085,0.831398069858551,3.285915113337978e-07,0.47364816069602966,0.7890564799308777,-0.010470886714756489,0.4524840712547302,0.7335695624351501,-0.020879924297332764,0.43763911724090576,0.6908162832260132,-0.029073094949126244,0.4166141450405121,0.6580681204795837,-0.037564974278211594,0.4479530155658722,0.7531405687332153,-0.04198301210999489,0.44784265756607056,0.7069393992424011,-0.06276793777942657,0.45309343934059143,0.6705387830734253,-0.07412397861480713,0.45943552255630493,0.6389769911766052,-0.08147124201059341,0.46777647733688354,0.770637035369873,-0.04697621986269951,0.4783235192298889,0.7192289233207703,-0.06736205518245697,0.4895215630531311,0.6788820028305054,-0.07432717829942703,0.5002244710922241,0.6466754078865051,-0.07967481017112732,0.4931771457195282,0.7863788604736328,-0.05161507800221443,0.506729781627655,0.7342227697372437,-0.07148940116167068,0.5170586109161377,0.6951877474784851,-0.07500547915697098,0.5245658159255981,0.6641049385070801,-0.07658497989177704,0.5203521847724915,0.7987571358680725,-0.056344274431467056,0.5319198966026306,0.7551032304763794,-0.07293146848678589,0.5381075739860535,0.724023163318634,-0.07674957066774368,0.542476236820221,0.6959561109542847,-0.07880666106939316
3200.000000000003,0.5248184204101562,0.7806271314620972,-5.780721323844773e-08,0.5215243101119995,0.7431796789169312,-0.006815028842538595,0.5223054885864258,0.7047029733657837,-0.01603330299258232,0.5302684903144836,0.664768636226654,-0.025173800066113472,0.5400788187980652,0.638514518737793,-0.03534143418073654,0.5035724639892578,0.7178782224655151,-0.02530028484761715,0.4852539300918579,0.6850402355194092,-0.03976036235690117,0.4792787432670593,0.6627758741378784,-0.04919464886188507,0.48105257749557495,0.63590407371521,-0.0569203719496727,0.5138964653015137,0.7365775108337402,-0.03078954666852951,0.5082180500030518,0.7021594643592834,-0.04322853311896324,0.5087266564369202,0.6771089434623718,-0.0504867285490036,0.5131664872169495,0.6471666097640991,-0.05790495499968529,0.5274552702903748,0.7561432719230652,-0.036162152886390686,0.5264873504638672,0.7246339321136475,-0.04947703704237938,0.526903510093689,0.7012543678283691,-0.052501555532217026,0.5291621685028076,0.6725643277168274,-0.055531855672597885,0.5418617725372314,0.774914562702179,-0.04174717888236046,0.5431667566299438,0.7528249621391296,-0.052978310734033585,0.5417520403862,0.7321937084197998,-0.055038414895534515,0.542590856552124,0.7049943208694458,-0.057468246668577194,0.49423059821128845,0.8319113850593567,3.315217327326536e-07,0.472048819065094,0.7906498312950134,-0.010603122413158417,0.4511089324951172,0.7338986396789551,-0.021046029403805733,0.4372730255126953,0.6887549161911011,-0.02921113930642605,0.4170539379119873,0.6545409560203552,-0.037635449320077896,0.4469470977783203,0.754315197467804,-0.04137059673666954,0.44528353214263916,0.7064783573150635,-0.062113188207149506,0.44982147216796875,0.6687312126159668,-0.07337433844804764,0.45578494668006897,0.6356385350227356,-0.08074624091386795,0.4665988087654114,0.7706473469734192,-0.046184077858924866,0.4770587086677551,0.7180427312850952,-0.06655564159154892,0.48779916763305664,0.677988588809967,-0.07318968325853348,0.49803006649017334,0.6457655429840088,-0.0782630518078804,0.4917420446872711,0.7857212424278259,-0.05082884058356285,0.5052623152732849,0.7322651743888855,-0.07051826268434525,0.514033317565918,0.6938754320144653,-0.07389996200799942,0.5202264189720154,0.6627217531204224,-0.07549510151147842,0.5191037058830261,0.7973840832710266,-0.05562115088105202,0.5317727327346802,0.7538685202598572,-0.07238193601369858,0.5381974577903748,0.7226071953773499,-0.0766390785574913,0.5427036881446838,0.6933210492134094,-0.07910066843032837
3233.3333333333367,0.5265466570854187,0.7740395665168762,2.7988997430838936e-07,0.5049716234207153,0.747046709060669,-0.009688432328402996,0.4875279664993286,0.7165902256965637,-0.019958576187491417,0.4811004400253296,0.6900200247764587,-0.028588568791747093,0.4802606999874115,0.6732149720191956,-0.037298206239938736,0.48309093713760376,0.7225463390350342,-0.031212544068694115,0.47026363015174866,0.696334719657898,-0.05024338513612747,0.4712657928466797,0.669048547744751,-0.0633896067738533,0.4748944640159607,0.6439428329467773,-0.07249147444963455,0.5027626156806946,0.7294198870658875,-0.034234341233968735,0.5001365542411804,0.7106004357337952,-0.05104024335741997,0.5042365789413452,0.6853343844413757,-0.057454004883766174,0.5092031359672546,0.6605666279792786,-0.06184183806180954,0.5245308876037598,0.7420704364776611,-0.03766020014882088,0.522610604763031,0.720630407333374,-0.05310797318816185,0.524341881275177,0.6962437033653259,-0.05472471937537193,0.5279379487037659,0.6735702753067017,-0.05481985583901405,0.546430766582489,0.7536662220954895,-0.04150722175836563,0.5472991466522217,0.7352266311645508,-0.05545287951827049,0.5462236404418945,0.7177367210388184,-0.0577034093439579,0.5461670756340027,0.698492705821991,-0.05809944495558739,0.4951324462890625,0.8352728486061096,3.189443589235452e-07,0.4728638827800751,0.7936217188835144,-0.011050699278712273,0.4516875743865967,0.7361006736755371,-0.021318906918168068,0.4371691942214966,0.6898422837257385,-0.029141345992684364,0.41667640209198,0.6547201871871948,-0.037072647362947464,0.44887053966522217,0.7579062581062317,-0.0421091765165329,0.4459689259529114,0.7082536816596985,-0.06295377761125565,0.4501071274280548,0.6697296500205994,-0.07383565604686737,0.45554035902023315,0.6362309455871582,-0.08080865442752838,0.4681371748447418,0.7734881639480591,-0.04637429118156433,0.4774664044380188,0.7196683287620544,-0.06677030026912689,0.48771923780441284,0.6786418557167053,-0.07307807356119156,0.4974909722805023,0.6459144353866577,-0.07790020853281021,0.4926469326019287,0.78745436668396,-0.05051442235708237,0.50582355260849,0.7339988350868225,-0.07019687443971634,0.5149379968643188,0.6945635080337524,-0.07366891950368881,0.5215024948120117,0.6627175807952881,-0.07525385171175003,0.5193334817886353,0.7980822324752808,-0.05484401807188988,0.5316563844680786,0.7541617751121521,-0.07148147374391556,0.5381377339363098,0.7226531505584717,-0.07598407566547394,0.5428763628005981,0.6932336091995239,-0.07863102853298187
