time,X_NOSE,Y_NOSE,Z_NOSE,visibility_NOSE,X_LEFT_EYE_INNER,Y_LEFT_EYE_INNER,Z_LEFT_EYE_INNER,visibility_LEFT_EYE_INNER,X_LEFT_EYE,Y_LEFT_EYE,Z_LEFT_EYE,visibility_LEFT_EYE,X_LEFT_EYE_OUTER,Y_LEFT_EYE_OUTER,Z_LEFT_EYE_OUTER,visibility_LEFT_EYE_OUTER,X_RIGHT_EYE_OUTER,Y_RIGHT_EYE_OUTER,Z_RIGHT_EYE_OUTER,visibility_RIGHT_EYE_OUTER,X_RIGHT_EYE,Y_RIGHT_EYE,Z_RIGHT_EYE,visibility_RIGHT_EYE,X_RIGHT_EYE_OUTER,Y_RIGHT_EYE_OUTER,Z_RIGHT_EYE_OUTER,visibility_RIGHT_EYE_OUTER,X_LEFT_EAR,Y_LEFT_EAR,Z_LEFT_EAR,visibility_LEFT_EAR,X_RIGHT_EAR,Y_RIGHT_EAR,Z_RIGHT_EAR,visibility_RIGHT_EAR,X_MOUTH_LEFT,Y_MOUTH_LEFT,Z_MOUTH_LEFT,visibility_MOUTH_LEFT,X_MOUTH_RIGHT,Y_MOUTH_RIGHT,Z_MOUTH_RIGHT,visibility_MOUTH_RIGHT,X_LEFT_SHOULDER,Y_LEFT_SHOULDER,Z_LEFT_SHOULDER,visibility_LEFT_SHOULDER,X_RIGHT_SHOULDER,Y_RIGHT_SHOULDER,Z_RIGHT_SHOULDER,visibility_RIGHT_SHOULDER,X_LEFT_ELBOW,Y_LEFT_ELBOW,Z_LEFT_ELBOW,visibility_LEFT_ELBOW,X_RIGHT_ELBOW,Y_RIGHT_ELBOW,Z_RIGHT_ELBOW,visibility_RIGHT_ELBOW,X_LEFT_WRIST,Y_LEFT_WRIST,Z_LEFT_WRIST,visibility_LEFT_WRIST,X_RIGHT_WRIST,Y_RIGHT_WRIST,Z_RIGHT_WRIST,visibility_RIGHT_WRIST,X_LEFT_PINKY,Y_LEFT_PINKY,Z_LEFT_PINKY,visibility_LEFT_PINKY,X_RIGHT_PINKY,Y_RIGHT_PINKY,Z_RIGHT_PINKY,visibility_RIGHT_PINKY,X_LEFT_INDEX,Y_LEFT_INDEX,Z_LEFT_INDEX,visibility_LEFT_INDEX,X_RIGHT_INDEX,Y_RIGHT_INDEX,Z_RIGHT_INDEX,visibility_RIGHT_INDEX,X_LEFT_THUMB,Y_LEFT_THUMB,Z_LEFT_THUMB,visibility_LEFT_THUMB,X_RIGHT_THUMB,Y_RIGHT_THUMB,Z_RIGHT_THUMB,visibility_RIGHT_THUMB,X_LEFT_HIP,Y_LEFT_HIP,Z_LEFT_HIP,visibility_LEFT_HIP,X_RIGHT_HIP,Y_RIGHT_HIP,Z_RIGHT_HIP,visibility_RIGHT_HIP,X_LEFT_KNEE,Y_LEFT_KNEE,Z_LEFT_KNEE,visibility_LEFT_KNEE,X_RIGHT_KNEE,Y_RIGHT_KNEE,Z_RIGHT_KNEE,visibility_RIGHT_KNEE,X_LEFT_ANKLE,Y_LEFT_ANKLE,Z_LEFT_ANKLE,visibility_LEFT_ANKLE,X_RIGHT_ANKLE,Y_RIGHT_ANKLE,Z_RIGHT_ANKLE,visibility_RIGHT_ANKLE,X_LEFT_HEEL,Y_LEFT_HEEL,Z_LEFT_HEEL,visibility_LEFT_HEEL,X_RIGHT_HEEL,Y_RIGHT_HEEL,Z_RIGHT_HEEL,visibility_RIGHT_HEEL,X_LEFT_FOOT_INDEX,Y_LEFT_FOOT_INDEX,Z_LEFT_FOOT_INDEX,visibility_LEFT_FOOT_INDEX,X_RIGHT_FOOT_INDEX,Y_RIGHT_FOOT_INDEX,Z_RIGHT_FOOT_INDEX,visibility_RIGHT_FOOT_INDEX
0,-0.05669858679175377,-0.5301957726478577,-0.34388452768325806,0.9998078942298889,-0.04218137264251709,-0.5810489058494568,-0.3108712136745453,0.9996441602706909,-0.03718199208378792,-0.5753373503684998,-0.32337167859077454,0.9997175335884094,-0.04529709368944168,-0.5609355568885803,-0.3225941061973572,0.9996941089630127,-0.06200884282588959,-0.6105160713195801,-0.3304678499698639,0.9995229244232178,-0.060786038637161255,-0.6044079065322876,-0.32138243317604065,0.9988676309585571,-0.08517255634069443,-0.590785562992096,-0.30757951736450195,0.9988852143287659,0.1082758903503418,-0.5818444490432739,-0.20328952372074127,0.9981918931007385,-0.01783589832484722,-0.5664553642272949,-0.1783488541841507,0.999096155166626,-0.028190748766064644,-0.5175178647041321,-0.2891724705696106,0.9995632767677307,-0.04316075146198273,-0.5049386024475098,-0.30215126276016235,0.9987699389457703,0.2218952625989914,-0.45044559240341187,-0.14119639992713928,0.9993460774421692,-0.1345394104719162,-0.45300769805908203,-0.056376438587903976,0.9956349730491638,0.22146141529083252,-0.17232725024223328,-0.260499507188797,0.8626618385314941,-0.15886034071445465,-0.18442875146865845,-0.10049915313720703,0.3365282714366913,0.1698979139328003,0.04764050245285034,-0.359458863735199,0.18972519040107727,-0.20526273548603058,-0.07168791443109512,-0.2597389221191406,0.04772423580288887,0.1623011976480484,0.09103730320930481,-0.3820265531539917,0.17235980927944183,-0.22778892517089844,0.005878771655261517,-0.2919444143772125,0.04995244741439819,0.0939372107386589,0.08872955292463303,-0.4346283972263336,0.20602941513061523,-0.196573406457901,0.006707314867526293,-0.27221035957336426,0.06774260848760605,0.12195882201194763,0.07072284817695618,-0.37382635474205017,0.1534886360168457,-0.14822730422019958,-0.06908223778009415,-0.2622489333152771,0.06088092178106308,0.0952327698469162,0.008103190921247005,0.03258194029331207,0.30107057094573975,-0.0738736167550087,0.019899141043424606,0.04604080691933632,0.2768828868865967,0.07106631994247437,0.3062717318534851,-0.0019376376876607537,0.005628575570881367,-0.1405990570783615,0.36382028460502625,-0.0439346507191658,0.011362297460436821,0.13178780674934387,0.665414571762085,0.25130370259284973,0.001925935153849423,-0.0620807409286499,0.7020422220230103,0.14708660542964935,0.003249207977205515,0.13566915690898895,0.7059524655342102,0.24611584842205048,0.002021889667958021,-0.06515909731388092,0.7190730571746826,0.13443316519260406,0.002426335820928216,0.023664824664592743,0.7337219715118408,0.1115499958395958,0.0021173369605094194,-0.0887061282992363,0.7431756854057312,0.09662673622369766,0.0030725409742444754
33.333333333333336,-0.06071804463863373,-0.5295988917350769,-0.3557639420032501,0.9998117089271545,-0.045687366276979446,-0.5808290243148804,-0.3226150870323181,0.9996575117111206,-0.04068717360496521,-0.5748432278633118,-0.3346113860607147,0.9997296929359436,-0.048890963196754456,-0.5603181719779968,-0.33418557047843933,0.9997079968452454,-0.0659521296620369,-0.6100326180458069,-0.34143394231796265,0.9995373487472534,-0.06479004770517349,-0.6038643717765808,-0.3325246572494507,0.998900294303894,-0.08920122683048248,-0.5901839733123779,-0.31878116726875305,0.998910665512085,0.10699289292097092,-0.5817351341247559,-0.21459746360778809,0.9982998967170715,-0.020676176995038986,-0.5660757422447205,-0.18763981759548187,0.9991394281387329,-0.03136066347360611,-0.5161275267601013,-0.30125609040260315,0.9995908141136169,-0.04686388373374939,-0.5038273930549622,-0.3133986294269562,0.9988580942153931,0.22048550844192505,-0.44662144780158997,-0.15157467126846313,0.9992809891700745,-0.13610544800758362,-0.45230886340141296,-0.06837054342031479,0.9953733086585999,0.21714064478874207,-0.1603146195411682,-0.2713176906108856,0.8672173619270325,-0.16477173566818237,-0.18294189870357513,-0.11736678332090378,0.35991111397743225,0.15781421959400177,0.05962815135717392,-0.36927419900894165,0.20372198522090912,-0.2017604261636734,-0.07455746084451675,-0.2811049818992615,0.04995949566364288,0.14786607027053833,0.10252547264099121,-0.39204317331314087,0.18991954624652863,-0.22197942435741425,0.001261359779164195,-0.31508392095565796,0.052377600222826004,0.07904800027608871,0.09823907166719437,-0.44369953870773315,0.22614756226539612,-0.18934452533721924,0.0004977681091986597,-0.2938803434371948,0.07104025781154633,0.10926523059606552,0.0816352367401123,-0.38269269466400146,0.1674739271402359,-0.1434336155653,-0.0728994756937027,-0.2831733524799347,0.06270787864923477,0.0944933220744133,0.007167654577642679,0.03496754914522171,0.23713165521621704,-0.07345765829086304,0.020808370783925056,0.043342188000679016,0.22124670445919037,0.07694441825151443,0.31200799345970154,0.00937771238386631,0.004970695357769728,-0.13711243867874146,0.37016165256500244,-0.04887380450963974,0.011969120241701603,0.1341882348060608,0.6734305620193481,0.2784474194049835,0.0017024517292156816,-0.06183728575706482,0.7193830013275146,0.1486952006816864,0.003671275684610009,0.1377018392086029,0.7140507698059082,0.27492761611938477,0.0018278403440490365,-0.06516044586896896,0.7375307679176331,0.13629062473773956,0.002527830423787236,0.02272326499223709,0.7397809028625488,0.14513146877288818,0.001961359055712819,-0.08911796659231186,0.7613608241081238,0.09765185415744781,0.003483677515760064
66.66666666666667,-0.06294883042573929,-0.5311362743377686,-0.3461509346961975,0.999769389629364,-0.04758733883500099,-0.582187831401825,-0.31346920132637024,0.9995766282081604,-0.04271608218550682,-0.5763707756996155,-0.32545220851898193,0.9996651411056519,-0.05071599408984184,-0.5618943572044373,-0.32492533326148987,0.9996423721313477,-0.06741323322057724,-0.6114091873168945,-0.3319011330604553,0.9994335770606995,-0.06628736108541489,-0.6053346395492554,-0.3229399621486664,0.9986649751663208,-0.0906878113746643,-0.5917690992355347,-0.3091374337673187,0.9987075328826904,0.10540586709976196,-0.5823227167129517,-0.20765630900859833,0.997919499874115,-0.020755793899297714,-0.5666399598121643,-0.1791635900735855,0.9989722967147827,-0.033230431377887726,-0.5175775289535522,-0.2923847436904907,0.9995014667510986,-0.04821436107158661,-0.5053558945655823,-0.30414918065071106,0.9986182451248169,0.22009408473968506,-0.4456743597984314,-0.147527277469635,0.9992499947547913,-0.13512295484542847,-0.4526418447494507,-0.06039992347359657,0.9953175783157349,0.21516047418117523,-0.16351915895938873,-0.2619287669658661,0.8719732165336609,-0.16252551972866058,-0.18345530331134796,-0.10906992852687836,0.34454336762428284,0.1547084003686905,0.05589146539568901,-0.3500541150569916,0.20454566180706024,-0.20115181803703308,-0.0755985900759697,-0.2734999656677246,0.05088987573981285,0.14423905313014984,0.09932626783847809,-0.37181103229522705,0.18770842254161835,-0.2217380702495575,0.0003873091482091695,-0.3069160282611847,0.05392834171652794,0.07518495619297028,0.09513311833143234,-0.42377886176109314,0.22311879694461823,-0.18944425880908966,-0.0008876870851963758,-0.2861601412296295,0.07281357795000076,0.10603496432304382,0.07772021740674973,-0.36325857043266296,0.16790054738521576,-0.14309129118919373,-0.07422014325857162,-0.27560311555862427,0.06527206301689148,0.09402751177549362,0.008274414576590061,0.03373312950134277,0.24876557290554047,-0.07281111180782318,0.01967756636440754,0.04473160207271576,0.230252206325531,0.07271768152713776,0.31098759174346924,0.010474859736859798,0.005106126889586449,-0.1384602040052414,0.36795762181282043,-0.04978194087743759,0.01255861483514309,0.13242985308170319,0.6786689162254333,0.2737698554992676,0.0020371160935610533,-0.06003343313932419,0.7144853472709656,0.14181871712207794,0.004118484910577536,0.13639751076698303,0.7201400399208069,0.2694586217403412,0.002053731819614768,-0.06318192183971405,0.7325079441070557,0.12918710708618164,0.002821647794917226,0.022319111973047256,0.7461668252944946,0.13690201938152313,0.0022154292091727257,-0.08906656503677368,0.7552238702774048,0.08944398164749146,0.003854393260553479
100.0,-0.05935999006032944,-0.5267049670219421,-0.35866260528564453,0.9997188448905945,-0.04431754723191261,-0.577494740486145,-0.3258986175060272,0.9995633959770203,-0.04085952416062355,-0.5722888708114624,-0.3391207754611969,0.9996618032455444,-0.04788665100932121,-0.5568084120750427,-0.3379754424095154,0.9996620416641235,-0.06570380926132202,-0.6068931818008423,-0.3443211317062378,0.9993510842323303,-0.06423407793045044,-0.6013312935829163,-0.33527159690856934,0.998371422290802,-0.08876322954893112,-0.5871389508247375,-0.3204551935195923,0.9984277486801147,0.10653229802846909,-0.5771337151527405,-0.2184900939464569,0.9983221888542175,-0.019826583564281464,-0.5630577802658081,-0.18808291852474213,0.9987620115280151,-0.03132452443242073,-0.5134083032608032,-0.3058888018131256,0.9995847344398499,-0.04586941376328468,-0.500907301902771,-0.31689631938934326,0.9987020492553711,0.22168272733688354,-0.4416014850139618,-0.1623029112815857,0.9996465444564819,-0.13935056328773499,-0.4503934383392334,-0.059579234570264816,0.9969210624694824,0.2145274430513382,-0.1650610715150833,-0.2846493124961853,0.8380241394042969,-0.15805940330028534,-0.17562156915664673,-0.09340322017669678,0.16425085067749023,0.15631256997585297,0.04810667037963867,-0.36636853218078613,0.13596299290657043,-0.213090181350708,-0.04639403894543648,-0.2444339543581009,0.01535879261791706,0.14361882209777832,0.09140410274267197,-0.3859204053878784,0.11521531641483307,-0.24026912450790405,0.03132271021604538,-0.27432361245155334,0.016478875651955605,0.07593197375535965,0.08482689410448074,-0.4377201795578003,0.14063702523708344,-0.20998767018318176,0.034160979092121124,-0.2568259537220001,0.023109298199415207,0.10749661922454834,0.06894605606794357,-0.37992987036705017,0.10010737180709839,-0.1571854054927826,-0.043774280697107315,-0.24694183468818665,0.021566351875662804,0.09494331479072571,0.00772857153788209,0.029860351234674454,0.17360591888427734,-0.07307375967502594,0.019789202138781548,0.0489511713385582,0.1474200040102005,0.05829973518848419,0.2977370619773865,0.021138625219464302,0.001720647094771266,-0.12350346893072128,0.37909430265426636,-0.01918247528374195,0.004427941050380468,0.12203627824783325,0.6706622838973999,0.2929929792881012,0.0011034501949325204,-0.03431738540530205,0.726082444190979,0.19008126854896545,0.0021554960403591394,0.1275889277458191,0.7118729948997498,0.28977659344673157,0.0013766171177849174,-0.03656227886676788,0.7446442246437073,0.17982883751392365,0.001870888751000166,0.019462237134575844,0.7430288791656494,0.1522141546010971,0.0011704659555107355,-0.06582285463809967,0.7754206657409668,0.13991086184978485,0.001898926217108965
133.33333333333334,-0.06583889573812485,-0.5271906852722168,-0.3511989414691925,0.9998013377189636,-0.05053208768367767,-0.5788043737411499,-0.3187558054924011,0.9996782541275024,-0.046487729996442795,-0.5737437009811401,-0.33160674571990967,0.9997522234916687,-0.05386577919125557,-0.5583763718605042,-0.33061662316322327,0.9997468590736389,-0.0717565044760704,-0.6083608865737915,-0.3370356261730194,0.9995115995407104,-0.07030604779720306,-0.6027533411979675,-0.3280879855155945,0.9987727999687195,-0.09476638585329056,-0.5887634754180908,-0.31344038248062134,0.9987757802009583,0.10072250664234161,-0.5804057717323303,-0.21215194463729858,0.9986609220504761,-0.026517018675804138,-0.5672110915184021,-0.1821143925189972,0.9989739656448364,-0.03785974532365799,-0.5145646333694458,-0.2981315553188324,0.9996333122253418,-0.05260240286588669,-0.5023490786552429,-0.3095494210720062,0.9988287091255188,0.2139754593372345,-0.4463357627391815,-0.15994226932525635,0.9996472597122192,-0.14510220289230347,-0.45453399419784546,-0.055459097027778625,0.9963991641998291,0.21019186079502106,-0.16926124691963196,-0.2905900776386261,0.8731781244277954,-0.16282451152801514,-0.17994549870491028,-0.09635324031114578,0.18420201539993286,0.1611553579568863,0.04265333339571953,-0.3821619749069214,0.1865530014038086,-0.21784928441047668,-0.057316284626722336,-0.2520346939563751,0.0180957093834877,0.15239879488945007,0.0846148431301117,-0.40399619936943054,0.15941579639911652,-0.24389901757240295,0.01989535614848137,-0.2816401422023773,0.019832409918308258,0.08351697027683258,0.07900553941726685,-0.45540422201156616,0.19102831184864044,-0.2141481339931488,0.022037241607904434,-0.26442649960517883,0.027562370523810387,0.11276470869779587,0.06387238204479218,-0.39579951763153076,0.13866420090198517,-0.16238939762115479,-0.05489909648895264,-0.2550848722457886,0.026291243731975555,0.09402576088905334,0.007056811358779669,0.028994357213377953,0.20697489380836487,-0.07243750989437103,0.020980264991521835,0.04995996877551079,0.16698560118675232,0.06783261150121689,0.2957959473133087,0.014372115954756737,0.002380227670073509,-0.12812137603759766,0.37701642513275146,-0.011886870488524437,0.004923680797219276,0.1313486546278,0.6659857034683228,0.2674853801727295,0.00140096852555871,-0.03908247873187065,0.7260603308677673,0.1937035769224167,0.0022195670753717422,0.13605660200119019,0.7072160840034485,0.26183217763900757,0.0016584605909883976,-0.041555412113666534,0.7445889711380005,0.1826930195093155,0.001956626772880554,0.027729954570531845,0.7340546250343323,0.12401650846004486,0.0014676584396511316,-0.0680762529373169,0.7735080122947693,0.14602603018283844,0.001962290843948722
166.66666666666669,-0.05344622954726219,-0.5306088924407959,-0.34357011318206787,0.9995909333229065,-0.040211472660303116,-0.5809062123298645,-0.31041184067726135,0.9993194341659546,-0.036896102130413055,-0.5755690932273865,-0.3240375518798828,0.9994679093360901,-0.04356077313423157,-0.5603598952293396,-0.3225858211517334,0.9994509816169739,-0.06116541847586632,-0.6095204949378967,-0.33000126481056213,0.9990488886833191,-0.05995846539735794,-0.6039590835571289,-0.3208240568637848,0.9977496266365051,-0.08386710286140442,-0.5896810293197632,-0.30598369240760803,0.9978529214859009,0.10737016052007675,-0.5791705250740051,-0.20174133777618408,0.997139573097229,-0.018901534378528595,-0.5622457265853882,-0.17663155496120453,0.998410701751709,-0.02634897641837597,-0.5175261497497559,-0.2899301052093506,0.9992817044258118,-0.04066642373800278,-0.5047106742858887,-0.30243632197380066,0.9979531764984131,0.22368507087230682,-0.4454878270626068,-0.13739420473575592,0.9993782043457031,-0.1357124000787735,-0.45160481333732605,-0.05144946277141571,0.995881199836731,0.22110073268413544,-0.1755826324224472,-0.24702224135398865,0.7602962255477905,-0.16002210974693298,-0.18385076522827148,-0.07958674430847168,0.15608330070972443,0.16077902913093567,0.038793984800577164,-0.3244513273239136,0.0921049639582634,-0.20604681968688965,-0.06702432036399841,-0.21750035881996155,0.016209302470088005,0.14647798240184784,0.08157439529895782,-0.3431588411331177,0.0821007713675499,-0.23047667741775513,0.007436760235577822,-0.2471073865890503,0.017498904839158058,0.07885666191577911,0.07600453495979309,-0.39553335309028625,0.10065489262342453,-0.19993814826011658,0.00786442682147026,-0.22684773802757263,0.02418309450149536,0.11119715869426727,0.059219520539045334,-0.33864784240722656,0.07335568219423294,-0.1492822915315628,-0.06628929078578949,-0.21899308264255524,0.021985014900565147,0.09657278656959534,0.009038925170898438,0.035273388028144836,0.16908183693885803,-0.07433833181858063,0.018448205664753914,0.04399176687002182,0.14750972390174866,0.06895261257886887,0.30244705080986023,0.011034542694687843,0.0017663176404312253,-0.1263768970966339,0.3717782497406006,-0.04267607629299164,0.004566555842757225,0.12017825245857239,0.6807612776756287,0.268541544675827,0.0010442336788401008,-0.04469355568289757,0.7156330943107605,0.14941613376140594,0.0018725065747275949,0.12493850290775299,0.7220883965492249,0.26435670256614685,0.0012851841747760773,-0.04747381806373596,0.7342513799667358,0.13797380030155182,0.0015821055276319385,0.017647532746195793,0.7541283369064331,0.1244739219546318,0.0010860669426620007,-0.07586003094911575,0.7619892358779907,0.09417098760604858,0.001706608571112156
200.00000000000003,-0.05432529002428055,-0.5297731161117554,-0.34312185645103455,0.999552309513092,-0.04043222963809967,-0.5800750851631165,-0.31047293543815613,0.9992480874061584,-0.03746113181114197,-0.5746724009513855,-0.32434797286987305,0.9993951320648193,-0.04407380148768425,-0.5591790080070496,-0.32280319929122925,0.9993849992752075,-0.061716243624687195,-0.608544647693634,-0.3292599022388458,0.9989444613456726,-0.06043655425310135,-0.6028763651847839,-0.3199940323829651,0.9974625110626221,-0.08434256166219711,-0.5887923836708069,-0.30484771728515625,0.9976524710655212,0.1099664717912674,-0.5778141617774963,-0.20376011729240417,0.9967235922813416,-0.01570029743015766,-0.5614156723022461,-0.17392826080322266,0.9981619715690613,-0.026301749050617218,-0.5169214606285095,-0.2907661497592926,0.9992343187332153,-0.040195610374212265,-0.5038304328918457,-0.3018357753753662,0.9978060126304626,0.22597485780715942,-0.444884717464447,-0.14099238812923431,0.9994438290596008,-0.12920056283473969,-0.4530288577079773,-0.05165412276983261,0.9967536330223083,0.22480374574661255,-0.17703980207443237,-0.25304335355758667,0.7039321660995483,-0.15824978053569794,-0.1896081268787384,-0.08579332381486893,0.13125528395175934,0.1647806018590927,0.035077258944511414,-0.3277261257171631,0.061250366270542145,-0.2049657106399536,-0.0748542994260788,-0.23027867078781128,0.013112068176269531,0.1494128406047821,0.0779038518667221,-0.34487760066986084,0.055368822067976,-0.2294059842824936,-0.0016049600671976805,-0.26102349162101746,0.01399649865925312,0.08308358490467072,0.07127570360898972,-0.39740049839019775,0.0677669420838356,-0.19772522151470184,-0.0020872398745268583,-0.24015063047409058,0.01918986812233925,0.11558036506175995,0.0549226850271225,-0.3416929841041565,0.04949239641427994,-0.14813978970050812,-0.07497089356184006,-0.2318696528673172,0.0174538716673851,0.09514574706554413,0.010171271860599518,0.03469184786081314,0.16155290603637695,-0.07271722704172134,0.01739739626646042,0.044586408883333206,0.14429965615272522,0.06402844935655594,0.307598352432251,0.009469261392951012,0.0011887470027431846,-0.12656532227993011,0.3773660361766815,-0.03259788453578949,0.0029955392237752676,0.11669795960187912,0.6846842169761658,0.26833993196487427,0.0007314939284697175,-0.047866497188806534,0.7223590612411499,0.1626608520746231,0.0013175267959013581,0.12163085490465164,0.7261262536048889,0.2644306719303131,0.0009965392528101802,-0.0508556105196476,0.74127197265625,0.15163546800613403,0.0012065437622368336,0.014800498262047768,0.759085476398468,0.12592872977256775,0.000742920849006623,-0.08043494820594788,0.7699791789054871,0.10971623659133911,0.0011603472521528602
233.33333333333337,-0.06265424937009811,-0.5282129645347595,-0.34171900153160095,0.9998216032981873,-0.04847032204270363,-0.5793278217315674,-0.30952173471450806,0.9997186064720154,-0.044983603060245514,-0.5742698907852173,-0.3227255940437317,0.9997840523719788,-0.051784664392471313,-0.5588837265968323,-0.32154926657676697,0.9997785687446594,-0.06923197954893112,-0.6078536510467529,-0.328090637922287,0.9995774626731873,-0.0680706575512886,-0.6023494601249695,-0.31881579756736755,0.9989595413208008,-0.09200000762939453,-0.5881556868553162,-0.30383729934692383,0.9989742040634155,0.10230357944965363,-0.5786855220794678,-0.2044849395751953,0.99885094165802,-0.02346438728272915,-0.5617842674255371,-0.1737034022808075,0.9992037415504456,-0.03451898694038391,-0.515543520450592,-0.2901640236377716,0.999685525894165,-0.04842685908079147,-0.502488911151886,-0.300563782453537,0.9990257024765015,0.2176458090543747,-0.4438323974609375,-0.1456712931394577,0.9997028708457947,-0.1346956193447113,-0.45115718245506287,-0.049673158675432205,0.9975495934486389,0.2147735059261322,-0.173370823264122,-0.2564209997653961,0.8598353862762451,-0.16124729812145233,-0.18183301389217377,-0.07873955368995667,0.1998414397239685,0.15774604678153992,0.035866301506757736,-0.32619190216064453,0.18356120586395264,-0.20457309484481812,-0.06268250197172165,-0.22198708355426788,0.021921971812844276,0.14384420216083527,0.07835947722196579,-0.3443683981895447,0.15606985986232758,-0.22705590724945068,0.012476697564125061,-0.25135788321495056,0.02314683422446251,0.07777530699968338,0.07112192362546921,-0.39681413769721985,0.18760807812213898,-0.19444358348846436,0.012150557711720467,-0.23231962323188782,0.03169739618897438,0.10909730195999146,0.05515892058610916,-0.3399742543697357,0.138496994972229,-0.14713922142982483,-0.0623023584485054,-0.2238633781671524,0.029868945479393005,0.09451257437467575,0.009390757419168949,0.03142060711979866,0.18978172540664673,-0.07231508195400238,0.018145514652132988,0.04773980751633644,0.156388059258461,0.06448158621788025,0.3088463246822357,0.005814086180180311,0.0026843880768865347,-0.12805543839931488,0.38192906975746155,-0.043119389563798904,0.006936039309948683,0.12252046912908554,0.6875151991844177,0.2587323486804962,0.0017481610411778092,-0.044085048139095306,0.7329694032669067,0.15669479966163635,0.002874487079679966,0.12735562026500702,0.7294044494628906,0.2536875903606415,0.0018511799862608314,-0.04703192040324211,0.752074658870697,0.1466323286294937,0.002276752144098282,0.018389679491519928,0.7632486820220947,0.11755022406578064,0.0016690960619598627,-0.07986891269683838,0.7857186794281006,0.10934500396251678,0.0025035704020410776
266.6666666666667,-0.05989021062850952,-0.530061662197113,-0.34174486994743347,0.9996722936630249,-0.04705888777971268,-0.5808395743370056,-0.30878034234046936,0.9993966817855835,-0.0420537106692791,-0.5751438736915588,-0.32123997807502747,0.999510645866394,-0.049827609211206436,-0.560602605342865,-0.3204347789287567,0.9994925260543823,-0.0660567432641983,-0.6096794605255127,-0.3291642963886261,0.9991726279258728,-0.0651908665895462,-0.6034506559371948,-0.3199944496154785,0.9980068802833557,-0.08915906399488449,-0.5897000432014465,-0.3060072958469391,0.9981182813644409,0.09970851987600327,-0.581121027469635,-0.2019902616739273,0.9967923760414124,-0.02371905744075775,-0.5635411739349365,-0.18013286590576172,0.9983957409858704,-0.032524224370718,-0.5172933340072632,-0.28761351108551025,0.9992628693580627,-0.04658140614628792,-0.5043331980705261,-0.3015279173851013,0.9978922009468079,0.21298861503601074,-0.44962334632873535,-0.13977868854999542,0.999189555644989,-0.13734115660190582,-0.45080575346946716,-0.058863185346126556,0.9940670728683472,0.21776185929775238,-0.17773886024951935,-0.25328487157821655,0.8705126643180847,-0.1603124737739563,-0.17949332296848297,-0.10032887011766434,0.2970375120639801,0.16466118395328522,0.03154772147536278,-0.35144487023353577,0.22195741534233093,-0.20268607139587402,-0.06944617629051208,-0.25649335980415344,0.03900394216179848,0.15600141882896423,0.07109386473894119,-0.3751809298992157,0.19808368384838104,-0.22283975780010223,0.0064094290137290955,-0.288727730512619,0.040347304195165634,0.08630245178937912,0.06692707538604736,-0.42766106128692627,0.23387359082698822,-0.19255346059799194,0.005318020470440388,-0.2685117721557617,0.05409253388643265,0.11616107821464539,0.05228490009903908,-0.3658454716205597,0.17547523975372314,-0.1452590972185135,-0.06862478703260422,-0.25888946652412415,0.049103349447250366,0.09325728565454483,0.007826678454875946,0.033964287489652634,0.3299104571342468,-0.07166901975870132,0.020073574036359787,0.044556811451911926,0.2957586646080017,0.07729436457157135,0.3049800395965576,0.007379948161542416,0.004684429615736008,-0.1406591385602951,0.36371174454689026,-0.056292563676834106,0.01142069697380066,0.13680057227611542,0.674211859703064,0.2567659616470337,0.0018616733141243458,-0.059048693627119064,0.7083595991134644,0.12504808604717255,0.003343868302181363,0.14054352045059204,0.7161886692047119,0.2510644495487213,0.001820835517719388,-0.062094058841466904,0.7262569069862366,0.1116769015789032,0.002435508882626891,0.029226606711745262,0.751089334487915,0.11835993081331253,0.0019085729727521539,-0.08546017110347748,0.7553141117095947,0.07354074716567993,0.0030468194745481014
300.0,-0.05119301751255989,-0.5276206135749817,-0.3439262807369232,0.9994738698005676,-0.037431031465530396,-0.5769388675689697,-0.3109261393547058,0.9990492463111877,-0.033182837069034576,-0.5715973973274231,-0.32416191697120667,0.9992431402206421,-0.04057013988494873,-0.5567275881767273,-0.3229313790798187,0.9992009997367859,-0.05722261965274811,-0.6066253781318665,-0.33077311515808105,0.9987247586250305,-0.05608106777071953,-0.6006138920783997,-0.32160162925720215,0.9970365762710571,-0.07994790375232697,-0.586372435092926,-0.3068869113922119,0.9972346425056458,0.11129040271043777,-0.5731874108314514,-0.2041924148797989,0.9954726099967957,-0.01190500520169735,-0.5594214797019958,-0.17889265716075897,0.9978691339492798,-0.024214867502450943,-0.5137275457382202,-0.29089412093162537,0.9989629983901978,-0.037806473672389984,-0.5019161701202393,-0.303278386592865,0.997142493724823,0.22682856023311615,-0.44004756212234497,-0.1391187161207199,0.9989744424819946,-0.13033422827720642,-0.4501747488975525,-0.05721801519393921,0.9947566986083984,0.2248203158378601,-0.169708251953125,-0.25295618176460266,0.7982551455497742,-0.15248635411262512,-0.18503795564174652,-0.09055158495903015,0.2186741977930069,0.16778165102005005,0.040534332394599915,-0.34288686513900757,0.11001742631196976,-0.18727582693099976,-0.071637362241745,-0.23425957560539246,0.024837836623191833,0.15651342272758484,0.08281141519546509,-0.36401113867759705,0.10030227154493332,-0.20702379941940308,0.00470124464482069,-0.2660541534423828,0.02611311338841915,0.08814885467290878,0.07794573158025742,-0.41619864106178284,0.12164381146430969,-0.17449693381786346,0.0046660322695970535,-0.244102343916893,0.03523389622569084,0.11859538406133652,0.06122014299035072,-0.35767632722854614,0.08778180927038193,-0.12859053909778595,-0.07065029442310333,-0.23599115014076233,0.03156562149524689,0.09710963070392609,0.009771564975380898,0.034483201801776886,0.2829965651035309,-0.07496393471956253,0.018009088933467865,0.04439619556069374,0.2597523331642151,0.07504455745220184,0.30229651927948,-0.0027644929941743612,0.0034027709625661373,-0.1335364729166031,0.361729234457016,-0.05999256670475006,0.007881791330873966,0.13128389418125153,0.6635622978210449,0.24057984352111816,0.0015426266472786665,-0.052538368850946426,0.694814920425415,0.13516142964363098,0.002273880410939455,0.13510021567344666,0.7042601704597473,0.23478229343891144,0.0016618992667645216,-0.05592031031847,0.711790919303894,0.1237107664346695,0.001962535548955202,0.02181899920105934,0.7398765683174133,0.094040147960186,0.0015881169820204377,-0.08247804641723633,0.7422915101051331,0.08379512280225754,0.002101754304021597
333.3333333333333,-0.055429842323064804,-0.5298751592636108,-0.33464306592941284,0.9995217323303223,-0.04129260778427124,-0.5799398422241211,-0.30188408493995667,0.99912029504776,-0.036230478435754776,-0.5742677450180054,-0.314270943403244,0.9993081092834473,-0.044068776071071625,-0.5598883032798767,-0.313539981842041,0.9992730021476746,-0.06042269617319107,-0.6094890832901001,-0.32133856415748596,0.9988081455230713,-0.05946924909949303,-0.6033812761306763,-0.31212323904037476,0.9972109198570251,-0.08338885009288788,-0.5894637107849121,-0.29823732376098633,0.9973896145820618,0.10819254070520401,-0.5803571939468384,-0.19557295739650726,0.9956455826759338,-0.01567968539893627,-0.5653049945831299,-0.1702629178762436,0.9979717135429382,-0.027179406955838203,-0.5172435641288757,-0.28037357330322266,0.9989562034606934,-0.04142139106988907,-0.5050583481788635,-0.2930188775062561,0.9970570802688599,0.22383125126361847,-0.4458347260951996,-0.13390810787677765,0.9988179802894592,-0.1318320333957672,-0.4548409581184387,-0.047997504472732544,0.9927922487258911,0.22284354269504547,-0.17257794737815857,-0.2508319616317749,0.8627394437789917,-0.15311677753925323,-0.18477500975131989,-0.08291196078062057,0.282674103975296,0.1681734025478363,0.03418537229299545,-0.34865427017211914,0.20380468666553497,-0.1916106939315796,-0.07210464775562286,-0.23229195177555084,0.03818311542272568,0.15992511808872223,0.07392940670251846,-0.37323087453842163,0.18815676867961884,-0.21174879372119904,0.005488481372594833,-0.2625632882118225,0.04108789190649986,0.09081011265516281,0.06967293471097946,-0.4253380298614502,0.22552922368049622,-0.18043915927410126,0.0052699134685099125,-0.2431008219718933,0.055648211389780045,0.11984336376190186,0.05507425218820572,-0.3630398213863373,0.16911615431308746,-0.13374128937721252,-0.07053864747285843,-0.2345491498708725,0.05128558352589607,0.09569234400987625,0.009706391021609306,0.032571084797382355,0.26398107409477234,-0.0740143433213234,0.017891203984618187,0.04597536846995354,0.23980370163917542,0.073841392993927,0.30711084604263306,-0.001980723114684224,0.004676885437220335,-0.14425019919872284,0.3653120696544647,-0.0709851011633873,0.01272729691118002,0.1304597705602646,0.6746949553489685,0.23907113075256348,0.0019603129476308823,-0.062452785670757294,0.7032163739204407,0.10893755406141281,0.0033552562817931175,0.13371381163597107,0.716070830821991,0.23257607221603394,0.0018785783322528005,-0.06596473604440689,0.7203682065010071,0.09606776386499405,0.002600013976916671,0.01821201667189598,0.7510516047477722,0.09625599533319473,0.0020436514168977737,-0.09231062233448029,0.748077392578125,0.05832696333527565,0.0032147387973964214
366.66666666666663,-0.06003841757774353,-0.5278133749961853,-0.34626397490501404,0.9996939897537231,-0.048256758600473404,-0.5774673223495483,-0.3137504458427429,0.9994749426841736,-0.0445706844329834,-0.5722622871398926,-0.32742807269096375,0.9995785355567932,-0.0513850599527359,-0.5570726990699768,-0.32597362995147705,0.9995586276054382,-0.06757139414548874,-0.6060377359390259,-0.333497554063797,0.9992743134498596,-0.06665293127298355,-0.6002531051635742,-0.32424795627593994,0.9982696771621704,-0.09027797728776932,-0.5858515501022339,-0.3092702031135559,0.9983612895011902,0.09892349690198898,-0.5741132497787476,-0.2082899659872055,0.9975681900978088,-0.022998863831162453,-0.5565561056137085,-0.18234187364578247,0.9987472295761108,-0.0335664264857769,-0.5140114426612854,-0.2941310703754425,0.9994471669197083,-0.04654989391565323,-0.5012361407279968,-0.30627506971359253,0.9984464049339294,0.21565453708171844,-0.4436740577220917,-0.14382579922676086,0.9994452595710754,-0.1362156867980957,-0.44681718945503235,-0.05803995206952095,0.9967678785324097,0.21604204177856445,-0.18005262315273285,-0.2569071054458618,0.8231147527694702,-0.16276715695858002,-0.1861433982849121,-0.08472331613302231,0.2145635485649109,0.1583900898694992,0.034164153039455414,-0.34565287828445435,0.12956640124320984,-0.19971558451652527,-0.0755191445350647,-0.22367419302463531,0.026484105736017227,0.14521440863609314,0.07781140506267548,-0.36578795313835144,0.11186543107032776,-0.219482421875,-0.0009653528686612844,-0.2553013563156128,0.027309956029057503,0.07697014510631561,0.07454771548509598,-0.41829878091812134,0.1343214064836502,-0.1874208003282547,-0.001199641264975071,-0.23315414786338806,0.03677973523736,0.10859273374080658,0.055370185524225235,-0.3605812191963196,0.09635967016220093,-0.1413593292236328,-0.07527412474155426,-0.22527816891670227,0.03239947184920311,0.09602691233158112,0.008263197727501392,0.0351187065243721,0.308840811252594,-0.07344873994588852,0.019509857520461082,0.04398287460207939,0.2864759862422943,0.07982854545116425,0.3031075894832611,0.0056142015382647514,0.0025798708666116,-0.12991458177566528,0.3652400076389313,-0.061160992830991745,0.007323201280087233,0.13782952725887299,0.6724581122398376,0.2642696797847748,0.0011868322035297751,-0.045127782970666885,0.7035836577415466,0.12449150532484055,0.0022580407094210386,0.14300349354743958,0.7140435576438904,0.26031461358070374,0.001411633798852563,-0.04706963896751404,0.7215471863746643,0.11203131079673767,0.0018359955865889788,0.03863759711384773,0.7532961368560791,0.12575368583202362,0.0012138450983911753,-0.0711105614900589,0.7549195885658264,0.0703829824924469,0.002026788191869855
399.99999999999994,-0.06505545973777771,-0.5324327945709229,-0.3267824053764343,0.999126136302948,-0.051521651446819305,-0.5823598504066467,-0.2936326563358307,0.9984447360038757,-0.04777724668383598,-0.5772055387496948,-0.30765604972839355,0.9987736344337463,-0.054952532052993774,-0.5620009303092957,-0.30575045943260193,0.9987473487854004,-0.07196219265460968,-0.610908031463623,-0.3132598102092743,0.9977976083755493,-0.07103416323661804,-0.6050825715065002,-0.30384883284568787,0.9948511719703674,-0.09464568644762039,-0.5911967158317566,-0.2888014316558838,0.9951469302177429,0.09803525358438492,-0.5783189535140991,-0.18744885921478271,0.9927830696105957,-0.027424514293670654,-0.5618466734886169,-0.16036716103553772,0.9959515333175659,-0.037725780159235,-0.5190419554710388,-0.2746121883392334,0.9983171224594116,-0.05131012201309204,-0.5063825249671936,-0.28647011518478394,0.9951089024543762,0.2158079743385315,-0.4450346827507019,-0.13057854771614075,0.9991133809089661,-0.14046980440616608,-0.44925159215927124,-0.0395524837076664,0.9937331080436707,0.21904785931110382,-0.18161047995090485,-0.2516583800315857,0.7476040720939636,-0.16560140252113342,-0.1793137490749359,-0.08098931610584259,0.12210378050804138,0.16148926317691803,0.026967549696564674,-0.34240400791168213,0.08193447440862656,-0.20221106708049774,-0.06865224987268448,-0.22883130609989166,0.012539392337203026,0.14939312636852264,0.06690485775470734,-0.3642991781234741,0.07395545393228531,-0.22190915048122406,0.0058149127289652824,-0.2608488202095032,0.014104911126196384,0.08057504147291183,0.06206406652927399,-0.41578274965286255,0.08932735025882721,-0.18970917165279388,0.0033735190518200397,-0.23933829367160797,0.019006110727787018,0.11177846044301987,0.0469810925424099,-0.35724470019340515,0.06447815895080566,-0.14419682323932648,-0.06939172744750977,-0.23123054206371307,0.017355185002088547,0.09788581728935242,0.010251317173242569,0.03268137574195862,0.24501700699329376,-0.07507029175758362,0.0175784844905138,0.04679085686802864,0.20700769126415253,0.07116900384426117,0.30305585265159607,-0.019264008849859238,0.0017291007097810507,-0.13445313274860382,0.36922353506088257,-0.06206757202744484,0.0037160569336265326,0.11535200476646423,0.6774609684944153,0.20441557466983795,0.0010437623132020235,-0.05749296769499779,0.7061679363250732,0.10556145757436752,0.001511470996774733,0.11869640648365021,0.7194173336029053,0.1964920610189438,0.0012286367127671838,-0.06073388457298279,0.7237846255302429,0.09150286018848419,0.0014005569973960519,0.011304636485874653,0.7584263682365417,0.05049550160765648,0.0010242766002193093,-0.08891753852367401,0.7548363208770752,0.04636109247803688,0.0013888380490243435
433.33333333333326,-0.06375423073768616,-0.5309810638427734,-0.3391585052013397,0.9990395903587341,-0.05088001489639282,-0.5810752511024475,-0.3060128390789032,0.9983286261558533,-0.04742875322699547,-0.5758092403411865,-0.32041987776756287,0.9986473917961121,-0.05443413183093071,-0.5601820945739746,-0.3184318542480469,0.9986074566841125,-0.07190223038196564,-0.6093919277191162,-0.32648345828056335,0.99774569272995,-0.07077407836914062,-0.603694498538971,-0.3170422911643982,0.9947441816329956,-0.09452830255031586,-0.5896427035331726,-0.3018154203891754,0.9951139688491821,0.0971955880522728,-0.5772843956947327,-0.1989174634218216,0.9920969009399414,-0.028345152735710144,-0.56053626537323,-0.1735992431640625,0.9961158037185669,-0.036875687539577484,-0.5182686448097229,-0.2865625023841858,0.9982435703277588,-0.050305452197790146,-0.5053081512451172,-0.29919296503067017,0.995164155960083,0.2156035155057907,-0.44727620482444763,-0.13419948518276215,0.9990369081497192,-0.14188076555728912,-0.4482308626174927,-0.05623670667409897,0.9943369030952454,0.21956703066825867,-0.18451012670993805,-0.2496526539325714,0.6131197214126587,-0.1629243642091751,-0.1790706217288971,-0.09930666536092758,0.10676830261945724,0.17081201076507568,0.023455897346138954,-0.3345930576324463,0.04214022308588028,-0.20124776661396027,-0.06370799988508224,-0.24020101130008698,0.009370432235300541,0.15950967371463776,0.06353402882814407,-0.3529793322086334,0.03978497534990311,-0.22331833839416504,0.010873150080442429,-0.27176806330680847,0.00994570180773735,0.09267549961805344,0.05829063057899475,-0.4056658446788788,0.048780422657728195,-0.19129642844200134,0.00926864892244339,-0.24981804192066193,0.01346448715776205,0.12212983518838882,0.04318806156516075,-0.3498619496822357,0.03580913320183754,-0.14366111159324646,-0.06413910537958145,-0.24217137694358826,0.012182208709418774,0.09802212566137314,0.008946959860622883,0.03625792637467384,0.18174178898334503,-0.07511589676141739,0.018794894218444824,0.04341333732008934,0.15690550208091736,0.06975839287042618,0.30120790004730225,-0.011864827014505863,0.0010684599401429296,-0.12829872965812683,0.37348461151123047,-0.045388057827949524,0.00207644235342741,0.11753514409065247,0.6768823266029358,0.21199387311935425,0.0007593911723233759,-0.05226314440369606,0.7110800743103027,0.13405896723270416,0.000961600337177515,0.1216673031449318,0.718288779258728,0.20393744111061096,0.0009992107516154647,-0.05558493733406067,0.7286456823348999,0.12150529772043228,0.0009916579583659768,0.014171494171023369,0.7534499168395996,0.05375589057803154,0.0007511341827921569,-0.08301806449890137,0.7585341930389404,0.07563993334770203,0.0008770757704041898
466.6666666666666,-0.06414925307035446,-0.5285335183143616,-0.3535201847553253,0.9994497895240784,-0.04944697022438049,-0.5795506238937378,-0.3211269676685333,0.9990288019180298,-0.04543690010905266,-0.5742058157920837,-0.33350178599357605,0.9992285966873169,-0.05249731242656708,-0.5591645240783691,-0.3327699899673462,0.9992210865020752,-0.0706566572189331,-0.6085470914840698,-0.33966052532196045,0.9986432194709778,-0.06898321211338043,-0.603053867816925,-0.33083146810531616,0.9967412352561951,-0.09345797449350357,-0.5886556506156921,-0.31655287742614746,0.996971845626831,0.10116984695196152,-0.5824778079986572,-0.21530568599700928,0.99605393409729,-0.023843402042984962,-0.5665574669837952,-0.18627016246318817,0.9976711869239807,-0.03609190136194229,-0.516113817691803,-0.30092018842697144,0.9991747736930847,-0.050544049590826035,-0.5033769607543945,-0.312585711479187,0.9975798726081848,0.2176978886127472,-0.4483228325843811,-0.16223520040512085,0.9994328618049622,-0.14591743052005768,-0.45231133699417114,-0.06433819234371185,0.9962061643600464,0.21675272285938263,-0.16658645868301392,-0.28182554244995117,0.7940280437469482,-0.1702498346567154,-0.18465934693813324,-0.11367364227771759,0.23225072026252747,0.16470104455947876,0.06157681345939636,-0.36622437834739685,0.09801004081964493,-0.20936612784862518,-0.06912077963352203,-0.2807875871658325,0.0291660837829113,0.15531843900680542,0.1078973039984703,-0.38593482971191406,0.08731215447187424,-0.22948868572711945,0.0071821860037744045,-0.3145564794540405,0.03052021935582161,0.08678330481052399,0.1052565723657608,-0.438275009393692,0.10547637939453125,-0.19454914331436157,0.00614946149289608,-0.29385748505592346,0.04158499464392662,0.11658267676830292,0.08498966693878174,-0.3795914053916931,0.07627958804368973,-0.15085014700889587,-0.06858327239751816,-0.2831858694553375,0.03664537891745567,0.09524756669998169,0.007431026082485914,0.030273331329226494,0.2189284712076187,-0.07343606650829315,0.020340416580438614,0.04818137735128403,0.20208285748958588,0.06689001619815826,0.3036928176879883,0.020854847505688667,0.0018606261583045125,-0.13749922811985016,0.3752295970916748,-0.007955829612910748,0.004088574554771185,0.1259775012731552,0.6723190546035767,0.2857343554496765,0.0010118845384567976,-0.04524846374988556,0.7167243361473083,0.19494667649269104,0.0017553971847519279,0.13010849058628082,0.7139623761177063,0.281654953956604,0.0012294696643948555,-0.04718732833862305,0.7346907258033752,0.18348456919193268,0.0014915087958797812,0.020673289895057678,0.7441948056221008,0.14470010995864868,0.0010416221339255571,-0.07235249876976013,0.7625124454498291,0.14539726078510284,0.001517824362963438
499.9999999999999,-0.060800276696681976,-0.5281171202659607,-0.3435898423194885,0.9992218017578125,-0.04706810787320137,-0.5799654126167297,-0.31186363101005554,0.9985952973365784,-0.04334639012813568,-0.5749016404151917,-0.32424214482307434,0.9989463686943054,-0.04993787780404091,-0.5598833560943604,-0.323179692029953,0.9989509582519531,-0.06788308918476105,-0.6081616878509521,-0.33022403717041016,0.9979629516601562,-0.06616175174713135,-0.6030125021934509,-0.32148465514183044,0.9952006340026855,-0.09044796973466873,-0.5884672999382019,-0.30696508288383484,0.9955121874809265,0.10168124735355377,-0.5849462747573853,-0.20843495428562164,0.9949729442596436,-0.022335698828101158,-0.565614640712738,-0.17989003658294678,0.9967615008354187,-0.033126939088106155,-0.5165796875953674,-0.2916373908519745,0.99887615442276,-0.046860937029123306,-0.503229558467865,-0.30312928557395935,0.9966105818748474,0.2205817550420761,-0.4473745822906494,-0.1605115681886673,0.9995018243789673,-0.1452854722738266,-0.45161521434783936,-0.05854950472712517,0.9960015416145325,0.22048497200012207,-0.1660640686750412,-0.27684178948402405,0.8144035935401917,-0.17334841191768646,-0.17975465953350067,-0.10178632289171219,0.20687897503376007,0.17434124648571014,0.05924246832728386,-0.35125091671943665,0.1223834753036499,-0.20955659449100494,-0.06335920095443726,-0.26260361075401306,0.028708022087812424,0.166839599609375,0.10457558929920197,-0.3706921637058258,0.10615462809801102,-0.22867590188980103,0.013038711622357368,-0.29492953419685364,0.030788369476795197,0.0977928638458252,0.10103045403957367,-0.4229021668434143,0.12856315076351166,-0.19286984205245972,0.009744871407747269,-0.27543893456459045,0.04217924550175667,0.12626947462558746,0.08156916499137878,-0.3644285500049591,0.0954245775938034,-0.15074238181114197,-0.06405451893806458,-0.2652643918991089,0.0381559282541275,0.0961645320057869,0.00858636386692524,0.029584070667624474,0.16705867648124695,-0.07413751631975174,0.0190585870295763,0.04906473681330681,0.14604733884334564,0.06665301322937012,0.3041903078556061,0.01569598913192749,0.001411602133885026,-0.13611005246639252,0.38201722502708435,-0.017725983634591103,0.0034320771228522062,0.12054987996816635,0.6784142255783081,0.2658275365829468,0.0009596846648491919,-0.04646097123622894,0.72465580701828,0.1735767275094986,0.0015758279478177428,0.12414795160293579,0.7204368114471436,0.2601707875728607,0.001158407423645258,-0.04884191229939461,0.7431656718254089,0.1617525815963745,0.0013722438598051667,0.012000602670013905,0.7517116665840149,0.11994267255067825,0.0009500702726654708,-0.0742608904838562,0.7733697891235352,0.12294337898492813,0.001366782234981656
533.3333333333333,-0.05332810431718826,-0.5276615619659424,-0.3614889979362488,0.999386191368103,-0.04166717082262039,-0.5796414017677307,-0.32781052589416504,0.9988872408866882,-0.03736341372132301,-0.5732032060623169,-0.3402974009513855,0.999100923538208,-0.044350311160087585,-0.5582675337791443,-0.3396335244178772,0.9991065859794617,-0.06292286515235901,-0.6071856617927551,-0.34855586290359497,0.9984163045883179,-0.061914533376693726,-0.601058840751648,-0.3396734297275543,0.9961093068122864,-0.08564378321170807,-0.5869449973106384,-0.325486958026886,0.9963586926460266,0.10470500588417053,-0.5873260498046875,-0.21896424889564514,0.9950624108314514,-0.02274991199374199,-0.5647164583206177,-0.19722163677215576,0.9972883462905884,-0.0259462408721447,-0.5164312720298767,-0.3063521087169647,0.9990795850753784,-0.04043637216091156,-0.5025266408920288,-0.31990188360214233,0.9972743391990662,0.22280031442642212,-0.45688197016716003,-0.15842095017433167,0.9994862079620361,-0.14032146334648132,-0.44934600591659546,-0.08422458916902542,0.9955676198005676,0.23805378377437592,-0.17893701791763306,-0.2842801809310913,0.841589629650116,-0.16648566722869873,-0.1746540367603302,-0.14335134625434875,0.24705258011817932,0.18537405133247375,0.041328065097332,-0.3919702470302582,0.16932781040668488,-0.1974441409111023,-0.048762813210487366,-0.30646783113479614,0.02408996969461441,0.17618103325366974,0.08479887247085571,-0.41505181789398193,0.1507531851530075,-0.2155161052942276,0.031235456466674805,-0.34057551622390747,0.024043604731559753,0.1039322167634964,0.0829172283411026,-0.4684528410434723,0.18147963285446167,-0.18100015819072723,0.030849125236272812,-0.3192920982837677,0.03294980525970459,0.13612671196460724,0.06399913132190704,-0.4058093726634979,0.13132761418819427,-0.13843439519405365,-0.04820815101265907,-0.308604896068573,0.028833895921707153,0.09609419107437134,0.00546676479279995,0.03937144577503204,0.21664565801620483,-0.07370401173830032,0.02175109088420868,0.038643889129161835,0.189700648188591,0.08558349311351776,0.3081972002983093,0.024033406749367714,0.001400732435286045,-0.13073433935642242,0.37894535064697266,-0.06793344020843506,0.005413309205323458,0.14008161425590515,0.6752314567565918,0.2922922968864441,0.0007993451436050236,-0.05419842153787613,0.7287658452987671,0.10447324812412262,0.0021725718397647142,0.1445186585187912,0.7165180444717407,0.28847745060920715,0.0009747461881488562,-0.05670320242643356,0.7474199533462524,0.09012202173471451,0.0015230849385261536,0.0382724329829216,0.7531444430351257,0.1574663519859314,0.0008683185442350805,-0.07476972788572311,0.7788127660751343,0.046956781297922134,0.0019657688681036234
566.6666666666666,-0.06254953891038895,-0.5389050245285034,-0.3387826085090637,0.9998825788497925,-0.05074263736605644,-0.5895485281944275,-0.3028368353843689,0.9998121857643127,-0.04543570801615715,-0.5834153890609741,-0.31538376212120056,0.999854326248169,-0.05399252474308014,-0.5692697167396545,-0.3144824206829071,0.9998445510864258,-0.06816407293081284,-0.6185228824615479,-0.32555949687957764,0.9997343420982361,-0.066855289041996,-0.6124880909919739,-0.31662434339523315,0.9993591904640198,-0.0914381667971611,-0.5986196398735046,-0.3032620847225189,0.9993082284927368,0.09560555964708328,-0.5889951586723328,-0.1929934173822403,0.9992601275444031,-0.026245594024658203,-0.574229896068573,-0.17730727791786194,0.9995989203453064,-0.03603115305304527,-0.526649534702301,-0.2830950915813446,0.9998878240585327,-0.050276488065719604,-0.5132880210876465,-0.2978348135948181,0.9996589422225952,0.2255115956068039,-0.45930102467536926,-0.12628431618213654,0.999763548374176,-0.15665405988693237,-0.45311540365219116,-0.06468149274587631,0.9974076151847839,0.25023263692855835,-0.18471257388591766,-0.2651350796222687,0.9662426114082336,-0.1848585307598114,-0.17442598938941956,-0.11996612697839737,0.6104387640953064,0.17677994072437286,-0.010583896189928055,-0.4311571717262268,0.7999550700187683,-0.22577732801437378,-0.07893756031990051,-0.30153822898864746,0.23185040056705475,0.1624676138162613,0.019036106765270233,-0.46557381749153137,0.7786162495613098,-0.24800221621990204,-0.005809412337839603,-0.34020841121673584,0.23917418718338013,0.08650542050600052,0.007031287997961044,-0.5183026194572449,0.8188421726226807,-0.2191159874200821,-0.009773661382496357,-0.3227721154689789,0.30894309282302856,0.12441891431808472,0.004787313751876354,-0.44752129912376404,0.7213149666786194,-0.16959455609321594,-0.08041522651910782,-0.30486270785331726,0.25354865193367004,0.10122182965278625,0.0035450139548629522,0.03839217498898506,0.3490753769874573,-0.07955145090818405,0.024961082264780998,0.03954005613923073,0.28917405009269714,0.11004926264286041,0.27681997418403625,-0.016804713755846024,0.00907798670232296,-0.13667219877243042,0.33741551637649536,-0.1025109514594078,0.025614812970161438,0.16995012760162354,0.6184644103050232,0.2611701488494873,0.0021177399903535843,-0.04560821130871773,0.6551619172096252,0.09897980093955994,0.00387048302218318,0.17412692308425903,0.6569883823394775,0.2585679590702057,0.002009278628975153,-0.046168092638254166,0.6688663363456726,0.08852959424257278,0.0030702236108481884,0.059533681720495224,0.6895321011543274,0.13098753988742828,0.002408471656963229,-0.0675465315580368,0.7030279040336609,0.061801910400390625,0.003961940761655569
600.0,-0.07967384904623032,-0.5278705954551697,-0.31072837114334106,0.9992918968200684,-0.07385419309139252,-0.5793728828430176,-0.27816691994667053,0.9987970590591431,-0.06865520775318146,-0.5733391642570496,-0.2903776466846466,0.9990629553794861,-0.07758193463087082,-0.5591421723365784,-0.2896055579185486,0.9990512728691101,-0.08828100562095642,-0.6068181991577148,-0.30324891209602356,0.9982388019561768,-0.08701185882091522,-0.601104736328125,-0.29413896799087524,0.9958757758140564,-0.11210332065820694,-0.5864654183387756,-0.2805110216140747,0.9961459636688232,0.05579571798443794,-0.5821419358253479,-0.17844171822071075,0.9951024055480957,-0.05108128860592842,-0.5567787885665894,-0.17335538566112518,0.9976654052734375,-0.06020866334438324,-0.516517162322998,-0.2587369978427887,0.9992745518684387,-0.06933492422103882,-0.5012364983558655,-0.2753874361515045,0.9976943135261536,0.198758065700531,-0.45216673612594604,-0.11397869139909744,0.9994365572929382,-0.17514266073703766,-0.4365515410900116,-0.06768739968538284,0.9951189756393433,0.2412218302488327,-0.18884696066379547,-0.2936372458934784,0.9574788212776184,-0.1890723705291748,-0.14686979353427887,-0.11651544272899628,0.4256149232387543,0.18126171827316284,-0.1117819994688034,-0.5035634636878967,0.7224279046058655,-0.21254606544971466,-0.04654047638177872,-0.28572309017181396,0.05868084356188774,0.16953814029693604,-0.11363184452056885,-0.5412293076515198,0.6614441871643066,-0.2261756956577301,0.02654021792113781,-0.32136136293411255,0.05972329527139664,0.10858044028282166,-0.13179686665534973,-0.5895279049873352,0.6985675096511841,-0.19120702147483826,0.024406572803854942,-0.2997458279132843,0.07657035440206528,0.13554348051548004,-0.10572168976068497,-0.5204877257347107,0.5660211443901062,-0.15199440717697144,-0.048824407160282135,-0.2883484661579132,0.06576620042324066,0.09691549837589264,0.002615266712382436,0.041021671146154404,0.49538666009902954,-0.07435541599988937,0.026739533990621567,0.03643399849534035,0.42530202865600586,0.10733263939619064,0.2758443355560303,-0.005499915685504675,0.005692115984857082,-0.12662944197654724,0.343910276889801,-0.09513305872678757,0.01373338419944048,0.15503939986228943,0.6277156472206116,0.2062128782272339,0.001818347256630659,-0.03517027944326401,0.6541886925697327,0.08466137945652008,0.002065786626189947,0.15842793881893158,0.6697419285774231,0.19699320197105408,0.00204050587490201,-0.037512391805648804,0.6669920086860657,0.07046753913164139,0.001984495436772704,0.0659799799323082,0.7176279425621033,0.06750478595495224,0.0017018740763887763,-0.0487213134765625,0.7135684490203857,0.04381415992975235,0.0018083896720781922
633.3333333333334,-0.07748273015022278,-0.5315292477607727,-0.2760506868362427,0.9999045133590698,-0.0710756704211235,-0.5823199152946472,-0.24268591403961182,0.9998165965080261,-0.06638048589229584,-0.576224148273468,-0.25548797845840454,0.9998574256896973,-0.07542219012975693,-0.5625898838043213,-0.2540859282016754,0.9998494386672974,-0.08391300588846207,-0.6100847721099854,-0.26878368854522705,0.9997472167015076,-0.08271525055170059,-0.6044890284538269,-0.2598970830440521,0.9994074106216431,-0.10787153244018555,-0.590356707572937,-0.24640733003616333,0.9994288086891174,0.054425716400146484,-0.5812991857528687,-0.14088210463523865,0.9991317391395569,-0.04980706796050072,-0.5568580031394958,-0.14357680082321167,0.9996620416641235,-0.05936085432767868,-0.5205852389335632,-0.22282147407531738,0.9998904466629028,-0.06754133105278015,-0.5053516626358032,-0.24085383117198944,0.9996834993362427,0.1917068213224411,-0.44528356194496155,-0.07423943281173706,0.9997523427009583,-0.16607296466827393,-0.43641847372055054,-0.031037287786602974,0.9979464411735535,0.25726619362831116,-0.19226045906543732,-0.24370218813419342,0.990105926990509,-0.18685954809188843,-0.1476615071296692,-0.064754918217659,0.5957809090614319,0.21807511150836945,-0.1729768067598343,-0.45604780316352844,0.9627648591995239,-0.2210322916507721,-0.05233011767268181,-0.21545721590518951,0.1593053787946701,0.20823903381824493,-0.19127711653709412,-0.4960964322090149,0.9364343285560608,-0.23943065106868744,0.019333476200699806,-0.24219319224357605,0.1467854231595993,0.1510167270898819,-0.20855547487735748,-0.5412232875823975,0.9434103965759277,-0.20611847937107086,0.020082879811525345,-0.22197556495666504,0.17848271131515503,0.174833744764328,-0.16984616219997406,-0.4720897972583771,0.9027121663093567,-0.16163137555122375,-0.054026853293180466,-0.21645665168762207,0.16962780058383942,0.09184575825929642,0.005793384276330471,0.041447531431913376,0.5528977513313293,-0.06959623843431473,0.024183547124266624,0.036122869700193405,0.47162091732025146,0.10186414420604706,0.2921413779258728,-0.02783232368528843,0.023475995287299156,-0.13469447195529938,0.34938889741897583,-0.0943693295121193,0.041919395327568054,0.15332967042922974,0.6319003701210022,0.19080805778503418,0.004831475205719471,-0.04582952335476875,0.6663224101066589,0.08102188259363174,0.0056381141766905785,0.15809208154678345,0.6728668808937073,0.18284232914447784,0.0043848128989338875,-0.04931928217411041,0.6804333329200745,0.06747794151306152,0.004235406871885061,0.054788410663604736,0.7115666270256042,0.054375652223825455,0.003893942339345813,-0.06778855621814728,0.7203682065010071,0.039820343255996704,0.00433672871440649
666.6666666666667,-0.0764797255396843,-0.5331630110740662,-0.26782697439193726,0.9999328851699829,-0.06891198456287384,-0.5839827656745911,-0.23401756584644318,0.9998691082000732,-0.06432847678661346,-0.5779541730880737,-0.24667692184448242,0.9998966455459595,-0.07341121882200241,-0.5643213391304016,-0.24534380435943604,0.9998884201049805,-0.08229506760835648,-0.6117165684700012,-0.25951695442199707,0.9998286962509155,-0.08090440183877945,-0.6061506271362305,-0.2506081759929657,0.9996035695075989,-0.10613719373941422,-0.5922272205352783,-0.23723241686820984,0.9996240139007568,0.05870102345943451,-0.5823603868484497,-0.13108031451702118,0.9993277788162231,-0.04749058932065964,-0.5585805773735046,-0.13267864286899567,0.9997795224189758,-0.05763273686170578,-0.52201247215271,-0.21447600424289703,0.999914288520813,-0.06636258959770203,-0.5069461464881897,-0.23186025023460388,0.999767005443573,0.19567349553108215,-0.4444497525691986,-0.0660720020532608,0.9997401833534241,-0.16415633261203766,-0.43651869893074036,-0.02142130397260189,0.9983651041984558,0.2633287310600281,-0.19280509650707245,-0.23768050968647003,0.9886021018028259,-0.18960142135620117,-0.14943556487560272,-0.0577775239944458,0.65329909324646,0.23001863062381744,-0.1771930456161499,-0.4524681866168976,0.9597426056861877,-0.22165429592132568,-0.06032974272966385,-0.21580404043197632,0.24367952346801758,0.22158415615558624,-0.19679342210292816,-0.49356207251548767,0.9343474507331848,-0.2396632730960846,0.00929116178303957,-0.24441710114479065,0.2257348895072937,0.16453276574611664,-0.21413147449493408,-0.538835346698761,0.9416260123252869,-0.20424477756023407,0.008846619166433811,-0.22421224415302277,0.2693294882774353,0.1870967000722885,-0.17413362860679626,-0.46873050928115845,0.9010164141654968,-0.16157573461532593,-0.06284140795469284,-0.21697160601615906,0.2507341802120209,0.09184300154447556,0.0065483832731842995,0.04046160355210304,0.5328041315078735,-0.06978579610586166,0.02363702468574047,0.037209175527095795,0.47955191135406494,0.10108178853988647,0.2892201840877533,-0.029818890616297722,0.02139430120587349,-0.14253690838813782,0.3496886193752289,-0.09425817430019379,0.04134315997362137,0.14347591996192932,0.6289635300636292,0.19007588922977448,0.00400642491877079,-0.053246915340423584,0.6656327247619629,0.07638459652662277,0.005192081443965435,0.14692500233650208,0.6699374318122864,0.18240924179553986,0.003912003710865974,-0.0566512867808342,0.6799175143241882,0.062390055507421494,0.0041388534009456635,0.041031140834093094,0.7072852849960327,0.05562951788306236,0.0032990211620926857,-0.07880614697933197,0.7173703908920288,0.03580574318766594,0.004063082858920097
700.0000000000001,-0.07242116332054138,-0.5333700776100159,-0.29647397994995117,0.999980092048645,-0.06326162070035934,-0.5849026441574097,-0.26077285408973694,0.9999635219573975,-0.05952645093202591,-0.5775660276412964,-0.2738450765609741,0.9999687671661377,-0.06758064031600952,-0.5633158683776855,-0.27239570021629333,0.9999668598175049,-0.07810687273740768,-0.6132744550704956,-0.28847965598106384,0.9999568462371826,-0.07682465016841888,-0.6074782609939575,-0.279486745595932,0.9998904466629028,-0.10204081237316132,-0.5937283039093018,-0.2662254869937897,0.9998974800109863,0.06146450713276863,-0.5787482857704163,-0.15397244691848755,0.99981290102005,-0.047923535108566284,-0.560171365737915,-0.16263991594314575,0.9999514818191528,-0.056695014238357544,-0.5208323001861572,-0.241828054189682,0.9999781847000122,-0.06505748629570007,-0.5074134469032288,-0.2613408863544464,0.9999499320983887,0.19385284185409546,-0.43411558866500854,-0.08530665934085846,0.999897837638855,-0.17317847907543182,-0.4302070736885071,-0.061526086181402206,0.9995170831680298,0.24367907643318176,-0.1812978833913803,-0.2519901990890503,0.9922192096710205,-0.1961309164762497,-0.13720391690731049,-0.11826322227716446,0.7745301723480225,0.26359614729881287,-0.21549776196479797,-0.46533000469207764,0.9815805554389954,-0.23356856405735016,-0.024133428931236267,-0.275662362575531,0.33862510323524475,0.2665254771709442,-0.24634741246700287,-0.5000705718994141,0.9640498161315918,-0.2579484283924103,0.05314963310956955,-0.30402135848999023,0.25588831305503845,0.2188672125339508,-0.26034605503082275,-0.5507057309150696,0.9665320515632629,-0.21800197660923004,0.06238735467195511,-0.28070247173309326,0.2931942045688629,0.22637908160686493,-0.21473373472690582,-0.4830244183540344,0.9427772760391235,-0.1717468798160553,-0.021716490387916565,-0.2769200801849365,0.2786116898059845,0.09411025047302246,0.004977470263838768,0.04923176392912865,0.8427173495292664,-0.07155617326498032,0.02609298750758171,0.028380393981933594,0.8357542157173157,0.09556329250335693,0.30632907152175903,0.019857892766594887,0.02487572282552719,-0.13745921850204468,0.35401275753974915,-0.08540111035108566,0.06131082400679588,0.13695257902145386,0.6406509280204773,0.27622750401496887,0.004838571883738041,-0.05799895524978638,0.6697310209274292,0.07246984541416168,0.00828656554222107,0.14334487915039062,0.6830196976661682,0.2715784013271332,0.003925226163119078,-0.06083245202898979,0.6849967241287231,0.05650603398680687,0.005322379060089588,0.04554620385169983,0.7313942909240723,0.15066739916801453,0.00354655715636909,-0.07936810702085495,0.7244737148284912,0.02749335952103138,0.005957209970802069
733.3333333333335,-0.06669626384973526,-0.526806116104126,-0.2951551377773285,0.9999593496322632,-0.0595475435256958,-0.5803901553153992,-0.25825589895248413,0.9999278783798218,-0.056927990168333054,-0.5722737908363342,-0.2724485695362091,0.9999343156814575,-0.0644187480211258,-0.5578759908676147,-0.27002912759780884,0.9999333620071411,-0.07751216739416122,-0.6061170101165771,-0.28674203157424927,0.9999109506607056,-0.07593050599098206,-0.600886881351471,-0.2777785360813141,0.9997599720954895,-0.10102883726358414,-0.5866737365722656,-0.26340392231941223,0.9997770190238953,0.0645892471075058,-0.5735446214675903,-0.1469283103942871,0.9995972514152527,-0.050215981900691986,-0.5470395684242249,-0.1571006178855896,0.9998923540115356,-0.049994319677352905,-0.5159695148468018,-0.23970972001552582,0.9999476671218872,-0.05889318883419037,-0.4991096556186676,-0.2594274878501892,0.9998767375946045,0.1976700723171234,-0.4219058156013489,-0.07772078365087509,0.9997780919075012,-0.16758987307548523,-0.42058712244033813,-0.05650520324707031,0.998891294002533,0.2480371594429016,-0.17520871758460999,-0.24676920473575592,0.9797961711883545,-0.19860626757144928,-0.13607646524906158,-0.1291753649711609,0.518730640411377,0.278778612613678,-0.24723076820373535,-0.45149025321006775,0.9505261182785034,-0.23098988831043243,-0.019177734851837158,-0.2836894094944,0.09089311212301254,0.2824068069458008,-0.2924969494342804,-0.4815208315849304,0.903182864189148,-0.25779277086257935,0.05563880503177643,-0.3094523251056671,0.061535030603408813,0.23798517882823944,-0.30964502692222595,-0.5289388298988342,0.906196653842926,-0.21431481838226318,0.06858403980731964,-0.28177496790885925,0.07159260660409927,0.24242885410785675,-0.25039321184158325,-0.4678916037082672,0.8478301763534546,-0.16761638224124908,-0.01526906993240118,-0.2834641635417938,0.071854367852211,0.09385193884372711,0.006161677185446024,0.048191044479608536,0.769440770149231,-0.0711219310760498,0.02439972758293152,0.030318478122353554,0.7441543340682983,0.0878140777349472,0.30210334062576294,0.007703336887061596,0.008796017616987228,-0.14441607892513275,0.3528493046760559,-0.044885873794555664,0.011654580943286419,0.13428528606891632,0.6324851512908936,0.23270680010318756,0.002402666723355651,-0.05651146546006203,0.6649526953697205,0.1131356805562973,0.00253541162237525,0.14167538285255432,0.6743396520614624,0.22632157802581787,0.002385309198871255,-0.059476133435964584,0.6805678606033325,0.09759912639856339,0.002354326890781522,0.05373264104127884,0.7253630757331848,0.09399686753749847,0.0016481862403452396,-0.07843687385320663,0.7257533073425293,0.06943008303642273,0.001787111395969987
766.6666666666669,-0.0711667612195015,-0.5133711695671082,-0.3265753388404846,0.9999531507492065,-0.06760932505130768,-0.5680859684944153,-0.2926315367221832,0.9999192953109741,-0.0648927167057991,-0.5605684518814087,-0.30714040994644165,0.9999339580535889,-0.07216453552246094,-0.5458272099494934,-0.3044608533382416,0.9999327659606934,-0.08324991166591644,-0.5933612585067749,-0.32030388712882996,0.9998918771743774,-0.0820196196436882,-0.5886406898498535,-0.3116416335105896,0.9997168183326721,-0.10682456195354462,-0.5730069875717163,-0.2974921464920044,0.9997077584266663,0.05365142598748207,-0.5674261450767517,-0.18607982993125916,0.9997144341468811,-0.05627472698688507,-0.5359570384025574,-0.19294670224189758,0.999887228012085,-0.05628590285778046,-0.5049294829368591,-0.27184516191482544,0.9999563694000244,-0.06402719020843506,-0.48722171783447266,-0.2913760542869568,0.9998778104782104,0.20400407910346985,-0.4218501150608063,-0.10461142659187317,0.999812662601471,-0.1750364899635315,-0.41688886284828186,-0.07645175606012344,0.9983429908752441,0.2735557556152344,-0.17417243123054504,-0.2735527455806732,0.9918462634086609,-0.18854676187038422,-0.1304771602153778,-0.11908978968858719,0.485932320356369,0.2742106318473816,-0.2565750181674957,-0.46920737624168396,0.9765356183052063,-0.22558322548866272,-0.004606225527822971,-0.24575722217559814,0.06633861362934113,0.26794710755348206,-0.30410656332969666,-0.4972037076950073,0.9455835223197937,-0.2562706172466278,0.07350580394268036,-0.26735901832580566,0.04664428532123566,0.22098571062088013,-0.3247050344944,-0.5417910814285278,0.9472988843917847,-0.21547375619411469,0.09085062891244888,-0.24013392627239227,0.05506918579339981,0.23415596783161163,-0.261875182390213,-0.48502349853515625,0.9033733010292053,-0.16273753345012665,0.0017509558238089085,-0.24496431648731232,0.05619695782661438,0.09739295393228531,0.0065242149867117405,0.044721245765686035,0.6631063222885132,-0.07463538646697998,0.024043774232268333,0.03395076096057892,0.5895148515701294,0.08229054510593414,0.2897486090660095,-0.0037587033584713936,0.010984988883137703,-0.1502092033624649,0.34685733914375305,-0.04326964169740677,0.01319942343980074,0.12163306772708893,0.6196027398109436,0.22540247440338135,0.0026511726900935173,-0.06953519582748413,0.6521716117858887,0.13602939248085022,0.00258967699483037,0.12910354137420654,0.6590604782104492,0.21999910473823547,0.00256283488124609,-0.07373037189245224,0.6665905117988586,0.12252351641654968,0.0026848986744880676,0.03142885863780975,0.7111672759056091,0.08816225826740265,0.0019168549915775657,-0.09698565304279327,0.7127915620803833,0.09877295792102814,0.0019052984425798059
800.0000000000002,-0.06614215672016144,-0.5139734745025635,-0.31864047050476074,0.9999309778213501,-0.06262537837028503,-0.568504273891449,-0.28531551361083984,0.9998759031295776,-0.06005913019180298,-0.5609699487686157,-0.29995107650756836,0.9998972415924072,-0.0673086866736412,-0.5464240312576294,-0.29729652404785156,0.9998958110809326,-0.07772763073444366,-0.5934784412384033,-0.31314167380332947,0.9998304843902588,-0.07635143399238586,-0.5886784195899963,-0.30428606271743774,0.9995699524879456,-0.10109923779964447,-0.5732944011688232,-0.2898801267147064,0.9995669722557068,0.059102147817611694,-0.5680973529815674,-0.1811291128396988,0.9995388984680176,-0.047498974949121475,-0.5378589630126953,-0.1863834410905838,0.9998107552528381,-0.0509699210524559,-0.5057659149169922,-0.2642463743686676,0.9999402761459351,-0.05818883329629898,-0.4879170060157776,-0.28321003913879395,0.9998302459716797,0.208750918507576,-0.4255295693874359,-0.10124983638525009,0.9998248219490051,-0.16602769494056702,-0.42536720633506775,-0.06941984593868256,0.998596727848053,0.2877698242664337,-0.18128904700279236,-0.27085080742836,0.9914489388465881,-0.1851075142621994,-0.14648962020874023,-0.11568973958492279,0.5159496068954468,0.27666255831718445,-0.2507515251636505,-0.4737258851528168,0.9774698615074158,-0.2221039980649948,-0.03319484367966652,-0.25788745284080505,0.11119357496500015,0.26758527755737305,-0.2951536178588867,-0.5022814273834229,0.9488124251365662,-0.2502780556678772,0.041109535843133926,-0.28084278106689453,0.08273232728242874,0.21721825003623962,-0.3180972635746002,-0.5466786026954651,0.9508362412452698,-0.21096205711364746,0.05396130308508873,-0.253927081823349,0.09800209850072861,0.23489634692668915,-0.25707510113716125,-0.48897022008895874,0.910345196723938,-0.15987424552440643,-0.02931712195277214,-0.2572457492351532,0.09508189558982849,0.095783531665802,0.008633342571556568,0.04311710223555565,0.6658086180686951,-0.07245752960443497,0.021724257618188858,0.035152994096279144,0.5891708731651306,0.08575022220611572,0.28882208466529846,-0.011275205761194229,0.00871188286691904,-0.14814916253089905,0.3421801030635834,-0.03775385394692421,0.010159549303352833,0.11990530043840408,0.6163763403892517,0.2021062970161438,0.002253798069432378,-0.07284559309482574,0.6466301679611206,0.12482624500989914,0.002316943136975169,0.12588787078857422,0.6557139754295349,0.19472816586494446,0.0024351291358470917,-0.07785499095916748,0.6609885096549988,0.10986211895942688,0.0024507560301572084,0.029545612633228302,0.70623779296875,0.061370112001895905,0.0017191406805068254,-0.09822425991296768,0.7033466696739197,0.08363916724920273,0.0017686344217509031
833.3333333333336,-0.06998325884342194,-0.5186243653297424,-0.3024519085884094,0.9999152421951294,-0.06641654670238495,-0.5728263854980469,-0.269448459148407,0.9998409748077393,-0.06364349275827408,-0.5655779838562012,-0.2836284637451172,0.9998705387115479,-0.07110721617937088,-0.5511740446090698,-0.28096136450767517,0.9998712539672852,-0.08068908005952835,-0.5977487564086914,-0.29708924889564514,0.9997859597206116,-0.07940101623535156,-0.5929595232009888,-0.28838104009628296,0.9994605183601379,-0.10429184883832932,-0.5778084993362427,-0.27425044775009155,0.9994670748710632,0.0545644536614418,-0.5721694231033325,-0.1668730527162552,0.9994117021560669,-0.050935789942741394,-0.5401625037193298,-0.1734057068824768,0.9997652173042297,-0.05499761179089546,-0.5104120969772339,-0.24930155277252197,0.9999262094497681,-0.0616646334528923,-0.49231913685798645,-0.2682737410068512,0.9997926354408264,0.2067064642906189,-0.42632272839546204,-0.09165530651807785,0.9998157620429993,-0.1693457067012787,-0.42520585656166077,-0.060451675206422806,0.9984630346298218,0.286724328994751,-0.1812712401151657,-0.2553149163722992,0.9912437200546265,-0.1900588870048523,-0.1481000930070877,-0.10921317338943481,0.5006623268127441,0.27656322717666626,-0.2567252516746521,-0.44970184564590454,0.9768473505973816,-0.2247610092163086,-0.036048438400030136,-0.2511831820011139,0.0988699346780777,0.2679169476032257,-0.3031274676322937,-0.4790382385253906,0.9478442072868347,-0.2520614564418793,0.03891826421022415,-0.27422258257865906,0.07397234439849854,0.21813413500785828,-0.3260464668273926,-0.5231067538261414,0.9495410919189453,-0.2117082178592682,0.05114515870809555,-0.2473856508731842,0.08650215715169907,0.23528890311717987,-0.26317286491394043,-0.4649488627910614,0.9090283513069153,-0.16215775907039642,-0.03230663388967514,-0.2508828341960907,0.08583899587392807,0.0964907705783844,0.008224587887525558,0.04354247823357582,0.6747745871543884,-0.07346398383378983,0.022393373772501945,0.034714847803115845,0.6025897264480591,0.0893297865986824,0.28696152567863464,-0.015516199171543121,0.009693647734820843,-0.14775122702121735,0.3455139100551605,-0.05010121688246727,0.011226914823055267,0.12279841303825378,0.6215052604675293,0.1940118819475174,0.0022577280178666115,-0.07013869285583496,0.6524349451065063,0.11204375326633453,0.0021822117269039154,0.12872381508350372,0.6618645191192627,0.18639366328716278,0.002288007875904441,-0.0748022198677063,0.6671128869056702,0.09721726924180984,0.0022932332940399647,0.030785970389842987,0.7123821973800659,0.053176332265138626,0.0016299937851727009,-0.09842909127473831,0.7103741765022278,0.07223836332559586,0.0016388101503252983
866.666666666667,-0.08282587677240372,-0.5206210613250732,-0.322536438703537,0.9999741315841675,-0.08069756627082825,-0.5763859152793884,-0.2878989279270172,0.9999537467956543,-0.07884983718395233,-0.5690047144889832,-0.3029460310935974,0.9999620914459229,-0.08560732007026672,-0.5546010136604309,-0.29968470335006714,0.9999618530273438,-0.09655166417360306,-0.5992536544799805,-0.31348705291748047,0.9999364614486694,-0.09559912979602814,-0.5945771932601929,-0.30501455068588257,0.9998284578323364,-0.1199290007352829,-0.5789803266525269,-0.290519654750824,0.9998242259025574,0.04619978740811348,-0.5756973624229431,-0.18064546585083008,0.9998407363891602,-0.06831994652748108,-0.5351940393447876,-0.18043161928653717,0.9999314546585083,-0.06460616737604141,-0.5120089650154114,-0.26846450567245483,0.9999765157699585,-0.0739213228225708,-0.4915815591812134,-0.285412460565567,0.9999274015426636,0.20711326599121094,-0.4298465847969055,-0.09818534553050995,0.9998759031295776,-0.17661166191101074,-0.4130892753601074,-0.05824426934123039,0.998680055141449,0.2984575927257538,-0.19595977663993835,-0.26520979404449463,0.9951834082603455,-0.19906675815582275,-0.1339028924703598,-0.0825180858373642,0.5047751069068909,0.26977863907814026,-0.27134573459625244,-0.4621281623840332,0.9840397238731384,-0.23498688638210297,-0.02238583378493786,-0.19863221049308777,0.08340196311473846,0.25379666686058044,-0.315887987613678,-0.49152377247810364,0.9591694474220276,-0.26387956738471985,0.0519343800842762,-0.22019171714782715,0.0596616268157959,0.20093955099582672,-0.3375467360019684,-0.5340637564659119,0.9599882960319519,-0.2243455946445465,0.06557707488536835,-0.19157078862190247,0.06956655532121658,0.22507251799106598,-0.27675455808639526,-0.47728732228279114,0.9228492975234985,-0.1717955470085144,-0.01837475784122944,-0.1976289451122284,0.06953132897615433,0.09824859350919724,0.005643921904265881,0.043545134365558624,0.7173264026641846,-0.07533809542655945,0.024866672232747078,0.035062026232481,0.6483422517776489,0.08698967099189758,0.28833460807800293,0.002754365326836705,0.01326971035450697,-0.15258070826530457,0.3560378849506378,-0.05180608853697777,0.022161148488521576,0.13103321194648743,0.6235573291778564,0.2439235895872116,0.002821727190166712,-0.06955111026763916,0.6564238667488098,0.11052993685007095,0.0038854784797877073,0.13891956210136414,0.6641654968261719,0.24065734446048737,0.0025884865317493677,-0.07373019307851791,0.6708150506019592,0.09567534178495407,0.0035918154753744602,0.04042508453130722,0.7185952067375183,0.11310843378305435,0.0019949479028582573,-0.09941879659891129,0.7172170877456665,0.07188727706670761,0.002801275812089443
900.0000000000003,-0.07676533609628677,-0.5215005874633789,-0.32650837302207947,0.9999399185180664,-0.0741831511259079,-0.5751563906669617,-0.2923573851585388,0.9998894929885864,-0.07338335365056992,-0.568978488445282,-0.3067302703857422,0.9999091625213623,-0.08039742708206177,-0.5543793439865112,-0.303779274225235,0.9999128580093384,-0.09017886966466904,-0.600105881690979,-0.31702396273612976,0.9998440742492676,-0.08978721499443054,-0.5939775705337524,-0.31128546595573425,0.9995689988136292,-0.1129838228225708,-0.5793737769126892,-0.29510271549224854,0.9995558857917786,0.048405520617961884,-0.5733933448791504,-0.18343424797058105,0.9996625185012817,-0.06319393962621689,-0.5362049341201782,-0.1857343167066574,0.99982750415802,-0.060177870094776154,-0.5123989582061768,-0.2751528322696686,0.9999570846557617,-0.06887196749448776,-0.49294212460517883,-0.29379451274871826,0.9998636245727539,0.20289520919322968,-0.4290961027145386,-0.11040162295103073,0.9998587369918823,-0.17682774364948273,-0.41181278228759766,-0.06846434623003006,0.9981032609939575,0.3023257553577423,-0.20698228478431702,-0.2880076766014099,0.9962583780288696,-0.19951370358467102,-0.12229366600513458,-0.11795318126678467,0.4051266610622406,0.24410705268383026,-0.2983899712562561,-0.4802663326263428,0.985801637172699,-0.2243138998746872,0.00024626636877655983,-0.243763729929924,0.05571872740983963,0.21893836557865143,-0.3469107747077942,-0.5094521641731262,0.9548338651657104,-0.250885546207428,0.0739632174372673,-0.2668878138065338,0.0362728089094162,0.16243058443069458,-0.3680470287799835,-0.5421037673950195,0.9538218975067139,-0.21060264110565186,0.08796525746583939,-0.23643113672733307,0.042131513357162476,0.19708165526390076,-0.3048047423362732,-0.4896811246871948,0.906051516532898,-0.15991832315921783,0.004944249987602234,-0.24170444905757904,0.04027223587036133,0.09531839191913605,0.004666216671466827,0.048032455146312714,0.5622779130935669,-0.07229281961917877,0.024863332509994507,0.029946841299533844,0.4542340040206909,0.08421780169010162,0.28887349367141724,0.044399864971637726,0.00624367268756032,-0.15504756569862366,0.3433817923069,-0.04107443988323212,0.010891837067902088,0.1307699978351593,0.63141930103302,0.3119999170303345,0.0016411663964390755,-0.07097781449556351,0.659220278263092,0.12783576548099518,0.002814461709931493,0.13645870983600616,0.6757521033287048,0.30946311354637146,0.001804435276426375,-0.07699710875749588,0.673112154006958,0.11344633251428604,0.0027199580799788237,0.04347861558198929,0.7344653606414795,0.18704231083393097,0.0012002489529550076,-0.10067256540060043,0.7238558530807495,0.08846704661846161,0.001929695950821042
933.3333333333337,-0.08585834503173828,-0.5386136174201965,-0.26539239287376404,0.9999841451644897,-0.0839405208826065,-0.5925503373146057,-0.22971345484256744,0.9999692440032959,-0.08375730365514755,-0.5869842171669006,-0.24405354261398315,0.9999755620956421,-0.09030900150537491,-0.572733461856842,-0.240415558218956,0.999976634979248,-0.10018572211265564,-0.616940438747406,-0.2550932765007019,0.9999555349349976,-0.09983517974615097,-0.6107978820800781,-0.249441459774971,0.9998759031295776,-0.12240824848413467,-0.5969038009643555,-0.23268413543701172,0.9998676776885986,0.03451348841190338,-0.5915549993515015,-0.11982334405183792,0.9999107122421265,-0.0796377956867218,-0.5495869517326355,-0.13068875670433044,0.9999520778656006,-0.07048934698104858,-0.5282981395721436,-0.2139836996793747,0.9999864101409912,-0.07910498976707458,-0.508529782295227,-0.23288381099700928,0.9999557733535767,0.19141298532485962,-0.4402428865432739,-0.06851960718631744,0.9999483823776245,-0.1909588873386383,-0.4174119234085083,-0.020917080342769623,0.9990940093994141,0.30113548040390015,-0.22453805804252625,-0.2586400806903839,0.9983915686607361,-0.21000592410564423,-0.13567255437374115,-0.06942836195230484,0.45684829354286194,0.23187288641929626,-0.3197435140609741,-0.45194050669670105,0.9955593347549438,-0.25057253241539,-0.00832456536591053,-0.17912517488002777,0.08350468426942825,0.20443472266197205,-0.36869359016418457,-0.48073720932006836,0.9835899472236633,-0.2812824249267578,0.06726805120706558,-0.1933082789182663,0.05644700676202774,0.14459966123104095,-0.3870444893836975,-0.5105443000793457,0.98312908411026,-0.24527481198310852,0.08687235414981842,-0.16540522873401642,0.06586892902851105,0.18299472332000732,-0.32485613226890564,-0.4588474929332733,0.9666306972503662,-0.1895909607410431,-0.0015827747993171215,-0.1763419508934021,0.07078269869089127,0.0977533757686615,0.003625310957431793,0.04906291514635086,0.6487396359443665,-0.07403003424406052,0.025947555899620056,0.029353084042668343,0.5355099439620972,0.09199066460132599,0.2876954972743988,0.03559117764234543,0.006609322503209114,-0.1481548398733139,0.35093164443969727,-0.08406046032905579,0.015557684935629368,0.1333174705505371,0.6244690418243408,0.3067416250705719,0.0012719290098175406,-0.06406375765800476,0.6644348502159119,0.06766410171985626,0.003043316537514329,0.13857698440551758,0.6692816019058228,0.30532145500183105,0.001441403990611434,-0.06912610679864883,0.6802140474319458,0.052186351269483566,0.002606369089335203,0.0501432791352272,0.7289153337478638,0.18883197009563446,0.0009290803573094308,-0.09089148044586182,0.7306438684463501,0.025063669309020042,0.0021521509625017643
966.6666666666671,-0.0805712416768074,-0.5271639823913574,-0.3164471387863159,0.9999902248382568,-0.07745532691478729,-0.580778956413269,-0.28357061743736267,0.9999823570251465,-0.07894927263259888,-0.5794479846954346,-0.29611915349960327,0.999984860420227,-0.08508629351854324,-0.5638485550880432,-0.29405757784843445,0.9999856948852539,-0.09674140065908432,-0.607003927230835,-0.3059793710708618,0.9999740123748779,-0.0972820594906807,-0.59946608543396,-0.30466756224632263,0.9999204874038696,-0.11655028164386749,-0.5857315063476562,-0.28628721833229065,0.999915361404419,0.04239921271800995,-0.5834536552429199,-0.16956855356693268,0.9999450445175171,-0.07959046959877014,-0.541959822177887,-0.17522917687892914,0.9999685287475586,-0.06543340533971786,-0.5172888040542603,-0.2669684886932373,0.999991774559021,-0.07631631940603256,-0.49878180027008057,-0.28641292452812195,0.9999731779098511,0.19519096612930298,-0.4356933534145355,-0.10330113023519516,0.9999628067016602,-0.1889592558145523,-0.4114638864994049,-0.05802493542432785,0.9993115663528442,0.3070715069770813,-0.22514282166957855,-0.2948318421840668,0.998433530330658,-0.20455098152160645,-0.12598200142383575,-0.10409589856863022,0.4048983156681061,0.23415471613407135,-0.32058078050613403,-0.493166446685791,0.9947013854980469,-0.2534181475639343,0.002991416258737445,-0.21020685136318207,0.06515178829431534,0.2043563425540924,-0.36830607056617737,-0.5223701000213623,0.9779054522514343,-0.28628799319267273,0.07670947909355164,-0.22656382620334625,0.038625121116638184,0.14338412880897522,-0.38673004508018494,-0.547221839427948,0.9766345620155334,-0.2511462867259979,0.09800256788730621,-0.1984066367149353,0.04447823017835617,0.18454581499099731,-0.3281652629375458,-0.49812769889831543,0.9501184225082397,-0.1926739662885666,0.013240320608019829,-0.20808015763759613,0.044161174446344376,0.09555479884147644,0.0016893798019737005,0.05331884324550629,0.7129260301589966,-0.07180603593587875,0.02791363000869751,0.02491586096584797,0.6159120202064514,0.09891421347856522,0.28460580110549927,0.0675685927271843,0.004213878884911537,-0.14506451785564423,0.34449976682662964,-0.0645865648984909,0.011422010138630867,0.14403268694877625,0.6172930002212524,0.36655178666114807,0.0007862246129661798,-0.05835162103176117,0.6607085466384888,0.0860135480761528,0.002688478911295533,0.14415085315704346,0.6646804213523865,0.36431100964546204,0.0011581194121390581,-0.06664300709962845,0.6720874309539795,0.0696272999048233,0.0025219565723091364,0.062074072659015656,0.7248223423957825,0.25951752066612244,0.0005988251650705934,-0.08383163809776306,0.7216227650642395,0.0467558428645134,0.0017988476902246475
1000.0000000000005,-0.0911300927400589,-0.5320567488670349,-0.2634100914001465,0.9997016787528992,-0.09005528688430786,-0.5846604108810425,-0.22793076932430267,0.9993911981582642,-0.08739279955625534,-0.576035737991333,-0.24286453425884247,0.999488353729248,-0.0957021564245224,-0.5626391172409058,-0.23979686200618744,0.9995180368423462,-0.10276905447244644,-0.6087375283241272,-0.2562260329723358,0.9991582632064819,-0.1013510599732399,-0.6030641794204712,-0.24698945879936218,0.9978994131088257,-0.12710508704185486,-0.5893052220344543,-0.23205842077732086,0.9980721473693848,0.029979746788740158,-0.5837739109992981,-0.12812592089176178,0.9976167678833008,-0.06730546802282333,-0.5473360419273376,-0.13610821962356567,0.9990646243095398,-0.0735001489520073,-0.5237203240394592,-0.21159674227237701,0.9997937083244324,-0.07881323248147964,-0.5031039118766785,-0.23082894086837769,0.99935382604599,0.18769407272338867,-0.44308310747146606,-0.06556966155767441,0.9996849298477173,-0.18042369186878204,-0.42818933725357056,-0.034391772001981735,0.9967459440231323,0.2863563597202301,-0.21573320031166077,-0.24534286558628082,0.9908280372619629,-0.20251800119876862,-0.14706718921661377,-0.10789278894662857,0.406770259141922,0.2435218095779419,-0.2837927043437958,-0.46953603625297546,0.9716657400131226,-0.2250603288412094,-0.0423932783305645,-0.26991981267929077,0.06055140867829323,0.22772227227687836,-0.3297037184238434,-0.5046111345291138,0.9360095262527466,-0.24769748747348785,0.02773154154419899,-0.2958628833293915,0.04719192907214165,0.16939270496368408,-0.3511761426925659,-0.5440928339958191,0.9390354156494141,-0.21116191148757935,0.03397096320986748,-0.2682854235172272,0.05704065039753914,0.1988658607006073,-0.28784555196762085,-0.4819117784500122,0.8895890116691589,-0.16324536502361298,-0.043514497578144073,-0.26843252778053284,0.0557301826775074,0.0925692543387413,0.00579951424151659,0.0476345419883728,0.4522731602191925,-0.06897285580635071,0.02371084690093994,0.029688119888305664,0.34096425771713257,0.08972979336977005,0.2902376353740692,0.014914297498762608,0.004096258897334337,-0.14149335026741028,0.3406008183956146,-0.05089429393410683,0.005470027215778828,0.1382012963294983,0.6347340941429138,0.23615588247776031,0.0010874707950279117,-0.055743470788002014,0.651317834854126,0.11854340881109238,0.0011307713575661182,0.1452554315328598,0.6779510378837585,0.22984328866004944,0.00132758729159832,-0.05974111706018448,0.6670023202896118,0.10434839129447937,0.0012944043846800923,0.05420565605163574,0.7275927066802979,0.09528005868196487,0.0008254721760749817,-0.0782032236456871,0.7094032168388367,0.0777396634221077,0.0008556360844522715
1033.3333333333337,-0.09054185450077057,-0.5258908271789551,-0.28947994112968445,0.9999743700027466,-0.08898396044969559,-0.5814428925514221,-0.2545320987701416,0.9999517202377319,-0.08814110606908798,-0.5752538442611694,-0.26849794387817383,0.999958872795105,-0.09453800320625305,-0.5608655214309692,-0.2656558156013489,0.9999606609344482,-0.1056952178478241,-0.6046559810638428,-0.2812469005584717,0.9999381303787231,-0.10473960638046265,-0.5991333723068237,-0.2746458053588867,0.9998244643211365,-0.12837687134742737,-0.5849434733390808,-0.25917208194732666,0.9998214840888977,0.030643081292510033,-0.5852478742599487,-0.14604872465133667,0.999830961227417,-0.08297351747751236,-0.5394222736358643,-0.15710771083831787,0.9999357461929321,-0.07345860451459885,-0.5184428691864014,-0.23656289279460907,0.9999778270721436,-0.08171297609806061,-0.4971349239349365,-0.25639432668685913,0.9999372959136963,0.18681180477142334,-0.43549153208732605,-0.07804156094789505,0.9999183416366577,-0.18685929477214813,-0.40773510932922363,-0.05120840668678284,0.9989979863166809,0.2794231176376343,-0.2047054022550583,-0.24470113217830658,0.9949541687965393,-0.20306318998336792,-0.11311522871255875,-0.11010440438985825,0.4231076240539551,0.2619779706001282,-0.30229777097702026,-0.4328363239765167,0.9883058667182922,-0.23281922936439514,0.02881006710231304,-0.23564685881137848,0.05788161978125572,0.24826779961585999,-0.35284021496772766,-0.45920032262802124,0.9676476120948792,-0.26254814863204956,0.10972588509321213,-0.25392091274261475,0.03907005488872528,0.1970629245042801,-0.37184685468673706,-0.49768635630607605,0.9679206013679504,-0.2217796891927719,0.12818360328674316,-0.22614163160324097,0.045689281076192856,0.21948149800300598,-0.307571679353714,-0.4437195062637329,0.9398110508918762,-0.16974791884422302,0.036263734102249146,-0.23333726823329926,0.048423882573843,0.09535261988639832,0.0019932836294174194,0.05175243318080902,0.5808679461479187,-0.07219446450471878,0.02785639837384224,0.02689409628510475,0.5009559988975525,0.09277521818876266,0.2882866859436035,0.04059212654829025,0.004910463932901621,-0.1398727148771286,0.3515278995037079,-0.06552994251251221,0.009515499696135521,0.13712579011917114,0.6218422055244446,0.3010120093822479,0.0012765328865498304,-0.0553053617477417,0.6664553880691528,0.09768074005842209,0.002132051857188344,0.1432652622461319,0.6651155352592468,0.2986341118812561,0.0014874564949423075,-0.059392038732767105,0.6821334958076477,0.08335604518651962,0.002045982051640749,0.053210027515888214,0.7196037769317627,0.17647454142570496,0.0008616921841166914,-0.08076152205467224,0.7317578792572021,0.05846797674894333,0.0014448293950408697
1066.666666666667,-0.09658115357160568,-0.5336437225341797,-0.26866015791893005,0.9999798536300659,-0.09400518238544464,-0.589216947555542,-0.23204104602336884,0.9999603033065796,-0.09275449067354202,-0.5817256569862366,-0.24685950577259064,0.9999657869338989,-0.09919341653585434,-0.5679495334625244,-0.24312499165534973,0.9999668598175049,-0.11074259877204895,-0.6121148467063904,-0.259088933467865,0.9999510049819946,-0.1094968393445015,-0.6068618893623352,-0.251242995262146,0.9998629093170166,-0.13353466987609863,-0.5926177501678467,-0.23585379123687744,0.9998617172241211,0.02958592399954796,-0.5876519083976746,-0.12343507260084152,0.9998471736907959,-0.08535902947187424,-0.5446057915687561,-0.13373467326164246,0.9999480247497559,-0.07845258712768555,-0.52432781457901,-0.2145778387784958,0.9999790191650391,-0.08707991242408752,-0.5036855340003967,-0.23309111595153809,0.9999427795410156,0.18565501272678375,-0.43512898683547974,-0.059132687747478485,0.9998974800109863,-0.18740016222000122,-0.4109186828136444,-0.028223104774951935,0.998986542224884,0.2840428650379181,-0.208492249250412,-0.224245086312294,0.9955319166183472,-0.20635533332824707,-0.12308713793754578,-0.08502620458602905,0.49501240253448486,0.2655681073665619,-0.3048703372478485,-0.41114336252212524,0.991152822971344,-0.2439824640750885,0.013487441465258598,-0.20942682027816772,0.1026865690946579,0.25271767377853394,-0.3566291630268097,-0.43470498919487,0.975825309753418,-0.27452099323272705,0.09288734197616577,-0.22564350068569183,0.07071834057569504,0.20026391744613647,-0.3745202422142029,-0.47488805651664734,0.9760161638259888,-0.23571175336837769,0.11327137798070908,-0.19677229225635529,0.08237866312265396,0.222391277551651,-0.3099043369293213,-0.42209020256996155,0.9567191004753113,-0.18147839605808258,0.02089131623506546,-0.2067922055721283,0.08944415301084518,0.0971347764134407,0.003413649508729577,0.04981618747115135,0.7038370966911316,-0.07359649986028671,0.02646755985915661,0.02909836359322071,0.6428808569908142,0.09364890307188034,0.2918826937675476,0.022725943475961685,0.006839442066848278,-0.14377443492412567,0.3517199754714966,-0.08810097724199295,0.01331148762255907,0.13678213953971863,0.618664026260376,0.2594619691371918,0.001596668385900557,-0.06489033997058868,0.6603738069534302,0.053193993866443634,0.002550633391365409,0.14394934475421906,0.6607167720794678,0.25594913959503174,0.001646534656174481,-0.06872731447219849,0.6772826313972473,0.03695555403828621,0.002298169769346714,0.05398209020495415,0.7171756029129028,0.12982942163944244,0.0010872527491301298,-0.08746133744716644,0.7235604524612427,0.007704081479460001,0.0018404924776405096
1100.0000000000002,-0.09420797973871231,-0.5256751775741577,-0.3029797375202179,0.9999598264694214,-0.09166663885116577,-0.5808519124984741,-0.2684215307235718,0.9999251365661621,-0.08892147243022919,-0.5729813575744629,-0.2835451066493988,0.9999339580535889,-0.09625568240880966,-0.5587841868400574,-0.2800891101360321,0.9999384880065918,-0.10579384118318558,-0.6044316291809082,-0.2951333820819855,0.9999004602432251,-0.10523205250501633,-0.5993402004241943,-0.2866506576538086,0.9997163414955139,-0.12975724041461945,-0.5846233367919922,-0.2723236680030823,0.9997332692146301,0.03336908668279648,-0.578291118144989,-0.1642964631319046,0.9996830224990845,-0.0780520886182785,-0.5403916239738464,-0.1679704785346985,0.9998753070831299,-0.076937735080719,-0.5163407921791077,-0.2502669095993042,0.999961256980896,-0.08504800498485565,-0.49673041701316833,-0.2678133547306061,0.9998809099197388,0.194089874625206,-0.4325906038284302,-0.09031234681606293,0.999853253364563,-0.18390989303588867,-0.413112074136734,-0.05383593589067459,0.9982865452766418,0.29750049114227295,-0.2101428359746933,-0.26249417662620544,0.9949572682380676,-0.19996382296085358,-0.13367179036140442,-0.09459155052900314,0.43287310004234314,0.26241087913513184,-0.29632312059402466,-0.46453458070755005,0.9814008474349976,-0.2377863973379135,-0.01787508651614189,-0.2189672291278839,0.055387068539857864,0.2463567703962326,-0.345193088054657,-0.4959949851036072,0.9520854949951172,-0.2658250331878662,0.05866461992263794,-0.23949269950389862,0.03970181196928024,0.19110238552093506,-0.3663875162601471,-0.5367937088012695,0.9525144696235657,-0.22790409624576569,0.07279759645462036,-0.21237818896770477,0.04581855237483978,0.21774277091026306,-0.30209505558013916,-0.47912687063217163,0.9102643132209778,-0.1759253889322281,-0.013529852032661438,-0.21860021352767944,0.047149185091257095,0.09631480276584625,0.005223059561103582,0.04427386075258255,0.7265778183937073,-0.07302262634038925,0.025131911039352417,0.03371819853782654,0.6446214914321899,0.0910133570432663,0.29019156098365784,-0.006328959949314594,0.0067121172323822975,-0.14748767018318176,0.3532264828681946,-0.09145466983318329,0.011651676148176193,0.12578721344470978,0.6286051273345947,0.20813050866127014,0.0014388654381036758,-0.06898269802331924,0.6514304280281067,0.05584007874131203,0.0018377344822511077,0.13290604948997498,0.6702145934104919,0.20175273716449738,0.0015393206849694252,-0.07340623438358307,0.6646265387535095,0.03973578289151192,0.002074575750157237,0.038351625204086304,0.725396990776062,0.07610790431499481,0.0010507190600037575,-0.09791816025972366,0.7093133330345154,0.01890018954873085,0.0014307145029306412
1133.3333333333335,-0.0953751727938652,-0.5340846180915833,-0.2787018418312073,0.9999673366546631,-0.09013856947422028,-0.5875324010848999,-0.24278144538402557,0.9999356269836426,-0.08756498992443085,-0.5807698965072632,-0.2563970386981964,0.999944806098938,-0.09578599780797958,-0.566936731338501,-0.2538127303123474,0.9999485015869141,-0.10480297356843948,-0.6128829121589661,-0.26752710342407227,0.9999104738235474,-0.10426487773656845,-0.6067601442337036,-0.2606801986694336,0.9997513890266418,-0.12868952751159668,-0.5929900407791138,-0.24585649371147156,0.999767005443573,0.03880239278078079,-0.5880498886108398,-0.13413172960281372,0.9997370839118958,-0.07493721693754196,-0.5526973009109497,-0.13863582909107208,0.9998859167098999,-0.07665614783763885,-0.5247781276702881,-0.2266879826784134,0.9999727010726929,-0.086104616522789,-0.5062630772590637,-0.2440473437309265,0.9999173879623413,0.19632145762443542,-0.4445957541465759,-0.07083030790090561,0.999909520149231,-0.18491974472999573,-0.42142733931541443,-0.030951881781220436,0.9990243911743164,0.31428876519203186,-0.22648431360721588,-0.25289186835289,0.9979286193847656,-0.21121327579021454,-0.14035184681415558,-0.09138301014900208,0.6123689413070679,0.24175487458705902,-0.305560827255249,-0.4614132344722748,0.9940832257270813,-0.23474472761154175,-0.030259134247899055,-0.23800501227378845,0.1828421950340271,0.21653544902801514,-0.35261040925979614,-0.496331125497818,0.9811853766441345,-0.25641632080078125,0.043212950229644775,-0.26237165927886963,0.1300695240497589,0.15581852197647095,-0.37020960450172424,-0.5297079682350159,0.9809169769287109,-0.21509726345539093,0.05245724692940712,-0.23398396372795105,0.1494346410036087,0.1946948915719986,-0.30824577808380127,-0.47056490182876587,0.9620928764343262,-0.17125897109508514,-0.0287985410541296,-0.23656553030014038,0.1422799676656723,0.09598605334758759,0.002540718764066696,0.05066067725419998,0.6648120880126953,-0.07297564297914505,0.02749997191131115,0.026259060949087143,0.5780966877937317,0.11991632729768753,0.28323596715927124,0.024689650163054466,0.009048309177160263,-0.14246413111686707,0.34796932339668274,-0.08236612379550934,0.019039135426282883,0.1649649292230606,0.6222806572914124,0.2905965745449066,0.0013523868983611465,-0.05399540066719055,0.6628507375717163,0.07924192398786545,0.0028261691331863403,0.1712072193622589,0.6662302613258362,0.2876240313053131,0.0015694840112701058,-0.057063426822423935,0.6781246066093445,0.06335264444351196,0.0022836700081825256,0.08057788014411926,0.7169435024261475,0.17153552174568176,0.0010936361504718661,-0.07440945506095886,0.7225838303565979,0.036673422902822495,0.002074197633191943
1166.6666666666667,-0.08496835827827454,-0.5368692874908447,-0.27369895577430725,0.9999788999557495,-0.08162140846252441,-0.588956356048584,-0.2402639091014862,0.9999595880508423,-0.0834987610578537,-0.5871597528457642,-0.2531554102897644,0.999967098236084,-0.0900333821773529,-0.5719589591026306,-0.25063556432724,0.9999699592590332,-0.10044008493423462,-0.6151726841926575,-0.26184943318367004,0.999936580657959,-0.10034380853176117,-0.6078925132751465,-0.26009905338287354,0.9998127818107605,-0.12038427591323853,-0.5943934917449951,-0.24110592901706696,0.9998052716255188,0.0393248051404953,-0.5893535017967224,-0.13107512891292572,0.9998890161514282,-0.07679495960474014,-0.5482608079910278,-0.13354167342185974,0.9999285936355591,-0.06919978559017181,-0.5262932181358337,-0.22683946788311005,0.9999853372573853,-0.07822239398956299,-0.5076708197593689,-0.24372640252113342,0.9999496936798096,0.1945010870695114,-0.43712183833122253,-0.08031409233808517,0.9999635219573975,-0.18686315417289734,-0.417354017496109,-0.020777752622961998,0.9992892742156982,0.30716219544410706,-0.22973625361919403,-0.2847645580768585,0.9985995888710022,-0.20617420971393585,-0.130282923579216,-0.07505722343921661,0.3032938838005066,0.22993113100528717,-0.33765459060668945,-0.48547282814979553,0.9956035614013672,-0.24789224565029144,-0.0005731284618377686,-0.18821483850479126,0.04635455086827278,0.19938939809799194,-0.3900755047798157,-0.5160701870918274,0.980358362197876,-0.2791748344898224,0.07113803178071976,-0.20327848196029663,0.02889249101281166,0.13972780108451843,-0.4062913954257965,-0.5379474759101868,0.9792806506156921,-0.24203263223171234,0.09233596175909042,-0.17515480518341064,0.033769600093364716,0.18134155869483948,-0.3444182872772217,-0.488434761762619,0.9554086327552795,-0.1863831728696823,0.007489614654332399,-0.18538303673267365,0.035122137516736984,0.09452186524868011,0.0038268633652478456,0.05030638724565506,0.5868945121765137,-0.07040521502494812,0.025599129498004913,0.0275823175907135,0.4572109282016754,0.09114658832550049,0.2815200686454773,0.057778649032115936,0.0027028415352106094,-0.1353398859500885,0.3435610234737396,-0.067940354347229,0.006691664922982454,0.13694731891155243,0.6164901852607727,0.35189053416252136,0.0005800679209642112,-0.05254098027944565,0.6650591492652893,0.10151847451925278,0.0016471320996060967,0.13778835535049438,0.6642215847969055,0.34957700967788696,0.0008633317775093019,-0.061280570924282074,0.6782112121582031,0.08754374831914902,0.0016773773822933435,0.05282503366470337,0.7261880040168762,0.2403324842453003,0.0004418287135194987,-0.08153261989355087,0.7328917980194092,0.06538455188274384,0.0011285921791568398
1200.0,-0.07333220541477203,-0.5358741879463196,-0.251914918422699,0.9999738931655884,-0.07114564627408981,-0.5871497392654419,-0.2192227840423584,0.9999489784240723,-0.07264387607574463,-0.5852132439613342,-0.2325332760810852,0.9999599456787109,-0.07924795150756836,-0.5701720118522644,-0.22959747910499573,0.9999618530273438,-0.08897696435451508,-0.6141977310180664,-0.24098412692546844,0.999920129776001,-0.08871728926897049,-0.6070986390113831,-0.2390807569026947,0.9997754693031311,-0.10892704874277115,-0.5932660102844238,-0.22013640403747559,0.9997603297233582,0.046342551708221436,-0.5845395922660828,-0.11236821860074997,0.9998568296432495,-0.06526979804039001,-0.5462813973426819,-0.11593422293663025,0.9999103546142578,-0.059520699083805084,-0.5244364738464355,-0.20577025413513184,0.9999785423278809,-0.06696873158216476,-0.506887674331665,-0.2230709046125412,0.9999256134033203,0.2000088095664978,-0.4316994845867157,-0.0656779482960701,0.999940037727356,-0.17682130634784698,-0.41666749119758606,-0.0031927996315062046,0.9988883137702942,0.3098081946372986,-0.22749125957489014,-0.2815238833427429,0.9982820749282837,-0.18983089923858643,-0.12902608513832092,-0.05323675647377968,0.22537487745285034,0.23133189976215363,-0.34070923924446106,-0.48781248927116394,0.9928148984909058,-0.234491765499115,-0.005898885428905487,-0.15880703926086426,0.02956446446478367,0.20099946856498718,-0.39431437849998474,-0.5216625928878784,0.9682433009147644,-0.266766756772995,0.06502476334571838,-0.1738232970237732,0.019742051139473915,0.14058047533035278,-0.4114712178707123,-0.5418292880058289,0.9664254784584045,-0.2314714938402176,0.08708223700523376,-0.14565986394882202,0.023037264123558998,0.18182587623596191,-0.3477392792701721,-0.4924239218235016,0.9272322654724121,-0.17410671710968018,0.002334923017770052,-0.15663263201713562,0.023448754101991653,0.09522315114736557,0.006873772479593754,0.04712964966893196,0.5636448264122009,-0.0710030198097229,0.02285352535545826,0.03144479915499687,0.4094250798225403,0.0897742435336113,0.2868202328681946,0.02101786620914936,0.0034316040109843016,-0.14091189205646515,0.34374508261680603,-0.06487741321325302,0.005268493667244911,0.12878641486167908,0.6171409487724304,0.2819364368915558,0.0005872678011655807,-0.06055564433336258,0.6545055508613586,0.1034315973520279,0.0010832496918737888,0.1290433704853058,0.6630374193191528,0.277479887008667,0.0008242570911534131,-0.07048963010311127,0.6661660075187683,0.08963929116725922,0.0012753400951623917,0.04139610379934311,0.7179650664329529,0.16118201613426208,0.0004696522664744407,-0.09419247508049011,0.7147517800331116,0.0694599524140358,0.0008234005654230714
1233.3333333333333,-0.08156370371580124,-0.5270681381225586,-0.3076017498970032,0.9999414682388306,-0.07975000888109207,-0.5809038877487183,-0.2724757790565491,0.999895453453064,-0.07780614495277405,-0.5728225708007812,-0.28752997517585754,0.9999145269393921,-0.08524392545223236,-0.5586293935775757,-0.2843189835548401,0.9999191761016846,-0.09469892084598541,-0.6054026484489441,-0.2982752323150635,0.9998433589935303,-0.09406289458274841,-0.6000739932060242,-0.2904618978500366,0.9995680451393127,-0.11882083117961884,-0.5850952863693237,-0.2752205431461334,0.9995718598365784,0.04290420562028885,-0.579678475856781,-0.16495457291603088,0.9996702671051025,-0.06548850983381271,-0.5431885719299316,-0.16847434639930725,0.9998214840888977,-0.0653802901506424,-0.5181758403778076,-0.25555419921875,0.9999585151672363,-0.07312370091676712,-0.4983220100402832,-0.2732698917388916,0.9998582601547241,0.20252330601215363,-0.43570175766944885,-0.09577713161706924,0.9998626708984375,-0.18016588687896729,-0.4180029332637787,-0.0520910806953907,0.9981222748756409,0.31088533997535706,-0.2179151177406311,-0.2851532995700836,0.9961967468261719,-0.20769736170768738,-0.13243979215621948,-0.1016964241862297,0.36564552783966064,0.24400751292705536,-0.3111844062805176,-0.49306511878967285,0.9845886826515198,-0.2315065562725067,-0.020260946825146675,-0.23378652334213257,0.04259483143687248,0.21691064536571503,-0.36031004786491394,-0.526831865310669,0.9533738493919373,-0.25688979029655457,0.051630303263664246,-0.2566204071044922,0.030940638855099678,0.15946124494075775,-0.38193318247795105,-0.5603251457214355,0.9532936811447144,-0.21608519554138184,0.062158748507499695,-0.22716769576072693,0.036598727107048035,0.196675106883049,-0.3161547780036926,-0.5039404630661011,0.9049031734466553,-0.1681140661239624,-0.01972081884741783,-0.23179027438163757,0.035059232264757156,0.0952702984213829,0.005076905712485313,0.04625144973397255,0.44110307097435,-0.07203127443790436,0.02445635013282299,0.03118051216006279,0.31796619296073914,0.09460368752479553,0.2808663845062256,0.022095849737524986,0.004826805088669062,-0.14834167063236237,0.3518092632293701,-0.04773785173892975,0.008425218053162098,0.1382286548614502,0.6179206967353821,0.2754276692867279,0.0011236746795475483,-0.06078943982720375,0.66219162940979,0.12983274459838867,0.001853363704867661,0.14607153832912445,0.6593049764633179,0.27282848954200745,0.0013512785080820322,-0.06557734310626984,0.6766749024391174,0.11652129143476486,0.00196949765086174,0.05259432643651962,0.7117647528648376,0.1520472913980484,0.0009035156108438969,-0.09463779628276825,0.7239208221435547,0.09710638970136642,0.001354932552203536
1266.6666666666665,-0.08272796869277954,-0.5311837792396545,-0.30887970328330994,0.9999469518661499,-0.0819513127207756,-0.5832116007804871,-0.2733275592327118,0.9999076128005981,-0.0802091509103775,-0.5763489007949829,-0.28774985671043396,0.9999204874038696,-0.08843882381916046,-0.5622149109840393,-0.28526657819747925,0.9999258518218994,-0.09648208320140839,-0.6083504557609558,-0.3001604676246643,0.9998680353164673,-0.09661488980054855,-0.602019190788269,-0.2935180068016052,0.9996320009231567,-0.12005246430635452,-0.5876131057739258,-0.2773621082305908,0.999645471572876,0.03788308799266815,-0.5811223983764648,-0.16716092824935913,0.9996658563613892,-0.06726562976837158,-0.5432015061378479,-0.1740039736032486,0.9998418092727661,-0.06718771159648895,-0.5221936106681824,-0.25873860716819763,0.9999668598175049,-0.07451643794775009,-0.5019065737724304,-0.27758827805519104,0.9998929500579834,0.19332194328308105,-0.43850672245025635,-0.09374850243330002,0.9998866319656372,-0.17885099351406097,-0.41682082414627075,-0.060031257569789886,0.9986037611961365,0.30832749605178833,-0.22512175142765045,-0.2781761586666107,0.9957398176193237,-0.20531567931175232,-0.1289176642894745,-0.1235237717628479,0.4297015070915222,0.24024036526679993,-0.3108777105808258,-0.4960038959980011,0.9877970814704895,-0.23188737034797668,-0.016741862520575523,-0.26443448662757874,0.07914324849843979,0.21445271372795105,-0.3602246940135956,-0.5292169451713562,0.962583065032959,-0.2569558620452881,0.05256455019116402,-0.28767624497413635,0.05352271348237991,0.15454581379890442,-0.37871965765953064,-0.5606498122215271,0.9629326462745667,-0.21821194887161255,0.06280266493558884,-0.25874701142311096,0.06405332684516907,0.1929190307855606,-0.31583526730537415,-0.5046389102935791,0.9242099523544312,-0.1692073941230774,-0.015712017193436623,-0.26214975118637085,0.0583174042403698,0.09287245571613312,0.003357568522915244,0.050672803074121475,0.4911053478717804,-0.06913140416145325,0.025628922507166862,0.025970591232180595,0.37182754278182983,0.10269293189048767,0.2835470139980316,0.04324004799127579,0.0036718198098242283,-0.14224329590797424,0.3503715395927429,-0.0547194667160511,0.006903903558850288,0.14645905792713165,0.6207023859024048,0.3046324551105499,0.0008988450281322002,-0.05786863714456558,0.665519118309021,0.1188143715262413,0.0016721554566174746,0.15128546953201294,0.6641117334365845,0.30008837580680847,0.0011700143804773688,-0.06337330490350723,0.6794392466545105,0.10436263680458069,0.0016670956974849105,0.06643883883953094,0.7192573547363281,0.18454964458942413,0.0007604401907883584,-0.08814094960689545,0.7273297309875488,0.08479030430316925,0.001257389667443931
1299.9999999999998,-0.0890842080116272,-0.5357572436332703,-0.22143709659576416,0.9999277591705322,-0.08637066185474396,-0.5888480544090271,-0.186112180352211,0.9998440742492676,-0.08580531179904938,-0.580811619758606,-0.2019052803516388,0.9998834133148193,-0.09223834425210953,-0.5673863887786865,-0.19721892476081848,0.9998838901519775,-0.10257274657487869,-0.612905740737915,-0.20960207283496857,0.9997711777687073,-0.10008254647254944,-0.6079261302947998,-0.20152121782302856,0.9994316697120667,-0.1251617670059204,-0.5936509966850281,-0.18530701100826263,0.9994072914123535,0.04124610126018524,-0.5848357677459717,-0.08404766023159027,0.9995232820510864,-0.06446637958288193,-0.5475770831108093,-0.08225397765636444,0.9997681975364685,-0.06964454054832458,-0.5254071354866028,-0.1708582639694214,0.9999313354492188,-0.07527214288711548,-0.5060238838195801,-0.18557019531726837,0.9997749924659729,0.20421861112117767,-0.43498045206069946,-0.0359133705496788,0.9998334646224976,-0.17170511186122894,-0.4209521412849426,0.018355922773480415,0.9980108141899109,0.3065597116947174,-0.21374525129795074,-0.22956496477127075,0.9954996705055237,-0.19998745620250702,-0.13850797712802887,-0.03431377187371254,0.2595877945423126,0.2581360340118408,-0.3125568628311157,-0.42814043164253235,0.9826073050498962,-0.22536978125572205,-0.02192084491252899,-0.16306963562965393,0.028110388666391373,0.23539972305297852,-0.3619869351387024,-0.4604284465312958,0.951161801815033,-0.2515985071659088,0.05083145573735237,-0.18344345688819885,0.022607626393437386,0.17953255772590637,-0.38263437151908875,-0.4957319498062134,0.9513372182846069,-0.2115345001220703,0.06543835997581482,-0.15332520008087158,0.02669498696923256,0.2114379107952118,-0.31669148802757263,-0.43956175446510315,0.9062864184379578,-0.1625397950410843,-0.020763108506798744,-0.16053760051727295,0.02880258858203888,0.09744078665971756,0.00924973376095295,0.04446611553430557,0.4436723589897156,-0.07352191209793091,0.020564910024404526,0.03490833938121796,0.31610122323036194,0.08473160862922668,0.29024526476860046,-0.011520191095769405,0.0053741405718028545,-0.14834997057914734,0.3456059992313385,-0.0626751109957695,0.0069099836982786655,0.1226021945476532,0.6198432445526123,0.2059880793094635,0.0011635542614385486,-0.06253625452518463,0.649480938911438,0.10378465801477432,0.001204456202685833,0.1297626495361328,0.6610163450241089,0.20304976403713226,0.001387332333251834,-0.06779775023460388,0.66590815782547,0.09150932729244232,0.0014688762603327632,0.03390147536993027,0.7124000787734985,0.0665324479341507,0.0008278195746243,-0.09377914667129517,0.7094829678535461,0.06540873646736145,0.0009089827653951943
1333.333333333333,-0.08877496421337128,-0.5277008414268494,-0.22234424948692322,0.9999009370803833,-0.08589345961809158,-0.5807591080665588,-0.18741190433502197,0.9997822642326355,-0.084347665309906,-0.5732349753379822,-0.203644260764122,0.9998185038566589,-0.09130223840475082,-0.5595360994338989,-0.199265718460083,0.9998216032981873,-0.10199274867773056,-0.6050806641578674,-0.21325334906578064,0.9996997117996216,-0.0992613434791565,-0.5999481081962585,-0.20485782623291016,0.9992523789405823,-0.12417429685592651,-0.5860844850540161,-0.18868638575077057,0.999261200428009,0.039904527366161346,-0.5774866342544556,-0.08586671948432922,0.9990795850753784,-0.06317836046218872,-0.54387366771698,-0.08589306473731995,0.9996455907821655,-0.06909426301717758,-0.5193475484848022,-0.17079433798789978,0.999903678894043,-0.07456221431493759,-0.4993211328983307,-0.18741874396800995,0.999698281288147,0.19967025518417358,-0.43516722321510315,-0.026700275018811226,0.9997759461402893,-0.17149139940738678,-0.4223434627056122,0.01272883452475071,0.9978538155555725,0.30592912435531616,-0.20987074077129364,-0.20869682729244232,0.9889519810676575,-0.20236238837242126,-0.13773663341999054,-0.052129872143268585,0.3061257004737854,0.27124786376953125,-0.28248101472854614,-0.42024245858192444,0.958579421043396,-0.23854917287826538,-0.015423113480210304,-0.20237967371940613,0.03393883630633354,0.2538306415081024,-0.3263626992702484,-0.45443210005760193,0.9065470695495605,-0.26622533798217773,0.05931767821311951,-0.22631274163722992,0.026371508836746216,0.1951693445444107,-0.35009992122650146,-0.4944099187850952,0.9099212884902954,-0.22735409438610077,0.0722208097577095,-0.1998557150363922,0.03139333799481392,0.22476838529109955,-0.28741106390953064,-0.43487223982810974,0.8375795483589172,-0.17698341608047485,-0.013118742033839226,-0.20140105485916138,0.03223656862974167,0.09567075967788696,0.010705241933465004,0.0423208586871624,0.49879947304725647,-0.07138193398714066,0.019118741154670715,0.037431854754686356,0.3706651031970978,0.08418010175228119,0.2937285006046295,-0.05165403336286545,0.004382244776934385,-0.15118999779224396,0.34217047691345215,-0.061160314828157425,0.003429618664085865,0.12308786809444427,0.6095643639564514,0.1104169711470604,0.001258435077033937,-0.07149401307106018,0.6422291994094849,0.10885576903820038,0.0006195902824401855,0.12832872569561005,0.6484463214874268,0.10150699317455292,0.0014593383530154824,-0.07779109477996826,0.6564247608184814,0.0977640450000763,0.000932374270632863,0.036055006086826324,0.6929975748062134,-0.04913683608174324,0.0008982602739706635,-0.09828512370586395,0.6995434165000916,0.07287779450416565,0.0005052171763963997
1366.6666666666663,-0.09877265989780426,-0.5349687337875366,-0.28948989510536194,0.9999239444732666,-0.08547446131706238,-0.586254894733429,-0.2530237138271332,0.9998332262039185,-0.08197899162769318,-0.5791797637939453,-0.26741746068000793,0.9998520612716675,-0.09022129327058792,-0.5647109150886536,-0.26464951038360596,0.9998677968978882,-0.10105463862419128,-0.6162093877792358,-0.2749817371368408,0.999767005443573,-0.09967094659805298,-0.609305202960968,-0.2665354311466217,0.999330997467041,-0.12440406531095505,-0.5967850089073181,-0.2523884177207947,0.9993953704833984,0.05741939693689346,-0.5793312191963196,-0.15012353658676147,0.9992572665214539,-0.05750562250614166,-0.5662296414375305,-0.13766740262508392,0.9996172189712524,-0.07741697132587433,-0.5209224224090576,-0.23749198019504547,0.9999257326126099,-0.08655935525894165,-0.5089238286018372,-0.25153401494026184,0.9997710585594177,0.20099525153636932,-0.45245587825775146,-0.09507058560848236,0.9998871088027954,-0.17324420809745789,-0.430682897567749,-0.03838608041405678,0.9987130165100098,0.32543203234672546,-0.2516295909881592,-0.29013627767562866,0.9961439371109009,-0.21272404491901398,-0.1443900763988495,-0.10026555508375168,0.5153871774673462,0.2832127809524536,-0.25268152356147766,-0.5122044086456299,0.9747057557106018,-0.26028648018836975,-0.00781015120446682,-0.26293689012527466,0.08461640030145645,0.26998192071914673,-0.27046340703964233,-0.5496905446052551,0.945411205291748,-0.2832813560962677,0.07681463658809662,-0.2923937141895294,0.06659948825836182,0.20285926759243011,-0.2809610664844513,-0.5968739986419678,0.9482753872871399,-0.24373266100883484,0.08903534710407257,-0.27043598890304565,0.079727903008461,0.23589353263378143,-0.24653784930706024,-0.527288019657135,0.9096331596374512,-0.19992952048778534,-0.004765837453305721,-0.26510605216026306,0.0807650238275528,0.09252866357564926,0.004980981815606356,0.04585735499858856,0.7849642038345337,-0.06911035627126694,0.02543623186647892,0.03102605789899826,0.7049298286437988,0.11064371466636658,0.2885400950908661,0.012027080170810223,0.007486612536013126,-0.13721977174282074,0.3459004759788513,-0.10808020830154419,0.02405698411166668,0.14544296264648438,0.6271955966949463,0.26357245445251465,0.0019722634460777044,-0.07047376781702042,0.6640146970748901,0.0336872898042202,0.004486699588596821,0.1506844013929367,0.6706477999687195,0.25948774814605713,0.002246796153485775,-0.07422126084566116,0.6794971227645874,0.015520207583904266,0.003443452063947916,0.061039529740810394,0.7251870036125183,0.1389840841293335,0.00141865573823452,-0.08772026002407074,0.718954861164093,-0.017011452466249466,0.002951422706246376
1399.9999999999995,-0.0907725915312767,-0.5215674042701721,-0.34183603525161743,0.9999585151672363,-0.07735436409711838,-0.5764483213424683,-0.3059692680835724,0.9999241828918457,-0.07382237911224365,-0.5694940090179443,-0.3192588984966278,0.9999394416809082,-0.08171185851097107,-0.5545840859413147,-0.3172879219055176,0.9999445676803589,-0.09570664167404175,-0.6035628318786621,-0.32804474234580994,0.9998779296875,-0.094322569668293,-0.5974149107933044,-0.31979992985725403,0.999647855758667,-0.11896676570177078,-0.5837363004684448,-0.30587294697761536,0.9996474981307983,0.06796377897262573,-0.5779012441635132,-0.1980188637971878,0.9997301697731018,-0.05695132166147232,-0.5572457909584045,-0.1839699000120163,0.9997988343238831,-0.06829435378313065,-0.5100648999214172,-0.28729045391082764,0.9999650716781616,-0.08018111437559128,-0.49554771184921265,-0.3008756637573242,0.9998736381530762,0.21867693960666656,-0.4456774890422821,-0.13797655701637268,0.9999531507492065,-0.17596155405044556,-0.4260764420032501,-0.07870364934206009,0.99916672706604,0.3387150168418884,-0.22377265989780426,-0.33207952976226807,0.9978888630867004,-0.220219686627388,-0.14064177870750427,-0.13828280568122864,0.6661585569381714,0.29485368728637695,-0.22063781321048737,-0.5483607053756714,0.9900789260864258,-0.2529444694519043,-0.013608981855213642,-0.31400027871131897,0.15539655089378357,0.28038322925567627,-0.23734356462955475,-0.584284245967865,0.9779072999954224,-0.27130815386772156,0.06821329891681671,-0.3444731533527374,0.1244073137640953,0.2168523222208023,-0.25423216819763184,-0.6330662369728088,0.979278564453125,-0.22621795535087585,0.07367567718029022,-0.3219170570373535,0.14619646966457367,0.24817219376564026,-0.21757104992866516,-0.5631039142608643,0.9625809192657471,-0.18992042541503906,-0.013282258063554764,-0.3157293498516083,0.1470375955104828,0.09709364175796509,0.006560225039720535,0.042622391134500504,0.7183752059936523,-0.07408037781715393,0.02370227500796318,0.033939678221940994,0.6045898199081421,0.09721414744853973,0.29279813170433044,0.01648743636906147,0.012914842925965786,-0.1397259682416916,0.35104900598526,-0.10725699365139008,0.04964134469628334,0.13672661781311035,0.6386566162109375,0.26359301805496216,0.005947963800281286,-0.06837433576583862,0.6709138751029968,0.044570907950401306,0.011653609573841095,0.14211831986904144,0.6825025081634521,0.2576885223388672,0.00553305447101593,-0.07215181738138199,0.6859214901924133,0.02791084721684456,0.007627538405358791,0.04570677503943443,0.7380267977714539,0.13403746485710144,0.003819231642410159,-0.08710671961307526,0.7341580390930176,-0.0038115389179438353,0.007097153924405575
1433.3333333333328,-0.06964471936225891,-0.5153564214706421,-0.3161458671092987,0.9998365640640259,-0.05860427767038345,-0.5693372488021851,-0.280295193195343,0.9996281862258911,-0.05563982576131821,-0.5614526271820068,-0.29431718587875366,0.9997122883796692,-0.06390896439552307,-0.547439455986023,-0.2916601598262787,0.9997056126594543,-0.07612912356853485,-0.5947405695915222,-0.30423328280448914,0.9994506239891052,-0.07460789382457733,-0.5891100168228149,-0.29484671354293823,0.9986901879310608,-0.09916327893733978,-0.5750086903572083,-0.2795129716396332,0.9987126588821411,0.08573520183563232,-0.5696337819099426,-0.1773233413696289,0.9985462427139282,-0.03113595023751259,-0.545258641242981,-0.16399039328098297,0.9993332028388977,-0.04721672460436821,-0.5058914422988892,-0.2626364231109619,0.9998539686203003,-0.05726902186870575,-0.48901715874671936,-0.2752135097980499,0.999519944190979,0.23868784308433533,-0.4381772577762604,-0.10937942564487457,0.9998483657836914,-0.1505531370639801,-0.42778557538986206,-0.059090692549943924,0.9987986087799072,0.3670422434806824,-0.22001801431179047,-0.3026432991027832,0.9955908060073853,-0.20472024381160736,-0.1515226811170578,-0.13509559631347656,0.6132764220237732,0.28921017050743103,-0.23525242507457733,-0.5351071953773499,0.9856084585189819,-0.203212708234787,-0.0620943158864975,-0.32513925433158875,0.28376466035842896,0.26707854866981506,-0.2622775137424469,-0.5677462816238403,0.9716171026229858,-0.21235419809818268,0.0057425592094659805,-0.3563554286956787,0.25620394945144653,0.2018662989139557,-0.2823870778083801,-0.6105965375900269,0.9734085202217102,-0.16108448803424835,0.0015652915462851524,-0.32452648878097534,0.29314592480659485,0.23997803032398224,-0.2370307296514511,-0.5457873940467834,0.9531197547912598,-0.13561290502548218,-0.06971381604671478,-0.3228079676628113,0.2818603813648224,0.09742586314678192,0.012472433038055897,0.0439440980553627,0.5699925422668457,-0.07312057912349701,0.017498653382062912,0.03195193037390709,0.4348549246788025,0.09506885707378387,0.295958548784256,-0.009948878549039364,0.004138350021094084,-0.14068609476089478,0.33791300654411316,-0.09469715505838394,0.009173245169222355,0.12726695835590363,0.6311679482460022,0.18750262260437012,0.002208084100857377,-0.061720192432403564,0.6508986353874207,0.06876461952924728,0.0023636401165276766,0.13002809882164001,0.6741386651992798,0.17521318793296814,0.0025634043850004673,-0.0656658262014389,0.6668545007705688,0.053059808909893036,0.002381168771535158,0.02534244954586029,0.7237445712089539,0.041006769984960556,0.0016267760656774044,-0.07876374572515488,0.7095096111297607,0.0264686681330204,0.001661722082644701
1466.666666666666,-0.07569484412670135,-0.5147088170051575,-0.3185327351093292,0.9998644590377808,-0.06515538692474365,-0.5687066912651062,-0.2823634445667267,0.9996802806854248,-0.06235530227422714,-0.5608436465263367,-0.296556681394577,0.9997569918632507,-0.07049798965454102,-0.546802282333374,-0.29368624091148376,0.9997478127479553,-0.08233657479286194,-0.5937661528587341,-0.3069677948951721,0.9995255470275879,-0.0809251144528389,-0.5879985094070435,-0.2972995638847351,0.9988890290260315,-0.10537788271903992,-0.5740657448768616,-0.2818363308906555,0.998885452747345,0.07817824929952621,-0.5695043206214905,-0.17915520071983337,0.998794436454773,-0.03794189170002937,-0.5440189838409424,-0.1677636206150055,0.9994383454322815,-0.053629934787750244,-0.5053032040596008,-0.26484158635139465,0.9998795986175537,-0.06344763934612274,-0.48806965351104736,-0.27786004543304443,0.9996078610420227,0.23251232504844666,-0.4387155771255493,-0.11204218119382858,0.9998828172683716,-0.15733826160430908,-0.4273362159729004,-0.06157046929001808,0.9990129470825195,0.36332622170448303,-0.22225652635097504,-0.3032693862915039,0.9966191053390503,-0.21286383271217346,-0.1528293937444687,-0.1366693526506424,0.6441484689712524,0.28293102979660034,-0.2370109260082245,-0.535908579826355,0.9905608296394348,-0.21002084016799927,-0.060867659747600555,-0.3263005316257477,0.3461490273475647,0.2598375976085663,-0.2646348774433136,-0.5677917003631592,0.9809868931770325,-0.21925777196884155,0.007289770524948835,-0.356410413980484,0.3155968487262726,0.19377228617668152,-0.28408217430114746,-0.6102842688560486,0.9821772575378418,-0.16760216653347015,0.003654574044048786,-0.32431113719940186,0.35685473680496216,0.233114555478096,-0.2387334704399109,-0.5459452867507935,0.9685478210449219,-0.14215126633644104,-0.0683605819940567,-0.3236181437969208,0.349200576543808,0.0979369580745697,0.01210810337215662,0.044597066938877106,0.5967119932174683,-0.07333799451589584,0.017721926793456078,0.031089430674910545,0.46279555559158325,0.09692372381687164,0.2926843464374542,-0.004217566456645727,0.004219939932227135,-0.1392318159341812,0.33381789922714233,-0.09801488369703293,0.010122791863977909,0.13086846470832825,0.6283149719238281,0.2028799206018448,0.0021687299013137817,-0.05967581272125244,0.6466795206069946,0.05944285914301872,0.00269826827570796,0.13418102264404297,0.6717910766601562,0.191343292593956,0.0025720850098878145,-0.06308899819850922,0.6631307005882263,0.04304555803537369,0.0026056217029690742,0.029792651534080505,0.7235646843910217,0.059894513338804245,0.0016061585629358888,-0.0749192088842392,0.704765260219574,0.015032010152935982,0.001863845274783671
1499.9999999999993,-0.08091381192207336,-0.5208527445793152,-0.2773328423500061,0.9999758005142212,-0.07428660243749619,-0.5726310014724731,-0.24548880755901337,0.9999322891235352,-0.07095605880022049,-0.567106306552887,-0.2570451498031616,0.9999556541442871,-0.07768933475017548,-0.5530533790588379,-0.2562520205974579,0.9999371767044067,-0.0888221338391304,-0.598953902721405,-0.27297013998031616,0.9999158382415771,-0.08660508692264557,-0.5933396220207214,-0.26312699913978577,0.9998522996902466,-0.11183788627386093,-0.5796535611152649,-0.24861067533493042,0.9998024106025696,0.06141673028469086,-0.5796828866004944,-0.1449504941701889,0.9997301697731018,-0.047759704291820526,-0.5536968111991882,-0.14210204780101776,0.9999206066131592,-0.062035590410232544,-0.5133764743804932,-0.22650983929634094,0.999968409538269,-0.06859835237264633,-0.49642065167427063,-0.24204756319522858,0.9999135732650757,0.21601411700248718,-0.450987845659256,-0.06566032767295837,0.9999006986618042,-0.15611673891544342,-0.437107115983963,-0.040867794305086136,0.9995156526565552,0.3509913980960846,-0.23930150270462036,-0.22187086939811707,0.9955242872238159,-0.2260770946741104,-0.177978053689003,-0.13703316450119019,0.6265837550163269,0.27099719643592834,-0.25477054715156555,-0.43549999594688416,0.9925324320793152,-0.21555987000465393,-0.10277430713176727,-0.3508974015712738,0.6896058917045593,0.24564319849014282,-0.28281769156455994,-0.4705398678779602,0.9902819395065308,-0.22811512649059296,-0.037048712372779846,-0.38248178362846375,0.74730384349823,0.17348867654800415,-0.30349650979042053,-0.5080103874206543,0.9913623929023743,-0.16373974084854126,-0.03690739721059799,-0.34705445170402527,0.7753118872642517,0.21760688722133636,-0.2556934952735901,-0.4457043409347534,0.9840834736824036,-0.14365558326244354,-0.10660504549741745,-0.34692174196243286,0.7526836395263672,0.09848753362894058,0.012030938640236855,0.052192527800798416,0.45915693044662476,-0.07511210441589355,0.01790742389857769,0.023262234404683113,0.3568271994590759,0.10925101488828659,0.28413766622543335,-0.01403871364891529,0.009074170142412186,-0.14426350593566895,0.3304689824581146,-0.09458115696907043,0.014368371106684208,0.14534738659858704,0.6254270672798157,0.17005039751529694,0.0037574926391243935,-0.04748386889696121,0.6441137790679932,0.07973908632993698,0.0035006762482225895,0.15064315497875214,0.6673933267593384,0.1587989777326584,0.005146837793290615,-0.04875924438238144,0.65865159034729,0.06738981604576111,0.0032967342995107174,0.05406203866004944,0.7028160095214844,0.039115794003009796,0.0036575293634086847,-0.05891243740916252,0.6992861032485962,0.04659838601946831,0.0024592140689492226
1533.3333333333326,-0.09282801300287247,-0.5405955910682678,-0.21453191339969635,0.9999756813049316,-0.08516789227724075,-0.5924046039581299,-0.17993208765983582,0.9999257326126099,-0.08496032655239105,-0.5867453813552856,-0.19595563411712646,0.9999558925628662,-0.0919996052980423,-0.5732616186141968,-0.19007714092731476,0.999937891960144,-0.10026367753744125,-0.6164992451667786,-0.20139721035957336,0.9998965263366699,-0.09810473769903183,-0.6119400858879089,-0.19174429774284363,0.9998204112052917,-0.1215086504817009,-0.5976774096488953,-0.17345012724399567,0.9997734427452087,0.06106693297624588,-0.5801259875297546,-0.08234110474586487,0.9997596144676208,-0.05134198069572449,-0.5556845664978027,-0.06205565109848976,0.9999146461486816,-0.0705021545290947,-0.5295916199684143,-0.16816022992134094,0.9999572038650513,-0.0793234184384346,-0.5115809440612793,-0.17492561042308807,0.999883770942688,0.21583878993988037,-0.45096075534820557,-0.02879255637526512,0.9998849630355835,-0.1594521701335907,-0.4457738995552063,0.05446406826376915,0.9995394945144653,0.3668357729911804,-0.2764627933502197,-0.20781174302101135,0.9955604076385498,-0.24136652052402496,-0.22827517986297607,0.02928999997675419,0.720958948135376,0.2619837522506714,-0.3000919222831726,-0.39275383949279785,0.9939404726028442,-0.26573747396469116,-0.22636817395687103,-0.09298691898584366,0.9244207739830017,0.22762131690979004,-0.3323066830635071,-0.4156765937805176,0.9886025786399841,-0.28340914845466614,-0.19202588498592377,-0.11028291285037994,0.9215795993804932,0.15267899632453918,-0.3514299988746643,-0.4453379511833191,0.9892334938049316,-0.23601864278316498,-0.19356724619865417,-0.07398812472820282,0.9340948462486267,0.20307070016860962,-0.3047807514667511,-0.3986812233924866,0.9818006753921509,-0.20069169998168945,-0.23765219748020172,-0.08855966478586197,0.9305259585380554,0.10207764804363251,0.016686927527189255,0.03494661673903465,0.40162473917007446,-0.07744621485471725,0.0136435367166996,0.043188098818063736,0.3085881471633911,0.0940871387720108,0.2820552885532379,-0.07455989718437195,0.004825291223824024,-0.1475367695093155,0.34289491176605225,-0.08194550126791,0.005875242408365011,0.13219089806079865,0.6220851540565491,0.0806807428598404,0.001573252258822322,-0.05612828582525253,0.655377984046936,0.06986068934202194,0.0011998243862763047,0.13560137152671814,0.6639416813850403,0.0672675147652626,0.002158013405278325,-0.06004391610622406,0.6748940348625183,0.05788130685687065,0.0015910062938928604,0.028180012479424477,0.7093154191970825,-0.061047304421663284,0.0013358689611777663,-0.0837259516119957,0.7169860601425171,0.04027227684855461,0.0009711697930470109
1566.6666666666658,-0.09631165117025375,-0.5229878425598145,-0.18329353630542755,0.9999805688858032,-0.09216168522834778,-0.5719814300537109,-0.1525605469942093,0.9999264478683472,-0.09237685054540634,-0.5650463104248047,-0.16863980889320374,0.9999682903289795,-0.0977969765663147,-0.5517967343330383,-0.1613054722547531,0.9999470710754395,-0.10321180522441864,-0.5980398058891296,-0.17949238419532776,0.9998902082443237,-0.10122384876012802,-0.5933840274810791,-0.16725985705852509,0.9998544454574585,-0.12638920545578003,-0.5809968113899231,-0.14836806058883667,0.9997518658638,0.05186863988637924,-0.5708106756210327,-0.06527768820524216,0.9998788833618164,-0.048941537737846375,-0.5471032857894897,-0.04950254037976265,0.9999438524246216,-0.07576139271259308,-0.516315221786499,-0.1418798714876175,0.9999603033065796,-0.07784317433834076,-0.49773210287094116,-0.14749369025230408,0.9998841285705566,0.20727363228797913,-0.4466588795185089,-0.017207592725753784,0.9999626874923706,-0.1584608554840088,-0.4215335249900818,0.05485423654317856,0.9996545314788818,0.35676640272140503,-0.2963404655456543,-0.19538964331150055,0.996688187122345,-0.270808607339859,-0.19266140460968018,-0.08441663533449173,0.6620115637779236,0.25387418270111084,-0.37229907512664795,-0.35729196667671204,0.9988561868667603,-0.2760081887245178,-0.3252750337123871,-0.2478553056716919,0.9873786568641663,0.22008326649665833,-0.4256071150302887,-0.3710648715496063,0.9981591105461121,-0.2957831621170044,-0.3380427062511444,-0.2508939504623413,0.9883801937103271,0.13945487141609192,-0.4371708631515503,-0.38128790259361267,0.9982914328575134,-0.24687883257865906,-0.3396645784378052,-0.19890207052230835,0.9885938167572021,0.1922484040260315,-0.3777901828289032,-0.3520274758338928,0.9972918629646301,-0.21469803154468536,-0.34787294268608093,-0.2368045151233673,0.9896961450576782,0.10520027577877045,0.024205666035413742,0.03833872079849243,0.2584789991378784,-0.0786302238702774,0.00476658483967185,0.03619324043393135,0.154872328042984,0.06407094746828079,0.28967946767807007,-0.10068697482347488,0.0007765641203150153,-0.14728404581546783,0.3399476706981659,-0.1300014704465866,0.0011604434112086892,0.0915013924241066,0.6018445491790771,0.03655845299363136,0.0006133134593255818,-0.06550495326519012,0.6273847818374634,0.03309788182377815,0.00043709998135454953,0.09985413402318954,0.6416168212890625,0.017962096258997917,0.0011524222791194916,-0.07070562243461609,0.6449013352394104,0.027264168485999107,0.0007991513703018427,-0.01485990360379219,0.6874261498451233,-0.0984296053647995,0.000845925067551434,-0.10178560763597488,0.6863088607788086,0.025842580944299698,0.00041324165067635477
1599.999999999999,-0.09670399874448776,-0.5225616097450256,-0.1723438799381256,0.9999805688858032,-0.08930345624685287,-0.5715257525444031,-0.1399758905172348,0.9999285936355591,-0.08952873945236206,-0.5634154677391052,-0.1562792956829071,0.9999675750732422,-0.09651808440685272,-0.5506531000137329,-0.1487448662519455,0.9999456405639648,-0.10026957839727402,-0.5983014106750488,-0.16707246005535126,0.999890923500061,-0.09871090948581696,-0.592862606048584,-0.15479831397533417,0.9998526573181152,-0.12459132075309753,-0.5814815759658813,-0.13549673557281494,0.9997692704200745,0.05852100998163223,-0.5696788430213928,-0.04923958703875542,0.9998637437820435,-0.04567548632621765,-0.5517977476119995,-0.03434304893016815,0.9999449253082275,-0.07473251223564148,-0.5158913731575012,-0.1287970244884491,0.999953031539917,-0.07883860915899277,-0.4986880123615265,-0.1334216594696045,0.9998681545257568,0.21044816076755524,-0.44472000002861023,-0.011823122389614582,0.9999532699584961,-0.15884403884410858,-0.43437162041664124,0.06974861025810242,0.9996914863586426,0.3571609854698181,-0.30370163917541504,-0.22588352859020233,0.9980942606925964,-0.26180559396743774,-0.22545050084590912,-0.09446897357702255,0.7785990834236145,0.24477067589759827,-0.40368467569351196,-0.41482487320899963,0.9994864463806152,-0.27375319600105286,-0.3923546373844147,-0.27287212014198303,0.9966515898704529,0.21107199788093567,-0.4686061143875122,-0.429057240486145,0.999010443687439,-0.29603084921836853,-0.4183119833469391,-0.27413293719291687,0.9965763688087463,0.13057459890842438,-0.47719481587409973,-0.4337972104549408,0.999051034450531,-0.251430869102478,-0.4170973002910614,-0.2206777036190033,0.9966505169868469,0.18399055302143097,-0.40968164801597595,-0.4051147401332855,0.9985358715057373,-0.21459046006202698,-0.4157983660697937,-0.26128560304641724,0.9969735145568848,0.10472452640533447,0.024518195539712906,0.03913940116763115,0.24583390355110168,-0.07816532999277115,0.004382063634693623,0.03474629670381546,0.16186021268367767,0.0708078071475029,0.2701868712902069,-0.09515376389026642,0.0008187168859876692,-0.13422352075576782,0.33211880922317505,-0.15914583206176758,0.0016526237595826387,0.09580272436141968,0.5962927341461182,0.04074343666434288,0.0006452819798141718,-0.05406894534826279,0.6253593564033508,-0.01753692701458931,0.0005866395658813417,0.10450290143489838,0.6389442682266235,0.019859978929162025,0.0012457999400794506,-0.05891340598464012,0.6445294618606567,-0.0267855953425169,0.0009723924449644983,-0.005830448120832443,0.6839497685432434,-0.0962715595960617,0.000974823662545532,-0.08600030839443207,0.6824114322662354,-0.03616167977452278,0.0005827561253681779
1633.3333333333323,-0.09727278351783752,-0.5230242609977722,-0.17610391974449158,0.9999773502349854,-0.09035664796829224,-0.5718053579330444,-0.14395280182361603,0.9999164342880249,-0.09054200351238251,-0.5637311339378357,-0.16025172173976898,0.9999624490737915,-0.09748426079750061,-0.5509949922561646,-0.15270747244358063,0.9999371767044067,-0.10090325027704239,-0.5986148715019226,-0.17116747796535492,0.9998724460601807,-0.09932602941989899,-0.5932082533836365,-0.1589135229587555,0.9998288154602051,-0.12523874640464783,-0.5817150473594666,-0.13971862196922302,0.9997300505638123,0.056512512266635895,-0.5696459412574768,-0.05390838533639908,0.9998437166213989,-0.046242378652095795,-0.5515921115875244,-0.039366576820611954,0.9999358654022217,-0.07564525306224823,-0.5161803364753723,-0.13276363909244537,0.9999476671218872,-0.07939862459897995,-0.4990227222442627,-0.1377309411764145,0.9998524188995361,0.20863890647888184,-0.44517210125923157,-0.015101294033229351,0.9999498128890991,-0.15978266298770905,-0.433662474155426,0.0654764249920845,0.999652624130249,0.3550293743610382,-0.30334416031837463,-0.22650909423828125,0.9979972243309021,-0.26302361488342285,-0.22379198670387268,-0.09535186737775803,0.7671729326248169,0.24426591396331787,-0.4015566408634186,-0.4156778156757355,0.9994564652442932,-0.2756900489330292,-0.39093154668807983,-0.27175360918045044,0.9963030815124512,0.21104831993579865,-0.4660061001777649,-0.4304840862751007,0.9989713430404663,-0.29801395535469055,-0.41664743423461914,-0.273303359746933,0.9962732791900635,0.1303783655166626,-0.47474244236946106,-0.4356226623058319,0.9990161657333374,-0.2536921203136444,-0.4158746302127838,-0.21992619335651398,0.9963533878326416,0.1834537833929062,-0.40757042169570923,-0.40646350383758545,0.9984714388847351,-0.2165052890777588,-0.4144660532474518,-0.2603723406791687,0.9966931343078613,0.10446500033140182,0.023996755480766296,0.039564099162817,0.24508172273635864,-0.07799269258975983,0.004891433287411928,0.0342632532119751,0.1605028510093689,0.0706835463643074,0.2699383795261383,-0.09308113157749176,0.0008558777626603842,-0.13388663530349731,0.33221009373664856,-0.15729807317256927,0.0017097097588703036,0.09705208986997604,0.5970121622085571,0.04269106313586235,0.0006810828344896436,-0.053512342274188995,0.625697672367096,-0.01639251783490181,0.0006092683761380613,0.10603199154138565,0.6396409869194031,0.021844271570444107,0.0013050397392362356,-0.05835922434926033,0.6446746587753296,-0.025771284475922585,0.0009970791870728135,-0.004096951335668564,0.6833255290985107,-0.09481628984212875,0.001030674553476274,-0.08460820466279984,0.6818906664848328,-0.03578529506921768,0.000601255742367357
1666.6666666666656,-0.10006049275398254,-0.5299119353294373,-0.17615865170955658,0.9999876022338867,-0.09202852100133896,-0.5774580836296082,-0.14811472594738007,0.9999579191207886,-0.09330759942531586,-0.5704212784767151,-0.1634359359741211,0.9999823570251465,-0.0984245166182518,-0.557409405708313,-0.1561921238899231,0.9999697208404541,-0.10063157230615616,-0.6060886979103088,-0.17190499603748322,0.9999419450759888,-0.09836265444755554,-0.6014075875282288,-0.16064324975013733,0.999923586845398,-0.12434547394514084,-0.5892450213432312,-0.1419522911310196,0.9998711347579956,0.057920169085264206,-0.5685052871704102,-0.06263444572687149,0.9999439716339111,-0.04301432520151138,-0.5579670071601868,-0.04189008101820946,0.9999779462814331,-0.0788874477148056,-0.5204725861549377,-0.13548842072486877,0.9999752044677734,-0.08196580410003662,-0.5068840384483337,-0.13867780566215515,0.9999380111694336,0.21063902974128723,-0.4416968524456024,-0.008542675524950027,0.9999457597732544,-0.15580052137374878,-0.43577703833580017,0.06633216142654419,0.9997174143791199,0.35336804389953613,-0.30744093656539917,-0.1790047436952591,0.9983797073364258,-0.2614920139312744,-0.2347031682729721,-0.06329749524593353,0.8183049559593201,0.24609069526195526,-0.41928747296333313,-0.31693509221076965,0.9995965361595154,-0.2591433823108673,-0.4232029616832733,-0.19664700329303741,0.9981666803359985,0.2104676365852356,-0.4836370646953583,-0.3221993148326874,0.999259889125824,-0.2793039381504059,-0.4547889530658722,-0.19164690375328064,0.9981153011322021,0.13214148581027985,-0.4935322105884552,-0.32655787467956543,0.9992908239364624,-0.23739881813526154,-0.449590265750885,-0.1333119124174118,0.9981017708778381,0.18443401157855988,-0.42729607224464417,-0.30621424317359924,0.9989004135131836,-0.19912981986999512,-0.4441002309322357,-0.18182149529457092,0.9982247948646545,0.10495281964540482,0.022685352712869644,0.04527784138917923,0.24252496659755707,-0.08003886789083481,0.006966346874833107,0.02925446256995201,0.17582480609416962,0.07148975133895874,0.265399694442749,-0.0592670738697052,0.0015275438781827688,-0.13863901793956757,0.3409906327724457,-0.15240603685379028,0.004819334484636784,0.10228105634450912,0.5975993275642395,0.12321647256612778,0.0009981613839045167,-0.05595880001783371,0.6279870271682739,0.00709940493106842,0.001429741270840168,0.11451062560081482,0.6399043798446655,0.10984017699956894,0.0017924450803548098,-0.06060478091239929,0.6467850804328918,0.0012845874298363924,0.0018153449054807425,0.0002971505746245384,0.6806477904319763,0.006112761329859495,0.0016297238180413842,-0.08823796361684799,0.6841803193092346,-0.009249897673726082,0.0013653647620230913
1699.9999999999989,-0.10289709270000458,-0.5293853878974915,-0.18241065740585327,0.999991774559021,-0.09425820410251617,-0.5761629343032837,-0.14624246954917908,0.9999700784683228,-0.09614037722349167,-0.5668847560882568,-0.16302180290222168,0.9999864101409912,-0.10289674997329712,-0.5543544292449951,-0.15463657677173615,0.9999767541885376,-0.10469379276037216,-0.6034712195396423,-0.17154109477996826,0.9999594688415527,-0.10335193574428558,-0.597565770149231,-0.15923896431922913,0.9999452829360962,-0.12899738550186157,-0.5859283804893494,-0.13918527960777283,0.9999125003814697,0.06169416010379791,-0.5623537302017212,-0.05172574147582054,0.9999464750289917,-0.046327754855155945,-0.5474821329116821,-0.03360063582658768,0.9999849796295166,-0.0787506252527237,-0.5164863467216492,-0.13871559500694275,0.9999767541885376,-0.08382052928209305,-0.5023021697998047,-0.14044000208377838,0.9999490976333618,0.21572312712669373,-0.4260996878147125,-0.008732636459171772,0.9999134540557861,-0.1613755226135254,-0.42884641885757446,0.06883861869573593,0.999710738658905,0.35625913739204407,-0.29675713181495667,-0.21873672306537628,0.9987177848815918,-0.2780643701553345,-0.27119940519332886,-0.08930359035730362,0.9216490387916565,0.24405355751514435,-0.41928526759147644,-0.3841474950313568,0.9997616410255432,-0.2467527836561203,-0.47844505310058594,-0.2226945161819458,0.999334990978241,0.20964005589485168,-0.4911669194698334,-0.3860657811164856,0.9995267391204834,-0.26110556721687317,-0.5159828662872314,-0.21559205651283264,0.9990953207015991,0.12849146127700806,-0.4918701648712158,-0.38602930307388306,0.9995357990264893,-0.21480116248130798,-0.5040721297264099,-0.15040883421897888,0.9990781545639038,0.1814379096031189,-0.42397987842559814,-0.3692561686038971,0.9993109703063965,-0.1830214560031891,-0.49934840202331543,-0.20558154582977295,0.999207079410553,0.10849248617887497,0.02116410806775093,0.04427691549062729,0.2744319438934326,-0.08221521228551865,0.006795716471970081,0.029024267569184303,0.24462391436100006,0.07567593455314636,0.2671116292476654,-0.04113269969820976,0.0007311834488064051,-0.13346603512763977,0.31563517451286316,-0.21186427772045135,0.004053138662129641,0.10837303847074509,0.5994225740432739,0.16515447199344635,0.0006019501015543938,-0.04489335045218468,0.599165141582489,-0.0754413828253746,0.0013486613752320409,0.12133540958166122,0.6437365412712097,0.15078967809677124,0.0013095320900902152,-0.04717233031988144,0.6202039122581482,-0.08563962578773499,0.0019043629290536046,0.009226678870618343,0.6897358298301697,0.04258156940340996,0.001099283341318369,-0.07053744792938232,0.650197446346283,-0.11045056581497192,0.0014911352191120386
1733.3333333333321,-0.1037602648139,-0.5217846035957336,-0.21991518139839172,0.9999829530715942,-0.09241799265146255,-0.5684346556663513,-0.19190378487110138,0.9999383687973022,-0.09366247057914734,-0.5600985288619995,-0.20588316023349762,0.9999675750732422,-0.09993340075016022,-0.5461019277572632,-0.19921919703483582,0.9999532699584961,-0.1046566367149353,-0.5972711443901062,-0.2162236124277115,0.9999184608459473,-0.10302765667438507,-0.5916890501976013,-0.2050502449274063,0.9998743534088135,-0.12750446796417236,-0.5786041021347046,-0.18559427559375763,0.9998375177383423,0.06543031334877014,-0.5589728951454163,-0.10648312419652939,0.999861478805542,-0.041704460978507996,-0.5507286190986633,-0.08175422996282578,0.9999628067016602,-0.08207996189594269,-0.5091635584831238,-0.17927344143390656,0.9999569654464722,-0.08573482930660248,-0.497498095035553,-0.17867454886436462,0.9999109506607056,0.21472100913524628,-0.4202238917350769,-0.061776891350746155,0.9998916387557983,-0.15433692932128906,-0.44120803475379944,0.017472444102168083,0.9997736811637878,0.35566866397857666,-0.3026997447013855,-0.2679116129875183,0.9976467490196228,-0.2855830192565918,-0.3121713399887085,-0.1573190838098526,0.9132782816886902,0.24721659719944,-0.4290957748889923,-0.42242926359176636,0.9992454051971436,-0.24770455062389374,-0.500980794429779,-0.3004761040210724,0.9986166954040527,0.21511274576187134,-0.5035759806632996,-0.42048850655555725,0.9986732006072998,-0.2563997507095337,-0.5295349359512329,-0.2887832522392273,0.997990608215332,0.14012159407138824,-0.5040203928947449,-0.42173323035240173,0.9986928105354309,-0.19791951775550842,-0.5120061635971069,-0.22217638790607452,0.9978739023208618,0.18876437842845917,-0.43355804681777954,-0.40598687529563904,0.9982106685638428,-0.18046922981739044,-0.5154404044151306,-0.2820810377597809,0.998301088809967,0.10438236594200134,0.024328675121068954,0.039602287113666534,0.2892422378063202,-0.07851505279541016,0.0034083351492881775,0.03243511915206909,0.27385684847831726,0.07891927659511566,0.2716020941734314,-0.07138422131538391,0.0002934198419097811,-0.1235467940568924,0.3267141580581665,-0.1809268295764923,0.0011768792755901814,0.11045384407043457,0.6078158020973206,0.10427743196487427,0.0002517883840482682,-0.03214842453598976,0.6189867854118347,-0.046583279967308044,0.0005983384908176959,0.12211228907108307,0.6522074341773987,0.08722653239965439,0.0006601913482882082,-0.035997867584228516,0.6397365927696228,-0.05793203413486481,0.0008950308547355235,0.010526975616812706,0.7005120515823364,-0.013396679423749447,0.0004846095107495785,-0.05862300470471382,0.6723082065582275,-0.0756588876247406,0.0006161081255413592
1766.6666666666654,-0.12228143215179443,-0.5326647162437439,-0.15853887796401978,0.9999804496765137,-0.10770711302757263,-0.5774574279785156,-0.12879939377307892,0.999933123588562,-0.10874573141336441,-0.5688982605934143,-0.1431848555803299,0.9999651908874512,-0.11616721749305725,-0.5555452704429626,-0.13630299270153046,0.9999475479125977,-0.11853650957345963,-0.6079349517822266,-0.15061679482460022,0.9999125003814697,-0.11657780408859253,-0.6020022630691528,-0.13914909958839417,0.9998726844787598,-0.14190389215946198,-0.589944064617157,-0.11951372027397156,0.9998358488082886,0.057211294770240784,-0.5610749125480652,-0.0459180548787117,0.9998311996459961,-0.046086326241493225,-0.5602996349334717,-0.013456524349749088,0.9999619722366333,-0.09743618220090866,-0.5186972618103027,-0.12052910029888153,0.999944806098938,-0.10089921951293945,-0.5090727210044861,-0.11745219677686691,0.99988853931427,0.20718148350715637,-0.42374223470687866,-0.0126461461186409,0.9998258948326111,-0.16042460501194,-0.44868385791778564,0.07332972437143326,0.9997430443763733,0.32694464921951294,-0.30875736474990845,-0.23359772562980652,0.9969221949577332,-0.2804087996482849,-0.3270566761493683,-0.10621477663516998,0.9300011992454529,0.22163137793540955,-0.4395844340324402,-0.39195212721824646,0.9991063475608826,-0.24579697847366333,-0.527658224105835,-0.24274437129497528,0.9991065859794617,0.19176414608955383,-0.513343095779419,-0.3930439352989197,0.998386025428772,-0.2555064558982849,-0.5575295686721802,-0.23312005400657654,0.9986190795898438,0.11750224977731705,-0.5117445588111877,-0.3934240937232971,0.9984095692634583,-0.20028769969940186,-0.5395594239234924,-0.16770713031291962,0.9985572695732117,0.16387894749641418,-0.44264400005340576,-0.37612128257751465,0.9978315234184265,-0.17931243777275085,-0.5422468781471252,-0.22602331638336182,0.9988092184066772,0.10508663952350616,0.023990394547581673,0.03776091709733009,0.27883055806159973,-0.07992468029260635,0.0044596316292881966,0.03582148626446724,0.27575960755348206,0.06495163589715958,0.2762563228607178,-0.07950370758771896,0.0004511173174250871,-0.14071597158908844,0.3283669948577881,-0.1645764708518982,0.0014025517739355564,0.09772612899541855,0.6126435995101929,0.07173419743776321,0.00035588329774327576,-0.04499242082238197,0.622076690196991,-0.02889736369252205,0.0005345473764464259,0.10911979526281357,0.6566990613937378,0.05197112262248993,0.0007497267797589302,-0.04869050532579422,0.6427163481712341,-0.03973449394106865,0.0008221379830501974,-0.004525911062955856,0.6964947581291199,-0.06154955178499222,0.0007189675234258175,-0.07587043941020966,0.6700692772865295,-0.05945373699069023,0.0006334338104352355
1799.9999999999986,-0.12151898443698883,-0.52458256483078,-0.1958870142698288,0.9999819993972778,-0.10655800998210907,-0.5692030787467957,-0.1664169430732727,0.9999346733093262,-0.10797708481550217,-0.5603606700897217,-0.18149413168430328,0.9999673366546631,-0.11486881971359253,-0.5469298958778381,-0.17381800711154938,0.9999511241912842,-0.1180216372013092,-0.5994492173194885,-0.18877927958965302,0.999910831451416,-0.11614086478948593,-0.5935884714126587,-0.1769551932811737,0.9998682737350464,-0.1410440355539322,-0.5811771154403687,-0.1567523330450058,0.9998190999031067,0.06393183022737503,-0.5502075552940369,-0.08431243896484375,0.9998651742935181,-0.04226232320070267,-0.5506353378295898,-0.04803204908967018,0.9999644756317139,-0.09591303765773773,-0.5100604295730591,-0.15799635648727417,0.9999525547027588,-0.09933462738990784,-0.4999087452888489,-0.15342101454734802,0.9998990297317505,0.2164534628391266,-0.4102933406829834,-0.0406680665910244,0.999828577041626,-0.15072846412658691,-0.44218215346336365,0.039980076253414154,0.9997097849845886,0.3564719259738922,-0.3028225302696228,-0.2552017867565155,0.9977678060531616,-0.2800741195678711,-0.33811676502227783,-0.14335106313228607,0.9256672859191895,0.24288713932037354,-0.43406960368156433,-0.4095880389213562,0.9994007349014282,-0.2312164455652237,-0.5486783385276794,-0.2737939655780792,0.9992984533309937,0.2106444537639618,-0.5087095499038696,-0.4056069552898407,0.9989553689956665,-0.23918893933296204,-0.5822224617004395,-0.26059046387672424,0.9989439845085144,0.13309426605701447,-0.5081178545951843,-0.40410298109054565,0.9989707469940186,-0.17926481366157532,-0.5618492364883423,-0.19084054231643677,0.9988705515861511,0.18254804611206055,-0.43852391839027405,-0.3916506767272949,0.998610258102417,-0.16322648525238037,-0.5628430247306824,-0.2547876834869385,0.9991182684898376,0.10691069066524506,0.02647019550204277,0.0403263121843338,0.26752495765686035,-0.0810680240392685,0.0013804517220705748,0.0321013480424881,0.24741874635219574,0.07394840568304062,0.2808690369129181,-0.08551396429538727,0.00036403315607458353,-0.13198991119861603,0.3272859454154968,-0.18012693524360657,0.0010609773453325033,0.1049475371837616,0.5965344905853271,0.06614857167005539,0.00034931203117594123,-0.04667117819190025,0.6091509461402893,-0.0319928303360939,0.00047305371845141053,0.1167118027806282,0.6390864253044128,0.046252649277448654,0.0008096609963104129,-0.051569219678640366,0.6290013194084167,-0.041193678975105286,0.0007841053884476423,0.0028133951127529144,0.680271327495575,-0.06443730741739273,0.0007102857925929129,-0.07847392559051514,0.6575883030891418,-0.056460700929164886,0.0005392433959059417
1833.333333333332,-0.12319999188184738,-0.5199479460716248,-0.21698978543281555,0.9999750852584839,-0.10792171955108643,-0.5650392174720764,-0.18902850151062012,0.999911904335022,-0.10899585485458374,-0.5566455721855164,-0.20345436036586761,0.9999555349349976,-0.11585831642150879,-0.5428357720375061,-0.19626715779304504,0.9999336004257202,-0.11949214339256287,-0.5955756306648254,-0.21214820444583893,0.9998786449432373,-0.1175660789012909,-0.5898095369338989,-0.2004815638065338,0.9998205304145813,-0.14253610372543335,-0.5772575736045837,-0.18080203235149384,0.9997548460960388,0.06084851920604706,-0.548825204372406,-0.10619080066680908,0.9998093247413635,-0.04637027159333229,-0.5512679815292358,-0.07186222076416016,0.9999477863311768,-0.09867097437381744,-0.5061230659484863,-0.17887820303440094,0.9999344348907471,-0.10248588025569916,-0.4966452121734619,-0.17549358308315277,0.9998593330383301,0.21097581088542938,-0.41299688816070557,-0.05845455080270767,0.9998289346694946,-0.15599237382411957,-0.44447383284568787,0.01862519048154354,0.9996805191040039,0.3481885492801666,-0.3010560870170593,-0.26746654510498047,0.9972328543663025,-0.2796472907066345,-0.3373127281665802,-0.16625761985778809,0.9178553819656372,0.23589524626731873,-0.4274245500564575,-0.42364782094955444,0.9992330074310303,-0.23335334658622742,-0.5506260395050049,-0.3019777238368988,0.9991722106933594,0.2044776976108551,-0.5022739768028259,-0.4211123287677765,0.9987480640411377,-0.24097751080989838,-0.5847648978233337,-0.2901495099067688,0.9987786412239075,0.12700825929641724,-0.5038977861404419,-0.42084670066833496,0.9987678527832031,-0.18122775852680206,-0.5656980872154236,-0.220582515001297,0.9986708164215088,0.1759263128042221,-0.4329521059989929,-0.4066579341888428,0.9983258843421936,-0.16560891270637512,-0.5645549297332764,-0.283662885427475,0.9989424347877502,0.10573972761631012,0.025817472487688065,0.039552465081214905,0.32474231719970703,-0.08037589490413666,0.0023096692748367786,0.032594576478004456,0.30046769976615906,0.07542221248149872,0.27662912011146545,-0.08599112182855606,0.0003668171411845833,-0.13298048079013824,0.32782629132270813,-0.1651218682527542,0.0009207288385368884,0.10689151287078857,0.599700391292572,0.05967099219560623,0.00035480569931678474,-0.043531179428100586,0.6138125658035278,-0.020899135619401932,0.0004457118338905275,0.11847396939992905,0.6431449055671692,0.03889615833759308,0.0008629189105704427,-0.04825391620397568,0.6331009864807129,-0.03092229925096035,0.0007599747041240335,0.006272722035646439,0.6851715445518494,-0.07003213465213776,0.0007322046440094709,-0.07340988516807556,0.6632927656173706,-0.045293502509593964,0.0004975550691597164
1866.6666666666652,-0.12802346050739288,-0.5310122966766357,-0.17551207542419434,0.999951958656311,-0.10930146276950836,-0.574536144733429,-0.14551617205142975,0.9998319149017334,-0.11045446246862411,-0.5655167102813721,-0.1604631096124649,0.9999121427536011,-0.11892390251159668,-0.5522286891937256,-0.15291224420070648,0.9998747110366821,-0.11957897245883942,-0.6061911582946777,-0.16542069613933563,0.9997661709785461,-0.1177215576171875,-0.5998793840408325,-0.1537058800458908,0.9996541738510132,-0.1433262825012207,-0.5885787010192871,-0.1333490014076233,0.999570906162262,0.06690879166126251,-0.5514274835586548,-0.06807722896337509,0.9996210336685181,-0.03570771962404251,-0.558305025100708,-0.02391085773706436,0.9999037981033325,-0.10007357597351074,-0.5151978731155396,-0.13995616137981415,0.9998811483383179,-0.10328198224306107,-0.5070738196372986,-0.13298875093460083,0.9997487664222717,0.22106146812438965,-0.4144934415817261,-0.034896861761808395,0.9997077584266663,-0.15071453154087067,-0.45153164863586426,0.05421152710914612,0.9996013045310974,0.35104766488075256,-0.31251224875450134,-0.26279422640800476,0.9974786639213562,-0.273118257522583,-0.3472616374492645,-0.1414603441953659,0.9319431781768799,0.23113802075386047,-0.443385511636734,-0.4165686368942261,0.9991293549537659,-0.22682857513427734,-0.556316614151001,-0.28470996022224426,0.9991642236709595,0.1989937722682953,-0.5164758563041687,-0.41430720686912537,0.9983561635017395,-0.23525431752204895,-0.5907166600227356,-0.27599725127220154,0.9986463189125061,0.1206340342760086,-0.5151727199554443,-0.4135686457157135,0.9983683228492737,-0.17846806347370148,-0.5696155428886414,-0.2080971598625183,0.9985892176628113,0.17126396298408508,-0.44740402698516846,-0.398561954498291,0.9978172779083252,-0.15960553288459778,-0.5704054236412048,-0.26731976866722107,0.9988774657249451,0.10582801699638367,0.026429500430822372,0.03916791453957558,0.23798079788684845,-0.0802997574210167,0.0018051351653411984,0.033349789679050446,0.22478267550468445,0.06823334097862244,0.2770424783229828,-0.08008372783660889,0.0003188103437423706,-0.1347528100013733,0.3188285827636719,-0.18484067916870117,0.0009839156409725547,0.10094138979911804,0.6076785922050476,0.06898053735494614,0.00032447141711600125,-0.04370681196451187,0.6103050112724304,-0.03308039531111717,0.00039001318509690464,0.11218300461769104,0.652279794216156,0.04742129147052765,0.0007138868677429855,-0.04760119691491127,0.6306049227714539,-0.04276342689990997,0.0006774046341888607,0.0023834379389882088,0.6895108222961426,-0.07000447809696198,0.0006472403183579445,-0.07489360123872757,0.6565091013908386,-0.061609089374542236,0.00048023497220128775
1899.9999999999984,-0.13713309168815613,-0.5281991958618164,-0.19808509945869446,0.9999788999557495,-0.11986346542835236,-0.5721197128295898,-0.16918160021305084,0.999925971031189,-0.12107163667678833,-0.563034176826477,-0.18429356813430786,0.9999606609344482,-0.12934324145317078,-0.549813449382782,-0.1766168624162674,0.9999433755874634,-0.1299932450056076,-0.6031978726387024,-0.18996275961399078,0.9999009370803833,-0.1281673163175583,-0.597075879573822,-0.17822334170341492,0.999849796295166,-0.15358838438987732,-0.5853748917579651,-0.1578473150730133,0.9998072981834412,0.05639786273241043,-0.5500938892364502,-0.09162012487649918,0.9998345375061035,-0.04707340523600578,-0.5554953813552856,-0.049159880727529526,0.9999592304229736,-0.1089615747332573,-0.5130110383033752,-0.1611311137676239,0.9999455213546753,-0.11259762197732925,-0.5041159987449646,-0.15474557876586914,0.9998883008956909,0.20937849581241608,-0.41276583075523376,-0.0482446663081646,0.999768078327179,-0.15495665371418,-0.4499501585960388,0.03726987540721893,0.9996775388717651,0.3460373878479004,-0.3079718351364136,-0.2636922299861908,0.9981478452682495,-0.2825161814689636,-0.34871336817741394,-0.15407858788967133,0.9459126591682434,0.22272849082946777,-0.4366492033004761,-0.4130801856517792,0.9994799494743347,-0.22668442130088806,-0.5589057803153992,-0.29035109281539917,0.9994944334030151,0.19024640321731567,-0.5120922923088074,-0.40618467330932617,0.9990217685699463,-0.23267069458961487,-0.5950042009353638,-0.27687421441078186,0.9991692304611206,0.11222410202026367,-0.5098246335983276,-0.403658926486969,0.9990369081497192,-0.1761423796415329,-0.572542130947113,-0.20705612003803253,0.9991348385810852,0.1628721058368683,-0.44076162576675415,-0.3926015794277191,0.9987289309501648,-0.15906353294849396,-0.5718759894371033,-0.27035924792289734,0.9993239641189575,0.1037333607673645,0.025410231202840805,0.04014040157198906,0.23149636387825012,-0.07806780189275742,0.002217343542724848,0.0317879393696785,0.22390253841876984,0.073341004550457,0.2757127583026886,-0.06908868998289108,0.0003035253321286291,-0.12213670462369919,0.3184896409511566,-0.1866929531097412,0.0009693086030893028,0.10957564413547516,0.6010707020759583,0.0926768034696579,0.0003071023675147444,-0.03764094039797783,0.6094782948493958,-0.03106144815683365,0.00043506367364898324,0.12178021669387817,0.6455928087234497,0.07230442017316818,0.0007586273713968694,-0.04195087030529976,0.6302888989448547,-0.04056410863995552,0.0007186927832663059,0.012919633649289608,0.6818240284919739,-0.039762843400239944,0.0006741394172422588,-0.06456240266561508,0.6553475856781006,-0.060800760984420776,0.0005445406422950327
1933.3333333333317,-0.14494375884532928,-0.5135725140571594,-0.1932588815689087,0.9998828172683716,-0.12842020392417908,-0.5576709508895874,-0.16803807020187378,0.9996008276939392,-0.12963718175888062,-0.5486420392990112,-0.18209102749824524,0.9998024106025696,-0.13694700598716736,-0.5353599786758423,-0.174833282828331,0.9997277855873108,-0.1386503428220749,-0.5883310437202454,-0.1875816136598587,0.9994476437568665,-0.13641329109668732,-0.5827326774597168,-0.17590802907943726,0.9991815686225891,-0.16148239374160767,-0.5699286460876465,-0.15591031312942505,0.9989763498306274,0.049696583300828934,-0.541964054107666,-0.0973568707704544,0.9992947578430176,-0.048703014850616455,-0.5449501276016235,-0.04951358214020729,0.999817430973053,-0.1167140081524849,-0.5005026459693909,-0.15909750759601593,0.9997618794441223,-0.1182517558336258,-0.4914212226867676,-0.1505923718214035,0.9994889497756958,0.21220296621322632,-0.40297114849090576,-0.05396934971213341,0.9995775818824768,-0.15334194898605347,-0.4445623457431793,0.030437981709837914,0.999453604221344,0.3349396884441376,-0.2921578288078308,-0.26944980025291443,0.9960833787918091,-0.2724307179450989,-0.3467788100242615,-0.1609596312046051,0.8995712399482727,0.21169184148311615,-0.42945396900177,-0.41323286294937134,0.998974084854126,-0.20527322590351105,-0.5581236481666565,-0.2850557267665863,0.9990084767341614,0.179641991853714,-0.5070649981498718,-0.40500104427337646,0.9983630776405334,-0.20925016701221466,-0.5917745232582092,-0.2666988670825958,0.9985257983207703,0.10611370205879211,-0.5064911246299744,-0.40197962522506714,0.9984056353569031,-0.14897070825099945,-0.5689235925674438,-0.1949208378791809,0.9984351992607117,0.15293291211128235,-0.43448400497436523,-0.39219269156455994,0.9979212880134583,-0.1365463137626648,-0.5703492760658264,-0.26423123478889465,0.9988166093826294,0.10752002149820328,0.02720285952091217,0.039456941187381744,0.18143215775489807,-0.08193250000476837,0.000174426706507802,0.0323474295437336,0.17440293729305267,0.07732751220464706,0.2766578495502472,-0.07860799133777618,0.00016614299966022372,-0.13602511584758759,0.3260045349597931,-0.17168211936950684,0.00048549281200394034,0.11371903866529465,0.5890997648239136,0.06604095548391342,0.00018893828382715583,-0.05021810531616211,0.6096937656402588,-0.013180325739085674,0.00022974994499236345,0.12609027326107025,0.6315727233886719,0.04471242055296898,0.000476888264529407,-0.055553846061229706,0.6300157904624939,-0.021890712901949883,0.0004115711781196296,0.012931388802826405,0.6705268025398254,-0.06767543405294418,0.0004377725417725742,-0.08396333456039429,0.6586350202560425,-0.03652789816260338,0.0002983774757012725
1966.666666666665,-0.14028416574001312,-0.5186381340026855,-0.16123367846012115,0.9999558925628662,-0.12322980910539627,-0.5624316334724426,-0.13447590172290802,0.999875545501709,-0.12446180731058121,-0.5532534718513489,-0.14902715384960175,0.99993896484375,-0.13162991404533386,-0.5400474071502686,-0.14181457459926605,0.9999152421951294,-0.1342034786939621,-0.593161940574646,-0.1548716425895691,0.9998207688331604,-0.1317431479692459,-0.5880995988845825,-0.14298880100250244,0.9997288584709167,-0.1566384732723236,-0.5751857161521912,-0.12277890741825104,0.9996439218521118,0.051267147064208984,-0.5447463989257812,-0.05919889360666275,0.9997820258140564,-0.04764857143163681,-0.5508046746253967,-0.016634929925203323,0.9999381303787231,-0.11349758505821228,-0.5061886310577393,-0.12586787343025208,0.9999086856842041,-0.11566613614559174,-0.49716222286224365,-0.11867911368608475,0.9997950196266174,0.209079310297966,-0.40692323446273804,-0.019482161849737167,0.9997742772102356,-0.15693144500255585,-0.44820404052734375,0.0643998235464096,0.9996274709701538,0.3330543339252472,-0.2940172553062439,-0.2349884957075119,0.9956943988800049,-0.26765984296798706,-0.34636786580085754,-0.11884742975234985,0.9040826559066772,0.21603062748908997,-0.42815840244293213,-0.37978070974349976,0.9991926550865173,-0.2008800357580185,-0.5537583231925964,-0.2274925261735916,0.9990091323852539,0.18440872430801392,-0.5039628744125366,-0.3709193170070648,0.9986936450004578,-0.20491032302379608,-0.5867905616760254,-0.20461247861385345,0.9985007047653198,0.11326631903648376,-0.5039423108100891,-0.3689121901988983,0.9987521171569824,-0.14817631244659424,-0.5653311610221863,-0.13562831282615662,0.9984443783760071,0.1579900085926056,-0.4327978193759918,-0.35909706354141235,0.9984017014503479,-0.1339128464460373,-0.5668296217918396,-0.2058800756931305,0.9988202452659607,0.1064472422003746,0.027625374495983124,0.03503547981381416,0.13339005410671234,-0.08095923066139221,-0.00025495910085737705,0.03811470791697502,0.11255177110433578,0.06785613298416138,0.28028255701065063,-0.08879505842924118,0.00018549279775470495,-0.13705839216709137,0.33164724707603455,-0.1481333076953888,0.0003905766934622079,0.10071510821580887,0.5907048583030701,0.03318784013390541,0.0002538742555771023,-0.04697461426258087,0.6194445490837097,0.01762385293841362,0.00020310041145421565,0.1122400164604187,0.6313687562942505,0.01018834300339222,0.00058405427262187,-0.05286678671836853,0.6404954195022583,0.01095746923238039,0.0004005511582363397,-0.0066291093826293945,0.6686761379241943,-0.10913068056106567,0.0005902703269384801,-0.09087039530277252,0.6698403358459473,-1.1782107321778312e-05,0.00028972464497201145
1999.9999999999982,-0.13557285070419312,-0.5149168372154236,-0.1875440627336502,0.9999656677246094,-0.11941506713628769,-0.5596206188201904,-0.16091933846473694,0.9998955726623535,-0.12054073810577393,-0.5499842166900635,-0.17539286613464355,0.9999480247497559,-0.12771689891815186,-0.5369570851325989,-0.16782960295677185,0.9999294281005859,-0.13051791489124298,-0.5897901058197021,-0.1806226670742035,0.9998488426208496,-0.12845942378044128,-0.5844888687133789,-0.1691339910030365,0.9997597336769104,-0.15310688316822052,-0.5711934566497803,-0.14898520708084106,0.9996910095214844,0.05740479379892349,-0.5432456731796265,-0.08562098443508148,0.9998120665550232,-0.04479723796248436,-0.5447460412979126,-0.04161664471030235,0.9999452829360962,-0.10798829793930054,-0.5015466809272766,-0.1515967696905136,0.9999147653579712,-0.1105300560593605,-0.4922177195549011,-0.1436372548341751,0.999808132648468,0.214788019657135,-0.4007634222507477,-0.04419427365064621,0.9997263550758362,-0.14894597232341766,-0.44290655851364136,0.04230412840843201,0.9995507597923279,0.342989981174469,-0.29138901829719543,-0.2649248540401459,0.9971508383750916,-0.27108341455459595,-0.3482421040534973,-0.14021944999694824,0.9154317378997803,0.2248559445142746,-0.43402519822120667,-0.4067023992538452,0.9993044137954712,-0.19956742227077484,-0.5612702369689941,-0.251981258392334,0.9989769458770752,0.19275400042533875,-0.5135067701339722,-0.3975472152233124,0.9987694621086121,-0.20143990218639374,-0.5959408283233643,-0.23086099326610565,0.9983887672424316,0.1218925267457962,-0.5118367671966553,-0.39393243193626404,0.9987885355949402,-0.14333795011043549,-0.5736808776855469,-0.15937303006649017,0.9982836246490479,0.16702240705490112,-0.4384958744049072,-0.3852880895137787,0.9984185695648193,-0.13162387907505035,-0.5746345520019531,-0.23030562698841095,0.9987120628356934,0.1056957021355629,0.027471793815493584,0.037889041006565094,0.16168847680091858,-0.07998733967542648,-0.0004012633580714464,0.03455151617527008,0.1473901867866516,0.0705505907535553,0.2792211174964905,-0.08197788894176483,0.00021781651594210416,-0.13272324204444885,0.32826006412506104,-0.19066676497459412,0.0007149652810767293,0.10098463296890259,0.5936899185180664,0.05379365384578705,0.00023591368517372757,-0.04976610094308853,0.6117578148841858,-0.037695806473493576,0.00027766538551077247,0.11290833353996277,0.6356549859046936,0.03213365003466606,0.0005765779642388225,-0.05580952763557434,0.632201611995697,-0.046311721205711365,0.0005113653605803847,-0.0021243244409561157,0.6763598322868347,-0.07780978828668594,0.0005298795877024531,-0.08905170857906342,0.660402774810791,-0.05708668753504753,0.00037216872442513704
2033.3333333333314,-0.13562530279159546,-0.5089242458343506,-0.18275944888591766,0.9999098777770996,-0.12021656334400177,-0.5535683035850525,-0.15665112435817719,0.9997238516807556,-0.1217578575015068,-0.544216513633728,-0.1713973879814148,0.999861478805542,-0.1287153661251068,-0.5309741497039795,-0.16387899219989777,0.9998200535774231,-0.13165108859539032,-0.5838654041290283,-0.17624378204345703,0.9995953440666199,-0.12927916646003723,-0.5787222981452942,-0.16482430696487427,0.9993634819984436,-0.15403464436531067,-0.5651663541793823,-0.14435045421123505,0.9992218017578125,0.055052779614925385,-0.5401754379272461,-0.08358466625213623,0.9995261430740356,-0.0446154847741127,-0.5415608286857605,-0.038550179451704025,0.9998613595962524,-0.10829263925552368,-0.4968564510345459,-0.1471596360206604,0.9998313188552856,-0.1099565252661705,-0.48755353689193726,-0.1391315460205078,0.9996227025985718,0.21629387140274048,-0.40072718262672424,-0.04063835367560387,0.9996954202651978,-0.1519802063703537,-0.4445302188396454,0.045235008001327515,0.9995519518852234,0.33989667892456055,-0.2911710739135742,-0.2582603096961975,0.9967537522315979,-0.2767115533351898,-0.34349915385246277,-0.13557259738445282,0.9043852090835571,0.22441226243972778,-0.43673089146614075,-0.3978903293609619,0.9991711378097534,-0.2060314565896988,-0.5472899079322815,-0.2535148859024048,0.998593270778656,0.19222916662693024,-0.5159485340118408,-0.3890627920627594,0.9984546899795532,-0.20766736567020416,-0.5806614756584167,-0.23462648689746857,0.9976818561553955,0.122919462621212,-0.5144485831260681,-0.38687631487846375,0.9984968900680542,-0.14821425080299377,-0.5593178272247314,-0.1641349047422409,0.9975900650024414,0.16763907670974731,-0.44182559847831726,-0.37719520926475525,0.9979939460754395,-0.13749629259109497,-0.5616804361343384,-0.23191262781620026,0.9981628060340881,0.10801788419485092,0.028012339025735855,0.03914494812488556,0.11618907749652863,-0.08167780190706253,-0.0012051202356815338,0.03352637588977814,0.10611477494239807,0.07033778727054596,0.28235000371932983,-0.08073633164167404,0.00011717840243363753,-0.1321006566286087,0.32884523272514343,-0.1965702921152115,0.00046440467122010887,0.09579992294311523,0.5904589295387268,0.06134168058633804,0.00015395047375932336,-0.04988197982311249,0.6102278232574463,-0.031708598136901855,0.00018552871188148856,0.10702022910118103,0.6315950751304626,0.03990951180458069,0.000402743520680815,-0.05582118034362793,0.630726158618927,-0.038537412881851196,0.0003591268614400178,-0.007164299488067627,0.6725876331329346,-0.07590985298156738,0.000330297218170017,-0.08547291159629822,0.6618770956993103,-0.0539017878472805,0.00024572041002102196
2066.6666666666647,-0.12605859339237213,-0.5092902779579163,-0.16435711085796356,0.9999102354049683,-0.10923706740140915,-0.5538696050643921,-0.1395271271467209,0.9997255206108093,-0.11018402874469757,-0.5444617867469788,-0.1532074511051178,0.9998602867126465,-0.1170586347579956,-0.5315407514572144,-0.14628033339977264,0.9998220801353455,-0.12043879181146622,-0.5853163003921509,-0.15842856466770172,0.999610960483551,-0.11786822974681854,-0.5801577568054199,-0.14741025865077972,0.9993820190429688,-0.1426229327917099,-0.5664008855819702,-0.12754639983177185,0.9992706179618835,0.06478818506002426,-0.5427754521369934,-0.06564880162477493,0.9995092153549194,-0.034142158925533295,-0.5465055704116821,-0.023055026307702065,0.9998605251312256,-0.09941758215427399,-0.4973278343677521,-0.1277277171611786,0.9998093247413635,-0.10127776861190796,-0.4897579252719879,-0.12044595181941986,0.9995852112770081,0.2213909924030304,-0.40308263897895813,-0.024549666792154312,0.9996373653411865,-0.14582465589046478,-0.4497107267379761,0.060923982411623,0.9995182752609253,0.34253352880477905,-0.2922517657279968,-0.24019166827201843,0.9958956241607666,-0.26581284403800964,-0.3497711718082428,-0.11694159358739853,0.8859574198722839,0.22885851562023163,-0.44013696908950806,-0.37848979234695435,0.9989480376243591,-0.19702985882759094,-0.5507650971412659,-0.23789799213409424,0.9982505440711975,0.19794398546218872,-0.5202140212059021,-0.3698089122772217,0.9981611371040344,-0.19798606634140015,-0.581143856048584,-0.218422994017601,0.9974230527877808,0.130901038646698,-0.5187069177627563,-0.36829280853271484,0.9982137680053711,-0.14017164707183838,-0.5608471035957336,-0.14895755052566528,0.9973480701446533,0.17388378083705902,-0.4444710910320282,-0.3575794994831085,0.9976928234100342,-0.12894578278064728,-0.5648486614227295,-0.21637865900993347,0.9979732632637024,0.10615058243274689,0.02780453860759735,0.04079258441925049,0.1140882670879364,-0.08035162091255188,-0.0011840835213661194,0.032063793390989304,0.10645092278718948,0.07058122009038925,0.2884417474269867,-0.07994662970304489,0.00013540247164200991,-0.1275332272052765,0.3258027136325836,-0.20534592866897583,0.0005647401558235288,0.1002003401517868,0.5994551777839661,0.05488374084234238,0.0001366387732559815,-0.04977580904960632,0.6071428060531616,-0.056467194110155106,0.0001810693647712469,0.11230014264583588,0.6399348378181458,0.03344648703932762,0.00036349217407405376,-0.055768731981515884,0.6276150345802307,-0.06536350399255753,0.0003220546350348741,-4.454702138900757e-05,0.6735119819641113,-0.07984617352485657,0.0003184400557074696,-0.08109334111213684,0.6501145362854004,-0.08326656371355057,0.0002509230107534677
2099.999999999998,-0.12697428464889526,-0.5053386688232422,-0.1982041299343109,0.9998981952667236,-0.11187441647052765,-0.5495144128799438,-0.17447777092456818,0.999652624130249,-0.11278748512268066,-0.5402055382728577,-0.18859493732452393,0.9998362064361572,-0.11989635229110718,-0.527014970779419,-0.18103572726249695,0.9997722506523132,-0.12174886465072632,-0.5806913375854492,-0.1944894641637802,0.9995396137237549,-0.11947532743215561,-0.5753301978111267,-0.18322230875492096,0.9993361830711365,-0.14414098858833313,-0.5617791414260864,-0.16317646205425262,0.9991723299026489,0.06084614619612694,-0.5352293848991394,-0.10507228970527649,0.999472439289093,-0.034274518489837646,-0.5387231707572937,-0.06194203346967697,0.9998677968978882,-0.10143087059259415,-0.49244922399520874,-0.1632704883813858,0.9997929930686951,-0.10185018181800842,-0.48400017619132996,-0.15604186058044434,0.9995697140693665,0.22613370418548584,-0.3958122134208679,-0.06007736176252365,0.999573290348053,-0.14669807255268097,-0.4386630654335022,0.022791793569922447,0.9994787573814392,0.35222193598747253,-0.2946319282054901,-0.2741420865058899,0.9968457818031311,-0.26229140162467957,-0.3283596336841583,-0.1577390432357788,0.9045674204826355,0.22613506019115448,-0.445759654045105,-0.40939438343048096,0.9991434812545776,-0.19266431033611298,-0.5380719900131226,-0.27574634552001953,0.9991006851196289,0.19285279512405396,-0.5261814594268799,-0.3992932140827179,0.9985413551330566,-0.19651517271995544,-0.5731257796287537,-0.2544174790382385,0.9987003803253174,0.12165407091379166,-0.525965690612793,-0.3945874571800232,0.9985814094543457,-0.13792137801647186,-0.5508567094802856,-0.18323905766010284,0.9986423850059509,0.16779616475105286,-0.4517199397087097,-0.38744688034057617,0.9981741905212402,-0.12469517439603806,-0.5513883233070374,-0.25378990173339844,0.9989499449729919,0.1093577966094017,0.03057161532342434,0.039253417402505875,0.1436624974012375,-0.0832681879401207,-0.0036506191827356815,0.03240639343857765,0.13177184760570526,0.07293874025344849,0.28601014614105225,-0.0866711363196373,0.0001750910741975531,-0.12990960478782654,0.3251457214355469,-0.18900147080421448,0.0005423146649263799,0.10401120036840439,0.587557315826416,0.056196149438619614,0.0001796673604985699,-0.05270589888095856,0.6067799925804138,-0.02665502391755581,0.00023005728144198656,0.11604757606983185,0.6279179453849792,0.03505169600248337,0.0004759861039929092,-0.0596424899995327,0.6272443532943726,-0.03459969162940979,0.0004072466981597245,-0.001346878707408905,0.6622745394706726,-0.077985018491745,0.00045870497706346214,-0.08965924382209778,0.6513667702674866,-0.05178122967481613,0.0003259077784605324
2133.3333333333317,-0.13661161065101624,-0.5064718127250671,-0.21586589515209198,0.9998284578323364,-0.1208370178937912,-0.5506158471107483,-0.19240117073059082,0.9993940591812134,-0.12174325436353683,-0.5420779585838318,-0.20618009567260742,0.9997265934944153,-0.12891098856925964,-0.5282847285270691,-0.19902312755584717,0.999606192111969,-0.13079902529716492,-0.5818495154380798,-0.21293997764587402,0.9991697072982788,-0.12844184041023254,-0.5762856006622314,-0.20132604241371155,0.9988632202148438,-0.1532338410615921,-0.5631246566772461,-0.18152675032615662,0.9984960556030273,0.053509268909692764,-0.5375216007232666,-0.12400051206350327,0.9990739822387695,-0.04175599291920662,-0.5431240797042847,-0.07805593311786652,0.9997490048408508,-0.11054438352584839,-0.4943118095397949,-0.1815457046031952,0.9996910095214844,-0.11073078215122223,-0.48588165640830994,-0.17441433668136597,0.9993348717689514,0.2201155424118042,-0.3997816741466522,-0.07280202955007553,0.9996155500411987,-0.1514064520597458,-0.4436110854148865,0.00410500867292285,0.9994290471076965,0.34759941697120667,-0.28203821182250977,-0.28247764706611633,0.996329128742218,-0.2614869773387909,-0.32175061106681824,-0.1775018721818924,0.883933424949646,0.23360666632652283,-0.4226015508174896,-0.43077829480171204,0.9991463422775269,-0.19449906051158905,-0.516094982624054,-0.3048402965068817,0.9989486336708069,0.20398838818073273,-0.5012450814247131,-0.4247991740703583,0.9987610578536987,-0.2000654637813568,-0.5462603569030762,-0.287342369556427,0.9985761642456055,0.13042865693569183,-0.5045472383499146,-0.4238012433052063,0.9988222718238831,-0.13937965035438538,-0.5250152945518494,-0.21786242723464966,0.9985118508338928,0.17504507303237915,-0.43011748790740967,-0.41155320405960083,0.9984354376792908,-0.1257951408624649,-0.5281003713607788,-0.2844533920288086,0.9988535642623901,0.10931847989559174,0.030278775840997696,0.03984454646706581,0.1840614527463913,-0.0835486426949501,-0.0028457033913582563,0.03129865974187851,0.1618305891752243,0.07178593426942825,0.2849174439907074,-0.07983419299125671,0.0001775723503669724,-0.13499441742897034,0.3238956034183502,-0.17027780413627625,0.0004912208532914519,0.10491164773702621,0.6017743945121765,0.06275045871734619,0.00022871287364978343,-0.050576962530612946,0.6102603077888489,-0.007448614574968815,0.0002444979327265173,0.11669714748859406,0.6441153287887573,0.04044891893863678,0.0005621591117233038,-0.05629853159189224,0.6299787163734436,-0.01547893974930048,0.0004371835384517908,0.0003736000508069992,0.6805559992790222,-0.07391156256198883,0.0005432575708255172,-0.08354710042476654,0.6576005816459656,-0.03090379759669304,0.000325596280163154
2166.666666666665,-0.1378549337387085,-0.500065803527832,-0.22587671875953674,0.9999454021453857,-0.11971519887447357,-0.544410228729248,-0.19943790137767792,0.9998157620429993,-0.12091082334518433,-0.5356041789054871,-0.21459375321865082,0.9999111890792847,-0.1288578063249588,-0.5219938158988953,-0.20682042837142944,0.9998691082000732,-0.1295534074306488,-0.5767019987106323,-0.22033573687076569,0.9997389912605286,-0.12745967507362366,-0.5707665085792542,-0.208528071641922,0.999626874923706,-0.15307699143886566,-0.558637797832489,-0.1882057785987854,0.9994933605194092,0.0572047233581543,-0.5267210006713867,-0.1255313903093338,0.9996925592422485,-0.042458951473236084,-0.5378294587135315,-0.08053562790155411,0.9999079704284668,-0.1105508953332901,-0.4869786500930786,-0.18890886008739471,0.9998862743377686,-0.1126539409160614,-0.4797687232494354,-0.18262644112110138,0.9997499585151672,0.21593758463859558,-0.39510586857795715,-0.07157748937606812,0.9997358918190002,-0.15405239164829254,-0.4377208650112152,0.009487992152571678,0.9995517134666443,0.351635217666626,-0.28631454706192017,-0.28558239340782166,0.9984241724014282,-0.26546183228492737,-0.31066787242889404,-0.17989906668663025,0.922467052936554,0.22797825932502747,-0.42413103580474854,-0.4354339838027954,0.9995620846748352,-0.19857855141162872,-0.518295168876648,-0.3201123774051666,0.9992765784263611,0.19523382186889648,-0.5021297335624695,-0.4283999502658844,0.9991849064826965,-0.2033912092447281,-0.5561301708221436,-0.3066824674606323,0.9989058971405029,0.11816110461950302,-0.5037522912025452,-0.425598680973053,0.9992011189460754,-0.1474459320306778,-0.5356061458587646,-0.23573406040668488,0.998852014541626,0.16815190017223358,-0.43112438917160034,-0.415077269077301,0.9989081621170044,-0.13100923597812653,-0.5326225161552429,-0.29908961057662964,0.9991000890731812,0.10746556520462036,0.028975332155823708,0.041128527373075485,0.23293688893318176,-0.08141711354255676,-0.0014210836961865425,0.030191879719495773,0.1984267681837082,0.06688040494918823,0.2773500680923462,-0.07626717537641525,0.0003314855566713959,-0.13457073271274567,0.3224216401576996,-0.18467915058135986,0.0010118555510416627,0.10053308308124542,0.5931642651557922,0.08250005543231964,0.0003902367316186428,-0.05275782197713852,0.6003860831260681,-0.020582739263772964,0.000479236914543435,0.11202998459339142,0.636648952960968,0.06086447089910507,0.0008898187661543489,-0.058258406817913055,0.6192546486854553,-0.02865411527454853,0.0008002971298992634,-0.003786211833357811,0.6731992363929749,-0.05631233751773834,0.0008404631516896188,-0.08108107000589371,0.6440405249595642,-0.049057453870773315,0.0005836377386003733
2199.9999999999986,-0.14248697459697723,-0.5110092163085938,-0.24013195931911469,0.9998482465744019,-0.12566225230693817,-0.5545216202735901,-0.2180468589067459,0.9994680285453796,-0.12583664059638977,-0.5458248257637024,-0.23150981962680817,0.9997507929801941,-0.13546787202358246,-0.5326788425445557,-0.22412322461605072,0.9996272325515747,-0.13436685502529144,-0.5865732431411743,-0.23886817693710327,0.9993419051170349,-0.13205888867378235,-0.5808494091033936,-0.22725535929203033,0.999114453792572,-0.15732480585575104,-0.5677830576896667,-0.20758771896362305,0.9988389611244202,0.052070509642362595,-0.5374889373779297,-0.15507476031780243,0.9990963935852051,-0.04076100140810013,-0.5455077290534973,-0.10779548436403275,0.9998056292533875,-0.11416604369878769,-0.49821969866752625,-0.2043232023715973,0.9996758699417114,-0.11514808982610703,-0.49006685614585876,-0.19729745388031006,0.9993923902511597,0.21578051149845123,-0.4022323489189148,-0.09454238414764404,0.9991680383682251,-0.14765863120555878,-0.44924497604370117,-0.020470527932047844,0.9990342855453491,0.342213898897171,-0.2888800799846649,-0.29898688197135925,0.9966968297958374,-0.25865086913108826,-0.3273821771144867,-0.21057024598121643,0.9272249937057495,0.22368712723255157,-0.42895835638046265,-0.45053744316101074,0.9994256496429443,-0.19498714804649353,-0.5272781848907471,-0.3442946672439575,0.9995304346084595,0.19956441223621368,-0.5118507742881775,-0.4390560984611511,0.9992333650588989,-0.20155389606952667,-0.5642557144165039,-0.3249356150627136,0.9993672966957092,0.1253093183040619,-0.5140036344528198,-0.43805956840515137,0.9992966651916504,-0.14737990498542786,-0.5388658046722412,-0.25525277853012085,0.9993767142295837,0.16622047126293182,-0.43709391355514526,-0.4279203712940216,0.9991145730018616,-0.12836991250514984,-0.5367123484611511,-0.3221355676651001,0.9995250701904297,0.10548268258571625,0.028719989582896233,0.03928369656205177,0.17727984488010406,-0.08032914996147156,-0.0016177869401872158,0.031279053539037704,0.15842586755752563,0.08289112150669098,0.27400311827659607,-0.07563340663909912,0.00042491720523685217,-0.11159634590148926,0.31719958782196045,-0.16667522490024567,0.0008011513273231685,0.1398226022720337,0.6037917733192444,0.07080636918544769,0.0006189490668475628,-0.03402746096253395,0.6164440512657166,0.013116254471242428,0.0005412067985162139,0.152621790766716,0.6484097838401794,0.04688716307282448,0.0012622541980817914,-0.040006715804338455,0.6384839415550232,0.004311364144086838,0.0007586656720377505,0.041959088295698166,0.6762575507164001,-0.07838049530982971,0.0015983476769179106,-0.062474265694618225,0.6612885594367981,-0.024365335702896118,0.0007983445539139211
2233.333333333332,-0.14041267335414886,-0.5156358480453491,-0.2282439023256302,0.9998223185539246,-0.12387705594301224,-0.5592921376228333,-0.2066604495048523,0.9993821382522583,-0.12410834431648254,-0.550709068775177,-0.21977774798870087,0.9996801614761353,-0.13389594852924347,-0.537800133228302,-0.2130134403705597,0.9995551705360413,-0.13225789368152618,-0.5910533666610718,-0.22608542442321777,0.9992591738700867,-0.1297401338815689,-0.5853005051612854,-0.2150486260652542,0.9989436268806458,-0.15536071360111237,-0.5724177956581116,-0.19618985056877136,0.9987280964851379,0.054109521210193634,-0.5422637462615967,-0.14403529465198517,0.9987713694572449,-0.038549382239580154,-0.548832893371582,-0.09455110132694244,0.9997538924217224,-0.11104793101549149,-0.5030063390731812,-0.19223827123641968,0.999666690826416,-0.11252632737159729,-0.49461209774017334,-0.1854381412267685,0.9993621706962585,0.22097428143024445,-0.4071890115737915,-0.07947537302970886,0.9990517497062683,-0.14305010437965393,-0.45573797821998596,-0.006127148400992155,0.9989956021308899,0.3505694568157196,-0.29530781507492065,-0.27735307812690735,0.9961698651313782,-0.25872769951820374,-0.33519792556762695,-0.19423288106918335,0.9230512976646423,0.2301120012998581,-0.4349653720855713,-0.4290868937969208,0.9990912675857544,-0.19628874957561493,-0.5305798649787903,-0.3386147916316986,0.9992239475250244,0.20438650250434875,-0.5166745185852051,-0.421360045671463,0.9987168312072754,-0.2016788125038147,-0.5647972226142883,-0.32393816113471985,0.9989105463027954,0.1306673288345337,-0.5199138522148132,-0.422421395778656,0.9988158941268921,-0.14902183413505554,-0.5399752259254456,-0.2552715539932251,0.9989261031150818,0.17325860261917114,-0.4432290196418762,-0.40825155377388,0.9984311461448669,-0.12961257994174957,-0.5393240451812744,-0.31733348965644836,0.999112069606781,0.10226713120937347,0.02966138906776905,0.039299797266721725,0.17346782982349396,-0.07787996530532837,-0.0018137881997972727,0.03177986666560173,0.16246800124645233,0.07191603630781174,0.2747519314289093,-0.071059450507164,0.0004163273551966995,-0.11779342591762543,0.3165774345397949,-0.15647150576114655,0.0008342674700543284,0.11814229935407639,0.6146295070648193,0.08129008859395981,0.0005081458366475999,-0.05017545819282532,0.6243342757225037,0.024065745994448662,0.0005129238124936819,0.1295408308506012,0.6594606041908264,0.05894006788730621,0.0010372590040788054,-0.05751466006040573,0.6461621522903442,0.015078398399055004,0.0006905378540977836,0.01783471740782261,0.6806854009628296,-0.06819719076156616,0.0013235127553343773,-0.08231420814990997,0.6628513336181641,-0.01755881868302822,0.000771784340031445
2266.6666666666656,-0.13894125819206238,-0.5159760117530823,-0.22112129628658295,0.9998193383216858,-0.12321171164512634,-0.559243381023407,-0.19965963065624237,0.9993754029273987,-0.1235809400677681,-0.5504670143127441,-0.2128479778766632,0.9996815919876099,-0.13319388031959534,-0.537631630897522,-0.20597189664840698,0.9995601773262024,-0.13107283413410187,-0.5912722945213318,-0.21948088705539703,0.9992679953575134,-0.128470778465271,-0.5856136679649353,-0.20851275324821472,0.9989666938781738,-0.15418440103530884,-0.5726451873779297,-0.18970049917697906,0.9987508058547974,0.05199013650417328,-0.5420613288879395,-0.13737374544143677,0.998869001865387,-0.03824929893016815,-0.5487324595451355,-0.09074165672063828,0.9997767806053162,-0.11055056005716324,-0.5030454397201538,-0.18493515253067017,0.9996829032897949,-0.11131316423416138,-0.4950706362724304,-0.17884397506713867,0.9994096755981445,0.21890661120414734,-0.40587708353996277,-0.07407194375991821,0.9990260601043701,-0.14490921795368195,-0.4533021152019501,-0.003111552447080612,0.9989577531814575,0.3475620448589325,-0.2947904169559479,-0.2715016007423401,0.996142566204071,-0.25653931498527527,-0.331797331571579,-0.19250643253326416,0.9215633869171143,0.22879904508590698,-0.4384927451610565,-0.4214162826538086,0.9991090893745422,-0.18972474336624146,-0.5354359149932861,-0.3311121463775635,0.9992467164993286,0.20330610871315002,-0.5211763978004456,-0.41251298785209656,0.9987340569496155,-0.19470013678073883,-0.5718854665756226,-0.3143444359302521,0.99895179271698,0.1299283355474472,-0.5233743786811829,-0.4124422073364258,0.9988325238227844,-0.14387086033821106,-0.547014057636261,-0.2449510097503662,0.9989675283432007,0.1720377504825592,-0.446364164352417,-0.39984849095344543,0.9984740614891052,-0.12372321635484695,-0.5447989106178284,-0.3089241683483124,0.999148964881897,0.10259010642766953,0.0292693879455328,0.040599238127470016,0.15926535427570343,-0.07795680314302444,-0.0017044027335941792,0.030397839844226837,0.1491711586713791,0.07200666517019272,0.2768825888633728,-0.07002616673707962,0.0004051701398566365,-0.11084648221731186,0.3145692050457001,-0.16189968585968018,0.0008394307224079967,0.12114483118057251,0.6139866709709167,0.09159310162067413,0.00048179709119722247,-0.044610194861888885,0.6199386119842529,0.017281122505664825,0.000536129460670054,0.1337624490261078,0.6583426594734192,0.07040968537330627,0.0010163302067667246,-0.051964171230793,0.6420304775238037,0.008264897391200066,0.0006865050527267158,0.023273563012480736,0.6772556900978088,-0.05646413937211037,0.001312916399911046,-0.0751090720295906,0.6564308404922485,-0.027434667572379112,0.0008227081270888448
2299.999999999999,-0.13771642744541168,-0.5128011107444763,-0.2416575849056244,0.9999183416366577,-0.11970274895429611,-0.5569400787353516,-0.21646280586719513,0.9997249245643616,-0.12030985951423645,-0.5475158095359802,-0.23045237362384796,0.9998511075973511,-0.13010752201080322,-0.534582793712616,-0.22297260165214539,0.9997972846031189,-0.129639133810997,-0.5886837840080261,-0.23598229885101318,0.9996637105941772,-0.12761150300502777,-0.5826278328895569,-0.22512735426425934,0.9994847774505615,-0.15309543907642365,-0.5697635412216187,-0.2055269032716751,0.9993935823440552,0.06028953194618225,-0.5369639992713928,-0.14696936309337616,0.9994441866874695,-0.039597347378730774,-0.543800950050354,-0.10038416087627411,0.9998823404312134,-0.10821691900491714,-0.49840307235717773,-0.20357376337051392,0.9998452663421631,-0.11155714839696884,-0.4904210865497589,-0.19665376842021942,0.9997138381004333,0.2222733050584793,-0.39877691864967346,-0.08782514929771423,0.9993664622306824,-0.1501009166240692,-0.44590842723846436,-0.009800576604902744,0.9993525147438049,0.3559977114200592,-0.2957019507884979,-0.29695412516593933,0.9980412721633911,-0.27726247906684875,-0.3316451907157898,-0.20361897349357605,0.9585187435150146,0.22693726420402527,-0.4451068937778473,-0.4437522888183594,0.9995009899139404,-0.20984266698360443,-0.5289547443389893,-0.3506999611854553,0.9995148181915283,0.19738583266735077,-0.5285139083862305,-0.43265917897224426,0.9990917444229126,-0.2129412144422531,-0.5650762915611267,-0.3354188799858093,0.999165415763855,0.12379695475101471,-0.527628481388092,-0.4308604598045349,0.9991210103034973,-0.16063503921031952,-0.539692759513855,-0.2650749683380127,0.999169111251831,0.16982369124889374,-0.45178163051605225,-0.42049315571784973,0.9988413453102112,-0.14276576042175293,-0.5393133759498596,-0.3284163773059845,0.9993301630020142,0.1053311750292778,0.027605069801211357,0.04158593341708183,0.18815836310386658,-0.08006883412599564,-0.00034290121402591467,0.029156183823943138,0.18597617745399475,0.07577706128358841,0.2762517035007477,-0.05439404398202896,0.00042826947174035013,-0.12340662628412247,0.3221084475517273,-0.185469388961792,0.0015023091109469533,0.12620128691196442,0.6104344129562378,0.1285831183195114,0.00044837285531684756,-0.059210628271102905,0.6191783547401428,-0.010813510976731777,0.0007910545682534575,0.1384981870651245,0.6561919450759888,0.10858361423015594,0.0008441217942163348,-0.06617818772792816,0.6409350037574768,-0.020441366359591484,0.0009078251314349473,0.025636419653892517,0.6869330406188965,-0.013890540227293968,0.0010288091143593192,-0.08835946023464203,0.6599056720733643,-0.0555865652859211,0.001066015218384564
2333.3333333333326,-0.13704019784927368,-0.5144833922386169,-0.24882441759109497,0.9999291896820068,-0.12117088586091995,-0.5585275888442993,-0.2243497520685196,0.9997676014900208,-0.1214464083313942,-0.5490087270736694,-0.2382102757692337,0.9998745918273926,-0.13177187740802765,-0.5362783670425415,-0.23074698448181152,0.999828577041626,-0.1300053596496582,-0.5901007056236267,-0.24464507400989532,0.9997174143791199,-0.12792916595935822,-0.5840021967887878,-0.23378653824329376,0.999566376209259,-0.1537049412727356,-0.571092426776886,-0.21435022354125977,0.9994795918464661,0.05544866621494293,-0.538658618927002,-0.15739527344703674,0.9995381832122803,-0.0409114807844162,-0.543752908706665,-0.11313329637050629,0.9999018907546997,-0.10824979841709137,-0.49995315074920654,-0.2109588086605072,0.9998617172241211,-0.11086225509643555,-0.4913690388202667,-0.20521466434001923,0.9997413754463196,0.2189122438430786,-0.39997583627700806,-0.09594202041625977,0.9992272853851318,-0.150262713432312,-0.4465939402580261,-0.023264339193701744,0.9991057515144348,0.35576555132865906,-0.29487213492393494,-0.3052660822868347,0.9980154037475586,-0.27440643310546875,-0.3334771990776062,-0.22001411020755768,0.958208441734314,0.22801165282726288,-0.4407539665699005,-0.45791488885879517,0.999452531337738,-0.20178693532943726,-0.5376652479171753,-0.36514973640441895,0.9994704127311707,0.2002684623003006,-0.5252086520195007,-0.44757208228111267,0.9990537762641907,-0.2044878751039505,-0.5769749879837036,-0.3500201404094696,0.9991164803504944,0.12498459219932556,-0.5250117778778076,-0.4454289972782135,0.9990983009338379,-0.15391027927398682,-0.5506626963615417,-0.27930042147636414,0.9991275668144226,0.17027226090431213,-0.44772809743881226,-0.434835821390152,0.9987931251525879,-0.13539646565914154,-0.5474982261657715,-0.342528760433197,0.9992836117744446,0.1032758504152298,0.026482362300157547,0.04195282235741615,0.15840761363506317,-0.0781886950135231,0.0006173440488055348,0.028639251366257668,0.15085473656654358,0.0847378522157669,0.27403104305267334,-0.05287295952439308,0.0005212585092522204,-0.11199765652418137,0.3213246762752533,-0.17925143241882324,0.0014176887925714254,0.1393616497516632,0.6130838394165039,0.1263577789068222,0.0005576052353717387,-0.0436323881149292,0.6238890290260315,0.004508178681135178,0.0008019789238460362,0.1521620899438858,0.6590659618377686,0.10609456151723862,0.0011101674754172564,-0.05044816434383392,0.6458285450935364,-0.004782615229487419,0.0009616888128221035,0.043614473193883896,0.6836438775062561,-0.01721988245844841,0.0013883354840800166,-0.0717979222536087,0.6632884740829468,-0.03985440731048584,0.0011560714337974787
2366.666666666666,-0.14876613020896912,-0.5088393688201904,-0.20463477075099945,0.9997852444648743,-0.13036899268627167,-0.5515180230140686,-0.18156355619430542,0.9992121458053589,-0.13151615858078003,-0.5427038669586182,-0.1955483853816986,0.9996324777603149,-0.13997752964496613,-0.5291388630867004,-0.18811637163162231,0.9994713664054871,-0.13896259665489197,-0.5841880440711975,-0.20078064501285553,0.9989774227142334,-0.13652944564819336,-0.5783525109291077,-0.18910843133926392,0.9986415505409241,-0.16210541129112244,-0.5660641193389893,-0.16866467893123627,0.9983153343200684,0.04867977276444435,-0.5329861640930176,-0.11780849099159241,0.9988366961479187,-0.041318777948617935,-0.5443991422653198,-0.06689624488353729,0.9997344613075256,-0.12082163989543915,-0.49571263790130615,-0.17123691737651825,0.9996438026428223,-0.12024001777172089,-0.48840171098709106,-0.16222019493579865,0.9993020296096802,0.2181110978126526,-0.39501824975013733,-0.06946651637554169,0.9994031190872192,-0.15495143830776215,-0.44619986414909363,0.010997135192155838,0.9994279742240906,0.35010460019111633,-0.2920415997505188,-0.28910189867019653,0.9966844916343689,-0.2772830128669739,-0.3290734589099884,-0.18873536586761475,0.9081113934516907,0.22913888096809387,-0.44405674934387207,-0.4387225806713104,0.9992268085479736,-0.20768795907497406,-0.5294130444526672,-0.32474732398986816,0.999333918094635,0.19908055663108826,-0.5252103805541992,-0.4293194115161896,0.9987919926643372,-0.21378867328166962,-0.5640386939048767,-0.305215060710907,0.9990556836128235,0.12400445342063904,-0.5258466601371765,-0.4245148301124573,0.9988473653793335,-0.15376007556915283,-0.5394875407218933,-0.23426294326782227,0.9990359544754028,0.17032991349697113,-0.45068779587745667,-0.415574312210083,0.9985657334327698,-0.13871361315250397,-0.5404810905456543,-0.30245429277420044,0.9992850422859192,0.1084509789943695,0.030560128390789032,0.04189779609441757,0.1449536830186844,-0.0828169658780098,-0.0032765045762062073,0.028813503682613373,0.13752000033855438,0.07331152260303497,0.2750522494316101,-0.07013946771621704,0.00015335607167799026,-0.13092638552188873,0.3251757323741913,-0.165176659822464,0.00048416852951049805,0.11347945034503937,0.5883669257164001,0.08646900951862335,0.0002240270550828427,-0.048893000930547714,0.6115334630012512,0.0049048978835344315,0.00030855185468681157,0.1258241981267929,0.6313509345054626,0.06484466791152954,0.0005555514362640679,-0.05426876246929169,0.6324346661567688,-0.0030262747313827276,0.00047128330334089696,0.011670537292957306,0.6661504507064819,-0.05495608225464821,0.0005663601914420724,-0.07638981193304062,0.6595979332923889,-0.0276468638330698,0.00040166726103052497
2399.9999999999995,-0.14252528548240662,-0.5070030689239502,-0.21637451648712158,0.9998762607574463,-0.1233183965086937,-0.5507051348686218,-0.19084787368774414,0.9995898604393005,-0.12460267543792725,-0.5410758256912231,-0.20544342696666718,0.999798595905304,-0.13302618265151978,-0.5276676416397095,-0.1977991908788681,0.9997274279594421,-0.13392187654972076,-0.5831387042999268,-0.20945027470588684,0.9994308352470398,-0.13164213299751282,-0.5773025155067444,-0.1977549046278,0.9991648197174072,-0.15695740282535553,-0.5645812749862671,-0.17689481377601624,0.9989952445030212,0.05928807333111763,-0.5317539572715759,-0.12340637296438217,0.9993509650230408,-0.037383899092674255,-0.5425976514816284,-0.07137744128704071,0.9998284578323364,-0.1134297326207161,-0.49294814467430115,-0.18132524192333221,0.9997718930244446,-0.11463046818971634,-0.485986590385437,-0.1716827005147934,0.9995219707489014,0.22604534029960632,-0.39096856117248535,-0.07309475541114807,0.999416708946228,-0.14993637800216675,-0.44373345375061035,0.009363184683024883,0.9993871450424194,0.3631230294704437,-0.28722408413887024,-0.2947930693626404,0.9976087808609009,-0.2731304168701172,-0.33087754249572754,-0.1861746460199356,0.9218283891677856,0.239097461104393,-0.4389851987361908,-0.44127604365348816,0.9993188381195068,-0.20232826471328735,-0.5363193154335022,-0.3194303810596466,0.9991543292999268,0.20742757618427277,-0.5203695893287659,-0.4299667477607727,0.9987611770629883,-0.2071589082479477,-0.5738096833229065,-0.30061063170433044,0.9986567497253418,0.13281014561653137,-0.5200390219688416,-0.4261350929737091,0.9988018274307251,-0.14856326580047607,-0.5504661202430725,-0.22842583060264587,0.9986428618431091,0.18045178055763245,-0.4453481137752533,-0.41786617040634155,0.9984946250915527,-0.13378432393074036,-0.5495861172676086,-0.29635781049728394,0.9990034699440002,0.10874619334936142,0.0297493077814579,0.042715661227703094,0.12574797868728638,-0.08244730532169342,-0.003185156499966979,0.0279080793261528,0.11592680215835571,0.07272087037563324,0.2797882854938507,-0.055327024310827255,0.00014364355592988431,-0.12819138169288635,0.32420098781585693,-0.18244661390781403,0.0005919221439398825,0.11005420982837677,0.5883327126502991,0.10746297985315323,0.00019950662681367248,-0.048683661967515945,0.606803297996521,-0.01213395968079567,0.0003072115941904485,0.12198860198259354,0.6310369968414307,0.08591369539499283,0.0004926049732603133,-0.054487571120262146,0.6280001997947693,-0.020364832133054733,0.0004844596260227263,0.010357468388974667,0.6663959622383118,-0.031754545867443085,0.00046439029392786324,-0.07703123986721039,0.6527884006500244,-0.04303351789712906,0.0003994725411757827
2433.333333333333,-0.1326935887336731,-0.5058541297912598,-0.19920378923416138,0.9999409914016724,-0.1133442372083664,-0.5504449605941772,-0.17597171664237976,0.9998202919960022,-0.11485248804092407,-0.5406919121742249,-0.1900944709777832,0.999915599822998,-0.12197668850421906,-0.5274960994720459,-0.18257686495780945,0.9998822212219238,-0.1249581128358841,-0.582426130771637,-0.19356097280979156,0.9997523427009583,-0.12212329357862473,-0.5776547193527222,-0.1822098195552826,0.9996334314346313,-0.14701080322265625,-0.5638643503189087,-0.1617705225944519,0.9995378255844116,0.06863657385110855,-0.5343499779701233,-0.10677525401115417,0.9997550845146179,-0.0308818556368351,-0.5441464781761169,-0.05665447190403938,0.9999370574951172,-0.10428337752819061,-0.49321356415748596,-0.1625075340270996,0.999880313873291,-0.10654634982347488,-0.4857383966445923,-0.1531333327293396,0.9997480511665344,0.23690682649612427,-0.39254236221313477,-0.05502104386687279,0.9995433688163757,-0.1441575288772583,-0.4440760314464569,0.02705501951277256,0.9995321035385132,0.38250985741615295,-0.28637540340423584,-0.2748641073703766,0.9966099858283997,-0.26769357919692993,-0.33487802743911743,-0.15255683660507202,0.9070717692375183,0.2594432830810547,-0.437763512134552,-0.4256645143032074,0.9992454051971436,-0.19493511319160461,-0.5521509051322937,-0.2701493501663208,0.9993603825569153,0.22738562524318695,-0.5169604420661926,-0.41218501329421997,0.9988129138946533,-0.19951622188091278,-0.5918566584587097,-0.24645273387432098,0.9991493225097656,0.15623599290847778,-0.5202528238296509,-0.4087812304496765,0.9988818764686584,-0.14082568883895874,-0.5721455812454224,-0.17433662712574005,0.9991586208343506,0.20071394741535187,-0.4441191256046295,-0.4015195369720459,0.9986438155174255,-0.12749738991260529,-0.5669498443603516,-0.24530969560146332,0.9993575215339661,0.10996924340724945,0.030168648809194565,0.04212953522801399,0.07239755243062973,-0.08429104089736938,-0.003338602837175131,0.029597757384181023,0.06337539851665497,0.08495333045721054,0.2805190682411194,-0.05835391581058502,0.0001450607378501445,-0.12647365033626556,0.335015207529068,-0.16563428938388824,0.0005494770593941212,0.13225045800209045,0.5926609039306641,0.09691030532121658,0.00020687644428107888,-0.04038238525390625,0.6193341612815857,0.013203772716224194,0.0002711450506467372,0.14602035284042358,0.6345078945159912,0.0772842988371849,0.0004972540191374719,-0.045862406492233276,0.642358660697937,0.006288500502705574,0.00039979026769287884,0.03466316685080528,0.6680152416229248,-0.039558205753564835,0.0005298465257510543,-0.07454119622707367,0.6690074801445007,-0.01379536185413599,0.00037613214226439595
2466.6666666666665,-0.13268683850765228,-0.5039638876914978,-0.21012189984321594,0.9999356269836426,-0.11439824849367142,-0.5490814447402954,-0.1872633397579193,0.9998076558113098,-0.11567215621471405,-0.5393505692481995,-0.2013649046421051,0.9999080896377563,-0.12294711917638779,-0.5260857343673706,-0.1936841458082199,0.9998736381530762,-0.1267310380935669,-0.5802866220474243,-0.2057003527879715,0.9997336268424988,-0.12397582083940506,-0.575796902179718,-0.19426964223384857,0.9995967745780945,-0.14839093387126923,-0.5613870620727539,-0.17385078966617584,0.9994901418685913,0.06679125130176544,-0.5341290831565857,-0.11723479628562927,0.9997294545173645,-0.03445415943861008,-0.5409134030342102,-0.06873217970132828,0.9999308586120605,-0.10444121062755585,-0.49207746982574463,-0.17281639575958252,0.9998569488525391,-0.10713788866996765,-0.4833658039569855,-0.1639949232339859,0.9996989965438843,0.233891099691391,-0.3930039405822754,-0.06436218321323395,0.9994657635688782,-0.14465579390525818,-0.44248732924461365,0.01746990531682968,0.999390721321106,0.3790357708930969,-0.2886624038219452,-0.2821410000324249,0.9960979223251343,-0.2690630257129669,-0.3396603763103485,-0.16124741733074188,0.909255862236023,0.2542226314544678,-0.43889573216438293,-0.4302618205547333,0.9992202520370483,-0.19513338804244995,-0.5550509691238403,-0.27063053846359253,0.9992998838424683,0.22272874414920807,-0.5187370777130127,-0.4145977795124054,0.9988208413124084,-0.19882574677467346,-0.5936065316200256,-0.24429501593112946,0.9990400671958923,0.1523531973361969,-0.5223543047904968,-0.4116629660129547,0.998897910118103,-0.13933560252189636,-0.57253497838974,-0.17193226516246796,0.9990450739860535,0.1956159472465515,-0.44557318091392517,-0.40580281615257263,0.9986979961395264,-0.1276027113199234,-0.5688300728797913,-0.24531202018260956,0.9992935657501221,0.10898339748382568,0.02984803542494774,0.0379791334271431,0.07587087154388428,-0.08334973454475403,-0.0032436701003462076,0.03396819904446602,0.06372970342636108,0.0849338173866272,0.2781527638435364,-0.0729876384139061,0.00014600367285311222,-0.1235613226890564,0.33826127648353577,-0.1546308547258377,0.0003835827810689807,0.1330111026763916,0.5896071791648865,0.06590057164430618,0.0002416093775536865,-0.03832140564918518,0.6231060028076172,0.030827702954411507,0.00022043182980269194,0.146244615316391,0.6312370896339417,0.04477028176188469,0.0005726412637159228,-0.04436309635639191,0.6464134454727173,0.024410640820860863,0.00035490465234033763,0.03314875438809395,0.6678673624992371,-0.07506386935710907,0.0006082489853724837,-0.07633621990680695,0.6767279505729675,0.00638170400634408,0.00031361644505523145
2500.0,-0.13396477699279785,-0.4880341589450836,-0.2335096001625061,0.9999161958694458,-0.11492273211479187,-0.5326938033103943,-0.21187427639961243,0.9997276663780212,-0.1158507838845253,-0.5237370133399963,-0.2259020209312439,0.999871015548706,-0.12272414565086365,-0.5099672079086304,-0.21816270053386688,0.9998177886009216,-0.12572483718395233,-0.5659885406494141,-0.23065774142742157,0.9996198415756226,-0.12301981449127197,-0.5607773661613464,-0.21938659250736237,0.9994480013847351,-0.14761748909950256,-0.5464997291564941,-0.19900572299957275,0.9992792010307312,0.06544462591409683,-0.5195168852806091,-0.1438681185245514,0.9996144771575928,-0.032073792070150375,-0.533349871635437,-0.09380759298801422,0.9998953342437744,-0.10684870183467865,-0.47607648372650146,-0.19714875519275665,0.9998341798782349,-0.10812663286924362,-0.47032028436660767,-0.18948498368263245,0.9996424913406372,0.23014812171459198,-0.3860078454017639,-0.08235440403223038,0.9995662569999695,-0.14420180022716522,-0.4387672543525696,-0.006345245987176895,0.9994866847991943,0.38394173979759216,-0.27587273716926575,-0.2962336838245392,0.9973843693733215,-0.26070499420166016,-0.3260866105556488,-0.18567368388175964,0.918376088142395,0.25718578696250916,-0.4153881072998047,-0.44973328709602356,0.9993197917938232,-0.18751034140586853,-0.5380071997642517,-0.30990657210350037,0.9994189739227295,0.22446776926517487,-0.49402618408203125,-0.4368850886821747,0.9989684820175171,-0.19076597690582275,-0.576012134552002,-0.2898997664451599,0.999201238155365,0.15029814839363098,-0.49842098355293274,-0.4351036250591278,0.9990147352218628,-0.13095349073410034,-0.5572675466537476,-0.2180386632680893,0.9991722106933594,0.19794130325317383,-0.4229544997215271,-0.4277174174785614,0.9987444877624512,-0.1197127029299736,-0.5530344843864441,-0.2858763337135315,0.9993625283241272,0.10729138553142548,0.031857073307037354,0.04060188680887222,0.1304600089788437,-0.08128633350133896,-0.005609050393104553,0.030515698716044426,0.10919240862131119,0.07830934971570969,0.28506696224212646,-0.07137962430715561,0.00021258591732475907,-0.1293143481016159,0.32784783840179443,-0.16955019533634186,0.0006776293157599866,0.11965078115463257,0.5916153192520142,0.07189442962408066,0.0003192854637745768,-0.04907546192407608,0.6090862154960632,0.0049858312122523785,0.00037332571810111403,0.13176913559436798,0.6334136128425598,0.05030388385057449,0.0007552447495982051,-0.055802732706069946,0.6300078630447388,-0.0021804641000926495,0.000613681273534894,0.013327885419130325,0.6741683483123779,-0.06445876508951187,0.0007543654064647853,-0.08430498838424683,0.6587433218955994,-0.019159412011504173,0.0004762375319842249
2533.3333333333335,-0.13921204209327698,-0.5088608860969543,-0.21080829203128815,0.9999439716339111,-0.11950107663869858,-0.5518990755081177,-0.18663842976093292,0.9998161196708679,-0.1207047551870346,-0.5425187349319458,-0.20146547257900238,0.9999146461486816,-0.12855151295661926,-0.5290825963020325,-0.1934719830751419,0.9998786449432373,-0.12906570732593536,-0.5847562551498413,-0.20493830740451813,0.9997468590736389,-0.12661147117614746,-0.5793820023536682,-0.1931205540895462,0.9996378421783447,-0.15137362480163574,-0.5661845207214355,-0.17226754128932953,0.9995300769805908,0.06264620274305344,-0.528792142868042,-0.12236975133419037,0.9997370839118958,-0.030290046706795692,-0.5434942245483398,-0.06899935752153397,0.9999294281005859,-0.11176048964262009,-0.494161993265152,-0.17708653211593628,0.9998925924301147,-0.11200489103794098,-0.4877271354198456,-0.1671997457742691,0.9997715353965759,0.2306327521800995,-0.38755136728286743,-0.07056019455194473,0.9996028542518616,-0.14533787965774536,-0.44293415546417236,0.013559858314692974,0.999565064907074,0.3785625696182251,-0.28074735403060913,-0.28688085079193115,0.9975873231887817,-0.2683159410953522,-0.332101047039032,-0.16546577215194702,0.9244310259819031,0.25274667143821716,-0.42248523235321045,-0.4331042766571045,0.999427855014801,-0.20111782848834991,-0.5364378094673157,-0.28046438097953796,0.9994902610778809,0.2205868661403656,-0.49938562512397766,-0.42010483145713806,0.9990559220314026,-0.20806723833084106,-0.5719839930534363,-0.25716206431388855,0.9992616772651672,0.14563709497451782,-0.5008664131164551,-0.4170680642127991,0.9990977048873901,-0.1481761783361435,-0.5485156774520874,-0.18584831058979034,0.9992545247077942,0.19242213666439056,-0.4290027320384979,-0.4102025032043457,0.9988749623298645,-0.13292862474918365,-0.5488011240959167,-0.25702184438705444,0.9994489550590515,0.10831058770418167,0.03153461590409279,0.0385809987783432,0.13974891602993011,-0.08211170136928558,-0.0045136441476643085,0.03242070600390434,0.11835721135139465,0.07342641800642014,0.28227514028549194,-0.0684863030910492,0.00020142874564044178,-0.13089241087436676,0.3303646743297577,-0.1544140875339508,0.0005224035121500492,0.11359332501888275,0.5935632586479187,0.06772314012050629,0.00031281556584872305,-0.046142011880874634,0.6137819886207581,0.022112028673291206,0.0003052694664802402,0.12566311657428741,0.6357256770133972,0.04454871267080307,0.0006744581623934209,-0.052429042756557465,0.6351618766784668,0.01488429307937622,0.0005114080267958343,0.007086103782057762,0.6713285446166992,-0.07600816339254379,0.000783898460213095,-0.08338113129138947,0.6603600978851318,-0.0009225944522768259,0.00043856160482391715
2566.666666666667,-0.14797240495681763,-0.5032726526260376,-0.2205498218536377,0.9999219179153442,-0.12943437695503235,-0.5464178919792175,-0.19794140756130219,0.999767005443573,-0.13083690404891968,-0.5378486514091492,-0.21227194368839264,0.9998917579650879,-0.13851326704025269,-0.5239564776420593,-0.20508332550525665,0.9998471736907959,-0.139133483171463,-0.5792070627212524,-0.21658894419670105,0.9996731281280518,-0.1361360102891922,-0.5740867853164673,-0.20472100377082825,0.9995352029800415,-0.16159138083457947,-0.5608705282211304,-0.1842595338821411,0.999384880065918,0.05140109732747078,-0.5267151594161987,-0.13412396609783173,0.9996548891067505,-0.04043160378932953,-0.540287435054779,-0.07927965372800827,0.9999006986618042,-0.12008999288082123,-0.4898867607116699,-0.18765266239643097,0.9998749494552612,-0.11997777223587036,-0.48314347863197327,-0.17784366011619568,0.9997300505638123,0.21918964385986328,-0.38825395703315735,-0.07394275814294815,0.9996777772903442,-0.15026888251304626,-0.4404909312725067,0.0050394898280501366,0.9995817542076111,0.3507060706615448,-0.2723614573478699,-0.2788144052028656,0.9964218139648438,-0.26505139470100403,-0.32150956988334656,-0.17149914801120758,0.8888687491416931,0.24389933049678802,-0.4192521274089813,-0.42527544498443604,0.9993054866790771,-0.19626009464263916,-0.5279855132102966,-0.2899285852909088,0.9990365505218506,0.21582981944084167,-0.4982719421386719,-0.4148525893688202,0.9989916682243347,-0.20361775159835815,-0.5651917457580566,-0.2690911293029785,0.9986680746078491,0.1438574492931366,-0.5019983649253845,-0.4141310155391693,0.9990660548210144,-0.14349894225597382,-0.5415711998939514,-0.19870248436927795,0.9986572265625,0.18587574362754822,-0.42736831307411194,-0.40485912561416626,0.9987529516220093,-0.12766118347644806,-0.5399774312973022,-0.2672649025917053,0.9989911913871765,0.10743879526853561,0.030446024611592293,0.038896333426237106,0.10903514176607132,-0.08191998302936554,-0.00316142407245934,0.032461024820804596,0.09100359678268433,0.06813734769821167,0.27908021211624146,-0.07485455274581909,0.00015751479077152908,-0.13280344009399414,0.3289774954319,-0.1388925015926361,0.0003732475743163377,0.10822652280330658,0.5872645378112793,0.07014845311641693,0.00028910409309901297,-0.04456312581896782,0.6183056831359863,0.05261159688234329,0.000268397358013317,0.12073136121034622,0.6280720233917236,0.04837146773934364,0.0006971127004362643,-0.05049080401659012,0.6388751268386841,0.04779011011123657,0.00046613902668468654,0.003726503811776638,0.6595945954322815,-0.0735672190785408,0.0007570955785922706,-0.07855534553527832,0.6688382625579834,0.030267467722296715,0.00037582640652544796
2600.0000000000005,-0.13464443385601044,-0.4897087514400482,-0.2543654143810272,0.9999552965164185,-0.11645200848579407,-0.5353409647941589,-0.22947557270526886,0.9998612403869629,-0.11788453906774521,-0.5259857773780823,-0.24424272775650024,0.999930739402771,-0.12519560754299164,-0.512218177318573,-0.2366863191127777,0.9999034404754639,-0.12786106765270233,-0.5672166347503662,-0.24909622967243195,0.9998028874397278,-0.12557567656040192,-0.561752438545227,-0.23763205111026764,0.9996967315673828,-0.15041492879390717,-0.5481486916542053,-0.21710951626300812,0.9996132254600525,0.06418101489543915,-0.5204907059669495,-0.15736621618270874,0.9997699856758118,-0.037571102380752563,-0.5309233665466309,-0.1086328849196434,0.9999362230300903,-0.10681125521659851,-0.47703906893730164,-0.2168281525373459,0.9999109506607056,-0.10940497368574142,-0.46985864639282227,-0.20891977846622467,0.9998088479042053,0.2294841706752777,-0.3843059837818146,-0.09216553717851639,0.9997072815895081,-0.1466602087020874,-0.43674373626708984,-0.01736561208963394,0.9996414184570312,0.37823566794395447,-0.27302202582359314,-0.304349809885025,0.9982313513755798,-0.2651230990886688,-0.32397890090942383,-0.19395418465137482,0.9401147365570068,0.25727415084838867,-0.4196896255016327,-0.45849794149398804,0.9995262622833252,-0.19204357266426086,-0.5381709337234497,-0.32191577553749084,0.9994593262672424,0.22409820556640625,-0.49984848499298096,-0.4474647343158722,0.9991716146469116,-0.19555135071277618,-0.5784139037132263,-0.30476707220077515,0.9991436004638672,0.1504894196987152,-0.5037001371383667,-0.44637250900268555,0.999198853969574,-0.13675883412361145,-0.5585364103317261,-0.2324685901403427,0.9991154074668884,0.1979370266199112,-0.4279507100582123,-0.4371602237224579,0.9989213943481445,-0.12387079000473022,-0.5532803535461426,-0.2987299859523773,0.9993062019348145,0.10858002305030823,0.03008703514933586,0.0429246686398983,0.16168367862701416,-0.08229844272136688,-0.0031909190583974123,0.028033535927534103,0.14406245946884155,0.08237150311470032,0.28175920248031616,-0.055126771330833435,0.0002335857570869848,-0.12660327553749084,0.3281565010547638,-0.1820744425058365,0.0009821263374760747,0.1203286349773407,0.5911000967025757,0.1106800064444542,0.0003181760257575661,-0.045103155076503754,0.6106907725334167,-0.008052017539739609,0.0004812369297724217,0.1320985108613968,0.6337469816207886,0.09046072512865067,0.0007727709016762674,-0.05140012130141258,0.6313899159431458,-0.015338776633143425,0.0007581189856864512,0.016285575926303864,0.6768339276313782,-0.02166462503373623,0.000708269770257175,-0.07651808857917786,0.6636283993721008,-0.03300335630774498,0.0005894014611840248
2633.333333333334,-0.1387302726507187,-0.4869377911090851,-0.22881291806697845,0.99996018409729,-0.11851949989795685,-0.5307883620262146,-0.2114289402961731,0.9998754262924194,-0.11867642402648926,-0.5232608914375305,-0.22479379177093506,0.9999426603317261,-0.1248495876789093,-0.5090914964675903,-0.21479284763336182,0.999915361404419,-0.12970231473445892,-0.5668521523475647,-0.22768042981624603,0.9998250603675842,-0.12671516835689545,-0.5608625411987305,-0.21715499460697174,0.9997580647468567,-0.15158531069755554,-0.5449298024177551,-0.19513802230358124,0.9996533393859863,0.06521053612232208,-0.5149002075195312,-0.1378602683544159,0.9998034834861755,-0.03740682452917099,-0.5270812511444092,-0.08105470985174179,0.9999486207962036,-0.10838278383016586,-0.4746830463409424,-0.1948864609003067,0.9999110698699951,-0.11028534173965454,-0.46997636556625366,-0.18840239942073822,0.9998096823692322,0.22172458469867706,-0.3820563554763794,-0.07097190618515015,0.9997504353523254,-0.14820656180381775,-0.43035560846328735,-0.0009562619379721582,0.9996964931488037,0.3654381036758423,-0.2678333818912506,-0.2853865921497345,0.997003972530365,-0.2571720778942108,-0.3356054425239563,-0.1803581714630127,0.9326682090759277,0.24979203939437866,-0.4142422378063202,-0.444192111492157,0.9995543360710144,-0.18567892909049988,-0.5410668253898621,-0.2940822243690491,0.9996752738952637,0.22341178357601166,-0.4974422752857208,-0.43179455399513245,0.999432384967804,-0.19045604765415192,-0.5764420628547668,-0.27509284019470215,0.9995546936988831,0.14453157782554626,-0.5035916566848755,-0.431736558675766,0.9994677901268005,-0.12802350521087646,-0.5594162344932556,-0.21056139469146729,0.9995272159576416,0.19337180256843567,-0.42316675186157227,-0.4274800717830658,0.9993252754211426,-0.11798624694347382,-0.5570188164710999,-0.2720518410205841,0.9996609687805176,0.10360918194055557,0.03128502890467644,0.04049397632479668,0.11717827618122101,-0.07960394024848938,-0.009137256070971489,0.030664997175335884,0.0950341448187828,0.08678611367940903,0.2896077334880829,-0.08268152922391891,0.00015889295900706202,-0.12787210941314697,0.3288998603820801,-0.15689899027347565,0.00042262772331014276,0.12588980793952942,0.5836076140403748,0.037053901702165604,0.00030333525501191616,-0.05229342728853226,0.6065099835395813,0.029562875628471375,0.0002922012936323881,0.1372256577014923,0.6251513361930847,0.01387774758040905,0.0007604786078445613,-0.057444311678409576,0.6261038184165955,0.024727793410420418,0.0005240028840489686,0.020049501210451126,0.6728982329368591,-0.09486531466245651,0.000807784148491919,-0.08411696553230286,0.6617189049720764,0.010469269938766956,0.00040726439328864217
