time,X_LEFT_WRIST,Y_LEFT_WRIST,Z_LEFT_WRIST,X_LEFT_THUMB_CMC,Y_LEFT_THUMB_CMC,Z_LEFT_THUMB_CMC,X_LEFT_THUMB_MCP,Y_LEFT_THUMB_MCP,Z_LEFT_THUMB_MCP,X_LEFT_THUMB_IP,Y_LEFT_THUMB_IP,Z_LEFT_THUMB_IP,X_LEFT_THUMB_TIP,Y_LEFT_THUMB_TIP,Z_LEFT_THUMB_TIP,X_LEFT_INDEX_FINGER_MCP,Y_LEFT_INDEX_FINGER_MCP,Z_LEFT_INDEX_FINGER_MCP,X_LEFT_INDEX_FINGER_PIP,Y_LEFT_INDEX_FINGER_PIP,Z_LEFT_INDEX_FINGER_PIP,X_LEFT_INDEX_FINGER_DIP,Y_LEFT_INDEX_FINGER_DIP,Z_LEFT_INDEX_FINGER_DIP,X_LEFT_INDEX_FINGER_TIP,Y_LEFT_INDEX_FINGER_TIP,Z_LEFT_INDEX_FINGER_TIP,X_LEFT_MIDDLE_FINGER_MCP,Y_LEFT_MIDDLE_FINGER_MCP,Z_LEFT_MIDDLE_FINGER_MCP,X_LEFT_MIDDLE_FINGER_PIP,Y_LEFT_MIDDLE_FINGER_PIP,Z_LEFT_MIDDLE_FINGER_PIP,X_LEFT_MIDDLE_FINGER_DIP,Y_LEFT_MIDDLE_FINGER_DIP,Z_LEFT_MIDDLE_FINGER_DIP,X_LEFT_MIDDLE_FINGER_TIP,Y_LEFT_MIDDLE_FINGER_TIP,Z_LEFT_MIDDLE_FINGER_TIP,X_LEFT_RING_FINGER_MCP,Y_LEFT_RING_FINGER_MCP,Z_LEFT_RING_FINGER_MCP,X_LEFT_RING_FINGER_PIP,Y_LEFT_RING_FINGER_PIP,Z_LEFT_RING_FINGER_PIP,X_LEFT_RING_FINGER_DIP,Y_LEFT_RING_FINGER_DIP,Z_LEFT_RING_FINGER_DIP,X_LEFT_RING_FINGER_TIP,Y_LEFT_RING_FINGER_TIP,Z_LEFT_RING_FINGER_TIP,X_LEFT_PINKY_FINGER_MCP,Y_LEFT_PINKY_FINGER_MCP,Z_LEFT_PINKY_FINGER_MCP,X_LEFT_PINKY_FINGER_PIP,Y_LEFT_PINKY_FINGER_PIP,Z_LEFT_PINKY_FINGER_PIP,X_LEFT_PINKY_FINGER_DIP,Y_LEFT_PINKY_FINGER_DIP,Z_LEFT_PINKY_FINGER_DIP,X_LEFT_PINKY_FINGER_TIP,Y_LEFT_PINKY_FINGER_TIP,Z_LEFT_PINKY_FINGER_TIP,X_RIGHT_WRIST,Y_RIGHT_WRIST,Z_RIGHT_WRIST,X_RIGHT_THUMB_CMC,Y_RIGHT_THUMB_CMC,Z_RIGHT_THUMB_CMC,X_RIGHT_THUMB_MCP,Y_RIGHT_THUMB_MCP,Z_RIGHT_THUMB_MCP,X_RIGHT_THUMB_IP,Y_RIGHT_THUMB_IP,Z_RIGHT_THUMB_IP,X_RIGHT_THUMB_TIP,Y_RIGHT_THUMB_TIP,Z_RIGHT_THUMB_TIP,X_RIGHT_INDEX_FINGER_MCP,Y_RIGHT_INDEX_FINGER_MCP,Z_RIGHT_INDEX_FINGER_MCP,X_RIGHT_INDEX_FINGER_PIP,Y_RIGHT_INDEX_FINGER_PIP,Z_RIGHT_INDEX_FINGER_PIP,X_RIGHT_INDEX_FINGER_DIP,Y_RIGHT_INDEX_FINGER_DIP,Z_RIGHT_INDEX_FINGER_DIP,X_RIGHT_INDEX_FINGER_TIP,Y_RIGHT_INDEX_FINGER_TIP,Z_RIGHT_INDEX_FINGER_TIP,X_RIGHT_MIDDLE_FINGER_MCP,Y_RIGHT_MIDDLE_FINGER_MCP,Z_RIGHT_MIDDLE_FINGER_MCP,X_RIGHT_MIDDLE_FINGER_PIP,Y_RIGHT_MIDDLE_FINGER_PIP,Z_RIGHT_MIDDLE_FINGER_PIP,X_RIGHT_MIDDLE_FINGER_DIP,Y_RIGHT_MIDDLE_FINGER_DIP,Z_RIGHT_MIDDLE_FINGER_DIP,X_RIGHT_MIDDLE_FINGER_TIP,Y_RIGHT_MIDDLE_FINGER_TIP,Z_RIGHT_MIDDLE_FINGER_TIP,X_RIGHT_RING_FINGER_MCP,Y_RIGHT_RING_FINGER_MCP,Z_RIGHT_RING_FINGER_MCP,X_RIGHT_RING_FINGER_PIP,Y_RIGHT_RING_FINGER_PIP,Z_RIGHT_RING_FINGER_PIP,X_RIGHT_RING_FINGER_DIP,Y_RIGHT_RING_FINGER_DIP,Z_RIGHT_RING_FINGER_DIP,X_RIGHT_RING_FINGER_TIP,Y_RIGHT_RING_FINGER_TIP,Z_RIGHT_RING_FINGER_TIP,X_RIGHT_PINKY_FINGER_MCP,Y_RIGHT_PINKY_FINGER_MCP,Z_RIGHT_PINKY_FINGER_MCP,X_RIGHT_PINKY_FINGER_PIP,Y_RIGHT_PINKY_FINGER_PIP,Z_RIGHT_PINKY_FINGER_PIP,X_RIGHT_PINKY_FINGER_DIP,Y_RIGHT_PINKY_FINGER_DIP,Z_RIGHT_PINKY_FINGER_DIP,X_RIGHT_PINKY_FINGER_TIP,Y_RIGHT_PINKY_FINGER_TIP,Z_RIGHT_PINKY_FINGER_TIP
0
33.333333333333336
66.66666666666667
100.0
133.33333333333334
166.66666666666669
200.00000000000003
233.33333333333337
266.6666666666667
300.0
333.3333333333333
366.66666666666663
399.99999999999994
433.33333333333326
466.6666666666666
499.9999999999999
533.3333333333333
566.6666666666666
600.0
633.3333333333334
666.6666666666667
700.0000000000001
733.3333333333335,0.31078165769577026,0.9082969427108765,-5.701045679984418e-08,0.3559211790561676,0.8871063590049744,-0.012289201840758324,0.3895284831523895,0.8313246965408325,-0.017091257497668266,0.3964024782180786,0.7747795581817627,-0.023072289302945137,0.387967973947525,0.7347580790519714,-0.027524497359991074,0.3770710825920105,0.7567288279533386,-0.0023271760437637568,0.3879549205303192,0.6897542476654053,-0.02140066958963871,0.4000139832496643,0.696465253829956,-0.03651561215519905,0.40566596388816833,0.7240930795669556,-0.043303411453962326,0.35077279806137085,0.7461585402488708,-0.0036160375457257032,0.3584863841533661,0.6758758425712585,-0.02104572393000126,0.37296172976493835,0.6956290602684021,-0.03350134938955307,0.37953123450279236,0.7307169437408447,-0.038378167897462845,0.32317498326301575,0.7461890578269958,-0.0077794138342142105,0.33092498779296875,0.6767949461936951,-0.023864202201366425,0.3474228084087372,0.6998907923698425,-0.0284400824457407,0.35397422313690186,0.7364196181297302,-0.027955414727330208,0.29335957765579224,0.7574620842933655,-0.013161486014723778,0.3094945549964905,0.720848560333252,-0.026708535850048065,0.32631829380989075,0.7379940748214722,-0.029218075796961784,0.3342500925064087,0.7674912810325623,-0.027712812647223473
766.6666666666669,0.7618662118911743,0.814218282699585,1.3837671986038913e-07,0.7401442527770996,0.7770704627037048,-0.014434629119932652,0.7303193807601929,0.7265322804450989,-0.0224565751850605,0.7241567373275757,0.687603771686554,-0.03034968301653862,0.7195461988449097,0.656150221824646,-0.038063228130340576,0.7647060751914978,0.6681832075119019,-0.0064261495135724545,0.7749718427658081,0.6209980249404907,-0.018854450434446335,0.7806667685508728,0.5904623866081238,-0.030680328607559204,0.7862021923065186,0.5663866996765137,-0.03916384279727936,0.7887636423110962,0.671112596988678,-0.008972685784101486,0.8030638694763184,0.617094099521637,-0.01998760737478733,0.8100124001502991,0.5829112529754639,-0.030191762372851372,0.8154823780059814,0.5550368428230286,-0.03718132898211479,0.8086196184158325,0.6843125224113464,-0.014234975911676884,0.825799822807312,0.636089026927948,-0.025533102452754974,0.833245038986206,0.6040997505187988,-0.03090386651456356,0.8385664224624634,0.5767728090286255,-0.03404906019568443,0.8243351578712463,0.7067814469337463,-0.021137328818440437,0.841371476650238,0.6710627675056458,-0.03017769753932953,0.8479998707771301,0.6462236046791077,-0.031221657991409302,0.8508270978927612,0.6244445443153381,-0.031181029975414276
800.0000000000002,0.7576561570167542,0.7014714479446411,1.3267556653318024e-07,0.7332664132118225,0.6514534950256348,-0.009291844442486763,0.7235989570617676,0.5930519700050354,-0.014876816421747208,0.7205857634544373,0.5515619516372681,-0.020623264834284782,0.7249870896339417,0.516325831413269,-0.025985699146986008,0.7726390957832336,0.5468164682388306,-0.004699341952800751,0.78030925989151,0.4922398328781128,-0.01641179621219635,0.7816027998924255,0.4584197402000427,-0.02737388014793396,0.7800843715667725,0.43097978830337524,-0.03502269089221954,0.7954853177070618,0.5582014322280884,-0.009002113714814186,0.8136839270591736,0.5038765668869019,-0.01831573247909546,0.8200603723526001,0.4668900966644287,-0.02773362584412098,0.8222911357879639,0.4375077188014984,-0.034380894154310226,0.8124997019767761,0.5802789330482483,-0.015409834682941437,0.8300061225891113,0.5322265028953552,-0.024532297626137733,0.8346303105354309,0.5016759037971497,-0.029167642816901207,0.8356290459632874,0.47609636187553406,-0.03209250792860985,0.8244330883026123,0.6112947463989258,-0.022953782230615616,0.8385500311851501,0.5755293369293213,-0.03134976699948311,0.8416174650192261,0.5509955286979675,-0.03210470825433731,0.8407061696052551,0.5305905938148499,-0.031592175364494324
833.3333333333336,0.7571194767951965,0.69925856590271,1.2871649346379854e-07,0.7334480881690979,0.6493303775787354,-0.009418386965990067,0.7245181202888489,0.5930756330490112,-0.015435028821229935,0.7218978404998779,0.5534197092056274,-0.02163456566631794,0.725866973400116,0.5195178985595703,-0.02764890156686306,0.7720726132392883,0.5452795028686523,-0.004930052440613508,0.7809615731239319,0.4929935932159424,-0.01715814881026745,0.7827133536338806,0.45983973145484924,-0.02850767970085144,0.7819647192955017,0.43241599202156067,-0.03653867170214653,0.7946271896362305,0.5568692684173584,-0.009440112859010696,0.812418520450592,0.5027650594711304,-0.019196560606360435,0.8193859457969666,0.4661732017993927,-0.02906269207596779,0.8226207494735718,0.43614834547042847,-0.036232687532901764,0.8112143278121948,0.5789301991462708,-0.016156073659658432,0.8282009363174438,0.5298686623573303,-0.02567809820175171,0.8333050608634949,0.4993574917316437,-0.031161662191152573,0.8352140188217163,0.47311922907829285,-0.03484616428613663,0.8227157592773438,0.6100344061851501,-0.024006469175219536,0.8367191553115845,0.5744315981864929,-0.033050160855054855,0.8402515649795532,0.5499060750007629,-0.034783221781253815,0.8402121067047119,0.5286362767219543,-0.03508377447724342
866.666666666667,0.7297089099884033,0.5323649048805237,1.390407646795211e-07,0.7142608761787415,0.48481422662734985,-0.006471135653555393,0.7144938707351685,0.42929747700691223,-0.012736507691442966,0.7171323895454407,0.39293667674064636,-0.019923003390431404,0.7148764133453369,0.3589906394481659,-0.027958612889051437,0.758816659450531,0.3854822516441345,-0.012128232046961784,0.7714268565177917,0.33391040563583374,-0.028223298490047455,0.7702880501747131,0.2996823787689209,-0.04214666783809662,0.7638882994651794,0.2692195475101471,-0.05192107334733009,0.7734828591346741,0.3961227536201477,-0.02061651088297367,0.793775200843811,0.3403201103210449,-0.03533047437667847,0.7951645255088806,0.29748308658599854,-0.04744221642613411,0.7907750010490417,0.2604924440383911,-0.056030359119176865,0.7831640839576721,0.41584306955337524,-0.030443264171481133,0.8059815764427185,0.36359724402427673,-0.04396069049835205,0.8089106678962708,0.326060026884079,-0.050737861543893814,0.8059232831001282,0.29204198718070984,-0.05533570051193237,0.7890024185180664,0.4452298879623413,-0.04118001088500023,0.8093582391738892,0.4077853560447693,-0.05282839015126228,0.8163842558860779,0.3774184286594391,-0.05587529018521309,0.8178818821907043,0.3506763279438019,-0.057616934180259705,0.3235456645488739,0.5384547710418701,2.387935467140778e-07,0.34459012746810913,0.4903672933578491,-0.0016488073160871863,0.3403574526309967,0.4319975972175598,-0.0007137411739677191,0.3369160294532776,0.3955795466899872,-0.0020434462931007147,0.3371134400367737,0.3624674081802368,-0.0038749773520976305,0.304997980594635,0.40366795659065247,0.0049038901925086975,0.298157274723053,0.35756197571754456,-0.007589946035295725,0.30218207836151123,0.31906193494796753,-0.01890183985233307,0.3081735074520111,0.2856482267379761,-0.02676764316856861,0.29674091935157776,0.41056540608406067,-0.002727851737290621,0.28940248489379883,0.36046332120895386,-0.013501881621778011,0.2950252592563629,0.320049524307251,-0.02376519702374935,0.30221161246299744,0.282368540763855,-0.03113950975239277,0.29039517045021057,0.4241560995578766,-0.012446478940546513,0.2830389738082886,0.3761691153049469,-0.024484029039740562,0.28910699486732483,0.340200811624527,-0.031178303062915802,0.2959436774253845,0.30770406126976013,-0.03504076227545738,0.28671205043792725,0.44209060072898865,-0.022816354408860207,0.2796684503555298,0.4022209942340851,-0.03382587432861328,0.28263065218925476,0.37213146686553955,-0.03812626749277115,0.2872278094291687,0.3451390862464905,-0.04057690128684044
900.0000000000003,0.7198780179023743,0.46816718578338623,9.930973021710088e-08,0.7018008232116699,0.42424601316452026,-0.0011918034870177507,0.7010929584503174,0.37413859367370605,-0.004204470664262772,0.7012013792991638,0.33975493907928467,-0.008640259504318237,0.6967560052871704,0.31015053391456604,-0.01355378981679678,0.7411686778068542,0.33054396510124207,-0.004199589602649212,0.7537299394607544,0.28146234154701233,-0.01786658726632595,0.749226450920105,0.2485627979040146,-0.029622547328472137,0.7388932704925537,0.222793310880661,-0.03707354515790939,0.7522512078285217,0.3383007347583771,-0.01284897793084383,0.7701765298843384,0.2831393778324127,-0.024638796225190163,0.7687613368034363,0.2427922487258911,-0.033811505883932114,0.7619209885597229,0.21057549118995667,-0.03998248651623726,0.7597814202308655,0.3532021641731262,-0.02257690206170082,0.7782199382781982,0.3003882169723511,-0.03220006078481674,0.7800236344337463,0.26438993215560913,-0.03676535189151764,0.7771449089050293,0.23479163646697998,-0.03997906297445297,0.7622330188751221,0.3754390478134155,-0.0329425074160099,0.7799001932144165,0.33865150809288025,-0.041283559054136276,0.7869062423706055,0.30861636996269226,-0.0435602068901062,0.7907655239105225,0.2825784385204315,-0.04477137327194214,0.33057287335395813,0.4977492690086365,2.65563073753583e-07,0.34718936681747437,0.4291802942752838,0.0038132639601826668,0.34078145027160645,0.3735915422439575,0.004261814057826996,0.3386608362197876,0.33910971879959106,0.0009343502460978925,0.3401804268360138,0.3057349920272827,-0.0032120964024215937,0.3093426823616028,0.3533554673194885,0.010094061493873596,0.296875536441803,0.3146149516105652,-0.0028647289145737886,0.2988860011100769,0.277401864528656,-0.015199942514300346,0.3050875663757324,0.24553534388542175,-0.023352211341261864,0.30409014225006104,0.3616938591003418,-0.00015874442760832608,0.29023870825767517,0.3170543909072876,-0.011082127690315247,0.2939102351665497,0.2768498361110687,-0.02252790704369545,0.3014817535877228,0.24292325973510742,-0.03019011579453945,0.3020555377006531,0.37689292430877686,-0.012054341845214367,0.28752759099006653,0.33327966928482056,-0.0238159392029047,0.2913080155849457,0.29637235403060913,-0.03173091635107994,0.2979922294616699,0.2662835121154785,-0.036257047206163406,0.30429956316947937,0.3988480269908905,-0.024017401039600372,0.29072266817092896,0.3685794770717621,-0.033843133598566055,0.28941604495048523,0.34308958053588867,-0.03767460584640503,0.29101258516311646,0.3204165995121002,-0.039610546082258224
933.3333333333337,0.7013025283813477,0.4251149892807007,1.0642555281492605e-07,0.6812254190444946,0.3780093491077423,-0.0001536637282697484,0.6825940608978271,0.3333795964717865,-0.003102815942838788,0.6841205358505249,0.3040643334388733,-0.008030904456973076,0.6787383556365967,0.28101396560668945,-0.013543573208153248,0.7221869230270386,0.2828240394592285,0.0018793168710544705,0.7315590381622314,0.23921045660972595,-0.010418026708066463,0.7261838912963867,0.2110925018787384,-0.022076891735196114,0.7157588005065918,0.1907517910003662,-0.02938259392976761,0.7329357266426086,0.28978338837623596,-0.007088565267622471,0.7470574378967285,0.23999959230422974,-0.01692637987434864,0.7435950040817261,0.20444151759147644,-0.02565324306488037,0.7348304390907288,0.1772410273551941,-0.03168032318353653,0.7395625114440918,0.30518895387649536,-0.01770872063934803,0.7561259865760803,0.25588852167129517,-0.026916397735476494,0.7548613548278809,0.22243796288967133,-0.03276951611042023,0.7488948106765747,0.19572554528713226,-0.036902859807014465,0.741263210773468,0.3281678259372711,-0.028832625597715378,0.759959876537323,0.2930980324745178,-0.03745686262845993,0.7686301469802856,0.2654334306716919,-0.04123743623495102,0.7737648487091064,0.24077022075653076,-0.043678708374500275,0.33931732177734375,0.425229549407959,2.1009734041399497e-07,0.3586006760597229,0.3771394193172455,0.0032229283824563026,0.3489237427711487,0.327808141708374,0.004368915688246489,0.3430897295475006,0.29956454038619995,0.002374063478782773,0.3439508378505707,0.2728484272956848,-0.0005676119471900165,0.3176356852054596,0.2969537675380707,0.003970785532146692,0.30696189403533936,0.25085705518722534,-0.0081289391964674,0.3101133108139038,0.21252459287643433,-0.0183644350618124,0.31665655970573425,0.17946268618106842,-0.02547122910618782,0.3120344281196594,0.3034432828426361,-0.006551648955792189,0.30095115303993225,0.2493162751197815,-0.018074646592140198,0.3076636493206024,0.2065354436635971,-0.028308795765042305,0.31708163022994995,0.16993919014930725,-0.03527773916721344,0.31013908982276917,0.31465572118759155,-0.01825244352221489,0.29875415563583374,0.2628272473812103,-0.03020107001066208,0.3068047761917114,0.22391334176063538,-0.0379442535340786,0.3170294761657715,0.19243685901165009,-0.04237012937664986,0.31260839104652405,0.329432874917984,-0.030056316405534744,0.3016091585159302,0.289636492729187,-0.04010546952486038,0.30555295944213867,0.26085364818573,-0.04437149316072464,0.3134694993495941,0.23717299103736877,-0.04701213166117668
966.6666666666671,0.6927992701530457,0.40657514333724976,8.74806858064403e-08,0.6662383675575256,0.36053112149238586,0.0006243318202905357,0.6646106839179993,0.31658658385276794,-0.0009344429709017277,0.6646748781204224,0.28794723749160767,-0.004884449299424887,0.6588780283927917,0.265627384185791,-0.009471703320741653,0.6954659223556519,0.26398125290870667,0.004906511399894953,0.7018964290618896,0.22303375601768494,-0.004551657475531101,0.6980137228965759,0.19651144742965698,-0.014043047092854977,0.6899983286857605,0.17398080229759216,-0.02054542861878872,0.7055266499519348,0.26705262064933777,-0.003646325087174773,0.7166967391967773,0.21894904971122742,-0.011714807711541653,0.713323712348938,0.18388855457305908,-0.019910547882318497,0.7061024308204651,0.15469475090503693,-0.026121925562620163,0.7130549550056458,0.2786962389945984,-0.013794505037367344,0.7266174554824829,0.2322045862674713,-0.022790899500250816,0.7238184809684753,0.1998111456632614,-0.030227264389395714,0.7167208790779114,0.1725241243839264,-0.03566204383969307,0.7169045805931091,0.29746976494789124,-0.024311568588018417,0.7369371056556702,0.2657140791416168,-0.03312356024980545,0.7475413084030151,0.23998700082302094,-0.03868189826607704,0.7550907135009766,0.2156355082988739,-0.04291955381631851,0.3510875999927521,0.3949834108352661,2.0658059440847865e-07,0.3684563934803009,0.347311794757843,0.007675860542804003,0.3588986396789551,0.3034854531288147,0.009091556072235107,0.3535178303718567,0.2779369056224823,0.006391765549778938,0.355994313955307,0.2568869888782501,0.0023504775017499924,0.33260565996170044,0.26420459151268005,0.005691318307071924,0.32248061895370483,0.21735377609729767,-0.005338795483112335,0.32572266459465027,0.18082797527313232,-0.014777404256165028,0.3322452902793884,0.1500910073518753,-0.021297739818692207,0.32775378227233887,0.2699494957923889,-0.0068114507012069225,0.3167949616909027,0.21496820449829102,-0.016697611659765244,0.3234185576438904,0.17436234652996063,-0.02593921683728695,0.33327624201774597,0.14186127483844757,-0.032476410269737244,0.3259761929512024,0.2807702422142029,-0.01988999731838703,0.312732070684433,0.2292257696390152,-0.030003977939486504,0.3207342028617859,0.1908113658428192,-0.037477366626262665,0.3324021100997925,0.16130724549293518,-0.04239208251237869,0.3276188373565674,0.29534775018692017,-0.032657165080308914,0.31532445549964905,0.2580498456954956,-0.04198545590043068,0.3191191256046295,0.22942453622817993,-0.04627861827611923,0.32808566093444824,0.20626534521579742,-0.04915020242333412
1000.0000000000005,0.6755079627037048,0.3929659128189087,1.493525587648037e-07,0.6496437788009644,0.35616233944892883,-0.0013065641978755593,0.6465536952018738,0.31336647272109985,-0.0028089992702007294,0.6455973982810974,0.2855742871761322,-0.006504738703370094,0.640404224395752,0.26355093717575073,-0.010774071328341961,0.6750703454017639,0.2562462389469147,0.006475307513028383,0.6812847852706909,0.2169812023639679,-0.0006512993713840842,0.6784496903419495,0.19050869345664978,-0.00885735359042883,0.6736044883728027,0.1675342172384262,-0.015211847610771656,0.6836082935333252,0.2566812336444855,-0.0008143363520503044,0.6931765079498291,0.2116195261478424,-0.0075700730085372925,0.690685510635376,0.1789403259754181,-0.015409165993332863,0.6868004202842712,0.15106888115406036,-0.021373776718974113,0.6901649236679077,0.2652598023414612,-0.009858437813818455,0.702224850654602,0.2214183211326599,-0.017472388222813606,0.7020629048347473,0.18983376026153564,-0.0240563303232193,0.6999827027320862,0.16148923337459564,-0.02919677086174488,0.6938052177429199,0.28168967366218567,-0.01959100365638733,0.7121456861495972,0.25234219431877136,-0.026189245283603668,0.7218394875526428,0.22824472188949585,-0.029766105115413666,0.729784369468689,0.20495933294296265,-0.032843757420778275,0.3624531626701355,0.38116633892059326,1.765657486885175e-07,0.3808404505252838,0.33594417572021484,0.005293397698551416,0.37383222579956055,0.2974223792552948,0.0041170064359903336,0.3670571744441986,0.27466297149658203,-0.0010076375911012292,0.36674484610557556,0.2559850513935089,-0.007095830049365759,0.35271623730659485,0.25110918283462524,0.004873632453382015,0.3432532548904419,0.20473572611808777,-0.005783951375633478,0.34483128786087036,0.17028604447841644,-0.015258420258760452,0.3494613766670227,0.14042960107326508,-0.022020308300852776,0.3466123342514038,0.25515368580818176,-0.006955808028578758,0.33579373359680176,0.20252805948257446,-0.017051121219992638,0.34075653553009033,0.1634630262851715,-0.025822443887591362,0.3491072356700897,0.13150201737880707,-0.03217935562133789,0.3422960042953491,0.2643161416053772,-0.019766630604863167,0.3295285701751709,0.21407568454742432,-0.02972729131579399,0.33621707558631897,0.17722558975219727,-0.03713258355855942,0.34647777676582336,0.148689404129982,-0.04224536195397377,0.34089624881744385,0.2763235867023468,-0.032555971294641495,0.33023500442504883,0.2395685464143753,-0.04052378237247467,0.33499473333358765,0.2132694274187088,-0.04414079710841179,0.34405994415283203,0.1917339414358139,-0.04702337831258774
1033.3333333333337,0.671893835067749,0.3928227722644806,1.3141959698259598e-07,0.6478918194770813,0.35621923208236694,-0.0003785477310884744,0.6448225975036621,0.3132309913635254,-0.0020576335955411196,0.6441018581390381,0.28559160232543945,-0.006161013152450323,0.6402907967567444,0.2644079625606537,-0.010865585878491402,0.6732433438301086,0.25969839096069336,0.005224466323852539,0.6769981980323792,0.2199588119983673,-0.002528564305976033,0.6733055114746094,0.1929408311843872,-0.010714329779148102,0.6689308285713196,0.16987119615077972,-0.017060302197933197,0.6827129125595093,0.2601817846298218,-0.0030780823435634375,0.6915200352668762,0.21304409205913544,-0.010458343662321568,0.6892985701560974,0.17928192019462585,-0.018911929801106453,0.6854260563850403,0.15009917318820953,-0.025328142568469048,0.6899741888046265,0.26830244064331055,-0.012799292802810669,0.7023079991340637,0.22410589456558228,-0.020941829308867455,0.7019785046577454,0.19277434051036835,-0.028021614998579025,0.6995710730552673,0.16446475684642792,-0.0334726981818676,0.6936953663825989,0.28458303213119507,-0.023089829832315445,0.7121190428733826,0.2546115517616272,-0.03025224059820175,0.7217680811882019,0.22971177101135254,-0.03411000594496727,0.7292367815971375,0.2059258222579956,-0.03734596073627472,0.362265408039093,0.37807226181030273,1.6813341119359393e-07,0.3797856867313385,0.3331219553947449,0.008019432425498962,0.37171316146850586,0.292462021112442,0.008321944624185562,0.36749595403671265,0.2681314945220947,0.00427428400143981,0.3705478012561798,0.2531203031539917,-0.001099829445593059,0.3506568372249603,0.2514040470123291,0.005600708536803722,0.34167730808258057,0.20571944117546082,-0.00526328943669796,0.34483546018600464,0.16960760951042175,-0.01457628607749939,0.350782185792923,0.13869136571884155,-0.02122245728969574,0.3460035026073456,0.25584548711776733,-0.0075835492461919785,0.3353208005428314,0.20290225744247437,-0.01835322007536888,0.3412139117717743,0.16235238313674927,-0.027344707399606705,0.3500174582004547,0.1292969435453415,-0.033684782683849335,0.3429321050643921,0.2652525007724762,-0.021416453644633293,0.32960113883018494,0.2146449238061905,-0.03214944154024124,0.3365321457386017,0.1771273910999298,-0.03958326205611229,0.3465331196784973,0.14817360043525696,-0.044365294277668,0.34224531054496765,0.27784934639930725,-0.03492185100913048,0.3289952278137207,0.24118293821811676,-0.04404548183083534,0.33307433128356934,0.21416524052619934,-0.048358023166656494,0.34251970052719116,0.19237913191318512,-0.051474735140800476
1066.666666666667,0.6586951613426208,0.39876794815063477,1.6810648162390862e-07,0.6355199217796326,0.36931493878364563,-0.0044460659846663475,0.6294094324111938,0.3312431871891022,-0.007865906693041325,0.6274667978286743,0.30411839485168457,-0.01288870070129633,0.6235193014144897,0.278286337852478,-0.01777016557753086,0.651192307472229,0.2695733904838562,0.0025180564261972904,0.657621443271637,0.2268526554107666,-0.005598137620836496,0.6543688178062439,0.19847361743450165,-0.013817119412124157,0.6486775279045105,0.17317703366279602,-0.019741611555218697,0.6580318212509155,0.2677220106124878,-0.0027280778158456087,0.6679912209510803,0.22037696838378906,-0.009993866086006165,0.665432333946228,0.184507817029953,-0.01732313632965088,0.6613100171089172,0.15256190299987793,-0.022819053381681442,0.6640640497207642,0.27310314774513245,-0.009857919998466969,0.6757427453994751,0.22688603401184082,-0.017145704478025436,0.67300945520401,0.1931171715259552,-0.023290980607271194,0.6679924726486206,0.1638076901435852,-0.027776703238487244,0.6686902642250061,0.28548839688301086,-0.018041422590613365,0.6870163679122925,0.25338196754455566,-0.023429514840245247,0.6941720843315125,0.22641673684120178,-0.026757067069411278,0.698912501335144,0.20137974619865417,-0.029427368193864822,0.38653257489204407,0.3827723562717438,1.6069513719685347e-07,0.40228864550590515,0.3459536135196686,0.006669175811111927,0.3970065116882324,0.3068128228187561,0.0076122889295220375,0.3949010372161865,0.28398022055625916,0.00483237998560071,0.39391931891441345,0.26416292786598206,0.0014713939744979143,0.377684623003006,0.2622300684452057,0.007171249482780695,0.36820098757743835,0.21621912717819214,-0.0025541200302541256,0.37126919627189636,0.18067574501037598,-0.01107626873999834,0.3773452341556549,0.15097597241401672,-0.016736378893256187,0.3733004629611969,0.26439276337623596,-0.004046853166073561,0.3628210425376892,0.2140955626964569,-0.012381545267999172,0.3686966001987457,0.17501424252986908,-0.020258869975805283,0.3773098886013031,0.1428961157798767,-0.02583787776529789,0.3701728880405426,0.27038028836250305,-0.01605038158595562,0.35650622844696045,0.22348248958587646,-0.023826109245419502,0.36128830909729004,0.18987061083316803,-0.02935316041111946,0.36928820610046387,0.16387009620666504,-0.03300926461815834,0.3695906698703766,0.2802734076976776,-0.028067201375961304,0.35406237840652466,0.24498547613620758,-0.0346473827958107,0.35592272877693176,0.21983009576797485,-0.037187740206718445,0.3633282780647278,0.1994958221912384,-0.038939788937568665
1100.0000000000002,0.6558335423469543,0.39702892303466797,1.8134215906684403e-07,0.6328214406967163,0.3635457158088684,-0.000789376616012305,0.6280443668365479,0.32429277896881104,-0.002106882631778717,0.6252836585044861,0.29897382855415344,-0.005607990548014641,0.6228311657905579,0.27523568272590637,-0.009179187007248402,0.6486164927482605,0.2712033987045288,0.006010645069181919,0.653540313243866,0.22989557683467865,-0.0011273777345195413,0.6499844789505005,0.20219197869300842,-0.008260289207100868,0.64478999376297,0.178500235080719,-0.013402040116488934,0.6544165015220642,0.2699284851551056,-0.0007501157815568149,0.6638158559799194,0.2217409312725067,-0.007099294103682041,0.6616062521934509,0.18694685399532318,-0.013761111535131931,0.658107340335846,0.15584564208984375,-0.018695447593927383,0.6597675681114197,0.27615123987197876,-0.009068488143384457,0.6721842288970947,0.23002614080905914,-0.015770893543958664,0.6715686321258545,0.19746887683868408,-0.02135893702507019,0.6691588759422302,0.16912908852100372,-0.025473877787590027,0.6637592315673828,0.2890067398548126,-0.01815059781074524,0.6823781132698059,0.2566722631454468,-0.02314683422446251,0.6902883648872375,0.2301626205444336,-0.02582668326795101,0.6961325407028198,0.2056393325328827,-0.028068048879504204,0.3921811878681183,0.39310896396636963,1.808677154713223e-07,0.40848854184150696,0.35752764344215393,0.0072550177574157715,0.4027276933193207,0.31682661175727844,0.009261480532586575,0.4002933204174042,0.29345938563346863,0.0076611763797700405,0.40141838788986206,0.2768026292324066,0.005369605030864477,0.38585782051086426,0.2702881097793579,0.007881321012973785,0.37905800342559814,0.22356587648391724,-0.00016145315021276474,0.3825499415397644,0.189467191696167,-0.007189155090600252,0.3879769444465637,0.16070005297660828,-0.012195738032460213,0.38021451234817505,0.2728240489959717,-0.003129775868728757,0.3720046579837799,0.22199814021587372,-0.010277286171913147,0.3783957064151764,0.18492910265922546,-0.017363814637064934,0.3862033486366272,0.15467403829097748,-0.022664083167910576,0.37621185183525085,0.2799701690673828,-0.014818881638348103,0.365081787109375,0.23362842202186584,-0.021770644932985306,0.3715745508670807,0.19889850914478302,-0.027644993737339973,0.3798324167728424,0.17161329090595245,-0.03187209367752075,0.3746357560157776,0.2908382713794708,-0.02639276161789894,0.3630305230617523,0.25425097346305847,-0.032500121742486954,0.3662223815917969,0.2279418408870697,-0.0354812853038311,0.3735046088695526,0.2062346190214157,-0.03789135441184044
1133.3333333333335,0.6496167778968811,0.3882272243499756,2.0593624583398196e-07,0.6293821334838867,0.363261342048645,-0.004313978832215071,0.6262068748474121,0.3273569345474243,-0.006872972939163446,0.6258739233016968,0.30191275477409363,-0.01056030485779047,0.6242051720619202,0.27747514843940735,-0.014079109765589237,0.6484380960464478,0.27252429723739624,0.0008631602395325899,0.6547884941101074,0.23291954398155212,-0.0060128988698124886,0.6515333652496338,0.20468302071094513,-0.012530041858553886,0.6464518904685974,0.18143609166145325,-0.017085880041122437,0.6549525260925293,0.2705865800380707,-0.0037944393698126078,0.6651411056518555,0.22539947926998138,-0.00985344685614109,0.6627421975135803,0.1906629204750061,-0.01600002311170101,0.6586361527442932,0.1611861139535904,-0.020390143617987633,0.6603639721870422,0.275718629360199,-0.009923813864588737,0.6725233793258667,0.23077571392059326,-0.01616745814681053,0.6699577569961548,0.19904857873916626,-0.02137523517012596,0.6658198833465576,0.1722697615623474,-0.025150921195745468,0.6635602116584778,0.2872737944126129,-0.016997165977954865,0.6813526153564453,0.25574061274528503,-0.02206912636756897,0.6890236139297485,0.22991342842578888,-0.02478652261197567,0.6948922276496887,0.2064240574836731,-0.02680795080959797,0.39795324206352234,0.39616119861602783,1.701464782399853e-07,0.41441962122917175,0.36395588517189026,0.005399896297603846,0.41040655970573425,0.3241846561431885,0.007018049713224173,0.4085395038127899,0.30064019560813904,0.005539716221392155,0.409555047750473,0.2788119912147522,0.0037149894051253796,0.3921568691730499,0.27824637293815613,0.006707518361508846,0.3845078945159912,0.23241281509399414,-0.0017346078529953957,0.38767653703689575,0.19826161861419678,-0.008733908645808697,0.3934706449508667,0.17029879987239838,-0.013373957015573978,0.3869097828865051,0.2796206772327423,-0.003086982760578394,0.37766072154045105,0.22943463921546936,-0.010250281542539597,0.383750855922699,0.19260309636592865,-0.01692875660955906,0.39190882444381714,0.16320428252220154,-0.02167767472565174,0.3832215368747711,0.2860490679740906,-0.013726714998483658,0.37108972668647766,0.24217867851257324,-0.020875871181488037,0.37635061144828796,0.21107231080532074,-0.025619124993681908,0.3838202655315399,0.18704715371131897,-0.02870165929198265,0.3818778693675995,0.2969532608985901,-0.02444523200392723,0.3693296015262604,0.26106905937194824,-0.03079604171216488,0.37267690896987915,0.23649126291275024,-0.033051807433366776,0.3802431523799896,0.21690618991851807,-0.0345386378467083
1166.6666666666667,0.6509467363357544,0.389301061630249,1.5380312845536537e-07,0.6297006011009216,0.3639727234840393,-0.0022622609976679087,0.6265869140625,0.32649150490760803,-0.003616836154833436,0.6262874007225037,0.3007449209690094,-0.006575980689376593,0.6250712871551514,0.2772522568702698,-0.009608287364244461,0.6470910906791687,0.2704620957374573,0.0034188744612038136,0.6532396078109741,0.23109327256679535,-0.0034277376253157854,0.6501629948616028,0.2036939263343811,-0.010299662128090858,0.6452346444129944,0.18067291378974915,-0.01513389591127634,0.6541854739189148,0.2680567502975464,-0.0023118467070162296,0.6635399460792542,0.22270658612251282,-0.008000949397683144,0.6609086394309998,0.1876770555973053,-0.014483384788036346,0.6570571064949036,0.1572691649198532,-0.019313780590891838,0.6601463556289673,0.2726607024669647,-0.00949490163475275,0.6720989346504211,0.22804509103298187,-0.015740055590867996,0.670000433921814,0.1954742670059204,-0.021723568439483643,0.6665542125701904,0.16829541325569153,-0.026072096079587936,0.6640041470527649,0.2831234037876129,-0.017457449808716774,0.6807065010070801,0.2510138750076294,-0.02262112870812416,0.6877868175506592,0.22455787658691406,-0.025856880471110344,0.6929678916931152,0.20091018080711365,-0.02832486294209957,0.4000575542449951,0.3899933993816376,1.801707298909605e-07,0.4159732460975647,0.3600628077983856,0.005618451163172722,0.41176459193229675,0.3202345669269562,0.00809895247220993,0.40959346294403076,0.29768139123916626,0.007448805961757898,0.4107271134853363,0.27836042642593384,0.006440758239477873,0.39341580867767334,0.2752246856689453,0.008124305866658688,0.38748088479042053,0.23121707141399384,0.0007915030000731349,0.3906751871109009,0.19681137800216675,-0.005791233852505684,0.39571696519851685,0.16815929114818573,-0.01045781560242176,0.38846004009246826,0.2765709459781647,-0.0016344221075996757,0.38056960701942444,0.22781428694725037,-0.008120100013911724,0.38673102855682373,0.18975228071212769,-0.015279690735042095,0.3941475450992584,0.15884283185005188,-0.02049943059682846,0.38509809970855713,0.28279975056648254,-0.012148607522249222,0.37399962544441223,0.2375672161579132,-0.019117429852485657,0.38067203760147095,0.20342813432216644,-0.025564750656485558,0.3886895179748535,0.17673839628696442,-0.0299032274633646,0.3839403986930847,0.29365262389183044,-0.022600457072257996,0.37245428562164307,0.2584161162376404,-0.029125602915883064,0.376285195350647,0.2333577573299408,-0.032536040991544724,0.38395601511001587,0.2129923701286316,-0.034924812614917755
1200.0,0.659945011138916,0.36565274000167847,2.009000468206068e-07,0.6358148455619812,0.342987984418869,-0.0028039615135639906,0.6290026903152466,0.30616462230682373,-0.003913683816790581,0.627931535243988,0.2784428298473358,-0.006588946562260389,0.6254754066467285,0.25281691551208496,-0.008910962380468845,0.646893322467804,0.24649107456207275,0.006175299175083637,0.6510359644889832,0.2039482444524765,0.0006517896545119584,0.6465755701065063,0.1756603866815567,-0.005602769088000059,0.6406431794166565,0.15201452374458313,-0.009913425892591476,0.6533786654472351,0.24368363618850708,0.001312226988375187,0.6610549688339233,0.19709888100624084,-0.0028022860642522573,0.6563414335250854,0.16358141601085663,-0.008112628012895584,0.6504219770431519,0.1352466493844986,-0.011970121413469315,0.6589555144309998,0.24646039307117462,-0.005231346003711224,0.6694467067718506,0.19964870810508728,-0.009602491743862629,0.6668790578842163,0.16714271903038025,-0.01397941168397665,0.662141740322113,0.13935942947864532,-0.01730460673570633,0.6627537608146667,0.2546803951263428,-0.012765760533511639,0.6782681345939636,0.22069066762924194,-0.015811746940016747,0.6853113174438477,0.19408485293388367,-0.017234748229384422,0.6898218989372253,0.16945645213127136,-0.018475402146577835,0.39659714698791504,0.3629239797592163,2.2277097855294414e-07,0.4130293130874634,0.3281647861003876,0.0056668613106012344,0.40899062156677246,0.2913384735584259,0.00867152027785778,0.4068925976753235,0.2699965536594391,0.00807857047766447,0.40536028146743774,0.248066246509552,0.0074917771853506565,0.3886803984642029,0.243139386177063,0.016317974776029587,0.38135918974876404,0.2024790644645691,0.009491918608546257,0.38481736183166504,0.1681276559829712,0.0016592382453382015,0.39029717445373535,0.1388651579618454,-0.003321635304018855,0.3838803470134735,0.24215659499168396,0.007059095427393913,0.3755228519439697,0.19778943061828613,0.0015976527938619256,0.382252961397171,0.16064640879631042,-0.005905551835894585,0.3912929892539978,0.1294049173593521,-0.010862612165510654,0.3799373507499695,0.2449752390384674,-0.0036533274687826633,0.3704273998737335,0.20085546374320984,-0.00982731580734253,0.37727317214012146,0.1648014783859253,-0.016089770942926407,0.3862561285495758,0.13652175664901733,-0.01944839209318161,0.3777187764644623,0.25231561064720154,-0.014538033865392208,0.3657158613204956,0.21435829997062683,-0.019032560288906097,0.368904173374176,0.18649303913116455,-0.020849037915468216,0.37657982110977173,0.16413110494613647,-0.021539784967899323
1233.3333333333333,0.6592029929161072,0.3679952025413513,1.5919103191208706e-07,0.6358329057693481,0.34460631012916565,-0.0012282514944672585,0.62980717420578,0.3076842725276947,-0.0027081668376922607,0.6285614371299744,0.28176966309547424,-0.0063982559368014336,0.6251896619796753,0.2563849985599518,-0.010160944424569607,0.6457539796829224,0.249015212059021,0.0074650379829108715,0.65118408203125,0.20730599761009216,0.0010532326996326447,0.6459591388702393,0.17966698110103607,-0.006215933244675398,0.6385964751243591,0.15772494673728943,-0.011279676109552383,0.6525992751121521,0.24641090631484985,0.0011553954100236297,0.6612244248390198,0.19891470670700073,-0.003786795772612095,0.6558660864830017,0.16622023284435272,-0.010255802422761917,0.6486936807632446,0.13849946856498718,-0.01497580949217081,0.6586918234825134,0.24900014698505402,-0.006801023613661528,0.6701310873031616,0.19999092817306519,-0.01163469161838293,0.667862057685852,0.16649304330348969,-0.016532110050320625,0.6633968949317932,0.13830041885375977,-0.020338188856840134,0.6627773642539978,0.25692445039749146,-0.015672652050852776,0.6782694458961487,0.22094614803791046,-0.019317438825964928,0.6847100853919983,0.19326823949813843,-0.021153608337044716,0.688905656337738,0.16844308376312256,-0.022763513028621674,0.39716553688049316,0.3594280481338501,1.593156753187941e-07,0.4128192663192749,0.3276914060115814,0.0032077704090625048,0.4094480872154236,0.2898241877555847,0.004489291459321976,0.4069140553474426,0.2672559320926666,0.002800787566229701,0.4059215188026428,0.24580006301403046,0.0010269680060446262,0.38968873023986816,0.24247729778289795,0.01004014816135168,0.3814965784549713,0.20005926489830017,0.0016236412338912487,0.384725958108902,0.16594891250133514,-0.006681318860501051,0.39053821563720703,0.13749480247497559,-0.012073121033608913,0.3850836157798767,0.24191522598266602,0.0016543251695111394,0.37616226077079773,0.19611668586730957,-0.0052535152062773705,0.38235482573509216,0.1588093638420105,-0.01270544808357954,0.39068087935447693,0.12740017473697662,-0.017740773037075996,0.3812545835971832,0.24541927874088287,-0.0082009918987751,0.370149701833725,0.2001889944076538,-0.015323127619922161,0.37582162022590637,0.16519814729690552,-0.021203069016337395,0.38378238677978516,0.13715395331382751,-0.02463410422205925,0.37857842445373535,0.2536369860172272,-0.01838199980556965,0.36553338170051575,0.21830151975154877,-0.024280337616801262,0.36729487776756287,0.19148209691047668,-0.026856502518057823,0.3730300962924957,0.1687864065170288,-0.028290806338191032
1266.6666666666665,0.6732183694839478,0.3402828574180603,2.502030440609815e-07,0.6475451588630676,0.322225421667099,-0.006447720341384411,0.6371563673019409,0.2855723798274994,-0.009239725768566132,0.6340604424476624,0.2541106045246124,-0.012879821471869946,0.629636824131012,0.22525909543037415,-0.01616760529577732,0.6501227021217346,0.2214079052209854,0.002813137136399746,0.6555930972099304,0.17887090146541595,-0.004262457136064768,0.6551017761230469,0.14743563532829285,-0.01222416665405035,0.6540199518203735,0.12003584206104279,-0.01807217113673687,0.6568225026130676,0.21567195653915405,-0.0007835032301954925,0.6633281111717224,0.17101100087165833,-0.006299259141087532,0.6612256169319153,0.1371230185031891,-0.012821738608181477,0.6585959196090698,0.10705940425395966,-0.017714528366923332,0.6633657217025757,0.21580517292022705,-0.006324789486825466,0.6715043187141418,0.17105397582054138,-0.012069680728018284,0.6709340214729309,0.13920922577381134,-0.01675642654299736,0.6687293648719788,0.11154034733772278,-0.02027107961475849,0.6699245572090149,0.222205251455307,-0.013187010772526264,0.6825373768806458,0.186211496591568,-0.017582599073648453,0.6896358728408813,0.15918053686618805,-0.019253995269536972,0.6944311857223511,0.13535325229167938,-0.020562971010804176,0.3902917206287384,0.3321469724178314,2.4693832756383927e-07,0.40528956055641174,0.2900457978248596,0.005634319968521595,0.40074023604393005,0.2531273066997528,0.007521911058574915,0.3982599675655365,0.22962798178195953,0.005567857529968023,0.3969790041446686,0.2070358842611313,0.0034904759377241135,0.38265660405158997,0.2133851796388626,0.01550819631665945,0.37448447942733765,0.171282097697258,0.006718864198774099,0.3773205578327179,0.1340341717004776,-0.0028249307069927454,0.38301536440849304,0.10282012820243835,-0.008826365694403648,0.3779158890247345,0.2112303078174591,0.005887539591640234,0.36850666999816895,0.16599732637405396,-0.0007817363948561251,0.37403178215026855,0.12634530663490295,-0.009325974620878696,0.3827057182788849,0.09345072507858276,-0.015091259963810444,0.3733459711074829,0.21317856013774872,-0.005223601590842009,0.3638707995414734,0.16877108812332153,-0.012050759047269821,0.36934077739715576,0.13067571818828583,-0.01858036406338215,0.37752971053123474,0.10100536048412323,-0.02227620966732502,0.3693910241127014,0.22148722410202026,-0.01650245115160942,0.3573159873485565,0.1851659119129181,-0.021457413211464882,0.35887935757637024,0.15740634500980377,-0.023277772590517998,0.36439067125320435,0.13493219017982483,-0.023976681753993034
1299.9999999999998,0.6692666411399841,0.28950339555740356,1.0599590183346663e-07,0.6481713652610779,0.2663109302520752,-0.002267251256853342,0.6408538222312927,0.22760821878910065,-0.003870986867696047,0.6389905214309692,0.19883666932582855,-0.007482944522053003,0.6362093091011047,0.17281192541122437,-0.011016769334673882,0.6585263013839722,0.16568514704704285,0.006213536951690912,0.6625380516052246,0.1228552907705307,0.0007982497336342931,0.6616626977920532,0.09450208395719528,-0.0055078486911952496,0.6601068377494812,0.0713387206196785,-0.010251187719404697,0.6672656536102295,0.16075244545936584,0.0005255608120933175,0.6735610961914062,0.11219660937786102,-0.004215420689433813,0.6719885468482971,0.07961221784353256,-0.010263245552778244,0.6692837476730347,0.05357864499092102,-0.014778557233512402,0.6760280132293701,0.16247393190860748,-0.006791966501623392,0.6837499737739563,0.11442765593528748,-0.011536449193954468,0.6827980875968933,0.08340571820735931,-0.01638168655335903,0.6803906559944153,0.05918693542480469,-0.020032262429594994,0.6840565204620361,0.17036345601081848,-0.015014397911727428,0.6971050500869751,0.13272859156131744,-0.018468305468559265,0.7038163542747498,0.10500204563140869,-0.020502006635069847,0.7083842754364014,0.08173521608114243,-0.02221164107322693,0.3704143762588501,0.30335450172424316,2.168872157426449e-07,0.3856084644794464,0.2593100070953369,-0.00032632643706165254,0.3870100677013397,0.21475449204444885,0.0008400192600674927,0.3864874243736267,0.18335403501987457,7.453617581631988e-05,0.3839569389820099,0.15452250838279724,-0.00048266793601214886,0.37362825870513916,0.1846463680267334,0.009663838893175125,0.3668707609176636,0.13847339153289795,0.0021377315279096365,0.36532798409461975,0.10189571976661682,-0.006446775980293751,0.3652823567390442,0.07036206126213074,-0.012178967706859112,0.3678131103515625,0.1811266839504242,0.004470845218747854,0.3606913685798645,0.13499556481838226,-0.0010628418531268835,0.36024209856987,0.0974280834197998,-0.00909095723181963,0.36195269227027893,0.06369689106941223,-0.014743616804480553,0.3613351285457611,0.18110813200473785,-0.002185366116464138,0.35564059019088745,0.13827991485595703,-0.00749060558155179,0.35470375418663025,0.10310669243335724,-0.0123422397300601,0.3550601005554199,0.07352873682975769,-0.015278849750757217,0.3550308048725128,0.18638399243354797,-0.009538243524730206,0.34735676646232605,0.1513877511024475,-0.013320031575858593,0.3440757095813751,0.12582334876060486,-0.01412699930369854,0.34231168031692505,0.1037655621767044,-0.014209176413714886
1333.333333333333,0.6875733137130737,0.2531278729438782,2.435332362438203e-07,0.6598780751228333,0.22157685458660126,-0.0002090927737299353,0.6513761281967163,0.18078431487083435,-0.0012213096488267183,0.6491483449935913,0.1500258594751358,-0.004377359990030527,0.6480043530464172,0.12310671806335449,-0.007697700522840023,0.6719323396682739,0.12483179569244385,0.008122310042381287,0.6772170066833496,0.0807485431432724,0.0016736009856685996,0.6797472238540649,0.048190146684646606,-0.006348703056573868,0.6828485131263733,0.020076751708984375,-0.012295279651880264,0.6805834770202637,0.12052411586046219,0.0015436866087839007,0.6882433295249939,0.07468000054359436,-0.0030499689746648073,0.6901534795761108,0.03939536213874817,-0.00987644586712122,0.6925340890884399,0.008829236030578613,-0.015175741165876389,0.6887235045433044,0.12101882696151733,-0.006480457726866007,0.6993131637573242,0.0769861713051796,-0.010953118093311787,0.7026783227920532,0.04295708239078522,-0.015316447243094444,0.705288827419281,0.013806194067001343,-0.01889720745384693,0.6963462233543396,0.12846414744853973,-0.0153671158477664,0.709830641746521,0.09108216315507889,-0.01886557601392269,0.7178130149841309,0.0628080889582634,-0.019808227196335793,0.724322497844696,0.03687410056591034,-0.020675936713814735,0.36133837699890137,0.21844424307346344,1.380860652488991e-07,0.3783547282218933,0.18764011561870575,-0.001631080056540668,0.37577205896377563,0.14527423679828644,-0.0018688676645979285,0.37239089608192444,0.11610688269138336,-0.0039647226221859455,0.36994168162345886,0.09188538789749146,-0.005892434157431126,0.35773804783821106,0.09515032917261124,0.005259976256638765,0.3486808240413666,0.04830079525709152,-0.003812349634245038,0.3500814437866211,0.015217699110507965,-0.012465341947972775,0.35440659523010254,-0.011525481939315796,-0.018324237316846848,0.35122931003570557,0.09457368403673172,-0.0003938213631045073,0.3424132466316223,0.04558908939361572,-0.007835441268980503,0.34634870290756226,0.010676681995391846,-0.015510225668549538,0.35329893231391907,-0.018760114908218384,-0.020863035693764687,0.3456822335720062,0.09870579838752747,-0.007651627063751221,0.336293488740921,0.052139848470687866,-0.015196772292256355,0.34005019068717957,0.02016296237707138,-0.020014552399516106,0.3459392189979553,-0.005745336413383484,-0.02274826169013977,0.3409103751182556,0.10925339162349701,-0.01560165174305439,0.329304575920105,0.07137565314769745,-0.022234385833144188,0.32913142442703247,0.045108020305633545,-0.02444794587790966,0.33231428265571594,0.02387309819459915,-0.025426335632801056
1366.6666666666663,0.7008191347122192,0.18038778007030487,1.41704674661014e-07,0.6772247552871704,0.155714750289917,-0.007308814208954573,0.666700541973114,0.11412260681390762,-0.011086221784353256,0.6647160053253174,0.08205738663673401,-0.015346618369221687,0.6652423739433289,0.05821956694126129,-0.019158346578478813,0.6935805082321167,0.05435166507959366,-0.0007432569400407374,0.7058989405632019,0.010480601340532303,-0.009420977905392647,0.7130195498466492,-0.01816171407699585,-0.018045611679553986,0.7182254791259766,-0.04184042662382126,-0.024262133985757828,0.7016516327857971,0.04971565306186676,-0.0038950415328145027,0.714535653591156,0.003264486789703369,-0.010557104833424091,0.7198235392570496,-0.025704309344291687,-0.016530048102140427,0.7241060733795166,-0.050968416035175323,-0.021015945822000504,0.7085444331169128,0.05082444101572037,-0.009045425802469254,0.7215558886528015,0.007643215358257294,-0.014012973755598068,0.725737988948822,-0.018689841032028198,-0.015311796218156815,0.7290957570075989,-0.042630307376384735,-0.016510464251041412,0.7148709893226624,0.05857403203845024,-0.0158065278083086,0.7260003685951233,0.020921651273965836,-0.018814723938703537,0.7313917875289917,-0.0026852041482925415,-0.018186818808317184,0.7354696989059448,-0.0231330469250679,-0.017796017229557037,0.33920180797576904,0.18665054440498352,1.694843660970946e-07,0.3485356569290161,0.1710185408592224,-0.01530064269900322,0.3507198095321655,0.1488294005393982,-0.025846613571047783,0.3481687903404236,0.12724673748016357,-0.034931689500808716,0.34218788146972656,0.10589692741632462,-0.04310045763850212,0.35551267862319946,0.07941695302724838,-0.015807852149009705,0.3441694378852844,0.03441063314676285,-0.027906712144613266,0.33274319767951965,-0.0003445073962211609,-0.03796248883008957,0.3232181668281555,-0.028338275849819183,-0.04512661322951317,0.3499422073364258,0.06922748684883118,-0.01557929627597332,0.3375062644481659,0.022937916219234467,-0.026696015149354935,0.32954755425453186,-0.009684756398200989,-0.034877121448516846,0.3232116997241974,-0.038840390741825104,-0.04060230031609535,0.34120479226112366,0.0644020140171051,-0.016993556171655655,0.3294767141342163,0.021277226507663727,-0.02629188820719719,0.32226768136024475,-0.01020638644695282,-0.03070165403187275,0.3159859776496887,-0.03842460364103317,-0.033352870494127274,0.33066415786743164,0.06543655693531036,-0.02001272328197956,0.319142609834671,0.02806406468153,-0.02704470418393612,0.31257712841033936,0.0022610649466514587,-0.02905511111021042,0.3077014982700348,-0.02086595445871353,-0.029817145317792892
1399.9999999999995,0.31007111072540283,0.1210651770234108,6.431926635741547e-08,0.33975347876548767,0.08835700899362564,0.00017667451174929738,0.3489013612270355,0.038971394300460815,0.0026468238793313503,0.3485510051250458,0.004646304063498974,0.0024265660904347897,0.3470512628555298,-0.020706476643681526,0.0026035199407488108,0.3298420310020447,-0.016371820122003555,0.016525061801075935,0.33285510540008545,-0.06364626437425613,0.011812029406428337,0.3368152976036072,-0.09342608600854874,0.0045102620497345924,0.3392654061317444,-0.11730445176362991,-0.0009885719045996666,0.3222619891166687,-0.018166720867156982,0.010795969516038895,0.32612499594688416,-0.06812646985054016,0.00684559578076005,0.3304889500141144,-0.0986238569021225,-0.0003219694772269577,0.3328115940093994,-0.12452153116464615,-0.005469071678817272,0.3147619664669037,-0.0158710777759552,0.002953713061287999,0.3179053068161011,-0.06169545650482178,-0.0010128814028576016,0.32376447319984436,-0.08898565918207169,-0.003876545699313283,0.32728517055511475,-0.11142037063837051,-0.005650538019835949,0.30800697207450867,-0.00893551018089056,-0.005889339838176966,0.3101586401462555,-0.047826431691646576,-0.008402053266763687,0.3138870894908905,-0.07225784659385681,-0.007920079864561558,0.3162958323955536,-0.09174458682537079,-0.007345551624894142
1433.3333333333328,0.3129022717475891,0.11599934101104736,7.17635799674099e-08,0.340792179107666,0.08587533235549927,0.002013319404795766,0.3482341170310974,0.037239156663417816,0.006424577906727791,0.3493625819683075,0.0024259528145194054,0.008013657294213772,0.35031163692474365,-0.021923022344708443,0.009961957111954689,0.33025121688842773,-0.012755567207932472,0.020442411303520203,0.33207929134368896,-0.05787600204348564,0.01788165606558323,0.33606481552124023,-0.08651992678642273,0.012158537283539772,0.33857715129852295,-0.1089441180229187,0.0077953520230948925,0.32247394323349,-0.015567982569336891,0.014922615140676498,0.3245907425880432,-0.06362573802471161,0.013216922990977764,0.32823413610458374,-0.09283609688282013,0.007273951545357704,0.33004680275917053,-0.11617107689380646,0.0030938948038965464,0.31436076760292053,-0.014588722959160805,0.007450452074408531,0.3157830238342285,-0.05890757218003273,0.00555258197709918,0.32066264748573303,-0.08538682758808136,0.003714188700541854,0.3233296871185303,-0.10647496581077576,0.0025876699946820736,0.3062766194343567,-0.009047916159033775,-0.0008948802715167403,0.3073723018169403,-0.04739290103316307,-0.0017320273909717798,0.3104689121246338,-0.0706201046705246,-0.0003274979826528579,0.3124549686908722,-0.08908103406429291,0.0009279224323108792
1466.666666666666,0.7604891061782837,0.09049328416585922,-8.546247443064203e-08,0.7300516366958618,0.06505700945854187,0.002353750169277191,0.7126561403274536,0.02677110582590103,0.0027681749779731035,0.7079283595085144,-0.003507955465465784,0.00060728017706424,0.7093318700790405,-0.021891068667173386,-0.001103293732739985,0.7250345945358276,-0.01904800906777382,0.010496209375560284,0.7192094326019287,-0.05897442251443863,0.007587831001728773,0.7143005728721619,-0.06930691748857498,0.0032860548235476017,0.7124220728874207,-0.07422733306884766,0.00013083912199363112,0.7370244860649109,-0.023880591616034508,0.005526016931980848,0.7293663620948792,-0.06201116740703583,0.0034759235568344593,0.7260646224021912,-0.0655396357178688,-0.0002765913959592581,0.726893961429596,-0.06299838423728943,-0.002930152229964733,0.7507537007331848,-0.024271858856081963,-0.00025521445786580443,0.7438912987709045,-0.06094108521938324,-0.002353581367060542,0.7405155301094055,-0.06361319124698639,-0.001876329188235104,0.7408171892166138,-0.059991538524627686,-0.0014185031177476048,0.7646492123603821,-0.021209072321653366,-0.006320127751678228,0.7597028613090515,-0.053646814078092575,-0.005910171195864677,0.7578014135360718,-0.056964147835969925,-0.0020911924075335264,0.7581207156181335,-0.053245462477207184,0.0008993654046207666,0.3007712960243225,0.10655646026134491,1.0892709667587042e-07,0.3291945159435272,0.08542086184024811,-0.00365997152402997,0.3412761390209198,0.04430798441171646,-0.0030272221192717552,0.3424750566482544,0.011416088789701462,-0.003599603660404682,0.34201428294181824,-0.01542644202709198,-0.003545203944668174,0.325447678565979,-0.013798056170344353,0.010241388343274593,0.3297034502029419,-0.05641976371407509,0.005791860166937113,0.3344288766384125,-0.08451604843139648,-0.0005372184095904231,0.33781322836875916,-0.10623650252819061,-0.0051160892471671104,0.3170405626296997,-0.018043022602796555,0.007590917870402336,0.3209185004234314,-0.06267695128917694,0.00426001800224185,0.3248516917228699,-0.08946813642978668,-0.0015993082197383046,0.32695335149765015,-0.1119847297668457,-0.005685084033757448,0.3082978129386902,-0.01858643628656864,0.0031327218748629093,0.3111474812030792,-0.05845531448721886,5.525789310922846e-05,0.3156189024448395,-0.08262023329734802,-0.0012359966058284044,0.3181888163089752,-0.10259212553501129,-0.0018660322530195117,0.2994454801082611,-0.014570159837603569,-0.0024856049567461014,0.30121999979019165,-0.049407634884119034,-0.004226155113428831,0.3045181930065155,-0.07122296094894409,-0.0028909966349601746,0.30685746669769287,-0.08857454359531403,-0.0014547549653798342
1499.9999999999993
1533.3333333333326
1566.6666666666658,0.2911488115787506,0.06957925856113434,2.3282177608052734e-07,0.2791821360588074,0.08245572447776794,-0.04235169664025307,0.2653346657752991,0.08474083244800568,-0.07521989941596985,0.2538750171661377,0.1054377406835556,-0.10288722068071365,0.2421187311410904,0.12808462977409363,-0.1315736174583435,0.2855236828327179,0.0006398856639862061,-0.06733018159866333,0.28965914249420166,-0.03689519688487053,-0.09413551539182663,0.2905465364456177,-0.06701245903968811,-0.1136205866932869,0.2890758514404297,-0.09247076511383057,-0.12732867896556854,0.30487775802612305,-0.015794314444065094,-0.05884164199233055,0.310042142868042,-0.06264166533946991,-0.08122531324625015,0.3103920817375183,-0.0915428102016449,-0.09456650167703629,0.30744367837905884,-0.11666528880596161,-0.10553358495235443,0.32051679491996765,-0.022901035845279694,-0.05223558843135834,0.3289470970630646,-0.06440368294715881,-0.06930486112833023,0.32785776257514954,-0.09176692366600037,-0.07549740374088287,0.32537564635276794,-0.11869516968727112,-0.08067072182893753,0.33209332823753357,-0.022545428946614265,-0.04915086179971695,0.34079641103744507,-0.05862666666507721,-0.05975169688463211,0.34251296520233154,-0.07962968945503235,-0.06166701391339302,0.3423769474029541,-0.09970228374004364,-0.06412092596292496
1599.999999999999
1633.3333333333323,0.30027803778648376,0.05654861778020859,1.6750522036090842e-07,0.2878243029117584,0.07073924690485,-0.039342693984508514,0.27350449562072754,0.0761914923787117,-0.07149945944547653,0.2610597610473633,0.10105304419994354,-0.0989452674984932,0.2500578463077545,0.12598906457424164,-0.12765417993068695,0.2989143133163452,0.004654770717024803,-0.06880632042884827,0.30292901396751404,-0.032295890152454376,-0.09622770547866821,0.30164724588394165,-0.05623411759734154,-0.11528052389621735,0.29767850041389465,-0.0769520103931427,-0.1282780021429062,0.31480875611305237,-0.013695674017071724,-0.06127876788377762,0.3195197880268097,-0.05867734178900719,-0.08512698858976364,0.3148583769798279,-0.08237697929143906,-0.09803186357021332,0.307119220495224,-0.10410450398921967,-0.1083194687962532,0.32719534635543823,-0.024942025542259216,-0.05513172224164009,0.33338505029678345,-0.06622814387083054,-0.07243045419454575,0.3274426758289337,-0.09016278386116028,-0.07756190001964569,0.3206932544708252,-0.11390437185764313,-0.08179045468568802,0.33492574095726013,-0.030690619722008705,-0.05215241387486458,0.34124964475631714,-0.06597881019115448,-0.061658091843128204,0.33986896276474,-0.08505946397781372,-0.06252502650022507,0.3369295001029968,-0.10346826910972595,-0.06436245143413544
1666.6666666666656
1699.9999999999989
1733.3333333333321
1766.6666666666654,0.6794080138206482,0.09029795229434967,-1.3880723770398617e-07,0.6442575454711914,0.09757393598556519,-0.0062925429083406925,0.6123142838478088,0.06376652419567108,-0.0071130553260445595,0.5940030813217163,0.03264918550848961,-0.008132399059832096,0.5805619359016418,0.012249097228050232,-0.00862064678221941,0.6085898280143738,-0.0013551637530326843,0.0017804111121222377,0.5812974572181702,-0.035324547439813614,-0.0058228312991559505,0.5602490305900574,-0.04937497153878212,-0.013566200621426105,0.5448055267333984,-0.0585259348154068,-0.019072413444519043,0.6163086295127869,-0.01623997837305069,-0.0006666250992566347,0.5878766179084778,-0.05217674374580383,-0.006908338516950607,0.5653698444366455,-0.06713152676820755,-0.013182995840907097,0.5480002760887146,-0.07856244593858719,-0.01784842647612095,0.6237325668334961,-0.022371258586645126,-0.005086313933134079,0.5951694846153259,-0.05713455379009247,-0.013153469190001488,0.57323157787323,-0.0701453685760498,-0.016836222261190414,0.5560295581817627,-0.08084993064403534,-0.01887962594628334,0.6290123462677002,-0.02109133079648018,-0.010477743111550808,0.6043916940689087,-0.052405234426259995,-0.017820173874497414,0.5862780809402466,-0.06722763180732727,-0.019755113869905472,0.5711779594421387,-0.07764559239149094,-0.02058424800634384
1799.9999999999986,0.6856646537780762,0.09814739227294922,-8.268525419907746e-08,0.6466858386993408,0.09657357633113861,-0.002904152497649193,0.6168927550315857,0.06308073550462723,-0.0003771472256630659,0.5989218950271606,0.03262816369533539,0.001604825840331614,0.5856142640113831,0.012024963274598122,0.00464728893712163,0.6188711524009705,0.011041427031159401,0.008606011979281902,0.5917606949806213,-0.019550438970327377,0.0041169701144099236,0.5708644986152649,-0.03403377905488014,-0.0016558507923036814,0.5545574426651001,-0.04334507882595062,-0.005735543090850115,0.6252122521400452,0.0006070034578442574,0.006323353387415409,0.5981971025466919,-0.03205597400665283,0.0026977488305419683,0.5780797004699707,-0.04476034641265869,-0.001997247338294983,0.5619011521339417,-0.055396366864442825,-0.005170799326151609,0.6297453045845032,-0.0027725109830498695,0.0023130211047828197,0.6035359501838684,-0.03233139216899872,-0.002698540221899748,0.5836924910545349,-0.04488006979227066,-0.0049288892187178135,0.5672442317008972,-0.05748661234974861,-0.00596623495221138,0.6317141056060791,0.00018692202866077423,-0.002500087022781372,0.6076220870018005,-0.025310195982456207,-0.006688266061246395,0.5900581479072571,-0.037184037268161774,-0.006940660998225212,0.5749337077140808,-0.04682910814881325,-0.006611467804759741
1833.333333333332,0.6812266111373901,0.09785173833370209,-2.5553086757668098e-08,0.6443767547607422,0.09331710636615753,-0.0008413261384703219,0.6156662106513977,0.05957619845867157,0.0025103806983679533,0.597907543182373,0.02927629090845585,0.004545784089714289,0.5839934945106506,0.008465280756354332,0.007443873677402735,0.6228389143943787,0.009589370340108871,0.01203143410384655,0.598744809627533,-0.019443858414888382,0.008311682380735874,0.5807802677154541,-0.03600246086716652,0.0028965238016098738,0.5666136741638184,-0.04844476655125618,-0.0011140386341139674,0.6280537247657776,0.00011395663022994995,0.0086945416405797,0.6037158370018005,-0.029817402362823486,0.005485245026648045,0.5855124592781067,-0.043953727930784225,0.0003987891832366586,0.5703673362731934,-0.05642372742295265,-0.0029947306029498577,0.6316400170326233,-0.0031640231609344482,0.0037926321383565664,0.6086462736129761,-0.03012651577591896,-0.0006990860565565526,0.5907651782035828,-0.04343632236123085,-0.0026689714286476374,0.5750051140785217,-0.05642356351017952,-0.0034756429959088564,0.6332874894142151,-9.582377970218658e-05,-0.0018394168000668287,0.6122267842292786,-0.024678662419319153,-0.005032132845371962,0.5970849990844727,-0.036787573248147964,-0.004434914328157902,0.5830150842666626,-0.04670922830700874,-0.003536596894264221
1866.6666666666652,0.6857519149780273,0.09866843372583389,-8.074378854416864e-08,0.6501068472862244,0.09694907814264297,-0.0025296059902757406,0.6207883954048157,0.06401661783456802,-0.00029393346630968153,0.6029329299926758,0.03426910936832428,0.001406458904966712,0.5908142924308777,0.013698866590857506,0.004269524943083525,0.6346829533576965,0.012312239035964012,0.007121112663298845,0.6101903915405273,-0.014839936047792435,0.003262001322582364,0.5916905999183655,-0.02739563211798668,-0.0018283725949004292,0.577782392501831,-0.03547746688127518,-0.005395915359258652,0.6399362087249756,0.003636261448264122,0.005167149007320404,0.6151791214942932,-0.024413373321294785,0.0022691632620990276,0.5964351296424866,-0.0352008193731308,-0.0020984946750104427,0.5818548202514648,-0.043867431581020355,-0.005089618265628815,0.6426457166671753,0.0008513405919075012,0.0018939741421490908,0.6181241869926453,-0.024805717170238495,-0.0023474881891161203,0.5996883511543274,-0.035128310322761536,-0.004060809034854174,0.5846758484840393,-0.045400768518447876,-0.004728701431304216,0.6420502066612244,0.0045951902866363525,-0.002022138796746731,0.6192137598991394,-0.01857377216219902,-0.005092123989015818,0.6038720607757568,-0.02871028706431389,-0.00436560669913888,0.5910325050354004,-0.03715439885854721,-0.0033351012971252203
1899.9999999999984,0.6918498277664185,0.09933538734912872,-4.058976443843676e-08,0.6562929749488831,0.10113672912120819,-0.006399733480066061,0.6270228624343872,0.06794670224189758,-0.0053689866326749325,0.6087297797203064,0.03556513041257858,-0.0036893109790980816,0.5935837626457214,0.013258414342999458,-0.0007636197842657566,0.6418498754501343,0.018219035118818283,0.0032637729309499264,0.6191494464874268,-0.010298848152160645,0.00037528612301684916,0.6031870245933533,-0.02503686025738716,-0.003909482154995203,0.5903993248939514,-0.03654264286160469,-0.0070322128012776375,0.6501396894454956,0.0077448878437280655,0.0037948666140437126,0.6273134350776672,-0.02223195880651474,0.0017878500511869788,0.6106878519058228,-0.03576992079615593,-0.001942980568856001,0.5972958207130432,-0.04767334833741188,-0.004601050168275833,0.6550323963165283,0.003986869007349014,0.002921975450590253,0.6324775218963623,-0.024604983627796173,-0.0011967485770583153,0.6158542633056641,-0.03870810940861702,-0.003185876877978444,0.6019763946533203,-0.05250971391797066,-0.003917337395250797,0.6562702059745789,0.005730347707867622,0.0012771985493600368,0.6363115906715393,-0.02229319140315056,-0.0022290577180683613,0.6217896342277527,-0.03688426688313484,-0.002135496586561203,0.6094836592674255,-0.049430277198553085,-0.0014051501639187336
1933.3333333333317,0.6963901519775391,0.10955090820789337,-4.98758154776624e-08,0.6643200516700745,0.10692647844552994,-0.005833596456795931,0.6373876333236694,0.07138624787330627,-0.004524567164480686,0.6206604242324829,0.03781326487660408,-0.002931030001491308,0.6042859554290771,0.015405194833874702,-0.0001920843933476135,0.650693416595459,0.02796420454978943,0.004934706725180149,0.6300283074378967,-0.0024463199079036713,0.0007229005568660796,0.6128827333450317,-0.01768793910741806,-0.004779247101396322,0.5986003875732422,-0.02851833403110504,-0.008541041985154152,0.6597627997398376,0.01643499732017517,0.004791288170963526,0.6398431658744812,-0.016014155000448227,0.002246702555567026,0.6225975751876831,-0.03103649616241455,-0.0021789532620459795,0.6079838275909424,-0.0436067059636116,-0.005311311688274145,0.6658479571342468,0.011137153953313828,0.0030955616384744644,0.6461202502250671,-0.019908186048269272,-0.001138474908657372,0.6291896104812622,-0.035079702734947205,-0.0028786242473870516,0.6143791675567627,-0.04857143014669418,-0.0034034831915050745,0.6688766479492188,0.010999845340847969,0.0005054555367678404,0.6511202454566956,-0.018704760819673538,-0.003078882349655032,0.6360854506492615,-0.03492234647274017,-0.002778091235086322,0.6224205493927002,-0.04788701981306076,-0.0018473410746082664
1966.666666666665
1999.9999999999982,0.7481193542480469,0.28033801913261414,-2.617801158066868e-07,0.704010546207428,0.2575624883174896,-0.0057871476747095585,0.6739014983177185,0.2130296528339386,-0.012069512158632278,0.661155104637146,0.1679832488298416,-0.021133476868271828,0.6565519571304321,0.12739543616771698,-0.028315290808677673,0.6749150156974792,0.13976678252220154,0.0030473105143755674,0.6471338272094727,0.0835091769695282,-0.014904020354151726,0.6437796950340271,0.08761970698833466,-0.028707563877105713,0.6481452584266663,0.1052093505859375,-0.034758444875478745,0.696853756904602,0.1255587935447693,-0.0026933574117720127,0.6711986064910889,0.06469400972127914,-0.017728488892316818,0.665339469909668,0.07080575823783875,-0.02752820774912834,0.6654462218284607,0.09243684262037277,-0.030942510813474655,0.7199891805648804,0.12073209136724472,-0.011138851754367352,0.7003695964813232,0.06407229602336884,-0.02258242852985859,0.6900666356086731,0.06709349155426025,-0.024797838181257248,0.6846314668655396,0.08334101736545563,-0.023228513076901436,0.7446412444114685,0.12352310121059418,-0.020782463252544403,0.7321162819862366,0.0724463164806366,-0.026702556759119034,0.7188680171966553,0.05355007201433182,-0.026074279099702835,0.7072123885154724,0.04853830486536026,-0.02344409003853798
2033.3333333333314,0.7479857206344604,0.27857285737991333,-1.9431803366387612e-07,0.703799307346344,0.25508207082748413,-0.0032413846347481012,0.6725752949714661,0.21171769499778748,-0.008579888381063938,0.6594946980476379,0.1677631288766861,-0.016632134094834328,0.6533928513526917,0.1297161877155304,-0.0229002945125103,0.6743910312652588,0.1433369517326355,0.0013431278057396412,0.6467693448066711,0.08837272226810455,-0.014993743039667606,0.6428930163383484,0.09474709630012512,-0.026291009038686752,0.6460463404655457,0.11373040825128555,-0.030463267117738724,0.6964253187179565,0.1295880377292633,-0.004715155344456434,0.669869065284729,0.0706925243139267,-0.018468184396624565,0.6631377935409546,0.07618448138237,-0.026422234252095222,0.6629177927970886,0.0961245596408844,-0.028676679357886314,0.719696581363678,0.12519851326942444,-0.012844223529100418,0.6994470357894897,0.06973796337842941,-0.02338160015642643,0.6889632344245911,0.07269846647977829,-0.02465157024562359,0.6831591129302979,0.08764369040727615,-0.022627761587500572,0.7445933818817139,0.12815310060977936,-0.021764490753412247,0.7339195013046265,0.07644625753164291,-0.02770885080099106,0.720075249671936,0.053149573504924774,-0.02764577977359295,0.7065216898918152,0.041928522288799286,-0.02555403672158718
2066.6666666666647,0.7221782803535461,0.3480475842952728,-5.561450393543055e-07,0.738608717918396,0.3198893666267395,-0.025140587240457535,0.7441930174827576,0.2667701840400696,-0.03896133229136467,0.7372546792030334,0.22549691796302795,-0.05168430134654045,0.7294731736183167,0.19601881504058838,-0.06178518384695053,0.7409650087356567,0.16820649802684784,-0.018193069845438004,0.7259438037872314,0.1370093673467636,-0.04797383025288582,0.7211306095123291,0.19143465161323547,-0.06781032681465149,0.7225027084350586,0.23708784580230713,-0.0764789879322052,0.7176557779312134,0.1687239706516266,-0.015474334359169006,0.7020523548126221,0.14109306037425995,-0.047731976956129074,0.7003685832023621,0.2055119425058365,-0.059847548604011536,0.7060296535491943,0.2518034279346466,-0.05947662889957428,0.6962429285049438,0.17554959654808044,-0.017006099224090576,0.6847684383392334,0.1582777202129364,-0.04660214111208916,0.6867507696151733,0.2162768840789795,-0.04865403100848198,0.6938684582710266,0.25918450951576233,-0.040721457451581955,0.6785362958908081,0.1880219429731369,-0.020469147711992264,0.6688221096992493,0.17787021398544312,-0.03858224302530289,0.6723349094390869,0.22000786662101746,-0.036786485463380814,0.6808046698570251,0.25152358412742615,-0.028790391981601715
2099.999999999998,0.7069697976112366,0.4601861834526062,-4.882368216385657e-07,0.722121000289917,0.43346694111824036,-0.02205643430352211,0.7282828688621521,0.38341715931892395,-0.033137913793325424,0.7249405384063721,0.3381968140602112,-0.043670665472745895,0.7200412750244141,0.3063151240348816,-0.051716163754463196,0.7182263731956482,0.2920099198818207,-0.010697511956095695,0.7152634263038635,0.261705219745636,-0.03777306154370308,0.7093154191970825,0.32078975439071655,-0.05661902576684952,0.704793393611908,0.37128400802612305,-0.06422774493694305,0.704750120639801,0.2921712100505829,-0.007301120553165674,0.6973076462745667,0.27951207756996155,-0.034663718193769455,0.6942936182022095,0.3437175154685974,-0.0453210212290287,0.6938634514808655,0.3920687437057495,-0.0447850376367569,0.69368976354599,0.3001607358455658,-0.008220907300710678,0.6857085227966309,0.2963903546333313,-0.03388935327529907,0.6861264109611511,0.3511233329772949,-0.03402813524007797,0.6882611513137817,0.3954991102218628,-0.025621602311730385,0.6856944561004639,0.31485995650291443,-0.010899598710238934,0.675495445728302,0.3094332814216614,-0.027836233377456665,0.677497386932373,0.3507111668586731,-0.0247963797301054,0.6825549602508545,0.38351136445999146,-0.01571984402835369
2133.3333333333317,0.6929560899734497,0.5641281008720398,-5.061155547991802e-07,0.6701348423957825,0.5277696251869202,-0.0026468809228390455,0.6584000587463379,0.48426932096481323,-0.006722092162817717,0.6625954508781433,0.4519776701927185,-0.012768234126269817,0.6728814244270325,0.4315433204174042,-0.017795473337173462,0.673944890499115,0.4038240313529968,0.006959209684282541,0.6707815527915955,0.4066569209098816,-0.006724495440721512,0.6712859869003296,0.45323166251182556,-0.020445911213755608,0.6696082949638367,0.4876331686973572,-0.027239808812737465,0.6905025839805603,0.40086984634399414,0.0028395906556397676,0.6840700507164001,0.4172329902648926,-0.00818367674946785,0.6822277307510376,0.4650367200374603,-0.01689167134463787,0.6783290505409241,0.5029062032699585,-0.019314875826239586,0.7076592445373535,0.40671074390411377,-0.0025579878129065037,0.6967371106147766,0.42743247747421265,-0.010199273005127907,0.6943005323410034,0.46943533420562744,-0.008923924528062344,0.690865159034729,0.5030385851860046,-0.004995802883058786,0.7246060371398926,0.41996365785598755,-0.00883658416569233,0.7142652273178101,0.4299197494983673,-0.011694474145770073,0.7073373198509216,0.46502602100372314,-0.004610967822372913,0.703192949295044,0.4927941560745239,0.004026106558740139
2166.666666666665
2199.9999999999986
2233.333333333332
2266.6666666666656
2299.999999999999,0.2792906165122986,0.7640498876571655,-1.1507589192660816e-07,0.28653860092163086,0.768521785736084,-0.027230940759181976,0.30743059515953064,0.754246711730957,-0.0441068634390831,0.33429399132728577,0.740389347076416,-0.05594997853040695,0.3575741946697235,0.7337242364883423,-0.0650070458650589,0.30710598826408386,0.6736720204353333,-0.038405731320381165,0.3439079821109772,0.7164276242256165,-0.057072050869464874,0.34329551458358765,0.7370181083679199,-0.06902724504470825,0.33934420347213745,0.7390929460525513,-0.07704415172338486,0.32200589776039124,0.6627347469329834,-0.03142256662249565,0.3600200116634369,0.7071456909179688,-0.04710150882601738,0.3571106493473053,0.7311434745788574,-0.05047419294714928,0.351870059967041,0.735167920589447,-0.05293941870331764,0.3357020914554596,0.6647260189056396,-0.0261750016361475,0.36976686120033264,0.7022374868392944,-0.0406758151948452,0.3655136823654175,0.723789632320404,-0.038175687193870544,0.3586137890815735,0.728888988494873,-0.035425491631031036,0.34586745500564575,0.6731871962547302,-0.023196201771497726,0.3729136288166046,0.6992284655570984,-0.03161315992474556,0.3711836636066437,0.7176659107208252,-0.029101446270942688,0.3669959604740143,0.7239640355110168,-0.02597709931433201
2333.3333333333326,0.320051908493042,0.7894189357757568,6.412074782247146e-08,0.3292781114578247,0.7359420657157898,-0.016627607867121696,0.36511626839637756,0.713830292224884,-0.025521008297801018,0.4039631485939026,0.7294133305549622,-0.031127188354730606,0.42876067757606506,0.7507839202880859,-0.034867700189352036,0.3839978575706482,0.7528054714202881,-0.02927892468869686,0.43833795189857483,0.764728307723999,-0.03982425108551979,0.4500772953033447,0.7609846591949463,-0.0425880141556263,0.4454779028892517,0.7607929110527039,-0.04161940887570381,0.39038458466529846,0.7844753861427307,-0.02400415763258934,0.4421863853931427,0.7806316018104553,-0.031815700232982635,0.4511808156967163,0.7693966627120972,-0.0314449779689312,0.443740576505661,0.7641405463218689,-0.029710842296481133,0.39274370670318604,0.8038984537124634,-0.01930031180381775,0.43951165676116943,0.7951943874359131,-0.025840140879154205,0.4451450705528259,0.7834847569465637,-0.02376721240580082,0.43783262372016907,0.7766265869140625,-0.020373273640871048,0.39380213618278503,0.8122458457946777,-0.015505300834774971,0.43087804317474365,0.8014752864837646,-0.019628798589110374,0.43925222754478455,0.7932872176170349,-0.0174423698335886,0.4359053075313568,0.7877652049064636,-0.014219476841390133
2366.666666666666,0.33948835730552673,0.789451003074646,-9.227507646869526e-09,0.35474681854248047,0.7300289869308472,-0.019763683900237083,0.39487531781196594,0.7141843438148499,-0.027509555220603943,0.4346486032009125,0.7332738637924194,-0.03123045526444912,0.45914727449417114,0.7547827959060669,-0.032533880323171616,0.4114481806755066,0.7688987255096436,-0.02807413414120674,0.46017107367515564,0.7750659584999084,-0.03549414873123169,0.4608328938484192,0.7555844187736511,-0.0356893353164196,0.44967564940452576,0.7513363361358643,-0.03406604751944542,0.4131249785423279,0.7992355823516846,-0.020039089024066925,0.4613964557647705,0.7925173044204712,-0.026069138199090958,0.4609355032444,0.7706090807914734,-0.024061433970928192,0.4482724666595459,0.7674693465232849,-0.02212696149945259,0.41256386041641235,0.8164138197898865,-0.013015440665185452,0.4581882655620575,0.8060116767883301,-0.020443275570869446,0.45375967025756836,0.7854188680648804,-0.01837415248155594,0.43906310200691223,0.7813662886619568,-0.015568030998110771,0.4127112627029419,0.8238136172294617,-0.006977272219955921,0.4480019211769104,0.8123195171356201,-0.013795626349747181,0.44689106941223145,0.7970319390296936,-0.01317994948476553,0.4344397187232971,0.7938121557235718,-0.011142154224216938
2399.9999999999995,0.342615008354187,0.7847682237625122,-3.674258763908256e-08,0.3590400218963623,0.7277585864067078,-0.023849086835980415,0.3953794538974762,0.7182702422142029,-0.03400721400976181,0.4308168590068817,0.7432160973548889,-0.03839319199323654,0.4519879221916199,0.764525830745697,-0.03981339931488037,0.4135627746582031,0.7723959684371948,-0.03918961063027382,0.4683934450149536,0.7734691500663757,-0.04780406504869461,0.4698513448238373,0.7593789100646973,-0.047737304121255875,0.45523032546043396,0.7572625875473022,-0.04543929174542427,0.41508492827415466,0.8029943704605103,-0.02835414558649063,0.465434193611145,0.7975619435310364,-0.03334653750061989,0.4667685329914093,0.7826286554336548,-0.030656257644295692,0.45376285910606384,0.7809305787086487,-0.0288053248077631,0.41380926966667175,0.8203805685043335,-0.018127381801605225,0.4588412344455719,0.8132963180541992,-0.02303582802414894,0.4575159251689911,0.7978094816207886,-0.020257342606782913,0.4448578953742981,0.7943443655967712,-0.01831972971558571,0.4125159978866577,0.8277097344398499,-0.009306365624070168,0.445392906665802,0.8213579654693604,-0.01504576951265335,0.4472319483757019,0.809752881526947,-0.014681111089885235,0.43791189789772034,0.8054776191711426,-0.013324987143278122
2433.333333333333,0.3595027029514313,0.7882502675056458,4.486768290234977e-08,0.38464733958244324,0.7282525300979614,-0.017333349213004112,0.42951008677482605,0.718235433101654,-0.022314835339784622,0.4688711166381836,0.7400622963905334,-0.02327510342001915,0.493435263633728,0.7604667544364929,-0.02251138724386692,0.42023593187332153,0.7811529040336609,-0.025700103491544724,0.46431484818458557,0.801240086555481,-0.03132013604044914,0.48471182584762573,0.7948346734046936,-0.03110784851014614,0.49492305517196655,0.7904621958732605,-0.030170805752277374,0.4219210743904114,0.8148125410079956,-0.018848257139325142,0.4766160249710083,0.813030481338501,-0.024782445281744003,0.4853837788105011,0.7894086837768555,-0.02246224135160446,0.48041200637817383,0.7782285213470459,-0.019654473289847374,0.42396631836891174,0.8314340114593506,-0.012424017302691936,0.47378575801849365,0.8225587010383606,-0.02078627236187458,0.47422105073928833,0.7973184585571289,-0.017295897006988525,0.4642176628112793,0.7864068746566772,-0.012521672993898392,0.42804768681526184,0.8339248895645142,-0.006760343909263611,0.4657595455646515,0.8246791362762451,-0.013253381475806236,0.4680785536766052,0.806198239326477,-0.011292282491922379,0.45950746536254883,0.7971788644790649,-0.008139359764754772
2466.6666666666665,0.3774735629558563,0.7877384424209595,6.485738879291603e-08,0.40842974185943604,0.7367241382598877,-0.013797533698379993,0.45181483030319214,0.7361944913864136,-0.016055097803473473,0.48758333921432495,0.7613779306411743,-0.015574625693261623,0.5101239681243896,0.7822224497795105,-0.013672768138349056,0.4464440941810608,0.7952222228050232,-0.01053403690457344,0.48412609100341797,0.8112539052963257,-0.012925568968057632,0.5040259957313538,0.8147210478782654,-0.013217667117714882,0.5186300873756409,0.8197665810585022,-0.01313367672264576,0.4443880617618561,0.8257399797439575,-0.004561654757708311,0.4889616370201111,0.8220657706260681,-0.007088212762027979,0.5007806420326233,0.8034111857414246,-0.0059763845056295395,0.5016894340515137,0.7953742146492004,-0.004341626539826393,0.4429771900177002,0.8413474559783936,0.0002650748356245458,0.48407119512557983,0.8332218527793884,-0.0057305204682052135,0.4850233793258667,0.8125149011611938,-0.004350715316832066,0.47636479139328003,0.8050360679626465,-0.0010210474720224738,0.4455731511116028,0.8463885188102722,0.004245441406965256,0.4770388603210449,0.8392047882080078,1.2637949112104252e-05,0.47948330640792847,0.8232496976852417,0.0013272663345560431,0.47183647751808167,0.8158286809921265,0.0039464631117880344
2500.0,0.39420807361602783,0.7950931191444397,3.4153863737174106e-08,0.4273173213005066,0.7489814758300781,-0.018390031531453133,0.47069498896598816,0.7543577551841736,-0.022080736234784126,0.5056231617927551,0.7851378321647644,-0.021558906883001328,0.5273647904396057,0.8125817179679871,-0.019422322511672974,0.46771448850631714,0.8254228234291077,-0.014397202990949154,0.5044427514076233,0.837985098361969,-0.0162475798279047,0.5243701934814453,0.8421316742897034,-0.016811126843094826,0.5397531986236572,0.8479234576225281,-0.017579862847924232,0.4641997814178467,0.8540881276130676,-0.005821412429213524,0.5048495531082153,0.8378100991249084,-0.006699074525386095,0.5150140523910522,0.8185240626335144,-0.0049615297466516495,0.5151762962341309,0.8126540780067444,-0.003982449881732464,0.46296894550323486,0.8647239804267883,0.0011228506918996572,0.5003799796104431,0.844995379447937,-0.0037239615339785814,0.5031226873397827,0.824388861656189,-0.0022520527709275484,0.4989376366138458,0.8182889819145203,-4.397835073177703e-05,0.46602654457092285,0.864700198173523,0.006704925559461117,0.49532076716423035,0.8455073237419128,0.001861749915406108,0.49719467759132385,0.828842282295227,0.0024100164882838726,0.49225741624832153,0.8215199708938599,0.00422289315611124
2533.3333333333335,0.379321813583374,0.7775288820266724,-1.7928236673014908e-08,0.4249037206172943,0.7592648863792419,-0.0017980196280404925,0.47642871737480164,0.7586190104484558,-0.010038342326879501,0.5146271586418152,0.7717646360397339,-0.019102366641163826,0.5392000079154968,0.7920357584953308,-0.02792750857770443,0.4660013020038605,0.7364800572395325,-0.023317979648709297,0.508585512638092,0.7746466398239136,-0.035777658224105835,0.5087794065475464,0.7913723587989807,-0.04133259505033493,0.5020927786827087,0.7956817746162415,-0.04462757706642151,0.4396185576915741,0.7482227683067322,-0.030458157882094383,0.47006794810295105,0.7813512086868286,-0.04236753284931183,0.4722161591053009,0.7979470491409302,-0.043800901621580124,0.46878087520599365,0.8038536310195923,-0.045789267867803574,0.41546300053596497,0.7648546695709229,-0.037075016647577286,0.44322437047958374,0.7939502000808716,-0.04689528048038483,0.44944193959236145,0.8064385652542114,-0.04314378648996353,0.45041635632514954,0.8095354437828064,-0.04107893258333206,0.3965379297733307,0.7833332419395447,-0.043496858328580856,0.4218078553676605,0.8050112724304199,-0.04784998297691345,0.42777279019355774,0.814623236656189,-0.04196394234895706,0.42837682366371155,0.8167180418968201,-0.03784709423780441
2566.666666666667,0.36845606565475464,0.7658438086509705,2.0811835099721065e-07,0.416284441947937,0.7503558993339539,0.0033121732994914055,0.46606776118278503,0.7460901141166687,-0.0010259979171678424,0.5015318989753723,0.7534469962120056,-0.008004617877304554,0.527172327041626,0.767605185508728,-0.015264380723237991,0.45929789543151855,0.7111161947250366,-0.00832202285528183,0.4931623935699463,0.7297932505607605,-0.021532956510782242,0.5175694227218628,0.7524464130401611,-0.0302384365350008,0.5309298038482666,0.7724828720092773,-0.0354469008743763,0.44074875116348267,0.7194016575813293,-0.01719735562801361,0.46465757489204407,0.7601351737976074,-0.032654691487550735,0.469512015581131,0.7954584360122681,-0.037620242685079575,0.46692314743995667,0.8172428607940674,-0.04025288298726082,0.42174896597862244,0.7347144484519958,-0.026111021637916565,0.44419994950294495,0.7734680771827698,-0.041156720370054245,0.4481346607208252,0.8053697347640991,-0.040190599858760834,0.44514352083206177,0.825668215751648,-0.037388935685157776,0.40249937772750854,0.7529333829879761,-0.03475040942430496,0.42872875928878784,0.7792830467224121,-0.04435855522751808,0.4398724436759949,0.801638126373291,-0.04313033074140549,0.4440437853336334,0.8177030682563782,-0.04078967496752739
2600.0000000000005,0.380707323551178,0.7533981800079346,3.0154257046888233e-07,0.4257635772228241,0.7169061303138733,-0.002068757079541683,0.4730571508407593,0.7124044299125671,-0.005653378088027239,0.5085448026657104,0.7316722869873047,-0.009521749801933765,0.53231281042099,0.7539971470832825,-0.013829163275659084,0.4593358337879181,0.715241551399231,-0.0028524817898869514,0.4923099875450134,0.7361516952514648,-0.005399607587605715,0.5152638554573059,0.7504287958145142,-0.008914714679121971,0.5290324091911316,0.7633857727050781,-0.01181886438280344,0.44124165177345276,0.741574227809906,-0.004882588982582092,0.4691638648509979,0.759539008140564,-0.007604781072586775,0.48427125811576843,0.7697213888168335,-0.01287077832967043,0.48786047101020813,0.7778056859970093,-0.018486151471734047,0.42611855268478394,0.7624221444129944,-0.006794007495045662,0.4526260793209076,0.7816740870475769,-0.011481475085020065,0.46379703283309937,0.7884752154350281,-0.015602266415953636,0.4638510048389435,0.7947204113006592,-0.018514784052968025,0.4132995307445526,0.7771265506744385,-0.008496740832924843,0.43805086612701416,0.7877647876739502,-0.01268820557743311,0.44528627395629883,0.7954626083374023,-0.013886108063161373,0.4434381127357483,0.8031142950057983,-0.014338895678520203
2633.333333333334,0.3938017189502716,0.762133777141571,8.922791749910175e-08,0.42217493057250977,0.7019823789596558,-0.013869364745914936,0.4691857099533081,0.6891652941703796,-0.01687941513955593,0.5072695016860962,0.7128210067749023,-0.015383048914372921,0.5286392569541931,0.7382566928863525,-0.012645820155739784,0.4773891866207123,0.7539248466491699,-0.019779717549681664,0.5216999053955078,0.7713302969932556,-0.015812262892723083,0.5371847152709961,0.7569684386253357,-0.010523471981287003,0.5434082746505737,0.7468761205673218,-0.007107018493115902,0.47036075592041016,0.7888579368591309,-0.011147928424179554,0.5061923861503601,0.7804214954376221,-0.007844285108149052,0.5094982385635376,0.7587639689445496,-0.0034893499687314034,0.5000169277191162,0.7514957785606384,-0.001215358730405569,0.46249911189079285,0.8054595589637756,-0.0023202234879136086,0.49043235182762146,0.7898638844490051,-0.0008281107875518501,0.4918302893638611,0.7727030515670776,0.00024222960928454995,0.4819183051586151,0.768348753452301,0.0007945772958919406,0.4582598805427551,0.8088432550430298,0.006109509617090225,0.47991660237312317,0.7952395081520081,0.007037006784230471,0.4800247848033905,0.785001814365387,0.00875177700072527,0.47069668769836426,0.7843645215034485,0.010417349636554718
2666.6666666666674,0.4065081477165222,0.750878632068634,-1.3559672140672774e-07,0.4320674240589142,0.6976773142814636,-0.020844945684075356,0.47210171818733215,0.6906297206878662,-0.029093069955706596,0.509010910987854,0.7130374908447266,-0.0315755158662796,0.5326839089393616,0.7341290712356567,-0.03182552382349968,0.479367196559906,0.7603923082351685,-0.036645255982875824,0.533571720123291,0.7675459384918213,-0.04231210798025131,0.5427209138870239,0.7438523173332214,-0.039923764765262604,0.5362844467163086,0.7321945428848267,-0.0368119478225708,0.4763111174106598,0.793725311756134,-0.026015754789114,0.5209267139434814,0.7740687131881714,-0.029217803850769997,0.519254207611084,0.7468560338020325,-0.02388378046452999,0.5059944987297058,0.7410620450973511,-0.020697837695479393,0.4732234477996826,0.8085489869117737,-0.015716606751084328,0.5110171437263489,0.781414270401001,-0.01961440220475197,0.5084297060966492,0.7589773535728455,-0.015260593965649605,0.4962979853153229,0.753857433795929,-0.012836509384214878,0.4739589989185333,0.8120035529136658,-0.006365913897752762,0.5021536946296692,0.7898910641670227,-0.010693499818444252,0.5002466440200806,0.7745482325553894,-0.009056861512362957,0.4900694489479065,0.7712866067886353,-0.007264087907969952
2700.000000000001,0.36116307973861694,0.7639241814613342,1.3575929358466965e-07,0.41373059153556824,0.7420107126235962,0.005610594060271978,0.4645225703716278,0.7355339527130127,0.0032834282610565424,0.5018864870071411,0.743156373500824,-0.0023706865031272173,0.5279194712638855,0.7580904960632324,-0.007715118583291769,0.4615005850791931,0.7023312449455261,0.002145091537386179,0.5074570775032043,0.7273505926132202,-0.005795961245894432,0.5276035070419312,0.7488617897033691,-0.012294434010982513,0.5365962982177734,0.7656853795051575,-0.01609238237142563,0.44502711296081543,0.7185443639755249,-0.007106453645974398,0.489302396774292,0.7511723637580872,-0.01433998066931963,0.5041491389274597,0.7728790044784546,-0.020235933363437653,0.5083848834037781,0.7882782220840454,-0.0249057337641716,0.43069756031036377,0.7405431270599365,-0.016362950205802917,0.4683144688606262,0.7790361642837524,-0.0237859096378088,0.4754260182380676,0.8001788258552551,-0.026361210271716118,0.4742230772972107,0.8122307062149048,-0.027191871777176857,0.41883307695388794,0.7631426453590393,-0.02510141208767891,0.4507847726345062,0.7904422879219055,-0.02622363716363907,0.45923465490341187,0.8061713576316833,-0.02295537292957306,0.4593510627746582,0.815708577632904,-0.02023756317794323
2733.3333333333344,0.3680322766304016,0.7875977158546448,3.656639364635339e-07,0.4217959940433502,0.7573676109313965,-0.0025379250291734934,0.4753595292568207,0.7564568519592285,-0.008925129659473896,0.5140454173088074,0.7763120532035828,-0.016164077445864677,0.5404004454612732,0.8023104071617126,-0.023667141795158386,0.4701319932937622,0.7342300415039062,-0.011807953007519245,0.5078171491622925,0.7603133916854858,-0.026340249925851822,0.5335845947265625,0.7856308817863464,-0.03823544830083847,0.5510178208351135,0.8096378445625305,-0.04599764198064804,0.45021548867225647,0.7553836107254028,-0.01848777011036873,0.4921235144138336,0.7817128896713257,-0.03078196756541729,0.5191061496734619,0.8030605316162109,-0.04079245775938034,0.5383867621421814,0.8218984007835388,-0.04920980706810951,0.43096688389778137,0.7776860594749451,-0.02566429413855076,0.4661070704460144,0.8049303293228149,-0.03861153870820999,0.4864024221897125,0.8196733593940735,-0.045253437012434006,0.5001500844955444,0.8320476412773132,-0.04934290051460266,0.4122062921524048,0.7981276512145996,-0.03280981257557869,0.44172945618629456,0.8146921396255493,-0.0408196784555912,0.45579925179481506,0.8210254907608032,-0.042499419301748276,0.46503010392189026,0.8257763981819153,-0.04361020773649216
2766.666666666668,0.3822665512561798,0.7827273607254028,2.799477840653708e-07,0.4277319312095642,0.7480230927467346,6.021277658874169e-05,0.4763571321964264,0.7444233894348145,-0.0034088222309947014,0.512904167175293,0.7608766555786133,-0.007677625864744186,0.5368125438690186,0.7845703959465027,-0.011682460084557533,0.4844682812690735,0.7546272277832031,-0.006076287478208542,0.5292900204658508,0.7904276847839355,-0.012059408240020275,0.5451704263687134,0.7937251329421997,-0.015049033798277378,0.5490926504135132,0.793251633644104,-0.016263356432318687,0.46572205424308777,0.7727211713790894,-0.010782003402709961,0.5096926689147949,0.8010910749435425,-0.015608709305524826,0.5260921120643616,0.8037309646606445,-0.018404005095362663,0.530229926109314,0.8041591644287109,-0.020858224481344223,0.4473438262939453,0.7864687442779541,-0.015518114902079105,0.4847567677497864,0.8077235817909241,-0.021258829161524773,0.501740038394928,0.8074741959571838,-0.02415362559258938,0.5087957978248596,0.8062087297439575,-0.025885486975312233,0.4305216670036316,0.7952920794487,-0.019733186811208725,0.46190404891967773,0.8093644976615906,-0.023893484845757484,0.4766303598880768,0.8124526143074036,-0.024014446884393692,0.48430028557777405,0.8144831657409668,-0.023485181853175163
2800.0000000000014,0.40209025144577026,0.7790334224700928,1.3727903258597962e-08,0.44151049852371216,0.722878634929657,-0.014265406876802444,0.4899507761001587,0.7197765111923218,-0.01862587407231331,0.5286121368408203,0.7461824417114258,-0.01922519877552986,0.5503759384155273,0.7727087140083313,-0.016845153644680977,0.4943040907382965,0.7886971831321716,-0.01888924464583397,0.5494524240493774,0.8054247498512268,-0.02277841605246067,0.5489400625228882,0.7777705192565918,-0.02159213088452816,0.5367276668548584,0.7672702074050903,-0.018643666058778763,0.485148549079895,0.8203674554824829,-0.011389345861971378,0.5387395024299622,0.8167141675949097,-0.012515873648226261,0.5385861992835999,0.7870180010795593,-0.008370805531740189,0.5256204605102539,0.7802658081054688,-0.005224196240305901,0.47688254714012146,0.832944393157959,-0.004594823345541954,0.522286593914032,0.8178732991218567,-0.006071094423532486,0.5204630494117737,0.7923558950424194,-0.0016560902586206794,0.5077890157699585,0.7868650555610657,0.0021149027161300182,0.4731650650501251,0.833035945892334,0.001464167726226151,0.5095580816268921,0.818706750869751,0.001602201722562313,0.5101832747459412,0.8018895983695984,0.006386370398104191,0.4996788501739502,0.7989686131477356,0.01075612660497427
2833.333333333335,0.40959256887435913,0.7697005867958069,-2.2333800586693542e-07,0.44745588302612305,0.7167288661003113,-0.016804466024041176,0.4898272156715393,0.7222394347190857,-0.02321341633796692,0.524593710899353,0.7518347501754761,-0.025467606261372566,0.5479108691215515,0.773635983467102,-0.025109417736530304,0.49602511525154114,0.791963517665863,-0.026148103177547455,0.5530036687850952,0.8036988973617554,-0.031482208520174026,0.5521442294120789,0.774174153804779,-0.030963722616434097,0.536670982837677,0.7632065415382385,-0.029343001544475555,0.48740360140800476,0.822176992893219,-0.0179025586694479,0.5355523228645325,0.8139962553977966,-0.020005282014608383,0.532372236251831,0.7858114242553711,-0.016451798379421234,0.5177167057991028,0.7795934677124023,-0.014713743701577187,0.4795551598072052,0.8351914882659912,-0.010113609954714775,0.5224891304969788,0.8184490203857422,-0.013006453402340412,0.5188823938369751,0.7960898280143738,-0.008786899037659168,0.5049422383308411,0.790969967842102,-0.006684999447315931,0.47652924060821533,0.8377541303634644,-0.0031273679342120886,0.5098538994789124,0.8204373121261597,-0.006001645233482122,0.5065223574638367,0.805375337600708,-0.002823369111865759,0.4948117434978485,0.8021388649940491,-0.0001363022020086646
2866.6666666666683,0.389792263507843,0.7829723358154297,2.39946132296609e-07,0.4313567280769348,0.7210389971733093,-0.007994593121111393,0.48282089829444885,0.7113478183746338,-0.010142292827367783,0.5242735147476196,0.7357373833656311,-0.010535648092627525,0.5489417314529419,0.7638773322105408,-0.010303867049515247,0.48609617352485657,0.7499542832374573,-0.0018458616686984897,0.528579831123352,0.7749871611595154,0.00046503881458193064,0.546434760093689,0.7820877432823181,0.00020552895148284733,0.5590001940727234,0.7886676788330078,-0.00040715999784879386,0.4744398295879364,0.789570152759552,0.0017129442421719432,0.519034743309021,0.8021467924118042,0.004781913943588734,0.539467453956604,0.793512761592865,0.0014254642883315682,0.5509013533592224,0.7882881164550781,-0.0026799242477864027,0.4628245532512665,0.8139408826828003,0.004907362163066864,0.5009924173355103,0.8165152072906494,0.0065231225453317165,0.5156390070915222,0.8002058267593384,0.0028519316110759974,0.5211527347564697,0.7914260625839233,0.00020680746820289642,0.45408302545547485,0.8243494629859924,0.007730195764452219,0.4858972132205963,0.8235601782798767,0.011166540905833244,0.49724066257476807,0.810387134552002,0.012923036701977253,0.49978387355804443,0.8029253482818604,0.014166721142828465
2900.000000000002,0.40571290254592896,0.7932780981063843,-6.7805983050561736e-09,0.4371621310710907,0.7381885647773743,-0.018270622938871384,0.4836074113845825,0.7343407273292542,-0.023662300780415535,0.5215483903884888,0.7606547474861145,-0.02403493970632553,0.539887547492981,0.7868961095809937,-0.021441413089632988,0.49433693289756775,0.8094872236251831,-0.027422284707427025,0.5479772090911865,0.8274051547050476,-0.031489551067352295,0.553607165813446,0.7987678647041321,-0.029830539599061012,0.5443955659866333,0.7840272188186646,-0.02665695548057556,0.4878389239311218,0.8388282060623169,-0.017705276608467102,0.54128098487854,0.8399314284324646,-0.01941145397722721,0.5465882420539856,0.8093879818916321,-0.015543967485427856,0.536642849445343,0.7974868416786194,-0.012334671802818775,0.48185262084007263,0.8498350977897644,-0.008310951292514801,0.5306168794631958,0.8393120765686035,-0.01061638817191124,0.5343232154846191,0.810518741607666,-0.006675247102975845,0.524344801902771,0.7989501953125,-0.003047758713364601,0.4788917601108551,0.8483049273490906,0.00026622801669873297,0.5199398994445801,0.8393309116363525,-0.000875162601005286,0.5260214805603027,0.8198210597038269,0.003384638810530305,0.5182462334632874,0.8114274144172668,0.0076939258724451065
2933.3333333333353,0.6917852163314819,0.878629207611084,8.931966988257045e-08,0.6533056497573853,0.8998110890388489,-0.003939227666705847,0.6278266310691833,0.9460060596466064,-0.006097712088376284,0.6105527877807617,0.9857690930366516,-0.007997089065611362,0.603050708770752,1.0187586545944214,-0.009949587285518646,0.6363698244094849,0.985451340675354,-0.0063835252076387405,0.6239800453186035,1.040480375289917,-0.013516934588551521,0.6180271506309509,1.0693110227584839,-0.019596438854932785,0.6152522563934326,1.0895209312438965,-0.02335219457745552,0.6591020822525024,0.9940621256828308,-0.007485259789973497,0.647254467010498,1.0489990711212158,-0.011541079729795456,0.6414173245429993,1.076898455619812,-0.016014346852898598,0.638069748878479,1.0973869562149048,-0.01985565945506096,0.6816331744194031,0.9964491724967957,-0.008808113634586334,0.6715430021286011,1.0490477085113525,-0.01164689939469099,0.6664737462997437,1.0753610134124756,-0.011740947142243385,0.6640323996543884,1.093589186668396,-0.012466933578252792,0.7013139128684998,0.9947289228439331,-0.010511335916817188,0.692974865436554,1.039003610610962,-0.012956894002854824,0.6889281272888184,1.063428282737732,-0.011345735751092434,0.687658965587616,1.0809731483459473,-0.009757814928889275,0.41024696826934814,0.810312032699585,-1.562990803449793e-07,0.44603240489959717,0.7578579187393188,-0.0225454643368721,0.4910051226615906,0.7631762623786926,-0.028432991355657578,0.5295647978782654,0.7965713739395142,-0.029270151630043983,0.5543328523635864,0.8206838369369507,-0.026402994990348816,0.49775272607803345,0.8376444578170776,-0.02273465320467949,0.552503228187561,0.8554352521896362,-0.028316820040345192,0.5560903549194336,0.8252198696136475,-0.02892407774925232,0.542478084564209,0.8099936842918396,-0.027549635618925095,0.4918610453605652,0.8640143871307373,-0.011612553149461746,0.5449289679527283,0.8677555322647095,-0.01440922450274229,0.5512562990188599,0.8376064300537109,-0.013519300147891045,0.5401290059089661,0.8236334919929504,-0.012450171634554863,0.4876813590526581,0.874112606048584,-0.0020259919110685587,0.5369922518730164,0.8680232763290405,-0.006784513127058744,0.5412561297416687,0.8404654264450073,-0.0062090749852359295,0.5307478308677673,0.8275212645530701,-0.005110019817948341,0.4874366521835327,0.8749830722808838,0.006282428745180368,0.527228593826294,0.8663153052330017,0.0006895585102029145,0.5329762101173401,0.8479582071304321,0.0009568539098836482,0.5262853503227234,0.8393681645393372,0.0027416052762418985
2966.666666666669,0.7017452716827393,0.8525947332382202,1.7784397954301312e-08,0.6658928394317627,0.877941370010376,-0.003483906388282776,0.6454477310180664,0.9288931488990784,-0.007055365014821291,0.639516294002533,0.9730070233345032,-0.01018539909273386,0.642493486404419,1.0042275190353394,-0.013843188062310219,0.6512824296951294,0.95162034034729,-0.017112767323851585,0.6427567601203918,1.010279893875122,-0.025996096432209015,0.6378281116485596,1.0243358612060547,-0.031072629615664482,0.6347628831863403,1.0263057947158813,-0.033629897981882095,0.6763444542884827,0.9553791880607605,-0.019024455919861794,0.669526219367981,1.0118865966796875,-0.024171266704797745,0.6651014685630798,1.0128225088119507,-0.025545235723257065,0.6643818020820618,1.0033831596374512,-0.027392840012907982,0.7014343738555908,0.9532726407051086,-0.020235227420926094,0.694723904132843,1.0019956827163696,-0.022896578535437584,0.6908012628555298,0.995634138584137,-0.018324440345168114,0.6916884779930115,0.9803902506828308,-0.016154497861862183,0.7240421175956726,0.9492605328559875,-0.021601736545562744,0.7155776619911194,0.9890907406806946,-0.021984955295920372,0.7101292014122009,0.9826386570930481,-0.01581198163330555,0.7113894820213318,0.9679051041603088,-0.011482719331979752,0.4194256663322449,0.8217548727989197,-2.0089652252863743e-07,0.45611175894737244,0.7712840437889099,-0.029221560806035995,0.5007114410400391,0.7822944521903992,-0.037691880017519,0.5368202328681946,0.8194999098777771,-0.03850945085287094,0.5589094161987305,0.8461765646934509,-0.03536408022046089,0.49859240651130676,0.8577630519866943,-0.03908589854836464,0.558391809463501,0.8759851455688477,-0.045782268047332764,0.5601381063461304,0.8410784602165222,-0.044134028255939484,0.5456862449645996,0.8257665634155273,-0.04119041934609413,0.4932309687137604,0.8843565583229065,-0.02365495264530182,0.5511840581893921,0.8852797746658325,-0.029505271464586258,0.5542491674423218,0.8491836786270142,-0.02594771794974804,0.5416651368141174,0.8348270058631897,-0.02237301878631115,0.4910079836845398,0.8933321833610535,-0.00936867669224739,0.5427097082138062,0.8813758492469788,-0.0172071922570467,0.5417249202728271,0.8513840436935425,-0.014834008179605007,0.5283644795417786,0.8401314616203308,-0.011501084081828594,0.49283719062805176,0.893298327922821,0.003452698001638055,0.5323750376701355,0.8782930970191956,-0.00445186160504818,0.533074140548706,0.8586723208427429,-0.004380841739475727,0.5226061940193176,0.851662278175354,-0.0021920136641710997
3000.0000000000023,0.7060562372207642,0.8467941880226135,8.960315511785666e-08,0.6697420477867126,0.868028461933136,-0.0009957836009562016,0.6495713591575623,0.9150103330612183,-0.002245404524728656,0.6435447931289673,0.9556835889816284,-0.003529865061864257,0.6465240716934204,0.9840741753578186,-0.005232200026512146,0.6538225412368774,0.9441127777099609,-0.008892500773072243,0.6456578969955444,0.994554340839386,-0.015297092497348785,0.639497697353363,1.0184435844421387,-0.019574100151658058,0.6360068321228027,1.0312745571136475,-0.021736370399594307,0.6762557029724121,0.9510735273361206,-0.01089808251708746,0.6691681742668152,1.000243902206421,-0.013361841440200806,0.6631253361701965,1.015063762664795,-0.014359591528773308,0.659259021282196,1.020580530166626,-0.01583489030599594,0.6995827555656433,0.9524113535881042,-0.012463844381272793,0.6919775605201721,0.9979634284973145,-0.013096983544528484,0.6856082081794739,1.0059573650360107,-0.009564245119690895,0.6821219325065613,1.0038260221481323,-0.008075571618974209,0.7214181423187256,0.9503693580627441,-0.014178667217493057,0.7137283086776733,0.9882848262786865,-0.013569253496825695,0.7072585225105286,0.995086669921875,-0.008576351217925549,0.7050830125808716,0.9928602576255798,-0.004878860432654619,0.4178171753883362,0.8196824789047241,-2.811083561482519e-07,0.45899564027786255,0.7712149620056152,-0.0246513020247221,0.5039530992507935,0.7833898663520813,-0.032134126871824265,0.5382247567176819,0.8195893168449402,-0.033077169209718704,0.5593594312667847,0.8472664952278137,-0.030380528420209885,0.4972265064716339,0.8598051071166992,-0.03453821688890457,0.557920515537262,0.8764737844467163,-0.03969573602080345,0.5562151670455933,0.8403212428092957,-0.037339650094509125,0.5370360612869263,0.826572597026825,-0.03443412110209465,0.4905898869037628,0.8857201337814331,-0.021189171820878983,0.5475381016731262,0.8827525973320007,-0.025305461138486862,0.5455563068389893,0.8468784093856812,-0.021259000524878502,0.5293124914169312,0.8375699520111084,-0.018063625320792198,0.4874904751777649,0.8947990536689758,-0.008516987785696983,0.5369126796722412,0.8788064122200012,-0.01464360672980547,0.5321560502052307,0.8508120775222778,-0.011332734487950802,0.5159329175949097,0.8447207808494568,-0.008459768258035183,0.489704430103302,0.8950293064117432,0.0029796725139021873,0.5281199812889099,0.877788245677948,-0.004906709771603346,0.5237798094749451,0.8590038418769836,-0.004543129354715347,0.5099524259567261,0.8556423783302307,-0.0024320841766893864
3033.3333333333358,0.7084685564041138,0.8142971992492676,-1.0767133318267952e-07,0.679758608341217,0.8448960781097412,-0.0023370604030787945,0.6621832251548767,0.8949466943740845,-0.007477735169231892,0.6569937467575073,0.9356880187988281,-0.013072911649942398,0.6598639488220215,0.964150607585907,-0.0186037328094244,0.6732882261276245,0.9173392653465271,-0.01651301234960556,0.6745195984840393,0.9783470630645752,-0.02980901300907135,0.6758057475090027,0.9633595943450928,-0.03770720213651657,0.6754927635192871,0.9385995268821716,-0.040607403963804245,0.6977725625038147,0.9141727089881897,-0.020285874605178833,0.6979678869247437,0.9730364680290222,-0.02924058400094509,0.6967583298683167,0.9572815299034119,-0.03196396306157112,0.6967160105705261,0.9321019649505615,-0.03314652666449547,0.7213321328163147,0.9064809083938599,-0.02379162609577179,0.7215432524681091,0.9596156477928162,-0.029551787301898003,0.7193382382392883,0.9468039870262146,-0.02516491338610649,0.7189778089523315,0.9254421591758728,-0.02185257524251938,0.7427354454994202,0.8973702192306519,-0.027269629761576653,0.740630567073822,0.9417076110839844,-0.02995024435222149,0.7374362349510193,0.9329280853271484,-0.023669268935918808,0.7373130917549133,0.9159943461418152,-0.018455127254128456,0.4183189272880554,0.8293313980102539,-2.702997790038353e-07,0.459130197763443,0.7804923057556152,-0.027028480544686317,0.5035495162010193,0.7916027903556824,-0.035006262362003326,0.5380136966705322,0.8286538124084473,-0.035481467843055725,0.5614112615585327,0.8555979132652283,-0.03229723498225212,0.5030790567398071,0.8706185221672058,-0.03555887192487717,0.5621786713600159,0.8871043920516968,-0.03925255686044693,0.5652420520782471,0.8531978726387024,-0.03589591011404991,0.5510491132736206,0.8344150185585022,-0.03226808086037636,0.49580371379852295,0.8979390859603882,-0.019874678924679756,0.5480089783668518,0.885930597782135,-0.02178615890443325,0.5457425117492676,0.851029098033905,-0.017148073762655258,0.5311993360519409,0.8399463891983032,-0.014061822555959225,0.49237799644470215,0.906623363494873,-0.004959041252732277,0.537765383720398,0.8839982748031616,-0.008946191519498825,0.5331407785415649,0.8573622107505798,-0.005905922502279282,0.5185586810112,0.8484476804733276,-0.003910158295184374,0.49424028396606445,0.9065110683441162,0.008620023727416992,0.5290246605873108,0.8840020895004272,0.002360102254897356,0.5242804884910583,0.8652759194374084,0.0027310706209391356,0.5122634172439575,0.860527515411377,0.0046402947045862675
3066.6666666666692,0.42301470041275024,0.842255711555481,-2.5901687195073464e-07,0.4666289985179901,0.7909295558929443,-0.025004200637340546,0.5124496221542358,0.800860583782196,-0.03221095725893974,0.5473755598068237,0.8332754373550415,-0.032807137817144394,0.5731005668640137,0.8563309907913208,-0.02987121045589447,0.5139938592910767,0.8778457045555115,-0.031328875571489334,0.5725002288818359,0.8894983530044556,-0.03524888679385185,0.5708465576171875,0.8540130853652954,-0.03341440111398697,0.5535690784454346,0.8389504551887512,-0.03118615783751011,0.5066058039665222,0.9053366184234619,-0.017099913209676743,0.5589367151260376,0.8944634795188904,-0.020647171884775162,0.5547685027122498,0.8599730730056763,-0.017712440341711044,0.5391405820846558,0.8498743772506714,-0.015376235358417034,0.5020087957382202,0.9143415093421936,-0.003577692434191704,0.5480499863624573,0.8927410840988159,-0.009028738364577293,0.5423194169998169,0.8670111894607544,-0.0063143400475382805,0.527076780796051,0.8597465753555298,-0.004046534653753042,0.5025641322135925,0.9140846729278564,0.008747819811105728,0.5381914377212524,0.891252875328064,0.0014926879666745663,0.5321743488311768,0.8731911778450012,0.0019198382506147027,0.5188683271408081,0.8693777322769165,0.004081424325704575
3100.0000000000027,0.42822954058647156,0.8447341918945312,-2.465897637193848e-07,0.47254282236099243,0.7947165966033936,-0.02293107658624649,0.5169969797134399,0.8055986166000366,-0.02922087535262108,0.5517097115516663,0.8375369310379028,-0.029486890882253647,0.5766246318817139,0.8594111204147339,-0.026081133633852005,0.5198178291320801,0.8834794163703918,-0.026199717074632645,0.5767940878868103,0.8957781791687012,-0.028385890647768974,0.5745407342910767,0.8600451946258545,-0.026163047179579735,0.5567584037780762,0.8460813760757446,-0.02382071502506733,0.5108236074447632,0.9085844159126282,-0.012578967027366161,0.5593320727348328,0.8973304629325867,-0.01401528064161539,0.5549129247665405,0.8648771047592163,-0.01148931309580803,0.5391701459884644,0.8568702936172485,-0.010005874559283257,0.5045889616012573,0.9160318374633789,0.00037905402132309973,0.5479180812835693,0.8949730396270752,-0.0031039153691381216,0.5430718660354614,0.8713510632514954,-0.0010145314736291766,0.5277767181396484,0.8646621704101562,0.00031827299972064793,0.5039672255516052,0.9146182537078857,0.01235682237893343,0.5388394594192505,0.8941824436187744,0.007516987156122923,0.5337271690368652,0.8777351379394531,0.008705168031156063,0.5204991102218628,0.8740918636322021,0.01092088595032692
3133.333333333336,0.4320972263813019,0.8485285043716431,-2.47217570858993e-07,0.47432926297187805,0.7989386916160583,-0.02341383509337902,0.5190788507461548,0.808257520198822,-0.03039584308862686,0.5546725988388062,0.8399509787559509,-0.031237659975886345,0.580077588558197,0.8621271848678589,-0.02857978455722332,0.5247447490692139,0.8852249383926392,-0.028995826840400696,0.5822271704673767,0.8975193500518799,-0.03280632570385933,0.5829082727432251,0.8626630902290344,-0.03138222545385361,0.5676485896110535,0.8473515510559082,-0.02940976247191429,0.5169627666473389,0.9119791388511658,-0.01593477465212345,0.5682007670402527,0.9032174348831177,-0.018349139019846916,0.567716658115387,0.8698151707649231,-0.016121670603752136,0.5541718602180481,0.8567039966583252,-0.014711577445268631,0.511709988117218,0.9204438924789429,-0.0035452477168291807,0.5566298365592957,0.8990510106086731,-0.007687097415328026,0.5536574721336365,0.8745869994163513,-0.005379009060561657,0.5397145748138428,0.8648932576179504,-0.003805626882240176,0.5113917589187622,0.9189063906669617,0.007741063833236694,0.5465953350067139,0.8969693183898926,0.0023809862323105335,0.5431345701217651,0.8797485828399658,0.003492299234494567,0.5315918326377869,0.8738324642181396,0.005689260549843311
3166.6666666666697,0.7923908233642578,0.5893331170082092,-4.9513090516484226e-08,0.7844469547271729,0.5722372531890869,-0.003000282682478428,0.7662287354469299,0.5678542852401733,-0.005973700899630785,0.7528109550476074,0.5780080556869507,-0.008967004716396332,0.745973527431488,0.5882636904716492,-0.012186776846647263,0.7530444264411926,0.5635972619056702,-0.008164441213011742,0.7441092729568481,0.578159511089325,-0.01616511680185795,0.7493295669555664,0.5843669772148132,-0.0216964278370142,0.7531867027282715,0.5835028886795044,-0.025091882795095444,0.7549257278442383,0.5804621577262878,-0.010126235894858837,0.7479185461997986,0.5967027544975281,-0.015485601499676704,0.7538504004478455,0.5996540188789368,-0.01729150302708149,0.7586885094642639,0.5961276888847351,-0.018805773928761482,0.759864330291748,0.5987712144851685,-0.012430527247488499,0.7531903386116028,0.6157509684562683,-0.017722629010677338,0.758895993232727,0.6183876395225525,-0.015918444842100143,0.7638211250305176,0.6148392558097839,-0.014747132547199726,0.7657938003540039,0.6164534091949463,-0.01495690643787384,0.7593897581100464,0.6323902606964111,-0.018958671018481255,0.764304518699646,0.6335736513137817,-0.016891848295927048,0.7683018445968628,0.6289108395576477,-0.014923394657671452,0.43435847759246826,0.8520139455795288,-2.446576274905965e-07,0.47765251994132996,0.8028856515884399,-0.02200143411755562,0.5237904787063599,0.812839925289154,-0.02761727385222912,0.5588815808296204,0.8430027961730957,-0.027323417365550995,0.5833833813667297,0.8658667206764221,-0.02344324439764023,0.5274756550788879,0.8864958882331848,-0.0258357971906662,0.5835510492324829,0.9028117060661316,-0.027892155572772026,0.5857146978378296,0.8695775866508484,-0.024720145389437675,0.5716326832771301,0.8526477217674255,-0.021466488018631935,0.5192976593971252,0.9138466715812683,-0.012957196682691574,0.5685757398605347,0.9041346311569214,-0.013533412478864193,0.5674082040786743,0.8712542057037354,-0.010297756642103195,0.5540892481803894,0.8589796423912048,-0.008410290814936161,0.513740062713623,0.9227367639541626,-0.000803827540948987,0.556921660900116,0.9001379013061523,-0.003568995511159301,0.5530219078063965,0.876514196395874,-0.0013559804065153003,0.5390769243240356,0.8677080273628235,-8.381165389437228e-05,0.5133222341537476,0.9212484955787659,0.010388202033936977,0.5479756593704224,0.8991755843162537,0.006345747504383326,0.5439705848693848,0.882892370223999,0.0077319215051829815,0.5319264531135559,0.8774709105491638,0.009894764982163906
3200.000000000003,0.7881999015808105,0.581870973110199,-5.481925313688407e-08,0.7775195837020874,0.5643044710159302,-0.0012872472871094942,0.7575470209121704,0.5633286237716675,-0.0019633504562079906,0.74761962890625,0.5773007273674011,-0.0030041157733649015,0.7453932166099548,0.5910373330116272,-0.003969185054302216,0.7375578284263611,0.5682903528213501,-0.0003412367950659245,0.7373736500740051,0.5860348343849182,-0.006495358422398567,0.7482297420501709,0.5866270661354065,-0.01168471947312355,0.7538949847221375,0.5828161239624023,-0.014718945138156414,0.7394759058952332,0.5876546502113342,-0.002352153416723013,0.7426989078521729,0.6041271090507507,-0.005690326914191246,0.7541526556015015,0.6017137169837952,-0.007362889591604471,0.7596350908279419,0.596572756767273,-0.008244735188782215,0.7463932633399963,0.6066672801971436,-0.004874532110989094,0.7492958307266235,0.6229248642921448,-0.008485278114676476,0.7601543664932251,0.6192545294761658,-0.006582628469914198,0.7655208706855774,0.6133575439453125,-0.0049844589084386826,0.755660891532898,0.6231722831726074,-0.007599449250847101,0.7567738890647888,0.6370035409927368,-0.00980258360505104,0.7655363082885742,0.6339482069015503,-0.006715651135891676,0.7698938846588135,0.6282409429550171,-0.0036078894045203924,0.4337177276611328,0.8509563207626343,-2.551635702729982e-07,0.47761398553848267,0.8021658062934875,-0.021687522530555725,0.5247629880905151,0.8123583197593689,-0.026963431388139725,0.5595575571060181,0.8432825803756714,-0.026302283629775047,0.5838125944137573,0.8667512536048889,-0.021985085681080818,0.5287917256355286,0.8886443972587585,-0.024416903033852577,0.5838225483894348,0.9033800959587097,-0.025346368551254272,0.585662841796875,0.8691277503967285,-0.021830089390277863,0.5710135102272034,0.8522397875785828,-0.01861092448234558,0.5201036334037781,0.9150609374046326,-0.01154435146600008,0.5680614113807678,0.903555154800415,-0.010784233920276165,0.5668913722038269,0.8708457946777344,-0.0072550405748188496,0.5533851385116577,0.8589627146720886,-0.005532616283744574,0.5137795209884644,0.9228529334068298,0.0006117044249549508,0.5562952160835266,0.898814857006073,-0.000896546698641032,0.5525909662246704,0.8749387860298157,0.0015217955224215984,0.5388178825378418,0.8661254644393921,0.0024546405766159296,0.5122712254524231,0.920172929763794,0.011779110878705978,0.5461338758468628,0.8965557813644409,0.008531992323696613,0.5418673753738403,0.8803190588951111,0.010105080902576447,0.529787540435791,0.8751714825630188,0.012136952020227909
3233.3333333333367,0.43571093678474426,0.853472888469696,-2.4227543349297775e-07,0.4771191477775574,0.8045381903648376,-0.025574224069714546,0.5235657095909119,0.8140050768852234,-0.03167475014925003,0.5590019226074219,0.8455381393432617,-0.030653370544314384,0.5831212997436523,0.8680973649024963,-0.025709262117743492,0.5293956398963928,0.8897095918655396,-0.028833679854869843,0.585742712020874,0.9033403992652893,-0.029615454375743866,0.5882293581962585,0.869443416595459,-0.025212854146957397,0.575115442276001,0.8514507412910461,-0.021113460883498192,0.5219712853431702,0.9161069989204407,-0.01326783187687397,0.571469783782959,0.9053176641464233,-0.01254512183368206,0.5718217492103577,0.8705631494522095,-0.00897273886948824,0.5601873993873596,0.8556302785873413,-0.006911493372172117,0.5168545842170715,0.9240120649337769,0.0015686198603361845,0.5593371391296387,0.9008297324180603,2.0469977243919857e-05,0.5569096207618713,0.8754316568374634,0.001610368024557829,0.5440949201583862,0.8646036386489868,0.002296287566423416,0.5164231657981873,0.9218406677246094,0.01517424825578928,0.5500147938728333,0.8992107510566711,0.011301925405859947,0.5475901365280151,0.8818368315696716,0.011770568788051605,0.5368649363517761,0.8754602670669556,0.013399728573858738
3266.66666666667,0.7790080904960632,0.569024384021759,-3.277981193150481e-07,0.7625080943107605,0.6166229248046875,-0.0058286008425056934,0.734444797039032,0.6495881080627441,-0.011672512628138065,0.714234471321106,0.6612119078636169,-0.0176346767693758,0.6991773247718811,0.6599429845809937,-0.02288844622671604,0.7020561695098877,0.6111741065979004,-0.007469809148460627,0.7008850574493408,0.640483558177948,-0.019918931648135185,0.7133758068084717,0.6420676708221436,-0.030838217586278915,0.7221149206161499,0.6328282952308655,-0.03689436614513397,0.7015141248703003,0.5863442420959473,-0.009838554076850414,0.7044554352760315,0.6203186511993408,-0.018638651818037033,0.7175056338310242,0.6232611536979675,-0.02412126213312149,0.7264972925186157,0.6144757270812988,-0.02726464346051216,0.7063828706741333,0.5649805068969727,-0.012971633113920689,0.7089265584945679,0.6004254817962646,-0.020083336159586906,0.7217931151390076,0.6030299067497253,-0.018282663077116013,0.7296598553657532,0.5960226058959961,-0.016135096549987793,0.7141886353492737,0.5471070408821106,-0.01687670312821865,0.7150601148605347,0.575462281703949,-0.019950484856963158,0.7255547046661377,0.5803664922714233,-0.014970873482525349,0.7319738268852234,0.5766848921775818,-0.00987909734249115,0.4369882047176361,0.8558937907218933,-2.257218199019917e-07,0.4773586392402649,0.8061776757240295,-0.026367204263806343,0.5240305066108704,0.8150674700737,-0.03168927878141403,0.5600401163101196,0.8471289277076721,-0.0293191559612751,0.5838708281517029,0.8704273104667664,-0.02295590564608574,0.5298036932945251,0.8918296694755554,-0.029856722801923752,0.5868796706199646,0.9058499336242676,-0.028575200587511063,0.5926970839500427,0.8746245503425598,-0.022124407812952995,0.5820153951644897,0.8561787605285645,-0.01671459898352623,0.5232005715370178,0.9188467860221863,-0.013176408596336842,0.5749470591545105,0.9091860055923462,-0.010047259740531445,0.5794694423675537,0.875399649143219,-0.005303981713950634,0.5700938105583191,0.8575447201728821,-0.0029508820734918118,0.5186678171157837,0.927161693572998,0.0028506482485681772,0.5621004104614258,0.9044355154037476,0.0032979273237288,0.5635336637496948,0.87870854139328,0.004566859919577837,0.5534479022026062,0.865317165851593,0.0044347308576107025,0.5185080170631409,0.9254916310310364,0.017520420253276825,0.5514862537384033,0.9026777148246765,0.014522287994623184,0.5520455837249756,0.8844165205955505,0.014116226695477962,0.5437952280044556,0.8754085302352905,0.014713902957737446
3300.0000000000036,0.43804100155830383,0.8568823933601379,-2.4200610937441525e-07,0.4784434735774994,0.8066510558128357,-0.025162147358059883,0.5247941017150879,0.8160991072654724,-0.030428273603320122,0.5610334873199463,0.8485183119773865,-0.028529591858386993,0.585296094417572,0.872169017791748,-0.02270512282848358,0.5304044485092163,0.8931845426559448,-0.02763115055859089,0.5880938768386841,0.9049546122550964,-0.026879562065005302,0.5907219052314758,0.8720085024833679,-0.02156994678080082,0.5771192908287048,0.8552057147026062,-0.017089035362005234,0.523512601852417,0.9199305176734924,-0.011983794160187244,0.5756332278251648,0.9114322662353516,-0.009449939243495464,0.5788755416870117,0.8773071765899658,-0.00557045079767704,0.5683965086936951,0.8602522015571594,-0.0038281972520053387,0.5185381174087524,0.9279912710189819,0.002989336848258972,0.5628316402435303,0.9068211913108826,0.00273480755276978,0.5629128217697144,0.8808523416519165,0.004120212979614735,0.5517200231552124,0.8682389855384827,0.004164328798651695,0.517996072769165,0.9257410764694214,0.016703162342309952,0.5518733859062195,0.903828501701355,0.013504783622920513,0.5510260462760925,0.8857154250144958,0.013617312535643578,0.5415008068084717,0.8777185678482056,0.014532511122524738
3333.333333333337,0.43729522824287415,0.8584277033805847,-2.44129381599123e-07,0.4776019752025604,0.8078222274780273,-0.02589893899857998,0.5242953300476074,0.8167821168899536,-0.031711943447589874,0.5613017082214355,0.8491678833961487,-0.030306873843073845,0.5861884951591492,0.8729791641235352,-0.024884579703211784,0.5303570032119751,0.8943859338760376,-0.02775065414607525,0.5879961252212524,0.905849039554596,-0.027673322707414627,0.5900909900665283,0.8716278672218323,-0.02319154515862465,0.5762050747871399,0.8554573655128479,-0.019372763112187386,0.5240269899368286,0.9213702082633972,-0.011917115189135075,0.5767104029655457,0.913520336151123,-0.009976326487958431,0.5801554918289185,0.8778499364852905,-0.00646617915481329,0.569608747959137,0.861630380153656,-0.0050050923600792885,0.5194774270057678,0.9296531677246094,0.00309945666231215,0.5646690726280212,0.910473644733429,0.0022226416040211916,0.5651870965957642,0.883255124092102,0.0033345024567097425,0.5537185072898865,0.8708375692367554,0.003246847540140152,0.5192859768867493,0.9278018474578857,0.016796251758933067,0.5537846684455872,0.9070258140563965,0.013036239892244339,0.5530863404273987,0.8883953094482422,0.012746598571538925,0.543166995048523,0.8810319900512695,0.013413981534540653
3366.6666666666706,0.6909933090209961,0.5443193912506104,-4.159009847626294e-08,0.6641986966133118,0.5683776140213013,-0.0016242454294115305,0.6508976221084595,0.6179603934288025,-0.006941761821508408,0.6478962898254395,0.6617177128791809,-0.011970081366598606,0.6447558403015137,0.6975196003913879,-0.018220914527773857,0.6488568782806396,0.6167801022529602,-0.029377644881606102,0.6598926782608032,0.6854820251464844,-0.04208756238222122,0.6651195287704468,0.6912112236022949,-0.04641968756914139,0.6673349142074585,0.6758061647415161,-0.047077883034944534,0.6727696061134338,0.6079892516136169,-0.03415493294596672,0.6861633658409119,0.6791427135467529,-0.043027132749557495,0.6885198354721069,0.6866110563278198,-0.04210161045193672,0.6882737278938293,0.6762566566467285,-0.04226764291524887,0.6984574794769287,0.5976518988609314,-0.03787479177117348,0.7094658613204956,0.661304235458374,-0.04652165621519089,0.7098851799964905,0.6591935157775879,-0.04140208661556244,0.7073030471801758,0.6416311264038086,-0.03764640912413597,0.7228192687034607,0.5877031683921814,-0.041063155978918076,0.7289938926696777,0.6442770957946777,-0.049610503017902374,0.7289742827415466,0.6460472941398621,-0.04613293334841728,0.7275238037109375,0.6313168406486511,-0.04245401546359062,0.4389163553714752,0.8584203720092773,-2.425145169127063e-07,0.479849249124527,0.8089024424552917,-0.024775689467787743,0.5255829095840454,0.8188971281051636,-0.030082011595368385,0.5615617036819458,0.8518250584602356,-0.0284956656396389,0.5853421092033386,0.8753639459609985,-0.023048575967550278,0.5308934450149536,0.896515429019928,-0.026278458535671234,0.5876131653785706,0.9077357649803162,-0.025936150923371315,0.5894821882247925,0.8735519051551819,-0.02142803929746151,0.5757439136505127,0.8569095134735107,-0.01753007434308529,0.5241864919662476,0.9226147532463074,-0.010927722789347172,0.5744777321815491,0.9138808846473694,-0.00874190405011177,0.5773095488548279,0.8793739676475525,-0.005584832280874252,0.5671409368515015,0.8635721802711487,-0.0043888031505048275,0.519288182258606,0.9305390119552612,0.0037251089233905077,0.5624071955680847,0.910834014415741,0.0031938839238137007,0.5625240802764893,0.8851270079612732,0.004085503984242678,0.5510837435722351,0.8731287717819214,0.003805418498814106,0.5191396474838257,0.9285072684288025,0.017146477475762367,0.5523942708969116,0.908011794090271,0.013981323689222336,0.5509101152420044,0.890022337436676,0.014050127007067204,0.5406116843223572,0.882814884185791,0.01494466233998537
3400.000000000004,0.6907880306243896,0.5437347888946533,-8.088981928722205e-08,0.6632219552993774,0.5703691244125366,-0.0006122527993284166,0.6498113870620728,0.6193699836730957,-0.006140821147710085,0.6465439200401306,0.6639538407325745,-0.011485530063509941,0.6449379920959473,0.7011164426803589,-0.017718644812703133,0.6472959518432617,0.6137087345123291,-0.03318459168076515,0.6583214402198792,0.6899579167366028,-0.045929085463285446,0.667599618434906,0.6966341733932495,-0.04901232570409775,0.6706995964050293,0.6794426441192627,-0.0485985092818737,0.6721405982971191,0.6044821739196777,-0.038494255393743515,0.6853781938552856,0.6831310987472534,-0.04769264534115791,0.6893972754478455,0.6881529092788696,-0.04556891322135925,0.6879304051399231,0.6739855408668518,-0.044822193682193756,0.6980710625648499,0.5948094129562378,-0.04227672889828682,0.7084017395973206,0.6634855270385742,-0.05086054280400276,0.7082616090774536,0.6560776829719543,-0.04422536864876747,0.7043248414993286,0.6330479383468628,-0.03963426500558853,0.7231387495994568,0.5863243341445923,-0.04545292258262634,0.7286350131034851,0.6454166769981384,-0.05396611616015434,0.7277071475982666,0.6416220664978027,-0.04942784458398819,0.7254266738891602,0.6203612685203552,-0.04522945359349251,0.43916288018226624,0.8596239686012268,-2.386373125773389e-07,0.47936567664146423,0.808780312538147,-0.024547087028622627,0.5249479413032532,0.8179817795753479,-0.030062852427363396,0.5611242651939392,0.8519871830940247,-0.028434032574295998,0.5862509608268738,0.8750373721122742,-0.022894607856869698,0.5310173034667969,0.8940069675445557,-0.02912653610110283,0.5880398750305176,0.9079431891441345,-0.02870042249560356,0.5930884480476379,0.87723708152771,-0.022947125136852264,0.5824440717697144,0.859502375125885,-0.01797264628112316,0.5247411727905273,0.9218757152557373,-0.013809899799525738,0.5763299465179443,0.9130358099937439,-0.011479885317385197,0.5805500149726868,0.8788289427757263,-0.006730176508426666,0.5710514187812805,0.8614383935928345,-0.004344953689724207,0.5202637910842896,0.9308692812919617,0.000947528809774667,0.5644673705101013,0.9104063510894775,0.0008733184658922255,0.5657838582992554,0.8844313621520996,0.002925081178545952,0.555335283279419,0.8711775541305542,0.00335695780813694,0.5200762152671814,0.9294474720954895,0.01443899143487215,0.5534359812736511,0.9088759422302246,0.011620558798313141,0.5537940859794617,0.8904403448104858,0.011802385561168194,0.5451255440711975,0.8816519975662231,0.012676635757088661
3433.3333333333376,0.7170524597167969,0.5328375101089478,-2.9341018148443254e-07,0.6807514429092407,0.5634149312973022,-0.0038423354271799326,0.6543877720832825,0.5991677045822144,-0.011441151611506939,0.6432192921638489,0.6373769044876099,-0.01931639015674591,0.638286292552948,0.671454131603241,-0.028079785406589508,0.6502217650413513,0.5596418976783752,-0.015718979761004448,0.6579541563987732,0.6357099413871765,-0.029760045930743217,0.6641018390655518,0.6489388942718506,-0.04055287316441536,0.6651741862297058,0.642255961894989,-0.04719037935137749,0.6735622882843018,0.5441026091575623,-0.02139536663889885,0.6832857728004456,0.6294975280761719,-0.031328991055488586,0.6849297881126404,0.6392882466316223,-0.036366917192935944,0.6819458603858948,0.6326930522918701,-0.041753437370061874,0.6972016096115112,0.5347183346748352,-0.02717079222202301,0.7064329981803894,0.6172794103622437,-0.03742404282093048,0.7044628858566284,0.6246064901351929,-0.03611243888735771,0.6976684927940369,0.6164209842681885,-0.03568049892783165,0.7193112969398499,0.5315656065940857,-0.03311910107731819,0.7248331308364868,0.6010512709617615,-0.04128696024417877,0.7223626971244812,0.6076889038085938,-0.03842733055353165,0.716231107711792,0.5986033082008362,-0.03602299839258194,0.43855178356170654,0.8608256578445435,-2.2537871302574786e-07,0.47862738370895386,0.8098850250244141,-0.025109417736530304,0.5246977210044861,0.8193225264549255,-0.03004339523613453,0.560262143611908,0.8526062965393066,-0.0277860127389431,0.5840284824371338,0.876461923122406,-0.02156941033899784,0.5314374566078186,0.8969072103500366,-0.026583727449178696,0.5873273015022278,0.9105011224746704,-0.026056261733174324,0.592652440071106,0.8783332109451294,-0.02121356688439846,0.5819932222366333,0.8598671555519104,-0.01686670258641243,0.5252431631088257,0.9231975674629211,-0.010908695869147778,0.5767827033996582,0.9160653352737427,-0.008273742161691189,0.5824554562568665,0.8818031549453735,-0.004447769373655319,0.5739321112632751,0.863617479801178,-0.0026559827383607626,0.5207713842391968,0.9313385486602783,0.003934097476303577,0.5655165314674377,0.9127784967422485,0.003760538063943386,0.5681222677230835,0.8863152861595154,0.004788363818079233,0.5585967898368835,0.8722072243690491,0.004715421702712774,0.5205699801445007,0.9296433329582214,0.017474936321377754,0.5546815991401672,0.909473717212677,0.014551052823662758,0.5556144714355469,0.890720546245575,0.014411295764148235,0.5472773909568787,0.8814382553100586,0.015189409255981445
3466.666666666671,0.43727484345436096,0.8576927185058594,-2.2336553229251876e-07,0.47859281301498413,0.8073821663856506,-0.024081557989120483,0.5249729156494141,0.8179817199707031,-0.028849337249994278,0.56077641248703,0.8519158363342285,-0.026665886864066124,0.5847899317741394,0.8760156035423279,-0.02054600976407528,0.5307526588439941,0.8953981399536133,-0.025036942213773727,0.5855824947357178,0.9098595380783081,-0.023778501898050308,0.591334879398346,0.8778522610664368,-0.018594658002257347,0.5812467336654663,0.8598030209541321,-0.014201903715729713,0.5234363675117493,0.9217586517333984,-0.009989428333938122,0.5743634700775146,0.915700376033783,-0.006405014544725418,0.5802528262138367,0.8815410137176514,-0.0021199146285653114,0.571988582611084,0.8632403016090393,-0.0003007223131135106,0.5180312395095825,0.9294353127479553,0.004264950752258301,0.5624388456344604,0.9122682213783264,0.004856143146753311,0.5653090476989746,0.8859485983848572,0.006344673223793507,0.556097149848938,0.871769368648529,0.006285747513175011,0.5170249938964844,0.9273288249969482,0.01727907732129097,0.5512197613716125,0.9089143872261047,0.015055711381137371,0.5523738861083984,0.8905009031295776,0.01542619988322258,0.5441896319389343,0.8810560703277588,0.016320742666721344
3500.0000000000045,0.6976736187934875,0.4971860647201538,-2.482468062225962e-07,0.6887442469596863,0.5308139324188232,-0.011426989920437336,0.6891524791717529,0.5599311590194702,-0.023042947053909302,0.6930087208747864,0.5794674754142761,-0.03391033411026001,0.7013050317764282,0.588625967502594,-0.046027664095163345,0.6889074444770813,0.5162474513053894,-0.027205511927604675,0.7184638977050781,0.5477958917617798,-0.0414227657020092,0.729554295539856,0.5586894750595093,-0.053185559809207916,0.7339742183685303,0.5621816515922546,-0.06073813512921333,0.709120512008667,0.4884091019630432,-0.030294181779026985,0.737747073173523,0.5250536203384399,-0.04039570689201355,0.7473520636558533,0.5439023971557617,-0.04490002617239952,0.7514011263847351,0.5548393130302429,-0.04961710795760155,0.7275290489196777,0.4694666564464569,-0.03347863256931305,0.7545637488365173,0.5055207014083862,-0.04530162736773491,0.7618608474731445,0.5259498953819275,-0.04496832191944122,0.7644176483154297,0.5389174222946167,-0.044688545167446136,0.7429758906364441,0.4570367634296417,-0.037698518484830856,0.7666866779327393,0.48050814867019653,-0.04603896290063858,0.7749037742614746,0.4961478114128113,-0.04256230592727661,0.7794680595397949,0.5087340474128723,-0.04008379578590393,0.4360371232032776,0.8564668893814087,-2.3927563574943633e-07,0.4772760570049286,0.8057754039764404,-0.02470417134463787,0.5234439969062805,0.8154720067977905,-0.0302671380341053,0.5599008202552795,0.8493741154670715,-0.02907685749232769,0.5849726796150208,0.8734461069107056,-0.023902088403701782,0.5307275056838989,0.8927438855171204,-0.02547002024948597,0.5859222412109375,0.9064682126045227,-0.025696396827697754,0.5893419981002808,0.8731894493103027,-0.021681347861886024,0.5767031908035278,0.8565399646759033,-0.01808040402829647,0.523140549659729,0.9196847081184387,-0.010643825866281986,0.5732861161231995,0.9129487872123718,-0.009017469361424446,0.5764480829238892,0.8782856464385986,-0.005573841743171215,0.5656690001487732,0.8626213669776917,-0.003958579618483782,0.5174343585968018,0.927929162979126,0.0032488007564097643,0.5611268281936646,0.90994793176651,0.0019796527922153473,0.5615803599357605,0.8835962414741516,0.003216838464140892,0.5499506592750549,0.8718038201332092,0.0034206490963697433,0.5163639783859253,0.9264841079711914,0.015899479389190674,0.5507152676582336,0.907481849193573,0.012333801947534084,0.55026775598526,0.8890023827552795,0.012481072917580605,0.5402705669403076,0.8814389109611511,0.013529375195503235
3533.333333333338,0.7222415208816528,0.4882633686065674,-5.771149602651349e-08,0.6997929811477661,0.5216941237449646,-0.0035407363902777433,0.6983674168586731,0.5561280250549316,-0.012606123462319374,0.7066951394081116,0.5937130451202393,-0.021654976531863213,0.7092152833938599,0.6263532638549805,-0.03300195559859276,0.7005590796470642,0.5214807987213135,-0.027353450655937195,0.7300252318382263,0.578460156917572,-0.035230185836553574,0.7375373840332031,0.5957401990890503,-0.03909900411963463,0.7370872497558594,0.5971747040748596,-0.04203787446022034,0.722480058670044,0.49834325909614563,-0.03267759457230568,0.7532485127449036,0.5627346634864807,-0.03730544075369835,0.755041241645813,0.5773884057998657,-0.037907712161540985,0.7524192929267883,0.5736227035522461,-0.041803281754255295,0.743293285369873,0.4822152256965637,-0.0364781953394413,0.7716570496559143,0.5404714941978455,-0.04055092856287956,0.7707875967025757,0.5496572852134705,-0.03608456999063492,0.7651396989822388,0.5432043075561523,-0.035896219313144684,0.761768639087677,0.47249874472618103,-0.04030017927289009,0.7834643125534058,0.5148472189903259,-0.04680824279785156,0.7827821969985962,0.5227364897727966,-0.043176647275686264,0.7799013257026672,0.516787052154541,-0.04142216965556145,0.4366418719291687,0.8560250401496887,-2.4743806648075406e-07,0.4777206778526306,0.8054595589637756,-0.023084795102477074,0.523624062538147,0.8146272301673889,-0.028582243248820305,0.5598874092102051,0.8479228019714355,-0.02789304219186306,0.5847197771072388,0.8719663619995117,-0.023337535560131073,0.5306837558746338,0.8918779492378235,-0.024693284183740616,0.5860143899917603,0.9060479402542114,-0.025557341054081917,0.5884854793548584,0.8721755146980286,-0.02191988378763199,0.5752637982368469,0.8557929396629333,-0.018569020554423332,0.5233364701271057,0.9193916916847229,-0.011239912360906601,0.5742550492286682,0.9125358462333679,-0.010568124242126942,0.5764649510383606,0.8771554827690125,-0.0073919775895774364,0.5649522542953491,0.8617353439331055,-0.005762930028140545,0.5178744196891785,0.9280275106430054,0.001387866330333054,0.562602698802948,0.9097913503646851,-0.00031029112869873643,0.5617316365242004,0.8833317756652832,0.0014854426262900233,0.5490259528160095,0.8720728754997253,0.0022057858295738697,0.5171276330947876,0.9264734983444214,0.012850018218159676,0.5519171953201294,0.9071625471115112,0.009342349134385586,0.5507520437240601,0.8888716101646423,0.010075020603835583,0.5401111245155334,0.8819387555122375,0.01158470381051302
3566.6666666666715,0.7600278258323669,0.49149012565612793,-1.9100936299309978e-07,0.7329437732696533,0.5365638136863708,-0.004782926291227341,0.7153319716453552,0.5841342806816101,-0.013733835890889168,0.7115997672080994,0.6260132193565369,-0.023451924324035645,0.7076205611228943,0.660108208656311,-0.03244621306657791,0.6904081106185913,0.5481403470039368,-0.012783404439687729,0.7223929762840271,0.6254934072494507,-0.02989170514047146,0.7322984933853149,0.6167265176773071,-0.04094227775931358,0.7269018292427063,0.5937454104423523,-0.04701735079288483,0.7126303315162659,0.5254529118537903,-0.018975339829921722,0.7450478076934814,0.6096505522727966,-0.03293824940919876,0.7480539083480835,0.5953904986381531,-0.037348467856645584,0.7409724593162537,0.5737044811248779,-0.04084978625178337,0.736821711063385,0.508182942867279,-0.0260072760283947,0.7645210027694702,0.5862475633621216,-0.03925887122750282,0.7655903100967407,0.5714663863182068,-0.03535272926092148,0.7572833895683289,0.5508778691291809,-0.03204182907938957,0.7617694139480591,0.4955657422542572,-0.03352750465273857,0.7800581455230713,0.5533019304275513,-0.043892938643693924,0.7796441912651062,0.5417085886001587,-0.04051196947693825,0.7719792127609253,0.5201239585876465,-0.03642132133245468,0.436520516872406,0.8554626703262329,-2.4247239593933045e-07,0.47788235545158386,0.8058457374572754,-0.02299121953547001,0.5236458778381348,0.8156301975250244,-0.028048280626535416,0.5595914721488953,0.8486917018890381,-0.02668638527393341,0.5843371152877808,0.8715818524360657,-0.02144683711230755,0.5310547351837158,0.8919925093650818,-0.02518587000668049,0.5858902335166931,0.9054563045501709,-0.024813612923026085,0.5903176665306091,0.8735495209693909,-0.01998373307287693,0.5794792771339417,0.8559600710868835,-0.015765678137540817,0.5238749384880066,0.9191799759864807,-0.011259856633841991,0.5734530091285706,0.9114998579025269,-0.009148185141384602,0.5771927237510681,0.8776906728744507,-0.005363022442907095,0.567531943321228,0.8608884215354919,-0.003558176103979349,0.5185269117355347,0.9276856184005737,0.002002580091357231,0.5617024302482605,0.9092181921005249,0.0016799344448372722,0.562461793422699,0.8841788172721863,0.003271389752626419,0.5515010356903076,0.8716962337493896,0.0035204607993364334,0.5176796317100525,0.9260116219520569,0.01409731712192297,0.5512785911560059,0.9075395464897156,0.011524203233420849,0.5516595244407654,0.8894902467727661,0.012052761390805244,0.5427994728088379,0.8807673454284668,0.013215483166277409
3600.000000000005,0.7317103147506714,0.5223712921142578,-1.36524761273904e-07,0.7090424299240112,0.5652674436569214,-0.005035779904574156,0.7013378739356995,0.6071997284889221,-0.0140363285318017,0.7043768167495728,0.6463063359260559,-0.023437080904841423,0.7065690755844116,0.6721669435501099,-0.033976271748542786,0.6862093210220337,0.5762844085693359,-0.01930433139204979,0.7150586247444153,0.6447975635528564,-0.031147584319114685,0.7301246523857117,0.6591494083404541,-0.03772996738553047,0.7338017821311951,0.6511346101760864,-0.041562486439943314,0.7081929445266724,0.5511709451675415,-0.02468973957002163,0.7434551119804382,0.6279144287109375,-0.03417056053876877,0.7511125802993774,0.6361199617385864,-0.03602581471204758,0.7483913898468018,0.6264121532440186,-0.03884332627058029,0.7320046424865723,0.5315364599227905,-0.030029650777578354,0.7639978528022766,0.6039997339248657,-0.03920353576540947,0.7661429643630981,0.6100395321846008,-0.03589187562465668,0.759423017501831,0.5985761880874634,-0.03421952575445175,0.7541612982749939,0.517769455909729,-0.03571915999054909,0.777340292930603,0.5749915838241577,-0.04579029232263565,0.7767332196235657,0.5812919735908508,-0.044116243720054626,0.7705169320106506,0.5695863962173462,-0.04179100692272186,0.4397333264350891,0.8552898168563843,-2.3146237992932583e-07,0.48027995228767395,0.8069019913673401,-0.023821156471967697,0.5249952077865601,0.8165282607078552,-0.029355047270655632,0.5604396462440491,0.8487886786460876,-0.0284565519541502,0.5852360725402832,0.8709589838981628,-0.023806152865290642,0.5322231650352478,0.8927446603775024,-0.02629377879202366,0.5876697301864624,0.9043128490447998,-0.02731286734342575,0.590971827507019,0.8717899322509766,-0.02397577092051506,0.5786970853805542,0.8552318215370178,-0.020753489807248116,0.5260276198387146,0.9194825887680054,-0.012339171022176743,0.577725350856781,0.9130448698997498,-0.011676565743982792,0.5820242166519165,0.8787193894386292,-0.008887449279427528,0.5719500780105591,0.861522376537323,-0.007589631713926792,0.5212653279304504,0.9276765584945679,0.0008316806051880121,0.5668966770172119,0.9103317856788635,-0.0011018128134310246,0.5684804916381836,0.8836444616317749,2.1709611246478744e-05,0.5574927926063538,0.8702890276908875,0.0003460052248556167,0.5208229422569275,0.9255298376083374,0.012804132886230946,0.5559219717979431,0.9074675440788269,0.008726406842470169,0.5569335222244263,0.8884855508804321,0.008739534765481949,0.5479879379272461,0.87944096326828,0.009770852513611317
3633.3333333333385,0.7224713563919067,0.5142316818237305,-1.038858812307808e-07,0.6975651383399963,0.5573872923851013,-0.001445122412405908,0.6923120617866516,0.6018685102462769,-0.011386033147573471,0.7015321850776672,0.6448461413383484,-0.02185467630624771,0.7058975696563721,0.6781368255615234,-0.034307725727558136,0.6867481470108032,0.5771805047988892,-0.03150588646531105,0.7181119322776794,0.6480640769004822,-0.043213408440351486,0.7292905449867249,0.6665539145469666,-0.04794469475746155,0.7342564463615417,0.6630595326423645,-0.05031836777925491,0.7099560499191284,0.5537225008010864,-0.03925887495279312,0.7436224222183228,0.6329668760299683,-0.04816495627164841,0.7397912740707397,0.637810230255127,-0.04602974280714989,0.7347068190574646,0.6238253712654114,-0.0463668629527092,0.7334961295127869,0.533945620059967,-0.04554435983300209,0.7639908194541931,0.6064493656158447,-0.0527128204703331,0.7561891674995422,0.6034764051437378,-0.04447090998291969,0.7479334473609924,0.5863356590270996,-0.040007639676332474,0.7556493878364563,0.5189738869667053,-0.051753219217061996,0.7764905691146851,0.5785502791404724,-0.06062358245253563,0.7691848874092102,0.5781210660934448,-0.05516233295202255,0.7614167332649231,0.5628780722618103,-0.050526756793260574,0.43913236260414124,0.8559691309928894,-2.3900034307189344e-07,0.47965207695961,0.8063557744026184,-0.022214537486433983,0.5251511931419373,0.8160537481307983,-0.026861056685447693,0.5611396431922913,0.849212110042572,-0.02536003850400448,0.5861619114875793,0.8721060752868652,-0.020186811685562134,0.5327835083007812,0.8914673328399658,-0.023866644129157066,0.5874530076980591,0.904808759689331,-0.023843957111239433,0.5916454792022705,0.8735922574996948,-0.019666606560349464,0.5800702571868896,0.8574434518814087,-0.01596844010055065,0.5255721211433411,0.918684184551239,-0.010501831769943237,0.575939953327179,0.9121947884559631,-0.008666623383760452,0.5799575448036194,0.8789253830909729,-0.0050796321593225,0.5698251128196716,0.8630408048629761,-0.003409691620618105,0.5200133323669434,0.9275555610656738,0.0021109881345182657,0.5639761686325073,0.9103041291236877,0.0010821875184774399,0.5653144121170044,0.8850118517875671,0.002563648857176304,0.5543249249458313,0.873090922832489,0.00292099523358047,0.5188950300216675,0.9263174533843994,0.013633706606924534,0.5531120300292969,0.9083222150802612,0.01043789368122816,0.5537357330322266,0.890150785446167,0.010816290974617004,0.5446262359619141,0.8818599581718445,0.011925242841243744
3666.666666666672,0.444692999124527,0.8554581999778748,-2.2900900376043865e-07,0.48503199219703674,0.8080082535743713,-0.02278902195394039,0.5285543203353882,0.8173506259918213,-0.028076382353901863,0.5640288591384888,0.8490103483200073,-0.026851540431380272,0.5888540744781494,0.8703449368476868,-0.02200222946703434,0.5355926156044006,0.892829418182373,-0.027161730453372,0.591397225856781,0.9034602642059326,-0.02689286880195141,0.5945869088172913,0.8721823692321777,-0.02208878844976425,0.582484781742096,0.8554936647415161,-0.01794481836259365,0.5287206172943115,0.9195955395698547,-0.013019802048802376,0.5798883438110352,0.9108971953392029,-0.011421102099120617,0.5836933851242065,0.8778541684150696,-0.0077970451675355434,0.5733551979064941,0.8606632947921753,-0.006141248159110546,0.5234412550926208,0.9279136657714844,0.0007034065201878548,0.5681560039520264,0.9084177613258362,-0.0003018267161678523,0.5693582892417908,0.8832377791404724,0.001175064593553543,0.558175265789032,0.8702048063278198,0.0015054501127451658,0.5225943326950073,0.9261411428451538,0.013363176956772804,0.556237518787384,0.9067912101745605,0.009791540913283825,0.5571390390396118,0.888037919998169,0.009667587466537952,0.5485970973968506,0.8788375854492188,0.010450255125761032
3700.0000000000055,0.7317966818809509,0.47997477650642395,-1.269691267680173e-07,0.7249025106430054,0.5165292024612427,-0.013800478540360928,0.7268714904785156,0.5453824400901794,-0.02663918398320675,0.7406675219535828,0.5551497340202332,-0.03889143839478493,0.7564785480499268,0.5564646124839783,-0.051310744136571884,0.7115696668624878,0.507666826248169,-0.023693310096859932,0.7467955946922302,0.5313774347305298,-0.04247669875621796,0.7634785175323486,0.5326602458953857,-0.058313194662332535,0.7701698541641235,0.5266737937927246,-0.06741119921207428,0.7271060943603516,0.47674888372421265,-0.025346072390675545,0.7698706984519958,0.5082483291625977,-0.03666175901889801,0.7787669897079468,0.5113899111747742,-0.04148007556796074,0.7757445573806763,0.5060197710990906,-0.04553335905075073,0.7439574599266052,0.45469173789024353,-0.028383811935782433,0.7831265926361084,0.48290908336639404,-0.03646271675825119,0.786717414855957,0.4868129789829254,-0.03344030678272247,0.7806594967842102,0.48403844237327576,-0.031196866184473038,0.7600110173225403,0.43812131881713867,-0.03360520675778389,0.7902328968048096,0.4558179974555969,-0.037331730127334595,0.7937102913856506,0.462934672832489,-0.03174809366464615,0.7907692790031433,0.4639380872249603,-0.02700299583375454,0.44537490606307983,0.8571650981903076,-2.33510036196094e-07,0.48473620414733887,0.8076781630516052,-0.022498995065689087,0.5290518999099731,0.8162375688552856,-0.027508731931447983,0.5652255415916443,0.848729133605957,-0.026403270661830902,0.589996874332428,0.8715833425521851,-0.021478045731782913,0.537394106388092,0.8914058804512024,-0.024596763774752617,0.5933469533920288,0.9046854972839355,-0.025127967819571495,0.5960401892662048,0.8725809454917908,-0.021296311169862747,0.5829710364341736,0.8569619059562683,-0.017833808436989784,0.5307480096817017,0.918221116065979,-0.01106336247175932,0.5827603936195374,0.9125041961669922,-0.0104977423325181,0.5863804817199707,0.8778483867645264,-0.007210921496152878,0.5752955079078674,0.8621501326560974,-0.005349896382540464,0.5256907939910889,0.9266879558563232,0.0017444653203710914,0.5711717009544373,0.9100412726402283,-0.00010423553612781689,0.5727677345275879,0.883269727230072,0.0014630022924393415,0.5610059499740601,0.8712818622589111,0.0022499917540699244,0.5249844193458557,0.9251904487609863,0.013407303020358086,0.5594661235809326,0.9078900218009949,0.009752752259373665,0.5607588291168213,0.8889527320861816,0.009931218810379505,0.5513515472412109,0.8809038996696472,0.011091163381934166
3733.333333333339,0.4457329511642456,0.8552391529083252,-2.313072542392547e-07,0.48554497957229614,0.8057289719581604,-0.020396661013364792,0.5305906534194946,0.814397394657135,-0.02433083765208721,0.5663425326347351,0.846503496170044,-0.022523900493979454,0.5905465483665466,0.8686659932136536,-0.016991393640637398,0.5399342775344849,0.890258252620697,-0.021762287244200706,0.5938396453857422,0.90362948179245,-0.020938042551279068,0.5995391607284546,0.8734780550003052,-0.01628047227859497,0.5896180868148804,0.8562987446784973,-0.0122244106605649,0.5324240326881409,0.9174599647521973,-0.009250255301594734,0.5831242799758911,0.9114792346954346,-0.006672188173979521,0.5891124606132507,0.877747118473053,-0.0028706525918096304,0.5804264545440674,0.8599874377250671,-0.0010594942141324282,0.5263077020645142,0.9261926412582397,0.002625854453071952,0.5706103444099426,0.9104894995689392,0.002832554280757904,0.5745442509651184,0.8838884234428406,0.004511325154453516,0.5654703378677368,0.8698363304138184,0.00479692779481411,0.5240928530693054,0.9242414236068726,0.01343534141778946,0.5572088956832886,0.9087619185447693,0.011566913686692715,0.5608670711517334,0.8895760774612427,0.012105444446206093,0.554032027721405,0.8788372278213501,0.013106285594403744
3766.6666666666724,0.7398911118507385,0.49583011865615845,-1.6584608886205388e-07,0.7656704783439636,0.5222421288490295,-0.014108257368206978,0.7787379026412964,0.5521591305732727,-0.029105572029948235,0.7786490321159363,0.5797777771949768,-0.04123483598232269,0.7694399952888489,0.6051998734474182,-0.05341669172048569,0.7774997353553772,0.4947498142719269,-0.04621874541044235,0.7960918545722961,0.5625856518745422,-0.06736145913600922,0.7895516157150269,0.5728373527526855,-0.07970836758613586,0.7790375351905823,0.5641390681266785,-0.08567493408918381,0.7577695846557617,0.48474353551864624,-0.04587527737021446,0.784087598323822,0.5555338859558105,-0.060781627893447876,0.7757619023323059,0.5622809529304504,-0.0639466941356659,0.7661492824554443,0.5487566590309143,-0.0677456334233284,0.7380132675170898,0.48057717084884644,-0.045028459280729294,0.7618256211280823,0.5486149191856384,-0.05678790435194969,0.7584733963012695,0.554343581199646,-0.05310949310660362,0.7546641230583191,0.5403037071228027,-0.050976455211639404,0.7189661860466003,0.4815676808357239,-0.04530615359544754,0.7380478978157043,0.5409602522850037,-0.0562465563416481,0.738379955291748,0.5506117343902588,-0.054361868649721146,0.7358481287956238,0.5430170893669128,-0.052129823714494705,0.44829660654067993,0.8543282151222229,-2.2563492052540823e-07,0.4878592789173126,0.805228590965271,-0.02288082428276539,0.5326249599456787,0.8137955069541931,-0.027300827205181122,0.5688933730125427,0.8456898927688599,-0.025203969329595566,0.5937319397926331,0.8671199679374695,-0.01919751986861229,0.5408300161361694,0.8900454044342041,-0.024087512865662575,0.5954121351242065,0.9015915393829346,-0.02263551950454712,0.6003480553627014,0.8706752061843872,-0.017478281632065773,0.5903787612915039,0.8536624312400818,-0.013150370679795742,0.5340802669525146,0.9165524840354919,-0.00953866820782423,0.584334135055542,0.9088354110717773,-0.006641966290771961,0.5902084112167358,0.8753970861434937,-0.0028922571800649166,0.5817673802375793,0.8574126958847046,-0.0011730885598808527,0.529000997543335,0.9244794249534607,0.004392566159367561,0.5725562572479248,0.9058345556259155,0.004822905641049147,0.5766619443893433,0.8800019025802612,0.005986602045595646,0.5680773258209229,0.8660561442375183,0.0058831144124269485,0.5280089378356934,0.9223924875259399,0.017142485827207565,0.5611416697502136,0.9044292569160461,0.015019352547824383,0.5645235776901245,0.885301411151886,0.014980004169046879,0.5579266548156738,0.8748668432235718,0.01562460046261549
3800.000000000006,0.804619550704956,0.516605019569397,-3.454543673342414e-07,0.7956528663635254,0.5632111430168152,-0.008571619167923927,0.7702196836471558,0.6119266748428345,-0.012046493589878082,0.7504276037216187,0.6409657597541809,-0.014557531103491783,0.7311158180236816,0.6592467427253723,-0.015141129493713379,0.7191931009292603,0.5786223411560059,-0.0017943494021892548,0.728782057762146,0.6103251576423645,-0.011921770870685577,0.7473908066749573,0.6025497913360596,-0.0213822890073061,0.7574390172958374,0.5866145491600037,-0.026310041546821594,0.71457439661026,0.5573500990867615,-0.0014434756012633443,0.7291324734687805,0.5871975421905518,-0.006651663687080145,0.7464751601219177,0.5832597017288208,-0.011334587819874287,0.7555994987487793,0.5677323937416077,-0.014230205677449703,0.7168929576873779,0.537350058555603,-0.0024366434663534164,0.7326478958129883,0.5627409219741821,-0.009488706476986408,0.7493319511413574,0.5583751797676086,-0.00941916648298502,0.7576519250869751,0.54449862241745,-0.00852226559072733,0.7243343591690063,0.5196211934089661,-0.004288497380912304,0.7400691509246826,0.5341081023216248,-0.01157999038696289,0.758015513420105,0.5298008322715759,-0.010461334139108658,0.7656062245368958,0.5189136862754822,-0.0071046603843569756,0.44883397221565247,0.8529260158538818,-2.3657527492559893e-07,0.4883038401603699,0.8025327324867249,-0.024366067722439766,0.533399760723114,0.8105908036231995,-0.029161792248487473,0.569929838180542,0.8424026966094971,-0.02708374708890915,0.5950472950935364,0.8627734184265137,-0.02093791402876377,0.5422969460487366,0.888026237487793,-0.025279151275753975,0.5976967215538025,0.8977160453796387,-0.024161793291568756,0.6007263660430908,0.8653437495231628,-0.01891184411942959,0.5890526175498962,0.8481758236885071,-0.014435962773859501,0.5353543758392334,0.9139784574508667,-0.009791565127670765,0.5835860371589661,0.9032338261604309,-0.007576234173029661,0.5870271325111389,0.8691260814666748,-0.004186998121440411,0.5775611400604248,0.8532551527023315,-0.0025318695697933435,0.5301929712295532,0.9214931130409241,0.005032412242144346,0.5710954666137695,0.9003869295120239,0.004990730434656143,0.5731818675994873,0.8748345971107483,0.0058426633477211,0.5633315443992615,0.8625750541687012,0.005644279066473246,0.5291170477867126,0.9191122055053711,0.018570898100733757,0.5602341294288635,0.8992645740509033,0.016232678666710854,0.5609106421470642,0.8811964988708496,0.01619843766093254,0.5523863434791565,0.8732848763465881,0.017024382948875427
3833.3333333333394,0.8105624914169312,0.5317280292510986,-2.4315693281096173e-07,0.7948086857795715,0.5828313827514648,-0.00756186805665493,0.7678483128547668,0.623192310333252,-0.011993736028671265,0.7482801675796509,0.64490807056427,-0.01639285683631897,0.7293199300765991,0.6602639555931091,-0.019247226417064667,0.7208049297332764,0.5815770626068115,-0.0028593838214874268,0.7379172444343567,0.6289135217666626,-0.016941897571086884,0.755005955696106,0.6242159605026245,-0.028531000018119812,0.7591578364372253,0.6074581742286682,-0.03500190004706383,0.7287224531173706,0.5540558099746704,-0.005610964260995388,0.7509866952896118,0.6026812791824341,-0.015184974297881126,0.7645192742347717,0.5987886786460876,-0.02105221524834633,0.7657167911529541,0.5858938097953796,-0.024797460064291954,0.7450525760650635,0.5310972929000854,-0.010060402564704418,0.7686827182769775,0.5758432745933533,-0.02024376578629017,0.7809131741523743,0.5707504749298096,-0.019341297447681427,0.7812984585762024,0.558062732219696,-0.017628036439418793,0.7661046981811523,0.5138422846794128,-0.015455051325261593,0.7855965495109558,0.5451098680496216,-0.02360350824892521,0.7965521812438965,0.5406001210212708,-0.021694496273994446,0.7980636954307556,0.5273022651672363,-0.017971985042095184,0.44890525937080383,0.8533856272697449,-2.4144804910974926e-07,0.48878389596939087,0.8026562929153442,-0.022236255928874016,0.5334773063659668,0.8104559779167175,-0.02718166820704937,0.5694458484649658,0.8417364954948425,-0.026237325742840767,0.5941277742385864,0.8633909225463867,-0.021663270890712738,0.5428192615509033,0.8874845504760742,-0.022983966395258904,0.5976009368896484,0.8972439169883728,-0.02401548996567726,0.6003983020782471,0.8638964891433716,-0.02106413245201111,0.5876063704490662,0.847531795501709,-0.01812605746090412,0.5364696383476257,0.9137210845947266,-0.010035713203251362,0.5866745114326477,0.904662549495697,-0.009494619444012642,0.58988356590271,0.8697114586830139,-0.007033785805106163,0.5793542861938477,0.8540754914283752,-0.005850623827427626,0.5313642024993896,0.9215176701545715,0.0020300985779613256,0.5756534337997437,0.9032875299453735,-0.00028957639005966485,0.5767536759376526,0.8765164017677307,0.0005550848436541855,0.5652984380722046,0.8644752502441406,0.0008898762753233314,0.5305015444755554,0.9188908934593201,0.01301464531570673,0.564436674118042,0.9004720449447632,0.009032937698066235,0.5644926428794861,0.8817424774169922,0.009250096045434475,0.5546554923057556,0.8738290667533875,0.010522760450839996
3866.666666666673,0.768199622631073,0.5351436734199524,-2.1518347637083934e-07,0.7446425557136536,0.5678195953369141,-0.012273479253053665,0.725830614566803,0.5937575697898865,-0.023502519354224205,0.7160194516181946,0.6209750175476074,-0.033454034477472305,0.7143735289573669,0.6471816897392273,-0.04356013238430023,0.6985660195350647,0.543069064617157,-0.024859026074409485,0.7246421575546265,0.6056232452392578,-0.04075665399432182,0.7362303137779236,0.6194231510162354,-0.051372550427913666,0.7372918128967285,0.6137679219245911,-0.05811748281121254,0.7199267148971558,0.5198249220848083,-0.0282573401927948,0.7454941868782043,0.5863889455795288,-0.04014735668897629,0.7558571696281433,0.6049480438232422,-0.04547521099448204,0.7561277747154236,0.6082761287689209,-0.05071551725268364,0.7463045120239258,0.5037018656730652,-0.03230910003185272,0.7671113014221191,0.5667796730995178,-0.04392818734049797,0.7743836641311646,0.5846810340881348,-0.042926888912916183,0.7736280560493469,0.5880952477455139,-0.04281395301222801,0.77288419008255,0.4945065379142761,-0.037559233605861664,0.7851477265357971,0.5360419750213623,-0.047538433223962784,0.7891276478767395,0.5540130138397217,-0.045805055648088455,0.7891859412193298,0.559039831161499,-0.04372021183371544,0.45226866006851196,0.8513362407684326,-2.3291021022942004e-07,0.49090391397476196,0.7977173328399658,-0.0246112123131752,0.5370281934738159,0.8049997687339783,-0.029930487275123596,0.5741487741470337,0.836745023727417,-0.028235360980033875,0.6001765727996826,0.8573756814002991,-0.022586116567254066,0.5462887287139893,0.8815619945526123,-0.0275337565690279,0.601740300655365,0.8913862109184265,-0.027258306741714478,0.604447603225708,0.85893714427948,-0.02248879335820675,0.5916788578033447,0.8424220085144043,-0.018347062170505524,0.5388752222061157,0.9088844060897827,-0.01217536348849535,0.5878394842147827,0.8987661600112915,-0.01061779260635376,0.5907057523727417,0.8652148246765137,-0.006651507690548897,0.5797032713890076,0.8504571914672852,-0.004690423607826233,0.5335699319839478,0.9177128076553345,0.0024839909747242928,0.5763360261917114,0.8981962203979492,0.001731606898829341,0.5781845450401306,0.8725142478942871,0.0032827784307301044,0.5676324963569641,0.8610523343086243,0.003562820376828313,0.5328127145767212,0.9162814021110535,0.01590612158179283,0.566288411617279,0.8958276510238647,0.012954900972545147,0.5667369365692139,0.8777701258659363,0.01310038659721613,0.5575892925262451,0.8708194494247437,0.013953184708952904
