time,X_0,Y_0,Z_0,X_1,Y_1,Z_1,X_2,Y_2,Z_2,X_3,Y_3,Z_3,X_4,Y_4,Z_4,X_5,Y_5,Z_5,X_6,Y_6,Z_6,X_7,Y_7,Z_7,X_8,Y_8,Z_8,X_9,Y_9,Z_9,X_10,Y_10,Z_10,X_11,Y_11,Z_11,X_12,Y_12,Z_12,X_13,Y_13,Z_13,X_14,Y_14,Z_14,X_15,Y_15,Z_15,X_16,Y_16,Z_16,X_17,Y_17,Z_17,X_18,Y_18,Z_18,X_19,Y_19,Z_19,X_20,Y_20,Z_20,X_21,Y_21,Z_21,X_22,Y_22,Z_22,X_23,Y_23,Z_23,X_24,Y_24,Z_24,X_25,Y_25,Z_25,X_26,Y_26,Z_26,X_27,Y_27,Z_27,X_28,Y_28,Z_28,X_29,Y_29,Z_29,X_30,Y_30,Z_30,X_31,Y_31,Z_31,X_32,Y_32,Z_32,X_33,Y_33,Z_33,X_34,Y_34,Z_34,X_35,Y_35,Z_35,X_36,Y_36,Z_36,X_37,Y_37,Z_37,X_38,Y_38,Z_38,X_39,Y_39,Z_39,X_40,Y_40,Z_40,X_41,Y_41,Z_41,X_42,Y_42,Z_42,X_43,Y_43,Z_43,X_44,Y_44,Z_44,X_45,Y_45,Z_45,X_46,Y_46,Z_46,X_47,Y_47,Z_47,X_48,Y_48,Z_48,X_49,Y_49,Z_49,X_50,Y_50,Z_50,X_51,Y_51,Z_51,X_52,Y_52,Z_52,X_53,Y_53,Z_53,X_54,Y_54,Z_54,X_55,Y_55,Z_55,X_56,Y_56,Z_56,X_57,Y_57,Z_57,X_58,Y_58,Z_58,X_59,Y_59,Z_59,X_60,Y_60,Z_60,X_61,Y_61,Z_61,X_62,Y_62,Z_62,X_63,Y_63,Z_63,X_64,Y_64,Z_64,X_65,Y_65,Z_65,X_66,Y_66,Z_66,X_67,Y_67,Z_67,X_68,Y_68,Z_68,X_69,Y_69,Z_69,X_70,Y_70,Z_70,X_71,Y_71,Z_71,X_72,Y_72,Z_72,X_73,Y_73,Z_73,X_74,Y_74,Z_74,X_75,Y_75,Z_75,X_76,Y_76,Z_76,X_77,Y_77,Z_77,X_78,Y_78,Z_78,X_79,Y_79,Z_79,X_80,Y_80,Z_80,X_81,Y_81,Z_81,X_82,Y_82,Z_82,X_83,Y_83,Z_83,X_84,Y_84,Z_84,X_85,Y_85,Z_85,X_86,Y_86,Z_86,X_87,Y_87,Z_87,X_88,Y_88,Z_88,X_89,Y_89,Z_89,X_90,Y_90,Z_90,X_91,Y_91,Z_91,X_92,Y_92,Z_92,X_93,Y_93,Z_93,X_94,Y_94,Z_94,X_95,Y_95,Z_95,X_96,Y_96,Z_96,X_97,Y_97,Z_97,X_98,Y_98,Z_98,X_99,Y_99,Z_99,X_100,Y_100,Z_100,X_101,Y_101,Z_101,X_102,Y_102,Z_102,X_103,Y_103,Z_103,X_104,Y_104,Z_104,X_105,Y_105,Z_105,X_106,Y_106,Z_106,X_107,Y_107,Z_107,X_108,Y_108,Z_108,X_109,Y_109,Z_109,X_110,Y_110,Z_110,X_111,Y_111,Z_111,X_112,Y_112,Z_112,X_113,Y_113,Z_113,X_114,Y_114,Z_114,X_115,Y_115,Z_115,X_116,Y_116,Z_116,X_117,Y_117,Z_117,X_118,Y_118,Z_118,X_119,Y_119,Z_119,X_120,Y_120,Z_120,X_121,Y_121,Z_121,X_122,Y_122,Z_122,X_123,Y_123,Z_123,X_124,Y_124,Z_124,X_125,Y_125,Z_125,X_126,Y_126,Z_126,X_127,Y_127,Z_127,X_128,Y_128,Z_128,X_129,Y_129,Z_129,X_130,Y_130,Z_130,X_131,Y_131,Z_131,X_132,Y_132,Z_132,X_133,Y_133,Z_133,X_134,Y_134,Z_134,X_135,Y_135,Z_135,X_136,Y_136,Z_136,X_137,Y_137,Z_137,X_138,Y_138,Z_138,X_139,Y_139,Z_139,X_140,Y_140,Z_140,X_141,Y_141,Z_141,X_142,Y_142,Z_142,X_143,Y_143,Z_143,X_144,Y_144,Z_144,X_145,Y_145,Z_145,X_146,Y_146,Z_146,X_147,Y_147,Z_147,X_148,Y_148,Z_148,X_149,Y_149,Z_149,X_150,Y_150,Z_150,X_151,Y_151,Z_151,X_152,Y_152,Z_152,X_153,Y_153,Z_153,X_154,Y_154,Z_154,X_155,Y_155,Z_155,X_156,Y_156,Z_156,X_157,Y_157,Z_157,X_158,Y_158,Z_158,X_159,Y_159,Z_159,X_160,Y_160,Z_160,X_161,Y_161,Z_161,X_162,Y_162,Z_162,X_163,Y_163,Z_163,X_164,Y_164,Z_164,X_165,Y_165,Z_165,X_166,Y_166,Z_166,X_167,Y_167,Z_167,X_168,Y_168,Z_168,X_169,Y_169,Z_169,X_170,Y_170,Z_170,X_171,Y_171,Z_171,X_172,Y_172,Z_172,X_173,Y_173,Z_173,X_174,Y_174,Z_174,X_175,Y_175,Z_175,X_176,Y_176,Z_176,X_177,Y_177,Z_177,X_178,Y_178,Z_178,X_179,Y_179,Z_179,X_180,Y_180,Z_180,X_181,Y_181,Z_181,X_182,Y_182,Z_182,X_183,Y_183,Z_183,X_184,Y_184,Z_184,X_185,Y_185,Z_185,X_186,Y_186,Z_186,X_187,Y_187,Z_187,X_188,Y_188,Z_188,X_189,Y_189,Z_189,X_190,Y_190,Z_190,X_191,Y_191,Z_191,X_192,Y_192,Z_192,X_193,Y_193,Z_193,X_194,Y_194,Z_194,X_195,Y_195,Z_195,X_196,Y_196,Z_196,X_197,Y_197,Z_197,X_198,Y_198,Z_198,X_199,Y_199,Z_199,X_200,Y_200,Z_200,X_201,Y_201,Z_201,X_202,Y_202,Z_202,X_203,Y_203,Z_203,X_204,Y_204,Z_204,X_205,Y_205,Z_205,X_206,Y_206,Z_206,X_207,Y_207,Z_207,X_208,Y_208,Z_208,X_209,Y_209,Z_209,X_210,Y_210,Z_210,X_211,Y_211,Z_211,X_212,Y_212,Z_212,X_213,Y_213,Z_213,X_214,Y_214,Z_214,X_215,Y_215,Z_215,X_216,Y_216,Z_216,X_217,Y_217,Z_217,X_218,Y_218,Z_218,X_219,Y_219,Z_219,X_220,Y_220,Z_220,X_221,Y_221,Z_221,X_222,Y_222,Z_222,X_223,Y_223,Z_223,X_224,Y_224,Z_224,X_225,Y_225,Z_225,X_226,Y_226,Z_226,X_227,Y_227,Z_227,X_228,Y_228,Z_228,X_229,Y_229,Z_229,X_230,Y_230,Z_230,X_231,Y_231,Z_231,X_232,Y_232,Z_232,X_233,Y_233,Z_233,X_234,Y_234,Z_234,X_235,Y_235,Z_235,X_236,Y_236,Z_236,X_237,Y_237,Z_237,X_238,Y_238,Z_238,X_239,Y_239,Z_239,X_240,Y_240,Z_240,X_241,Y_241,Z_241,X_242,Y_242,Z_242,X_243,Y_243,Z_243,X_244,Y_244,Z_244,X_245,Y_245,Z_245,X_246,Y_246,Z_246,X_247,Y_247,Z_247,X_248,Y_248,Z_248,X_249,Y_249,Z_249,X_250,Y_250,Z_250,X_251,Y_251,Z_251,X_252,Y_252,Z_252,X_253,Y_253,Z_253,X_254,Y_254,Z_254,X_255,Y_255,Z_255,X_256,Y_256,Z_256,X_257,Y_257,Z_257,X_258,Y_258,Z_258,X_259,Y_259,Z_259,X_260,Y_260,Z_260,X_261,Y_261,Z_261,X_262,Y_262,Z_262,X_263,Y_263,Z_263,X_264,Y_264,Z_264,X_265,Y_265,Z_265,X_266,Y_266,Z_266,X_267,Y_267,Z_267,X_268,Y_268,Z_268,X_269,Y_269,Z_269,X_270,Y_270,Z_270,X_271,Y_271,Z_271,X_272,Y_272,Z_272,X_273,Y_273,Z_273,X_274,Y_274,Z_274,X_275,Y_275,Z_275,X_276,Y_276,Z_276,X_277,Y_277,Z_277,X_278,Y_278,Z_278,X_279,Y_279,Z_279,X_280,Y_280,Z_280,X_281,Y_281,Z_281,X_282,Y_282,Z_282,X_283,Y_283,Z_283,X_284,Y_284,Z_284,X_285,Y_285,Z_285,X_286,Y_286,Z_286,X_287,Y_287,Z_287,X_288,Y_288,Z_288,X_289,Y_289,Z_289,X_290,Y_290,Z_290,X_291,Y_291,Z_291,X_292,Y_292,Z_292,X_293,Y_293,Z_293,X_294,Y_294,Z_294,X_295,Y_295,Z_295,X_296,Y_296,Z_296,X_297,Y_297,Z_297,X_298,Y_298,Z_298,X_299,Y_299,Z_299,X_300,Y_300,Z_300,X_301,Y_301,Z_301,X_302,Y_302,Z_302,X_303,Y_303,Z_303,X_304,Y_304,Z_304,X_305,Y_305,Z_305,X_306,Y_306,Z_306,X_307,Y_307,Z_307,X_308,Y_308,Z_308,X_309,Y_309,Z_309,X_310,Y_310,Z_310,X_311,Y_311,Z_311,X_312,Y_312,Z_312,X_313,Y_313,Z_313,X_314,Y_314,Z_314,X_315,Y_315,Z_315,X_316,Y_316,Z_316,X_317,Y_317,Z_317,X_318,Y_318,Z_318,X_319,Y_319,Z_319,X_320,Y_320,Z_320,X_321,Y_321,Z_321,X_322,Y_322,Z_322,X_323,Y_323,Z_323,X_324,Y_324,Z_324,X_325,Y_325,Z_325,X_326,Y_326,Z_326,X_327,Y_327,Z_327,X_328,Y_328,Z_328,X_329,Y_329,Z_329,X_330,Y_330,Z_330,X_331,Y_331,Z_331,X_332,Y_332,Z_332,X_333,Y_333,Z_333,X_334,Y_334,Z_334,X_335,Y_335,Z_335,X_336,Y_336,Z_336,X_337,Y_337,Z_337,X_338,Y_338,Z_338,X_339,Y_339,Z_339,X_340,Y_340,Z_340,X_341,Y_341,Z_341,X_342,Y_342,Z_342,X_343,Y_343,Z_343,X_344,Y_344,Z_344,X_345,Y_345,Z_345,X_346,Y_346,Z_346,X_347,Y_347,Z_347,X_348,Y_348,Z_348,X_349,Y_349,Z_349,X_350,Y_350,Z_350,X_351,Y_351,Z_351,X_352,Y_352,Z_352,X_353,Y_353,Z_353,X_354,Y_354,Z_354,X_355,Y_355,Z_355,X_356,Y_356,Z_356,X_357,Y_357,Z_357,X_358,Y_358,Z_358,X_359,Y_359,Z_359,X_360,Y_360,Z_360,X_361,Y_361,Z_361,X_362,Y_362,Z_362,X_363,Y_363,Z_363,X_364,Y_364,Z_364,X_365,Y_365,Z_365,X_366,Y_366,Z_366,X_367,Y_367,Z_367,X_368,Y_368,Z_368,X_369,Y_369,Z_369,X_370,Y_370,Z_370,X_371,Y_371,Z_371,X_372,Y_372,Z_372,X_373,Y_373,Z_373,X_374,Y_374,Z_374,X_375,Y_375,Z_375,X_376,Y_376,Z_376,X_377,Y_377,Z_377,X_378,Y_378,Z_378,X_379,Y_379,Z_379,X_380,Y_380,Z_380,X_381,Y_381,Z_381,X_382,Y_382,Z_382,X_383,Y_383,Z_383,X_384,Y_384,Z_384,X_385,Y_385,Z_385,X_386,Y_386,Z_386,X_387,Y_387,Z_387,X_388,Y_388,Z_388,X_389,Y_389,Z_389,X_390,Y_390,Z_390,X_391,Y_391,Z_391,X_392,Y_392,Z_392,X_393,Y_393,Z_393,X_394,Y_394,Z_394,X_395,Y_395,Z_395,X_396,Y_396,Z_396,X_397,Y_397,Z_397,X_398,Y_398,Z_398,X_399,Y_399,Z_399,X_400,Y_400,Z_400,X_401,Y_401,Z_401,X_402,Y_402,Z_402,X_403,Y_403,Z_403,X_404,Y_404,Z_404,X_405,Y_405,Z_405,X_406,Y_406,Z_406,X_407,Y_407,Z_407,X_408,Y_408,Z_408,X_409,Y_409,Z_409,X_410,Y_410,Z_410,X_411,Y_411,Z_411,X_412,Y_412,Z_412,X_413,Y_413,Z_413,X_414,Y_414,Z_414,X_415,Y_415,Z_415,X_416,Y_416,Z_416,X_417,Y_417,Z_417,X_418,Y_418,Z_418,X_419,Y_419,Z_419,X_420,Y_420,Z_420,X_421,Y_421,Z_421,X_422,Y_422,Z_422,X_423,Y_423,Z_423,X_424,Y_424,Z_424,X_425,Y_425,Z_425,X_426,Y_426,Z_426,X_427,Y_427,Z_427,X_428,Y_428,Z_428,X_429,Y_429,Z_429,X_430,Y_430,Z_430,X_431,Y_431,Z_431,X_432,Y_432,Z_432,X_433,Y_433,Z_433,X_434,Y_434,Z_434,X_435,Y_435,Z_435,X_436,Y_436,Z_436,X_437,Y_437,Z_437,X_438,Y_438,Z_438,X_439,Y_439,Z_439,X_440,Y_440,Z_440,X_441,Y_441,Z_441,X_442,Y_442,Z_442,X_443,Y_443,Z_443,X_444,Y_444,Z_444,X_445,Y_445,Z_445,X_446,Y_446,Z_446,X_447,Y_447,Z_447,X_448,Y_448,Z_448,X_449,Y_449,Z_449,X_450,Y_450,Z_450,X_451,Y_451,Z_451,X_452,Y_452,Z_452,X_453,Y_453,Z_453,X_454,Y_454,Z_454,X_455,Y_455,Z_455,X_456,Y_456,Z_456,X_457,Y_457,Z_457,X_458,Y_458,Z_458,X_459,Y_459,Z_459,X_460,Y_460,Z_460,X_461,Y_461,Z_461,X_462,Y_462,Z_462,X_463,Y_463,Z_463,X_464,Y_464,Z_464,X_465,Y_465,Z_465,X_466,Y_466,Z_466,X_467,Y_467,Z_467,X_468,Y_468,Z_468,X_469,Y_469,Z_469,X_470,Y_470,Z_470,X_471,Y_471,Z_471,X_472,Y_472,Z_472,X_473,Y_473,Z_473,X_474,Y_474,Z_474,X_475,Y_475,Z_475,X_476,Y_476,Z_476,X_477,Y_477,Z_477
0,0.573900043964386,0.47300732135772705,-0.013015484437346458,0.5775564908981323,0.4540216624736786,-0.02993074618279934,0.5762789845466614,0.4602457582950592,-0.014325259253382683,0.5746111869812012,0.4267061650753021,-0.02498859539628029,0.5782616138458252,0.4462052285671234,-0.03256843239068985,0.578984797000885,0.4353056252002716,-0.031205112114548683,0.5805939435958862,0.40759173035621643,-0.01861804723739624,0.5374881625175476,0.3985903859138489,0.002040823455899954,0.5822505354881287,0.3829291760921478,-0.01685454323887825,0.5832332968711853,0.37069064378738403,-0.01942916214466095,0.5865265727043152,0.3270445764064789,-0.018613997846841812,0.5736449956893921,0.4767410457134247,-0.012027300894260406,0.5733602046966553,0.4806269407272339,-0.009871222078800201,0.5731999278068542,0.48317110538482666,-0.006602477747946978,0.5731162428855896,0.4832691252231598,-0.0050840531475842,0.5727760791778564,0.4882791042327881,-0.0049963416531682014,0.5723480582237244,0.4942881464958191,-0.005423815455287695,0.5718816518783569,0.5001645088195801,-0.0034890822134912014,0.5723212957382202,0.5075891017913818,0.0034079677425324917,0.577090859413147,0.45752543210983276,-0.02666281908750534,0.5719959735870361,0.4561869204044342,-0.01889846846461296,0.5153564214706421,0.3566933870315552,0.02562648244202137,0.5537368059158325,0.40954673290252686,-0.0034289113245904446,0.5473777055740356,0.4093533158302307,-0.0028775788377970457,0.5416181683540344,0.4073101878166199,-0.0012353617930784822,0.5347538590431213,0.40033698081970215,0.003430106909945607,0.5594431161880493,0.4077863097190857,-0.0025352113880217075,0.5470808744430542,0.37973859906196594,-0.007158510386943817,0.5541190505027771,0.38224977254867554,-0.0071943080984056,0.5402959585189819,0.3801842927932739,-0.004890898708254099,0.53573077917099,0.3832930624485016,-0.002304468071088195,0.5292243361473083,0.4038509428501129,0.006901246029883623,0.552365779876709,0.5116310715675354,0.010567082092165947,0.5358065366744995,0.3953407406806946,0.003956454806029797,0.5108505487442017,0.39319372177124023,0.03195780888199806,0.5229861736297607,0.39500316977500916,0.012181776575744152,0.547877848148346,0.44033125042915344,-0.004598038736730814,0.5670080780982971,0.4700370728969574,-0.012444169260561466,0.5671818852424622,0.4792865216732025,-0.009228728711605072,0.5601706504821777,0.47171470522880554,-0.009091178886592388,0.5557470321655273,0.4740382432937622,-0.004800388589501381,0.5619444251060486,0.4784160852432251,-0.007163327187299728,0.557996928691864,0.4782911539077759,-0.0032635589595884085,0.5487159490585327,0.4874230623245239,0.006281356792896986,0.5730865597724915,0.4532475471496582,-0.02956249751150608,0.5729861855506897,0.4456104636192322,-0.0320008285343647,0.5272055864334106,0.36996766924858093,-0.000861967506352812,0.561336874961853,0.42236092686653137,-0.007267782464623451,0.5603100657463074,0.44781017303466797,-0.016205649822950363,0.5600693225860596,0.4432549476623535,-0.014919904060661793,0.5292337536811829,0.43624234199523926,0.0024033207446336746,0.5738376379013062,0.43546685576438904,-0.029563484713435173,0.541616678237915,0.3623872697353363,-0.011265972629189491,0.5331925749778748,0.3640083074569702,-0.0064048729836940765,0.5224994421005249,0.3427797853946686,0.012716616503894329,0.5683885216712952,0.37713921070098877,-0.015606660395860672,0.5599622130393982,0.3876877427101135,-0.005300219636410475,0.5451299548149109,0.4793088734149933,0.00625296076759696,0.5171136856079102,0.46612313389778137,0.05718306452035904,0.564236044883728,0.45282602310180664,-0.013632325455546379,0.5684627294540405,0.45578211545944214,-0.01320209912955761,0.5504614114761353,0.4785507321357727,0.005372632760554552,0.5518471002578735,0.47877588868141174,0.0037376119289547205,0.530226469039917,0.3567422926425934,-0.004460150375962257,0.5598403811454773,0.45058369636535645,-0.012658573687076569,0.5530300736427307,0.3660222291946411,-0.014572418294847012,0.5525597929954529,0.3582533597946167,-0.016586266458034515,0.5494650602340698,0.32672441005706787,-0.011438428424298763,0.5266605019569397,0.35225680470466614,0.002531677484512329,0.5522346496582031,0.34431132674217224,-0.014656336978077888,0.5238636136054993,0.3648182451725006,0.00348306423984468,0.5194163918495178,0.3632272779941559,0.013435154221951962,0.5669221878051758,0.4750206768512726,-0.01151355542242527,0.5610170960426331,0.4752802550792694,-0.00836360827088356,0.5567858815193176,0.4761929512023926,-0.004482709337025881,0.5653780698776245,0.45422104001045227,-0.011925065889954567,0.5511677861213684,0.47868597507476807,0.004519499372690916,0.5534963607788086,0.4817502498626709,0.00191705790348351,0.5525675415992737,0.4788888990879059,0.0036817893851548433,0.566950261592865,0.4514118432998657,-0.02170468494296074,0.5589873790740967,0.4798009991645813,-0.001933302846737206,0.5628554821014404,0.48058146238327026,-0.004365221131592989,0.5676656365394592,0.48191091418266296,-0.006162553559988737,0.5648391842842102,0.5060079097747803,0.0033586553763598204,0.5650528073310852,0.49846988916397095,-0.0034671735484153032,0.5658020377159119,0.49257177114486694,-0.0050751883536577225,0.5667431950569153,0.4866349995136261,-0.00459644990041852,0.5676519870758057,0.48209038376808167,-0.004626126028597355,0.5589969754219055,0.48000451922416687,-0.0007382796611636877,0.557762086391449,0.48222512006759644,-0.0009796107187867165,0.5562582015991211,0.48514416813850403,-0.0014515644870698452,0.55499666929245,0.4883683919906616,-0.00018039665883406997,0.551956832408905,0.4687846004962921,-0.0036562129389494658,0.5099198818206787,0.4263010621070862,0.060833364725112915,0.5767438411712646,0.4587861895561218,-0.018781492486596107,0.5560953617095947,0.479446679353714,0.0018860773416236043,0.5548316836357117,0.480518102645874,0.0017294988501816988,0.5697717666625977,0.45888903737068176,-0.012903464958071709,0.5611947774887085,0.4548872411251068,-0.007729494944214821,0.5692000389099121,0.45738303661346436,-0.013221081346273422,0.5544682741165161,0.4258139729499817,-0.00484468275681138,0.5439497828483582,0.42955219745635986,-0.002555151004344225,0.5588207840919495,0.44614678621292114,-0.011334668844938278,0.5333236455917358,0.3324050009250641,-0.00026996078668162227,0.537020742893219,0.34523850679397583,-0.006681280676275492,0.5398693084716797,0.35446423292160034,-0.011363300494849682,0.5526681542396545,0.49418509006500244,0.0046762689016759396,0.5673997402191162,0.36468932032585144,-0.019028235226869583,0.567566990852356,0.3465348482131958,-0.018943917006254196,0.5666409134864807,0.32530659437179565,-0.017619792371988297,0.5370836853981018,0.4044119417667389,0.0012430633651092649,0.5223409533500671,0.40806907415390015,0.010521079413592815,0.5633259415626526,0.40582069754600525,-0.0019808097276836634,0.5295251607894897,0.3852481544017792,0.00303642638027668,0.566018283367157,0.4179614782333374,-0.009628933854401112,0.5637537240982056,0.4460281729698181,-0.022017979994416237,0.51561439037323,0.41188469529151917,0.017652040347456932,0.5258470177650452,0.4151957631111145,0.005890983622521162,0.5331850051879883,0.4199940264225006,0.0008662458276376128,0.5448024272918701,0.42127859592437744,-0.0013649597531184554,0.5537949800491333,0.4196528196334839,-0.0029260197188705206,0.5607629418373108,0.4168020188808441,-0.004713008180260658,0.574893593788147,0.4088268280029297,-0.016492128372192383,0.5160264372825623,0.42928358912467957,0.017856037244200706,0.5247867703437805,0.38177749514579773,0.005464415531605482,0.57438725233078,0.45696255564689636,-0.02643115632236004,0.5617334842681885,0.4305526614189148,-0.00902466382831335,0.5087119936943054,0.390019953250885,0.05158360302448273,0.5660868883132935,0.4130207896232605,-0.005993688013404608,0.558056116104126,0.4460034966468811,-0.005628438200801611,0.532833456993103,0.3941602408885956,0.005214376375079155,0.563765287399292,0.440501868724823,-0.020370233803987503,0.512472927570343,0.44581103324890137,0.060576342046260834,0.5639229416847229,0.4027707576751709,-0.0011010851012542844,0.5687124729156494,0.437203586101532,-0.026071712374687195,0.5303523540496826,0.48885050415992737,0.028255408629775047,0.5307267308235168,0.49508124589920044,0.04021258279681206,0.5107461214065552,0.4278453290462494,0.03898482397198677,0.5229593515396118,0.47736692428588867,0.034054260700941086,0.5147554874420166,0.37713032960891724,0.02413717843592167,0.5515230894088745,0.517043948173523,0.015084189362823963,0.5746888518333435,0.45823702216148376,-0.01846710778772831,0.5558570623397827,0.43519073724746704,-0.006373177748173475,0.5177819728851318,0.3953154683113098,0.017904216423630714,0.5425995588302612,0.4033583998680115,-0.0013741523725911975,0.5476707816123962,0.4051695466041565,-0.0027277173940092325,0.5523170828819275,0.48309433460235596,0.00293123722076416,0.5171701908111572,0.4450961649417877,0.02161370776593685,0.560333788394928,0.5273134708404541,0.01837005652487278,0.5460121035575867,0.5140442252159119,0.02750362455844879,0.539337158203125,0.5061425566673279,0.03291500732302666,0.584911048412323,0.3491119146347046,-0.019918153062462807,0.5703495144844055,0.5303916931152344,0.017201200127601624,0.5530978441238403,0.40528756380081177,-0.00291431020013988,0.558438241481781,0.404256135225296,-0.0021221928764134645,0.5620177388191223,0.4035347104072571,-0.0010331851663067937,0.520566463470459,0.37865206599235535,0.011047947220504284,0.5584259033203125,0.39580675959587097,-0.0040387907065451145,0.5529861450195312,0.3927138149738312,-0.005043101031333208,0.5477410554885864,0.39155784249305725,-0.004794931039214134,0.5425698757171631,0.39196425676345825,-0.003157001920044422,0.5392513871192932,0.3932134509086609,-0.0011105953017249703,0.5109977126121521,0.3716398775577545,0.039702922105789185,0.5394448041915894,0.400956392288208,0.00048510869964957237,0.5757209658622742,0.4659820795059204,-0.012395165860652924,0.5577482581138611,0.4656866192817688,-0.00690580066293478,0.5642969608306885,0.45183268189430237,-0.01590171828866005,0.5683416724205017,0.46541860699653625,-0.011904369108378887,0.5813230872154236,0.39504554867744446,-0.015775565057992935,0.5378978848457336,0.4996594786643982,0.024402672424912453,0.5447753667831421,0.5079861879348755,0.02018088847398758,0.5599648952484131,0.5243521332740784,0.010695028118789196,0.5235590934753418,0.482697069644928,0.04937375336885452,0.5622600317001343,0.39995014667510986,-0.0023048026487231255,0.5701861381530762,0.4216005504131317,-0.017213528975844383,0.5705472230911255,0.5272340774536133,0.009845697320997715,0.5526851415634155,0.5214723944664001,0.021857835352420807,0.5129209756851196,0.4455111622810364,0.04022936150431633,0.5629019737243652,0.48083916306495667,-0.0029453467577695847,0.5616652369499207,0.4844207763671875,-0.0031091421842575073,0.5604046583175659,0.4890010356903076,-0.003592632943764329,0.5593496561050415,0.4943021535873413,-0.0022474536672234535,0.5578623414039612,0.500795304775238,0.0032281556632369757,0.554836630821228,0.4784201681613922,0.000387168547604233,0.5536267161369324,0.4773840308189392,0.00029665682814083993,0.5526620745658875,0.476266473531723,0.00010774176917038858,0.5474913120269775,0.47334277629852295,0.000800049863755703,0.5244808197021484,0.4516870975494385,0.010353327728807926,0.5705835819244385,0.4128599762916565,-0.0127210458740592,0.5681307315826416,0.3951701521873474,-0.005620830692350864,0.5647750496864319,0.39640000462532043,-0.0034633029717952013,0.5561132431030273,0.4793780446052551,0.0011709204409271479,0.5248075723648071,0.4687991142272949,0.02145301178097725,0.5733131170272827,0.39499256014823914,-0.012399861589074135,0.5547564029693604,0.505856990814209,0.007341681979596615,0.5795240998268127,0.42617759108543396,-0.026825757697224617,0.5746792554855347,0.4184305965900421,-0.02138155698776245,0.5800368785858154,0.4175017476081848,-0.02265622466802597,0.5653567910194397,0.43347105383872986,-0.01611650176346302,0.5710858702659607,0.521717369556427,0.0059953052550554276,0.5717050433158875,0.5143111944198608,0.004881648812443018,0.5628058314323425,0.5122233033180237,0.005548205692321062,0.5437257885932922,0.48931875824928284,0.01021292433142662,0.5524526238441467,0.451246976852417,-0.0035105992574244738,0.5487268567085266,0.49818384647369385,0.009121487848460674,0.5376747846603394,0.44814634323120117,-0.001302611082792282,0.5461507439613342,0.45817044377326965,-0.0017194049432873726,0.5326497554779053,0.45929574966430664,0.004403337370604277,0.5608085989952087,0.5191382169723511,0.0069019850343465805,0.5617436766624451,0.4369664192199707,-0.011667677201330662,0.5393174290657043,0.49332481622695923,0.01654006354510784,0.5459852814674377,0.5024998188018799,0.0145370839163661,0.5394936800003052,0.4793633818626404,0.009109757840633392,0.5191867351531982,0.4581618010997772,0.025332650169730186,0.5323567390441895,0.4787697494029999,0.014868480153381824,0.5165518522262573,0.46184465289115906,0.0399041511118412,0.5413849949836731,0.4668615162372589,0.002031305804848671,0.5660627484321594,0.425963819026947,-0.012802976183593273,0.5653219223022461,0.4499334394931793,-0.023020237684249878,0.5619106888771057,0.4507761299610138,-0.01651657372713089,0.5681777000427246,0.44552332162857056,-0.027141956612467766,0.5635792016983032,0.3847208619117737,-0.008192832581698895,0.5536977648735046,0.37609124183654785,-0.009275808930397034,0.5448187589645386,0.3732486367225647,-0.008574869483709335,0.5373978614807129,0.3741447925567627,-0.00584777444601059,0.5321743488311768,0.3778368830680847,-0.0020052073523402214,0.5284952521324158,0.39456260204315186,0.00780589459463954,0.5098912715911865,0.41042304039001465,0.03574596717953682,0.5321389436721802,0.4085357189178467,0.004142278805375099,0.5379266142845154,0.41246673464775085,0.0010253085056319833,0.5459535121917725,0.41453230381011963,-0.0011833676835522056,0.5539437532424927,0.4141039550304413,-0.002697870833799243,0.5604639053344727,0.4120173752307892,-0.002770955441519618,0.5649505853652954,0.4096851348876953,-0.003475212026387453,0.5088610649108887,0.4078670144081116,0.058082275092601776,0.5618772506713867,0.452380895614624,-0.013478265143930912,0.5697908997535706,0.42933085560798645,-0.020892709493637085,0.5692858695983887,0.4514041244983673,-0.027132298797369003,0.5717084407806396,0.4551372826099396,-0.024273760616779327,0.5690644979476929,0.45230451226234436,-0.024288883432745934,0.5630937814712524,0.4545522630214691,-0.011109336279332638,0.572694718837738,0.45615580677986145,-0.025676364079117775,0.5730810165405273,0.4575207531452179,-0.0186607725918293,0.565916121006012,0.40308865904808044,-0.001748840557411313,0.5685465335845947,0.4051658511161804,-0.004774675704538822,0.5701960325241089,0.4067089259624481,-0.00809334684163332,0.5373290777206421,0.39428892731666565,0.0011655834969133139,0.5328963994979858,0.3874572217464447,0.0013467228272929788,0.5840927362442017,0.42775508761405945,-0.024705208837985992,0.6207667589187622,0.40706756711006165,0.004129231907427311,0.5816373229026794,0.4571543037891388,-0.01865532249212265,0.6454848051071167,0.37214967608451843,0.028754981234669685,0.6035643219947815,0.414981871843338,-0.002149609150364995,0.6100161671638489,0.41603365540504456,-0.0012925678165629506,0.6159244179725647,0.4151450991630554,0.0006248835707083344,0.6226809620857239,0.4096587300300598,0.00563847878947854,0.598188579082489,0.41187942028045654,-0.0015810602344572544,0.6145104169845581,0.3880671262741089,-0.005471273325383663,0.6071620583534241,0.3889228403568268,-0.005888341926038265,0.6209254264831543,0.38974103331565857,-0.002908922266215086,0.6245458126068115,0.3933541774749756,-0.00018180994084104896,0.6274435520172119,0.41486600041389465,0.009294048883020878,0.5899491310119629,0.5157757997512817,0.011490486562252045,0.6225259304046631,0.4043222963809967,0.006139699369668961,0.6437745094299316,0.4085612893104553,0.03523905575275421,0.6333062648773193,0.40799206495285034,0.014903811737895012,0.6054409146308899,0.4467291533946991,-0.00331014022231102,0.5812505483627319,0.471468061208725,-0.01212554145604372,0.5798623561859131,0.4805908203125,-0.008929167874157429,0.58804851770401,0.47446420788764954,-0.008422141894698143,0.5921931266784668,0.4775114953517914,-0.0038509611040353775,0.5853667855262756,0.4807696044445038,-0.006614109966903925,0.5894708037376404,0.4812699258327484,-0.002463091630488634,0.597030758857727,0.49259817600250244,0.007483213674277067,0.5819526314735413,0.4541325271129608,-0.029357846826314926,0.5833181738853455,0.44668659567832947,-0.031773537397384644,0.634731650352478,0.38296201825141907,0.0017521886620670557,0.5956684947013855,0.4261757731437683,-0.006371989846229553,0.5934774875640869,0.4514651894569397,-0.015314341522753239,0.5941527485847473,0.4470195472240448,-0.014032377861440182,0.6229428052902222,0.4465864896774292,0.004572039470076561,0.5838366746902466,0.4365120828151703,-0.029280710965394974,0.6230432391166687,0.3732149004936218,-0.009494364261627197,0.6305398344993591,0.37617823481559753,-0.004176039714366198,0.6422668695449829,0.35713309049606323,0.015528898686170578,0.595517635345459,0.3823695182800293,-0.015044712461531162,0.6004862189292908,0.39259910583496094,-0.004284351598471403,0.6015670895576477,0.48528146743774414,0.007752234116196632,0.6250165104866028,0.4778714179992676,0.060114867985248566,0.588917076587677,0.4555133581161499,-0.012932932935655117,0.5845307111740112,0.45757797360420227,-0.012843539007008076,0.5969558954238892,0.48260498046875,0.00667473254725337,0.5955223441123962,0.4825664162635803,0.004889052361249924,0.6340779066085815,0.36976510286331177,-0.002039622515439987,0.5931217670440674,0.4543217718601227,-0.011804275214672089,0.6117137670516968,0.37483352422714233,-0.013371378183364868,0.6133964657783508,0.3672611117362976,-0.015312404371798038,0.6213826537132263,0.33539730310440063,-0.009977864101529121,0.6379063129425049,0.3656582832336426,0.005278698168694973,0.6165498495101929,0.352289080619812,-0.013174048624932766,0.6379457116127014,0.378983736038208,0.006301669403910637,0.6419641971588135,0.3778602182865143,0.0164606012403965,0.5807169079780579,0.4764253795146942,-0.011211873963475227,0.5867172479629517,0.47787484526634216,-0.0077636525966227055,0.5908942818641663,0.47943365573883057,-0.0036574958357959986,0.5874829292297363,0.45665138959884644,-0.011376784183084965,0.5962209701538086,0.48259633779525757,0.005728889722377062,0.5933982729911804,0.48524209856987,0.0029002611991018057,0.5947765111923218,0.48255491256713867,0.004802322015166283,0.5873045921325684,0.45358917117118835,-0.02107379212975502,0.5882907509803772,0.48252999782562256,-0.0011832424206659198,0.5841468572616577,0.4826665222644806,-0.003820377867668867,0.5790661573410034,0.483075350522995,-0.005856762640178204,0.5795992612838745,0.5075814723968506,0.00363710755482316,0.5789729356765747,0.49983829259872437,-0.00314429122954607,0.5791134238243103,0.4938561022281647,-0.00473684212192893,0.5790736675262451,0.4878121018409729,-0.004266117233783007,0.5789017677307129,0.4831734299659729,-0.004298558924347162,0.5881155133247375,0.482663094997406,1.149079434981104e-05,0.5890138745307922,0.4850635528564453,-0.000233315717196092,0.5900172591209412,0.4881759583950043,-0.0006764050922356546,0.5907324552536011,0.49154341220855713,0.0006614423473365605,0.5972907543182373,0.4736562669277191,-0.0025872625410556793,0.637270987033844,0.4406812787055969,0.06393775343894958,0.5912346243858337,0.48261576890945435,0.0028398216236382723,0.5922749042510986,0.48384392261505127,0.002679346827790141,0.5827525854110718,0.460411012172699,-0.012576110661029816,0.5909532904624939,0.45828890800476074,-0.007081995252519846,0.583581805229187,0.4590606391429901,-0.012878276407718658,0.6013607978820801,0.4310506582260132,-0.0036927771288901567,0.6106734275817871,0.43698903918266296,-0.0010479077463969588,0.594631552696228,0.45016273856163025,-0.010415246710181236,0.6348772644996643,0.34463849663734436,0.0019638980738818645,0.6300715208053589,0.3566933274269104,-0.004511918406933546,0.6256817579269409,0.36562731862068176,-0.009480145759880543,0.5925390720367432,0.4984804689884186,0.005630424711853266,0.5985684990882874,0.3706178069114685,-0.018421906977891922,0.6019366979598999,0.3507266044616699,-0.01816420815885067,0.6057817339897156,0.3299924433231354,-0.016875028610229492,0.6202763319015503,0.413250207901001,0.00334827764891088,0.6330974102020264,0.42102548480033875,0.013176901265978813,0.5947402715682983,0.409074068069458,-0.001123300171457231,0.6297714114189148,0.396488219499588,0.005480958614498377,0.5922461152076721,0.4208730161190033,-0.008904336020350456,0.5910983681678772,0.4489976167678833,-0.0212791059166193,0.6378434300422668,0.42571404576301575,0.020639050751924515,0.6298869252204895,0.4271758794784546,0.008394178003072739,0.62303626537323,0.43019911646842957,0.002947226632386446,0.6118281483650208,0.4286324381828308,0.00017564586596563458,0.6033557653427124,0.42467114329338074,-0.0017771240090951324,0.5971052646636963,0.4200703501701355,-0.0038071742746979,0.5858027338981628,0.41006147861480713,-0.01619819924235344,0.6349061727523804,0.44254034757614136,0.02079775556921959,0.6342141032218933,0.39474472403526306,0.008225632831454277,0.5797387957572937,0.45746734738349915,-0.026260845363140106,0.5940953493118286,0.43414413928985596,-0.00814542081207037,0.6445050239562988,0.4057246744632721,0.054785918444395065,0.5926832556724548,0.4150333106517792,-0.0052983700297772884,0.5950305461883545,0.450173020362854,-0.004777728579938412,0.6252200603485107,0.4040389060974121,0.007504988927394152,0.5916396975517273,0.44354763627052307,-0.019623326137661934,0.6320059299468994,0.4590056836605072,0.06369437277317047,0.5942811369895935,0.40602123737335205,-0.0002005545684369281,0.5880478620529175,0.4392646849155426,-0.025561075657606125,0.6120901703834534,0.4979076385498047,0.030416129156947136,0.6099295616149902,0.5040731430053711,0.04237837344408035,0.6382825970649719,0.4420697093009949,0.04220976307988167,0.6199966669082642,0.48802947998046875,0.03662184998393059,0.6432731747627258,0.39221033453941345,0.027333872392773628,0.5896542072296143,0.5213735103607178,0.016094855964183807,0.5787994861602783,0.4586488902568817,-0.01835521124303341,0.5986464619636536,0.4399681091308594,-0.00534085975959897,0.6370513439178467,0.41004258394241333,0.020889993757009506,0.6155365109443665,0.41098666191101074,0.00043881425517611206,0.6102139949798584,0.4119598865509033,-0.0011684981873258948,0.5943728685379028,0.48677247762680054,0.004011351615190506,0.6311665177345276,0.45769524574279785,0.024412252008914948,0.5801916122436523,0.5297085642814636,0.018913043662905693,0.594708263874054,0.5198568105697632,0.028898218646645546,0.6013909578323364,0.5134157538414001,0.034650757908821106,0.6046202182769775,0.41099515557289124,-0.0016066398238763213,0.5993809103965759,0.40873172879219055,-0.0010342597961425781,0.596013069152832,0.40724265575408936,-5.40991713933181e-05,0.6374672651290894,0.3929174244403839,0.013988225720822811,0.6003061532974243,0.4005381166934967,-0.002860182663425803,0.6059812307357788,0.39886200428009033,-0.00367011409252882,0.6116101741790771,0.3988003730773926,-0.0031521236523985863,0.6167225241661072,0.40004992485046387,-0.0012764795683324337,0.6196584701538086,0.401726096868515,0.0008939099498093128,0.6461368203163147,0.3874932527542114,0.04293125867843628,0.6187629103660583,0.40906408429145813,0.0024806789588183165,0.5924975872039795,0.469488263130188,-0.006039164494723082,0.5892355442047119,0.45455652475357056,-0.015259578824043274,0.5830261707305908,0.4670470952987671,-0.011526398360729218,0.6039478778839111,0.5070360898971558,0.026175566017627716,0.5967891812324524,0.51395183801651,0.021569065749645233,0.5809153318405151,0.5266310572624207,0.011226424016058445,0.6174090504646301,0.4930322766304016,0.051992032676935196,0.596228301525116,0.4036075174808502,-0.0012921236921101809,0.5884033441543579,0.42362314462661743,-0.016720693558454514,0.5878997445106506,0.5257169604301453,0.022852716967463493,0.6334386467933655,0.45875152945518494,0.043354276567697525,0.5839622616767883,0.48280373215675354,-0.0023812269791960716,0.5846183896064758,0.48655644059181213,-0.002522007329389453,0.5851640105247498,0.49129340052604675,-0.0030114988330751657,0.585395336151123,0.4966990649700165,-0.001667963806539774,0.586823582649231,0.5038669109344482,0.003913759253919125,0.5926942825317383,0.48179906606674194,0.001425954862497747,0.5939776301383972,0.4810113310813904,0.0014309028629213572,0.5950884222984314,0.48008808493614197,0.0013321259757503867,0.600523054599762,0.47897377610206604,0.00217060768045485,0.6242141127586365,0.46258237957954407,0.01272989809513092,0.589016854763031,0.41494220495224,-0.012212458066642284,0.5920255184173584,0.3979065418243408,-0.004962090868502855,0.5945104956626892,0.39970862865448,-0.0026104548014700413,0.5913475155830383,0.48251911997795105,0.002134612761437893,0.620625376701355,0.47923392057418823,0.023854605853557587,0.5884001851081848,0.39680182933807373,-0.01201363280415535,0.5886302590370178,0.5095515251159668,0.008082680404186249,0.5849394798278809,0.41954749822616577,-0.021135438233613968,0.5909165143966675,0.43632298707962036,-0.015456462278962135,0.5803688764572144,0.5140960812568665,0.005917279049754143,0.6010180115699768,0.4955185651779175,0.011590845882892609,0.5993998050689697,0.45646071434020996,-0.0024467625189572573,0.5951902270317078,0.5032590627670288,0.010173040442168713,0.6135941743850708,0.4564701020717621,0.00036504448507912457,0.6042569875717163,0.46455129981040955,-0.00039085157914087176,0.6161296367645264,0.4683995842933655,0.006285395473241806,0.5811051726341248,0.521328330039978,0.0073817018419504166,0.5932494401931763,0.4404667317867279,-0.010852398350834846,0.6042068600654602,0.5003865957260132,0.018185749650001526,0.5969015955924988,0.5081415772438049,0.015778759494423866,0.6064770221710205,0.4866015911102295,0.01083922665566206,0.6270849108695984,0.4699830114841461,0.028067387640476227,0.6126957535743713,0.48748794198036194,0.016890952363610268,0.6276861429214478,0.4739702045917511,0.04286346212029457,0.6071216464042664,0.47402045130729675,0.003615529043599963,0.5911573171615601,0.42876335978507996,-0.012088709510862827,0.589134693145752,0.45247289538383484,-0.02233823947608471,0.5916041731834412,0.4540257453918457,-0.015763454139232635,0.5875447988510132,0.44754552841186523,-0.02657872438430786,0.5978971719741821,0.3893977701663971,-0.007267054170370102,0.608890175819397,0.3834530711174011,-0.007931288331747055,0.6180581450462341,0.38252338767051697,-0.006884695030748844,0.6250036954879761,0.384621262550354,-0.0037925648503005505,0.6289960145950317,0.38903623819351196,0.00030936277471482754,0.6288434267044067,0.405791312456131,0.010277267545461655,0.6418144106864929,0.4254242479801178,0.03905507177114487,0.6245350241661072,0.41886940598487854,0.006366298533976078,0.6189578771591187,0.42139413952827454,0.002951749600470066,0.6110246777534485,0.421539306640625,0.00038445612881332636,0.6031919717788696,0.41924336552619934,-0.0015102026518434286,0.5971804857254028,0.4156152606010437,-0.0018970685778185725,0.5932748913764954,0.4121759235858917,-0.002762961434200406,0.6412312388420105,0.4230372905731201,0.061230216175317764,0.59105384349823,0.4555908143520355,-0.012747209519147873,0.5879172682762146,0.43130770325660706,-0.02040093205869198,0.5856065154075623,0.45302295684814453,-0.026700671762228012,0.5823361873626709,0.4561781883239746,-0.024004437029361725,0.5853772163391113,0.45399096608161926,-0.023837603628635406,0.5894452333450317,0.457493394613266,-0.010512965731322765,0.5813794136047363,0.45699286460876465,-0.025464870035648346,0.5803861021995544,0.4582287669181824,-0.018492497503757477,0.5925641059875488,0.4058935344219208,-0.0009979380993172526,0.5904338359832764,0.4070582389831543,-0.004205756820738316,0.5895863175392151,0.40799593925476074,-0.0076064905151724815,0.6212944984436035,0.40303823351860046,0.003221979597583413,0.626345157623291,0.3976673483848572,0.0035904482938349247,0.549245297908783,0.39884573221206665,-0.0015046184416860342,0.5553051233291626,0.399827241897583,-0.0015046184416860342,0.5498824715614319,0.39160674810409546,-0.0015046184416860342,0.5430861115455627,0.3977918028831482,-0.0015046184416860342,0.5486044883728027,0.40600165724754333,-0.0015046184416860342,0.6076542139053345,0.4040067791938782,6.182740617077798e-05,0.6136699318885803,0.4043847322463989,6.182740617077798e-05,0.6080071330070496,0.3963123559951782,6.182740617077798e-05,0.6017128229141235,0.40358278155326843,6.182740617077798e-05,0.6073330640792847,0.41168344020843506,6.182740617077798e-05
33.333333333333336,0.5750181078910828,0.4728144109249115,-0.012597417458891869,0.5765731334686279,0.4527924656867981,-0.029367171227931976,0.5756388902664185,0.4589536488056183,-0.013992488384246826,0.5735867619514465,0.4253828823566437,-0.024492627009749413,0.5771843194961548,0.4448695778846741,-0.031973324716091156,0.5778446197509766,0.43393272161483765,-0.030639804899692535,0.5793365836143494,0.4064643383026123,-0.018351051956415176,0.5378695726394653,0.3987908363342285,0.0024027754552662373,0.580930769443512,0.38259926438331604,-0.016634350642561913,0.581847071647644,0.370726615190506,-0.01919589377939701,0.5847781300544739,0.32827532291412354,-0.01829870417714119,0.574741780757904,0.47647497057914734,-0.011638819240033627,0.5743733644485474,0.4802689850330353,-0.009554380550980568,0.5740966200828552,0.4827556014060974,-0.006497443187981844,0.5739886164665222,0.48301470279693604,-0.00527385575696826,0.5737296342849731,0.48816195130348206,-0.005370390135794878,0.5733181238174438,0.4942030906677246,-0.005839391145855188,0.5728133320808411,0.4998928904533386,-0.004081143066287041,0.5720986723899841,0.5035532116889954,0.002635723678395152,0.5761990547180176,0.45638507604599,-0.02615337260067463,0.5712859034538269,0.4551015794277191,-0.018477531149983406,0.5158524513244629,0.3574768304824829,0.025546865537762642,0.5535950660705566,0.40864282846450806,-0.0030320449732244015,0.5474666953086853,0.40880241990089417,-0.002487282967194915,0.5419071912765503,0.4070112109184265,-0.000849017349537462,0.5351311564445496,0.40038907527923584,0.0037772515788674355,0.5590909123420715,0.40664201974868774,-0.002257106825709343,0.5471409559249878,0.37973660230636597,-0.006623400840908289,0.5538902878761292,0.38192248344421387,-0.006746615748852491,0.5406345129013062,0.3804451823234558,-0.004381786100566387,0.5362036228179932,0.38362711668014526,-0.0018504859181120992,0.529732346534729,0.403547078371048,0.007221691310405731,0.5522556304931641,0.5096868872642517,0.009799929335713387,0.536156415939331,0.39563214778900146,0.0042779287323355675,0.51165771484375,0.39369598031044006,0.03195757046341896,0.5234408974647522,0.3945810794830322,0.012415003962814808,0.5478605031967163,0.43929457664489746,-0.0042933514341712,0.568115234375,0.46990683674812317,-0.01199936494231224,0.568162202835083,0.47905299067497253,-0.008832021616399288,0.5610249042510986,0.4717477560043335,-0.008591247722506523,0.5563749074935913,0.4740232527256012,-0.004259890876710415,0.5628039240837097,0.4783059358596802,-0.00668694544583559,0.558666467666626,0.4781700372695923,-0.002728730672970414,0.5489055514335632,0.4843747317790985,0.006528738420456648,0.5721977949142456,0.45205801725387573,-0.028974974527955055,0.5720641613006592,0.4443031847476959,-0.031376369297504425,0.5279217958450317,0.3702121675014496,-0.0005163252353668213,0.560880184173584,0.421302855014801,-0.006933213677257299,0.5601130127906799,0.4467909336090088,-0.015706541016697884,0.5599210858345032,0.4422003924846649,-0.014436025172472,0.5295168161392212,0.43533438444137573,0.0026969769969582558,0.5728622078895569,0.434146523475647,-0.028980420902371407,0.5422633290290833,0.36272522807121277,-0.010891133919358253,0.5339765548706055,0.36444753408432007,-0.006075093988329172,0.5229519009590149,0.34372803568840027,0.01283066626638174,0.5680301785469055,0.37658771872520447,-0.015326499938964844,0.559502899646759,0.38703861832618713,-0.004916770849376917,0.5452242493629456,0.47637253999710083,0.0065354639664292336,0.5170139074325562,0.4663737714290619,0.056297942996025085,0.563885509967804,0.4518010914325714,-0.013145094737410545,0.567940354347229,0.45462071895599365,-0.012856890447437763,0.5506559014320374,0.47817784547805786,0.005855606868863106,0.5520761609077454,0.4784688353538513,0.004282186273485422,0.5309767723083496,0.3571091592311859,-0.004159670323133469,0.5596622228622437,0.44949957728385925,-0.012209569104015827,0.5533553957939148,0.3660319745540619,-0.014187266118824482,0.552976131439209,0.35834455490112305,-0.016183435916900635,0.5491539239883423,0.32801494002342224,-0.01103733479976654,0.527140200138092,0.3532511591911316,0.0027257727924734354,0.5518773198127747,0.3453124165534973,-0.014320381917059422,0.5245124101638794,0.36490491032600403,0.0037683635018765926,0.5199904441833496,0.3640959560871124,0.01358439214527607,0.5679882168769836,0.4748587906360626,-0.011057374998927116,0.5619029998779297,0.47523242235183716,-0.007858527824282646,0.5574612021446228,0.47612953186035156,-0.003927212208509445,0.5649774670600891,0.45312821865081787,-0.011574052274227142,0.5513850450515747,0.47835126519203186,0.005037888418883085,0.553702712059021,0.48129236698150635,0.0023246712516993284,0.5528267025947571,0.4786115884780884,0.004197186324745417,0.5664368271827698,0.45048046112060547,-0.021153010427951813,0.5595784187316895,0.47962406277656555,-0.0015083630569279194,0.5636093020439148,0.4803910255432129,-0.004033563658595085,0.5685045123100281,0.4815733730792999,-0.005952734500169754,0.564816415309906,0.5021732449531555,0.002730170963332057,0.5655677914619446,0.4981848895549774,-0.003884430741891265,0.5664080381393433,0.4924739897251129,-0.00535957794636488,0.5674343705177307,0.4864770174026489,-0.004831167869269848,0.5684098601341248,0.4818328619003296,-0.0046857260167598724,0.5594966411590576,0.47976595163345337,-0.00048583708121441305,0.5581055879592896,0.48189955949783325,-0.0008356955950148404,0.5564641356468201,0.4846731126308441,-0.001297922688536346,0.5550771355628967,0.4876459240913391,-2.265592229377944e-05,0.552003800868988,0.46650558710098267,-0.0030995996203273535,0.5103201866149902,0.4267804026603699,0.059941984713077545,0.5759506225585938,0.45767298340797424,-0.018399860709905624,0.5564623475074768,0.47918468713760376,0.002317092614248395,0.555112361907959,0.48019087314605713,0.0021240231581032276,0.5693112015724182,0.45761826634407043,-0.01253880187869072,0.5609989166259766,0.4536663591861725,-0.007382284849882126,0.5686917901039124,0.45616385340690613,-0.012873605825006962,0.5542356371879578,0.42483213543891907,-0.004539782647043467,0.5439533591270447,0.42860761284828186,-0.0023086818400770426,0.5587121248245239,0.4450373351573944,-0.010897260159254074,0.5335095524787903,0.3335331976413727,1.5967549188644625e-05,0.5372430086135864,0.3463785648345947,-0.00641472777351737,0.5405779480934143,0.35486310720443726,-0.010982784442603588,0.5527966022491455,0.49104663729667664,0.004722953774034977,0.567267119884491,0.3644294738769531,-0.018713202327489853,0.5666297078132629,0.34726759791374207,-0.018615279346704483,0.5656546354293823,0.3266374468803406,-0.01718207634985447,0.5374617576599121,0.4043080508708954,0.001623369986191392,0.5230063199996948,0.40755534172058105,0.010822883807122707,0.5628029108047485,0.40461888909339905,-0.0017366649117320776,0.5300540924072266,0.3853732943534851,0.0033755504991859198,0.5653637051582336,0.41686010360717773,-0.009299407713115215,0.5633631348609924,0.445024698972702,-0.0214531272649765,0.5162702798843384,0.41170334815979004,0.01785641349852085,0.5266038179397583,0.4146946966648102,0.0062479861080646515,0.5338534116744995,0.4193984568119049,0.001287523191422224,0.5450668931007385,0.4204218089580536,-0.00102058460470289,0.5536500215530396,0.41855910420417786,-0.0025944942608475685,0.5602717995643616,0.41563117504119873,-0.004406441003084183,0.5738335847854614,0.40770837664604187,-0.0161923598498106,0.5164786577224731,0.4288797676563263,0.018033619970083237,0.5253568887710571,0.38168442249298096,0.005805494263768196,0.5735687613487244,0.4558276832103729,-0.02589353173971176,0.561383843421936,0.4294680953025818,-0.008640515618026257,0.5093934535980225,0.39071914553642273,0.0510183610022068,0.5653802156448364,0.4119296669960022,-0.00571489566937089,0.5579366683959961,0.4448755085468292,-0.005281584803014994,0.5332285761833191,0.3943788409233093,0.0055189174599945545,0.563422441482544,0.43944641947746277,-0.019839411601424217,0.5125980377197266,0.44625091552734375,0.0596398189663887,0.5632760524749756,0.4016507863998413,-0.0008774098823778331,0.5680164098739624,0.43599316477775574,-0.02549506165087223,0.5301411747932434,0.48819148540496826,0.027845358476042747,0.5304690599441528,0.4949607849121094,0.039320822805166245,0.511125922203064,0.4280035197734833,0.0388578362762928,0.5227201581001282,0.4769878387451172,0.03371492400765419,0.5154433846473694,0.3777904212474823,0.02421593852341175,0.5514121055603027,0.5154829621315002,0.014144670218229294,0.5739395022392273,0.45712795853614807,-0.018066952005028725,0.5556907057762146,0.43415650725364685,-0.006017625331878662,0.5181277394294739,0.39464858174324036,0.018090063706040382,0.5429361462593079,0.403295636177063,-0.00098325964063406,0.5478421449661255,0.4048035144805908,-0.002332833828404546,0.5524312853813171,0.4824932813644409,0.0033588872756808996,0.5174044966697693,0.4446091949939728,0.02166726067662239,0.5602600574493408,0.525562584400177,0.017116310074925423,0.5457663536071777,0.5134060978889465,0.026528147980570793,0.5390756130218506,0.505818784236908,0.03200767561793327,0.5833075642585754,0.34967124462127686,-0.019683407619595528,0.5702977776527405,0.5281358361244202,0.01585632935166359,0.5530484914779663,0.40455198287963867,-0.0025664211716502905,0.5581664443016052,0.4032103419303894,-0.0018337126821279526,0.5615456104278564,0.4023813307285309,-0.0007997629581950605,0.5210437774658203,0.37826645374298096,0.011297723278403282,0.5579564571380615,0.395047128200531,-0.0036162652540951967,0.5527107119560242,0.39232203364372253,-0.0045885504223406315,0.5477064847946167,0.3915448486804962,-0.004321699496358633,0.5427874326705933,0.39220091700553894,-0.0026832884177565575,0.539591372013092,0.39351919293403625,-0.0006655764300376177,0.5115577578544617,0.3723425269126892,0.039369165897369385,0.5398477911949158,0.4010597765445709,0.0008686737273819745,0.5752097368240356,0.46430879831314087,-0.012030404061079025,0.5578991174697876,0.46378862857818604,-0.0063972147181630135,0.5639495253562927,0.45088374614715576,-0.01545869279652834,0.5680885910987854,0.463663250207901,-0.01150109525769949,0.580029308795929,0.3943476676940918,-0.01553037203848362,0.5377866625785828,0.4987555742263794,0.023859435692429543,0.544608473777771,0.5069124698638916,0.01943782903254032,0.5599653124809265,0.5221625566482544,0.009579057805240154,0.5233219265937805,0.48269739747047424,0.048542771488428116,0.5616762042045593,0.39896756410598755,-0.002018878934904933,0.5693696141242981,0.4204014539718628,-0.016809875145554543,0.5705471038818359,0.5245789885520935,0.008614437654614449,0.5525259971618652,0.5203359723091125,0.02074168249964714,0.5130558013916016,0.44555437564849854,0.040012769401073456,0.5635387897491455,0.480630099773407,-0.0028433462139219046,0.562144935131073,0.48419979214668274,-0.003165267873555422,0.5607423782348633,0.4886983335018158,-0.0036499009002000093,0.559576153755188,0.493755578994751,-0.002340886974707246,0.5579713582992554,0.4973193407058716,0.003015588503330946,0.5553189516067505,0.4782172441482544,0.0009738041553646326,0.5540720224380493,0.47718438506126404,0.0008904308779165149,0.5530450344085693,0.47607141733169556,0.0006997265736572444,0.5474728345870972,0.47068294882774353,0.0012936803977936506,0.5246533155441284,0.450837641954422,0.010512981563806534,0.5697147250175476,0.41173169016838074,-0.012392154894769192,0.5673906803131104,0.39426448941230774,-0.005298702511936426,0.5641223788261414,0.395466148853302,-0.0031897793523967266,0.5565445423126221,0.4791651964187622,0.0016815998824313283,0.5247354507446289,0.4679725170135498,0.021332204341888428,0.5724833011627197,0.39422330260276794,-0.012101927772164345,0.5547580718994141,0.5033155679702759,0.006839474197477102,0.5783379673957825,0.4248198866844177,-0.026356475427746773,0.573631763458252,0.4171735942363739,-0.02098686620593071,0.5788097381591797,0.41620519757270813,-0.02228762023150921,0.5648925304412842,0.43233245611190796,-0.015667717903852463,0.5710185766220093,0.5188420414924622,0.004763117525726557,0.5715561509132385,0.5108868479728699,0.0037861187011003494,0.5627146363258362,0.5091201066970825,0.004610689356923103,0.5438874363899231,0.48702022433280945,0.010211794637143612,0.5524636507034302,0.45001474022865295,-0.0031451573595404625,0.5488681197166443,0.49593594670295715,0.008895760402083397,0.537750244140625,0.44696560502052307,-0.0010625453433021903,0.5461832880973816,0.45660948753356934,-0.0012803050922229886,0.5326759815216064,0.4580005705356598,0.0045862658880651,0.5607345700263977,0.5166468620300293,0.005834352225065231,0.5615079402923584,0.43590083718299866,-0.011248581111431122,0.5393595695495605,0.4917615056037903,0.01627879962325096,0.5459594130516052,0.5008774995803833,0.013973434455692768,0.5396029949188232,0.47717729210853577,0.009231404401361942,0.5192410945892334,0.4576178193092346,0.02526632510125637,0.532383382320404,0.4773823618888855,0.0148095628246665,0.516476571559906,0.461743026971817,0.03961797058582306,0.5413388609886169,0.46485233306884766,0.002406701212748885,0.5654802322387695,0.42482122778892517,-0.012407145462930202,0.5648483037948608,0.4489830732345581,-0.022450920194387436,0.5616471767425537,0.44978368282318115,-0.016031065955758095,0.5674808621406555,0.44439539313316345,-0.026532121002674103,0.5631176233291626,0.38412147760391235,-0.007802494335919619,0.5536895990371704,0.37602484226226807,-0.008869516663253307,0.5452001690864563,0.37353453040122986,-0.008156493306159973,0.5380120277404785,0.3746095597743988,-0.005452529527246952,0.532856285572052,0.37821656465530396,-0.0016752717783674598,0.528887927532196,0.39445847272872925,0.008091229014098644,0.5104914307594299,0.41074103116989136,0.03571486100554466,0.5326657891273499,0.4082184433937073,0.004509368911385536,0.5383495688438416,0.4119541347026825,0.0014020332600921392,0.5461035370826721,0.4137747585773468,-0.0008154356619343162,0.5537659525871277,0.41305550932884216,-0.002309034112840891,0.5599891543388367,0.4107874929904938,-0.0024990271776914597,0.5642709732055664,0.40847960114479065,-0.0032061412930488586,0.5095041990280151,0.4084763824939728,0.05734480172395706,0.5616240501403809,0.45133253931999207,-0.013041883707046509,0.5690168738365173,0.42809510231018066,-0.020407116040587425,0.5685631036758423,0.4503418505191803,-0.026538092643022537,0.5709751844406128,0.45406779646873474,-0.023763153702020645,0.5684220194816589,0.4513237774372101,-0.02373066358268261,0.5627924203872681,0.45340240001678467,-0.010732081718742847,0.5719377398490906,0.455059677362442,-0.02514628879725933,0.5723665356636047,0.45641642808914185,-0.01825188845396042,0.5652133226394653,0.4019646942615509,-0.0015355183277279139,0.5677185654640198,0.4040483832359314,-0.004511881619691849,0.5693621039390564,0.4057394862174988,-0.007827969267964363,0.5376812815666199,0.3945993483066559,0.0015394185902550817,0.5333942770957947,0.38774409890174866,0.0017224925104528666,0.5828279852867126,0.4263504147529602,-0.02430470660328865,0.6195533275604248,0.4070793688297272,0.003867653664201498,0.5807947516441345,0.45602938532829285,-0.01831604354083538,0.6442855000495911,0.37192633748054504,0.027946094051003456,0.6029785871505737,0.41433778405189514,-0.0020951107144355774,0.6092016100883484,0.41529580950737,-0.0013406452490016818,0.6149364113807678,0.4145759344100952,0.0004573320329654962,0.6217755079269409,0.4097367823123932,0.005325020290911198,0.5976211428642273,0.41155990958213806,-0.0015250926371663809,0.6130052804946899,0.388541042804718,-0.005463107489049435,0.605971097946167,0.38927221298217773,-0.00584100466221571,0.6192576289176941,0.3902410864830017,-0.0030256358440965414,0.6229556798934937,0.39382874965667725,-0.000395368377212435,0.6268569827079773,0.4145323932170868,0.008968785405158997,0.590067446231842,0.5134299993515015,0.010451773181557655,0.6214011311531067,0.40466615557670593,0.005822470411658287,0.6427304744720459,0.4080166518688202,0.0344264917075634,0.6331508755683899,0.40769830346107483,0.014401921071112156,0.6043199300765991,0.4453526735305786,-0.003415190614759922,0.5821211338043213,0.47140344977378845,-0.01184105221182108,0.5805898308753967,0.48033612966537476,-0.008707359433174133,0.5884811878204346,0.47448858618736267,-0.00825046468526125,0.5922818779945374,0.4773924946784973,-0.003758222796022892,0.5856932997703552,0.4806002378463745,-0.006441245321184397,0.5894675254821777,0.48104432225227356,-0.002339210594072938,0.597118616104126,0.48935234546661377,0.007210755720734596,0.5808882713317871,0.45292001962661743,-0.028834110125899315,0.5821672677993774,0.44531530141830444,-0.03122502937912941,0.6330453157424927,0.3829629123210907,0.0012921843444928527,0.5943363904953003,0.42487236857414246,-0.006328908260911703,0.592298150062561,0.45014283061027527,-0.015136322006583214,0.5929158329963684,0.4456665813922882,-0.013871803879737854,0.6218616366386414,0.44523847103118896,0.004266420844942331,0.5826001167297363,0.4351058304309845,-0.02879241853952408,0.6207970976829529,0.37378135323524475,-0.009623237885534763,0.6284574270248413,0.37649503350257874,-0.004532018676400185,0.6405168771743774,0.3570735454559326,0.014960557222366333,0.5935115814208984,0.38297566771507263,-0.01489268708974123,0.5995683670043945,0.3928838074207306,-0.0041955807246267796,0.6018178462982178,0.48215651512145996,0.007455292623490095,0.6255296468734741,0.4772651791572571,0.05860384553670883,0.5879113078117371,0.45429348945617676,-0.012758542783558369,0.5837280750274658,0.45627361536026,-0.012652344070374966,0.5966234803199768,0.4819379448890686,0.006594032980501652,0.5951859951019287,0.48199963569641113,0.004902529530227184,0.6319497227668762,0.3699244260787964,-0.0025013184640556574,0.5920731425285339,0.45288532972335815,-0.01166136097162962,0.609505832195282,0.3754149079322815,-0.013347500935196877,0.610927402973175,0.3679150342941284,-0.015308428555727005,0.6191128492355347,0.3360215425491333,-0.009885150007903576,0.6361664533615112,0.3654712736606598,0.00464158970862627,0.614457368850708,0.35245245695114136,-0.01326747052371502,0.6363524198532104,0.37869328260421753,0.005737167317420244,0.640562891960144,0.3775404095649719,0.01574503444135189,0.58151775598526,0.4762905538082123,-0.010925037786364555,0.5871272087097168,0.4777756333351135,-0.007576753385365009,0.5909627676010132,0.47924184799194336,-0.003515771823003888,0.586601197719574,0.4553546905517578,-0.011222283355891705,0.5958872437477112,0.48198825120925903,0.005706894211471081,0.5934178233146667,0.4846087396144867,0.002840027678757906,0.5944357514381409,0.48203200101852417,0.004804829601198435,0.5861280560493469,0.4524986147880554,-0.020748252049088478,0.5882664918899536,0.48227423429489136,-0.0011451453901827335,0.5844537019729614,0.4824420213699341,-0.003793888259679079,0.5797308087348938,0.4827321171760559,-0.00583706796169281,0.5793125629425049,0.5037205815315247,0.0028573311865329742,0.5801268219947815,0.4995163083076477,-0.003760010004043579,0.58021479845047,0.4937404990196228,-0.005248942878097296,0.5800254940986633,0.4876593351364136,-0.004727943800389767,0.5796204209327698,0.4829098582267761,-0.004577817395329475,0.5881643891334534,0.48231926560401917,-0.00014136270328890532,0.5893024206161499,0.4846440851688385,-0.0004933119053021073,0.5905009508132935,0.4875965714454651,-0.0009134903084486723,0.591361403465271,0.49073052406311035,0.0004192236519884318,0.5969408750534058,0.47122636437416077,-0.002478900831192732,0.6371947526931763,0.4403943717479706,0.06250371783971786,0.5910077095031738,0.4821750223636627,0.0028120558708906174,0.5922152400016785,0.4833413362503052,0.0026053504552692175,0.5820152759552002,0.4590314030647278,-0.012334612198174,0.5901176333427429,0.45672711730003357,-0.006972691975533962,0.5828139781951904,0.45771723985671997,-0.012670540250837803,0.6000487208366394,0.42978641390800476,-0.003725577611476183,0.6093953251838684,0.435696005821228,-0.001225034473463893,0.5934845209121704,0.44873109459877014,-0.010307876393198967,0.6327518820762634,0.34485965967178345,0.0017222956521436572,0.6280847787857056,0.35666847229003906,-0.004897170700132847,0.6232760548591614,0.3661472201347351,-0.009676429443061352,0.5924179553985596,0.4951441287994385,0.005267513915896416,0.5961054563522339,0.37134015560150146,-0.018242696300148964,0.5999680757522583,0.35106033086776733,-0.018054107204079628,0.6036208868026733,0.33096688985824585,-0.016604535281658173,0.6193011999130249,0.4129486680030823,0.0030742974486202,0.6330029368400574,0.4204694926738739,0.012764218263328075,0.5941581130027771,0.40903007984161377,-0.001073395018465817,0.6285516619682312,0.39663150906562805,0.005105424672365189,0.5908762812614441,0.41955241560935974,-0.008800624869763851,0.5898231863975525,0.4477595388889313,-0.020979881286621094,0.6366764903068542,0.424738347530365,0.020093603059649467,0.6294772028923035,0.4264609217643738,0.008072172291576862,0.6223967671394348,0.42943665385246277,0.0027763466350734234,0.6111343502998352,0.4280242621898651,9.053800749825314e-05,0.6026533842086792,0.4242917001247406,-0.0017695175483822823,0.5963125228881836,0.41997697949409485,-0.0037739051040261984,0.5844298005104065,0.4088207185268402,-0.015981297940015793,0.633966326713562,0.4414660632610321,0.020213671028614044,0.6332671642303467,0.39458635449409485,0.007730319630354643,0.5787935256958008,0.45632338523864746,-0.025784369558095932,0.5928462147712708,0.43282830715179443,-0.008053095079958439,0.6440290212631226,0.4054768681526184,0.05367095768451691,0.5917396545410156,0.4151805341243744,-0.005214367527514696,0.593956708908081,0.4487234055995941,-0.004703877493739128,0.6241865754127502,0.4044046998023987,0.007176462095230818,0.5903079509735107,0.44224220514297485,-0.019355911761522293,0.6322506666183472,0.45871251821517944,0.062154728919267654,0.5937708616256714,0.40605947375297546,-0.00015958331641741097,0.5867514610290527,0.4378957152366638,-0.025163793936371803,0.6125257611274719,0.49634885787963867,0.02942693419754505,0.610503077507019,0.5026609301567078,0.041081879287958145,0.6376625895500183,0.4413989186286926,0.041254784911870956,0.6203379034996033,0.4867333471775055,0.035587094724178314,0.6420609354972839,0.39178988337516785,0.02654535137116909,0.5898209810256958,0.5192112326622009,0.014877164736390114,0.5779851675033569,0.45753374695777893,-0.01800488866865635,0.5974606871604919,0.4386425018310547,-0.005327942781150341,0.637418270111084,0.4096218943595886,0.020273828878998756,0.6143354177474976,0.4103260040283203,0.000327020330587402,0.6092648506164551,0.41111689805984497,-0.0011995668755844235,0.5944597125053406,0.4859903156757355,0.003927178215235472,0.6305858492851257,0.456549733877182,0.02373015508055687,0.5802062153816223,0.5274374485015869,0.0175337977707386,0.5950018167495728,0.5180317163467407,0.02757890708744526,0.601823627948761,0.5117738842964172,0.03339746966958046,0.6039237976074219,0.4102403521537781,-0.0015901452861726284,0.59879070520401,0.40829354524612427,-0.000987097853794694,0.595458447933197,0.40709155797958374,-3.584789010346867e-05,0.6368582248687744,0.39252951741218567,0.013411513529717922,0.5997481942176819,0.4006531536579132,-0.0027922792360186577,0.6052770614624023,0.3990628123283386,-0.003617804730311036,0.6106233596801758,0.3991779386997223,-0.003186006797477603,0.6155445575714111,0.4005810618400574,-0.0013982322998344898,0.6184736490249634,0.4022965729236603,0.0007385790813714266,0.6453591585159302,0.3872308135032654,0.04196395352482796,0.6174929738044739,0.4087510406970978,0.0022769365459680557,0.5918422341346741,0.4673764109611511,-0.005886773578822613,0.5881316661834717,0.4533962309360504,-0.015044114552438259,0.5823651552200317,0.46524104475975037,-0.01129284780472517,0.6043488383293152,0.5053160190582275,0.02512744814157486,0.5970905423164368,0.5120576024055481,0.020431263372302055,0.580978274345398,0.5241842865943909,0.009960947558283806,0.618035614490509,0.491964191198349,0.050585031509399414,0.5956864953041077,0.4036884009838104,-0.0012607640819624066,0.5870653390884399,0.4222506582736969,-0.016481885686516762,0.58803790807724,0.5236522555351257,0.021502049639821053,0.6330995559692383,0.4579949676990509,0.04232623800635338,0.5843572616577148,0.48255181312561035,-0.0026132601778954268,0.5853010416030884,0.4862997531890869,-0.0029184476006776094,0.5860744714736938,0.49093085527420044,-0.003389553166925907,0.5864601731300354,0.49609190225601196,-0.0020535814110189676,0.5865676999092102,0.5002549886703491,0.003380049020051956,0.5924086570739746,0.4814053773880005,0.0014751889975741506,0.593747079372406,0.4806097447872162,0.001475075026974082,0.5948987603187561,0.47970691323280334,0.0013538983184844255,0.60056471824646,0.47618725895881653,0.002096106531098485,0.6236470937728882,0.46125712990760803,0.012181829661130905,0.5876222252845764,0.41362857818603516,-0.01206078939139843,0.5910844206809998,0.3983142375946045,-0.004879242740571499,0.5938158631324768,0.4000166952610016,-0.002548951655626297,0.5910593271255493,0.48214203119277954,0.002196650253608823,0.6206845641136169,0.47776827216148376,0.023055963218212128,0.5869963765144348,0.3974251449108124,-0.0118259247392416,0.5885898470878601,0.5067105889320374,0.0073028490878641605,0.583633542060852,0.41820016503334045,-0.020824970677495003,0.5896043181419373,0.43497154116630554,-0.015241576358675957,0.580289900302887,0.5108870267868042,0.004834544379264116,0.6011512875556946,0.4928496181964874,0.011069574393332005,0.5984721183776855,0.45488521456718445,-0.0024841895792633295,0.5951930284500122,0.5006179809570312,0.009553289972245693,0.6127309799194336,0.45493847131729126,9.136855805991217e-05,0.6036128401756287,0.46270230412483215,-0.00044668043847195804,0.6157169342041016,0.4667264223098755,0.005892958026379347,0.5811619758605957,0.5186824798583984,0.0061671119183301926,0.5920043587684631,0.43914368748664856,-0.010719732381403446,0.6044450998306274,0.49827247858047485,0.01738346554338932,0.5970489382743835,0.5059418678283691,0.01482757180929184,0.6066299676895142,0.48405224084854126,0.010328270494937897,0.6268919110298157,0.4687448740005493,0.027259204536676407,0.6128208637237549,0.4855479598045349,0.016202004626393318,0.6277258396148682,0.4730151295661926,0.04177267476916313,0.6070095300674438,0.47176459431648254,0.003372863633558154,0.5898483395576477,0.427415132522583,-0.011929044499993324,0.5879127979278564,0.45134565234184265,-0.022001702338457108,0.5904695391654968,0.45277902483940125,-0.015553406439721584,0.5863211750984192,0.4462951719760895,-0.026214197278022766,0.5966281890869141,0.3898792862892151,-0.007207098882645369,0.6072689890861511,0.38395124673843384,-0.007945707067847252,0.6161888241767883,0.38309013843536377,-0.006935817189514637,0.6230723261833191,0.3850715756416321,-0.003991687670350075,0.6272854804992676,0.38933372497558594,-3.125758667010814e-05,0.6281349062919617,0.40573710203170776,0.009883224964141846,0.6410039663314819,0.4248162508010864,0.038198698312044144,0.6238221526145935,0.4184485673904419,0.006112878676503897,0.6181758046150208,0.42078897356987,0.0027794516645371914,0.6103276610374451,0.42092326283454895,0.000298994651529938,0.6025999188423157,0.4187660217285156,-0.0014479057863354683,0.5965419411659241,0.4154287874698639,-0.001842750352807343,0.5925518870353699,0.41223299503326416,-0.002669424284249544,0.6409181356430054,0.422779381275177,0.05992243066430092,0.5900406837463379,0.45425283908843994,-0.012575788423418999,0.5866020321846008,0.4299127757549286,-0.020089201629161835,0.5844539999961853,0.45189791917800903,-0.026245171204209328,0.5813971161842346,0.4550834000110626,-0.023580046370625496,0.5842611193656921,0.4529108703136444,-0.023433413356542587,0.5885620713233948,0.45605507493019104,-0.010354768484830856,0.5804282426834106,0.45587605237960815,-0.025000527501106262,0.5795626044273376,0.4571044147014618,-0.01814703829586506,0.5919978022575378,0.4060404300689697,-0.0009361838456243277,0.5896257162094116,0.40731099247932434,-0.004075667355209589,0.5884939432144165,0.40838906168937683,-0.0074812257662415504,0.6201348900794983,0.40355220437049866,0.0030027800239622593,0.6250052452087402,0.39808595180511475,0.003283244324848056,0.5490890741348267,0.39802485704421997,-0.0011374290334060788,0.5550788044929504,0.3988363444805145,-0.0011374290334060788,0.549816370010376,0.3907785415649414,-0.0011374290334060788,0.5429989695549011,0.3971271812915802,-0.0011374290334060788,0.5483429431915283,0.4051710367202759,-0.0011374290334060788,0.6073178052902222,0.40366554260253906,-1.1993030057055876e-05,0.6130873560905457,0.40403199195861816,-1.1993030057055876e-05,0.607600212097168,0.3968700170516968,-1.1993030057055876e-05,0.6016436815261841,0.4032547175884247,-1.1993030057055876e-05,0.6070823073387146,0.4104640781879425,-1.1993030057055876e-05
66.66666666666667,0.5745077133178711,0.47266629338264465,-0.012761811725795269,0.5769344568252563,0.4523839056491852,-0.029117045924067497,0.5759457349777222,0.45860618352890015,-0.013907654210925102,0.5738133788108826,0.42491045594215393,-0.024175256490707397,0.5775315761566162,0.4444607198238373,-0.03166349232196808,0.5781260132789612,0.433492511510849,-0.030281292274594307,0.5794172286987305,0.4059470593929291,-0.017919978126883507,0.5374218821525574,0.3987034559249878,0.002310936339199543,0.5809311866760254,0.3821604251861572,-0.016144899651408195,0.5818390846252441,0.37035030126571655,-0.01861679181456566,0.5846800208091736,0.3282848596572876,-0.017342818900942802,0.5742579698562622,0.47653430700302124,-0.011845630593597889,0.5739409327507019,0.4805513024330139,-0.009771942161023617,0.5737292170524597,0.4831628203392029,-0.006700325757265091,0.5736990571022034,0.483402818441391,-0.005552228540182114,0.5734597444534302,0.48875051736831665,-0.005621574819087982,0.5730910897254944,0.4950008690357208,-0.006080083083361387,0.5726637840270996,0.5008209943771362,-0.004299903754144907,0.5722642540931702,0.5041782855987549,0.002434252994135022,0.5765445828437805,0.4559764266014099,-0.02594647742807865,0.571605384349823,0.4547252058982849,-0.01836041361093521,0.51608806848526,0.3573550879955292,0.025421829894185066,0.5535094141960144,0.4086998701095581,-0.002983701881021261,0.5473313927650452,0.40882235765457153,-0.002497937995940447,0.5417335033416748,0.4070231020450592,-0.0009180354536511004,0.5348395109176636,0.4003954529762268,0.003623176133260131,0.5590102672576904,0.4067891240119934,-0.0021606150548905134,0.5468114614486694,0.3792659044265747,-0.006519923452287912,0.5537011027336121,0.38151246309280396,-0.006577640771865845,0.5402034521102905,0.3800801932811737,-0.004363924264907837,0.5357397794723511,0.3834123909473419,-0.0018915977561846375,0.529716432094574,0.40361955761909485,0.006973301060497761,0.552342414855957,0.5104725360870361,0.009223581291735172,0.5357190370559692,0.39546632766723633,0.004153681453317404,0.511887788772583,0.39357125759124756,0.031423475593328476,0.5235357284545898,0.39480510354042053,0.01211549248546362,0.548357367515564,0.43917837738990784,-0.004405392799526453,0.5678002834320068,0.4698690176010132,-0.012212898582220078,0.5678883194923401,0.4794579744338989,-0.009126338176429272,0.560932457447052,0.4719260632991791,-0.008950894698500633,0.5564490556716919,0.4742109179496765,-0.00481552816927433,0.5626929402351379,0.4787569046020508,-0.0071144443936645985,0.5586890578269958,0.47855064272880554,-0.003313516266644001,0.549365222454071,0.4852721393108368,0.005695372819900513,0.5725717544555664,0.45166441798210144,-0.028759242966771126,0.5724101662635803,0.443918377161026,-0.031102076172828674,0.5275701284408569,0.3704935312271118,-0.0005731305573135614,0.5611204504966736,0.42089149355888367,-0.006868030875921249,0.5604910850524902,0.4465593695640564,-0.015659276396036148,0.5602717399597168,0.44197869300842285,-0.014384612441062927,0.5302031636238098,0.43540892004966736,0.0023361642379313707,0.5731519460678101,0.4337296485900879,-0.028673915192484856,0.5417584776878357,0.3627976179122925,-0.010713662020862103,0.5334936380386353,0.3645959496498108,-0.006023033056408167,0.5231339931488037,0.34361064434051514,0.012937032617628574,0.5677642822265625,0.37651321291923523,-0.01492166519165039,0.5594009160995483,0.3867845833301544,-0.004726829938590527,0.5457950830459595,0.4773153066635132,0.005731924902647734,0.5170078277587891,0.4667368233203888,0.05514870584011078,0.5642569065093994,0.4515169858932495,-0.013099617324769497,0.5682782530784607,0.45432841777801514,-0.012800676748156548,0.5508479475975037,0.4781758487224579,0.00500396266579628,0.5522666573524475,0.478552907705307,0.003439460415393114,0.5305238962173462,0.35735970735549927,-0.004089088179171085,0.5600479245185852,0.44935736060142517,-0.01220831461250782,0.5529180765151978,0.36603468656539917,-0.013880384154617786,0.5524837374687195,0.3583489954471588,-0.015812506899237633,0.5492785573005676,0.3279970586299896,-0.01044287160038948,0.5272905826568604,0.35302993655204773,0.0027954757679253817,0.5519480109214783,0.3451317250728607,-0.013847419992089272,0.5242619514465332,0.3652251362800598,0.003695774357765913,0.5202383995056152,0.36387649178504944,0.013466372154653072,0.567682147026062,0.47503626346588135,-0.011321965605020523,0.5617800951004028,0.47552406787872314,-0.008270073682069778,0.5574990510940552,0.4764013886451721,-0.004506628029048443,0.5653453469276428,0.45286524295806885,-0.011540164239704609,0.5515708923339844,0.4783917963504791,0.004186931531876326,0.5538697242736816,0.4815407991409302,0.0015148342354223132,0.5530115365982056,0.4787439703941345,0.003356063039973378,0.5667975544929504,0.4500882029533386,-0.02102949656546116,0.5596157908439636,0.4800947904586792,-0.0020723934285342693,0.563510537147522,0.48095589876174927,-0.004449937026947737,0.5682680606842041,0.4820880889892578,-0.006242850329726934,0.5650789141654968,0.5028367042541504,0.0024366541765630245,0.5655277967453003,0.49908962845802307,-0.004204333759844303,0.5662804245948792,0.4932771921157837,-0.005693037062883377,0.5672592520713806,0.4870738983154297,-0.005176682025194168,0.5682193040847778,0.4822765290737152,-0.0050561982207000256,0.5595518946647644,0.4801717698574066,-0.001115833641961217,0.5581782460212708,0.48231589794158936,-0.0014486751751974225,0.5565628409385681,0.48510849475860596,-0.0019281742861494422,0.5552397966384888,0.4880729913711548,-0.00069264299236238,0.552596926689148,0.46690988540649414,-0.0036149320658296347,0.5104931592941284,0.4268140196800232,0.05902485176920891,0.576272189617157,0.4572853147983551,-0.018263062462210655,0.5566023588180542,0.4794826805591583,0.001543611753731966,0.5552555322647095,0.48047393560409546,0.0013425243087112904,0.5696423053741455,0.45736661553382874,-0.012512844055891037,0.5613818764686584,0.4536023736000061,-0.007425014860928059,0.5690210461616516,0.45589375495910645,-0.012825895100831985,0.5545702576637268,0.4245232045650482,-0.004570454359054565,0.5444338321685791,0.4284592866897583,-0.0024496889673173428,0.5590832233428955,0.4448893666267395,-0.010900108143687248,0.5336545705795288,0.33344101905822754,0.0003482313477434218,0.5373312830924988,0.3461698889732361,-0.0061472621746361256,0.5400664210319519,0.35496222972869873,-0.010752801783382893,0.5531860589981079,0.49184760451316833,0.003991519100964069,0.5668593645095825,0.3642575144767761,-0.018231291323900223,0.5666680932044983,0.34712061285972595,-0.01798344776034355,0.5657095313072205,0.3266679346561432,-0.016377821564674377,0.5372198224067688,0.4043385088443756,0.0014994684606790543,0.5232117176055908,0.4076400399208069,0.01047649048268795,0.5627295970916748,0.40480896830558777,-0.0015956694260239601,0.529750645160675,0.3854893743991852,0.0032298839651048183,0.5655477643013,0.4163811504840851,-0.009158194996416569,0.5637304782867432,0.44469520449638367,-0.021322108805179596,0.5166740417480469,0.4116532802581787,0.017350658774375916,0.5267544984817505,0.4147081971168518,0.0059290071949362755,0.5339806079864502,0.41932082176208496,0.0010537472553551197,0.5451815724372864,0.42035263776779175,-0.0011501145781949162,0.5537781119346619,0.4185522794723511,-0.002626812318339944,0.5604063868522644,0.41561028361320496,-0.004342155065387487,0.573937714099884,0.40719398856163025,-0.01583542302250862,0.5170421600341797,0.42898109555244446,0.017420638352632523,0.5252203941345215,0.3819311857223511,0.005629146937280893,0.5739200711250305,0.4554283022880554,-0.025712138041853905,0.5616730451583862,0.42912381887435913,-0.00858596246689558,0.5095946788787842,0.39065420627593994,0.050425589084625244,0.5654728412628174,0.4118390381336212,-0.005569110624492168,0.5583187937736511,0.4447628855705261,-0.005332944914698601,0.5328802466392517,0.3944040536880493,0.0053560477681458,0.5637511610984802,0.439130038022995,-0.01969691924750805,0.5126789808273315,0.4463982582092285,0.05860421061515808,0.5632361173629761,0.40179553627967834,-0.0007262881845235825,0.5683180689811707,0.4356063902378082,-0.02526116371154785,0.5301234722137451,0.48892417550086975,0.02687944658100605,0.5301495790481567,0.49580398201942444,0.038254424929618835,0.5114735960960388,0.4280361831188202,0.038033582270145416,0.5228939652442932,0.4775163233280182,0.032709408551454544,0.5157053470611572,0.37759727239608765,0.023887205868959427,0.5512523651123047,0.5164983868598938,0.01349750254303217,0.5742640495300293,0.45675578713417053,-0.01794414035975933,0.5560653805732727,0.4339319169521332,-0.006041266955435276,0.5184602737426758,0.39489611983299255,0.017709391191601753,0.5425686240196228,0.40326952934265137,-0.0010109617142006755,0.5475701689720154,0.40477901697158813,-0.002319673541933298,0.5526395440101624,0.4826848804950714,0.0025258250534534454,0.5180237889289856,0.44480448961257935,0.0209290012717247,0.5600197315216064,0.5268502831459045,0.016540030017495155,0.5452869534492493,0.5145715475082397,0.02567894570529461,0.538591742515564,0.506864070892334,0.0310332290828228,0.5832474827766418,0.3494974374771118,-0.018916064873337746,0.5702736973762512,0.5293527841567993,0.01538635790348053,0.5528660416603088,0.4045810103416443,-0.0025057729799300432,0.5580207705497742,0.40334275364875793,-0.001731101074256003,0.5614594221115112,0.40257078409194946,-0.0006711670430377126,0.5210660099983215,0.3785870373249054,0.011072441004216671,0.5578150749206543,0.39456942677497864,-0.003467974252998829,0.5525625348091125,0.39143306016921997,-0.004476358648389578,0.5474539995193481,0.3904531002044678,-0.0042500668205320835,0.5423901677131653,0.39120787382125854,-0.0026716466527432203,0.5391263365745544,0.39282387495040894,-0.0007007059175521135,0.5118027329444885,0.37223052978515625,0.03900585323572159,0.5394084453582764,0.4010104537010193,0.000803094997536391,0.5755162239074707,0.4640660881996155,-0.01203081477433443,0.5583892464637756,0.4639648199081421,-0.006693969015032053,0.5643208026885986,0.4505532383918762,-0.01538026798516512,0.5684682130813599,0.4635351300239563,-0.011577140539884567,0.5800467133522034,0.39387303590774536,-0.015065275132656097,0.5375955700874329,0.49962615966796875,0.022939439862966537,0.5443649291992188,0.5078997611999512,0.018641505390405655,0.5599135756492615,0.5231537818908691,0.009082851000130177,0.52318274974823,0.48330244421958923,0.047403734177351,0.5615931153297424,0.3989028036594391,-0.0018704907270148396,0.5695724487304688,0.4199197590351105,-0.016567198559641838,0.5706026554107666,0.5255370140075684,0.008219143375754356,0.5521412491798401,0.5215919017791748,0.020032208412885666,0.5133943557739258,0.4457009732723236,0.03908412903547287,0.5634647607803345,0.4811045229434967,-0.0033376968931406736,0.5620877146720886,0.4847525358200073,-0.003640627022832632,0.5607246160507202,0.4893481433391571,-0.004139175172895193,0.5596383213996887,0.494467556476593,-0.0028575025498867035,0.5582998991012573,0.49804797768592834,0.002462227363139391,0.5554409623146057,0.4784577488899231,0.00023243801842909306,0.5542048811912537,0.477350115776062,0.00013029263936914504,0.5532030463218689,0.476178914308548,-4.474142042454332e-05,0.5481269359588623,0.4713905155658722,0.0005983671289868653,0.5254197716712952,0.45105570554733276,0.009940576739609241,0.5698514580726624,0.4112212657928467,-0.01214276347309351,0.5673214197158813,0.39417943358421326,-0.005036951508373022,0.5640468597412109,0.3954330086708069,-0.002992811147123575,0.5566710829734802,0.4794939458370209,0.0009564951760694385,0.5252384543418884,0.468402624130249,0.02052224427461624,0.5723962783813477,0.3939697742462158,-0.011724843643605709,0.5549939870834351,0.5040336847305298,0.006301549728959799,0.5785515308380127,0.4243236780166626,-0.02597721479833126,0.5737975835800171,0.41666436195373535,-0.020635515451431274,0.5789586901664734,0.41567495465278625,-0.021879373118281364,0.5651847124099731,0.4319590628147125,-0.015519874170422554,0.5711298584938049,0.5195561051368713,0.004449055064469576,0.571704089641571,0.5114945769309998,0.0035529888700693846,0.5629403591156006,0.5097672343254089,0.004280276596546173,0.5441557168960571,0.4878063499927521,0.009385826997458935,0.552905261516571,0.4500159025192261,-0.0033178904559463263,0.5490720868110657,0.4967051148414612,0.008174360729753971,0.5384398102760315,0.447035551071167,-0.0013271733187139034,0.5467620491981506,0.45678356289863586,-0.0016518273623660207,0.5334060192108154,0.4582850933074951,0.00410079350695014,0.5608662366867065,0.5173843502998352,0.005422311369329691,0.5618231296539307,0.43561431765556335,-0.011182859539985657,0.5394214987754822,0.4925503134727478,0.015423663891851902,0.5459633469581604,0.5017173290252686,0.01323697715997696,0.5400369763374329,0.47792303562164307,0.008450779132544994,0.5197725296020508,0.4579206109046936,0.02443559654057026,0.5327392816543579,0.47801414132118225,0.014006433077156544,0.516740083694458,0.46204107999801636,0.038600724190473557,0.5419877171516418,0.4653578996658325,0.0018449556082487106,0.5657228827476501,0.4243934750556946,-0.012267561629414558,0.5652250051498413,0.4486132264137268,-0.022315004840493202,0.5620332956314087,0.4495130777359009,-0.015973947942256927,0.5678327083587646,0.44402194023132324,-0.02633616141974926,0.5629544854164124,0.38399559259414673,-0.007539435755461454,0.553377628326416,0.3758101463317871,-0.008663669228553772,0.5447591543197632,0.37332943081855774,-0.008036899380385876,0.5375369787216187,0.3745098114013672,-0.00543453823775053,0.5324033498764038,0.3782516121864319,-0.0017405826365575194,0.5287614464759827,0.3946280777454376,0.007865329273045063,0.5107889175415039,0.41068294644355774,0.03501211479306221,0.5326330661773682,0.40825170278549194,0.004290429875254631,0.5383784174919128,0.4119536280632019,0.00123832025565207,0.5461316704750061,0.4137860834598541,-0.000907152600120753,0.5538017153739929,0.4131097197532654,-0.002304967027157545,0.5600311756134033,0.41087380051612854,-0.0024250552523881197,0.5643056631088257,0.40851640701293945,-0.0030660515185445547,0.5096850991249084,0.40845775604248047,0.056573450565338135,0.5620085000991821,0.45113086700439453,-0.01301554311066866,0.5692735910415649,0.4276577830314636,-0.020172245800495148,0.5689318180084229,0.44994235038757324,-0.0263532605022192,0.5713182687759399,0.4536687433719635,-0.023602373898029327,0.5687870979309082,0.4509221315383911,-0.023572204634547234,0.5631774067878723,0.45324549078941345,-0.010722733102738857,0.5722886323928833,0.4546663761138916,-0.024975748732686043,0.5726904273033142,0.4560450315475464,-0.018133679404854774,0.5651700496673584,0.4021082818508148,-0.001350992708466947,0.5677217245101929,0.40402618050575256,-0.004287439398467541,0.5693812966346741,0.40557801723480225,-0.0075802733190357685,0.5372179746627808,0.3941623270511627,0.001459288876503706,0.5329692959785461,0.38770657777786255,0.001619890914298594,0.5830174088478088,0.42583250999450684,-0.02389662340283394,0.619520902633667,0.4070933759212494,0.004441274330019951,0.5810852646827698,0.4555780589580536,-0.018124263733625412,0.6433063745498657,0.37124204635620117,0.028794653713703156,0.6029865145683289,0.4141814112663269,-0.0016240064287558198,0.6090639233589172,0.4151958227157593,-0.0008418514626100659,0.6147216558456421,0.4145011901855469,0.0009852247312664986,0.6217350959777832,0.4097197353839874,0.005869921296834946,0.5977407097816467,0.41140735149383545,-0.0010949831921607256,0.6128596067428589,0.3882291913032532,-0.004824806470423937,0.6059094071388245,0.3888898193836212,-0.005254045594483614,0.6190518736839294,0.39008671045303345,-0.002387076849117875,0.6227561235427856,0.3937928080558777,0.00023350701667368412,0.6265401244163513,0.4143672287464142,0.009460849687457085,0.5901282429695129,0.5138222575187683,0.010168787091970444,0.6214260458946228,0.40458983182907104,0.006388832349330187,0.6418638229370117,0.40727126598358154,0.034877710044384,0.6330551505088806,0.40764692425727844,0.014925140887498856,0.6041131615638733,0.4448434114456177,-0.0030967979691922665,0.5814502835273743,0.4711649417877197,-0.011924052610993385,0.5800437927246094,0.480604350566864,-0.008885525166988373,0.5878151059150696,0.47434332966804504,-0.008358077146112919,0.5916666388511658,0.4772924482822418,-0.0039795576594769955,0.5851385593414307,0.48084601759910583,-0.006642779801040888,0.58892422914505,0.4812401831150055,-0.0026363872457295656,0.596752405166626,0.4897400140762329,0.006769391242414713,0.5812206268310547,0.4524783492088318,-0.028556181117892265,0.5824834704399109,0.44487738609313965,-0.03088260255753994,0.6325849890708923,0.38337069749832153,0.0020143957808613777,0.594298779964447,0.424270898103714,-0.00597588624805212,0.592431902885437,0.44966498017311096,-0.014812415465712547,0.5930191278457642,0.4451957046985626,-0.013531082309782505,0.6213076114654541,0.44471144676208496,0.004583015106618404,0.5828579068183899,0.4346393942832947,-0.028398873284459114,0.6201359629631042,0.3741070628166199,-0.008923524990677834,0.6278472542762756,0.37693291902542114,-0.0038158386014401913,0.6396563649177551,0.3565136194229126,0.015940383076667786,0.5931571125984192,0.3827887177467346,-0.014321129769086838,0.5996327996253967,0.392540842294693,-0.003661616938188672,0.6013060212135315,0.482538640499115,0.007123633753508329,0.6252391934394836,0.4769247770309448,0.05835658684372902,0.5880815386772156,0.4538145363330841,-0.012507365085184574,0.5839366316795349,0.4558345079421997,-0.01249675638973713,0.5961816310882568,0.48192232847213745,0.006151951849460602,0.5947597026824951,0.48205041885375977,0.00443289615213871,0.6313763856887817,0.3703889548778534,-0.0017220507143065333,0.5921491980552673,0.45247989892959595,-0.01138560101389885,0.6088745594024658,0.37550118565559387,-0.012679517269134521,0.6102485656738281,0.3679508864879608,-0.014563670381903648,0.6186469793319702,0.33582645654678345,-0.00878217164427042,0.6354599595069885,0.3648882806301117,0.005493554752320051,0.6141399145126343,0.35214149951934814,-0.012361894361674786,0.6359484791755676,0.3789864778518677,0.006500561255961657,0.6397153735160828,0.37684690952301025,0.016522590070962906,0.5809085965156555,0.47630542516708374,-0.011061763390898705,0.5865169763565063,0.47782161831855774,-0.0077470350079238415,0.590375542640686,0.4792863130569458,-0.003782144980505109,0.5867544412612915,0.4549061059951782,-0.011018279939889908,0.5954516530036926,0.48200589418411255,0.0052429246716201305,0.5929898023605347,0.484815388917923,0.002373978029936552,0.5939964056015015,0.48212310671806335,0.0043289377354085445,0.5863679647445679,0.45196986198425293,-0.0204393919557333,0.5877688527107239,0.4825817942619324,-0.001434343634173274,0.5839483141899109,0.4828244149684906,-0.003999896347522736,0.5792598128318787,0.48312854766845703,-0.0060061560943722725,0.57937091588974,0.504230260848999,0.0026620952412486076,0.5798732042312622,0.500348687171936,-0.0039593856781721115,0.5799018144607544,0.4944745600223541,-0.005455054342746735,0.5796728134155273,0.48819440603256226,-0.004940884653478861,0.579247236251831,0.48329398036003113,-0.00482464162632823,0.58774334192276,0.4826596677303314,-0.0004986640415154397,0.588876485824585,0.4849962890148163,-0.0008295040461234748,0.590093195438385,0.48797330260276794,-0.0012590554542839527,0.5909771919250488,0.4910946786403656,4.921625441056676e-05,0.5966669917106628,0.4711795449256897,-0.002621404593810439,0.6365033388137817,0.43974077701568604,0.06255831569433212,0.5905911922454834,0.4824177324771881,0.0023641064763069153,0.5917884111404419,0.48356831073760986,0.0021558923181146383,0.5822445750236511,0.45864078402519226,-0.01220758631825447,0.5901467800140381,0.456402450799942,-0.00679771276190877,0.583034873008728,0.4573032259941101,-0.012526200152933598,0.5999218821525574,0.42920616269111633,-0.0033785251434892416,0.6091036796569824,0.4351480305194855,-0.0008738341275602579,0.5935371518135071,0.4483059346675873,-0.010011847130954266,0.6320738196372986,0.3444664478302002,0.0027735482435673475,0.6275525093078613,0.35623133182525635,-0.003998760133981705,0.6225923895835876,0.36646270751953125,-0.00888102501630783,0.5922144651412964,0.49551281332969666,0.004868240561336279,0.5956526398658752,0.37104475498199463,-0.017580518499016762,0.5997897386550903,0.3508402705192566,-0.017199605703353882,0.6033377647399902,0.33090704679489136,-0.015543350018560886,0.619158148765564,0.4129435122013092,0.003613164881244302,0.6325457692146301,0.42022544145584106,0.013230864889919758,0.5943350791931152,0.4089144468307495,-0.0006381860584951937,0.6283374428749084,0.39677801728248596,0.005715648178011179,0.5908731818199158,0.41894078254699707,-0.008435080759227276,0.5900117754936218,0.4472522437572479,-0.020627448335289955,0.6359999179840088,0.42404705286026,0.02049407735466957,0.6287754774093628,0.42613115906715393,0.00852216873317957,0.6216372847557068,0.42902711033821106,0.0031988301780074835,0.6106052994728088,0.42768800258636475,0.00046898802975192666,0.6023107171058655,0.424042284488678,-0.0014088107272982597,0.5960826277732849,0.4197554588317871,-0.00341452332213521,0.584480345249176,0.40826737880706787,-0.015532447956502438,0.6332922577857971,0.4408685564994812,0.02049880102276802,0.633012592792511,0.39473631978034973,0.008378943428397179,0.579127311706543,0.4558921456336975,-0.0255550816655159,0.5928553938865662,0.43227022886276245,-0.00771024264395237,0.6430426836013794,0.4047558605670929,0.054085224866867065,0.5915853381156921,0.4149632751941681,-0.004842545837163925,0.5939497947692871,0.44831469655036926,-0.004455273970961571,0.6241434216499329,0.404446542263031,0.007734904531389475,0.5904608964920044,0.44173911213874817,-0.01898457109928131,0.6317805647850037,0.45817670226097107,0.06206205114722252,0.5940451622009277,0.40591856837272644,0.00030375964706763625,0.5869587063789368,0.43740004301071167,-0.024770602583885193,0.6124144792556763,0.4963763952255249,0.029136953875422478,0.6105753183364868,0.5027800798416138,0.04068109020590782,0.6369653344154358,0.44074761867523193,0.04141718149185181,0.6200029850006104,0.4865058362483978,0.035378631204366684,0.6411727070808411,0.39104413986206055,0.027171945199370384,0.590000331401825,0.519832193851471,0.014548159204423428,0.5782989859580994,0.45713090896606445,-0.017854813486337662,0.5973915457725525,0.4381251335144043,-0.005001683719456196,0.6375347971916199,0.40941327810287476,0.02079361490905285,0.6142094135284424,0.41032618284225464,0.0008819017093628645,0.6091943979263306,0.411022424697876,-0.0006664249231107533,0.5940374135971069,0.48614931106567383,0.003448733827099204,0.6299301981925964,0.4560002386569977,0.023868372663855553,0.580368161201477,0.5285048484802246,0.017131788656115532,0.5952955484390259,0.5186498761177063,0.027161872014403343,0.6020783185958862,0.5121663808822632,0.03296831622719765,0.6039824485778809,0.41007593274116516,-0.00109198282007128,0.5989735126495361,0.40812164545059204,-0.0005136026302352548,0.5956982374191284,0.4069563150405884,0.0004279505810700357,0.6367419958114624,0.39256778359413147,0.014071563258767128,0.600012481212616,0.4000259339809418,-0.0022580439690500498,0.6054299473762512,0.39814844727516174,-0.003054123604670167,0.610681414604187,0.3981992304325104,-0.002587687224149704,0.6155785918235779,0.3997742533683777,-0.0007874140865169466,0.6185023784637451,0.4017851650714874,0.0013417208101600409,0.6443431973457336,0.3864944279193878,0.04261275380849838,0.617409884929657,0.4087919294834137,0.002842993475496769,0.5917688012123108,0.46720993518829346,-0.005896297283470631,0.5883260369300842,0.4528806507587433,-0.014768960885703564,0.5825508236885071,0.4649628698825836,-0.011245961301028728,0.604450523853302,0.5055744051933289,0.02475201152265072,0.597267210483551,0.5125105381011963,0.02006743848323822,0.5811316967010498,0.5249733924865723,0.009633037261664867,0.6179178357124329,0.49184074997901917,0.05024392157793045,0.5959552526473999,0.4033931493759155,-0.0007687381585128605,0.5871530771255493,0.4216761291027069,-0.016081569716334343,0.5882995128631592,0.5244974493980408,0.021113552153110504,0.6325116753578186,0.45743539929389954,0.042353130877017975,0.5839475393295288,0.4829486608505249,-0.0028944709338247776,0.584897518157959,0.48676976561546326,-0.003169863484799862,0.5857054591178894,0.49149811267852783,-0.0036433751229196787,0.5861265063285828,0.49671000242233276,-0.0023281339090317488,0.5865006446838379,0.5006695985794067,0.0030720275826752186,0.5919158458709717,0.48153364658355713,0.001080027548596263,0.59322589635849,0.48064059019088745,0.00108615611679852,0.5943604111671448,0.47965890169143677,0.0009959496092051268,0.6000982522964478,0.4763523042201996,0.0018472799565643072,0.6229995489120483,0.4607613980770111,0.012339171953499317,0.5876508355140686,0.4130387604236603,-0.011657274328172207,0.5912002325057983,0.3980717062950134,-0.004408630542457104,0.5940253138542175,0.39978843927383423,-0.0020658012945204973,0.5905932188034058,0.4823637008666992,0.0018027840415015817,0.6201733350753784,0.4774411916732788,0.022996870800852776,0.5868915319442749,0.3971353769302368,-0.01132622454315424,0.5885733366012573,0.507052481174469,0.007022242061793804,0.5837617516517639,0.4176485538482666,-0.020394211634993553,0.589698076248169,0.43443185091018677,-0.01487912517040968,0.580348014831543,0.5113428235054016,0.004623284563422203,0.600980281829834,0.4930993318557739,0.010695000179111958,0.5983682870864868,0.45451441407203674,-0.0022915026638656855,0.5951306223869324,0.5009056329727173,0.00919333565980196,0.6123033165931702,0.454464852809906,0.0003528024535626173,0.6033352613449097,0.4624040722846985,-0.00038368365494534373,0.6151888966560364,0.46636685729026794,0.006010450888425112,0.581262469291687,0.5192111730575562,0.005907990038394928,0.5920607447624207,0.43863213062286377,-0.010386886075139046,0.6044061183929443,0.4984722137451172,0.01703910529613495,0.5970959067344666,0.5062698721885681,0.014489677734673023,0.6062899231910706,0.48420950770378113,0.010088419541716576,0.6262997388839722,0.4682799279689789,0.02726907655596733,0.6125027537345886,0.4855034649372101,0.016024529933929443,0.6272580623626709,0.47258371114730835,0.04166222736239433,0.6065544486045837,0.47169941663742065,0.0033136848360300064,0.5899031758308411,0.4268352687358856,-0.011564865708351135,0.5881392359733582,0.4508170485496521,-0.0216659065335989,0.5906316041946411,0.4522879421710968,-0.015262486413121223,0.5865818858146667,0.4458090364933014,-0.025868980213999748,0.5965560078620911,0.389710396528244,-0.006665968801826239,0.6069799065589905,0.3838578462600708,-0.007347248028963804,0.6157935261726379,0.38310185074806213,-0.006304262671619654,0.6226422786712646,0.3852033019065857,-0.0033470280468463898,0.626930832862854,0.3895336389541626,0.0006104819476604462,0.6280298233032227,0.4057641625404358,0.010420762933790684,0.640211284160614,0.42409613728523254,0.038498520851135254,0.6234155297279358,0.41826117038726807,0.006596707738935947,0.6176987886428833,0.4205409586429596,0.0032293011900037527,0.6099870204925537,0.420710027217865,0.0007134491461329162,0.6024522185325623,0.4185698628425598,-0.0010425811633467674,0.5965304374694824,0.4152476191520691,-0.001464797300286591,0.5926077365875244,0.4120447337627411,-0.0022820287849754095,0.6400503516197205,0.42208701372146606,0.06014854460954666,0.5901646614074707,0.45381951332092285,-0.012317472137510777,0.5867443680763245,0.42937660217285156,-0.019692592322826385,0.5847386717796326,0.45140138268470764,-0.02593923546373844,0.5816935896873474,0.4546077251434326,-0.023348229005932808,0.5845189690589905,0.452401340007782,-0.0231460127979517,0.58864825963974,0.4556673765182495,-0.010150667279958725,0.5807392001152039,0.4554242491722107,-0.024771220982074738,0.579865574836731,0.45667552947998047,-0.017976706847548485,0.5922362208366394,0.4059157073497772,-0.0004903978551737964,0.5897523164749146,0.4071030914783478,-0.00365835172124207,0.5884195566177368,0.4081600308418274,-0.007073769345879555,0.6201550364494324,0.4032728970050812,0.0035892457235604525,0.6248531937599182,0.39816364645957947,0.003889626357704401,0.5489183068275452,0.39754775166511536,-0.0011047003790736198,0.5550851821899414,0.3983457088470459,-0.0011047003790736198,0.5496433973312378,0.3900395333766937,-0.0011047003790736198,0.5426565408706665,0.39666321873664856,-0.0011047003790736198,0.5481756329536438,0.40493783354759216,-0.0011047003790736198,0.6073876619338989,0.40285277366638184,0.0005306038074195385,0.613237202167511,0.4033060669898987,0.0005306038074195385,0.6077138185501099,0.395806223154068,0.0005306038074195385,0.6016102433204651,0.4023481011390686,0.0005306038074195385,0.60709148645401,0.40990057587623596,0.0005306038074195385
100.0,0.5741217732429504,0.4740896224975586,-0.01253342255949974,0.5770807266235352,0.4527972936630249,-0.02902395650744438,0.5760474801063538,0.4590497612953186,-0.013758326880633831,0.5740287899971008,0.42523354291915894,-0.02426133304834366,0.577708899974823,0.44487181305885315,-0.03161196783185005,0.5783370137214661,0.43387454748153687,-0.030295932665467262,0.579697847366333,0.4062129557132721,-0.018132518976926804,0.5374429821968079,0.39843958616256714,0.001976757775992155,0.5812839865684509,0.38223519921302795,-0.016485730186104774,0.5822270512580872,0.37037229537963867,-0.019035398960113525,0.5852081775665283,0.32815980911254883,-0.01812283881008625,0.5738601684570312,0.47793304920196533,-0.01159270666539669,0.5735303163528442,0.48191630840301514,-0.009497497230768204,0.5733082890510559,0.48450928926467896,-0.006407656706869602,0.5732839107513428,0.48468154668807983,-0.005258940625935793,0.5730314254760742,0.4900341331958771,-0.005297258496284485,0.572650134563446,0.49626731872558594,-0.005723405163735151,0.572210431098938,0.5020594000816345,-0.0039138165302574635,0.5722214579582214,0.5048474669456482,0.0028712237253785133,0.5766716599464417,0.45638972520828247,-0.02583201974630356,0.5717384815216064,0.4551043212413788,-0.01824723556637764,0.5163504481315613,0.35683175921440125,0.02473440393805504,0.5534367561340332,0.408626526594162,-0.0032532615587115288,0.5472793579101562,0.4088229238986969,-0.002766998717561364,0.5417095422744751,0.406965434551239,-0.0011949572945013642,0.5348722338676453,0.40011194348335266,0.0033067993354052305,0.558917760848999,0.40652185678482056,-0.00242777937091887,0.5469099283218384,0.3790472447872162,-0.006894278340041637,0.5537780523300171,0.38127169013023376,-0.006950405426323414,0.5403087139129639,0.3798326849937439,-0.004737282171845436,0.5358508229255676,0.3830992579460144,-0.0022645429708063602,0.5298016667366028,0.40339112281799316,0.006673756055533886,0.5522158741950989,0.511059582233429,0.009758848696947098,0.5357618927955627,0.3950950801372528,0.0038003036752343178,0.5120272636413574,0.39317643642425537,0.031032470986247063,0.5236502289772034,0.39452558755874634,0.011756780557334423,0.5484316349029541,0.4393731355667114,-0.004411829635500908,0.5673796534538269,0.47129368782043457,-0.012002364732325077,0.5674083828926086,0.48084500432014465,-0.008863402530550957,0.5604422688484192,0.47323453426361084,-0.008732839487493038,0.555847704410553,0.4753575623035431,-0.0045909457840025425,0.5621474981307983,0.48007503151893616,-0.006861210335046053,0.5580358505249023,0.4797366261482239,-0.0030597832519561052,0.5493320226669312,0.48565492033958435,0.006026898510754108,0.5727218389511108,0.4520455002784729,-0.028673693537712097,0.5725781917572021,0.4443008005619049,-0.031058190390467644,0.5277356505393982,0.37032222747802734,-0.0010351183591410518,0.5612838864326477,0.4210463762283325,-0.007006876636296511,0.5606274008750916,0.4468625485897064,-0.015618371777236462,0.5604006052017212,0.44226783514022827,-0.014369117096066475,0.5302388072013855,0.4355022609233856,0.0022907890379428864,0.5733473896980286,0.4340822994709015,-0.028697149828076363,0.5420094728469849,0.36271560192108154,-0.011164195835590363,0.5337141752243042,0.36451125144958496,-0.006481136195361614,0.5235041379928589,0.3431316614151001,0.012171527370810509,0.5679645538330078,0.3762991726398468,-0.015298247337341309,0.5594286322593689,0.38649773597717285,-0.00508860033005476,0.5457685589790344,0.4776628017425537,0.006004324182868004,0.5168066620826721,0.4665261507034302,0.055398378521203995,0.564393162727356,0.45184439420700073,-0.013031826354563236,0.5684053897857666,0.45470014214515686,-0.012684749439358711,0.5499250292778015,0.4790516495704651,0.005271729547530413,0.551347553730011,0.47946807742118835,0.003704654984176159,0.530720591545105,0.3573111295700073,-0.004617519676685333,0.5601839423179626,0.44967547059059143,-0.012146759778261185,0.5531778931617737,0.3658973276615143,-0.014307782985270023,0.552740216255188,0.3582584261894226,-0.01629161648452282,0.5497616529464722,0.32768645882606506,-0.011256213299930096,0.5276308059692383,0.3526041507720947,0.0021648206748068333,0.5523698329925537,0.34488797187805176,-0.014479689300060272,0.5243963003158569,0.36507076025009155,0.003179518971592188,0.5204972624778748,0.3634248375892639,0.012873669154942036,0.5672362446784973,0.4764370620250702,-0.011085177771747112,0.5612644553184509,0.4768257141113281,-0.008032159879803658,0.5568720102310181,0.4775657653808594,-0.0042649186216294765,0.5654790997505188,0.4532181918621063,-0.011449341662228107,0.5506467819213867,0.47928526997566223,0.0044541917741298676,0.552971363067627,0.48255372047424316,0.0018056423868983984,0.5521016120910645,0.4796818494796753,0.0036232450511306524,0.5669395923614502,0.4503905177116394,-0.020971013233065605,0.5589281916618347,0.4813057780265808,-0.0018080259906128049,0.5629231929779053,0.4822847843170166,-0.004180593881756067,0.5677603483200073,0.4834558963775635,-0.005963112693279982,0.5650202631950378,0.5034411549568176,0.0028644115664064884,0.5648958086967468,0.5003300309181213,-0.0038371554110199213,0.5656749606132507,0.4945565164089203,-0.00535948621109128,0.5666890740394592,0.488351434469223,-0.00487522454932332,0.5676873922348022,0.4835658669471741,-0.004782508593052626,0.5588086247444153,0.48132434487342834,-0.0008549221092835069,0.5573797821998596,0.4834573566913605,-0.0011686291545629501,0.5557156205177307,0.4862382113933563,-0.0016258733812719584,0.5543670058250427,0.4891655743122101,-0.00037069484824314713,0.5526297092437744,0.46729230880737305,-0.003438491839915514,0.5104423761367798,0.4263801872730255,0.05890646204352379,0.5763865113258362,0.45771506428718567,-0.018128298223018646,0.5557831525802612,0.480522483587265,0.0018054799875244498,0.5543871521949768,0.48150351643562317,0.0016227960586547852,0.5697574615478516,0.45776844024658203,-0.012373579666018486,0.561509907245636,0.45395514369010925,-0.007329424377530813,0.5691428184509277,0.4562806189060211,-0.012697849422693253,0.5547172427177429,0.42465493083000183,-0.004678271245211363,0.5445410013198853,0.4285827577114105,-0.0025308802723884583,0.5592098236083984,0.4451841413974762,-0.01086686085909605,0.534098744392395,0.3330356478691101,-0.0004544850962702185,0.5377264618873596,0.3458057641983032,-0.006788566708564758,0.5403080582618713,0.3549179136753082,-0.011274605058133602,0.5531449317932129,0.49231061339378357,0.004360624589025974,0.5670883059501648,0.3640645444393158,-0.018675994127988815,0.5671061873435974,0.34699803590774536,-0.01859375461935997,0.5662158131599426,0.32644736766815186,-0.017176058143377304,0.5372238755226135,0.4041849672794342,0.0012053314130753279,0.5233789086341858,0.4074110984802246,0.010200534015893936,0.5626223087310791,0.4044129252433777,-0.0018768139416351914,0.5298593044281006,0.38517773151397705,0.0028307060711085796,0.5657328963279724,0.41655686497688293,-0.009318224154412746,0.5638704299926758,0.44499075412750244,-0.02129024639725685,0.5167514681816101,0.4114497900009155,0.017107997089624405,0.5268796682357788,0.4145874083042145,0.005709121003746986,0.5340855717658997,0.41927799582481384,0.0008678497397340834,0.5452468395233154,0.4203190505504608,-0.0013145728735253215,0.5538082718849182,0.41845205426216125,-0.002800390589982271,0.5604281425476074,0.4154201149940491,-0.004529103636741638,0.5741961598396301,0.4074220359325409,-0.016050051897764206,0.5170295238494873,0.42888039350509644,0.017308834940195084,0.5253354907035828,0.3816709518432617,0.005198563449084759,0.5740508437156677,0.45582255721092224,-0.02560430020093918,0.561809241771698,0.4293350875377655,-0.008661863394081593,0.5097109079360962,0.390131413936615,0.049989040940999985,0.5654963850975037,0.4115801751613617,-0.005779874045401812,0.5584363341331482,0.4450465738773346,-0.0053056576289236546,0.5329496264457703,0.3940398097038269,0.0049963947385549545,0.563887894153595,0.43941718339920044,-0.019697902724146843,0.512550950050354,0.4460563659667969,0.05866377428174019,0.5630970597267151,0.4013289213180542,-0.0010373527184128761,0.5684822797775269,0.4359235167503357,-0.02527507394552231,0.5299369096755981,0.4891377389431,0.027253033593297005,0.5299338102340698,0.49590003490448,0.038731932640075684,0.5114175081253052,0.42778319120407104,0.03791451081633568,0.522687554359436,0.47759008407592773,0.033001482486724854,0.5159045457839966,0.37717345356941223,0.023381462320685387,0.55111163854599,0.5171129703521729,0.014107569120824337,0.5743873715400696,0.4571659564971924,-0.01781376451253891,0.5561847686767578,0.4341375231742859,-0.00608257669955492,0.5185667276382446,0.39456114172935486,0.017339657992124557,0.5425382852554321,0.4032237231731415,-0.0013154626358300447,0.5475090742111206,0.40479037165641785,-0.0026136944070458412,0.5517255067825317,0.48366379737854004,0.002825541188940406,0.5179443955421448,0.44476717710494995,0.02095588482916355,0.5598690509796143,0.5275864601135254,0.017277764156460762,0.5451279878616333,0.5149683356285095,0.026292413473129272,0.5384157299995422,0.5071159601211548,0.031581584364175797,0.5837044715881348,0.349467009305954,-0.019501693546772003,0.5701389312744141,0.5301924347877502,0.016146695241332054,0.5527775883674622,0.40451231598854065,-0.0027986092027276754,0.5578988194465637,0.4030879735946655,-0.002028227783739567,0.561318039894104,0.4021835923194885,-0.0009766806615516543,0.5211616158485413,0.37833425402641296,0.010612056590616703,0.5578454732894897,0.39415261149406433,-0.003810596652328968,0.5526673197746277,0.3910990357398987,-0.004827736411243677,0.5475833415985107,0.3901573419570923,-0.004604972433298826,0.5425049066543579,0.39089643955230713,-0.0030294612515717745,0.5392341613769531,0.3924750089645386,-0.0010600463720038533,0.5119829177856445,0.37170273065567017,0.03842322528362274,0.5394091010093689,0.40084540843963623,0.00048264407087117434,0.5755838751792908,0.46459218859672546,-0.011861035600304604,0.5584524273872375,0.46437400579452515,-0.006533620413392782,0.5644648671150208,0.450862318277359,-0.015323772095143795,0.5685438513755798,0.464022159576416,-0.011411622166633606,0.5803617835044861,0.3940337896347046,-0.015350454486906528,0.537432074546814,0.4999516010284424,0.02340785786509514,0.5442160367965698,0.5083544254302979,0.019188016653060913,0.5597759485244751,0.5239084959030151,0.009741483256220818,0.5229445695877075,0.48324188590049744,0.04778912663459778,0.5615125894546509,0.39843204617500305,-0.002195018343627453,0.5697682499885559,0.42017677426338196,-0.016700919717550278,0.5704895853996277,0.5264071226119995,0.008901325985789299,0.5519847273826599,0.5221678018569946,0.02071291208267212,0.5132566690444946,0.4455268085002899,0.039109792560338974,0.5628200173377991,0.4823629558086395,-0.0030747707933187485,0.5613828897476196,0.4860018789768219,-0.0033550604712218046,0.55997633934021,0.4905848503112793,-0.003828431246802211,0.5588626265525818,0.4956591725349426,-0.002519975882023573,0.5582510232925415,0.4985823333263397,0.0028586157131940126,0.554649293422699,0.47950243949890137,0.0004917650367133319,0.5534159541130066,0.47836560010910034,0.0003823470324277878,0.5524287223815918,0.47717463970184326,0.00019714470545295626,0.5481345653533936,0.4717554748058319,0.0008026388823054731,0.5253571271896362,0.4511537253856659,0.01001729629933834,0.5700713396072388,0.41142210364341736,-0.012334082275629044,0.5673379898071289,0.39386558532714844,-0.005371667444705963,0.5640100240707397,0.3950744569301605,-0.0033319343347102404,0.5558767914772034,0.4805709719657898,0.001222104299813509,0.5251070261001587,0.4685223698616028,0.020733006298542023,0.5725076198577881,0.39374086260795593,-0.012031772173941135,0.5548925995826721,0.5045897960662842,0.006767305079847574,0.5787867307662964,0.4246741235256195,-0.026059696450829506,0.574031412601471,0.4169507920742035,-0.020791053771972656,0.5792154669761658,0.41599324345588684,-0.022030938416719437,0.565325915813446,0.43222248554229736,-0.015574095770716667,0.5710341334342957,0.5203939080238342,0.005056834314018488,0.5716345310211182,0.5122538208961487,0.004072717856615782,0.5628468990325928,0.5104309916496277,0.00479067163541913,0.544064462184906,0.4881797432899475,0.009737576358020306,0.5529781579971313,0.4502847492694855,-0.0032558871898800135,0.5489720702171326,0.49716198444366455,0.008596282452344894,0.5384519100189209,0.4472261667251587,-0.0012773596681654453,0.5467830300331116,0.45705100893974304,-0.0015416007954627275,0.5333636403083801,0.45848309993743896,0.004221199546009302,0.560742199420929,0.5181034803390503,0.006009979639202356,0.5619480609893799,0.43586400151252747,-0.011213468387722969,0.5392943024635315,0.4929027259349823,0.01582314446568489,0.5458340048789978,0.5021874904632568,0.013723960146307945,0.5399603843688965,0.47823333740234375,0.008728078566491604,0.5196488499641418,0.45793071389198303,0.02456880360841751,0.5326196551322937,0.47826236486434937,0.014282290823757648,0.5165477395057678,0.46196800470352173,0.03877105191349983,0.5419701337814331,0.46564409136772156,0.0020095957443118095,0.565883219242096,0.4246215522289276,-0.012373109348118305,0.5653690695762634,0.4489121437072754,-0.022268587723374367,0.5621721744537354,0.44982320070266724,-0.01591324619948864,0.5679879784584045,0.44435134530067444,-0.026296118274331093,0.5630413293838501,0.38372617959976196,-0.00791980978101492,0.5535162091255188,0.3755997121334076,-0.009062036871910095,0.5449224710464478,0.37313562631607056,-0.008435268886387348,0.5376993417739868,0.3742888569831848,-0.0058332509361207485,0.5325496196746826,0.3779749870300293,-0.0021466207690536976,0.5288464426994324,0.3942925035953522,0.007506234105676413,0.5108307600021362,0.41035357117652893,0.03475126624107361,0.5326966047286987,0.40808045864105225,0.004021116532385349,0.538398802280426,0.4118790328502655,0.0009977025911211967,0.5461214780807495,0.4137565791606903,-0.001126775168813765,0.553769588470459,0.4130154550075531,-0.0025322306901216507,0.5599865317344666,0.41063421964645386,-0.002652687020599842,0.5642655491828918,0.40819796919822693,-0.0033085127361118793,0.5097303986549377,0.40795964002609253,0.05628298595547676,0.562143087387085,0.45145928859710693,-0.012945274822413921,0.5694543719291687,0.4279494881629944,-0.02024819143116474,0.5690818428993225,0.4502792954444885,-0.026285912841558456,0.5714554786682129,0.45403170585632324,-0.023501744493842125,0.568931519985199,0.45124343037605286,-0.023500701412558556,0.5633116364479065,0.4535997807979584,-0.010633043944835663,0.57242351770401,0.4550453722476959,-0.024868065491318703,0.5728174448013306,0.45644038915634155,-0.01801162213087082,0.5650746822357178,0.4016684591770172,-0.001650460995733738,0.5676988363265991,0.40368351340293884,-0.004562107380479574,0.5694283843040466,0.4052862524986267,-0.007820326834917068,0.5373049378395081,0.3937881290912628,0.0011030938476324081,0.533065140247345,0.38735729455947876,0.0012493955437093973,0.5832493305206299,0.4262073040008545,-0.02396780252456665,0.6194854974746704,0.40678489208221436,0.004208561033010483,0.5811881422996521,0.45602938532829285,-0.017999207600951195,0.6435511112213135,0.3713352680206299,0.028247831389307976,0.6030782461166382,0.41398584842681885,-0.0018253965536132455,0.6092056035995483,0.4149869680404663,-0.0010291115613654256,0.614877462387085,0.4143211841583252,0.0008019398082979023,0.6217312812805176,0.4095129370689392,0.005660720635205507,0.5977606773376465,0.41122740507125854,-0.001310404622927308,0.6129482388496399,0.3881940543651581,-0.005106048658490181,0.6059680581092834,0.3888181746006012,-0.005551542155444622,0.6191397309303284,0.3900356888771057,-0.002656112890690565,0.6228118538856506,0.3936944007873535,-2.7313966711517423e-05,0.6267216801643372,0.41434016823768616,0.009277045726776123,0.5900261402130127,0.5146270990371704,0.010744527913630009,0.6213456392288208,0.4043585956096649,0.006143349222838879,0.6420047283172607,0.4074941575527191,0.034631144255399704,0.633148193359375,0.40758952498435974,0.014695231802761555,0.6041998267173767,0.4453389048576355,-0.0030388960149139166,0.5811225175857544,0.47241681814193726,-0.011688982136547565,0.5797098278999329,0.48182225227355957,-0.008597900159657001,0.5875486135482788,0.4752955436706543,-0.008095222525298595,0.5914880037307739,0.4779872000217438,-0.0036983888130635023,0.5848685503005981,0.48184478282928467,-0.006347400136291981,0.5887357592582703,0.48202216625213623,-0.0023329569958150387,0.5966880321502686,0.490397572517395,0.007161127869039774,0.58135586977005,0.4529057443141937,-0.02845996804535389,0.5826563835144043,0.4453144669532776,-0.03082595393061638,0.632682204246521,0.3832085430622101,0.0016817022114992142,0.5944859981536865,0.42461442947387695,-0.006062954664230347,0.5925210118293762,0.45015591382980347,-0.014721245504915714,0.5931323170661926,0.44567951560020447,-0.013465258292853832,0.6213683485984802,0.4452621340751648,0.0046379114501178265,0.5830684900283813,0.43504565954208374,-0.028405601158738136,0.6203734278678894,0.37387412786483765,-0.00929014291614294,0.628013551235199,0.37674543261528015,-0.004166314844042063,0.6399741172790527,0.356609046459198,0.015306888148188591,0.5933917164802551,0.3825494349002838,-0.014670854434370995,0.5996363759040833,0.39239874482154846,-0.003960943780839443,0.6012604832649231,0.48319095373153687,0.00745984073728323,0.625170111656189,0.4772590696811676,0.05872960761189461,0.588151752948761,0.4542889893054962,-0.012402788735926151,0.5840124487876892,0.4563118815422058,-0.012361322529613972,0.5961787700653076,0.48226839303970337,0.006480165757238865,0.5947599411010742,0.4824540317058563,0.004754175897687674,0.631492018699646,0.3701404929161072,-0.0021307310089468956,0.5922137498855591,0.45298779010772705,-0.011275133118033409,0.609126091003418,0.3752395212650299,-0.013047040440142155,0.6105115413665771,0.3676261901855469,-0.01498061791062355,0.619115948677063,0.33587199449539185,-0.009516678750514984,0.6357884407043457,0.3650050759315491,0.004991910886019468,0.6145713925361633,0.35224172472953796,-0.012924954295158386,0.6359744668006897,0.37878987193107605,0.006118594668805599,0.6399949193000793,0.3769734799861908,0.016070978716015816,0.5805714130401611,0.4775400757789612,-0.01080157607793808,0.5862451195716858,0.4787919223308563,-0.0074643464758992195,0.5901827812194824,0.4800220727920532,-0.0034866768401116133,0.5868194103240967,0.45538952946662903,-0.010900523513555527,0.5954541563987732,0.4823794364929199,0.005567850545048714,0.5929508805274963,0.48541271686553955,0.002718286821618676,0.5939978361129761,0.482562392950058,0.0046501620672643185,0.5864816308021545,0.45239898562431335,-0.02034735307097435,0.5876074433326721,0.4834105372428894,-0.001121676992624998,0.5837004780769348,0.4838598072528839,-0.0036913505755364895,0.5789373517036438,0.4843454360961914,-0.005702294409275055,0.5792973041534424,0.504907488822937,0.0031128462869673967,0.5795807838439941,0.5015182495117188,-0.003562825731933117,0.5796129703521729,0.49567437171936035,-0.005086029414087534,0.5793793201446533,0.48938673734664917,-0.0046085515059530735,0.578944742679596,0.48447349667549133,-0.0045210267417132854,0.5876089334487915,0.4835017919540405,-0.0001887930411612615,0.5887646675109863,0.4858453869819641,-0.000498958514072001,0.5899980664253235,0.48881933093070984,-0.0009034703834913671,0.5908883213996887,0.4919332265853882,0.00042063399450853467,0.5966407060623169,0.4717990756034851,-0.002386774867773056,0.6365059614181519,0.4399259686470032,0.0625823363661766,0.5905182361602783,0.4830697178840637,0.0026781449560076,0.5917395949363708,0.48419275879859924,0.002488259691745043,0.5823178291320801,0.45912954211235046,-0.012051181867718697,0.5901937484741211,0.4569254517555237,-0.006666271016001701,0.5831111669540405,0.4577868580818176,-0.012380491010844707,0.6000686287879944,0.4295855462551117,-0.0034254558850079775,0.609215259552002,0.4356077015399933,-0.0008793359156697989,0.5936213731765747,0.4488043785095215,-0.009926974773406982,0.632466733455658,0.344553142786026,0.002081917366012931,0.6279342174530029,0.3563389778137207,-0.004535428714007139,0.6228000521659851,0.366157203912735,-0.00930972769856453,0.5921329259872437,0.4962029755115509,0.00528847286477685,0.5958909392356873,0.3707035183906555,-0.018000980839133263,0.6002396941184998,0.3509003221988678,-0.017774349078536034,0.6038479804992676,0.3308827877044678,-0.016300922259688377,0.6192403435707092,0.41273415088653564,0.003422830253839493,0.6328423619270325,0.42033740878105164,0.013080501928925514,0.5943045616149902,0.40873125195503235,-0.0008712191483937204,0.6283901929855347,0.3966261148452759,0.005436608102172613,0.5910941362380981,0.41926413774490356,-0.008553913794457912,0.5901411771774292,0.4477062225341797,-0.020554840564727783,0.6361243724822998,0.4244338572025299,0.02038618177175522,0.6291901469230652,0.4263491928577423,0.008421402424573898,0.6221241354942322,0.42933785915374756,0.0031204826664179564,0.6110454797744751,0.4279433786869049,0.0003848556661978364,0.6026833057403564,0.42419347167015076,-0.0015194426523521543,0.5964029431343079,0.4198431670665741,-0.003549851942807436,0.5847549438476562,0.40855860710144043,-0.015732331201434135,0.6333703994750977,0.44134408235549927,0.02051875740289688,0.6330744624137878,0.39458969235420227,0.008082082495093346,0.5792441368103027,0.4563200771808624,-0.025438077747821808,0.5930176377296448,0.4326651394367218,-0.0077358027920126915,0.643129289150238,0.4048632085323334,0.05379064753651619,0.5918689966201782,0.4149981141090393,-0.005013679154217243,0.594028115272522,0.4488089382648468,-0.004380736034363508,0.6241053342819214,0.40423303842544556,0.007489406503736973,0.5906186699867249,0.4421869218349457,-0.018944427371025085,0.6317459344863892,0.458416610956192,0.06225690618157387,0.5939503908157349,0.4056970775127411,3.863675010506995e-05,0.5871515274047852,0.43782517313957214,-0.024756571277976036,0.6123586893081665,0.4970557391643524,0.029599284753203392,0.6104871034622192,0.5033887624740601,0.04125764220952988,0.6370463371276855,0.4411000907421112,0.04143756255507469,0.6199751496315002,0.48709961771965027,0.03577561676502228,0.6413875222206116,0.39121487736701965,0.02680778317153454,0.5898874998092651,0.5206775069236755,0.01520317792892456,0.5784083008766174,0.4575712978839874,-0.017719542607665062,0.5975058674812317,0.4385646879673004,-0.004986876156181097,0.6375663876533508,0.4094351530075073,0.02056245319545269,0.6142708659172058,0.4099784195423126,0.0006666712579317391,0.6092695593833923,0.41069915890693665,-0.0008818095666356385,0.5940064191818237,0.4867250919342041,0.0038057647179812193,0.629957377910614,0.45651566982269287,0.024023421108722687,0.5802327990531921,0.5293793678283691,0.017893146723508835,0.5951760411262512,0.5194224715232849,0.027842862531542778,0.6019696593284607,0.5128694176673889,0.033599186688661575,0.6040202975273132,0.4097801148891449,-0.001318276859819889,0.5989403128623962,0.4078521728515625,-0.0007557405042462051,0.5956192016601562,0.4067133665084839,0.0001709118951112032,0.6367155909538269,0.39242225885391235,0.013754311949014664,0.5999478101730347,0.3999994397163391,-0.0025373087264597416,0.6054143309593201,0.39826488494873047,-0.0033301522489637136,0.6106938123703003,0.3983689844608307,-0.0028531011193990707,0.6155674457550049,0.3998919427394867,-0.0010459464974701405,0.6184675693511963,0.40177908539772034,0.00108710874337703,0.6445140838623047,0.38659414649009705,0.04217176511883736,0.6174240112304688,0.4084405303001404,0.0026185617316514254,0.5917677283287048,0.4678088426589966,-0.005688061472028494,0.5884043574333191,0.4533390998840332,-0.014677077531814575,0.5825871825218201,0.4655323922634125,-0.011058499105274677,0.6043618321418762,0.5062920451164246,0.025294246152043343,0.5971760749816895,0.5132978558540344,0.020673638209700584,0.5810097455978394,0.5258435606956482,0.010318491607904434,0.6178422570228577,0.492314875125885,0.05074511468410492,0.5958743691444397,0.40322935581207275,-0.0010401940671727061,0.5873818397521973,0.4220348298549652,-0.016186602413654327,0.5881702303886414,0.5253418684005737,0.021840820088982582,0.6325607895851135,0.4578453302383423,0.042511772364377975,0.5837240219116211,0.4839836359024048,-0.002587190130725503,0.5847079157829285,0.4878179430961609,-0.002838253742083907,0.5855393409729004,0.4925514757633209,-0.003284718608483672,0.5859604477882385,0.497750848531723,-0.0019454907160252333,0.5864131450653076,0.5013605952262878,0.0035125475842505693,0.5918357372283936,0.48211342096328735,0.0013926589163020253,0.5931400060653687,0.4811723530292511,0.0013938428601250052,0.5942807197570801,0.48015838861465454,0.0012937203282490373,0.6000516414642334,0.4769982099533081,0.0021151057444512844,0.6230087280273438,0.4613487720489502,0.01252523809671402,0.5879056453704834,0.4133464992046356,-0.011819802224636078,0.5912348628044128,0.39785900712013245,-0.004701224621385336,0.5939724445343018,0.39958086609840393,-0.0023537275847047567,0.5905247926712036,0.4830039143562317,0.0021223837975412607,0.6201397776603699,0.4780590236186981,0.02330830879509449,0.5871406197547913,0.3969810903072357,-0.01160588301718235,0.5884829759597778,0.5078070759773254,0.007528023794293404,0.5840134024620056,0.41799092292785645,-0.02053513377904892,0.5898795127868652,0.43484237790107727,-0.014897787943482399,0.5802611708641052,0.512101411819458,0.005153595935553312,0.6009159088134766,0.4937959909439087,0.011109788902103901,0.598420262336731,0.4550396203994751,-0.0021728500723838806,0.5950503945350647,0.5016375184059143,0.009665386751294136,0.6123476624488831,0.455036997795105,0.00047830675612203777,0.6033540368080139,0.4629767835140228,-0.0002104608720401302,0.6151844263076782,0.4669870138168335,0.0062147993594408035,0.5811493396759033,0.5200383067131042,0.00652051018550992,0.5922080874443054,0.4390638470649719,-0.010371219366788864,0.6043263673782349,0.4991944432258606,0.017507225275039673,0.5970152616500854,0.5070486068725586,0.015028192661702633,0.6062455177307129,0.48488086462020874,0.010440381243824959,0.6262882947921753,0.468828022480011,0.027519069612026215,0.6124546527862549,0.4861842691898346,0.01638622023165226,0.6272667050361633,0.4730652868747711,0.041960276663303375,0.6065295338630676,0.4723314344882965,0.0035523877013474703,0.5901042819023132,0.4272085726261139,-0.011629420332610607,0.5882540345191956,0.451256662607193,-0.02158244326710701,0.5907080173492432,0.4527679979801178,-0.015156873501837254,0.5867387056350708,0.4462476372718811,-0.025800133123993874,0.5966209173202515,0.3894748091697693,-0.006991409696638584,0.607111930847168,0.3836974501609802,-0.007677986286580563,0.6159568428993225,0.3829960823059082,-0.006621513981372118,0.6227973103523254,0.3851025104522705,-0.0036466894671320915,0.6270290017127991,0.38939857482910156,0.00031820862204767764,0.6280704736709595,0.4056292474269867,0.010179405100643635,0.640314519405365,0.424388587474823,0.038384366780519485,0.6236485838890076,0.41828036308288574,0.006438009906560183,0.6180135011672974,0.4206095039844513,0.0030867571476846933,0.6102702617645264,0.4207296073436737,0.0005761938518844545,0.6026625633239746,0.4185347855091095,-0.0012042507296428084,0.5966730117797852,0.4151889383792877,-0.0016434406861662865,0.5927154421806335,0.41196757555007935,-0.0024826680310070515,0.6400812864303589,0.4222203493118286,0.06000146642327309,0.5902284979820251,0.45431655645370483,-0.012204380705952644,0.5869590044021606,0.4297681450843811,-0.019739264622330666,0.5848672389984131,0.45183080434799194,-0.025848403573036194,0.5818032026290894,0.4550437331199646,-0.023235082626342773,0.5846367478370667,0.4528244435787201,-0.023051302880048752,0.5887041687965393,0.4561742842197418,-0.010025495663285255,0.5808516144752502,0.4558584690093994,-0.024653339758515358,0.5799697637557983,0.4571249783039093,-0.017846496775746346,0.5921763777732849,0.40572303533554077,-0.000748739461414516,0.5898256897926331,0.4069814682006836,-0.0038952333852648735,0.5886590480804443,0.40810874104499817,-0.007284842431545258,0.6201038956642151,0.4031560719013214,0.003337314585223794,0.6248626112937927,0.3979891836643219,0.003632856300100684,0.5489726066589355,0.3972384035587311,-0.0014334411825984716,0.5551590919494629,0.39805272221565247,-0.0014334411825984716,0.5497175455093384,0.3897116780281067,-0.0014334411825984716,0.5426920056343079,0.3963397145271301,-0.0014334411825984716,0.5482092499732971,0.40465307235717773,-0.0014334411825984716,0.6074910163879395,0.4026544690132141,0.00028178657521493733,0.613304853439331,0.40312960743904114,0.00028178657521493733,0.6078187823295593,0.3955186903476715,0.00028178657521493733,0.601756751537323,0.4021146595478058,0.00028178657521493733,0.6071928143501282,0.40979987382888794,0.00028178657521493733
133.33333333333334,0.5744897127151489,0.4752573072910309,-0.012522750534117222,0.5772278308868408,0.4532080888748169,-0.029195347800850868,0.5761523246765137,0.4594278931617737,-0.0138400848954916,0.5742177963256836,0.4254690706729889,-0.02451147325336933,0.5778768062591553,0.44526129961013794,-0.03180296719074249,0.5785170793533325,0.43419593572616577,-0.030514873564243317,0.5798962712287903,0.40629181265830994,-0.018394174054265022,0.5374364256858826,0.3983122706413269,0.001564226346090436,0.5814998745918274,0.38210707902908325,-0.016804831102490425,0.5824563503265381,0.37022027373313904,-0.01939067430794239,0.5854533314704895,0.32811057567596436,-0.018681859597563744,0.5741959810256958,0.4794556200504303,-0.01158817857503891,0.5738186836242676,0.4838499426841736,-0.00949949212372303,0.5735517740249634,0.4866529107093811,-0.006418328266590834,0.5734965801239014,0.4868784248828888,-0.004786885809153318,0.5732186436653137,0.4924478530883789,-0.004806823562830687,0.5728030204772949,0.4988269805908203,-0.005157032981514931,0.5723273754119873,0.5046558976173401,-0.003189345123246312,0.5721185207366943,0.5068405270576477,0.0037523978389799595,0.5767989754676819,0.45679038763046265,-0.02598852477967739,0.5718424320220947,0.4554612338542938,-0.018397627398371696,0.5164071917533875,0.3565731942653656,0.024101922288537025,0.5534325838088989,0.40865498781204224,-0.003590749576687813,0.5472803711891174,0.4088405966758728,-0.003126723924651742,0.5417120456695557,0.40694117546081543,-0.0015800455585122108,0.5348643064498901,0.39997008442878723,0.0028932520654052496,0.5589036345481873,0.4065465033054352,-0.002756419125944376,0.5470109581947327,0.37889599800109863,-0.007279412820935249,0.5538776516914368,0.3811584413051605,-0.0073222010396420956,0.5403980612754822,0.37965089082717896,-0.005141553469002247,0.5359161496162415,0.3828910291194916,-0.002677513984963298,0.52981036901474,0.4032402038574219,0.0062574902549386024,0.5520429611206055,0.5120591521263123,0.010611140169203281,0.535754919052124,0.3949182331562042,0.0033807759173214436,0.511921226978302,0.39296844601631165,0.030555566772818565,0.5236789584159851,0.394292950630188,0.011306911706924438,0.5485000610351562,0.43953806161880493,-0.004620813298970461,0.5676706433296204,0.4722521901130676,-0.011997593566775322,0.5676271915435791,0.4826737642288208,-0.008868865668773651,0.5606606602668762,0.4740854799747467,-0.008708900772035122,0.5560662150382996,0.4760597348213196,-0.004465299192816019,0.5623431205749512,0.4816213846206665,-0.0068300580605864525,0.5582554340362549,0.48097291588783264,-0.002934376010671258,0.549172043800354,0.48646673560142517,0.006530123762786388,0.5728663802146912,0.45244041085243225,-0.02885543555021286,0.5727481842041016,0.4446738362312317,-0.031265322118997574,0.527878999710083,0.3701056241989136,-0.0015182247152552009,0.5614287257194519,0.4211142957210541,-0.007272427901625633,0.5607313513755798,0.4471232295036316,-0.01583937183022499,0.5605047345161438,0.442489892244339,-0.014598837122321129,0.5302774310112,0.4355654716491699,0.00198403955437243,0.5735293030738831,0.4343881905078888,-0.028933484107255936,0.5422536134719849,0.3626236915588379,-0.011613941751420498,0.5339186191558838,0.3643582761287689,-0.006962232291698456,0.5236450433731079,0.34287357330322266,0.011515652760863304,0.5681729316711426,0.37636786699295044,-0.01566159911453724,0.5594996809959412,0.3864257335662842,-0.005445697344839573,0.5457280874252319,0.4781636595726013,0.006329989992082119,0.5165383815765381,0.46668556332588196,0.05534029006958008,0.5644767880439758,0.4521362781524658,-0.013207186944782734,0.5684824585914612,0.4550262689590454,-0.012821032665669918,0.5501056909561157,0.4795510470867157,0.005604867357760668,0.5515608787536621,0.4801309108734131,0.004052911885082722,0.5309556126594543,0.35710278153419495,-0.005129687953740358,0.5602566599845886,0.449937641620636,-0.012345665134489536,0.5534356832504272,0.36587679386138916,-0.0147204315289855,0.5530359148979187,0.3582015931606293,-0.016739746555685997,0.5500004887580872,0.3275283873081207,-0.011893332935869694,0.5277746915817261,0.35233739018440247,0.0016107895644381642,0.5525851249694824,0.3447106182575226,-0.015017334371805191,0.5245477557182312,0.3647717833518982,0.0026720520108938217,0.5205828547477722,0.36315980553627014,0.012324465438723564,0.5674848556518555,0.47783517837524414,-0.011084133759140968,0.5614691376686096,0.47801724076271057,-0.007997258566319942,0.5570932030677795,0.47852635383605957,-0.00413544150069356,0.565549373626709,0.4535185396671295,-0.01161220297217369,0.5508468151092529,0.47987091541290283,0.004794074688106775,0.5531495213508606,0.48360639810562134,0.0022960302885621786,0.5523208975791931,0.48042020201683044,0.003980825189501047,0.5670628547668457,0.4507162272930145,-0.021178171038627625,0.5591476559638977,0.48273205757141113,-0.0016915298765525222,0.5631176233291626,0.4840746819972992,-0.004156841896474361,0.5679643750190735,0.48551493883132935,-0.005978049244731665,0.5647615194320679,0.5053302049636841,0.00372288073413074,0.5649673938751221,0.5027812719345093,-0.003133282531052828,0.5657660365104675,0.4969763159751892,-0.004771891515702009,0.5668209195137024,0.4906303286552429,-0.004374445881694555,0.5678632259368896,0.48566943407058716,-0.004309934563934803,0.559022068977356,0.48279744386672974,-0.0003803830477409065,0.5575681328773499,0.48496466875076294,-0.0006492470856755972,0.5558671355247498,0.4877723455429077,-0.0010463818907737732,0.5544930100440979,0.4906788170337677,0.0002414789196336642,0.552649199962616,0.4676959216594696,-0.0033685911912471056,0.5102024078369141,0.4262411594390869,0.05857797712087631,0.5764990448951721,0.45810362696647644,-0.01825692132115364,0.5560135841369629,0.48165827989578247,0.00225417991168797,0.5545874834060669,0.4826081395149231,0.0020985743030905724,0.5698226094245911,0.45811164379119873,-0.012460218742489815,0.5615456104278564,0.454235315322876,-0.007462923880666494,0.5692135095596313,0.45661380887031555,-0.012819652445614338,0.5548392534255981,0.42470720410346985,-0.0049479347653687,0.5446332097053528,0.42863598465919495,-0.002825351431965828,0.5592857599258423,0.4454163908958435,-0.011078616604208946,0.5342904925346375,0.3328052759170532,-0.001101578469388187,0.5379015207290649,0.34555718302726746,-0.007341544609516859,0.5405933260917664,0.35477545857429504,-0.01176411658525467,0.5528831481933594,0.49350449442863464,0.005010885652154684,0.5673617720603943,0.364063560962677,-0.0190692488104105,0.5673418045043945,0.34688857197761536,-0.019087590277194977,0.5664709210395813,0.3263508677482605,-0.01778099685907364,0.5372156500816345,0.40410324931144714,0.0008012825855985284,0.5233845710754395,0.4072364866733551,0.009779871441423893,0.5626006126403809,0.40444326400756836,-0.0022096424363553524,0.5299208164215088,0.3849549889564514,0.0023954608477652073,0.5659002661705017,0.41663336753845215,-0.00958875473588705,0.5640077590942383,0.44527408480644226,-0.021517518907785416,0.5166950821876526,0.4113345742225647,0.016686683520674706,0.5268632173538208,0.4145036041736603,0.005318633746355772,0.5340704917907715,0.41928187012672424,0.0005229302914813161,0.5452455282211304,0.4203881621360779,-0.0016222557751461864,0.5538148880004883,0.41854003071784973,-0.0030838926322758198,0.5604390501976013,0.41551464796066284,-0.0048115868121385574,0.5744022130966187,0.4074964225292206,-0.016330402344465256,0.516948401927948,0.42882537841796875,0.016947390511631966,0.5254220366477966,0.3814205527305603,0.004738557152450085,0.5741755366325378,0.4562172293663025,-0.025769412517547607,0.5619312524795532,0.42945796251296997,-0.008913883939385414,0.509560227394104,0.38989073038101196,0.04947366192936897,0.5655162334442139,0.4116842448711395,-0.006073865108191967,0.5584919452667236,0.4452537000179291,-0.0054895286448299885,0.5329500436782837,0.39384520053863525,0.004573862534016371,0.5640295147895813,0.4396544396877289,-0.019937152042984962,0.5122591853141785,0.4460122287273407,0.05845921114087105,0.5630592107772827,0.40133973956108093,-0.0013777652056887746,0.5686527490615845,0.43619856238365173,-0.025515586137771606,0.5298336744308472,0.4896079897880554,0.027589336037635803,0.5296944975852966,0.49643442034721375,0.039047881960868835,0.5111921429634094,0.4276731312274933,0.03756266087293625,0.5225833654403687,0.47792571783065796,0.033104680478572845,0.5158982276916504,0.3769359290599823,0.022862164303660393,0.5509139895439148,0.5180424451828003,0.014963413588702679,0.5744973421096802,0.457547128200531,-0.017947528511285782,0.5562688708305359,0.4342564344406128,-0.0063207633793354034,0.5185933113098145,0.3942594826221466,0.016874419525265694,0.5425412654876709,0.4031952917575836,-0.0017054531490430236,0.5475173592567444,0.40479978919029236,-0.002984167542308569,0.5518789291381836,0.48463934659957886,0.0033063371665775776,0.5178444385528564,0.44478559494018555,0.02069866843521595,0.5596058368682861,0.5286444425582886,0.018225301057100296,0.5448200106620789,0.5157474875450134,0.02699711173772812,0.5381312966346741,0.5077707767486572,0.03212021291255951,0.5839493870735168,0.34940093755722046,-0.0199490524828434,0.5699463486671448,0.5313115119934082,0.017154403030872345,0.5527795553207397,0.40452444553375244,-0.0031526244711130857,0.5578837394714355,0.40308865904808044,-0.0023734592832624912,0.5612876415252686,0.402189165353775,-0.001318998052738607,0.5212514400482178,0.37800049781799316,0.010131954215466976,0.557863175868988,0.39409664273262024,-0.004166504833847284,0.5527189373970032,0.3910130262374878,-0.005199111998081207,0.5476435422897339,0.390056848526001,-0.004992273636162281,0.5425534248352051,0.39077240228652954,-0.003426868002861738,0.5392680168151855,0.3923321068286896,-0.0014635229017585516,0.5119398832321167,0.3714505732059479,0.037839364260435104,0.5394085049629211,0.4007648229598999,7.838400779291987e-05,0.5756916999816895,0.4650377333164215,-0.011883465573191643,0.5584663152694702,0.46477171778678894,-0.006543354131281376,0.5645651817321777,0.4511587917804718,-0.015519511885941029,0.5685889720916748,0.4644468426704407,-0.011423440650105476,0.5805622339248657,0.39399808645248413,-0.015640944242477417,0.5372862815856934,0.500548243522644,0.023979568853974342,0.544035792350769,0.5090935826301575,0.01992006041109562,0.5595924258232117,0.5250373482704163,0.010717062279582024,0.5227198600769043,0.48363012075424194,0.04787745326757431,0.5614930987358093,0.3984236717224121,-0.002544661285355687,0.569948673248291,0.42033305764198303,-0.01696273498237133,0.5703433752059937,0.5276122689247131,0.009940411895513535,0.5516797304153442,0.5230982303619385,0.021552614867687225,0.5130069255828857,0.4455229938030243,0.03886398300528526,0.5630059838294983,0.4842070937156677,-0.0026074142660945654,0.5615394115447998,0.4879390299320221,-0.002835683524608612,0.5600932836532593,0.4926098883152008,-0.003225488355383277,0.558950662612915,0.4977338910102844,-0.0018395395018160343,0.5579305291175842,0.5001681447029114,0.0036269475240260363,0.5548915863037109,0.48043665289878845,0.0007262100116349757,0.5536482334136963,0.479114830493927,0.0006206437246873975,0.5526503324508667,0.47775471210479736,0.0004224453296046704,0.5481555461883545,0.4721762239933014,0.0009841856081038713,0.5253710746765137,0.4512805640697479,0.009834001772105694,0.5702605843544006,0.41149958968162537,-0.012614241801202297,0.5673906803131104,0.3938906192779541,-0.0057113575749099255,0.5640259981155396,0.3950619399547577,-0.0036874155048280954,0.5561167001724243,0.4816740155220032,0.0014549799961969256,0.5250861644744873,0.4687884747982025,0.02076306752860546,0.5726171135902405,0.3938256502151489,-0.012348094023764133,0.5546684861183167,0.5057845115661621,0.007602021563798189,0.5789717435836792,0.4249192476272583,-0.026291271671652794,0.5742279291152954,0.41711342334747314,-0.02105053700506687,0.579406201839447,0.416166216135025,-0.02227390557527542,0.5654756426811218,0.432412713766098,-0.015821561217308044,0.5709152817726135,0.5217081308364868,0.006112350150942802,0.5715264678001404,0.5138459801673889,0.0050696139223873615,0.5626552700996399,0.5119160413742065,0.005754893179982901,0.5439644455909729,0.4888213276863098,0.010264390148222446,0.5530315637588501,0.4505363404750824,-0.0033774846233427525,0.5487741231918335,0.49804413318634033,0.009305961430072784,0.5385385751724243,0.4474491477012634,-0.0014236064162105322,0.5468723773956299,0.4573679268360138,-0.0015688007697463036,0.5334717631340027,0.4587355852127075,0.004191265441477299,0.5605829954147339,0.5193323493003845,0.007001338992267847,0.5620635151863098,0.4360301196575165,-0.01144762896001339,0.5391942858695984,0.49350255727767944,0.01635528728365898,0.5456717610359192,0.5029562711715698,0.014448976144194603,0.5399651527404785,0.4786706566810608,0.009034444577991962,0.5195567607879639,0.45804864168167114,0.02444254234433174,0.5325960516929626,0.4786829948425293,0.014525588601827621,0.5163589119911194,0.46211984753608704,0.03866768628358841,0.5420842170715332,0.4659684896469116,0.002090315567329526,0.5660403370857239,0.424762487411499,-0.012630991637706757,0.5654979348182678,0.44922760128974915,-0.02248620055615902,0.5622727274894714,0.4501073658466339,-0.016116339713335037,0.5681456327438354,0.4446779191493988,-0.026520265266299248,0.563152015209198,0.3837261199951172,-0.008279641158878803,0.553672194480896,0.375538170337677,-0.00944626983255148,0.5450774431228638,0.3730161190032959,-0.008835670538246632,0.5378341674804688,0.3741215467453003,-0.006255205255001783,0.5326537489891052,0.37776437401771545,-0.002580696949735284,0.528867244720459,0.39409056305885315,0.007075820118188858,0.5106644630432129,0.41018325090408325,0.03432982414960861,0.5326929092407227,0.40798714756965637,0.0036282881628721952,0.5384023189544678,0.41185659170150757,0.0006387503235600889,0.5461260676383972,0.41378822922706604,-0.0014571953797712922,0.5537703037261963,0.413064569234848,-0.0028381128795444965,0.5599802136421204,0.4106825590133667,-0.0029601147398352623,0.5642614364624023,0.4082530736923218,-0.0036154885310679674,0.5095192790031433,0.40776151418685913,0.055854734033346176,0.5622223019599915,0.45173829793930054,-0.013133865781128407,0.5696306228637695,0.4281681478023529,-0.020502977073192596,0.5692205429077148,0.45064011216163635,-0.026487622410058975,0.5715736150741577,0.4543983042240143,-0.02367134392261505,0.5690609812736511,0.45159271359443665,-0.02369476854801178,0.5633630752563477,0.45389169454574585,-0.010788949206471443,0.5725482106208801,0.45542994141578674,-0.02503473497927189,0.5729245543479919,0.45681196451187134,-0.018153369426727295,0.5650529265403748,0.4016953110694885,-0.0019906042143702507,0.5677089095115662,0.40373843908309937,-0.0048836818896234035,0.5694715976715088,0.40538445115089417,-0.008127174340188503,0.5373216271400452,0.3936285674571991,0.0006926351925358176,0.5331064462661743,0.38714173436164856,0.0008319346816278994,0.5834203362464905,0.4264566898345947,-0.024181144312024117,0.6193188428878784,0.4065719246864319,0.004053570795804262,0.5813032388687134,0.45640307664871216,-0.018120745196938515,0.6436474919319153,0.3713744580745697,0.028004879131913185,0.6030320525169373,0.4138932526111603,-0.0019965071696788073,0.6091851592063904,0.41490352153778076,-0.0011897446820512414,0.6148486733436584,0.41417554020881653,0.0006446895422413945,0.6215985417366028,0.40925586223602295,0.005519090220332146,0.597675085067749,0.4110320806503296,-0.001505585270933807,0.6127435564994812,0.38797539472579956,-0.005294409114867449,0.6057621240615845,0.38854578137397766,-0.005763370078057051,0.6189290285110474,0.3898482024669647,-0.002829788252711296,0.6225966811180115,0.3934991955757141,-0.00018710254516918212,0.6266900300979614,0.4141041338443756,0.009153693914413452,0.5899302363395691,0.5156269073486328,0.01170481275767088,0.6211509704589844,0.4041176438331604,0.00599494157359004,0.64214026927948,0.4075857102870941,0.0345611572265625,0.6330760717391968,0.4073353111743927,0.014579445123672485,0.6043010950088501,0.4455842673778534,-0.003091105492785573,0.581581711769104,0.47345617413520813,-0.011651788838207722,0.5800520181655884,0.4837254583835602,-0.008574708364903927,0.5880347490310669,0.47625914216041565,-0.007993843406438828,0.5919475555419922,0.4788092374801636,-0.0034609355498105288,0.5852487087249756,0.48350292444229126,-0.006255561951547861,0.5890942215919495,0.483368843793869,-0.002122844336554408,0.5968354344367981,0.4912477731704712,0.007806011009961367,0.5814992785453796,0.4533136188983917,-0.028618915006518364,0.5828217267990112,0.4457000195980072,-0.031002866104245186,0.6324476003646851,0.38315460085868835,0.0015114388661459088,0.5945854783058167,0.4247283935546875,-0.006225233897566795,0.5926319360733032,0.45047110319137573,-0.014838696457445621,0.5932493805885315,0.445960134267807,-0.013589663431048393,0.6214210391044617,0.4454519748687744,0.004597033839672804,0.5832363963127136,0.4353654980659485,-0.028606833890080452,0.6200584769248962,0.37383246421813965,-0.009520095773041248,0.6277075409889221,0.3767191469669342,-0.004377173725515604,0.6400851011276245,0.35660773515701294,0.015005482360720634,0.5932349562644958,0.3822711408138275,-0.014954941347241402,0.5994341373443604,0.3920830190181732,-0.0041840155608952045,0.6013606190681458,0.48372209072113037,0.007963099516928196,0.6249053478240967,0.47748732566833496,0.05904417112469673,0.588256299495697,0.4546213746070862,-0.012508285231888294,0.5841246843338013,0.45666977763175964,-0.01246428582817316,0.5966815948486328,0.48287710547447205,0.006962326820939779,0.5952076315879822,0.4832104742527008,0.005232024006545544,0.6311673521995544,0.3701675236225128,-0.002357604680582881,0.5923233032226562,0.4533025920391083,-0.011373973451554775,0.6088491082191467,0.37508320808410645,-0.013309286907315254,0.6102042198181152,0.367549329996109,-0.01527206227183342,0.6193058490753174,0.3358415961265564,-0.00994544941931963,0.6359314918518066,0.3649865388870239,0.004752748180180788,0.6147975325584412,0.3521825075149536,-0.013280061073601246,0.6357530951499939,0.3787399232387543,0.005944450851529837,0.640095591545105,0.3769982159137726,0.015883781015872955,0.5809805393218994,0.47901737689971924,-0.010767927393317223,0.5866897106170654,0.48009613156318665,-0.0073616220615804195,0.5906043648719788,0.48109447956085205,-0.003260928438976407,0.5869286060333252,0.4557268023490906,-0.011003409512341022,0.5959262847900391,0.483066201210022,0.006042956840246916,0.5933336019515991,0.48654285073280334,0.003321153810247779,0.5944233536720276,0.48339223861694336,0.005133030470460653,0.5865907073020935,0.45275717973709106,-0.02048315480351448,0.5879295468330383,0.48493078351020813,-0.0009217479964718223,0.5840150117874146,0.4857480525970459,-0.0036071958020329475,0.579225480556488,0.4864686131477356,-0.005685632582753897,0.5793581008911133,0.5068420171737671,0.003999760840088129,0.5797690153121948,0.5039774775505066,-0.0028291656635701656,0.579840898513794,0.49812766909599304,-0.004469165112823248,0.5796231627464294,0.4917129576206207,-0.004078274127095938,0.5792005062103271,0.4866348206996918,-0.004022714216262102,0.5878956913948059,0.4850658178329468,0.0003671049198601395,0.5890552997589111,0.48742035031318665,0.00010269684571539983,0.590307354927063,0.4904000759124756,-0.00023627266637049615,0.5912071466445923,0.49347078800201416,0.0011304279323667288,0.5967811346054077,0.4722529947757721,-0.002176380017772317,0.6364777088165283,0.4400036633014679,0.06266310065984726,0.5908518433570862,0.48428627848625183,0.003236279124394059,0.592097282409668,0.48538172245025635,0.0030752248130738735,0.5824389457702637,0.4594990611076355,-0.012103092856705189,0.5903138518333435,0.457246869802475,-0.006719907745718956,0.5832273960113525,0.45815035700798035,-0.012468567118048668,0.6001583337783813,0.42970332503318787,-0.003558869706466794,0.6093025803565979,0.43575233221054077,-0.000987327191978693,0.5937376618385315,0.4490954875946045,-0.010029789060354233,0.6326212882995605,0.3445219099521637,0.0017271448159590364,0.6281296610832214,0.35628241300582886,-0.004830586723983288,0.6224534511566162,0.366176575422287,-0.00956972036510706,0.5922998785972595,0.49744972586631775,0.006056148558855057,0.5956676602363586,0.3704923391342163,-0.01830732636153698,0.6004789471626282,0.3508535325527191,-0.0181707926094532,0.6040686964988708,0.3308548629283905,-0.016799302771687508,0.6191631555557251,0.4125281572341919,0.003272048197686672,0.6328514814376831,0.42010074853897095,0.012985162436962128,0.5941842198371887,0.4084516763687134,-0.0010835648281499743,0.6282082796096802,0.39643821120262146,0.005303439684212208,0.5912095308303833,0.4193725883960724,-0.008740222081542015,0.5902637243270874,0.4480295181274414,-0.02069912850856781,0.6362181901931763,0.4245440661907196,0.02033647894859314,0.6292698383331299,0.4261804223060608,0.00833453144878149,0.6222587823867798,0.4292258620262146,0.0030279778875410557,0.6112022399902344,0.42782503366470337,0.0002689096436370164,0.6028192639350891,0.4240361750125885,-0.0016557847848162055,0.5965163707733154,0.4196470379829407,-0.0037214478943496943,0.5849255323410034,0.40864279866218567,-0.0159737728536129,0.6334235668182373,0.4414827823638916,0.020525489002466202,0.632925808429718,0.39441490173339844,0.007949043065309525,0.5793710350990295,0.45672255754470825,-0.025583511218428612,0.5931287407875061,0.4328378140926361,-0.007887894287705421,0.6432498693466187,0.40493425726890564,0.05369124189019203,0.5919533371925354,0.4147738814353943,-0.005217352882027626,0.5941377878189087,0.44907283782958984,-0.004454807378351688,0.6239272356033325,0.4039665162563324,0.00735023757442832,0.590740978717804,0.44246354699134827,-0.019100209698081017,0.6316342353820801,0.4585367441177368,0.06243924796581268,0.5937849283218384,0.4053986668586731,-0.00017918567755259573,0.587299108505249,0.4381263554096222,-0.024935275316238403,0.6120740175247192,0.4975094199180603,0.03019549325108528,0.6101403832435608,0.5038408041000366,0.04183845967054367,0.6371050477027893,0.4412336051464081,0.041489724069833755,0.6196810007095337,0.4874674081802368,0.03619203343987465,0.6415051221847534,0.39128145575523376,0.026672273874282837,0.5897365212440491,0.5215930938720703,0.016182279214262962,0.5785187482833862,0.45795968174934387,-0.017841722816228867,0.5976143479347229,0.43874984979629517,-0.00510485889390111,0.6374928951263428,0.4091581404209137,0.020462745800614357,0.6141564846038818,0.4098827838897705,0.0005034850328229368,0.6091721653938293,0.4106655716896057,-0.001053973101079464,0.5944230556488037,0.48776933550834656,0.004409296438097954,0.6299288272857666,0.4566972255706787,0.024113597348332405,0.5800861120223999,0.5304253101348877,0.01890760287642479,0.5949805974960327,0.5201283693313599,0.02871403843164444,0.6017074584960938,0.5134355425834656,0.03434521332383156,0.6039090156555176,0.4097333252429962,-0.001502269646152854,0.5987970232963562,0.4077066481113434,-0.000955881318077445,0.5954629778862,0.40647098422050476,-4.2004518036264926e-05,0.6365712285041809,0.39222806692123413,0.013626816682517529,0.5997147560119629,0.3997020423412323,-0.0027504954487085342,0.6051820516586304,0.3980221152305603,-0.003536839969456196,0.610470175743103,0.3981829881668091,-0.003049116814509034,0.6153372526168823,0.3997214436531067,-0.0012232899898663163,0.6182422041893005,0.4015798568725586,0.0009258567588403821,0.6446292996406555,0.3866538405418396,0.04198857769370079,0.6172814965248108,0.4082750380039215,0.0024596625007689,0.5919263958930969,0.46825355291366577,-0.005592977162450552,0.5885080099105835,0.45367878675460815,-0.014800911769270897,0.5827503800392151,0.46599191427230835,-0.01103025022894144,0.6041299104690552,0.5068598985671997,0.026074925437569618,0.5969791412353516,0.5139960050582886,0.02156933769583702,0.5808770656585693,0.5269746780395508,0.011355874128639698,0.617476761341095,0.49267512559890747,0.05115406960248947,0.5956766605377197,0.4029238224029541,-0.0012572173727676272,0.5875273942947388,0.4222147762775421,-0.01638854295015335,0.5880184769630432,0.5262320637702942,0.022807804867625237,0.6325244307518005,0.45803341269493103,0.042651187628507614,0.5839999914169312,0.4859168827533722,-0.0020643905736505985,0.5849710702896118,0.4898170232772827,-0.0022606546990573406,0.585796594619751,0.49460214376449585,-0.0026192390359938145,0.5861915349960327,0.4998149573802948,-0.0011979244882240891,0.5865753889083862,0.5030087232589722,0.004358323290944099,0.5922051072120667,0.4831416606903076,0.00173383264336735,0.5935623049736023,0.48203012347221375,0.0017531478079035878,0.5947478413581848,0.4808504581451416,0.0016540868673473597,0.6001594066619873,0.47746115922927856,0.0024661230854690075,0.6229501962661743,0.46158725023269653,0.01262415386736393,0.5880453586578369,0.4134441614151001,-0.012040819972753525,0.5911146402359009,0.39754870533943176,-0.004962394945323467,0.5937979221343994,0.3992519676685333,-0.00259126047603786,0.5908682346343994,0.4841817617416382,0.0024631470441818237,0.6199490427970886,0.47838860750198364,0.023624543100595474,0.5871227979660034,0.39668628573417664,-0.011873082257807255,0.588494062423706,0.509019672870636,0.008455667644739151,0.5841845870018005,0.418165922164917,-0.020761439576745033,0.5900008082389832,0.4350687563419342,-0.015069310553371906,0.5802298188209534,0.5136070251464844,0.006160520948469639,0.6009142398834229,0.49445515871047974,0.011802115477621555,0.5985103845596313,0.45534828305244446,-0.0021626607049256563,0.595079243183136,0.502537190914154,0.010505083948373795,0.6123670935630798,0.45534592866897583,0.0005337134934961796,0.6033965349197388,0.4633491337299347,-7.171855395426974e-05,0.6150916814804077,0.4673052132129669,0.00641441997140646,0.5810540914535522,0.5212779641151428,0.007570244371891022,0.5923142433166504,0.4392785131931305,-0.010510285384953022,0.604197084903717,0.49979186058044434,0.01823289692401886,0.5969133973121643,0.5078014135360718,0.01590023934841156,0.6062068343162537,0.48534080386161804,0.010946487076580524,0.6261618137359619,0.4690650403499603,0.02772153541445732,0.6123071312904358,0.486627459526062,0.016864469274878502,0.6270824074745178,0.47333359718322754,0.04222021996974945,0.6065069437026978,0.4726930856704712,0.003822093829512596,0.5902228355407715,0.4273858964443207,-0.011805703863501549,0.5883689522743225,0.4516112804412842,-0.02172403410077095,0.5908147096633911,0.45310255885124207,-0.01527395099401474,0.5868821740150452,0.4466010332107544,-0.025968290865421295,0.5964317321777344,0.389148086309433,-0.007243015803396702,0.6068853139877319,0.3834654986858368,-0.007906963117420673,0.6157137155532837,0.3828337788581848,-0.0068162353709340096,0.6225477457046509,0.3849748969078064,-0.003817230463027954,0.626789391040802,0.38926154375076294,0.00016898565809242427,0.6279601454734802,0.4053901135921478,0.01005005743354559,0.6404165029525757,0.42449498176574707,0.038378261029720306,0.6236565709114075,0.418067067861557,0.006318394560366869,0.6180828809738159,0.42045748233795166,0.00296386587433517,0.6103452444076538,0.42060649394989014,0.0004395036376081407,0.6027075052261353,0.4183915853500366,-0.0013549092691391706,0.5966853499412537,0.4149739742279053,-0.0018298696959391236,0.5927097797393799,0.4117119610309601,-0.0026870216242969036,0.6401448249816895,0.42229124903678894,0.05999109521508217,0.5903332829475403,0.45464280247688293,-0.012307918630540371,0.5871032476425171,0.43001168966293335,-0.019934076815843582,0.585002064704895,0.4522131681442261,-0.02599799446761608,0.5819249749183655,0.45542672276496887,-0.02337530627846718,0.5847545862197876,0.4531969726085663,-0.02319546975195408,0.5888193249702454,0.45650842785835266,-0.01011214591562748,0.5809748768806458,0.4562567472457886,-0.024796240031719208,0.5800791382789612,0.45750901103019714,-0.0179678313434124,0.5920348763465881,0.40540358424186707,-0.000982640078291297,0.5897858738899231,0.40669628977775574,-0.004134488757699728,0.5886982679367065,0.4078510105609894,-0.007526635657995939,0.6198912858963013,0.40293070673942566,0.003182469867169857,0.6246594786643982,0.3977624773979187,0.003484879620373249,0.5489168763160706,0.3971274495124817,-0.0018118368461728096,0.5550292730331421,0.3979606032371521,-0.0018118368461728096,0.5496861338615417,0.38954392075538635,-0.0018118368461728096,0.5427000522613525,0.39621502161026,-0.0018118368461728096,0.5481297969818115,0.4046080410480499,-0.0018118368461728096,0.6074408292770386,0.40278875827789307,9.810704068513587e-05,0.6132062673568726,0.40324079990386963,9.810704068513587e-05,0.607704222202301,0.3956380784511566,9.810704068513587e-05,0.6017522811889648,0.4022648334503174,9.810704068513587e-05,0.6071965098381042,0.40993836522102356,9.810704068513587e-05
166.66666666666669,0.573603093624115,0.4725978374481201,-0.012597699649631977,0.5770236849784851,0.4538852274417877,-0.02960829809308052,0.5759190917015076,0.4600868225097656,-0.01408321037888527,0.5739737153053284,0.42579811811447144,-0.024918586015701294,0.5776782035827637,0.44585564732551575,-0.03224450349807739,0.5783123970031738,0.434651643037796,-0.030963821336627007,0.5796847343444824,0.40636351704597473,-0.018757279962301254,0.537318766117096,0.3982471823692322,0.0013584807747974992,0.5813068151473999,0.38203907012939453,-0.017142118886113167,0.5822775959968567,0.3701055645942688,-0.01974540576338768,0.5853276252746582,0.3278428912162781,-0.01913798600435257,0.573365330696106,0.4757159650325775,-0.011647073552012444,0.5731071829795837,0.4788789451122284,-0.00955292396247387,0.5729367136955261,0.4808814823627472,-0.006472984328866005,0.5724882483482361,0.4914306104183197,-0.00448191724717617,0.5722591280937195,0.4962974786758423,-0.004515125881880522,0.5719395875930786,0.5020350217819214,-0.004850482102483511,0.571621835231781,0.5072388648986816,-0.0028118565678596497,0.571771502494812,0.5087374448776245,0.004207702353596687,0.5765872001647949,0.45749107003211975,-0.026369130238890648,0.5715489387512207,0.456118106842041,-0.01870715618133545,0.5161669850349426,0.3563685417175293,0.023867934942245483,0.5534139275550842,0.40889832377433777,-0.0037736305966973305,0.5471850037574768,0.4089268445968628,-0.0033275026362389326,0.5415643453598022,0.4069533944129944,-0.0017923529958352447,0.5347420573234558,0.3999691605567932,0.0026928605511784554,0.5589504241943359,0.4069373607635498,-0.002946714172139764,0.5468634366989136,0.3788028657436371,-0.0075249276123940945,0.5538328289985657,0.3810919225215912,-0.007547224406152964,0.5402064323425293,0.37961480021476746,-0.005392615683376789,0.5357382297515869,0.3829301595687866,-0.0029135332442820072,0.5295611619949341,0.403337299823761,0.0060664634220302105,0.5515115261077881,0.5132791996002197,0.011189850978553295,0.535652756690979,0.3948826491832733,0.0031814295798540115,0.5115455389022827,0.39288774132728577,0.030478697270154953,0.5234282612800598,0.39455446600914,0.011132477782666683,0.5480153560638428,0.43982410430908203,-0.004794796463102102,0.5664284229278564,0.4700581133365631,-0.012083077803254128,0.5666310787200928,0.4778132736682892,-0.008911502547562122,0.5591728091239929,0.4720280170440674,-0.008730816654860973,0.5543510913848877,0.47451141476631165,-0.004339848645031452,0.5610494017601013,0.4776204824447632,-0.006806783843785524,0.5567750930786133,0.4781852066516876,-0.0027847879100590944,0.5483839511871338,0.4874114692211151,0.006992168724536896,0.5726204514503479,0.45310768485069275,-0.02926701493561268,0.5724995136260986,0.44525033235549927,-0.03171033039689064,0.5276421904563904,0.3705826997756958,-0.0018042651936411858,0.5610983371734619,0.421261191368103,-0.007500843610614538,0.5602810382843018,0.4476253092288971,-0.016150768846273422,0.5600468516349792,0.4429103434085846,-0.014897963963449001,0.5297566652297974,0.4357064962387085,0.0018253183225169778,0.5732880234718323,0.43483686447143555,-0.029377469792962074,0.541930079460144,0.36277803778648376,-0.011950775049626827,0.5336216688156128,0.36468660831451416,-0.007293344009667635,0.5234735012054443,0.3426380157470703,0.011208776384592056,0.5680274367332458,0.37620535492897034,-0.015990113839507103,0.5595604181289673,0.38647690415382385,-0.005644666962325573,0.5449605584144592,0.47880032658576965,0.00668457942083478,0.5161428451538086,0.46700647473335266,0.05565818399190903,0.5640500783920288,0.45271700620651245,-0.01346872840076685,0.5681031942367554,0.45562732219696045,-0.01308396551758051,0.548503577709198,0.4800465404987335,0.005990775302052498,0.5500834584236145,0.48037564754486084,0.004447539336979389,0.5306624174118042,0.35760170221328735,-0.005461319349706173,0.5597748756408691,0.4504424035549164,-0.012617645785212517,0.5531407594680786,0.36577221751213074,-0.015058854594826698,0.5526861548423767,0.3581567406654358,-0.017112920060753822,0.5498688220977783,0.32723820209503174,-0.01231597550213337,0.5275639295578003,0.3521876633167267,0.0013336590491235256,0.5524336099624634,0.34449565410614014,-0.015383820049464703,0.5243422985076904,0.3653470277786255,0.002398085780441761,0.520314633846283,0.3630295693874359,0.012114946730434895,0.566356360912323,0.474299818277359,-0.011143171228468418,0.5600627660751343,0.4750174283981323,-0.007984526455402374,0.5554597973823547,0.4764024317264557,-0.003992992918938398,0.5651262998580933,0.45410478115081787,-0.011873042210936546,0.5492926836013794,0.48022812604904175,0.005184367764741182,0.5514054298400879,0.4850900173187256,0.002754808636382222,0.5508571267127991,0.4805137813091278,0.004379491321742535,0.5667149424552917,0.4513322412967682,-0.021532947197556496,0.5578673481941223,0.4793468415737152,-0.0015549622476100922,0.5620254278182983,0.4792783558368683,-0.004135121591389179,0.567113995552063,0.4798889756202698,-0.00602126307785511,0.564190149307251,0.5071636438369751,0.0041795349679887295,0.5637926459312439,0.5053445100784302,-0.002762445481494069,0.5645053386688232,0.5001727342605591,-0.004451056011021137,0.5655276775360107,0.4944499731063843,-0.0040726009756326675,0.5665594935417175,0.4901251494884491,-0.003998523112386465,0.5575125813484192,0.48579472303390503,2.129117274307646e-05,0.5560362935066223,0.48762941360473633,-0.000240735083934851,0.5542142987251282,0.4901770353317261,-0.0006084316410124302,0.5527671575546265,0.49282458424568176,0.000705561600625515,0.552006721496582,0.4682735800743103,-0.003286580787971616,0.5097934603691101,0.4262813925743103,0.05871092528104782,0.5762758851051331,0.45879584550857544,-0.018558582291007042,0.5545205473899841,0.4835081696510315,0.002691286150366068,0.5529717803001404,0.4842257797718048,0.002543812617659569,0.5694558024406433,0.4587244987487793,-0.012689405120909214,0.5610664486885071,0.454754501581192,-0.0076653435826301575,0.5688418745994568,0.4572177231311798,-0.013076242990791798,0.5544592142105103,0.4248473644256592,-0.005155991762876511,0.5441951155662537,0.428770512342453,-0.003039180999621749,0.5587956309318542,0.4458487927913666,-0.01133665069937706,0.5341530442237854,0.33254116773605347,-0.0014649871736764908,0.5377296805381775,0.34537768363952637,-0.0076692551374435425,0.5402363538742065,0.35502707958221436,-0.012109868228435516,0.5521224737167358,0.4947572648525238,0.005511914379894733,0.5671176314353943,0.3638290464878082,-0.019430557265877724,0.5671908259391785,0.34666740894317627,-0.01945887692272663,0.5663362145423889,0.3260561525821686,-0.018231526017189026,0.5370665192604065,0.40409010648727417,0.000590826733969152,0.523019015789032,0.4074212610721588,0.009612960740923882,0.562693178653717,0.4049033224582672,-0.0024015437811613083,0.52972811460495,0.3851914703845978,0.002182331634685397,0.5656052231788635,0.4167713522911072,-0.009846312925219536,0.5636295080184937,0.4457944929599762,-0.021883200854063034,0.516264021396637,0.41131043434143066,0.016561467200517654,0.5264669060707092,0.41456177830696106,0.005143176298588514,0.5336998701095581,0.41929128766059875,0.00034323945874348283,0.5450113415718079,0.4205065965652466,-0.0018187883542850614,0.5537037253379822,0.4187970459461212,-0.00327277067117393,0.560404896736145,0.4158489406108856,-0.005019553937017918,0.5741667747497559,0.4075729250907898,-0.016676057130098343,0.5164571404457092,0.42886534333229065,0.016862433403730392,0.5251805186271667,0.381774365901947,0.004523533396422863,0.5739278197288513,0.45691007375717163,-0.026150530204176903,0.5615464448928833,0.42970338463783264,-0.009155570529401302,0.5091938376426697,0.3897719085216522,0.049424298107624054,0.5655093789100647,0.412025511264801,-0.006303210277110338,0.5579865574836731,0.4456496834754944,-0.005677271168678999,0.5328425765037537,0.3938807249069214,0.004380499012768269,0.5636454224586487,0.4400767982006073,-0.020292527973651886,0.5118497610092163,0.4461599588394165,0.05868105962872505,0.5632013082504272,0.4018093943595886,-0.0015590012772008777,0.5683493614196777,0.4366302192211151,-0.025929098948836327,0.5294246673583984,0.49020954966545105,0.028044264763593674,0.5293498635292053,0.49704891443252563,0.03954595699906349,0.5107409954071045,0.42772260308265686,0.03760010376572609,0.5221709609031677,0.47839683294296265,0.03343577682971954,0.5155731439590454,0.37681859731674194,0.022724773734807968,0.5504558682441711,0.5191882848739624,0.015565459616482258,0.5742456912994385,0.4582318961620331,-0.018249087035655975,0.555825412273407,0.4345110356807709,-0.006531512830406427,0.5183700323104858,0.3946540057659149,0.016723819077014923,0.5424136519432068,0.40313324332237244,-0.0019098700722679496,0.5474234223365784,0.4048271179199219,-0.0031862768810242414,0.5500382781028748,0.4860312342643738,0.0037632097955793142,0.5173273682594299,0.444938063621521,0.020713811740279198,0.5592164993286133,0.529861569404602,0.018886946141719818,0.5444204807281494,0.5166728496551514,0.027624022215604782,0.5377627611160278,0.5085350871086121,0.032707296311855316,0.5838003754615784,0.34922289848327637,-0.02031577378511429,0.5696059465408325,0.5325765013694763,0.017831377685070038,0.5527507662773132,0.4047122299671173,-0.0033478972036391497,0.5579362511634827,0.4034522771835327,-0.00256328540854156,0.5613970756530762,0.40264275670051575,-0.0015053660608828068,0.5210404396057129,0.3784646689891815,0.009932294487953186,0.5579462647438049,0.3942534029483795,-0.0043605598621070385,0.5527173280715942,0.3909449577331543,-0.005422008223831654,0.5475407838821411,0.38986337184906006,-0.005223846063017845,0.5423973798751831,0.3905656039714813,-0.0036594790872186422,0.539106011390686,0.39218461513519287,-0.001683220500126481,0.5116380453109741,0.371279239654541,0.03769494965672493,0.5392794013023376,0.4006910026073456,-0.00012977398000657558,0.5754566788673401,0.46573400497436523,-0.012052484788000584,0.5578974485397339,0.46537619829177856,-0.006606938783079386,0.5641590356826782,0.4517492651939392,-0.015819262713193893,0.5681862235069275,0.46512001752853394,-0.011574001051485538,0.5803579688072205,0.3939591944217682,-0.015971029177308083,0.5368534326553345,0.5013219118118286,0.02454863302409649,0.5435940623283386,0.5100244283676147,0.020520271733403206,0.5591638088226318,0.5263684988021851,0.011326199397444725,0.5223610997200012,0.4841189682483673,0.04825751483440399,0.561619222164154,0.39879247546195984,-0.002732279244810343,0.5696659088134766,0.42056503891944885,-0.017294075340032578,0.5699837803840637,0.5289814472198486,0.01057436503469944,0.5512641072273254,0.5241912007331848,0.022198965772986412,0.5125468969345093,0.44569429755210876,0.03898531571030617,0.5615831613540649,0.4881330728530884,-0.0022601045202463865,0.5601169466972351,0.4913444221019745,-0.0024812952615320683,0.5585911273956299,0.49559465050697327,-0.002830125391483307,0.5574231147766113,0.5002056360244751,-0.0014017833163961768,0.5572142004966736,0.5017499923706055,0.004112458322197199,0.5531774163246155,0.4791014790534973,0.0010013048304244876,0.5518323183059692,0.47812873125076294,0.0008995948592200875,0.5507504940032959,0.47705867886543274,0.0006894762627780437,0.5474456548690796,0.47275424003601074,0.0012101569445803761,0.5248358845710754,0.4515296518802643,0.00981559231877327,0.570000171661377,0.4116111397743225,-0.01291592512279749,0.5674450397491455,0.39412227272987366,-0.005925310309976339,0.5641276836395264,0.39533481001853943,-0.0038920247461646795,0.5544256567955017,0.47983625531196594,0.0017279727617278695,0.5245858430862427,0.4691953659057617,0.02097225934267044,0.5725582838058472,0.39396265149116516,-0.012637803331017494,0.5540545582771301,0.507115364074707,0.008144366554915905,0.5787602066993713,0.42525434494018555,-0.02670721895992756,0.5739859938621521,0.41732895374298096,-0.021425718441605568,0.5791913866996765,0.4163844585418701,-0.022657742723822594,0.5651189684867859,0.43273791670799255,-0.016135895624756813,0.5705612301826477,0.5231868624687195,0.006728543899953365,0.571175754070282,0.5155047178268433,0.005624973215162754,0.5621379613876343,0.5135047435760498,0.006310740020126104,0.5433312654495239,0.48961973190307617,0.010744098573923111,0.5525082945823669,0.45095402002334595,-0.0035009386483579874,0.5481318235397339,0.49909573793411255,0.009847726672887802,0.5380182266235352,0.4477754235267639,-0.0015218979679048061,0.5463268160820007,0.45781758427619934,-0.0015719073126092553,0.5329517126083374,0.45910316705703735,0.004244453273713589,0.5601097345352173,0.5207681059837341,0.0075949267484247684,0.5616447925567627,0.43634915351867676,-0.011714266613125801,0.5386682748794556,0.49426671862602234,0.01686176471412182,0.5451384782791138,0.5039190053939819,0.015025701373815536,0.5393477082252502,0.47923898696899414,0.009369305334985256,0.5190531015396118,0.45831742882728577,0.024571456015110016,0.5320675373077393,0.4792212247848511,0.014849094673991203,0.5159255862236023,0.4624362587928772,0.038886167109012604,0.541500985622406,0.4664093852043152,0.0022115365136414766,0.5657117366790771,0.42500409483909607,-0.012915161438286304,0.5651377439498901,0.44982343912124634,-0.022857392206788063,0.5618400573730469,0.4506666362285614,-0.016424793750047684,0.5678369402885437,0.4452305734157562,-0.02694079279899597,0.5631452202796936,0.3837273418903351,-0.008500609546899796,0.5535196661949158,0.375456303358078,-0.009700076654553413,0.544826865196228,0.37300360202789307,-0.009105726145207882,0.5375649929046631,0.3742160499095917,-0.0065248156897723675,0.5324239134788513,0.37797796726226807,-0.0028280692640691996,0.5287150144577026,0.39422720670700073,0.006886381655931473,0.5102462768554688,0.4101518392562866,0.03430582210421562,0.5324431657791138,0.4080207943916321,0.003440260887145996,0.5381740927696228,0.41190531849861145,0.0004441617347765714,0.5459784269332886,0.4139179587364197,-0.0016542465891689062,0.5537156462669373,0.41333338618278503,-0.0030127849895507097,0.5599992275238037,0.4110686182975769,-0.003154766047373414,0.5643129944801331,0.4086616337299347,-0.003813085611909628,0.5091142058372498,0.4077097773551941,0.055902108550071716,0.5617668032646179,0.45228880643844604,-0.013411043211817741,0.5693416595458984,0.42849722504615784,-0.020870689302682877,0.5689151287078857,0.45128098130226135,-0.026888420805335045,0.571282148361206,0.45505937933921814,-0.024033691734075546,0.5687416195869446,0.4522292912006378,-0.02406780980527401,0.5629070997238159,0.45444655418395996,-0.011033148504793644,0.5722779631614685,0.45611104369163513,-0.025409065186977386,0.5726478099822998,0.45748698711395264,-0.018458271399140358,0.5651785731315613,0.40214255452156067,-0.00218692934140563,0.5677738189697266,0.40411296486854553,-0.005104060284793377,0.5694669485092163,0.4056778848171234,-0.008392048999667168,0.5371853709220886,0.3935367166996002,0.00047871386050246656,0.5329607725143433,0.3872324228286743,0.0006213436718098819,0.583225667476654,0.42679864168167114,-0.024571925401687622,0.6190615296363831,0.40643733739852905,0.0039713322184979916,0.5811561346054077,0.45706701278686523,-0.018421903252601624,0.6434283256530762,0.37136781215667725,0.027939938008785248,0.6027971506118774,0.41373398900032043,-0.0021041734144091606,0.6089088320732117,0.41480791568756104,-0.0012980150058865547,0.6145521998405457,0.4141272306442261,0.000536135514266789,0.6212772727012634,0.40910452604293823,0.005443593952804804,0.5975062251091003,0.41082170605659485,-0.0016388065414503217,0.6125648617744446,0.3876592218875885,-0.0054472871124744415,0.6055995225906372,0.3882305920124054,-0.005912646651268005,0.6187187433242798,0.38956063985824585,-0.0029736722353845835,0.6223616600036621,0.393241822719574,-0.00030490499921143055,0.626320481300354,0.4140353500843048,0.009097771719098091,0.5896362066268921,0.5168457627296448,0.012355714105069637,0.6208906769752502,0.4038958251476288,0.005922832991927862,0.6419627070426941,0.40767553448677063,0.034698255360126495,0.632672131061554,0.4071587026119232,0.014555364847183228,0.6042302846908569,0.44592002034187317,-0.003192450385540724,0.5810493230819702,0.47142478823661804,-0.011710681952536106,0.5797157287597656,0.47889700531959534,-0.008591275662183762,0.5878055691719055,0.47454634308815,-0.00795718189328909,0.5919898748397827,0.4776495695114136,-0.003236863063648343,0.5851565599441528,0.47958189249038696,-0.006175354588776827,0.5891651511192322,0.48069193959236145,-0.0018847411265596747,0.5968728065490723,0.4921284019947052,0.00840951781719923,0.5813300609588623,0.453982949256897,-0.029022937640547752,0.5826541781425476,0.44628626108169556,-0.03143424913287163,0.6321595311164856,0.3829115033149719,0.0013571381568908691,0.5944272875785828,0.4249162971973419,-0.00641704723238945,0.5925886631011963,0.45097583532333374,-0.015111296437680721,0.5932022333145142,0.44639310240745544,-0.01384937297552824,0.6213266253471375,0.4456625282764435,0.00457000220194459,0.5830596089363098,0.4358253479003906,-0.029032953083515167,0.6198301911354065,0.37362509965896606,-0.009766008704900742,0.6274663805961609,0.3764783442020416,-0.004599013365805149,0.6398797035217285,0.3565623164176941,0.014846950769424438,0.5931404232978821,0.3821309208869934,-0.01525675319135189,0.5993059277534485,0.3917805850505829,-0.004320619627833366,0.6014024615287781,0.4842618405818939,0.008473210968077183,0.6243810653686523,0.47778555750846863,0.059523437172174454,0.588201642036438,0.45518621802330017,-0.012750629335641861,0.5840312838554382,0.4572732746601105,-0.012718364596366882,0.5966588854789734,0.4835529923439026,0.00750496331602335,0.5950248837471008,0.483581006526947,0.005774335935711861,0.630914568901062,0.3699316084384918,-0.0025608909782022238,0.5923064947128296,0.453797310590744,-0.01160761434584856,0.608684241771698,0.374936044216156,-0.01358782034367323,0.6100411415100098,0.3674440383911133,-0.015578717924654484,0.6191700100898743,0.33566877245903015,-0.01027886476367712,0.6357595324516296,0.36502450704574585,0.004624942317605019,0.6146447658538818,0.35209769010543823,-0.01356852613389492,0.6354889869689941,0.37852054834365845,0.005818961188197136,0.6399282217025757,0.3770614266395569,0.015849577262997627,0.5805240869522095,0.47556576132774353,-0.010801929049193859,0.5865274667739868,0.4773038625717163,-0.007291482761502266,0.590692400932312,0.4792296290397644,-0.003027579979971051,0.5868722796440125,0.45629602670669556,-0.011243334040045738,0.5958353281021118,0.4835837483406067,0.006582312751561403,0.5933607220649719,0.4879071116447449,0.00391443120315671,0.5942474603652954,0.48358964920043945,0.005677326116710901,0.5864881873130798,0.4533756375312805,-0.020814239978790283,0.5878587365150452,0.48157405853271484,-0.0006887324270792305,0.5839058756828308,0.48095569014549255,-0.003518979297950864,0.5789315104484558,0.4808434844017029,-0.005694979801774025,0.5791810750961304,0.5086929202079773,0.004493631888180971,0.579641580581665,0.5063990950584412,-0.002410400193184614,0.5795243978500366,0.5012085437774658,-0.004097410477697849,0.5791312456130981,0.4954169988632202,-0.00372732593677938,0.578599214553833,0.49096518754959106,-0.0036682337522506714,0.5876535773277283,0.48771101236343384,0.0008684713393449783,0.588872492313385,0.4896959364414215,0.0006181406206451356,0.590314507484436,0.49241960048675537,0.00031570601277053356,0.5913757681846619,0.4952108860015869,0.0017168811755254865,0.5968089699745178,0.47279787063598633,-0.001989099895581603,0.6361472010612488,0.4401375949382782,0.0629986897110939,0.5906162858009338,0.48592132329940796,0.0038006713148206472,0.5919865965843201,0.48682790994644165,0.0036527563352137804,0.5823259353637695,0.46011513471603394,-0.01232228334993124,0.5902969837188721,0.45774751901626587,-0.006886764895170927,0.5831243991851807,0.4587593972682953,-0.01271581556648016,0.6000300645828247,0.4298867881298065,-0.0037135393358767033,0.6091970801353455,0.4359467327594757,-0.001118008280172944,0.5937128663063049,0.4495360255241394,-0.010246746242046356,0.6324467658996582,0.34442204236984253,0.001484346459619701,0.6279658675193787,0.3562745451927185,-0.0050407834351062775,0.6222260594367981,0.36599451303482056,-0.009818203747272491,0.5922791361808777,0.4986886978149414,0.006685187574476004,0.5955828428268433,0.37042251229286194,-0.018637919798493385,0.6003331542015076,0.35070115327835083,-0.01850302331149578,0.603947639465332,0.33062347769737244,-0.017204098403453827,0.6188586950302124,0.4124520719051361,0.003177989274263382,0.6323695778846741,0.42007705569267273,0.01297044288367033,0.5940633416175842,0.4082203507423401,-0.0012214001035317779,0.6279101967811584,0.3962072730064392,0.005225997418165207,0.5910338163375854,0.41954728960990906,-0.008971714414656162,0.5901777744293213,0.448563814163208,-0.02103651873767376,0.6360910534858704,0.4246625304222107,0.02039226144552231,0.6288147568702698,0.42625856399536133,0.008302397094666958,0.6218051910400391,0.42931362986564636,0.0029680675361305475,0.6107887625694275,0.42779189348220825,0.0001591373875271529,0.6024898886680603,0.4238966405391693,-0.001784240361303091,0.5962774753570557,0.41945791244506836,-0.003889871295541525,0.5847280621528625,0.4087364673614502,-0.01630399003624916,0.6332901120185852,0.4416208267211914,0.02062513865530491,0.6326128244400024,0.3942090570926666,0.007877646945416927,0.5791858434677124,0.45741984248161316,-0.02595639042556286,0.593009889125824,0.43311652541160583,-0.008090677671134472,0.6430100798606873,0.4049822986125946,0.05384129658341408,0.5917721390724182,0.41458311676979065,-0.005416127387434244,0.5941156148910522,0.4494767189025879,-0.0045915753580629826,0.623627781867981,0.4037267863750458,0.0072885374538600445,0.5906481742858887,0.44290903210639954,-0.019426563754677773,0.631220281124115,0.4587227702140808,0.06283558160066605,0.5936942100524902,0.40516597032546997,-0.00030124300974421203,0.5871540904045105,0.4385819435119629,-0.025323137640953064,0.6115413308143616,0.498035728931427,0.03079194575548172,0.6094999313354492,0.5043843984603882,0.04244638979434967,0.6368891596794128,0.44137856364250183,0.041737303137779236,0.6191695928573608,0.4878760278224945,0.0366823710501194,0.6413373351097107,0.39135506749153137,0.026726258918642998,0.5893633961677551,0.5227248072624207,0.016846373677253723,0.5783257484436035,0.4586479365825653,-0.01813930831849575,0.5975346565246582,0.4390398859977722,-0.005263335537165403,0.6370124220848083,0.408938467502594,0.02048795484006405,0.6139148473739624,0.4098542034626007,0.0004053167358506471,0.6089361906051636,0.4106081426143646,-0.0011648072395473719,0.594571590423584,0.48905149102211,0.005008922889828682,0.6297293901443481,0.4569009840488434,0.024308545514941216,0.5797420740127563,0.5316410064697266,0.019588176161050797,0.5945164561271667,0.5210520625114441,0.029405349865555763,0.6011430621147156,0.5141640305519104,0.03501430153846741,0.6037026047706604,0.4096088707447052,-0.0016203552950173616,0.5986372232437134,0.40751194953918457,-0.001080213813111186,0.5953413248062134,0.40624749660491943,-0.00016773342213127762,0.6362555027008057,0.39201170206069946,0.01359216496348381,0.5995786190032959,0.39936307072639465,-0.002879190258681774,0.6050261855125427,0.3976406455039978,-0.0036834462080150843,0.6103116273880005,0.39783310890197754,-0.003192168427631259,0.6151570081710815,0.3994138240814209,-0.0013551698066294193,0.6180270910263062,0.401304692029953,0.0008201791206374764,0.6444012522697449,0.3866737484931946,0.04202307015657425,0.6170335412025452,0.4082072675228119,0.0023672208189964294,0.5919219851493835,0.4688367545604706,-0.0055827912874519825,0.5884384512901306,0.4542582035064697,-0.015078043565154076,0.5826494693756104,0.4666641652584076,-0.01115760114043951,0.6036407947540283,0.5075754523277283,0.026758404448628426,0.5965332388877869,0.5148942470550537,0.02225704863667488,0.5805322527885437,0.528293788433075,0.011994775384664536,0.6168542504310608,0.4931042492389679,0.05166446045041084,0.5955697894096375,0.4026547372341156,-0.0013840575702488422,0.5873463749885559,0.4224742650985718,-0.01669718697667122,0.5876344442367554,0.5273339748382568,0.02349817007780075,0.6322264671325684,0.45824334025382996,0.04296662658452988,0.5836291313171387,0.48953986167907715,-0.0016429920215159655,0.5847012996673584,0.4928905665874481,-0.0018236738396808505,0.585728645324707,0.4972583055496216,-0.002137922216206789,0.5863460898399353,0.5019151568412781,-0.0006657320773229003,0.5865104794502258,0.5046038627624512,0.004945137072354555,0.5923627018928528,0.48197510838508606,0.0021274688187986612,0.5937613844871521,0.4813133776187897,0.00216009933501482,0.5949735641479492,0.4805085062980652,0.0020544277504086494,0.6002004146575928,0.47797641158103943,0.002835564548149705,0.6227744221687317,0.461866170167923,0.012765083461999893,0.5878533720970154,0.4135855436325073,-0.012323317117989063,0.5910136103630066,0.39734581112861633,-0.005141627509146929,0.5937028527259827,0.39899617433547974,-0.0027358122169971466,0.5910342335700989,0.4824679493904114,0.0028593996539711952,0.6196138858795166,0.4787711501121521,0.02399829402565956,0.5869997143745422,0.3965184688568115,-0.012136931531131268,0.5882842540740967,0.5103512406349182,0.009083305485546589,0.5839859843254089,0.41839665174484253,-0.02112303115427494,0.5898670554161072,0.4354263246059418,-0.01535731740295887,0.5799794793128967,0.5152027606964111,0.006748368963599205,0.6007368564605713,0.4952133893966675,0.01242146361619234,0.5984803438186646,0.45578646659851074,-0.0022170287556946278,0.5948971509933472,0.5035734176635742,0.011162403039634228,0.6122584342956543,0.455713152885437,0.0005426292191259563,0.6033259630203247,0.46381717920303345,2.6290430469089188e-05,0.614909291267395,0.4676854610443115,0.006609735544770956,0.5807532072067261,0.5227146744728088,0.008196361362934113,0.5922220349311829,0.43962526321411133,-0.010739915072917938,0.6038501858711243,0.5005179047584534,0.018873706459999084,0.596587598323822,0.5087429881095886,0.01657320000231266,0.6060422658920288,0.4858548641204834,0.011439619585871696,0.6258687376976013,0.46933990716934204,0.028026293963193893,0.6119873523712158,0.48712339997291565,0.017344411462545395,0.6266657114028931,0.4736328721046448,0.042621318250894547,0.6064026355743408,0.4731181859970093,0.00407767528668046,0.59006667137146,0.42766252160072327,-0.012057853862643242,0.5882747173309326,0.4522121548652649,-0.022069530561566353,0.5907631516456604,0.4536559581756592,-0.015553070232272148,0.58675616979599,0.4471709430217743,-0.026370856910943985,0.5963149070739746,0.38894152641296387,-0.007413060870021582,0.606706976890564,0.3832540512084961,-0.008086011745035648,0.6155005097389221,0.3826184868812561,-0.0069938418455421925,0.6223039031028748,0.38474413752555847,-0.0039768521673977375,0.6265230178833008,0.38902825117111206,4.3752053898060694e-05,0.627604067325592,0.40517184138298035,0.009997854009270668,0.6402308940887451,0.4246046543121338,0.03857147693634033,0.6232926249504089,0.41803592443466187,0.00625524390488863,0.6177228689193726,0.420454204082489,0.002877155551686883,0.6100109815597534,0.420524001121521,0.00033181681646965444,0.602436900138855,0.41821980476379395,-0.0014610758516937494,0.596495509147644,0.41475361585617065,-0.00197714869864285,0.5925630331039429,0.41148704290390015,-0.002845237497240305,0.6398811340332031,0.42237815260887146,0.06024448573589325,0.5902959704399109,0.4551789462566376,-0.01255481131374836,0.5869324207305908,0.43036842346191406,-0.020277151837944984,0.5848747491836548,0.4528597593307495,-0.02638053521513939,0.5817734599113464,0.4561006426811218,-0.023728780448436737,0.5846330523490906,0.453840970993042,-0.02355150878429413,0.5887852311134338,0.4570470452308655,-0.010331235826015472,0.5808072686195374,0.45694592595100403,-0.025161195546388626,0.5799095034599304,0.4581862986087799,-0.018266458064317703,0.5919406414031982,0.4051705300807953,-0.0011272740084677935,0.5896695852279663,0.40647852420806885,-0.004322071559727192,0.5885496139526367,0.4076630473136902,-0.007771042641252279,0.6196458339691162,0.4026787579059601,0.003088281024247408,0.6243877410888672,0.3975205719470978,0.003400167217478156,0.5488941669464111,0.39690926671028137,-0.0020165147725492716,0.5551458597183228,0.3978167176246643,-0.0020165147725492716,0.5496772527694702,0.3893180787563324,-0.0020165147725492716,0.5425506234169006,0.3959100842475891,-0.0020165147725492716,0.548095166683197,0.40440070629119873,-0.0020165147725492716,0.6071786284446716,0.40258681774139404,-1.582640834385529e-05,0.6128798723220825,0.4030325412750244,-1.582640834385529e-05,0.6074317097663879,0.39529556035995483,-1.582640834385529e-05,0.6015852093696594,0.4020744860172272,-1.582640834385529e-05,0.6069550514221191,0.4098978638648987,-1.582640834385529e-05
200.00000000000003,0.5734453797340393,0.4729205071926117,-0.012811758555471897,0.5770401954650879,0.4540376365184784,-0.029734546318650246,0.5759223103523254,0.4602927565574646,-0.014216415584087372,0.5740072131156921,0.4259454011917114,-0.024915480986237526,0.5777008533477783,0.44599050283432007,-0.032350704073905945,0.5783480405807495,0.434783935546875,-0.03102303110063076,0.5797589421272278,0.4065036475658417,-0.01863943226635456,0.5374578833580017,0.3986703157424927,0.001588669023476541,0.58140629529953,0.3819935619831085,-0.01691686175763607,0.5823829770088196,0.3699904680252075,-0.019474253058433533,0.5854463577270508,0.32778069376945496,-0.018676381558179855,0.5732163786888123,0.475969523191452,-0.01186751015484333,0.5729812383651733,0.4790748953819275,-0.009772559627890587,0.5728425979614258,0.4810364246368408,-0.006698224693536758,0.572287380695343,0.49196261167526245,-0.004750807769596577,0.5720624923706055,0.49669376015663147,-0.004807027988135815,0.5717563629150391,0.5022752285003662,-0.005163040943443775,0.5714696049690247,0.5073722004890442,-0.0031451554968953133,0.5717537999153137,0.5089583992958069,0.003859032643958926,0.5765983462333679,0.4576663374900818,-0.026500361040234566,0.5715485215187073,0.45630747079849243,-0.01882004551589489,0.5160060524940491,0.3565588593482971,0.024391233921051025,0.5537101030349731,0.4092770218849182,-0.0036153991241008043,0.547459602355957,0.4093630909919739,-0.003156917402520776,0.5418022274971008,0.4073985815048218,-0.0016033460851758718,0.5349231362342834,0.40025657415390015,0.002926003187894821,0.5592334270477295,0.40724998712539673,-0.002773663029074669,0.5468912124633789,0.37907347083091736,-0.007307976484298706,0.5538743138313293,0.3813287913799286,-0.007331598084419966,0.5402331352233887,0.3798953592777252,-0.0051572551019489765,0.5357824563980103,0.3832108974456787,-0.002667427761480212,0.5297679305076599,0.40356799960136414,0.00630809785798192,0.5515400171279907,0.5134121775627136,0.010838690213859081,0.535758912563324,0.3952151834964752,0.0034362387377768755,0.511519193649292,0.39314937591552734,0.03085782565176487,0.5236067771911621,0.3945330083370209,0.011436433531343937,0.5479519963264465,0.440046489238739,-0.004794114734977484,0.5661696195602417,0.47034507989883423,-0.01228268537670374,0.5664023160934448,0.4779580533504486,-0.009120434522628784,0.5588638782501221,0.47212544083595276,-0.008912473917007446,0.5540227293968201,0.4744527339935303,-0.004510764963924885,0.5607509016990662,0.4776512086391449,-0.0070009781047701836,0.5564404129981995,0.47811418771743774,-0.002966309431940317,0.5483083724975586,0.48764848709106445,0.006779278162866831,0.57262122631073,0.4532620310783386,-0.02938832901418209,0.5725081562995911,0.44538936018943787,-0.03181012347340584,0.5276179313659668,0.37034547328948975,-0.0014604938914999366,0.5610891580581665,0.4214988052845001,-0.0074166785925626755,0.5602455139160156,0.447812020778656,-0.01622144691646099,0.5600115656852722,0.4431009590625763,-0.014950171113014221,0.5296857357025146,0.43593135476112366,0.0019131533335894346,0.5733064413070679,0.43497398495674133,-0.029428839683532715,0.5418247580528259,0.3626677691936493,-0.011630875058472157,0.5335544943809509,0.364494264125824,-0.006945188622921705,0.5233095288276672,0.34274834394454956,0.01174317765980959,0.5679842233657837,0.37622079253196716,-0.015745701268315315,0.5596306324005127,0.38668277859687805,-0.0054383608512580395,0.5448855757713318,0.479025274515152,0.006514772307127714,0.5163863897323608,0.46719151735305786,0.055708304047584534,0.5640208125114441,0.452912300825119,-0.013563985005021095,0.5680866241455078,0.45583483576774597,-0.013184922747313976,0.5481441617012024,0.47987234592437744,0.005819010082632303,0.5497136116027832,0.48022788763046265,0.00426992354914546,0.5305609703063965,0.35718393325805664,-0.005083211697638035,0.5597365498542786,0.45064085721969604,-0.0126920435577631,0.5530169010162354,0.36573877930641174,-0.014779078774154186,0.5525441765785217,0.35801464319229126,-0.01680801622569561,0.5498086810112,0.32721179723739624,-0.011823139153420925,0.5274137854576111,0.352231502532959,0.0017844997346401215,0.5523782968521118,0.344435453414917,-0.014983572997152805,0.5242685079574585,0.3648822605609894,0.0027812588959932327,0.5201634168624878,0.3631502389907837,0.012568581849336624,0.5661072134971619,0.4744977056980133,-0.011350653134286404,0.5597545504570007,0.4750708043575287,-0.008175306022167206,0.5551250576972961,0.4763357937335968,-0.004171670414507389,0.5651019215583801,0.45430874824523926,-0.011954993940889835,0.5489268898963928,0.480066180229187,0.005012667737901211,0.551037609577179,0.48512494564056396,0.002546059899032116,0.55047208070755,0.48037993907928467,0.004203111864626408,0.5666925311088562,0.4515078663825989,-0.021625321358442307,0.5575447678565979,0.47927847504615784,-0.0017390998546034098,0.5617485642433167,0.479306161403656,-0.00433256383985281,0.5669119358062744,0.48000627756118774,-0.006233213469386101,0.564152717590332,0.5073822736740112,0.003842130536213517,0.5635854005813599,0.5054711103439331,-0.0030796739738434553,0.5642670392990112,0.5004105567932129,-0.004748674109578133,0.5652662515640259,0.49484512209892273,-0.004349545110017061,0.5662858486175537,0.49064916372299194,-0.004253218416124582,0.5571464896202087,0.48609304428100586,-0.00019428468658588827,0.5556862950325012,0.4878636300563812,-0.0004730269720312208,0.5538762807846069,0.4903460144996643,-0.00085883226711303,0.5524556040763855,0.4929317235946655,0.0004512300656642765,0.5519168972969055,0.46848320960998535,-0.0034121244680136442,0.5099233984947205,0.42657676339149475,0.058986641466617584,0.5762860178947449,0.4589863717556,-0.01868443936109543,0.5541452765464783,0.48364174365997314,0.0024990744423121214,0.5525932908058167,0.4843065142631531,0.002340358216315508,0.5694423913955688,0.45893561840057373,-0.012816163711249828,0.5610342025756836,0.4549652934074402,-0.007752765901386738,0.5688287019729614,0.4574284255504608,-0.01318659819662571,0.554414689540863,0.4250892698764801,-0.0050765215419232845,0.5441247820854187,0.4290042817592621,-0.0029472827445715666,0.5587553977966309,0.44605037569999695,-0.01139240711927414,0.53402179479599,0.33257704973220825,-0.0009448344353586435,0.537605345249176,0.3453524112701416,-0.007241903804242611,0.5400860905647278,0.3547469973564148,-0.011764254420995712,0.5520694851875305,0.4949795603752136,0.005255670286715031,0.5670314431190491,0.36378440260887146,-0.019150542095303535,0.5672093629837036,0.3466089963912964,-0.01908450573682785,0.5663578510284424,0.3260005712509155,-0.017768116667866707,0.5372743010520935,0.4044841229915619,0.0008038736414164305,0.5232467651367188,0.40760326385498047,0.009855161421000957,0.5629388689994812,0.4051797091960907,-0.0022251501213759184,0.5298089385032654,0.38527458906173706,0.0024767762515693903,0.5656203031539917,0.4169938266277313,-0.009753097780048847,0.5636062622070312,0.4459620416164398,-0.021960735321044922,0.5162423849105835,0.411566823720932,0.016815176233649254,0.5267306566238403,0.4149252474308014,0.0053318259306252,0.533960223197937,0.41976624727249146,0.0004868198884651065,0.5452726483345032,0.420954167842865,-0.0016916565364226699,0.5539725422859192,0.41918209195137024,-0.0031547739636152983,0.5606370568275452,0.416218101978302,-0.004897705279290676,0.5742239952087402,0.40773069858551025,-0.01655433140695095,0.5164635181427002,0.4291027784347534,0.017038043588399887,0.5252529382705688,0.3816564381122589,0.004850445780903101,0.5739315152168274,0.45708540081977844,-0.026279976591467857,0.5615336894989014,0.42992404103279114,-0.009127396158874035,0.5091583728790283,0.39006051421165466,0.04986673593521118,0.5657082200050354,0.4124320149421692,-0.006167776882648468,0.5579451322555542,0.44586390256881714,-0.005718807689845562,0.5329683423042297,0.39409637451171875,0.004646698012948036,0.563628077507019,0.4402487576007843,-0.02034590020775795,0.5120435953140259,0.446421355009079,0.05884864181280136,0.563369631767273,0.4020739793777466,-0.001365810981951654,0.5683518052101135,0.4367859959602356,-0.025980981066823006,0.5296427607536316,0.4902929663658142,0.027892084792256355,0.5296494960784912,0.4970921277999878,0.0393725149333477,0.5108385682106018,0.42797765135765076,0.037837348878383636,0.5223893523216248,0.47851380705833435,0.03337886184453964,0.5154659152030945,0.37702691555023193,0.023154325783252716,0.550545334815979,0.5192533135414124,0.015194651670753956,0.574249267578125,0.4584195613861084,-0.018373075872659683,0.5557835698127747,0.4347328841686249,-0.006518266629427671,0.5185431241989136,0.39444318413734436,0.017051098868250847,0.5426337718963623,0.4036668837070465,-0.0017132809152826667,0.5476868152618408,0.4053347408771515,-0.003002333454787731,0.549690842628479,0.4860232472419739,0.003554688999429345,0.5173768401145935,0.44515347480773926,0.02081344835460186,0.559285044670105,0.5299171805381775,0.01840764470398426,0.5446310639381409,0.5166887044906616,0.027277564629912376,0.5380353927612305,0.5085510015487671,0.03243989869952202,0.5839079022407532,0.34916624426841736,-0.019957086071372032,0.5696192979812622,0.5326612591743469,0.01733241230249405,0.5530187487602234,0.40513673424720764,-0.0031645612325519323,0.5581981539726257,0.403781920671463,-0.0023762069176882505,0.5616233944892883,0.4029071033000946,-0.001310423482209444,0.5210834741592407,0.37810730934143066,0.010297248139977455,0.5580599308013916,0.39451226592063904,-0.004169062711298466,0.5527839660644531,0.39124900102615356,-0.005215969402343035,0.5475810170173645,0.3902376592159271,-0.0050119939260184765,0.5424484014511108,0.3909700810909271,-0.003437282983213663,0.5391775965690613,0.39257657527923584,-0.0014526530867442489,0.5115145444869995,0.3715304434299469,0.0381934829056263,0.539462685585022,0.4011921286582947,8.503583376295865e-05,0.5754450559616089,0.4659481644630432,-0.012212269939482212,0.5578217506408691,0.465581476688385,-0.006731518544256687,0.5641275644302368,0.4519360661506653,-0.015897084027528763,0.5681493878364563,0.4653307795524597,-0.011728271842002869,0.5804474949836731,0.39403390884399414,-0.015797913074493408,0.5370408892631531,0.5013960003852844,0.02431063912808895,0.5437595844268799,0.5100724697113037,0.020211845636367798,0.5591915845870972,0.5264683365821838,0.010899152606725693,0.5226429104804993,0.48422420024871826,0.048194222152233124,0.5617668032646179,0.39906027913093567,-0.002533978782594204,0.5696914792060852,0.4207458794116974,-0.017241381108760834,0.5699859261512756,0.5290982127189636,0.010126796551048756,0.5514003038406372,0.5242219567298889,0.021775217726826668,0.5127053260803223,0.44591662287712097,0.03913348913192749,0.5612518191337585,0.4885726571083069,-0.002495634602382779,0.5598024725914001,0.4916858673095703,-0.0027364520356059074,0.558298647403717,0.49583545327186584,-0.003104746574535966,0.5571631193161011,0.5003510117530823,-0.001689814729616046,0.5571703910827637,0.5019683241844177,0.003815552219748497,0.5527940392494202,0.47896531224250793,0.000827619805932045,0.5514621138572693,0.477985680103302,0.0007307255291379988,0.5503941178321838,0.4769097566604614,0.0005230893148109317,0.5473566055297852,0.47297000885009766,0.0010728639317676425,0.5248252153396606,0.4517363905906677,0.00983923114836216,0.5700374245643616,0.41180354356765747,-0.012808420695364475,0.5675581693649292,0.3943132162094116,-0.005733270198106766,0.5642553567886353,0.3955588936805725,-0.003681799164041877,0.5540378093719482,0.4797057509422302,0.0015530328964814544,0.5246723890304565,0.4693620204925537,0.02092498354613781,0.5726794004440308,0.39419662952423096,-0.012462927028536797,0.5540539026260376,0.5072910189628601,0.007818370126187801,0.5788090825080872,0.42539623379707336,-0.026710061356425285,0.5740299224853516,0.41748717427253723,-0.02136126719415188,0.5792527198791504,0.41653352975845337,-0.02259743958711624,0.5651119351387024,0.4329298436641693,-0.016140064224600792,0.5705522894859314,0.5233548283576965,0.006302924361079931,0.5711618065834045,0.515709400177002,0.005232030525803566,0.562116801738739,0.5137007236480713,0.005931194871664047,0.5433358550071716,0.4898197650909424,0.010525940917432308,0.5524446368217468,0.45117664337158203,-0.0035527923610061407,0.5481415390968323,0.49927687644958496,0.009571431204676628,0.5379505753517151,0.44799119234085083,-0.0015421409625560045,0.5462497472763062,0.4580421447753906,-0.0016452160198241472,0.5329073071479797,0.4593111574649811,0.004184618592262268,0.5600988864898682,0.5209284424781799,0.007186721544712782,0.5616229772567749,0.4365536868572235,-0.011727582663297653,0.5387520790100098,0.4944082200527191,0.016635598614811897,0.5452208518981934,0.5040336847305298,0.014729966409504414,0.5393308997154236,0.4794420003890991,0.00920880027115345,0.5191444158554077,0.45850682258605957,0.024600882083177567,0.5321328043937683,0.4793774485588074,0.01471648458391428,0.5161236524581909,0.46261024475097656,0.03894231468439102,0.5414339900016785,0.46662819385528564,0.0021105175837874413,0.5657186508178711,0.42520853877067566,-0.012873807922005653,0.5651111006736755,0.449992835521698,-0.022946566343307495,0.5618056058883667,0.4508540630340576,-0.016508959233760834,0.5678281784057617,0.4453815221786499,-0.02702457271516323,0.5631785988807678,0.3838573098182678,-0.008285013027489185,0.5535073280334473,0.3755972981452942,-0.009452995844185352,0.5448065996170044,0.3731485903263092,-0.008839108981192112,0.5375545620918274,0.3743365406990051,-0.006240248680114746,0.5324467420578003,0.3780737519264221,-0.0025280830450356007,0.5288713574409485,0.39431577920913696,0.00716904504224658,0.5102826952934265,0.41042184829711914,0.034617602825164795,0.5326828956604004,0.40837132930755615,0.0036469243932515383,0.538424551486969,0.4123299717903137,0.0006244586547836661,0.5462598204612732,0.41432851552963257,-0.0014977542450651526,0.5540044903755188,0.4136795997619629,-0.002877715276554227,0.5602588057518005,0.4113692343235016,-0.00300045358017087,0.5645350813865662,0.40896421670913696,-0.0036617571022361517,0.5091722011566162,0.4080120325088501,0.05627313256263733,0.5617332458496094,0.4524844288825989,-0.01349392719566822,0.5693539977073669,0.4286641478538513,-0.020869487896561623,0.5689033269882202,0.45144152641296387,-0.026994647458195686,0.5712793469429016,0.4552401900291443,-0.0241523627191782,0.5687271356582642,0.45239976048469543,-0.02417084015905857,0.562880277633667,0.4546535015106201,-0.011121261864900589,0.5722760558128357,0.45628622174263,-0.025534220039844513,0.5726475715637207,0.45767679810523987,-0.018575843423604965,0.5653629899024963,0.40241533517837524,-0.0020001200027763844,0.5679526925086975,0.4044022560119629,-0.004937856458127499,0.5696362257003784,0.4060675799846649,-0.008240549825131893,0.5372710227966309,0.39390620589256287,0.0007218736573122442,0.5330394506454468,0.38746747374534607,0.0008787447586655617,0.5832949876785278,0.4269537627696991,-0.024576842784881592,0.6192687749862671,0.40630823373794556,0.004141632933169603,0.581184983253479,0.4572678506374359,-0.018542006611824036,0.6437220573425293,0.37154707312583923,0.028404157608747482,0.6030471324920654,0.4137569069862366,-0.001990556251257658,0.6091523170471191,0.41479068994522095,-0.0011780266650021076,0.6147947311401367,0.4140922427177429,0.0006719230441376567,0.6214905381202698,0.4090111255645752,0.005611460655927658,0.5977639555931091,0.41087669134140015,-0.0015062412712723017,0.6127409934997559,0.3876449167728424,-0.005270132329314947,0.6057904958724976,0.38825976848602295,-0.0057316129095852375,0.6188950538635254,0.38949936628341675,-0.0027841529808938503,0.6225376129150391,0.3931543529033661,-0.00011060696851927787,0.626551628112793,0.4140394628047943,0.009261149913072586,0.5896791219711304,0.5170730948448181,0.011972019448876381,0.6210861802101135,0.40376874804496765,0.006115596741437912,0.6421499848365784,0.4079466760158539,0.034963518381118774,0.6328648328781128,0.40722495317459106,0.014773351140320301,0.6043921709060669,0.4462113678455353,-0.0032338097225874662,0.5810083150863647,0.471721351146698,-0.011925328522920609,0.5797227621078491,0.4790503978729248,-0.008814886212348938,0.5878868103027344,0.4746764004230499,-0.008174706250429153,0.5921542644500732,0.4776369631290436,-0.0034567771945148706,0.5852811932563782,0.47963574528694153,-0.006400254089385271,0.589361310005188,0.4806634485721588,-0.002108355052769184,0.5969741344451904,0.4925052225589752,0.008138347417116165,0.5813645720481873,0.45414698123931885,-0.029148632660508156,0.582698404788971,0.4464341998100281,-0.03154001757502556,0.6322870850563049,0.38291066884994507,0.0016346242045983672,0.5945647358894348,0.4251822233200073,-0.006358010694384575,0.59269118309021,0.45122289657592773,-0.015206214971840382,0.5933148860931396,0.4466431438922882,-0.013926813378930092,0.6215378046035767,0.4459677040576935,0.0045771850273013115,0.5831150412559509,0.43597084283828735,-0.029091428965330124,0.6199599504470825,0.3735933303833008,-0.009486800990998745,0.6275912523269653,0.3764514923095703,-0.004301275592297316,0.6401879787445068,0.3566628098487854,0.015334666706621647,0.5932729244232178,0.38216066360473633,-0.01502801850438118,0.5995103120803833,0.391836017370224,-0.004148887004703283,0.6015244126319885,0.4846450984477997,0.008236554451286793,0.6244320273399353,0.47810813784599304,0.05949581414461136,0.5882866978645325,0.4554312527179718,-0.012852205894887447,0.5840864777565002,0.4575120210647583,-0.012822738848626614,0.5969059467315674,0.4834035634994507,0.0072715384885668755,0.5952627062797546,0.4834609627723694,0.005537217017263174,0.6310096979141235,0.3699338436126709,-0.0022361883893609047,0.5924118161201477,0.45406845211982727,-0.011708344332873821,0.6088188290596008,0.37491893768310547,-0.013332589529454708,0.6101662516593933,0.3674181401729584,-0.015299654565751553,0.6194137930870056,0.33564773201942444,-0.009816308505833149,0.6360615491867065,0.3650665283203125,0.005010158289223909,0.6148799657821655,0.3520515263080597,-0.01319966185837984,0.6355768442153931,0.37856021523475647,0.006128661800175905,0.6402238011360168,0.3771788775920868,0.016212785616517067,0.5805037617683411,0.47577032446861267,-0.011025178246200085,0.5866274833679199,0.47738438844680786,-0.007515437435358763,0.5908684730529785,0.47920435667037964,-0.003251990769058466,0.5869494676589966,0.45654770731925964,-0.011337213218212128,0.5960790514945984,0.4834478497505188,0.00635047722607851,0.5935274958610535,0.48796331882476807,0.003646325087174773,0.5944812893867493,0.4834859371185303,0.005441104061901569,0.5865585207939148,0.4535819888114929,-0.020920859649777412,0.5880735516548157,0.48153620958328247,-0.0009169604163616896,0.5840422511100769,0.48099350929260254,-0.003748416667804122,0.5789551734924316,0.48096299171447754,-0.0059251259081065655,0.5791975855827332,0.5089378952980042,0.004142638295888901,0.57954341173172,0.5065488815307617,-0.0027478812262415886,0.5794110298156738,0.5014544725418091,-0.0044152699410915375,0.5790153741836548,0.49580246210098267,-0.004023850429803133,0.5784942507743835,0.49146783351898193,-0.003941910807043314,0.587753176689148,0.4879985451698303,0.0006110724643804133,0.5889536142349243,0.4899297058582306,0.00033951757359318435,0.5903887152671814,0.49261152744293213,1.2570912076625973e-05,0.5914464592933655,0.4953617453575134,0.0014083932619541883,0.5969257950782776,0.47312191128730774,-0.0021702798549085855,0.6362463235855103,0.44046881794929504,0.06318742781877518,0.5907896161079407,0.4860594570636749,0.003554311580955982,0.592153012752533,0.4869166910648346,0.003391523379832506,0.582368791103363,0.4603538513183594,-0.012458259239792824,0.5903905034065247,0.45803171396255493,-0.006996160838752985,0.5831736922264099,0.45899835228919983,-0.012829679995775223,0.6001937985420227,0.4301711916923523,-0.0036717886105179787,0.6093896627426147,0.43623730540275574,-0.0010800593299791217,0.5938289761543274,0.4498085677623749,-0.010329251177608967,0.6327371001243591,0.3444559574127197,0.0019650389440357685,0.628248929977417,0.3562583029270172,-0.004662938416004181,0.6223362684249878,0.3659648001194,-0.009515384212136269,0.5923617482185364,0.4990141689777374,0.006375506520271301,0.5956953763961792,0.3704090118408203,-0.018374064937233925,0.6005127429962158,0.35064902901649475,-0.018143881112337112,0.6041349172592163,0.33057355880737305,-0.016752125695347786,0.619092583656311,0.41238290071487427,0.003331986954435706,0.6326026916503906,0.42013540863990784,0.013122204691171646,0.5943298935890198,0.4082816541194916,-0.001078830100595951,0.6280845999717712,0.3961712419986725,0.005452428478747606,0.5911583304405212,0.4197893440723419,-0.008898213505744934,0.590265154838562,0.44877150654792786,-0.021130910143256187,0.6362829804420471,0.42495402693748474,0.020538536831736565,0.6290838718414307,0.42632102966308594,0.008406485430896282,0.6220974922180176,0.42940396070480347,0.003036792390048504,0.6110759377479553,0.4278969168663025,0.00023000950750429183,0.602756142616272,0.42399823665618896,-0.0017116550588980317,0.5965177416801453,0.4195515215396881,-0.003796575590968132,0.5848232507705688,0.40890073776245117,-0.0161900632083416,0.6334726214408875,0.44192686676979065,0.020693210884928703,0.632766604423523,0.394236296415329,0.008128637447953224,0.5792090892791748,0.4576014578342438,-0.02608913742005825,0.5931304097175598,0.43337491154670715,-0.008086071349680424,0.6431905031204224,0.40526697039604187,0.0541955791413784,0.592000424861908,0.4146561324596405,-0.005303582642227411,0.5942361354827881,0.4497666656970978,-0.00467041926458478,0.6238160729408264,0.40362387895584106,0.007487735711038113,0.590744137763977,0.4431226849555969,-0.019497070461511612,0.6312847137451172,0.459054172039032,0.06293019652366638,0.593959629535675,0.40522128343582153,-0.00014381164510268718,0.5872306823730469,0.43875786662101746,-0.025387272238731384,0.6115953326225281,0.4983154237270355,0.03056599758565426,0.6095181703567505,0.504661500453949,0.04222279042005539,0.637015700340271,0.44168490171432495,0.04185691103339195,0.6192457675933838,0.4881744086742401,0.03653774783015251,0.6415848135948181,0.39156511425971985,0.02705458365380764,0.589383065700531,0.5228978395462036,0.016440371051430702,0.5783438682556152,0.4588417112827301,-0.01826474629342556,0.5976735353469849,0.43931978940963745,-0.005280607845634222,0.6371911764144897,0.4090613126754761,0.02071775682270527,0.6141433119773865,0.4097568392753601,0.000545760674867779,0.6091726422309875,0.41054537892341614,-0.0010328678181394935,0.5947386026382446,0.4890766143798828,0.004742509685456753,0.629892110824585,0.4572209417819977,0.02430182322859764,0.5797415375709534,0.531761109828949,0.019099067896604538,0.5945073962211609,0.5212458372116089,0.029033787548542023,0.6011366844177246,0.5143976211547852,0.03471086919307709,0.6039527058601379,0.40959206223487854,-0.0014838360948488116,0.5989022850990295,0.40754345059394836,-0.0009354869253002107,0.5956131219863892,0.40629979968070984,-1.0045773706224281e-05,0.6363739371299744,0.39209356904029846,0.01386646181344986,0.5998014211654663,0.3994433581829071,-0.002714850241318345,0.6052201986312866,0.3977063000202179,-0.0035130507312715054,0.6104946136474609,0.39785122871398926,-0.00301793753169477,0.6153351068496704,0.3993763327598572,-0.0011770183918997645,0.6182116866111755,0.40122202038764954,0.000994603498838842,0.6446476578712463,0.38691920042037964,0.04244765639305115,0.6172505617141724,0.4080852270126343,0.0025245207361876965,0.5920186042785645,0.4691317677497864,-0.005746424198150635,0.5885247588157654,0.45449298620224,-0.015172895975410938,0.582679033279419,0.4669092297554016,-0.01132513303309679,0.6036713123321533,0.5078262090682983,0.026462892070412636,0.5965570211410522,0.5151053071022034,0.021901478990912437,0.5805429220199585,0.5284438729286194,0.0115508409217,0.6168911457061768,0.49340733885765076,0.051541734486818314,0.5958241820335388,0.40271785855293274,-0.0012188388500362635,0.5874466300010681,0.4226701259613037,-0.016657831147313118,0.5876299738883972,0.5274887084960938,0.0230563934892416,0.6323275566101074,0.4585563838481903,0.043006327003240585,0.5836313366889954,0.4899565279483795,-0.0019101205980405211,0.5846858620643616,0.493222177028656,-0.002114634495228529,0.5857076048851013,0.4975143074989319,-0.0024558105506002903,0.5863223075866699,0.5020989179611206,-0.0009981377515941858,0.5865633487701416,0.5048866271972656,0.004609426949173212,0.5926021337509155,0.4818890392780304,0.0019084431696683168,0.5939906239509583,0.48121583461761475,0.0019401235040277243,0.5951940417289734,0.48040851950645447,0.001835435046814382,0.600324273109436,0.47833073139190674,0.0026336899027228355,0.622955322265625,0.46218860149383545,0.012708382681012154,0.587963342666626,0.4137897789478302,-0.012226907536387444,0.5912100076675415,0.3973867893218994,-0.004964355379343033,0.59392911195755,0.3990460932254791,-0.0025608984287828207,0.5912833213806152,0.4823870062828064,0.002629706636071205,0.6197434663772583,0.4790930449962616,0.023870300501585007,0.5871692299842834,0.3965499699115753,-0.011973409913480282,0.588335394859314,0.5106163024902344,0.008721718564629555,0.5840684175491333,0.4185616374015808,-0.02106676809489727,0.5899708271026611,0.4356483221054077,-0.015378134325146675,0.5800012946128845,0.5154380798339844,0.0063560884445905685,0.6008199453353882,0.4955528974533081,0.012142317369580269,0.5986142158508301,0.4560934901237488,-0.0023089186288416386,0.5949647426605225,0.5038781762123108,0.010834978893399239,0.6124387383460999,0.45601847767829895,0.0004673463699873537,0.6034725904464722,0.46413755416870117,-9.980291360989213e-05,0.6150818467140198,0.46801185607910156,0.006479956675320864,0.5807721018791199,0.522918164730072,0.00777391204610467,0.5923386812210083,0.4398776590824127,-0.010776068083941936,0.6039186120033264,0.5008105635643005,0.018591107800602913,0.5966393947601318,0.5089987516403198,0.01622997224330902,0.6061573624610901,0.48620662093162537,0.011212147772312164,0.626008927822113,0.46966373920440674,0.027961676940321922,0.6121013760566711,0.48744380474090576,0.017140600830316544,0.626752495765686,0.47394242882728577,0.04257260262966156,0.6065477728843689,0.4734593629837036,0.003914978820830584,0.590177595615387,0.42789211869239807,-0.012035091407597065,0.5883520841598511,0.4524160921573639,-0.022173576056957245,0.5908563733100891,0.45389774441719055,-0.015656430274248123,0.586822509765625,0.4473429024219513,-0.02645701915025711,0.5964949727058411,0.38896608352661133,-0.007213303353637457,0.606873095035553,0.3832401931285858,-0.007862736470997334,0.6156622767448425,0.3825567364692688,-0.006768370512872934,0.622469961643219,0.3846651613712311,-0.003741791006177664,0.6266880631446838,0.3889596164226532,0.0002849132870323956,0.6277971267700195,0.4051581919193268,0.01020736526697874,0.6403865814208984,0.42489850521087646,0.03876249119639397,0.6235429644584656,0.41803956031799316,0.006386533845216036,0.617986798286438,0.4204961359500885,0.002993603702634573,0.6102729439735413,0.4205772578716278,0.00043679054942913353,0.6026868224143982,0.4182892441749573,-0.0013694665394723415,0.596737265586853,0.4148360788822174,-0.0018589894752949476,0.5927948951721191,0.4115647077560425,-0.0027258724439889193,0.6400197148323059,0.4226895868778229,0.060525309294462204,0.5903888940811157,0.45543694496154785,-0.012658054940402508,0.5870221853256226,0.43055301904678345,-0.0202887412160635,0.5849306583404541,0.4530399441719055,-0.02649499475955963,0.5818076729774475,0.4562934935092926,-0.02385125681757927,0.5846896171569824,0.4540345370769501,-0.023663923144340515,0.5888717174530029,0.45731598138809204,-0.010437091812491417,0.5808382630348206,0.45713162422180176,-0.02529132179915905,0.5799340605735779,0.4583868980407715,-0.01838880404829979,0.5921974182128906,0.4052237868309021,-0.0009745780262164772,0.5898878574371338,0.4065406322479248,-0.0041814930737018585,0.5887584686279297,0.4077104926109314,-0.007634988985955715,0.6198382377624512,0.40257132053375244,0.0032728412188589573,0.624569296836853,0.3974265456199646,0.003599658841267228,0.5489135384559631,0.396986186504364,-0.001807608874514699,0.5551077723503113,0.39783114194869995,-0.001807608874514699,0.5496575236320496,0.3892415761947632,-0.001807608874514699,0.542611300945282,0.3960634171962738,-0.001807608874514699,0.5481517314910889,0.4046529233455658,-0.001807608874514699,0.6071951985359192,0.4026305377483368,0.00014670075324829668,0.6129316687583923,0.40305620431900024,0.00014670075324829668,0.6074215769767761,0.3952634036540985,0.00014670075324829668,0.6015665531158447,0.402143269777298,0.00014670075324829668,0.6070011854171753,0.41000896692276,0.00014670075324829668
233.33333333333337,0.5736918449401855,0.4723907709121704,-0.013478276319801807,0.5770272016525269,0.452999472618103,-0.03019583784043789,0.5759274959564209,0.45936867594718933,-0.014816083945333958,0.5739864110946655,0.4250418543815613,-0.02497440204024315,0.5776910185813904,0.4448970556259155,-0.032684773206710815,0.5783193707466125,0.4337562620639801,-0.03119928017258644,0.5796663165092468,0.4057302474975586,-0.018355296924710274,0.5373220443725586,0.3983328342437744,0.001772614079527557,0.5812320709228516,0.3816186189651489,-0.016298823058605194,0.58217453956604,0.36969590187072754,-0.018614372238516808,0.5852257013320923,0.327509343624115,-0.017160115763545036,0.5734183192253113,0.4749114215373993,-0.01262959185987711,0.5731940269470215,0.47718748450279236,-0.010639929212629795,0.5730826258659363,0.4785536825656891,-0.007708535995334387,0.571907103061676,0.4993407726287842,-0.004585403949022293,0.5716520547866821,0.5032006502151489,-0.004739522002637386,0.5713147521018982,0.5077513456344604,-0.005064358469098806,0.5710037350654602,0.5121632814407349,-0.002888042712584138,0.5716160535812378,0.5117946267127991,0.004119918216019869,0.5765865445137024,0.456719309091568,-0.02702939510345459,0.5715141296386719,0.4554416835308075,-0.019395669922232628,0.5157633423805237,0.35708585381507874,0.02499326691031456,0.5535422563552856,0.40883809328079224,-0.0033781814854592085,0.5473142266273499,0.4089418053627014,-0.0029918458312749863,0.5416749715805054,0.4069993793964386,-0.001501769758760929,0.5347952842712402,0.3999018371105194,0.003010248299688101,0.5590493679046631,0.4068145751953125,-0.0025367627386003733,0.5467737317085266,0.37879085540771484,-0.006840195041149855,0.5537246465682983,0.3810531497001648,-0.006796675734221935,0.5401338934898376,0.3795892000198364,-0.004783662501722574,0.5356848835945129,0.3828943967819214,-0.0023522810079157352,0.5296714305877686,0.40319564938545227,0.00624610623344779,0.5512994527816772,0.5149593353271484,0.010679436847567558,0.5356284379959106,0.39487195014953613,0.0036268820986151695,0.5112943649291992,0.39363428950309753,0.030730336904525757,0.5235048532485962,0.3942268192768097,0.011424094438552856,0.5478173494338989,0.43949002027511597,-0.005216721910983324,0.5663154125213623,0.47036367654800415,-0.01294842641800642,0.5663586854934692,0.47620365023612976,-0.00998418778181076,0.5589983463287354,0.47219228744506836,-0.009588698856532574,0.5540340542793274,0.47446462512016296,-0.00499721197411418,0.5605415105819702,0.47617194056510925,-0.007776821497827768,0.5560474991798401,0.4769201874732971,-0.0035547493025660515,0.5478254556655884,0.4885547161102295,0.006667334586381912,0.5726146101951599,0.4522794485092163,-0.029857933521270752,0.5725215077400208,0.44435006380081177,-0.032165076583623886,0.5275794863700867,0.370125949382782,-0.0011154486564919353,0.5610281229019165,0.4208941161632538,-0.007496684789657593,0.5601509809494019,0.44700998067855835,-0.016754422336816788,0.5598971843719482,0.44230687618255615,-0.015417657792568207,0.529582679271698,0.435543954372406,0.0013068719999864697,0.5733170509338379,0.4339957535266876,-0.029642043635249138,0.5417498350143433,0.3624458312988281,-0.01106557622551918,0.5334975719451904,0.3642745912075043,-0.006513542495667934,0.5232183933258057,0.3431357443332672,0.012664062902331352,0.5678825974464417,0.3760026693344116,-0.015126935206353664,0.5594587922096252,0.3863939344882965,-0.004909028764814138,0.5445837378501892,0.4792218804359436,0.006235270295292139,0.5163330435752869,0.4684978127479553,0.05420445650815964,0.5639165639877319,0.45214763283729553,-0.014095003716647625,0.5679954886436462,0.4550040066242218,-0.013806129805743694,0.5479413270950317,0.480070561170578,0.005592028610408306,0.5495007038116455,0.4803895354270935,0.004096953198313713,0.5305190682411194,0.35702091455459595,-0.004536123480647802,0.5595908164978027,0.44987234473228455,-0.013277461752295494,0.5529226064682007,0.36553725600242615,-0.014135635457932949,0.5524585247039795,0.3578590452671051,-0.016049589961767197,0.5498462915420532,0.32721376419067383,-0.010450283996760845,0.5274730324745178,0.3525601029396057,0.0025534252636134624,0.552497923374176,0.3443566858768463,-0.013863765634596348,0.5242499113082886,0.3647216260433197,0.0031950888223946095,0.5201005339622498,0.3635759651660919,0.01311819814145565,0.5661548376083374,0.47362059354782104,-0.012099126353859901,0.559697151184082,0.47436749935150146,-0.008884367533028126,0.5549588203430176,0.47578588128089905,-0.004704685416072607,0.5649886727333069,0.45352303981781006,-0.01254523266106844,0.548711895942688,0.4802522659301758,0.0048103961162269115,0.5507137775421143,0.4873402714729309,0.0025979909114539623,0.5502167344093323,0.4805235266685486,0.004044792614877224,0.5666501522064209,0.4507157802581787,-0.022129718214273453,0.5570268034934998,0.4775739312171936,-0.0024221190251410007,0.5613915920257568,0.477198988199234,-0.005227878224104643,0.5667791962623596,0.47762855887413025,-0.007233265787363052,0.5636520981788635,0.5101039409637451,0.00406560068950057,0.5630926489830017,0.510104775428772,-0.0028515085577964783,0.5637664198875427,0.5058297514915466,-0.004607203882187605,0.5646854639053345,0.5013138055801392,-0.004246759228408337,0.5656622648239136,0.4978872537612915,-0.004083011299371719,0.5565119385719299,0.49091869592666626,-2.3289068849408068e-05,0.5551927089691162,0.4921134114265442,-0.0003074233827646822,0.5535370707511902,0.4940294027328491,-0.0006506596109829843,0.5522441864013672,0.49613749980926514,0.0006500949966721237,0.5516063570976257,0.4679965078830719,-0.003870728425681591,0.509678840637207,0.4275667071342468,0.05806145817041397,0.5762748718261719,0.4580727219581604,-0.019281942397356033,0.553613543510437,0.48667070269584656,0.002578151412308216,0.5521374940872192,0.4868708848953247,0.0024032581131905317,0.5693339705467224,0.45805662870407104,-0.01342829316854477,0.5608400702476501,0.45418834686279297,-0.008351828902959824,0.568729043006897,0.4565712809562683,-0.013819853775203228,0.5543294548988342,0.4244939386844635,-0.005300208460539579,0.5440301895141602,0.4284255802631378,-0.00335289491340518,0.5585908889770508,0.4453110992908478,-0.011912182904779911,0.5340520143508911,0.3327827453613281,0.00023803673684597015,0.5377479195594788,0.345525860786438,-0.006287051364779472,0.5400160551071167,0.35458338260650635,-0.011049770750105381,0.5514550805091858,0.4965454936027527,0.005310887936502695,0.5669493079185486,0.36363130807876587,-0.018318332731723785,0.5671952962875366,0.34631985425949097,-0.01784980483353138,0.5662927031517029,0.3258435130119324,-0.016288934275507927,0.5371474623680115,0.40411150455474854,0.0008716459269635379,0.5231612324714661,0.4072122573852539,0.00966501422226429,0.5627477169036865,0.4047572612762451,-0.0019480244955047965,0.5297244787216187,0.3849726617336273,0.002725790021941066,0.5655753016471863,0.41636744141578674,-0.009745800867676735,0.5635696053504944,0.4451097846031189,-0.022419465705752373,0.5161308646202087,0.41167134046554565,0.01643933355808258,0.5266541242599487,0.4144684970378876,0.005075445864349604,0.5338813066482544,0.4192519187927246,0.00027095215045847,0.5451662540435791,0.42041414976119995,-0.0018626333912834525,0.5538363456726074,0.41863906383514404,-0.0032028541900217533,0.5604943633079529,0.41568708419799805,-0.004866915289312601,0.5741671323776245,0.4070011377334595,-0.016319051384925842,0.5163414478302002,0.4291266202926636,0.016367975622415543,0.5251734852790833,0.3813953399658203,0.005086361896246672,0.573904812335968,0.45616087317466736,-0.02681998908519745,0.5614155530929565,0.4292450249195099,-0.009363432414829731,0.5087864398956299,0.39085984230041504,0.04969536140561104,0.5655693411827087,0.41192370653152466,-0.006046661641448736,0.5577426552772522,0.4451667368412018,-0.006193951237946749,0.5328464508056641,0.39376211166381836,0.004805085249245167,0.5635805130004883,0.43939971923828125,-0.02072707749903202,0.5118560791015625,0.44749200344085693,0.05759982019662857,0.5631936192512512,0.4016820192337036,-0.0010001378832384944,0.5683479905128479,0.43587642908096313,-0.026270791888237,0.5297456383705139,0.49135062098503113,0.027029862627387047,0.5296228528022766,0.4985906481742859,0.0381062887609005,0.5106451511383057,0.42850902676582336,0.037004873156547546,0.5225344896316528,0.4795353412628174,0.03222627937793732,0.515302836894989,0.37746983766555786,0.023390507325530052,0.5503461360931396,0.5208967924118042,0.01475363876670599,0.5742314457893372,0.4575257897377014,-0.018977979198098183,0.555627703666687,0.4340791702270508,-0.006866130046546459,0.5184354186058044,0.39418455958366394,0.016983522102236748,0.5424920916557312,0.40329891443252563,-0.0015039710560813546,0.5475356578826904,0.4049374461174011,-0.0027670979034155607,0.5494938492774963,0.48800408840179443,0.003540713107213378,0.5172754526138306,0.44533026218414307,0.019886309280991554,0.5590586066246033,0.53191739320755,0.01788291148841381,0.544339120388031,0.5183705687522888,0.026530064642429352,0.537843644618988,0.510104775428772,0.03149477019906044,0.5836953520774841,0.3487861156463623,-0.0186732467263937,0.5695290565490723,0.5346800684928894,0.016882512718439102,0.5528537034988403,0.4047214388847351,-0.0028915477450937033,0.5580178499221802,0.4033697843551636,-0.0020718092564493418,0.5614390969276428,0.40250441431999207,-0.00097832758910954,0.5210145711898804,0.377912700176239,0.010524796321988106,0.5578609704971313,0.39420536160469055,-0.0037036151625216007,0.5525879859924316,0.3909754753112793,-0.004777768161147833,0.5474122166633606,0.3899577856063843,-0.004610062576830387,0.5423005819320679,0.39066562056541443,-0.003094292478635907,0.5390369892120361,0.392254114151001,-0.001147730741649866,0.5111692547798157,0.372183620929718,0.03843717649579048,0.5393210053443909,0.40084344148635864,0.0002684253850020468,0.5754704475402832,0.4649221897125244,-0.012782562524080276,0.5575251579284668,0.4648900628089905,-0.007309341337531805,0.5640400052070618,0.45117372274398804,-0.01641768030822277,0.5679903626441956,0.46438583731651306,-0.012284871190786362,0.5803156495094299,0.3934708833694458,-0.015322618186473846,0.5369948148727417,0.5026016235351562,0.023667646571993828,0.5436313152313232,0.5114482641220093,0.019673898816108704,0.5590165853500366,0.5283355116844177,0.010569525882601738,0.5226848721504211,0.4857226312160492,0.04663693904876709,0.5615826845169067,0.39869794249534607,-0.0021279577631503344,0.5696536898612976,0.41998839378356934,-0.01723037287592888,0.569896936416626,0.5309953689575195,0.009871305897831917,0.5510867238044739,0.5260718464851379,0.021171491593122482,0.5125566124916077,0.4466091990470886,0.038031723350286484,0.5605949759483337,0.49495258927345276,-0.0023302624467760324,0.5592167973518372,0.49731698632240295,-0.0025759043637663126,0.5578408241271973,0.5006765127182007,-0.0028695857618004084,0.5567876100540161,0.5044358372688293,-0.0014139557024464011,0.5565001964569092,0.5042186975479126,0.003976412117481232,0.5522940158843994,0.4782802164554596,0.0004437959869392216,0.5511847138404846,0.4776466488838196,0.00037707178853452206,0.550287127494812,0.4768257439136505,0.00018299258954357356,0.5470701456069946,0.4727502465248108,0.0007492211298085749,0.5248203873634338,0.45169445872306824,0.009030225686728954,0.5699983835220337,0.41113099455833435,-0.012684051878750324,0.5674068331718445,0.3939766585826874,-0.005262472201138735,0.5640794634819031,0.3952167332172394,-0.003237833036109805,0.5533130764961243,0.47861558198928833,0.001114195678383112,0.5247544050216675,0.46985143423080444,0.020034870132803917,0.5725631713867188,0.39383992552757263,-0.012008771300315857,0.5536500215530396,0.5089997053146362,0.007862383499741554,0.5787560939788818,0.42445632815361023,-0.026721172034740448,0.5739973783493042,0.41666683554649353,-0.02123448997735977,0.5791775584220886,0.4156721830368042,-0.0224292129278183,0.5650410652160645,0.43214765191078186,-0.016376908868551254,0.5704706907272339,0.5252472162246704,0.006335915066301823,0.571058988571167,0.5179587602615356,0.005426195915788412,0.5617952942848206,0.5158484578132629,0.006091258954256773,0.5431182980537415,0.4905034005641937,0.01033321488648653,0.5522923469543457,0.45061421394348145,-0.0040357680991292,0.5477731227874756,0.5004518032073975,0.009520696476101875,0.5379148125648499,0.4476486146450043,-0.0020534894429147243,0.5461692810058594,0.45766064524650574,-0.0020882016979157925,0.5330162644386292,0.45919284224510193,0.0036496571265161037,0.5598976612091064,0.5227718353271484,0.007146418560296297,0.5614981651306152,0.4358097016811371,-0.012061091139912605,0.5386644601821899,0.49528422951698303,0.01622512936592102,0.5450338125228882,0.5052032470703125,0.014448985457420349,0.5392760038375854,0.4796581566333771,0.0088270865380764,0.5191168189048767,0.4589192271232605,0.023571016266942024,0.5321765542030334,0.4798803925514221,0.014143898151814938,0.5161359310150146,0.46350356936454773,0.03766366466879845,0.5414336323738098,0.4663713872432709,0.0016822390025481582,0.5656526684761047,0.4245050549507141,-0.012993322685360909,0.5650739669799805,0.4491799771785736,-0.023427708074450493,0.5617141723632812,0.4500705301761627,-0.01706796884536743,0.5678274035453796,0.44444307684898376,-0.027457742020487785,0.563038170337677,0.3836005926132202,-0.007677954621613026,0.5533968210220337,0.37533697485923767,-0.008855913765728474,0.5447214245796204,0.3728637993335724,-0.008320634253323078,0.5374829173088074,0.3740397095680237,-0.005825570784509182,0.5323742032051086,0.37777936458587646,-0.0021852818317711353,0.5287594199180603,0.39400753378868103,0.007253092713654041,0.5100760459899902,0.4109046161174774,0.03412729874253273,0.5325804352760315,0.4079609811306,0.00358390249311924,0.5383160710334778,0.4118761420249939,0.0005830424488522112,0.546125054359436,0.4138500690460205,-0.0015004624146968126,0.5538485050201416,0.4131961166858673,-0.0027561173774302006,0.5600938200950623,0.4108999967575073,-0.0028715496882796288,0.5643734335899353,0.4085080325603485,-0.003463994711637497,0.5088490843772888,0.40893033146858215,0.05574026703834534,0.5616129636764526,0.45170801877975464,-0.014080382883548737,0.5693321228027344,0.4278324842453003,-0.021014513447880745,0.5688789486885071,0.4505458474159241,-0.027465935796499252,0.5712400078773499,0.45436567068099976,-0.02468395046889782,0.5686864256858826,0.4515637159347534,-0.024663005024194717,0.5627217292785645,0.4538666307926178,-0.01172143965959549,0.5722467303276062,0.45538806915283203,-0.026076162233948708,0.5726193189620972,0.4568047523498535,-0.0191658865660429,0.5651797652244568,0.40200912952423096,-0.0016672835918143392,0.5677979588508606,0.4039781391620636,-0.004644772969186306,0.5695032477378845,0.40560710430145264,-0.00802578590810299,0.53713458776474,0.393573135137558,0.0009697149507701397,0.5329338908195496,0.3871437907218933,0.0011375767644494772,0.583179771900177,0.4259908199310303,-0.024584615603089333,0.6189357042312622,0.4065103828907013,0.004665337037295103,0.5811571478843689,0.4563415050506592,-0.01908116415143013,0.6433984637260437,0.37164413928985596,0.029416929930448532,0.6026175618171692,0.4136542081832886,-0.0015292292227968574,0.608672022819519,0.4147736728191376,-0.0007503489614464343,0.6142997145652771,0.41408103704452515,0.001073179766535759,0.6211659908294678,0.4090195298194885,0.006051396951079369,0.5973789691925049,0.4107051193714142,-0.001091795158572495,0.6123561859130859,0.3875392973423004,-0.004535619169473648,0.605462908744812,0.38810020685195923,-0.004982433747500181,0.6184723377227783,0.3894430994987488,-0.0021026688627898693,0.6221302151679993,0.3931269347667694,0.0005408559809438884,0.6261392831802368,0.4137430787086487,0.009585431776940823,0.5896316766738892,0.5182790160179138,0.011960525065660477,0.6208199262619019,0.4038945138454437,0.006658860482275486,0.6419472694396973,0.40793630480766296,0.0353613942861557,0.6326079368591309,0.40678995847702026,0.015191224403679371,0.604246973991394,0.44530752301216125,-0.0034495785366743803,0.5811686515808105,0.47137928009033203,-0.012528992258012295,0.5799250602722168,0.4771121144294739,-0.009627866558730602,0.5877814888954163,0.47407466173171997,-0.008709557354450226,0.591901957988739,0.47703370451927185,-0.00373737677000463,0.5854346752166748,0.4778956174850464,-0.0070580122992396355,0.5894550681114197,0.47936490178108215,-0.002526807365939021,0.5972607731819153,0.4929165840148926,0.008288497105240822,0.5813286900520325,0.45310088992118835,-0.029590485617518425,0.5826398134231567,0.4453198313713074,-0.031858738511800766,0.6319531798362732,0.38260701298713684,0.0023769119288772345,0.5943112373352051,0.424378901720047,-0.006297927815467119,0.592633068561554,0.4501700699329376,-0.015597027726471424,0.5932428240776062,0.4455992877483368,-0.01424671895802021,0.6212838888168335,0.44505494832992554,0.00431540934368968,0.5830321907997131,0.43492698669433594,-0.02925676293671131,0.6194778680801392,0.3735840916633606,-0.008661702275276184,0.6271666288375854,0.3762921392917633,-0.0035465152468532324,0.639733076095581,0.3566301167011261,0.016621002927422523,0.5928881168365479,0.3821617662906647,-0.014325794763863087,0.5992333292961121,0.3916434943675995,-0.003431343473494053,0.6016914248466492,0.48424509167671204,0.008257238194346428,0.6239825487136841,0.47877827286720276,0.0583934411406517,0.5882547497749329,0.4544681906700134,-0.013299844227731228,0.58408123254776,0.4565648138523102,-0.013404151424765587,0.5964940786361694,0.48371046781539917,0.007333623245358467,0.5948957204818726,0.48381170630455017,0.005632697604596615,0.6306833624839783,0.36961859464645386,-0.0013345511397346854,0.592404842376709,0.4530423879623413,-0.012154587544500828,0.6083365678787231,0.37497997283935547,-0.012517904862761497,0.6096826195716858,0.3674392104148865,-0.014353860169649124,0.6189502477645874,0.33534371852874756,-0.008227863349020481,0.635446310043335,0.36496782302856445,0.006176628638058901,0.6143125295639038,0.3516867756843567,-0.011861366219818592,0.6353798508644104,0.3780629336833954,0.006968992296606302,0.6397240161895752,0.37715786695480347,0.017235521227121353,0.5806323289871216,0.4746209383010864,-0.011713763698935509,0.5866016149520874,0.4762144982814789,-0.008096986450254917,0.5907450914382935,0.47828418016433716,-0.0035986131988465786,0.5869410634040833,0.4555831849575043,-0.011853179894387722,0.59569251537323,0.48377692699432373,0.006419616285711527,0.5930803418159485,0.4901552200317383,0.003945538774132729,0.5941681861877441,0.4838441014289856,0.005546014290302992,0.5864752531051636,0.45265018939971924,-0.02133024111390114,0.5883401036262512,0.4799116551876068,-0.001425592228770256,0.5843921303749084,0.4787774682044983,-0.0045217908918857574,0.5793013572692871,0.47846177220344543,-0.006861990317702293,0.579369843006134,0.5115888118743896,0.004418015480041504,0.5790150761604309,0.5109544992446899,-0.002452450804412365,0.5789592862129211,0.5066328048706055,-0.004200756549835205,0.5786536931991577,0.5020595788955688,-0.0038500253576785326,0.5781764984130859,0.4985429048538208,-0.003709391225129366,0.5874646306037903,0.49282869696617126,0.0009594449657015502,0.5885800719261169,0.49406909942626953,0.0006902656750753522,0.5898987650871277,0.49609190225601196,0.00042005255818367004,0.5908159613609314,0.49830690026283264,0.0018213886069133878,0.5971355438232422,0.4722449779510498,-0.002382224192842841,0.6360585689544678,0.44092896580696106,0.0627228170633316,0.590488851070404,0.48922646045684814,0.0038692806847393513,0.5918226838111877,0.489522248506546,0.003697054460644722,0.5824243426322937,0.459384024143219,-0.013022297993302345,0.5904532074928284,0.4570179581642151,-0.007483670953661203,0.583197832107544,0.4580404758453369,-0.013423551805317402,0.5999597907066345,0.4292982220649719,-0.0037127758841961622,0.6091492772102356,0.43527767062187195,-0.0012468883069232106,0.5938066840171814,0.44880473613739014,-0.010697406716644764,0.6322309374809265,0.34427928924560547,0.003449044656008482,0.6276052594184875,0.3560510277748108,-0.0033871729392558336,0.6219106316566467,0.3658636212348938,-0.008523131720721722,0.5927007794380188,0.5002379417419434,0.006658433470875025,0.5952982902526855,0.3704615831375122,-0.017453763633966446,0.6001141667366028,0.35020315647125244,-0.016798505559563637,0.6037810444831848,0.33024317026138306,-0.015166424214839935,0.6186659932136536,0.41240641474723816,0.0037334931548684835,0.6321755051612854,0.41969794034957886,0.01335868053138256,0.593980073928833,0.4081050455570221,-0.0006414351519197226,0.6277397871017456,0.39599519968032837,0.006090599112212658,0.5908997654914856,0.4190142750740051,-0.008779115974903107,0.5901648998260498,0.44772064685821533,-0.021478455513715744,0.6360180974006653,0.4245113134384155,0.020644020289182663,0.6284978985786438,0.42585983872413635,0.00854996033012867,0.6214210391044617,0.42890411615371704,0.0031594401225447655,0.6104323863983154,0.42743566632270813,0.0003134941216558218,0.6021950244903564,0.4236014485359192,-0.001561925746500492,0.5960361361503601,0.41921544075012207,-0.0036193104460835457,0.5846542716026306,0.4081164300441742,-0.01591024361550808,0.6332249641418457,0.4413708448410034,0.020497983321547508,0.6324908137321472,0.39388713240623474,0.008790027350187302,0.5791924595832825,0.45664340257644653,-0.02660398557782173,0.5929706692695618,0.4324934482574463,-0.008181479759514332,0.643086314201355,0.4055980145931244,0.05448275804519653,0.5915589332580566,0.41441187262535095,-0.0050652241334319115,0.5942350029945374,0.4488004148006439,-0.004986083600670099,0.6235430240631104,0.4036324918270111,0.008015060797333717,0.5906226634979248,0.4420712888240814,-0.01976325921714306,0.6310303807258606,0.4595642387866974,0.06210106238722801,0.5936616659164429,0.4050746560096741,0.000388102896977216,0.5871051549911499,0.4377162754535675,-0.02559167519211769,0.6110462546348572,0.4986550211906433,0.03004373237490654,0.6089625358581543,0.5054261088371277,0.04124210774898529,0.6368349194526672,0.44166043400764465,0.04155147075653076,0.6186630725860596,0.4884800612926483,0.035784583538770676,0.641252875328064,0.3915475606918335,0.027787577360868454,0.5892637372016907,0.5241622924804688,0.016152290627360344,0.5783316493034363,0.4579209089279175,-0.018854504451155663,0.5975562334060669,0.43839988112449646,-0.0054636625573039055,0.6370616555213928,0.4084649085998535,0.021127980202436447,0.6136877536773682,0.40996843576431274,0.0010551776504144073,0.6087067723274231,0.4106746017932892,-0.0005338698392733932,0.5941624641418457,0.490977019071579,0.004989708308130503,0.6296178102493286,0.4567912817001343,0.02382728084921837,0.5797111392021179,0.5335781574249268,0.018636252731084824,0.5943360924720764,0.5224454998970032,0.028469644486904144,0.6007928848266602,0.5153303146362305,0.03399373218417168,0.6035298109054565,0.409606009721756,-0.00098606722895056,0.5985240340232849,0.4074479341506958,-0.00044093068572692573,0.5952744483947754,0.4061514139175415,0.00049160688649863,0.6362424492835999,0.391532301902771,0.014559594914317131,0.5995455980300903,0.3991754651069641,-0.0020632436498999596,0.6049652695655823,0.39743030071258545,-0.0028566764667630196,0.61019366979599,0.3976594805717468,-0.002361629158258438,0.6150164008140564,0.39928504824638367,-0.0005400000954978168,0.6178993582725525,0.40122538805007935,0.001626206561923027,0.6444570422172546,0.38711628317832947,0.043122269213199615,0.6168506145477295,0.4083234369754791,0.00302969291806221,0.5922417640686035,0.46816256642341614,-0.00614464795216918,0.5884739756584167,0.45353254675865173,-0.015596826560795307,0.582834780216217,0.46585002541542053,-0.011816268786787987,0.6032931804656982,0.5084055662155151,0.02609524130821228,0.5962936282157898,0.5159478783607483,0.021579699590802193,0.580468475818634,0.5301170945167542,0.011289193294942379,0.6162843108177185,0.4941784739494324,0.050321705639362335,0.5955315232276917,0.4025387167930603,-0.0006385769811458886,0.5872493386268616,0.4218067526817322,-0.01656719297170639,0.5875786542892456,0.5289970636367798,0.02258158288896084,0.6320915222167969,0.4586600661277771,0.04239935800433159,0.5833238959312439,0.4961790144443512,-0.0016212838236242533,0.5843476057052612,0.49862781167030334,-0.001816479954868555,0.5852457284927368,0.5020671486854553,-0.0020733352284878492,0.5857549905776978,0.5058758854866028,-0.0005681071779690683,0.5869106650352478,0.5069400072097778,0.004931630566716194,0.5925998687744141,0.48131415247917175,0.001741189626045525,0.5937826633453369,0.48077666759490967,0.0018251105211675167,0.5948364734649658,0.4800778329372406,0.001750175841152668,0.6004990339279175,0.47759774327278137,0.0026066917926073074,0.6226198673248291,0.46154478192329407,0.012265798635780811,0.5877315998077393,0.41301652789115906,-0.012028397060930729,0.5909485816955566,0.3972550928592682,-0.0043844725005328655,0.5936676263809204,0.3988979458808899,-0.001948726479895413,0.5915437340736389,0.4815942049026489,0.0024214452132582664,0.6192852258682251,0.4789128601551056,0.023352447897195816,0.5868173837661743,0.3964596092700958,-0.011446751654148102,0.5884397625923157,0.5120322704315186,0.008913103491067886,0.583919882774353,0.4176821708679199,-0.020896969363093376,0.5898175835609436,0.43470072746276855,-0.015508364886045456,0.5800549983978271,0.517454981803894,0.006569277495145798,0.6007777452468872,0.4957032799720764,0.01222288329154253,0.5985634326934814,0.4552017152309418,-0.0026021862868219614,0.595051646232605,0.5046292543411255,0.011000771075487137,0.6121678352355957,0.45519402623176575,0.0002201777242589742,0.6033346056938171,0.4633334279060364,-0.0002940255217254162,0.6146728992462158,0.4673044681549072,0.006259767804294825,0.5807384252548218,0.5245949029922485,0.007796347141265869,0.5922207832336426,0.4389190077781677,-0.010974886827170849,0.6036571264266968,0.5011025667190552,0.01846207305788994,0.5965070724487305,0.5096807479858398,0.01615988463163376,0.6059876680374146,0.4858110249042511,0.011142177507281303,0.6256425976753235,0.46943429112434387,0.027353394776582718,0.6117165088653564,0.4872863292694092,0.01690203696489334,0.6263253688812256,0.4741862714290619,0.041764963418245316,0.6063438057899475,0.47265681624412537,0.0037759114056825638,0.5899771451950073,0.4270362854003906,-0.012039026245474815,0.5882630348205566,0.45143401622772217,-0.022553613409399986,0.5908077955245972,0.45288360118865967,-0.016098318621516228,0.5867262482643127,0.44626933336257935,-0.02682783640921116,0.5961863398551941,0.3888913094997406,-0.0064653451554477215,0.6064775586128235,0.383202463388443,-0.007075710222125053,0.6152012944221497,0.38253965973854065,-0.0059962160885334015,0.6219935417175293,0.3846185505390167,-0.003014720743522048,0.6262691020965576,0.38886401057243347,0.000984625774435699,0.6275081634521484,0.4049149453639984,0.01068389043211937,0.640200138092041,0.4248584508895874,0.03881368413567543,0.6230447292327881,0.41777729988098145,0.0066869850270450115,0.6174103021621704,0.4201989471912384,0.003263247897848487,0.6097254753112793,0.42031365633010864,0.0006879640859551728,0.6022220849990845,0.4180229604244232,-0.001036679488606751,0.5963380932807922,0.4145646393299103,-0.001566593418829143,0.5924422740936279,0.41132083535194397,-0.0023879490327090025,0.6399006843566895,0.423119455575943,0.06046215817332268,0.5903699398040771,0.4544305205345154,-0.013126260600984097,0.5868648886680603,0.42960894107818604,-0.02034943178296089,0.584862470626831,0.4520328640937805,-0.0269033033400774,0.5817700624465942,0.4553561508655548,-0.024348067119717598,0.5846220850944519,0.4530932605266571,-0.024090856313705444,0.5889013409614563,0.45631977915763855,-0.010940447449684143,0.5808115601539612,0.456180214881897,-0.025803353637456894,0.5799130797386169,0.4574653208255768,-0.01895352080464363,0.5919008255004883,0.4050731062889099,-0.0004922974039800465,0.5895899534225464,0.406350314617157,-0.0037721057888120413,0.5883709192276001,0.4075598120689392,-0.007338619325309992,0.6195452213287354,0.40264278650283813,0.003859600517898798,0.6242194175720215,0.397416353225708,0.0042099556885659695,0.5488142967224121,0.39682066440582275,-0.0015022925799712539,0.5549295544624329,0.397627055644989,-0.0015022925799712539,0.5495347380638123,0.38917356729507446,-0.0015022925799712539,0.5425800681114197,0.39594098925590515,-0.0015022925799712539,0.548071563243866,0.4043853282928467,-0.0015022925799712539,0.607093095779419,0.40236833691596985,0.0007095994660630822,0.6128628253936768,0.4028162956237793,0.0007095994660630822,0.6073282361030579,0.3949531316757202,0.0007095994660630822,0.6014166474342346,0.4018729329109192,0.0007095994660630822,0.6068885326385498,0.4097868800163269,0.0007095994660630822
266.6666666666667,0.5732091665267944,0.47261732816696167,-0.013447446748614311,0.576998770236969,0.45312637090682983,-0.03017931990325451,0.5758275985717773,0.4594459533691406,-0.014803181402385235,0.574097752571106,0.4250546097755432,-0.02497425675392151,0.5777109265327454,0.44503286480903625,-0.03266818821430206,0.5783982872962952,0.43385279178619385,-0.031183011829853058,0.57987380027771,0.40567871928215027,-0.01832675375044346,0.5370334982872009,0.3980843722820282,0.0016750989016145468,0.5815092325210571,0.3814988136291504,-0.016242902725934982,0.5824856162071228,0.36956003308296204,-0.018543217331171036,0.5856872797012329,0.32717061042785645,-0.017021460458636284,0.5729495882987976,0.4749957323074341,-0.012582957744598389,0.572731077671051,0.4771691560745239,-0.01058247871696949,0.5726221799850464,0.4784340560436249,-0.007613845635205507,0.5713689923286438,0.5000607967376709,-0.004677178338170052,0.5710936784744263,0.503756046295166,-0.004806371405720711,0.5707530975341797,0.5080505609512329,-0.0051676612347364426,0.5704407691955566,0.5121296644210815,-0.0030618561431765556,0.5712223649024963,0.511393666267395,0.0038577860686928034,0.5765271186828613,0.45682790875434875,-0.027010144665837288,0.5714077949523926,0.45548465847969055,-0.019391698762774467,0.5160332918167114,0.35624051094055176,0.024918675422668457,0.553386926651001,0.4087521433830261,-0.003426112700253725,0.5470906496047974,0.4087803363800049,-0.003059700597077608,0.5414025187492371,0.40674951672554016,-0.0015884333988651633,0.5345205664634705,0.39963045716285706,0.002903464250266552,0.5589388608932495,0.40676233172416687,-0.002563595538958907,0.5466214418411255,0.3786442279815674,-0.006936868652701378,0.5536649227142334,0.3809921443462372,-0.00685258349403739,0.5398750305175781,0.3793654441833496,-0.004893825389444828,0.5353488326072693,0.38262882828712463,-0.0024665521923452616,0.5294528007507324,0.40285566449165344,0.006135290022939444,0.5510193705558777,0.5143904089927673,0.010398812592029572,0.535365879535675,0.3946397304534912,0.003523433580994606,0.5115172863006592,0.39284104108810425,0.03060278482735157,0.523411750793457,0.39390432834625244,0.011306161060929298,0.5478044152259827,0.43924129009246826,-0.005302623845636845,0.5657087564468384,0.4704607427120209,-0.01295226439833641,0.5658554434776306,0.4760364890098572,-0.009957737289369106,0.5583825707435608,0.4719243049621582,-0.009631416760385036,0.5534825325012207,0.47394663095474243,-0.005095284432172775,0.5600561499595642,0.4758300185203552,-0.00779145210981369,0.5556078553199768,0.47642043232917786,-0.0036236331798136234,0.5475316047668457,0.4882078766822815,0.0064276340417563915,0.5725741386413574,0.4523688554763794,-0.02985350601375103,0.5725311636924744,0.4444414973258972,-0.03216617554426193,0.527328610420227,0.3697899281978607,-0.0012446503387764096,0.5610870122909546,0.42068779468536377,-0.007531434763222933,0.5600529313087463,0.44690871238708496,-0.016784759238362312,0.5598293542861938,0.44218680262565613,-0.015447244979441166,0.5296255350112915,0.43513503670692444,0.001183721935376525,0.5733781456947327,0.434050977230072,-0.0296454057097435,0.541570246219635,0.36231887340545654,-0.011155586689710617,0.5332487225532532,0.3640124797821045,-0.006626172922551632,0.5235066413879395,0.3423590660095215,0.0126042440533638,0.5679365992546082,0.3760313093662262,-0.015111186541616917,0.5594507455825806,0.3863760828971863,-0.0049367197789251804,0.5443386435508728,0.47896990180015564,0.0060346596874296665,0.5163095593452454,0.4675663709640503,0.054018981754779816,0.5637850165367126,0.4520728886127472,-0.014113771729171276,0.5678654313087463,0.4549918472766876,-0.01381030771881342,0.5475127100944519,0.47930896282196045,0.005403129383921623,0.5491142868995667,0.4797006845474243,0.003914957400411367,0.5303230881690979,0.3567306399345398,-0.0046430956572294235,0.5594736933708191,0.44975972175598145,-0.013306115753948689,0.5528343915939331,0.36553335189819336,-0.014173057861626148,0.552391529083252,0.35784798860549927,-0.016084086149930954,0.5502084493637085,0.3266603350639343,-0.010427665896713734,0.5277552008628845,0.3519398868083954,0.0024620634503662586,0.5528355240821838,0.34395748376846313,-0.013879605568945408,0.5240833759307861,0.36435914039611816,0.0030740629881620407,0.5203598141670227,0.3628718852996826,0.013006599619984627,0.5655947923660278,0.47355687618255615,-0.012093630619347095,0.5591496825218201,0.47407248616218567,-0.008913311176002026,0.5544560551643372,0.4752880334854126,-0.004789699800312519,0.5648534297943115,0.4534662365913391,-0.012556330300867558,0.548311710357666,0.4795345962047577,0.0046265688724815845,0.5502763986587524,0.4866250157356262,0.002384949941188097,0.5498467683792114,0.4798521101474762,0.0038635139353573322,0.5665531158447266,0.45069199800491333,-0.02214830555021763,0.5566380620002747,0.4770428240299225,-0.0024642881471663713,0.5609712600708008,0.4767937660217285,-0.005209203343838453,0.5663327574729919,0.47737932205200195,-0.007169916294515133,0.5633141994476318,0.5096587538719177,0.0037803207524120808,0.5623875856399536,0.509820282459259,-0.003055018140003085,0.5630888342857361,0.5059059858322144,-0.004757481627166271,0.5640551447868347,0.501637876033783,-0.004352603107690811,0.5650636553764343,0.4983658790588379,-0.004207180347293615,0.5560466051101685,0.49069690704345703,-0.00021076429402455688,0.554722249507904,0.4917510151863098,-0.000494941312354058,0.5530324578285217,0.4934506118297577,-0.0008636671700514853,0.5517094731330872,0.4952969551086426,0.0004127782303839922,0.5514401197433472,0.4678771197795868,-0.0039918371476233006,0.5098024606704712,0.42663896083831787,0.057923462241888046,0.5762010812759399,0.4581623375415802,-0.019260553643107414,0.5531940460205078,0.4862097501754761,0.0023706811480224133,0.5517079830169678,0.4863000512123108,0.0021976844873279333,0.569209098815918,0.4580744504928589,-0.013443484902381897,0.5607123374938965,0.45409756898880005,-0.00837759580463171,0.568599283695221,0.45657598972320557,-0.013824963942170143,0.5543757081031799,0.4242456257343292,-0.005355795845389366,0.5440825819969177,0.42812931537628174,-0.0034362981095910072,0.5585054159164429,0.4451735019683838,-0.01194503903388977,0.5343694686889648,0.3321070075035095,0.00021163308701943606,0.5380579233169556,0.3450075685977936,-0.0063470802269876,0.539871871471405,0.35442954301834106,-0.011128345504403114,0.5511810779571533,0.49613332748413086,0.0050389207899570465,0.5670166611671448,0.36367741227149963,-0.018300816416740417,0.5675581097602844,0.34600314497947693,-0.0178182702511549,0.566706657409668,0.32538849115371704,-0.01621083728969097,0.5368596315383911,0.403827965259552,0.0007707533077336848,0.5229750871658325,0.40678170323371887,0.009545089676976204,0.5626610517501831,0.40472280979156494,-0.0019638054072856903,0.5294382572174072,0.38467642664909363,0.0026017515920102596,0.5656682252883911,0.4161990284919739,-0.009767728857696056,0.5635071396827698,0.4450601637363434,-0.022444114089012146,0.5162761807441711,0.4110385775566101,0.016307925805449486,0.5263645052909851,0.4140193462371826,0.0049529727548360825,0.5335602760314941,0.41883859038352966,0.00015690205327700824,0.5449095964431763,0.42011475563049316,-0.0019462076015770435,0.5536723136901855,0.4184250831604004,-0.003258949611335993,0.5604050755500793,0.4155203104019165,-0.004901052452623844,0.5743504762649536,0.4069158434867859,-0.0163112860172987,0.5164295434951782,0.42851608991622925,0.016227563843131065,0.524998664855957,0.38106536865234375,0.004957623779773712,0.5738346576690674,0.45625030994415283,-0.026813779026269913,0.5614404678344727,0.4290783703327179,-0.009393012151122093,0.5090141296386719,0.38994672894477844,0.04959681257605553,0.5655218958854675,0.41177499294281006,-0.006062464322894812,0.5576608180999756,0.4450066387653351,-0.006229305639863014,0.5325466394424438,0.39352235198020935,0.0046927775256335735,0.5635512471199036,0.43932682275772095,-0.020749658346176147,0.5118994116783142,0.4465622305870056,0.05743969604372978,0.563150942325592,0.4016425311565399,-0.0010149674490094185,0.5683735609054565,0.43587228655815125,-0.026287777349352837,0.5295946598052979,0.49062874913215637,0.026808012276887894,0.529495120048523,0.49777552485466003,0.03786502033472061,0.5107702016830444,0.42771992087364197,0.03686854988336563,0.5224462747573853,0.47874754667282104,0.032037924975156784,0.515545129776001,0.3767096996307373,0.02327106148004532,0.5500494241714478,0.5202697515487671,0.014485316351056099,0.574142336845398,0.457597553730011,-0.018964478746056557,0.555622398853302,0.43387168645858765,-0.006911063566803932,0.5184828639030457,0.3938281536102295,0.016859911382198334,0.5421839952468872,0.4030921757221222,-0.0015842296415939927,0.5472941398620605,0.4048103094100952,-0.002831920050084591,0.5490413904190063,0.48711612820625305,0.0033205209765583277,0.5172982811927795,0.4446914494037628,0.01974199153482914,0.5586870908737183,0.5313361287117004,0.017595408484339714,0.5440970659255981,0.5176869034767151,0.026238426566123962,0.5376572012901306,0.5093651413917542,0.03122534602880478,0.5840843319892883,0.3485516309738159,-0.018585963174700737,0.5690715312957764,0.5341765880584717,0.016638103872537613,0.5526852011680603,0.40466809272766113,-0.002936267526820302,0.5578987002372742,0.4033510684967041,-0.0021005733869969845,0.5613604784011841,0.4024869203567505,-0.0009977816371247172,0.5209823250770569,0.37757065892219543,0.010398555546998978,0.5578854084014893,0.3941074311733246,-0.0037414622493088245,0.5525980591773987,0.3908308148384094,-0.004832725040614605,0.5473203659057617,0.38976067304611206,-0.004687311593443155,0.5421046018600464,0.3904232382774353,-0.0031910587567836046,0.538790225982666,0.39200276136398315,-0.0012505723861977458,0.5114191770553589,0.3712949752807617,0.03835682570934296,0.5390053987503052,0.4005972146987915,0.00017612955707591027,0.5753132104873657,0.46504172682762146,-0.012782565318048,0.557357668876648,0.4648234248161316,-0.007394751999527216,0.563917875289917,0.45110294222831726,-0.01643238589167595,0.5678308606147766,0.4644448161125183,-0.012322666123509407,0.5805619359016418,0.3933655321598053,-0.015282212756574154,0.536776065826416,0.5019273161888123,0.02341555245220661,0.5433937907218933,0.5107936263084412,0.01941041834652424,0.5586437582969666,0.5277516841888428,0.010307062417268753,0.5226070284843445,0.4848323464393616,0.046418722718954086,0.5615701079368591,0.3986297845840454,-0.0021512815728783607,0.5697615146636963,0.419910192489624,-0.017238622531294823,0.5694462060928345,0.5304751396179199,0.009644128382205963,0.5507881045341492,0.5254424214363098,0.02087238058447838,0.5126118063926697,0.4457992613315582,0.03788895532488823,0.5600540041923523,0.4950830042362213,-0.0024872429203242064,0.5586557388305664,0.4972868859767914,-0.0027269814163446426,0.5572242140769958,0.5003893971443176,-0.0030642924830317497,0.5561283230781555,0.5038348436355591,-0.0016465771477669477,0.556205689907074,0.5037710666656494,0.0036868678871542215,0.5519007444381714,0.4776754677295685,0.0003124489448964596,0.5507481098175049,0.47701162099838257,0.00023411097936332226,0.5498097538948059,0.4761611223220825,3.295927672297694e-05,0.5468757152557373,0.4725722074508667,0.0005850106826983392,0.524800717830658,0.4511815905570984,0.008882608264684677,0.5701382756233215,0.41100767254829407,-0.012692474760115147,0.5674364566802979,0.39394357800483704,-0.005253576673567295,0.5640703439712524,0.39518803358078003,-0.003247217508032918,0.5529470443725586,0.47800689935684204,0.000997575232759118,0.5246604084968567,0.4692234992980957,0.019861554726958275,0.572632372379303,0.39377760887145996,-0.011991268023848534,0.553373396396637,0.5084915161132812,0.007556013762950897,0.5788801312446594,0.42450693249702454,-0.02670091763138771,0.5741435885429382,0.4166323244571686,-0.02123185247182846,0.5793440937995911,0.4156760573387146,-0.022406384348869324,0.5650648474693298,0.43205732107162476,-0.016392361372709274,0.5700317621231079,0.5247526168823242,0.006093725562095642,0.570642352104187,0.5175178647041321,0.005178591702133417,0.5614587068557739,0.5153610706329346,0.005806241184473038,0.5428550839424133,0.4900906980037689,0.01008397527039051,0.55218505859375,0.450412780046463,-0.0041184984147548676,0.5475077629089355,0.49996674060821533,0.009232085198163986,0.5378877520561218,0.44732266664505005,-0.0021903386805206537,0.5460568070411682,0.4574304521083832,-0.0022286877501755953,0.5329249501228333,0.45880430936813354,0.0034892908297479153,0.5595423579216003,0.5222308039665222,0.006868792697787285,0.561481773853302,0.4356709122657776,-0.012084944173693657,0.5384275317192078,0.49473658204078674,0.01597563922405243,0.5447916388511658,0.5046324133872986,0.014180444180965424,0.53905189037323,0.4793080687522888,0.008617677725851536,0.5190752148628235,0.458243727684021,0.023415083065629005,0.532010555267334,0.4793522357940674,0.013940587639808655,0.5161136388778687,0.46267855167388916,0.03750257194042206,0.5412825345993042,0.46611979603767395,0.001508520101197064,0.5657134652137756,0.42438194155693054,-0.013012632727622986,0.5649850368499756,0.44914525747299194,-0.023448621854186058,0.5615976452827454,0.44998469948768616,-0.017089955508708954,0.5678019523620605,0.4444618225097656,-0.027477864176034927,0.5630441308021545,0.3835951089859009,-0.007686743978410959,0.5533114671707153,0.37528735399246216,-0.00890729296952486,0.5445242524147034,0.37271058559417725,-0.008412477560341358,0.5371949672698975,0.3737853169441223,-0.005941316019743681,0.5320347547531128,0.37748390436172485,-0.002309859497472644,0.5285410284996033,0.3937610387802124,0.0071363188326358795,0.5102546811103821,0.41011562943458557,0.03399379923939705,0.5323054790496826,0.40761640667915344,0.0034732832573354244,0.538054347038269,0.4115598201751709,0.00048244776553474367,0.5459076166152954,0.4136187732219696,-0.0015802722191438079,0.5537049174308777,0.413053959608078,-0.002808447927236557,0.560009777545929,0.41079744696617126,-0.002897624857723713,0.5643288493156433,0.4084112048149109,-0.0034785186871886253,0.5090418457984924,0.4080117344856262,0.05562123283743858,0.5614835023880005,0.45161473751068115,-0.014101442880928516,0.5694053173065186,0.4277958571910858,-0.021024975925683975,0.5688164830207825,0.4505787789821625,-0.027477823197841644,0.57114577293396,0.45441901683807373,-0.024681823328137398,0.5685995817184448,0.4515787959098816,-0.024673214182257652,0.5625919103622437,0.45379161834716797,-0.011737368069589138,0.5721645951271057,0.45545822381973267,-0.026071755215525627,0.5725165009498596,0.45686230063438416,-0.01915767230093479,0.5651381015777588,0.40197211503982544,-0.0016688095638528466,0.5677993297576904,0.40390366315841675,-0.004641554784029722,0.5695057511329651,0.4054911732673645,-0.008024862967431545,0.5368769764900208,0.3933216333389282,0.0008656596764922142,0.5325981974601746,0.38687971234321594,0.0010211857734248042,0.5833098292350769,0.4260711669921875,-0.02453881874680519,0.6190803647041321,0.406074583530426,0.004884434398263693,0.5811211466789246,0.4564564824104309,-0.01904156617820263,0.6436058878898621,0.3715193271636963,0.029803365468978882,0.6024342179298401,0.413491427898407,-0.0013769137440249324,0.6086934208869934,0.4145618677139282,-0.0005782676744274795,0.6144423484802246,0.4138317406177521,0.0012678090715780854,0.6211300492286682,0.40862685441970825,0.006274519022554159,0.5970818400382996,0.4105669856071472,-0.0009632669389247894,0.6127088069915771,0.3872584402561188,-0.004361288622021675,0.6055682897567749,0.3878445327281952,-0.004824608098715544,0.6189283132553101,0.38914376497268677,-0.0019105549436062574,0.6225162744522095,0.3928277790546417,0.0007499835919588804,0.6260572671890259,0.4135233461856842,0.009815840050578117,0.5891593098640442,0.5180253982543945,0.011829711496829987,0.6208655834197998,0.4034216105937958,0.006882315967231989,0.6420578360557556,0.40792617201805115,0.035656340420246124,0.632064700126648,0.4065890610218048,0.015447740443050861,0.6042150259017944,0.44547533988952637,-0.0033141393214464188,0.580872654914856,0.47169557213783264,-0.012477903626859188,0.5795853137969971,0.47716620564460754,-0.009543410502374172,0.5876725316047668,0.4742402136325836,-0.00863718893378973,0.5919193029403687,0.4770468473434448,-0.003677928354591131,0.5852274298667908,0.47790372371673584,-0.006968318484723568,0.5893638134002686,0.4793201982975006,-0.002458712551742792,0.5968917608261108,0.4930751621723175,0.008248611353337765,0.5813140273094177,0.45325344800949097,-0.029558036476373672,0.5826825499534607,0.4454898536205292,-0.03182382881641388,0.6322667002677917,0.3826259970664978,0.00262777809984982,0.5944095253944397,0.42439642548561096,-0.006189980544149876,0.5926905870437622,0.45036789774894714,-0.015496142208576202,0.5933196544647217,0.44578081369400024,-0.014142670668661594,0.6212165951728821,0.4452674388885498,0.00453066173940897,0.5831209421157837,0.43505609035491943,-0.029214635491371155,0.6203734874725342,0.3735015094280243,-0.008466694504022598,0.6278718709945679,0.3762645125389099,-0.0033135034609586,0.6400101184844971,0.356498658657074,0.01699279248714447,0.5935028195381165,0.3819003105163574,-0.014212707988917828,0.5990906953811646,0.3913899064064026,-0.003293146612122655,0.6013700366020203,0.48456457257270813,0.008303642272949219,0.6238162517547607,0.478681355714798,0.0586126334965229,0.588272213935852,0.45462116599082947,-0.013218309730291367,0.5840669274330139,0.45670604705810547,-0.013352775946259499,0.5966435670852661,0.48353448510169983,0.007355823647230864,0.5949817299842834,0.48366501927375793,0.005635667592287064,0.6312143802642822,0.3697233498096466,-0.0010830765822902322,0.5924392342567444,0.4532545506954193,-0.012056577950716019,0.6092640161514282,0.3748171031475067,-0.012360534630715847,0.6107314229011536,0.36732661724090576,-0.014192750677466393,0.6193769574165344,0.3351796865463257,-0.00795948039740324,0.6357096433639526,0.36493119597435,0.0064538391306996346,0.6146790385246277,0.35160887241363525,-0.011667913757264614,0.6354246139526367,0.37819764018058777,0.007236149627715349,0.6399325132369995,0.3771304488182068,0.017526201903820038,0.5803270936012268,0.4747805595397949,-0.011647332459688187,0.5864554643630981,0.4762958586215973,-0.008015265688300133,0.5907122492790222,0.47827351093292236,-0.0035365119110792875,0.5869458913803101,0.4557397663593292,-0.011785347014665604,0.5958056449890137,0.48362183570861816,0.006429588887840509,0.5931294560432434,0.4900099039077759,0.0038831832353025675,0.5942428708076477,0.4837013781070709,0.0055403560400009155,0.5864954590797424,0.4527832269668579,-0.021256303414702415,0.5882058143615723,0.4798033833503723,-0.0013425466604530811,0.5841383934020996,0.47871384024620056,-0.004408108536154032,0.5789332985877991,0.47842293977737427,-0.006743615493178368,0.5789300203323364,0.5112743377685547,0.004188702907413244,0.5786864757537842,0.51097571849823,-0.0026010777801275253,0.5786172747612,0.5069985389709473,-0.004293116275221109,0.5782825946807861,0.5026503801345825,-0.003902049968019128,0.5777944922447205,0.49927300214767456,-0.0037786492612212896,0.5873454213142395,0.49309027194976807,0.0008982953731901944,0.5884730219841003,0.49421435594558716,0.0006230035796761513,0.5898393392562866,0.4960799813270569,0.0003272427129559219,0.5907930135726929,0.49806684255599976,0.0017107510939240456,0.596905529499054,0.47255200147628784,-0.0023268938530236483,0.6360582113265991,0.44081437587738037,0.06302636861801147,0.5904691815376282,0.4892752468585968,0.0038142602425068617,0.5918358564376831,0.4894973039627075,0.00363923073746264,0.5823673009872437,0.459529310464859,-0.012986172921955585,0.590427041053772,0.45722711086273193,-0.0074075739830732346,0.5831621885299683,0.45818352699279785,-0.013377106748521328,0.6000131964683533,0.42935872077941895,-0.0035819406621158123,0.6091464161872864,0.4354158639907837,-0.0010830756509676576,0.5938564538955688,0.44899851083755493,-0.010593119077384472,0.6325876712799072,0.3441449999809265,0.003778778249397874,0.6279169917106628,0.3560031056404114,-0.0031444972846657038,0.6227978467941284,0.36585789918899536,-0.008313597179949284,0.5922837853431702,0.5002149939537048,0.006541617214679718,0.5961644649505615,0.3702365458011627,-0.01733577623963356,0.6005055904388428,0.35005810856819153,-0.016654450446367264,0.6042423248291016,0.33000868558883667,-0.014961824752390385,0.6187520623207092,0.4120846390724182,0.003945535514503717,0.6319133043289185,0.4195232093334198,0.013606973923742771,0.5936317443847656,0.40795019268989563,-0.0005207970971241593,0.6278177499771118,0.39577537775039673,0.006323421373963356,0.5910331010818481,0.4190122187137604,-0.00868801586329937,0.5902239084243774,0.44789373874664307,-0.021393295377492905,0.6360772252082825,0.4246120750904083,0.020913677290081978,0.6286814212799072,0.4257538318634033,0.008776671253144741,0.6218708753585815,0.42885494232177734,0.0033564139157533646,0.6107812523841858,0.4273689389228821,0.0004702715377788991,0.6023626327514648,0.42349421977996826,-0.0014299351023510098,0.5961265563964844,0.4190818965435028,-0.003508324269205332,0.5848525762557983,0.4080938994884491,-0.01585381291806698,0.6332088112831116,0.4415265917778015,0.020765148103237152,0.6323626637458801,0.39378172159194946,0.009039243683218956,0.5791478753089905,0.456770658493042,-0.02657262794673443,0.5930498242378235,0.43256521224975586,-0.008075146935880184,0.6431653499603271,0.4054848551750183,0.05484955385327339,0.5916581153869629,0.41425514221191406,-0.004966332111507654,0.59425950050354,0.4489811956882477,-0.004887355025857687,0.6234844326972961,0.4032061696052551,0.008241995237767696,0.5907096266746521,0.44222918152809143,-0.019675424322485924,0.6309654712677002,0.45945441722869873,0.062367867678403854,0.5931881666183472,0.4048941135406494,0.0005099299596622586,0.5871961116790771,0.4378592371940613,-0.02552763558924198,0.6107603907585144,0.49862807989120483,0.030134791508316994,0.6086462140083313,0.5053316950798035,0.041325606405735016,0.6368445754051208,0.4416962265968323,0.04183831065893173,0.6184515357017517,0.4884912371635437,0.03595620393753052,0.6414198875427246,0.3915233016014099,0.0280840452760458,0.5888056755065918,0.5238670110702515,0.016045566648244858,0.5782727599143982,0.4580223262310028,-0.01882435940206051,0.5975853800773621,0.43851932883262634,-0.005340896546840668,0.6360318064689636,0.4082639813423157,0.021404175087809563,0.6138967275619507,0.409682959318161,0.001247599720954895,0.6087629795074463,0.41046154499053955,-0.0003596995084080845,0.5942488312721252,0.49068483710289,0.004937681835144758,0.6295266151428223,0.4569443464279175,0.0240816380828619,0.579232394695282,0.5331841111183167,0.018454622477293015,0.5938942432403564,0.5222234725952148,0.02841445989906788,0.6004014015197754,0.5151752829551697,0.03400353714823723,0.6033710837364197,0.4094429314136505,-0.0008290452533401549,0.5981882214546204,0.40730518102645874,-0.0003035880217794329,0.5948482751846313,0.405998170375824,0.0006195229361765087,0.6357234120368958,0.3915354907512665,0.014827619306743145,0.5991685390472412,0.3989175856113434,-0.001911240629851818,0.6047713160514832,0.3971051275730133,-0.002693485701456666,0.6102564930915833,0.39725518226623535,-0.002180124167352915,0.6152143478393555,0.39883121848106384,-0.00034271349431946874,0.6180908679962158,0.4007570743560791,0.0018334095366299152,0.6446031332015991,0.3869978189468384,0.043506767600774765,0.6170620918273926,0.40795373916625977,0.0032370304688811302,0.5920783281326294,0.4684339165687561,-0.006096188444644213,0.5884988903999329,0.45368197560310364,-0.015518397092819214,0.5826858878135681,0.46604958176612854,-0.01179677527397871,0.602932333946228,0.508296012878418,0.02610362507402897,0.5958908200263977,0.5157596468925476,0.021528664976358414,0.5799854397773743,0.5297092795372009,0.011119788512587547,0.6160335540771484,0.49408745765686035,0.050480522215366364,0.5950985550880432,0.4023194909095764,-0.000502775190398097,0.5873927474021912,0.4218502640724182,-0.016499515622854233,0.5871080160140991,0.5287002325057983,0.022464796900749207,0.6320292353630066,0.45869868993759155,0.04266384243965149,0.5830809473991394,0.4967100918292999,-0.0016833283007144928,0.5841174721717834,0.4990401268005371,-0.0018765736604109406,0.5850602388381958,0.5022570490837097,-0.002173598622903228,0.5856029391288757,0.5057733654975891,-0.0007076378096826375,0.586471438407898,0.5067635774612427,0.004754361696541309,0.5926185250282288,0.4812126159667969,0.0017774265725165606,0.5938571095466614,0.4806748032569885,0.0018629917176440358,0.5949614644050598,0.4799588918685913,0.0017942477716132998,0.6002108454704285,0.47793763875961304,0.0026699495501816273,0.6224856376647949,0.4617389440536499,0.012483653612434864,0.5879000425338745,0.41300517320632935,-0.011952675879001617,0.5907787084579468,0.3970089256763458,-0.0042768376879394054,0.5933411121368408,0.39864665269851685,-0.0018239705823361874,0.5915366411209106,0.48145216703414917,0.002458376344293356,0.6190738677978516,0.4790257513523102,0.02353011630475521,0.5870442390441895,0.3961883783340454,-0.011369851417839527,0.5879835486412048,0.5118291974067688,0.008738170377910137,0.5840886235237122,0.4177149534225464,-0.020852677524089813,0.5899056792259216,0.43480175733566284,-0.015424576587975025,0.5795867443084717,0.517119288444519,0.0063543543219566345,0.6004202365875244,0.49580109119415283,0.012208095751702785,0.5985161662101746,0.45539939403533936,-0.0025056577287614346,0.594633936882019,0.5045706629753113,0.010889393277466297,0.6120544075965881,0.4554080069065094,0.0003716919163707644,0.6031838655471802,0.4635627865791321,-0.00020739666069857776,0.6144964098930359,0.4675237238407135,0.006418869365006685,0.5802450776100159,0.5242162942886353,0.0076075284741818905,0.5922949314117432,0.4390351474285126,-0.01087873987853527,0.603299617767334,0.5010901689529419,0.018470291048288345,0.5960985422134399,0.5095532536506653,0.016090288758277893,0.6056949496269226,0.48604393005371094,0.011218834668397903,0.6254903078079224,0.4695568084716797,0.02757956087589264,0.6114465594291687,0.48740410804748535,0.017007997259497643,0.6261917948722839,0.47420933842658997,0.04199892282485962,0.6061035394668579,0.47294092178344727,0.003876387607306242,0.5900890827178955,0.42708832025527954,-0.011950594373047352,0.588295578956604,0.45158642530441284,-0.022476106882095337,0.590843141078949,0.4530617594718933,-0.01600903831422329,0.5867785215377808,0.44643574953079224,-0.026762906461954117,0.5962976813316345,0.38859814405441284,-0.006338080856949091,0.6069332957267761,0.38296347856521606,-0.006922514643520117,0.6158695220947266,0.3823200464248657,-0.005821527447551489,0.6226698160171509,0.3844146430492401,-0.002814495237544179,0.6267226338386536,0.3886863589286804,0.0012048882199451327,0.627257227897644,0.40463879704475403,0.01092091016471386,0.6402631402015686,0.4248724579811096,0.03911371901631355,0.623157799243927,0.4175735116004944,0.006902563851326704,0.6176415681838989,0.4200490117073059,0.0034501110203564167,0.6098494529724121,0.4201638698577881,0.0008490366162732244,0.6021504998207092,0.4178730547428131,-0.0008962587453424931,0.5961675643920898,0.4144188165664673,-0.0014503014972433448,0.5922427773475647,0.4111675024032593,-0.0022823531180620193,0.6399352550506592,0.4230043292045593,0.060807567089796066,0.5903940200805664,0.45461928844451904,-0.013038832694292068,0.5869772434234619,0.4297010600566864,-0.020281996577978134,0.5848734378814697,0.45218425989151,-0.02685079164803028,0.5817418694496155,0.4554818570613861,-0.024306904524564743,0.5846222639083862,0.4532281756401062,-0.024035483598709106,0.5888964533805847,0.4565073549747467,-0.010865135118365288,0.5807766914367676,0.45631012320518494,-0.025768784806132317,0.5798646807670593,0.45757779479026794,-0.018918735906481743,0.591499388217926,0.4048888683319092,-0.0003820538113359362,0.5893702507019043,0.40616846084594727,-0.0036749623250216246,0.588463544845581,0.40735262632369995,-0.007256028242409229,0.6196796298027039,0.40216565132141113,0.004075971432030201,0.6243987679481506,0.39707276225090027,0.00443229591473937,0.5487497448921204,0.39679786562919617,-0.0015674893511459231,0.5547518730163574,0.397612065076828,-0.0015674893511459231,0.5494405627250671,0.3891836106777191,-0.0015674893511459231,0.5426032543182373,0.39591673016548157,-0.0015674893511459231,0.5480310916900635,0.4043368399143219,-0.0015674893511459231,0.606948971748352,0.40207982063293457,0.0008854714105837047,0.6128859519958496,0.40254920721054077,0.0008854714105837047,0.6071835160255432,0.3945351839065552,0.0008854714105837047,0.6011126637458801,0.40158453583717346,0.0008854714105837047,0.6067649722099304,0.4096384048461914,0.0008854714105837047
300.0,0.5736827850341797,0.47272008657455444,-0.013375885784626007,0.5764275193214417,0.4528663456439972,-0.030249502509832382,0.5753450393676758,0.4591435194015503,-0.014835876412689686,0.5735397934913635,0.4248330295085907,-0.02505398914217949,0.577120840549469,0.4447811543941498,-0.032751183956861496,0.5778100490570068,0.43361449241638184,-0.03128562867641449,0.579330563545227,0.40547865629196167,-0.01848166063427925,0.5369639992713928,0.39775657653808594,0.0017839779611676931,0.5809507966041565,0.3814510703086853,-0.016436634585261345,0.5819078087806702,0.3695555329322815,-0.018761076033115387,0.5851321816444397,0.32705074548721313,-0.017363334074616432,0.5734254717826843,0.47504153847694397,-0.012509305961430073,0.5731722712516785,0.4770827293395996,-0.01052086241543293,0.5730113983154297,0.47826719284057617,-0.007572803180664778,0.5717270970344543,0.4993935823440552,-0.004438151605427265,0.5715110301971436,0.5031020641326904,-0.004577306564897299,0.5711768269538879,0.5074961185455322,-0.0049205259419977665,0.5708217024803162,0.5118163228034973,-0.0027742667589336634,0.5709046125411987,0.5114263892173767,0.004170295316725969,0.5759832262992859,0.45655766129493713,-0.027071647346019745,0.5708850622177124,0.455196350812912,-0.019417351111769676,0.516038715839386,0.3561903238296509,0.025062620639801025,0.5532389283180237,0.408479779958725,-0.0033754585310816765,0.5469672083854675,0.4085197448730469,-0.002981610596179962,0.5413090586662292,0.40648433566093445,-0.0014889211161062121,0.5344685316085815,0.39926111698150635,0.0030306540429592133,0.5587716698646545,0.40648967027664185,-0.0025584669783711433,0.5464354157447815,0.3783913850784302,-0.00686232652515173,0.5534335970878601,0.3807220757007599,-0.006823211442679167,0.5397630333900452,0.3791246712207794,-0.004795364569872618,0.535301685333252,0.382371723651886,-0.0023529105819761753,0.5294062495231628,0.40247225761413574,0.006278847344219685,0.550718367099762,0.5141984224319458,0.010884040035307407,0.5352990031242371,0.3942374885082245,0.003637587884441018,0.5114926695823669,0.3927139937877655,0.03080081380903721,0.5233267545700073,0.39344117045402527,0.01146021205931902,0.547394871711731,0.438915878534317,-0.00518679479137063,0.566183865070343,0.47063148021698,-0.01284092664718628,0.5661624073982239,0.47594884037971497,-0.009847849607467651,0.5586766600608826,0.4721333384513855,-0.00944844912737608,0.5534795522689819,0.4740288257598877,-0.004801559261977673,0.5601487755775452,0.4757751226425171,-0.007605831604450941,0.5554193258285522,0.4763413667678833,-0.003345979144796729,0.5471143126487732,0.4878365397453308,0.006924093700945377,0.5720107555389404,0.4521118104457855,-0.029901713132858276,0.5719531774520874,0.4441889822483063,-0.032224562019109726,0.5272305011749268,0.3695034384727478,-0.0011463385308161378,0.560671865940094,0.4204179644584656,-0.007519894745200872,0.5595430731773376,0.44658440351486206,-0.01675690896809101,0.5593369603157043,0.44186314940452576,-0.015418896451592445,0.5293043255805969,0.4347892999649048,0.0013882044004276395,0.5728058815002441,0.4338127374649048,-0.029715141281485558,0.541378378868103,0.3621230125427246,-0.011160099878907204,0.5331108570098877,0.3637857139110565,-0.006584692280739546,0.5233854651451111,0.3423522710800171,0.012689873576164246,0.5676108598709106,0.37596479058265686,-0.015240736305713654,0.559197723865509,0.3861047923564911,-0.004934187978506088,0.5439223051071167,0.478462815284729,0.006492069456726313,0.5164636373519897,0.46737146377563477,0.05444442108273506,0.5632688403129578,0.4517565965652466,-0.014090485870838165,0.5673533082008362,0.45467543601989746,-0.01382242888212204,0.5469246506690979,0.4788995385169983,0.0058647156693041325,0.5484820008277893,0.47930845618247986,0.004367442801594734,0.5301615595817566,0.356449693441391,-0.004595981910824776,0.5589736104011536,0.44940677285194397,-0.013272427022457123,0.5525936484336853,0.3653917908668518,-0.014233686961233616,0.552141010761261,0.3577027916908264,-0.01616007834672928,0.5498022437095642,0.3266465663909912,-0.01052267849445343,0.5275377035140991,0.35194095969200134,0.0025237235240638256,0.552394449710846,0.34395283460617065,-0.01396848913282156,0.5239711999893188,0.3640044927597046,0.0031746518798172474,0.520244836807251,0.362824022769928,0.013114899396896362,0.5660032033920288,0.47360965609550476,-0.011973465792834759,0.5593543648719788,0.47413888573646545,-0.00871983077377081,0.554381251335144,0.47528016567230225,-0.004498936235904694,0.5643368363380432,0.45313844084739685,-0.012555105611681938,0.5477024912834167,0.4791262149810791,0.005081749986857176,0.54994797706604,0.4862987995147705,0.0028663985431194305,0.5491911172866821,0.47948896884918213,0.004314371384680271,0.5660239458084106,0.45042070746421814,-0.022153262048959732,0.556357741355896,0.4769441485404968,-0.002206376986578107,0.5609663128852844,0.4766903221607208,-0.005043652839958668,0.5665415525436401,0.47721633315086365,-0.0070770494639873505,0.5629206895828247,0.5096745491027832,0.004142650403082371,0.5627904534339905,0.5095585584640503,-0.0027144276537001133,0.5634877681732178,0.5053959488868713,-0.004443317651748657,0.564386785030365,0.501034677028656,-0.004061327315866947,0.5653099417686462,0.49774110317230225,-0.003912550862878561,0.5558047890663147,0.4903005063533783,0.00019974813039880246,0.5545728206634521,0.49133574962615967,-7.585810089949518e-05,0.5529817342758179,0.4931063950061798,-0.0004178425879217684,0.5517382621765137,0.4951115846633911,0.0008803968084976077,0.5509718060493469,0.46741288900375366,-0.0037156599573791027,0.5099552869796753,0.42647454142570496,0.05824995040893555,0.5756831169128418,0.45787766575813293,-0.019308211281895638,0.5527308583259583,0.485874205827713,0.002829761942848563,0.5513187646865845,0.48594480752944946,0.002663984429091215,0.5687000751495361,0.4577498733997345,-0.013435717672109604,0.5602105259895325,0.45371562242507935,-0.008343654684722424,0.5680886507034302,0.4562550485134125,-0.013833073899149895,0.5539871454238892,0.4239453971385956,-0.005300532560795546,0.5437105894088745,0.42780277132987976,-0.0033342030365020037,0.5580236315727234,0.4448296129703522,-0.011904384940862656,0.5341095924377441,0.3321179151535034,0.0002244193892693147,0.537736713886261,0.34502601623535156,-0.006354627665132284,0.539668619632721,0.3542073369026184,-0.011133745312690735,0.5507538914680481,0.4959184527397156,0.0055337571538984776,0.5666858553886414,0.363604873418808,-0.018445482477545738,0.5670390129089355,0.3459419310092926,-0.01798819750547409,0.5662038326263428,0.32532814145088196,-0.016424836590886116,0.5367937684059143,0.403528094291687,0.0008901783148758113,0.5229716300964355,0.40637660026550293,0.009727059863507748,0.562476634979248,0.40446364879608154,-0.0019752932712435722,0.5293946266174316,0.3843362033367157,0.0027304317336529493,0.5652234554290771,0.41595903038978577,-0.009790402837097645,0.5629808902740479,0.4447757303714752,-0.022443709895014763,0.5161375403404236,0.4108165502548218,0.016535144299268723,0.5263774991035461,0.4136873781681061,0.005143275018781424,0.5335304141044617,0.41856545209884644,0.00032342851045541465,0.5447808504104614,0.41986045241355896,-0.0018466960173100233,0.5534688830375671,0.41817620396614075,-0.00320606236346066,0.5601387619972229,0.41529375314712524,-0.004894574172794819,0.5738268494606018,0.4067186117172241,-0.01642472669482231,0.5162795782089233,0.4282236397266388,0.016496757045388222,0.5249122381210327,0.38069093227386475,0.00510098272934556,0.5732903480529785,0.4559795558452606,-0.026857450604438782,0.5609923601150513,0.428791880607605,-0.009373504668474197,0.5091230869293213,0.38982534408569336,0.04982515424489975,0.5652208924293518,0.41160348057746887,-0.006096839439123869,0.5571996569633484,0.44464677572250366,-0.006177888717502356,0.532520592212677,0.39311519265174866,0.0048164185136556625,0.5630384087562561,0.4390407204627991,-0.020753728225827217,0.5120742321014404,0.44637617468833923,0.05781582370400429,0.5629475116729736,0.40138962864875793,-0.0010240682167932391,0.567828893661499,0.43561846017837524,-0.026325738057494164,0.5295400619506836,0.49033504724502563,0.027294497936964035,0.5295222401618958,0.49755603075027466,0.0383758470416069,0.5107852220535278,0.4274999499320984,0.03714384138584137,0.5224480628967285,0.47847437858581543,0.03246764838695526,0.515482485294342,0.37661874294281006,0.023422978818416595,0.5498144626617432,0.5200582146644592,0.014971383847296238,0.5736218094825745,0.45731672644615173,-0.01900218427181244,0.5551968812942505,0.43355435132980347,-0.006853834725916386,0.5183701515197754,0.39327800273895264,0.017037952318787575,0.5421068072319031,0.4028473496437073,-0.0014916975051164627,0.5471879839897156,0.404560387134552,-0.002761160722002387,0.5487681031227112,0.48688027262687683,0.003810108872130513,0.517167866230011,0.4443834722042084,0.02005559578537941,0.5584701895713806,0.5311325788497925,0.018061820417642593,0.5439697504043579,0.517470121383667,0.026773624122142792,0.5375983119010925,0.5091419816017151,0.03176348656415939,0.5835143327713013,0.3484436273574829,-0.018849093466997147,0.5688449740409851,0.5339696407318115,0.01703459955751896,0.5525549650192261,0.40439239144325256,-0.0028938022442162037,0.5577589273452759,0.40306341648101807,-0.002083549741655588,0.5611945986747742,0.4022083282470703,-0.000999427866190672,0.5208733677864075,0.37710684537887573,0.010543743148446083,0.5576381087303162,0.3937642574310303,-0.0037163267843425274,0.5523412823677063,0.39044374227523804,-0.004790217150002718,0.5471006035804749,0.38936495780944824,-0.004618145991116762,0.5419436097145081,0.39003631472587585,-0.0030988340731710196,0.538672149181366,0.3916175365447998,-0.0011432539904490113,0.5115019083023071,0.37121307849884033,0.03853899985551834,0.5389364957809448,0.40032240748405457,0.0002811801969073713,0.5748679637908936,0.4646691381931305,-0.012775824405252934,0.5568747520446777,0.4643982946872711,-0.0072295465506613255,0.5633940696716309,0.45080438256263733,-0.01642923802137375,0.5673419237136841,0.4640587866306305,-0.012257623486220837,0.5800268650054932,0.3932182192802429,-0.015454178676009178,0.5366690158843994,0.5016474723815918,0.023937249556183815,0.5432239770889282,0.5105400681495667,0.019921544939279556,0.5583743453025818,0.5275723934173584,0.010760050266981125,0.5227110385894775,0.4846302270889282,0.04688282310962677,0.5613526105880737,0.3983503580093384,-0.0021465965546667576,0.5692541599273682,0.41968801617622375,-0.017293138429522514,0.569168210029602,0.5303060412406921,0.010039789602160454,0.5506008267402649,0.5252341628074646,0.021387889981269836,0.5126525163650513,0.44555896520614624,0.03820730373263359,0.5600777268409729,0.4945622384548187,-0.0021369033493101597,0.5587713122367859,0.4967668056488037,-0.0023661546874791384,0.5574411153793335,0.4999685287475586,-0.0026657632552087307,0.5564171075820923,0.5036047101020813,-0.0012184112565591931,0.5557723045349121,0.5036974549293518,0.004140403121709824,0.551446795463562,0.47747674584388733,0.0006878736312501132,0.5503780841827393,0.4768349528312683,0.0006265738047659397,0.549505889415741,0.47603291273117065,0.00042647315422073007,0.5464317202568054,0.47206911444664,0.0009702677489258349,0.524559497833252,0.450837641954422,0.009181355126202106,0.5696554183959961,0.4107973575592041,-0.012760740704834461,0.5671495795249939,0.393746554851532,-0.005314307287335396,0.5638232827186584,0.3949490785598755,-0.003274950198829174,0.5524196028709412,0.4778273403644562,0.0013601266546174884,0.5245202779769897,0.46889784932136536,0.020255612209439278,0.5722700953483582,0.3936745226383209,-0.012103470042347908,0.5530112385749817,0.5083318948745728,0.008029304444789886,0.5783067345619202,0.42428532242774963,-0.026816748082637787,0.5736031532287598,0.4164234697818756,-0.02133014425635338,0.5787849426269531,0.4154664874076843,-0.022538872435688972,0.5645716190338135,0.4317866861820221,-0.016408277675509453,0.5697322487831116,0.5246292352676392,0.006491381675004959,0.5703327655792236,0.5174627304077148,0.005540729500353336,0.5610995292663574,0.5152862668037415,0.0062241083942353725,0.5425606369972229,0.4897129535675049,0.01059004943817854,0.5517568588256836,0.45004549622535706,-0.003996110986918211,0.5471794009208679,0.49969735741615295,0.009740202687680721,0.5375140905380249,0.44698455929756165,-0.001982779474928975,0.5456545352935791,0.45704594254493713,-0.001993386773392558,0.5326254367828369,0.45843273401260376,0.0038038284983485937,0.5592243671417236,0.5220934152603149,0.007321507669985294,0.5610145926475525,0.4353661835193634,-0.012069419026374817,0.5382313132286072,0.49440860748291016,0.01648998260498047,0.5445411801338196,0.5043642520904541,0.014690614305436611,0.5387545228004456,0.4788513481616974,0.009076008573174477,0.5189802646636963,0.45793506503105164,0.0237734317779541,0.5318118333816528,0.4789848327636719,0.014393854886293411,0.5161658525466919,0.46242982149124146,0.0378742590546608,0.540920078754425,0.4656606912612915,0.0018479768186807632,0.565238893032074,0.42413046956062317,-0.013028794899582863,0.5644537210464478,0.4488706886768341,-0.023452315479516983,0.5610799789428711,0.44966956973075867,-0.01707327924668789,0.56725013256073,0.4442031979560852,-0.0275042075663805,0.5627743601799011,0.3834145963191986,-0.007723183371126652,0.5530856251716614,0.37508299946784973,-0.00891016609966755,0.5443570613861084,0.37251052260398865,-0.008376249112188816,0.5370920896530151,0.3735787272453308,-0.005864446051418781,0.5319868922233582,0.3772353231906891,-0.002206457080319524,0.5284961462020874,0.3933001458644867,0.00727187842130661,0.5102527737617493,0.40994131565093994,0.03423766419291496,0.5322695374488831,0.4072839617729187,0.003618639660999179,0.5379782319068909,0.41127681732177734,0.0006063858745619655,0.5457789301872253,0.4133520722389221,-0.0014930326724424958,0.5535250902175903,0.4127800166606903,-0.002755745081230998,0.5597899556159973,0.4105394184589386,-0.0028999531641602516,0.5640766620635986,0.4081876575946808,-0.003504134714603424,0.5091650485992432,0.4078620672225952,0.0558975525200367,0.5609747767448425,0.4512770175933838,-0.01408078707754612,0.5688774585723877,0.4275585412979126,-0.021071122959256172,0.5682650804519653,0.45031994581222534,-0.027506105601787567,0.5706136226654053,0.4541438817977905,-0.024716734886169434,0.5680607557296753,0.4513126313686371,-0.024696119129657745,0.562079131603241,0.45343804359436035,-0.01172083429992199,0.5716242790222168,0.4551871716976166,-0.026111021637916565,0.571997344493866,0.4565771818161011,-0.019188597798347473,0.564911961555481,0.40174517035484314,-0.001703172456473112,0.5675109624862671,0.40370985865592957,-0.004702372942119837,0.5691750049591064,0.40535420179367065,-0.008104112930595875,0.5367833375930786,0.39293763041496277,0.0009761538822203875,0.5325764417648315,0.38655951619148254,0.0011443521361798048,0.5827438831329346,0.42583373188972473,-0.024688083678483963,0.6189008951187134,0.40605592727661133,0.004486811347305775,0.5806260704994202,0.45615559816360474,-0.01912112534046173,0.6432941555976868,0.37117040157318115,0.029039671644568443,0.6021080017089844,0.41334986686706543,-0.0016600738745182753,0.608352541923523,0.41445744037628174,-0.0008979999693110585,0.6141192317008972,0.4137648046016693,0.000905646535102278,0.6209403872489929,0.408608615398407,0.00585873331874609,0.5967734456062317,0.41042283177375793,-0.0012192699359729886,0.6125195026397705,0.3872114419937134,-0.0047099473886191845,0.6054138541221619,0.3878176212310791,-0.005130612291395664,0.6187133193016052,0.3890654444694519,-0.0022974812891334295,0.6223009824752808,0.39273011684417725,0.00034360933932475746,0.625819981098175,0.4134654700756073,0.009379497729241848,0.5889432430267334,0.517815113067627,0.01208848413079977,0.6207264065742493,0.4033789336681366,0.00646553747355938,0.6417971849441528,0.40754374861717224,0.0350835882127285,0.6320074796676636,0.40648552775382996,0.014956777915358543,0.6038825511932373,0.4450537860393524,-0.003536671632900834,0.5811630487442017,0.47177553176879883,-0.012452838011085987,0.5799203515052795,0.47701963782310486,-0.00951354205608368,0.5877146124839783,0.47421613335609436,-0.008626392111182213,0.5918758511543274,0.4769125282764435,-0.003616699017584324,0.585416316986084,0.4777361750602722,-0.00693525793030858,0.5894675850868225,0.47911885380744934,-0.0023777747992426157,0.5968344807624817,0.4926145672798157,0.008451317436993122,0.5807511806488037,0.45298337936401367,-0.02965044230222702,0.582095205783844,0.4452192187309265,-0.03193456307053566,0.6322287917137146,0.38226252794265747,0.002117287600412965,0.5939918756484985,0.4240691363811493,-0.006406384985893965,0.5922592282295227,0.44999590516090393,-0.01566830649971962,0.5928924083709717,0.445399671792984,-0.014322074130177498,0.6209273338317871,0.44476911425590515,0.004185060504823923,0.5825385451316833,0.4348016381263733,-0.02935107611119747,0.6203101873397827,0.37322479486465454,-0.00888463668525219,0.6278348565101624,0.37591302394866943,-0.003796578384935856,0.639639675617218,0.3562065064907074,0.016261430457234383,0.5932597517967224,0.3819175362586975,-0.014475145377218723,0.5989373326301575,0.3913768529891968,-0.0035624606534838676,0.6013157367706299,0.4839434027671814,0.00840472336858511,0.6237062215805054,0.4782964289188385,0.05821838602423668,0.587852418422699,0.4542746841907501,-0.013355637900531292,0.5836306810379028,0.45636221766471863,-0.01344586443156004,0.5965420007705688,0.4831242561340332,0.00751354917883873,0.5949566960334778,0.4832755923271179,0.005823400337249041,0.6312517523765564,0.3693159818649292,-0.0015969458036124706,0.5920493006706238,0.45284780859947205,-0.012217211537063122,0.6091417670249939,0.37468448281288147,-0.012709688395261765,0.6106457710266113,0.36717653274536133,-0.014561427757143974,0.6188650131225586,0.33497312664985657,-0.008520849049091339,0.6352575421333313,0.3647233843803406,0.005897073075175285,0.6141012907028198,0.3514590561389923,-0.012095358222723007,0.6354578733444214,0.37784093618392944,0.006687717512249947,0.6395499110221863,0.3768634498119354,0.016939127817749977,0.580641508102417,0.47476404905319214,-0.011613710783421993,0.5865719318389893,0.4761982858181,-0.007984492927789688,0.5907452702522278,0.47810062766075134,-0.003459762316197157,0.5865359902381897,0.4553835093975067,-0.011904483661055565,0.595741331577301,0.4832156002521515,0.0066036684438586235,0.593020498752594,0.4896481931209564,0.004131590481847525,0.5942363739013672,0.48333027958869934,0.0057339053601026535,0.5860005021095276,0.45249155163764954,-0.021398520097136497,0.5883439183235168,0.4796055257320404,-0.0012675735633820295,0.5843499898910522,0.47852084040641785,-0.004381489008665085,0.5792586803436279,0.47821223735809326,-0.006729472428560257,0.5787103176116943,0.511282742023468,0.0044764988124370575,0.5788272619247437,0.5106239318847656,-0.0023401929065585136,0.5788367390632629,0.5063902139663696,-0.0040632993914186954,0.5785412192344666,0.5019582509994507,-0.0036931501235812902,0.5780442357063293,0.49857452511787415,-0.0035633821971714497,0.5873944163322449,0.49259915947914124,0.001125639071688056,0.5884841680526733,0.4937261939048767,0.0008619999280199409,0.5897619724273682,0.4956595003604889,0.0005911149200983346,0.5906266570091248,0.49782606959342957,0.0019886286463588476,0.5967224836349487,0.4720102846622467,-0.0023151219356805086,0.6359394192695618,0.44039660692214966,0.062429845333099365,0.5904762744903564,0.4888900816440582,0.004046937450766563,0.5917972326278687,0.48909538984298706,0.003881431883201003,0.5819376707077026,0.45917537808418274,-0.013054086826741695,0.5900837182998657,0.45679160952568054,-0.007524344604462385,0.5827276706695557,0.45783376693725586,-0.013462613336741924,0.5996273756027222,0.42897576093673706,-0.0038288854993879795,0.6087957620620728,0.4349750876426697,-0.0013843791093677282,0.5934693217277527,0.4485897719860077,-0.010765440762043,0.6321406364440918,0.343899667263031,0.003123846370726824,0.6273941993713379,0.35583215951919556,-0.003645310876891017,0.6227951645851135,0.3655531406402588,-0.008758313953876495,0.5921814441680908,0.49994784593582153,0.006804938893765211,0.5959746837615967,0.3702879846096039,-0.017622975632548332,0.5999183058738708,0.34991639852523804,-0.0169994980096817,0.6036954522132874,0.3298398554325104,-0.015413290821015835,0.6184918880462646,0.4120579957962036,0.0035468260757625103,0.6316796541213989,0.419414758682251,0.01314761582762003,0.5933509469032288,0.4078276455402374,-0.0007682494469918311,0.6276888251304626,0.3956094980239868,0.0058675892651081085,0.5905837416648865,0.4187306761741638,-0.00889325886964798,0.5897299647331238,0.44757336378097534,-0.02155744656920433,0.6357693672180176,0.4241771101951599,0.020420605316758156,0.6282728910446167,0.42563027143478394,0.008361599408090115,0.6213385462760925,0.4286973774433136,0.003001944161951542,0.6102167367935181,0.42720311880111694,0.00016874393622856587,0.6018364429473877,0.42332923412323,-0.0016838397132232785,0.5956236720085144,0.41892698407173157,-0.0037361665163189173,0.5843315124511719,0.4078809916973114,-0.016041938215494156,0.6329266428947449,0.44102928042411804,0.020317992195487022,0.6323129534721375,0.3935675621032715,0.008537033572793007,0.5786104202270508,0.4564918577671051,-0.026651538908481598,0.5926384925842285,0.43222421407699585,-0.008272121660411358,0.6429933309555054,0.40505892038345337,0.05411503091454506,0.5911740660667419,0.4141186773777008,-0.005180902313441038,0.5939090847969055,0.4485516846179962,-0.005039141979068518,0.6233350038528442,0.4031607210636139,0.007809184025973082,0.5902278423309326,0.4418994188308716,-0.019848158583045006,0.6308441162109375,0.45904451608657837,0.061853788793087006,0.5929813385009766,0.40480613708496094,0.00025682919658720493,0.5866531133651733,0.4375752806663513,-0.02568702958524227,0.6105489134788513,0.49823492765426636,0.030094385147094727,0.6084873080253601,0.5049977898597717,0.04119919613003731,0.6366071701049805,0.4412510097026825,0.04134243726730347,0.6182478666305542,0.48807492852211,0.035766858607530594,0.6410961747169495,0.39118602871894836,0.027490248903632164,0.5885666608810425,0.5236352682113647,0.016282854601740837,0.5777604579925537,0.45773255825042725,-0.01888424903154373,0.5972208380699158,0.4381255805492401,-0.005548818502575159,0.6360870599746704,0.40816327929496765,0.020875509828329086,0.6136471629142761,0.40962496399879456,0.0008925778674893081,0.6084926724433899,0.4103591740131378,-0.0006870458601042628,0.5940589308738708,0.49041831493377686,0.005174516700208187,0.6292925477027893,0.456448495388031,0.023704396560788155,0.579020082950592,0.532958984375,0.018760429695248604,0.5937240719795227,0.5219618678092957,0.02853679284453392,0.6002399921417236,0.5148831009864807,0.03402100130915642,0.6031075119972229,0.40930259227752686,-0.0011286981170997024,0.5979442596435547,0.40715456008911133,-0.0005802385276183486,0.5946180820465088,0.40587326884269714,0.0003539642202667892,0.6357688307762146,0.3913433849811554,0.014286354184150696,0.5990496277809143,0.39891818165779114,-0.0021968595683574677,0.6046732068061829,0.3971328139305115,-0.003009519539773464,0.6101282238960266,0.39728182554244995,-0.002527855569496751,0.6150675415992737,0.3988494873046875,-0.000718535971827805,0.6179417371749878,0.4007645845413208,0.0014450622256845236,0.6443474292755127,0.38659602403640747,0.04273984208703041,0.6168476939201355,0.4079273045063019,0.002856325823813677,0.5918159484863281,0.4679452180862427,-0.006135665345937014,0.5880605578422546,0.45335549116134644,-0.01565718464553356,0.5823140740394592,0.4656382203102112,-0.011819827370345592,0.6027198433876038,0.5079579949378967,0.0261978879570961,0.5956633687019348,0.5154706239700317,0.021703459322452545,0.5797276496887207,0.5295217633247375,0.01143397856503725,0.6159007549285889,0.4937313497066498,0.05019353702664375,0.5949206948280334,0.40225955843925476,-0.0007725823670625687,0.5868822336196899,0.42159944772720337,-0.016676101833581924,0.5869150757789612,0.5284588932991028,0.022678256034851074,0.6318164467811584,0.45825329422950745,0.04224573075771332,0.5832104086875916,0.4960858225822449,-0.0014701656764373183,0.5842235088348389,0.49841558933258057,-0.0016543441452085972,0.585087776184082,0.5017288327217102,-0.0019194406922906637,0.5855446457862854,0.5054731965065002,-0.0004248025070410222,0.586324155330658,0.5066627264022827,0.005039661191403866,0.5926578044891357,0.48094409704208374,0.0019060452468693256,0.593821108341217,0.48041507601737976,0.001987829338759184,0.5948584675788879,0.47972455620765686,0.0019057061290368438,0.6001035571098328,0.4773310422897339,0.0027260531205683947,0.6222497224807739,0.4612414240837097,0.01218496635556221,0.5874130129814148,0.4127657115459442,-0.012152010574936867,0.5905194282531738,0.39699989557266235,-0.0045021106489002705,0.593134880065918,0.3986292779445648,-0.002075361320748925,0.5916122198104858,0.48120802640914917,0.0025920048356056213,0.6188843846321106,0.47856494784355164,0.02333417907357216,0.5866720080375671,0.396190881729126,-0.011573716066777706,0.5877993106842041,0.5116443634033203,0.009018154814839363,0.583540141582489,0.4174897372722626,-0.02101411297917366,0.5894390940666199,0.43449121713638306,-0.015598793514072895,0.5793535709381104,0.5170372128486633,0.0066772750578820705,0.600265622138977,0.49534499645233154,0.012372877448797226,0.5982048511505127,0.4549522399902344,-0.0026497370563447475,0.5944773554801941,0.50425124168396,0.01113226730376482,0.6117691397666931,0.45495373010635376,0.00014612107770517468,0.6029219031333923,0.4630870223045349,-0.0003058259026147425,0.614257276058197,0.4670317769050598,0.006248622201383114,0.5799949765205383,0.5240731239318848,0.007930807769298553,0.5918779373168945,0.4386754631996155,-0.011057177558541298,0.6031027436256409,0.5006985664367676,0.018583502620458603,0.5958943367004395,0.5092456340789795,0.016293736174702644,0.6055342555046082,0.4854816496372223,0.011254839599132538,0.6252894997596741,0.46907904744148254,0.02728131413459778,0.6112536191940308,0.4869311451911926,0.01696634478867054,0.6259894967079163,0.47377729415893555,0.0416727252304554,0.6059098839759827,0.4723733961582184,0.0038165259175002575,0.5896276831626892,0.42679738998413086,-0.012138159945607185,0.5877977013587952,0.45128756761550903,-0.0226290263235569,0.5904113054275513,0.45271021127700806,-0.016162052750587463,0.5862265229225159,0.44614967703819275,-0.026918698102235794,0.5961022973060608,0.3886076509952545,-0.006595786660909653,0.60677570104599,0.3828800320625305,-0.007242053747177124,0.6157004237174988,0.38218992948532104,-0.006189754232764244,0.6224972605705261,0.3842310607433319,-0.0032272087410092354,0.6265783309936523,0.38847529888153076,0.0007617228548042476,0.6271318197250366,0.4045396149158478,0.010463285259902477,0.6400112509727478,0.42445632815361023,0.038568027317523956,0.6228342056274414,0.41751617193222046,0.006498034577816725,0.6172299981117249,0.41994988918304443,0.003090691054239869,0.6094173789024353,0.42003902792930603,0.0005379804642871022,0.6017408967018127,0.4177297353744507,-0.0011566447792574763,0.5957745909690857,0.41428178548812866,-0.0016881272895261645,0.5918592810630798,0.41104841232299805,-0.0024993508122861385,0.6398180723190308,0.42257750034332275,0.060132067650556564,0.589988648891449,0.4542387127876282,-0.013184662908315659,0.5864496231079102,0.42943620681762695,-0.02045007050037384,0.5843311548233032,0.4519069194793701,-0.026973996311426163,0.5812248587608337,0.4551965892314911,-0.024397023022174835,0.5841059684753418,0.45294588804244995,-0.024155056104063988,0.5885173678398132,0.45611199736595154,-0.010988157242536545,0.58024662733078,0.45602771639823914,-0.02585204318165779,0.5793629288673401,0.4572805166244507,-0.018987521529197693,0.5912468433380127,0.40480729937553406,-0.0006166038219816983,0.589023232460022,0.40608516335487366,-0.003885485464707017,0.5880206227302551,0.4072640538215637,-0.007463516667485237,0.6195304989814758,0.4021533131599426,0.003671750659123063,0.6242198348045349,0.39698004722595215,0.00400939118117094,0.5485869646072388,0.3964323103427887,-0.0015055113472044468,0.5546403527259827,0.3972523808479309,-0.0015055113472044468,0.549319326877594,0.3888055086135864,-0.0015055113472044468,0.5424094200134277,0.39554527401924133,-0.0015055113472044468,0.5478311777114868,0.4040006697177887,-0.0015055113472044468,0.6067431569099426,0.4019036293029785,0.0005504701985046268,0.612628161907196,0.40237221121788025,0.0005504701985046268,0.6069909930229187,0.3945200741291046,0.0005504701985046268,0.6009512543678284,0.40139883756637573,0.0005504701985046268,0.6065333485603333,0.40930572152137756,0.0005504701985046268
333.3333333333333,0.5735986828804016,0.4726751744747162,-0.013356568291783333,0.576393187046051,0.4529944360256195,-0.03033880516886711,0.5752970576286316,0.45919471979141235,-0.014875099062919617,0.573459267616272,0.4247855246067047,-0.02513750270009041,0.5770763158798218,0.4448745548725128,-0.03285345062613487,0.5777521133422852,0.4336341917514801,-0.03138997033238411,0.5792394876480103,0.4053218960762024,-0.01854727417230606,0.5368688702583313,0.39744287729263306,0.0018156518926844,0.5808475017547607,0.38121214509010315,-0.016471590846776962,0.5817961692810059,0.36929431557655334,-0.018800871446728706,0.5849505662918091,0.32670897245407104,-0.017410146072506905,0.5733588337898254,0.4750170409679413,-0.012475669384002686,0.5731081962585449,0.47703251242637634,-0.010480926372110844,0.5729191303253174,0.4781797528266907,-0.007530954200774431,0.5718791484832764,0.49862486124038696,-0.0045264423824846745,0.5716630220413208,0.5025859475135803,-0.0046847183257341385,0.5713303685188293,0.5072358250617981,-0.005061964970082045,0.5709581971168518,0.5117396712303162,-0.0029708868823945522,0.5709009766578674,0.5109675526618958,0.003926012199372053,0.5759506225585938,0.4566754698753357,-0.02714747004210949,0.5707999467849731,0.45527034997940063,-0.019466614350676537,0.5159196853637695,0.35581308603286743,0.02514270320534706,0.5530252456665039,0.40829625725746155,-0.0033673362340778112,0.5467804074287415,0.40829211473464966,-0.0029679483268409967,0.541145920753479,0.4062191843986511,-0.0014662471367046237,0.5343645215034485,0.3989717960357666,0.0030711591243743896,0.5585362911224365,0.4063342809677124,-0.0025436370633542538,0.5463653206825256,0.3781222105026245,-0.006861588917672634,0.5533328056335449,0.3804768919944763,-0.006820064038038254,0.5397072434425354,0.3788394331932068,-0.004785360302776098,0.5352515578269958,0.382087767124176,-0.002332889474928379,0.5292806029319763,0.4022221565246582,0.006338563747704029,0.5507324934005737,0.5139095187187195,0.010738683864474297,0.5352258086204529,0.3939259648323059,0.0036769055295735598,0.5114021301269531,0.3923938274383545,0.030932290479540825,0.5232027769088745,0.39327970147132874,0.011537369340658188,0.5472531318664551,0.43875443935394287,-0.005194312892854214,0.5659456253051758,0.47020578384399414,-0.012834887951612473,0.5660461187362671,0.4756879508495331,-0.009810201823711395,0.5584111213684082,0.47132718563079834,-0.009428199380636215,0.5532857179641724,0.47312575578689575,-0.004766118712723255,0.5600100159645081,0.4752453863620758,-0.007559632416814566,0.5553434491157532,0.47566527128219604,-0.0032905067782849073,0.5469537973403931,0.4874356687068939,0.00692422641441226,0.5719523429870605,0.45223045349121094,-0.02998974733054638,0.5718874931335449,0.44426554441452026,-0.032325584441423416,0.5272352695465088,0.369376003742218,-0.0011185877956449986,0.5605606436729431,0.42025336623191833,-0.007524647284299135,0.5593981146812439,0.4465443789958954,-0.016796713694930077,0.559196949005127,0.4417932331562042,-0.015454781241714954,0.5291417837142944,0.4345458447933197,0.001439061132259667,0.5727307200431824,0.43382567167282104,-0.029813140630722046,0.5414144992828369,0.3619536757469177,-0.01116818469017744,0.5331396460533142,0.3636230230331421,-0.00657279510051012,0.5232171416282654,0.34198200702667236,0.012737337499856949,0.5675551891326904,0.37585872411727905,-0.015270148403942585,0.5590545535087585,0.3858853876590729,-0.004925886634737253,0.5436980724334717,0.4780903458595276,0.006523400079458952,0.5163966417312622,0.4670850336551666,0.0546455904841423,0.563129186630249,0.45173656940460205,-0.014126558788120747,0.5672388076782227,0.45467662811279297,-0.013853366486728191,0.5469455122947693,0.4782397150993347,0.005921707954257727,0.548554539680481,0.4786356985569,0.004421881400048733,0.5302177667617798,0.3563271760940552,-0.004579474683851004,0.5588197708129883,0.44933584332466125,-0.013300629332661629,0.5526136159896851,0.3652585446834564,-0.014256667345762253,0.5521843433380127,0.3575555682182312,-0.016192300245165825,0.5495887398719788,0.32629361748695374,-0.010544507764279842,0.5273665189743042,0.3516220152378082,0.002560319844633341,0.552201509475708,0.3436547815799713,-0.013990575447678566,0.5239795446395874,0.3639233112335205,0.003212215844541788,0.520111083984375,0.3624981641769409,0.013181226328015327,0.56583172082901,0.47332391142845154,-0.011949854902923107,0.5591645240783691,0.4735110104084015,-0.008683896623551846,0.5542534589767456,0.4745115041732788,-0.004452788271009922,0.5642008781433105,0.45311155915260315,-0.012582466006278992,0.5477522611618042,0.4784630239009857,0.005138332024216652,0.5499592423439026,0.4854491353034973,0.002871703589335084,0.5492829084396362,0.47879427671432495,0.0043658483773469925,0.5659154057502747,0.4504755139350891,-0.022214306518435478,0.5563223361968994,0.47633811831474304,-0.0021474251989275217,0.5608843564987183,0.47622114419937134,-0.0049903965555131435,0.5664519667625427,0.47698432207107544,-0.007034031208604574,0.562913715839386,0.5092266798019409,0.003911835141479969,0.5628198385238647,0.5093782544136047,-0.002899057464674115,0.5635585784912109,0.5050033330917358,-0.004586459137499332,0.5644993782043457,0.5003624558448792,-0.004167129751294851,0.5654284358024597,0.4968166947364807,-0.003998955711722374,0.5559284687042236,0.4891342222690582,0.00016583438264206052,0.5546473860740662,0.4903506338596344,-0.00012863098527304828,0.5529981255531311,0.4922897517681122,-0.0004882067150902003,0.551679253578186,0.4944251775741577,0.0008085030713118613,0.55078125,0.4672263264656067,-0.0036853444762527943,0.5098795890808105,0.4261557459831238,0.058444101363420486,0.5756455659866333,0.4579688012599945,-0.019355421885848045,0.5528298020362854,0.4848158359527588,0.0028397678397595882,0.5513811111450195,0.484999418258667,0.002667161636054516,0.5686037540435791,0.45775917172431946,-0.013474452309310436,0.560066282749176,0.45362862944602966,-0.008364255540072918,0.5679832100868225,0.45626169443130493,-0.013866384513676167,0.553867518901825,0.4237653315067291,-0.00529409060254693,0.5435782670974731,0.4276008605957031,-0.0033163034822791815,0.5578758120536804,0.44473549723625183,-0.011928390711545944,0.5339065790176392,0.3317558169364929,0.000238648455706425,0.5375446081161499,0.3447197377681732,-0.006348637863993645,0.5397335290908813,0.3540337383747101,-0.011144302785396576,0.5506579875946045,0.4955061078071594,0.005464639980345964,0.5666701793670654,0.36346331238746643,-0.018489358946681023,0.5668626427650452,0.3456452488899231,-0.018026692792773247,0.5660004615783691,0.32498013973236084,-0.016466395929455757,0.5366581082344055,0.40324804186820984,0.0009233478922396898,0.5228157043457031,0.4061639904975891,0.009804348461329937,0.5622367262840271,0.40431344509124756,-0.0019582323729991913,0.5293373465538025,0.3841245770454407,0.0027711214497685432,0.5651158094406128,0.4158003628253937,-0.009806272573769093,0.5628648996353149,0.44479015469551086,-0.022506773471832275,0.5160130858421326,0.41053539514541626,0.016638528555631638,0.526224672794342,0.41341784596443176,0.005206249188631773,0.533359944820404,0.4182630181312561,0.00036479931441135705,0.5445780754089355,0.4195997714996338,-0.0018222291255369782,0.5532548427581787,0.41795626282691956,-0.0031930808909237385,0.5599325299263,0.415080726146698,-0.00488746352493763,0.573725163936615,0.4065629541873932,-0.016477975994348526,0.516139566898346,0.4279416799545288,0.016606243327260017,0.5248451828956604,0.38055190443992615,0.005152181256562471,0.5732393264770508,0.45609161257743835,-0.026931777596473694,0.5608785152435303,0.4286637008190155,-0.009385783225297928,0.5090575218200684,0.3894621729850769,0.049971386790275574,0.5650285482406616,0.4113759696483612,-0.006094826385378838,0.5570505857467651,0.44452202320098877,-0.00618603453040123,0.532450795173645,0.39282846450805664,0.004862804897129536,0.5629220604896545,0.4390130937099457,-0.02081253007054329,0.5120037794113159,0.44608721137046814,0.058019112795591354,0.5627235174179077,0.40123990178108215,-0.0010051047429442406,0.5677363276481628,0.4356144368648529,-0.026409760117530823,0.5294554233551025,0.49004611372947693,0.02735825441777706,0.5295146703720093,0.49727630615234375,0.03848026320338249,0.5106890201568604,0.4272063672542572,0.03731108456850052,0.5223236680030823,0.47818878293037415,0.032586488872766495,0.5153772830963135,0.37629204988479614,0.02352306805551052,0.5498714447021484,0.5197679996490479,0.014844844117760658,0.5735663175582886,0.4574066996574402,-0.01904875412583351,0.5550680160522461,0.4334059953689575,-0.006859163288027048,0.5181800723075867,0.3931664824485779,0.017131272703409195,0.54195636510849,0.402567058801651,-0.0014711644034832716,0.5470045804977417,0.40431448817253113,-0.002746053272858262,0.5487180948257446,0.4860973358154297,0.0038230738136917353,0.5170069932937622,0.44411322474479675,0.020177237689495087,0.5585740208625793,0.5307876467704773,0.01790936477482319,0.5440565943717957,0.5171911716461182,0.02673322707414627,0.5376478433609009,0.5088692903518677,0.03179233521223068,0.5833641886711121,0.3481481671333313,-0.018894266337156296,0.5689266920089722,0.5336043834686279,0.016874141991138458,0.5523449182510376,0.404188871383667,-0.0028808785136789083,0.5575295686721802,0.4029064178466797,-0.0020668243523687124,0.5609592199325562,0.40206682682037354,-0.0009785365546122193,0.5207802653312683,0.3770282566547394,0.010607198812067509,0.5574617981910706,0.3935452699661255,-0.003707731841132045,0.5521939396858215,0.39017999172210693,-0.0047826822847127914,0.5469799637794495,0.38906073570251465,-0.004608771298080683,0.5418385863304138,0.38970693945884705,-0.0030848700553178787,0.5385787487030029,0.3912833631038666,-0.0011236154241487384,0.5114209055900574,0.37083548307418823,0.038652241230010986,0.5388134717941284,0.4000190198421478,0.0003080163151025772,0.5748134851455688,0.4647102355957031,-0.012805202975869179,0.556727945804596,0.46428608894348145,-0.007229574955999851,0.5632611513137817,0.45080697536468506,-0.016469622030854225,0.5672470927238464,0.4640568196773529,-0.01229266356676817,0.5799278616905212,0.39300718903541565,-0.01550101488828659,0.5366495847702026,0.501368522644043,0.02394426055252552,0.5432494878768921,0.5102633833885193,0.019862476736307144,0.5584484338760376,0.5272535681724548,0.010577707551419735,0.5226635336875916,0.4843408763408661,0.04705250263214111,0.5611481070518494,0.3981720209121704,-0.002130991080775857,0.5691572427749634,0.41958361864089966,-0.017344333231449127,0.569237232208252,0.529955267906189,0.009846527129411697,0.5507065057754517,0.5249288082122803,0.021280020475387573,0.5125498175621033,0.44527608156204224,0.03837820142507553,0.5601950883865356,0.49345046281814575,-0.0021993564441800117,0.5588575601577759,0.4958963990211487,-0.002451368374750018,0.5574659705162048,0.4993396997451782,-0.0027798523660749197,0.5563712120056152,0.5031988620758057,-0.0013499410124495625,0.5557289719581604,0.5032633543014526,0.003993022721260786,0.5514476299285889,0.476785808801651,0.0007472036522813141,0.5503263473510742,0.4760908782482147,0.0006854909588582814,0.5493907332420349,0.47520920634269714,0.00048241973854601383,0.5462004542350769,0.47178709506988525,0.0010132387978956103,0.5243618488311768,0.450590580701828,0.009252374060451984,0.5695512294769287,0.41064193844795227,-0.012794030830264091,0.5669753551483154,0.3935546278953552,-0.005306833423674107,0.5636254549026489,0.3947598338127136,-0.0032582473941147327,0.5524735450744629,0.4771847426891327,0.0014212917303666472,0.5243310332298279,0.468628853559494,0.020339524373412132,0.5721269845962524,0.3934520483016968,-0.012132001109421253,0.5529957413673401,0.5079892873764038,0.007869327440857887,0.5782374739646912,0.4242411255836487,-0.02690870687365532,0.5735130310058594,0.41632410883903503,-0.021403178572654724,0.5787047743797302,0.41536906361579895,-0.022618602961301804,0.5644678473472595,0.43171226978302,-0.016451019793748856,0.5697769522666931,0.5242824554443359,0.0062680975534021854,0.5703517198562622,0.5170714259147644,0.0053019896149635315,0.5611125826835632,0.5149193406105042,0.005997243337333202,0.542447566986084,0.48938268423080444,0.010578582063317299,0.5515962243080139,0.4498954117298126,-0.00400312477722764,0.5471277236938477,0.49936819076538086,0.009655946865677834,0.5373311042785645,0.4467875063419342,-0.001986837713047862,0.5454683303833008,0.456862211227417,-0.0019865010399371386,0.5324069261550903,0.45819881558418274,0.0038215520326048136,0.5592637658119202,0.5217803716659546,0.007111405488103628,0.5608944892883301,0.43526777625083923,-0.012094229459762573,0.5381600856781006,0.49411338567733765,0.016484824940562248,0.5445228815078735,0.5040733814239502,0.014615006744861603,0.5385730266571045,0.4785318076610565,0.009096851572394371,0.5188100934028625,0.4576692283153534,0.0238959938287735,0.531650185585022,0.4786904752254486,0.014432271011173725,0.5160521268844604,0.46215206384658813,0.038038793951272964,0.5406904220581055,0.46540018916130066,0.0018684016540646553,0.5651350021362305,0.42401736974716187,-0.013057133182883263,0.564341127872467,0.4489173889160156,-0.023518381640315056,0.560938835144043,0.4496523141860962,-0.017113791778683662,0.5671584606170654,0.4442608654499054,-0.02758597768843174,0.5626673102378845,0.38324958086013794,-0.007721464615315199,0.5530388355255127,0.37487858533859253,-0.008910845033824444,0.5443360209465027,0.3722691833972931,-0.008374534547328949,0.5370765924453735,0.3733229339122772,-0.0058524287305772305,0.5319580435752869,0.3770001232624054,-0.0021809071768075228,0.528407096862793,0.39307382702827454,0.007330946624279022,0.5101605653762817,0.40963828563690186,0.03438880294561386,0.5321327447891235,0.40701091289520264,0.003666880074888468,0.5378119945526123,0.4110066890716553,0.0006395250093191862,0.5455825924873352,0.41312137246131897,-0.0014704068889841437,0.55330890417099,0.4125906229019165,-0.0027447626926004887,0.5595691204071045,0.4103718400001526,-0.0028843428008258343,0.5638602375984192,0.4080065190792084,-0.0034917863085865974,0.5090944766998291,0.40751656889915466,0.05606752634048462,0.5608274936676025,0.4512321650981903,-0.014112135395407677,0.5687866806983948,0.4275018870830536,-0.021135425195097923,0.5681781768798828,0.4504142999649048,-0.027586380019783974,0.5705340504646301,0.4542372226715088,-0.024785200133919716,0.5679646730422974,0.45139482617378235,-0.024767126888036728,0.5619378089904785,0.45338138937950134,-0.011747743934392929,0.5715582370758057,0.45529234409332275,-0.02618306502699852,0.5719252824783325,0.45665791630744934,-0.019236493855714798,0.5646839141845703,0.40157902240753174,-0.0016842054901644588,0.567302405834198,0.40351420640945435,-0.004694411996752024,0.5689932703971863,0.4051150679588318,-0.00811208225786686,0.5367047190666199,0.39261141419410706,0.0010037210304290056,0.5325198173522949,0.3862908184528351,0.001174117554910481,0.5826914310455322,0.42578572034835815,-0.0247715562582016,0.6188297867774963,0.4057762920856476,0.004518069792538881,0.580634593963623,0.45622673630714417,-0.019169874489307404,0.6431408524513245,0.3707248270511627,0.029150091111660004,0.6019343137741089,0.4131203889846802,-0.0016492778668180108,0.6082245111465454,0.41422319412231445,-0.0008821415831334889,0.6140216588973999,0.41350749135017395,0.0009301459649577737,0.6208386421203613,0.40831246972084045,0.005899273790419102,0.5965690612792969,0.41017264127731323,-0.0012026176555082202,0.6124575138092041,0.3869507908821106,-0.004705307073891163,0.6052983999252319,0.3875425457954407,-0.005123982671648264,0.6186812520027161,0.38881397247314453,-0.0022843300830572844,0.6222662925720215,0.3924742043018341,0.0003632573061622679,0.6257084608078003,0.41316792368888855,0.009439193643629551,0.5890118479728699,0.5175515413284302,0.011956339702010155,0.6206518411636353,0.40307939052581787,0.006503947079181671,0.6417150497436523,0.40717625617980957,0.035205114632844925,0.6318519115447998,0.4061812162399292,0.015029399655759335,0.6039276123046875,0.4449150860309601,-0.0035231339279562235,0.5812700390815735,0.4715502858161926,-0.012439420446753502,0.5799639225006104,0.4768829345703125,-0.009465470910072327,0.5879049897193909,0.47375425696372986,-0.008594795130193233,0.5920640826225281,0.4763335883617401,-0.003565326565876603,0.5855280160903931,0.47740206122398376,-0.0068727051839232445,0.5895847678184509,0.47861480712890625,-0.0023035970516502857,0.5968995690345764,0.49229806661605835,0.008470962755382061,0.5807408094406128,0.4531041085720062,-0.029738053679466248,0.5820724964141846,0.4452998638153076,-0.032035600394010544,0.6322126984596252,0.38207170367240906,0.002140197902917862,0.5939686894416809,0.4239047169685364,-0.006404666695743799,0.5923163294792175,0.4499777853488922,-0.01570708490908146,0.5929405689239502,0.44535115361213684,-0.014355776831507683,0.6209991574287415,0.44454890489578247,0.0042570787481963634,0.5825002193450928,0.43481606245040894,-0.029448477551341057,0.620323657989502,0.37301918864250183,-0.008885291405022144,0.6278524994850159,0.3757275342941284,-0.0037789440248161554,0.6394826173782349,0.35577794909477234,0.01633262261748314,0.5931822657585144,0.38159191608428955,-0.014498259872198105,0.5987740755081177,0.39108413457870483,-0.0035532109905034304,0.6014192700386047,0.48366713523864746,0.008462837897241116,0.6238229274749756,0.477997362613678,0.0584474541246891,0.5879090428352356,0.4542723000049591,-0.013386420905590057,0.5836653709411621,0.45637592673301697,-0.013474011793732643,0.5967171788215637,0.482484370470047,0.007591833360493183,0.5950711369514465,0.4826178550720215,0.005895751994103193,0.631266176700592,0.3691442012786865,-0.0015781004913151264,0.5921169519424438,0.4528055489063263,-0.012241794727742672,0.6091219186782837,0.37442895770072937,-0.012725298292934895,0.6106483936309814,0.3669339120388031,-0.014589705504477024,0.6187046766281128,0.3345993757247925,-0.008527295663952827,0.6351433992385864,0.36434152722358704,0.005928828381001949,0.6139832735061646,0.3511284589767456,-0.012118028476834297,0.6354263424873352,0.37764355540275574,0.006717070937156677,0.6394389867782593,0.37647104263305664,0.016994766891002655,0.5807186961174011,0.4746186435222626,-0.011581078171730042,0.5867353677749634,0.4758228063583374,-0.007934631779789925,0.5909121632575989,0.4775718152523041,-0.003395575564354658,0.5865893363952637,0.45537760853767395,-0.01192847453057766,0.5958861708641052,0.482571542263031,0.006680564489215612,0.5932653546333313,0.4889514744281769,0.00415047537535429,0.594340443611145,0.48265916109085083,0.0058031100779771805,0.5860346555709839,0.4525478184223175,-0.0214585829526186,0.588404655456543,0.47913849353790283,-0.0011929895263165236,0.5843879580497742,0.47821950912475586,-0.0043146382085978985,0.5792441368103027,0.4780799150466919,-0.006677042227238417,0.578714907169342,0.5108519792556763,0.004256604705005884,0.5790963172912598,0.5105726718902588,-0.002514339517802,0.5790874361991882,0.5061371326446533,-0.004196793306618929,0.5787550210952759,0.5014359951019287,-0.003789452603086829,0.5782430768013,0.4978110194206238,-0.0036388887092471123,0.5875838398933411,0.4916662871837616,0.0011078356765210629,0.5887112617492676,0.49295574426651,0.0008241341565735638,0.5900430679321289,0.49504342675209045,0.0005325108068063855,0.590962290763855,0.49731871485710144,0.0019288099138066173,0.5967980027198792,0.4718882143497467,-0.002273507183417678,0.6359395980834961,0.4400266110897064,0.0626509040594101,0.5906358361244202,0.48799800872802734,0.00407331483438611,0.5920016765594482,0.4883224368095398,0.0038983409758657217,0.5819481015205383,0.4591963291168213,-0.013089986518025398,0.5901435613632202,0.4567389190196991,-0.007539048790931702,0.582750678062439,0.45785197615623474,-0.013493090867996216,0.5996251106262207,0.428803026676178,-0.0038098676595836878,0.6088200807571411,0.43478819727897644,-0.0013460079208016396,0.5935279130935669,0.4485238790512085,-0.010785670951008797,0.6319839358329773,0.3434946537017822,0.0031574692111462355,0.6272770166397095,0.3554707467556,-0.0036405741702765226,0.6228147149085999,0.36535510420799255,-0.00876465905457735,0.5922182202339172,0.4995954632759094,0.0067515382543206215,0.5959332585334778,0.36996355652809143,-0.017662012949585915,0.5997859239578247,0.34960803389549255,-0.017038071528077126,0.6035274863243103,0.32948416471481323,-0.015447299927473068,0.6183955669403076,0.41178369522094727,0.0035803779028356075,0.6315611600875854,0.4191097319126129,0.013223479501903057,0.5931335091590881,0.40755823254585266,-0.0007506477413699031,0.627623438835144,0.39534780383110046,0.005903893616050482,0.5905419588088989,0.41856926679611206,-0.008905511349439621,0.5897639989852905,0.44759950041770935,-0.021619437262415886,0.6357520222663879,0.42387425899505615,0.02052135206758976,0.62818843126297,0.42535868287086487,0.008427141234278679,0.621272087097168,0.42844972014427185,0.0030516781844198704,0.610125720500946,0.42696046829223633,0.00020484559354372323,0.6017211079597473,0.42307308316230774,-0.0016625747084617615,0.5954978466033936,0.41865405440330505,-0.0037233910989016294,0.5842553377151489,0.40772268176078796,-0.016092702746391296,0.6329759359359741,0.4407472312450409,0.020431119948625565,0.6322310566902161,0.39330846071243286,0.008580141700804234,0.5785963535308838,0.4566050171852112,-0.0267260130494833,0.5926381945610046,0.4321024715900421,-0.0082786213606596,0.6428866386413574,0.4046309292316437,0.054301515221595764,0.5910468697547913,0.4138319194316864,-0.005175899714231491,0.5939677357673645,0.4484580159187317,-0.0050412742421031,0.62324458360672,0.40286338329315186,0.007853250950574875,0.5902517437934875,0.44188353419303894,-0.019905732944607735,0.6309002637863159,0.45871812105178833,0.06208290904760361,0.5927426218986511,0.4045330882072449,0.0002775694301817566,0.5866409540176392,0.437576025724411,-0.025770390406250954,0.6106911301612854,0.4979809522628784,0.030170192942023277,0.6086143255233765,0.5047386288642883,0.04133468493819237,0.6366264820098877,0.4409339129924774,0.041503552347421646,0.6184101104736328,0.4878128468990326,0.0358942449092865,0.6409935355186462,0.3908001780509949,0.02758140303194523,0.5886483788490295,0.5233683586120605,0.01616562157869339,0.5777398347854614,0.4578215777873993,-0.018930241465568542,0.5972470641136169,0.43799418210983276,-0.005542299244552851,0.6358811259269714,0.407838374376297,0.020962972193956375,0.6135629415512085,0.4093945026397705,0.0009125818032771349,0.6083670258522034,0.4101470708847046,-0.0006707457941956818,0.5943440198898315,0.4897693991661072,0.00520238745957613,0.629401445388794,0.4561878740787506,0.02383657731115818,0.5790929794311523,0.5326179265975952,0.01862422376871109,0.5937970280647278,0.5216984152793884,0.028519654646515846,0.600330650806427,0.5146324038505554,0.034078411757946014,0.6029322743415833,0.40908923745155334,-0.0011137875262647867,0.5977292060852051,0.40691694617271423,-0.0005621631280519068,0.5943870544433594,0.4056139588356018,0.00037739536492154,0.6356506943702698,0.3910667896270752,0.014341847971081734,0.5988374948501587,0.3986172676086426,-0.0021826077718287706,0.604500412940979,0.39682286977767944,-0.0029958453960716724,0.6100083589553833,0.3969641327857971,-0.002514023333787918,0.6149832606315613,0.3985287845134735,-0.0007018190808594227,0.617867648601532,0.4004485309123993,0.001465323381125927,0.6442075371742249,0.3861508369445801,0.04288947582244873,0.6167767643928528,0.40767061710357666,0.002883226377889514,0.5918607115745544,0.4678787589073181,-0.0061262198723852634,0.5881115198135376,0.4533710777759552,-0.015696529299020767,0.582302987575531,0.4656570553779602,-0.011850567534565926,0.6028239727020264,0.5077118873596191,0.026216423138976097,0.5957531332969666,0.5152276158332825,0.021654533222317696,0.5798006653785706,0.5292121171951294,0.011260190047323704,0.6160445809364319,0.4934511184692383,0.050394151359796524,0.5946917533874512,0.4019767940044403,-0.0007538620266132057,0.5868387818336487,0.421493798494339,-0.0167260579764843,0.5869847536087036,0.5281634330749512,0.022591793909668922,0.6318885684013367,0.45795977115631104,0.04241476207971573,0.583432137966156,0.49523016810417175,-0.0015183897921815515,0.5844699144363403,0.4977813959121704,-0.001727237948216498,0.5853903293609619,0.5013099908828735,-0.0020222452003508806,0.5858922004699707,0.5052443146705627,-0.000544235052075237,0.5863410234451294,0.5062689781188965,0.004907266702502966,0.5927796363830566,0.48035311698913574,0.0019880556501448154,0.5939861536026001,0.47980961203575134,0.0020684332121163607,0.5950673222541809,0.4790884256362915,0.0019817757420241833,0.6002099514007568,0.4771338701248169,0.0027880079578608274,0.6223862171173096,0.46101999282836914,0.012282638810575008,0.5873515605926514,0.412607342004776,-0.012180767953395844,0.5903418064117432,0.3966820240020752,-0.0044945646077394485,0.5929305553436279,0.3983265459537506,-0.0020600049756467342,0.5916866660118103,0.4806348383426666,0.0026703770272433758,0.6190517544746399,0.47832274436950684,0.023439357057213783,0.5865626931190491,0.3958533704280853,-0.011601815931499004,0.5878429412841797,0.5113368034362793,0.008873228915035725,0.5834773182868958,0.4173893332481384,-0.021086417138576508,0.5894335508346558,0.43442267179489136,-0.015639984980225563,0.5793842077255249,0.5166866183280945,0.006459292024374008,0.6003345847129822,0.495071679353714,0.01238508801907301,0.5982744693756104,0.45483729243278503,-0.002641533501446247,0.594524085521698,0.5039708018302917,0.011066015809774399,0.6118654608726501,0.45478618144989014,0.00017355206364300102,0.6030106544494629,0.46294480562210083,-0.0002782680094242096,0.6144022941589355,0.466836154460907,0.006299584172666073,0.5800526738166809,0.5237712860107422,0.007731827441602945,0.5918989181518555,0.4385905861854553,-0.011078529991209507,0.6031914353370667,0.5004413723945618,0.018599001690745354,0.5959652066230774,0.5089930295944214,0.016234220936894417,0.6056414246559143,0.4852280616760254,0.011306414380669594,0.6254328489303589,0.46882620453834534,0.027417907491326332,0.6113887429237366,0.4866783320903778,0.01702987030148506,0.6261134743690491,0.47350308299064636,0.04183957725763321,0.6060364842414856,0.472173810005188,0.0038659973070025444,0.5896040797233582,0.4266854226589203,-0.012164454907178879,0.5878342390060425,0.4513397514820099,-0.02269473299384117,0.590467631816864,0.4527122974395752,-0.016202203929424286,0.5862348079681396,0.44621363282203674,-0.02699800580739975,0.5959625840187073,0.38830065727233887,-0.006594192702323198,0.6067032217979431,0.3826167583465576,-0.007238432299345732,0.6156787872314453,0.3819524347782135,-0.006183478515595198,0.6224973797798157,0.3840026557445526,-0.0032129513565450907,0.62656170129776,0.3882456123828888,0.000784310104791075,0.6270172595977783,0.40425366163253784,0.010520074516534805,0.6399772763252258,0.42411544919013977,0.038710977882146835,0.6227331161499023,0.41723623871803284,0.006547409575432539,0.6171351075172424,0.4196874499320984,0.0031292808707803488,0.6092994213104248,0.41978833079338074,0.0005665475036948919,0.6015878915786743,0.4174780249595642,-0.001140850712545216,0.5955999493598938,0.4140127897262573,-0.0016694065416231751,0.5916792750358582,0.4107643961906433,-0.00248648039996624,0.6397587060928345,0.42217007279396057,0.060340601950883865,0.5900517106056213,0.4542185664176941,-0.01321355439722538,0.5864179730415344,0.42938032746315,-0.020513352006673813,0.5843470692634583,0.4520036578178406,-0.027055274695158005,0.581234872341156,0.4552870988845825,-0.024465493857860565,0.5841296911239624,0.45302677154541016,-0.02422497421503067,0.5885753631591797,0.4560837149620056,-0.011011791415512562,0.5802444219589233,0.45613136887550354,-0.02592472918331623,0.5793586373329163,0.45736008882522583,-0.019034842029213905,0.5910220742225647,0.40452811121940613,-0.0005987785989418626,0.5888404846191406,0.4057859480381012,-0.0038779464084655046,0.5878915786743164,0.4069557189941406,-0.007468559313565493,0.6194573044776917,0.4018421471118927,0.003700670087710023,0.6241615414619446,0.3967033624649048,0.0040406822226941586,0.5485014915466309,0.3962171673774719,-0.001486432971432805,0.5545448064804077,0.39704063534736633,-0.001486432971432805,0.5492496490478516,0.3885648548603058,-0.001486432971432805,0.54233318567276,0.3953302502632141,-0.001486432971432805,0.5477283596992493,0.4038114845752716,-0.001486432971432805,0.6066049337387085,0.4016214609146118,0.000571495562326163,0.6124882698059082,0.40209123492240906,0.000571495562326163,0.6068310141563416,0.39427483081817627,0.000571495562326163,0.6008163690567017,0.4011145532131195,0.000571495562326163,0.6064174175262451,0.40898099541664124,0.000571495562326163
366.66666666666663,0.5737020969390869,0.4722743332386017,-0.012941273860633373,0.5763730406761169,0.4523890018463135,-0.030221054330468178,0.5752783417701721,0.45853886008262634,-0.014749961905181408,0.5734912157058716,0.42411038279533386,-0.025196939706802368,0.5770647525787354,0.4442218542098999,-0.032772086560726166,0.5777516961097717,0.43295377492904663,-0.031373847275972366,0.5792555212974548,0.4047274589538574,-0.018739307299256325,0.536779522895813,0.39704474806785583,0.0015243464149534702,0.5808550119400024,0.3808847963809967,-0.016753051429986954,0.5818021297454834,0.3689974546432495,-0.01914246380329132,0.5849441885948181,0.32639726996421814,-0.018011821433901787,0.5734876394271851,0.4745464324951172,-0.012034405022859573,0.5732677578926086,0.4764166474342346,-0.010061901994049549,0.5731166005134583,0.4774770438671112,-0.007211663760244846,0.5719298124313354,0.4957974851131439,-0.004400980193167925,0.5717525482177734,0.49949222803115845,-0.004660127684473991,0.571453332901001,0.5039252638816833,-0.005099255125969648,0.5711040496826172,0.5084655284881592,-0.003130383789539337,0.5708330273628235,0.5091313719749451,0.0036098144482821226,0.5759238600730896,0.4560876786708832,-0.027016576379537582,0.5707628726959229,0.4545820355415344,-0.01936621218919754,0.5158898830413818,0.3555005192756653,0.024452917277812958,0.5531635880470276,0.40787848830223083,-0.003566107712686062,0.5468456745147705,0.40788504481315613,-0.0031686145812273026,0.5411614179611206,0.40577125549316406,-0.001679481123574078,0.5343335866928101,0.398428350687027,0.0028096174355596304,0.5587216019630432,0.40588998794555664,-0.00273555563762784,0.5463042259216309,0.3776419162750244,-0.0071683102287352085,0.5533503293991089,0.3800199031829834,-0.007101703435182571,0.5395922660827637,0.37834060192108154,-0.00509500689804554,0.5351176261901855,0.38158562779426575,-0.0026404799427837133,0.5293216705322266,0.4015187919139862,0.006114370189607143,0.5505344271659851,0.5131261944770813,0.01063849963247776,0.535136878490448,0.3934507668018341,0.003369734389707446,0.5114712715148926,0.39206287264823914,0.030555445700883865,0.5232608914375305,0.39244216680526733,0.011234419420361519,0.547187328338623,0.4378739297389984,-0.005209836643189192,0.5662035346031189,0.4699714183807373,-0.012475799769163132,0.5662460327148438,0.4751240909099579,-0.009395002387464046,0.5588003396987915,0.4713599681854248,-0.009047041647136211,0.5536543726921082,0.47310328483581543,-0.004304000176489353,0.5602281093597412,0.4748075604438782,-0.007101873401552439,0.5555050373077393,0.4752296209335327,-0.0027697989717125893,0.5466554760932922,0.48534464836120605,0.0073304628022015095,0.5719294548034668,0.4515921473503113,-0.029884478077292442,0.5719079375267029,0.44357502460479736,-0.03225867450237274,0.5270828008651733,0.3685744106769562,-0.001539632910862565,0.5606027841567993,0.4196181893348694,-0.007594750262796879,0.5594010353088379,0.4456285238265991,-0.016773059964179993,0.5592410564422607,0.4408913254737854,-0.015450434759259224,0.5289843678474426,0.4335438013076782,0.0014441520906984806,0.5727589726448059,0.4331274926662445,-0.029816079884767532,0.5411723256111145,0.36137571930885315,-0.011564929969608784,0.5329097509384155,0.3629201054573059,-0.006990798283368349,0.5232498049736023,0.3416534662246704,0.01202517468482256,0.5674936175346375,0.3754275143146515,-0.01559645775705576,0.5591408610343933,0.38543933629989624,-0.005188951268792152,0.5432600975036621,0.47594237327575684,0.006922255735844374,0.5163716077804565,0.4668256342411041,0.054599564522504807,0.5630661249160767,0.4508360028266907,-0.01409156247973442,0.5671812891960144,0.45386627316474915,-0.013765866868197918,0.547061026096344,0.47743669152259827,0.006469869054853916,0.5485776662826538,0.47778818011283875,0.0050092050805687904,0.5299873352050781,0.3555215299129486,-0.005054518114775419,0.5587925314903259,0.44832849502563477,-0.01326427049934864,0.5524002909660339,0.36480194330215454,-0.014624038711190224,0.551949143409729,0.3570895791053772,-0.01661025919020176,0.5496944785118103,0.32593202590942383,-0.011209732852876186,0.5274394154548645,0.35128653049468994,0.0019903951324522495,0.5523250699043274,0.34325921535491943,-0.014533898793160915,0.5238370895385742,0.36298611760139465,0.002719831420108676,0.5201300978660583,0.36219921708106995,0.012619267217814922,0.5660703778266907,0.4729558229446411,-0.01154080219566822,0.5594625473022461,0.47329193353652954,-0.008242600597441196,0.5545232892036438,0.47427040338516235,-0.00394481373950839,0.5641217231750488,0.4522065818309784,-0.012524857185781002,0.5478233098983765,0.477622389793396,0.005713493563234806,0.5502786636352539,0.48410844802856445,0.003373759565874934,0.5492633581161499,0.47795775532722473,0.004945734050124884,0.5658919215202332,0.4497254192829132,-0.022166607901453972,0.5564131736755371,0.47581321001052856,-0.0016693089855834842,0.5610095262527466,0.4756755530834198,-0.004590006545186043,0.5665994882583618,0.4763103723526001,-0.00670132040977478,0.5628255009651184,0.5073857307434082,0.003655648324638605,0.5632730722427368,0.5062271356582642,-0.0029981343541294336,0.5639264583587646,0.5018116235733032,-0.004597749561071396,0.5647323131561279,0.49747756123542786,-0.0041138781234622,0.5655689239501953,0.4941864013671875,-0.003848697990179062,0.5560204982757568,0.48744404315948486,0.00052583625074476,0.5548823475837708,0.48846951127052307,0.00016809705994091928,0.5534358024597168,0.4902687668800354,-0.00020090975158382207,0.5522873997688293,0.49242210388183594,0.0011084296274930239,0.5504617691040039,0.4657168686389923,-0.0032982162665575743,0.5098841190338135,0.4259832501411438,0.05812125280499458,0.5756179690361023,0.45737001299858093,-0.01922931894659996,0.5529125332832336,0.4835779368877411,0.003342344658449292,0.55157870054245,0.4836718738079071,0.003151429584249854,0.5685690641403198,0.456986665725708,-0.01337095070630312,0.5599932670593262,0.45257261395454407,-0.008305602706968784,0.5679391622543335,0.45547592639923096,-0.013772186823189259,0.5538907647132874,0.42305952310562134,-0.0053478628396987915,0.5435380339622498,0.4267575740814209,-0.0033622761256992817,0.5578906536102295,0.4437658190727234,-0.011911795474588871,0.5339998006820679,0.33140355348587036,-0.00044654737575910985,0.5376635789871216,0.344354510307312,-0.006914314813911915,0.5394617319107056,0.35340452194213867,-0.011602294631302357,0.5504322648048401,0.4935968816280365,0.005724710877984762,0.5665651559829712,0.3630915582180023,-0.018872013315558434,0.5669419765472412,0.34522974491119385,-0.01853819563984871,0.5660719871520996,0.32462814450263977,-0.01709761470556259,0.5366396903991699,0.4027632772922516,0.0006891521043144166,0.5228803753852844,0.40532970428466797,0.009599038399755955,0.5624412298202515,0.40386059880256653,-0.0021707748528569937,0.5292520523071289,0.38346973061561584,0.0024403799325227737,0.5651609301567078,0.4152064621448517,-0.009899850934743881,0.5628997683525085,0.44400426745414734,-0.02248229831457138,0.5161285996437073,0.4099380075931549,0.016448918730020523,0.5262808203697205,0.4126357436180115,0.005075531546026468,0.5334136486053467,0.41753584146499634,0.00028565467800945044,0.5446502566337585,0.4189364016056061,-0.0018968044314533472,0.5533624887466431,0.4173361659049988,-0.00328378239646554,0.5600623488426208,0.41450512409210205,-0.0049882931634783745,0.5737558603286743,0.4059758186340332,-0.016664648428559303,0.5161393880844116,0.4271751642227173,0.016539504751563072,0.5247917771339417,0.3797417879104614,0.004779616836458445,0.5732167959213257,0.45547956228256226,-0.026809291914105415,0.5609059929847717,0.42794665694236755,-0.009419329464435577,0.5090252161026001,0.389209508895874,0.049417074769735336,0.5651577711105347,0.41086697578430176,-0.006221070885658264,0.5570357441902161,0.44353199005126953,-0.006166127044707537,0.532384991645813,0.3922775983810425,0.0045588999055325985,0.5629882216453552,0.43823498487472534,-0.02081758715212345,0.512033224105835,0.44593513011932373,0.05781896039843559,0.5629370212554932,0.4007941484451294,-0.0012537037255242467,0.5677948594093323,0.43490004539489746,-0.026415998116135597,0.5292491316795349,0.48933762311935425,0.027483774349093437,0.5294438600540161,0.49689579010009766,0.03854481875896454,0.510761022567749,0.42680490016937256,0.03715246170759201,0.522114634513855,0.47755318880081177,0.032683178782463074,0.5154107809066772,0.3759828209877014,0.02303304709494114,0.5497013926506042,0.5192855000495911,0.014743642881512642,0.5735422968864441,0.45678701996803284,-0.0189296193420887,0.555071234703064,0.43260616064071655,-0.0068804677575826645,0.5182967185974121,0.3921874761581421,0.016802417114377022,0.5419241786003113,0.40227171778678894,-0.001728417701087892,0.5470486283302307,0.40401574969291687,-0.0029866700060665607,0.5491569638252258,0.4848440885543823,0.004336709622293711,0.5168503522872925,0.44335028529167175,0.0202023908495903,0.5584256649017334,0.530408501625061,0.01767681911587715,0.5439599752426147,0.5169329643249512,0.02665940672159195,0.5375707745552063,0.5085694789886475,0.031808216124773026,0.5833697319030762,0.3477652668952942,-0.019383404403924942,0.5687275528907776,0.5331718921661377,0.01664378121495247,0.5524650812149048,0.4038514196872711,-0.0031184540130198,0.5577162504196167,0.40252140164375305,-0.0023049863521009684,0.5611756443977356,0.40163809061050415,-0.0012237618211656809,0.5207773447036743,0.37607258558273315,0.010182127356529236,0.5575913786888123,0.39304032921791077,-0.003981244284659624,0.5522449612617493,0.38965368270874023,-0.0050691356882452965,0.5469510555267334,0.3885411322116852,-0.004912741482257843,0.5417516231536865,0.38919851183891296,-0.003394591622054577,0.5384680032730103,0.3907906711101532,-0.0014364488888531923,0.5113797187805176,0.37054187059402466,0.0380076989531517,0.5387335419654846,0.3996818959712982,3.363941505085677e-05,0.5747923254966736,0.46393975615501404,-0.01261052768677473,0.5565822720527649,0.4630342423915863,-0.006966488901525736,0.5632068514823914,0.449950248003006,-0.01643362082540989,0.5671930909156799,0.46314018964767456,-0.012114938348531723,0.5799406170845032,0.3925541639328003,-0.01575396955013275,0.5365017056465149,0.5007331371307373,0.0240552369505167,0.5431024432182312,0.509741485118866,0.01987297087907791,0.5582938194274902,0.5266709327697754,0.01040022075176239,0.522607684135437,0.4839640259742737,0.04709760472178459,0.5613376498222351,0.3977069854736328,-0.002388289198279381,0.56919926404953,0.41894781589508057,-0.017432231456041336,0.5690698623657227,0.5293478965759277,0.00967024639248848,0.5505846738815308,0.5246383547782898,0.021111365407705307,0.512565553188324,0.4448504149913788,0.038316600024700165,0.5603181719779968,0.4912439286708832,-0.0019563378300517797,0.5591084361076355,0.49343910813331604,-0.0022914253640919924,0.5579186081886292,0.4966489374637604,-0.002646419918164611,0.5569860935211182,0.5004518032073975,-0.0012324723647907376,0.5555864572525024,0.5014091730117798,0.0040358249098062515,0.5515283346176147,0.47619926929473877,0.0013234884245321155,0.5505271553993225,0.4756280779838562,0.0012612042482942343,0.5496969223022461,0.4748992621898651,0.0010313683887943625,0.5457224249839783,0.4699082672595978,0.0014468029839918017,0.5240194797515869,0.4496315121650696,0.009319559670984745,0.5695928335189819,0.4100620150566101,-0.012935233302414417,0.5671013593673706,0.39308255910873413,-0.005544604267925024,0.5637805461883545,0.39430469274520874,-0.0035046101547777653,0.5524798035621643,0.4765380322933197,0.001974976621568203,0.5239550471305847,0.46772950887680054,0.020439118146896362,0.5722146034240723,0.39298513531684875,-0.012387862429022789,0.5528281927108765,0.506729245185852,0.007802478037774563,0.5782462358474731,0.4235760271549225,-0.026959821581840515,0.5735496878623962,0.41568446159362793,-0.02152981050312519,0.5787174701690674,0.4147345721721649,-0.022742418572306633,0.5645216703414917,0.4309955835342407,-0.016482150182127953,0.5696350336074829,0.5234280824661255,0.006018735934048891,0.5702471733093262,0.5157488584518433,0.004977223463356495,0.5609701871871948,0.5136194825172424,0.005710996687412262,0.5422494411468506,0.4878266453742981,0.010860184207558632,0.5515186190605164,0.448848694562912,-0.003938707057386637,0.5469832420349121,0.4980180859565735,0.00979056116193533,0.53704833984375,0.445746511220932,-0.001976307248696685,0.5452072620391846,0.4556610882282257,-0.0018019339768216014,0.5319614410400391,0.4570547342300415,0.003911727573722601,0.5590905547142029,0.5209401845932007,0.006875581573694944,0.5609338283538818,0.4344799220561981,-0.012113237753510475,0.537986159324646,0.49305471777915955,0.016665033996105194,0.5443755388259888,0.5031936168670654,0.014656348153948784,0.5382477641105652,0.47688430547714233,0.009374112822115421,0.518562376499176,0.4569213390350342,0.02396559529006481,0.531328022480011,0.47751468420028687,0.014619432389736176,0.5159768462181091,0.4616657495498657,0.038074079900979996,0.540218710899353,0.4638602137565613,0.0021156470756977797,0.5651751160621643,0.42335811257362366,-0.01311181578785181,0.5643326044082642,0.4481459856033325,-0.02347894012928009,0.560904860496521,0.4487549364566803,-0.017072834074497223,0.5671893358230591,0.4435441493988037,-0.027543146163225174,0.5627027153968811,0.38278964161872864,-0.007989751175045967,0.5529690980911255,0.3744089603424072,-0.009208517149090767,0.5441961288452148,0.3717663586139679,-0.008695965632796288,0.5369073748588562,0.3727729320526123,-0.0061784544959664345,0.5317975282669067,0.37640485167503357,-0.0025138093624264,0.5283982753753662,0.39240333437919617,0.007033707108348608,0.5102441310882568,0.40928325057029724,0.03412779048085213,0.5321725606918335,0.40636587142944336,0.003479776903986931,0.5378697514533997,0.4104018807411194,0.0004921479849144816,0.545670211315155,0.4125671982765198,-0.0015965865459293127,0.5534470677375793,0.41206124424934387,-0.002882311586290598,0.5597401857376099,0.409849613904953,-0.0030232814606279135,0.5640361905097961,0.40750283002853394,-0.003646738128736615,0.5090670585632324,0.407299667596817,0.055613886564970016,0.5607803463935852,0.45026952028274536,-0.01406787894666195,0.5688326358795166,0.4268226623535156,-0.02118374966084957,0.5681731700897217,0.4497218132019043,-0.02751273661851883,0.5705155730247498,0.453579306602478,-0.024682125076651573,0.5679440498352051,0.4506953954696655,-0.02469625137746334,0.561863124370575,0.4523971974849701,-0.011690661311149597,0.571539044380188,0.45465579628944397,-0.026066290214657784,0.5718975067138672,0.45600131154060364,-0.01912524551153183,0.564886212348938,0.4011284112930298,-0.0019159429939463735,0.5674710869789124,0.4030398428440094,-0.0048867701552808285,0.5691189169883728,0.4046586751937866,-0.008284944109618664,0.5365982055664062,0.39212992787361145,0.0006924509652890265,0.5324068069458008,0.385759562253952,0.0008611420053057373,0.582682728767395,0.42513638734817505,-0.02480204403400421,0.6185967326164246,0.40576013922691345,0.004413401708006859,0.5806291699409485,0.45558929443359375,-0.019049014896154404,0.6428818702697754,0.3707325756549835,0.028790025040507317,0.6018765568733215,0.4130215048789978,-0.001727261464111507,0.6080755591392517,0.4141699969768524,-0.000934308918658644,0.6138139963150024,0.413443922996521,0.0008879806846380234,0.6206115484237671,0.40818631649017334,0.005836597643792629,0.5965986847877502,0.4100208580493927,-0.0012999174650758505,0.6123193502426147,0.38664311170578003,-0.004857765976339579,0.6052569150924683,0.3872290551662445,-0.005286229308694601,0.6184708476066589,0.3885646462440491,-0.0024137229193001986,0.6220277547836304,0.39228618144989014,0.0002464240533299744,0.6254639625549316,0.41299325227737427,0.009423848241567612,0.5890213251113892,0.5168959498405457,0.011939596384763718,0.6204262375831604,0.4029773473739624,0.00639381492510438,0.6414878368377686,0.40717819333076477,0.03510583937168121,0.6316679120063782,0.40598776936531067,0.014963432215154171,0.604005753993988,0.4442426562309265,-0.0034123347140848637,0.5811519026756287,0.4712502360343933,-0.012053037993609905,0.5800086855888367,0.4762955605983734,-0.009023625403642654,0.587520182132721,0.4737129211425781,-0.008154822513461113,0.5916024446487427,0.4762873351573944,-0.0030314058531075716,0.5854308009147644,0.47695085406303406,-0.006367604248225689,0.589406430721283,0.4782175123691559,-0.0017254016129299998,0.5972351431846619,0.49051952362060547,0.008963871747255325,0.5807285904884338,0.45250260829925537,-0.02961544878780842,0.582044780254364,0.4446391761302948,-0.031948525458574295,0.6319535374641418,0.3818686604499817,0.0019427428487688303,0.5939313769340515,0.4233631193637848,-0.006389754358679056,0.5923469066619873,0.44920337200164795,-0.015607636421918869,0.5929412841796875,0.4445752203464508,-0.014273490756750107,0.6211862564086914,0.44389182329177856,0.004467136226594448,0.5824756622314453,0.4341435432434082,-0.02942713350057602,0.620054304599762,0.37277519702911377,-0.009123670868575573,0.6275472044944763,0.3754791021347046,-0.00399783393368125,0.6392104029655457,0.3557355999946594,0.01591401733458042,0.5931832790374756,0.38133788108825684,-0.014776095747947693,0.5988162755966187,0.39081138372421265,-0.0037234649062156677,0.6019474267959595,0.48192864656448364,0.00897191558033228,0.6238099336624146,0.47815045714378357,0.05871046334505081,0.5879729390144348,0.45350968837738037,-0.013283805921673775,0.5837011337280273,0.45564770698547363,-0.013353203423321247,0.5963715314865112,0.48180124163627625,0.00822712667286396,0.594815194606781,0.4819115102291107,0.006553694140166044,0.6310139298439026,0.36892279982566833,-0.0018475829856470227,0.5921729803085327,0.4519498944282532,-0.012129881419241428,0.6089591979980469,0.37420928478240967,-0.012986167334020138,0.6104567646980286,0.36676478385925293,-0.014898677356541157,0.6184905767440796,0.3344134986400604,-0.009037037380039692,0.6349040269851685,0.3642609119415283,0.0055832103826105595,0.6137903928756714,0.3508651852607727,-0.012532618828117847,0.635263979434967,0.37744683027267456,0.0064620147459208965,0.6392070055007935,0.3764600157737732,0.01668695919215679,0.580657958984375,0.47421348094940186,-0.011143233627080917,0.586469292640686,0.47556695342063904,-0.0074410028755664825,0.590569794178009,0.47734135389328003,-0.002824891358613968,0.5866620540618896,0.45459839701652527,-0.011822613887488842,0.5955854058265686,0.48186296224594116,0.007333071436733007,0.5927355885505676,0.487775981426239,0.004713286180049181,0.5941038727760315,0.4819616675376892,0.0064511727541685104,0.5860458016395569,0.45189619064331055,-0.02135663852095604,0.5883607864379883,0.4786560833454132,-0.0006648797425441444,0.5844300389289856,0.47765782475471497,-0.0038743007462471724,0.5793828964233398,0.4773983657360077,-0.006320135202258825,0.5786982774734497,0.5090731382369995,0.0040230765007436275,0.5787830948829651,0.507510781288147,-0.0025957482866942883,0.5788144469261169,0.5029760599136353,-0.004186796955764294,0.5785653591156006,0.4985288679599762,-0.00371713750064373,0.5781010389328003,0.49512550234794617,-0.0034682760015130043,0.5872679352760315,0.4900364577770233,0.001516168238595128,0.588292121887207,0.49121230840682983,0.001167256268672645,0.5894586443901062,0.4932228922843933,0.0008649214869365096,0.5902488231658936,0.4955781102180481,0.0022765244357287884,0.5971533060073853,0.4706666171550751,-0.0018006773898378015,0.6357566118240356,0.44021791219711304,0.06266274303197861,0.5903044939041138,0.48687633872032166,0.0046333991922438145,0.5915685892105103,0.4871236979961395,0.004437698982656002,0.581953763961792,0.4584819972515106,-0.012956707738339901,0.5902271270751953,0.45582810044288635,-0.007421172223985195,0.5827692151069641,0.45713457465171814,-0.013366574421525002,0.5996047258377075,0.42823636531829834,-0.0037504530046135187,0.6088725328445435,0.43416744470596313,-0.0012435991084203124,0.5935508608818054,0.4476916790008545,-0.010687009431421757,0.6317120790481567,0.3433879613876343,0.002705706749111414,0.6270356178283691,0.3553072512149811,-0.004020030610263348,0.622566819190979,0.3651580810546875,-0.009055039845407009,0.592424213886261,0.4979046583175659,0.007077209651470184,0.5958870053291321,0.36982008814811707,-0.017991088330745697,0.5996830463409424,0.3492653965950012,-0.017481762915849686,0.6034051179885864,0.3292314410209656,-0.01600193791091442,0.6181666851043701,0.4117022454738617,0.0035370911937206984,0.6312657594680786,0.4188745617866516,0.013254727236926556,0.5932126641273499,0.407382607460022,-0.0008780015632510185,0.6273688077926636,0.3952041268348694,0.005787411238998175,0.5905043482780457,0.4180428683757782,-0.008928374387323856,0.589748203754425,0.44691815972328186,-0.021531254053115845,0.6355896592140198,0.4236001670360565,0.020598389208316803,0.6278300285339355,0.42509302496910095,0.008517727255821228,0.6209071278572083,0.4281105101108551,0.0031594543252140284,0.609867513179779,0.42656081914901733,0.0002749855339061469,0.6015712022781372,0.422678142786026,-0.0016409695381298661,0.5954247117042542,0.4182713031768799,-0.0037356032989919186,0.5842552185058594,0.40716487169265747,-0.01625261828303337,0.6329742074012756,0.4403506815433502,0.020633213222026825,0.6320187449455261,0.3931505084037781,0.008444789797067642,0.5785717964172363,0.4560123682022095,-0.02659163437783718,0.5926327705383301,0.4314905107021332,-0.00823286920785904,0.6426738500595093,0.40473663806915283,0.05409425497055054,0.5910158157348633,0.41348642110824585,-0.005234818439930677,0.5940096974372864,0.4476163685321808,-0.004944810643792152,0.6230226755142212,0.4027133882045746,0.007753484882414341,0.5902163982391357,0.4411969780921936,-0.019845664501190186,0.6307452917098999,0.4589448869228363,0.06221336871385574,0.5928380489349365,0.40438199043273926,0.00011486290895845741,0.5865999460220337,0.43691352009773254,-0.025729680433869362,0.6109172701835632,0.497638076543808,0.030492091551423073,0.6086981892585754,0.5046504139900208,0.04163455590605736,0.6364628076553345,0.4409015476703644,0.041628602892160416,0.6186676621437073,0.48762384057044983,0.03622660040855408,0.6407551169395447,0.39079809188842773,0.027364682406187057,0.588580846786499,0.5229805707931519,0.01616031490266323,0.5777155756950378,0.4572198987007141,-0.01880258321762085,0.5972598195075989,0.4373382031917572,-0.0054639410227537155,0.6357714533805847,0.4075639247894287,0.02089487947523594,0.6133441925048828,0.40948089957237244,0.0008202954195439816,0.6082072257995605,0.4102223217487335,-0.0007660301635041833,0.593711793422699,0.4887079894542694,0.005780897103250027,0.6295725107192993,0.4558504819869995,0.024120673537254333,0.5788872241973877,0.5322449803352356,0.018462371081113815,0.5936856269836426,0.5215050578117371,0.028596168383955956,0.600309431552887,0.5144877433776855,0.03428518772125244,0.6028655767440796,0.409110426902771,-0.0012272850144654512,0.5977529883384705,0.40686339139938354,-0.0006926384521648288,0.5944594144821167,0.40549805760383606,0.00022537530458066612,0.6355565786361694,0.39087700843811035,0.014166898094117641,0.598887026309967,0.3983038365840912,-0.0023445182014256716,0.604485809803009,0.3964460790157318,-0.003154363250359893,0.6099156737327576,0.3966209292411804,-0.0026659583672881126,0.6148203611373901,0.3982495069503784,-0.000839545507915318,0.6176595687866211,0.4002348482608795,0.0013326245825737715,0.6439670324325562,0.38619720935821533,0.042594004422426224,0.6165432333946228,0.4077198803424835,0.0027884356677532196,0.592018187046051,0.466815710067749,-0.005793382879346609,0.5881654620170593,0.4526526927947998,-0.015604151412844658,0.5823297500610352,0.46481531858444214,-0.011639971286058426,0.602906346321106,0.5073270797729492,0.02648557350039482,0.5957539081573486,0.5148669481277466,0.021789534017443657,0.5796666741371155,0.5286803245544434,0.011136599816381931,0.6161415576934814,0.49346408247947693,0.05072903633117676,0.5947661399841309,0.40177828073501587,-0.0009130120743066072,0.586824357509613,0.4209059476852417,-0.01676761545240879,0.5868184566497803,0.5278887152671814,0.02253899909555912,0.6318188905715942,0.4579426646232605,0.04263041540980339,0.583163321018219,0.49299511313438416,-0.0012386963935568929,0.5841151475906372,0.4953727722167969,-0.0015322192339226604,0.5848802328109741,0.49876493215560913,-0.0018529139924794436,0.5852801203727722,0.5027445554733276,-0.000391761539503932,0.5864173769950867,0.5045506358146667,0.00499724829569459,0.5925458073616028,0.47986599802970886,0.0026301115285605192,0.5936160087585449,0.47941726446151733,0.0027187075465917587,0.5945784449577332,0.4788334369659424,0.002613095799461007,0.6007497310638428,0.47563570737838745,0.003324802266433835,0.6227678656578064,0.46049660444259644,0.012569504790008068,0.587329089641571,0.4120742380619049,-0.012270449660718441,0.5904593467712402,0.3964671492576599,-0.004673490766435862,0.5930455923080444,0.39812174439430237,-0.0022278521209955215,0.5915480256080627,0.4801063537597656,0.003284392412751913,0.6194835305213928,0.47788894176483154,0.02376030758023262,0.5865923166275024,0.3955708146095276,-0.011828835122287273,0.5878969430923462,0.5102083086967468,0.008870642632246017,0.5834727883338928,0.4167744219303131,-0.021188681945204735,0.5894067883491516,0.4337811768054962,-0.015612307004630566,0.5793577432632446,0.5154503583908081,0.006207731552422047,0.6005487442016602,0.49380362033843994,0.012778113596141338,0.5983617901802063,0.4539814293384552,-0.0024776216596364975,0.5946134924888611,0.5028176307678223,0.011288638226687908,0.6121726632118225,0.4540732800960541,0.00034427232458256185,0.6032925844192505,0.4620208144187927,2.2642334442934953e-05,0.6148764491081238,0.4660974144935608,0.006563535425812006,0.579989492893219,0.5229965448379517,0.007544490043073893,0.5918895602226257,0.4379083216190338,-0.0110246567055583,0.6033405065536499,0.49965977668762207,0.01891910843551159,0.5960113406181335,0.5083004832267761,0.01638597995042801,0.6060301661491394,0.4839603006839752,0.011721483431756496,0.6257153749465942,0.46853840351104736,0.02773458883166313,0.611763060092926,0.4859059751033783,0.01739080436527729,0.626194179058075,0.4734604060649872,0.042140621691942215,0.6065577864646912,0.4710128903388977,0.004248549230396748,0.58958500623703,0.42609986662864685,-0.012154975906014442,0.5878431797027588,0.4506797790527344,-0.022597037255764008,0.5905186533927917,0.4519612789154053,-0.016095567494630814,0.5862062573432922,0.4455680549144745,-0.026900533586740494,0.5960127115249634,0.3880724012851715,-0.006784850265830755,0.6066038012504578,0.3823625147342682,-0.007422605995088816,0.6154550909996033,0.38169723749160767,-0.006357078906148672,0.6222027540206909,0.38379067182540894,-0.00335683673620224,0.6262599229812622,0.3880815804004669,0.0006572994170710444,0.626806914806366,0.40406933426856995,0.010437335819005966,0.6397639513015747,0.4241047501564026,0.038738369941711426,0.6224582195281982,0.4170345366001129,0.00655932305380702,0.6168683767318726,0.4194629192352295,0.0031570899300277233,0.6091069579124451,0.41954949498176575,0.0005853031179867685,0.6015012860298157,0.41722372174263,-0.0011656497372314334,0.5956054925918579,0.41373154520988464,-0.001719843246974051,0.5917390584945679,0.4104791581630707,-0.0025718931574374437,0.6395654082298279,0.4223134517669678,0.06023823469877243,0.5901163816452026,0.45340096950531006,-0.013105999678373337,0.5863949656486511,0.42875051498413086,-0.020515313372015953,0.5843293070793152,0.4513830840587616,-0.02694426290690899,0.5812151432037354,0.4546734690666199,-0.024340936914086342,0.5841222405433655,0.4524025321006775,-0.024116501212120056,0.5886556506156921,0.45523297786712646,-0.010900607332587242,0.580223560333252,0.4555295705795288,-0.025789694860577583,0.5793408751487732,0.45673897862434387,-0.018911028280854225,0.5911388397216797,0.404339998960495,-0.0007590624154545367,0.5889435410499573,0.40552541613578796,-0.004017075058072805,0.5879037380218506,0.406660795211792,-0.007592410314828157,0.6192330121994019,0.40168267488479614,0.003577148076146841,0.6239109039306641,0.39656105637550354,0.003929842263460159,0.5484836101531982,0.3958740234375,-0.0017611421644687653,0.5544942021369934,0.39667797088623047,-0.0017611421644687653,0.5491915345191956,0.38828423619270325,-0.0017611421644687653,0.5423436164855957,0.39501285552978516,-0.0017611421644687653,0.5477522015571594,0.40340927243232727,-0.0017611421644687653,0.6062329411506653,0.4015093445777893,0.00044141296530142426,0.6120887994766235,0.40198346972465515,0.00044141296530142426,0.6064738631248474,0.39417213201522827,0.00044141296530142426,0.6004648208618164,0.40100306272506714,0.00044141296530142426,0.6060253977775574,0.4088568091392517,0.00044141296530142426
399.99999999999994,0.5745394229888916,0.4708831012248993,-0.013333841226994991,0.5762695074081421,0.4512014091014862,-0.03046579472720623,0.5752362012863159,0.45740213990211487,-0.015071875415742397,0.5733829736709595,0.4230499267578125,-0.025114692747592926,0.5769346952438354,0.442984402179718,-0.032952502369880676,0.5776139497756958,0.43176743388175964,-0.03144276887178421,0.5791357159614563,0.40382397174835205,-0.01841968111693859,0.5366905927658081,0.3967885375022888,0.0021740805823355913,0.5807333588600159,0.380154550075531,-0.016150513663887978,0.5816687941551208,0.3682655692100525,-0.018394429236650467,0.5847699642181396,0.3258872628211975,-0.016750860959291458,0.5742844939231873,0.4732447862625122,-0.012454553507268429,0.5739961266517639,0.47529909014701843,-0.010520465672016144,0.5737685561180115,0.4765182137489319,-0.0077569130808115005,0.572651743888855,0.49298352003097534,-0.004999128635972738,0.5724682807922363,0.4967234134674072,-0.005382594186812639,0.5721192359924316,0.5012473464012146,-0.005913330242037773,0.5716859698295593,0.5059342980384827,-0.004067257512360811,0.5710464715957642,0.5072848796844482,0.0025093299336731434,0.5758435726165771,0.4549546539783478,-0.027289079502224922,0.570695698261261,0.4535171091556549,-0.01961931772530079,0.5158348679542542,0.35574737191200256,0.025749756023287773,0.5531086325645447,0.40751349925994873,-0.0030585424974560738,0.5467970967292786,0.40756943821907043,-0.0026435672771185637,0.5411306023597717,0.40545132756233215,-0.0011193666141480207,0.5342803597450256,0.3980855345726013,0.0034482027404010296,0.5586661100387573,0.40547123551368713,-0.0022253759671002626,0.546263575553894,0.3771585524082184,-0.0064728581346571445,0.5533021688461304,0.3795209527015686,-0.006414396222680807,0.5395520329475403,0.377888023853302,-0.004381638020277023,0.5350726842880249,0.3811746835708618,-0.0019198576919734478,0.5293444991111755,0.4010615944862366,0.006749450229108334,0.5508394837379456,0.5117432475090027,0.009538402780890465,0.5350466966629028,0.39315065741539,0.004065316170454025,0.5116001963615417,0.3922726511955261,0.03141605854034424,0.5232098698616028,0.39192768931388855,0.011990053579211235,0.5471216440200806,0.4370497763156891,-0.005170043092221022,0.5668976306915283,0.46862444281578064,-0.012840542942285538,0.5668084025382996,0.47411155700683594,-0.00981668196618557,0.5591792464256287,0.47033941745758057,-0.009368947707116604,0.553826093673706,0.4723794460296631,-0.0045615630224347115,0.5606164336204529,0.4739990532398224,-0.007455486338585615,0.5557608008384705,0.47463080286979675,-0.003058473812416196,0.5466221570968628,0.4838888645172119,0.0069098337553441525,0.5718165636062622,0.45043933391571045,-0.030110906809568405,0.5717923045158386,0.4423716068267822,-0.03241974487900734,0.5269838571548462,0.3680489659309387,-0.000645974709186703,0.5605685114860535,0.4189526438713074,-0.007325060199946165,0.5592775940895081,0.44462183117866516,-0.016889989376068115,0.5591328144073486,0.43991029262542725,-0.015518859960138798,0.5289110541343689,0.43280577659606934,0.0016632000915706158,0.5726382732391357,0.4319806694984436,-0.029860153794288635,0.5410753488540649,0.36083173751831055,-0.010685700923204422,0.5328084230422974,0.36239707469940186,-0.0060798292979598045,0.523138165473938,0.3417294919490814,0.013405914418399334,0.5674301385879517,0.37478408217430115,-0.014922167174518108,0.5590794086456299,0.3849524259567261,-0.0045353989116847515,0.5431198477745056,0.4745026230812073,0.00662623718380928,0.5165750980377197,0.4670262336730957,0.0544838048517704,0.5629492998123169,0.4498278796672821,-0.014268433675169945,0.5670931935310364,0.4528084397315979,-0.014008765108883381,0.5471893548965454,0.4770760238170624,0.006239298265427351,0.5487051010131836,0.4773935377597809,0.00478283129632473,0.5298240780830383,0.35498303174972534,-0.004051886033266783,0.5586462616920471,0.4473048150539398,-0.013407801277935505,0.5523092746734619,0.36423221230506897,-0.013830306939780712,0.5518419742584229,0.356526643037796,-0.01574109122157097,0.5495526194572449,0.3256346881389618,-0.0098415557295084,0.5273903608322144,0.3511735796928406,0.003167689312249422,0.5522242784500122,0.34280088543891907,-0.013396712020039558,0.5236700773239136,0.3624270558357239,0.003694488201290369,0.5201331377029419,0.36224979162216187,0.013753100298345089,0.5666926503181458,0.4717521071434021,-0.011924331076443195,0.5598443746566772,0.4723680913448334,-0.008577315136790276,0.5547338724136353,0.47359639406204224,-0.004218905698508024,0.5640078783035278,0.45117393136024475,-0.01271558366715908,0.547954261302948,0.47724562883377075,0.005488519091159105,0.5504363179206848,0.4833317995071411,0.003042260417714715,0.5493985414505005,0.47754496335983276,0.004713955335319042,0.5657973289489746,0.44873082637786865,-0.022331127896904945,0.5566924810409546,0.4752476215362549,-0.0020118653774261475,0.5613999366760254,0.4749501645565033,-0.005009104032069445,0.5671162605285645,0.47543448209762573,-0.007196663413196802,0.5630176663398743,0.505633533000946,0.0026134755462408066,0.5637772083282471,0.5039409399032593,-0.0038670548237860203,0.5645127892494202,0.49933961033821106,-0.005356171168386936,0.5653650760650635,0.49491140246391296,-0.004773977678269148,0.5662254691123962,0.49158090353012085,-0.004392572212964296,0.5563587546348572,0.48600223660469055,0.00015966783394105732,0.5551774501800537,0.4871031641960144,-0.0002856867213267833,0.5536708831787109,0.4889969229698181,-0.0007084392127580941,0.5524558424949646,0.4912604093551636,0.0005800834624096751,0.5502762794494629,0.46442729234695435,-0.0034663353580981493,0.5100546479225159,0.42647823691368103,0.05860575661063194,0.575558602809906,0.45624640583992004,-0.019524160772562027,0.5531325340270996,0.4826630651950836,0.0030717854388058186,0.5517704486846924,0.4828278422355652,0.0028300427366048098,0.5684937834739685,0.4558805227279663,-0.013668112456798553,0.5598601698875427,0.4515124261379242,-0.008505207486450672,0.5678578019142151,0.4543949067592621,-0.014038553461432457,0.5538300275802612,0.4223976731300354,-0.005107918754220009,0.5434768199920654,0.4260347783565521,-0.0031302287243306637,0.5577630400657654,0.44278058409690857,-0.012000205926597118,0.5338683724403381,0.3312944769859314,0.0009560176986269653,0.5375843644142151,0.3440760374069214,-0.005741942208260298,0.5393187999725342,0.35286834836006165,-0.01063300296664238,0.5504876971244812,0.4920482039451599,0.005125426687300205,0.56650310754776,0.3624972701072693,-0.01808062568306923,0.5668133497238159,0.34463393688201904,-0.017458265647292137,0.5659164190292358,0.3242025375366211,-0.015788722783327103,0.5365994572639465,0.40244004130363464,0.0012878437992185354,0.5229049324989319,0.40479496121406555,0.010213814675807953,0.5623855590820312,0.4034072160720825,-0.0016481123166158795,0.5291971564292908,0.38302725553512573,0.0032296220306307077,0.5651290416717529,0.4145045876502991,-0.00960780680179596,0.5628041625022888,0.44298112392425537,-0.022600499913096428,0.5162158608436584,0.40977218747138977,0.017045151442289352,0.526382327079773,0.41211003065109253,0.005583449732512236,0.533556342124939,0.41699257493019104,0.000710151856765151,0.5447536110877991,0.4183853268623352,-0.0015255947364494205,0.5534079074859619,0.4167833626270294,-0.0029244855977594852,0.560095489025116,0.4139426052570343,-0.004618598613888025,0.573662281036377,0.40513062477111816,-0.01632102020084858,0.516187846660614,0.42683613300323486,0.016931118443608284,0.5247219800949097,0.3792223036289215,0.005627794656902552,0.5731346011161804,0.4543643295764923,-0.027068039402365685,0.560851514339447,0.42715951800346375,-0.009285490028560162,0.5091114044189453,0.38968247175216675,0.05039609968662262,0.5651759505271912,0.4103032946586609,-0.005821263417601585,0.5569054484367371,0.4425797164440155,-0.006229179445654154,0.5323116779327393,0.3919330835342407,0.005272073671221733,0.5629047155380249,0.43723928928375244,-0.020875558257102966,0.5122233629226685,0.446343332529068,0.058010611683130264,0.562867283821106,0.4003342390060425,-0.0006827268516644835,0.5677056908607483,0.4338357746601105,-0.02646448276937008,0.5295102000236511,0.4886450469493866,0.026956895366311073,0.5298099517822266,0.496438205242157,0.037908606231212616,0.5109363794326782,0.4269106984138489,0.037594035267829895,0.5222710967063904,0.4771729111671448,0.03236127644777298,0.5154770612716675,0.37613391876220703,0.0240557249635458,0.5501192212104797,0.517884373664856,0.013521403074264526,0.5734766125679016,0.4556834399700165,-0.019214816391468048,0.5549958348274231,0.43180912733078003,-0.006796298082917929,0.5182059407234192,0.39164698123931885,0.01758812554180622,0.541847825050354,0.4020760953426361,-0.001138645806349814,0.5469699501991272,0.4037862718105316,-0.002421886660158634,0.5492755174636841,0.4841392934322357,0.004000176675617695,0.5168498754501343,0.4429837763309479,0.02036711573600769,0.5589160919189453,0.5287431478500366,0.01620609685778618,0.5444769263267517,0.5158527493476868,0.025574514642357826,0.5380447506904602,0.5077751278877258,0.03094162605702877,0.5832111835479736,0.34710147976875305,-0.018369227647781372,0.5691221356391907,0.5313861966133118,0.015099890530109406,0.5523881316184998,0.40355727076530457,-0.002562802517786622,0.5576423406600952,0.40215882658958435,-0.0017485085409134626,0.5611023306846619,0.4012198746204376,-0.000654103874694556,0.5206555128097534,0.3755330741405487,0.011089912615716457,0.5575125813484192,0.3925608992576599,-0.003360854694619775,0.5521676540374756,0.3891718089580536,-0.00442131282761693,0.5468947887420654,0.38809382915496826,-0.004252317827194929,0.5417059659957886,0.3887919485569,-0.0027204991783946753,0.5384143590927124,0.39042478799819946,-0.000756948662456125,0.5113892555236816,0.3709067404270172,0.0391758568584919,0.5386455655097961,0.3994627296924591,0.0006542312912642956,0.5747793912887573,0.46270251274108887,-0.01295692753046751,0.556448757648468,0.46179282665252686,-0.007190658710896969,0.5630908012390137,0.4489617943763733,-0.016583897173404694,0.5671356320381165,0.4619024395942688,-0.012440121732652187,0.5798246264457703,0.3917999863624573,-0.015285329893231392,0.5368717908859253,0.49981600046157837,0.023295991122722626,0.5435214638710022,0.5085961818695068,0.01886969618499279,0.5586909651756287,0.5250491499900818,0.008994166739284992,0.5228769183158875,0.48386088013648987,0.04671671986579895,0.5612720251083374,0.39724230766296387,-0.001788696157746017,0.5691338181495667,0.4180545508861542,-0.01723053865134716,0.5694172382354736,0.5275552868843079,0.00818393100053072,0.5511100888252258,0.523235023021698,0.019812336191534996,0.5127310752868652,0.44489046931266785,0.03850497305393219,0.5608299970626831,0.48915404081344604,-0.002412601374089718,0.5595717430114746,0.49141597747802734,-0.0028511746786534786,0.5583281517028809,0.49474582076072693,-0.0032756775617599487,0.5573304295539856,0.4987093210220337,-0.0019158798968419433,0.5557213425636292,0.4997592568397522,0.0032349913381040096,0.5517188310623169,0.4757239818572998,0.0010881852358579636,0.5506722331047058,0.47512906789779663,0.0010447510285302997,0.549795389175415,0.4743863344192505,0.0008250928367488086,0.5454983711242676,0.46852225065231323,0.0012797206873074174,0.5239235758781433,0.44896912574768066,0.009346907958388329,0.5695374011993408,0.40928858518600464,-0.012609467841684818,0.567035973072052,0.3925425410270691,-0.004954978823661804,0.5637128353118896,0.3938189148902893,-0.002881295047700405,0.5527040958404541,0.47607043385505676,0.001707668649032712,0.5239342451095581,0.4671228528022766,0.02023228071630001,0.572199285030365,0.3923869729042053,-0.011879517696797848,0.5530587434768677,0.5052593946456909,0.0068362257443368435,0.5781134963035583,0.4224778413772583,-0.026899904012680054,0.5734508037567139,0.4147217571735382,-0.021311594173312187,0.578590989112854,0.4137272834777832,-0.02254330739378929,0.5644608736038208,0.43008264899253845,-0.01642470620572567,0.5699414014816284,0.5216644406318665,0.004622547887265682,0.5705065131187439,0.5139641761779785,0.0037014284171164036,0.5612150430679321,0.511983335018158,0.004502653609961271,0.5423804521560669,0.48656269907951355,0.01035164762288332,0.5514138340950012,0.44788962602615356,-0.004022268112748861,0.5471961498260498,0.49668464064598083,0.009050192311406136,0.5369471311569214,0.44486427307128906,-0.002005577553063631,0.5450822710990906,0.4546269476413727,-0.0018977519357576966,0.5318427681922913,0.45615193247795105,0.0037933774292469025,0.5593947768211365,0.5193623900413513,0.0055581447668373585,0.5608572363853455,0.4335988461971283,-0.012085231952369213,0.5382375121116638,0.4919646382331848,0.016041789203882217,0.544694185256958,0.5019513964653015,0.013763658702373505,0.5382546186447144,0.4756782650947571,0.009028037078678608,0.5185511112213135,0.45653513073921204,0.02393272891640663,0.5314045548439026,0.47657522559165955,0.014268454164266586,0.516130268573761,0.46158111095428467,0.038010746240615845,0.5400527119636536,0.4626784324645996,0.001959951128810644,0.5651270151138306,0.4225371479988098,-0.012939298525452614,0.5642321109771729,0.44713732600212097,-0.02362648956477642,0.5607810020446777,0.44774848222732544,-0.017229406163096428,0.5670865178108215,0.44244277477264404,-0.02767503820359707,0.562632143497467,0.3822387456893921,-0.0073079620487987995,0.5529119968414307,0.37387561798095703,-0.008456476964056492,0.5441504716873169,0.3712688684463501,-0.007914116606116295,0.5368669629096985,0.37232089042663574,-0.0053796349093317986,0.5317479968070984,0.3759749233722687,-0.0016981245717033744,0.5283419489860535,0.39198604226112366,0.007767920847982168,0.5104076862335205,0.409454882144928,0.03479449823498726,0.5322249531745911,0.4059234857559204,0.004050644114613533,0.5379336476325989,0.40995267033576965,0.0010074845049530268,0.545698344707489,0.41213059425354004,-0.001131282071582973,0.5534462928771973,0.4116058051586151,-0.0024423988070338964,0.5597237348556519,0.40935927629470825,-0.0025722805876284838,0.5640103816986084,0.4069831371307373,-0.003192559350281954,0.5092098116874695,0.40782177448272705,0.05637618899345398,0.5606467723846436,0.4492425322532654,-0.014233720488846302,0.5687536001205444,0.42583662271499634,-0.021103916689753532,0.5680688619613647,0.448641300201416,-0.027700912207365036,0.5704380869865417,0.45251691341400146,-0.024920860305428505,0.5678474307060242,0.44966599345207214,-0.02488863468170166,0.5617294311523438,0.45134586095809937,-0.011886799708008766,0.5714545845985413,0.4535614550113678,-0.026319261640310287,0.5718285441398621,0.45491573214530945,-0.01939520612359047,0.5648308992385864,0.40063804388046265,-0.0013700283598154783,0.5674289464950562,0.40250352025032043,-0.004393387585878372,0.5691161751747131,0.4040963351726532,-0.007853459566831589,0.5365334749221802,0.3917957842350006,0.0013779867440462112,0.5323489308357239,0.38538092374801636,0.001582916360348463,0.58255934715271,0.4240432381629944,-0.024764876812696457,0.6185047030448914,0.4054020047187805,0.00477371783927083,0.5805720686912537,0.4544590413570404,-0.019338024780154228,0.6431346535682678,0.37073662877082825,0.029700124636292458,0.6018606424331665,0.41242310404777527,-0.001410196302458644,0.6080686450004578,0.4135483205318451,-0.0006367256282828748,0.613794207572937,0.4128434360027313,0.001185188302770257,0.6206113696098328,0.40782445669174194,0.006169598549604416,0.596522331237793,0.40950897336006165,-0.000939556397497654,0.6121357083320618,0.38630548119544983,-0.004408447537571192,0.6050581336021423,0.3868456184864044,-0.004790745209902525,0.6183329224586487,0.38827407360076904,-0.0019781130831688643,0.6219507455825806,0.39203721284866333,0.0006688826251775026,0.6255373358726501,0.4124187231063843,0.009728564880788326,0.5893484950065613,0.5154452323913574,0.010715587064623833,0.6203461289405823,0.40275970101356506,0.006786069367080927,0.6416803002357483,0.40705934166908264,0.03553973138332367,0.6317419409751892,0.4054812788963318,0.015348315238952637,0.6042060852050781,0.4433017373085022,-0.0035669568460434675,0.5820204615592957,0.46987971663475037,-0.01247441116720438,0.5807554125785828,0.47526806592941284,-0.009498014114797115,0.5883482694625854,0.4726124405860901,-0.008591767400503159,0.5923296809196472,0.47547605633735657,-0.003434264101088047,0.5861011743545532,0.47611135244369507,-0.006818411871790886,0.5899822115898132,0.4775765538215637,-0.0021378574892878532,0.597665011882782,0.48894229531288147,0.00838021095842123,0.5806460976600647,0.45132023096084595,-0.029869889840483665,0.5819273591041565,0.4434000551700592,-0.03214400261640549,0.6317961812019348,0.38162437081336975,0.0024880387354642153,0.5939463376998901,0.422606885433197,-0.006255743093788624,0.5923891067504883,0.44811320304870605,-0.015855759382247925,0.5929833054542542,0.44351479411125183,-0.014476235024631023,0.6215469837188721,0.44297656416893005,0.004376975353807211,0.5823452472686768,0.43296128511428833,-0.029514802619814873,0.6197032928466797,0.3725561499595642,-0.008487249724566936,0.6272804141044617,0.37525463104248047,-0.0033842662815004587,0.6393861770629883,0.3555659055709839,0.01694774441421032,0.5928207635879517,0.3809422254562378,-0.014180997386574745,0.598626971244812,0.39039474725723267,-0.0032271533273160458,0.6024444699287415,0.4803726375102997,0.008480043150484562,0.6241281032562256,0.47809821367263794,0.05824890732765198,0.5880182981491089,0.45242753624916077,-0.013550784438848495,0.5837197303771973,0.4545285999774933,-0.013642245903611183,0.5967797040939331,0.4813813865184784,0.007826421409845352,0.5952239036560059,0.4814842939376831,0.006180721800774336,0.630727231502533,0.3686479330062866,-0.0011610647197812796,0.5922738313674927,0.45085445046424866,-0.012402594089508057,0.608563244342804,0.3739437758922577,-0.012353905476629734,0.6100080013275146,0.3664374053478241,-0.014197573997080326,0.6184221506118774,0.33393219113349915,-0.00787254050374031,0.6350039839744568,0.3638746440410614,0.006417498458176851,0.6136924624443054,0.3502142131328583,-0.01158605795353651,0.635105311870575,0.3770895004272461,0.007071849890053272,0.6393676996231079,0.3762403130531311,0.017428237944841385,0.5814812779426575,0.47298601269721985,-0.011583684012293816,0.5872303247451782,0.47458839416503906,-0.007882049307227135,0.5912344455718994,0.47659868001937866,-0.003232688410207629,0.5867165923118591,0.4535030424594879,-0.012089964002370834,0.5959970951080322,0.48143845796585083,0.006952805910259485,0.5931859016418457,0.48693057894706726,0.004248032812029123,0.5945150852203369,0.48153144121170044,0.00607751589268446,0.5860074162483215,0.4508143961429596,-0.021608857437968254,0.5888428092002869,0.47809380292892456,-0.001122468733228743,0.5850149393081665,0.47693124413490295,-0.004382758401334286,0.5800351500511169,0.47650861740112305,-0.0068682110868394375,0.5789670944213867,0.5072947144508362,0.002937183016911149,0.5793158411979675,0.5051625370979309,-0.0035100034438073635,0.5794165730476379,0.5004488229751587,-0.005000436212867498,0.5792162418365479,0.4958999454975128,-0.004428680054843426,0.5787571668624878,0.49245041608810425,-0.004062122665345669,0.5877517461776733,0.4885046184062958,0.001037411973811686,0.5887982249259949,0.4897650480270386,0.0006027353811077774,0.589978814125061,0.491874635219574,0.0002420916862320155,0.5907654762268066,0.4943459928035736,0.0016322059091180563,0.5975297093391418,0.46931421756744385,-0.0021326604764908552,0.6360039114952087,0.44037383794784546,0.0627540871500969,0.5907350182533264,0.4858865737915039,0.004232647828757763,0.5920184850692749,0.4862096905708313,0.003984355833381414,0.5819708704948425,0.457328200340271,-0.013302505016326904,0.590359091758728,0.4547122120857239,-0.007723941467702389,0.58278489112854,0.4559961259365082,-0.013679325580596924,0.5997107028961182,0.4274696409702301,-0.003683037357404828,0.6090824007987976,0.4333093762397766,-0.0012376655358821154,0.5936481952667236,0.44663405418395996,-0.010914454236626625,0.6317716836929321,0.3430449962615967,0.003815999021753669,0.6270408630371094,0.35477414727211,-0.003127860138192773,0.6221746802330017,0.36488017439842224,-0.008340229280292988,0.5928053259849548,0.4962664842605591,0.006345757748931646,0.5954475998878479,0.36938968300819397,-0.01728089153766632,0.5995415449142456,0.3485666513442993,-0.016498565673828125,0.6032639145851135,0.3286977708339691,-0.01479374896734953,0.6181554198265076,0.4111940860748291,0.003847462357953191,0.6314371228218079,0.4181893467903137,0.013503849506378174,0.5930808186531067,0.406930148601532,-0.0004894309677183628,0.6273228526115417,0.3949446380138397,0.006240403279662132,0.5904677510261536,0.4172641634941101,-0.008744473569095135,0.5897157192230225,0.4458059072494507,-0.0217543076723814,0.635785698890686,0.42312705516815186,0.02078966237604618,0.6280295848846436,0.4242946207523346,0.008679501712322235,0.6211110949516296,0.42725232243537903,0.0032841626089066267,0.6100174784660339,0.4257994294166565,0.0004158063675276935,0.6016268730163574,0.4220338761806488,-0.0014627095079049468,0.595400869846344,0.41770097613334656,-0.0035059479996562004,0.5841532349586487,0.4062824547290802,-0.015951460227370262,0.6332724690437317,0.43974053859710693,0.020623184740543365,0.6319688558578491,0.3928092420101166,0.008927819319069386,0.578502357006073,0.4548709988594055,-0.026873096823692322,0.5926634669303894,0.43061959743499756,-0.008229335770010948,0.6429521441459656,0.4049106538295746,0.05465199053287506,0.5909305214881897,0.41295838356018066,-0.004943580832332373,0.5941470861434937,0.44659852981567383,-0.005150027573108673,0.6229977607727051,0.4025115966796875,0.008148028515279293,0.590180516242981,0.44011998176574707,-0.02001151256263256,0.6309926509857178,0.4590473175048828,0.0620424747467041,0.5926547646522522,0.40393999218940735,0.0005515221855603158,0.5865036845207214,0.4357830584049225,-0.025853997096419334,0.6112815737724304,0.4967580735683441,0.029676904901862144,0.6090195178985596,0.5039892792701721,0.040735550224781036,0.6366744637489319,0.4406740963459015,0.04164544492959976,0.6190824508666992,0.48702606558799744,0.035561684519052505,0.6409305334091187,0.3906577527523041,0.027976250275969505,0.5888746976852417,0.5215104222297668,0.014798003248870373,0.5776565074920654,0.4560914635658264,-0.019101940095424652,0.5973790287971497,0.4364479184150696,-0.005535634700208902,0.6359103918075562,0.40695953369140625,0.02128221094608307,0.6132544279098511,0.40890151262283325,0.0011530808405950665,0.6081427931785583,0.4095820188522339,-0.00042840445530600846,0.5941485166549683,0.4879212975502014,0.005304101388901472,0.629975438117981,0.45524439215660095,0.02389783412218094,0.5792004466056824,0.5305386185646057,0.016922933980822563,0.593936562538147,0.5203116536140442,0.02734363079071045,0.6005744934082031,0.5135347843170166,0.03320763260126114,0.6028031706809998,0.40849024057388306,-0.0008651826065033674,0.5976435542106628,0.4063311815261841,-0.0002975781389977783,0.5943043231964111,0.40503185987472534,0.0006511416868306696,0.6355374455451965,0.39040517807006836,0.014679968357086182,0.5987673997879028,0.3978275954723358,-0.00189122068695724,0.6043639183044434,0.39595574140548706,-0.002707519568502903,0.6097820401191711,0.39615845680236816,-0.0022401802707463503,0.6146981716156006,0.39785921573638916,-0.00043104917858727276,0.6175625920295715,0.39992421865463257,0.0017263302579522133,0.6442405581474304,0.3863065242767334,0.04335838556289673,0.6164489388465881,0.40724942088127136,0.003134306287392974,0.5922574400901794,0.4655216634273529,-0.006149564404040575,0.5881891846656799,0.4515792429447174,-0.015847062692046165,0.5823936462402344,0.4635411500930786,-0.012023859657347202,0.6032028794288635,0.506264328956604,0.025493111461400986,0.5960237383842468,0.5136107206344604,0.020602358505129814,0.5799769759178162,0.5270192623138428,0.009653152897953987,0.6164897084236145,0.4931311309337616,0.050035249441862106,0.5946070551872253,0.4013338088989258,-0.0004640983243007213,0.5867441296577454,0.41995468735694885,-0.01664106734097004,0.587088406085968,0.52641361951828,0.02111581526696682,0.6320757269859314,0.45767590403556824,0.042409662157297134,0.5837383270263672,0.4908163845539093,-0.0017830056603997946,0.5846896171569824,0.4932806193828583,-0.0021793674677610397,0.585433840751648,0.4967997074127197,-0.0025737753603607416,0.5858009457588196,0.5009375810623169,-0.0011659509036689997,0.5867438316345215,0.5028329491615295,0.004101816099137068,0.5930083394050598,0.4793568253517151,0.0022618044167757034,0.5941437482833862,0.4788675010204315,0.0023574666120111942,0.5951474905014038,0.4782510995864868,0.0022523689549416304,0.6012440919876099,0.47416847944259644,0.0029644928872585297,0.6232502460479736,0.4596594274044037,0.01227420661598444,0.5872483253479004,0.4112411141395569,-0.012019885703921318,0.5902825593948364,0.39597833156585693,-0.004176649264991283,0.5928829908370972,0.3976733982563019,-0.0017394046299159527,0.5919243693351746,0.47964075207710266,0.0028811050578951836,0.6199895143508911,0.4771004319190979,0.023237524554133415,0.5863752961158752,0.39506256580352783,-0.011378353461623192,0.5882219076156616,0.5086723566055298,0.007794500328600407,0.5833556056022644,0.4157748818397522,-0.02101023681461811,0.589374840259552,0.432793527841568,-0.015651000663638115,0.5796608924865723,0.5137839317321777,0.004945342428982258,0.6008968353271484,0.49240073561668396,0.012083190493285656,0.5985597968101501,0.4529336392879486,-0.0027304792311042547,0.5949317216873169,0.5013740062713623,0.010400783270597458,0.612535834312439,0.4530581831932068,7.654388900846243e-05,0.6036188006401062,0.4608880281448364,-0.00026878793141804636,0.6153560876846313,0.46505972743034363,0.006178124807775021,0.5803148150444031,0.5213844180107117,0.006157890893518925,0.5919225811958313,0.43694907426834106,-0.01111916359513998,0.6036688089370728,0.4984248876571655,0.018085390329360962,0.5963070392608643,0.5069475769996643,0.01532997377216816,0.6064445972442627,0.4826083183288574,0.011151055805385113,0.6261801719665527,0.46793562173843384,0.02734055556356907,0.6121944189071655,0.4848015606403351,0.016777299344539642,0.6265344619750977,0.47310447692871094,0.04168010130524635,0.6070317625999451,0.46972721815109253,0.0038719475269317627,0.5895468592643738,0.4252047836780548,-0.0120895616710186,0.587807834148407,0.44958052039146423,-0.022839602082967758,0.5905558466911316,0.4508732259273529,-0.01636415161192417,0.5861226916313171,0.4443954825401306,-0.027101527899503708,0.595763087272644,0.3876749873161316,-0.006227567791938782,0.6063387393951416,0.3820546865463257,-0.006845081690698862,0.6152130961418152,0.38142284750938416,-0.005807954352349043,0.622012197971344,0.3835459351539612,-0.0028384465258568525,0.626144289970398,0.38785287737846375,0.0011573195224627852,0.6268266439437866,0.40371695160865784,0.01083399634808302,0.6399674415588379,0.4239349365234375,0.038962651044130325,0.6225278377532959,0.41641178727149963,0.00681442441418767,0.6169267892837524,0.4187559187412262,0.0033974621910601854,0.6091569066047668,0.4188792109489441,0.0008217865834012628,0.6015183329582214,0.41661787033081055,-0.0009106931975111365,0.5955530405044556,0.4131971597671509,-0.0014104762813076377,0.5916454792022705,0.4099721312522888,-0.002237505279481411,0.6398389339447021,0.42249783873558044,0.060579635202884674,0.5901907086372375,0.45230263471603394,-0.013382364995777607,0.5863034129142761,0.4277050495147705,-0.020512927323579788,0.58426433801651,0.45023825764656067,-0.027191871777176857,0.5811513662338257,0.4535481333732605,-0.024614175781607628,0.5840710401535034,0.451296329498291,-0.02436939626932144,0.5887534618377686,0.45412325859069824,-0.011190696619451046,0.5801594257354736,0.4543903172016144,-0.026072628796100616,0.5792843103408813,0.45560750365257263,-0.01920488104224205,0.5909831523895264,0.40389832854270935,-0.0003307275765109807,0.5888167023658752,0.40502679347991943,-0.0036212820559740067,0.587770938873291,0.40615740418434143,-0.007235592696815729,0.6191514730453491,0.4014299511909485,0.003970792982727289,0.6238701343536377,0.3963604271411896,0.0043396432884037495,0.5484341979026794,0.3955284655094147,-0.0011398555943742394,0.554434597492218,0.39632564783096313,-0.0011398555943742394,0.5491176247596741,0.3879956901073456,-0.0011398555943742394,0.5423036813735962,0.39467179775238037,-0.0011398555943742394,0.5477278828620911,0.40300092101097107,-0.0011398555943742394,0.606389582157135,0.4008794128894806,0.000838858017232269,0.6122891902923584,0.401386022567749,0.000838858017232269,0.6066451072692871,0.39374256134033203,0.000838858017232269,0.6005762815475464,0.40034323930740356,0.000838858017232269,0.6061679124832153,0.4080274701118469,0.000838858017232269
433.33333333333326,0.575007438659668,0.4706462621688843,-0.013180362060666084,0.5762025713920593,0.4516066908836365,-0.030517462641000748,0.5752219557762146,0.457745224237442,-0.015011392533779144,0.5731440782546997,0.4234004616737366,-0.025296615436673164,0.5768226385116577,0.44339314103126526,-0.033050861209630966,0.5774474740028381,0.4321475923061371,-0.03159516677260399,0.5788413882255554,0.4041055738925934,-0.01871849037706852,0.5368321537971497,0.3964727520942688,0.0019494721200317144,0.5803607702255249,0.3804556727409363,-0.016586463898420334,0.5812597870826721,0.36859044432640076,-0.018921850249171257,0.5841823220252991,0.32618969678878784,-0.01752394810318947,0.5747591257095337,0.47308826446533203,-0.01228081900626421,0.5744507312774658,0.4751899242401123,-0.010331659577786922,0.5741883516311646,0.4764100909233093,-0.007541193161159754,0.573018491268158,0.49350154399871826,-0.004637025762349367,0.5729118585586548,0.4972195327281952,-0.004986124578863382,0.5726343989372253,0.5017017126083374,-0.005465582013130188,0.5722519755363464,0.506339967250824,-0.0035345247015357018,0.5711396932601929,0.5080690979957581,0.003162885084748268,0.5758001804351807,0.45533287525177,-0.02731313370168209,0.5706109404563904,0.4538906216621399,-0.01960526779294014,0.5155683755874634,0.35613003373146057,0.025340434163808823,0.5529199838638306,0.40695664286613464,-0.0032676318660378456,0.5466989874839783,0.40704843401908875,-0.0028432232793420553,0.5410882830619812,0.405090868473053,-0.0013130087172612548,0.5343004465103149,0.39803430438041687,0.003246887121349573,0.5584465861320496,0.4050086736679077,-0.002455248264595866,0.5461927056312561,0.37711843848228455,-0.006766210310161114,0.5531389713287354,0.3793947100639343,-0.006730721797794104,0.5395855903625488,0.37792763113975525,-0.004660474136471748,0.5351645946502686,0.38123375177383423,-0.002184615470468998,0.5291913151741028,0.40124186873435974,0.006575757637619972,0.5508022308349609,0.5122212767601013,0.010321897454559803,0.535173237323761,0.3930386006832123,0.0038314233534038067,0.5113105177879333,0.39258480072021484,0.03123842366039753,0.5230233073234558,0.3923797011375427,0.011784515343606472,0.5468795895576477,0.43734198808670044,-0.005136762745678425,0.567202091217041,0.46840256452560425,-0.012672178447246552,0.5670800805091858,0.47399136424064636,-0.009612792171537876,0.5591734647750854,0.47001463174819946,-0.009154119528830051,0.5535520911216736,0.4720141887664795,-0.0042808772996068,0.5606184601783752,0.47380760312080383,-0.007221538107842207,0.555510401725769,0.4743618369102478,-0.0027695216704159975,0.5465459227561951,0.4843410551548004,0.007434497587382793,0.5717162489891052,0.45085078477859497,-0.03015994466841221,0.5716360211372375,0.4427853226661682,-0.032509695738554,0.5270361304283142,0.36852583289146423,-0.0009864530293270946,0.5602737665176392,0.4191948175430298,-0.007459205109626055,0.5590227842330933,0.4449818432331085,-0.016893016174435616,0.558857798576355,0.44024595618247986,-0.015538916923105717,0.5286805033683777,0.43310314416885376,0.0016991407610476017,0.5724361538887024,0.43236711621284485,-0.029998255893588066,0.5411943793296814,0.36101531982421875,-0.011102675460278988,0.5329322814941406,0.3627456724643707,-0.006466890685260296,0.5227490067481995,0.342154860496521,0.012903887778520584,0.5672731995582581,0.37479105591773987,-0.015353275462985039,0.5588757991790771,0.384743869304657,-0.004849203862249851,0.5430165529251099,0.4748818874359131,0.0070661031641066074,0.5163246393203735,0.4671361446380615,0.05492658540606499,0.5627438426017761,0.4501934051513672,-0.01424412801861763,0.5669450759887695,0.45316559076309204,-0.013968166895210743,0.546469509601593,0.47686800360679626,0.006662221159785986,0.5480132699012756,0.47718483209609985,0.005194358993321657,0.5299528241157532,0.3554689884185791,-0.00447525130584836,0.5583961606025696,0.44765704870224,-0.013383566401898861,0.5523802042007446,0.36429843306541443,-0.014266877435147762,0.5519481301307678,0.35658377408981323,-0.016231482848525047,0.5489521026611328,0.3260425329208374,-0.010501422919332981,0.5269619822502136,0.3516042232513428,0.0026793810538947582,0.5516635775566101,0.3432237505912781,-0.014014463871717453,0.5237351059913635,0.3631141781806946,0.003324885154142976,0.5198014974594116,0.36264270544052124,0.013339531607925892,0.5669922232627869,0.4715884029865265,-0.011737296357750893,0.559855043888092,0.47211769223213196,-0.008349708281457424,0.5544873476028442,0.4732847809791565,-0.003932393621653318,0.5638149976730347,0.45153385400772095,-0.012686754576861858,0.547248125076294,0.4770335853099823,0.005901753902435303,0.5499408841133118,0.4833965003490448,0.003503143787384033,0.5487149953842163,0.47734272480010986,0.005124432034790516,0.5656365156173706,0.4491228461265564,-0.022354040294885635,0.5564106702804565,0.47500815987586975,-0.001712567056529224,0.5613787770271301,0.4747799038887024,-0.004752767737954855,0.5673434734344482,0.4753173589706421,-0.006966929882764816,0.5630167722702026,0.5063997507095337,0.0032731976825743914,0.5641701817512512,0.5043493509292603,-0.003328533610329032,0.5648496747016907,0.49980610609054565,-0.004890176001936197,0.5656391978263855,0.4954322278499603,-0.004365530330687761,0.5664427876472473,0.49214500188827515,-0.004018796142190695,0.5560919046401978,0.48634591698646545,0.0005654533742927015,0.5549381375312805,0.487420916557312,0.00015594885917380452,0.5534501075744629,0.4892975687980652,-0.00022695359075441957,0.5522624850273132,0.4915604293346405,0.0010958650382235646,0.5501378178596497,0.46477895975112915,-0.0032288876827806234,0.5097675323486328,0.42661353945732117,0.05873813107609749,0.5755289793014526,0.456605464220047,-0.019501928240060806,0.5526400208473206,0.48276787996292114,0.003492644988000393,0.5512828230857849,0.4829045534133911,0.0032734733540564775,0.5683761835098267,0.4562394320964813,-0.013589395210146904,0.5596330761909485,0.451857328414917,-0.008434600196778774,0.5677254796028137,0.45475274324417114,-0.013984840363264084,0.5535516738891602,0.42264291644096375,-0.005195572506636381,0.5432206988334656,0.42631039023399353,-0.0031765946187078953,0.557491660118103,0.4431087076663971,-0.011990332044661045,0.5333514213562012,0.3317292332649231,0.0003744276473298669,0.5370674729347229,0.3445259928703308,-0.006297667045146227,0.5394949913024902,0.3531070053577423,-0.011100800707936287,0.5504095554351807,0.4925909638404846,0.005713535472750664,0.5663964152336121,0.36248499155044556,-0.018588224425911903,0.5662698149681091,0.34502068161964417,-0.018114197999238968,0.5652964115142822,0.32457074522972107,-0.016508404165506363,0.5366071462631226,0.40220606327056885,0.0010942716617137194,0.5227222442626953,0.4052332043647766,0.010082081891596317,0.5621635317802429,0.4030274748802185,-0.0018918877467513084,0.529231607913971,0.38326844573020935,0.002965484047308564,0.5648214817047119,0.4147557020187378,-0.009780625812709332,0.5625783205032349,0.44335857033729553,-0.022641079500317574,0.5159226059913635,0.4100646674633026,0.016968276351690292,0.5261866450309753,0.41236212849617004,0.005490946117788553,0.5333485007286072,0.4170609712600708,0.0006274293991737068,0.5445106625556946,0.4182678461074829,-0.001631580526009202,0.553112804889679,0.41657859086990356,-0.0030579622834920883,0.5597384572029114,0.41371220350265503,-0.004786457866430283,0.5733408331871033,0.4054127633571625,-0.016596786677837372,0.5159186124801636,0.4271085560321808,0.01696968264877796,0.5246739983558655,0.3796890079975128,0.00534861208871007,0.5730713605880737,0.45474866032600403,-0.02708638459444046,0.5605723261833191,0.4274234473705292,-0.009369391947984695,0.5088858604431152,0.3899325430393219,0.0502360574901104,0.5648121237754822,0.4100343585014343,-0.006030713208019733,0.5566394925117493,0.44288262724876404,-0.006201369222253561,0.5323801040649414,0.3919652998447418,0.005043103359639645,0.5626438856124878,0.4375874102115631,-0.020938729867339134,0.5119291543960571,0.4464288651943207,0.05829596519470215,0.5626628398895264,0.3999960720539093,-0.0009490767843089998,0.5674712061882019,0.4342043995857239,-0.026571078225970268,0.5293713808059692,0.4889232814311981,0.027571750804781914,0.5296343564987183,0.4966459572315216,0.03857024759054184,0.5106387138366699,0.4271294176578522,0.03768094629049301,0.5221055150032043,0.47741615772247314,0.03287512809038162,0.5151843428611755,0.3764845132827759,0.023750141263008118,0.5500945448875427,0.518349826335907,0.014369134791195393,0.5734274387359619,0.4560524821281433,-0.019188325852155685,0.5547265410423279,0.4320809841156006,-0.006827984005212784,0.5179652571678162,0.39240506291389465,0.017394155263900757,0.5419299602508545,0.4014527499675751,-0.001357505563646555,0.5469498634338379,0.4030802845954895,-0.002645601984113455,0.5487667918205261,0.4842028319835663,0.004475122317671776,0.5166148543357849,0.4432382881641388,0.020549992099404335,0.5589669942855835,0.5292203426361084,0.017119185999035835,0.5443567037582397,0.5161985158920288,0.02640453912317753,0.5378862619400024,0.5080483555793762,0.03169699385762215,0.58271324634552,0.3474345803260803,-0.019050946459174156,0.5693032145500183,0.5318533182144165,0.016001403331756592,0.5522804260253906,0.402872771024704,-0.0027980206068605185,0.5574825406074524,0.4015868008136749,-0.0019962601363658905,0.5609157085418701,0.40078818798065186,-0.0009121273178607225,0.5205377340316772,0.37623509764671326,0.010797295719385147,0.5572535991668701,0.3924226760864258,-0.0036448054015636444,0.5519349575042725,0.3891284465789795,-0.004709863103926182,0.5467740297317505,0.38810768723487854,-0.0045293234288692474,0.541711688041687,0.38883092999458313,-0.002982432022690773,0.5384976863861084,0.39042678475379944,-0.0010070197749882936,0.5111798644065857,0.3712277114391327,0.03887299820780754,0.5387840270996094,0.39898714423179626,0.0004342135798651725,0.574788510799408,0.46304354071617126,-0.012853777036070824,0.5563086867332458,0.4621501564979553,-0.007015508133918047,0.5628910064697266,0.4493367671966553,-0.01658739149570465,0.5670529007911682,0.4622598886489868,-0.012309332378208637,0.5794835686683655,0.3920741677284241,-0.015651393681764603,0.536757230758667,0.5001384019851685,0.024015458300709724,0.5434324145317078,0.508985698223114,0.01966359093785286,0.5587624311447144,0.5255664587020874,0.009880298748612404,0.5226764678955078,0.4840136766433716,0.04726972058415413,0.5610416531562805,0.3969900906085968,-0.0020656066481024027,0.5688493251800537,0.41835811734199524,-0.01741597056388855,0.5695988535881042,0.5280762910842896,0.009068001993000507,0.5510615110397339,0.5236613750457764,0.020697150379419327,0.5124488472938538,0.4450892210006714,0.03873935714364052,0.560829222202301,0.4896697402000427,-0.0020274813286960125,0.559613049030304,0.4918941557407379,-0.0024249455891549587,0.558419406414032,0.49517911672592163,-0.002797673689201474,0.5574776530265808,0.4991077482700348,-0.0013843877241015434,0.5556573867797852,0.5004221796989441,0.0038657921832054853,0.5511751770973206,0.47542887926101685,0.0014392699813470244,0.550129771232605,0.47481656074523926,0.001398143358528614,0.5492385625839233,0.47404929995536804,0.0011738083558157086,0.5453839898109436,0.4688847064971924,0.0016066700918599963,0.5237381458282471,0.44924867153167725,0.009551659226417542,0.5692189931869507,0.40955695509910583,-0.01283365860581398,0.5667704939842224,0.3923317492008209,-0.0052749235183000565,0.5634897947311401,0.39355528354644775,-0.0031877399887889624,0.5521540641784668,0.47579166293144226,0.0020630373619496822,0.5237794518470764,0.4673845171928406,0.0206301249563694,0.5718309283256531,0.39221134781837463,-0.012215257622301579,0.5530080795288086,0.5057912468910217,0.007558051031082869,0.5779024958610535,0.4228208661079407,-0.02709962986409664,0.5731720328330994,0.41504034399986267,-0.021544598042964935,0.5783386826515198,0.4140414297580719,-0.022794503718614578,0.5641941428184509,0.4303854703903198,-0.016528703272342682,0.5700987577438354,0.5222277045249939,0.005452245473861694,0.570630669593811,0.5146178603172302,0.004451794549822807,0.561237633228302,0.5126127600669861,0.005267318803817034,0.5422835350036621,0.486926406621933,0.010922747664153576,0.5511836409568787,0.4481978714466095,-0.003925796132534742,0.5471117496490479,0.4971159100532532,0.009711680002510548,0.5367541313171387,0.44517552852630615,-0.0018733044853433967,0.5449033379554749,0.4549383819103241,-0.0017094030044972897,0.531697690486908,0.4564456641674042,0.004047055263072252,0.5594483017921448,0.5199058055877686,0.006390981841832399,0.560580313205719,0.43388843536376953,-0.012140307575464249,0.5381267666816711,0.4922991394996643,0.016678018495440483,0.5445978045463562,0.5023534893989563,0.014495020732283592,0.5381414294242859,0.4759996831417084,0.009490604512393475,0.5183519124984741,0.4567773640155792,0.02424374595284462,0.5312730073928833,0.47687169909477234,0.014743012376129627,0.515899121761322,0.4617885649204254,0.038395076990127563,0.539923369884491,0.46298667788505554,0.00224871514365077,0.5648449659347534,0.4228156805038452,-0.013072595931589603,0.56404709815979,0.4475310444831848,-0.02366037666797638,0.5605543851852417,0.44811922311782837,-0.017223889008164406,0.5668968558311462,0.44284576177597046,-0.02774164266884327,0.5624566674232483,0.3821316659450531,-0.007663009688258171,0.5528501272201538,0.3738698959350586,-0.008820033632218838,0.5441824197769165,0.3713502287864685,-0.008258470334112644,0.536961555480957,0.3724956512451172,-0.005698841065168381,0.5318613648414612,0.3761863112449646,-0.0019982128869742155,0.5282806754112244,0.39218103885650635,0.007547371555119753,0.5101194381713867,0.4097185432910919,0.03474760428071022,0.5320834517478943,0.4059557616710663,0.0038981817197054625,0.5377702116966248,0.4098345935344696,0.0008586823823861778,0.5455039143562317,0.4118390679359436,-0.0012843318982049823,0.5531821250915527,0.41123518347740173,-0.002614471362903714,0.5594207048416138,0.40901994705200195,-0.002775808097794652,0.5636916160583496,0.406685471534729,-0.0034141000360250473,0.508949875831604,0.4080064296722412,0.05635536089539528,0.5604196190834045,0.44960546493530273,-0.014210157096385956,0.5685003995895386,0.4261682629585266,-0.021249258890748024,0.5679302215576172,0.4490525424480438,-0.027743570506572723,0.5703509449958801,0.4529014229774475,-0.02493651956319809,0.5677149295806885,0.45006248354911804,-0.0249180905520916,0.561513364315033,0.45170027017593384,-0.01184409111738205,0.5713781714439392,0.4539499282836914,-0.026335125789046288,0.5717625021934509,0.4552866816520691,-0.019372927024960518,0.5645920038223267,0.4003179669380188,-0.0016380768502131104,0.5671067833900452,0.4022132456302643,-0.004658984486013651,0.5687469244003296,0.40380990505218506,-0.008110334165394306,0.5366360545158386,0.3917452096939087,0.0011351550929248333,0.5324501991271973,0.3854382634162903,0.0013327329652383924,0.5823907256126404,0.4243575632572174,-0.024969330057501793,0.6185232400894165,0.40541768074035645,0.004401632584631443,0.5805912017822266,0.45479774475097656,-0.01933884806931019,0.6428298354148865,0.3706503212451935,0.028996385633945465,0.6018650531768799,0.4125238358974457,-0.0017149689374491572,0.6080189943313599,0.413625031709671,-0.0009500133455730975,0.613725483417511,0.4129067659378052,0.0008554384112358093,0.6206367015838623,0.4078159034252167,0.005812447518110275,0.5965968370437622,0.40965405106544495,-0.0012409430928528309,0.6120505928993225,0.3862292766571045,-0.004830436315387487,0.6050204038619995,0.38686901330947876,-0.005211278330534697,0.6182346343994141,0.3881269693374634,-0.0024015146773308516,0.6218687295913696,0.39186784625053406,0.00024898615083657205,0.6254855394363403,0.412392795085907,0.009393777698278427,0.589630663394928,0.5157999992370605,0.011427451856434345,0.6203920245170593,0.40270838141441345,0.006399039179086685,0.6416201591491699,0.4069087505340576,0.03517227619886398,0.6317188143730164,0.4053293764591217,0.014967515133321285,0.6042528748512268,0.44338396191596985,-0.0036401324905455112,0.5824690461158752,0.46980342268943787,-0.012330485507845879,0.5811919569969177,0.4752321243286133,-0.009319715201854706,0.5887496471405029,0.47253018617630005,-0.00843195989727974,0.5926642417907715,0.4753711223602295,-0.003233362454921007,0.5864887833595276,0.47607913613319397,-0.006632218137383461,0.5902933478355408,0.47750747203826904,-0.00191544892732054,0.5978842377662659,0.48919805884361267,0.008800646290183067,0.5806111097335815,0.4516998827457428,-0.02993169240653515,0.5818602442741394,0.44377681612968445,-0.032252486795186996,0.6316365599632263,0.38126590847969055,0.0019690794870257378,0.593870997428894,0.42273280024528503,-0.006461089476943016,0.592524528503418,0.4483288526535034,-0.01592235453426838,0.593101978302002,0.4437021315097809,-0.014561500400304794,0.6215952038764954,0.4429611563682556,0.0042551783844828606,0.5822252631187439,0.4333091080188751,-0.0296749509871006,0.6194791197776794,0.372357040643692,-0.009033521637320518,0.627074658870697,0.37494713068008423,-0.003934543579816818,0.6390601992607117,0.3555668592453003,0.01616879738867283,0.5926586985588074,0.3811315894126892,-0.014655397273600101,0.5986601114273071,0.39052119851112366,-0.003620732808485627,0.6026453375816345,0.48051780462265015,0.008794347755610943,0.6243800520896912,0.4778133034706116,0.05844224989414215,0.5881384611129761,0.45268669724464417,-0.013578067533671856,0.583802342414856,0.45481106638908386,-0.013628189451992512,0.5969481468200684,0.4813712239265442,0.008136381395161152,0.5953652262687683,0.4814549684524536,0.006490987725555897,0.630511999130249,0.3682752847671509,-0.001756764599122107,0.5924348831176758,0.4510505795478821,-0.01243686955422163,0.6083675026893616,0.37392085790634155,-0.012882767245173454,0.6097749471664429,0.36638781428337097,-0.014779006130993366,0.6180230379104614,0.3340913951396942,-0.008689600974321365,0.6347559690475464,0.36391890048980713,0.005756853148341179,0.6133743524551392,0.3504115343093872,-0.012300467118620872,0.634962260723114,0.3767112195491791,0.006518893409520388,0.6391374468803406,0.37620311975479126,0.016830559819936752,0.5819340944290161,0.47294777631759644,-0.011423018760979176,0.587629497051239,0.4745442569255829,-0.007707368582487106,0.5915641784667969,0.47652631998062134,-0.003017862094566226,0.586836576461792,0.453762948513031,-0.012098315171897411,0.596156895160675,0.48141834139823914,0.007264111191034317,0.593426525592804,0.4870726764202118,0.004631191026419401,0.5946364998817444,0.48149627447128296,0.0063949767500162125,0.5860605239868164,0.4511306881904602,-0.021675657480955124,0.5891336798667908,0.478023886680603,-0.0008852099417708814,0.5853860378265381,0.47688597440719604,-0.004173181485384703,0.5804470181465149,0.47645992040634155,-0.006664838641881943,0.5791447758674622,0.5080286860466003,0.0035749287344515324,0.5799179077148438,0.5055462121963501,-0.002991803688928485,0.5799634456634521,0.5008940100669861,-0.004555949941277504,0.5796735882759094,0.4964129626750946,-0.0040410845540463924,0.5791143178939819,0.493009090423584,-0.003711599623784423,0.587989091873169,0.4888560473918915,0.0013815863057971,0.5890868306159973,0.49008890986442566,0.0009857916738837957,0.5903176665306091,0.4921671450138092,0.0006672848830930889,0.5911399126052856,0.49461880326271057,0.0020870170556008816,0.5976928472518921,0.4694868326187134,-0.0019803030882030725,0.6361290216445923,0.4400952458381653,0.06261612474918365,0.5908962488174438,0.4860507547855377,0.004573703743517399,0.592228353023529,0.48636123538017273,0.004352290648967028,0.5820531249046326,0.45762699842453003,-0.013247356750071049,0.5905370116233826,0.454914391040802,-0.007702231407165527,0.5828699469566345,0.45628616213798523,-0.01365090161561966,0.5996768474578857,0.42755576968193054,-0.0038614992517977953,0.6090694665908813,0.43336132168769836,-0.0014015379128977656,0.5937895774841309,0.4468007981777191,-0.010970532894134521,0.6314235329627991,0.3431229293346405,0.0030057234689593315,0.6267717480659485,0.35489600896835327,-0.0038248298224061728,0.621932864189148,0.36465078592300415,-0.008941453881561756,0.593021035194397,0.4966773986816406,0.00685677258297801,0.5952380299568176,0.36955633759498596,-0.01783541589975357,0.5991417765617371,0.34883856773376465,-0.01720447838306427,0.6027828454971313,0.32892733812332153,-0.015595217235386372,0.6181327700614929,0.41123300790786743,0.003501481842249632,0.631319522857666,0.41808077692985535,0.01319955475628376,0.593202531337738,0.4071013033390045,-0.00079747149720788,0.6272578835487366,0.3947429955005646,0.005807708017528057,0.5903421640396118,0.41742682456970215,-0.008973319083452225,0.5897844433784485,0.44607746601104736,-0.02184777334332466,0.6358098983764648,0.4230286180973053,0.020527243614196777,0.6278811097145081,0.42424896359443665,0.008419817313551903,0.6209247708320618,0.4272465109825134,0.003053097752854228,0.6098416447639465,0.425846129655838,0.0001943274401128292,0.6014861464500427,0.4221341609954834,-0.0016867174999788404,0.5952854752540588,0.41784968972206116,-0.003745453665032983,0.5839126706123352,0.4065283536911011,-0.016250547021627426,0.6333614587783813,0.4396265745162964,0.02047414518892765,0.6318882703781128,0.3925745487213135,0.008470818400382996,0.578478217124939,0.45523399114608765,-0.026902979239821434,0.5926567912101746,0.430766224861145,-0.008380613289773464,0.6428496241569519,0.40467607975006104,0.05420374497771263,0.5908199548721313,0.4131432771682739,-0.005209431983530521,0.5942874550819397,0.44673141837120056,-0.005183118395507336,0.6230301856994629,0.4024260640144348,0.007762805558741093,0.5902358889579773,0.440354585647583,-0.020129354670643806,0.6312112212181091,0.45874089002609253,0.06206008791923523,0.5928362011909485,0.40411603450775146,0.00022376862762030214,0.5864585638046265,0.436077743768692,-0.02599986642599106,0.6115292906761169,0.4966937303543091,0.030140001326799393,0.6093096137046814,0.503852367401123,0.041192714124917984,0.6368053555488586,0.44047775864601135,0.041541170328855515,0.6192922592163086,0.48686718940734863,0.03590637072920799,0.6407636404037476,0.3905571699142456,0.027481617406010628,0.5891849398612976,0.521833062171936,0.015570069663226604,0.5776468515396118,0.4564402997493744,-0.0190838985145092,0.5974183678627014,0.4365554749965668,-0.005649189930409193,0.6359027624130249,0.4067363739013672,0.02090338058769703,0.6132203936576843,0.4089460074901581,0.0008048115414567292,0.6081269383430481,0.40963324904441833,-0.0007643908029422164,0.5944159030914307,0.4880608022212982,0.0056898524053394794,0.6301136612892151,0.4551014304161072,0.023897511884570122,0.5794904828071594,0.530937135219574,0.017779866233468056,0.5943060517311096,0.5204628705978394,0.028026588261127472,0.6009231805801392,0.5135438442230225,0.033788420259952545,0.6028389930725098,0.40857353806495667,-0.001196106313727796,0.5977509617805481,0.40646129846572876,-0.0006204916862770915,0.5944598317146301,0.4051905870437622,0.00032598484540358186,0.635481595993042,0.39013704657554626,0.014207538217306137,0.5988739728927612,0.3979564905166626,-0.0022667916491627693,0.6044129729270935,0.39600521326065063,-0.0031007605139166117,0.6097827553749084,0.3961374759674072,-0.002643805928528309,0.6146975755691528,0.3977940082550049,-0.0008324501104652882,0.6175787448883057,0.39986109733581543,0.0013309461064636707,0.6440072059631348,0.3861407935619354,0.04276169091463089,0.6164368391036987,0.40729227662086487,0.0027731796726584435,0.5924193263053894,0.4657309949398041,-0.0060411132872104645,0.5882951617240906,0.45184987783432007,-0.015895036980509758,0.5824844837188721,0.4638434052467346,-0.011920253746211529,0.60350501537323,0.5063241720199585,0.026085758581757545,0.5963426828384399,0.5137919187545776,0.02129565365612507,0.5802438259124756,0.5274658799171448,0.010497921146452427,0.6167495846748352,0.49290794134140015,0.05035976320505142,0.5947602987289429,0.4015031158924103,-0.0008146124891936779,0.5866012573242188,0.4201945960521698,-0.01686527580022812,0.5874349474906921,0.5267030000686646,0.021892357617616653,0.6322738528251648,0.4574655294418335,0.04245975986123085,0.5840439796447754,0.49133065342903137,-0.0014396115439012647,0.5850796699523926,0.4937361478805542,-0.0017926832661032677,0.5858949422836304,0.49719080328941345,-0.0021334621123969555,0.5863162279129028,0.5012867450714111,-0.0006710489979013801,0.586962878704071,0.5034171342849731,0.004681695252656937,0.5932202935218811,0.47926974296569824,0.002522423630580306,0.5943905115127563,0.4787880480289459,0.002612485783174634,0.5954124927520752,0.47816523909568787,0.0024955237749964,0.6014143824577332,0.4743165671825409,0.0031719719991087914,0.6233615875244141,0.4595829248428345,0.012302604503929615,0.5870652794837952,0.41144686937332153,-0.012287044897675514,0.5902971625328064,0.39621496200561523,-0.004546629264950752,0.5929857492446899,0.39787957072257996,-0.002107486594468355,0.5921115875244141,0.4795430898666382,0.003159299958497286,0.6201529502868652,0.47699183225631714,0.023464979603886604,0.5862215161323547,0.3953377604484558,-0.011742142029106617,0.5884701013565063,0.509097158908844,0.008453723043203354,0.583150327205658,0.41605737805366516,-0.02126375399529934,0.5893591642379761,0.433003693819046,-0.015805231407284737,0.5798686146736145,0.5143651962280273,0.005677965935319662,0.6011382937431335,0.4925597310066223,0.012535075657069683,0.5986999273300171,0.4530445337295532,-0.002718550618737936,0.5951932072639465,0.501644492149353,0.010977215133607388,0.6125990152359009,0.45310312509536743,7.150662713684142e-05,0.6037333011627197,0.46098214387893677,-0.0001918328198371455,0.615458607673645,0.46505603194236755,0.006277226842939854,0.5805558562278748,0.5218672156333923,0.006948945112526417,0.5919772386550903,0.437112033367157,-0.011234639212489128,0.6039424538612366,0.49852725863456726,0.01859211176633835,0.5965989828109741,0.5071675777435303,0.015964794903993607,0.6066417098045349,0.48267966508865356,0.011467351578176022,0.6263423562049866,0.4677775502204895,0.027475666254758835,0.6123948097229004,0.48479440808296204,0.017097176983952522,0.6267471313476562,0.47290024161338806,0.041887570172548294,0.6071596145629883,0.46979784965515137,0.004023151472210884,0.589474618434906,0.4253953993320465,-0.012278902344405651,0.5878676176071167,0.44988730549812317,-0.022920925170183182,0.5906850099563599,0.4511178731918335,-0.01641126163303852,0.5861192345619202,0.44472959637641907,-0.027210939675569534,0.5957427620887756,0.38785120844841003,-0.0066533698700368404,0.6062345504760742,0.38205358386039734,-0.007310087792575359,0.6150645613670349,0.3812994360923767,-0.006276652216911316,0.6218538284301758,0.3833335340023041,-0.0033072750084102154,0.6260201930999756,0.38760295510292053,0.0006975132855586708,0.6268174648284912,0.4035944640636444,0.01044907420873642,0.6400051116943359,0.42376238107681274,0.03872092068195343,0.6224635243415833,0.4164140820503235,0.006506914272904396,0.616809070110321,0.41879698634147644,0.0031110721174627542,0.6090515851974487,0.41895219683647156,0.0005523371510207653,0.6014615893363953,0.41673240065574646,-0.001174146425910294,0.5955453515052795,0.41335538029670715,-0.0016816725255921483,0.5916569828987122,0.4101600646972656,-0.0025161446537822485,0.6398520469665527,0.4222365915775299,0.06027837097644806,0.5903374552726746,0.4525306820869446,-0.013410317711532116,0.5861985683441162,0.42797207832336426,-0.020697133615612984,0.584269642829895,0.4505951404571533,-0.02726650796830654,0.5811581611633301,0.4538987874984741,-0.024648481979966164,0.5840956568717957,0.4516342878341675,-0.024429989978671074,0.5889051556587219,0.45435380935668945,-0.011190226301550865,0.5801532864570618,0.4547478258609772,-0.026103826239705086,0.5792953968048096,0.45594874024391174,-0.01919661834836006,0.5911259651184082,0.4040904939174652,-0.0006503060576505959,0.5888333320617676,0.40524429082870483,-0.003929185215383768,0.5876646637916565,0.4063846468925476,-0.0075340052135288715,0.6191830635070801,0.40137654542922974,0.003579463344067335,0.6238343715667725,0.39621520042419434,0.00393133657053113,0.5483550429344177,0.39530298113822937,-0.0013904612278565764,0.5544242262840271,0.39614999294281006,-0.0013904612278565764,0.5491217970848083,0.3878290057182312,-0.0013904612278565764,0.5421834588050842,0.39438769221305847,-0.0013904612278565764,0.5475696325302124,0.4026995897293091,-0.0013904612278565764,0.6064482927322388,0.4008234739303589,0.00047496348270215094,0.6123465895652771,0.4012777805328369,0.00047496348270215094,0.606691837310791,0.393610417842865,0.00047496348270215094,0.6006348729133606,0.4003359079360962,0.00047496348270215094,0.6062414646148682,0.4080473482608795,0.00047496348270215094
466.6666666666666,0.575905978679657,0.468519002199173,-0.011944171041250229,0.5774691700935364,0.4500117897987366,-0.029186245054006577,0.5764215588569641,0.456071674823761,-0.013954379595816135,0.5744267702102661,0.42173659801483154,-0.024708464741706848,0.5780805945396423,0.4418240189552307,-0.03182055056095123,0.5787017345428467,0.4305441975593567,-0.03062449023127556,0.5800879597663879,0.4025016129016876,-0.0187053382396698,0.5354920029640198,0.3970249891281128,0.0011528965551406145,0.581637442111969,0.3784812390804291,-0.017077233642339706,0.5825455188751221,0.3665676712989807,-0.019619004800915718,0.5855361223220825,0.32465991377830505,-0.01917761005461216,0.5757049322128296,0.47083112597465515,-0.010942102409899235,0.5754590034484863,0.4728813171386719,-0.008928965777158737,0.5752625465393066,0.4740526080131531,-0.00609240448102355,0.5744180679321289,0.4880167543888092,-0.004419612232595682,0.5742888450622559,0.49164891242980957,-0.004695937503129244,0.5740122199058533,0.49607038497924805,-0.005192636977881193,0.5736551284790039,0.5006444454193115,-0.00348635483533144,0.5727614164352417,0.5027612447738647,0.002946159802377224,0.5770655274391174,0.45366328954696655,-0.025984611362218857,0.5719127655029297,0.45217251777648926,-0.018486468121409416,0.5168882012367249,0.3534262180328369,0.023014042526483536,0.5531365871429443,0.4056090712547302,-0.003809657646343112,0.546972930431366,0.4057038128376007,-0.0033283554948866367,0.5410609245300293,0.40417659282684326,-0.0018057749839499593,0.5328798890113831,0.3982333540916443,0.0025216375943273306,0.5583314895629883,0.40381595492362976,-0.0029522101394832134,0.5469141006469727,0.37823086977005005,-0.007590594235807657,0.5533820390701294,0.38080015778541565,-0.007552614901214838,0.5405117869377136,0.37824195623397827,-0.005468757823109627,0.535904049873352,0.3812059164047241,-0.0030152229592204094,0.5283949971199036,0.40086427330970764,0.0059090969152748585,0.5526068806648254,0.5085983276367188,0.010343505069613457,0.5334872603416443,0.39490440487861633,0.0029503710102289915,0.5125726461410522,0.38993364572525024,0.029813552275300026,0.5230100750923157,0.392133504152298,0.010832326486706734,0.5483344793319702,0.4354347586631775,-0.004757498856633902,0.5680179595947266,0.46597403287887573,-0.011564305983483791,0.5681190490722656,0.47154250741004944,-0.008301829919219017,0.5601144433021545,0.4672175645828247,-0.00815640576183796,0.5546906590461731,0.4692348837852478,-0.0035528726875782013,0.5617445707321167,0.4711865782737732,-0.006094440817832947,0.5567889213562012,0.4717307984828949,-0.0019175374181941152,0.5481778383255005,0.481195867061615,0.007548896595835686,0.5730151534080505,0.4492121934890747,-0.028864027932286263,0.5729357004165649,0.44117191433906555,-0.03130771219730377,0.5285860300064087,0.36615803837776184,-0.002082264982163906,0.5616841912269592,0.4173654615879059,-0.007386494893580675,0.560492217540741,0.4431740939617157,-0.01604652777314186,0.5603129267692566,0.4384618401527405,-0.014821265824139118,0.5300858616828918,0.4310814142227173,0.0019695477094501257,0.573728084564209,0.4307209253311157,-0.02908593788743019,0.5431133508682251,0.3586580157279968,-0.012008192017674446,0.5347901582717896,0.3601965010166168,-0.0074232472106814384,0.5241760611534119,0.3396475613117218,0.010570034384727478,0.5683797597885132,0.37357115745544434,-0.016008177772164345,0.5586654543876648,0.38582324981689453,-0.005689424462616444,0.5443586707115173,0.4724007546901703,0.007283524144440889,0.517269492149353,0.4644782543182373,0.054769426584243774,0.5642139911651611,0.44835543632507324,-0.01346195861697197,0.5683480501174927,0.4513995945453644,-0.012969166971743107,0.5480859279632568,0.47427859902381897,0.0069018821232020855,0.5496317148208618,0.4745018780231476,0.005437511019408703,0.5322922468185425,0.3527337908744812,-0.005702928174287081,0.5598973631858826,0.44582363963127136,-0.012563164345920086,0.5540055632591248,0.3623083829879761,-0.015079470351338387,0.5539488196372986,0.3542698621749878,-0.017147451639175415,0.5505583882331848,0.3240773379802704,-0.01249398197978735,0.5283752679824829,0.3488522171974182,0.0009585715015418828,0.5530934929847717,0.3409210443496704,-0.015434042550623417,0.5256466269493103,0.3609902262687683,0.0019529148703441024,0.5211824774742126,0.35985809564590454,0.011530294083058834,0.5679168701171875,0.4691409468650818,-0.010523219592869282,0.5609016418457031,0.46944156289100647,-0.007284038234502077,0.5556817650794983,0.4705876111984253,-0.003134443424642086,0.5652729272842407,0.4497223496437073,-0.011788721196353436,0.5488578081130981,0.4743954837322235,0.006154712755233049,0.5514929890632629,0.47967666387557983,0.0035887311678379774,0.5503593683242798,0.4746180772781372,0.00536675751209259,0.5670119524002075,0.44732534885406494,-0.021331025287508965,0.5577840209007263,0.4724316895008087,-0.0008035774226300418,0.562609851360321,0.4722040593624115,-0.003578808857128024,0.5685045123100281,0.4728747010231018,-0.005617054179310799,0.5649459362030029,0.5013006329536438,0.003058292903006077,0.5656235814094543,0.4987207353115082,-0.003325291210785508,0.5663177967071533,0.49418967962265015,-0.0047572460025548935,0.5671061873435974,0.48982179164886475,-0.004202652722597122,0.5678531527519226,0.4865817427635193,-0.0039023126009851694,0.5575838088989258,0.4815402925014496,0.0005768912378698587,0.5564584732055664,0.48274701833724976,0.00016173411859199405,0.5549777746200562,0.4847356379032135,-0.00025324124726466835,0.5537828207015991,0.4870827794075012,0.0010647239396348596,0.5515180230140686,0.46286311745643616,-0.0026360219344496727,0.5110851526260376,0.42393603920936584,0.05761349946260452,0.5767747163772583,0.45490914583206177,-0.01831945776939392,0.5541863441467285,0.4787565767765045,0.0035443748347461224,0.5528513789176941,0.4790436923503876,0.0033438128884881735,0.5697588920593262,0.4545224905014038,-0.012625134550035,0.5611245632171631,0.4500507116317749,-0.007688448298722506,0.5691179037094116,0.45301446318626404,-0.012968942523002625,0.555044949054718,0.42077258229255676,-0.005033197812736034,0.5447221398353577,0.4244018793106079,-0.0028993464075028896,0.5589883923530579,0.4412880837917328,-0.011296900920569897,0.5349080562591553,0.32944270968437195,-0.001829649438150227,0.5384964346885681,0.34186601638793945,-0.007893916219472885,0.5417868494987488,0.3504943549633026,-0.012232904322445393,0.5522509813308716,0.4888037145137787,0.005694791674613953,0.5679978728294373,0.36086955666542053,-0.019405478611588478,0.5676689147949219,0.34309813380241394,-0.019412096589803696,0.566841185092926,0.32288438081741333,-0.01830895245075226,0.5357434153556824,0.4017137885093689,0.0005036738584749401,0.5221123099327087,0.4045223295688629,0.009436645545065403,0.5616052746772766,0.40200743079185486,-0.002451451728120446,0.5297313332557678,0.3825266659259796,0.001973888371139765,0.566176176071167,0.4129825830459595,-0.009745483286678791,0.563980221748352,0.4416044354438782,-0.021698858588933945,0.5172271132469177,0.4077293872833252,0.01632467471063137,0.5254368185997009,0.4108580946922302,0.005121000576764345,0.5326704978942871,0.41508805751800537,0.00042427011067047715,0.544026255607605,0.4164028465747833,-0.0017022679094225168,0.5527496933937073,0.414956271648407,-0.003191407071426511,0.559394896030426,0.4123537242412567,-0.004922216758131981,0.5746209621429443,0.4037614166736603,-0.0166217852383852,0.5171678066253662,0.42489680647850037,0.016767900437116623,0.5255897641181946,0.3786168098449707,0.004227491561323404,0.5743582844734192,0.4530634582042694,-0.025780897587537766,0.5619717240333557,0.4256249666213989,-0.009056373499333858,0.5102748870849609,0.38702628016471863,0.04822710156440735,0.5645720958709717,0.40887725353240967,-0.006226269528269768,0.558139443397522,0.4410546123981476,-0.005693920888006687,0.5311890244483948,0.39243456721305847,0.004132000729441643,0.564037024974823,0.43585699796676636,-0.020145347341895103,0.5131114721298218,0.4438909590244293,0.05766284093260765,0.5616429448127747,0.3998929262161255,-0.0016640096437186003,0.5688050389289856,0.43252313137054443,-0.025698965415358543,0.530295193195343,0.4862683117389679,0.027659105136990547,0.5306949615478516,0.49373307824134827,0.03876388445496559,0.511753261089325,0.4247590899467468,0.03705115243792534,0.5227707624435425,0.4749123454093933,0.03301703557372093,0.5165270566940308,0.3737879693508148,0.022045383229851723,0.551969051361084,0.5146276354789734,0.014593805186450481,0.5746992230415344,0.4543420970439911,-0.01802930422127247,0.5562070608139038,0.43025097250938416,-0.006472695153206587,0.5183886289596558,0.39232462644577026,0.016301680356264114,0.541980504989624,0.4003838300704956,-0.0020149366464465857,0.5475351214408875,0.40155088901519775,-0.0032522031106054783,0.5503184199333191,0.48057493567466736,0.004608259070664644,0.5176793336868286,0.4410635828971863,0.020634206011891365,0.5609930753707886,0.5248996019363403,0.017416223883628845,0.5462512969970703,0.5125337243080139,0.0264807790517807,0.539421558380127,0.5048083662986755,0.031786784529685974,0.5840257406234741,0.3456633687019348,-0.020261110737919807,0.5711563229560852,0.5275083780288696,0.01636841893196106,0.5526763200759888,0.40144312381744385,-0.0034102723002433777,0.557390034198761,0.4004417955875397,-0.002635761396959424,0.5602594614028931,0.39998194575309753,-0.0015938180731609464,0.5218279361724854,0.37534254789352417,0.0094804922118783,0.5566571354866028,0.39851778745651245,-0.004469199571758509,0.5514700412750244,0.39856860041618347,-0.005507903639227152,0.5465109944343567,0.3982946574687958,-0.005321312230080366,0.5413543581962585,0.39736589789390564,-0.003792078932747245,0.5376450419425964,0.39640772342681885,-0.001864778925664723,0.5125032663345337,0.36842623353004456,0.03661763295531273,0.5381309390068054,0.3987082242965698,-0.0002938680991064757,0.5759229063987732,0.46153220534324646,-0.011857953853905201,0.5577446222305298,0.4603620767593384,-0.006265037693083286,0.5643466711044312,0.44749677181243896,-0.015711035579442978,0.5684147477149963,0.4607017934322357,-0.011410001665353775,0.5807557702064514,0.39033272862434387,-0.01597515679895878,0.5381045341491699,0.4972023069858551,0.024095529690384865,0.545068621635437,0.5056951642036438,0.019807515665888786,0.5606434345245361,0.5215611457824707,0.010167007334530354,0.5235176086425781,0.481216698884964,0.04746265709400177,0.5600696206092834,0.3991203308105469,-0.0028157879132777452,0.5701654553413391,0.41664770245552063,-0.017148500308394432,0.5713952779769897,0.5239709615707397,0.009371965192258358,0.5531086325645447,0.5195858478546143,0.020869148895144463,0.5134019255638123,0.4427507519721985,0.03846370801329613,0.5622755885124207,0.4842890202999115,-0.001968987286090851,0.561119794845581,0.4866058826446533,-0.002378168050199747,0.559928297996521,0.4899316132068634,-0.002819100394845009,0.5589680075645447,0.4939042925834656,-0.0014645109185948968,0.5576654672622681,0.49588343501091003,0.003746566129848361,0.5526401996612549,0.47282886505126953,0.0020009255968034267,0.5515366196632385,0.47220268845558167,0.0019130951259285212,0.5506161451339722,0.47142645716667175,0.0016633471241220832,0.5466850399971008,0.46672800183296204,0.001973423408344388,0.5247721076011658,0.44714096188545227,0.00989923533052206,0.5705254077911377,0.40784597396850586,-0.01285343524068594,0.5667643547058105,0.39207136631011963,-0.005969716235995293,0.5630733966827393,0.3936752676963806,-0.003915208391845226,0.5537186861038208,0.47321826219558716,0.002653804374858737,0.5246050357818604,0.46507927775382996,0.020828383043408394,0.5724222660064697,0.3916996419429779,-0.012692593969404697,0.5548326969146729,0.5019536018371582,0.007433585822582245,0.5791506171226501,0.4211832880973816,-0.0264730304479599,0.5744498372077942,0.41336914896965027,-0.02128547802567482,0.5795812010765076,0.41240763664245605,-0.022504188120365143,0.5655641555786133,0.4286510944366455,-0.0160119216889143,0.571829080581665,0.5180778503417969,0.005494510754942894,0.5722995400428772,0.5100200176239014,0.0042840586975216866,0.5630825757980347,0.5082186460494995,0.005084589589387178,0.5436766147613525,0.48420250415802,0.010964547283947468,0.552602231502533,0.4462864398956299,-0.003450486110523343,0.5487940311431885,0.4938965439796448,0.009663242846727371,0.5380005240440369,0.44314372539520264,-0.0014854120090603828,0.5461448431015015,0.4529299736022949,-0.0012737588258460164,0.5326666235923767,0.454343318939209,0.004333745688199997,0.5612702965736389,0.5159058570861816,0.006423532962799072,0.5620036721229553,0.43210989236831665,-0.011645432561635971,0.5394710302352905,0.4895363450050354,0.016733547672629356,0.5462085604667664,0.4991998076438904,0.014524465426802635,0.5392763018608093,0.47366946935653687,0.009668578393757343,0.5192437767982483,0.45456403493881226,0.02440735325217247,0.532255232334137,0.4744497835636139,0.014898983761668205,0.5166336894035339,0.45941153168678284,0.038404062390327454,0.5409554839134216,0.460915207862854,0.002603205619379878,0.5661884546279907,0.42106300592422485,-0.012789051979780197,0.5654468536376953,0.4457525908946991,-0.02264321781694889,0.5620237588882446,0.44629186391830444,-0.016311589628458023,0.5682405233383179,0.44116681814193726,-0.026623575016856194,0.562758207321167,0.3818635940551758,-0.00849655456840992,0.5537136793136597,0.37328779697418213,-0.009650634601712227,0.5454341769218445,0.3702395260334015,-0.009083682671189308,0.5383121371269226,0.3708125948905945,-0.006516175344586372,0.5328356623649597,0.3747056722640991,-0.002882524859160185,0.5277932286262512,0.39215517044067383,0.006620883475989103,0.5113145112991333,0.4072316288948059,0.033724475651979446,0.5311495661735535,0.405225545167923,0.0033540395088493824,0.5373601913452148,0.4085844159126282,0.0004681727150455117,0.5453214049339294,0.41037604212760925,-0.0015733103500679135,0.5530523657798767,0.40987855195999146,-0.0029907545540481806,0.5591688752174377,0.4078483283519745,-0.0030849729664623737,0.5633523464202881,0.40569356083869934,-0.003790677757933736,0.5103441476821899,0.40515977144241333,0.05470224469900131,0.5619009733200073,0.447767436504364,-0.013345059007406235,0.5698205232620239,0.42446616291999817,-0.020701825618743896,0.5692660212516785,0.4473438858985901,-0.026556339114904404,0.571665346622467,0.4512009918689728,-0.023712078109383583,0.5690491795539856,0.4483141303062439,-0.023791491985321045,0.5629990100860596,0.4498882591724396,-0.010998813435435295,0.5726767778396606,0.45225790143013,-0.025053134188055992,0.5730492472648621,0.4535672664642334,-0.018234197050333023,0.5639005303382874,0.3995705842971802,-0.0022648745216429234,0.56687331199646,0.40148141980171204,-0.00512932101264596,0.5687890648841858,0.4029788374900818,-0.008370256051421165,0.5352469682693481,0.3956063985824585,0.0002645077183842659,0.5324184894561768,0.3854788541793823,0.0004403365892358124,0.5835959911346436,0.4227445721626282,-0.02434355393052101,0.6209953427314758,0.40489330887794495,0.0038017029874026775,0.5817940831184387,0.4530889391899109,-0.018180999904870987,0.643091082572937,0.36853674054145813,0.027290252968668938,0.6025219559669495,0.408614844083786,-0.0021326406858861446,0.6085538268089294,0.41048911213874817,-0.001287696068175137,0.6144582033157349,0.41060638427734375,0.0005539173143915832,0.622839093208313,0.4064708948135376,0.005310958717018366,0.5978062152862549,0.4053284525871277,-0.001657643006183207,0.6136102676391602,0.3849409520626068,-0.005462265573441982,0.6068355441093445,0.3857071101665497,-0.005872983019798994,0.6196746230125427,0.38643985986709595,-0.002983891172334552,0.6233479976654053,0.3900815546512604,-0.00034935996518470347,0.6264090538024902,0.40989670157432556,0.00893152505159378,0.590988278388977,0.5124680399894714,0.011592917144298553,0.6231779456138611,0.4032732844352722,0.0057130842469632626,0.6421210765838623,0.40489068627357483,0.03399387747049332,0.6321194171905518,0.4017971456050873,0.014250599779188633,0.6052042245864868,0.4417232871055603,-0.0030591136310249567,0.5836007595062256,0.4675956666469574,-0.011117328889667988,0.5824178457260132,0.4729641079902649,-0.007900784723460674,0.590358555316925,0.4701707363128662,-0.0072434269823133945,0.5946642756462097,0.4729866087436676,-0.002270255470648408,0.5880531668663025,0.4737643003463745,-0.005308529827743769,0.5922316312789917,0.4751250445842743,-0.0008339500636793673,0.5985173583030701,0.48626071214675903,0.009180857799947262,0.5818407535552979,0.45009568333625793,-0.028606800362467766,0.5830544233322144,0.4422169029712677,-0.03102174960076809,0.6326578855514526,0.37730979919433594,0.0011421513045206666,0.5949263572692871,0.42106714844703674,-0.006249020341783762,0.5934545993804932,0.4466387629508972,-0.014929639175534248,0.5940374135971069,0.4420519769191742,-0.013689350336790085,0.6224842667579651,0.4413413405418396,0.00476114870980382,0.5834324955940247,0.4317249059677124,-0.02871883660554886,0.6208993792533875,0.36881422996520996,-0.009781530126929283,0.6283291578292847,0.37120118737220764,-0.004663389176130295,0.6393271684646606,0.3536956012248993,0.01440015435218811,0.5945689082145691,0.37808680534362793,-0.015266436152160168,0.6007931232452393,0.38890889286994934,-0.004338586702942848,0.6033428311347961,0.47833994030952454,0.009309668093919754,0.6260143518447876,0.4761068820953369,0.05878720059990883,0.5891144871711731,0.4509124457836151,-0.012625581584870815,0.5848534107208252,0.45308053493499756,-0.012541599571704865,0.5995895862579346,0.47877466678619385,0.008650794625282288,0.5979554057121277,0.478776752948761,0.0070021445862948895,0.6316213607788086,0.3639124035835266,-0.0027217338792979717,0.5933130979537964,0.44932276010513306,-0.011471456848084927,0.6101033687591553,0.3708283007144928,-0.013557584024965763,0.6115018725395203,0.3628997206687927,-0.015554940328001976,0.6186683773994446,0.3326130509376526,-0.010408710688352585,0.63515305519104,0.36185142397880554,0.004321386571973562,0.6142125129699707,0.3486323654651642,-0.013566753827035427,0.6358233094215393,0.3722066283226013,0.005430942866951227,0.6394819021224976,0.37404388189315796,0.015309604816138744,0.5831208825111389,0.47069236636161804,-0.01010166946798563,0.5892205238342285,0.47222137451171875,-0.0064485399052500725,0.5935360789299011,0.474143385887146,-0.00197700341232121,0.5878202319145203,0.45201224088668823,-0.011105844751000404,0.5987765789031982,0.4787791967391968,0.007790963165462017,0.5959277153015137,0.4835766851902008,0.004954776726663113,0.597209632396698,0.4787822365760803,0.006895036436617374,0.5871942043304443,0.4493677318096161,-0.02055581659078598,0.5910380482673645,0.475639283657074,0.00023907143622636795,0.5869305729866028,0.474579393863678,-0.0028165262192487717,0.5816831588745117,0.47418543696403503,-0.005198032595217228,0.5803412199020386,0.5029109120368958,0.003454339224845171,0.5814184546470642,0.5001807808876038,-0.002871287288144231,0.5814341306686401,0.49554288387298584,-0.0042892866767942905,0.581178605556488,0.4910680055618286,-0.003749523777514696,0.580698549747467,0.48772796988487244,-0.003474556840956211,0.5902143120765686,0.48446229100227356,0.00161306734662503,0.5912715196609497,0.4858112335205078,0.001209248206578195,0.5925079584121704,0.4880184829235077,0.0008417892386205494,0.5933345556259155,0.49054616689682007,0.0022463062778115273,0.5984174013137817,0.46772247552871704,-0.0011620958102867007,0.6368541717529297,0.43809738755226135,0.06199050694704056,0.5933464169502258,0.4822732210159302,0.004871264100074768,0.5946834087371826,0.4827481806278229,0.004653134848922491,0.5830855369567871,0.4559355080127716,-0.012216484174132347,0.5914092063903809,0.4532073736190796,-0.006842288188636303,0.5839136242866516,0.4545784592628479,-0.012560956180095673,0.6006330251693726,0.42588376998901367,-0.0035472032614052296,0.6099682450294495,0.43172043561935425,-0.0009441210422664881,0.5946704745292664,0.4451119303703308,-0.010125847533345222,0.63180011510849,0.3414621651172638,0.0012422263389453292,0.6273143887519836,0.3529338836669922,-0.005188094452023506,0.6233306527137756,0.3606875538825989,-0.00987427867949009,0.5938108563423157,0.49302902817726135,0.007048196624964476,0.5971348285675049,0.3662838637828827,-0.018609941005706787,0.6002209782600403,0.3471786677837372,-0.018424125388264656,0.6037547588348389,0.32750940322875977,-0.01724924147129059,0.6196876764297485,0.40942761301994324,0.0031441866885870695,0.631359338760376,0.4146253168582916,0.012782976031303406,0.5950191020965576,0.40282320976257324,-0.0012881607981398702,0.6285588145256042,0.39207834005355835,0.005033141002058983,0.5914613008499146,0.415795236825943,-0.008826968260109425,0.5908271670341492,0.44443053007125854,-0.020783213898539543,0.6364461183547974,0.42125532031059265,0.020120766013860703,0.627825140953064,0.42136991024017334,0.008278406225144863,0.6208988428115845,0.42476335167884827,0.0030613895505666733,0.6101217865943909,0.423176109790802,0.00027906656032428145,0.6021678447723389,0.41912642121315,-0.0017013311153277755,0.5964750051498413,0.41493406891822815,-0.003758154809474945,0.5851126313209534,0.40495964884757996,-0.016238845884799957,0.6342289447784424,0.43796268105506897,0.020520245656371117,0.6326311230659485,0.38895922899246216,0.007628950290381908,0.5797175168991089,0.4535580575466156,-0.025571787729859352,0.5937040448188782,0.4291190207004547,-0.00792474951595068,0.6431505084037781,0.40242522954940796,0.05274498835206032,0.5923643112182617,0.4105645716190338,-0.0053167929872870445,0.5951789021492004,0.44503557682037354,-0.004557410720735788,0.6254422664642334,0.4010677635669708,0.007050683256238699,0.5912831425666809,0.43875667452812195,-0.019211390987038612,0.6323097348213196,0.4569515287876129,0.06195495277643204,0.5952164530754089,0.4006652235984802,-0.00042930798372253776,0.5875920653343201,0.43450456857681274,-0.025048907846212387,0.6133545637130737,0.4948909282684326,0.030486049130558968,0.6112480759620667,0.5020408630371094,0.041826531291007996,0.6377780437469482,0.43874433636665344,0.04117012768983841,0.6212373971939087,0.485272079706192,0.036325301975011826,0.6411648392677307,0.3884427547454834,0.026083096861839294,0.5906804800033569,0.5185093283653259,0.015931373462080956,0.5788757801055908,0.4547397792339325,-0.01790400967001915,0.5983693599700928,0.4349110424518585,-0.005122131668031216,0.6360280513763428,0.40227654576301575,0.020082658156752586,0.6144692897796631,0.40676409006118774,0.0003116512671113014,0.608919620513916,0.40638959407806396,-0.0012304889969527721,0.5969445705413818,0.48465532064437866,0.006067828740924597,0.6313206553459167,0.4535558223724365,0.024264296516776085,0.581081211566925,0.5268416404724121,0.0182179044932127,0.5957561731338501,0.5174983143806458,0.028448117896914482,0.6025729775428772,0.5111953020095825,0.034279994666576385,0.6037361025810242,0.4046313166618347,-0.0016991188749670982,0.5991283655166626,0.402082234621048,-0.0011826858390122652,0.5964339375495911,0.4009818136692047,-0.0002825958072207868,0.636063814163208,0.3856795132160187,0.013165866024792194,0.6003236174583435,0.4011899530887604,-0.0029431418515741825,0.6055043339729309,0.40330588817596436,-0.0037358198314905167,0.6107457280158997,0.4046521484851837,-0.0032387441024184227,0.615919291973114,0.4047643542289734,-0.001433042110875249,0.619326114654541,0.40439873933792114,0.0006750480970367789,0.6442788243293762,0.38393649458885193,0.04110858961939812,0.6182956099510193,0.4060102105140686,0.0022301250137388706,0.5931664705276489,0.46403855085372925,-0.005104663781821728,0.589301586151123,0.4500711262226105,-0.014909936115145683,0.5833888649940491,0.46227243542671204,-0.010930255055427551,0.6050739884376526,0.5040731430053711,0.02639820985496044,0.5978636145591736,0.5111077427864075,0.02163119986653328,0.5818302035331726,0.5236206650733948,0.010867484845221043,0.6187396049499512,0.49123436212539673,0.051089853048324585,0.5969104766845703,0.40043890476226807,-0.0014604555908590555,0.5877612233161926,0.4185868203639984,-0.016519568860530853,0.5888918042182922,0.5231097340583801,0.02231111377477646,0.633615255355835,0.45583677291870117,0.04246872663497925,0.5859391093254089,0.4863983392715454,-0.001192778698168695,0.5868922472000122,0.4888731837272644,-0.0015531237004324794,0.5876966118812561,0.49237847328186035,-0.001976565457880497,0.58811354637146,0.4965103268623352,-0.0005856503266841173,0.5878787040710449,0.4989268183708191,0.004731812980026007,0.595554769039154,0.47677987813949585,0.003374450607225299,0.5967655181884766,0.47632840275764465,0.003425548318773508,0.5978112816810608,0.4757227301597595,0.0032702877651900053,0.6021422147750854,0.4723975360393524,0.003822935977950692,0.6246446371078491,0.4580344557762146,0.012965165078639984,0.5882347822189331,0.4098602533340454,-0.01221899688243866,0.5923650860786438,0.39313381910324097,-0.00512540340423584,0.5952187776565552,0.3948576748371124,-0.0027587758377194405,0.5943728089332581,0.47702687978744507,0.00399738596752286,0.621781051158905,0.47542041540145874,0.023971181362867355,0.587813675403595,0.3928705155849457,-0.012178147211670876,0.5896497368812561,0.5054721236228943,0.008482275530695915,0.5843557715415955,0.41444703936576843,-0.020964916795492172,0.5904324650764465,0.4313918352127075,-0.015175546519458294,0.5812220573425293,0.5100369453430176,0.005567457992583513,0.6021519303321838,0.4902162253856659,0.012844403274357319,0.5996199250221252,0.45132821798324585,-0.002038667444139719,0.5962292551994324,0.49872878193855286,0.011133062653243542,0.6137228608131409,0.4514421820640564,0.000709561922121793,0.6047681570053101,0.45924609899520874,0.0004912621225230396,0.6168131232261658,0.46345335245132446,0.006844391580671072,0.5820332765579224,0.5179746747016907,0.007069219835102558,0.5929816961288452,0.4354752004146576,-0.010605075396597385,0.605261504650116,0.4963034689426422,0.018909677863121033,0.5979350209236145,0.5044870376586914,0.01619366556406021,0.6077266931533813,0.4808064103126526,0.011968557722866535,0.627829372882843,0.466280072927475,0.02793416753411293,0.6138779520988464,0.48301199078559875,0.01757075823843479,0.6284704208374023,0.47133907675743103,0.04220309481024742,0.6082932353019714,0.4680911600589752,0.0046942043118178844,0.5905900001525879,0.42377787828445435,-0.011878715828061104,0.5889648199081421,0.44815850257873535,-0.02179725654423237,0.591638445854187,0.44938018918037415,-0.015369648113846779,0.5872626304626465,0.4431265890598297,-0.025974635034799576,0.597942054271698,0.38531753420829773,-0.007337245624512434,0.608081579208374,0.3797008693218231,-0.007982500828802586,0.616611659526825,0.3786505162715912,-0.006955826189368963,0.6232151389122009,0.38046491146087646,-0.003948093391954899,0.6274145841598511,0.38477763533592224,1.2511831300798804e-05,0.6283050179481506,0.40118467807769775,0.009736835025250912,0.640691876411438,0.4218965470790863,0.03794153779745102,0.6234022974967957,0.41413724422454834,0.0061715408228337765,0.6172738671302795,0.4163379669189453,0.002913567004725337,0.6094784736633301,0.4160034954547882,0.0004209510807413608,0.6022090315818787,0.413226842880249,-0.0014357634354382753,0.5968371033668518,0.4095684289932251,-0.0019036055309697986,0.5933558344841003,0.40660804510116577,-0.00282859755679965,0.6402794122695923,0.4200373888015747,0.05916950851678848,0.5912596583366394,0.4507858157157898,-0.012419283390045166,0.587353527545929,0.42637500166893005,-0.02006452903151512,0.5854496955871582,0.44892269372940063,-0.026025667786598206,0.5823633074760437,0.4521943926811218,-0.023389598354697227,0.5852733254432678,0.4499146044254303,-0.023238688707351685,0.5898223519325256,0.4526222050189972,-0.010234721004962921,0.5813722610473633,0.4530571699142456,-0.024791553616523743,0.5805057883262634,0.45424070954322815,-0.018030833452939987,0.5933564305305481,0.40007704496383667,-0.001227312721312046,0.5908225178718567,0.4019775092601776,-0.004346453119069338,0.5893805623054504,0.40403038263320923,-0.007726942654699087,0.621492326259613,0.4038692116737366,0.0029042200185358524,0.625654935836792,0.39446887373924255,0.0032691757660359144,0.5457742810249329,0.4000875949859619,-0.002141759730875492,0.5515727400779724,0.40099284052848816,-0.002141759730875492,0.5463219881057739,0.39268267154693604,-0.002141759730875492,0.5399740934371948,0.3991301655769348,-0.002141759730875492,0.5452555418014526,0.4071977734565735,-0.002141759730875492,0.6104434132575989,0.40275701880455017,-0.00012497308489400893,0.6153949499130249,0.4030925929546356,-0.00012497308489400893,0.6104941368103027,0.39609307050704956,-0.00012497308489400893,0.6054926514625549,0.4023228585720062,-0.00012497308489400893,0.6103627681732178,0.4092366695404053,-0.00012497308489400893
499.9999999999999,0.5755784511566162,0.46810707449913025,-0.011958517134189606,0.576962947845459,0.44998496770858765,-0.02904479205608368,0.5759356617927551,0.4561101198196411,-0.013881932012736797,0.5738452672958374,0.421225368976593,-0.024482600390911102,0.57756507396698,0.44171708822250366,-0.03165598586201668,0.5781635046005249,0.43024036288261414,-0.03043748252093792,0.5795478820800781,0.40168076753616333,-0.018464602530002594,0.535453736782074,0.3978200852870941,0.0015091858804225922,0.5810750722885132,0.3778775930404663,-0.01679392345249653,0.581977128982544,0.3660513162612915,-0.01927964761853218,0.5850474238395691,0.3245319724082947,-0.018583787605166435,0.5753485560417175,0.47066381573677063,-0.010943403467535973,0.5751024484634399,0.4730302095413208,-0.008921424858272076,0.5749163031578064,0.47442713379859924,-0.0060433195903897285,0.5740375518798828,0.488256573677063,-0.00476643443107605,0.5738562345504761,0.49210450053215027,-0.005029203370213509,0.5735388398170471,0.4967016577720642,-0.005576950032263994,0.5731726288795471,0.5013929009437561,-0.003965210169553757,0.5721573233604431,0.5028529167175293,0.0023856861516833305,0.5765677690505981,0.45365023612976074,-0.025857288390398026,0.5712389945983887,0.45206037163734436,-0.01834448054432869,0.5173747539520264,0.3531709909439087,0.02358056604862213,0.5529984831809998,0.40619948506355286,-0.0034371735528111458,0.5468075275421143,0.4063222408294678,-0.002971915528178215,0.5409209728240967,0.4047829508781433,-0.0014631208032369614,0.5328326225280762,0.39893850684165955,0.002851319732144475,0.5582504868507385,0.40439867973327637,-0.0026396180037409067,0.5468917489051819,0.37858545780181885,-0.00717359920963645,0.5533538460731506,0.3810926079750061,-0.007139561232179403,0.5404940843582153,0.37871578335762024,-0.005090764258056879,0.535862386226654,0.3817865252494812,-0.0026516965590417385,0.5283422470092773,0.40137988328933716,0.006195880006998777,0.5517096519470215,0.5090612769126892,0.0098548773676157,0.5334623456001282,0.3956378102302551,0.0032775222789496183,0.5128356218338013,0.38952940702438354,0.030055277049541473,0.5229935050010681,0.3927127718925476,0.011116674169898033,0.5480648875236511,0.43513476848602295,-0.004515695385634899,0.5675702691078186,0.4653327763080597,-0.011549951508641243,0.5677008032798767,0.471524715423584,-0.008264821954071522,0.559623122215271,0.46643322706222534,-0.008133088238537312,0.5542678236961365,0.46847081184387207,-0.003607578109949827,0.5613241791725159,0.47090256214141846,-0.006064918357878923,0.5564393997192383,0.4712629020214081,-0.0019620403181761503,0.5476259589195251,0.4817745089530945,0.00720115564763546,0.5724417567253113,0.4491431415081024,-0.02870807610452175,0.5723170042037964,0.44102832674980164,-0.031125780194997787,0.528573215007782,0.3665089011192322,-0.0017449150327593088,0.5612788796424866,0.41667792201042175,-0.0071433731354773045,0.5597832798957825,0.44294291734695435,-0.015802767127752304,0.5596614480018616,0.4381711184978485,-0.014559544622898102,0.5301856398582458,0.4308418035507202,0.0021968905348330736,0.573137104511261,0.43040457367897034,-0.02887577936053276,0.5431732535362244,0.3588399291038513,-0.011692647822201252,0.53485107421875,0.360461950302124,-0.007133181672543287,0.5244823694229126,0.33948248624801636,0.01120750978589058,0.5682041645050049,0.3735925555229187,-0.01567947492003441,0.5586382746696472,0.3861551284790039,-0.0052808308973908424,0.5438553094863892,0.4730827212333679,0.007087775506079197,0.5173052549362183,0.4642599821090698,0.054726772010326385,0.5634557604789734,0.4481593072414398,-0.013228845782577991,0.5676048994064331,0.4512796401977539,-0.012846866622567177,0.5478709936141968,0.4737897515296936,0.006668202579021454,0.5494168400764465,0.47398877143859863,0.005190047901123762,0.5323742628097534,0.35296452045440674,-0.005350957624614239,0.5592097043991089,0.4456612765789032,-0.012345447205007076,0.5540049076080322,0.36244672536849976,-0.01472978200763464,0.553986668586731,0.3544127941131592,-0.016745271161198616,0.5504024028778076,0.3240145146846771,-0.011769457720220089,0.5284746289253235,0.3487820327281952,0.001404119422659278,0.5527861714363098,0.34075894951820374,-0.014884601347148418,0.5256167650222778,0.36128032207489014,0.0023171959910541773,0.5214453339576721,0.35968339443206787,0.01195257343351841,0.5674617290496826,0.46882736682891846,-0.010497591458261013,0.56043940782547,0.4689335525035858,-0.007268162444233894,0.5552811026573181,0.46997934579849243,-0.003182598389685154,0.5645139217376709,0.4495638906955719,-0.011637168936431408,0.5486434698104858,0.47389549016952515,0.005908031482249498,0.5511102676391602,0.47934457659721375,0.0032329170498996973,0.5501470565795898,0.47409316897392273,0.005102126859128475,0.5663217306137085,0.447101354598999,-0.021115927025675774,0.5574538707733154,0.47205835580825806,-0.0008280763868242502,0.5622457265853882,0.47207891941070557,-0.0035226151812821627,0.568128764629364,0.47306594252586365,-0.00553989177569747,0.5643752813339233,0.5014417767524719,0.0025223279371857643,0.5650404095649719,0.49935588240623474,-0.003770409384742379,0.5657519698143005,0.4946950078010559,-0.00512644462287426,0.5666033625602722,0.49014151096343994,-0.004514150321483612,0.567409098148346,0.48667290806770325,-0.004219430964440107,0.5571826696395874,0.48118454217910767,0.0002501079288776964,0.5560193061828613,0.48255619406700134,-0.0001741467567626387,0.5544987916946411,0.48466408252716064,-0.0006200954085215926,0.5532605648040771,0.4871196448802948,0.0006683390238322318,0.551106333732605,0.46317240595817566,-0.0026678149588406086,0.5113956332206726,0.42351964116096497,0.05773276090621948,0.5762713551521301,0.454913854598999,-0.01820579543709755,0.553851842880249,0.47826898097991943,0.0032173495274037123,0.5524939298629761,0.47865092754364014,0.0030028834007680416,0.5691050291061401,0.45451807975769043,-0.012532545253634453,0.5604774355888367,0.44998469948768616,-0.007541334256529808,0.5684148669242859,0.4529522955417633,-0.012859645299613476,0.5547515749931335,0.42020365595817566,-0.004787291865795851,0.5445755124092102,0.42400699853897095,-0.0026825296226888895,0.5583695769309998,0.44105440378189087,-0.011053628288209438,0.5349841713905334,0.32934442162513733,-0.0011511769844219089,0.5384011268615723,0.3418397307395935,-0.007386500481516123,0.5418752431869507,0.35068660974502563,-0.01182522065937519,0.5517140030860901,0.4891883134841919,0.005260116886347532,0.5678832530975342,0.36093100905418396,-0.019029609858989716,0.5672411322593689,0.34283944964408875,-0.018861571326851845,0.5665046572685242,0.3228093683719635,-0.017610112205147743,0.5356543064117432,0.4023723304271698,0.0008421503589488566,0.5220761895179749,0.40490803122520447,0.009717889130115509,0.5615947246551514,0.4025980532169342,-0.002127736574038863,0.529714822769165,0.38313028216362,0.0022825004998594522,0.5657018423080444,0.412223756313324,-0.009507627226412296,0.5632895827293396,0.4413570463657379,-0.021456679329276085,0.5173923969268799,0.40730729699134827,0.016554275527596474,0.5253857970237732,0.41106370091438293,0.0054055447690188885,0.5325570702552795,0.4150864779949188,0.0007177713559940457,0.543799102306366,0.416413813829422,-0.0014569131890311837,0.5525118708610535,0.4150271713733673,-0.0029354558791965246,0.5591692328453064,0.412431538105011,-0.00467015290632844,0.5740721225738525,0.402930349111557,-0.016363294795155525,0.5174175500869751,0.42458534240722656,0.01694314181804657,0.5255998373031616,0.3791394829750061,0.004565651994198561,0.5737898349761963,0.4530125856399536,-0.02563662827014923,0.5615028738975525,0.4250994324684143,-0.008786970749497414,0.5107232332229614,0.3866577446460724,0.04853973537683487,0.5643562078475952,0.4089343547821045,-0.0059708948247134686,0.5576067566871643,0.4408208131790161,-0.005469977855682373,0.5311684608459473,0.3932017683982849,0.0044367266818881035,0.5633921027183533,0.4355432987213135,-0.019886448979377747,0.5133427977561951,0.44351890683174133,0.05768917128443718,0.5616719126701355,0.4005374312400818,-0.001319637056440115,0.56816565990448,0.4321884512901306,-0.025468826293945312,0.5297390222549438,0.48647984862327576,0.02739357389509678,0.5300679802894592,0.4939899742603302,0.038600821048021317,0.5120760798454285,0.42435479164123535,0.03713606670498848,0.522585391998291,0.47487449645996094,0.0328509621322155,0.5168007612228394,0.37343934178352356,0.02239067293703556,0.5508995652198792,0.515304446220398,0.01407385990023613,0.5741294026374817,0.45431721210479736,-0.01790624111890793,0.5558208227157593,0.42985525727272034,-0.006205297075212002,0.5184036493301392,0.39287543296813965,0.016593746840953827,0.5418747663497925,0.40118730068206787,-0.0016302037984132767,0.5474153161048889,0.40232980251312256,-0.0028744672890752554,0.5499223470687866,0.4802870452404022,0.004261412192136049,0.5179799199104309,0.44081783294677734,0.020756708458065987,0.5599733591079712,0.5257962942123413,0.016941500827670097,0.5451102256774902,0.5133077502250671,0.026171689853072166,0.5384309887886047,0.5053773522377014,0.03154591843485832,0.5834785103797913,0.34538787603378296,-0.01974550262093544,0.5704122185707092,0.5283468961715698,0.015797927975654602,0.5525792837142944,0.40216946601867676,-0.0030458546243608,0.5573418140411377,0.40115347504615784,-0.0022871973924338818,0.5602687001228333,0.40067556500434875,-0.001261350465938449,0.521865725517273,0.3758091628551483,0.009822933003306389,0.5565912127494812,0.39880967140197754,-0.004055196885019541,0.5514071583747864,0.3986160457134247,-0.005106033757328987,0.5464683771133423,0.3983098864555359,-0.004912369418889284,0.5413221716880798,0.3975454270839691,-0.003400111338123679,0.5376004576683044,0.3968120217323303,-0.0014840483199805021,0.5130206346511841,0.3680840730667114,0.03706682100892067,0.5380597114562988,0.3995163142681122,7.708541670581326e-05,0.575431764125824,0.4616818130016327,-0.01184377446770668,0.5572609901428223,0.4605594873428345,-0.0062369899824261665,0.5635902285575867,0.4472704231739044,-0.015499061904847622,0.5678533911705017,0.4608478248119354,-0.011385353282094002,0.5802125930786133,0.38955745100975037,-0.015683883801102638,0.5372138619422913,0.4976429045200348,0.023699000477790833,0.5440016388893127,0.5063178539276123,0.019335288554430008,0.5596941113471985,0.522212564945221,0.009595634415745735,0.5232398509979248,0.4811892509460449,0.04737544432282448,0.5600650906562805,0.399661660194397,-0.0024476663675159216,0.5696000456809998,0.41600149869918823,-0.016901489347219467,0.5706685185432434,0.5245983004570007,0.008750103414058685,0.5519601106643677,0.5204725861549377,0.020486362278461456,0.5137010216712952,0.44240784645080566,0.0384761281311512,0.5618341565132141,0.484139621257782,-0.0022823873441666365,0.5606225728988647,0.486666202545166,-0.002699807519093156,0.5593825578689575,0.4901588559150696,-0.0031784484162926674,0.5583760738372803,0.49428972601890564,-0.001887696678750217,0.5571022629737854,0.4961074888706207,0.0032485839910805225,0.5523544549942017,0.47227516770362854,0.0018508704379200935,0.5512285232543945,0.47160106897354126,0.0017547340830788016,0.5502955317497253,0.4707675278186798,0.0015177191235125065,0.5462912917137146,0.4672721326351166,0.0018811211921274662,0.5249740481376648,0.44698062539100647,0.010051235556602478,0.5700066685676575,0.40705180168151855,-0.012597503140568733,0.566640317440033,0.39232027530670166,-0.005587518680840731,0.5630303621292114,0.39411965012550354,-0.0035559413954615593,0.5534546375274658,0.4727030098438263,0.002510826336219907,0.5245780944824219,0.4650377631187439,0.020803065970540047,0.5722028613090515,0.3916853368282318,-0.01233823224902153,0.5541179180145264,0.5022908449172974,0.006938693579286337,0.5786086916923523,0.4206738770008087,-0.02626928873360157,0.5738676190376282,0.41268324851989746,-0.02104189246892929,0.5790376663208008,0.4117189943790436,-0.02228313311934471,0.5650100708007812,0.4281919300556183,-0.015751151368021965,0.5711238384246826,0.5184748768806458,0.004877887666225433,0.571640133857727,0.5102200508117676,0.0037099565379321575,0.5623816251754761,0.5084682106971741,0.004541771020740271,0.5429933071136475,0.48464682698249817,0.010625862516462803,0.5521379113197327,0.4461507201194763,-0.003285067854449153,0.5480661988258362,0.4943177103996277,0.009209670126438141,0.5379102230072021,0.4429553151130676,-0.0012937041465193033,0.545812726020813,0.45291659235954285,-0.0011889737797901034,0.5325965285301208,0.4543111026287079,0.004458186216652393,0.5604363083839417,0.5163211226463318,0.005866002757102251,0.5614718794822693,0.4317083954811096,-0.011385277844965458,0.538686990737915,0.4899168908596039,0.016394037753343582,0.5452950596809387,0.4996846318244934,0.014086319133639336,0.5387469530105591,0.4740890860557556,0.009511270560324192,0.5194419026374817,0.4543919265270233,0.02444603107869625,0.5318518877029419,0.47463712096214294,0.01477370411157608,0.516753077507019,0.45916301012039185,0.03832211717963219,0.5406455397605896,0.46119531989097595,0.002618898870423436,0.5656678080558777,0.4204578101634979,-0.012537517584860325,0.5647487640380859,0.44552451372146606,-0.022415243089199066,0.5612869262695312,0.4460814893245697,-0.016091372817754745,0.5675727128982544,0.4409661293029785,-0.02642601728439331,0.5626801252365112,0.3821062743663788,-0.00808644574135542,0.5537070035934448,0.37354931235313416,-0.009285093285143375,0.5454792976379395,0.37056422233581543,-0.008762315846979618,0.5383713841438293,0.3712211549282074,-0.006220547016710043,0.5328483581542969,0.37520524859428406,-0.002597218146547675,0.5277696847915649,0.39282524585723877,0.006903948727995157,0.5116031765937805,0.4068010151386261,0.033877842128276825,0.5310719013214111,0.4056779444217682,0.0036565212067216635,0.537236213684082,0.40890854597091675,0.0007429926190525293,0.5451347827911377,0.4107067286968231,-0.001308306003920734,0.5528625845909119,0.4102235734462738,-0.0026741272304207087,0.5590055584907532,0.4081876277923584,-0.0028217730578035116,0.563188374042511,0.4059847295284271,-0.003496757708489895,0.5107154846191406,0.4047514498233795,0.05492150038480759,0.5611723065376282,0.4476090669631958,-0.013141338713467121,0.5692411661148071,0.4239717125892639,-0.020452868193387985,0.5686080455780029,0.4471893012523651,-0.026368118822574615,0.5710284113883972,0.45107942819595337,-0.02356013096868992,0.568392813205719,0.4481377899646759,-0.023603754118084908,0.5622992515563965,0.44978657364845276,-0.010831634514033794,0.5720729231834412,0.45217305421829224,-0.024911681190133095,0.5724241733551025,0.4534999132156372,-0.018104026094079018,0.5639024376869202,0.40011200308799744,-0.0019324321765452623,0.5667170882225037,0.4017285108566284,-0.004805411212146282,0.5685777068138123,0.4030221104621887,-0.008095099590718746,0.5352032780647278,0.396178275346756,0.0006125409854575992,0.5323848724365234,0.38618120551109314,0.0007793598342686892,0.5830824375152588,0.4222235083580017,-0.024165956303477287,0.6207208633422852,0.40551865100860596,0.003847651183605194,0.5814976692199707,0.45306891202926636,-0.018077297136187553,0.6427182555198669,0.3676036298274994,0.026944339275360107,0.6024492383003235,0.40933480858802795,-0.001971402671188116,0.6084807515144348,0.4110984802246094,-0.001181308995001018,0.6143215894699097,0.4110879600048065,0.0006034020334482193,0.622653603553772,0.4072133004665375,0.005296613089740276,0.5976507067680359,0.4061049222946167,-0.0015013529919087887,0.6131027340888977,0.38520118594169617,-0.005308600142598152,0.6063854098320007,0.38593432307243347,-0.0056762732565402985,0.6191639304161072,0.38680949807167053,-0.002906619571149349,0.6229103207588196,0.39058589935302734,-0.0003082295588683337,0.6262668371200562,0.4106142222881317,0.008849377743899822,0.5906201601028442,0.5128949284553528,0.01097781676799059,0.6229128241539001,0.4038161337375641,0.005712150130420923,0.6415655016899109,0.4039146304130554,0.0337701253592968,0.6320931315422058,0.4030683934688568,0.01412843819707632,0.6045421361923218,0.44125258922576904,-0.0030562453903257847,0.583451509475708,0.4670625329017639,-0.011161144822835922,0.5822080373764038,0.4730769395828247,-0.007930763065814972,0.5904080271720886,0.46964892745018005,-0.007350643631070852,0.5948576331138611,0.47252950072288513,-0.0024940131697803736,0.588027834892273,0.4737323224544525,-0.0054021961987018585,0.5923693180084229,0.4749763011932373,-0.0010307076154276729,0.5981224179267883,0.48681479692459106,0.008629252202808857,0.5814131498336792,0.4500585198402405,-0.028479725122451782,0.58259516954422,0.44209083914756775,-0.030874358490109444,0.6320400834083557,0.37828660011291504,0.0010840932372957468,0.5944443941116333,0.4202895164489746,-0.006164066959172487,0.593243420124054,0.446418434381485,-0.014828850515186787,0.5937840342521667,0.44172921776771545,-0.01357693038880825,0.6215051412582397,0.44078004360198975,0.004628413822501898,0.5829473733901978,0.4314093291759491,-0.028555534780025482,0.619924008846283,0.3690617084503174,-0.009713873267173767,0.6274783611297607,0.3718148171901703,-0.004700660705566406,0.6389438509941101,0.35296130180358887,0.014213562943041325,0.5935561060905457,0.3778023421764374,-0.015011563897132874,0.6003779172897339,0.3892486095428467,-0.004102461971342564,0.6029228568077087,0.4789510667324066,0.00887282658368349,0.6258115172386169,0.47542428970336914,0.057932157069444656,0.5889443755149841,0.4507865011692047,-0.012524302117526531,0.584641695022583,0.45301806926727295,-0.012488804757595062,0.60002601146698,0.4785628616809845,0.008205274119973183,0.5983566045761108,0.4785670340061188,0.006560168229043484,0.6307603120803833,0.3649381995201111,-0.0027243446093052626,0.5931029915809631,0.4491555392742157,-0.011387486942112446,0.6090390086174011,0.37066689133644104,-0.013380447402596474,0.6103478074073792,0.362892210483551,-0.015328753739595413,0.6181455850601196,0.3322596251964569,-0.010116632096469402,0.6346132755279541,0.36134183406829834,0.0043828412890434265,0.6135923862457275,0.3482435643672943,-0.013214962556958199,0.6352066993713379,0.3735785484313965,0.005385444033890963,0.6389607787132263,0.37335196137428284,0.015294505283236504,0.5829373002052307,0.4704912304878235,-0.010140317492187023,0.5892180800437927,0.4719555974006653,-0.006556118838489056,0.5937004685401917,0.47384095191955566,-0.0021888522896915674,0.5876306891441345,0.45191463828086853,-0.011036666110157967,0.5991929173469543,0.4785662293434143,0.00734362518414855,0.5962444543838501,0.48350825905799866,0.00443862983956933,0.597596287727356,0.4785687327384949,0.006443255580961704,0.5869290828704834,0.4492379128932953,-0.02043953724205494,0.5911794304847717,0.4756312668323517,7.414142601191998e-05,0.5868877172470093,0.4747343063354492,-0.0028786668553948402,0.58146733045578,0.4745227098464966,-0.0051931594498455524,0.5797375440597534,0.5030370950698853,0.0028655913192778826,0.5811542868614197,0.500866174697876,-0.0033863615244627,0.581158459186554,0.49611663818359375,-0.004738333635032177,0.580923855304718,0.4914648234844208,-0.004138755612075329,0.5804979205131531,0.4879147410392761,-0.0038653796073049307,0.5903875231742859,0.4843655526638031,0.0011420899536460638,0.5914316177368164,0.48584336042404175,0.0007302684825845063,0.5926616191864014,0.4881504774093628,0.0003441411245148629,0.5934731364250183,0.4907493591308594,0.0017153701046481729,0.5979120135307312,0.46793994307518005,-0.0013780070003122091,0.6365702748298645,0.4371872842311859,0.06122168153524399,0.5936704874038696,0.4820745587348938,0.004370450507849455,0.5949851274490356,0.4826337397098541,0.004148013889789581,0.5827916264533997,0.45595070719718933,-0.012182437814772129,0.591143012046814,0.45312008261680603,-0.006795248482376337,0.5836679339408875,0.4545574188232422,-0.012515927664935589,0.600064218044281,0.42516717314720154,-0.0035121969413012266,0.6091980934143066,0.4311109185218811,-0.0010018488392233849,0.5944107174873352,0.44483089447021484,-0.010033423081040382,0.6313511729240417,0.3409178853034973,0.0012627176474779844,0.6267369389533997,0.35255059599876404,-0.00498822471126914,0.62227463722229,0.3612048327922821,-0.009732763282954693,0.5932917594909668,0.49337249994277954,0.006463771685957909,0.595993161201477,0.36598634719848633,-0.018306538462638855,0.5995996594429016,0.34681403636932373,-0.017980452626943588,0.6032164692878723,0.32728415727615356,-0.016772635281085968,0.6195226907730103,0.41004398465156555,0.0031434122938662767,0.6313676238059998,0.41540858149528503,0.01266070269048214,0.5947708487510681,0.40356147289276123,-0.0011040016543120146,0.6282146573066711,0.3929535150527954,0.004981933627277613,0.5909824371337891,0.4149796664714813,-0.008720075711607933,0.5905301570892334,0.44422751665115356,-0.02066311053931713,0.6357003450393677,0.4204246699810028,0.019907839596271515,0.6277682185173035,0.4215971529483795,0.008179876953363419,0.6207913160324097,0.42452049255371094,0.003015345660969615,0.6100288033485413,0.4229736328125,0.0002584754547569901,0.6020078659057617,0.4191274642944336,-0.0016474166186526418,0.5961451530456543,0.41494035720825195,-0.003670443082228303,0.5845896005630493,0.4041118025779724,-0.016031179577112198,0.6333274841308594,0.437233030796051,0.020254788920283318,0.6323176622390747,0.3901486098766327,0.007550044916570187,0.5792837142944336,0.4535471200942993,-0.025454336777329445,0.5932824611663818,0.4285117983818054,-0.0078124962747097015,0.6427748203277588,0.40135738253593445,0.05214357376098633,0.5918998122215271,0.41044801473617554,-0.0051859221421182156,0.5948841571807861,0.44472044706344604,-0.0044624581933021545,0.6251981258392334,0.40196889638900757,0.007024943362921476,0.5909674167633057,0.43843117356300354,-0.019080903381109238,0.6320635080337524,0.45613330602645874,0.061109792441129684,0.5949669480323792,0.401404470205307,-0.0002163855533581227,0.5871712565422058,0.43417635560035706,-0.0249086394906044,0.61305832862854,0.49478211998939514,0.02991827204823494,0.6111364960670471,0.501910388469696,0.0410536453127861,0.6370788812637329,0.43786776065826416,0.04078088700771332,0.6207535862922668,0.4847794473171234,0.03579190745949745,0.6406363844871521,0.3875328004360199,0.025956405326724052,0.5904179811477661,0.5191282629966736,0.015274407342076302,0.5784547924995422,0.454748272895813,-0.017800845205783844,0.5978871583938599,0.4343861937522888,-0.005042433273047209,0.6361328363418579,0.4039463698863983,0.019925128668546677,0.6142557859420776,0.4073637127876282,0.00042318322812207043,0.6087703704833984,0.40706783533096313,-0.0010908073745667934,0.597277045249939,0.4846148192882538,0.005540995392948389,0.6303948760032654,0.4528520107269287,0.023953741416335106,0.5806514024734497,0.5276964902877808,0.01757657527923584,0.5957228541374207,0.5181123614311218,0.027724506333470345,0.6025837659835815,0.5115134716033936,0.03354262188076973,0.6036110520362854,0.4054282307624817,-0.001536924042738974,0.5989753603935242,0.40300485491752625,-0.0009995680302381516,0.5962321162223816,0.40186065435409546,-9.354745270684361e-05,0.6358027458190918,0.3873305320739746,0.013074452988803387,0.6002237796783447,0.40111321210861206,-0.002723570680245757,0.6053715944290161,0.40254974365234375,-0.0035550903994590044,0.6104627847671509,0.4036093056201935,-0.0030900705605745316,0.6155843734741211,0.4039672613143921,-0.0013327457709237933,0.6190145611763,0.40409108996391296,0.0007510966388508677,0.6438941955566406,0.3828687071800232,0.04062706604599953,0.6180343627929688,0.40662652254104614,0.0023038790095597506,0.5927393436431885,0.46416932344436646,-0.0052210078574717045,0.5891196131706238,0.4499293565750122,-0.014798669144511223,0.582972526550293,0.462422639131546,-0.010971086099743843,0.6049769520759583,0.5043455958366394,0.025755999609827995,0.5977358222007751,0.5116161704063416,0.02096906118094921,0.5813793540000916,0.5242762565612793,0.01021437719464302,0.6185706853866577,0.4907481074333191,0.05024701729416847,0.5966927409172058,0.40089428424835205,-0.0012559329625219107,0.5872775316238403,0.4179157018661499,-0.01636018231511116,0.5886825323104858,0.5238901972770691,0.021622510626912117,0.6329259872436523,0.45502451062202454,0.042028483003377914,0.5859338045120239,0.4864383935928345,-0.0016227971063926816,0.5868554711341858,0.48909324407577515,-0.001992573030292988,0.5876370668411255,0.49274230003356934,-0.0024485585745424032,0.5880421996116638,0.4969845116138458,-0.0011079874821007252,0.5873031616210938,0.4991278052330017,0.004128176718950272,0.5958403944969177,0.4765675961971283,0.0030309127178043127,0.597075343132019,0.4760516583919525,0.0030647260136902332,0.5981493592262268,0.4753810167312622,0.0029170855414122343,0.6016275882720947,0.47282397747039795,0.0034976028837263584,0.6236352324485779,0.4574761390686035,0.012719186022877693,0.5877408981323242,0.4090324342250824,-0.01206574309617281,0.5918087959289551,0.3934699296951294,-0.004861992318183184,0.5948084592819214,0.39544323086738586,-0.0025339487474411726,0.5946381688117981,0.4768896996974945,0.0036874539218842983,0.6210650205612183,0.4749670922756195,0.0235823392868042,0.5870591998100281,0.39275622367858887,-0.011882409453392029,0.5891515612602234,0.505754292011261,0.007874523289501667,0.5838495492935181,0.41375964879989624,-0.020767679437994957,0.5900235772132874,0.43089407682418823,-0.015037337318062782,0.5806501507759094,0.5102653503417969,0.004969194997102022,0.6018707156181335,0.4906138777732849,0.012287760153412819,0.5992397665977478,0.45109862089157104,-0.0020623556338250637,0.5958639979362488,0.49909836053848267,0.0105257797986269,0.6128469705581665,0.45101600885391235,0.0006031149532645941,0.6041886806488037,0.4590992331504822,0.0003388674813322723,0.6159830689430237,0.46315404772758484,0.006653984542936087,0.5815310478210449,0.51839280128479,0.006432817317545414,0.5926461219787598,0.4350009858608246,-0.010485965758562088,0.605061948299408,0.4965927004814148,0.018324457108974457,0.5976776480674744,0.5048999190330505,0.01557878591120243,0.6073399782180786,0.4811127185821533,0.01153009943664074,0.6270169019699097,0.4656342566013336,0.027565618976950645,0.6133925914764404,0.48296278715133667,0.01712922938168049,0.6278926134109497,0.47061148285865784,0.04169808700680733,0.607692539691925,0.46821337938308716,0.004425591789186001,0.5901561379432678,0.4231245517730713,-0.011751648969948292,0.5886938571929932,0.4480109214782715,-0.021677207201719284,0.5914480090141296,0.44922423362731934,-0.015268011949956417,0.5869045257568359,0.4429757297039032,-0.025883866474032402,0.5972853899002075,0.3854813277721405,-0.007080104202032089,0.6073708534240723,0.37976932525634766,-0.00782071240246296,0.615875244140625,0.3788236677646637,-0.0068808626383543015,0.6225264668464661,0.3808354437351227,-0.003950729500502348,0.6268649101257324,0.3853863775730133,-3.706585266627371e-05,0.6281224489212036,0.40224626660346985,0.009656871668994427,0.6400622725486755,0.42095527052879333,0.037626225501298904,0.6232448220252991,0.4145606756210327,0.006121512968093157,0.6171402335166931,0.4165183901786804,0.0028822249732911587,0.609397292137146,0.41627031564712524,0.00043032076791860163,0.6020807027816772,0.41367465257644653,-0.0013201332185417414,0.5965806245803833,0.4100644886493683,-0.0017870027804747224,0.5929927229881287,0.40700647234916687,-0.0026579948607832193,0.6399572491645813,0.4190503656864166,0.0584833063185215,0.5910720825195312,0.4506581425666809,-0.012330356054008007,0.5868819952011108,0.425860196352005,-0.019908133894205093,0.5851122736930847,0.4488522410392761,-0.02590388059616089,0.582032322883606,0.4521656632423401,-0.023279640823602676,0.5849649906158447,0.4498297870159149,-0.023119138553738594,0.5895867943763733,0.45253148674964905,-0.010166405700147152,0.5809864401817322,0.4530445635318756,-0.024678295478224754,0.5801613330841064,0.4542384147644043,-0.01792866922914982,0.5930300951004028,0.4007435441017151,-0.001001509721390903,0.5903563499450684,0.40227460861206055,-0.004118486773222685,0.5888077616691589,0.40387701988220215,-0.00754140829667449,0.6212079524993896,0.4039982259273529,0.0029413923621177673,0.625308096408844,0.3952135443687439,0.0032724731136113405,0.5452765822410583,0.39941859245300293,-0.001771737588569522,0.551121175289154,0.4002772867679596,-0.001771737588569522,0.5459285974502563,0.39191073179244995,-0.001771737588569522,0.5394604802131653,0.3985438644886017,-0.001771737588569522,0.5446648001670837,0.40668147802352905,-0.001771737588569522,0.6101348996162415,0.4029580354690552,5.294360562402289e-06,0.6151750087738037,0.40335366129875183,5.294360562402289e-06,0.6102352142333984,0.3960653245449066,5.294360562402289e-06,0.6050371527671814,0.40245962142944336,5.294360562402289e-06,0.6099437475204468,0.4096975028514862,5.294360562402289e-06
533.3333333333333,0.5799487233161926,0.46602705121040344,-0.012825905345380306,0.5796418190002441,0.447090208530426,-0.02946646511554718,0.578623354434967,0.45340538024902344,-0.014421277679502964,0.5761751532554626,0.4189785420894623,-0.02442988194525242,0.5801655054092407,0.4388241171836853,-0.03196481615304947,0.5806179642677307,0.4275783896446228,-0.03054341860115528,0.5815892815589905,0.39983290433883667,-0.017912346869707108,0.5370973348617554,0.3945561945438385,0.0019894614815711975,0.5828782320022583,0.3759610056877136,-0.015796149149537086,0.5836835503578186,0.36401811242103577,-0.018068337813019753,0.586314857006073,0.32226401567459106,-0.016531506553292274,0.5797021985054016,0.46829819679260254,-0.011888792738318443,0.5793210864067078,0.47026991844177246,-0.009911887347698212,0.578948974609375,0.4713616371154785,-0.007108260877430439,0.5780870318412781,0.48469245433807373,-0.005662842653691769,0.5780542492866516,0.48801159858703613,-0.006044660694897175,0.5778149366378784,0.4920690655708313,-0.00667452160269022,0.577398955821991,0.49635159969329834,-0.005133564118295908,0.5752325057983398,0.5002878904342651,0.001116506871767342,0.5792568922042847,0.4508461356163025,-0.026330217719078064,0.5740187168121338,0.44955796003341675,-0.018849121406674385,0.5176185369491577,0.35316088795661926,0.024890806525945663,0.554797351360321,0.4030650854110718,-0.003056745743378997,0.5485064387321472,0.40320104360580444,-0.002628595568239689,0.5425316691398621,0.4017977714538574,-0.0011167696211487055,0.534439206123352,0.3960106074810028,0.0032719129230827093,0.5601401925086975,0.40123021602630615,-0.002142214449122548,0.5484834313392639,0.37559857964515686,-0.0065599363297224045,0.5550968647003174,0.3780771791934967,-0.0064493026584386826,0.5420100688934326,0.37578386068344116,-0.004491959232836962,0.5374217629432678,0.37888243794441223,-0.002076907316222787,0.5297806859016418,0.39898502826690674,0.006559633184224367,0.5548791289329529,0.5071485638618469,0.008087169378995895,0.5351256132125854,0.39252546429634094,0.0038243166636675596,0.5137452483177185,0.38979122042655945,0.03066122718155384,0.5244659185409546,0.39040735363960266,0.011629081331193447,0.5501358509063721,0.4337664544582367,-0.004892229568213224,0.5718443989753723,0.46391579508781433,-0.012458737008273602,0.5716426372528076,0.4691827893257141,-0.009316104464232922,0.5632869601249695,0.4653785228729248,-0.009144959039986134,0.5572384595870972,0.4674213230609894,-0.0046717021614313126,0.5647387504577637,0.4690561294555664,-0.0071635558269917965,0.5592173933982849,0.469681978225708,-0.0030813415069133043,0.5504364371299744,0.4801407754421234,0.005909178406000137,0.5751422047615051,0.4463880658149719,-0.029156196862459183,0.5749562382698059,0.43829473853111267,-0.031468089669942856,0.5300906896591187,0.3643462359905243,-0.0009133670828305185,0.563269317150116,0.41538068652153015,-0.007016913965344429,0.5624085664749146,0.44096922874450684,-0.016287900507450104,0.5621607303619385,0.43630072474479675,-0.014977401122450829,0.5317510962486267,0.4300021827220917,0.0018509377259761095,0.5756186246871948,0.42788445949554443,-0.02902790904045105,0.5445326566696167,0.356465220451355,-0.010683948174118996,0.5362141132354736,0.35818153619766235,-0.006156385876238346,0.5247758626937866,0.338970810174942,0.012715616263449192,0.5699480175971985,0.3710366487503052,-0.014719056896865368,0.5605188608169556,0.38303977251052856,-0.004586192313581705,0.5465080738067627,0.4715448319911957,0.005884220823645592,0.5188049674034119,0.46486830711364746,0.05375475436449051,0.566211462020874,0.4460904896259308,-0.013744473457336426,0.5704149603843689,0.4489992558956146,-0.013345309533178806,0.549659252166748,0.47235777974128723,0.005503695923835039,0.5512059926986694,0.4725293517112732,0.004050326533615589,0.5338094234466553,0.35092079639434814,-0.00426774425432086,0.5618386268615723,0.4437467157840729,-0.012866348028182983,0.5554707050323486,0.35997647047042847,-0.013739319518208504,0.5553938746452332,0.35198915004730225,-0.015648700296878815,0.5512115359306335,0.322419673204422,-0.010043119080364704,0.5291596055030823,0.3478687107563019,0.002696599578484893,0.5539299249649048,0.3390493392944336,-0.01342820841819048,0.5272763967514038,0.35942283272743225,0.0032594886142760515,0.5220674276351929,0.3592512309551239,0.013087498024106026,0.5716189742088318,0.4669111371040344,-0.01148957572877407,0.5640027523040771,0.4674340486526489,-0.008333595469594002,0.5581895112991333,0.4686470031738281,-0.004289350472390652,0.5672951340675354,0.447453111410141,-0.012111186981201172,0.5504306554794312,0.4724407196044922,0.0047651370987296104,0.5535218715667725,0.477388471364975,0.0020558065734803677,0.551926851272583,0.472628653049469,0.003972406033426523,0.5690104961395264,0.4448227882385254,-0.021585801616311073,0.5601015090942383,0.4702965319156647,-0.00199128151871264,0.5654764771461487,0.4699549973011017,-0.004683955572545528,0.5718417167663574,0.4703916609287262,-0.006670212838798761,0.5674388408660889,0.4990748465061188,0.0011875741183757782,0.5692214965820312,0.49468761682510376,-0.005006188526749611,0.569917619228363,0.49045443534851074,-0.006291607860475779,0.5706167817115784,0.48646971583366394,-0.005597752518951893,0.5712481737136841,0.48352164030075073,-0.005183328874409199,0.5599771738052368,0.4791535437107086,-0.0007900350610725582,0.5589462518692017,0.48019349575042725,-0.0013047651154920459,0.5575639605522156,0.48200523853302,-0.0018306446727365255,0.5564338564872742,0.48421940207481384,-0.0005918254028074443,0.5536434054374695,0.46135565638542175,-0.0035821658093482256,0.5124481916427612,0.4243248701095581,0.057732753455638885,0.578961968421936,0.4521675407886505,-0.018716959282755852,0.5561254024505615,0.47656750679016113,0.0021399767138063908,0.5548428297042847,0.4768054485321045,0.0018621522467583418,0.5718838572502136,0.45208901166915894,-0.013121982105076313,0.563125729560852,0.4480360150337219,-0.008087090216577053,0.571215033531189,0.45059332251548767,-0.01339345145970583,0.5566340684890747,0.41900840401649475,-0.004795030690729618,0.5463508367538452,0.42288902401924133,-0.0027854579966515303,0.5608643293380737,0.43924543261528015,-0.011514856480062008,0.5354943871498108,0.3283007740974426,0.0004825837386306375,0.5392521619796753,0.3404826521873474,-0.006004628259688616,0.5432659983634949,0.34840714931488037,-0.01071636751294136,0.554600715637207,0.48732489347457886,0.003901732387021184,0.5695414543151855,0.3583943843841553,-0.01789964735507965,0.568576991558075,0.3408830165863037,-0.017333704978227615,0.5675567388534546,0.3208305835723877,-0.01575612835586071,0.5372357964515686,0.39943569898605347,0.0012121605686843395,0.5233362913131714,0.40289539098739624,0.009965410456061363,0.5635408759117126,0.39935821294784546,-0.0015703649260103703,0.5312492251396179,0.38049352169036865,0.0029223060701042414,0.5677335262298584,0.4108116328716278,-0.009266599081456661,0.5658919811248779,0.43915924429893494,-0.021888284012675285,0.5185672044754028,0.40720754861831665,0.0166988056153059,0.5264890789985657,0.40926095843315125,0.005477101542055607,0.5336397886276245,0.41340991854667664,0.0007188452873378992,0.5451236963272095,0.41447412967681885,-0.0013748592464253306,0.5540170073509216,0.4127855896949768,-0.002770561957731843,0.5608017444610596,0.4099988639354706,-0.004391296301037073,0.5761221051216125,0.401227742433548,-0.015870919451117516,0.5186564326286316,0.4244149923324585,0.0167198795825243,0.5270851850509644,0.3768811821937561,0.00523790530860424,0.5765106081962585,0.4502939283847809,-0.0261369775980711,0.563666582107544,0.42355871200561523,-0.008888480253517628,0.5113732814788818,0.38731250166893005,0.04934825375676155,0.566058337688446,0.4063531160354614,-0.005562371574342251,0.5600219368934631,0.43913862109184265,-0.005897564813494682,0.5328285694122314,0.39017361402511597,0.00498985918238759,0.5658745169639587,0.43347108364105225,-0.020218681544065475,0.5145663022994995,0.4442707896232605,0.05724278837442398,0.5637204051017761,0.3972006142139435,-0.0006838105618953705,0.5706537365913391,0.42988988757133484,-0.025702226907014847,0.5320562124252319,0.4859594702720642,0.025954362004995346,0.5323177576065063,0.49374979734420776,0.03696456551551819,0.513178825378418,0.4247312545776367,0.0370318740606308,0.5244162082672119,0.47484898567199707,0.03163296356797218,0.5175507068634033,0.373429536819458,0.023299716413021088,0.5541772246360779,0.5133366584777832,0.012126009911298752,0.5768560767173767,0.4516483545303345,-0.01842697709798813,0.5579522848129272,0.42839351296424866,-0.006444375030696392,0.5198146104812622,0.3907068371772766,0.017098568379878998,0.5435609817504883,0.3977430760860443,-0.001218741643242538,0.5491639971733093,0.39886415004730225,-0.002452020300552249,0.5523720979690552,0.47826844453811646,0.0030463235452771187,0.5192787051200867,0.44068285822868347,0.020161999389529228,0.5633293986320496,0.52336186170578,0.014789372682571411,0.5482069849967957,0.5118069648742676,0.024194881319999695,0.5412076115608215,0.5044504404067993,0.029718413949012756,0.5849811434745789,0.3431869149208069,-0.01810576394200325,0.5736568570137024,0.5256497859954834,0.01373362261801958,0.5544078350067139,0.3987637460231781,-0.0025653408374637365,0.5592796802520752,0.3977590799331665,-0.0017348220571875572,0.562268078327179,0.39730048179626465,-0.0006411140784621239,0.5234016180038452,0.37381017208099365,0.01056902576237917,0.5586756467819214,0.39591357111930847,-0.00343633652664721,0.553395688533783,0.3960903286933899,-0.004485402721911669,0.5483089685440063,0.39589905738830566,-0.004327941220253706,0.5430331826210022,0.39505547285079956,-0.002842484973371029,0.5392745733261108,0.3941246569156647,-0.0009464719914831221,0.5133951902389526,0.3684607148170471,0.03818142041563988,0.5397149324417114,0.39615267515182495,0.0005156078841537237,0.5781810283660889,0.4589632749557495,-0.012461349368095398,0.5598812103271484,0.4585190713405609,-0.007041053380817175,0.5663249492645264,0.44516968727111816,-0.01595097966492176,0.5706281065940857,0.4583611488342285,-0.012087473645806313,0.5821095705032349,0.38779309391975403,-0.01490708813071251,0.5399996638298035,0.49661558866500854,0.022050106897950172,0.5470747947692871,0.5048149228096008,0.017522893846035004,0.5630484819412231,0.5198631286621094,0.007566987536847591,0.5250756144523621,0.4814918637275696,0.0460214801132679,0.562124490737915,0.3964438736438751,-0.0018056880217045546,0.5717990398406982,0.414162814617157,-0.01673104055225849,0.5739346146583557,0.5219324827194214,0.006762790959328413,0.5552630424499512,0.5184321999549866,0.018380658701062202,0.5149135589599609,0.44278061389923096,0.03797439858317375,0.5652227997779846,0.4815804958343506,-0.003287047613412142,0.5641679167747498,0.4836498498916626,-0.003815174801275134,0.5630972981452942,0.4866737127304077,-0.00438682222738862,0.5622076988220215,0.49036306142807007,-0.0031597164925187826,0.5600996613502502,0.49401429295539856,0.0018722446402534842,0.554538905620575,0.4707913398742676,0.000729632331058383,0.5534776449203491,0.4702366590499878,0.000637160032056272,0.552594780921936,0.469550758600235,0.00041188631439581513,0.5488117933273315,0.46558988094329834,0.0008385594701394439,0.526526927947998,0.4463996887207031,0.009330134838819504,0.5720486044883728,0.40547677874565125,-0.012216667644679546,0.5685968995094299,0.38932493329048157,-0.004875680431723595,0.5650426745414734,0.3908996880054474,-0.002843281952664256,0.5555605292320251,0.47112470865249634,0.0013616114156320691,0.5263593196868896,0.4646517038345337,0.019736336544156075,0.5739408135414124,0.3889307379722595,-0.011648444458842278,0.5571731925010681,0.500355064868927,0.005371187813580036,0.5809208154678345,0.4183026850223541,-0.026159219443798065,0.5760754942893982,0.410713791847229,-0.020752066746354103,0.5812175869941711,0.409620076417923,-0.02193601243197918,0.5673096776008606,0.42630913853645325,-0.015883125364780426,0.5743610858917236,0.5158829092979431,0.0030749868601560593,0.5748006105422974,0.507697343826294,0.0021443660371005535,0.5655338168144226,0.5062063336372375,0.002924218075349927,0.5457894802093506,0.48323437571525574,0.009247262962162495,0.5545339584350586,0.44456449151039124,-0.0038261450827121735,0.5510230660438538,0.49266666173934937,0.007716665044426918,0.5398566722869873,0.4417799115180969,-0.0018805328290909529,0.5481227040290833,0.45143142342567444,-0.0019196351058781147,0.5345567464828491,0.4533071219921112,0.0035957437939941883,0.5637106895446777,0.5140485167503357,0.004014912061393261,0.5637685060501099,0.4299831688404083,-0.011624264530837536,0.5414569973945618,0.4887179136276245,0.014883373863995075,0.5483137369155884,0.4981171488761902,0.012410633265972137,0.5412968397140503,0.47283804416656494,0.008261996321380138,0.5208857655525208,0.454289972782135,0.023575589060783386,0.5341417193412781,0.4737919270992279,0.013526549562811852,0.5181952714920044,0.4594604969024658,0.03743046522140503,0.5429608225822449,0.4597918391227722,0.0016828688094392419,0.5678532719612122,0.41878169775009155,-0.012500735931098461,0.5674235224723816,0.4432624876499176,-0.022871993482112885,0.5639826059341431,0.44403326511383057,-0.016599157825112343,0.5701999068260193,0.4384981691837311,-0.026794999837875366,0.5645450353622437,0.3791694939136505,-0.00729525089263916,0.5553279519081116,0.3707118034362793,-0.008437471464276314,0.5469013452529907,0.36779722571372986,-0.007933885790407658,0.5397213697433472,0.3685445785522461,-0.005448995158076286,0.5342972874641418,0.37257710099220276,-0.001859417767263949,0.5293595790863037,0.39004215598106384,0.007451459299772978,0.5126244425773621,0.40714502334594727,0.03412576764822006,0.5324680209159851,0.40330442786216736,0.00392380403354764,0.5386118292808533,0.4065887928009033,0.0009877582779154181,0.5466476678848267,0.4081898033618927,-0.0010601425310596824,0.5545375943183899,0.4075363874435425,-0.002401256700977683,0.5608122944831848,0.4053869843482971,-0.002404559403657913,0.5650710463523865,0.40314194560050964,-0.003032257780432701,0.5116047859191895,0.4055422842502594,0.0553574413061142,0.5638788938522339,0.44560036063194275,-0.013655848801136017,0.5715638399124146,0.42189037799835205,-0.020488744601607323,0.571304202079773,0.4446614384651184,-0.026817888021469116,0.5737552046775818,0.4485301971435547,-0.024047458544373512,0.5710836052894592,0.4457046091556549,-0.024062005802989006,0.5650108456611633,0.4477446973323822,-0.011353326961398125,0.5747908353805542,0.449532687664032,-0.025410490110516548,0.5751784443855286,0.45092204213142395,-0.018614085391163826,0.5659095048904419,0.39685311913490295,-0.001297623384743929,0.5686526894569397,0.39881375432014465,-0.00422422681003809,0.5703376531600952,0.4002927541732788,-0.0075518167577683926,0.5368726849555969,0.39329737424850464,0.0011593564413487911,0.5339885354042053,0.3832452595233917,0.0013474493753165007,0.5853776931762695,0.4198259711265564,-0.023999519646167755,0.6229025721549988,0.4016912579536438,0.00511137256398797,0.5839822888374329,0.450323224067688,-0.01849762164056301,0.644180953502655,0.3659771978855133,0.02979973331093788,0.6042185425758362,0.4054096043109894,-0.0010836808942258358,0.6102359294891357,0.40715938806533813,-0.00022548336710315198,0.6161298155784607,0.4073706567287445,0.001663759583607316,0.6246424913406372,0.40333646535873413,0.006552776787430048,0.5994824171066284,0.40243813395500183,-0.0006106853834353387,0.6153177618980408,0.38188210129737854,-0.004057683516293764,0.6085414290428162,0.38272592425346375,-0.004483827855437994,0.6214028596878052,0.38336607813835144,-0.0015727387508377433,0.6250907778739929,0.3870571255683899,0.001065089600160718,0.6280507445335388,0.4068586230278015,0.010107507929205894,0.5935941934585571,0.5101910829544067,0.009526289999485016,0.6251115798950195,0.4001989960670471,0.007079860661178827,0.6434482336044312,0.4023723304271698,0.035563211888074875,0.6337159872055054,0.398701936006546,0.01564011164009571,0.6071824431419373,0.43896666169166565,-0.00291577260941267,0.5873652696609497,0.4653128683567047,-0.011927816085517406,0.5860174894332886,0.4704374670982361,-0.00885479524731636,0.593707263469696,0.4678211212158203,-0.008069610223174095,0.5977038145065308,0.47065579891204834,-0.003166116075590253,0.5913249850273132,0.471342533826828,-0.006250609178096056,0.5952239632606506,0.4727812111377716,-0.0018189351540058851,0.6008363962173462,0.4840208888053894,0.007815198972821236,0.5840320587158203,0.44713667035102844,-0.028858914971351624,0.5851399898529053,0.4391641616821289,-0.03113359585404396,0.6341468691825867,0.3744196891784668,0.0028477476444095373,0.5966783165931702,0.4184862971305847,-0.005689473357051611,0.5956363677978516,0.4437628984451294,-0.014982455410063267,0.5961508750915527,0.4392002522945404,-0.013650847598910332,0.6244558691978455,0.4385596215724945,0.00509908702224493,0.5853702425956726,0.42871391773223877,-0.028599074110388756,0.6225799918174744,0.3658086955547333,-0.008098898455500603,0.6298863887786865,0.36826229095458984,-0.002943645231425762,0.6403230428695679,0.3509790301322937,0.017102671787142754,0.5961601138114929,0.37507370114326477,-0.013867514207959175,0.602475106716156,0.38607057929039,-0.002996547147631645,0.6056160926818848,0.47613653540611267,0.008228258229792118,0.6284196972846985,0.4743669629096985,0.05838518962264061,0.5913189649581909,0.4481329321861267,-0.01278819888830185,0.587034285068512,0.45032694935798645,-0.01286501344293356,0.6020712852478027,0.476670503616333,0.007548286579549313,0.6004783511161804,0.47664663195610046,0.0058807977475225925,0.6330854296684265,0.36111530661582947,-0.0007949649007059634,0.5955057740211487,0.4465383291244507,-0.011591969057917595,0.611835241317749,0.36768221855163574,-0.011975153349339962,0.6132183074951172,0.3598802983760834,-0.013798368163406849,0.6195285320281982,0.3298245370388031,-0.007618285715579987,0.6361877918243408,0.3590283691883087,0.006612087599933147,0.615186333656311,0.3457808494567871,-0.011248918250203133,0.6372184753417969,0.36934641003608704,0.007317238952964544,0.640610933303833,0.371343731880188,0.01750197261571884,0.5868391990661621,0.46827957034111023,-0.010992325842380524,0.5925503969192505,0.46984297037124634,-0.007350732106715441,0.5965695977210999,0.47180864214897156,-0.0029331480618566275,0.5900026559829712,0.44926324486732483,-0.011316293850541115,0.6012850403785706,0.4766579568386078,0.006675473414361477,0.5985709428787231,0.481006920337677,0.0036739541683346033,0.5997257232666016,0.47664427757263184,0.005764323752373457,0.5893992185592651,0.4465233087539673,-0.020686466246843338,0.5939538478851318,0.47329801321029663,-0.000768542755395174,0.5901222229003906,0.4721185266971588,-0.0037919303867965937,0.5851403474807739,0.47157037258148193,-0.006180975120514631,0.5827645659446716,0.5003347396850586,0.001643420779146254,0.5848549604415894,0.49583569169044495,-0.004475314170122147,0.5849500894546509,0.49151062965393066,-0.005749021656811237,0.5846967101097107,0.4874623417854309,-0.005061068572103977,0.5841487050056458,0.4844353497028351,-0.004686051979660988,0.5931114554405212,0.48174139857292175,0.0004298655258025974,0.5941628217697144,0.48291733860969543,-6.265597039600834e-05,0.5953431725502014,0.4849175810813904,-0.0005269923713058233,0.5961021780967712,0.48727142810821533,0.0008182165329344571,0.6006582975387573,0.4651715159416199,-0.001843969919718802,0.6385976076126099,0.4361458122730255,0.06278242915868759,0.5960561633110046,0.4798225462436676,0.0036954297684133053,0.5973764657974243,0.4802367091178894,0.003413147758692503,0.5853046178817749,0.4531897306442261,-0.012653874233365059,0.5935796499252319,0.45051395893096924,-0.0070936535485088825,0.5861144065856934,0.4518262445926666,-0.01293082907795906,0.6024787425994873,0.4232870042324066,-0.003057220485061407,0.6118417978286743,0.4290158152580261,-0.0005111272912472486,0.5968086123466492,0.4423261880874634,-0.010141936130821705,0.6327111124992371,0.33865901827812195,0.004013686906546354,0.6282837390899658,0.3500804603099823,-0.002857392653822899,0.6249715685844421,0.3578363060951233,-0.0079615768045187,0.5961565971374512,0.49058541655540466,0.00550368195399642,0.5987193584442139,0.36327213048934937,-0.01698268949985504,0.6011981964111328,0.34445276856422424,-0.016184663400053978,0.6045770645141602,0.32484889030456543,-0.014524432830512524,0.621434211730957,0.4062192142009735,0.004313773009926081,0.6329663395881653,0.4115200936794281,0.013896523043513298,0.5967010259628296,0.40009811520576477,-0.00019732593500521034,0.6302047371864319,0.38907063007354736,0.006528947502374649,0.5931180715560913,0.41318413615226746,-0.008202931843698025,0.5929736495018005,0.44149598479270935,-0.020820852369070053,0.6381282806396484,0.41859349608421326,0.021153710782527924,0.6294543743133545,0.4183535873889923,0.009191671386361122,0.6225561499595642,0.42189595103263855,0.0038209175691008568,0.6117594838142395,0.42039060592651367,0.0009562824852764606,0.6037778258323669,0.41645821928977966,-0.0010097661288455129,0.5980583429336548,0.4124322533607483,-0.003031591884791851,0.5866315364837646,0.4022560119628906,-0.015429689548909664,0.636174201965332,0.43535271286964417,0.021120255813002586,0.6341618895530701,0.3859228491783142,0.00922621414065361,0.5819205641746521,0.45071035623550415,-0.025897353887557983,0.5955792665481567,0.4264417588710785,-0.007563331630080938,0.644355297088623,0.40021276473999023,0.05455867201089859,0.5939325094223022,0.4081586003303528,-0.004497385583817959,0.5972996354103088,0.44233614206314087,-0.004546286538243294,0.6272541284561157,0.39797887206077576,0.00842772051692009,0.5933481454849243,0.4358441233634949,-0.01913345977663994,0.6343936920166016,0.4550994634628296,0.06217487156391144,0.5969513654708862,0.3978827893733978,0.0007775835692882538,0.5895693898200989,0.431529700756073,-0.02494276501238346,0.6160263419151306,0.492806613445282,0.029246201738715172,0.613987386226654,0.500221848487854,0.0404757596552372,0.6396631598472595,0.4364156126976013,0.04186249524354935,0.6238402128219604,0.4831942319869995,0.035494364798069,0.6423788666725159,0.385830283164978,0.02801482565701008,0.593354344367981,0.5163623094558716,0.01366463303565979,0.5810781121253967,0.45197537541389465,-0.018285203725099564,0.6003192663192749,0.43223583698272705,-0.00486155366525054,0.6376656889915466,0.3991228938102722,0.021528273820877075,0.6162565350532532,0.40326982736587524,0.0015262867091223598,0.6106687784194946,0.4028584957122803,-6.235006731003523e-05,0.599521815776825,0.48203903436660767,0.0047702183946967125,0.6335039734840393,0.4510672390460968,0.024404440075159073,0.5836780667304993,0.5248340368270874,0.015684353187680244,0.5984755754470825,0.5155923962593079,0.026428261771798134,0.6053345799446106,0.5093436241149902,0.032562583684921265,0.6054990887641907,0.40128010511398315,-0.0005501341656781733,0.6008849143981934,0.3990265429019928,-2.1460851712618023e-05,0.5981763005256653,0.39810019731521606,0.0009092254913412035,0.6375317573547363,0.38267645239830017,0.014877152629196644,0.6020858287811279,0.39851343631744385,-0.0016422179760411382,0.6072947382926941,0.40056610107421875,-0.0024013726506382227,0.6125475168228149,0.4018891453742981,-0.0018784450367093086,0.6177292466163635,0.4019746482372284,-6.493753608083352e-05,0.6211974620819092,0.40153706073760986,0.0020445631816983223,0.6454195976257324,0.3815305233001709,0.04334232583642006,0.6201326847076416,0.40266504883766174,0.00349084148183465,0.5954146981239319,0.4613896608352661,-0.005680156406015158,0.591513454914093,0.4472576379776001,-0.01502000167965889,0.5856364369392395,0.4595876634120941,-0.011529581621289253,0.6077948212623596,0.5020357370376587,0.024722110480070114,0.6005749702453613,0.5090433359146118,0.019627178087830544,0.5844558477401733,0.5214707851409912,0.008363019675016403,0.6213705539703369,0.48948487639427185,0.05017503350973129,0.5986566543579102,0.3977639377117157,-0.0002124645106960088,0.58946692943573,0.415796160697937,-0.015999985858798027,0.5915440917015076,0.5211027264595032,0.020010758191347122,0.6357952356338501,0.45364922285079956,0.042655810713768005,0.5891165733337402,0.48335400223731995,-0.0023789573460817337,0.5900813937187195,0.48556071519851685,-0.00284018786624074,0.5908315181732178,0.48872366547584534,-0.0033856008667498827,0.5911799669265747,0.49254968762397766,-0.0021007792092859745,0.5902510285377502,0.496359646320343,0.003042168216779828,0.5982716679573059,0.47453129291534424,0.002325734356418252,0.599509060382843,0.4740845859050751,0.002393962349742651,0.6005428433418274,0.4734814167022705,0.0022838772274553776,0.6043943762779236,0.4700089693069458,0.0030041937716305256,0.6268415451049805,0.45540645718574524,0.012879527173936367,0.589808464050293,0.40719467401504517,-0.011491477489471436,0.5939623117446899,0.39049485325813293,-0.003886346472427249,0.5968756675720215,0.3921670913696289,-0.0014763547806069255,0.5970281362533569,0.47477686405181885,0.002929388778284192,0.6242146492004395,0.4730624556541443,0.023390064015984535,0.5892988443374634,0.3903522491455078,-0.011037982068955898,0.5921483635902405,0.5030773282051086,0.006601201836019754,0.5860108137130737,0.4116249680519104,-0.02038024179637432,0.5923563241958618,0.42857804894447327,-0.014904002659022808,0.5837351083755493,0.5076181888580322,0.0034766732715070248,0.6046184301376343,0.4879831075668335,0.011442722752690315,0.6017543077468872,0.4486360549926758,-0.0021742430981248617,0.5987201929092407,0.49643391370773315,0.009446867741644382,0.6157775521278381,0.4486434757709503,0.0006516498397104442,0.6069331765174866,0.45656949281692505,0.00014093492063693702,0.6190345287322998,0.46079474687576294,0.006506237201392651,0.5846258997917175,0.5156792998313904,0.004742591641843319,0.5949842929840088,0.43272632360458374,-0.010403390973806381,0.6078566908836365,0.49409905076026917,0.017411697655916214,0.6005407571792603,0.502272367477417,0.014349636621773243,0.6101194024085999,0.4785260558128357,0.010924025438725948,0.6301888823509216,0.4639332890510559,0.027684979140758514,0.6163493990898132,0.48067837953567505,0.016618631780147552,0.6309027671813965,0.4692493975162506,0.04187191277742386,0.610532820224762,0.4655895233154297,0.00409673061221838,0.592379629611969,0.4210440516471863,-0.011439541354775429,0.5911626815795898,0.4452582597732544,-0.02188931778073311,0.5938512682914734,0.44652798771858215,-0.015497898682951927,0.5893835425376892,0.4401276409626007,-0.02605587989091873,0.5996140241622925,0.38236767053604126,-0.005943541415035725,0.609774112701416,0.37654921412467957,-0.0065016294829547405,0.6183215379714966,0.37550124526023865,-0.005455608945339918,0.6248871088027954,0.37741559743881226,-0.0024371498730033636,0.6290528774261475,0.3817894756793976,0.001539669232442975,0.6299763321876526,0.39809954166412354,0.011116058565676212,0.6422895789146423,0.41945692896842957,0.03908449411392212,0.625084400177002,0.4111001789569855,0.0072387149557471275,0.6189213991165161,0.4133602976799011,0.003865014761686325,0.611133873462677,0.4129967987537384,0.0012950293021276593,0.6038514971733093,0.4103257656097412,-0.0005567630287259817,0.59845370054245,0.4068874418735504,-0.001007964019663632,0.5949609279632568,0.40406015515327454,-0.0018926786724478006,0.6416940689086914,0.4179931879043579,0.06051253899931908,0.5934692025184631,0.4479992091655731,-0.012576310895383358,0.5891925096511841,0.4234849810600281,-0.0197403933852911,0.5876471400260925,0.44599398970603943,-0.026203233748674393,0.5845668911933899,0.449375718832016,-0.023677103221416473,0.5874834060668945,0.4470612406730652,-0.023421665653586388,0.5920047760009766,0.449887216091156,-0.010463203303515911,0.5835835337638855,0.4502095878124237,-0.025108134374022484,0.5827091336250305,0.45147067308425903,-0.018379641696810722,0.5950352549552917,0.39739495515823364,-6.621126522077248e-05,0.5924133658409119,0.39945682883262634,-0.0033019257243722677,0.5909159183502197,0.40163108706474304,-0.006805277429521084,0.6234228014945984,0.40092572569847107,0.00427550682798028,0.6274078488349915,0.3914295732975006,0.004681591410189867,0.5490953326225281,0.3969619870185852,-0.0012282144743949175,0.5549701452255249,0.3977759778499603,-0.0012282144743949175,0.5496453046798706,0.38936614990234375,-0.0012282144743949175,0.5431774258613586,0.39614444971084595,-0.0012282144743949175,0.5485486388206482,0.4043349325656891,-0.0012282144743949175,0.6117573976516724,0.39991605281829834,0.0011488661402836442,0.6168891787528992,0.4001311659812927,0.0011488661402836442,0.6118745803833008,0.39314720034599304,0.0011488661402836442,0.6065720915794373,0.39961573481559753,0.0011488661402836442,0.6115730404853821,0.4064987301826477,0.0011488661402836442
566.6666666666666,0.5802468657493591,0.4630880653858185,-0.014375584200024605,0.5818148851394653,0.4428999423980713,-0.030245978385210037,0.5808129906654358,0.44968971610069275,-0.015324320644140244,0.5780948400497437,0.41565802693367004,-0.02425430342555046,0.582271933555603,0.43461528420448303,-0.03256689012050629,0.5826249718666077,0.4237051010131836,-0.030793145298957825,0.5833513140678406,0.3971898853778839,-0.016956785693764687,0.541515052318573,0.3914009630680084,0.0036144540645182133,0.5845375061035156,0.3730904459953308,-0.014112960547208786,0.5852823257446289,0.3610014021396637,-0.016051841899752617,0.5875200629234314,0.319973349571228,-0.013186870142817497,0.5800849795341492,0.46579569578170776,-0.013565273024141788,0.579800009727478,0.4683093726634979,-0.011651712469756603,0.5795416235923767,0.46974611282348633,-0.009001742117106915,0.5790922045707703,0.48138776421546936,-0.007357276510447264,0.5789507627487183,0.4849931597709656,-0.007965527474880219,0.5786710381507874,0.4893695116043091,-0.008692419156432152,0.5783018469810486,0.49400976300239563,-0.007204821798950434,0.5777771472930908,0.49730384349823,-0.0009514192934148014,0.5814462900161743,0.4468265771865845,-0.02717687375843525,0.5763868093490601,0.445844441652298,-0.0196139644831419,0.5187069773674011,0.3531677722930908,0.028492966666817665,0.5574160814285278,0.40055716037750244,-0.001900057541206479,0.5512639284133911,0.40057751536369324,-0.0014182180166244507,0.5455415844917297,0.3990153670310974,0.0002031260955845937,0.538379430770874,0.39329251646995544,0.004862381145358086,0.5629324316978455,0.39867207407951355,-0.0009092413238249719,0.5510380864143372,0.3729070723056793,-0.004865844268351793,0.5575414299964905,0.3749770522117615,-0.004786056000739336,0.5447053909301758,0.3734416365623474,-0.0027176698204129934,0.540277898311615,0.37659791111946106,-0.0002771554864011705,0.5326038002967834,0.3969162702560425,0.008130361326038837,0.5574382543563843,0.5046737790107727,0.005668944213539362,0.5396415591239929,0.3890339136123657,0.005605075974017382,0.5151728391647339,0.3897339105606079,0.032998185604810715,0.5263794660568237,0.38890957832336426,0.013583282940089703,0.5518215894699097,0.4315018057823181,-0.004960144404321909,0.5725079774856567,0.46089011430740356,-0.013922800309956074,0.5726091861724854,0.46732771396636963,-0.011030255816876888,0.5646913647651672,0.46287447214126587,-0.010582673363387585,0.5593054890632629,0.4651637077331543,-0.006056549493223429,0.5663818120956421,0.4673272669315338,-0.008802426978945732,0.561481773853302,0.46796444058418274,-0.004625880159437656,0.5525423288345337,0.4773780405521393,0.004331349860876799,0.5773419737815857,0.4422941207885742,-0.029902741312980652,0.577099621295929,0.4342159628868103,-0.03202923759818077,0.5316897630691528,0.36260485649108887,0.001512525836005807,0.5649768710136414,0.41338998079299927,-0.006430257111787796,0.5646037459373474,0.4377925992012024,-0.016766510903835297,0.5642654299736023,0.4333362579345703,-0.015325254760682583,0.5330827832221985,0.4283076226711273,0.002191513543948531,0.5776383280754089,0.42413222789764404,-0.029231004416942596,0.546271562576294,0.3536156117916107,-0.00830794032663107,0.5378692150115967,0.35596123337745667,-0.003660600632429123,0.5256854891777039,0.3384038507938385,0.01650637947022915,0.5721479654312134,0.3672086298465729,-0.01287810318171978,0.5630810260772705,0.3797311782836914,-0.0030148266814649105,0.548477828502655,0.4686620235443115,0.004514629486948252,0.5209648609161377,0.46478304266929626,0.053727421909570694,0.5685151815414429,0.4427802562713623,-0.014347007498145103,0.5727852582931519,0.4455852508544922,-0.014049091376364231,0.5527744889259338,0.46963071823120117,0.004146543797105551,0.554358720779419,0.46996140480041504,0.0026629562489688396,0.5349955558776855,0.34890100359916687,-0.0015436181565746665,0.5640550851821899,0.44069841504096985,-0.01340844202786684,0.5574514269828796,0.3564545810222626,-0.011613890528678894,0.5571439862251282,0.3485778272151947,-0.013334858231246471,0.552054226398468,0.32072529196739197,-0.006442627869546413,0.530110239982605,0.34650811553001404,0.0058664074167609215,0.5549681782722473,0.33683985471725464,-0.010464669205248356,0.5284777879714966,0.3580006957054138,0.00593039533123374,0.5231227278709412,0.35842522978782654,0.016163833439350128,0.5724257230758667,0.4644724428653717,-0.013089503161609173,0.5655099153518677,0.4653204679489136,-0.009898325428366661,0.560335099697113,0.46664664149284363,-0.005777908954769373,0.5696349740028381,0.4441542327404022,-0.012700442224740982,0.5535707473754883,0.46979859471321106,0.0034029290545731783,0.5563837289810181,0.47444021701812744,0.0005480372346937656,0.5551422238349915,0.4701443910598755,0.00259696994908154,0.5712525248527527,0.44119346141815186,-0.022165408357977867,0.5624637603759766,0.46875885128974915,-0.0036212371196597815,0.5672206282615662,0.46848297119140625,-0.006432744674384594,0.5729628205299377,0.46887028217315674,-0.008519940078258514,0.5699052214622498,0.4961531162261963,-0.0008646458154544234,0.570416271686554,0.49227333068847656,-0.0070276642218232155,0.5710870623588562,0.4876836836338043,-0.008248654194176197,0.5718549489974976,0.4833585023880005,-0.00745494244620204,0.5725952982902527,0.48016953468322754,-0.0068370383232831955,0.5623984336853027,0.47594916820526123,-0.002256873995065689,0.5612868666648865,0.4770122170448303,-0.002905879635363817,0.5598423480987549,0.47893261909484863,-0.0035372725687921047,0.5586894154548645,0.4812753200531006,-0.002316667465493083,0.5555878281593323,0.45823153853416443,-0.004610175266861916,0.5141960978507996,0.4248698651790619,0.05932175740599632,0.5811583995819092,0.4482981860637665,-0.019580351188778877,0.5590222477912903,0.47363483905792236,0.0007642069831490517,0.5577278733253479,0.473849356174469,0.00039264431688934565,0.574170708656311,0.4486022889614105,-0.01397343073040247,0.5653830766677856,0.445002943277359,-0.008726821281015873,0.5735528469085693,0.44714733958244324,-0.014155663549900055,0.5581733584403992,0.41711151599884033,-0.004314963240176439,0.5477529764175415,0.42099836468696594,-0.0023149598855525255,0.5629659295082092,0.4363856613636017,-0.011919504962861538,0.5363024473190308,0.3271821141242981,0.004241720773279667,0.5401636958122253,0.3386654555797577,-0.0029000730719417334,0.5446867942810059,0.3457649052143097,-0.008141504600644112,0.556791365146637,0.4845390021800995,0.002141897799447179,0.5714731216430664,0.3545280992984772,-0.015778381377458572,0.5697723627090454,0.3384539484977722,-0.014534151181578636,0.5685405135154724,0.3187817633152008,-0.012336836196482182,0.5408852696418762,0.39667758345603943,0.002667252207174897,0.5255462527275085,0.401467889547348,0.011463949456810951,0.5665566325187683,0.39654025435447693,-0.00028269365429878235,0.5336459279060364,0.3784971535205841,0.004977106116712093,0.5695032477378845,0.40867719054222107,-0.00856764242053032,0.5680698752403259,0.43568742275238037,-0.022354021668434143,0.5199611186981201,0.4065164029598236,0.01817307621240616,0.5291492938995361,0.4076334834098816,0.0066300961188972,0.5364776253700256,0.4116673469543457,0.0015988195082172751,0.5479476451873779,0.4125252962112427,-0.0005817607743665576,0.5568162798881531,0.4106519818305969,-0.001991858473047614,0.56369549036026,0.40763017535209656,-0.003538290737196803,0.5778807401657104,0.39872628450393677,-0.014897522516548634,0.5200843214988708,0.4235098958015442,0.017575351521372795,0.5288642644882202,0.37525880336761475,0.007469442207366228,0.5787619948387146,0.446317583322525,-0.026965634897351265,0.5655292272567749,0.42120882868766785,-0.00869311299175024,0.5128037333488464,0.38798290491104126,0.052180513739585876,0.5689617395401001,0.4036408066749573,-0.004584295209497213,0.5620736479759216,0.43649256229400635,-0.00624305522069335,0.5365869998931885,0.3876681327819824,0.006832013372331858,0.5679668188095093,0.4302636682987213,-0.020515142008662224,0.516511857509613,0.4445846378803253,0.05809015780687332,0.5669097304344177,0.3938598930835724,0.0007385275675915182,0.5727136731147766,0.4263954162597656,-0.02593439631164074,0.534379243850708,0.4844699203968048,0.02458619885146618,0.5348595976829529,0.4925306439399719,0.03560863807797432,0.5148477554321289,0.4245096445083618,0.03821048513054848,0.526512622833252,0.4738306403160095,0.030779199674725533,0.5187847018241882,0.37309426069259644,0.02608703263103962,0.5569522976875305,0.5109017491340637,0.009476300328969955,0.5791223049163818,0.4478277266025543,-0.019270293414592743,0.5597389340400696,0.42611396312713623,-0.006400748621672392,0.5210447907447815,0.38997751474380493,0.019161345437169075,0.5469300746917725,0.39483293890953064,0.00018587519298307598,0.5519458651542664,0.3961675465106964,-0.001123464317061007,0.5552136301994324,0.475336492061615,0.0015180077170953155,0.5208067297935486,0.4397076666355133,0.020390737801790237,0.5662767887115479,0.5207246541976929,0.011795038357377052,0.551114559173584,0.509719967842102,0.021940581500530243,0.5439860224723816,0.5027381777763367,0.02786569856107235,0.5863898396492004,0.3405916094779968,-0.015429504215717316,0.5765066146850586,0.5228871703147888,0.010607114061713219,0.5570756196975708,0.3961680233478546,-0.0012437396217137575,0.5621006488800049,0.3951256573200226,-0.00037580638309009373,0.565301775932312,0.3943873643875122,0.0007810118841007352,0.5246797204017639,0.37271687388420105,0.012996217235922813,0.5615575313568115,0.38971593976020813,-0.0019492099527269602,0.5562606453895569,0.3882106840610504,-0.0029223940800875425,0.5514824390411377,0.3876372277736664,-0.002723723417147994,0.5467391610145569,0.3877868056297302,-0.0011822207598015666,0.5434035658836365,0.38828009366989136,0.0007367759244516492,0.5146620273590088,0.3688744008541107,0.04149192199110985,0.5437065362930298,0.39309945702552795,0.0020376683678478003,0.5803903937339783,0.4552050530910492,-0.013513723388314247,0.5619667768478394,0.4552231729030609,-0.007986487820744514,0.5686017870903015,0.44177642464637756,-0.016474580392241478,0.5728456974029541,0.45472848415374756,-0.013120388612151146,0.5838096141815186,0.38523590564727783,-0.013566327281296253,0.5425726771354675,0.4947514533996582,0.020189059898257256,0.5497817993164062,0.5026323795318604,0.015239392407238483,0.565872073173523,0.5171987414360046,0.004592140670865774,0.527432382106781,0.4808483123779297,0.045298926532268524,0.5652748942375183,0.39203161001205444,-0.00033416159567423165,0.5736607909202576,0.4114183783531189,-0.01624910533428192,0.5767125487327576,0.5191551446914673,0.003667097771540284,0.5582236647605896,0.5160136222839355,0.015716860070824623,0.5167151689529419,0.4424218535423279,0.03847097232937813,0.5670552253723145,0.4782423973083496,-0.004850271623581648,0.5659069418907166,0.48045238852500916,-0.005546048749238253,0.5647476315498352,0.48370152711868286,-0.006221415009349585,0.5638320446014404,0.4876946806907654,-0.005035370588302612,0.5624343752861023,0.49118462204933167,-4.661503771785647e-05,0.5574793815612793,0.46886712312698364,-0.0007006898522377014,0.5563006401062012,0.4681195616722107,-0.0007507147383876145,0.5553458333015442,0.46726539731025696,-0.0009294503252021968,0.5506927371025085,0.46256914734840393,-0.0002942564897239208,0.52800053358078,0.4448838531970978,0.00913999043405056,0.57381671667099,0.4031376242637634,-0.0113611351698637,0.5712873935699463,0.38602912425994873,-0.0034189929720014334,0.5678901076316833,0.3876730501651764,-0.0013067858526483178,0.5585964322090149,0.46937501430511475,-0.00011990214989054948,0.5281453728675842,0.4632699489593506,0.019026529043912888,0.5763835906982422,0.38545486330986023,-0.010284611023962498,0.559585690498352,0.4977511763572693,0.0032296194694936275,0.582844078540802,0.41487541794776917,-0.026011966168880463,0.5779277682304382,0.40781068801879883,-0.02015620470046997,0.583061695098877,0.40660929679870605,-0.021359948441386223,0.5692647099494934,0.42344626784324646,-0.01584637351334095,0.5770577192306519,0.5131222605705261,0.00023586381576023996,0.5774179697036743,0.5048807859420776,-0.00035386174567975104,0.5680563449859619,0.5034672617912292,0.0004951775772497058,0.5480558276176453,0.48075422644615173,0.007612107787281275,0.5565307140350342,0.44198235869407654,-0.004254213534295559,0.5533735752105713,0.4901637136936188,0.005810644011944532,0.541431725025177,0.43960875272750854,-0.002146946033462882,0.549965500831604,0.4488380551338196,-0.002525048330426216,0.536212146282196,0.4512427747249603,0.002967782784253359,0.5663657188415527,0.5113828778266907,0.0012820435222238302,0.5657352805137634,0.4273364245891571,-0.01170021016150713,0.5438506007194519,0.4865817427635193,0.013160904869437218,0.5508146286010742,0.49580663442611694,0.01027829572558403,0.5433586835861206,0.4703702926635742,0.00692884111776948,0.5225567817687988,0.45326292514801025,0.023313047364354134,0.536196231842041,0.47188112139701843,0.012341456487774849,0.520155131816864,0.4588788151741028,0.037253089249134064,0.5447661876678467,0.45717936754226685,0.0008070137118920684,0.5697353482246399,0.4162504971027374,-0.012155241332948208,0.5696457028388977,0.43964383006095886,-0.023415206000208855,0.5662312507629395,0.4407232105731964,-0.017168940976262093,0.5723798871040344,0.43469342589378357,-0.027265336364507675,0.566979169845581,0.37566545605659485,-0.005621850024908781,0.5575500726699829,0.36761176586151123,-0.00653199153020978,0.5491460561752319,0.3651910126209259,-0.005913054570555687,0.5419846773147583,0.3664664030075073,-0.003362211398780346,0.536702573299408,0.3705858886241913,0.0002784905373118818,0.5320672392845154,0.38811177015304565,0.009357755072414875,0.5141867995262146,0.40704548358917236,0.035893604159355164,0.5355378985404968,0.40106654167175293,0.005273592658340931,0.5414028167724609,0.40429574251174927,0.0021782387048006058,0.5493655800819397,0.40587103366851807,-1.0877254226215882e-06,0.5572290420532227,0.40517833828926086,-0.0014360641362145543,0.563630223274231,0.4029483497142792,-0.0013340867590159178,0.5679948925971985,0.40048807859420776,-0.0019426915096119046,0.5131813287734985,0.40623795986175537,0.0576266348361969,0.5661497712135315,0.4423946142196655,-0.014237063005566597,0.5734946727752686,0.41876789927482605,-0.02036239206790924,0.5735553503036499,0.44075819849967957,-0.027461934834718704,0.5760749578475952,0.44470474123954773,-0.024810003116726875,0.5733587145805359,0.4419249892234802,-0.024704059585928917,0.567310094833374,0.44456610083580017,-0.011987145058810711,0.5770686864852905,0.4456116855144501,-0.02622041665017605,0.5775021314620972,0.447158545255661,-0.019419295713305473,0.5689507126808167,0.3938443958759308,6.77956486470066e-05,0.5715321898460388,0.3958262801170349,-0.0029993541538715363,0.5731043815612793,0.3971831202507019,-0.0064193690195679665,0.5412798523902893,0.3886944055557251,0.0028905882500112057,0.5371091365814209,0.3808367848396301,0.0031803715974092484,0.5873347520828247,0.4164174199104309,-0.02388942614197731,0.6240115165710449,0.3986680805683136,0.006291551515460014,0.5859823822975159,0.44647473096847534,-0.019314128905534744,0.6461468935012817,0.3649265766143799,0.032730165868997574,0.606660008430481,0.403225302696228,-0.00020803896768484265,0.6123884916305542,0.40467384457588196,0.0006545371143147349,0.6180218458175659,0.4047713577747345,0.002602776512503624,0.6261199712753296,0.40074458718299866,0.007682533469051123,0.6020631790161133,0.4006291627883911,0.00039325052057392895,0.61712247133255,0.37902548909187317,-0.0027253995649516582,0.6106092929840088,0.38015034794807434,-0.0031209085136651993,0.6231288909912109,0.3802938461303711,-0.00021343019034247845,0.626866340637207,0.38392189145088196,0.0024177345912903547,0.6299005746841431,0.40505287051200867,0.011189412325620651,0.5964401960372925,0.5074266195297241,0.006930672563612461,0.6262039542198181,0.3969840705394745,0.00839747954159975,0.6455934643745422,0.4012029469013214,0.03721792250871658,0.6357128620147705,0.3973769247531891,0.017037970945239067,0.6097206473350525,0.43628206849098206,-0.0032384509686380625,0.5879037976264954,0.46209222078323364,-0.013435403816401958,0.5867441892623901,0.46846163272857666,-0.010597417131066322,0.5949419140815735,0.4650620222091675,-0.009618662297725677,0.5995307564735413,0.46812766790390015,-0.004714990966022015,0.5925021767616272,0.4693707227706909,-0.007966299541294575,0.5969454050064087,0.4707280993461609,-0.0034810451325029135,0.6033620238304138,0.48088744282722473,0.006018137093633413,0.5861754417419434,0.44296497106552124,-0.02964676544070244,0.5872112512588501,0.4349841773509979,-0.0317421592772007,0.636125385761261,0.3706056475639343,0.004744717851281166,0.5988789200782776,0.4162462055683136,-0.005275264382362366,0.5977112054824829,0.4402717351913452,-0.015637202188372612,0.598247230052948,0.43592482805252075,-0.0141781410202384,0.627436101436615,0.43623343110084534,0.005017634015530348,0.5873819589614868,0.4248676002025604,-0.028862865641713142,0.6243243217468262,0.36141642928123474,-0.006102203391492367,0.6317095160484314,0.36382800340652466,-0.000894518569111824,0.6422567963600159,0.3494364619255066,0.020277827978134155,0.5982125401496887,0.3722832500934601,-0.012163671664893627,0.6047731041908264,0.38374900817871094,-0.001672058249823749,0.6081172823905945,0.47284385561943054,0.00657684076577425,0.6312163472175598,0.4733690023422241,0.05773910880088806,0.5933545231819153,0.4445742964744568,-0.013509389944374561,0.5890204310417175,0.4467122554779053,-0.013626922853291035,0.6051616072654724,0.47372815012931824,0.005954108200967312,0.6035619974136353,0.4738149344921112,0.004296394996345043,0.6351175308227539,0.35670626163482666,0.0014545703306794167,0.5975902676582336,0.44318726658821106,-0.012302311137318611,0.613635778427124,0.3639344871044159,-0.010111851617693901,0.6149781942367554,0.3560011386871338,-0.011759281158447266,0.6211736798286438,0.3275430202484131,-0.004376071970909834,0.6382611393928528,0.356766939163208,0.0092545785009861,0.6170000433921814,0.34306058287620544,-0.0085974195972085,0.6394492387771606,0.36619025468826294,0.009424888528883457,0.6427441835403442,0.3695254325866699,0.019961003214120865,0.5874921679496765,0.4656725227832794,-0.012631746008992195,0.5937707424163818,0.46747156977653503,-0.009006799198687077,0.5983451008796692,0.4695078432559967,-0.004558664280921221,0.5920081734657288,0.4457310140132904,-0.012005736120045185,0.6043546199798584,0.4737793207168579,0.005098653957247734,0.6011836528778076,0.47794365882873535,0.0019962037913501263,0.6028010845184326,0.4738629460334778,0.004193433094769716,0.5914831161499023,0.44269314408302307,-0.021389702335000038,0.5956438779830933,0.47139009833335876,-0.0025154438335448503,0.5912942886352539,0.4704255163669586,-0.005619783420115709,0.5859552025794983,0.4699215888977051,-0.008067429065704346,0.5854218602180481,0.49726444482803345,-0.00044257607078179717,0.5860610604286194,0.4934292137622833,-0.006523603107780218,0.5861022472381592,0.4887867569923401,-0.007729543838649988,0.5858774185180664,0.4844231605529785,-0.006938949692994356,0.58540940284729,0.48117196559906006,-0.006354803219437599,0.5952081680297852,0.4784781336784363,-0.0011469970922917128,0.5962647199630737,0.4797103703022003,-0.0017765340162441134,0.5975011587142944,0.4818127751350403,-0.0023516227956861258,0.598334789276123,0.4842727780342102,-0.001044931006617844,0.6030789017677307,0.4616796672344208,-0.003091622842475772,0.6410588026046753,0.4355575144290924,0.06363868713378906,0.5985548496246338,0.4767184853553772,0.0021548739168792963,0.5999120473861694,0.47715380787849426,0.001779247890226543,0.5873717665672302,0.44954872131347656,-0.01356761995702982,0.5956582427024841,0.4472056031227112,-0.0078680869191885,0.5881360769271851,0.44819942116737366,-0.013751164078712463,0.6049333214759827,0.42107677459716797,-0.0027982182800769806,0.6145460605621338,0.42668962478637695,-0.0003346189623698592,0.5989440679550171,0.4391540288925171,-0.010724479332566261,0.6345512270927429,0.3367021381855011,0.007263491861522198,0.6302806735038757,0.34751778841018677,-0.00019161080126650631,0.6268292665481567,0.35340416431427,-0.0057769231498241425,0.5987861156463623,0.4874764382839203,0.0035657763946801424,0.6006995439529419,0.3603043556213379,-0.015010480768978596,0.6028135418891907,0.34174901247024536,-0.013551044277846813,0.605997622013092,0.32246699929237366,-0.011290696449577808,0.6230186223983765,0.403596431016922,0.0053401305340230465,0.6348494291305542,0.41033878922462463,0.014856346882879734,0.5992559194564819,0.39835596084594727,0.0008856800268404186,0.6321071982383728,0.38623136281967163,0.008070457726716995,0.5951647162437439,0.4108530879020691,-0.007644736208021641,0.5950565934181213,0.437756210565567,-0.02143014781177044,0.6406810879707336,0.41693201661109924,0.022011710330843925,0.6313244700431824,0.41659918427467346,0.009845097549259663,0.6244191527366638,0.41959887742996216,0.0042902566492557526,0.6136685013771057,0.4179385006427765,0.0014482199912890792,0.6057548522949219,0.4140528440475464,-0.00046190907596610487,0.6000423431396484,0.4099871516227722,-0.002362160012125969,0.5884553790092468,0.3996618092060089,-0.014523720368742943,0.6390299201011658,0.43354856967926025,0.021371271461248398,0.636169970035553,0.3835976719856262,0.010907315649092197,0.5840587615966797,0.44667959213256836,-0.02675819583237171,0.5977380275726318,0.4238240122795105,-0.007535106036812067,0.6464229822158813,0.3997180461883545,0.05668247491121292,0.5959152579307556,0.40548980236053467,-0.0036715902388095856,0.5994827151298523,0.43938499689102173,-0.005072286818176508,0.628852367401123,0.39531397819519043,0.00977997574955225,0.5954135656356812,0.43237265944480896,-0.019571896642446518,0.6370388865470886,0.4543655216693878,0.06233188137412071,0.5995815992355347,0.39591750502586365,0.0019811673555523157,0.5916052460670471,0.4278438091278076,-0.025281045585870743,0.6189002394676208,0.4907103478908539,0.027436258271336555,0.6168653964996338,0.49840646982192993,0.038649652153253555,0.6422519683837891,0.43513861298561096,0.042358025908470154,0.6267950534820557,0.4814344346523285,0.034118734300136566,0.6444875597953796,0.38444945216178894,0.030150869861245155,0.5961701273918152,0.5136374235153198,0.010806548409163952,0.5831974148750305,0.448102205991745,-0.01914883404970169,0.6026495099067688,0.429629921913147,-0.005015695933252573,0.6395763754844666,0.39871957898139954,0.022971978411078453,0.6178654432296753,0.40033698081970215,0.0025474284775555134,0.6127175092697144,0.4001582860946655,0.000931191782001406,0.6022035479545593,0.4790041446685791,0.0030536435078829527,0.6365295648574829,0.44922226667404175,0.024054810404777527,0.5864899754524231,0.5220270156860352,0.012588683515787125,0.6012861132621765,0.5131220817565918,0.023877277970314026,0.6081445813179016,0.5071666836738586,0.030327625572681427,0.6078830361366272,0.39895328879356384,0.0004846883239224553,0.6035008430480957,0.3971628248691559,0.0010890058474615216,0.6008443236351013,0.3963104486465454,0.002106280764564872,0.6396867036819458,0.3811778724193573,0.016699381172657013,0.6046930551528931,0.39480701088905334,-0.00041498502832837403,0.6096785664558411,0.3954640030860901,-0.001134934718720615,0.6144283413887024,0.39627593755722046,-0.0006195501191541553,0.6191484928131104,0.39676186442375183,0.0012067907955497503,0.6224067807197571,0.3969893753528595,0.003299579955637455,0.6473982334136963,0.3808319568634033,0.04596859589219093,0.6214340925216675,0.39966878294944763,0.004599337466061115,0.5977169871330261,0.4578007459640503,-0.006791183724999428,0.5935634970664978,0.44361498951911926,-0.0156692061573267,0.5878094434738159,0.4558117985725403,-0.012623732909560204,0.6105879545211792,0.4996875822544098,0.022509269416332245,0.6033682823181152,0.5064843893051147,0.01706637814640999,0.5872647166252136,0.5186303853988647,0.005290428176522255,0.6242481470108032,0.48808711767196655,0.04889742285013199,0.6012378334999084,0.3952491283416748,0.0010215049842372537,0.591442883014679,0.41289567947387695,-0.01562604121863842,0.5943495035171509,0.51839679479599,0.017133967950940132,0.6385679841041565,0.4523043632507324,0.042509209364652634,0.59074866771698,0.4800589680671692,-0.003998999483883381,0.5916842818260193,0.4824059307575226,-0.004636846948415041,0.5924571752548218,0.4857618510723114,-0.005288580898195505,0.5928624272346497,0.48981940746307373,-0.004056260921061039,0.5929189920425415,0.49325865507125854,0.0010207563173025846,0.600671112537384,0.4722133278846741,0.0007434787694364786,0.6019379496574402,0.4716363549232483,0.0008237042929977179,0.6029989719390869,0.4708949327468872,0.000734591216314584,0.6069006323814392,0.46658241748809814,0.0015970428939908743,0.6299371719360352,0.4531717300415039,0.01223656628280878,0.5917332172393799,0.40471142530441284,-0.010741403326392174,0.596324622631073,0.38834381103515625,-0.002575007500126958,0.5992840528488159,0.3901999592781067,-0.00015622029604855925,0.5993708372116089,0.47256720066070557,0.0012874865205958486,0.6272405982017517,0.47095587849617004,0.02220185101032257,0.591400682926178,0.3876242935657501,-0.00976492092013359,0.5949532389640808,0.5002108216285706,0.0043234857730567455,0.587890625,0.4086301624774933,-0.019844170659780502,0.5944546461105347,0.4254865050315857,-0.01499418169260025,0.5865046977996826,0.5047311186790466,0.0009816692909225821,0.6072027087211609,0.48506128787994385,0.00954087171703577,0.6040459871292114,0.44567209482192993,-0.0028152454178780317,0.6014131903648376,0.4935781955718994,0.00733318692073226,0.6186010241508484,0.44593074917793274,5.9440139011712745e-05,0.6094565391540527,0.4535367786884308,-0.0007322509773075581,0.6219530701637268,0.4581269919872284,0.005507985129952431,0.5874396562576294,0.5128405094146729,0.001912636449560523,0.597129762172699,0.42980414628982544,-0.010637914761900902,0.610576331615448,0.491472065448761,0.015371291898190975,0.6032907366752625,0.49958425760269165,0.011976012028753757,0.6127210259437561,0.47554489970207214,0.009272538125514984,0.6332442760467529,0.46208053827285767,0.02688797004520893,0.6191668510437012,0.4781598448753357,0.015040955506265163,0.6337899565696716,0.4677884876728058,0.04109194874763489,0.6131709814071655,0.46249887347221375,0.0029193847440183163,0.5944372415542603,0.41829365491867065,-0.011236993595957756,0.5932513475418091,0.4414122998714447,-0.02256190963089466,0.5959194898605347,0.44292914867401123,-0.01621324196457863,0.5914433598518372,0.43613192439079285,-0.0266238022595644,0.601862370967865,0.37986892461776733,-0.004469790030270815,0.6117503046989441,0.3734358847141266,-0.004882129840552807,0.6200819611549377,0.3719431459903717,-0.003800797974690795,0.6266452670097351,0.37374797463417053,-0.0007827167282812297,0.6308968663215637,0.3782443404197693,0.0031916217412799597,0.631830632686615,0.3959972858428955,0.012510052882134914,0.6446475982666016,0.4182452857494354,0.04015567898750305,0.626905620098114,0.4089592695236206,0.008134464733302593,0.6208662986755371,0.41104480624198914,0.004669152200222015,0.6132164597511292,0.41062891483306885,0.002039385726675391,0.6061006784439087,0.4081493020057678,0.00015292638272512704,0.6007692813873291,0.40491366386413574,-0.00014159729471430182,0.5972599983215332,0.40202146768569946,-0.0009768049931153655,0.6439546942710876,0.4175138771533966,0.062057580798864365,0.5955265164375305,0.4445151388645172,-0.013299993239343166,0.591217041015625,0.42019641399383545,-0.019719302654266357,0.589731752872467,0.4419335126876831,-0.026932310312986374,0.5866180062294006,0.4454241394996643,-0.024489738047122955,0.5895597338676453,0.4431172013282776,-0.02415015920996666,0.594052255153656,0.4464510381221771,-0.011214991100132465,0.5856860876083374,0.4461994469165802,-0.025960808619856834,0.5847656726837158,0.4476117193698883,-0.019217589870095253,0.5975422263145447,0.3955734968185425,0.0011072178604081273,0.5947083830833435,0.39724811911582947,-0.00222181249409914,0.5929601788520813,0.39881813526153564,-0.00578437140211463,0.6245480179786682,0.397042840719223,0.00556796882301569,0.6291965842247009,0.388375848531723,0.006046653725206852,0.5525835156440735,0.3915824890136719,0.0002959535922855139,0.5583820343017578,0.3921814560890198,0.0002959535922855139,0.5531272888183594,0.3844088912010193,0.0002959535922855139,0.5467446446418762,0.3909105956554413,0.0002959535922855139,0.5520331263542175,0.3985917568206787,0.0002959535922855139,0.6127198934555054,0.3973141610622406,0.0023346564266830683,0.6182496547698975,0.39783743023872375,0.0023346564266830683,0.612931489944458,0.3909807801246643,0.0023346564266830683,0.6072016954421997,0.3967702388763428,0.0023346564266830683,0.6125236749649048,0.40348929166793823,0.0023346564266830683
600.0,0.5810957551002502,0.4626808762550354,-0.01454684417694807,0.5817317366600037,0.4418741762638092,-0.03035878762602806,0.5807583928108215,0.4490428864955902,-0.015417245216667652,0.5779742002487183,0.41457924246788025,-0.024289732798933983,0.5821899771690369,0.43355655670166016,-0.032669443637132645,0.5825403332710266,0.4226376712322235,-0.03087254986166954,0.5832642316818237,0.396022230386734,-0.016914214938879013,0.5419100522994995,0.39145779609680176,0.0036547095514833927,0.5844345092773438,0.37207430601119995,-0.014032026752829552,0.5851774215698242,0.36005282402038574,-0.015940772369503975,0.5874136090278625,0.3196539878845215,-0.012884359806776047,0.580910325050354,0.4653794467449188,-0.013726729899644852,0.5805980563163757,0.46786558628082275,-0.011796854436397552,0.5802968144416809,0.46929606795310974,-0.009099418297410011,0.5797029137611389,0.48112091422080994,-0.007490362506359816,0.5795739889144897,0.4847669005393982,-0.008068892173469067,0.579279899597168,0.48924070596694946,-0.00878608413040638,0.5788775086402893,0.4939647614955902,-0.007262971717864275,0.5776832103729248,0.49782827496528625,-0.0009442978771403432,0.5813630819320679,0.4458860754966736,-0.027284517884254456,0.5762814283370972,0.4450172185897827,-0.019696345552802086,0.5192843079566956,0.35297518968582153,0.02857361175119877,0.5580450296401978,0.4003758430480957,-0.0018131356919184327,0.5519616603851318,0.40055710077285767,-0.0013566160341724753,0.54625403881073,0.39905983209609985,0.00024269864661619067,0.5389295816421509,0.39320963621139526,0.004883949179202318,0.5634488463401794,0.39833855628967285,-0.0008446762803941965,0.5515210628509521,0.37237662076950073,-0.0047841365449130535,0.5579744577407837,0.37442582845687866,-0.004694194067269564,0.5452539324760437,0.37298643589019775,-0.0026706529315561056,0.5408709049224854,0.3762268126010895,-0.0002414379850961268,0.5333764553070068,0.39665931463241577,0.008118071593344212,0.5570806860923767,0.5048951506614685,0.005696672014892101,0.5400095582008362,0.3890353739261627,0.005629196763038635,0.5155012607574463,0.3893735706806183,0.032971303910017014,0.527045726776123,0.3882921636104584,0.013570350594818592,0.5518208742141724,0.430958092212677,-0.004946681205183268,0.5731863379478455,0.46057069301605225,-0.01407242938876152,0.573226809501648,0.4669437110424042,-0.01115530263632536,0.5651137828826904,0.46268635988235474,-0.01070412714034319,0.5595505833625793,0.46514591574668884,-0.006171205546706915,0.5667885541915894,0.467038631439209,-0.008913518860936165,0.561732292175293,0.4678214192390442,-0.004730294458568096,0.5523650050163269,0.4778088331222534,0.004250055644661188,0.5772295594215393,0.44127002358436584,-0.030013222247362137,0.5769540071487427,0.43318334221839905,-0.03213271126151085,0.53220134973526,0.3619631230831146,0.001517982454970479,0.5648671984672546,0.4125223159790039,-0.006408760789781809,0.5643936395645142,0.43710586428642273,-0.0168127603828907,0.5640615224838257,0.4326511025428772,-0.01535565871745348,0.5332597494125366,0.4278554916381836,0.0021572329569607973,0.5775043964385986,0.4230893552303314,-0.02930455468595028,0.5466752052307129,0.3532577157020569,-0.008295745588839054,0.5383393168449402,0.35546645522117615,-0.003672294318675995,0.526191234588623,0.3381970226764679,0.016647284850478172,0.5723024010658264,0.3670188784599304,-0.012814159505069256,0.5634508728981018,0.3792198896408081,-0.00290426192805171,0.5484118461608887,0.4690062701702118,0.004448696970939636,0.5210599303245544,0.4646664261817932,0.053575433790683746,0.5683161020278931,0.44210270047187805,-0.0143720218911767,0.5726131200790405,0.44496381282806396,-0.014127424918115139,0.5528231263160706,0.4700620174407959,0.004050115123391151,0.5544263124465942,0.47031688690185547,0.00255849352106452,0.535334587097168,0.3481214940547943,-0.0015264026587828994,0.5638536810874939,0.4401818811893463,-0.013458888046443462,0.5577400326728821,0.3562732934951782,-0.011568531394004822,0.5573477149009705,0.3482551872730255,-0.013264943845570087,0.5522772073745728,0.32048457860946655,-0.006166063714772463,0.5304579138755798,0.34614479541778564,0.005958022084087133,0.5550552010536194,0.33634689450263977,-0.01029470656067133,0.5287912487983704,0.3570244014263153,0.005953502841293812,0.5235544443130493,0.3580726087093353,0.016242090612649918,0.5730739235877991,0.46412399411201477,-0.013231323100626469,0.5659295916557312,0.4650803506374359,-0.010022896341979504,0.5605883598327637,0.4665698707103729,-0.00588984927162528,0.5694519281387329,0.44355490803718567,-0.012764351442456245,0.5536258816719055,0.4701889455318451,0.0032971089240163565,0.5564408302307129,0.47477129101753235,0.00043928250670433044,0.5552160739898682,0.47046414017677307,0.002486222190782428,0.5710978507995605,0.44026926159858704,-0.022231057286262512,0.5626968741416931,0.46857714653015137,-0.003707371884956956,0.5676100850105286,0.46815624833106995,-0.006514842621982098,0.5735446810722351,0.4684646427631378,-0.00860198587179184,0.5697256326675415,0.496677041053772,-0.0008607906638644636,0.570841908454895,0.4923354685306549,-0.007084384094923735,0.5715622901916504,0.4876505136489868,-0.008328219875693321,0.5723488926887512,0.4832291603088379,-0.007545012980699539,0.5730977654457092,0.4799986481666565,-0.006954709067940712,0.5626009106636047,0.4760684669017792,-0.0023656394332647324,0.5614584684371948,0.47718608379364014,-0.0029965394642204046,0.5599834322929382,0.4791812598705292,-0.0036192575935274363,0.5587828755378723,0.4815930426120758,-0.002394455950707197,0.5556224584579468,0.45817744731903076,-0.004719507414847612,0.5144038796424866,0.42462170124053955,0.05917661264538765,0.5810791850090027,0.44746893644332886,-0.019667036831378937,0.5591335296630859,0.4738573729991913,0.0006525407079607248,0.5578141808509827,0.47411978244781494,0.0002867760485969484,0.5740288496017456,0.44804757833480835,-0.014062728732824326,0.5652244687080383,0.4446379542350769,-0.008787172846496105,0.5733932256698608,0.4465533494949341,-0.014238955453038216,0.5581063032150269,0.41636571288108826,-0.004293580073863268,0.5477821230888367,0.4203934669494629,-0.0023259855806827545,0.562781810760498,0.43582233786582947,-0.011949296109378338,0.5366856455802917,0.32696497440338135,0.004438832867890596,0.5403956174850464,0.33827316761016846,-0.002775078173726797,0.5449604988098145,0.3451921343803406,-0.00807938538491726,0.5566114783287048,0.484964519739151,0.0020828477572649717,0.5715265274047852,0.35426652431488037,-0.015693344175815582,0.5697605609893799,0.33788949251174927,-0.014330370351672173,0.5686019659042358,0.31851863861083984,-0.01202368550002575,0.5415107011795044,0.396692156791687,0.0026966212317347527,0.5264869332313538,0.4011596441268921,0.011442244984209538,0.5669983625411987,0.39618945121765137,-0.00020468579896260053,0.5342556238174438,0.3780580163002014,0.004985233768820763,0.5693762302398682,0.40771108865737915,-0.008549756370484829,0.567876935005188,0.43479862809181213,-0.022408753633499146,0.5201214551925659,0.40601855516433716,0.01811165176331997,0.5302900671958923,0.40758293867111206,0.0066094729118049145,0.5377073287963867,0.41170793771743774,0.0016034452710300684,0.5490397214889526,0.4124324321746826,-0.0005759979248978198,0.5577331781387329,0.4104252755641937,-0.0019602018874138594,0.5644208788871765,0.40732938051223755,-0.003503466257825494,0.5777695178985596,0.39758092164993286,-0.014860894531011581,0.5202868580818176,0.42307248711586,0.017487887293100357,0.5294108986854553,0.374581515789032,0.0074929106049239635,0.5786668062210083,0.44538190960884094,-0.027070213109254837,0.5654063820838928,0.42040637135505676,-0.008676080964505672,0.5132147073745728,0.38780561089515686,0.052097298204898834,0.5695641040802002,0.4033818244934082,-0.004549939651042223,0.5619214177131653,0.4359935522079468,-0.006254569161683321,0.5371235013008118,0.38744422793388367,0.006840075366199017,0.5677741765975952,0.4293998181819916,-0.02055227756500244,0.5166724324226379,0.444344162940979,0.05792980641126633,0.5672645568847656,0.39354386925697327,0.000832002202514559,0.5725446939468384,0.4254116117954254,-0.025995593518018723,0.5343595743179321,0.48445191979408264,0.024542000144720078,0.5347259044647217,0.4926128387451172,0.03553927317261696,0.5150770545005798,0.4240965247154236,0.03811259567737579,0.5266764163970947,0.4736659526824951,0.030708439648151398,0.5191935896873474,0.37273189425468445,0.026124710217118263,0.5565247535705566,0.5111170411109924,0.009487718343734741,0.5790359973907471,0.4470004439353943,-0.019357088953256607,0.55965256690979,0.4254721999168396,-0.006382275372743607,0.5215615034103394,0.38911348581314087,0.019146757200360298,0.5474861860275269,0.3949853181838989,0.0002539504203014076,0.5525395274162292,0.39622175693511963,-0.0010464612860232592,0.5552449226379395,0.47573167085647583,0.0014134006341919303,0.5210971832275391,0.4393172562122345,0.020311744883656502,0.5658694505691528,0.5210490226745605,0.011859572492539883,0.5506129264831543,0.5100197196006775,0.021962611004710197,0.5436169505119324,0.5029518008232117,0.02785116247832775,0.5862663984298706,0.3399983048439026,-0.015205461531877518,0.5762853622436523,0.5231696367263794,0.010658555664122105,0.557618260383606,0.39604082703590393,-0.0011600027792155743,0.5625560283660889,0.39482831954956055,-0.00028980031493119895,0.565703809261322,0.394051194190979,0.0008681254694238305,0.5250133275985718,0.3716617226600647,0.0130155049264431,0.5619271993637085,0.389685720205307,-0.0018347196746617556,0.5566747188568115,0.38847213983535767,-0.0028339300770312548,0.5518947839736938,0.3880985677242279,-0.0026427190750837326,0.5471205115318298,0.3882017135620117,-0.0011194339022040367,0.5437784790992737,0.3885469436645508,0.0007911862339824438,0.5152069330215454,0.36868542432785034,0.0414862222969532,0.5441702604293823,0.3932208716869354,0.0020927092991769314,0.5803705453872681,0.4547807574272156,-0.013634874485433102,0.5619078874588013,0.45505475997924805,-0.008091874420642853,0.5684043169021606,0.4410116970539093,-0.016523731872439384,0.5727794170379639,0.4543861448764801,-0.013233263045549393,0.5837110877037048,0.3841559886932373,-0.013479740358889103,0.54229736328125,0.4948761463165283,0.02015850879251957,0.5493749976158142,0.5028224587440491,0.015230121091008186,0.5655174851417542,0.5174359083175659,0.004636228550225496,0.5274359583854675,0.48084065318107605,0.04517526552081108,0.5656317472457886,0.3918359875679016,-0.0002356543263886124,0.5735242962837219,0.4103862941265106,-0.01624457910656929,0.5765318274497986,0.519350528717041,0.00372271123342216,0.5577240586280823,0.5163451433181763,0.01576255075633526,0.5169658660888672,0.4420524835586548,0.038372330367565155,0.5674094557762146,0.4782103896141052,-0.004962563514709473,0.5662396550178528,0.48047497868537903,-0.005632289685308933,0.565052330493927,0.48381325602531433,-0.006291830912232399,0.5640899538993835,0.4878913164138794,-0.005098690278828144,0.562225878238678,0.4916366934776306,-8.125275780912489e-05,0.557603657245636,0.4689321517944336,-0.0008066494483500719,0.5564200282096863,0.4682403802871704,-0.000862846034578979,0.5554571747779846,0.46743038296699524,-0.0010390254901722074,0.5507473349571228,0.4627334475517273,-0.0003793425566982478,0.5283175706863403,0.44452205300331116,0.009106873534619808,0.5736962556838989,0.402077317237854,-0.011334341950714588,0.5715185403823853,0.3856443762779236,-0.003295515663921833,0.5681874752044678,0.38722869753837585,-0.0012182361679151654,0.5587122440338135,0.4693840742111206,-0.00021517860295716673,0.5284070372581482,0.4630633592605591,0.018984120339155197,0.5766810774803162,0.3851708173751831,-0.010178010910749435,0.5593150854110718,0.4980573356151581,0.0032495707273483276,0.5827592611312866,0.4137709438800812,-0.02605242282152176,0.577803909778595,0.40668824315071106,-0.020149700343608856,0.5829758048057556,0.4054602086544037,-0.021352605894207954,0.5691217184066772,0.4225596785545349,-0.015853671357035637,0.5769062638282776,0.5133342146873474,0.0002990795474033803,0.5772954821586609,0.5052144527435303,-0.0002959312405437231,0.5678194761276245,0.5038127899169922,0.0005500111728906631,0.5478468537330627,0.48100900650024414,0.007564432919025421,0.5564399361610413,0.44160282611846924,-0.004277014173567295,0.5530937910079956,0.49045833945274353,0.005786777473986149,0.541598379611969,0.43918073177337646,-0.0021396041847765446,0.5500174760818481,0.4485652446746826,-0.002560495166108012,0.5364449620246887,0.4509738087654114,0.0029751586262136698,0.5660620331764221,0.5116238594055176,0.001332357875071466,0.5655815601348877,0.426583856344223,-0.011705064214766026,0.5436105728149414,0.48673397302627563,0.013127661310136318,0.5504710674285889,0.4960070252418518,0.010281302034854889,0.5433099269866943,0.4705122709274292,0.00689369672909379,0.5228611826896667,0.4529514014720917,0.023251118138432503,0.5362522602081299,0.4718566834926605,0.012304631061851978,0.5203765034675598,0.4585890471935272,0.03715212643146515,0.5448967218399048,0.4571493864059448,0.0007741827284917235,0.5695998668670654,0.4153207838535309,-0.012151326052844524,0.5694741010665894,0.43872225284576416,-0.023479770869016647,0.5660322308540344,0.44000983238220215,-0.017223713919520378,0.5722063183784485,0.433689683675766,-0.027355672791600227,0.5672256946563721,0.3753374218940735,-0.005503335036337376,0.5579205751419067,0.36725926399230957,-0.006461373530328274,0.5496281981468201,0.3648257851600647,-0.005883384495973587,0.5425617694854736,0.36608484387397766,-0.0033597745932638645,0.5373003482818604,0.3701913058757782,0.0002697886957321316,0.5326972603797913,0.3876726031303406,0.009353568777441978,0.5144293904304504,0.4066300392150879,0.03581639379262924,0.5363860726356506,0.40096426010131836,0.005273533519357443,0.5423262715339661,0.404244065284729,0.0021792720071971416,0.5502393245697021,0.40576979517936707,1.3521441360353492e-05,0.5579638481140137,0.4049379825592041,-0.0013741068542003632,0.5642086863517761,0.40257999300956726,-0.0012921699089929461,0.5684674978256226,0.40009891986846924,-0.0018798619275912642,0.513457179069519,0.4060215950012207,0.05751294270157814,0.5659511089324951,0.44181135296821594,-0.014289990067481995,0.5733558535575867,0.41776275634765625,-0.02038099616765976,0.5734087824821472,0.4397484362125397,-0.027555353939533234,0.5759813189506531,0.4437904357910156,-0.024904688820242882,0.5732294917106628,0.44096294045448303,-0.024788135662674904,0.567136824131012,0.4440954327583313,-0.012044264934957027,0.5769774913787842,0.4446862041950226,-0.026324862614274025,0.5774040222167969,0.4463384449481964,-0.019503066316246986,0.5693082809448242,0.3934767544269562,0.00015401837299577892,0.5718883872032166,0.3954545855522156,-0.0029146941378712654,0.5735633373260498,0.3969547748565674,-0.00636692438274622,0.5416587591171265,0.3888208866119385,0.0029259456787258387,0.5376987457275391,0.3805473744869232,0.003206894500181079,0.5872830152511597,0.41532450914382935,-0.023922596126794815,0.6233854293823242,0.3990458846092224,0.006399082951247692,0.5859261751174927,0.4456508457660675,-0.019391216337680817,0.6458778977394104,0.36447834968566895,0.03265191987156868,0.6066217422485352,0.4032287895679474,-8.129297202685848e-05,0.6121043562889099,0.40470394492149353,0.0007570196175947785,0.6175805926322937,0.40482649207115173,0.0026830413844436407,0.6257173418998718,0.40096360445022583,0.007761924993246794,0.6021448969841003,0.4006899893283844,0.0005025308346375823,0.6164511442184448,0.37959495186805725,-0.0025974735617637634,0.6102660894393921,0.38048481941223145,-0.002985631115734577,0.622280478477478,0.38102012872695923,-0.00011014885240001604,0.6260241270065308,0.3846661448478699,0.0025147125124931335,0.6296819448471069,0.4048823416233063,0.011250068433582783,0.5964607000350952,0.5075448751449585,0.006979700643569231,0.6256904006004333,0.3973578214645386,0.008492627181112766,0.6453742980957031,0.40062853693962097,0.03733203560113907,0.6360394954681396,0.3972899317741394,0.017113011330366135,0.6095876097679138,0.43562400341033936,-0.0032358423341065645,0.5888004302978516,0.4616934359073639,-0.013603327795863152,0.5875585675239563,0.4680165648460388,-0.010747725144028664,0.5958148837089539,0.4646587073802948,-0.009769544936716557,0.6002978086471558,0.46782225370407104,-0.004863967653363943,0.593290388584137,0.46896445751190186,-0.008117398247122765,0.5976401567459106,0.47040891647338867,-0.003628979902714491,0.6035952568054199,0.481270432472229,0.005906835198402405,0.5861216187477112,0.44193801283836365,-0.029751822352409363,0.5871859192848206,0.4339556097984314,-0.03184133768081665,0.6351466178894043,0.37149858474731445,0.0048311431892216206,0.5988139510154724,0.4153193235397339,-0.005256421398371458,0.5977790355682373,0.43957069516181946,-0.015678662806749344,0.598319411277771,0.43520259857177734,-0.014202705584466457,0.6271084547042847,0.43560269474983215,0.005012379959225655,0.5873440504074097,0.4238142669200897,-0.028934048488736153,0.6227356195449829,0.36241060495376587,-0.006003556307405233,0.6302652359008789,0.3649090528488159,-0.0008280440233647823,0.6420099139213562,0.348984032869339,0.02028101310133934,0.597078263759613,0.37230369448661804,-0.012054543942213058,0.6047247052192688,0.38392505049705505,-0.0015233764424920082,0.6083001494407654,0.4730931222438812,0.006485263351351023,0.6307893991470337,0.4729061722755432,0.057474564760923386,0.5934032797813416,0.44390571117401123,-0.013551350682973862,0.5890400409698486,0.4460846185684204,-0.013712880201637745,0.6056144833564758,0.4738627076148987,0.005821900442242622,0.603990912437439,0.473885178565979,0.0041488343849778175,0.6338219046592712,0.357688307762146,0.0015505407936871052,0.5976470708847046,0.4426316022872925,-0.012347355484962463,0.6120831370353699,0.36444738507270813,-0.010010878555476665,0.6132636070251465,0.3565097451210022,-0.011630916967988014,0.6209542155265808,0.3271261751651764,-0.004149161744862795,0.638058066368103,0.3562033772468567,0.009439714252948761,0.6168062090873718,0.3424190878868103,-0.00836324505507946,0.638737142086029,0.3667011857032776,0.009546241723001003,0.6425085067749023,0.3689769208431244,0.02015746757388115,0.5883575677871704,0.46525856852531433,-0.012795432470738888,0.5946007966995239,0.4670743942260742,-0.009165198542177677,0.5990779399871826,0.4691999554634094,-0.0047117602080106735,0.592039167881012,0.4451290965080261,-0.012068390846252441,0.6048002243041992,0.4738789498806,0.004952509421855211,0.6016929745674133,0.4779931902885437,0.0018551625544205308,0.6032143235206604,0.4739113748073578,0.004046056419610977,0.5914713740348816,0.44178223609924316,-0.0214511938393116,0.5962990522384644,0.47106221318244934,-0.002634640084579587,0.5920463800430298,0.46999409794807434,-0.005735407117754221,0.5867270231246948,0.46945860981941223,-0.008176540024578571,0.5854170918464661,0.4978124797344208,-0.0004474727902561426,0.5866557359695435,0.4933747947216034,-0.006598061881959438,0.5867149233818054,0.4886322021484375,-0.007836113683879375,0.5864932537078857,0.48416823148727417,-0.007055982481688261,0.5860103964805603,0.4808724820613861,-0.006499645300209522,0.5957265496253967,0.47832438349723816,-0.0012989704264327884,0.5968127250671387,0.47961685061454773,-0.0019034597789868712,0.5980688333511353,0.4818016588687897,-0.002459487412124872,0.5989174842834473,0.4843488931655884,-0.0011432270985096693,0.6031351685523987,0.46155986189842224,-0.003219665726646781,0.6407685875892639,0.4351055324077606,0.06339842081069946,0.5990263819694519,0.47664856910705566,0.002001191256567836,0.6004093885421753,0.477134644985199,0.0016363547183573246,0.5873934626579285,0.44898009300231934,-0.013662370853126049,0.5956838726997375,0.4467914402484894,-0.007921558804810047,0.5881542563438416,0.44759601354599,-0.013845914043486118,0.6048313975334167,0.4202427566051483,-0.0027828174643218517,0.6143555641174316,0.42595767974853516,-0.0003393826191313565,0.599001944065094,0.43853652477264404,-0.010751862078905106,0.6343128085136414,0.3362601399421692,0.007364989724010229,0.6300979852676392,0.34692835807800293,1.2144504580646753e-05,0.6251918077468872,0.3543117046356201,-0.005639540962874889,0.5989082455635071,0.4878624677658081,0.0034921015612781048,0.5991948843002319,0.360285222530365,-0.014873379841446877,0.6026350855827332,0.3411075472831726,-0.013314919546246529,0.6058214902877808,0.32209908962249756,-0.011007809080183506,0.6225639581680298,0.4037364423274994,0.0054128943011164665,0.6349579691886902,0.4099845886230469,0.014909453690052032,0.5994216203689575,0.3984977900981903,0.0010054156882688403,0.6315560340881348,0.38679713010787964,0.008161685429513454,0.5951078534126282,0.40984389185905457,-0.007625947706401348,0.5950855612754822,0.43686816096305847,-0.0214846171438694,0.6404823660850525,0.41625484824180603,0.0220535509288311,0.6309513449668884,0.41620132327079773,0.009884345345199108,0.6237955093383789,0.4192076325416565,0.004325359594076872,0.613225519657135,0.4176396131515503,0.001469531562179327,0.6055101752281189,0.4138645827770233,-0.0004190831969026476,0.5998613834381104,0.4099152088165283,-0.0023219198919832706,0.5883911848068237,0.39849621057510376,-0.014472931623458862,0.6386986970901489,0.43290993571281433,0.021379005163908005,0.6358877420425415,0.3839283585548401,0.011005301959812641,0.5839830636978149,0.445743203163147,-0.02685968391597271,0.5977068543434143,0.4229699969291687,-0.007527743466198444,0.6462041139602661,0.39929237961769104,0.056472402065992355,0.595703661441803,0.4055442214012146,-0.003622248535975814,0.5995101928710938,0.4388144612312317,-0.00507093733176589,0.6283900737762451,0.39579108357429504,0.009876363910734653,0.5954530835151672,0.4314916729927063,-0.01961226388812065,0.6366679668426514,0.45387810468673706,0.062067754566669464,0.5999017357826233,0.3960852324962616,0.002128355670720339,0.5916006565093994,0.42684829235076904,-0.02534094825387001,0.6185711026191711,0.4903339147567749,0.027446569874882698,0.6165261268615723,0.4980405569076538,0.03847072273492813,0.6419029831886292,0.43452295660972595,0.04239364340901375,0.6263133883476257,0.4809032082557678,0.03412218764424324,0.6442522406578064,0.3838755190372467,0.030305756255984306,0.5961617231369019,0.5136820077896118,0.010852745734155178,0.5831289291381836,0.447273313999176,-0.019236445426940918,0.6025919318199158,0.42890477180480957,-0.005006538238376379,0.6404774188995361,0.39838382601737976,0.02305881306529045,0.6172343492507935,0.4006125032901764,0.002670783083885908,0.6122926473617554,0.40032070875167847,0.0010574101470410824,0.6027301549911499,0.47912847995758057,0.002917054109275341,0.6360629200935364,0.448575884103775,0.024060651659965515,0.5864139199256897,0.5222539901733398,0.01260544266551733,0.6012418866157532,0.5131212472915649,0.0238055232912302,0.6079962253570557,0.5069901347160339,0.030212268233299255,0.6077581644058228,0.39904341101646423,0.0006181516218930483,0.6035966873168945,0.397260457277298,0.0012304852716624737,0.601078450679779,0.3964419960975647,0.0022450601682066917,0.6398542523384094,0.3811262845993042,0.016823425889015198,0.6049730181694031,0.3945279121398926,-0.0002663083141669631,0.6097620725631714,0.39495155215263367,-0.0010026035597547889,0.6142218708992004,0.39582359790802,-0.0004983765538781881,0.6187057495117188,0.3965444266796112,0.0013182774418964982,0.621889054775238,0.3970246911048889,0.00341766607016325,0.647138237953186,0.3803826570510864,0.045815035700798035,0.6207524538040161,0.4000134766101837,0.0047110626474022865,0.5977940559387207,0.45758432149887085,-0.006916404236108065,0.5936074256896973,0.44286391139030457,-0.015711737796664238,0.5878604054450989,0.45546212792396545,-0.012751311995089054,0.610482931137085,0.49951955676078796,0.02251604199409485,0.6033212542533875,0.5064147114753723,0.017091773450374603,0.5872322916984558,0.5188098549842834,0.005348571576178074,0.6238278746604919,0.48765721917152405,0.04863683506846428,0.6015399098396301,0.39529067277908325,0.0011650657979771495,0.5914019346237183,0.41183874011039734,-0.015618203207850456,0.5943276882171631,0.5185164213180542,0.017113162204623222,0.6381143927574158,0.45168358087539673,0.04253003001213074,0.5913197994232178,0.4798130691051483,-0.0041514369659125805,0.592279851436615,0.48221245408058167,-0.0047602541744709015,0.5930628180503845,0.48566970229148865,-0.0053853364661335945,0.5934637188911438,0.48982900381088257,-0.004135263152420521,0.592985987663269,0.49371111392974854,0.000971804081927985,0.6012176871299744,0.4720515012741089,0.0005821051890961826,0.6025261282920837,0.4714966118335724,0.0006623216904699802,0.6036218404769897,0.4707675278186798,0.0005832017050124705,0.606980562210083,0.4666557312011719,0.0014854625333100557,0.6294633746147156,0.4525737166404724,0.012220306321978569,0.5916762351989746,0.40361759066581726,-0.010709872469305992,0.5962849855422974,0.38841599225997925,-0.0024468423798680305,0.5994701385498047,0.39037424325942993,-1.864699697762262e-05,0.5998774766921997,0.4723876118659973,0.0011579565471038222,0.626779317855835,0.470447838306427,0.022205859422683716,0.5909290313720703,0.38771289587020874,-0.009643008932471275,0.5949689745903015,0.5004454255104065,0.004343869164586067,0.5878424048423767,0.4075000286102295,-0.019832514226436615,0.5944448113441467,0.4245679974555969,-0.015007173642516136,0.5864880084991455,0.5050629377365112,0.0010401682229712605,0.6073440313339233,0.48520147800445557,0.009478496387600899,0.6040552258491516,0.4452151954174042,-0.0028517725877463818,0.6015207767486572,0.49376440048217773,0.007311743218451738,0.6183105111122131,0.44534629583358765,5.4740979976486415e-05,0.6093806624412537,0.453153133392334,-0.000792168895713985,0.6216113567352295,0.4576577842235565,0.0055133383721113205,0.5874350070953369,0.5130627751350403,0.001977070700377226,0.5971494913101196,0.429001122713089,-0.010643769055604935,0.6105862259864807,0.4914286136627197,0.01534841489046812,0.6033225655555725,0.49960607290267944,0.01199240144342184,0.6127592325210571,0.4755399823188782,0.00921162310987711,0.6327419877052307,0.46146753430366516,0.026893118396401405,0.6189415454864502,0.4778931140899658,0.015015331096947193,0.6333026885986328,0.46718117594718933,0.04109526798129082,0.6130761504173279,0.4623258411884308,0.002851685509085655,0.5944072008132935,0.41733086109161377,-0.011234485544264317,0.5932566523551941,0.44050198793411255,-0.022623835131525993,0.5959714651107788,0.4422200620174408,-0.0162644162774086,0.5914458632469177,0.4351363778114319,-0.026724321767687798,0.6014456748962402,0.38004541397094727,-0.004333643242716789,0.610870361328125,0.3739781379699707,-0.004770306404680014,0.6189130544662476,0.37275081872940063,-0.0036954074166715145,0.6254094243049622,0.37462615966796875,-0.0007039629854261875,0.6298573613166809,0.37907788157463074,0.0032689517829567194,0.631702184677124,0.396250456571579,0.012587988749146461,0.6444022059440613,0.4176428020000458,0.040217526257038116,0.6264758706092834,0.4088030159473419,0.008193420246243477,0.6203979253768921,0.4108518958091736,0.004711161833256483,0.6129100918769836,0.4104762077331543,0.002077366691082716,0.6060089468955994,0.4080330729484558,0.00024060552823357284,0.600775957107544,0.4048821032047272,-7.171604374889284e-05,0.5973005890846252,0.4020611643791199,-0.0008874128106981516,0.643727719783783,0.41709110140800476,0.06182226911187172,0.5955777764320374,0.4439184367656708,-0.01334916241466999,0.5911845564842224,0.419168084859848,-0.019743138924241066,0.5897051095962524,0.4409366250038147,-0.02701907604932785,0.5865479707717896,0.4445161819458008,-0.02458491548895836,0.5895185470581055,0.4421629309654236,-0.024228479713201523,0.5940718054771423,0.4459491968154907,-0.011272139847278595,0.5856119394302368,0.44527667760849,-0.026060814037919044,0.5847100019454956,0.44679227471351624,-0.01930089294910431,0.5978049039840698,0.39577555656433105,0.0012452035443857312,0.5947762131690979,0.39733779430389404,-0.0021115513518452644,0.592719554901123,0.3989540934562683,-0.0057184044271707535,0.6240208148956299,0.39728063344955444,0.00567229837179184,0.628510057926178,0.3890441358089447,0.0061412653885781765,0.5530521273612976,0.3910571336746216,0.0003678190114442259,0.5585304498672485,0.39158788323402405,0.0003678190114442259,0.5536841154098511,0.38370946049690247,0.0003678190114442259,0.5475356578826904,0.3904252350330353,0.0003678190114442259,0.5524017810821533,0.39825448393821716,0.0003678190114442259,0.6125831007957458,0.39721304178237915,0.0024599398020654917,0.6180785298347473,0.39768439531326294,0.0024599398020654917,0.6127890944480896,0.39063459634780884,0.0024599398020654917,0.6071189045906067,0.39674270153045654,0.0024599398020654917,0.6124067902565002,0.4036446213722229,0.0024599398020654917
633.3333333333334,0.5916658043861389,0.4590221345424652,-0.014529663138091564,0.5900801420211792,0.436551570892334,-0.030159499496221542,0.5889742970466614,0.4435325264930725,-0.01535889133810997,0.5859115123748779,0.4094284772872925,-0.024059439077973366,0.5904762148857117,0.4281619191169739,-0.0324077270925045,0.5906440615653992,0.417248398065567,-0.030514903366565704,0.5907291173934937,0.39103594422340393,-0.01643485575914383,0.5481275916099548,0.38699132204055786,0.003022496122866869,0.591491162776947,0.3672117292881012,-0.013405736535787582,0.5920835733413696,0.35505416989326477,-0.01522932667285204,0.59352046251297,0.31357091665267944,-0.0117938918992877,0.5914731621742249,0.4629311263561249,-0.01374500710517168,0.5909597277641296,0.4670105576515198,-0.011858358047902584,0.590366005897522,0.4696734547615051,-0.009240987710654736,0.5902205109596252,0.47038915753364563,-0.008426330983638763,0.590283215045929,0.47510868310928345,-0.009146708995103836,0.590058445930481,0.4805573523044586,-0.010107426904141903,0.5895562171936035,0.48593389987945557,-0.009003798477351665,0.5864118337631226,0.48946741223335266,-0.003150619799271226,0.5896912217140198,0.44057172536849976,-0.027118613943457603,0.5844858288764954,0.439780592918396,-0.01971004530787468,0.5240902900695801,0.3495130240917206,0.02762768790125847,0.5641055107116699,0.3960762023925781,-0.002079602563753724,0.5580830574035645,0.3965524733066559,-0.001804737257771194,0.552453339099884,0.39503100514411926,-0.0003475059929769486,0.5451965928077698,0.3888668119907379,0.004139364697039127,0.5694150328636169,0.39360979199409485,-0.0009061956079676747,0.5575569868087769,0.3665483593940735,-0.005188614595681429,0.5641099810600281,0.36856114864349365,-0.004845449700951576,0.5510932803153992,0.36742785573005676,-0.003237371100112796,0.5465812683105469,0.37096625566482544,-0.0008918495732359588,0.5397345423698425,0.39271193742752075,0.007279135286808014,0.565818190574646,0.500277042388916,0.0026888384018093348,0.5462203621864319,0.38413697481155396,0.004964226856827736,0.5211668610572815,0.38641199469566345,0.03180358558893204,0.5329554080963135,0.3842834532260895,0.012621902860701084,0.5594077110290527,0.426630437374115,-0.005700004752725363,0.5835292339324951,0.45657455921173096,-0.01434670016169548,0.5834041833877563,0.46609026193618774,-0.011485257185995579,0.5746356248855591,0.45881420373916626,-0.011349382810294628,0.5685123801231384,0.4611027240753174,-0.007193094119429588,0.5764565467834473,0.46552255749702454,-0.009532563388347626,0.5708932876586914,0.46532776951789856,-0.005657684989273548,0.5606969594955444,0.47211095690727234,0.002177571877837181,0.5855599045753479,0.4361075162887573,-0.02993396483361721,0.5853094458580017,0.42794957756996155,-0.032013725489377975,0.5373249053955078,0.3563937544822693,0.000685229548253119,0.5723435282707214,0.40810954570770264,-0.006579787936061621,0.5726308822631836,0.43230223655700684,-0.0171408299356699,0.5722196698188782,0.4278998374938965,-0.01566787250339985,0.5402606725692749,0.4241737425327301,0.0009704064577817917,0.5856638550758362,0.4178628623485565,-0.02912753075361252,0.5524351596832275,0.34694957733154297,-0.008679789490997791,0.543762743473053,0.3494715690612793,-0.004327228758484125,0.5312051177024841,0.3342209458351135,0.015935858711600304,0.5786255598068237,0.36051085591316223,-0.012522190809249878,0.5695698261260986,0.3735050559043884,-0.0028839611914008856,0.5562316179275513,0.46394479274749756,0.002565494505688548,0.52665114402771,0.4627945125102997,0.05158066377043724,0.5765488147735596,0.4370993971824646,-0.014597976580262184,0.5808766484260559,0.4396785497665405,-0.014212838374078274,0.5606976747512817,0.46468931436538696,0.002405599458143115,0.5622755289077759,0.46504175662994385,0.0010337766725569963,0.540229320526123,0.3420015871524811,-0.0021514855325222015,0.5720603466033936,0.4352376163005829,-0.013806871138513088,0.5638523101806641,0.35000288486480713,-0.011626218445599079,0.5633237957954407,0.3418431580066681,-0.013269949704408646,0.5579376220703125,0.3153214454650879,-0.0061705829575657845,0.5361709594726562,0.34221890568733215,0.005342444404959679,0.561384916305542,0.33145803213119507,-0.01018707174807787,0.5333682298660278,0.35166725516319275,0.005093665793538094,0.5290356278419495,0.35458093881607056,0.015421092510223389,0.583375096321106,0.46166694164276123,-0.013533145189285278,0.5755599141120911,0.46234720945358276,-0.010661466047167778,0.5696718096733093,0.46324315667152405,-0.00686531001701951,0.5776919722557068,0.4384026825428009,-0.012941931374371052,0.5615069270133972,0.46487271785736084,0.001734638586640358,0.564913809299469,0.46785157918930054,-0.0013182347174733877,0.5631276369094849,0.46524426341056824,0.000964126898907125,0.5792897343635559,0.4353409707546234,-0.022390609607100487,0.5717430710792542,0.46679842472076416,-0.004629095550626516,0.5771764516830444,0.4676409661769867,-0.007157539948821068,0.5834906697273254,0.4687095880508423,-0.009008251130580902,0.5787838101387024,0.4887280762195587,-0.0032747583463788033,0.5811262130737305,0.48439323902130127,-0.009054138325154781,0.5819219350814819,0.47906896471977234,-0.009985394775867462,0.5827309489250183,0.4736412763595581,-0.00892650242894888,0.58340984582901,0.46942079067230225,-0.008164867758750916,0.5716899633407593,0.46707582473754883,-0.0038827871903777122,0.5704607963562012,0.4688172936439514,-0.004675505682826042,0.5689640641212463,0.4712427854537964,-0.005478576757013798,0.567694902420044,0.47396278381347656,-0.004391009919345379,0.5635460019111633,0.4532544016838074,-0.0057291435077786446,0.5195683836936951,0.4225490093231201,0.057630132883787155,0.5893544554710388,0.44206830859184265,-0.019558211788535118,0.5675793290138245,0.46618250012397766,-0.0009421938448213041,0.5663224458694458,0.4669254720211029,-0.0013935513561591506,0.5823509693145752,0.44268834590911865,-0.014222950674593449,0.5734158754348755,0.43952301144599915,-0.009105715900659561,0.5816885232925415,0.44124099612236023,-0.014344344846904278,0.5654904842376709,0.4121410846710205,-0.00472785159945488,0.5550622940063477,0.41633954644203186,-0.0030662224162369967,0.5708998441696167,0.4310076832771301,-0.012316804379224777,0.5419933199882507,0.32242417335510254,0.004041862674057484,0.5463981628417969,0.33389654755592346,-0.0030528923962265253,0.5503993630409241,0.33882221579551697,-0.008421627804636955,0.5652862191200256,0.47857433557510376,-0.00020667542412411422,0.577814519405365,0.34777334332466125,-0.015359443612396717,0.5762495994567871,0.332562655210495,-0.013812011107802391,0.5745288133621216,0.3128548264503479,-0.011514455080032349,0.5477715134620667,0.3925783634185791,0.0019934535957872868,0.5328873991966248,0.3976888358592987,0.010422580875456333,0.5729824900627136,0.39117470383644104,-0.0001694637758191675,0.5399615168571472,0.3732731342315674,0.004192607942968607,0.5768841505050659,0.40313994884490967,-0.008553989231586456,0.5761181712150574,0.429991215467453,-0.022599659860134125,0.5265381336212158,0.4030197560787201,0.01685093343257904,0.5369950532913208,0.40412023663520813,0.005581128876656294,0.5446882843971252,0.407945841550827,0.0007191188633441925,0.5560271739959717,0.408103883266449,-0.0011930022155866027,0.5645174980163574,0.40564101934432983,-0.002315518446266651,0.5710964202880859,0.40213218331336975,-0.003622921649366617,0.5852845907211304,0.3927614688873291,-0.014567429199814796,0.5267835259437561,0.4201652705669403,0.016034314408898354,0.5348867177963257,0.36988934874534607,0.006552393548190594,0.5869836807250977,0.44014063477516174,-0.027011271566152573,0.573125958442688,0.4158637225627899,-0.008884359151124954,0.5181351900100708,0.38515329360961914,0.050955239683389664,0.576204776763916,0.3978409171104431,-0.004470591899007559,0.5698917508125305,0.43122902512550354,-0.006650201510637999,0.5431727170944214,0.38280653953552246,0.0061147091910243034,0.5759225487709045,0.4246213734149933,-0.020708298310637474,0.5220117568969727,0.44253647327423096,0.05617452412843704,0.5732148885726929,0.38830840587615967,0.0008810920407995582,0.5807163119316101,0.42041078209877014,-0.02598695643246174,0.5408915281295776,0.48173248767852783,0.021983511745929718,0.5411611795425415,0.49035659432411194,0.03307928889989853,0.5210385918617249,0.42172273993492126,0.036553919315338135,0.5327452421188354,0.4712437093257904,0.028378715738654137,0.5247220993041992,0.36947527527809143,0.025133265182375908,0.5650613903999329,0.5073310136795044,0.00633266381919384,0.5873013734817505,0.4416591227054596,-0.019301922991871834,0.5673152804374695,0.42101502418518066,-0.006805306300520897,0.5273393988609314,0.38547369837760925,0.01806415617465973,0.5535151958465576,0.3911173641681671,-0.0002707679814193398,0.5584635138511658,0.3924161195755005,-0.0014570276252925396,0.5636054873466492,0.4689696133136749,-0.00040144857484847307,0.5274335741996765,0.43658536672592163,0.01860754005610943,0.5746259093284607,0.5170444250106812,0.008814466185867786,0.5585535168647766,0.5071104168891907,0.019022470340132713,0.5508642792701721,0.5004086494445801,0.025118062272667885,0.592819094657898,0.33427056670188904,-0.014227733016014099,0.5850279331207275,0.518646240234375,0.007906990125775337,0.5634856224060059,0.3919662535190582,-0.001415014616213739,0.5683594346046448,0.3903055489063263,-0.0003962045593652874,0.5715407133102417,0.3891676664352417,0.0008617338608019054,0.530105710029602,0.36731600761413574,0.01201301533728838,0.5680456161499023,0.3830573558807373,-0.0019239826360717416,0.5629571676254272,0.38116446137428284,-0.003048652783036232,0.5582162141799927,0.38074877858161926,-0.0030195757281035185,0.5533818602561951,0.38134515285491943,-0.0016341758891940117,0.550046980381012,0.3824182152748108,0.00020242630853317678,0.5199998617172241,0.36560413241386414,0.040459901094436646,0.5502889156341553,0.3890702724456787,0.0014932448975741863,0.5886022448539734,0.4491691589355469,-0.013614198192954063,0.5700974464416504,0.4499257802963257,-0.008779552765190601,0.5766225457191467,0.4360760450363159,-0.016705168411135674,0.5811340808868408,0.4489681124687195,-0.013536570593714714,0.5909451842308044,0.3792922794818878,-0.012915118597447872,0.5496078133583069,0.4918447732925415,0.017345909029245377,0.5572928190231323,0.49954718351364136,0.012217981740832329,0.5744752883911133,0.5128453969955444,0.0014647773932665586,0.5333779454231262,0.4787466526031494,0.0430152453482151,0.5716463923454285,0.3861056864261627,-0.0002522087888792157,0.5812788009643555,0.40550264716148376,-0.016114383935928345,0.5854092836380005,0.514259397983551,0.0008254195563495159,0.5661950707435608,0.5129411220550537,0.012669065967202187,0.522922158241272,0.43985021114349365,0.03658048063516617,0.5771234631538391,0.4681898355484009,-0.006340652238577604,0.5759323835372925,0.4713161289691925,-0.00721573643386364,0.5747330784797668,0.4753201901912689,-0.008130593225359917,0.5737255811691284,0.4799495339393616,-0.007160493638366461,0.5712340474128723,0.484453022480011,-0.002513640094548464,0.5662869811058044,0.4651150405406952,-0.0020561544224619865,0.5649960041046143,0.4640485346317291,-0.0021864508744329214,0.563908040523529,0.4629274010658264,-0.0023855732288211584,0.5584436655044556,0.4577851891517639,-0.001823185128159821,0.5348929762840271,0.4412420392036438,0.0074583967216312885,0.5812053680419922,0.3973454236984253,-0.011159094050526619,0.5776588916778564,0.3798842132091522,-0.0030206565279513597,0.5742049217224121,0.38174089789390564,-0.0010929781710729003,0.5675129294395447,0.4660959243774414,-0.0014597034314647317,0.5347105264663696,0.4600697159767151,0.01689680479466915,0.5832330584526062,0.3790452778339386,-0.009841118939220905,0.568173348903656,0.4923434257507324,0.0004679070843849331,0.5906506180763245,0.4084715247154236,-0.025632712990045547,0.5855551958084106,0.40168407559394836,-0.01986795850098133,0.5906689167022705,0.40029042959213257,-0.02090536616742611,0.5770469903945923,0.41779327392578125,-0.015906913205981255,0.5857985019683838,0.5074034929275513,-0.0025778997223824263,0.5861205458641052,0.4981186091899872,-0.0029305985663086176,0.5768903493881226,0.49723607301712036,-0.002302624750882387,0.5558733940124512,0.4763054847717285,0.0052224211394786835,0.5642927885055542,0.43692368268966675,-0.004990667104721069,0.5616151094436646,0.48538491129875183,0.0031775864772498608,0.5488151907920837,0.4350796341896057,-0.0033591587562114,0.5575950145721436,0.4440082609653473,-0.0036634609568864107,0.5432841777801514,0.44713595509529114,0.0013437919551506639,0.5751417279243469,0.5062065124511719,-0.0017793683800846338,0.5734862685203552,0.421953409910202,-0.011915693059563637,0.5512696504592896,0.48290884494781494,0.01053285226225853,0.5587088465690613,0.491930216550827,0.007421644404530525,0.5508233308792114,0.4661812484264374,0.004777603782713413,0.5290336608886719,0.4502992331981659,0.02131381444633007,0.5431917905807495,0.46830230951309204,0.010083889588713646,0.5263314843177795,0.4563801884651184,0.03507697209715843,0.5521441698074341,0.45268532633781433,-0.000749077124055475,0.5773372054100037,0.4106122553348541,-0.012182814069092274,0.5776975750923157,0.43385741114616394,-0.023651299998164177,0.5742680430412292,0.4351463317871094,-0.01748489774763584,0.5804910659790039,0.42871397733688354,-0.027414392679929733,0.5733838081359863,0.3694566488265991,-0.0053444537334144115,0.5640605092048645,0.36142441630363464,-0.006563291419297457,0.555640459060669,0.35914137959480286,-0.006254954729229212,0.5483761429786682,0.3606484830379486,-0.003962632734328508,0.5429390072822571,0.36496880650520325,-0.00046358813415281475,0.5386755466461182,0.3833361566066742,0.00854191742837429,0.5202794671058655,0.4040064215660095,0.034438420087099075,0.5429435968399048,0.3970244824886322,0.004463545512408018,0.5489355325698853,0.40027862787246704,0.0014854520559310913,0.5567839741706848,0.4015969932079315,-0.0004990901215933263,0.5643811225891113,0.4003918766975403,-0.0016619281377643347,0.5704825520515442,0.3975992500782013,-0.0013464388903230429,0.5747315883636475,0.3948043882846832,-0.0017982018180191517,0.5184932947158813,0.40368568897247314,0.05617734417319298,0.5741881728172302,0.436834454536438,-0.014565682969987392,0.5813063979148865,0.41279247403144836,-0.0203027855604887,0.5816938281059265,0.43474724888801575,-0.027589872479438782,0.5841875076293945,0.43863770365715027,-0.024889284744858742,0.5814303159713745,0.4359591007232666,-0.024845164269208908,0.5753655433654785,0.4389469623565674,-0.012289274483919144,0.5852500200271606,0.4394876956939697,-0.026283778250217438,0.5856366157531738,0.44105264544487,-0.019489355385303497,0.5753448605537415,0.38818246126174927,0.0003052404790651053,0.5781440138816833,0.3898649513721466,-0.0026798194739967585,0.5801594257354736,0.39113450050354004,-0.006120690610259771,0.5479574203491211,0.383290559053421,0.002294132485985756,0.5435246229171753,0.375637948513031,0.002504111733287573,0.5951077938079834,0.40991270542144775,-0.023303484544157982,0.6297895312309265,0.39238491654396057,0.008550947532057762,0.5941097736358643,0.4401737451553345,-0.019115176051855087,0.6511699557304382,0.3579312860965729,0.03615579754114151,0.6140046119689941,0.3992266356945038,0.0014638378052040935,0.6198049783706665,0.4004201591014862,0.0024874000810086727,0.6252306699752808,0.39971309900283813,0.004609451163560152,0.6320034861564636,0.39439859986305237,0.009976685047149658,0.6090449690818787,0.3963351249694824,0.0018655270105227828,0.6230007410049438,0.3721683919429779,-0.0006960023893043399,0.6164546012878418,0.37342533469200134,-0.0012923626927658916,0.6290385127067566,0.3734857738018036,0.0019617308862507343,0.6328157186508179,0.37708088755607605,0.004698248580098152,0.6364378929138184,0.3986818790435791,0.013568558730185032,0.6048558950424194,0.5015280246734619,0.005243824329227209,0.6316110491752625,0.38968199491500854,0.010736880823969841,0.6514554023742676,0.394523948431015,0.04037359729409218,0.6419947743415833,0.3906315267086029,0.019665976986289024,0.6172543168067932,0.4297392964363098,-0.0020839786157011986,0.5989747643470764,0.45749789476394653,-0.013360054232180119,0.59730464220047,0.4669625163078308,-0.010576928965747356,0.6053824424743652,0.46033164858818054,-0.00938897393643856,0.6092437505722046,0.4632597267627716,-0.004479744005948305,0.6024069786071777,0.467075377702713,-0.007804220542311668,0.6061908602714539,0.4674414396286011,-0.003337745787575841,0.6111936569213867,0.4740447998046875,0.005605651531368494,0.5944234728813171,0.43651145696640015,-0.029435770586133003,0.5953899025917053,0.42841222882270813,-0.03143090754747391,0.6416230201721191,0.36336269974708557,0.007303575985133648,0.6061125993728638,0.40999484062194824,-0.004190751817077398,0.605605959892273,0.4337497055530548,-0.014884289354085922,0.605994701385498,0.42943650484085083,-0.013355999253690243,0.6348962187767029,0.42948564887046814,0.006874553859233856,0.5953534841537476,0.41830724477767944,-0.028386810794472694,0.629726231098175,0.3543199896812439,-0.004090654198080301,0.6370662450790405,0.35663866996765137,0.0014039286179468036,0.647363543510437,0.3422446846961975,0.023540563881397247,0.604225754737854,0.3655465841293335,-0.0109972869977355,0.6106359362602234,0.37745267152786255,-5.779873390565626e-06,0.6160327196121216,0.4663713276386261,0.006706839893013239,0.6386866569519043,0.46819618344306946,0.05953745171427727,0.6013326048851013,0.4381265640258789,-0.012950077652931213,0.5970350503921509,0.4403451085090637,-0.013382495380938053,0.6135872006416321,0.46801793575286865,0.006029839627444744,0.6120941042900085,0.46814700961112976,0.004280869849026203,0.640156626701355,0.34933480620384216,0.003983534872531891,0.6054630279541016,0.4367047846317291,-0.0115934694185853,0.6192131042480469,0.3569110631942749,-0.008471328765153885,0.6202059984207153,0.3488978147506714,-0.010016343556344509,0.6267724633216858,0.320445716381073,-0.0018818234093487263,0.6438548564910889,0.3494589626789093,0.01216032449156046,0.6230196952819824,0.3359954059123993,-0.0064173233695328236,0.6447269916534424,0.3587248921394348,0.012200891971588135,0.6482247710227966,0.3623413145542145,0.02309643290936947,0.598418116569519,0.46262216567993164,-0.012579565867781639,0.604001522064209,0.463967502117157,-0.008817845955491066,0.6078667640686035,0.4653930366039276,-0.004382092971354723,0.5999903678894043,0.4392941892147064,-0.011575357988476753,0.612829327583313,0.46809911727905273,0.005112268030643463,0.6102407574653625,0.47067806124687195,0.001576904789544642,0.6112595200538635,0.4682283103466034,0.004128492437303066,0.5995668768882751,0.4362454116344452,-0.02086416818201542,0.6046745181083679,0.4688492715358734,-0.0024104227777570486,0.6008903980255127,0.469160258769989,-0.005506201647222042,0.5961231589317322,0.46953651309013367,-0.00807254295796156,0.5936838388442993,0.48927512764930725,-0.0023834959138184786,0.5970152616500854,0.4852123260498047,-0.008029364980757236,0.5971089005470276,0.47982996702194214,-0.008930596522986889,0.5967171788215637,0.47440770268440247,-0.007880773395299911,0.5959768295288086,0.4701443016529083,-0.0071750483475625515,0.6045678853988647,0.4689966142177582,-0.0016466854140162468,0.6059157848358154,0.4709716737270355,-0.0024201071355491877,0.6072834134101868,0.4735878109931946,-0.0031135911121964455,0.608193576335907,0.4764426350593567,-0.0018661731155589223,0.6109744906425476,0.4552796185016632,-0.00265818415209651,0.6473751664161682,0.4298309087753296,0.06637334823608398,0.6074863076210022,0.46853989362716675,0.0018253754824399948,0.608903706073761,0.4695502519607544,0.0013739311834797263,0.5953966379165649,0.4432453513145447,-0.013403263874351978,0.603513240814209,0.4408247768878937,-0.0073631154373288155,0.5961542725563049,0.4418677091598511,-0.013551237992942333,0.6122080087661743,0.41478395462036133,-0.001553692971356213,0.6218850612640381,0.42016345262527466,0.0011399907525628805,0.6066780686378479,0.4326818287372589,-0.009911807253956795,0.6398938894271851,0.3294713795185089,0.01020427979528904,0.636042594909668,0.34023910760879517,0.0024218398611992598,0.6318457722663879,0.34617286920547485,-0.003540185745805502,0.6066802144050598,0.4801311194896698,0.002653965260833502,0.6061866879463196,0.35337793827056885,-0.013732909224927425,0.6090616583824158,0.3350137770175934,-0.011842292733490467,0.6117971539497375,0.31563717126846313,-0.00933353416621685,0.629538893699646,0.3979068994522095,0.007504910696297884,0.6417664289474487,0.40400829911231995,0.017380699515342712,0.6058268547058105,0.3937828540802002,0.0023162062279880047,0.6379481554031372,0.3793703615665436,0.010550661012530327,0.6023926734924316,0.4045669138431549,-0.006646292749792337,0.60303795337677,0.4312365651130676,-0.020777763798832893,0.6473268270492554,0.4101419448852539,0.024710481986403465,0.6386421322822571,0.4104668200016022,0.012163951061666012,0.6320933103561401,0.413675457239151,0.00630419235676527,0.6215325593948364,0.41243213415145874,0.0030785996932536364,0.6135551333427429,0.40882304310798645,0.0009306041756644845,0.6075783371925354,0.40467631816864014,-0.0011740010231733322,0.595783531665802,0.3933940529823303,-0.013769193552434444,0.6461160182952881,0.4269517660140991,0.023833421990275383,0.6420300602912903,0.37651756405830383,0.01354156993329525,0.5922958850860596,0.440353661775589,-0.026607127860188484,0.6051233410835266,0.41752275824546814,-0.006535493303090334,0.6518149971961975,0.39344504475593567,0.060075145214796066,0.6031568646430969,0.40005120635032654,-0.0025591047015041113,0.607110857963562,0.4330121874809265,-0.004235454834997654,0.6343953013420105,0.38859573006629944,0.012181775644421577,0.6032130718231201,0.4258905053138733,-0.018841231241822243,0.6438993215560913,0.4489409923553467,0.06464395672082901,0.6055974364280701,0.39092499017715454,0.0035008136183023453,0.5995010733604431,0.42128226161003113,-0.024662690237164497,0.6274643540382385,0.48531946539878845,0.027763208374381065,0.6253666281700134,0.49352943897247314,0.039051614701747894,0.6489279270172119,0.4289425015449524,0.04505791515111923,0.6350681185722351,0.4759460389614105,0.035171374678611755,0.650070071220398,0.3775027394294739,0.033339135348796844,0.6047569513320923,0.508493185043335,0.009049423038959503,0.5913756489753723,0.441828191280365,-0.019062241539359093,0.6100859045982361,0.42328327894210815,-0.0039431327022612095,0.6458351016044617,0.392022967338562,0.025817718356847763,0.6246615052223206,0.39583680033683777,0.00459431204944849,0.6198551058769226,0.39640456438064575,0.0028264711145311594,0.6113108396530151,0.47196540236473083,0.0026765908114612103,0.6440051198005676,0.4429076611995697,0.026169070973992348,0.5949781537055969,0.5174907445907593,0.010370523668825626,0.6097785234451294,0.508486807346344,0.02283105067908764,0.6167059540748596,0.5024697184562683,0.029939495027065277,0.6148838996887207,0.3952574133872986,0.0022121849469840527,0.6101484298706055,0.39312949776649475,0.002696678042411804,0.607110857963562,0.391861230134964,0.003651741659268737,0.645407497882843,0.37396490573883057,0.019548324868083,0.6110800504684448,0.3864096999168396,0.0013082990190014243,0.6162019968032837,0.38516324758529663,0.0007116570486687124,0.6210896372795105,0.3853049576282501,0.0013783335452899337,0.6256726384162903,0.3863253593444824,0.0033434308134019375,0.6285682916641235,0.3876411020755768,0.005534694530069828,0.6525241732597351,0.3741426467895508,0.049458011984825134,0.6277366876602173,0.3942469358444214,0.006772262509912252,0.6056084036827087,0.4514103829860687,-0.006398950703442097,0.6015763282775879,0.4371430575847626,-0.015109501779079437,0.5958397388458252,0.4495578706264496,-0.012535426765680313,0.6191527843475342,0.49442407488822937,0.022006306797266006,0.6119404435157776,0.5013616681098938,0.015884989872574806,0.5959039330482483,0.5134061574935913,0.002930041402578354,0.6323500275611877,0.4830366373062134,0.05010120943188667,0.6073235273361206,0.38893771171569824,0.002626613713800907,0.5989260077476501,0.40644872188568115,-0.014828627929091454,0.6028349995613098,0.5137776136398315,0.015474514104425907,0.6456664204597473,0.44638630747795105,0.044769179075956345,0.6007681488990784,0.46956324577331543,-0.004628262482583523,0.601982831954956,0.47283312678337097,-0.0054178135469555855,0.6029298901557922,0.4769355356693268,-0.006242745090276003,0.6033862829208374,0.4816431701183319,-0.00519209261983633,0.6009251475334167,0.48548153042793274,-0.00037236110074445605,0.609232485294342,0.467748761177063,0.0008192450040951371,0.6107252836227417,0.46681156754493713,0.000954176764935255,0.6119488477706909,0.4657277464866638,0.0009297284996137023,0.6148563027381897,0.46018585562705994,0.001995108090341091,0.6378385424613953,0.446733683347702,0.013881274498999119,0.5989934802055359,0.39840689301490784,-0.009845267049968243,0.6025722026824951,0.38275477290153503,-0.001280096941627562,0.6053752899169922,0.38476765155792236,0.001347400713711977,0.6075940132141113,0.4685906171798706,0.001334387925453484,0.6354662179946899,0.4649532437324524,0.023389412090182304,0.5980378985404968,0.38162854313850403,-0.008765164762735367,0.6031646132469177,0.4934930205345154,0.0027121908497065306,0.5954509973526001,0.4022097587585449,-0.01920197904109955,0.6020374298095703,0.4190641939640045,-0.014192106202244759,0.5949186682701111,0.4977855086326599,-0.0012698486680164933,0.61530601978302,0.47868776321411133,0.009143473580479622,0.6117372512817383,0.43920040130615234,-0.0020082120317965746,0.6094896793365479,0.4871152639389038,0.006271813064813614,0.6264491081237793,0.4392259120941162,0.0012532977852970362,0.6173497438430786,0.44697439670562744,3.090803511440754e-05,0.630118727684021,0.45159491896629333,0.006627171766012907,0.5960149765014648,0.5068231225013733,-0.00042395363561809063,0.6046481728553772,0.4234764575958252,-0.009768757969141006,0.6189113259315491,0.48555395007133484,0.014990400522947311,0.6116220951080322,0.4938044548034668,0.010847309604287148,0.6209031343460083,0.4692557454109192,0.009536019526422024,0.6410559415817261,0.45605313777923584,0.028593698516488075,0.6275176405906677,0.4720744490623474,0.015563019551336765,0.641417920589447,0.462135374546051,0.04284979775547981,0.6212968826293945,0.45606729388237,0.0036038639955222607,0.6018496751785278,0.4119096100330353,-0.010328942909836769,0.6013215184211731,0.4349100887775421,-0.021980121731758118,0.6038973331451416,0.4364200532436371,-0.015583904460072517,0.5995310544967651,0.4295736253261566,-0.02614736184477806,0.6077482104301453,0.37369102239608765,-0.002962653525173664,0.6174840331077576,0.3670405447483063,-0.0031340867280960083,0.62574702501297,0.36552247405052185,-0.0018314288463443518,0.6322829127311707,0.36716899275779724,0.001394804916344583,0.636552631855011,0.3714372217655182,0.005529411602765322,0.6377853751182556,0.3893078863620758,0.014991878531873226,0.6509284973144531,0.41178372502326965,0.043157435953617096,0.6336978077888489,0.4028591811656952,0.010386335663497448,0.6282175183296204,0.4053853750228882,0.006654988043010235,0.6207985877990723,0.4056157171726227,0.0037644144613295794,0.6136077642440796,0.4034431278705597,0.0016933407168835402,0.6079697608947754,0.4001087248325348,0.0011732527054846287,0.6041929125785828,0.39698588848114014,0.00026304140919819474,0.6497200131416321,0.4115559458732605,0.06518764793872833,0.6034752726554871,0.43805256485939026,-0.012690749019384384,0.5988947749137878,0.41367971897125244,-0.01898880861699581,0.5979047417640686,0.43544256687164307,-0.02654333785176277,0.5947831869125366,0.439060240983963,-0.02426666021347046,0.5976883172988892,0.436688095331192,-0.023760415613651276,0.6019807457923889,0.44001808762550354,-0.010728711262345314,0.5939046144485474,0.4398319721221924,-0.025777356699109077,0.5929262638092041,0.44130659103393555,-0.019071856513619423,0.6038007736206055,0.39080095291137695,0.002500915201380849,0.6013330817222595,0.3920614421367645,-0.0010314660612493753,0.5998810529708862,0.3932529389858246,-0.00476847356185317,0.6302931308746338,0.38868066668510437,0.007853509858250618,0.6349437832832336,0.3815521001815796,0.008412606082856655,0.5588901042938232,0.3861052989959717,1.8858889234252274e-05,0.5649843811988831,0.386521577835083,1.8858889234252274e-05,0.5592522025108337,0.37844112515449524,1.8858889234252274e-05,0.5527051091194153,0.3856680691242218,1.8858889234252274e-05,0.5585260987281799,0.39366331696510315,1.8858889234252274e-05,0.6182602643966675,0.38914811611175537,0.004268676973879337,0.6241338849067688,0.38946884870529175,0.004268676973879337,0.6182439923286438,0.38202202320098877,0.004268676973879337,0.6123539209365845,0.38881462812423706,0.004268676973879337,0.6182583570480347,0.3961823582649231,0.004268676973879337
666.6666666666667,0.5956587195396423,0.45669370889663696,-0.015484735369682312,0.5936919450759888,0.43369022011756897,-0.030137812718749046,0.5924424529075623,0.4410516023635864,-0.01570693589746952,0.5892430543899536,0.40656617283821106,-0.02338830940425396,0.5940632820129395,0.4252403974533081,-0.03220798447728157,0.594136655330658,0.4143296182155609,-0.03004256635904312,0.5939270257949829,0.3881731629371643,-0.015175318345427513,0.5512948036193848,0.3841586410999298,0.004132654517889023,0.5944798588752747,0.3640756905078888,-0.011550541035830975,0.5949973464012146,0.35185718536376953,-0.013032061979174614,0.5961760878562927,0.3107472360134125,-0.008132624439895153,0.5955041646957397,0.4602621793746948,-0.01475315261632204,0.5949646830558777,0.4639127850532532,-0.012882506474852562,0.5943130254745483,0.46629631519317627,-0.01026925165206194,0.5941563844680786,0.46710914373397827,-0.010119868442416191,0.5942583680152893,0.4714895486831665,-0.01090870052576065,0.5940369367599487,0.4766623079776764,-0.012043970637023449,0.5935052633285522,0.4818607568740845,-0.011213666759431362,0.5896753668785095,0.4862794578075409,-0.005703531205654144,0.5932655334472656,0.4378441572189331,-0.027191774919629097,0.5879595875740051,0.43725287914276123,-0.019870450720191002,0.526425838470459,0.34741953015327454,0.02982187829911709,0.5670652985572815,0.39361292123794556,-0.001081762253306806,0.5609744191169739,0.39405930042266846,-0.0008481739205308259,0.5553322434425354,0.3924808204174042,0.000598505896050483,0.5483067631721497,0.3861090838909149,0.005125909578055143,0.5724827647209167,0.39106684923171997,0.00017561228014528751,0.5607295632362366,0.3633498549461365,-0.0038008044939488173,0.5673284530639648,0.3652971386909485,-0.0033864788711071014,0.5542486310005188,0.364374041557312,-0.0019189832964912057,0.5497229695320129,0.3680524230003357,0.0003660439979285002,0.5424940586090088,0.39019647240638733,0.00811565201729536,0.5688403248786926,0.49814099073410034,-0.0003619772905949503,0.5494641065597534,0.3811677396297455,0.006106083281338215,0.5233363509178162,0.3844945728778839,0.032713524997234344,0.5357257127761841,0.3816889822483063,0.013620605692267418,0.5624368786811829,0.4244972765445709,-0.005797194316983223,0.5878342986106873,0.45439234375953674,-0.015339462086558342,0.5876209139823914,0.4629986882209778,-0.012592930346727371,0.5791957378387451,0.4566534161567688,-0.012524639256298542,0.5731383562088013,0.45890742540359497,-0.008662877604365349,0.5808103680610657,0.4625432789325714,-0.010798615403473377,0.57527756690979,0.46252453327178955,-0.007172346580773592,0.5637829303741455,0.4704917371273041,-0.00019137079652864486,0.5891329050064087,0.4332893490791321,-0.02992198057472706,0.5888111591339111,0.4250875413417816,-0.031826652586460114,0.5406166911125183,0.3536233901977539,0.0022549142595380545,0.5753320455551147,0.4056514501571655,-0.005996885243803263,0.5758629441261292,0.42991942167282104,-0.017170576378703117,0.575387179851532,0.42552879452705383,-0.015609785914421082,0.5430430173873901,0.4223615825176239,0.0008362357621081173,0.5890824198722839,0.4149961471557617,-0.028694581240415573,0.555719792842865,0.34377261996269226,-0.006846422329545021,0.5470995306968689,0.3464871942996979,-0.0025691655464470387,0.5336586236953735,0.3319128155708313,0.018608659505844116,0.581795334815979,0.35719722509384155,-0.010669520124793053,0.572845995426178,0.37032145261764526,-0.0014425296103581786,0.5592718124389648,0.4627120792865753,0.0005580479628406465,0.5288664102554321,0.461387574672699,0.04973841458559036,0.5798545479774475,0.4347262382507324,-0.014734545722603798,0.584234893321991,0.43733471632003784,-0.014445709064602852,0.5653297901153564,0.46238330006599426,0.000366829801350832,0.5668392777442932,0.462627649307251,-0.001005717320367694,0.5436878204345703,0.33911511301994324,-0.00023627097834832966,0.575275719165802,0.4330291748046875,-0.01395431999117136,0.5670446753501892,0.3466792106628418,-0.009742376394569874,0.5665944814682007,0.3385443389415741,-0.011176595464348793,0.5605872869491577,0.3126963973045349,-0.0028271551709622145,0.5386450290679932,0.33971285820007324,0.007544969208538532,0.5640547871589661,0.3286883234977722,-0.007521696388721466,0.536727786064148,0.3489350378513336,0.006792726926505566,0.5313944220542908,0.35226544737815857,0.017321400344371796,0.5876709222793579,0.45904120802879333,-0.014604879543185234,0.5800399780273438,0.4597759246826172,-0.011913576163351536,0.5742090940475464,0.4607503414154053,-0.00837675016373396,0.5810121297836304,0.436103880405426,-0.0131084518507123,0.5661093592643738,0.46251147985458374,-0.0002991642104461789,0.5695062279701233,0.4650532305240631,-0.0035712984390556812,0.5676511526107788,0.46277034282684326,-0.0010742628946900368,0.5826743841171265,0.43275365233421326,-0.0223865769803524,0.5760060548782349,0.46378186345100403,-0.00614060927182436,0.5813890695571899,0.4643837809562683,-0.008432818576693535,0.5875943303108215,0.4653342068195343,-0.010124352760612965,0.5821607708930969,0.48565131425857544,-0.005906539037823677,0.5853909254074097,0.48038801550865173,-0.011346613988280296,0.5861877799034119,0.47523587942123413,-0.012058108113706112,0.5869331955909729,0.47008320689201355,-0.010800812393426895,0.5875093340873718,0.46613267064094543,-0.009957694448530674,0.5759595632553101,0.4640800952911377,-0.00589618319645524,0.5748655200004578,0.4657239615917206,-0.006785748526453972,0.5735164284706116,0.4680442810058594,-0.007747175171971321,0.5723347067832947,0.47070086002349854,-0.0067656380124390125,0.5667649507522583,0.45146122574806213,-0.007003324571996927,0.5216695666313171,0.4209849238395691,0.057217393070459366,0.5928809642791748,0.4394731819629669,-0.019754795357584953,0.5719152092933655,0.4634261429309845,-0.0030554223340004683,0.5708115696907043,0.464132696390152,-0.003579571843147278,0.5857446789741516,0.4403608441352844,-0.014642097987234592,0.5766545534133911,0.4374544024467468,-0.009442538022994995,0.5850622057914734,0.4389103353023529,-0.014639929868280888,0.5684376955032349,0.4098701477050781,-0.004325250629335642,0.5579676032066345,0.41425955295562744,-0.0028355650138109922,0.5740638375282288,0.4287678301334381,-0.012376510538160801,0.5445480942726135,0.3199425935745239,0.0070624263025820255,0.5489526391029358,0.33124175667762756,-0.0006036534323357046,0.5537751913070679,0.33569270372390747,-0.0063719735480844975,0.5685112476348877,0.4764256477355957,-0.0027802065014839172,0.581087052822113,0.34445592761039734,-0.013225904665887356,0.5789938569068909,0.32975122332572937,-0.011030001565814018,0.5772074460983276,0.310146689414978,-0.007974930107593536,0.5507380366325378,0.3899373710155487,0.002944131148979068,0.5353748798370361,0.39538800716400146,0.011079251766204834,0.5761623382568359,0.38856688141822815,0.0009942769538611174,0.5430632829666138,0.37050819396972656,0.005430222488939762,0.5799084901809692,0.4005470275878906,-0.00781266763806343,0.5794161558151245,0.4274159371852875,-0.022510036826133728,0.5288037657737732,0.40111440420150757,0.01727009005844593,0.5394555330276489,0.40188509225845337,0.006044513545930386,0.5471820831298828,0.40568655729293823,0.0011033625341951847,0.5586643218994141,0.4056966304779053,-0.000721345713827759,0.5672708749771118,0.4031209647655487,-0.0017170702340081334,0.5739341378211975,0.39951467514038086,-0.002872022334486246,0.5884255170822144,0.38994652032852173,-0.013386628590524197,0.5291521549224854,0.41847002506256104,0.015913715586066246,0.5379019379615784,0.3671768605709076,0.007854851894080639,0.5905290842056274,0.43743443489074707,-0.02709982916712761,0.5762017369270325,0.4134318232536316,-0.008519184775650501,0.520308256149292,0.3834291398525238,0.051871102303266525,0.579132080078125,0.3951728045940399,-0.003532771486788988,0.5730404257774353,0.42910200357437134,-0.006778841372579336,0.5463536381721497,0.3799695372581482,0.007221932988613844,0.5791476368904114,0.42205825448036194,-0.02049802988767624,0.5241519212722778,0.4410657286643982,0.055071283131837845,0.576569676399231,0.3856631815433502,0.0021630723495036364,0.5840320587158203,0.41766393184661865,-0.02564830332994461,0.5433974266052246,0.480226993560791,0.01958233304321766,0.543559193611145,0.488921582698822,0.030325787141919136,0.5231491327285767,0.420049786567688,0.03635411709547043,0.535125195980072,0.46973687410354614,0.02641424536705017,0.5269836187362671,0.3673785328865051,0.02658574841916561,0.5679737329483032,0.5053286552429199,0.003077115397900343,0.5908135771751404,0.43907517194747925,-0.01950651966035366,0.5703719854354858,0.4187825918197632,-0.006646298337727785,0.5299427509307861,0.3829285800457001,0.01902025006711483,0.5565301775932312,0.3885378837585449,0.000806504103820771,0.5614551901817322,0.3899700939655304,-0.0003627770347520709,0.5682787895202637,0.4661872386932373,-0.0026849545538425446,0.5299051403999329,0.43499326705932617,0.01792009361088276,0.5776227712631226,0.5150477290153503,0.00526259234175086,0.5612341165542603,0.5054723024368286,0.015757611021399498,0.553417444229126,0.498900443315506,0.022062573581933975,0.5955979824066162,0.3313823342323303,-0.011359414085745811,0.5881604552268982,0.5165345072746277,0.004381578415632248,0.5665518641471863,0.38953906297683716,-0.0002737834583967924,0.5715409517288208,0.38781145215034485,0.0007959100184962153,0.5748302340507507,0.38659682869911194,0.0021102754399180412,0.5330583453178406,0.3645806610584259,0.013372405432164669,0.57131028175354,0.3798058331012726,-0.0005711299018003047,0.5661185383796692,0.3776586651802063,-0.0016768340719863772,0.5612806677818298,0.37723737955093384,-0.0016732867807149887,0.5564355254173279,0.37798261642456055,-0.0003567015810403973,0.5531541109085083,0.3792223632335663,0.0014255351852625608,0.5222359299659729,0.36371079087257385,0.04208257794380188,0.5533777475357056,0.38635942339897156,0.0025784822646528482,0.5920328497886658,0.4466347098350525,-0.01420523039996624,0.5733374357223511,0.4478866159915924,-0.009722363203763962,0.5799435973167419,0.4336194097995758,-0.016738897189497948,0.5845417976379395,0.4465616047382355,-0.014253521338105202,0.5940133333206177,0.3763512372970581,-0.01134872529655695,0.5521981120109558,0.49025899171829224,0.014510298147797585,0.5599962472915649,0.49780401587486267,0.009126153774559498,0.5775702595710754,0.5106074810028076,-0.001931292936205864,0.5356582403182983,0.4773359000682831,0.0406854972243309,0.5749837756156921,0.38324010372161865,0.001069954363629222,0.5844454765319824,0.4027644693851471,-0.015357283875346184,0.5886498689651489,0.5118765830993652,-0.0025482559576630592,0.5690450668334961,0.5111028552055359,0.009237973019480705,0.5251010060310364,0.4382646083831787,0.03578276187181473,0.5813264846801758,0.4649858772754669,-0.008237220346927643,0.5802633166313171,0.4679282307624817,-0.009219017811119556,0.5791751742362976,0.47173818945884705,-0.01033338438719511,0.5782300233840942,0.47621530294418335,-0.009552253410220146,0.5745867490768433,0.4817776679992676,-0.005180059932172298,0.5707182884216309,0.4625188410282135,-0.0038372150156646967,0.5695541501045227,0.4616372883319855,-0.003985107876360416,0.5685466527938843,0.46068915724754333,-0.00414933729916811,0.5615936517715454,0.4563411474227905,-0.0034297748934477568,0.537626326084137,0.43960365653038025,0.006675763055682182,0.5842811465263367,0.39462810754776,-0.010183476842939854,0.5808526277542114,0.3769778907299042,-0.0015635653398931026,0.5774611830711365,0.3788321018218994,0.0003221117949578911,0.5718270540237427,0.4633428752422333,-0.0032536375802010298,0.5373579263687134,0.4585251212120056,0.015356210991740227,0.5862814784049988,0.37608176469802856,-0.008344892412424088,0.5713152289390564,0.49004513025283813,-0.0024131082464009523,0.5940445065498352,0.40556100010871887,-0.024908244609832764,0.5887920260429382,0.3988398611545563,-0.01892155595123768,0.5939695239067078,0.3973923325538635,-0.019903384149074554,0.5802165269851685,0.41521137952804565,-0.015499686822295189,0.5890693068504333,0.5048398375511169,-0.0057473015040159225,0.5893901586532593,0.49530863761901855,-0.005794166121631861,0.5801483988761902,0.4945646822452545,-0.005237866193056107,0.5587291717529297,0.4747534990310669,0.0027761610690504313,0.5673752427101135,0.43489718437194824,-0.005425659473985434,0.5645928978919983,0.48349136114120483,0.00042478114482946694,0.5517990589141846,0.4331434965133667,-0.003872460685670376,0.5606515407562256,0.4421178996562958,-0.004549253266304731,0.546157956123352,0.44545820355415344,0.00030788782169111073,0.5783228874206543,0.5037770867347717,-0.004970840644091368,0.5766058564186096,0.419543981552124,-0.011690675280988216,0.5539796352386475,0.4813205599784851,0.00793585367500782,0.5615324974060059,0.4901259243488312,0.0045181759633123875,0.5536540150642395,0.4648122191429138,0.0027871637139469385,0.5315409302711487,0.44877889752388,0.020127637311816216,0.5459102392196655,0.46679678559303284,0.008134134113788605,0.5285657048225403,0.45484495162963867,0.03365328162908554,0.5551425218582153,0.4511854946613312,-0.0020615532994270325,0.5804438591003418,0.40801018476486206,-0.011631947942078114,0.5810654163360596,0.4312599003314972,-0.023606158792972565,0.5775527954101562,0.43273258209228516,-0.01757080666720867,0.5838950276374817,0.4259721338748932,-0.027268286794424057,0.5766260027885437,0.36627960205078125,-0.0037522227503359318,0.5672882795333862,0.358217716217041,-0.00493462011218071,0.558860182762146,0.3560243844985962,-0.004694758914411068,0.551589846611023,0.3576757311820984,-0.002501885173842311,0.5461490750312805,0.3621084988117218,0.0009092463296838105,0.5416390895843506,0.3806639313697815,0.009604130871593952,0.5223667621612549,0.40220707654953003,0.0347791388630867,0.5456786751747131,0.3945425748825073,0.005193464923650026,0.5516142249107361,0.39782601594924927,0.002174438675865531,0.5595325231552124,0.399108350276947,0.0002093674847856164,0.567222535610199,0.39785879850387573,-0.0008782462682574987,0.5734323859214783,0.3949887752532959,-0.00041853400762192905,0.5777578949928284,0.3921511173248291,-0.00078081019455567,0.5206360220909119,0.4020458459854126,0.056441012769937515,0.5774551033973694,0.43455299735069275,-0.01471233181655407,0.5845528841018677,0.4100448787212372,-0.0197502002120018,0.585168719291687,0.43202608823776245,-0.027556275948882103,0.587673544883728,0.4360160827636719,-0.024965040385723114,0.5848767161369324,0.4333227574825287,-0.02484114281833172,0.5786545872688293,0.43676456809043884,-0.012523576617240906,0.5887660384178162,0.4368126094341278,-0.026373960077762604,0.589124321937561,0.43850240111351013,-0.01966935396194458,0.5785914659500122,0.3855121433734894,0.0015844842419028282,0.5812649726867676,0.38714736700057983,-0.001458920305594802,0.5831722617149353,0.38838323950767517,-0.004955532029271126,0.5511311888694763,0.38019636273384094,0.003477155463770032,0.5466862916946411,0.37276768684387207,0.003691484220325947,0.5985210537910461,0.4070073962211609,-0.022567488253116608,0.6331633925437927,0.38947391510009766,0.010145419277250767,0.5976167321205139,0.43760958313941956,-0.019219882786273956,0.6535528898239136,0.35493701696395874,0.03901073709130287,0.6178870797157288,0.3957189917564392,0.0027777976356446743,0.6235116720199585,0.39695844054222107,0.003816969459876418,0.6287707686424255,0.39646345376968384,0.005991869606077671,0.6354954242706299,0.39180120825767517,0.01148210745304823,0.6129565238952637,0.39286163449287415,0.0031936371233314276,0.6259274482727051,0.36909282207489014,0.0010939206695184112,0.6195806264877319,0.37019777297973633,0.0004725596809294075,0.6319188475608826,0.370585560798645,0.0037425027694553137,0.6358023881912231,0.3743773400783539,0.006449743639677763,0.6400301456451416,0.3961498737335205,0.0149722034111619,0.6080690622329712,0.4990815818309784,0.0024790114257484674,0.6350066065788269,0.38702279329299927,0.012382842600345612,0.6543432474136353,0.3916885256767273,0.042044010013341904,0.645829439163208,0.38844063878059387,0.02129279263317585,0.6204338669776917,0.42725494503974915,-0.0018434202065691352,0.6025540232658386,0.4551989436149597,-0.014228453859686852,0.6009459495544434,0.46383172273635864,-0.01156381331384182,0.6086325645446777,0.4578814208507538,-0.010317090898752213,0.612305760383606,0.4607519507408142,-0.0056321825832128525,0.6057677268981934,0.4639730155467987,-0.008842313662171364,0.6093813180923462,0.4644347131252289,-0.00455851573497057,0.6140276193618774,0.4722052812576294,0.0036370456218719482,0.5980302095413208,0.4336639940738678,-0.029386073350906372,0.5989976525306702,0.42552751302719116,-0.031193090602755547,0.6441441178321838,0.3612149953842163,0.009471471421420574,0.6093518733978271,0.4073607325553894,-0.003387751989066601,0.6090660691261292,0.4312722682952881,-0.014707495458424091,0.6094385981559753,0.4269513487815857,-0.013087233528494835,0.6380327939987183,0.42705368995666504,0.007310295011848211,0.5988799929618835,0.4154070317745209,-0.027885926887392998,0.6318566203117371,0.351225882768631,-0.0018551764078438282,0.6392715573310852,0.3541102409362793,0.0036689890548586845,0.6496438980102539,0.33914464712142944,0.026803970336914062,0.6066738367080688,0.36136922240257263,-0.009028800763189793,0.6139789819717407,0.37418001890182495,0.001683040289208293,0.6188283562660217,0.46485164761543274,0.0051592313684523106,0.6418361067771912,0.4658510088920593,0.05835617706179619,0.6047475934028625,0.43570420145988464,-0.012925170361995697,0.6004526615142822,0.4379478394985199,-0.013529492542147636,0.6163283586502075,0.4653957188129425,0.004408730659633875,0.614902913570404,0.46542540192604065,0.002619956387206912,0.6422573924064636,0.3473282754421234,0.006454825401306152,0.6088317632675171,0.4343816339969635,-0.011531954631209373,0.6214094758033752,0.35303109884262085,-0.006324810441583395,0.6222322583198547,0.34538784623146057,-0.007651738356798887,0.6292561888694763,0.3173920512199402,0.0018006404861807823,0.6463688611984253,0.34625327587127686,0.014981123618781567,0.6257117390632629,0.33286482095718384,-0.003438801970332861,0.647204577922821,0.3569652736186981,0.014549062587320805,0.650846004486084,0.35923582315444946,0.02570623718202114,0.6020409464836121,0.4599181115627289,-0.013525404036045074,0.6073128581047058,0.46120771765708923,-0.009832262061536312,0.6109859943389893,0.4626525342464447,-0.005587930325418711,0.6033657789230347,0.4369334578514099,-0.01161664817482233,0.6156061887741089,0.4654271602630615,0.0034674061462283134,0.6131575703620911,0.4677291512489319,-0.0003303712874185294,0.6141006946563721,0.4654533863067627,0.0024560941383242607,0.6030967831611633,0.43361201882362366,-0.02072376385331154,0.6078925132751465,0.46563154458999634,-0.0036385415587574244,0.6042948365211487,0.465806245803833,-0.006568616256117821,0.5997510552406311,0.4661286175251007,-0.009067269042134285,0.5967371463775635,0.48611050844192505,-0.004888075403869152,0.6005231142044067,0.4812202453613281,-0.010178995318710804,0.6006804704666138,0.4759970009326935,-0.010847276076674461,0.6003419756889343,0.47084957361221313,-0.009614815935492516,0.5996065139770508,0.4668731391429901,-0.008833744563162327,0.6077696681022644,0.4659280478954315,-0.003385495860129595,0.6090589165687561,0.46783363819122314,-0.004251696169376373,0.610327422618866,0.47036653757095337,-0.005089418031275272,0.6111721396446228,0.47319620847702026,-0.00395237235352397,0.613987147808075,0.4532398581504822,-0.003599482821300626,0.6504313349723816,0.4273259937763214,0.06664463132619858,0.6105313301086426,0.4656051993370056,4.444663136382587e-05,0.6118833422660828,0.4666036367416382,-0.0004780596646014601,0.5988166332244873,0.4408651888370514,-0.013736792840063572,0.6067817211151123,0.4386381208896637,-0.0075302692130208015,0.5995784997940063,0.4394817650318146,-0.013766065239906311,0.6154339909553528,0.41222772002220154,-0.0008629369549453259,0.625044047832489,0.417657732963562,0.0017735713627189398,0.6100375056266785,0.43029919266700745,-0.009748402051627636,0.6422181725502014,0.3263498544692993,0.013711723499000072,0.6385867595672607,0.3370358347892761,0.005346064921468496,0.6338304281234741,0.3435605764389038,-0.0010664997389540076,0.6095274090766907,0.477748841047287,0.00040918332524597645,0.608306884765625,0.34937453269958496,-0.011472446843981743,0.6118274927139282,0.33200696110725403,-0.008910498581826687,0.6144009232521057,0.31270480155944824,-0.005635252222418785,0.6330341100692749,0.3949560523033142,0.008950130082666874,0.6457331776618958,0.40161991119384766,0.018669217824935913,0.6097026467323303,0.39030423760414124,0.003703772323206067,0.6410977244377136,0.3770110309123993,0.012346427887678146,0.6056175827980042,0.4018521308898926,-0.005727811716496944,0.6065826416015625,0.42859378457069397,-0.020528484135866165,0.6505588293075562,0.4074728786945343,0.025845158845186234,0.6423694491386414,0.4077693521976471,0.01321718655526638,0.6356171369552612,0.41076958179473877,0.0071999020874500275,0.6250742673873901,0.409383624792099,0.003938570152968168,0.6171467304229736,0.40570971369743347,0.00182367954403162,0.611095130443573,0.40150362253189087,-0.00019611779134720564,0.5989785194396973,0.39052414894104004,-0.01251571998000145,0.6494383215904236,0.4244717061519623,0.024441368877887726,0.6452370285987854,0.37431931495666504,0.015470887534320354,0.5958633422851562,0.4376285672187805,-0.026661954820156097,0.6084217429161072,0.41493937373161316,-0.005969032645225525,0.6544672250747681,0.3907032907009125,0.06170247495174408,0.6065638661384583,0.3967379927635193,-0.0014502478297799826,0.6104015707969666,0.43071383237838745,-0.004145233891904354,0.6377620697021484,0.38620099425315857,0.013826564885675907,0.6067249774932861,0.42324501276016235,-0.018468394875526428,0.6470441222190857,0.44654759764671326,0.06421380490064621,0.6094936728477478,0.3874208927154541,0.005001863464713097,0.6030232906341553,0.418477326631546,-0.024202562868595123,0.6306472420692444,0.4830366373062134,0.025936072692275047,0.6284613013267517,0.4912739396095276,0.03682021051645279,0.6523009538650513,0.42638662457466125,0.04563615843653679,0.6383082270622253,0.47356680035591125,0.03388116881251335,0.6528265476226807,0.37455233931541443,0.03554283827543259,0.6080440878868103,0.5061265230178833,0.006082375533878803,0.5949109792709351,0.43923014402389526,-0.019242551177740097,0.6133209466934204,0.420816034078598,-0.003526699962094426,0.6500081419944763,0.39005711674690247,0.0274655818939209,0.6281301379203796,0.3923730254173279,0.006094799377024174,0.6235116720199585,0.3927668333053589,0.00428736349567771,0.6141638159751892,0.46905168890953064,0.0007571008754894137,0.6472724676132202,0.4404847025871277,0.026201145723462105,0.5981686115264893,0.5153439044952393,0.006967427674680948,0.6129104495048523,0.5063521862030029,0.019924022257328033,0.6197918653488159,0.5003044605255127,0.027321459725499153,0.6187251806259155,0.3916141390800476,0.003681201720610261,0.6141148209571838,0.38957124948501587,0.0041716862469911575,0.6110708713531494,0.38837170600891113,0.005151533056050539,0.648715615272522,0.3721223771572113,0.021591996774077415,0.6148270964622498,0.3831711411476135,0.002946039428934455,0.6197581887245178,0.38202300667762756,0.0024251907598227262,0.6244345307350159,0.38220369815826416,0.003117563668638468,0.6289501190185547,0.38336092233657837,0.005072096362709999,0.6318682432174683,0.3848259150981903,0.007233757060021162,0.6550461053848267,0.37127685546875,0.05178319290280342,0.6311262249946594,0.39105018973350525,0.008321428671479225,0.6088017225265503,0.4492165446281433,-0.007086124736815691,0.6050369739532471,0.4346432685852051,-0.01499573141336441,0.5991708040237427,0.44709354639053345,-0.013138765469193459,0.6223755478858948,0.4922149181365967,0.019658174365758896,0.6151983737945557,0.4990948736667633,0.01318775862455368,0.5992041826248169,0.5110036134719849,-0.000291699223453179,0.6354868412017822,0.4807177186012268,0.04837619140744209,0.6111690402030945,0.3855195641517639,0.004200813360512257,0.602247416973114,0.4036346673965454,-0.013963163830339909,0.6060121059417725,0.5116176009178162,0.012315119616687298,0.6490554809570312,0.4439179301261902,0.044740576297044754,0.6041608452796936,0.4663642942905426,-0.006296574138104916,0.6053264141082764,0.4694577753543854,-0.00719238817691803,0.6061943173408508,0.4733860492706299,-0.008203327655792236,0.6065783500671387,0.47797703742980957,-0.007341081276535988,0.603818416595459,0.48263096809387207,-0.0027799061499536037,0.6122639179229736,0.4648800790309906,-0.0006092279800213873,0.6136856079101562,0.4641106426715851,-0.0004747795464936644,0.6148686408996582,0.4631633758544922,-0.00044937717029824853,0.6177293658256531,0.4584363102912903,0.0008051263284869492,0.6409856677055359,0.4443362057209015,0.013731286861002445,0.6022026538848877,0.3956010043621063,-0.008742542006075382,0.605901837348938,0.37933918833732605,0.0003122756024822593,0.6089632511138916,0.3813917636871338,0.002970663132146001,0.6106623411178589,0.4655599296092987,-0.0001182841369882226,0.638559103012085,0.46261343359947205,0.02248360589146614,0.6009907126426697,0.3781028091907501,-0.007192916702479124,0.6062349081039429,0.49093279242515564,9.531063551548868e-05,0.5987743735313416,0.39932382106781006,-0.018194828182458878,0.6054416298866272,0.41638657450675964,-0.013636382296681404,0.598081111907959,0.4949919581413269,-0.00407287385314703,0.6183602213859558,0.476797491312027,0.007135255262255669,0.6149755120277405,0.43693166971206665,-0.0021503400057554245,0.612545371055603,0.48490726947784424,0.003876074915751815,0.6295391321182251,0.43676039576530457,0.0011964495060965419,0.6204708814620972,0.44472089409828186,-0.0004831879632547498,0.6332058310508728,0.44929707050323486,0.0061296094208955765,0.599270761013031,0.5042552947998047,-0.003450748510658741,0.6080347299575806,0.4209369122982025,-0.009356365539133549,0.6220695972442627,0.4834713339805603,0.012872375547885895,0.6148109436035156,0.4915672242641449,0.008320401422679424,0.6239253878593445,0.46748432517051697,0.008061517961323261,0.644251823425293,0.45367491245269775,0.028105802834033966,0.6305955052375793,0.46994760632514954,0.014178791083395481,0.6447759866714478,0.45971328020095825,0.042182378470897675,0.624284029006958,0.4541320502758026,0.0027651875279843807,0.6051760911941528,0.40920329093933105,-0.009619747288525105,0.6048671007156372,0.43225836753845215,-0.02178838662803173,0.6073541641235352,0.4339343309402466,-0.015490085817873478,0.6031240224838257,0.4267882704734802,-0.02587430365383625,0.6107693314552307,0.3700905740261078,-0.0011869599111378193,0.6202275156974792,0.3635806739330292,-0.0012380764819681644,0.6283419132232666,0.36235854029655457,0.00010171056055696681,0.6348686814308167,0.3643046021461487,0.0033149090595543385,0.6392941474914551,0.3688761293888092,0.007416888605803251,0.6413094997406006,0.3869847357273102,0.01663057506084442,0.6541255712509155,0.4090873599052429,0.04429595544934273,0.6372377872467041,0.4000985026359558,0.011654505506157875,0.6317601799964905,0.40238767862319946,0.007809320464730263,0.6244602203369141,0.40241751074790955,0.004851983394473791,0.617359459400177,0.4001885652542114,0.0027756551280617714,0.611698567867279,0.39684683084487915,0.0023252202663570642,0.6078271865844727,0.39369267225265503,0.0014625189360231161,0.6525474190711975,0.4089380204677582,0.06616029143333435,0.6068663001060486,0.4356866478919983,-0.012658883817493916,0.602320671081543,0.4108600318431854,-0.018324030563235283,0.6014925241470337,0.43267735838890076,-0.026418451219797134,0.5983181595802307,0.4364002048969269,-0.02429039217531681,0.601235568523407,0.43399789929389954,-0.023664262145757675,0.6052960753440857,0.4377402067184448,-0.01080805528908968,0.5974621772766113,0.4371304512023926,-0.025822838768363,0.5964536666870117,0.4387313723564148,-0.019217798486351967,0.6075983047485352,0.38730067014694214,0.003963136114180088,0.6048426628112793,0.3887011706829071,0.00033148008515127003,0.6031565070152283,0.3898438513278961,-0.0034863813780248165,0.633630633354187,0.38596561551094055,0.009531225077807903,0.6381077170372009,0.3790625333786011,0.01012094784528017,0.5625229477882385,0.38381633162498474,0.0012344445567578077,0.5684329867362976,0.3842567205429077,0.0012344445567578077,0.5629222989082336,0.3763239085674286,0.0012344445567578077,0.5565369725227356,0.3833725154399872,0.0012344445567578077,0.5621458292007446,0.39120951294898987,0.0012344445567578077,0.6218417286872864,0.38577398657798767,0.005860301665961742,0.6276195645332336,0.386051207780838,0.005860301665961742,0.6218703985214233,0.3790268898010254,0.005860301665961742,0.6160838007926941,0.3855077922344208,0.005860301665961742,0.6218361258506775,0.3924534022808075,0.005860301665961742
700.0000000000001,0.599423348903656,0.4530017077922821,-0.01571732759475708,0.598456084728241,0.4307205379009247,-0.030085714533925056,0.5970632433891296,0.43823039531707764,-0.015814045444130898,0.5938454866409302,0.40335121750831604,-0.0232032872736454,0.5988308191299438,0.42211607098579407,-0.032079294323921204,0.5988221764564514,0.41110503673553467,-0.029805844649672508,0.5983320474624634,0.38493555784225464,-0.014611461199820042,0.5546910762786865,0.3815940320491791,0.0036400500684976578,0.5987510681152344,0.3609287440776825,-0.01066691055893898,0.5992329120635986,0.34863173961639404,-0.0119851129129529,0.6001527905464172,0.30728477239608765,-0.006657162681221962,0.5992766618728638,0.45646682381629944,-0.015012561343610287,0.5987383723258972,0.4599551260471344,-0.013181610032916069,0.5980887413024902,0.4622142016887665,-0.010688821785151958,0.5978579521179199,0.4624479413032532,-0.01102498359978199,0.5978809595108032,0.46691468358039856,-0.011978299356997013,0.5976051688194275,0.4722830355167389,-0.013274467550218105,0.5970578193664551,0.4777398705482483,-0.01271056942641735,0.5945404767990112,0.4819520115852356,-0.007505438290536404,0.5979746580123901,0.43496784567832947,-0.02717721089720726,0.592538058757782,0.4344276785850525,-0.020001158118247986,0.5299989581108093,0.34499478340148926,0.029052812606096268,0.5708646178245544,0.39079245924949646,-0.0012370619224384427,0.5647379159927368,0.39131465554237366,-0.0011602758895605803,0.5590274333953857,0.38982370495796204,0.0001543994148960337,0.5517528057098389,0.3837483823299408,0.004522767849266529,0.576267421245575,0.3881990909576416,0.00020038129878230393,0.5642476677894592,0.36026886105537415,-0.003930016420781612,0.5709301829338074,0.3622281551361084,-0.003305519698187709,0.5576720237731934,0.36135333776474,-0.002226887969300151,0.5531086921691895,0.3651835322380066,-6.056263737264089e-05,0.5461927652359009,0.3879520297050476,0.0073840683326125145,0.5734327435493469,0.49570703506469727,-0.0027040501590818167,0.5527834296226501,0.3787055015563965,0.005576850846409798,0.5270882844924927,0.3824409246444702,0.03154952824115753,0.5393946170806885,0.37971532344818115,0.012791937217116356,0.5668069124221802,0.42181089520454407,-0.006490473169833422,0.5916121602058411,0.4505549371242523,-0.01577829383313656,0.5914432406425476,0.4588831663131714,-0.013065566308796406,0.5831547975540161,0.4527890980243683,-0.013200576417148113,0.5771859288215637,0.45514607429504395,-0.009558579884469509,0.5847524404525757,0.45843061804771423,-0.011439803056418896,0.5793042778968811,0.4585220217704773,-0.007988250814378262,0.5682830810546875,0.46735644340515137,-0.0017761271446943283,0.5938694477081299,0.43036359548568726,-0.029968878254294395,0.5935909152030945,0.4219898581504822,-0.03181615471839905,0.5439390540122986,0.3509882688522339,0.0017347343964502215,0.5796403884887695,0.4028184413909912,-0.006122443825006485,0.580432653427124,0.4271136224269867,-0.01754303090274334,0.5799344182014465,0.4227018356323242,-0.01596119813621044,0.547199010848999,0.41985130310058594,-0.0002481424598954618,0.5937752723693848,0.41181817650794983,-0.02860792726278305,0.5591135025024414,0.3403046131134033,-0.006832388695329428,0.5503923892974854,0.3434203863143921,-0.0028326602187007666,0.5374007225036621,0.32915231585502625,0.018198061734437943,0.5855941772460938,0.3531912565231323,-0.010075480677187443,0.5765036344528198,0.36726221442222595,-0.001241956022568047,0.5635522603988647,0.45977911353111267,-0.0009495265549048781,0.5320433378219604,0.460555762052536,0.04754366725683212,0.5843943953514099,0.4319612979888916,-0.015047900378704071,0.5887963771820068,0.434518963098526,-0.014651156030595303,0.5695764422416687,0.45890459418296814,-0.0009266918641515076,0.5710967779159546,0.45903581380844116,-0.0021959419827908278,0.5469052791595459,0.3362273573875427,-0.0004956491757184267,0.579798698425293,0.4302462041378021,-0.014365470968186855,0.570602297782898,0.3428146243095398,-0.00943872332572937,0.5700371861457825,0.3346182703971863,-0.010797059163451195,0.5645945072174072,0.3094085156917572,-0.0023168509360402822,0.5426682829856873,0.3369046449661255,0.007281959056854248,0.5682957172393799,0.3254466652870178,-0.0069777993485331535,0.5400267839431763,0.34658747911453247,0.006222991738468409,0.5352659821510315,0.3497374653816223,0.016750361770391464,0.5914753675460815,0.4550914466381073,-0.015054162591695786,0.5839961171150208,0.4558296501636505,-0.012577059678733349,0.5782448649406433,0.45688796043395996,-0.009225830435752869,0.5855470895767212,0.43331998586654663,-0.013384521007537842,0.5703670978546143,0.458980917930603,-0.001524170394986868,0.5736016035079956,0.46123117208480835,-0.00489815603941679,0.5719190239906311,0.4591200351715088,-0.0022599133662879467,0.5872690081596375,0.42996156215667725,-0.022625034675002098,0.5800285339355469,0.45967236161231995,-0.006992162670940161,0.5853267908096313,0.4601486921310425,-0.00914622750133276,0.5914387106895447,0.46112972497940063,-0.010707978159189224,0.5870989561080933,0.4815254211425781,-0.00782070867717266,0.5891436338424683,0.4763062298297882,-0.01296625379472971,0.5899276733398438,0.4708610773086548,-0.013469303026795387,0.5907080769538879,0.46548596024513245,-0.01203881110996008,0.5913230776786804,0.4614092707633972,-0.011020142585039139,0.5799487829208374,0.4597110152244568,-0.007085645105689764,0.5788305997848511,0.46150654554367065,-0.008106544613838196,0.5775017142295837,0.4639912247657776,-0.009176853112876415,0.576340913772583,0.4668468236923218,-0.008283021859824657,0.5711632370948792,0.4486290216445923,-0.00789550319314003,0.5248214602470398,0.4197693169116974,0.055363766849040985,0.597533643245697,0.43662646412849426,-0.019790852442383766,0.5760055780410767,0.45935559272766113,-0.004260873422026634,0.5749039649963379,0.4601828455924988,-0.004863556940108538,0.5903653502464294,0.4375554025173187,-0.014932516030967236,0.581151008605957,0.43467485904693604,-0.00986869540065527,0.589651346206665,0.4361047148704529,-0.014870732091367245,0.5727353692054749,0.4071372449398041,-0.00468469550833106,0.5622586011886597,0.41157668828964233,-0.003483886830508709,0.57857346534729,0.42597538232803345,-0.012789997272193432,0.5484472513198853,0.3168925940990448,0.007080903742462397,0.5531193017959595,0.32820403575897217,-0.0004845850053243339,0.5570662617683411,0.33231449127197266,-0.006318006198853254,0.5731944441795349,0.47302860021591187,-0.004508830141276121,0.5847153663635254,0.34017038345336914,-0.012530663050711155,0.5832138061523438,0.3263852000236511,-0.010089459829032421,0.5812408328056335,0.3067333698272705,-0.006968007422983646,0.5543139576911926,0.3874436914920807,0.0023928566370159388,0.5392227172851562,0.39329591393470764,0.010143655352294445,0.5799171328544617,0.3856121599674225,0.0011179695138707757,0.5464699268341064,0.3680517375469208,0.004823492839932442,0.5842359066009521,0.39760005474090576,-0.0077810147777199745,0.5840485095977783,0.4245538115501404,-0.022761112079024315,0.5327634215354919,0.3989165425300598,0.01604931429028511,0.5433304309844971,0.3995288610458374,0.005110800266265869,0.551159679889679,0.4030928611755371,0.00032860078499652445,0.562736451625824,0.40302228927612305,-0.0012363070854917169,0.5713886618614197,0.40041038393974304,-0.0019932445138692856,0.5780962109565735,0.39666202664375305,-0.0029266891069710255,0.5928255915641785,0.38677215576171875,-0.01299460418522358,0.5330812335014343,0.41637855768203735,0.014476809650659561,0.5413687229156494,0.364936888217926,0.007150274235755205,0.5952267050743103,0.43456724286079407,-0.027167679741978645,0.5805945992469788,0.4106142222881317,-0.008730802685022354,0.5236248970031738,0.3817148208618164,0.05050450563430786,0.5832759737968445,0.3920798897743225,-0.0034001211170107126,0.5774630904197693,0.42636042833328247,-0.0072229462675750256,0.5497199892997742,0.3776552975177765,0.00662678387016058,0.5837413668632507,0.4191630780696869,-0.02070440538227558,0.527335524559021,0.4401108920574188,0.05302414670586586,0.5802409648895264,0.3826637864112854,0.0023169717751443386,0.5886930227279663,0.4145995080471039,-0.025713223963975906,0.5470406413078308,0.47879424691200256,0.01727968081831932,0.547059953212738,0.48800143599510193,0.028003258630633354,0.5268040895462036,0.4184110462665558,0.034696098417043686,0.5385788679122925,0.4683987498283386,0.024185720831155777,0.5307967662811279,0.3650800585746765,0.025717750191688538,0.5724892020225525,0.5032728910446167,0.0005433581536635756,0.5954537391662598,0.4362395703792572,-0.019590379670262337,0.574744701385498,0.41605818271636963,-0.007055576425045729,0.5337027907371521,0.38127636909484863,0.018031666055321693,0.5600882768630981,0.38570019602775574,0.00044124649139121175,0.565089762210846,0.38702431321144104,-0.0006140462355688214,0.5724087357521057,0.4624982178211212,-0.004057060927152634,0.5336913466453552,0.43311476707458496,0.016267219558358192,0.5823204517364502,0.5128945112228394,0.002892562188208103,0.565424382686615,0.5040948390960693,0.01333268266171217,0.5572836995124817,0.4977935552597046,0.019686579704284668,0.5997238159179688,0.32794830203056335,-0.010011422447860241,0.5929204821586609,0.5141118764877319,0.002263501984998584,0.5702095031738281,0.3865654766559601,-0.0003844230086542666,0.5751866698265076,0.384848952293396,0.0008104177541099489,0.5784761905670166,0.38363775610923767,0.002210679231211543,0.5365569591522217,0.36272239685058594,0.012581340968608856,0.5749561190605164,0.37696558237075806,-0.0004853427817579359,0.5697849988937378,0.37479478120803833,-0.0016766920452937484,0.56491619348526,0.37423890829086304,-0.0018171018455177546,0.5599552392959595,0.3750045895576477,-0.000652185408398509,0.5565704703330994,0.3764130175113678,0.0010316406842321157,0.5256962180137634,0.36161261796951294,0.04101397469639778,0.5568538904190063,0.38366225361824036,0.002133017871528864,0.5966988801956177,0.4437583088874817,-0.014387864619493484,0.5778710842132568,0.4450565576553345,-0.010408113710582256,0.5844992995262146,0.43085575103759766,-0.01699644699692726,0.5892296433448792,0.4437050223350525,-0.014667426235973835,0.598323404788971,0.3732043206691742,-0.010617949068546295,0.5561447143554688,0.48869630694389343,0.012126120738685131,0.5642067193984985,0.4960816502571106,0.006655179895460606,0.5823309421539307,0.5081369876861572,-0.004414754919707775,0.538921594619751,0.47648921608924866,0.03844389319419861,0.5786338448524475,0.3802882134914398,0.001195887685753405,0.58891761302948,0.39966362714767456,-0.015225357376039028,0.5934959650039673,0.5091215372085571,-0.004790797363966703,0.5735381841659546,0.509336531162262,0.0067812115885317326,0.5286773443222046,0.4368339776992798,0.0339047871530056,0.5852315425872803,0.46035245060920715,-0.009376688860356808,0.5841230750083923,0.46347689628601074,-0.010531889274716377,0.5830309391021729,0.4674983322620392,-0.011790708638727665,0.582084596157074,0.47224390506744385,-0.01115095429122448,0.579456090927124,0.4780076742172241,-0.007028848864138126,0.574846625328064,0.45870262384414673,-0.004840442445129156,0.5736854672431946,0.457928329706192,-0.0050417217426002026,0.572695791721344,0.45706653594970703,-0.005240499973297119,0.565860390663147,0.4534562826156616,-0.0046151140704751015,0.5415216088294983,0.4374445378780365,0.005182365886867046,0.5886412858963013,0.39155447483062744,-0.009954307228326797,0.5847174525260925,0.3737097382545471,-0.0011460280511528254,0.5812187194824219,0.3757583498954773,0.0005844201659783721,0.5759878754615784,0.4594249427318573,-0.004267407581210136,0.5409981608390808,0.45672696828842163,0.013437237590551376,0.5903011560440063,0.37251612544059753,-0.007823479361832142,0.5760284066200256,0.48705944418907166,-0.0045240395702421665,0.5986366271972656,0.4023019075393677,-0.024562515318393707,0.5933030247688293,0.39562880992889404,-0.018610911443829536,0.5984740853309631,0.3941251039505005,-0.019446739926934242,0.5847304463386536,0.4122731387615204,-0.015589033253490925,0.5939529538154602,0.501715362071991,-0.007921057753264904,0.5942705869674683,0.4916067123413086,-0.007815554738044739,0.585007905960083,0.4911414086818695,-0.007420735899358988,0.5630637407302856,0.4721834063529968,0.0009394632652401924,0.5717504620552063,0.43220606446266174,-0.006109671667218208,0.5691388845443726,0.48082077503204346,-0.0015711927553638816,0.5560021996498108,0.43053627014160156,-0.004953891038894653,0.5649334192276001,0.43942731618881226,-0.005508563946932554,0.5501126050949097,0.44306784868240356,-0.0011130115017294884,0.5831347703933716,0.5009366273880005,-0.00735832192003727,0.5810612440109253,0.4167347550392151,-0.011936034075915813,0.5581036806106567,0.47926095128059387,0.005807777866721153,0.5659095048904419,0.4879547357559204,0.0022532388102263212,0.5578069090843201,0.4622930884361267,0.0010662638815119863,0.5351759791374207,0.4470844864845276,0.01827506721019745,0.5497907400131226,0.46473994851112366,0.00622324924916029,0.5320347547531128,0.4535357356071472,0.03155677765607834,0.5592412352561951,0.44852375984191895,-0.00332993664778769,0.584867000579834,0.405053049325943,-0.011677839793264866,0.5856810212135315,0.42844974994659424,-0.023850133642554283,0.5821213126182556,0.4299531877040863,-0.01790212094783783,0.5885944366455078,0.42300981283187866,-0.027406927198171616,0.5803606510162354,0.36283591389656067,-0.003385914256796241,0.5708644986152649,0.3547849655151367,-0.004760350100696087,0.5623075366020203,0.3527091443538666,-0.0047550746239721775,0.5549479126930237,0.35454750061035156,-0.002797915367409587,0.5494602918624878,0.3592745363712311,0.0004377823497634381,0.5451719164848328,0.3784700632095337,0.008920161984860897,0.5260674357414246,0.40036889910697937,0.03333321958780289,0.5494105219841003,0.39215606451034546,0.004490944556891918,0.5554561614990234,0.3952759802341461,0.0015946123749017715,0.5634399652481079,0.39647403359413147,-0.0001988698641071096,0.5711835026741028,0.3951699137687683,-0.0010866582160815597,0.5774132013320923,0.39220482110977173,-0.0004086726112291217,0.5817501544952393,0.3892086148262024,-0.0006359639228321612,0.5238277912139893,0.4005911350250244,0.05481885373592377,0.5819949507713318,0.4317813515663147,-0.015063983388245106,0.5891208648681641,0.4069443345069885,-0.019713332876563072,0.5898500084877014,0.4291630685329437,-0.027695350348949432,0.5922974348068237,0.43318331241607666,-0.025070130825042725,0.5894927382469177,0.43050891160964966,-0.02500082179903984,0.5831761360168457,0.43397799134254456,-0.01286508608609438,0.5934351682662964,0.43395939469337463,-0.02645842544734478,0.5937308073043823,0.4356756806373596,-0.019776033237576485,0.5823749899864197,0.3824482560157776,0.0018228668486699462,0.5852360725402832,0.38401004672050476,-0.0011347163235768676,0.587267279624939,0.38504981994628906,-0.004621604923158884,0.5544877052307129,0.3775671422481537,0.003014663001522422,0.5500344038009644,0.3702169954776764,0.003165128640830517,0.6030729413032532,0.40374311804771423,-0.02206975780427456,0.6370701789855957,0.38607239723205566,0.011948912404477596,0.6022189259529114,0.43474578857421875,-0.019111955538392067,0.6564129590988159,0.3519795536994934,0.041711654514074326,0.6216291785240173,0.39319202303886414,0.004102127626538277,0.6274824738502502,0.39420998096466064,0.0052810003980994225,0.6328513622283936,0.39343011379241943,0.00760254543274641,0.6391646265983582,0.38858041167259216,0.013305719941854477,0.6165584325790405,0.39033013582229614,0.0043885488994419575,0.6300652623176575,0.36593014001846313,0.0028419429436326027,0.6234485507011414,0.3671371042728424,0.002044864697381854,0.6361438035964966,0.3673231899738312,0.005597238894551992,0.6399392485618591,0.3710387647151947,0.008354365825653076,0.6436447501182556,0.39307692646980286,0.01683737523853779,0.6128004789352417,0.49619030952453613,0.001190956449136138,0.6386971473693848,0.3837376534938812,0.014253875240683556,0.6576022505760193,0.38896089792251587,0.04443458467721939,0.6487434506416321,0.3855040669441223,0.023379283025860786,0.6247610449790955,0.4242255985736847,-0.0010423881467431784,0.6064290404319763,0.45146486163139343,-0.014291008934378624,0.6048116087913513,0.45987582206726074,-0.011692173779010773,0.6126644611358643,0.454324871301651,-0.010223574005067348,0.6165217757225037,0.4574553370475769,-0.0054650637321174145,0.6098231673240662,0.46019574999809265,-0.00881688017398119,0.613627016544342,0.4609084725379944,-0.00448051979765296,0.6186013221740723,0.46865829825401306,0.00342140207067132,0.602770209312439,0.4306827485561371,-0.02923106774687767,0.6037343144416809,0.4223780632019043,-0.030946500599384308,0.6483029127120972,0.3579438030719757,0.011688734404742718,0.6135397553443909,0.4043368399143219,-0.002541983500123024,0.6135347485542297,0.42827850580215454,-0.014175585471093655,0.6138380169868469,0.42393824458122253,-0.012503220699727535,0.6422855854034424,0.42396998405456543,0.008686144836246967,0.6035184860229492,0.4121760427951813,-0.02749648317694664,0.6367713212966919,0.3475673794746399,7.106711564119905e-05,0.6439462900161743,0.3506591320037842,0.005794144235551357,0.6526050567626953,0.3359840512275696,0.029506701976060867,0.6113643646240234,0.3577578067779541,-0.007793323136866093,0.6175963878631592,0.37116485834121704,0.0030952582601457834,0.6235044002532959,0.46149471402168274,0.0053170970641076565,0.6456615924835205,0.46419355273246765,0.059409115463495255,0.6092472672462463,0.43279609084129333,-0.01256737019866705,0.6049798727035522,0.43505117297172546,-0.013404126279056072,0.6209058165550232,0.46256136894226074,0.004544541239738464,0.61942458152771,0.4624851644039154,0.0026866262778639793,0.646767258644104,0.3438730835914612,0.008724922314286232,0.613280177116394,0.4314040243625641,-0.011059775948524475,0.6263247132301331,0.3493170142173767,-0.004698580130934715,0.627313494682312,0.3414047360420227,-0.0059163509868085384,0.632697343826294,0.3139829933643341,0.004105394706130028,0.6496383547782898,0.342928022146225,0.017507869750261307,0.6293899416923523,0.32937976717948914,-0.0013446190860122442,0.6510084271430969,0.3538855314254761,0.016911854967474937,0.6540259122848511,0.3561016619205475,0.028294801712036133,0.6059098243713379,0.4560944139957428,-0.013604359701275826,0.6113438010215759,0.45757636427879333,-0.009772036224603653,0.6152174472808838,0.4592674970626831,-0.005467795301228762,0.6078773140907288,0.4340187609195709,-0.011348596774041653,0.6201549172401428,0.46254369616508484,0.0035606257151812315,0.617519199848175,0.4644632935523987,-0.0005468527087941766,0.6185788512229919,0.46244972944259644,0.0024892922956496477,0.6076655983924866,0.43071964383125305,-0.020344823598861694,0.6121414303779602,0.4619954526424408,-0.003643824253231287,0.608343780040741,0.4619063436985016,-0.0066566746681928635,0.603606641292572,0.4620913863182068,-0.009300257079303265,0.6014317870140076,0.48182037472724915,-0.006467720959335566,0.6040897369384766,0.4772491157054901,-0.011431497521698475,0.6042529940605164,0.4717373251914978,-0.011882438324391842,0.6039935350418091,0.46637487411499023,-0.010481459088623524,0.603396475315094,0.4622787833213806,-0.009539864957332611,0.6120076775550842,0.4619957208633423,-0.0037272307090461254,0.6132278442382812,0.46404093503952026,-0.004726988263428211,0.61444091796875,0.4667266011238098,-0.005647123791277409,0.6152582168579102,0.46973809599876404,-0.004525266122072935,0.6186699867248535,0.45009082555770874,-0.0032556571532040834,0.6536754965782166,0.42530107498168945,0.068421371281147,0.6149417757987976,0.4620934724807739,-9.435955143999308e-05,0.6162445545196533,0.4632147550582886,-0.0006953465635888278,0.6033599376678467,0.43798577785491943,-0.01370216067880392,0.6112384796142578,0.435682475566864,-0.007254688534885645,0.6041103601455688,0.4365990459918976,-0.013676878064870834,0.6195974946022034,0.4092288315296173,8.091986092040315e-05,0.6292499899864197,0.41459012031555176,0.0028888487722724676,0.6144209504127502,0.42729875445365906,-0.009199928492307663,0.6453632712364197,0.32304614782333374,0.016272908076643944,0.6419970393180847,0.33359313011169434,0.007710750680416822,0.6387242078781128,0.33972597122192383,0.0010115099139511585,0.6141173839569092,0.47394657135009766,-0.00020347586541902274,0.6133054494857788,0.3453313708305359,-0.010085348971188068,0.615742027759552,0.3285260796546936,-0.007159141823649406,0.6181199550628662,0.3092425465583801,-0.0037178979255259037,0.6369310021400452,0.39174094796180725,0.010685479268431664,0.6490515470504761,0.39868006110191345,0.020619196817278862,0.6132229566574097,0.387676477432251,0.004873152822256088,0.6449018120765686,0.3737247884273529,0.014383531175553799,0.609849214553833,0.3987656831741333,-0.004921401385217905,0.6111177802085876,0.42559075355529785,-0.020046282559633255,0.6542221307754517,0.40456703305244446,0.02789921686053276,0.6463603377342224,0.40478768944740295,0.01500246487557888,0.6400855183601379,0.4077991247177124,0.008734886534512043,0.6294857859611511,0.40663978457450867,0.00519719161093235,0.6213784217834473,0.40307897329330444,0.0028974039014428854,0.6152245998382568,0.39877915382385254,0.0007578665972687304,0.603344738483429,0.38729870319366455,-0.011789471842348576,0.6533417701721191,0.42163532972335815,0.026264550164341927,0.648734450340271,0.3711666464805603,0.017654545605182648,0.6005675196647644,0.43472933769226074,-0.026570377871394157,0.6126915216445923,0.4119349420070648,-0.005242754239588976,0.6573905944824219,0.3882940113544464,0.06406331807374954,0.6107053756713867,0.3938160538673401,-0.0005320436903275549,0.6147351861000061,0.42776259779930115,-0.0036277465987950563,0.6413505673408508,0.38296008110046387,0.015742627903819084,0.6111788153648376,0.420206218957901,-0.017928747460246086,0.6504813432693481,0.4447384774684906,0.0656503438949585,0.6128342151641846,0.384718120098114,0.006254326552152634,0.6075767874717712,0.4153133034706116,-0.023722609505057335,0.6352732181549072,0.48087137937545776,0.02605649083852768,0.6329277157783508,0.4895050525665283,0.036938395351171494,0.6558618545532227,0.42394888401031494,0.04755016416311264,0.6427812576293945,0.4714996814727783,0.03450730815529823,0.6560109853744507,0.37163224816322327,0.03806605562567711,0.6127691864967346,0.5035861134529114,0.004701016005128622,0.599550724029541,0.4363803565502167,-0.01923142373561859,0.6175719499588013,0.4178469777107239,-0.0027751538436859846,0.6522125601768494,0.38740074634552,0.029687931761145592,0.632326602935791,0.3891937732696533,0.007741429843008518,0.6275717616081238,0.38990965485572815,0.005818997975438833,0.6185309886932373,0.4659043252468109,0.0005826138076372445,0.6513701677322388,0.4378524422645569,0.02770269848406315,0.6028416752815247,0.5129002332687378,0.005220750346779823,0.6174238324165344,0.5042856335639954,0.019060464575886726,0.6243053078651428,0.4984082579612732,0.02691551484167576,0.6225062608718872,0.3890020549297333,0.005091136787086725,0.6176780462265015,0.387026846408844,0.005496540106832981,0.6145144701004028,0.3857681453227997,0.006428961642086506,0.6516183614730835,0.36926761269569397,0.02391037344932556,0.6181451082229614,0.38048431277275085,0.004388552159070969,0.6231773495674133,0.37934017181396484,0.003997934516519308,0.6281128525733948,0.37935617566108704,0.004805135075002909,0.6327884197235107,0.3803010582923889,0.006849781144410372,0.635715126991272,0.3816044330596924,0.009054274298250675,0.6578865051269531,0.36856648325920105,0.054365284740924835,0.6352277994155884,0.38766393065452576,0.01006174087524414,0.6133888959884644,0.4461577832698822,-0.006832832470536232,0.6095514893531799,0.4317384660243988,-0.014617864973843098,0.6037807464599609,0.4441337287425995,-0.013164437375962734,0.6269732713699341,0.4899534583091736,0.01922212727367878,0.6198561787605286,0.4967554211616516,0.012253503315150738,0.6039989590644836,0.5082563161849976,-0.0021507854107767344,0.6397192478179932,0.47903817892074585,0.0490264892578125,0.6145185232162476,0.38276779651641846,0.005535948555916548,0.606635332107544,0.4004383087158203,-0.013305171392858028,0.6105983257293701,0.5093260407447815,0.011010043323040009,0.6527917981147766,0.4416704773902893,0.0462794303894043,0.6081730127334595,0.46201932430267334,-0.006807250436395407,0.6092208027839661,0.4652799367904663,-0.00785608310252428,0.6099967360496521,0.46939927339553833,-0.008976886980235577,0.6103678941726685,0.4742330014705658,-0.008225198835134506,0.6084157228469849,0.47854045033454895,-0.003830704838037491,0.616666853427887,0.4616487920284271,-0.0004951677983626723,0.6180893778800964,0.46098875999450684,-0.0003056136192753911,0.619282603263855,0.46011191606521606,-0.00023161717399489135,0.622481644153595,0.45517927408218384,0.001162616303190589,0.6454392671585083,0.4415211081504822,0.014909368008375168,0.6064924597740173,0.39243704080581665,-0.007964481599628925,0.6096221208572388,0.37621691823005676,0.0014409308787435293,0.612423300743103,0.3784409165382385,0.004251598846167326,0.615026593208313,0.4622259736061096,-6.56589400023222e-05,0.6431123614311218,0.46012112498283386,0.023260807618498802,0.6053436994552612,0.3747854232788086,-0.006242427043616772,0.6109113693237305,0.48755452036857605,-0.0011172652011737227,0.6032354235649109,0.39605921506881714,-0.017602287232875824,0.6098190546035767,0.41330569982528687,-0.01303989626467228,0.6028649806976318,0.4913555979728699,-0.005818482488393784,0.622949481010437,0.4736785590648651,0.006890186108648777,0.6193723082542419,0.43395519256591797,-0.0016208917368203402,0.617124617099762,0.48173415660858154,0.0031245804857462645,0.6340668797492981,0.4336783289909363,0.002028732094913721,0.6250609755516052,0.4416508972644806,6.649309943895787e-05,0.6378834843635559,0.4463389813899994,0.0068902079947292805,0.6041059494018555,0.5011616945266724,-0.005247157532721758,0.6123478412628174,0.4179529547691345,-0.008737538009881973,0.6266564130783081,0.4807526469230652,0.0125817796215415,0.6194495558738708,0.48883044719696045,0.007464317604899406,0.6286029815673828,0.46441638469696045,0.00827727746218443,0.6485227942466736,0.451244980096817,0.02926378697156906,0.6352556347846985,0.46721914410591125,0.014525274746119976,0.6488296985626221,0.4576331377029419,0.04332058131694794,0.6290448904037476,0.4510149657726288,0.0032837323378771544,0.6094884276390076,0.4061084985733032,-0.008922879584133625,0.6094351410865784,0.4293231666088104,-0.021362531930208206,0.6118596196174622,0.4309910833835602,-0.015057857148349285,0.6077624559402466,0.42372366786003113,-0.025483138859272003,0.614738941192627,0.3667730689048767,0.00015644068480469286,0.6245642900466919,0.36022430658340454,0.0003576925373636186,0.6329221725463867,0.35898879170417786,0.0018928591161966324,0.6394249796867371,0.3608962297439575,0.005256294272840023,0.6435809135437012,0.36549514532089233,0.009435778483748436,0.6446707248687744,0.3839062452316284,0.01861191913485527,0.6575433015823364,0.40649691224098206,0.046494994312524796,0.641173779964447,0.3970280885696411,0.013402735814452171,0.635930061340332,0.3994000256061554,0.009366404265165329,0.6285713911056519,0.39969369769096375,0.006208543200045824,0.621259868144989,0.3976270854473114,0.003961730748414993,0.6154647469520569,0.39425358176231384,0.0033879722468554974,0.6115494966506958,0.3909451961517334,0.00246810563839972,0.6556127667427063,0.40673699975013733,0.06826115399599075,0.6113526225090027,0.4327424168586731,-0.012263265438377857,0.6067895293235779,0.4076663553714752,-0.017747418954968452,0.6061622500419617,0.4297234117984772,-0.026133406907320023,0.6029532551765442,0.4335106313228607,-0.02414785325527191,0.6058542132377625,0.43109646439552307,-0.023389771580696106,0.6097872257232666,0.43479764461517334,-0.010523402132093906,0.6021395921707153,0.4342270791530609,-0.02570820227265358,0.6010765433311462,0.4358677864074707,-0.019157802686095238,0.6109932661056519,0.38455790281295776,0.005114540923386812,0.6085430979728699,0.3857886791229248,0.0013363290345296264,0.6073081493377686,0.3867155611515045,-0.0025934409350156784,0.6374189257621765,0.3826645016670227,0.011377991177141666,0.6419979333877563,0.375704288482666,0.01204710640013218,0.5657913088798523,0.3804324269294739,0.0010463522048667073,0.5719653367996216,0.38081857562065125,0.0010463522048667073,0.566105842590332,0.37258225679397583,0.0010463522048667073,0.5595269799232483,0.38002362847328186,0.0010463522048667073,0.5654734373092651,0.3881605267524719,0.0010463522048667073,0.6250227689743042,0.38289687037467957,0.0074440957978367805,0.6307891607284546,0.38305869698524475,0.0074440957978367805,0.6249434947967529,0.37611496448516846,0.0074440957978367805,0.6192210912704468,0.3827444016933441,0.0074440957978367805,0.6250892877578735,0.3896215260028839,0.0074440957978367805
733.3333333333335,0.6027804613113403,0.44910991191864014,-0.016540804877877235,0.6030007600784302,0.42703694105148315,-0.030371960252523422,0.601420521736145,0.4348166882991791,-0.016322167590260506,0.5982122421264648,0.3999156653881073,-0.02301379106938839,0.6033821105957031,0.4184134602546692,-0.032220907509326935,0.6033102869987488,0.4075174033641815,-0.029738306999206543,0.6025896072387695,0.38172006607055664,-0.01389553863555193,0.5580641031265259,0.37907907366752625,0.003920606803148985,0.6028545498847961,0.35813772678375244,-0.00949063990265131,0.6032820343971252,0.3458854556083679,-0.010522345080971718,0.6038604378700256,0.3047117590904236,-0.004247473552823067,0.6026613712310791,0.4527018666267395,-0.015894539654254913,0.6021810173988342,0.45636555552482605,-0.014117784798145294,0.6015898585319519,0.458751916885376,-0.011673600412905216,0.6013339161872864,0.45897141098976135,-0.011949573643505573,0.6013704538345337,0.4634638726711273,-0.012990977615118027,0.6011456251144409,0.46894797682762146,-0.014399784617125988,0.6006776094436646,0.47459399700164795,-0.01396368071436882,0.5987460613250732,0.47912028431892395,-0.008982851170003414,0.6024566292762756,0.43138062953948975,-0.027536841109395027,0.5968418717384338,0.4309461712837219,-0.020443817600607872,0.53315669298172,0.34339794516563416,0.029814589768648148,0.5745479464530945,0.3882675766944885,-0.0008627165807411075,0.5683912634849548,0.38873985409736633,-0.0008921969565562904,0.5626394748687744,0.38729697465896606,0.0003495709679555148,0.5551931262016296,0.3813609778881073,0.004679948557168245,0.5799465179443359,0.38575056195259094,0.0006707253050990403,0.5678747892379761,0.3571709990501404,-0.003341359319165349,0.574632465839386,0.3592507839202881,-0.0025716263335198164,0.56118243932724,0.3583561182022095,-0.0017558158142492175,0.5565154552459717,0.3624161183834076,0.00033903546864166856,0.5497649908065796,0.38575294613838196,0.0073876394890248775,0.5774627327919006,0.49299904704093933,-0.004746772348880768,0.5560991168022156,0.3761734366416931,0.005861721001565456,0.5304340720176697,0.38077929615974426,0.0314558744430542,0.5428542494773865,0.3779239058494568,0.012853864580392838,0.5706936120986938,0.4188413619995117,-0.0069616250693798065,0.5949997305870056,0.44666290283203125,-0.016676107421517372,0.5949890613555908,0.45536330342292786,-0.014087623916566372,0.5866442322731018,0.44929710030555725,-0.014222229830920696,0.5808160305023193,0.45214107632637024,-0.010648052208125591,0.5884230732917786,0.45515576004981995,-0.012516218237578869,0.5830920338630676,0.4555848240852356,-0.009104064665734768,0.5719801187515259,0.4647526741027832,-0.003234617877751589,0.5983436107635498,0.42669928073883057,-0.030300643295049667,0.5980715751647949,0.41832172870635986,-0.03201914578676224,0.5474362373352051,0.3487267792224884,0.0022099667694419622,0.5835875868797302,0.3998614549636841,-0.006014239974319935,0.5843628644943237,0.42371270060539246,-0.0179881788790226,0.583831787109375,0.41936907172203064,-0.016328653320670128,0.5509837865829468,0.4171229600906372,-0.0009379912517033517,0.598200798034668,0.4082600772380829,-0.028622593730688095,0.5626721978187561,0.33685165643692017,-0.006029571872204542,0.553926408290863,0.3405975103378296,-0.0021992383990436792,0.5406233072280884,0.327327698469162,0.01935703307390213,0.5894891619682312,0.3490581810474396,-0.009033417329192162,0.5802502036094666,0.36449483036994934,-0.0004578211810439825,0.5671956539154053,0.4571654498577118,-0.0023169072810560465,0.5351076722145081,0.4592481851577759,0.04563206434249878,0.5883674621582031,0.4285513162612915,-0.015507235191762447,0.5928922891616821,0.4311220645904541,-0.015150860883295536,0.5735615491867065,0.45673173666000366,-0.0022001168690621853,0.5750734210014343,0.456739604473114,-0.003404867136850953,0.550338089466095,0.33390381932258606,0.0002774655004031956,0.5836496353149414,0.4269282817840576,-0.014879806898534298,0.5742225050926208,0.338785320520401,-0.008483930490911007,0.5735852122306824,0.33079367876052856,-0.009684519842267036,0.5680575966835022,0.30704817175865173,-0.00045599081204272807,0.5461798906326294,0.3349338471889496,0.00830742996186018,0.5720342993736267,0.322988897562027,-0.005386883858591318,0.5434477925300598,0.3448691666126251,0.006782699376344681,0.5386807322502136,0.3479559123516083,0.01748824678361416,0.5949392318725586,0.4513927400112152,-0.01601714827120304,0.5875805616378784,0.4524688720703125,-0.013633671216666698,0.5819580554962158,0.453928679227829,-0.010335777886211872,0.5895349979400635,0.4299428462982178,-0.013862655498087406,0.5743486881256104,0.4567466378211975,-0.0027595616411417723,0.5775524973869324,0.4587366580963135,-0.006144996266812086,0.5759034752845764,0.4567618668079376,-0.0034648000728338957,0.5914574265480042,0.4264270067214966,-0.023023318499326706,0.5838731527328491,0.4567336142063141,-0.00812971405684948,0.5890583992004395,0.4569091796875,-0.010253743268549442,0.595052182674408,0.4577125906944275,-0.011770728044211864,0.5911985635757446,0.47874772548675537,-0.00939064472913742,0.5929032564163208,0.47320646047592163,-0.014303411357104778,0.5936144590377808,0.4675758481025696,-0.014684530906379223,0.5943343043327332,0.46209919452667236,-0.013129513710737228,0.5949386954307556,0.45799440145492554,-0.012025526724755764,0.5837905406951904,0.4567670226097107,-0.008180253207683563,0.5826895833015442,0.4586336612701416,-0.009267049841582775,0.5813940763473511,0.46122103929519653,-0.010421624407172203,0.5802547335624695,0.4642156660556793,-0.009599233977496624,0.5749470591545105,0.4456489682197571,-0.00888974778354168,0.5277640223503113,0.41860705614089966,0.054334890097379684,0.6019525527954102,0.43313419818878174,-0.020223235711455345,0.5799193978309631,0.456686407327652,-0.005412790458649397,0.5788447856903076,0.45759063959121704,-0.006064212415367365,0.5945075750350952,0.4341713786125183,-0.015536022372543812,0.5850151181221008,0.4314199984073639,-0.010452664457261562,0.593771755695343,0.4327138364315033,-0.015411438420414925,0.5766077637672424,0.40423446893692017,-0.004780774470418692,0.5661315321922302,0.40870997309684753,-0.0038199706468731165,0.5824003219604492,0.4227200448513031,-0.013232116587460041,0.5517789125442505,0.31480270624160767,0.008598433807492256,0.5567362904548645,0.3260374367237091,0.0008252252591773868,0.5605290532112122,0.32929813861846924,-0.005332723259925842,0.5770265460014343,0.4703402519226074,-0.006029665935784578,0.5884745121002197,0.33601364493370056,-0.011263055726885796,0.5870397686958313,0.32372674345970154,-0.008271272294223309,0.5848268270492554,0.3042139708995819,-0.004814018029719591,0.55783611536026,0.3849733769893646,0.002542477799579501,0.5428720712661743,0.3912062644958496,0.009971697814762592,0.5836067199707031,0.38315701484680176,0.0016749899368733168,0.549856424331665,0.36580610275268555,0.00513501139357686,0.5882656574249268,0.3945905268192291,-0.007537792436778545,0.5881731510162354,0.42104536294937134,-0.023109987378120422,0.5362758636474609,0.39680734276771545,0.01562742330133915,0.5471034049987793,0.39704814553260803,0.004837539978325367,0.5551176071166992,0.40029847621917725,9.132006380241364e-05,0.5667986273765564,0.40015894174575806,-0.00134658208116889,0.5755007863044739,0.3976321220397949,-0.0019194969208911061,0.5822737812995911,0.39389196038246155,-0.0026846397668123245,0.5970283150672913,0.3836100399494171,-0.012394247576594353,0.5366012454032898,0.4141553044319153,0.013662923127412796,0.5448023080825806,0.3629726767539978,0.007454084698110819,0.5996731519699097,0.4309883713722229,-0.027567140758037567,0.5845261216163635,0.40752848982810974,-0.008795592933893204,0.5267120599746704,0.3804807960987091,0.05037637799978256,0.5874749422073364,0.389219731092453,-0.002995190443471074,0.581248939037323,0.42319390177726746,-0.0076514603570103645,0.5530796647071838,0.3753368854522705,0.006863963324576616,0.5878139734268188,0.4157455861568451,-0.02094786986708641,0.5302795171737671,0.438890665769577,0.05154561623930931,0.5838991403579712,0.3802260756492615,0.002966849599033594,0.5929833650588989,0.41112053394317627,-0.025841493159532547,0.5506411790847778,0.476677805185318,0.015263044275343418,0.5505673885345459,0.48619627952575684,0.025761859491467476,0.5300648808479309,0.4167288839817047,0.03374943137168884,0.5420241355895996,0.46648842096328735,0.022251803427934647,0.5341772437095642,0.36335504055023193,0.026069097220897675,0.5764987468719482,0.5006389617919922,-0.0017678936710581183,0.5998362302780151,0.43274953961372375,-0.0200447216629982,0.5785986185073853,0.41303911805152893,-0.007303851656615734,0.5371723771095276,0.379873126745224,0.018016168847680092,0.5635886788368225,0.3831249475479126,0.0007518770871683955,0.5686372518539429,0.3844546973705292,-0.0002491470077075064,0.5763651132583618,0.4601280391216278,-0.005359939765185118,0.5371546745300293,0.4309447109699249,0.015082606114447117,0.5864267945289612,0.5101752877235413,0.0005330891581252217,0.5692163705825806,0.5018408894538879,0.011008723638951778,0.5609496235847473,0.4957311749458313,0.01741255447268486,0.603620707988739,0.32523098587989807,-0.007979300804436207,0.5971378087997437,0.511266827583313,5.270815017865971e-05,0.5737917423248291,0.384075403213501,6.035521801095456e-05,0.5787495374679565,0.3824723958969116,0.0013381867902353406,0.5820801854133606,0.3812790811061859,0.0028115129098296165,0.5399259328842163,0.3612859845161438,0.012886864133179188,0.5785395503044128,0.37436795234680176,0.00018809631001204252,0.5734037160873413,0.37188005447387695,-0.001055200700648129,0.568519651889801,0.3710705041885376,-0.0012665565591305494,0.5634634494781494,0.37180185317993164,-0.00019866577349603176,0.5599768757820129,0.373410701751709,0.0014226321363821626,0.5288378000259399,0.36018726229667664,0.04136406257748604,0.5602943897247314,0.38112881779670715,0.0024144898634403944,0.6010127663612366,0.44040805101394653,-0.015009798109531403,0.5817275643348694,0.4418850839138031,-0.011291096918284893,0.5885171294212341,0.4273984432220459,-0.017396386712789536,0.5933576226234436,0.4403633773326874,-0.015408344566822052,0.6024770736694336,0.3702598810195923,-0.009654260240495205,0.5598454475402832,0.4864402711391449,0.009983967058360577,0.5680527091026306,0.49366000294685364,0.004409655462950468,0.5865207314491272,0.5052928924560547,-0.006722601130604744,0.5422041416168213,0.4749735891819,0.03628786653280258,0.582253098487854,0.3778238892555237,0.0018584755016490817,0.5931063890457153,0.39642953872680664,-0.01495839562267065,0.5977986454963684,0.5061209797859192,-0.006955252494663,0.5774914026260376,0.5068397521972656,0.004411778412759304,0.5318958163261414,0.43516042828559875,0.03256019204854965,0.5889768600463867,0.4571174085140228,-0.010432537645101547,0.587882936000824,0.4603036344051361,-0.01166159100830555,0.5868361592292786,0.46442723274230957,-0.013023825362324715,0.585945725440979,0.4693381190299988,-0.012484822422266006,0.5834111571311951,0.4752640724182129,-0.008597721345722675,0.5787358283996582,0.456111341714859,-0.006005863659083843,0.5775280594825745,0.4553723633289337,-0.006215954199433327,0.5764881372451782,0.4545212388038635,-0.00640909792855382,0.569575846195221,0.45066672563552856,-0.005745028145611286,0.5451897978782654,0.43493324518203735,0.0040501863695681095,0.5927621722221375,0.388468474149704,-0.00952233001589775,0.5886059999465942,0.3708961009979248,-0.00029570909100584686,0.5849800109863281,0.3731774091720581,0.001352369668893516,0.5799114108085632,0.45677450299263,-0.0054470994509756565,0.5445541739463806,0.45447325706481934,0.011867908760905266,0.5944692492485046,0.36939263343811035,-0.0069548808969557285,0.580045223236084,0.48432260751724243,-0.006332347169518471,0.6030495762825012,0.398831307888031,-0.02427664026618004,0.5975971221923828,0.3923056423664093,-0.01818067766726017,0.6028156280517578,0.3907635807991028,-0.01892325095832348,0.588809072971344,0.40900492668151855,-0.015629388391971588,0.5982705950737,0.4986671805381775,-0.00986215565353632,0.598544180393219,0.4886409640312195,-0.009524590335786343,0.5891817212104797,0.4882928729057312,-0.009238667786121368,0.566803514957428,0.469625860452652,-0.0006786906160414219,0.5755442380905151,0.42915472388267517,-0.006730970926582813,0.5729979276657104,0.478177934885025,-0.0033110780641436577,0.5598833560943604,0.42767319083213806,-0.005742052104324102,0.568769633769989,0.43650248646736145,-0.0063663022592663765,0.5538926720619202,0.44038352370262146,-0.0022014372516423464,0.5873454809188843,0.49804824590682983,-0.009432506747543812,0.5849681496620178,0.4135279953479767,-0.012124143540859222,0.5618290305137634,0.47680574655532837,0.003942170646041632,0.5697771310806274,0.4853841960430145,0.000264780770521611,0.5615084171295166,0.4597262740135193,-0.0004148062434978783,0.5386053323745728,0.44498777389526367,0.016805529594421387,0.5534492135047913,0.4623123109340668,0.004627136513590813,0.5353066325187683,0.45181718468666077,0.029830120503902435,0.5630195736885071,0.44576504826545715,-0.004433954134583473,0.5889292359352112,0.401902973651886,-0.011584838852286339,0.5898507237434387,0.42489999532699585,-0.02422640100121498,0.5860903263092041,0.4265187084674835,-0.01836911216378212,0.5929195880889893,0.41941237449645996,-0.027706975117325783,0.5841374397277832,0.359578400850296,-0.002458302304148674,0.5745360851287842,0.3514236807823181,-0.003917185124009848,0.5659119486808777,0.3494681715965271,-0.004073654301464558,0.5584889054298401,0.3516339659690857,-0.0022672901395708323,0.5529166460037231,0.35668593645095825,0.0008683529449626803,0.5485901832580566,0.37641260027885437,0.009081173688173294,0.5293787717819214,0.39869964122772217,0.03278882056474686,0.5530557036399841,0.38971230387687683,0.004464208614081144,0.559238612651825,0.3927118182182312,0.0015936391428112984,0.5672856569290161,0.3938385844230652,-0.00011984994489466771,0.5750778913497925,0.39258915185928345,-0.0008484832942485809,0.5813316106796265,0.3896544575691223,-3.8740206946386024e-05,0.5857052803039551,0.3866075575351715,-0.0001533135218778625,0.5268291234970093,0.3994391858577728,0.054250333458185196,0.5859096646308899,0.4284103214740753,-0.015560534782707691,0.5933769345283508,0.4035928249359131,-0.01963735558092594,0.5942066311836243,0.4255508482456207,-0.028048712760210037,0.5966542363166809,0.4296538233757019,-0.025470370426774025,0.5937892198562622,0.4269573390483856,-0.025374896824359894,0.5870938301086426,0.43065282702445984,-0.013392528519034386,0.5978406071662903,0.43039461970329285,-0.02686632052063942,0.5980686545372009,0.43219292163848877,-0.020226338878273964,0.5861209630966187,0.37991970777511597,0.0024923442397266626,0.5892191529273987,0.3813242018222809,-0.00047965129488147795,0.5914464592933655,0.38212233781814575,-0.004036908969283104,0.5578411817550659,0.37477797269821167,0.003352356841787696,0.5533920526504517,0.36774271726608276,0.0034882999025285244,0.60749351978302,0.4002920389175415,-0.02171098068356514,0.6407632827758789,0.3835523724555969,0.01347394660115242,0.6066745519638062,0.43130072951316833,-0.019426142796874046,0.6593788862228394,0.3500119149684906,0.04437333717942238,0.6252127289772034,0.3908312916755676,0.005292114801704884,0.6311558485031128,0.39169371128082275,0.006525825243443251,0.6365481615066528,0.39081892371177673,0.00891751330345869,0.6427397727966309,0.3861493170261383,0.01478421501815319,0.6200909614562988,0.38803884387016296,0.005508200265467167,0.6338679194450378,0.36345988512039185,0.004440447315573692,0.6271658539772034,0.36459729075431824,0.0035744437482208014,0.6399613618850708,0.3649810552597046,0.007232378236949444,0.6436919569969177,0.3688007593154907,0.01000924687832594,0.6471558809280396,0.39064404368400574,0.018272075802087784,0.6171784996986389,0.4932968020439148,-0.0002717285242397338,0.6423233151435852,0.38133344054222107,0.015842705965042114,0.6607667207717896,0.3868843615055084,0.046274177730083466,0.6520640254020691,0.3834156095981598,0.025042518973350525,0.6289682388305664,0.42117154598236084,-0.0007005187217146158,0.6098296642303467,0.44756847620010376,-0.014990415424108505,0.6082590818405151,0.4563535749912262,-0.012521988712251186,0.6162343621253967,0.4508318305015564,-0.010830802842974663,0.6201584339141846,0.4544215202331543,-0.005986206699162722,0.6133148670196533,0.45689713954925537,-0.009527633897960186,0.6171610951423645,0.4579121470451355,-0.005111552309244871,0.622913122177124,0.4660651683807373,0.002708378015086055,0.6073397397994995,0.42703041434288025,-0.02945750579237938,0.6083226799964905,0.4187166690826416,-0.031021278351545334,0.652052104473114,0.356151819229126,0.013675928115844727,0.6177073121070862,0.4013456404209137,-0.001902613090351224,0.6181500554084778,0.4249453544616699,-0.014143900014460087,0.6184138059616089,0.42065536975860596,-0.012375927530229092,0.6463037729263306,0.4210154712200165,0.009372838772833347,0.6080265641212463,0.40861406922340393,-0.027346966788172722,0.6408939957618713,0.3452083468437195,0.0019514093874022365,0.6479141116142273,0.3486688435077667,0.007766567636281252,0.6558002233505249,0.33385056257247925,0.032372985035181046,0.6154546737670898,0.35452204942703247,-0.006384294480085373,0.6212074160575867,0.36863648891448975,0.00452133035287261,0.6278137564659119,0.4589184820652008,0.004859244916588068,0.6491798758506775,0.46244972944259644,0.0592513307929039,0.6137928366661072,0.429476797580719,-0.01267113909125328,0.6094602346420288,0.4317176342010498,-0.013723466545343399,0.6244329810142517,0.4602487087249756,0.004050831310451031,0.6229192018508911,0.4600537121295929,0.0021529183723032475,0.6506859660148621,0.34221580624580383,0.0109100965783,0.617865800857544,0.42816492915153503,-0.011108703911304474,0.6305307745933533,0.3463855981826782,-0.003007475985214114,0.6316336989402771,0.3386469781398773,-0.004053566139191389,0.6362295746803284,0.31148993968963623,0.006958751939237118,0.6530704498291016,0.3405504524707794,0.020073264837265015,0.6331164240837097,0.3267118036746979,0.0010940500069409609,0.6546326279640198,0.35232412815093994,0.019079802557826042,0.6572738289833069,0.3538716435432434,0.030765939503908157,0.6093317866325378,0.4523889124393463,-0.014364724047482014,0.614864706993103,0.45420095324516296,-0.010436705313622952,0.6187950372695923,0.4562600255012512,-0.006055311765521765,0.6123937964439392,0.4307209849357605,-0.011537603102624416,0.6236651539802551,0.46017101407051086,0.0030389800667762756,0.6210284233093262,0.4618660807609558,-0.0011991544160991907,0.6220589280128479,0.4599578380584717,0.0019405585480853915,0.6122126579284668,0.42726293206214905,-0.02041390724480152,0.6156603097915649,0.45896780490875244,-0.004323325585573912,0.611847460269928,0.45862695574760437,-0.007425781339406967,0.6070927977561951,0.45867109298706055,-0.010173693299293518,0.6057217717170715,0.47900810837745667,-0.007839975878596306,0.6076569557189941,0.4741940498352051,-0.012562685646116734,0.607743501663208,0.46848350763320923,-0.012887642718851566,0.6074449419975281,0.46299898624420166,-0.011369433254003525,0.6068418622016907,0.45886021852493286,-0.010347289964556694,0.615513026714325,0.4589823782444,-0.0043637449853122234,0.6167302131652832,0.461113840341568,-0.005435524508357048,0.6179636120796204,0.46391522884368896,-0.006419328507035971,0.6188377737998962,0.46708056330680847,-0.005336397793143988,0.6230846047401428,0.447151780128479,-0.0035959293600171804,0.6567302942276001,0.4236590564250946,0.06933949142694473,0.618440568447113,0.4593134820461273,-0.0006749791791662574,0.6197344660758972,0.4605172574520111,-0.001325715333223343,0.6078323721885681,0.434650182723999,-0.014126959256827831,0.6157388091087341,0.43250274658203125,-0.007464640308171511,0.6085889935493469,0.43326234817504883,-0.01404613722115755,0.623748242855072,0.40626055002212524,0.0007036590832285583,0.6333271861076355,0.4115946590900421,0.0035417242906987667,0.6189722418785095,0.42409688234329224,-0.009134574793279171,0.6487419605255127,0.32072657346725464,0.019188111647963524,0.6455904245376587,0.33107858896255493,0.010257524438202381,0.6428947448730469,0.3376195430755615,0.0031206239946186543,0.6184324622154236,0.47120288014411926,-0.0011219964362680912,0.6176139712333679,0.34213384985923767,-0.008424026891589165,0.6195626854896545,0.32577720284461975,-0.004902782384306192,0.6217613220214844,0.3066689372062683,-0.0010643207933753729,0.6405694484710693,0.38916629552841187,0.012080729939043522,0.652484655380249,0.39615970849990845,0.022032752633094788,0.6167362928390503,0.3853767514228821,0.0060034324415028095,0.6485093832015991,0.3716888129711151,0.016145657747983932,0.6140224933624268,0.3957296311855316,-0.004249249584972858,0.6157153844833374,0.42213907837867737,-0.0200069397687912,0.6578462719917297,0.40211939811706543,0.029271895065903664,0.6499744057655334,0.40195533633232117,0.01621755212545395,0.6438395380973816,0.40479880571365356,0.009774632751941681,0.6332592964172363,0.40375855565071106,0.006072196178138256,0.6250911951065063,0.40037059783935547,0.0037216972559690475,0.618910551071167,0.3961106836795807,0.0015555411810055375,0.6075946092605591,0.38411664962768555,-0.011003105901181698,0.6571388244628906,0.4190770387649536,0.027242517098784447,0.6522534489631653,0.36924174427986145,0.019539903849363327,0.6050692796707153,0.4311608672142029,-0.02688482217490673,0.616991400718689,0.40883582830429077,-0.004810640122741461,0.6601483225822449,0.3865927755832672,0.06596729159355164,0.614426851272583,0.3910841643810272,0.0003114315040875226,0.6191970109939575,0.42464372515678406,-0.0035486523993313313,0.6448912024497986,0.3807273507118225,0.01735607720911503,0.6157307624816895,0.416819304227829,-0.01777719147503376,0.6537625193595886,0.44304779171943665,0.06604278087615967,0.6162692308425903,0.3824537694454193,0.007496916223317385,0.6120944023132324,0.41183236241340637,-0.02355615422129631,0.6394215226173401,0.47845935821533203,0.025360530242323875,0.6369237303733826,0.48735129833221436,0.03603279963135719,0.6593649387359619,0.4218304753303528,0.04853510484099388,0.6468005180358887,0.4692652225494385,0.03412870690226555,0.6591565608978271,0.36949431896209717,0.04026418179273605,0.6171525120735168,0.5007302761077881,0.003020398784428835,0.6039911508560181,0.43290260434150696,-0.01963433437049389,0.6218438148498535,0.4148005545139313,-0.0024041272699832916,0.6552821397781372,0.3854445815086365,0.03142581135034561,0.6360754370689392,0.3866107165813446,0.009150679223239422,0.6312796473503113,0.3874492943286896,0.007159266155213118,0.6220897436141968,0.46343114972114563,-7.591579924337566e-05,0.6552861928939819,0.4353366792201996,0.02824397012591362,0.6071447134017944,0.5100788474082947,0.003211806295439601,0.6216794848442078,0.5017615556716919,0.0176040381193161,0.6284784078598022,0.49604612588882446,0.025726377964019775,0.626110315322876,0.38671109080314636,0.006377014331519604,0.6211987137794495,0.3848481774330139,0.006749188061803579,0.6179853081703186,0.38358834385871887,0.0076744831167161465,0.6549456119537354,0.3675464987754822,0.02591496706008911,0.6216651201248169,0.37801259756088257,0.005793031770735979,0.6267464756965637,0.37668848037719727,0.005473805591464043,0.6317685842514038,0.37657493352890015,0.0063419039361178875,0.6365034580230713,0.377548485994339,0.008424905128777027,0.6394333839416504,0.3789850175380707,0.01064544077962637,0.6606783270835876,0.3667263984680176,0.05670822784304619,0.6389625668525696,0.3850836455821991,0.01153210736811161,0.617882251739502,0.44306424260139465,-0.0072248452343046665,0.6141161918640137,0.4283723831176758,-0.014679888263344765,0.6082185506820679,0.4408416152000427,-0.013698414899408817,0.6312254071235657,0.4874265789985657,0.0181515384465456,0.6241828799247742,0.4940703511238098,0.010853194631636143,0.6083922982215881,0.5052981376647949,-0.004106198437511921,0.6434980630874634,0.47713273763656616,0.04843847453594208,0.6180000305175781,0.38042399287223816,0.006851725280284882,0.6109415888786316,0.397187203168869,-0.012755843810737133,0.6149090528488159,0.5066157579421997,0.009280153550207615,0.6564614176750183,0.43957453966140747,0.04678205028176308,0.6116463541984558,0.45875856280326843,-0.007518788333982229,0.6126967668533325,0.4620998501777649,-0.00863457378000021,0.6135016083717346,0.4663456678390503,-0.009836585260927677,0.613947331905365,0.4713716208934784,-0.009171385318040848,0.6127464175224304,0.4757331609725952,-0.0049586426466703415,0.6201815009117126,0.4589475095272064,-0.0010572554310783744,0.6216548681259155,0.4583311378955841,-0.0008220155723392963,0.6229041814804077,0.457468718290329,-0.0006977908778935671,0.6268250346183777,0.45241957902908325,0.0008591196383349597,0.6495027542114258,0.4387328624725342,0.015251556411385536,0.6106913089752197,0.3893280029296875,-0.007225492969155312,0.6132708787918091,0.37359821796417236,0.002658409997820854,0.6159619092941284,0.37600278854370117,0.00555789191275835,0.6185190677642822,0.4594475030899048,-0.0006695585325360298,0.647214412689209,0.4576008915901184,0.023160656914114952,0.6092407703399658,0.3718973696231842,-0.0051530832424759865,0.615260660648346,0.48469263315200806,-0.002423252211883664,0.6075746417045593,0.39272379875183105,-0.017016248777508736,0.6142237186431885,0.41002973914146423,-0.012716548517346382,0.6072136163711548,0.48842495679855347,-0.007387286517769098,0.6272526979446411,0.47103121876716614,0.006145834922790527,0.6237385869026184,0.4308967590332031,-0.0015990928513929248,0.6214500665664673,0.47897735238075256,0.0020720171742141247,0.6382178068161011,0.4306448698043823,0.002299422398209572,0.6293412446975708,0.4386550188064575,2.1457237380673178e-05,0.6420356035232544,0.4434412121772766,0.0070068370550870895,0.6085036396980286,0.49816372990608215,-0.006991388741880655,0.6167731881141663,0.41475993394851685,-0.008471434004604816,0.6309465765953064,0.47810646891593933,0.011729428544640541,0.6237920522689819,0.48606255650520325,0.006251079961657524,0.6328833699226379,0.4617763161659241,0.007858769968152046,0.6525195837020874,0.44883573055267334,0.029439682140946388,0.639485239982605,0.46459558606147766,0.014164840802550316,0.65266352891922,0.4555434584617615,0.043352484703063965,0.6332880258560181,0.44817209243774414,0.003155473852530122,0.6137803792953491,0.40294116735458374,-0.008434396237134933,0.6140119433403015,0.4258474111557007,-0.02138454094529152,0.6164631247520447,0.4276372790336609,-0.015121188946068287,0.6123496294021606,0.4201517105102539,-0.025494897738099098,0.6185107231140137,0.36395883560180664,0.001593482680618763,0.6284940838813782,0.35751476883888245,0.001960163004696369,0.6369094252586365,0.3565247654914856,0.003589675296097994,0.6433765292167664,0.3586623966693878,0.007013389375060797,0.647384762763977,0.3634335696697235,0.011232670396566391,0.6481050252914429,0.3817614018917084,0.02024363912642002,0.6608681678771973,0.4043968915939331,0.04793233051896095,0.6447706818580627,0.3944036066532135,0.01472471747547388,0.6396182775497437,0.3966723382472992,0.010547729209065437,0.632271945476532,0.39705267548561096,0.007260273676365614,0.6248884201049805,0.3951396346092224,0.00497025903314352,0.6190410256385803,0.3918074071407318,0.00433975039049983,0.6151326298713684,0.38845008611679077,0.003425495233386755,0.6584659218788147,0.4051128625869751,0.06971101462841034,0.615928590297699,0.42945873737335205,-0.012365113943815231,0.6111932396888733,0.40429502725601196,-0.01738663762807846,0.6107367873191833,0.4261440932750702,-0.02625884860754013,0.607433021068573,0.4300048053264618,-0.024415839463472366,0.6103761792182922,0.42759084701538086,-0.023530185222625732,0.6143121123313904,0.4315531849861145,-0.010716359131038189,0.6066393256187439,0.4306829571723938,-0.026009291410446167,0.6055270433425903,0.4324083924293518,-0.0195159874856472,0.6144777536392212,0.38220375776290894,0.00626884400844574,0.6121421456336975,0.3832271695137024,0.00236311461776495,0.6110836267471313,0.3839370012283325,-0.00169046176597476,0.6410967707633972,0.38015496730804443,0.012970192357897758,0.645651638507843,0.3735364079475403,0.013702849857509136,0.5692015886306763,0.377937376499176,0.0015110993990674615,0.5754570364952087,0.37823668122291565,0.0015110993990674615,0.5694233179092407,0.3699922561645508,0.0015110993990674615,0.5628515481948853,0.37759995460510254,0.0015110993990674615,0.5689805150032043,0.38574448227882385,0.0015110993990674615,0.6282371282577515,0.3804195821285248,0.00887233205139637,0.6340718865394592,0.38050559163093567,0.00887233205139637,0.6281907558441162,0.3734494149684906,0.00887233205139637,0.6223745346069336,0.3803408443927765,0.00887233205139637,0.6282760500907898,0.38732993602752686,0.00887233205139637
766.6666666666669,0.6068181991577148,0.44557642936706543,-0.01669454202055931,0.6076184511184692,0.4230138957500458,-0.030096711590886116,0.605867326259613,0.43120163679122925,-0.016298267990350723,0.6026222109794617,0.396303653717041,-0.022716408595442772,0.6079803109169006,0.41436898708343506,-0.031860899180173874,0.607799232006073,0.40365350246429443,-0.029319876804947853,0.6067481637001038,0.37849754095077515,-0.013437643647193909,0.5622332692146301,0.3772619962692261,0.0033811479806900024,0.606830358505249,0.3556848168373108,-0.008940357714891434,0.6072098016738892,0.3435705304145813,-0.009833047166466713,0.6074910759925842,0.302357941865921,-0.003214258002117276,0.6067275404930115,0.44921618700027466,-0.01610228605568409,0.606307327747345,0.4529106616973877,-0.014378383755683899,0.6057780981063843,0.4553220272064209,-0.011979366652667522,0.605566680431366,0.45545586943626404,-0.012002085335552692,0.6056469678878784,0.4597416818141937,-0.013044360093772411,0.6055080890655518,0.46508634090423584,-0.01446322537958622,0.6051233410835266,0.4706891179084778,-0.014055556617677212,0.6032348275184631,0.47633910179138184,-0.009192599914968014,0.6070177555084229,0.42748314142227173,-0.027327217161655426,0.601397693157196,0.4272496998310089,-0.020422805100679398,0.5364309549331665,0.34192702174186707,0.028832897543907166,0.5787242650985718,0.3860330283641815,-0.0010741724399849772,0.57258540391922,0.3866890072822571,-0.0012303683906793594,0.5668607950210571,0.38529595732688904,-0.00011470545723568648,0.5593635439872742,0.3795042335987091,0.004030327312648296,0.5841152667999268,0.3832593858242035,0.0005504654836840928,0.5721511840820312,0.354653537273407,-0.003555426374077797,0.578867495059967,0.3565571904182434,-0.002626500790938735,0.5655126571655273,0.35609832406044006,-0.0021316888742148876,0.560829758644104,0.3603624999523163,-0.00014012883184477687,0.553941011428833,0.383762389421463,0.006576923653483391,0.581977367401123,0.49060630798339844,-0.005690441466867924,0.5602461099624634,0.37435653805732727,0.0052580335177481174,0.5338149666786194,0.3792513608932495,0.030115000903606415,0.546768069267273,0.3761215806007385,0.011906116269528866,0.5751115083694458,0.41598162055015564,-0.007450827397406101,0.5991997122764587,0.4433472156524658,-0.016962043941020966,0.5992819666862488,0.4521026313304901,-0.014489313587546349,0.5909321308135986,0.44638630747795105,-0.01472170278429985,0.5851736068725586,0.44961658120155334,-0.011317875236272812,0.5927631855010986,0.45221737027168274,-0.013064932078123093,0.5874481797218323,0.4529587924480438,-0.009782805107533932,0.576493501663208,0.4622812867164612,-0.004170478321611881,0.6029943823814392,0.42271143198013306,-0.03009909950196743,0.6027108430862427,0.4143373966217041,-0.03175109997391701,0.5515934228897095,0.34704527258872986,0.0015730286249890924,0.587812066078186,0.3969278335571289,-0.006165031809359789,0.5889520645141602,0.42028701305389404,-0.018175043165683746,0.5883617401123047,0.4160495400428772,-0.01650860533118248,0.5552986860275269,0.4146597981452942,-0.001906444551423192,0.6027359962463379,0.4044462740421295,-0.02833406999707222,0.5671005249023438,0.33451205492019653,-0.006213444750756025,0.5582664608955383,0.33868494629859924,-0.0026436622720211744,0.5441597700119019,0.3256344795227051,0.0187529344111681,0.5938344597816467,0.3461059331893921,-0.008706700056791306,0.5844486951828003,0.36174386739730835,-0.00044047768460586667,0.5716818571090698,0.45474129915237427,-0.0033272651489824057,0.538313627243042,0.45857328176498413,0.04329067841172218,0.592940628528595,0.42511555552482605,-0.015653472393751144,0.5974433422088623,0.42763981223106384,-0.015242686495184898,0.5780553221702576,0.4547819495201111,-0.0031378765124827623,0.5795198082923889,0.4546370208263397,-0.004259806592017412,0.5544882416725159,0.332194060087204,-0.0001564187987241894,0.5882182717323303,0.4236306846141815,-0.015124660916626453,0.5787015557289124,0.33608579635620117,-0.008380632847547531,0.5780351758003235,0.32821667194366455,-0.009495431557297707,0.5719151496887207,0.3048657774925232,-0.00016237639647442847,0.5501120686531067,0.33315378427505493,0.007854752242565155,0.5762011408805847,0.3207263648509979,-0.005077749490737915,0.5473610162734985,0.34338659048080444,0.006092700641602278,0.5423699021339417,0.3463575541973114,0.016731228679418564,0.5991897583007812,0.4481191635131836,-0.01636434532701969,0.591898500919342,0.44955870509147644,-0.014165183529257774,0.5863187909126282,0.45136600732803345,-0.011011320166289806,0.5940961241722107,0.4265357255935669,-0.014014358632266521,0.578813374042511,0.4547135829925537,-0.0036495490930974483,0.5821570158004761,0.4564036726951599,-0.006896748673170805,0.5803367495536804,0.4545817971229553,-0.0043021077290177345,0.5960527658462524,0.42272353172302246,-0.023044738918542862,0.588241457939148,0.45405080914497375,-0.008818322792649269,0.5934095978736877,0.4539305567741394,-0.010833418928086758,0.5993630290031433,0.45445650815963745,-0.012218473479151726,0.5957397222518921,0.47602900862693787,-0.009757899679243565,0.5976492762565613,0.46947458386421204,-0.014565013349056244,0.5982483625411987,0.46389368176460266,-0.014919852837920189,0.5988197326660156,0.4585970640182495,-0.013349619694054127,0.5993202924728394,0.4546838402748108,-0.012233646586537361,0.5882409811019897,0.45409002900123596,-0.008699996396899223,0.5872668027877808,0.455911785364151,-0.009794401004910469,0.5861033201217651,0.4584789276123047,-0.010973404161632061,0.5850570797920227,0.4615044593811035,-0.010216855444014072,0.5794779062271118,0.4428409934043884,-0.009566768072545528,0.530700147151947,0.41776934266090393,0.0522318035364151,0.606450080871582,0.4293598234653473,-0.02013714611530304,0.5843566060066223,0.45427244901657104,-0.006112735718488693,0.5833788514137268,0.455201119184494,-0.00677895313128829,0.5990381836891174,0.4306877553462982,-0.015648558735847473,0.58955317735672,0.42821261286735535,-0.010720076970756054,0.5983137488365173,0.42922645807266235,-0.01550905592739582,0.5808799266815186,0.40140455961227417,-0.005122748203575611,0.5704653859138489,0.405981183052063,-0.004408622160553932,0.5869166851043701,0.41950440406799316,-0.013487927615642548,0.5555405020713806,0.31286633014678955,0.008416445925831795,0.5608491897583008,0.3240547776222229,0.0007416767766699195,0.5648817420005798,0.32715851068496704,-0.0054497383534908295,0.5815653204917908,0.46777549386024475,-0.006827130448073149,0.5928272604942322,0.33313408493995667,-0.010812110267579556,0.5910881161689758,0.3212619423866272,-0.007629324682056904,0.5886233448982239,0.301891952753067,-0.004102191887795925,0.5620455741882324,0.38304832577705383,0.0019585066474974155,0.5470629334449768,0.38918888568878174,0.00898093543946743,0.5878022909164429,0.38049665093421936,0.0016122136730700731,0.5540034770965576,0.36401718854904175,0.0044500138610601425,0.5924651622772217,0.3915642499923706,-0.007559370249509811,0.5927754640579224,0.4174020290374756,-0.023142026737332344,0.5400660037994385,0.3948599100112915,0.014366993680596352,0.5515424013137817,0.39488446712493896,0.003910861909389496,0.559741735458374,0.39794397354125977,-0.0006459171418100595,0.5713504552841187,0.3976830840110779,-0.0018632420105859637,0.5799472332000732,0.39506053924560547,-0.0022325837053358555,0.5866655707359314,0.39118918776512146,-0.002833705395460129,0.6012149453163147,0.38041868805885315,-0.012090221047401428,0.5404784679412842,0.4122266471385956,0.012261326424777508,0.5488182902336121,0.3612740933895111,0.006660384591668844,0.6042614579200745,0.42710450291633606,-0.027418462559580803,0.5888395309448242,0.40447476506233215,-0.008954755030572414,0.5296928286552429,0.3794279992580414,0.04872558265924454,0.5918467044830322,0.386412650346756,-0.0030099540017545223,0.5857166051864624,0.4201267957687378,-0.007962464354932308,0.5572373867034912,0.3735685646533966,0.006183035671710968,0.5923482775688171,0.41224008798599243,-0.02096674032509327,0.533284604549408,0.4381248652935028,0.04927796497941017,0.5880603194236755,0.3775757849216461,0.002916606841608882,0.5975185632705688,0.4074428379535675,-0.025695757940411568,0.5545100569725037,0.47518816590309143,0.013584635220468044,0.5541902184486389,0.4851800799369812,0.02378845401108265,0.5334275364875793,0.4153401851654053,0.03200069069862366,0.5457192659378052,0.4652078151702881,0.020379219204187393,0.5376956462860107,0.36178281903266907,0.025009077042341232,0.5809321999549866,0.49844467639923096,-0.002914132783189416,0.6043666005134583,0.4289872646331787,-0.01999642327427864,0.5829618573188782,0.41010424494743347,-0.007610952015966177,0.5408831834793091,0.37810203433036804,0.01691264659166336,0.5677879452705383,0.3813062310218811,0.0003491418610792607,0.5728169083595276,0.38254791498184204,-0.0005542326834984124,0.5810151100158691,0.45789405703544617,-0.0061760651879012585,0.5410287976264954,0.4291640818119049,0.013523449189960957,0.5909321308135986,0.5080803632736206,-0.00045193391270004213,0.5733050107955933,0.5002033114433289,0.009532054886221886,0.5648067593574524,0.4943706691265106,0.015707271173596382,0.6074343919754028,0.3227347731590271,-0.007046329323202372,0.6017103791236877,0.5090563893318176,-0.0006701953243464231,0.5779553055763245,0.38197633624076843,-0.00015070012887008488,0.5828909873962402,0.3801267147064209,0.001203654333949089,0.5862278342247009,0.37875738739967346,0.0027170018292963505,0.5436644554138184,0.35972076654434204,0.011983456090092659,0.5826330780982971,0.3717835247516632,0.0001243802107637748,0.5775547623634338,0.36936673521995544,-0.0011931551853194833,0.5727551579475403,0.3686838448047638,-0.001505388063378632,0.5677376985549927,0.3695746064186096,-0.0005605116602964699,0.5642285346984863,0.3713426887989044,0.000976208655629307,0.531941831111908,0.35890868306159973,0.04003804177045822,0.564486563205719,0.37931591272354126,0.0019252693746238947,0.6054428219795227,0.4369918406009674,-0.01504707895219326,0.5862715840339661,0.4388481080532074,-0.011781938374042511,0.5931041836738586,0.4238812029361725,-0.01749788038432598,0.5978837013244629,0.43704932928085327,-0.015603083185851574,0.6065155267715454,0.3674556016921997,-0.009148030541837215,0.5638691186904907,0.48472556471824646,0.008463817648589611,0.5722661018371582,0.4917256832122803,0.00306699494831264,0.5911076068878174,0.5028787851333618,-0.0076323081739246845,0.545623242855072,0.4742232859134674,0.03406072035431862,0.5863943099975586,0.3752093017101288,0.0017965988954529166,0.5974134206771851,0.3931141197681427,-0.014790568500757217,0.6024125218391418,0.5035707354545593,-0.0076363347470760345,0.5818167328834534,0.5049271583557129,0.003177798120304942,0.5352683067321777,0.43390604853630066,0.03066292777657509,0.5934137105941772,0.4541105031967163,-0.01080058328807354,0.5924599170684814,0.45716792345046997,-0.012040061876177788,0.5915675759315491,0.4611811637878418,-0.013430503197014332,0.5908092856407166,0.46603307127952576,-0.012951085343956947,0.5879631638526917,0.4726055860519409,-0.009217094630002975,0.5830894708633423,0.45375844836235046,-0.006800308357924223,0.5819010138511658,0.45311468839645386,-0.00703775929287076,0.5808706879615784,0.4523303210735321,-0.007236676290631294,0.5741000175476074,0.4480680227279663,-0.0066029890440404415,0.5493847131729126,0.4327898621559143,0.002789529273286462,0.5969496965408325,0.3853455185890198,-0.009378226473927498,0.5927898287773132,0.36807841062545776,-0.0001274937967536971,0.5891574621200562,0.3704065680503845,0.0013829292729496956,0.5842730402946472,0.45431607961654663,-0.006243993528187275,0.5485759973526001,0.45271581411361694,0.010330489836633205,0.5987808108329773,0.3665340542793274,-0.006633507553488016,0.5845775604248047,0.4818165898323059,-0.007095649838447571,0.6074183583259583,0.39517509937286377,-0.02384352497756481,0.6019043922424316,0.38888245820999146,-0.01784479059278965,0.607079803943634,0.3872983157634735,-0.01846889592707157,0.5932143330574036,0.40567925572395325,-0.015617887489497662,0.6028874516487122,0.4959186315536499,-0.0103837251663208,0.603105366230011,0.4858497977256775,-0.009891772642731667,0.5937791466712952,0.48561418056488037,-0.009781332686543465,0.5711607933044434,0.46733564138412476,-0.0017555754166096449,0.5800185799598694,0.4262281060218811,-0.007204362656921148,0.5774361491203308,0.4758017361164093,-0.0042501152493059635,0.5643283128738403,0.4249991774559021,-0.006492588669061661,0.5732455849647522,0.4337265193462372,-0.007041716016829014,0.5582724213600159,0.4379875957965851,-0.0031972615979611874,0.5919753909111023,0.4954347014427185,-0.010168013162910938,0.5893684029579163,0.41035500168800354,-0.012264074757695198,0.5660398006439209,0.4747614860534668,0.0026500322856009007,0.5741260647773743,0.48318666219711304,-0.0008719958132132888,0.5658693909645081,0.45745107531547546,-0.00154706253670156,0.542445719242096,0.44336217641830444,0.01514020562171936,0.5576339364051819,0.46033158898353577,0.0033071653451770544,0.5387828946113586,0.45063644647598267,0.027826691046357155,0.5674739480018616,0.44323843717575073,-0.00531942630186677,0.5932347178459167,0.3987155556678772,-0.011594596318900585,0.5944666862487793,0.4211917519569397,-0.024238277226686478,0.590691864490509,0.4230407476425171,-0.018521279096603394,0.597548246383667,0.41557180881500244,-0.027611849829554558,0.5883867740631104,0.356768399477005,-0.002308231545612216,0.578858494758606,0.3488117456436157,-0.003921403083950281,0.570315420627594,0.34712550044059753,-0.004282851703464985,0.5629143118858337,0.3496105968952179,-0.0026754173450171947,0.5572441220283508,0.35481545329093933,0.0003082366019953042,0.5526389479637146,0.3746066391468048,0.00828706193715334,0.5327414274215698,0.3972153067588806,0.031214522197842598,0.5573471784591675,0.38764360547065735,0.0037269622553139925,0.5636026263237,0.3905079662799835,0.0009888281347230077,0.5716109275817871,0.39157018065452576,-0.0005624796031042933,0.5793411135673523,0.3901786804199219,-0.0011002812534570694,0.5855607390403748,0.3870416581630707,-0.00016955079627223313,0.5899267792701721,0.3838598430156708,-0.00017895130440592766,0.5297794342041016,0.39853352308273315,0.05235563963651657,0.5904887318611145,0.4250335991382599,-0.015751903876662254,0.5977953672409058,0.40010035037994385,-0.01948900707066059,0.5988484621047974,0.42166972160339355,-0.02793818898499012,0.6012386679649353,0.4258654713630676,-0.025369737297296524,0.5983911752700806,0.4231719374656677,-0.0253102108836174,0.5916485786437988,0.42733368277549744,-0.013588941656053066,0.6024327278137207,0.42654600739479065,-0.026738744229078293,0.6026133894920349,0.42846834659576416,-0.020191622897982597,0.5903241634368896,0.37715157866477966,0.0025030651595443487,0.5934298634529114,0.37848690152168274,-0.0003822068392764777,0.5957776308059692,0.3792618215084076,-0.003906785976141691,0.5620526075363159,0.372828871011734,0.002829476958140731,0.5576369762420654,0.36588430404663086,0.002903485670685768,0.6117774248123169,0.3966613709926605,-0.02119307592511177,0.6440888047218323,0.38096392154693604,0.014483006671071053,0.6110072731971741,0.42761126160621643,-0.019232727587223053,0.6620785593986511,0.34836432337760925,0.045754324644804,0.6285669207572937,0.38810545206069946,0.006085799541324377,0.6344912052154541,0.3889927268028259,0.007391771767288446,0.6398712992668152,0.3881775736808777,0.009842261672019958,0.6460368633270264,0.3835511803627014,0.015771854668855667,0.6234582662582397,0.3853505849838257,0.006178181152790785,0.6371735334396362,0.3608616590499878,0.005499167833477259,0.6304705142974854,0.36194655299186707,0.00452528428286314,0.6432366371154785,0.3624642789363861,0.008327850140631199,0.6469616293907166,0.36634311079978943,0.011114905588328838,0.6504116654396057,0.3880212604999542,0.01921299658715725,0.621497392654419,0.49067676067352295,-0.000483896816149354,0.6456431746482849,0.3787670433521271,0.016855882480740547,0.6638357639312744,0.38510599732398987,0.04730657860636711,0.6552391648292542,0.38087141513824463,0.02606741152703762,0.6327464580535889,0.4181538224220276,-0.00015932641690596938,0.6136919856071472,0.4441401958465576,-0.014988201670348644,0.6122415661811829,0.4529511332511902,-0.0126561364158988,0.6200398206710815,0.44771143794059753,-0.010745312087237835,0.6239653825759888,0.4516133666038513,-0.005864200182259083,0.6172032952308655,0.4537040591239929,-0.009562279097735882,0.6210508942604065,0.4549701511859894,-0.0051137106493115425,0.6267768740653992,0.4633956551551819,0.002759381663054228,0.6118679046630859,0.4230428636074066,-0.029116865247488022,0.6128195524215698,0.41471901535987854,-0.030585581436753273,0.6550775766372681,0.35400497913360596,0.014901446178555489,0.6215541362762451,0.39833974838256836,-0.0013743588933721185,0.6222057938575745,0.42144322395324707,-0.013677135109901428,0.6224323511123657,0.4172503352165222,-0.011881493031978607,0.6498542428016663,0.4183005094528198,0.010060437954962254,0.6124167442321777,0.4047793447971344,-0.026843328028917313,0.6440054178237915,0.34310638904571533,0.0030543901957571507,0.6509457230567932,0.3465764820575714,0.008932181634008884,0.6584681868553162,0.3320506513118744,0.03389571234583855,0.6189422607421875,0.35215359926223755,-0.005631194915622473,0.624534010887146,0.3659595549106598,0.005365505814552307,0.6315755248069763,0.4562799334526062,0.005036798771470785,0.6528871059417725,0.46147632598876953,0.05914042890071869,0.6178704500198364,0.4259861409664154,-0.012337425723671913,0.6136334538459778,0.42819148302078247,-0.013577531091868877,0.6280902028083801,0.4579416811466217,0.004146420396864414,0.6266292333602905,0.45759856700897217,0.0022201649844646454,0.653640627861023,0.3401711881160736,0.012195066548883915,0.6218649744987488,0.42477405071258545,-0.010716544464230537,0.6337916851043701,0.34416741132736206,-0.0020175795070827007,0.6349097490310669,0.3364807367324829,-0.0029512359760701656,0.6392410397529602,0.30932867527008057,0.008490780368447304,0.6558074951171875,0.33858227729797363,0.02151547372341156,0.6362311840057373,0.32440972328186035,0.0024523655883967876,0.6576104760169983,0.3501054048538208,0.020381132140755653,0.6600549817085266,0.3520166277885437,0.03215543180704117,0.6132435202598572,0.4489816129207611,-0.014422784559428692,0.6186976432800293,0.45105814933776855,-0.01041393168270588,0.6226288676261902,0.45339876413345337,-0.006001266185194254,0.6164807677268982,0.42724815011024475,-0.011298442259430885,0.6273472309112549,0.4577859938144684,0.0031071268022060394,0.6247430443763733,0.45917314291000366,-0.0011262869229540229,0.6257920861244202,0.4574280083179474,0.001999509520828724,0.6164636015892029,0.42356622219085693,-0.019996292889118195,0.6195719242095947,0.45596447587013245,-0.004370833281427622,0.6157903671264648,0.4553927183151245,-0.007523365784436464,0.6111291646957397,0.45528286695480347,-0.010348580777645111,0.6100649237632751,0.4762125015258789,-0.007951130159199238,0.6117550730705261,0.47035831212997437,-0.01253580953925848,0.6118149161338806,0.4646715223789215,-0.012823210097849369,0.6115003824234009,0.45935460925102234,-0.011291815899312496,0.6108908653259277,0.4554041624069214,-0.01027345284819603,0.6194146871566772,0.45597541332244873,-0.004241470247507095,0.6205642223358154,0.4580700993537903,-0.0053207348100841045,0.6217401027679443,0.4608636498451233,-0.006306590978056192,0.6225875020027161,0.4640759229660034,-0.005248077213764191,0.6270023584365845,0.44415634870529175,-0.0033748967107385397,0.6599633693695068,0.42253726720809937,0.06968188285827637,0.6222946047782898,0.4565433859825134,-0.0005832636961713433,0.6234985589981079,0.4577665627002716,-0.001243695616722107,0.6120939254760742,0.43110689520835876,-0.014004130847752094,0.6197304725646973,0.42917776107788086,-0.007225286681205034,0.6128097176551819,0.4297230541706085,-0.013917366042733192,0.6275141835212708,0.40332069993019104,0.0012558021117001772,0.6369894742965698,0.4087033271789551,0.004143075086176395,0.6229442954063416,0.42078593373298645,-0.008696410804986954,0.6514866352081299,0.3187602162361145,0.020758215337991714,0.6484067440032959,0.3289792835712433,0.01170248631387949,0.6459721326828003,0.33556661009788513,0.004375309683382511,0.6224480271339417,0.46845901012420654,-0.0011071894550696015,0.6211102604866028,0.3398306965827942,-0.007519466336816549,0.6230218410491943,0.3233136236667633,-0.0037159386556595564,0.6250815987586975,0.30438125133514404,0.000273282261332497,0.6438789367675781,0.3865450918674469,0.013040763325989246,0.6556990146636963,0.3935036361217499,0.022987956181168556,0.6201265454292297,0.38271695375442505,0.006645977962762117,0.6516942977905273,0.36931315064430237,0.017250902950763702,0.6179279088973999,0.3926580846309662,-0.0037328412290662527,0.6199077367782593,0.4184635877609253,-0.019513683393597603,0.6611475944519043,0.3999186158180237,0.030200140550732613,0.6532651782035828,0.39931371808052063,0.017130345106124878,0.6472294330596924,0.4021812081336975,0.010605545714497566,0.6367129683494568,0.4011586606502533,0.006754504982382059,0.628565788269043,0.397796094417572,0.004328430164605379,0.6224331855773926,0.39357873797416687,0.0021008194889873266,0.6116669774055481,0.38091906905174255,-0.01047318335622549,0.6606107950210571,0.416858971118927,0.028021296486258507,0.6553700566291809,0.36687710881233215,0.020713431760668755,0.6095718741416931,0.42727741599082947,-0.026624836027622223,0.6209225654602051,0.40569838881492615,-0.004304138012230396,0.6630052328109741,0.38529670238494873,0.06685727834701538,0.6180029511451721,0.3886057734489441,0.0008384565589949489,0.6231068968772888,0.42146745324134827,-0.0031663323752582073,0.648150622844696,0.3782062232494354,0.0183708593249321,0.6198625564575195,0.4132611155509949,-0.017259962856769562,0.6572402119636536,0.44198349118232727,0.06613503396511078,0.6196634769439697,0.3797694146633148,0.008181663230061531,0.6163549423217773,0.408112108707428,-0.02302543818950653,0.6435205340385437,0.4766451418399811,0.02532501518726349,0.6411131620407104,0.4859660565853119,0.03576735034584999,0.662848949432373,0.4201514720916748,0.049155425280332565,0.6507598161697388,0.4676690995693207,0.03418615460395813,0.6620639562606812,0.3676750361919403,0.04148665443062782,0.6215688586235046,0.4982984960079193,0.0026675292756408453,0.6084364056587219,0.42914095520973206,-0.01951771043241024,0.625683605670929,0.41175779700279236,-0.0018974000122398138,0.6584275960922241,0.38278841972351074,0.03248681128025055,0.639397382736206,0.38394245505332947,0.01010817103087902,0.6346049904823303,0.38471561670303345,0.008056260645389557,0.6257786154747009,0.4608365595340729,-1.2793510904884897e-05,0.6588932871818542,0.43323442339897156,0.028805658221244812,0.6116872429847717,0.5078317523002625,0.002678623888641596,0.6260980367660522,0.49982574582099915,0.017245471477508545,0.6328326463699341,0.4943518042564392,0.025419559329748154,0.6294559240341187,0.38395535945892334,0.007191604468971491,0.624544620513916,0.3821167051792145,0.007490906864404678,0.6213481426239014,0.3808945119380951,0.008365102112293243,0.6580110788345337,0.3651011288166046,0.027124684303998947,0.625044047832489,0.37519702315330505,0.006641539745032787,0.6301161646842957,0.3737871050834656,0.006401033606380224,0.6351456642150879,0.3736863136291504,0.007343489211052656,0.6398686170578003,0.37473946809768677,0.009471013210713863,0.6427839994430542,0.3762836456298828,0.011701704934239388,0.6634317636489868,0.365230530500412,0.05787095054984093,0.6422879695892334,0.3824593126773834,0.012516966089606285,0.6219295263290405,0.439888060092926,-0.007033901289105415,0.6182276606559753,0.4248141646385193,-0.014318869449198246,0.61248379945755,0.4374663233757019,-0.013605000451207161,0.6354432702064514,0.4854073226451874,0.017969178035855293,0.6285097599029541,0.4918575584888458,0.010573046281933784,0.6129148602485657,0.5027387142181396,-0.004583252128213644,0.6474624276161194,0.47604605555534363,0.048213306814432144,0.6213878989219666,0.37770742177963257,0.0076018692925572395,0.615015983581543,0.3938392996788025,-0.012224464677274227,0.6193960309028625,0.504453718662262,0.008875344879925251,0.6601380109786987,0.43802109360694885,0.047176022082567215,0.6155949234962463,0.45548784732818604,-0.007398469839245081,0.6166104078292847,0.45871180295944214,-0.00850878469645977,0.6173829436302185,0.46288400888442993,-0.009709238074719906,0.617816686630249,0.4678924083709717,-0.009086314588785172,0.6169280409812927,0.4729374349117279,-0.004984232597053051,0.6240473985671997,0.45625951886177063,-0.001023488468490541,0.6254739761352539,0.4557332396507263,-0.0007424791692756116,0.6266941428184509,0.45493659377098083,-0.000573175901081413,0.6306297183036804,0.4496102035045624,0.0011076763039454818,0.6531575918197632,0.4362855851650238,0.01578894443809986,0.6146734356880188,0.3861851990222931,-0.006706553045660257,0.6167309880256653,0.3710242211818695,0.0033195968717336655,0.6193518042564392,0.37333977222442627,0.006284244358539581,0.6223931312561035,0.45665615797042847,-0.0006669521098956466,0.6509960293769836,0.4555261731147766,0.02344593033194542,0.6128314733505249,0.36945483088493347,-0.004529860336333513,0.6195138096809387,0.48199573159217834,-0.002540267538279295,0.6117511987686157,0.38928675651550293,-0.016486847773194313,0.6182864904403687,0.4066382646560669,-0.012215010821819305,0.6116304993629456,0.485629677772522,-0.007620836608111858,0.6312388777732849,0.4685133695602417,0.006200868170708418,0.6275799870491028,0.42781391739845276,-0.0012111873365938663,0.6255691647529602,0.4763754606246948,0.0020226328633725643,0.6419234275817871,0.42774471640586853,0.0028549423441290855,0.6331418752670288,0.4356810450553894,0.00040962593629956245,0.6457263231277466,0.44076400995254517,0.007506114896386862,0.6129798889160156,0.4954114556312561,-0.007321109529584646,0.6207566857337952,0.4115009307861328,-0.007991399616003036,0.6350215077400208,0.4757828116416931,0.01171294879168272,0.628013551235199,0.48361191153526306,0.006101309321820736,0.6367382407188416,0.4592573046684265,0.008084467612206936,0.6562296152114868,0.4468889534473419,0.029808737337589264,0.643373966217041,0.4623154401779175,0.014393101446330547,0.6564820408821106,0.45406657457351685,0.043544575572013855,0.6370375752449036,0.44541266560554504,0.0035245087929069996,0.6177777647972107,0.39969587326049805,-0.007917897775769234,0.6182472705841064,0.42213088274002075,-0.020919188857078552,0.6205477714538574,0.4240974485874176,-0.014718024991452694,0.6166966557502747,0.4162921607494354,-0.025030266493558884,0.6218962073326111,0.361404150724411,0.0024134949781000614,0.6318034529685974,0.3550775349140167,0.002902305917814374,0.6401714086532593,0.35417017340660095,0.004617031197994947,0.6465813517570496,0.3563683331012726,0.008106411434710026,0.6505579948425293,0.36115187406539917,0.01235515158623457,0.6513347029685974,0.37928155064582825,0.021252362057566643,0.6641438007354736,0.4026479125022888,0.04878939688205719,0.6480740904808044,0.39177054166793823,0.01564735174179077,0.6429556012153625,0.3940456509590149,0.011391082778573036,0.635642409324646,0.39440780878067017,0.008013973943889141,0.628291130065918,0.39247962832450867,0.005672468338161707,0.6224861145019531,0.38917970657348633,0.0049288091249763966,0.6186144351959229,0.3858611583709717,0.003990551456809044,0.6614624857902527,0.403944730758667,0.07034522294998169,0.6199740171432495,0.42600587010383606,-0.012016858905553818,0.6153650879859924,0.4007592797279358,-0.01685791276395321,0.6151288747787476,0.4222666621208191,-0.0258512943983078,0.611818790435791,0.42622387409210205,-0.024141475558280945,0.6147105693817139,0.42381832003593445,-0.023158574476838112,0.6183573007583618,0.4281404912471771,-0.010457769967615604,0.6110841631889343,0.4268403947353363,-0.025741036981344223,0.6099157929420471,0.4286823868751526,-0.019362810999155045,0.6178849339485168,0.37955397367477417,0.0068971565924584866,0.6156522035598755,0.3806653618812561,0.0029319925233721733,0.6146762371063232,0.38149166107177734,-0.0011766466777771711,0.6444386839866638,0.37753188610076904,0.014006865210831165,0.6489031314849854,0.3710944354534149,0.01478357333689928,0.5729302763938904,0.3758208155632019,0.0012195957824587822,0.579121470451355,0.37602895498275757,0.0012195957824587822,0.573066234588623,0.36785635352134705,0.0012195957824587822,0.5666228532791138,0.3755829334259033,0.0012195957824587822,0.5727977752685547,0.3836498260498047,0.0012195957824587822,0.6316967010498047,0.37779849767684937,0.009776067920029163,0.637566089630127,0.3778878152370453,0.009776067920029163,0.6316425800323486,0.3707939386367798,0.009776067920029163,0.6257944107055664,0.3777085840702057,0.009776067920029163,0.6317459344863892,0.38473236560821533,0.009776067920029163
800.0000000000002,0.6125165224075317,0.44206586480140686,-0.017862508073449135,0.6156650185585022,0.41834884881973267,-0.030116450041532516,0.6138319373130798,0.42744290828704834,-0.016572516411542892,0.6104896068572998,0.39244624972343445,-0.02224935032427311,0.6160196661949158,0.40982741117477417,-0.031717948615550995,0.6157621145248413,0.3994603157043457,-0.02895756997168064,0.6144899129867554,0.37511807680130005,-0.012401754967868328,0.5694557428359985,0.3750486671924591,0.003667843295261264,0.6144254803657532,0.352806955575943,-0.0075498600490391254,0.6147661805152893,0.3407030999660492,-0.008133691735565662,0.6147133111953735,0.29994261264801025,-0.0002783980162348598,0.6124573945999146,0.44597920775413513,-0.01736026629805565,0.6121700406074524,0.4500350058078766,-0.015612835995852947,0.6118284463882446,0.4526809751987457,-0.013138942420482635,0.6116515398025513,0.4527174234390259,-0.013199059292674065,0.6116631627082825,0.4572683274745941,-0.014196360483765602,0.6115107536315918,0.4629814028739929,-0.01557354349642992,0.6112375855445862,0.4690120220184326,-0.0150773199275136,0.6111769676208496,0.47504279017448425,-0.010072366334497929,0.6150317788124084,0.4230020344257355,-0.027424629777669907,0.6094533801078796,0.4231405556201935,-0.02059066854417324,0.5430120825767517,0.34018653631210327,0.02957128919661045,0.5862429141998291,0.3835828900337219,-0.0006643036031164229,0.5800600051879883,0.38426673412323,-0.0009282523533329368,0.5742435455322266,0.3830052614212036,0.00011760054621845484,0.5665146112442017,0.3773958384990692,0.0041723474860191345,0.5916690230369568,0.3809261918067932,0.0010514762252569199,0.5793788433074951,0.35199442505836487,-0.0029497025534510612,0.5862301588058472,0.3539729714393616,-0.0018820185214281082,0.572564959526062,0.35349932312965393,-0.0016501242062076926,0.5677614808082581,0.357925146818161,0.0002497695677448064,0.5610933303833008,0.38182973861694336,0.006495117209851742,0.5898924469947815,0.48913732171058655,-0.007456693332642317,0.5673708915710449,0.3721827268600464,0.005516158416867256,0.5404593348503113,0.37769538164138794,0.029990220442414284,0.553762674331665,0.3743104934692383,0.011883915401995182,0.5830597281455994,0.41357460618019104,-0.007754277903586626,0.6053007245063782,0.4397396743297577,-0.018125619739294052,0.6055712103843689,0.4492436945438385,-0.015816356986761093,0.5976211428642273,0.44300511479377747,-0.016091523692011833,0.5923816561698914,0.4466085731983185,-0.013003205880522728,0.5996153354644775,0.4494500756263733,-0.014574248343706131,0.5948050022125244,0.4503535330295563,-0.01152768637984991,0.5850608348846436,0.4621172547340393,-0.006294555496424437,0.6110652685165405,0.41809484362602234,-0.030161656439304352,0.6107226610183716,0.4099111258983612,-0.03166909143328667,0.5584229230880737,0.3443431854248047,0.0020481860265135765,0.5954048037528992,0.3940313160419464,-0.005921188276261091,0.5969316959381104,0.41697847843170166,-0.018342625349760056,0.5962315201759338,0.41293880343437195,-0.016602789983153343,0.5632926225662231,0.4128336012363434,-0.0026464122347533703,0.6106712222099304,0.4003167748451233,-0.028058040887117386,0.574074923992157,0.3312678933143616,-0.005363823380321264,0.5651348233222961,0.33563923835754395,-0.0019811256788671017,0.551037073135376,0.32367396354675293,0.019938891753554344,0.6013079285621643,0.34276193380355835,-0.007522718049585819,0.5919135808944702,0.3592851758003235,0.0003543878556229174,0.5804506540298462,0.4547620415687561,-0.005352317821234465,0.5448423624038696,0.4579150080680847,0.041049256920814514,0.6009777784347534,0.4216664731502533,-0.015792241320014,0.6054711937904358,0.42414456605911255,-0.015459297224879265,0.5863085985183716,0.45247718691825867,-0.005300065036863089,0.5877124667167664,0.4523184299468994,-0.006418011616915464,0.5612733364105225,0.32929372787475586,0.0006720521487295628,0.5962214469909668,0.4207390248775482,-0.015371610410511494,0.5858343839645386,0.3327569365501404,-0.007299501448869705,0.5851050019264221,0.324912428855896,-0.008200078271329403,0.5791193246841431,0.3025539517402649,0.001945117604918778,0.5572779178619385,0.3312300443649292,0.008962197229266167,0.5836436748504639,0.3183010518550873,-0.0032679953146725893,0.5541050434112549,0.34090399742126465,0.006692306138575077,0.549275815486908,0.3446119427680969,0.017537541687488556,0.6053438782691956,0.44487136602401733,-0.017663167789578438,0.5986571311950684,0.44652700424194336,-0.015659993514418602,0.5935863852500916,0.4485801160335541,-0.012762133963406086,0.6021509170532227,0.4232238531112671,-0.014210466295480728,0.5870396494865417,0.45240655541419983,-0.0058120861649513245,0.5900310277938843,0.454145222902298,-0.009007538668811321,0.588491678237915,0.45225733518600464,-0.006448944099247456,0.6040972471237183,0.41853925585746765,-0.02314753830432892,0.5957082509994507,0.4515441358089447,-0.01052124984562397,0.6003872752189636,0.4513164460659027,-0.012304548174142838,0.6058480739593506,0.45180588960647583,-0.01349299680441618,0.6038680672645569,0.4747920036315918,-0.010806254111230373,0.604191243648529,0.46777579188346863,-0.015730220824480057,0.6047024726867676,0.4617651402950287,-0.016138972714543343,0.6052855253219604,0.45607200264930725,-0.014610536396503448,0.6058308482170105,0.45192188024520874,-0.013533882796764374,0.5957125425338745,0.451545387506485,-0.010448211804032326,0.5947249531745911,0.45351070165634155,-0.011528104543685913,0.5935495495796204,0.4562661051750183,-0.01275910995900631,0.5925613045692444,0.45951709151268005,-0.012074923142790794,0.5880706310272217,0.44149303436279297,-0.011041413061320782,0.5369411706924438,0.41681936383247375,0.051002807915210724,0.6144241690635681,0.425150603055954,-0.020315108820796013,0.5922101736068726,0.45184338092803955,-0.00813035573810339,0.5912064909934998,0.45285093784332275,-0.008828116580843925,0.6070504188537598,0.42726004123687744,-0.016012851148843765,0.5976048111915588,0.42565178871154785,-0.011068437248468399,0.606336772441864,0.4257538616657257,-0.01578105054795742,0.5885268449783325,0.3987541198730469,-0.005114383529871702,0.5782787203788757,0.4036451280117035,-0.0046735177747905254,0.5948247909545898,0.4167190492153168,-0.013671793974936008,0.5626455545425415,0.3107259273529053,0.010008249431848526,0.5682177543640137,0.32195305824279785,0.00218661455437541,0.57176673412323,0.3240540027618408,-0.004358807113021612,0.5900163650512695,0.467132031917572,-0.008766784332692623,0.6001763343811035,0.32977294921875,-0.009354913607239723,0.598545253276825,0.31863582134246826,-0.005543830338865519,0.5958396792411804,0.2994917631149292,-0.001544834696687758,0.569305956363678,0.3808460831642151,0.002139613265171647,0.554213285446167,0.387379914522171,0.008702784776687622,0.5953782200813293,0.3782063126564026,0.002227665623649955,0.5609093308448792,0.3617800772190094,0.004669730085879564,0.6000636219978333,0.38848063349723816,-0.00716569134965539,0.6007670760154724,0.4134952425956726,-0.023193906992673874,0.5471746921539307,0.39312416315078735,0.013811219483613968,0.5587997436523438,0.3928684890270233,0.0035467552952468395,0.567163348197937,0.3957153558731079,-0.000964264094363898,0.5789890289306641,0.39522555470466614,-0.001987296622246504,0.5876856446266174,0.3925195336341858,-0.0021319782827049494,0.5944773554801941,0.3886127471923828,-0.0025083923246711493,0.6088966131210327,0.37706470489501953,-0.011212708428502083,0.5478375554084778,0.41073670983314514,0.011309240944683552,0.5556990504264832,0.35912245512008667,0.006928547751158476,0.6123198866844177,0.42265474796295166,-0.027551475912332535,0.5965325832366943,0.40151655673980713,-0.008822677657008171,0.5359732508659363,0.3782057464122772,0.048440076410770416,0.5997013449668884,0.38377317786216736,-0.002502510091289878,0.5936190485954285,0.41760796308517456,-0.008190002292394638,0.5642369389533997,0.3714647889137268,0.006353686563670635,0.6002205014228821,0.40864190459251404,-0.02091689594089985,0.5395943522453308,0.4372939169406891,0.04757536202669144,0.595612108707428,0.3753066658973694,0.0036161800380796194,0.6054306030273438,0.4035232365131378,-0.02552354522049427,0.562009334564209,0.4743320345878601,0.011370626278221607,0.5611892342567444,0.4844362735748291,0.021224888041615486,0.540230929851532,0.4140980839729309,0.031004609540104866,0.5531097650527954,0.4643425941467285,0.01830473355948925,0.5444104671478271,0.36009716987609863,0.025408625602722168,0.5885995030403137,0.4970133900642395,-0.004872648511081934,0.6123716831207275,0.4247913956642151,-0.020193494856357574,0.590751588344574,0.4074804186820984,-0.007664796430617571,0.5479018092155457,0.3764721155166626,0.016839124262332916,0.5751484632492065,0.3789196312427521,0.0006802359712310135,0.5802381634712219,0.38008904457092285,-0.000161905845743604,0.5889706015586853,0.455723375082016,-0.008339034393429756,0.5485919117927551,0.4278406798839569,0.012207292020320892,0.5986916422843933,0.5067985653877258,-0.002296305960044265,0.5806253552436829,0.4990938901901245,0.007225630339235067,0.5719520449638367,0.49342575669288635,0.013240061700344086,0.614855945110321,0.3200579285621643,-0.004685966297984123,0.6097264885902405,0.5077607035636902,-0.002257266081869602,0.5854164958000183,0.37955304980278015,0.0003220726503059268,0.5903642177581787,0.37782275676727295,0.0017593989614397287,0.5937504768371582,0.37650975584983826,0.0033590742386877537,0.5504716634750366,0.35778680443763733,0.01227615401148796,0.590072512626648,0.36945009231567383,0.0008531366474926472,0.5849491953849792,0.36685997247695923,-0.0005487335147336125,0.5800833702087402,0.3660782277584076,-0.0009207975817844272,0.5749830007553101,0.3670039176940918,-8.291979611385614e-05,0.5714017748832703,0.3689143657684326,0.0013608167646452785,0.5383167862892151,0.357390820980072,0.04029352217912674,0.5717810988426208,0.3770335912704468,0.0022219992242753506,0.6134088039398193,0.4339606761932373,-0.01559455506503582,0.5945659279823303,0.43688756227493286,-0.012814418412744999,0.601147472858429,0.42017802596092224,-0.017606351524591446,0.6059949994087219,0.4342639744281769,-0.016277998685836792,0.6141469478607178,0.3644742965698242,-0.007888252846896648,0.5713066458702087,0.48375383019447327,0.0061922622844576836,0.579772412776947,0.4905477464199066,0.0009335102513432503,0.5989065170288086,0.5013549327850342,-0.009386580437421799,0.5524033904075623,0.4736083745956421,0.03158290311694145,0.593904972076416,0.37295815348625183,0.00251169316470623,0.6051621437072754,0.38963940739631653,-0.014296692796051502,0.6103821992874146,0.5020224452018738,-0.009219045750796795,0.5893703699111938,0.5036807656288147,0.0010790502419695258,0.5421328544616699,0.43284377455711365,0.029263971373438835,0.6004159450531006,0.4514227509498596,-0.012304640375077724,0.5994375944137573,0.4547048807144165,-0.013522936031222343,0.5985254645347595,0.45902037620544434,-0.01494212169200182,0.597805380821228,0.464270681142807,-0.014513731002807617,0.596272349357605,0.4715673327445984,-0.01079224981367588,0.5909138917922974,0.45131343603134155,-0.00876366812735796,0.5896894931793213,0.450594037771225,-0.00904353428632021,0.5886396169662476,0.4497123956680298,-0.009214608930051327,0.5829612612724304,0.4474823474884033,-0.00841638445854187,0.5575314164161682,0.43127843737602234,0.0016006279038265347,0.6045807003974915,0.3820996582508087,-0.008735946379601955,0.6004258990287781,0.36554890871047974,0.0008430358138866723,0.5967104434967041,0.36805540323257446,0.0021777686197310686,0.5921565890312195,0.4519113004207611,-0.008197651244699955,0.5565898418426514,0.45161768794059753,0.008624929934740067,0.6066305041313171,0.3636826276779175,-0.005537120625376701,0.5926920771598816,0.4805747866630554,-0.008707542903721333,0.6153154373168945,0.3912677764892578,-0.02326423116028309,0.6096884608268738,0.38524356484413147,-0.01713595911860466,0.614911675453186,0.3836120069026947,-0.01764599233865738,0.6010093092918396,0.4023115336894989,-0.01540268212556839,0.6108884811401367,0.49423378705978394,-0.011763540096580982,0.6110737919807434,0.48432818055152893,-0.010992861352860928,0.601858377456665,0.4841526746749878,-0.011057082563638687,0.579240083694458,0.46682485938072205,-0.0038638804107904434,0.5880209803581238,0.42404747009277344,-0.007681372109800577,0.585472822189331,0.4749288856983185,-0.006180844269692898,0.5725883841514587,0.4229837954044342,-0.007175093982368708,0.5815384984016418,0.43194741010665894,-0.008014911785721779,0.5666813254356384,0.43652036786079407,-0.004368393216282129,0.5999525189399719,0.4938028156757355,-0.011713279411196709,0.5971367955207825,0.4073144197463989,-0.012210891582071781,0.5737946629524231,0.4739217758178711,0.0004989734734408557,0.5819017291069031,0.4820546805858612,-0.0028654683846980333,0.5741803646087646,0.4570147395133972,-0.003467002185061574,0.5501260161399841,0.4422069489955902,0.013551759533584118,0.5656824111938477,0.4594857096672058,0.0014273924753069878,0.5458142757415771,0.4496980905532837,0.026006009429693222,0.5760726928710938,0.4423120319843292,-0.0067153992131352425,0.6009374260902405,0.3954748809337616,-0.011301637627184391,0.602512776851654,0.41704022884368896,-0.024318570271134377,0.5987319350242615,0.4195433557033539,-0.018704982474446297,0.6055567860603333,0.41127732396125793,-0.02757992409169674,0.5958415865898132,0.35400694608688354,-0.0013061428908258677,0.5861431360244751,0.3459639549255371,-0.0030515508260577917,0.5774494409561157,0.34425365924835205,-0.0036352351307868958,0.5699158310890198,0.3468601405620575,-0.002200711751356721,0.5641437768936157,0.3522610366344452,0.0006690404843539,0.5596438646316528,0.37263646721839905,0.008353208191692829,0.5394648313522339,0.3957742154598236,0.030596943572163582,0.564588189125061,0.38555800914764404,0.003635622560977936,0.5710123181343079,0.38829925656318665,0.0009463347960263491,0.5791634321212769,0.38918930292129517,-0.000497559376526624,0.5869778990745544,0.38772857189178467,-0.0008416783530265093,0.5932440161705017,0.38461560010910034,0.00024021320859901607,0.5976551175117493,0.3814176917076111,0.00037228764267638326,0.5360358357429504,0.39746496081352234,0.05161723122000694,0.5985241532325745,0.4218766391277313,-0.01597292348742485,0.6056351661682129,0.39642542600631714,-0.01914747804403305,0.6069254279136658,0.4171839952468872,-0.02801131084561348,0.6093342900276184,0.421564519405365,-0.02550096996128559,0.6064858436584473,0.41883572936058044,-0.0254003144800663,0.5997158885002136,0.4243963360786438,-0.01385287381708622,0.6105229258537292,0.4221516251564026,-0.02688509412109852,0.6106531023979187,0.4243434965610504,-0.020383888855576515,0.5979222059249878,0.3748345971107483,0.003246117616072297,0.6011808514595032,0.37599319219589233,0.00037823760067112744,0.6036462783813477,0.37658005952835083,-0.0031553576700389385,0.5691918730735779,0.3705315589904785,0.003143436973914504,0.5645525455474854,0.3636220693588257,0.0032039976213127375,0.6196622848510742,0.3928292393684387,-0.0205350611358881,0.651212751865387,0.3791629374027252,0.016079381108283997,0.6187812685966492,0.4235738217830658,-0.0192714836448431,0.6691787838935852,0.3469930589199066,0.04884108528494835,0.6362252235412598,0.3863212466239929,0.0073706116527318954,0.6420457363128662,0.3872254192829132,0.008741380646824837,0.6473010778427124,0.38638001680374146,0.011253458447754383,0.653148353099823,0.38203126192092896,0.0173015333712101,0.631182074546814,0.38337475061416626,0.007395048625767231,0.6444870233535767,0.35857003927230835,0.0071368468925356865,0.6379764676094055,0.3595837354660034,0.006094720214605331,0.6504122614860535,0.36030611395835876,0.009990356862545013,0.6540329456329346,0.3643614649772644,0.01279455702751875,0.6576266288757324,0.386730432510376,0.020679637789726257,0.6294726729393005,0.4891315698623657,-0.0016647381708025932,0.6526566743850708,0.3770560324192047,0.0184879582375288,0.6708987951278687,0.38367098569869995,0.049222432076931,0.6624577045440674,0.3798927366733551,0.027765361592173576,0.6399650573730469,0.4158407151699066,0.00041985276038758457,0.6193540096282959,0.4405916631221771,-0.015973176807165146,0.6182257533073425,0.45015186071395874,-0.013821967877447605,0.6261021494865417,0.4445677399635315,-0.011713877320289612,0.630357027053833,0.4488511383533478,-0.00698710884898901,0.6234750151634216,0.4510740339756012,-0.010749049484729767,0.6275840997695923,0.4525306224822998,-0.00641486095264554,0.6341433525085449,0.46334999799728394,0.0013549687573686242,0.6198561787605286,0.41847169399261475,-0.029061809182167053,0.6208513975143433,0.41033250093460083,-0.03036283142864704,0.6623401641845703,0.3522658944129944,0.01693839021027088,0.6290678381919861,0.39554300904273987,-0.0005605884362012148,0.629855751991272,0.4182005822658539,-0.013343782164156437,0.6301109790802002,0.41418325901031494,-0.011453893966972828,0.6566332578659058,0.4165972173213959,0.010827209800481796,0.6203786134719849,0.4006824791431427,-0.026379508897662163,0.6513718962669373,0.34041905403137207,0.0050505222752690315,0.6582419872283936,0.34432560205459595,0.010983316227793694,0.6655302047729492,0.3304019868373871,0.03718111664056778,0.6264392137527466,0.34914934635162354,-0.004032226279377937,0.63214111328125,0.363591730594635,0.006840856745839119,0.638708770275116,0.4564532935619354,0.003945506177842617,0.6602040529251099,0.46114301681518555,0.05919642373919487,0.6254130005836487,0.4226398468017578,-0.012190232053399086,0.6212629079818726,0.42475661635398865,-0.013646331615746021,0.6350148916244507,0.45567435026168823,0.002748190425336361,0.633590042591095,0.45533642172813416,0.0007034099544398487,0.660983681678772,0.338121622800827,0.014442394487559795,0.6293889284133911,0.4219364821910858,-0.010473356582224369,0.6412183046340942,0.34123438596725464,-0.0001841528428485617,0.6423436999320984,0.33350661396980286,-0.0008926261216402054,0.6462198495864868,0.30717065930366516,0.011837306432425976,0.6629084348678589,0.3366371989250183,0.024138683453202248,0.6434107422828674,0.32194679975509644,0.005124492105096579,0.6648836731910706,0.34874314069747925,0.022601895034313202,0.6671161651611328,0.35029128193855286,0.03472136706113815,0.6190460324287415,0.44578462839126587,-0.015538881532847881,0.6248548030853271,0.44818010926246643,-0.01153506338596344,0.6290754079818726,0.45080244541168213,-0.007248186506330967,0.6239739656448364,0.4240231513977051,-0.01120997779071331,0.6342906951904297,0.4555205702781677,0.001625511795282364,0.631519079208374,0.4569777548313141,-0.002707497915253043,0.6327801942825317,0.4551677107810974,0.00046036753337830305,0.6242161989212036,0.41950979828834534,-0.019756710156798363,0.6262460350990295,0.45359674096107483,-0.005663993768393993,0.6222109794616699,0.452886164188385,-0.008698727004230022,0.6173267960548401,0.45268282294273376,-0.011468644253909588,0.6178665161132812,0.47497451305389404,-0.008871150203049183,0.6179518699645996,0.4687366783618927,-0.013590016402304173,0.6178959012031555,0.46263742446899414,-0.01392392348498106,0.6176059246063232,0.4569116234779358,-0.012428317219018936,0.6171084046363831,0.45271289348602295,-0.011448130942881107,0.6261072754859924,0.45356643199920654,-0.0055924407206475735,0.6271559596061707,0.45576420426368713,-0.006674338597804308,0.6282811760902405,0.45873409509658813,-0.007680168841034174,0.6291123032569885,0.462138831615448,-0.006643948145210743,0.6342376470565796,0.4429062604904175,-0.004172755405306816,0.6670560836791992,0.42203032970428467,0.0709754228591919,0.6291865706443787,0.45425471663475037,-0.002078926656395197,0.6303301453590393,0.4555133581161499,-0.0027771801687777042,0.619834840297699,0.42772120237350464,-0.014188794419169426,0.6270964741706848,0.4266480505466461,-0.007167999166995287,0.6204925775527954,0.4262993335723877,-0.014027858152985573,0.6348880529403687,0.4007916748523712,0.0020600883290171623,0.6441396474838257,0.40650632977485657,0.004966913256794214,0.6305307745933533,0.4180282950401306,-0.008346287533640862,0.6584725379943848,0.3168517053127289,0.0240776464343071,0.6555305123329163,0.3268139660358429,0.014386346563696861,0.6533578634262085,0.33294641971588135,0.006623823661357164,0.629959225654602,0.46785780787467957,-0.0024771238677203655,0.6286139488220215,0.3366784453392029,-0.005629722960293293,0.6302843689918518,0.3206573724746704,-0.0011689667589962482,0.6321448087692261,0.30206170678138733,0.0034671195317059755,0.651125431060791,0.3848848044872284,0.014502111822366714,0.6628575325012207,0.3924672305583954,0.024432474747300148,0.6278569102287292,0.38054990768432617,0.00787776056677103,0.6588082909584045,0.36773940920829773,0.019015705212950706,0.6255117058753967,0.38965755701065063,-0.0028846252243965864,0.6276910305023193,0.4146679937839508,-0.019151829183101654,0.6681627035140991,0.39836928248405457,0.03158864378929138,0.6604578495025635,0.3979910910129547,0.018384192138910294,0.6544893980026245,0.4004933536052704,0.011699327267706394,0.6441447734832764,0.39923956990242004,0.0077348742634058,0.6361194252967834,0.39571553468704224,0.005283086560666561,0.6299883723258972,0.3912184238433838,0.0030310950241982937,0.6193887591362,0.3775835335254669,-0.009396594949066639,0.6674306988716125,0.41551777720451355,0.029015162959694862,0.6625747084617615,0.3655610680580139,0.022600989788770676,0.6175245046615601,0.4228660464286804,-0.026668928563594818,0.6284791231155396,0.4028136432170868,-0.0036367301363497972,0.6700669527053833,0.3845052719116211,0.06919758021831512,0.6255527138710022,0.38591820001602173,0.0018344965064898133,0.6305705308914185,0.4189890921115875,-0.002796994522213936,0.655159056186676,0.37669801712036133,0.02000611275434494,0.6276478171348572,0.4097210168838501,-0.01678798906505108,0.6644417643547058,0.44152912497520447,0.06683196872472763,0.6273033022880554,0.3775578737258911,0.009502957575023174,0.6242559552192688,0.40424370765686035,-0.02253982424736023,0.6511552929878235,0.47579607367515564,0.024529872462153435,0.6489761471748352,0.4853123724460602,0.03501708805561066,0.6698140501976013,0.41900649666786194,0.05019526556134224,0.6580851674079895,0.4668544828891754,0.033763330429792404,0.6691150069236755,0.3660712242126465,0.04376539587974548,0.6297322511672974,0.4967404901981354,0.0013808165676891804,0.6163496375083923,0.42496806383132935,-0.01966164819896221,0.6330795288085938,0.4092090427875519,-0.001291322405450046,0.6656821966171265,0.38224151730537415,0.034275658428668976,0.6468065977096558,0.38206785917282104,0.01162052620202303,0.6421635150909424,0.3829039931297302,0.009499951265752316,0.6325176358222961,0.4587076008319855,-0.0015851811040192842,0.6656084060668945,0.43201011419296265,0.02934041991829872,0.6199624538421631,0.506478488445282,0.0013063676888123155,0.6344265341758728,0.4985707700252533,0.01611669361591339,0.6410310864448547,0.4933561682701111,0.024433963000774384,0.6371051669120789,0.38215339183807373,0.008562627248466015,0.6322659850120544,0.38021036982536316,0.008809334598481655,0.6290558576583862,0.37884005904197693,0.009679138660430908,0.6652593016624451,0.3642241656780243,0.029170073568820953,0.6326228380203247,0.3730173408985138,0.008088490925729275,0.6376006007194519,0.3716801404953003,0.007906784303486347,0.6424865126609802,0.37162065505981445,0.008923721499741077,0.6470649242401123,0.37276792526245117,0.011088784784078598,0.649887204170227,0.37441256642341614,0.013341488316655159,0.6705277562141418,0.36409997940063477,0.06064382940530777,0.6495476365089417,0.3806005120277405,0.014067347161471844,0.6293902397155762,0.43799424171447754,-0.007568614557385445,0.6258256435394287,0.4212237596511841,-0.014086867682635784,0.6202571392059326,0.43475013971328735,-0.014087356626987457,0.6434342861175537,0.4843781590461731,0.01682133413851261,0.6366394758224487,0.4905320405960083,0.009318389929831028,0.6210899949073792,0.5011712312698364,-0.005984622053802013,0.6550220251083374,0.47565722465515137,0.04776570945978165,0.6290119886398315,0.37544795870780945,0.00897644367069006,0.6227502822875977,0.3904135823249817,-0.011417976580560207,0.6277637481689453,0.5030648112297058,0.007660732138901949,0.6672048568725586,0.4370470345020294,0.0477045513689518,0.6220183372497559,0.4529052972793579,-0.008642208762466908,0.622931182384491,0.45635050535202026,-0.009724433533847332,0.6236708164215088,0.46079424023628235,-0.010926804505288601,0.624144971370697,0.46615827083587646,-0.01033192127943039,0.6245815753936768,0.4719109833240509,-0.006204206496477127,0.630839467048645,0.45393237471580505,-0.0024768556468188763,0.6321995258331299,0.45333945751190186,-0.002153873210772872,0.6333600282669067,0.452470600605011,-0.001891483087092638,0.6376718282699585,0.44915148615837097,0.00016440922627225518,0.6597288846969604,0.4348500072956085,0.016130581498146057,0.6223382949829102,0.38298529386520386,-0.005749368574470282,0.6243464350700378,0.3684494197368622,0.004634313751012087,0.6269987225532532,0.3709860146045685,0.007662848103791475,0.629302442073822,0.45437106490135193,-0.00210252171382308,0.657886803150177,0.45450788736343384,0.02326621301472187,0.6203929781913757,0.3664562702178955,-0.003201371291652322,0.627308189868927,0.48071277141571045,-0.0036705820821225643,0.61957186460495,0.38567325472831726,-0.015604781918227673,0.6259992122650146,0.4033198654651642,-0.011613914743065834,0.6195440292358398,0.48414093255996704,-0.008666151203215122,0.6389257311820984,0.4680778980255127,0.004993296694010496,0.6349474191665649,0.42567771673202515,-0.0010048365220427513,0.6333584785461426,0.4755042791366577,0.000769797945395112,0.6487864851951599,0.4258148670196533,0.0033087271731346846,0.6403274536132812,0.43396520614624023,0.0003060108865611255,0.6524596810340881,0.4393436312675476,0.007621777709573507,0.6210430860519409,0.49374109506607056,-0.0085467379540205,0.6283760070800781,0.40851548314094543,-0.007451282814145088,0.6428359150886536,0.47494742274284363,0.010596845299005508,0.6359743475914001,0.4824139475822449,0.004902038723230362,0.6441142559051514,0.4589352607727051,0.007248129229992628,0.6630618572235107,0.44582921266555786,0.029930273070931435,0.6506491303443909,0.46153324842453003,0.013775331899523735,0.6637004017829895,0.4532025456428528,0.04356060549616814,0.6440284848213196,0.4445452094078064,0.0031243404373526573,0.6254234910011292,0.3965175151824951,-0.007191795390099287,0.6260024905204773,0.41812416911125183,-0.02063073217868805,0.6281578540802002,0.42069578170776367,-0.014483725652098656,0.6246170997619629,0.4120867848396301,-0.02476332150399685,0.6294501423835754,0.3587905466556549,0.0038890622090548277,0.6392396688461304,0.35244232416152954,0.004539098124951124,0.6474497318267822,0.351639062166214,0.006358774844557047,0.6537632942199707,0.3540700078010559,0.009890404529869556,0.6576855778694153,0.35919660329818726,0.01416308619081974,0.6584383249282837,0.37798088788986206,0.02289183810353279,0.6711192727088928,0.40132373571395874,0.05027851462364197,0.6553296446800232,0.39030390977859497,0.017018500715494156,0.6503662467002869,0.39233237504959106,0.012620978057384491,0.6431928277015686,0.3926042914390564,0.009137176908552647,0.6359235048294067,0.39059433341026306,0.0067901755683124065,0.6301349997520447,0.38708433508872986,0.005997936706990004,0.6262518167495728,0.38350510597229004,0.005088222213089466,0.6684869527816772,0.40335458517074585,0.07220032811164856,0.6275088787078857,0.422931045293808,-0.01182556338608265,0.6231743693351746,0.3971235156059265,-0.016207750886678696,0.623015820980072,0.41787561774253845,-0.025680942460894585,0.6196278929710388,0.4219912886619568,-0.024134600535035133,0.6225049495697021,0.4195898175239563,-0.022999295964837074,0.6257969737052917,0.42526552081108093,-0.010370481759309769,0.6189715266227722,0.42250242829322815,-0.02577115036547184,0.6177628636360168,0.42459723353385925,-0.01945534721016884,0.6255694627761841,0.37721318006515503,0.008165339007973671,0.6232673525810242,0.3781026303768158,0.004123632796108723,0.6222352981567383,0.37858662009239197,-8.526735473424196e-05,0.6514782309532166,0.37572672963142395,0.015636887401342392,0.6559326648712158,0.3693767488002777,0.016459429636597633,0.5801233649253845,0.37330690026283264,0.0017061056569218636,0.5863590836524963,0.3734392523765564,0.0017061056569218636,0.5802077054977417,0.36536550521850586,0.0017061056569218636,0.5737786889076233,0.3731514513492584,0.0017061056569218636,0.5800347924232483,0.3810969889163971,0.0017061056569218636,0.6388242244720459,0.37576401233673096,0.011266988702118397,0.6447745561599731,0.3759700059890747,0.011266988702118397,0.6388920545578003,0.36860764026641846,0.011266988702118397,0.632859468460083,0.3755607604980469,0.011266988702118397,0.638771653175354,0.38283970952033997,0.011266988702118397
833.3333333333336,0.6129851341247559,0.4427173137664795,-0.01770870015025139,0.6144960522651672,0.42033496499061584,-0.030307186767458916,0.6129233837127686,0.4289689362049103,-0.016651781275868416,0.6090684533119202,0.3938155472278595,-0.022327279672026634,0.6147494316101074,0.41171449422836304,-0.03195752203464508,0.6144543886184692,0.40105926990509033,-0.029217379167675972,0.6131706237792969,0.3759576380252838,-0.012602676637470722,0.5688208341598511,0.3745375871658325,0.0047621410340070724,0.6131215691566467,0.352163702249527,-0.007707616779953241,0.6134127974510193,0.3398471772670746,-0.00837403628975153,0.6135095357894897,0.2999725937843323,-0.0008072934579104185,0.6129398941993713,0.4465233385562897,-0.01716449297964573,0.6126234531402588,0.4504176676273346,-0.015408030711114407,0.6122304797172546,0.4529270827770233,-0.012920533306896687,0.6120277643203735,0.4531569480895996,-0.013086789287626743,0.6120631098747253,0.4576006531715393,-0.014078973792493343,0.6119061708450317,0.4632301330566406,-0.015489457175135612,0.6116122007369995,0.46922022104263306,-0.015016507357358932,0.611171305179596,0.4759816527366638,-0.01006532832980156,0.6139662265777588,0.4248923361301422,-0.02758033387362957,0.6082744598388672,0.42492586374282837,-0.020591404289007187,0.5423340797424316,0.33995190262794495,0.03153000771999359,0.5849721431732178,0.3842112720012665,-7.607819861732423e-05,0.5788348317146301,0.3845141530036926,-0.00014473646297119558,0.5730753540992737,0.3829699456691742,0.001068440149538219,0.5657055377960205,0.3770572245121002,0.005374705884605646,0.5903136134147644,0.38172751665115356,0.0015401532873511314,0.5786948800086975,0.35149186849594116,-0.0021569672971963882,0.585357129573822,0.3536245822906494,-0.0013206102885305882,0.5720601081848145,0.3529389500617981,-0.0006616042810492218,0.5673669576644897,0.3574119210243225,0.0013377402210608125,0.5598175525665283,0.3817759156227112,0.007861741818487644,0.589370608329773,0.48971712589263916,-0.006613377947360277,0.5668835639953613,0.37171101570129395,0.0067070247605443,0.5393795371055603,0.37735122442245483,0.031892068684101105,0.5526342391967773,0.3742476999759674,0.013440050184726715,0.5815661549568176,0.41432181000709534,-0.007085802964866161,0.6056268811225891,0.4403667449951172,-0.017808860167860985,0.6058604121208191,0.44957196712493896,-0.015431098639965057,0.5978097319602966,0.4435631036758423,-0.015539621002972126,0.5924599170684814,0.4470807909965515,-0.012232630513608456,0.5997865200042725,0.4497198462486267,-0.014009399339556694,0.5948923826217651,0.45060357451438904,-0.010813076980412006,0.5841597318649292,0.4627065062522888,-0.005275260657072067,0.6097843647003174,0.420111745595932,-0.030249299481511116,0.6093143820762634,0.41180408000946045,-0.031779695302248,0.5581563711166382,0.34362393617630005,0.00350693566724658,0.5940937995910645,0.3947408199310303,-0.005553161725401878,0.5953647494316101,0.4183814227581024,-0.018050789833068848,0.5946734547615051,0.4141804575920105,-0.016316795721650124,0.5615848898887634,0.41336724162101746,-0.001296197879128158,0.60923832654953,0.4019342064857483,-0.02814953587949276,0.5738909244537354,0.33030712604522705,-0.004338827449828386,0.5649831891059875,0.33469003438949585,-0.0006329945754259825,0.5499156713485718,0.3235894739627838,0.02159205637872219,0.6005160808563232,0.3431030809879303,-0.007280043791979551,0.5908716320991516,0.35920846462249756,0.0007489270064979792,0.5793426632881165,0.455325722694397,-0.004178080707788467,0.5438276529312134,0.457282692193985,0.043480947613716125,0.5995580554008484,0.423163503408432,-0.015656160190701485,0.6042433977127075,0.4256606101989746,-0.01537881139665842,0.5862739682197571,0.45281970500946045,-0.004256793763488531,0.5877102613449097,0.4526229202747345,-0.005482044070959091,0.5612231492996216,0.32793301343917847,0.0019936496391892433,0.594723641872406,0.42198446393013,-0.015061361715197563,0.5855077505111694,0.33226436376571655,-0.006703794933855534,0.5849153995513916,0.32388514280319214,-0.007668106816709042,0.5774705410003662,0.3026641607284546,0.002586388261988759,0.5556578636169434,0.3306003212928772,0.010267656296491623,0.5815923810005188,0.317927747964859,-0.002824940485879779,0.5539363026618958,0.3399730622768402,0.008192368783056736,0.5481175184249878,0.34397098422050476,0.019058767706155777,0.6056680679321289,0.44537943601608276,-0.017304180189967155,0.5988538861274719,0.4469629228115082,-0.015085895545780659,0.5936769843101501,0.4489538371562958,-0.012017067521810532,0.6008020639419556,0.4246547520160675,-0.014033777639269829,0.5870351791381836,0.4527277648448944,-0.004826298914849758,0.590096116065979,0.45436862111091614,-0.008176607079803944,0.58849036693573,0.4525424838066101,-0.005531249102205038,0.6026543974876404,0.42037534713745117,-0.023017138242721558,0.595780611038208,0.4516964852809906,-0.009825070388615131,0.6005343198776245,0.45144182443618774,-0.0117459986358881,0.6061000823974609,0.4519965350627899,-0.013087259605526924,0.6035465002059937,0.4757568836212158,-0.0105982581153512,0.6045022010803223,0.4680255055427551,-0.015480495058000088,0.6050000190734863,0.46203500032424927,-0.01586891897022724,0.6055671572685242,0.45640692114830017,-0.014317717403173447,0.6060508489608765,0.4523065388202667,-0.013256574980914593,0.5957655310630798,0.45172545313835144,-0.009833293035626411,0.5948374271392822,0.45370566844940186,-0.010914811864495277,0.5937053561210632,0.4564749002456665,-0.01214158907532692,0.5927264094352722,0.4597872495651245,-0.011405409313738346,0.5868457555770874,0.4422629475593567,-0.010269422084093094,0.5363010764122009,0.41598814725875854,0.05345364287495613,0.6134456396102905,0.42691463232040405,-0.02041475661098957,0.5922369360923767,0.45201876759529114,-0.007342788856476545,0.5912655591964722,0.45304185152053833,-0.008036168292164803,0.6059525609016418,0.42873385548591614,-0.01591787114739418,0.5962311029434204,0.426765501499176,-0.01080344058573246,0.6051719784736633,0.4272534251213074,-0.01569282077252865,0.5871519446372986,0.3994165360927582,-0.004508941899985075,0.5767566561698914,0.40428900718688965,-0.0037342500872910023,0.59332275390625,0.41783761978149414,-0.013341854326426983,0.5610964894294739,0.31072813272476196,0.0112374322488904,0.5662070512771606,0.32133248448371887,0.0031054457649588585,0.5717116594314575,0.32253599166870117,-0.0034152402076870203,0.5892130732536316,0.46787720918655396,-0.007948845624923706,0.5996415019035339,0.3294300436973572,-0.009186777286231518,0.5967581868171692,0.3185856342315674,-0.005560973659157753,0.5943506956100464,0.2996608316898346,-0.0015221815556287766,0.5682840943336487,0.380633145570755,0.0032386528328061104,0.5524880290031433,0.3876357078552246,0.010217688977718353,0.593936026096344,0.37910526990890503,0.002630048431456089,0.5604060292243958,0.36137235164642334,0.006042418535798788,0.5987482666969299,0.38923874497413635,-0.006904658395797014,0.5991799831390381,0.41517478227615356,-0.023026708513498306,0.5456100702285767,0.3932143747806549,0.015598496422171593,0.556993305683136,0.3931625485420227,0.004939349368214607,0.5652064681053162,0.3961571455001831,0.00018215157615486532,0.5770184993743896,0.3960552215576172,-0.001078391564078629,0.5857752561569214,0.39355194568634033,-0.001498949946835637,0.5926090478897095,0.389690101146698,-0.002092235954478383,0.6075522899627686,0.3779085576534271,-0.011215414851903915,0.5461779832839966,0.4109000265598297,0.013137751258909702,0.5550581216812134,0.35869067907333374,0.008401910774409771,0.6111478209495544,0.42456844449043274,-0.027625251561403275,0.5951553583145142,0.4023779034614563,-0.008534178137779236,0.5355392694473267,0.3775636553764343,0.0507836751639843,0.5978983640670776,0.384801983833313,-0.002216015476733446,0.5921856760978699,0.4185618758201599,-0.007838192395865917,0.5637161731719971,0.3710232377052307,0.007647194899618626,0.5986452698707581,0.41005751490592957,-0.020756438374519348,0.5387225151062012,0.4364538788795471,0.05002981796860695,0.5942063927650452,0.37619128823280334,0.0040216632187366486,0.6038981676101685,0.40506088733673096,-0.02548500895500183,0.5608347058296204,0.47447094321250916,0.013076584786176682,0.5601077675819397,0.48439013957977295,0.02318180911242962,0.538825511932373,0.413737416267395,0.03308771550655365,0.5517497658729553,0.46432018280029297,0.02022496983408928,0.5433932542800903,0.3596510589122772,0.027122536674141884,0.5882149934768677,0.49753227829933167,-0.0038757892325520515,0.611306369304657,0.4265865087509155,-0.02024548128247261,0.5893309116363525,0.40826329588890076,-0.007226279936730862,0.5464922189712524,0.3766672611236572,0.018536392599344254,0.5742642283439636,0.37858062982559204,0.001595740090124309,0.5792491436004639,0.38005688786506653,0.000619826081674546,0.5890427231788635,0.4559965133666992,-0.007442800793796778,0.5469473600387573,0.4279446005821228,0.014066020026803017,0.5986075401306152,0.5072569847106934,-0.0015652102883905172,0.580007791519165,0.49937617778778076,0.008626888506114483,0.5710964202880859,0.4935992956161499,0.01490403339266777,0.6135002374649048,0.32002246379852295,-0.0051502990536391735,0.6099770665168762,0.5081344842910767,-0.0019445046782493591,0.5843284726142883,0.37987273931503296,0.000979978940449655,0.5891897678375244,0.37842077016830444,0.0023031127639114857,0.5924248099327087,0.37727224826812744,0.0038351654075086117,0.549798309803009,0.35729101300239563,0.013866690918803215,0.588982105255127,0.3696269392967224,0.001327753416262567,0.5839856266975403,0.3667967617511749,8.67877242853865e-05,0.5791909098625183,0.3659079372882843,-0.00013613620831165463,0.5742191076278687,0.3667377233505249,0.0008556837565265596,0.5707377195358276,0.36856430768966675,0.0023958992678672075,0.5378231406211853,0.3570128083229065,0.04248201102018356,0.5710177421569824,0.3765624463558197,0.0032449017744511366,0.6126773357391357,0.4349583089351654,-0.01560752373188734,0.5933545231819153,0.4378063380718231,-0.01228888239711523,0.5996816158294678,0.4217851758003235,-0.017445703968405724,0.6050230860710144,0.4353060722351074,-0.016082335263490677,0.612873375415802,0.3645658493041992,-0.008106173016130924,0.5704517960548401,0.48398858308792114,0.007677812594920397,0.5791032910346985,0.49091529846191406,0.002176371170207858,0.5988384485244751,0.5019717216491699,-0.00870925560593605,0.551298975944519,0.4732664227485657,0.03381159529089928,0.5926002860069275,0.3735438585281372,0.0029574809595942497,0.6037410497665405,0.39071863889694214,-0.014234661124646664,0.6106518507003784,0.5025763511657715,-0.008875393308699131,0.5889871716499329,0.5040870308876038,0.0021908406633883715,0.5406940579414368,0.4324694573879242,0.031358666718006134,0.6005297303199768,0.45167404413223267,-0.011854786425828934,0.5996289253234863,0.45494344830513,-0.013059316202998161,0.5987505912780762,0.4592534005641937,-0.014493947848677635,0.5980426073074341,0.46453145146369934,-0.01404096931219101,0.595649778842926,0.4724981188774109,-0.01023811288177967,0.5909389853477478,0.4515838921070099,-0.007915343157947063,0.5897099375724792,0.4509274959564209,-0.008125841617584229,0.5886607766151428,0.4501025676727295,-0.008266855031251907,0.5817604660987854,0.4481465220451355,-0.007390395272523165,0.5558322668075562,0.43165895342826843,0.0031480868346989155,0.6032470464706421,0.38291195034980774,-0.008610080927610397,0.5991238355636597,0.36602574586868286,0.0009607024258002639,0.5953881740570068,0.3685092329978943,0.0025258189998567104,0.5921822786331177,0.4521207809448242,-0.0073675233870744705,0.5550940632820129,0.4518243670463562,0.010308285243809223,0.6051630973815918,0.3642551600933075,-0.005542464088648558,0.5920476317405701,0.4812586307525635,-0.008045453578233719,0.6139838099479675,0.3926192820072174,-0.023518940433859825,0.6082756519317627,0.3864087164402008,-0.017210578545928,0.6135733723640442,0.38476407527923584,-0.01788235455751419,0.59953773021698,0.4034385085105896,-0.01527535542845726,0.6110191941261292,0.49492043256759644,-0.011486489325761795,0.6111127734184265,0.4851268529891968,-0.010832633823156357,0.6015444397926331,0.48496341705322266,-0.010654120706021786,0.5782955288887024,0.4672355651855469,-0.002668957458809018,0.5866329073905945,0.4248487651348114,-0.007151082623749971,0.5846596360206604,0.47544747591018677,-0.005249318201094866,0.5710094571113586,0.4236736595630646,-0.006198086775839329,0.5801901817321777,0.43264463543891907,-0.007233555894345045,0.5651769638061523,0.4370005428791046,-0.003147002775222063,0.5997444987297058,0.4944925308227539,-0.011117563582956791,0.5956830382347107,0.4083349406719208,-0.011961785145103931,0.5728650689125061,0.4742526412010193,0.0018546078354120255,0.5811091661453247,0.48251616954803467,-0.0017699772724881768,0.5729998350143433,0.457414448261261,-0.0021538049913942814,0.5485566854476929,0.4422801733016968,0.015402549877762794,0.5643789172172546,0.45981141924858093,0.002895137295126915,0.5443916916847229,0.44944852590560913,0.028099505230784416,0.574798583984375,0.4428275227546692,-0.00565341766923666,0.599539041519165,0.39643236994743347,-0.011117049492895603,0.6010016202926636,0.41887712478637695,-0.024175476282835007,0.5972049236297607,0.42105546593666077,-0.018479587510228157,0.6040371060371399,0.4131443500518799,-0.02751910127699375,0.5949316024780273,0.35416263341903687,-0.0010643362766131759,0.5855194926261902,0.34551912546157837,-0.0024651410058140755,0.5770014524459839,0.3435291349887848,-0.0027034429367631674,0.5695483684539795,0.3460654318332672,-0.0010300823487341404,0.5637790560722351,0.3516387343406677,0.001982836052775383,0.558838963508606,0.37246260046958923,0.00977342389523983,0.5382124781608582,0.39544010162353516,0.03263384848833084,0.5632535219192505,0.3856290280818939,0.004872605204582214,0.5694999694824219,0.38854727149009705,0.0020218989811837673,0.5776026844978333,0.38973161578178406,0.00037183938547968864,0.5854123830795288,0.3885602355003357,-0.00026445151888765395,0.591646134853363,0.38558876514434814,0.0006917286664247513,0.5960296988487244,0.38240355253219604,0.0006769493920728564,0.5355745553970337,0.39670127630233765,0.054026491940021515,0.5970638990402222,0.42324602603912354,-0.015730874612927437,0.6041621565818787,0.3976997137069702,-0.01910720020532608,0.6055030226707458,0.41917628049850464,-0.027987267822027206,0.6080712676048279,0.42342889308929443,-0.025524413213133812,0.6050922274589539,0.4207340478897095,-0.025352608412504196,0.5983350872993469,0.42567527294158936,-0.013642714358866215,0.6092803478240967,0.4240632653236389,-0.02693060413002968,0.6095181107521057,0.42611923813819885,-0.020398840308189392,0.596442461013794,0.375722736120224,0.0035466174595057964,0.5995908975601196,0.3768652677536011,0.0005547017208300531,0.6019487380981445,0.3774263560771942,-0.002998290816321969,0.5686238408088684,0.3701223134994507,0.004265712574124336,0.5641597509384155,0.36315709352493286,0.004395597614347935,0.6184858083724976,0.3940678536891937,-0.020956074818968773,0.6515749096870422,0.37881770730018616,0.014690707437694073,0.6180809736251831,0.425102174282074,-0.019517170265316963,0.6693898439407349,0.34538891911506653,0.04677912965416908,0.6364383101463318,0.3853454291820526,0.006324265152215958,0.6422460079193115,0.38644805550575256,0.00756156025454402,0.6475523710250854,0.3857613205909729,0.009974620305001736,0.6536517143249512,0.38133564591407776,0.015885137021541595,0.631371259689331,0.3824189007282257,0.006575481966137886,0.6445326805114746,0.3580331802368164,0.005889927968382835,0.6379911303520203,0.35900601744651794,0.005033437162637711,0.6505399346351624,0.3597312271595001,0.008650705218315125,0.6543084979057312,0.36374878883361816,0.011385551653802395,0.6581316590309143,0.3855412006378174,0.01921011321246624,0.6299089193344116,0.4891760051250458,-0.0019446631195023656,0.6531403064727783,0.37657827138900757,0.017086857929825783,0.6714805364608765,0.3820333480834961,0.04744772985577583,0.6629973649978638,0.3780488967895508,0.026196297258138657,0.6400124430656433,0.41575121879577637,-0.0006091750110499561,0.6198168396949768,0.44111767411231995,-0.01603790372610092,0.618625819683075,0.45043641328811646,-0.013802860863506794,0.6264148950576782,0.44494181871414185,-0.011944866739213467,0.6305235028266907,0.44908156991004944,-0.007321115583181381,0.6237670183181763,0.45127442479133606,-0.010874140076339245,0.6277312636375427,0.45265814661979675,-0.00661994656547904,0.6346433162689209,0.4628133177757263,0.0009327586158178747,0.6188357472419739,0.4203239381313324,-0.029359765350818634,0.6197431683540344,0.41204795241355896,-0.03072831593453884,0.6621533632278442,0.35090509057044983,0.015445496886968613,0.6285764575004578,0.3957921266555786,-0.0012744077248498797,0.629501223564148,0.419018417596817,-0.013986928388476372,0.629729688167572,0.4148603677749634,-0.012140774168074131,0.6571393609046936,0.4159049689769745,0.00939262006431818,0.6192367076873779,0.4021521508693695,-0.026802370324730873,0.6507761478424072,0.3398895263671875,0.003900560550391674,0.6578226685523987,0.3434048295021057,0.009679536335170269,0.6656391024589539,0.3291468322277069,0.03522329404950142,0.6256023049354553,0.3488612174987793,-0.004576286766678095,0.6321743726730347,0.36295920610427856,0.005918321665376425,0.6391945481300354,0.45568278431892395,0.0032990933395922184,0.6616470217704773,0.4587830603122711,0.057835906744003296,0.6251112818717957,0.42359423637390137,-0.01267133466899395,0.6207876205444336,0.425885945558548,-0.013881661929190159,0.6349532604217529,0.45583537220954895,0.0022730191703885794,0.6334854364395142,0.45549750328063965,0.0003327042213641107,0.6604350805282593,0.3367711007595062,0.013031569309532642,0.629156768321991,0.42255333065986633,-0.011086147278547287,0.6405288577079773,0.34088680148124695,-0.0010670035844668746,0.64142906665802,0.33303987979888916,-0.001846826751716435,0.6458953022956848,0.3066093623638153,0.010329252108931541,0.6630196571350098,0.33551138639450073,0.022534241899847984,0.6430296897888184,0.32135725021362305,0.003908336162567139,0.6646648049354553,0.346732497215271,0.021026013419032097,0.6673339605331421,0.348952978849411,0.032968346029520035,0.6194862127304077,0.4462199807167053,-0.01555399689823389,0.6251577734947205,0.44848573207855225,-0.011708265170454979,0.6292421817779541,0.45099642872810364,-0.007507119327783585,0.6236649751663208,0.4249606132507324,-0.011588369496166706,0.634207546710968,0.4556826949119568,0.0012351947370916605,0.6315310001373291,0.4570530354976654,-0.00298127974383533,0.6326661705970764,0.4553227722644806,0.0001326895726379007,0.6236411333084106,0.4208897352218628,-0.02026061713695526,0.6263386011123657,0.45367997884750366,-0.005825898610055447,0.6224552392959595,0.45298123359680176,-0.008775311522185802,0.6176554560661316,0.4528491497039795,-0.011423498392105103,0.6180614233016968,0.47569990158081055,-0.009006832726299763,0.6182892322540283,0.46882516145706177,-0.013670246116816998,0.6182518601417542,0.46276432275772095,-0.01399274729192257,0.6179566383361816,0.45714500546455383,-0.01246938668191433,0.6174479722976685,0.4530508816242218,-0.011506415903568268,0.626213014125824,0.4536524713039398,-0.005836332682520151,0.6272585391998291,0.4558122158050537,-0.006885973270982504,0.6283837556838989,0.4587530195713043,-0.007936079986393452,0.6292262077331543,0.4621714651584625,-0.0069308835081756115,0.6343890428543091,0.44270530343055725,-0.004676504991948605,0.6681038737297058,0.41944488883018494,0.06925259530544281,0.6291649341583252,0.4543278217315674,-0.0023738511372357607,0.6303211450576782,0.45558276772499084,-0.0030460990965366364,0.6192845106124878,0.4288967251777649,-0.014438685029745102,0.6270003318786621,0.4271671175956726,-0.0076522985473275185,0.6199847459793091,0.42746222019195557,-0.014257465489208698,0.6346514821052551,0.4008149206638336,0.0011631706729531288,0.6441774964332581,0.40625113248825073,0.0038736246060580015,0.6302521228790283,0.41853007674217224,-0.009023715741932392,0.6584675908088684,0.3159227967262268,0.022321978583931923,0.655523419380188,0.32592207193374634,0.012922658585011959,0.6526022553443909,0.3321540951728821,0.00533711165189743,0.6303933262825012,0.4677882194519043,-0.0028147923294454813,0.6274340748786926,0.33632606267929077,-0.00627120491117239,0.6294330954551697,0.3204411566257477,-0.0020703845657408237,0.631418764591217,0.3018319606781006,0.002379301469773054,0.6515236496925354,0.3842903673648834,0.013152061030268669,0.6635003089904785,0.3908461928367615,0.022828737273812294,0.6280317902565002,0.3797094225883484,0.007136793341487646,0.6590881943702698,0.36665859818458557,0.017521508038043976,0.6248065233230591,0.3900808095932007,-0.003483796026557684,0.6271174550056458,0.4158380329608917,-0.019750554114580154,0.6687834858894348,0.39710932970046997,0.02987908013164997,0.661083459854126,0.3968597948551178,0.0168196689337492,0.6550284624099731,0.39977505803108215,0.010268044658005238,0.6444936394691467,0.39870786666870117,0.00661079678684473,0.6363136768341064,0.3952173888683319,0.004347816109657288,0.6300641894340515,0.3909150958061218,0.002313425065949559,0.6182157397270203,0.3783043324947357,-0.009775040671229362,0.6683000922203064,0.41424357891082764,0.02733786031603813,0.6627965569496155,0.36393314599990845,0.021038657054305077,0.6165797114372253,0.42465561628341675,-0.02690446749329567,0.6280251145362854,0.4032091498374939,-0.004369515925645828,0.6706193685531616,0.3821532130241394,0.06716232001781464,0.6254866123199463,0.3859004080295563,0.0012177984463050961,0.6304154396057129,0.4192829728126526,-0.003527930239215493,0.6556721329689026,0.37595245242118835,0.018565749749541283,0.6270737648010254,0.41069671511650085,-0.017410829663276672,0.665778398513794,0.43898680806159973,0.0652974471449852,0.6275699734687805,0.37669676542282104,0.008730445057153702,0.6233631372451782,0.4054982364177704,-0.02307998202741146,0.6521355509757996,0.4746497869491577,0.023629050701856613,0.6500949859619141,0.4839475750923157,0.03402087464928627,0.6709597110748291,0.4172329902648926,0.048583898693323135,0.659259557723999,0.4653588533401489,0.032661814242601395,0.6695136427879333,0.36458516120910645,0.04199322685599327,0.6302699446678162,0.4967263340950012,0.0011485982686281204,0.6154802441596985,0.4266603887081146,-0.01981208845973015,0.6328904032707214,0.40934911370277405,-0.0021381520200520754,0.6663116216659546,0.3796069025993347,0.032584115862846375,0.6469610929489136,0.3816012144088745,0.010325387120246887,0.6422872543334961,0.3821219801902771,0.008314956910908222,0.6325425505638123,0.4587964117527008,-0.0019036178709939122,0.6666965484619141,0.4306623935699463,0.02780700847506523,0.6203774213790894,0.5066438317298889,0.0012391465716063976,0.6351221799850464,0.49816328287124634,0.015599285252392292,0.6418927311897278,0.49253857135772705,0.023688916116952896,0.6372805237770081,0.3811144530773163,0.007539284415543079,0.6324653029441833,0.37910351157188416,0.007929015904664993,0.6292850971221924,0.377820760011673,0.00888847280293703,0.6655099391937256,0.36186715960502625,0.02751043438911438,0.6328999400138855,0.37208572030067444,0.007116245571523905,0.6378850340843201,0.3707626760005951,0.0068390220403671265,0.6427959203720093,0.370824933052063,0.007731298916041851,0.647434413433075,0.3721053898334503,0.009793729521334171,0.6503185033798218,0.37385421991348267,0.011964557692408562,0.6708881855010986,0.3621593415737152,0.058565810322761536,0.6497957110404968,0.38026437163352966,0.01271272823214531,0.6293803453445435,0.43816500902175903,-0.008003965951502323,0.6254715919494629,0.4222974479198456,-0.01457352377474308,0.6198378801345825,0.4354582130908966,-0.014288061298429966,0.6442438364028931,0.4835923910140991,0.016224972903728485,0.6372997760772705,0.4901347756385803,0.008934971876442432,0.6214635372161865,0.5014829039573669,-0.005973770748823881,0.6563295125961304,0.4737415611743927,0.04663007706403732,0.6292692422866821,0.37459343671798706,0.008133195340633392,0.6218268871307373,0.39125898480415344,-0.01193985901772976,0.6282942891120911,0.5029943585395813,0.007321151904761791,0.6685444712638855,0.43523016571998596,0.046271298080682755,0.6222729086875916,0.4530855119228363,-0.008801192976534367,0.6231750249862671,0.4564461410045624,-0.009874135255813599,0.6239044666290283,0.46083304286003113,-0.01114025991410017,0.624380886554718,0.46618911623954773,-0.010552790947258472,0.6249334216117859,0.4723130762577057,-0.006447873078286648,0.6308552026748657,0.4540582597255707,-0.0027357880026102066,0.6322450637817383,0.45348477363586426,-0.002480382565408945,0.6334252953529358,0.4526219069957733,-0.0022869156673550606,0.6380152106285095,0.448606014251709,-0.00045573292300105095,0.6605914235115051,0.4338834285736084,0.014747662469744682,0.6213939189910889,0.38357803225517273,-0.00623144768178463,0.6241581439971924,0.36797255277633667,0.004027257207781076,0.6270875334739685,0.37029048800468445,0.006912316661328077,0.6292687654495239,0.4544896185398102,-0.0023578989785164595,0.6588972806930542,0.45327022671699524,0.022060252726078033,0.6197419166564941,0.3664286136627197,-0.0036839633248746395,0.62769615650177,0.4808575510978699,-0.003969183657318354,0.6183983087539673,0.3867073953151703,-0.015993919223546982,0.625381350517273,0.4041006565093994,-0.012214976362884045,0.6197394728660583,0.4846954345703125,-0.008737782016396523,0.6394097208976746,0.4674092233181,0.004442159086465836,0.6349846720695496,0.4257028102874756,-0.0017994026420637965,0.6338509917259216,0.47520071268081665,0.00036422983976081014,0.6491290330886841,0.42543452978134155,0.0020975368097424507,0.6405048966407776,0.43370744585990906,-0.0005714392755180597,0.6530615091323853,0.438628613948822,0.006366170011460781,0.6212800741195679,0.49416226148605347,-0.008586599491536617,0.6279800534248352,0.4090493321418762,-0.00812293030321598,0.6434996128082275,0.4742313325405121,0.009968630038201809,0.6365519762039185,0.48207399249076843,0.004483836703002453,0.6446056962013245,0.4580587148666382,0.006433552131056786,0.6642152667045593,0.44439980387687683,0.02857556939125061,0.6514078974723816,0.46056225895881653,0.012800963595509529,0.6650357246398926,0.4514515995979309,0.0422903373837471,0.6443788409233093,0.4438904821872711,0.002226552227512002,0.6247557997703552,0.3971419632434845,-0.00781747791916132,0.6254414916038513,0.4194507300853729,-0.021176062524318695,0.6278245449066162,0.4216293692588806,-0.015039519406855106,0.6237616539001465,0.4135950803756714,-0.025198541581630707,0.6291948556900024,0.3583686053752899,0.003132866695523262,0.6389643549919128,0.35208606719970703,0.00358999683521688,0.6472294926643372,0.35121676325798035,0.005208667833358049,0.6536463499069214,0.3534596264362335,0.008592616766691208,0.6577355861663818,0.3583724796772003,0.012761100195348263,0.6589651703834534,0.3767419159412384,0.021417981013655663,0.6720018982887268,0.3996266722679138,0.04854260012507439,0.655804455280304,0.3894030451774597,0.015566613525152206,0.6507068276405334,0.3915908932685852,0.01132918894290924,0.6434302926063538,0.3918696343898773,0.00802663154900074,0.6361132860183716,0.38979023694992065,0.005783844739198685,0.6302754282951355,0.38637152314186096,0.005248447880148888,0.6263095736503601,0.38300734758377075,0.00440235948190093,0.6692609190940857,0.4008050262928009,0.07028525322675705,0.6272422671318054,0.42371273040771484,-0.01235810574144125,0.6222668886184692,0.3981609642505646,-0.01674368605017662,0.6222029328346252,0.41952866315841675,-0.026099635288119316,0.618878960609436,0.42361313104629517,-0.024412671104073524,0.6218258738517761,0.42111971974372864,-0.02340792492032051,0.6255760192871094,0.42599475383758545,-0.010813833214342594,0.6181282997131348,0.4242175221443176,-0.026026930660009384,0.6169957518577576,0.42618975043296814,-0.019651692360639572,0.6257514357566833,0.3765038549900055,0.007488935254514217,0.6232110857963562,0.37775593996047974,0.003517915727570653,0.6219647526741028,0.3786925673484802,-0.0005780762294307351,0.651957631111145,0.37524810433387756,0.014248382300138474,0.6563090682029724,0.3686702251434326,0.015009978786110878,0.5802357196807861,0.37396737933158875,0.0024889211636036634,0.5863094329833984,0.37428614497184753,0.0024889211636036634,0.5804620981216431,0.3658755421638489,0.0024889211636036634,0.5740523338317871,0.3736080825328827,0.0024889211636036634,0.5800188183784485,0.3819022476673126,0.0024889211636036634,0.6394558548927307,0.37568846344947815,0.01012776792049408,0.6453801989555359,0.3759496808052063,0.01012776792049408,0.6394348740577698,0.368600457906723,0.01012776792049408,0.6335218548774719,0.375457763671875,0.01012776792049408,0.639481246471405,0.382683664560318,0.01012776792049408
866.666666666667,0.6176408529281616,0.4431830644607544,-0.01793643645942211,0.619936466217041,0.41733166575431824,-0.030178992077708244,0.6181515455245972,0.42625561356544495,-0.016999252140522003,0.6144564151763916,0.39185845851898193,-0.022102734073996544,0.6201757788658142,0.40891191363334656,-0.03165827691555023,0.6198068857192993,0.3987182378768921,-0.028786014765501022,0.6182469129562378,0.37457847595214844,-0.01197736244648695,0.5728592872619629,0.3746570944786072,0.0034080606419593096,0.6179122924804688,0.3519160747528076,-0.006749498657882214,0.6180884838104248,0.339848130941391,-0.007084561511874199,0.6175196766853333,0.3001419007778168,0.0011333018774166703,0.6175832152366638,0.4467598497867584,-0.017465107142925262,0.6172997951507568,0.45028606057167053,-0.015879174694418907,0.6169598698616028,0.4525841772556305,-0.013524250127375126,0.616811215877533,0.4526101052761078,-0.012622552923858166,0.6168826222419739,0.4566243588924408,-0.013647575862705708,0.6168003678321838,0.4616672396659851,-0.015147085301578045,0.6165826320648193,0.467157781124115,-0.014781689271330833,0.6164345741271973,0.47419360280036926,-0.010355374775826931,0.6193167567253113,0.42199817299842834,-0.027587072923779488,0.6135273575782776,0.4222440719604492,-0.020958267152309418,0.5459945201873779,0.3407655358314514,0.029231933876872063,0.5894637107849121,0.38359785079956055,-0.0007791093667037785,0.5832124948501587,0.3841783106327057,-0.001099450164474547,0.5774120092391968,0.3826899230480194,-0.00014345439558383077,0.5698508620262146,0.37682461738586426,0.0038144071586430073,0.5949363112449646,0.38074275851249695,0.001047697034664452,0.5833070278167725,0.35178759694099426,-0.002774967113509774,0.5900076031684875,0.3537871837615967,-0.0015974562847986817,0.5766373872756958,0.353177011013031,-0.0015958895673975348,0.5718405842781067,0.3574698567390442,0.00019010936375707388,0.5641800761222839,0.3811129927635193,0.006005617789924145,0.5952783823013306,0.4872608184814453,-0.00805672351270914,0.5709236860275269,0.3717586398124695,0.005245907697826624,0.5434478521347046,0.37776979804039,0.028887884691357613,0.5569578409194946,0.37367749214172363,0.011325779370963573,0.5867352485656738,0.4124300181865692,-0.008409703150391579,0.6101388335227966,0.4411451518535614,-0.01830056682229042,0.6103801131248474,0.44959768652915955,-0.01612800918519497,0.6022646427154541,0.4440930485725403,-0.01632753573358059,0.59674471616745,0.4472733736038208,-0.013037696480751038,0.6041359305381775,0.4497937560081482,-0.014823801815509796,0.5989959836006165,0.4505334496498108,-0.011630202643573284,0.588806688785553,0.4602333903312683,-0.006218416150659323,0.6152787804603577,0.41716334223747253,-0.03026796691119671,0.6148614883422852,0.40906742215156555,-0.0316605307161808,0.5624405145645142,0.3439723551273346,0.0020503285340964794,0.5992339849472046,0.39335915446281433,-0.006112987175583839,0.6004530191421509,0.41591405868530273,-0.01882806234061718,0.5997205972671509,0.41189709305763245,-0.017071999609470367,0.5668482184410095,0.41153067350387573,-0.003500660415738821,0.6146951913833618,0.399616003036499,-0.027988452464342117,0.5784577131271362,0.3311226963996887,-0.004826846532523632,0.5694267153739929,0.33541056513786316,-0.0016455082222819328,0.5538958311080933,0.3243301212787628,0.020138880237936974,0.6053356528282166,0.3430318534374237,-0.006784641183912754,0.5955684185028076,0.35905757546424866,0.0006128543172962964,0.5839033126831055,0.4526151120662689,-0.00536394165828824,0.5486106276512146,0.45718979835510254,0.03859008476138115,0.6045582294464111,0.4205988347530365,-0.016364775598049164,0.60923171043396,0.4230502247810364,-0.015960613265633583,0.5899600982666016,0.4523916244506836,-0.005159607157111168,0.5913435816764832,0.45225071907043457,-0.0061836219392716885,0.5655514597892761,0.32891327142715454,0.0010002542985603213,0.5995903015136719,0.4194881021976471,-0.015953920781612396,0.5902159214019775,0.3328518867492676,-0.006639325059950352,0.5896382331848145,0.3248702883720398,-0.007443347945809364,0.5816609263420105,0.30303508043289185,0.003031405620276928,0.5603365898132324,0.3315030336380005,0.009250075556337833,0.5864388346672058,0.3182847797870636,-0.002355605363845825,0.5580719113349915,0.3404921293258667,0.006614796817302704,0.5524380207061768,0.34488189220428467,0.01732499897480011,0.6101810336112976,0.4457734227180481,-0.01786217652261257,0.6032386422157288,0.44718706607818604,-0.01585383713245392,0.5978657007217407,0.44896945357322693,-0.012809204868972301,0.6057251691818237,0.42209455370903015,-0.014738150872290134,0.5906764268875122,0.4523192048072815,-0.005613413639366627,0.5939494967460632,0.45398828387260437,-0.008604992181062698,0.5920995473861694,0.45220324397087097,-0.006188423838466406,0.6079596877098083,0.41772598028182983,-0.023490501567721367,0.5997884273529053,0.4516163766384125,-0.010704242624342442,0.6048111319541931,0.4514628052711487,-0.012653639540076256,0.6105949282646179,0.45185139775276184,-0.013906453736126423,0.6087380051612854,0.47397875785827637,-0.011134334839880466,0.6092451214790344,0.4661179780960083,-0.015501216985285282,0.6096493601799011,0.46062248945236206,-0.015769464895129204,0.6101113557815552,0.45566022396087646,-0.014123174361884594,0.6105966567993164,0.4519812762737274,-0.013031947426497936,0.5998268127441406,0.4517160654067993,-0.00996843446046114,0.5988935828208923,0.4534258246421814,-0.011057340539991856,0.5978123545646667,0.455875426530838,-0.012337797321379185,0.5968825221061707,0.458878755569458,-0.01172113511711359,0.5914474725723267,0.43974778056144714,-0.011217214167118073,0.5398721098899841,0.41657519340515137,0.04886047914624214,0.6187214851379395,0.42409634590148926,-0.02065482921898365,0.5960397124290466,0.4519486427307129,-0.007711135316640139,0.5950835347175598,0.4528266191482544,-0.008420171216130257,0.610903799533844,0.4260345995426178,-0.01652248576283455,0.6009529829025269,0.4242108166217804,-0.01171963382512331,0.6101413369178772,0.4245908558368683,-0.01629064418375492,0.5922924876213074,0.397912859916687,-0.005486642476171255,0.5820198655128479,0.40257444977760315,-0.005236273631453514,0.5982084274291992,0.41552823781967163,-0.014243160374462605,0.565278172492981,0.3113154470920563,0.010737310163676739,0.5710948705673218,0.3221147060394287,0.0028228939045220613,0.5762642025947571,0.32371973991394043,-0.00378177547827363,0.5941214561462402,0.4656393527984619,-0.008727739565074444,0.6045207381248474,0.33001214265823364,-0.008405523374676704,0.6014044284820557,0.31856825947761536,-0.004415407776832581,0.5984615087509155,0.2998643219470978,-0.00025080592604354024,0.5725212693214417,0.38038861751556396,0.0017919245874509215,0.5569608807563782,0.3867071568965912,0.008000208996236324,0.5986700057983398,0.37791723012924194,0.0022494711447507143,0.5647341012954712,0.36122414469718933,0.0044942270033061504,0.6039155125617981,0.387930303812027,-0.007202878128737211,0.6045133471488953,0.41263285279273987,-0.023519013077020645,0.5503952503204346,0.39271771907806396,0.012826294638216496,0.5615251660346985,0.39205828309059143,0.002847661031410098,0.5699238181114197,0.39487677812576294,-0.0015182083006948233,0.5817966461181641,0.3946288228034973,-0.002360591432079673,0.5905308127403259,0.3920527994632721,-0.0023661067243665457,0.5974091291427612,0.3881504535675049,-0.0026164669543504715,0.6127166748046875,0.3765890896320343,-0.010894536972045898,0.5510841012001038,0.4098472595214844,0.010092397220432758,0.5593871474266052,0.3585629463195801,0.0066390326246619225,0.6165621280670166,0.4217081367969513,-0.027751417830586433,0.6002401113510132,0.400680273771286,-0.009183141402900219,0.538827657699585,0.3783423602581024,0.04704723507165909,0.6027485728263855,0.3833276033401489,-0.0024805241264402866,0.596957266330719,0.41630926728248596,-0.00882474984973669,0.5678214430809021,0.37087947130203247,0.006059687118977308,0.6039117574691772,0.4077524244785309,-0.021212060004472733,0.5427711009979248,0.4367642402648926,0.0451846607029438,0.5989506244659424,0.37510940432548523,0.0036871396005153656,0.6093572378158569,0.4027838706970215,-0.025620432570576668,0.5668074488639832,0.4726717174053192,0.010030700825154781,0.5661870241165161,0.48310601711273193,0.019287995994091034,0.5432330965995789,0.41360798478126526,0.029232723638415337,0.5574262738227844,0.463059663772583,0.016524286940693855,0.5474981069564819,0.3603050410747528,0.024728870019316673,0.5942784547805786,0.49504363536834717,-0.005794201977550983,0.6166013479232788,0.4237907826900482,-0.020557831972837448,0.5943554639816284,0.4064461588859558,-0.008194243535399437,0.5508512258529663,0.37602150440216064,0.0160761047154665,0.5784708857536316,0.3788323998451233,0.0005026987055316567,0.5835745334625244,0.3801622688770294,-0.0002734005101956427,0.5929093360900879,0.4555121660232544,-0.008018797263503075,0.5519126653671265,0.42674681544303894,0.010755189694464207,0.604495108127594,0.5047822594642639,-0.003637113841250539,0.5861297845840454,0.49744874238967896,0.005785517860203981,0.5772826075553894,0.49187901616096497,0.011664077639579773,0.6178814768791199,0.3198712468147278,-0.003438962157815695,0.6155102849006653,0.5054459571838379,-0.0034651043824851513,0.5887899994850159,0.3796544075012207,0.0002837831561919302,0.5937650799751282,0.37777674198150635,0.0017758790636435151,0.5970981121063232,0.3763272762298584,0.003405938157811761,0.554056704044342,0.35731276869773865,0.01184871792793274,0.5935777425765991,0.3694559633731842,0.0009754768689163029,0.5885071754455566,0.3671005666255951,-0.0003995511506218463,0.5837247371673584,0.36639219522476196,-0.0008194748661480844,0.5786955952644348,0.36715421080589294,-8.375167089980096e-05,0.5750924348831177,0.36881008744239807,0.0012724181869998574,0.5412476658821106,0.35778775811195374,0.03942510113120079,0.5751258134841919,0.3767676055431366,0.0019866947550326586,0.617880642414093,0.43231552839279175,-0.015957532450556755,0.5980272889137268,0.43523648381233215,-0.013252081349492073,0.6047910451889038,0.4192151427268982,-0.018064027652144432,0.6099636554718018,0.4326888918876648,-0.016677115112543106,0.617785632610321,0.3638176918029785,-0.007359335198998451,0.5765002965927124,0.48193392157554626,0.005140442401170731,0.5852348208427429,0.48861122131347656,-5.015705028199591e-05,0.6047725081443787,0.4992339611053467,-0.010188896209001541,0.5568544268608093,0.4726297855377197,0.029208587482571602,0.5973121523857117,0.3727864623069763,0.0026158427353948355,0.6090472936630249,0.3890994191169739,-0.014216017909348011,0.6161944270133972,0.49960970878601074,-0.009863145649433136,0.5950314998626709,0.5018799901008606,-0.0002820485387928784,0.5453333258628845,0.4321451485157013,0.027284393087029457,0.6048470735549927,0.4515960216522217,-0.011830712668597698,0.6039202809333801,0.4544709026813507,-0.013031271286308765,0.6031427383422852,0.45827701687812805,-0.014539177529513836,0.602542519569397,0.463036447763443,-0.014213116839528084,0.6007015705108643,0.47053807973861694,-0.0109042814001441,0.594770073890686,0.45132747292518616,-0.008701806887984276,0.5936067700386047,0.4507003128528595,-0.008925672620534897,0.5926320552825928,0.44993528723716736,-0.009103791788220406,0.5863061547279358,0.44550621509552,-0.008391845971345901,0.5610529184341431,0.42987060546875,0.00048688132665120065,0.6084204912185669,0.3816238045692444,-0.008596833795309067,0.6039605736732483,0.3652697205543518,0.0011022379621863365,0.6002070903778076,0.36775875091552734,0.0024034336674958467,0.595928430557251,0.45189088582992554,-0.008207246661186218,0.5605013370513916,0.4501294791698456,0.007325859274715185,0.6101216673851013,0.3634859025478363,-0.005145197734236717,0.5976395010948181,0.4789404273033142,-0.009133102372288704,0.619256317615509,0.39064455032348633,-0.023011649027466774,0.6135818958282471,0.38474881649017334,-0.016854140907526016,0.6187637448310852,0.3830869197845459,-0.017280209809541702,0.6048010587692261,0.4015115797519684,-0.01562511920928955,0.6165470480918884,0.4920549988746643,-0.012084836140275002,0.6165326833724976,0.4827422499656677,-0.011248026043176651,0.6071393489837646,0.4826982319355011,-0.011412904597818851,0.5835868120193481,0.4647509455680847,-0.003997031599283218,0.5915008187294006,0.422656774520874,-0.008340972475707531,0.5901017189025879,0.47299522161483765,-0.006451827473938465,0.576328694820404,0.42167067527770996,-0.007946847938001156,0.5852030515670776,0.43046024441719055,-0.008549184538424015,0.570501446723938,0.4349129796028137,-0.005118319299072027,0.6055902242660522,0.49186253547668457,-0.012192203663289547,0.6007261276245117,0.40634259581565857,-0.012609685771167278,0.5786243081092834,0.47194236516952515,-7.756257400615141e-05,0.5869853496551514,0.4800603687763214,-0.0034732057247310877,0.5782054662704468,0.45488524436950684,-0.003764416789636016,0.5536837577819824,0.44101232290267944,0.011990643106400967,0.5699412226676941,0.4576456844806671,0.0007060937932692468,0.5495233535766602,0.4488052725791931,0.02394365333020687,0.5798017978668213,0.4403758645057678,-0.007092691957950592,0.6047614812850952,0.39481255412101746,-0.011449242010712624,0.6063347458839417,0.4162220358848572,-0.024629181250929832,0.6023233532905579,0.41851550340652466,-0.019194910302758217,0.6095358729362488,0.4104911684989929,-0.02775578200817108,0.599666178226471,0.35391783714294434,-0.000911950774025172,0.5901886224746704,0.3458186984062195,-0.002591973403468728,0.581629753112793,0.34400880336761475,-0.003249657806009054,0.5741313695907593,0.34651249647140503,-0.0019699863623827696,0.5682299733161926,0.35182464122772217,0.0007274047238752246,0.5630580186843872,0.3720417618751526,0.007976279594004154,0.5424650311470032,0.39558789134025574,0.02914438396692276,0.5676301717758179,0.38489702343940735,0.0031483578495681286,0.5740057229995728,0.3876727521419525,0.0005757960607297719,0.5821455717086792,0.3888137638568878,-0.0007533647585660219,0.5900022387504578,0.3874881863594055,-0.0010270115453749895,0.5963269472122192,0.3843011260032654,0.00019181316019967198,0.6007962226867676,0.38104599714279175,0.00038347564986906946,0.5389119386672974,0.39743679761886597,0.049810320138931274,0.602009654045105,0.42069441080093384,-0.016522100195288658,0.6095643043518066,0.39578473567962646,-0.01918672025203705,0.6109735369682312,0.41638368368148804,-0.02819727547466755,0.6134324073791504,0.4207063615322113,-0.025742441415786743,0.6104663014411926,0.41803473234176636,-0.025655966252088547,0.6031510233879089,0.42310503125190735,-0.014436799101531506,0.6147024631500244,0.4212537407875061,-0.027102991938591003,0.6147951483726501,0.42338821291923523,-0.02073829248547554,0.6012772917747498,0.3745229244232178,0.003326430916786194,0.604442834854126,0.37562647461891174,0.0005137125845067203,0.6068606376647949,0.3761886656284332,-0.002982982899993658,0.5728247761726379,0.3702326714992523,0.0029771081171929836,0.5684623718261719,0.3630963861942291,0.0030087647028267384,0.623627245426178,0.39211100339889526,-0.020296871662139893,0.6549848318099976,0.3784405291080475,0.016506146639585495,0.6231558322906494,0.42251768708229065,-0.01955398917198181,0.6717915534973145,0.3459499180316925,0.049561481922864914,0.640251636505127,0.38502711057662964,0.007692024577409029,0.6458984017372131,0.38607487082481384,0.009083217941224575,0.6510406732559204,0.38525858521461487,0.011607073247432709,0.6569867134094238,0.38070446252822876,0.017696460708975792,0.6353271007537842,0.38211578130722046,0.007714392617344856,0.6480029821395874,0.35809680819511414,0.007865996100008488,0.641727089881897,0.359089195728302,0.006798616144806147,0.6538042426109314,0.3596886396408081,0.010716608725488186,0.6574673056602478,0.3635340929031372,0.01346492301672697,0.6613280177116394,0.3846511244773865,0.020990965887904167,0.6347075700759888,0.48621806502342224,-0.0019170223968103528,0.656509518623352,0.3761354684829712,0.01895209029316902,0.6744372248649597,0.3821234703063965,0.049372438341379166,0.6661489009857178,0.37719982862472534,0.02815314009785652,0.6446293592453003,0.4138249158859253,0.0001867862738436088,0.624586284160614,0.4418330192565918,-0.016004348173737526,0.6234250068664551,0.45034313201904297,-0.013996096327900887,0.631122350692749,0.44531378149986267,-0.011652101762592793,0.6353576183319092,0.44903647899627686,-0.0066510532051324844,0.6286131739616394,0.4511260688304901,-0.010730858892202377,0.6327295899391174,0.45232757925987244,-0.006183233577758074,0.6397260427474976,0.46045541763305664,0.0018806604202836752,0.6241452097892761,0.41742077469825745,-0.029107866808772087,0.6250746250152588,0.4093509912490845,-0.030285323038697243,0.6653095483779907,0.3507322669029236,0.017836833372712135,0.6331215500831604,0.3943966031074524,-0.00045915416558273137,0.6345984935760498,0.4168078899383545,-0.013519207946956158,0.6348145008087158,0.4127836227416992,-0.011605756357312202,0.661350429058075,0.41388165950775146,0.010686084628105164,0.6244454979896545,0.39985716342926025,-0.026217211037874222,0.6541084051132202,0.34022197127342224,0.006122327875345945,0.6609949469566345,0.3435090184211731,0.012052818201482296,0.6681677103042603,0.32973232865333557,0.038307271897792816,0.6297623515129089,0.3489758372306824,-0.0031632801983505487,0.6361528038978577,0.3629731237888336,0.007444316986948252,0.6442340016365051,0.45322322845458984,0.004410085268318653,0.6647669076919556,0.4581868350505829,0.05776846781373024,0.630153477191925,0.4213121831417084,-0.012471449561417103,0.6259217858314514,0.42347919940948486,-0.014005105942487717,0.6402446031570435,0.45504307746887207,0.003337581641972065,0.6388328671455383,0.4547698199748993,0.001344453077763319,0.6636595129966736,0.33694517612457275,0.015620389953255653,0.6342918276786804,0.4203512668609619,-0.010754447430372238,0.6441622376441956,0.3412436246871948,0.0008462643600068986,0.6450371742248535,0.33358752727508545,0.00027450986090116203,0.6489883065223694,0.3069864809513092,0.01336610410362482,0.6656495332717896,0.33588066697120667,0.025409575551748276,0.6463399529457092,0.32147765159606934,0.00653864024206996,0.667901873588562,0.3466145694255829,0.02354462817311287,0.6698943376541138,0.349273681640625,0.03563688322901726,0.6242204308509827,0.44652777910232544,-0.015586764551699162,0.6299238204956055,0.4485316574573517,-0.011445044539868832,0.6341436505317688,0.4507582485675812,-0.006941460072994232,0.6287656426429749,0.4226592183113098,-0.011547270230948925,0.6395262479782104,0.4549204707145691,0.0022483053617179394,0.6367682218551636,0.4563504755496979,-0.001893832115456462,0.6380292773246765,0.4546448886394501,0.001136592822149396,0.6286532282829285,0.418428897857666,-0.01989537663757801,0.631463885307312,0.4533097445964813,-0.005523995961993933,0.6274133324623108,0.45274436473846436,-0.008797324262559414,0.6225404739379883,0.45257046818733215,-0.011734005063772202,0.6233927607536316,0.47382283210754395,-0.00903950072824955,0.6233313083648682,0.4668397903442383,-0.01316134911030531,0.6232709884643555,0.4612559676170349,-0.013342498801648617,0.6229515671730042,0.4562820792198181,-0.011739266104996204,0.6223627328872681,0.4525836408138275,-0.01075424812734127,0.6313381195068359,0.45336997509002686,-0.0047837975434958935,0.6324446201324463,0.4552701711654663,-0.005859904456883669,0.6335523724555969,0.4579049348831177,-0.006911558099091053,0.6344017386436462,0.46104633808135986,-0.005946691147983074,0.639660120010376,0.44039255380630493,-0.003943768795579672,0.6710315942764282,0.4196331799030304,0.0699877068400383,0.6344251036643982,0.4539313316345215,-0.0012852883664891124,0.6355859637260437,0.4550253748893738,-0.0019649106543511152,0.6245318651199341,0.4263458847999573,-0.014587937854230404,0.632148265838623,0.4248858690261841,-0.007596716750413179,0.6251699328422546,0.4249745309352875,-0.014408179558813572,0.6390979290008545,0.3992779850959778,0.0020495352800935507,0.6484865546226501,0.4044329524040222,0.004893904086202383,0.6353615522384644,0.41646698117256165,-0.008588051423430443,0.6612041592597961,0.31644466519355774,0.02552112191915512,0.6583825349807739,0.32625895738601685,0.015775205567479134,0.6559432744979858,0.3326126039028168,0.00781269371509552,0.6355276107788086,0.46545493602752686,-0.0020572885405272245,0.6315017938613892,0.33680349588394165,-0.004514703061431646,0.6332710981369019,0.32032281160354614,0.00019704776059370488,0.63495272397995,0.30205756425857544,0.004967208951711655,0.6549098491668701,0.3836934268474579,0.014876178465783596,0.666498064994812,0.38971492648124695,0.024649610742926598,0.6320921182632446,0.3794533908367157,0.00820189993828535,0.6622411608695984,0.36620235443115234,0.019665604457259178,0.6294431686401367,0.3887566328048706,-0.0026899040676653385,0.6322255730628967,0.4134840965270996,-0.01924017444252968,0.6722469329833984,0.39630287885665894,0.03167353942990303,0.6640499234199524,0.3955821692943573,0.018532922491431236,0.6580994129180908,0.39842477440834045,0.01182738970965147,0.647975504398346,0.39748895168304443,0.007846422493457794,0.6401370763778687,0.3941945731639862,0.0054026274010539055,0.6341251134872437,0.3900531232357025,0.003209310118108988,0.6231594085693359,0.376970499753952,-0.008989128284156322,0.6720659136772156,0.4128948450088501,0.028855452314019203,0.6659384369850159,0.36344462633132935,0.023300299420952797,0.6218578219413757,0.42182430624961853,-0.026812167838215828,0.6327921152114868,0.4015515148639679,-0.0037111856509000063,0.6732087135314941,0.3826982080936432,0.06894122064113617,0.6297025680541992,0.3852086365222931,0.0020716001745313406,0.6354219913482666,0.41727641224861145,-0.0031570042483508587,0.6589537858963013,0.3753798305988312,0.020476292818784714,0.6321374773979187,0.4085276126861572,-0.01683865487575531,0.6688382029533386,0.4388503134250641,0.06556852161884308,0.6316308975219727,0.3765646815299988,0.009884271770715714,0.6284784078598022,0.4032762348651886,-0.022464575245976448,0.6558675169944763,0.47219783067703247,0.02394135296344757,0.6535372734069824,0.48172158002853394,0.03375197574496269,0.674288272857666,0.4166676998138428,0.04967743530869484,0.6628567576408386,0.4635780155658722,0.03293449804186821,0.6722087264060974,0.36481308937072754,0.04429304599761963,0.6349364519119263,0.49357011914253235,0.0008260325412265956,0.620682418346405,0.4239012897014618,-0.019987065345048904,0.6376063227653503,0.40759003162384033,-0.0014694005949422717,0.6694381237030029,0.3786817789077759,0.034591905772686005,0.6504738330841064,0.3814450800418854,0.012022715993225574,0.6459124088287354,0.382064551115036,0.00990247167646885,0.6377678513526917,0.45799657702445984,-0.0008402265375480056,0.6706403493881226,0.42912808060646057,0.02892506867647171,0.6255041360855103,0.5037346482276917,0.00014760688645765185,0.6393663287162781,0.4951716959476471,0.015108824707567692,0.6457279920578003,0.4897462725639343,0.023386575281620026,0.641047477722168,0.38108497858047485,0.008973133750259876,0.6363654732704163,0.37902501225471497,0.009213495068252087,0.6332822442054749,0.3776963949203491,0.010079076513648033,0.6687219142913818,0.3613773286342621,0.029824303463101387,0.6367854475975037,0.37204205989837646,0.00862225703895092,0.6416344046592712,0.3707984387874603,0.008528840728104115,0.6463690400123596,0.3709036409854889,0.009560974314808846,0.6508407592773438,0.3720783293247223,0.011719069443643093,0.6536588072776794,0.3736506700515747,0.013906516134738922,0.6732991337776184,0.36270588636398315,0.060882508754730225,0.6532437801361084,0.37999218702316284,0.014484594576060772,0.6346983909606934,0.4358178377151489,-0.007695541251450777,0.6304754614830017,0.4199952483177185,-0.014314665459096432,0.6251528859138489,0.4329652190208435,-0.01434438768774271,0.6482047438621521,0.480800598859787,0.016383210197091103,0.6415258646011353,0.4870270788669586,0.008826535195112228,0.6266230940818787,0.49841582775115967,-0.0065684509463608265,0.659567654132843,0.4724065065383911,0.04632065072655678,0.6332556009292603,0.37450602650642395,0.009443224407732487,0.6267067790031433,0.38964569568634033,-0.01119239628314972,0.6329929828643799,0.4999401569366455,0.006618435960263014,0.6720062494277954,0.43443959951400757,0.04693825542926788,0.6272688508033752,0.4527847170829773,-0.007882911711931229,0.6282691955566406,0.4557598829269409,-0.008937529288232327,0.6289982795715332,0.45968499779701233,-0.010217787697911263,0.629472553730011,0.4645789563655853,-0.0097234807908535,0.6302155256271362,0.47019797563552856,-0.005988107994198799,0.6360143423080444,0.4535008370876312,-0.0019998184870928526,0.637320876121521,0.45293140411376953,-0.0016087081748992205,0.6384240984916687,0.45214590430259705,-0.001339648850262165,0.6431834101676941,0.4461947977542877,0.000653302064165473,0.6648874282836914,0.43184196949005127,0.015846438705921173,0.6261500716209412,0.38227108120918274,-0.005443693138659,0.6284410357475281,0.36784932017326355,0.0051216548308730125,0.6312357783317566,0.3702210485935211,0.008174060843884945,0.6345046758651733,0.45394596457481384,-0.0017211175290867686,0.6629467606544495,0.4512491524219513,0.02283882535994053,0.6241780519485474,0.3662324547767639,-0.0027085619512945414,0.6326883435249329,0.478199303150177,-0.0037757784593850374,0.6234307289123535,0.3850455582141876,-0.015248836949467659,0.6302952766418457,0.4022177457809448,-0.011610729619860649,0.6249994039535522,0.4822224974632263,-0.008860541507601738,0.6440568566322327,0.464768648147583,0.005328932777047157,0.6398343443870544,0.4236273467540741,-0.0013007422676309943,0.638619601726532,0.47244423627853394,0.0009008010965771973,0.6536593437194824,0.42329007387161255,0.003061451017856598,0.645279049873352,0.4315217435359955,0.0002084195293718949,0.6574999690055847,0.4363178312778473,0.007474901620298624,0.6265144944190979,0.4912560284137726,-0.008822893723845482,0.6328741312026978,0.4071705937385559,-0.007568931207060814,0.6477537751197815,0.47144925594329834,0.01058494858443737,0.6410112977027893,0.47907042503356934,0.004733121953904629,0.649218738079071,0.45549654960632324,0.007510349620133638,0.6681536436080933,0.4427849352359772,0.029378022998571396,0.6556538939476013,0.4580686390399933,0.013731216080486774,0.6685258150100708,0.4503588080406189,0.04264915734529495,0.6491038203239441,0.44144442677497864,0.0032778161112219095,0.6295362710952759,0.39553847908973694,-0.007115865126252174,0.6304847002029419,0.41700243949890137,-0.020724954083561897,0.6328791379928589,0.419357031583786,-0.014703597873449326,0.6289382576942444,0.4110468327999115,-0.0247185081243515,0.6332799792289734,0.3584117591381073,0.00459825387224555,0.6426438093185425,0.3522515892982483,0.005383338313549757,0.6505765318870544,0.35137128829956055,0.0072397529147565365,0.6568016409873962,0.3534725308418274,0.010769604705274105,0.660838782787323,0.35817238688468933,0.014979851432144642,0.6621915698051453,0.3760493993759155,0.02335631474852562,0.6751297116279602,0.3993843197822571,0.050115179270505905,0.6590275764465332,0.38845792412757874,0.017273541539907455,0.6540547609329224,0.3906562924385071,0.012877412140369415,0.6470301151275635,0.39105844497680664,0.009381442330777645,0.6399751305580139,0.3891075849533081,0.006987918168306351,0.6343252658843994,0.3857748508453369,0.006226439028978348,0.6305028200149536,0.38249272108078003,0.005316094495356083,0.672024130821228,0.4012455940246582,0.07156800478696823,0.6323490142822266,0.42145875096321106,-0.01211508084088564,0.627245306968689,0.39624863862991333,-0.0160810649394989,0.6273701190948486,0.4168454706668854,-0.025737695395946503,0.623992919921875,0.4209561049938202,-0.024301469326019287,0.6268942952156067,0.4185542166233063,-0.023113537579774857,0.630730152130127,0.4237041175365448,-0.010735996067523956,0.6233288645744324,0.4214646816253662,-0.025923095643520355,0.6221352815628052,0.42352625727653503,-0.019759101793169975,0.6299027800559998,0.3763083517551422,0.008509542793035507,0.6275259256362915,0.37738049030303955,0.004419876728206873,0.6263043284416199,0.37821632623672485,0.00023201383010018617,0.6552907824516296,0.3748997449874878,0.016158049926161766,0.6594920754432678,0.368265837430954,0.01703854463994503,0.5840857028961182,0.37395179271698,0.0016600480303168297,0.5901299118995667,0.37426939606666565,0.0016600480303168297,0.5842400193214417,0.36632829904556274,0.0016600480303168297,0.5779094696044922,0.3736273944377899,0.0016600480303168297,0.5839443206787109,0.3814355432987213,0.0016600480303168297,0.6435207724571228,0.37549078464508057,0.011747308075428009,0.6491883993148804,0.375602126121521,0.011747308075428009,0.6433937549591064,0.368562251329422,0.011747308075428009,0.6378213167190552,0.37540459632873535,0.011747308075428009,0.6436498761177063,0.3823380172252655,0.011747308075428009
900.0000000000003,0.6212842464447021,0.44006699323654175,-0.021629171445965767,0.626003623008728,0.4115254878997803,-0.028414282947778702,0.6239410638809204,0.4219151735305786,-0.01848280429840088,0.6201218962669373,0.3882884085178375,-0.017109937965869904,0.6261553168296814,0.4033738970756531,-0.028656184673309326,0.6255125403404236,0.39425474405288696,-0.024426883086562157,0.6233316659927368,0.372760534286499,-0.004306720104068518,0.5773855447769165,0.37619179487228394,0.00888570211827755,0.6227930784225464,0.3496895730495453,0.004105983301997185,0.6229405403137207,0.3373364508152008,0.005995749495923519,0.6219632625579834,0.2997359037399292,0.02069898508489132,0.6213595867156982,0.4439016282558441,-0.021646728739142418,0.6214040517807007,0.4478803277015686,-0.020620644092559814,0.6214144825935364,0.45071643590927124,-0.018755154684185982,0.6214817762374878,0.4539191722869873,-0.018819188699126244,0.621755838394165,0.45757177472114563,-0.02023940347135067,0.6219351291656494,0.4620463252067566,-0.022664738819003105,0.6220549941062927,0.4670821726322174,-0.023717762902379036,0.6229411959648132,0.4677525460720062,-0.022266477346420288,0.6252604722976685,0.4167301058769226,-0.02662479318678379,0.6193119287490845,0.41781747341156006,-0.02103678695857525,0.5490404963493347,0.3428328037261963,0.038992807269096375,0.5942438840866089,0.3844473958015442,0.004282974172383547,0.5879372358322144,0.3851707875728607,0.0038218190893530846,0.5820704102516174,0.38369300961494446,0.004724504891782999,0.5744788646697998,0.3781255781650543,0.008696693927049637,0.599681556224823,0.3814251124858856,0.006561054848134518,0.5878867506980896,0.35369133949279785,0.004937790799885988,0.5944579839706421,0.3553861677646637,0.006426749750971794,0.5813354253768921,0.35503172874450684,0.005696424748748541,0.5765825510025024,0.3591923713684082,0.00701503362506628,0.568895697593689,0.38200339674949646,0.01001827884465456,0.6021179556846619,0.4835914075374603,-0.022936930879950523,0.5755453109741211,0.3733275532722473,0.010885448195040226,0.5468909740447998,0.37999841570854187,0.03151712939143181,0.5616922974586487,0.3749319911003113,0.015866631641983986,0.5922722220420837,0.4094187617301941,-0.008729582652449608,0.6137738227844238,0.43842238187789917,-0.02201540768146515,0.6147665977478027,0.4476139545440674,-0.021017784252762794,0.6066457629203796,0.4418153166770935,-0.02092188224196434,0.6023052930831909,0.44532522559165955,-0.018780620768666267,0.609271228313446,0.4482606053352356,-0.02015472948551178,0.6051753759384155,0.4494585394859314,-0.01797914318740368,0.5952711701393127,0.45621588826179504,-0.016474813222885132,0.6214853525161743,0.4115543067455292,-0.028545252978801727,0.6210312247276306,0.4036926031112671,-0.02873392589390278,0.567227303981781,0.3465425968170166,0.010699323378503323,0.6044884920120239,0.39178094267845154,-0.0026154553052037954,0.6065805554389954,0.41202083230018616,-0.018223201856017113,0.6058070063591003,0.40844497084617615,-0.01608663611114025,0.5720928907394409,0.40890899300575256,-0.0042314291931688786,0.6205956339836121,0.3952011466026306,-0.02391078509390354,0.5832024216651917,0.33406785130500793,0.005997463129460812,0.574184000492096,0.3382088840007782,0.008488624356687069,0.5572881102561951,0.3254952132701874,0.033323585987091064,0.6103813648223877,0.3447224199771881,0.003950371406972408,0.600029706954956,0.36024653911590576,0.008305876515805721,0.5902099013328552,0.44958072900772095,-0.01397545263171196,0.5525286793708801,0.46211349964141846,0.025156818330287933,0.6106276512145996,0.4166409373283386,-0.016719471663236618,0.6150869727134705,0.4190591871738434,-0.016836438328027725,0.5970723628997803,0.4517183005809784,-0.013752209022641182,0.5986484885215759,0.4517661929130554,-0.014619451016187668,0.5703218579292297,0.33183738589286804,0.012066779658198357,0.605792224407196,0.4157293140888214,-0.01625251956284046,0.595014214515686,0.33544450998306274,0.004412901122123003,0.5944682955741882,0.32738250494003296,0.005009655375033617,0.5855129957199097,0.30277687311172485,0.020926300436258316,0.5642665028572083,0.3314219117164612,0.021410156041383743,0.5904591083526611,0.3168999254703522,0.013030781410634518,0.5628112554550171,0.3429047763347626,0.015703771263360977,0.5562130212783813,0.34560516476631165,0.026886405423283577,0.6141394376754761,0.4433116912841797,-0.02211984060704708,0.6079375743865967,0.44521576166152954,-0.020860392600297928,0.6037270426750183,0.4474087357521057,-0.018885254859924316,0.6117251515388489,0.4181811213493347,-0.015327591449022293,0.5979083776473999,0.4517917335033417,-0.014109719544649124,0.6008118987083435,0.4536566734313965,-0.017520835623145103,0.5993792414665222,0.45173200964927673,-0.0145900072529912,0.6140273809432983,0.4133085012435913,-0.022395657375454903,0.6063159108161926,0.45084452629089355,-0.017354726791381836,0.6104021668434143,0.45038726925849915,-0.018512306734919548,0.6154273748397827,0.4503292143344879,-0.019266629591584206,0.6156501770019531,0.46741876006126404,-0.02316211350262165,0.6150680184364319,0.465762734413147,-0.024494022130966187,0.6151610612869263,0.46089550852775574,-0.023476319387555122,0.6152026653289795,0.45654284954071045,-0.02084433101117611,0.6154825091362,0.45332014560699463,-0.019360873848199844,0.6060503721237183,0.45207446813583374,-0.017413953319191933,0.6052409410476685,0.45352470874786377,-0.018967416137456894,0.6042972207069397,0.4555923342704773,-0.02100352942943573,0.6034985184669495,0.45812422037124634,-0.021153900772333145,0.5971552133560181,0.4358097016811371,-0.016278844326734543,0.5429721474647522,0.42144423723220825,0.04244951903820038,0.62454754114151,0.4194444715976715,-0.021049078553915024,0.6029254794120789,0.45190438628196716,-0.0159339290112257,0.6018773317337036,0.45270270109176636,-0.017013192176818848,0.6166413426399231,0.42180201411247253,-0.018290577456355095,0.6068332195281982,0.4204569160938263,-0.013404344208538532,0.6159414052963257,0.4204965829849243,-0.017469344660639763,0.5975843071937561,0.39618828892707825,-0.0031280233524739742,0.5874037146568298,0.4001387059688568,-0.0038868729025125504,0.6043688654899597,0.41216355562210083,-0.014146962203085423,0.5688322186470032,0.31167072057724,0.026583153754472733,0.5749712586402893,0.32136502861976624,0.0167992003262043,0.5810240507125854,0.32649996876716614,0.008264925330877304,0.6006842255592346,0.46070176362991333,-0.019947011023759842,0.6095309257507324,0.33187752962112427,0.004332480952143669,0.6056901216506958,0.3172515034675598,0.011692551895976067,0.6025769710540771,0.2994459867477417,0.01876239664852619,0.5771183967590332,0.38162484765052795,0.006576173007488251,0.5616176128387451,0.38746511936187744,0.01086761150509119,0.6033439040184021,0.37853917479515076,0.008142037317156792,0.5695026516914368,0.3628837466239929,0.010978817008435726,0.6092045903205872,0.38639065623283386,-0.0026990158949047327,0.6105769872665405,0.40838778018951416,-0.021896520629525185,0.5548558235168457,0.3932322859764099,0.013939658179879189,0.5662545561790466,0.39236021041870117,0.005027619656175375,0.5746636986732483,0.3946438729763031,0.0006389602785930037,0.5865505337715149,0.39424312114715576,0.00030779477674514055,0.5953408479690552,0.39171335101127625,0.0009673875756561756,0.6023433804512024,0.38770368695259094,0.0016134822508320212,0.6179527044296265,0.3748171627521515,-0.003737980965524912,0.555849015712738,0.40968719124794006,0.00841626338660717,0.564129114151001,0.36027276515960693,0.0132743576541543,0.6225447058677673,0.41649889945983887,-0.026846474036574364,0.6057001352310181,0.3984385132789612,-0.006986385677009821,0.5414319038391113,0.38229796290397644,0.048182278871536255,0.6078051924705505,0.3828392028808594,0.0027666613459587097,0.6030034422874451,0.4132823050022125,-0.009444937109947205,0.5725293159484863,0.3724641799926758,0.011547684669494629,0.6099174618721008,0.40402472019195557,-0.019064219668507576,0.5462985634803772,0.4418542981147766,0.035276465117931366,0.6035139560699463,0.375947505235672,0.0100252665579319,0.6153943538665771,0.3986794948577881,-0.022334884852170944,0.5718768835067749,0.4733855128288269,-0.003822311758995056,0.5706260204315186,0.48626741766929626,0.0027571413666009903,0.5472301840782166,0.41596147418022156,0.025177335366606712,0.5622504949569702,0.46463918685913086,0.003919248469173908,0.5509987473487854,0.36187970638275146,0.030961906537413597,0.6005823612213135,0.4930700361728668,-0.022518714889883995,0.6224107146263123,0.4191828668117523,-0.020997775718569756,0.5999311208724976,0.4040414094924927,-0.007230526302009821,0.5554037094116211,0.3773767352104187,0.019962923601269722,0.5830560922622681,0.38035452365875244,0.005909062922000885,0.58829265832901,0.38148239254951477,0.005230029113590717,0.5997779965400696,0.4548806846141815,-0.017315497621893883,0.5566772222518921,0.426736056804657,0.0057258508168160915,0.6107391715049744,0.5041484236717224,-0.022548433393239975,0.5915439128875732,0.49854570627212524,-0.012130449526011944,0.582260251045227,0.49393430352211,-0.005594047252088785,0.6225417256355286,0.3186187148094177,0.013031360693275928,0.6220566630363464,0.504763662815094,-0.022357670590281487,0.5935651063919067,0.3807608187198639,0.005997486878186464,0.5984718799591064,0.37873104214668274,0.0077048675157129765,0.6017137765884399,0.3771786391735077,0.009606026113033295,0.5587344765663147,0.35901549458503723,0.018413307145237923,0.5979421734809875,0.3702637255191803,0.00790287647396326,0.5927851796150208,0.3679357171058655,0.006818578578531742,0.5881507396697998,0.36729371547698975,0.0063135442323982716,0.583270251750946,0.3681849241256714,0.006707123015075922,0.5797204971313477,0.36998170614242554,0.007637815549969673,0.5439106225967407,0.3607443571090698,0.04513106495141983,0.5796328186988831,0.37830567359924316,0.007397396024316549,0.6238459944725037,0.4269319772720337,-0.018576879054307938,0.6035556197166443,0.4308488667011261,-0.017213232815265656,0.6107847094535828,0.41517239809036255,-0.017630459740757942,0.6157638430595398,0.4273184537887573,-0.01959271915256977,0.6226679682731628,0.3623441755771637,0.0016807052306830883,0.5819665789604187,0.4818970561027527,-0.010195690207183361,0.5910727381706238,0.48774445056915283,-0.016301142051815987,0.6114107370376587,0.4963093400001526,-0.02722981385886669,0.5609697699546814,0.4768816828727722,0.013833788223564625,0.6018224954605103,0.37356331944465637,0.009294386953115463,0.6145936846733093,0.3865479528903961,-0.009276839904487133,0.6227788925170898,0.49674201011657715,-0.026850994676351547,0.600850522518158,0.5018602013587952,-0.01868111826479435,0.5495864748954773,0.4346598982810974,0.019884858280420303,0.6102734208106995,0.4525621235370636,-0.01861235685646534,0.6095966100692749,0.4549957811832428,-0.020247338339686394,0.6091127991676331,0.45819854736328125,-0.02272089198231697,0.6087393760681152,0.4623311460018158,-0.023503035306930542,0.6074900031089783,0.46478477120399475,-0.022599168121814728,0.6015825271606445,0.4506397247314453,-0.016094885766506195,0.6002283096313477,0.4497312605381012,-0.016219791024923325,0.599005401134491,0.4486103951931,-0.016162598505616188,0.5922427773475647,0.44204044342041016,-0.014781075529754162,0.5661232471466064,0.4280371069908142,-0.004043493885546923,0.61370450258255,0.3799907863140106,-0.0027338722720742226,0.6088535189628601,0.36575451493263245,0.008770962245762348,0.6048157215118408,0.3685614764690399,0.009786434471607208,0.6030289530754089,0.45126551389694214,-0.015908021479845047,0.5655003190040588,0.44961556792259216,-0.001774864154867828,0.6153463125228882,0.36336371302604675,0.003176904283463955,0.6044917106628418,0.4742642045021057,-0.0227263905107975,0.6247527599334717,0.3870869576931,-0.017616860568523407,0.6190730929374695,0.38205191493034363,-0.010605128481984138,0.6240687966346741,0.38037967681884766,-0.010706502012908459,0.6105247735977173,0.3984534442424774,-0.012731252238154411,0.6231027245521545,0.48734021186828613,-0.027097446843981743,0.6230424046516418,0.4771488308906555,-0.02456580102443695,0.6142269968986511,0.47714871168136597,-0.02500855177640915,0.5898277163505554,0.46170005202293396,-0.015104265883564949,0.5973523855209351,0.419389933347702,-0.010304296389222145,0.5965556502342224,0.469159334897995,-0.01928042620420456,0.5818047523498535,0.41835641860961914,-0.01032508909702301,0.590935468673706,0.4269832372665405,-0.01239706203341484,0.5758252739906311,0.43209487199783325,-0.010135195218026638,0.6126347184181213,0.48713168501853943,-0.027327250689268112,0.6064735054969788,0.403571754693985,-0.01098733302205801,0.5845521092414856,0.47018784284591675,-0.01295645534992218,0.5932980179786682,0.47754359245300293,-0.017846520990133286,0.584158718585968,0.45220327377319336,-0.012795261107385159,0.5584547519683838,0.4414404034614563,0.004068020731210709,0.5753071308135986,0.4561935365200043,-0.009127096273005009,0.5540516972541809,0.4512258768081665,0.013385683298110962,0.5856287479400635,0.43713080883026123,-0.012716177850961685,0.6102563142776489,0.3924574851989746,-0.007904494181275368,0.6124372482299805,0.41176241636276245,-0.023185504600405693,0.6084287166595459,0.4144478738307953,-0.018919624388217926,0.6157342195510864,0.4056784510612488,-0.025393197312951088,0.6043841242790222,0.3552921414375305,0.0077855950221419334,0.5948020815849304,0.34772631525993347,0.00655882665887475,0.5863660573959351,0.34606605768203735,0.005720970220863819,0.5788905620574951,0.34841832518577576,0.006431469693779945,0.5729568004608154,0.3538041114807129,0.008439378812909126,0.5678138732910156,0.373447448015213,0.013125600293278694,0.5461850166320801,0.3978983759880066,0.02842831425368786,0.5723461508750916,0.3856114149093628,0.006801670882850885,0.5787661075592041,0.38794180750846863,0.004198912996798754,0.5869256854057312,0.38909509778022766,0.0030515354592353106,0.5948290228843689,0.387766033411026,0.0030701758805662394,0.6011888384819031,0.38448771834373474,0.005079610738903284,0.6057013869285583,0.38108357787132263,0.005775610450655222,0.5417291522026062,0.40200385451316833,0.04712219163775444,0.6081864833831787,0.4167664349079132,-0.01681751199066639,0.6153162121772766,0.3924514949321747,-0.015141048468649387,0.6171842813491821,0.41135814785957336,-0.026518287137150764,0.6194233298301697,0.4159480929374695,-0.024942416697740555,0.6165860295295715,0.4133874773979187,-0.024385223165154457,0.6091634035110474,0.41924723982810974,-0.015398005023598671,0.6207115054130554,0.4162576198577881,-0.02625817060470581,0.6206057667732239,0.418863445520401,-0.02101633884012699,0.6059245467185974,0.3751677870750427,0.009766177274286747,0.6093772649765015,0.37570711970329285,0.007021038793027401,0.6119927167892456,0.3757995367050171,0.003507309127599001,0.5774585008621216,0.3715746998786926,0.00901759322732687,0.5731509327888489,0.36475950479507446,0.009214055724442005,0.628978967666626,0.38860395550727844,-0.015133118256926537,0.6599771976470947,0.3789851665496826,0.023230044171214104,0.6290133595466614,0.4183371067047119,-0.019534189254045486,0.6768250465393066,0.3493615984916687,0.06051376834511757,0.6447808742523193,0.3854222595691681,0.013514434918761253,0.650481104850769,0.38647156953811646,0.01495012640953064,0.6556882262229919,0.38562217354774475,0.01757723279297352,0.6619435548782349,0.38130900263786316,0.023868154734373093,0.6398747563362122,0.3823704719543457,0.013818309642374516,0.6534289121627808,0.35892096161842346,0.01650516502559185,0.6472029089927673,0.3597474694252014,0.015522480942308903,0.6591464877128601,0.3605484366416931,0.019143255427479744,0.662642776966095,0.3644122779369354,0.02153291553258896,0.6660614609718323,0.38527584075927734,0.02635296620428562,0.6404477953910828,0.48300108313560486,-0.016279060393571854,0.661575436592102,0.3767336308956146,0.025884808972477913,0.6790987849235535,0.38546454906463623,0.054061371833086014,0.671221137046814,0.37876802682876587,0.034269098192453384,0.6500401496887207,0.4114641547203064,0.0005128051270730793,0.6284745335578918,0.43880707025527954,-0.0196702741086483,0.6278465390205383,0.44804808497428894,-0.018859198316931725,0.6355498433113098,0.4425143599510193,-0.016119882464408875,0.6397407650947571,0.4463733732700348,-0.012160035781562328,0.6331846714019775,0.44898635149002075,-0.015972422435879707,0.6369842886924744,0.4503597319126129,-0.012382606975734234,0.645788311958313,0.4571869671344757,-0.007919480092823505,0.6300103664398193,0.4120034873485565,-0.027264004573225975,0.6308213472366333,0.40410852432250977,-0.027224695309996605,0.6708788871765137,0.3531069755554199,0.02793944999575615,0.6383277177810669,0.39314335584640503,0.0034641714300960302,0.6398367881774902,0.4131818115711212,-0.012544761411845684,0.6399006843566895,0.4095509648323059,-0.010225932113826275,0.6669210195541382,0.41234028339385986,0.01114655751734972,0.6299803256988525,0.3955012857913971,-0.021983500570058823,0.6599729061126709,0.3418213725090027,0.017921406775712967,0.666778564453125,0.3455992043018341,0.023506883531808853,0.6733413934707642,0.33208566904067993,0.05255291983485222,0.6351451873779297,0.34868794679641724,0.007847985252737999,0.6414430141448975,0.363402396440506,0.015682581812143326,0.6502100229263306,0.4510805010795593,-0.0036208953242748976,0.6689058542251587,0.4638044834136963,0.045588601380586624,0.6355699896812439,0.41768309473991394,-0.01243580225855112,0.6315296292304993,0.4196861684322357,-0.014714484103024006,0.6438729166984558,0.4526703953742981,-0.004777858499437571,0.6422205567359924,0.45267218351364136,-0.006765668746083975,0.6696639060974121,0.33965569734573364,0.02809387445449829,0.6394581198692322,0.41687512397766113,-0.010692381300032139,0.6499000191688538,0.34208792448043823,0.012597126886248589,0.6510426998138428,0.3345320522785187,0.013448826968669891,0.6536784768104553,0.3073112368583679,0.031939323991537094,0.6705340147018433,0.33696264028549194,0.039158545434474945,0.6511984467506409,0.32079431414604187,0.022843196988105774,0.6735048890113831,0.3495217561721802,0.03424260392785072,0.6746714115142822,0.351187139749527,0.046952612698078156,0.6283031702041626,0.44368278980255127,-0.019803572446107864,0.6344211101531982,0.44597333669662476,-0.016338761895895004,0.6384847164154053,0.44836169481277466,-0.012840607203543186,0.634218156337738,0.41901013255119324,-0.011862021870911121,0.6430482864379883,0.452720046043396,-0.005852991249412298,0.6408164501190186,0.4544399380683899,-0.010540434159338474,0.6414522528648376,0.4526415467262268,-0.006959702353924513,0.6342621445655823,0.4144389033317566,-0.018510716035962105,0.6358945965766907,0.45154276490211487,-0.01203959435224533,0.6321099996566772,0.45095136761665344,-0.014586733654141426,0.6272799968719482,0.45069077610969543,-0.01706843636929989,0.6293373107910156,0.46737509965896606,-0.020981445908546448,0.629087507724762,0.46620604395866394,-0.022117912769317627,0.6286488175392151,0.461276650428772,-0.02102671004831791,0.6280938386917114,0.45690757036209106,-0.0184294655919075,0.6274856925010681,0.4535056948661804,-0.017063215374946594,0.6361073851585388,0.45267531275749207,-0.012067120522260666,0.6371866464614868,0.4542260468006134,-0.013603679835796356,0.6383371949195862,0.45634549856185913,-0.01545048039406538,0.6393738389015198,0.4589184820652008,-0.015177813358604908,0.6459142565727234,0.43710213899612427,-0.008637403137981892,0.6749172806739807,0.4256799519062042,0.06502863764762878,0.6385759711265564,0.4526190459728241,-0.00925990380346775,0.6396644115447998,0.4534458816051483,-0.010300465859472752,0.6303557753562927,0.42224740982055664,-0.0162209365516901,0.6377217173576355,0.4214189648628235,-0.009007066488265991,0.6309071183204651,0.42104944586753845,-0.015431584790349007,0.6442911028862,0.39805498719215393,0.005000701639801264,0.6537684202194214,0.4027947783470154,0.0070763761177659035,0.6403473615646362,0.4133421778678894,-0.008096723817288876,0.6661784648895264,0.3177158236503601,0.04228805750608444,0.663318395614624,0.32651790976524353,0.031066399067640305,0.662016749382019,0.3345281481742859,0.02095326967537403,0.6415137052536011,0.4610787034034729,-0.012919616885483265,0.6373021602630615,0.3366510272026062,0.008578789420425892,0.6380401253700256,0.31935858726501465,0.016801880672574043,0.6395218968391418,0.30191001296043396,0.024310290813446045,0.6597160696983337,0.38419970870018005,0.02091127447783947,0.6713282465934753,0.3904079496860504,0.029042169451713562,0.6366627812385559,0.3795502483844757,0.014619870111346245,0.6674242615699768,0.3675616681575775,0.027584118768572807,0.634573221206665,0.3874417543411255,0.0021536380518227816,0.6376857757568359,0.4095577299594879,-0.01727786287665367,0.6771956086158752,0.3980390429496765,0.034596771001815796,0.6684607863426208,0.3956366181373596,0.022144244983792305,0.6622349619865417,0.39798322319984436,0.015120753087103367,0.6520882844924927,0.3969968557357788,0.011381912045180798,0.6442470550537109,0.3937216103076935,0.00934387557208538,0.638189971446991,0.38938987255096436,0.007926740683615208,0.6281771063804626,0.37529051303863525,-0.0016623579431325197,0.677288830280304,0.41390612721443176,0.028943872079253197,0.6711873412132263,0.3654427230358124,0.03155381977558136,0.6277475357055664,0.41675063967704773,-0.02582838386297226,0.6380472779273987,0.39958134293556213,-0.0011189734796062112,0.6774938106536865,0.3878950774669647,0.07148882001638412,0.6338315010070801,0.3842836916446686,0.007663232274353504,0.6404390931129456,0.41454827785491943,-0.00348561629652977,0.6639944314956665,0.37624821066856384,0.027311066165566444,0.6374297738075256,0.4049781262874603,-0.01437727827578783,0.6726680397987366,0.44483768939971924,0.057078730314970016,0.6363242864608765,0.37676072120666504,0.016809921711683273,0.6338368654251099,0.399294912815094,-0.01892668753862381,0.6620482802391052,0.4737049341201782,0.011415697634220123,0.6595060229301453,0.48556289076805115,0.018096404150128365,0.678987979888916,0.4200851321220398,0.047676049172878265,0.6684684753417969,0.4659156799316406,0.021916788071393967,0.6769169569015503,0.3675309121608734,0.05244491994380951,0.6412625312805176,0.49200892448425293,-0.015302829444408417,0.6265034079551697,0.4193902313709259,-0.020388206467032433,0.6427844762802124,0.40559661388397217,-2.9982311389176175e-05,0.6746396422386169,0.3809073269367218,0.04023435339331627,0.6552953720092773,0.381958931684494,0.018509728834033012,0.6506349444389343,0.38258975744247437,0.016368834301829338,0.6418731808662415,0.4556753635406494,-0.009778665378689766,0.6761231422424316,0.4301893711090088,0.02553032524883747,0.6321851015090942,0.5034170746803284,-0.018593864515423775,0.6460843682289124,0.4968651533126831,-0.002294378587976098,0.6523003578186035,0.49253496527671814,0.0068091172724962234,0.645761251449585,0.3816464841365814,0.015515492297708988,0.6410924792289734,0.3795432448387146,0.015869896858930588,0.6380071640014648,0.3780313730239868,0.01693946123123169,0.6740714907646179,0.363974928855896,0.03809653967618942,0.6417734026908875,0.3726954460144043,0.016270892694592476,0.6466540694236755,0.37159276008605957,0.01655091717839241,0.6513020396232605,0.371567964553833,0.017641795799136162,0.6557630300521851,0.3725877106189728,0.019587570801377296,0.6586259603500366,0.37413477897644043,0.021415837109088898,0.6780200004577637,0.366935133934021,0.06788387149572372,0.6581668853759766,0.38051167130470276,0.02107936516404152,0.641069769859314,0.4319092035293579,-0.011382533237338066,0.6360114812850952,0.41633471846580505,-0.013614385388791561,0.631280243396759,0.4277975261211395,-0.017162226140499115,0.654552698135376,0.481508731842041,0.0021093490067869425,0.6479029059410095,0.48672252893447876,-0.006612586788833141,0.6329759359359741,0.49573642015457153,-0.023282594978809357,0.6645877361297607,0.477250874042511,0.032021213322877884,0.6380885243415833,0.37483343482017517,0.016748836264014244,0.6318762898445129,0.38725316524505615,-0.006001942791044712,0.6397531628608704,0.5003703236579895,-0.011406756937503815,0.6768414974212646,0.43787720799446106,0.04146303981542587,0.6324396729469299,0.45298242568969727,-0.014569172635674477,0.633459746837616,0.4555985629558563,-0.016047218814492226,0.6343488097190857,0.45888251066207886,-0.018355974927544594,0.6351602077484131,0.4631081819534302,-0.01893782615661621,0.6360992789268494,0.46477434039115906,-0.017444279044866562,0.6397809386253357,0.451585590839386,-0.009081779047846794,0.6412076354026794,0.4507480263710022,-0.008572465740144253,0.6424188017845154,0.4496811032295227,-0.00800428818911314,0.6493856906890869,0.44355031847953796,-0.005237475968897343,0.6707003712654114,0.4310893416404724,0.01265393104404211,0.6311996579170227,0.38080671429634094,0.0006766021833755076,0.6332893967628479,0.36741024255752563,0.013141737319529057,0.6361294388771057,0.37023845314979553,0.016017336398363113,0.6383622884750366,0.4520741105079651,-0.00922111701220274,0.6688089370727539,0.4517122507095337,0.015155543573200703,0.6289697289466858,0.36509495973587036,0.005779185798019171,0.6383957862854004,0.4739258289337158,-0.016993453726172447,0.6286029815673828,0.3824300467967987,-0.008861745707690716,0.6355773210525513,0.3993283212184906,-0.008431629277765751,0.6307744979858398,0.4768331050872803,-0.022263266146183014,0.6499775648117065,0.46247193217277527,-0.0051827095448970795,0.6451699137687683,0.4208340346813202,-0.002829573582857847,0.6445236206054688,0.46920692920684814,-0.011439939960837364,0.6593977808952332,0.4208794832229614,0.0015357289230450988,0.651028573513031,0.4287604093551636,-0.003080514492467046,0.6634961366653442,0.4345136880874634,0.003414170118048787,0.6323990225791931,0.486747145652771,-0.023654429242014885,0.6380646824836731,0.4046001136302948,-0.005597165320068598,0.6537739038467407,0.47052302956581116,-0.0014039285015314817,0.6469854712486267,0.4771634042263031,-0.008967201225459576,0.6551786065101624,0.45370128750801086,-0.0007468870608136058,0.6737819314002991,0.4442198872566223,0.023067282512784004,0.6617972254753113,0.4575536251068115,0.004993507172912359,0.6735944151878357,0.4535905122756958,0.03388054296374321,0.6550735831260681,0.43905940651893616,-0.001657509128563106,0.6347804665565491,0.3933833837509155,-0.0032607687171548605,0.6360329985618591,0.41297125816345215,-0.01897377334535122,0.6382642984390259,0.41563406586647034,-0.014107871800661087,0.6345100998878479,0.40649405121803284,-0.022000273689627647,0.6385120153427124,0.3584744334220886,0.013803226873278618,0.6481749415397644,0.35280004143714905,0.015296250581741333,0.656116783618927,0.352184921503067,0.017141878604888916,0.6623067855834961,0.35454973578453064,0.02037188969552517,0.6662235856056213,0.35948580503463745,0.024057937785983086,0.6672444343566895,0.3772957921028137,0.029965512454509735,0.6797915697097778,0.4028765857219696,0.05146507918834686,0.6635712385177612,0.3887786269187927,0.02214556187391281,0.6584562063217163,0.3906964063644409,0.017619077116250992,0.6514038443565369,0.3910995125770569,0.01408734917640686,0.6443246006965637,0.38914331793785095,0.011746603064239025,0.6386096477508545,0.3856521546840668,0.01162013877183199,0.6348134875297546,0.3821249306201935,0.011066394858062267,0.6760938167572021,0.4070722162723541,0.07030395418405533,0.6376273036003113,0.4178408980369568,-0.012102769687771797,0.6325528025627136,0.3930261433124542,-0.011792991310358047,0.633102297782898,0.4121381640434265,-0.023829050362110138,0.6298454999923706,0.4164777994155884,-0.023389721289277077,0.6326236724853516,0.414294570684433,-0.02163042314350605,0.6361808180809021,0.4201071858406067,-0.011445262469351292,0.6291868686676025,0.41669875383377075,-0.024994567036628723,0.6280223727226257,0.4191666841506958,-0.019957326352596283,0.6345393061637878,0.3762539327144623,0.01538789551705122,0.6319971084594727,0.3768066465854645,0.011177970096468925,0.6306480765342712,0.3771316409111023,0.006985704880207777,0.6603131890296936,0.375419557094574,0.02341451309621334,0.6645875573158264,0.36924463510513306,0.0245774257928133,0.5883930325508118,0.37433549761772156,0.007833325304090977,0.5946124792098999,0.37444645166397095,0.007833325304090977,0.5883283019065857,0.3666141629219055,0.007833325304090977,0.5820639133453369,0.3742416501045227,0.007833325304090977,0.5884508490562439,0.3819551467895508,0.007833325304090977,0.6470605731010437,0.376838356256485,0.018864870071411133,0.6533812284469604,0.376897931098938,0.018864870071411133,0.6471306085586548,0.36914366483688354,0.018864870071411133,0.6407305002212524,0.376781702041626,0.018864870071411133,0.6470000743865967,0.384371280670166,0.018864870071411133
933.3333333333337,0.6349961757659912,0.42911893129348755,-0.022419122979044914,0.6391345262527466,0.40751031041145325,-0.026486214250326157,0.6363417506217957,0.419279545545578,-0.017673345282673836,0.6304489970207214,0.38574203848838806,-0.014958292245864868,0.6388447880744934,0.39960089325904846,-0.026378262788057327,0.6370412707328796,0.3911275565624237,-0.021823078393936157,0.6316450238227844,0.3709166347980499,-0.00128479627892375,0.5815882682800293,0.37918758392333984,0.007704109884798527,0.6294742226600647,0.3483049273490906,0.007759880740195513,0.6291297078132629,0.3359457552433014,0.010137898847460747,0.6262561678886414,0.29726970195770264,0.026898492127656937,0.6349607706069946,0.4316076636314392,-0.022638268768787384,0.6347882747650146,0.43412095308303833,-0.02169106714427471,0.6346649527549744,0.43591418862342834,-0.019647721201181412,0.6347564458847046,0.436744749546051,-0.02157856710255146,0.6348358988761902,0.4398868978023529,-0.022733625024557114,0.6347784399986267,0.44379422068595886,-0.025139926001429558,0.6345980167388916,0.4477286636829376,-0.026337847113609314,0.638006329536438,0.4619617760181427,-0.024973642081022263,0.6382396221160889,0.41303977370262146,-0.02494146302342415,0.6322728395462036,0.4148504137992859,-0.020110229030251503,0.5514177083969116,0.34361493587493896,0.037821996957063675,0.599837064743042,0.38676273822784424,0.003995683044195175,0.5933674573898315,0.38770976662635803,0.0031317775137722492,0.5871832370758057,0.38633909821510315,0.0036778647918254137,0.5788426995277405,0.380829393863678,0.007155575789511204,0.6052404642105103,0.38365986943244934,0.006797231733798981,0.5926110148429871,0.3556920886039734,0.005033432971686125,0.599475622177124,0.3573160767555237,0.006925053894519806,0.58577960729599,0.35710859298706055,0.005280953831970692,0.5808329582214355,0.3614220917224884,0.0061676716431975365,0.5737289786338806,0.38428759574890137,0.007961285300552845,0.6171293258666992,0.48004162311553955,-0.028431689366698265,0.5795674324035645,0.3762439489364624,0.009581750258803368,0.5508478283882141,0.3814338743686676,0.027231335639953613,0.5664041042327881,0.37701138854026794,0.013406635262072086,0.6029359698295593,0.40872547030448914,-0.010156197473406792,0.6287336945533752,0.4280005097389221,-0.023248538374900818,0.6292683482170105,0.4338264465332031,-0.02268555946648121,0.6226551532745361,0.42962464690208435,-0.023292306810617447,0.618732213973999,0.43118351697921753,-0.02272859215736389,0.6244921088218689,0.4337845742702484,-0.022826947271823883,0.6208620071411133,0.43392181396484375,-0.021940862759947777,0.6108840703964233,0.45567378401756287,-0.022967351600527763,0.634751558303833,0.4077134132385254,-0.026929344981908798,0.6336821913719177,0.40013328194618225,-0.026807593181729317,0.5715557336807251,0.34926533699035645,0.010041911154985428,0.6130793690681458,0.39045417308807373,-0.0024759506341069937,0.6189308166503906,0.4102778434753418,-0.018090881407260895,0.61767578125,0.4069393575191498,-0.015974635258316994,0.5815137624740601,0.40972214937210083,-0.007262156344950199,0.6320755481719971,0.3922474682331085,-0.021803412586450577,0.5880257487297058,0.33695802092552185,0.007075873669236898,0.5787220001220703,0.3409564197063446,0.008828209713101387,0.5594680309295654,0.325026273727417,0.03356708213686943,0.6157659292221069,0.346918523311615,0.006847896613180637,0.6052030920982361,0.3621806502342224,0.008998135104775429,0.6056597828865051,0.45067209005355835,-0.02027713693678379,0.5601146221160889,0.46594756841659546,0.017184890806674957,0.6233953237533569,0.4147321581840515,-0.0165961105376482,0.6279883980751038,0.4169865548610687,-0.01636112481355667,0.6141334772109985,0.4341341257095337,-0.020159730687737465,0.61549973487854,0.434248685836792,-0.020824577659368515,0.5748359560966492,0.33453792333602905,0.012306667864322662,0.6182960271835327,0.41451871395111084,-0.01641659252345562,0.6000321507453918,0.3381308317184448,0.006339751183986664,0.599420964717865,0.33005601167678833,0.007248470559716225,0.5885087251663208,0.3006954789161682,0.024403110146522522,0.5673901438713074,0.33002254366874695,0.02113286219537258,0.594428300857544,0.31470823287963867,0.015370470471680164,0.5669405460357666,0.3451974093914032,0.014865984208881855,0.5594290494918823,0.34509333968162537,0.025320250540971756,0.6289214491844177,0.43109992146492004,-0.0236354973167181,0.6235731244087219,0.43183377385139465,-0.023484859615564346,0.6197787523269653,0.43260884284973145,-0.0228678360581398,0.6245007514953613,0.41643694043159485,-0.015118884854018688,0.6148518919944763,0.4342109262943268,-0.020401213318109512,0.6172896027565002,0.4361022412776947,-0.023656172677874565,0.6161493062973022,0.43429675698280334,-0.020739858970046043,0.6269503235816956,0.41041338443756104,-0.021619265899062157,0.6217780709266663,0.4348357319831848,-0.021100860089063644,0.6252963542938232,0.4351402521133423,-0.02106255106627941,0.6296882033348083,0.43557941913604736,-0.020842721685767174,0.6312505006790161,0.4620193839073181,-0.026529744267463684,0.6286156177520752,0.4468953609466553,-0.02777276001870632,0.6290256977081299,0.4430243968963623,-0.026669764891266823,0.6294507384300232,0.43917006254196167,-0.024046659469604492,0.6298531889915466,0.4363638460636139,-0.022754060104489326,0.6219009757041931,0.43509578704833984,-0.022491762414574623,0.6210777163505554,0.43644675612449646,-0.02393195778131485,0.6199808716773987,0.4382561147212982,-0.026152634993195534,0.6190592646598816,0.4402591586112976,-0.026638472452759743,0.6116889715194702,0.4353196322917938,-0.020076340064406395,0.547797441482544,0.4252553880214691,0.03602006658911705,0.6371883153915405,0.41629666090011597,-0.019852733239531517,0.6192455887794495,0.43468672037124634,-0.021844035014510155,0.6183441281318665,0.435321182012558,-0.0229390487074852,0.6297565698623657,0.4196535348892212,-0.018021708354353905,0.6195209622383118,0.4195840358734131,-0.013825319707393646,0.6289706230163574,0.41839244961738586,-0.01702282577753067,0.6065482497215271,0.39531663060188293,-0.0036931727081537247,0.596677839756012,0.39984002709388733,-0.005232763942331076,0.6164406538009644,0.41099777817726135,-0.014417165890336037,0.5711956024169922,0.3102222681045532,0.028376668691635132,0.5783213973045349,0.3194108307361603,0.017772983759641647,0.5857627987861633,0.3292502164840698,0.009400985203683376,0.6164194941520691,0.4582267701625824,-0.025943541899323463,0.6145989298820496,0.33395978808403015,0.007582498714327812,0.6103395819664001,0.31508368253707886,0.01518135704100132,0.6062840223312378,0.29706642031669617,0.023664534091949463,0.5817822217941284,0.3843901753425598,0.005192751996219158,0.5665814280509949,0.3893685042858124,0.007951509207487106,0.6088243126869202,0.3808087110519409,0.008628434501588345,0.5739226937294006,0.3653249442577362,0.009519687853753567,0.6175272464752197,0.38474708795547485,-0.001942181377671659,0.6229342222213745,0.405865341424942,-0.02111879177391529,0.5606504082679749,0.3945557773113251,0.009921025484800339,0.571509599685669,0.3943732678890228,0.0022162070963531733,0.5802101492881775,0.39666861295700073,-0.0015931494999676943,0.5924217104911804,0.39618980884552,-0.0009351959452033043,0.6014002561569214,0.3935752213001251,0.0004683819133788347,0.6083878874778748,0.38947680592536926,0.0017915124772116542,0.6261255145072937,0.372997522354126,-0.0013401383766904473,0.5631439685821533,0.4116555154323578,0.0036371578462421894,0.568628191947937,0.3626335859298706,0.011546261608600616,0.6356936097145081,0.41289353370666504,-0.025423279032111168,0.6156343221664429,0.3970670700073242,-0.006988268345594406,0.5445626378059387,0.3853897154331207,0.04397322237491608,0.6138666272163391,0.38460132479667664,0.003554339287802577,0.6149134039878845,0.4125259816646576,-0.010183684527873993,0.5766453146934509,0.37513235211372375,0.01001145038753748,0.6216098070144653,0.40189000964164734,-0.018242044374346733,0.5523568987846375,0.4459000527858734,0.028046293184161186,0.6087392568588257,0.378368079662323,0.010521477088332176,0.6268772482872009,0.3959729075431824,-0.020827997475862503,0.5830022096633911,0.4745709300041199,-0.011577686294913292,0.5813857913017273,0.4881880581378937,-0.005504591856151819,0.5530450344085693,0.41839131712913513,0.01909918524324894,0.5719444751739502,0.46659910678863525,-0.003790155751630664,0.5545456409454346,0.3624073565006256,0.02801067940890789,0.6154369711875916,0.48983097076416016,-0.028402699157595634,0.6352221369743347,0.4160919189453125,-0.019965196028351784,0.6103025078773499,0.4031542241573334,-0.007855765521526337,0.560302197933197,0.37887418270111084,0.01680775173008442,0.5878603458404541,0.3832935094833374,0.005089503712952137,0.5935034155845642,0.384208083152771,0.004731513559818268,0.6162763833999634,0.436957985162735,-0.02365092560648918,0.5651794075965881,0.428821861743927,0.00011933322821278125,0.6267735362052917,0.5005196928977966,-0.028017934411764145,0.6051817536354065,0.4974844753742218,-0.019296769052743912,0.5945206880569458,0.4943641424179077,-0.013467127457261086,0.6277952790260315,0.3165352940559387,0.017729846760630608,0.6384968161582947,0.5003711581230164,-0.027009814977645874,0.5988938212394714,0.3832630217075348,0.005888837855309248,0.6037482619285583,0.381130188703537,0.007907343097031116,0.6069827079772949,0.3795827329158783,0.009981871582567692,0.5632531642913818,0.36087924242019653,0.016335317865014076,0.6032368540763855,0.3726988136768341,0.008285630494356155,0.5980249643325806,0.3704093098640442,0.007128773257136345,0.593043327331543,0.3698459267616272,0.006287413649260998,0.5877730846405029,0.37082013487815857,0.006232297979295254,0.583961546421051,0.372683048248291,0.006867640186101198,0.5466448068618774,0.36271634697914124,0.04249435290694237,0.5840684771537781,0.38132280111312866,0.00637767743319273,0.6367145776748657,0.423723042011261,-0.01835065521299839,0.6174432039260864,0.42974111437797546,-0.019346855580806732,0.6235646605491638,0.4129568636417389,-0.01718922145664692,0.629425585269928,0.4245988428592682,-0.020032154396176338,0.6299096941947937,0.3608947694301605,0.0049254256300628185,0.5942878127098083,0.4817603826522827,-0.017753971740603447,0.6045976877212524,0.4861566424369812,-0.023101849481463432,0.6271407008171082,0.49188289046287537,-0.03206482157111168,0.5701350569725037,0.47992563247680664,0.005585459526628256,0.6070603728294373,0.3760192096233368,0.009746716357767582,0.6239381432533264,0.38442468643188477,-0.007780097890645266,0.6388676762580872,0.4916502833366394,-0.030806217342615128,0.6159029603004456,0.4992902874946594,-0.025018468499183655,0.556591272354126,0.43723776936531067,0.013142644427716732,0.625465452671051,0.43570202589035034,-0.02281438559293747,0.624703049659729,0.437867671251297,-0.024341562762856483,0.6238986849784851,0.4407826066017151,-0.027004800736904144,0.6232399344444275,0.4441565275192261,-0.028067689388990402,0.6233507990837097,0.46057093143463135,-0.027526870369911194,0.6179981827735901,0.4340469241142273,-0.02130180224776268,0.6168764233589172,0.4333992600440979,-0.021655866876244545,0.6159046292304993,0.43259403109550476,-0.0216131079941988,0.6074556112289429,0.44251206517219543,-0.020124012604355812,0.5763452649116516,0.42928552627563477,-0.008748685009777546,0.6218928694725037,0.378180593252182,-0.0011457892833277583,0.614437997341156,0.3677820563316345,0.010123481042683125,0.610170304775238,0.3706667125225067,0.010641281493008137,0.6191495060920715,0.43459397554397583,-0.020960472524166107,0.5762016773223877,0.4511531591415405,-0.008291671052575111,0.6214535236358643,0.36514827609062195,0.005552318878471851,0.6196502447128296,0.47063887119293213,-0.02784918248653412,0.6351179480552673,0.38442814350128174,-0.014882145449519157,0.6283490657806396,0.3798324465751648,-0.008267611265182495,0.6334185004234314,0.3780899941921234,-0.007866759784519672,0.6211225986480713,0.39651137590408325,-0.011894208379089832,0.6389190554618835,0.4818404018878937,-0.030568808317184448,0.6383734941482544,0.4715801477432251,-0.027537070214748383,0.6297300457954407,0.47212284803390503,-0.02883005328476429,0.603918194770813,0.4615388810634613,-0.02179507166147232,0.6095181703567505,0.41876915097236633,-0.012037103064358234,0.6111699938774109,0.467294842004776,-0.02547994814813137,0.5929929614067078,0.4181995093822479,-0.013092468492686749,0.6036713123321533,0.42656874656677246,-0.015695342794060707,0.5875488519668579,0.4326561391353607,-0.014582902193069458,0.6283289194107056,0.48226630687713623,-0.031724464148283005,0.6174010038375854,0.4021843671798706,-0.010841475799679756,0.597594678401947,0.4700346887111664,-0.02007077820599079,0.6072956919670105,0.47576701641082764,-0.024268999695777893,0.5978640913963318,0.4532201886177063,-0.019165782257914543,0.5677739381790161,0.44349727034568787,-0.002314377808943391,0.5875087976455688,0.45725956559181213,-0.015810789540410042,0.5621330142021179,0.4536811113357544,0.005969986319541931,0.5992299914360046,0.4377885162830353,-0.017444640398025513,0.6197769641876221,0.3906387686729431,-0.007214730605483055,0.6252319812774658,0.40894970297813416,-0.022349288687109947,0.6210842132568359,0.41245368123054504,-0.018643928691744804,0.6283167600631714,0.4025195837020874,-0.024090547114610672,0.609698474407196,0.3574736416339874,0.009004257619380951,0.599810004234314,0.3499821722507477,0.007408768869936466,0.5911011695861816,0.3483576476573944,0.006131273694336414,0.5834109783172607,0.3505645990371704,0.006195096764713526,0.5773090124130249,0.3561820089817047,0.007578749675303698,0.5723257064819336,0.3759317398071289,0.011235971003770828,0.5509565472602844,0.39988020062446594,0.023082038387656212,0.5772778391838074,0.3880137801170349,0.004856656305491924,0.5841163396835327,0.3902038335800171,0.002652397146448493,0.5925596952438354,0.3912833034992218,0.0020378611516207457,0.6006261110305786,0.38980740308761597,0.00262594991363585,0.6069725155830383,0.3864355683326721,0.005314913112670183,0.6114725470542908,0.38296613097190857,0.006418587174266577,0.54556804895401,0.4055924415588379,0.04169459640979767,0.6208884119987488,0.41520988941192627,-0.016732599586248398,0.6256717443466187,0.3901044428348541,-0.013670984655618668,0.630399227142334,0.4078705608844757,-0.025248128920793533,0.632607102394104,0.41259339451789856,-0.023711828514933586,0.629788875579834,0.41011843085289,-0.02330229990184307,0.6219267845153809,0.41793668270111084,-0.015377596952021122,0.6339223384857178,0.4127848446369171,-0.02492002584040165,0.6335670351982117,0.4158611297607422,-0.020037710666656494,0.6113859415054321,0.37740567326545715,0.010559248737990856,0.6151513457298279,0.3776213228702545,0.008231363259255886,0.6180689334869385,0.3775595426559448,0.005056681577116251,0.5815632343292236,0.3743595480918884,0.008040094748139381,0.5773116946220398,0.3672851622104645,0.007961851544678211,0.639350950717926,0.3858906626701355,-0.012128503993153572,0.6651148200035095,0.3811317980289459,0.028095215559005737,0.6410318613052368,0.4153233766555786,-0.017951613292098045,0.680814266204834,0.34750664234161377,0.067924365401268,0.6510917544364929,0.3876802921295166,0.01707932911813259,0.6566004753112793,0.388363242149353,0.018905071541666985,0.6615583896636963,0.3871147930622101,0.021919121965765953,0.6672567129135132,0.3832363486289978,0.0286704171448946,0.6462070941925049,0.3847801685333252,0.017091188579797745,0.6575900316238403,0.3606283664703369,0.021409479901194572,0.6518041491508484,0.3617098927497864,0.0198383629322052,0.6630433201789856,0.361990362405777,0.0243244506418705,0.6665418148040771,0.3658045530319214,0.026770874857902527,0.6716702580451965,0.3864212930202484,0.0310627743601799,0.6539711356163025,0.47847533226013184,-0.01875392720103264,0.6664658188819885,0.3790590465068817,0.030865035951137543,0.6829738616943359,0.38424447178840637,0.05934230610728264,0.6761484146118164,0.380535751581192,0.039473097771406174,0.6591702699661255,0.4094652533531189,0.0029208979103714228,0.6411029696464539,0.42785322666168213,-0.019867422059178352,0.6402426362037659,0.4337456524372101,-0.01962045393884182,0.6467481851577759,0.4293777048587799,-0.01634640246629715,0.6501808166503906,0.43108394742012024,-0.0131383603438735,0.6447033286094666,0.4336351752281189,-0.01683785207569599,0.6480527520179749,0.4338485896587372,-0.013883437030017376,0.6567035913467407,0.4552682936191559,-0.010593615472316742,0.6427964568138123,0.40808022022247314,-0.02505086548626423,0.6432384848594666,0.40043237805366516,-0.024609467014670372,0.6738413572311401,0.35484275221824646,0.0343526266515255,0.6471494436264038,0.39125943183898926,0.006107228808104992,0.6505675315856934,0.41060930490493774,-0.009907526895403862,0.6501562595367432,0.40714383125305176,-0.007566889747977257,0.67472904920578,0.41103285551071167,0.014417602680623531,0.6414228677749634,0.39235183596611023,-0.019012998789548874,0.6623931527137756,0.34372055530548096,0.023770475760102272,0.6692349314689636,0.34721046686172485,0.029869606718420982,0.6772637963294983,0.3298841118812561,0.06057913228869438,0.6402451992034912,0.35134950280189514,0.012242896482348442,0.6465673446655273,0.3654644787311554,0.019476987421512604,0.6602563261985779,0.4505530595779419,-0.005306788720190525,0.6760836243629456,0.4638539254665375,0.04564373195171356,0.6465258598327637,0.4151586890220642,-0.010367062874138355,0.6427684426307678,0.4171866178512573,-0.01328206341713667,0.6540661454200745,0.4341464042663574,-0.007177249528467655,0.6527582406997681,0.43425706028938293,-0.00949166715145111,0.67159104347229,0.3413201570510864,0.03484511747956276,0.6499072909355164,0.414617121219635,-0.008395184762775898,0.6530522704124451,0.3445502817630768,0.01782779023051262,0.6537556648254395,0.3366020619869232,0.019168870523571968,0.6577238440513611,0.3050934672355652,0.039776526391506195,0.6750518083572388,0.3354406952857971,0.046236153692007065,0.6560714840888977,0.3192604184150696,0.029277903959155083,0.6763100028038025,0.3514217436313629,0.04103894531726837,0.679189920425415,0.3498248755931854,0.053737714886665344,0.6408676505088806,0.4309673607349396,-0.02031705342233181,0.6457961201667786,0.4316825866699219,-0.01698836125433445,0.6491939425468445,0.4325030744075775,-0.014130732044577599,0.645134449005127,0.4166058301925659,-0.010112818330526352,0.6533887982368469,0.4342305064201355,-0.008436277508735657,0.6512866616249084,0.43600451946258545,-0.013587245717644691,0.652097225189209,0.4343264400959015,-0.009735656902194023,0.6459750533103943,0.411321222782135,-0.016017936170101166,0.6469897627830505,0.434775173664093,-0.013420297764241695,0.6436817049980164,0.43503469228744507,-0.015398186631500721,0.6395543217658997,0.43552839756011963,-0.01768151856958866,0.6432380080223083,0.4616825580596924,-0.023436544463038445,0.6404821276664734,0.44685468077659607,-0.024417327716946602,0.6404085755348206,0.44292911887168884,-0.023211004212498665,0.6400687098503113,0.43906837701797485,-0.020603233948349953,0.6395800113677979,0.43628111481666565,-0.01952827163040638,0.6469658613204956,0.43504655361175537,-0.01482190378010273,0.6478723287582397,0.4363657236099243,-0.01621505618095398,0.6488850116729736,0.43811219930648804,-0.01820981688797474,0.6496908068656921,0.4400830566883087,-0.018028538674116135,0.656571090221405,0.43537211418151855,-0.008955612778663635,0.679731011390686,0.4255574941635132,0.06760221719741821,0.6493317484855652,0.4346908628940582,-0.012225281447172165,0.650288999080658,0.4352940022945404,-0.013264333829283714,0.641894519329071,0.4197250008583069,-0.015055069699883461,0.6482366323471069,0.4194034934043884,-0.007463126443326473,0.642297625541687,0.41854310035705566,-0.01407950185239315,0.6529135704040527,0.3963831663131714,0.007714907173067331,0.662149965763092,0.40122899413108826,0.010134351439774036,0.6503607034683228,0.4110959470272064,-0.005718063563108444,0.6699317693710327,0.3154500126838684,0.05041636526584625,0.6677172183990479,0.32510972023010254,0.03796226158738136,0.6638817191123962,0.33616572618484497,0.027232268825173378,0.6533973813056946,0.4575731158256531,-0.01575402542948723,0.6416890025138855,0.33925652503967285,0.013552982360124588,0.6432189345359802,0.31754565238952637,0.022459084168076515,0.6438043713569641,0.2995394468307495,0.03141944110393524,0.665320098400116,0.38589632511138916,0.025538278743624687,0.6770435571670532,0.3913145065307617,0.03376195579767227,0.6428692936897278,0.38201621174812317,0.01785379648208618,0.671489417552948,0.36920708417892456,0.033047571778297424,0.6433610916137695,0.3854634463787079,0.0049054729752242565,0.6489760875701904,0.4065588414669037,-0.014477196149528027,0.6828076839447021,0.39696237444877625,0.03929847106337547,0.6748745441436768,0.395651251077652,0.026499377563595772,0.6692204475402832,0.3972212076187134,0.018848326057195663,0.6594019532203674,0.39655131101608276,0.01458721049129963,0.6516308188438416,0.39390093088150024,0.012182965874671936,0.6455462574958801,0.3897911012172699,0.010662938468158245,0.6366291642189026,0.37340664863586426,0.0015432937070727348,0.683647096157074,0.4130305349826813,0.03283834084868431,0.6751256585121155,0.3673754930496216,0.03741009160876274,0.6404508948326111,0.41313862800598145,-0.02393261343240738,0.6473561525344849,0.39755985140800476,0.0013352440437301993,0.6809177398681641,0.38704755902290344,0.07644987106323242,0.6411222815513611,0.38478153944015503,0.010427886620163918,0.6501009464263916,0.4126057028770447,-0.0016557533526793122,0.6687500476837158,0.3783724904060364,0.03234769031405449,0.6481590867042542,0.402243971824646,-0.01153227873146534,0.678432285785675,0.4449913799762726,0.058500565588474274,0.642305314540863,0.37961363792419434,0.020213857293128967,0.644920825958252,0.3962627053260803,-0.015905791893601418,0.672346830368042,0.47228214144706726,0.010396283119916916,0.6702301502227783,0.4848119616508484,0.01628674753010273,0.6842326521873474,0.4194318950176239,0.051141995936632156,0.6771394610404968,0.4647725224494934,0.02206270582973957,0.681130588054657,0.3661128580570221,0.058535344898700714,0.655379593372345,0.48775529861450195,-0.017910925671458244,0.6389192342758179,0.41625913977622986,-0.01907370425760746,0.6518687605857849,0.40374523401260376,0.0023648664355278015,0.6796489953994751,0.38280120491981506,0.04559530317783356,0.660770833492279,0.38399574160575867,0.022966908290982246,0.6563436388969421,0.38481077551841736,0.02054177038371563,0.6522253155708313,0.43683692812919617,-0.012764249928295612,0.6830059885978699,0.42925482988357544,0.0282243974506855,0.6479885578155518,0.4991183876991272,-0.022425483912229538,0.6596862077713013,0.4944113790988922,-0.0052720424719154835,0.6646605134010315,0.49103623628616333,0.0042374939657747746,0.6517042517662048,0.3841950297355652,0.019393516704440117,0.647113561630249,0.3823561668395996,0.019532272592186928,0.6440296769142151,0.3808847665786743,0.020459074527025223,0.6779170036315918,0.366158127784729,0.04418465495109558,0.6473315954208374,0.3753742277622223,0.020199719816446304,0.6519435048103333,0.3739964962005615,0.020910700783133507,0.656248152256012,0.3736936151981354,0.022334694862365723,0.6605088710784912,0.37455806136131287,0.024490654468536377,0.6633396744728088,0.37614038586616516,0.026372548192739487,0.6816893219947815,0.36542391777038574,0.07424388825893402,0.6634531021118164,0.3825879693031311,0.025812190026044846,0.6522625088691711,0.4297299087047577,-0.010860263369977474,0.6471565365791321,0.4136483669281006,-0.01139847096055746,0.6434227824211121,0.4247399568557739,-0.016548648476600647,0.6662898659706116,0.4792848229408264,7.87603494245559e-05,0.6608797311782837,0.48370325565338135,-0.009002878330647945,0.6482290029525757,0.49069347977638245,-0.026366017758846283,0.6735262870788574,0.47693461179733276,0.031182462349534035,0.6438949704170227,0.3776090145111084,0.02037259191274643,0.6413635611534119,0.38488101959228516,-0.0031378271523863077,0.654505729675293,0.4968350827693939,-0.014663491398096085,0.682918906211853,0.4371863603591919,0.043872859328985214,0.6437051892280579,0.435571551322937,-0.017048917710781097,0.644538938999176,0.4377437233924866,-0.018327508121728897,0.6452483534812927,0.44064420461654663,-0.020784780383110046,0.6456906795501709,0.444043904542923,-0.021539928391575813,0.6488611698150635,0.45995402336120605,-0.020126817747950554,0.650557279586792,0.4340590834617615,-0.011154054664075375,0.651673436164856,0.4334142208099365,-0.010568688623607159,0.6526544690132141,0.4325949549674988,-0.00975625030696392,0.6596372127532959,0.4425777792930603,-0.006272345315665007,0.6784911155700684,0.4297342002391815,0.014927675016224384,0.6398292183876038,0.37888073921203613,0.00360964797437191,0.6392995715141296,0.3693923354148865,0.016346948221325874,0.6418429017066956,0.3725077211856842,0.01951952464878559,0.6493891477584839,0.4345957338809967,-0.011320449411869049,0.6773064136505127,0.45033472776412964,0.015933562070131302,0.6355770230293274,0.3664040267467499,0.009162591770291328,0.6514479517936707,0.469498872756958,-0.01956157758831978,0.6380434036254883,0.3800898492336273,-0.005790722090750933,0.645682692527771,0.39686068892478943,-0.0057931579649448395,0.6450051069259644,0.47141343355178833,-0.024834508076310158,0.661296010017395,0.46055692434310913,-0.007427225820720196,0.6550115942955017,0.4188580811023712,-0.0012691892916336656,0.6567022800445557,0.4659876525402069,-0.014074676670134068,0.668292760848999,0.41895759105682373,0.0037354999221861362,0.6610023975372314,0.426799476146698,-0.0022521046921610832,0.672511100769043,0.4329138994216919,0.004698831122368574,0.64714115858078,0.4813295602798462,-0.026381872594356537,0.6478493213653564,0.40242481231689453,-0.003162145847454667,0.6652663350105286,0.4682883024215698,-0.0033380973618477583,0.6595603227615356,0.4739443063735962,-0.011383886449038982,0.665574312210083,0.4527398347854614,-0.0018013432854786515,0.6812976598739624,0.44316503405570984,0.024762406945228577,0.6717079877853394,0.4561487138271332,0.004505480639636517,0.68076092004776,0.45268040895462036,0.035187575966119766,0.6650111079216003,0.4379400312900543,-0.0015386834274977446,0.6442734599113464,0.39113497734069824,-0.000635409785900265,0.6476796269416809,0.4098089337348938,-0.016269972547888756,0.6492793560028076,0.4129754304885864,-0.01170609425753355,0.6463853716850281,0.40304481983184814,-0.01912679709494114,0.6435226202011108,0.3607049286365509,0.01758754998445511,0.6521446704864502,0.3548305332660675,0.01981016993522644,0.659513533115387,0.35369375348091125,0.022260772064328194,0.6656007170677185,0.35567766427993774,0.025889236479997635,0.6697229743003845,0.3607954680919647,0.0296779777854681,0.6720024943351746,0.3790464699268341,0.035086292773485184,0.6843773722648621,0.4020027220249176,0.055921245366334915,0.6695547103881836,0.38960883021354675,0.026533108204603195,0.6648886799812317,0.39111483097076416,0.02157403901219368,0.6581287980079651,0.3919369876384735,0.017582260072231293,0.6511659622192383,0.3904949426651001,0.014824644662439823,0.6454489231109619,0.38726067543029785,0.014514579437673092,0.6416568160057068,0.38370847702026367,0.013855230994522572,0.68000727891922,0.4066440165042877,0.07404052466154099,0.6483960151672363,0.4154433310031891,-0.009955245070159435,0.6428459882736206,0.39037826657295227,-0.00888469722121954,0.6453520059585571,0.40845704078674316,-0.0213564895093441,0.6420930027961731,0.4130963981151581,-0.021452592685818672,0.6446046829223633,0.41093549132347107,-0.019318528473377228,0.6468713879585266,0.4178757071495056,-0.009704899974167347,0.6416343450546265,0.4131792187690735,-0.023088017478585243,0.640236496925354,0.41608601808547974,-0.01849622279405594,0.6406055092811584,0.3786911964416504,0.01860782690346241,0.6387112736701965,0.3784532845020294,0.014066725969314575,0.6377367377281189,0.3779151141643524,0.009889362379908562,0.6651064157485962,0.377547949552536,0.028433391824364662,0.6687842607498169,0.37105807662010193,0.02978266403079033,0.5929834246635437,0.3765645921230316,0.0075232903473079205,0.5996443033218384,0.3762364983558655,0.0075232903473079205,0.592782199382782,0.36857089400291443,0.0075232903473079205,0.5863057374954224,0.3769703507423401,0.0075232903473079205,0.5932095050811768,0.3844646215438843,0.0075232903473079205,0.6521729230880737,0.3787858486175537,0.02318713441491127,0.6584402322769165,0.3787403404712677,0.02318713441491127,0.6521126627922058,0.3706643581390381,0.02318713441491127,0.6459811329841614,0.37879064679145813,0.02318713441491127,0.6522256135940552,0.3866811692714691,0.02318713441491127
966.6666666666671,0.6327426433563232,0.4483662247657776,-0.01984424702823162,0.6410267949104309,0.4180174469947815,-0.03288791701197624,0.6379832625389099,0.4256744682788849,-0.018559280782938004,0.6332519054412842,0.3891589343547821,-0.023924103006720543,0.6413120031356812,0.4094369113445282,-0.034369032829999924,0.6402416229248047,0.3980003893375397,-0.03112042509019375,0.6364953517913818,0.36962106823921204,-0.012529505416750908,0.5854195952415466,0.3619976043701172,0.0034824248868972063,0.6353680491447449,0.3470618426799774,-0.006141736637800932,0.6354700922966003,0.33593958616256714,-0.006044890731573105,0.6351770758628845,0.2968703806400299,0.00476962560787797,0.632662832736969,0.4522543251514435,-0.019328083842992783,0.632472813129425,0.45610904693603516,-0.017594708129763603,0.6323142647743225,0.45882296562194824,-0.014720579609274864,0.6322853565216064,0.4588119685649872,-0.014237085357308388,0.6323836445808411,0.4633815884590149,-0.015074184164404869,0.6323837041854858,0.46912330389022827,-0.01661553420126438,0.6323097348213196,0.4749917685985565,-0.015949629247188568,0.634462833404541,0.4811750054359436,-0.010796968825161457,0.6400047540664673,0.42228299379348755,-0.030094726011157036,0.6323025226593018,0.4216281771659851,-0.022935865446925163,0.5589202046394348,0.3278352618217468,0.030948694795370102,0.6041297912597656,0.3684559762477875,-0.00033846733276732266,0.5980525612831116,0.3687911331653595,-0.0011099564144387841,0.5915977954864502,0.36873194575309753,-0.0004982133395969868,0.581619143486023,0.3650802671909332,0.003387933364138007,0.6089528799057007,0.3673049211502075,0.0015749128069728613,0.5969393253326416,0.3456136882305145,-0.0022251552436500788,0.6037168502807617,0.3471039831638336,-0.0006926993373781443,0.5900794267654419,0.34660446643829346,-0.0016130168223753572,0.5849159955978394,0.3499038815498352,-7.322270789700269e-07,0.5758330225944519,0.3701053559780121,0.005148333963006735,0.6078321933746338,0.49008336663246155,-0.008441020734608173,0.5824601054191589,0.3605463206768036,0.005184590816497803,0.5534088015556335,0.36429211497306824,0.02858532778918743,0.5680415630340576,0.3643735647201538,0.010575225576758385,0.6017528772354126,0.40638870000839233,-0.009822347201406956,0.6252014636993408,0.4463889002799988,-0.020457560196518898,0.6255784034729004,0.45569196343421936,-0.018080228939652443,0.6173834800720215,0.4500121474266052,-0.018793942406773567,0.6117095351219177,0.45357173681259155,-0.015744611620903015,0.6193554401397705,0.4563901722431183,-0.017074665054678917,0.6141015887260437,0.4573751986026764,-0.014071647077798843,0.6035059690475464,0.4620266258716583,-0.008804336190223694,0.6355672478675842,0.41755107045173645,-0.0331033356487751,0.6348447203636169,0.40923139452934265,-0.03450426086783409,0.5770549774169922,0.34322813153266907,0.001294406014494598,0.6148922443389893,0.38578489422798157,-0.007021790370345116,0.6172619462013245,0.41343146562576294,-0.0206705741584301,0.61630779504776,0.408653199672699,-0.01869060844182968,0.580200731754303,0.4037995934486389,-0.005811720155179501,0.6342218518257141,0.39855366945266724,-0.03039843775331974,0.5956684947013855,0.3349911868572235,-0.005244573578238487,0.5853097438812256,0.3372620940208435,-0.0025074295699596405,0.5676934719085693,0.3134111166000366,0.022023329511284828,0.6226430535316467,0.34531715512275696,-0.006086082197725773,0.6090944409370422,0.3508002758026123,0.0018939445726573467,0.5990423560142517,0.45326071977615356,-0.007892992347478867,0.5539852976799011,0.44570648670196533,0.037533923983573914,0.6218442916870117,0.41854506731033325,-0.017928922548890114,0.6270512342453003,0.4215335547924042,-0.01776847429573536,0.6043205261230469,0.4589162766933441,-0.00797851663082838,0.6058498024940491,0.45886674523353577,-0.009026222862303257,0.5821661949157715,0.3317394256591797,0.00045797397615388036,0.6162605881690979,0.4168986678123474,-0.017648398876190186,0.6080016493797302,0.3371557295322418,-0.006573226302862167,0.6077157855033875,0.32999831438064575,-0.007312075234949589,0.5972083806991577,0.2970331907272339,0.005728393327444792,0.573923647403717,0.3218393921852112,0.009617138653993607,0.6016076803207397,0.3126876950263977,-0.0012243144446983933,0.5727070569992065,0.3392353057861328,0.00626336969435215,0.5652465224266052,0.33327943086624146,0.017870696261525154,0.6252641081809998,0.45140939950942993,-0.02000275067985058,0.6183555722236633,0.4534008204936981,-0.01826140470802784,0.6128563284873962,0.455528199672699,-0.015437563881278038,0.6230237483978271,0.4201467037200928,-0.01640504039824009,0.6051112413406372,0.4589080214500427,-0.00850783009082079,0.6084698438644409,0.4609968066215515,-0.011441954411566257,0.6067091822624207,0.4588441848754883,-0.009106791578233242,0.6262558698654175,0.41668736934661865,-0.02571716159582138,0.6150531768798828,0.4586390256881714,-0.01285626832395792,0.6201623678207397,0.45830854773521423,-0.014476312324404716,0.6259587407112122,0.45831403136253357,-0.015407999977469444,0.6251533627510071,0.4801475405693054,-0.011936173774302006,0.6243802905082703,0.4740067422389984,-0.017010759562253952,0.6246907114982605,0.4681653380393982,-0.01753537729382515,0.6251954436302185,0.4625362753868103,-0.015837369486689568,0.6258347630500793,0.45837628841400146,-0.014932123944163322,0.6148825287818909,0.4584968388080597,-0.012445959262549877,0.6137174963951111,0.4604465663433075,-0.013338877819478512,0.6123418211936951,0.4632415771484375,-0.014509542845189571,0.6112251281738281,0.4664245545864105,-0.01391665916889906,0.6079980134963989,0.4382263720035553,-0.01405277382582426,0.5472601652145386,0.4009716212749481,0.04878629744052887,0.6389666199684143,0.4241214990615845,-0.022511400282382965,0.6109524369239807,0.45868203043937683,-0.010552240535616875,0.6097790002822876,0.45972397923469543,-0.01121031865477562,0.6292775869369507,0.4248673915863037,-0.01824263669550419,0.617562472820282,0.42187756299972534,-0.013115485198795795,0.6282066106796265,0.42329904437065125,-0.018106035888195038,0.6078022718429565,0.39002811908721924,-0.006610479671508074,0.5967918634414673,0.3948974907398224,-0.0070101129822432995,0.6146367788314819,0.4121537506580353,-0.015740443021059036,0.5797575116157532,0.3027752935886383,0.012904110364615917,0.5853333473205566,0.314531147480011,0.003505514934659004,0.594111979007721,0.3281225264072418,-0.0038535476196557283,0.6087175607681274,0.4688609838485718,-0.01092721801251173,0.6220606565475464,0.33381184935569763,-0.007693387567996979,0.617743968963623,0.3142591118812561,-0.0027583548799157143,0.6151597499847412,0.29560142755508423,0.0029355266597121954,0.5854254961013794,0.36763566732406616,0.0012442473089322448,0.5677270293235779,0.3756985068321228,0.006832932122051716,0.6120724081993103,0.3657161295413971,0.0031083025969564915,0.5772160291671753,0.3539726138114929,0.003878374584019184,0.6199142932891846,0.3808523416519165,-0.008045254275202751,0.6221243739128113,0.41106218099594116,-0.025696363300085068,0.5605713725090027,0.3811575770378113,0.011288774199783802,0.5728177428245544,0.38138458132743835,0.0013400180032476783,0.5821002721786499,0.38463377952575684,-0.0030177542939782143,0.5952997207641602,0.3840671181678772,-0.003608499187976122,0.6046749949455261,0.3812711536884308,-0.003012650879099965,0.6116200685501099,0.3779265582561493,-0.0030928305350244045,0.6301331520080566,0.3710319399833679,-0.011464433744549751,0.5613082647323608,0.3992863893508911,0.007947786711156368,0.5719372630119324,0.3529377281665802,0.005910070613026619,0.6365856528282166,0.42182841897010803,-0.030369428917765617,0.6163401007652283,0.3947247564792633,-0.01025234442204237,0.5488258600234985,0.3631765842437744,0.04794570803642273,0.6171427965164185,0.37387117743492126,-0.0026123428251594305,0.6131888628005981,0.4123293459415436,-0.009764336049556732,0.5792068243026733,0.36044439673423767,0.005758141167461872,0.6211938261985779,0.40520745515823364,-0.02311130240559578,0.548882246017456,0.4224048852920532,0.04460887610912323,0.6113543510437012,0.3630647659301758,0.004918619524687529,0.6276392340660095,0.40091225504875183,-0.027923857793211937,0.5743327736854553,0.469270795583725,0.008480856195092201,0.5712376236915588,0.47964292764663696,0.01763659343123436,0.551023006439209,0.4003532826900482,0.028009256348013878,0.564708411693573,0.456282377243042,0.014712660573422909,0.5590577721595764,0.34754034876823425,0.024960219860076904,0.6052463054656982,0.49923059344291687,-0.006076114252209663,0.6362831592559814,0.42367857694625854,-0.022457972168922424,0.6100541353225708,0.4003237783908844,-0.009286032058298588,0.5614398717880249,0.36559516191482544,0.015376291237771511,0.592993438243866,0.3631097674369812,0.000770127575378865,0.5985932350158691,0.36331039667129517,0.00011982632713625208,0.6072268486022949,0.46256646513938904,-0.010893963277339935,0.5618405342102051,0.4166854918003082,0.008618381805717945,0.6171151399612427,0.512080192565918,-0.00381200248375535,0.5934797525405884,0.5001676678657532,0.0051227896474301815,0.5831141471862793,0.49196064472198486,0.010500307194888592,0.635324239730835,0.3164771497249603,-0.00119537313003093,0.6317662596702576,0.5134572982788086,-0.0033899592235684395,0.6033874154090881,0.3632880449295044,0.0008951245108619332,0.607522189617157,0.3630389869213104,0.0026243494357913733,0.6101051568984985,0.3631027340888977,0.004456212744116783,0.5664095282554626,0.3509226143360138,0.011461584828794003,0.6069050431251526,0.3579495847225189,0.002214988926425576,0.6022579669952393,0.35566553473472595,0.0005390548030845821,0.5972960591316223,0.35483065247535706,-0.00015650017303414643,0.5915859341621399,0.3556710183620453,0.00022654490021523088,0.5873757600784302,0.35755231976509094,0.0015415340894833207,0.5529259443283081,0.3435607850551605,0.040813229978084564,0.5887246131896973,0.3626920282840729,0.0020906352438032627,0.6377297639846802,0.4310457110404968,-0.01758064329624176,0.6148369312286377,0.43359658122062683,-0.01571667194366455,0.6222374439239502,0.41734182834625244,-0.019790615886449814,0.6284701824188232,0.4311235249042511,-0.018584715202450752,0.6353750824928284,0.35820242762565613,-0.006990022026002407,0.5844289064407349,0.4811798930168152,0.003959345165640116,0.5941215753555298,0.4904955327510834,-0.0007517056073993444,0.6184760332107544,0.5054158568382263,-0.010166666470468044,0.5618933439254761,0.46514061093330383,0.027433307841420174,0.6099108457565308,0.36111143231391907,0.0037956510204821825,0.6262979507446289,0.38434717059135437,-0.015473526902496815,0.6330543756484985,0.5069929957389832,-0.009409934282302856,0.6046735644340515,0.5071696043014526,-0.0006369744660332799,0.5524518489837646,0.41982501745224,0.025848668068647385,0.6199804544448853,0.4582853615283966,-0.014041864313185215,0.6188300251960754,0.4614841938018799,-0.015004325658082962,0.6178321242332458,0.46579650044441223,-0.01637975685298443,0.6171704530715942,0.4708709716796875,-0.015962019562721252,0.6158174276351929,0.4754236936569214,-0.012592608109116554,0.6096712946891785,0.45820289850234985,-0.011555716395378113,0.6083666086196899,0.457413911819458,-0.011919747106730938,0.6072863936424255,0.45646071434020996,-0.012107199989259243,0.602569580078125,0.4449612498283386,-0.011261802166700363,0.5734262466430664,0.4220534563064575,-0.0018560773460194468,0.6251049637794495,0.3753606975078583,-0.009261400438845158,0.6187200546264648,0.35740047693252563,0.002255069324746728,0.6136279702186584,0.35772889852523804,0.0036104731261730194,0.6110318899154663,0.4588627815246582,-0.010767380706965923,0.5707394480705261,0.44343870878219604,0.005276834592223167,0.6259291172027588,0.3578791320323944,-0.00439551193267107,0.6113718748092651,0.4820556640625,-0.010005004703998566,0.6389032602310181,0.38831964135169983,-0.024728121235966682,0.631637454032898,0.3806050419807434,-0.018106194213032722,0.6377089619636536,0.3793422281742096,-0.01840798743069172,0.621834933757782,0.39740532636642456,-0.01707298494875431,0.633751392364502,0.4981427788734436,-0.011619238182902336,0.6340567469596863,0.4887021481990814,-0.010753655806183815,0.6227749586105347,0.4875665009021759,-0.011259590275585651,0.5959924459457397,0.4647190570831299,-0.006048452574759722,0.6070728302001953,0.41846588253974915,-0.00986785814166069,0.6025895476341248,0.4744383692741394,-0.00803929939866066,0.5908994674682617,0.4158812165260315,-0.009866864420473576,0.6007296442985535,0.42658087611198425,-0.010833356529474258,0.5844261050224304,0.42944401502609253,-0.00702698016539216,0.6204150915145874,0.4966573119163513,-0.012093146331608295,0.617261528968811,0.40177467465400696,-0.013843884691596031,0.5887418389320374,0.4711899161338806,-0.0017364004161208868,0.597733736038208,0.4813554883003235,-0.004359034821391106,0.5912512540817261,0.4534209966659546,-0.0060454485937952995,0.5630757808685303,0.4319087266921997,0.009957980364561081,0.5807323455810547,0.4542991518974304,-0.0013949621934443712,0.556369960308075,0.4385034143924713,0.02222597226500511,0.5951988697052002,0.43759456276893616,-0.009693264961242676,0.6213095784187317,0.389373779296875,-0.012630278244614601,0.6244339346885681,0.4151459038257599,-0.026934273540973663,0.6194155216217041,0.41642826795578003,-0.021070752292871475,0.6283131241798401,0.4099418818950653,-0.030655719339847565,0.6149101257324219,0.3497045338153839,0.00018586903752293438,0.605543315410614,0.3434266746044159,-0.0022017662413418293,0.5965690612792969,0.3413431644439697,-0.003293192246928811,0.5882774591445923,0.3425559997558594,-0.0025305079761892557,0.5815963745117188,0.3468208312988281,-4.7317509597633034e-05,0.5745905637741089,0.36250823736190796,0.0073470743373036385,0.5511959791183472,0.3820033371448517,0.02825314924120903,0.5797451734542847,0.37358522415161133,0.0022924435324966908,0.5872862935066223,0.3758675754070282,-0.0004404050123412162,0.5963597893714905,0.3759961426258087,-0.0015708234859630466,0.604439914226532,0.3745749294757843,-0.0010249512270092964,0.6104761362075806,0.3725336790084839,0.0002548825868871063,0.6148952841758728,0.37029901146888733,0.000852778903208673,0.5475788712501526,0.38178732991218567,0.05025999993085861,0.6190040111541748,0.41848239302635193,-0.01821186952292919,0.6274658441543579,0.39243945479393005,-0.020889848470687866,0.6301187872886658,0.4162668287754059,-0.030874717980623245,0.6325445771217346,0.4203410744667053,-0.028179435059428215,0.629351019859314,0.4175158441066742,-0.02808682806789875,0.6201454997062683,0.4210202097892761,-0.016001729294657707,0.6342594623565674,0.42123138904571533,-0.029651060700416565,0.6339870095252991,0.4230377674102783,-0.0226943027228117,0.6143471598625183,0.36339786648750305,0.004547875840216875,0.618665874004364,0.3659425973892212,0.0013612877810373902,0.6216242909431458,0.3676362931728363,-0.002840968081727624,0.5846570134162903,0.35922056436538696,0.0030552023090422153,0.58074951171875,0.3545684516429901,0.002751152263954282,0.643684983253479,0.3896220624446869,-0.021630367264151573,0.6697648167610168,0.36451807618141174,0.01995266228914261,0.6446956992149353,0.422311007976532,-0.021154871210455894,0.6866954565048218,0.33668676018714905,0.056074511259794235,0.6550144553184509,0.3698914647102356,0.010297974571585655,0.6602658629417419,0.3706507086753845,0.011666545644402504,0.6654332280158997,0.37128740549087524,0.014307142235338688,0.672135055065155,0.36832520365715027,0.02084781415760517,0.6506156325340271,0.3685204088687897,0.009913095273077488,0.6636857390403748,0.3513794243335724,0.010964663699269295,0.657629668712616,0.3516428470611572,0.009690891019999981,0.6690121293067932,0.3528527021408081,0.013742951676249504,0.6722257137298584,0.35585206747055054,0.01661609299480915,0.676645040512085,0.3746764361858368,0.023912619799375534,0.6539256572723389,0.4895993173122406,-0.000698027026373893,0.6718078851699829,0.3633406162261963,0.022385070100426674,0.6903178691864014,0.3721277117729187,0.05442322790622711,0.6817622184753418,0.3699365556240082,0.03162451088428497,0.6638180017471313,0.40887320041656494,0.0007752386736683547,0.6400148272514343,0.44702550768852234,-0.01751834712922573,0.6389653086662292,0.45615991950035095,-0.015414715744554996,0.6467889547348022,0.45109349489212036,-0.012826875783503056,0.6513453125953674,0.45496171712875366,-0.007591998670250177,0.6443885564804077,0.45724374055862427,-0.011866878718137741,0.6487807035446167,0.4585539996623993,-0.007149623706936836,0.6594167947769165,0.4629051387310028,0.0014954585349187255,0.6457411050796509,0.4180845618247986,-0.031586889177560806,0.6467061042785645,0.40977779030799866,-0.03272886946797371,0.6795267462730408,0.3510300815105438,0.020826028659939766,0.6520193815231323,0.3875995874404907,3.872111847158521e-06,0.6560654640197754,0.41473057866096497,-0.0139536801725626,0.6557888984680176,0.4099126160144806,-0.011789469048380852,0.6793693900108337,0.40813565254211426,0.011773625388741493,0.645469605922699,0.3989795446395874,-0.028126327320933342,0.6680712103843689,0.34302085638046265,0.00788080133497715,0.6750392913818359,0.3455863893032074,0.014184716157615185,0.6831299662590027,0.3223266005516052,0.044539451599121094,0.6454530358314514,0.34905052185058594,-0.0019514745799824595,0.6522307395935059,0.3540482521057129,0.010372938588261604,0.6634645462036133,0.45449256896972656,0.004372494760900736,0.6826488375663757,0.44838380813598633,0.06092352420091629,0.651557981967926,0.41959434747695923,-0.012776397168636322,0.6470922827720642,0.4221750795841217,-0.015210784040391445,0.6570919156074524,0.46068304777145386,0.0027746022678911686,0.6556501984596252,0.460531622171402,0.0004982960526831448,0.6774914264678955,0.3404393196105957,0.018461106345057487,0.6554178595542908,0.41800573468208313,-0.011034134775400162,0.6584727764129639,0.34357503056526184,0.0024349354207515717,0.6596658825874329,0.33688461780548096,0.0020652501843869686,0.6660611629486084,0.3033369481563568,0.018394559621810913,0.68161541223526,0.3306654095649719,0.029758010059595108,0.6637110114097595,0.3189133405685425,0.009708349592983723,0.682217001914978,0.3474315404891968,0.027348430827260017,0.6857260465621948,0.34217071533203125,0.040760237723588943,0.6396715641021729,0.4519882798194885,-0.01712515763938427,0.6456542611122131,0.4544065296649933,-0.012649128213524818,0.6501768827438354,0.4568031430244446,-0.007952837273478508,0.649976909160614,0.420927494764328,-0.012331068515777588,0.6563476920127869,0.46063104271888733,0.0014788315165787935,0.653551459312439,0.4623180031776428,-0.0028538000769913197,0.6548163294792175,0.4604450464248657,0.0001889654522528872,0.650367796421051,0.4180048704147339,-0.02113976888358593,0.6475839614868164,0.45971038937568665,-0.0062327212654054165,0.6432865262031555,0.4590776860713959,-0.009539758786559105,0.6382318735122681,0.4587348699569702,-0.012648999691009521,0.6422351598739624,0.4803560972213745,-0.009293618611991405,0.639866828918457,0.4743931293487549,-0.014009317383170128,0.6396686434745789,0.46849387884140015,-0.01438375748693943,0.6391336917877197,0.4628530740737915,-0.012711855582892895,0.6383286714553833,0.45862874388694763,-0.012022832408547401,0.6477407813072205,0.45927685499191284,-0.005793839693069458,0.6490730047225952,0.4613566994667053,-0.006621694192290306,0.650435209274292,0.4642068147659302,-0.007610657252371311,0.6515086889266968,0.467462956905365,-0.006569435819983482,0.6595713496208191,0.43935707211494446,-0.004743970464915037,0.6879104971885681,0.4071348011493683,0.07490116357803345,0.6509760618209839,0.45980462431907654,-0.002326110377907753,0.6522531509399414,0.4609517753124237,-0.002910786774009466,0.6453031897544861,0.4252846837043762,-0.015780724585056305,0.6530190110206604,0.4226013123989105,-0.007882659323513508,0.6462174654006958,0.42385366559028625,-0.01565498299896717,0.6576022505760193,0.3923834562301636,0.0026749258395284414,0.6667976379394531,0.39817512035369873,0.005453013349324465,0.656043529510498,0.4133754074573517,-0.008593249134719372,0.676977813243866,0.31105196475982666,0.0312302615493536,0.6747212409973145,0.3228176236152649,0.01956361159682274,0.669876754283905,0.33642852306365967,0.01020800694823265,0.655237078666687,0.46940237283706665,-0.0023835133761167526,0.6475451588630676,0.33864453434944153,-0.00310096750035882,0.6509209275245667,0.31753629446029663,0.002890922361984849,0.6527159810066223,0.29904335737228394,0.009297406300902367,0.669671893119812,0.37057578563690186,0.017779596149921417,0.682155191898346,0.38101598620414734,0.02775384671986103,0.6478021740913391,0.3669276833534241,0.010575872845947742,0.6770768165588379,0.3597484827041626,0.022831866517663002,0.6482957005500793,0.3823379874229431,-0.002445962280035019,0.6538296937942505,0.41242095828056335,-0.020274296402931213,0.6900507211685181,0.3878839612007141,0.03500483185052872,0.6794053912162781,0.3866403102874756,0.021029865369200706,0.6732065677642822,0.38943594694137573,0.013630867935717106,0.663051187992096,0.38748541474342346,0.00899310503154993,0.655501127243042,0.38355186581611633,0.006529102101922035,0.6501052975654602,0.3798132836818695,0.004143829923123121,0.6417132019996643,0.3717528283596039,-0.009170258417725563,0.6903663277626038,0.4051029086112976,0.03151044249534607,0.6809278130531311,0.3595302700996399,0.026806501671671867,0.6429926753044128,0.42219090461730957,-0.029155664145946503,0.6523422598838806,0.396196186542511,-0.0034397924318909645,0.6882254481315613,0.3708193302154541,0.07492747902870178,0.6461038589477539,0.3756336569786072,0.0029468082357198,0.6557530760765076,0.41352003812789917,-0.0027869888581335545,0.6740580201148987,0.3640647232532501,0.023773539811372757,0.6532981991767883,0.40637823939323425,-0.01763010583817959,0.6865606307983398,0.4271313548088074,0.06964744627475739,0.6477066874504089,0.3641056716442108,0.012756207957863808,0.6495960354804993,0.40179428458213806,-0.023911386728286743,0.6751584410667419,0.46949464082717896,0.025949256494641304,0.6727524399757385,0.4788135886192322,0.03534073382616043,0.6924786567687988,0.40673327445983887,0.05376548692584038,0.681300699710846,0.4579380750656128,0.03534557670354843,0.688103437423706,0.355908066034317,0.04956604912877083,0.6548673510551453,0.4981206953525543,0.0022233629133552313,0.6414766907691956,0.42393413186073303,-0.021726740524172783,0.6569570302963257,0.4021705985069275,-0.0009580001933500171,0.685165524482727,0.37199321389198303,0.03862513229250908,0.6645471453666687,0.3653028905391693,0.015222793444991112,0.6600922346115112,0.36518362164497375,0.012936865910887718,0.654695451259613,0.463917076587677,-0.0017142256256192923,0.6888872385025024,0.4215211272239685,0.03131049871444702,0.6443214416503906,0.5111061334609985,0.0007512462907470763,0.6597682237625122,0.4982086420059204,0.01650061272084713,0.6658404469490051,0.49011552333831787,0.024858450517058372,0.6557021737098694,0.36471208930015564,0.011855081655085087,0.6515407562255859,0.3642047047615051,0.012020368129014969,0.648902952671051,0.3642425239086151,0.012906470336019993,0.683925986289978,0.35811296105384827,0.033942803740501404,0.6526196002960205,0.35962554812431335,0.011842950247228146,0.6573097705841064,0.3579440116882324,0.011669839732348919,0.6620053052902222,0.35770899057388306,0.012827335856854916,0.666446328163147,0.35897624492645264,0.0150080481544137,0.6691179275512695,0.360853374004364,0.01730518788099289,0.6882796883583069,0.35195744037628174,0.06727514415979385,0.6675662994384766,0.36504217982292175,0.017808444797992706,0.6553817987442017,0.4344531297683716,-0.008562983013689518,0.6520614624023438,0.41860467195510864,-0.015043121762573719,0.6458755731582642,0.43161845207214355,-0.015626506879925728,0.6683815717697144,0.4805316925048828,0.018150651827454567,0.6618511080741882,0.4892432987689972,0.010518021881580353,0.645432710647583,0.5048044919967651,-0.005678222049027681,0.6778411865234375,0.4658604860305786,0.048466116189956665,0.6493285298347473,0.3622821271419525,0.012398524209856987,0.646190881729126,0.38534805178642273,-0.011681148782372475,0.6530426740646362,0.5055180191993713,0.0077585382387042046,0.6905955076217651,0.42486771941185,0.050500597804784775,0.6434819102287292,0.4587843120098114,-0.008945015259087086,0.6447864174842834,0.46205633878707886,-0.009697035886347294,0.6458026766777039,0.46641185879707336,-0.010872927494347095,0.6464864015579224,0.4715956449508667,-0.010265548713505268,0.6496857404708862,0.47578147053718567,-0.006275590974837542,0.6523930430412292,0.45961788296699524,-0.0029289978556334972,0.6536951065063477,0.4588858485221863,-0.0025633403565734625,0.6547619104385376,0.45799848437309265,-0.002155967755243182,0.6624863147735596,0.44626137614250183,0.0001665041345404461,0.6824494004249573,0.42594507336616516,0.017290232703089714,0.6448843479156494,0.3765459954738617,-0.005383978132158518,0.6445865035057068,0.3592527210712433,0.007294127717614174,0.647426187992096,0.35959282517433167,0.01077195256948471,0.6509360671043396,0.46020564436912537,-0.0025403269100934267,0.6809871792793274,0.4459083378314972,0.024720562621951103,0.6410664916038513,0.3599490225315094,-0.0015306907007470727,0.6516789197921753,0.48186251521110535,-0.003221747698262334,0.6428220868110657,0.3811831474304199,-0.016110066324472427,0.650528073310852,0.3985653817653656,-0.012063278816640377,0.6432880759239197,0.4874216914176941,-0.008045685477554798,0.6639580726623535,0.46540120244026184,0.005667823366820812,0.6600967645645142,0.42000335454940796,-0.001024214318022132,0.6584183573722839,0.4744443893432617,0.0013002012856304646,0.6719920635223389,0.41899174451828003,0.0037384990137070417,0.664638340473175,0.42855730652809143,0.0001690039352979511,0.675430417060852,0.43236398696899414,0.008550126105546951,0.644844114780426,0.49636292457580566,-0.007887300103902817,0.653070330619812,0.4030035138130188,-0.007532890886068344,0.6678009033203125,0.4713565409183502,0.011680732481181622,0.6609658598899841,0.4808070659637451,0.006007967982441187,0.6685775518417358,0.45488154888153076,0.00808127224445343,0.6863468289375305,0.4356153607368469,0.03174063563346863,0.6746538877487183,0.45571163296699524,0.014947343617677689,0.6870096921920776,0.44195833802223206,0.04566127806901932,0.6677596569061279,0.43962177634239197,0.0033382095862179995,0.64918053150177,0.3906315863132477,-0.007242970168590546,0.6523002982139587,0.41647961735725403,-0.021990304812788963,0.6544637084007263,0.41771426796913147,-0.01537260040640831,0.6507670283317566,0.41091758012771606,-0.02656727284193039,0.6489877700805664,0.3528832197189331,0.007045828737318516,0.6578418612480164,0.34877368807792664,0.0076246121898293495,0.6655376553535461,0.34814009070396423,0.009520330466330051,0.6716989874839783,0.3498512804508209,0.013198360800743103,0.6755210161209106,0.353740930557251,0.017619477584958076,0.6773756146430969,0.36708298325538635,0.02660500258207321,0.6922603845596313,0.3892946243286133,0.05472264438867569,0.6740468144416809,0.3777444362640381,0.01995539665222168,0.6688733696937561,0.37950611114501953,0.014943397603929043,0.6617221832275391,0.37858137488365173,0.011065222322940826,0.6549912691116333,0.3763052523136139,0.008862453512847424,0.6499631404876709,0.373939573764801,0.0076905773021280766,0.646551251411438,0.37165018916130066,0.006890429649502039,0.6878150701522827,0.3887809216976166,0.07716009020805359,0.653632402420044,0.41953137516975403,-0.012631511315703392,0.6475241184234619,0.3933115005493164,-0.016955392435193062,0.6493436694145203,0.4172050952911377,-0.027740241959691048,0.645648717880249,0.4210832715034485,-0.026356535032391548,0.6486828327178955,0.41862910985946655,-0.024859817698597908,0.6517210602760315,0.421756386756897,-0.01130592543631792,0.6447238326072693,0.4218024015426636,-0.02817152999341488,0.6433685421943665,0.4234269857406616,-0.021417878568172455,0.6460660696029663,0.36462777853012085,0.011044072918593884,0.6438828110694885,0.36732447147369385,0.006077035330235958,0.643005907535553,0.36937037110328674,0.0010264464654028416,0.6706882119178772,0.3623097538948059,0.019550234079360962,0.6742349863052368,0.35947197675704956,0.020377710461616516,0.6028165221214294,0.3594934046268463,0.0022348992060869932,0.6075295805931091,0.35965675115585327,0.0022348992060869932,0.6021589636802673,0.35341885685920715,0.0022348992060869932,0.597892701625824,0.3593074381351471,0.0022348992060869932,0.6033990383148193,0.36572015285491943,0.0022348992060869932,0.6568363904953003,0.3604831397533417,0.014902881346642971,0.6624055504798889,0.3605499565601349,0.014902881346642971,0.6568950414657593,0.3537396192550659,0.014902881346642971,0.6514613032341003,0.3604104816913605,0.014902881346642971,0.6568058133125305,0.3670900762081146,0.014902881346642971
1000.0000000000005,0.6428527235984802,0.45812109112739563,-0.014227409847080708,0.6517145037651062,0.4359778165817261,-0.031887222081422806,0.6481155157089233,0.44299566745758057,-0.015617775730788708,0.645066499710083,0.4126356542110443,-0.02735314331948757,0.6523557305335999,0.42848721146583557,-0.0344809852540493,0.651752769947052,0.41922494769096375,-0.03293128311634064,0.6484948396682739,0.3968951404094696,-0.020039327442646027,0.5960773229598999,0.3978680670261383,-0.004486312624067068,0.6474481821060181,0.38307324051856995,-0.018059901893138885,0.6476925611495972,0.3734351694583893,-0.020293671637773514,0.6467522978782654,0.3272430896759033,-0.017765168100595474,0.6427555084228516,0.4622920751571655,-0.013284064829349518,0.6424897313117981,0.46661221981048584,-0.011203233152627945,0.6422117948532104,0.4694042205810547,-0.008287693373858929,0.642166256904602,0.46943238377571106,-0.005724137183278799,0.6422690153121948,0.47354307770729065,-0.006197487469762564,0.6422101855278015,0.478429913520813,-0.006696375086903572,0.6419968008995056,0.4833928346633911,-0.004622333683073521,0.6428262591362,0.49648311734199524,0.002682168735191226,0.6505252122879028,0.4399006962776184,-0.028550388291478157,0.6433776021003723,0.43953728675842285,-0.02111796662211418,0.567695677280426,0.36232686042785645,0.014986732974648476,0.6156566739082336,0.4037637412548065,-0.0067897578701376915,0.6085862517356873,0.40432310104370117,-0.007543373852968216,0.6018257141113281,0.4035329520702362,-0.007106506731361151,0.593127965927124,0.39952367544174194,-0.003978786990046501,0.6216334700584412,0.4018433094024658,-0.005371609702706337,0.6064216494560242,0.38477975130081177,-0.012107165530323982,0.6141402721405029,0.3858647346496582,-0.010562026873230934,0.5990051031112671,0.3854101300239563,-0.011267442256212234,0.5940627455711365,0.38776153326034546,-0.009307876229286194,0.587509036064148,0.4028974175453186,-0.0015819151885807514,0.617169201374054,0.506503164768219,0.0064722090028226376,0.5938150882720947,0.39605066180229187,-0.0032784179784357548,0.5675337910652161,0.395812451839447,0.02059086225926876,0.58027184009552,0.3983239233493805,0.0023748765233904123,0.6130778789520264,0.429433137178421,-0.009380168281495571,0.6349636912345886,0.4560909569263458,-0.015099945478141308,0.6352283358573914,0.4659697115421295,-0.011807214468717575,0.6268037557601929,0.4587787985801697,-0.012893889099359512,0.6213154792785645,0.4613132178783417,-0.008938835002481937,0.6288112998008728,0.46566250920295715,-0.010574144311249256,0.623753547668457,0.4656005799770355,-0.00676687341183424,0.6123645901679993,0.4773131012916565,0.0019515225430950522,0.6464945077896118,0.435674786567688,-0.03217194974422455,0.646226704120636,0.4285411834716797,-0.034742649644613266,0.5840854048728943,0.3799668550491333,-0.011305133812129498,0.6262293457984924,0.41183996200561523,-0.010555081069469452,0.6284906268119812,0.43286821246147156,-0.020161455497145653,0.6276222467422485,0.4290544390678406,-0.01864824816584587,0.5925490260124207,0.4284151494503021,-0.0062305377796292305,0.645848274230957,0.4199146330356598,-0.03223535418510437,0.6006640791893005,0.3734085261821747,-0.019225455820560455,0.5908253788948059,0.3751695454120636,-0.016402125358581543,0.5760542154312134,0.34892550110816956,0.003155559068545699,0.6316802501678467,0.3809196949005127,-0.018844014033675194,0.620789110660553,0.38869404792785645,-0.007425181567668915,0.6077403426170349,0.4687049090862274,0.0008339724154211581,0.5696779489517212,0.466530442237854,0.045945871621370316,0.6328089237213135,0.43729081749916077,-0.01643940433859825,0.6379320621490479,0.4396202564239502,-0.015684273093938828,0.6145853400230408,0.4653623402118683,0.0010812944965437055,0.6161243319511414,0.465640127658844,0.00014081993140280247,0.5872392058372498,0.3705224394798279,-0.014591985382139683,0.6272404193878174,0.43573427200317383,-0.016445277258753777,0.6139382719993591,0.374958872795105,-0.020039580762386322,0.6129974126815796,0.36917364597320557,-0.02206180803477764,0.6074970364570618,0.3303220570087433,-0.016360722482204437,0.5848938226699829,0.3592708110809326,-0.007148315664380789,0.614564836025238,0.3483726978302002,-0.019403262063860893,0.580289363861084,0.37709540128707886,-0.007374411448836327,0.5759724974632263,0.36958062648773193,0.0031136726029217243,0.6349559426307678,0.4613473415374756,-0.014155453070998192,0.6277928352355957,0.4623708128929138,-0.011966623365879059,0.6224862933158875,0.4634649157524109,-0.008292753249406815,0.6339646577835083,0.4385722279548645,-0.014832391403615475,0.6153815984725952,0.4655032455921173,0.0006140376208350062,0.6187184453010559,0.46825510263442993,-0.0013692356878891587,0.6168913245201111,0.46580398082733154,6.509330705739558e-05,0.6374285221099854,0.43533390760421753,-0.02506200596690178,0.6247669458389282,0.4671365022659302,-0.005493189208209515,0.6297178268432617,0.4678676426410675,-0.007824281230568886,0.6356122493743896,0.46871092915534973,-0.0090863648802042,0.6336285471916199,0.49553975462913513,0.001407040748745203,0.634293794631958,0.4820776581764221,-0.005953988991677761,0.6346659064292908,0.4771463871002197,-0.007715563755482435,0.6351351141929626,0.4724351167678833,-0.007103887852281332,0.6356064081192017,0.46873101592063904,-0.006603982299566269,0.6248022317886353,0.4672091007232666,-0.0034856859128922224,0.6238424777984619,0.4687933921813965,-0.003941247705370188,0.6226425766944885,0.47107699513435364,-0.0042900098487734795,0.6216637492179871,0.47378671169281006,-0.003055023727938533,0.6170904636383057,0.4553928077220917,-0.008173574693500996,0.56209796667099,0.42923107743263245,0.04909545183181763,0.6493931412696838,0.44159290194511414,-0.02029488794505596,0.6210645437240601,0.4665716588497162,-0.0011722020572051406,0.6199379563331604,0.46731656789779663,-0.001432700315490365,0.6397886872291565,0.44253963232040405,-0.015284771099686623,0.6283122301101685,0.440021812915802,-0.010779710486531258,0.638928234577179,0.441115140914917,-0.015720391646027565,0.6191517114639282,0.4155784547328949,-0.00927573163062334,0.6084226965904236,0.42016127705574036,-0.009038089774549007,0.6256921887397766,0.43208548426628113,-0.015024450607597828,0.5891122817993164,0.3379136025905609,-0.007981200702488422,0.5975329875946045,0.3518655300140381,-0.014267615973949432,0.5984162092208862,0.3677990734577179,-0.01905265636742115,0.6176496744155884,0.48418790102005005,0.0011274289572611451,0.6298918128013611,0.37191763520240784,-0.022327179089188576,0.6303650140762329,0.347332626581192,-0.02093535102903843,0.6260116100311279,0.32703202962875366,-0.019367754459381104,0.5962083339691162,0.40207234025001526,-0.0055926525965332985,0.5802757740020752,0.40696075558662415,0.0011483777780085802,0.6255147457122803,0.39997008442878723,-0.004245677962899208,0.5869866609573364,0.39000797271728516,-0.005818792153149843,0.6313021183013916,0.407474547624588,-0.012565093114972115,0.633601188659668,0.4306698739528656,-0.025668779388070107,0.5753648281097412,0.41022345423698425,0.006759466603398323,0.584628164768219,0.41093987226486206,-0.0027841520495712757,0.593228280544281,0.41303664445877075,-0.006393676623702049,0.6063700318336487,0.4124733805656433,-0.00728676188737154,0.6163341999053955,0.4102247655391693,-0.007122440729290247,0.6240254044532776,0.4073885679244995,-0.007882394827902317,0.6418102979660034,0.39843153953552246,-0.01876172050833702,0.5761388540267944,0.42574983835220337,0.006825345568358898,0.5818201899528503,0.3887726366519928,-0.004427359905093908,0.6474066376686096,0.4396354556083679,-0.02885291911661625,0.6273790597915649,0.4187493622303009,-0.011998230591416359,0.5613667964935303,0.39491528272628784,0.04006471857428551,0.629805326461792,0.40405213832855225,-0.008432736620306969,0.6239718794822693,0.43242746591567993,-0.008677764795720577,0.5906676054000854,0.3956550657749176,-0.002756212605163455,0.6326408386230469,0.4260648488998413,-0.02379673533141613,0.5648489594459534,0.4473399221897125,0.048924099653959274,0.625648558139801,0.39804843068122864,-0.0031731838826090097,0.6392462253570557,0.4223344027996063,-0.029275601729750633,0.5876915454864502,0.48637792468070984,0.020075568929314613,0.5857956409454346,0.4939478635787964,0.03150564432144165,0.5674699544906616,0.42815688252449036,0.02716735750436783,0.5789747834205627,0.4755571782588959,0.024171169847249985,0.571357250213623,0.3813304007053375,0.013302305713295937,0.6157190203666687,0.5144944190979004,0.01023434940725565,0.6469714641571045,0.441228985786438,-0.020263994112610817,0.6212145686149597,0.4236769378185272,-0.009992264211177826,0.5751076936721802,0.39955538511276245,0.00734481168910861,0.6027369499206543,0.40051499009132385,-0.006657482590526342,0.6088476777076721,0.401213675737381,-0.007222513202577829,0.6176010370254517,0.4694571793079376,-0.0005840900121256709,0.5762258768081665,0.4413001537322998,0.010854457505047321,0.6267622709274292,0.5248364806175232,0.015376711264252663,0.605771541595459,0.5126904249191284,0.02181844972074032,0.5964890718460083,0.5048160552978516,0.025943253189325333,0.6473977565765381,0.3483389914035797,-0.01920655183494091,0.6398247480392456,0.5262885093688965,0.016425414010882378,0.6147589087486267,0.4007415175437927,-0.006633215583860874,0.620248556137085,0.3995152413845062,-0.005163842812180519,0.6237915754318237,0.39867064356803894,-0.0035954327322542667,0.5774537324905396,0.3874964714050293,0.00039272377034649253,0.6195654273033142,0.3951687812805176,-0.006504904944449663,0.6135550737380981,0.39421766996383667,-0.008654787205159664,0.6078527569770813,0.3938673138618469,-0.009397206827998161,0.60211580991745,0.3941458463668823,-0.008857415057718754,0.5981572270393372,0.39482229948043823,-0.007314225658774376,0.5634495615959167,0.37674957513809204,0.028421519324183464,0.598729133605957,0.3992317020893097,-0.0056175352074205875,0.6472638845443726,0.44892019033432007,-0.013506980612874031,0.6246579885482788,0.45085304975509644,-0.010869511403143406,0.6333220601081848,0.4361709952354431,-0.01897435635328293,0.6383364200592041,0.4490821957588196,-0.014410154893994331,0.6473832130432129,0.3896634578704834,-0.0166409220546484,0.5966945886611938,0.49712973833084106,0.017595378682017326,0.605699896812439,0.5057740807533264,0.014375229366123676,0.6277920007705688,0.5203936100006104,0.007207871414721012,0.577077329158783,0.48219066858291626,0.039006106555461884,0.6237503290176392,0.3967297673225403,-0.004659092519432306,0.6379335522651672,0.40953299403190613,-0.019653284922242165,0.6415103673934937,0.5219168066978455,0.008539790287613869,0.6157481074333191,0.5197662711143494,0.017339205369353294,0.5687856078147888,0.4450850784778595,0.028695471584796906,0.6297570466995239,0.4678955674171448,-0.00549516873434186,0.6288689970970154,0.47063741087913513,-0.006060782354325056,0.6280674338340759,0.4742433428764343,-0.00638372590765357,0.6274577975273132,0.47863733768463135,-0.004912707023322582,0.6246460676193237,0.49060654640197754,0.0002427428844384849,0.6196752190589905,0.46549341082572937,-0.0033449840266257524,0.6183943152427673,0.4644680917263031,-0.003785382490605116,0.6173473000526428,0.46336162090301514,-0.0041886866092681885,0.6112154126167297,0.46123236417770386,-0.0042807310819625854,0.5859893560409546,0.4451955258846283,0.0011653334368020296,0.6366122364997864,0.40242433547973633,-0.015218804590404034,0.6310393810272217,0.3924068510532379,-0.006598911713808775,0.6267251372337341,0.3937053382396698,-0.005345865152776241,0.620997428894043,0.46648523211479187,-0.0024599034804850817,0.5833377242088318,0.46423566341400146,0.012319080531597137,0.637624204158783,0.3915331959724426,-0.013747727498412132,0.6203625798225403,0.49822333455085754,0.004042719956487417,0.6506686210632324,0.4116869568824768,-0.028310073539614677,0.643525242805481,0.40586820244789124,-0.02352568320930004,0.6496323347091675,0.40449950098991394,-0.02394252084195614,0.6330142021179199,0.42034777998924255,-0.01888066530227661,0.6422613263130188,0.5145159363746643,0.004549636505544186,0.6425629258155823,0.5050244927406311,0.0037365308962762356,0.6311274170875549,0.5038084387779236,0.003159833839163184,0.6058028340339661,0.48112520575523376,0.0048988331109285355,0.6178092360496521,0.43852242827415466,-0.007452866528183222,0.6122553944587708,0.49063190817832947,0.004994591698050499,0.601978063583374,0.4383448362350464,-0.007597911171615124,0.6107444167137146,0.4464341998100281,-0.0065205576829612255,0.595342755317688,0.4507792890071869,-0.002475484972819686,0.62900710105896,0.5129719376564026,0.0036248830147087574,0.6282259225845337,0.42398637533187866,-0.01469496265053749,0.5996469259262085,0.4879145324230194,0.010212277062237263,0.6081815361976624,0.4976654052734375,0.009518136270344257,0.6012985706329346,0.47068604826927185,0.002633143914863467,0.5769325494766235,0.4546046853065491,0.015072342939674854,0.5923100113868713,0.47272905707359314,0.007396120112389326,0.5719138979911804,0.4608423709869385,0.028620105236768723,0.6044649481773376,0.456210732460022,-0.0038472784217447042,0.6325968503952026,0.41409653425216675,-0.015554671175777912,0.6357123851776123,0.43400469422340393,-0.026582244783639908,0.6305224895477295,0.4354025721549988,-0.020106647163629532,0.6398190259933472,0.42937085032463074,-0.030807923525571823,0.6255257725715637,0.38630184531211853,-0.00996728427708149,0.6141714453697205,0.3815959393978119,-0.013381906785070896,0.6041504144668579,0.38019755482673645,-0.014846425503492355,0.5957486033439636,0.38119572401046753,-0.013773675076663494,0.5897862315177917,0.3843138813972473,-0.010862850584089756,0.5860944986343384,0.396881639957428,-0.0010901018977165222,0.5667576193809509,0.4118870794773102,0.02385721541941166,0.5910068154335022,0.4055729806423187,-0.0035029302816838026,0.5979989767074585,0.4074624180793762,-0.005719396285712719,0.607174813747406,0.40794140100479126,-0.006631048396229744,0.6161137819290161,0.4067303240299225,-0.006149538327008486,0.6231985092163086,0.40451276302337646,-0.005647084675729275,0.6280443072319031,0.4023054838180542,-0.005456560757011175,0.5612560510635376,0.41197630763053894,0.04639161378145218,0.6299343705177307,0.4371240735054016,-0.016933567821979523,0.6390500068664551,0.4158411920070648,-0.023603210225701332,0.6414315104484558,0.4347169101238251,-0.030262505635619164,0.6437152624130249,0.4384951889514923,-0.026822758838534355,0.6404982805252075,0.4359300434589386,-0.02727740816771984,0.6309479475021362,0.4392589032649994,-0.01414475217461586,0.6452652215957642,0.43914270401000977,-0.028182167559862137,0.6448737382888794,0.4407205283641815,-0.020688869059085846,0.6281689405441284,0.39781710505485535,-0.003375991480425,0.6318859457969666,0.39877623319625854,-0.006120412610471249,0.6341980695724487,0.3992966413497925,-0.010053691454231739,0.595717191696167,0.39542821049690247,-0.005630319472402334,0.59076988697052,0.39095935225486755,-0.0061486465856432915,0.6553505659103394,0.41283082962036133,-0.024910269305109978,0.6858767867088318,0.40032947063446045,0.01333377230912447,0.6544130444526672,0.43980303406715393,-0.0192150566726923,0.6975996494293213,0.3679642975330353,0.04145972058176994,0.6690495014190674,0.40415915846824646,0.00472774263471365,0.674842119216919,0.4050225019454956,0.006265438627451658,0.6803383231163025,0.40506690740585327,0.00884551927447319,0.6871590614318848,0.4019538164138794,0.014872279018163681,0.6644452214241028,0.4023844003677368,0.003729796502739191,0.6784884929656982,0.3887022137641907,0.002392194699496031,0.6719896197319031,0.3892585039138794,0.0008935924852266908,0.6842537522315979,0.3894493281841278,0.005449281539767981,0.687650203704834,0.391611784696579,0.008729352615773678,0.6903108358383179,0.405267596244812,0.018732530996203423,0.6622979640960693,0.505388081073761,0.015022405423223972,0.6876237988471985,0.3991684317588806,0.01540874969214201,0.6973360180854797,0.40018749237060547,0.04815108701586723,0.693749189376831,0.4003036320209503,0.025079352781176567,0.6733248829841614,0.4308239817619324,0.0024692723527550697,0.6503012180328369,0.45667028427124023,-0.011806298047304153,0.6491369605064392,0.4666098952293396,-0.008702733553946018,0.6572948098182678,0.4597105085849762,-0.00617177551612258,0.6615856885910034,0.46283194422721863,0.000241666886722669,0.6546301245689392,0.46673816442489624,-0.0046184067614376545,0.6587333083152771,0.46712589263916016,0.0011317678727209568,0.666511058807373,0.4783993065357208,0.013547161594033241,0.6561815738677979,0.435880184173584,-0.030587999150156975,0.6576164960861206,0.428786963224411,-0.03282042220234871,0.6940305829048157,0.38480910658836365,0.010086133144795895,0.6627876162528992,0.4127364754676819,-0.002933724084869027,0.6660870313644409,0.43355268239974976,-0.012812432833015919,0.6659924983978271,0.4298229515552521,-0.011110706254839897,0.6875972747802734,0.43079352378845215,0.013160028494894505,0.656731903553009,0.4200912117958069,-0.029807688668370247,0.6838089227676392,0.37919142842292786,-0.004335533361881971,0.6903262734413147,0.380840927362442,0.0022100217174738646,0.6954476833343506,0.35469940304756165,0.0269016120582819,0.6602953672409058,0.38395997881889343,-0.013898423872888088,0.6662417650222778,0.3912157416343689,0.0018669234123080969,0.6710206270217896,0.4700084626674652,0.014724964275956154,0.6850783228874207,0.46699070930480957,0.07022316753864288,0.661267876625061,0.43782278895378113,-0.011101102456450462,0.6568464636802673,0.43995916843414307,-0.012996128760278225,0.6662992835044861,0.46812403202056885,0.013232123106718063,0.6647838354110718,0.46814844012260437,0.0109925651922822,0.6922829747200012,0.3761683702468872,0.005262714810669422,0.6652272939682007,0.4363909065723419,-0.009202596731483936,0.6743572950363159,0.37979432940483093,-0.009890730492770672,0.6753935217857361,0.3741106688976288,-0.011594250798225403,0.6789702773094177,0.33450955152511597,-0.002795298583805561,0.693474531173706,0.36402657628059387,0.01467807125300169,0.675500750541687,0.35163259506225586,-0.007447925396263599,0.6957224011421204,0.38142818212509155,0.015530095435678959,0.6968145370483398,0.374439001083374,0.027831479907035828,0.6499606370925903,0.4620022177696228,-0.010857670567929745,0.6560487747192383,0.46349430084228516,-0.005603959318250418,0.6602569222450256,0.46502602100372314,0.00018161803018301725,0.6597169041633606,0.43895915150642395,-0.010420508682727814,0.6655206680297852,0.46814900636672974,0.011937292292714119,0.6628091931343079,0.4705640375614166,0.008328365162014961,0.6639624834060669,0.46819600462913513,0.01060238853096962,0.6602129340171814,0.43593621253967285,-0.020124752074480057,0.6573655605316162,0.46853911876678467,0.0020370075944811106,0.6532717943191528,0.46888136863708496,-0.0022053641732782125,0.6482149958610535,0.46928808093070984,-0.005924646742641926,0.6506470441818237,0.4956522583961487,0.004498551599681377,0.6491607427597046,0.4828531742095947,-0.0024651961866766214,0.6491528749465942,0.4778077006340027,-0.00408443296328187,0.6487613320350647,0.47303783893585205,-0.0035587623715400696,0.6481520533561707,0.46928879618644714,-0.0031967211980372667,0.657253086566925,0.4686807096004486,0.004079674836248159,0.6583907008171082,0.47050565481185913,0.003616645932197571,0.6595953702926636,0.473019003868103,0.0036022034473717213,0.6604812145233154,0.4758935868740082,0.00531796645373106,0.6684504747390747,0.4562876522541046,0.002148199360817671,0.6918883323669434,0.43215838074684143,0.07624591886997223,0.6603412628173828,0.46844327449798584,0.008155236020684242,0.6615797877311707,0.46941646933555603,0.007877912372350693,0.6550179719924927,0.4427449703216553,-0.012614989653229713,0.6626797914505005,0.4404686391353607,-0.004978087265044451,0.6558758020401001,0.44140172004699707,-0.013132410123944283,0.6678844690322876,0.4168112277984619,0.0009354018839076161,0.6764034628868103,0.4219581186771393,0.004768743645399809,0.6660664081573486,0.43284398317337036,-0.007210237439721823,0.689696729183197,0.34335246682167053,0.011469620279967785,0.6866074800491333,0.3561636209487915,0.00329220830462873,0.6853642463684082,0.37352463603019714,-0.0033284160308539867,0.6626589894294739,0.48474186658859253,0.010743042454123497,0.6624132394790649,0.3754468262195587,-0.017053775489330292,0.6629542112350464,0.34921932220458984,-0.014754765667021275,0.6651539206504822,0.32942789793014526,-0.012584533542394638,0.6847572326660156,0.40411826968193054,0.012143481522798538,0.6945951581001282,0.4092603325843811,0.023628389462828636,0.6616944074630737,0.40077269077301025,0.0038921430241316557,0.6915130019187927,0.39332348108291626,0.01471985224634409,0.6595960259437561,0.40817734599113464,-0.006435452960431576,0.6641135811805725,0.4313388168811798,-0.019795367494225502,0.6967340707778931,0.413678914308548,0.03213214501738548,0.693302571773529,0.4138928949832916,0.018378619104623795,0.6881674528121948,0.41640013456344604,0.011685778386890888,0.6780299544334412,0.41514068841934204,0.006556021049618721,0.6700102686882019,0.41234272718429565,0.00341710913926363,0.6642705798149109,0.4094642996788025,6.076304543967126e-06,0.6538571119308472,0.3987838625907898,-0.01617421768605709,0.6961942315101624,0.42870691418647766,0.032134704291820526,0.6942437887191772,0.3919219672679901,0.018031857907772064,0.6532464623451233,0.43968188762664795,-0.027571698650717735,0.6631139516830444,0.419506698846817,-0.004588400479406118,0.6950209140777588,0.3993149399757385,0.0683806836605072,0.6602421402931213,0.40632304549217224,-0.0022703332360833883,0.6656088829040527,0.43322739005088806,-0.0007831105031073093,0.6891143918037415,0.39834895730018616,0.016851244494318962,0.6638352870941162,0.4266946613788605,-0.017815956845879555,0.6890679001808167,0.4489325284957886,0.07482306659221649,0.6615771651268005,0.39893463253974915,0.005353310611099005,0.6606465578079224,0.42268022894859314,-0.02495226077735424,0.6797996759414673,0.48551955819129944,0.038987334817647934,0.6763037443161011,0.4929293394088745,0.04991376772522926,0.696118950843811,0.4310542643070221,0.05461372807621956,0.6853150129318237,0.4754621684551239,0.04636753350496292,0.6972144842147827,0.38613784313201904,0.03966302052140236,0.6621337532997131,0.5127300024032593,0.01939099095761776,0.651624858379364,0.4413052797317505,-0.019484184682369232,0.6670430302619934,0.4247424006462097,-0.0007972869789227843,0.6955187916755676,0.4009222090244293,0.032295189797878265,0.6802598237991333,0.40166983008384705,0.008970418013632298,0.6751169562339783,0.4016048014163971,0.006610512733459473,0.6638720631599426,0.4719366133213043,0.009709201753139496,0.6942183971405029,0.44339609146118164,0.03547137230634689,0.651323139667511,0.5236746668815613,0.020426437258720398,0.6651310920715332,0.510787308216095,0.033870771527290344,0.670242965221405,0.5030966401100159,0.04096401110291481,0.6701787114143372,0.40091580152511597,0.005192272365093231,0.6656617522239685,0.3997345268726349,0.004976124968379736,0.6629087328910828,0.39916718006134033,0.005515008233487606,0.6957353353500366,0.3899841904640198,0.024701688438653946,0.66615229845047,0.39809590578079224,0.003883957862854004,0.6710118651390076,0.39845824241638184,0.0034560016356408596,0.6761332154273987,0.398674339056015,0.004729151725769043,0.6811755299568176,0.39876580238342285,0.0072011505253612995,0.6843984723091125,0.39898353815078735,0.009928124956786633,0.6971881985664368,0.38196656107902527,0.05629044771194458,0.6836184859275818,0.40111327171325684,0.01139160804450512,0.6643871068954468,0.4515460133552551,-0.0029830026905983686,0.6618311405181885,0.43676844239234924,-0.013810362666845322,0.6551038026809692,0.4493216276168823,-0.011119570583105087,0.6737656593322754,0.4956628084182739,0.03301724046468735,0.668095588684082,0.5039353966712952,0.026644129306077957,0.6535283327102661,0.5193144083023071,0.012269300408661366,0.6808701753616333,0.4819408655166626,0.060634445399045944,0.663110613822937,0.39839035272598267,0.004673945717513561,0.6578221917152405,0.4099780023097992,-0.015557007864117622,0.6592667102813721,0.517941951751709,0.026340171694755554,0.6936355829238892,0.4468713402748108,0.055069874972105026,0.6532150506973267,0.468925803899765,0.0003183039661962539,0.6541954278945923,0.4718190133571625,-5.0801678298739716e-05,0.6549882292747498,0.47559595108032227,-8.1874250099645e-06,0.655415415763855,0.48014727234840393,0.0016861122567206621,0.6576023101806641,0.4908313751220703,0.007418186403810978,0.6619332432746887,0.4674820005893707,0.006322958040982485,0.6633372902870178,0.4665732979774475,0.006729978136718273,0.6645321846008301,0.4654919505119324,0.0069087776355445385,0.6707761287689209,0.4625251293182373,0.008530516177415848,0.6894588470458984,0.44700637459754944,0.022182993590831757,0.656693160533905,0.40302014350891113,-0.010939635336399078,0.6583248972892761,0.39408209919929504,-0.00115016323979944,0.6611413359642029,0.3951679766178131,0.0025541011709719896,0.6603871583938599,0.46829745173454285,0.006921853870153427,0.6867506504058838,0.46497994661331177,0.03346812725067139,0.6547393798828125,0.39394742250442505,-0.010445814579725266,0.6601052284240723,0.4977113604545593,0.011714616790413857,0.654683530330658,0.40610939264297485,-0.02133338525891304,0.661566436290741,0.42099130153656006,-0.013477985747158527,0.65229332447052,0.5034511685371399,0.00682185310870409,0.6710491180419922,0.48150643706321716,0.018094457685947418,0.6693134903907776,0.4394982159137726,0.0024036255199462175,0.6658266186714172,0.49040985107421875,0.015491076745092869,0.6809414029121399,0.4399767518043518,0.0076430123299360275,0.6736942529678345,0.44768548011779785,0.005776796489953995,0.6833821535110474,0.45224079489707947,0.015026038512587547,0.6538137793540955,0.5122777223587036,0.008399403654038906,0.6636444330215454,0.4247649013996124,-0.007813933305442333,0.6742585301399231,0.48735594749450684,0.025047140195965767,0.6681168079376221,0.4965793192386627,0.02100549265742302,0.675751268863678,0.4716287851333618,0.018499424681067467,0.6913402676582336,0.4559018313884735,0.03863649442791939,0.6809095740318298,0.4730689227581024,0.02542312815785408,0.6901835203170776,0.46161434054374695,0.053766969591379166,0.6762640476226807,0.45773831009864807,0.010740536265075207,0.6603924036026001,0.41471120715141296,-0.00970332883298397,0.6622742414474487,0.4345872402191162,-0.02124035730957985,0.6643567681312561,0.4359922707080841,-0.013909893110394478,0.6612632274627686,0.4297355115413666,-0.026643134653568268,0.6633768677711487,0.3887318968772888,-0.0025771320797502995,0.6728464961051941,0.38544192910194397,-0.0025451043620705605,0.6809755563735962,0.3847302794456482,-0.0005608036881312728,0.6872177124023438,0.3857513964176178,0.003535772440955043,0.6907926797866821,0.38864031434059143,0.00850269291549921,0.6910665035247803,0.3992345631122589,0.019726525992155075,0.6973723769187927,0.4155530333518982,0.05208548903465271,0.6885321140289307,0.408096581697464,0.015667147934436798,0.6836214065551758,0.4098203778266907,0.010956916026771069,0.6763430237770081,0.4095858633518219,0.0070861587300896645,0.6691036224365234,0.40789106488227844,0.004724896512925625,0.6637812256813049,0.40566110610961914,0.0025436938740313053,0.6603246927261353,0.4036614000797272,0.0012888219207525253,0.6931334137916565,0.41576290130615234,0.07457634806632996,0.663421630859375,0.4376848340034485,-0.010799959301948547,0.6589007377624512,0.4162197411060333,-0.019369397312402725,0.6593411564826965,0.4349750876426697,-0.026896942406892776,0.6554103493690491,0.43860357999801636,-0.024852730333805084,0.658464789390564,0.43628978729248047,-0.023805908858776093,0.6615107655525208,0.43964236974716187,-0.008992943912744522,0.6547472476959229,0.4392368793487549,-0.026594584807753563,0.6532106995582581,0.44080740213394165,-0.019327910616993904,0.6598235368728638,0.3988376259803772,0.003752031596377492,0.6575589179992676,0.40035751461982727,-0.0007571334135718644,0.6569595336914062,0.40161341428756714,-0.005668186582624912,0.6863284707069397,0.39912861585617065,0.012341939844191074,0.6895159482955933,0.3942967653274536,0.012931673787534237,0.6091354489326477,0.397528737783432,-0.006052867975085974,0.6178125143051147,0.397370308637619,-0.006052867975085974,0.608720064163208,0.39121755957603455,-0.006052867975085974,0.6005131006240845,0.3976227641105652,-0.006052867975085974,0.6095320582389832,0.40370360016822815,-0.006052867975085974,0.6722893118858337,0.39971673488616943,0.007685378193855286,0.6784160733222961,0.40015101432800293,0.007685378193855286,0.6727288365364075,0.3938525319099426,0.007685378193855286,0.6661799550056458,0.3992403745651245,0.007685378193855286,0.6718888282775879,0.40544256567955017,0.007685378193855286
1033.3333333333337,0.6426465511322021,0.45617496967315674,-0.015259593725204468,0.6507050395011902,0.4340924024581909,-0.03116353042423725,0.6474217772483826,0.44119083881378174,-0.015389347448945045,0.6443264484405518,0.4136136770248413,-0.026431959122419357,0.6512651443481445,0.4273295998573303,-0.033601462841033936,0.6506751775741577,0.4191737771034241,-0.031902242451906204,0.6477391123771667,0.39998260140419006,-0.018838895484805107,0.5956228971481323,0.3988582193851471,-0.004782160744071007,0.6469361782073975,0.38764870166778564,-0.01715388335287571,0.6472753286361694,0.37892574071884155,-0.0193768497556448,0.6467316746711731,0.3367019593715668,-0.015341369435191154,0.642602264881134,0.46049240231513977,-0.014516581781208515,0.6424635648727417,0.46492233872413635,-0.012414581142365932,0.642327070236206,0.4677621126174927,-0.009329847060143948,0.6423131823539734,0.468536376953125,-0.006612302735447884,0.6424428224563599,0.4726848304271698,-0.0068492284044623375,0.6424732804298401,0.4776585102081299,-0.0070977583527565,0.6424081325531006,0.4828251600265503,-0.00460926815867424,0.6435335874557495,0.49499061703681946,0.003253379836678505,0.6496249437332153,0.4377194344997406,-0.027959225699305534,0.6430619955062866,0.43776434659957886,-0.020835090428590775,0.5691641569137573,0.36889809370040894,0.015116889961063862,0.6150211095809937,0.4050782024860382,-0.006882726680487394,0.6080043315887451,0.40569329261779785,-0.007713799364864826,0.601297914981842,0.4050034284591675,-0.007349078077822924,0.5927686095237732,0.4007006883621216,-0.004322352819144726,0.6209419965744019,0.4030954837799072,-0.005306324455887079,0.6062579154968262,0.3867902159690857,-0.012272657826542854,0.6140379309654236,0.38785889744758606,-0.010664044879376888,0.5988169312477112,0.3873708248138428,-0.01145041175186634,0.5938529372215271,0.3895220458507538,-0.009486227296292782,0.5871650576591492,0.40463143587112427,-0.002023124834522605,0.618435800075531,0.5044575929641724,0.0053595928475260735,0.5934093594551086,0.39686399698257446,-0.003515955526381731,0.5673710107803345,0.4006325602531433,0.01977703720331192,0.5799174308776855,0.40045103430747986,0.0019441371550783515,0.6138558983802795,0.4305075407028198,-0.009483265690505505,0.6352304816246033,0.4544503390789032,-0.01606765389442444,0.635645866394043,0.4647303819656372,-0.013105273246765137,0.6274520754814148,0.4578178822994232,-0.01423497125506401,0.6221482157707214,0.4610687494277954,-0.010802138596773148,0.6295304894447327,0.4650515913963318,-0.012178252451121807,0.6246344447135925,0.4655914008617401,-0.008759657852351665,0.6150772571563721,0.476858913898468,-0.0003626948455348611,0.645770788192749,0.4338977038860321,-0.03154626116156578,0.6455417275428772,0.4275320768356323,-0.03394407406449318,0.584286630153656,0.3837854862213135,-0.011294456198811531,0.6262522339820862,0.4137802720069885,-0.01022986602038145,0.6291753053665161,0.43230968713760376,-0.020034346729516983,0.6282792687416077,0.4290528893470764,-0.018522363156080246,0.5932829976081848,0.430724173784256,-0.006927685346454382,0.6450819373130798,0.4198823869228363,-0.03133869543671608,0.6015371680259705,0.3778459131717682,-0.019080666825175285,0.5913650393486023,0.3794369101524353,-0.016346333548426628,0.578076958656311,0.3563287854194641,0.0038303066976368427,0.6323009133338928,0.3850322365760803,-0.018280815333127975,0.6206473708152771,0.3905591666698456,-0.007484358735382557,0.6109081506729126,0.46871769428253174,-0.0015662643127143383,0.5692154765129089,0.4684666097164154,0.04288363829255104,0.6334653496742249,0.43617376685142517,-0.016395384445786476,0.638413667678833,0.438405305147171,-0.015499698929488659,0.6156322360038757,0.466336727142334,-0.001563372788950801,0.6170806288719177,0.4665173292160034,-0.0024891397915780544,0.5878843069076538,0.3752533197402954,-0.014438759535551071,0.6282922625541687,0.4352763295173645,-0.016425173729658127,0.6150000095367432,0.3794696033000946,-0.019757883623242378,0.6141700744628906,0.37421542406082153,-0.021646952256560326,0.608870804309845,0.339363157749176,-0.014758702367544174,0.5861401557922363,0.3654743432998657,-0.0070197866298258305,0.6150757074356079,0.35576945543289185,-0.01888294517993927,0.5805566906929016,0.38118696212768555,-0.00731487013399601,0.5769539475440979,0.37511369585990906,0.0030392450280487537,0.63528972864151,0.45995140075683594,-0.015371656976640224,0.6284728050231934,0.4616141617298126,-0.013512303121387959,0.6233280897140503,0.4633671045303345,-0.010285291820764542,0.634716272354126,0.437485933303833,-0.014709269627928734,0.616365909576416,0.46641823649406433,-0.0020302722696214914,0.6197605133056641,0.4688138961791992,-0.0037224881816655397,0.6178340315818787,0.4666261672973633,-0.0025043943896889687,0.6373852491378784,0.43388691544532776,-0.024717280641198158,0.6257140040397644,0.4671413004398346,-0.007324435282498598,0.6304818391799927,0.4672739803791046,-0.009277718141674995,0.6361244320869446,0.4674832820892334,-0.01023884303867817,0.6348409652709961,0.49399295449256897,0.001760985585860908,0.6350778341293335,0.4817468225955963,-0.006083187181502581,0.635332465171814,0.476629376411438,-0.008176200091838837,0.6357004046440125,0.47178924083709717,-0.00782744213938713,0.636130690574646,0.4681130647659302,-0.0075372071005403996,0.6257604360580444,0.46735745668411255,-0.005249008070677519,0.6248552203178406,0.4689069092273712,-0.005549298133701086,0.6237141489982605,0.47121962904930115,-0.0058587538078427315,0.6228495240211487,0.473949134349823,-0.004697310738265514,0.6194943785667419,0.4546799957752228,-0.009863380342721939,0.5621179938316345,0.43261247873306274,0.04695062339305878,0.6485742926597595,0.4394773542881012,-0.019964687526226044,0.6220656037330627,0.4670237600803375,-0.0034857476130127907,0.620943546295166,0.46781203150749207,-0.003699606517329812,0.6401159763336182,0.44113022089004517,-0.015183186158537865,0.6295245885848999,0.4394625723361969,-0.010788685642182827,0.6393344402313232,0.43982937932014465,-0.015556305646896362,0.6193979978561401,0.41749560832977295,-0.009153311140835285,0.6088719964027405,0.42217376828193665,-0.009126454591751099,0.6266438961029053,0.4321052134037018,-0.015011319890618324,0.5910253524780273,0.3461518883705139,-0.006879545748233795,0.598552942276001,0.35867252945899963,-0.013965358026325703,0.5994839668273926,0.37273693084716797,-0.01881692185997963,0.6198422908782959,0.48356443643569946,-0.0005867822328582406,0.6306719183921814,0.3767462372779846,-0.02170332707464695,0.6305363774299622,0.35502350330352783,-0.020129874348640442,0.6267591714859009,0.33651208877563477,-0.01738695614039898,0.5957465171813965,0.40344172716140747,-0.005921254400163889,0.5799514651298523,0.4090379774570465,0.0005285116494633257,0.6248342394828796,0.40120089054107666,-0.004157006274908781,0.5867785215377808,0.39213788509368896,-0.0060249753296375275,0.6312012076377869,0.4096849262714386,-0.012081523425877094,0.6337810754776001,0.4299045205116272,-0.025297384709119797,0.5750885009765625,0.41391173005104065,0.005852314177900553,0.5843333601951599,0.4131907820701599,-0.003422190435230732,0.5930268168449402,0.41544637084007263,-0.0068390341475605965,0.6061182618141174,0.41457098722457886,-0.007414553314447403,0.6158822178840637,0.4120166301727295,-0.007067147176712751,0.6234479546546936,0.4090578854084015,-0.007645856123417616,0.6413809657096863,0.4014568626880646,-0.017804082483053207,0.5761026740074158,0.42877158522605896,0.005626271944493055,0.5816863775253296,0.39155811071395874,-0.0046642618253827095,0.6467345356941223,0.43755903840065,-0.028343895450234413,0.6276891827583313,0.41996604204177856,-0.011726336553692818,0.5615487098693848,0.4000491201877594,0.038977645337581635,0.6292237639427185,0.40573495626449585,-0.00808167178183794,0.625019907951355,0.4327413737773895,-0.008714728988707066,0.5903376936912537,0.3967791199684143,-0.003035270143300295,0.6328704357147217,0.4259423315525055,-0.023383764550089836,0.564407467842102,0.45005831122398376,0.046377722173929214,0.625041663646698,0.39919909834861755,-0.0031420912127941847,0.6389641165733337,0.42231231927871704,-0.02856510691344738,0.5879143476486206,0.48665475845336914,0.017825404182076454,0.5853736400604248,0.494955837726593,0.02829327993094921,0.5667468309402466,0.43122950196266174,0.025745417922735214,0.5790006518363953,0.47635412216186523,0.02199859358370304,0.5717435479164124,0.38662248849868774,0.01289052702486515,0.6164427399635315,0.5124880075454712,0.008995276875793934,0.6463546752929688,0.43918249011039734,-0.01999777741730213,0.621758222579956,0.42481327056884766,-0.009915819391608238,0.5746251344680786,0.4017699062824249,0.006778073497116566,0.6021367311477661,0.40178364515304565,-0.006956927943974733,0.6081681847572327,0.4025280773639679,-0.007446187548339367,0.6187304854393005,0.47006747126579285,-0.0030173377599567175,0.5764350295066833,0.4434661567211151,0.009350216947495937,0.6271734237670898,0.5233581066131592,0.013718724250793457,0.60586017370224,0.5120456218719482,0.01914256066083908,0.5963360071182251,0.5049788951873779,0.022867223247885704,0.6472467184066772,0.35582593083381653,-0.018037019297480583,0.6404724717140198,0.5247990489006042,0.01507499534636736,0.6140866875648499,0.4019959270954132,-0.006754816509783268,0.6195492744445801,0.4007125794887543,-0.005209814291447401,0.6231272220611572,0.3998599648475647,-0.003603842109441757,0.5773191452026367,0.3905620276927948,0.0001782023027772084,0.6192383170127869,0.39588677883148193,-0.006614940240979195,0.6133099794387817,0.39469218254089355,-0.00881783664226532,0.6073933839797974,0.3942187428474426,-0.009582515805959702,0.6014679670333862,0.3945055902004242,-0.009055829606950283,0.5976020693778992,0.39532706141471863,-0.007512093987315893,0.5641809701919556,0.3827185034751892,0.028005201369524002,0.5981892943382263,0.40037110447883606,-0.005903732497245073,0.6468587517738342,0.4467703700065613,-0.013623697683215141,0.6263461112976074,0.44981956481933594,-0.011783616617321968,0.6337291598320007,0.43496474623680115,-0.018746642395853996,0.6389017701148987,0.4471694231033325,-0.014668095856904984,0.646771252155304,0.3935178518295288,-0.015600776299834251,0.5971697568893433,0.4964941143989563,0.015418227761983871,0.6062732934951782,0.5044574737548828,0.012649391777813435,0.628509521484375,0.5181074142456055,0.006493381690233946,0.5766333341598511,0.48361995816230774,0.0357830785214901,0.6232436299324036,0.3977098762989044,-0.004686769563704729,0.6376142501831055,0.41119974851608276,-0.018906407058238983,0.6421434283256531,0.5199183225631714,0.008096289820969105,0.6160424947738647,0.5185248851776123,0.015133610926568508,0.5681278705596924,0.4472847282886505,0.026990748941898346,0.6305316090583801,0.46766841411590576,-0.006807207595556974,0.6297309398651123,0.4703700542449951,-0.007160979323089123,0.6289939284324646,0.47399666905403137,-0.007377569563686848,0.6284925937652588,0.47844985127449036,-0.005853611510246992,0.6263670921325684,0.4895355701446533,-0.0005293182330206037,0.6205773949623108,0.46596235036849976,-0.0057290298864245415,0.6192549467086792,0.4648990333080292,-0.006247864570468664,0.6181976795196533,0.46374183893203735,-0.0066394987516105175,0.6142386198043823,0.46094968914985657,-0.006523354910314083,0.5869304537773132,0.44686901569366455,-0.00013217172818258405,0.6363349556922913,0.4050515592098236,-0.014521685428917408,0.630889356136322,0.39450013637542725,-0.006345685105770826,0.6263411641120911,0.39526596665382385,-0.005279879085719585,0.6219536662101746,0.46691441535949707,-0.004704347345978022,0.5842425227165222,0.465223103761673,0.010429208166897297,0.6375336647033691,0.3940974771976471,-0.013032115995883942,0.6218587756156921,0.49661415815353394,0.0032465581316500902,0.6496659517288208,0.41262850165367126,-0.02721688710153103,0.6429023742675781,0.40779799222946167,-0.022515572607517242,0.648734986782074,0.40645426511764526,-0.022785641252994537,0.6331212520599365,0.42102670669555664,-0.01839466392993927,0.6429426074028015,0.5122946500778198,0.004375115502625704,0.6432472467422485,0.5031094551086426,0.003917213995009661,0.6323606967926025,0.5017217397689819,0.003031098749488592,0.6077726483345032,0.4808197617530823,0.0027099635917693377,0.6191282272338867,0.438787043094635,-0.007790807634592056,0.6139244437217712,0.48963505029678345,0.003386720549315214,0.6031912565231323,0.4394973814487457,-0.00810523983091116,0.6125196218490601,0.44664740562438965,-0.007535755634307861,0.5968979001045227,0.4517754316329956,-0.0037071562837809324,0.6301239132881165,0.5104672312736511,0.003127101343125105,0.6286942958831787,0.42462462186813354,-0.014464229345321655,0.6008995175361633,0.487594872713089,0.008052710443735123,0.6093785762786865,0.49650999903678894,0.007864462211728096,0.6034740805625916,0.47095587849617004,0.00045431958278641105,0.5773436427116394,0.4561383128166199,0.013273511081933975,0.5936317443847656,0.47333449125289917,0.0053122639656066895,0.571507453918457,0.46225661039352417,0.02663249894976616,0.6068580150604248,0.45663073658943176,-0.005489761009812355,0.6325693726539612,0.4155048429965973,-0.015047718770802021,0.6357443928718567,0.432712584733963,-0.026199566200375557,0.6311365962028503,0.4344443678855896,-0.01996796950697899,0.6395313739776611,0.4284254312515259,-0.030220922082662582,0.6257774829864502,0.38907963037490845,-0.009851112961769104,0.614543080329895,0.38462746143341064,-0.013392048887908459,0.6044089198112488,0.3832072913646698,-0.014903631992638111,0.5958437919616699,0.3840944170951843,-0.013860367238521576,0.5897565484046936,0.38693368434906006,-0.010955736972391605,0.5857838988304138,0.398630827665329,-0.0014387338887900114,0.5662559270858765,0.4157932698726654,0.02275455929338932,0.5906262993812561,0.40732717514038086,-0.003912829328328371,0.5975901484489441,0.4093629717826843,-0.006003610324114561,0.6067133545875549,0.4096481204032898,-0.006756886839866638,0.6155602335929871,0.4082530736923218,-0.006153709255158901,0.6225507855415344,0.40595296025276184,-0.005487320013344288,0.6274144053459167,0.4037795662879944,-0.005231278482824564,0.5614264011383057,0.41629260778427124,0.04478161409497261,0.6308329701423645,0.43628570437431335,-0.016850735992193222,0.6386697292327881,0.4166889786720276,-0.022877277806401253,0.6410684585571289,0.4330993890762329,-0.029716206714510918,0.6433131694793701,0.4366764426231384,-0.026360759511590004,0.6402482390403748,0.43432265520095825,-0.02681027166545391,0.6319819688796997,0.43842655420303345,-0.014082279056310654,0.6447317600250244,0.4371805787086487,-0.027698207646608353,0.6444397568702698,0.43880900740623474,-0.020406629890203476,0.6275703310966492,0.39912158250808716,-0.003248878987506032,0.6313841938972473,0.4004226624965668,-0.0057954066433012486,0.6337375640869141,0.4011358916759491,-0.009538736194372177,0.5952931642532349,0.3960683345794678,-0.0058501772582530975,0.5905458331108093,0.39248472452163696,-0.006358169484883547,0.6542086005210876,0.41375410556793213,-0.02373301237821579,0.6845179200172424,0.4015739858150482,0.014952833764255047,0.6531006693840027,0.43788954615592957,-0.018712876364588737,0.6984650492668152,0.37410539388656616,0.04442128911614418,0.6679849624633789,0.4047422409057617,0.005823122803121805,0.6734734177589417,0.40573230385780334,0.007525359280407429,0.6788215637207031,0.40611231327056885,0.010257559828460217,0.6859748959541321,0.4034197926521301,0.016550395637750626,0.6636636257171631,0.4030477702617645,0.0047095040790736675,0.6775884032249451,0.3906860947608948,0.0037273785565048456,0.6713024377822876,0.3908679187297821,0.0019945090170949697,0.6831324100494385,0.3917189836502075,0.007034334819763899,0.6864383220672607,0.393869012594223,0.010456552729010582,0.6892118453979492,0.40710052847862244,0.02040012739598751,0.6626595258712769,0.5033004879951477,0.014678467065095901,0.6864311695098877,0.40058231353759766,0.0171447042375803,0.6981506943702698,0.40423518419265747,0.05044878274202347,0.6935140490531921,0.4027140140533447,0.02711467072367668,0.6723369359970093,0.4314627945423126,0.0033095129765570164,0.6496514081954956,0.45455020666122437,-0.012699862942099571,0.648801326751709,0.4648491442203522,-0.009984597563743591,0.6566063761711121,0.4578341245651245,-0.007281139958649874,0.6610602736473083,0.461264431476593,-0.0012816127855330706,0.6541960835456848,0.4651821255683899,-0.00612203124910593,0.6583435535430908,0.46578723192214966,-0.0007052056025713682,0.6661603450775146,0.4772772192955017,0.01183722447603941,0.654955267906189,0.43399593234062195,-0.02978009358048439,0.6562464237213135,0.42768651247024536,-0.03183942660689354,0.6932448148727417,0.3882964253425598,0.012451425194740295,0.6618149280548096,0.41449621319770813,-0.0019130969885736704,0.6639454364776611,0.43280795216560364,-0.01208699494600296,0.6639301776885986,0.42960408329963684,-0.010344242677092552,0.6871021389961243,0.4322844445705414,0.014211878180503845,0.6554304957389832,0.4200039803981781,-0.02867240458726883,0.682574450969696,0.3827431797981262,-0.002502541523426771,0.6892892122268677,0.38454240560531616,0.004335624165832996,0.6959218978881836,0.3615971505641937,0.03017869032919407,0.659180223941803,0.3863900601863861,-0.012772057205438614,0.6657824516296387,0.39247265458106995,0.0027958983555436134,0.6701536774635315,0.4692736268043518,0.01321612112224102,0.6852825284004211,0.46833890676498413,0.07010100036859512,0.6593146920204163,0.43655872344970703,-0.01050139032304287,0.6551121473312378,0.43868356943130493,-0.012544347904622555,0.6659892201423645,0.46691474318504333,0.011215727776288986,0.6645317673683167,0.46695858240127563,0.008776487782597542,0.6916235089302063,0.3801742494106293,0.007569626439362764,0.662986159324646,0.4357556104660034,-0.008629357442259789,0.6729798316955566,0.3829458951950073,-0.008353197015821934,0.6741706728935242,0.37762776017189026,-0.009892994537949562,0.6783345937728882,0.343119740486145,0.00035101111279800534,0.6937428116798401,0.3699076771736145,0.017285237088799477,0.6751413345336914,0.3586452007293701,-0.005444622598588467,0.6954484581947327,0.3851025104522705,0.01811903715133667,0.697215735912323,0.3797346353530884,0.030508775264024734,0.6494237184524536,0.46008560061454773,-0.012019570916891098,0.6554697155952454,0.4617966413497925,-0.007007271517068148,0.659783124923706,0.46358388662338257,-0.0015615216689184308,0.6577873826026917,0.43776896595954895,-0.009907282888889313,0.6652472615242004,0.4669435918331146,0.009790659882128239,0.6624959111213684,0.4692894518375397,0.006262569688260555,0.6637441515922546,0.4670301079750061,0.008415569551289082,0.6586005687713623,0.4342662990093231,-0.01930544152855873,0.6570786833763123,0.4672187268733978,0.0003201324143446982,0.6529903411865234,0.46736836433410645,-0.003614916931837797,0.6480616331100464,0.4675866961479187,-0.007075496483594179,0.6510562300682068,0.4939887225627899,0.004808712750673294,0.6492878198623657,0.48209866881370544,-0.002756555797532201,0.6491249799728394,0.4768535792827606,-0.004702857229858637,0.6486703157424927,0.4719584584236145,-0.004425887018442154,0.6480835676193237,0.4681892395019531,-0.004300582688301802,0.6570559144020081,0.4674917459487915,0.002377198077738285,0.6580864191055298,0.4692560136318207,0.0020706935320049524,0.659264326095581,0.4717659056186676,0.0020377414766699076,0.6601603031158447,0.47469252347946167,0.003793866140767932,0.6670111417770386,0.45514774322509766,0.0010951902950182557,0.6915997266769409,0.43466395139694214,0.07740790396928787,0.6601524949073792,0.4672563374042511,0.006105809006839991,0.6613102555274963,0.46816763281822205,0.0058770920149981976,0.6536146998405457,0.4413374066352844,-0.012273687869310379,0.6606426239013672,0.439791738986969,-0.0046259560622274876,0.6543064117431641,0.4400881826877594,-0.012724317610263824,0.6669685244560242,0.418468713760376,0.001958319451659918,0.6758007407188416,0.4234822392463684,0.0059293354861438274,0.6639443039894104,0.4326484203338623,-0.006594353821128607,0.6896229386329651,0.35105621814727783,0.01470105443149805,0.6866626739501953,0.3625718057155609,0.005615719128400087,0.68437659740448,0.37745392322540283,-0.001323267468251288,0.6627572774887085,0.48364096879959106,0.009393714368343353,0.661443293094635,0.37832504510879517,-0.015724502503871918,0.6625545620918274,0.35663390159606934,-0.013135457411408424,0.6645825505256653,0.33860254287719727,-0.00980030745267868,0.6833522319793701,0.4053957164287567,0.01370835117995739,0.6936463713645935,0.41142505407333374,0.02540641650557518,0.661102294921875,0.4015272259712219,0.004793339408934116,0.6906450390815735,0.39579829573631287,0.016784347593784332,0.6586004495620728,0.41022780537605286,-0.005377619061619043,0.6622223258018494,0.43036192655563354,-0.0188705176115036,0.6968474388122559,0.41649580001831055,0.033992279320955276,0.6915151476860046,0.4158777892589569,0.019932091236114502,0.6858369708061218,0.4181455373764038,0.012979104183614254,0.6757854223251343,0.41648292541503906,0.007703227456659079,0.6681340336799622,0.413375586271286,0.0044032251462340355,0.6627026200294495,0.41038990020751953,0.0009873954113572836,0.6529186964035034,0.40174636244773865,-0.014937957748770714,0.6959648728370667,0.4307599365711212,0.033615320920944214,0.6937637329101562,0.39481228590011597,0.020301111042499542,0.6521902084350586,0.43754589557647705,-0.02691848948597908,0.6617686152458191,0.4205879271030426,-0.0036725695244967937,0.6957433223724365,0.40369558334350586,0.0703631192445755,0.6588653326034546,0.4072164297103882,-0.001324304612353444,0.6635557413101196,0.433320552110672,-0.00035121350083500147,0.6881151795387268,0.4000920057296753,0.018659789115190506,0.6619676947593689,0.4264158010482788,-0.016858147457242012,0.6889683604240417,0.45090746879577637,0.07550637423992157,0.6612423658370972,0.39967721700668335,0.006230968050658703,0.6590895652770996,0.4225475788116455,-0.023818522691726685,0.6806819438934326,0.4855785071849823,0.03877205774188042,0.6776844263076782,0.49355584383010864,0.04887508973479271,0.6963825225830078,0.4332272708415985,0.05633443593978882,0.6857575178146362,0.4758912920951843,0.04663854464888573,0.6978384256362915,0.39092105627059937,0.042205601930618286,0.6628842353820801,0.5108862519264221,0.019091399386525154,0.6506065726280212,0.4392170011997223,-0.01911858841776848,0.6657130122184753,0.4256154000759125,2.081101956719067e-05,0.6959936022758484,0.4034561216831207,0.0344608873128891,0.6788030862808228,0.40249744057655334,0.010348454117774963,0.6738420724868774,0.4022162854671478,0.007859705947339535,0.6635370254516602,0.47069051861763,0.007668167818337679,0.6938178539276123,0.44474148750305176,0.03640773519873619,0.6522178053855896,0.5223145484924316,0.019179068505764008,0.6664337515830994,0.5100171566009521,0.03253505006432533,0.6718053221702576,0.5030336976051331,0.03962806612253189,0.6692056059837341,0.4014420807361603,0.006314156576991081,0.6649841070175171,0.40033504366874695,0.0060050226747989655,0.6624359488487244,0.39986130595207214,0.006482220254838467,0.6959344148635864,0.3929845690727234,0.027106037363409996,0.6656454205513,0.39865967631340027,0.004892431199550629,0.6702466011047363,0.39900216460227966,0.004561823792755604,0.6751324534416199,0.39945295453071594,0.006018179003149271,0.6799939274787903,0.39986830949783325,0.008707964792847633,0.6831580400466919,0.40027281641960144,0.011518536135554314,0.6981649994850159,0.3873828947544098,0.05877748131752014,0.6821643114089966,0.40216708183288574,0.012890366837382317,0.6628642678260803,0.4502410292625427,-0.00342720584012568,0.6599690914154053,0.4354051649570465,-0.013131125830113888,0.654143214225769,0.44735756516456604,-0.011193403974175453,0.674724817276001,0.4949183464050293,0.032467249780893326,0.6690553426742554,0.5026997923851013,0.02617759071290493,0.654161274433136,0.5171324610710144,0.012008941732347012,0.6815876960754395,0.4828391373157501,0.060061924159526825,0.6627162098884583,0.3991052210330963,0.0056293923407793045,0.6566484570503235,0.41154593229293823,-0.01439454685896635,0.6603898406028748,0.5167573094367981,0.02508428692817688,0.6937345862388611,0.4483247399330139,0.056355517357587814,0.6530148983001709,0.46777886152267456,-0.0010617367224767804,0.6539390683174133,0.4706459045410156,-0.0012461207807064056,0.6547690629959106,0.47446075081825256,-0.001143935602158308,0.6552956104278564,0.47911491990089417,0.0006348047754727304,0.6579071283340454,0.48948678374290466,0.006713730748742819,0.6616485118865967,0.46626681089401245,0.004298592451959848,0.6630163192749023,0.4652850031852722,0.004728265106678009,0.664176344871521,0.46412351727485657,0.00504753552377224,0.669535756111145,0.46157073974609375,0.007118048146367073,0.6888759732246399,0.4479086995124817,0.02279473841190338,0.6557209491729736,0.4055188298225403,-0.009807765483856201,0.6578314304351807,0.395232230424881,-0.00031992406002245843,0.6608119606971741,0.39615336060523987,0.003408384043723345,0.6601848006248474,0.4671004116535187,0.0049319700337946415,0.6866104006767273,0.4653821587562561,0.033668551594018936,0.6538482904434204,0.3952876031398773,-0.009453848004341125,0.6604697108268738,0.4959889054298401,0.0112821189686656,0.6536145806312561,0.4079763889312744,-0.020101400092244148,0.6600484251976013,0.42149534821510315,-0.01246882975101471,0.6526350378990173,0.5013521909713745,0.006908089388161898,0.6710575819015503,0.4805525243282318,0.01677638664841652,0.6676670908927917,0.439391165971756,0.0027335667982697487,0.6661682724952698,0.48907262086868286,0.01449435856193304,0.6801913976669312,0.44051593542099,0.008378886617720127,0.6725435853004456,0.44734618067741394,0.005671224091202021,0.6827226877212524,0.4524918496608734,0.015169478952884674,0.6541579365730286,0.5097917318344116,0.008306440897285938,0.6619387269020081,0.42520570755004883,-0.007007237523794174,0.6747366786003113,0.4866034686565399,0.024204034358263016,0.6686896085739136,0.4953164756298065,0.020329630002379417,0.6754359602928162,0.4710882902145386,0.017462588846683502,0.6910644769668579,0.4567776024341583,0.03919364511966705,0.6810334324836731,0.4730716049671173,0.02493351511657238,0.6903396248817444,0.462488055229187,0.05453262850642204,0.6753654479980469,0.45732128620147705,0.010154075920581818,0.6591231226921082,0.4159841537475586,-0.008667468093335629,0.6605280041694641,0.43307796120643616,-0.020331865176558495,0.6623311042785645,0.434866338968277,-0.013246487826108932,0.6596129536628723,0.4286297857761383,-0.025551408529281616,0.6626690030097961,0.39048483967781067,-0.0015751783503219485,0.6718645095825195,0.3877590298652649,-0.0012248955899849534,0.6798182725906372,0.3874663710594177,0.0009978865273296833,0.6859854459762573,0.3887063264846802,0.005369904916733503,0.689669132232666,0.391432523727417,0.010545982047915459,0.6903748512268066,0.401336133480072,0.02163405530154705,0.6979399919509888,0.41860541701316833,0.054128214716911316,0.6869925856590271,0.4097457528114319,0.017168479040265083,0.6818180084228516,0.41126176714897156,0.012342420406639576,0.6746399402618408,0.4106479287147522,0.008310218341648579,0.6677441596984863,0.40869688987731934,0.005746029317378998,0.6627086400985718,0.4064428508281708,0.003501152154058218,0.659420371055603,0.40445876121520996,0.002117776544764638,0.6932936906814575,0.419163316488266,0.07609770447015762,0.6613129377365112,0.43667739629745483,-0.010247069410979748,0.6575843095779419,0.4169729948043823,-0.018235256895422935,0.6578714847564697,0.43318161368370056,-0.025989919900894165,0.6541080474853516,0.43662652373313904,-0.024175673723220825,0.6570009589195251,0.43448251485824585,-0.02298680692911148,0.6594812870025635,0.43870991468429565,-0.008549223653972149,0.6535810828208923,0.43715977668762207,-0.025915639474987984,0.6520532369613647,0.43881094455718994,-0.018909741193056107,0.659429669380188,0.3996785581111908,0.004565516486763954,0.6568673849105835,0.4011860191822052,3.438099520280957e-05,0.6558573246002197,0.4025645852088928,-0.00472353445366025,0.6850845217704773,0.4005151093006134,0.014009365811944008,0.6883891820907593,0.3964152932167053,0.014754293486475945,0.6086140871047974,0.3985292613506317,-0.006214730441570282,0.6164230108261108,0.3983936905860901,-0.006214730441570282,0.6082898378372192,0.3927774131298065,-0.006214730441570282,0.6007933020591736,0.3986305296421051,-0.006214730441570282,0.6089131832122803,0.4041968882083893,-0.006214730441570282,0.6720018982887268,0.40078237652778625,0.00897288229316473,0.6778261065483093,0.40121981501579285,0.00897288229316473,0.6724006533622742,0.39534562826156616,0.00897288229316473,0.6661933660507202,0.4003007709980011,0.00897288229316473,0.671644389629364,0.406093567609787,0.00897288229316473
1066.666666666667,0.6496573686599731,0.46202775835990906,-0.01402994617819786,0.65461266040802,0.4404059946537018,-0.03212195262312889,0.651692271232605,0.44635140895843506,-0.015215840190649033,0.6484516263008118,0.41618531942367554,-0.027982711791992188,0.6551868319511414,0.43325650691986084,-0.0349288135766983,0.6547498106956482,0.42354708909988403,-0.0335373692214489,0.6523810029029846,0.3995801508426666,-0.020906835794448853,0.6052995920181274,0.39123156666755676,-0.005156299099326134,0.6518827676773071,0.3844574987888336,-0.01969573274254799,0.6522575616836548,0.37543147802352905,-0.02243782952427864,0.6524431109428406,0.33355996012687683,-0.020052742213010788,0.6495204567909241,0.46572187542915344,-0.013036451302468777,0.6491423845291138,0.4692875146865845,-0.010750941000878811,0.6487162113189697,0.4714960753917694,-0.007276585791260004,0.6485953330993652,0.4715430438518524,-0.005295113194733858,0.6487236618995667,0.4758111238479614,-0.005338005255907774,0.648653507232666,0.4810236692428589,-0.005763506516814232,0.6483450531959534,0.4864007234573364,-0.0036015333607792854,0.6475656032562256,0.49757254123687744,0.004203178454190493,0.6536446809768677,0.4437427520751953,-0.02862965501844883,0.6467069983482361,0.44301968812942505,-0.020985929295420647,0.5743908882141113,0.3614766299724579,0.014350327663123608,0.6237189769744873,0.39816516637802124,-0.007531164679676294,0.6174167394638062,0.3990173637866974,-0.008294801227748394,0.6108373999595642,0.39887160062789917,-0.007832818664610386,0.6019175052642822,0.3935439884662628,-0.0045479051768779755,0.6287404894828796,0.3964788019657135,-0.006101861596107483,0.6133316159248352,0.37945911288261414,-0.013315238058567047,0.6204209327697754,0.380172997713089,-0.011901096440851688,0.6068857908248901,0.3805464208126068,-0.012332672253251076,0.6026667952537537,0.3828617334365845,-0.01023987215012312,0.5955370664596558,0.3987201452255249,-0.0018601644551381469,0.6220086216926575,0.5072891116142273,0.007893233560025692,0.6024422645568848,0.38879886269569397,-0.003864007070660591,0.5721101760864258,0.39441460371017456,0.021035516634583473,0.5869225859642029,0.3932233452796936,0.0022000488825142384,0.6178813576698303,0.43150660395622253,-0.009091926738619804,0.6419851183891296,0.4600394070148468,-0.014769886620342731,0.6420074701309204,0.468634694814682,-0.011255466379225254,0.6337139010429382,0.4626397490501404,-0.012571349740028381,0.627806544303894,0.4652111530303955,-0.008807731792330742,0.6354190111160278,0.46859055757522583,-0.01012150477617979,0.6299999356269836,0.4688308537006378,-0.006493070628494024,0.6187970042228699,0.47971248626708984,0.002286103554069996,0.6494519710540771,0.4400245249271393,-0.03241388872265816,0.6491856575012207,0.4331512153148651,-0.03515429049730301,0.5929743647575378,0.3779001533985138,-0.012248490005731583,0.6308928728103638,0.41320931911468506,-0.010872854851186275,0.6327642798423767,0.4362678825855255,-0.02004345878958702,0.6319611668586731,0.43221479654312134,-0.0186065174639225,0.5973694324493408,0.43017852306365967,-0.005840297322720289,0.6489918828010559,0.4240642189979553,-0.03276959806680679,0.6101667881011963,0.3730494976043701,-0.02089829370379448,0.6002776026725769,0.3742193579673767,-0.017803816124796867,0.5832714438438416,0.3493928611278534,0.0019133375026285648,0.6391865611076355,0.3812481462955475,-0.02041642554104328,0.6266319155693054,0.38284850120544434,-0.008684237487614155,0.6144905090332031,0.4717820882797241,0.0011870735324919224,0.5723893046379089,0.46523186564445496,0.04815506562590599,0.6370838284492493,0.44053915143013,-0.016222825273871422,0.6420555710792542,0.4428577125072479,-0.01532664243131876,0.6200202107429504,0.46925675868988037,0.0011954526416957378,0.6215565800666809,0.4694065749645233,0.0001639194815652445,0.5962474346160889,0.3688676953315735,-0.015975482761859894,0.6319166421890259,0.4390217363834381,-0.01614660955965519,0.6231122016906738,0.37499427795410156,-0.021828744560480118,0.6220323443412781,0.3689494729042053,-0.024088339880108833,0.6141973733901978,0.3347479999065399,-0.018492000177502632,0.5907361507415771,0.35950392484664917,-0.008570023812353611,0.6196193695068359,0.3516373038291931,-0.02185087837278843,0.5882537364959717,0.37346741557121277,-0.008161746896803379,0.5817616581916809,0.3687218725681305,0.002346944995224476,0.641906201839447,0.46473827958106995,-0.013799426145851612,0.6345857381820679,0.4658152759075165,-0.01162738911807537,0.6288737654685974,0.46706053614616394,-0.008148787543177605,0.6383670568466187,0.4417785406112671,-0.014496944844722748,0.6208066344261169,0.4693298935890198,0.0006518324371427298,0.6244092583656311,0.4718123972415924,-0.001388017786666751,0.6223487257957458,0.46950244903564453,9.05326014617458e-05,0.6410318613052368,0.43894723057746887,-0.025103865191340446,0.6308277249336243,0.4700590968132019,-0.004883764311671257,0.6361420154571533,0.47034355998039246,-0.006925107911229134,0.6421810388565063,0.4708516001701355,-0.008018825203180313,0.6388702988624573,0.4965507984161377,0.0029505009297281504,0.6407598257064819,0.4853467047214508,-0.004863771144300699,0.6412454843521118,0.4799349308013916,-0.0067607020027935505,0.6417332887649536,0.47481629252433777,-0.00622072396799922,0.642147421836853,0.4709460437297821,-0.00605505146086216,0.6308332085609436,0.47013720870018005,-0.0033886265009641647,0.6298946142196655,0.47187212109565735,-0.00366379227489233,0.6286824941635132,0.4744113087654114,-0.004002291243523359,0.627651572227478,0.47742366790771484,-0.0027832554187625647,0.6234315037727356,0.4587312936782837,-0.008130457252264023,0.5668017864227295,0.42626988887786865,0.05057840421795845,0.6527125835418701,0.4451201856136322,-0.02011285349726677,0.6267621517181396,0.4698919653892517,-0.0012670825235545635,0.6256730556488037,0.47072529792785645,-0.0014353422448039055,0.643934965133667,0.44576382637023926,-0.01482277549803257,0.6333214640617371,0.4432200789451599,-0.010203980840742588,0.6430556774139404,0.4443572163581848,-0.01532312948256731,0.6240073442459106,0.41698431968688965,-0.009361982345581055,0.6132987141609192,0.4217960238456726,-0.008933357894420624,0.6303552389144897,0.43513426184654236,-0.014800773933529854,0.5961899757385254,0.3402101993560791,-0.00976805854588747,0.6029852032661438,0.3534609079360962,-0.016240298748016357,0.607801079750061,0.3668818175792694,-0.020874492824077606,0.6237305998802185,0.4863443672657013,0.0016509188571944833,0.6375300288200378,0.37180960178375244,-0.024368396028876305,0.6354089975357056,0.35185617208480835,-0.023579929023981094,0.6322927474975586,0.33281075954437256,-0.021732822060585022,0.6052085757255554,0.3970050513744354,-0.006266091950237751,0.5878766775131226,0.4040558934211731,0.0011015929048880935,0.631833016872406,0.3949221968650818,-0.005031578708440065,0.5954471826553345,0.3854941427707672,-0.00650903582572937,0.6358804702758789,0.4090421795845032,-0.01301450002938509,0.6373400688171387,0.4343401789665222,-0.02578595094382763,0.5793905258178711,0.409915953874588,0.007054293993860483,0.5930672883987427,0.4100819528102875,-0.0029157011304050684,0.6021785736083984,0.4136805236339569,-0.006539658177644014,0.6150407791137695,0.4126182496547699,-0.007441438268870115,0.624171793460846,0.4094431400299072,-0.007401446811854839,0.6306468844413757,0.40641695261001587,-0.008354890160262585,0.6460620760917664,0.4009084105491638,-0.019569845870137215,0.5800700187683105,0.426017165184021,0.007456309627741575,0.589300811290741,0.3845212161540985,-0.005080269183963537,0.6504932641983032,0.4434409439563751,-0.02893175557255745,0.6320465207099915,0.42071694135665894,-0.012086265720427036,0.5668400526046753,0.39236611127853394,0.04081461951136589,0.6358256936073303,0.4033585786819458,-0.00904330238699913,0.628920316696167,0.43523257970809937,-0.008239971473813057,0.5993611812591553,0.3890795111656189,-0.003255594987422228,0.636598527431488,0.4294072687625885,-0.023961499333381653,0.5682418942451477,0.4450407326221466,0.05083291232585907,0.6311966776847839,0.39229023456573486,-0.004054695833474398,0.6427483558654785,0.426078736782074,-0.029647281393408775,0.5905904769897461,0.4872812032699585,0.021955721080303192,0.5880072116851807,0.4952368438243866,0.033430065959692,0.5707933306694031,0.42667481303215027,0.028599616140127182,0.5817914605140686,0.47563058137893677,0.026309408247470856,0.5765395760536194,0.38014712929725647,0.01315981149673462,0.6196625828742981,0.5155580043792725,0.012036522850394249,0.6502819657325745,0.4447285234928131,-0.020086033269762993,0.6259707808494568,0.42563509941101074,-0.00985252670943737,0.5803952813148499,0.393657386302948,0.007355365436524153,0.6122833490371704,0.3942393958568573,-0.007454065605998039,0.6178783178329468,0.39470812678337097,-0.008043023757636547,0.6232602596282959,0.47318387031555176,-0.0005638336297124624,0.5801581740379333,0.4414151608943939,0.012040863744914532,0.6307931542396545,0.5268577933311462,0.01713070645928383,0.6089633107185364,0.5144350528717041,0.023336371406912804,0.5991684198379517,0.5065536499023438,0.027541715651750565,0.6524878740310669,0.3530843257904053,-0.021808622404932976,0.6446014642715454,0.5285003185272217,0.01821041852235794,0.6228740811347961,0.39395880699157715,-0.007453794125467539,0.6274481415748596,0.39281100034713745,-0.005973971914499998,0.6301615238189697,0.3924289345741272,-0.004455756861716509,0.583613932132721,0.38179606199264526,2.7728283384931274e-05,0.6254273056983948,0.3865516185760498,-0.007609327789396048,0.619792640209198,0.3842896819114685,-0.009789432398974895,0.6143355965614319,0.3840300142765045,-0.010479900985956192,0.6091284155845642,0.38512560725212097,-0.009800042025744915,0.6058962941169739,0.38670194149017334,-0.008091839030385017,0.5693882703781128,0.3750121295452118,0.028546197339892387,0.6082983016967773,0.39293187856674194,-0.006322972476482391,0.6510634422302246,0.45228803157806396,-0.013107053935527802,0.6303179264068604,0.4543338716030121,-0.010587528347969055,0.6373662948608398,0.4395277202129364,-0.018816692754626274,0.6427895426750183,0.45244497060775757,-0.014022852294147015,0.651669442653656,0.3912590742111206,-0.017811939120292664,0.6000288724899292,0.4981389045715332,0.019314616918563843,0.6092686653137207,0.5069311261177063,0.01615048572421074,0.6319940090179443,0.5216233730316162,0.009063907898962498,0.579363226890564,0.48223382234573364,0.04117167368531227,0.6293553709983826,0.39007240533828735,-0.00566130131483078,0.6419644355773926,0.41211262345314026,-0.02021951787173748,0.6459964513778687,0.5235607028007507,0.010330618359148502,0.6193597912788391,0.5216259956359863,0.01886969618499279,0.5717462301254272,0.44373369216918945,0.030571747571229935,0.6361366510391235,0.4704117178916931,-0.005137237254530191,0.635279655456543,0.47336244583129883,-0.0054629892110824585,0.6344509720802307,0.4773079454898834,-0.0057749361731112,0.6337664723396301,0.4821149706840515,-0.004315430298447609,0.6303682327270508,0.4922526776790619,0.0011990841012448072,0.625423789024353,0.4690421223640442,-0.003293944289907813,0.6242167353630066,0.46819496154785156,-0.003797657787799835,0.6232390999794006,0.4672790765762329,-0.0042237755842506886,0.6180001497268677,0.4646011292934418,-0.004295780323445797,0.5906996726989746,0.44638168811798096,0.002041893545538187,0.641055703163147,0.40444785356521606,-0.015860524028539658,0.636911928653717,0.38890430331230164,-0.0077605415135622025,0.6321592926979065,0.38847827911376953,-0.006484712474048138,0.6266646981239319,0.4698178172111511,-0.002158201765269041,0.5874535441398621,0.4648948609828949,0.013754414394497871,0.6434240341186523,0.3907385468482971,-0.014839687384665012,0.6257319450378418,0.49930667877197266,0.005297658033668995,0.6539236903190613,0.4153459668159485,-0.029002724215388298,0.6472258567810059,0.40890297293663025,-0.0242892038077116,0.653160810470581,0.40768352150917053,-0.024756483733654022,0.6372503042221069,0.42305994033813477,-0.019120357930660248,0.6467911601066589,0.5155191421508789,0.006051734089851379,0.6471747756004333,0.5058520436286926,0.0052287825383245945,0.6363210678100586,0.5044577717781067,0.004626210313290358,0.611247718334198,0.48310229182243347,0.005602280143648386,0.6229316592216492,0.44116881489753723,-0.007068191654980183,0.617552638053894,0.4921712875366211,0.00589995039626956,0.6070724725723267,0.4404953122138977,-0.007120704278349876,0.6163316965103149,0.44902798533439636,-0.006287205033004284,0.6005540490150452,0.45265600085258484,-0.0017969500040635467,0.6338288187980652,0.5136234760284424,0.005175766069442034,0.6327967643737793,0.4265054762363434,-0.014702178537845612,0.6040434241294861,0.48941537737846375,0.01142902858555317,0.6126944422721863,0.49894338846206665,0.010880778543651104,0.6068282127380371,0.4730048179626465,0.0032884913962334394,0.5807740092277527,0.45464789867401123,0.016606884077191353,0.596738874912262,0.4743534326553345,0.008455643430352211,0.5746800899505615,0.45990869402885437,0.030842311680316925,0.6105712652206421,0.4589376449584961,-0.0035702541936188936,0.6369778513908386,0.41627204418182373,-0.015860283747315407,0.639327883720398,0.43771088123321533,-0.02668573521077633,0.6347362995147705,0.4388241171836853,-0.01995271071791649,0.6430454254150391,0.433539479970932,-0.031137041747570038,0.6322401165962219,0.3832424581050873,-0.011474709957838058,0.621837854385376,0.37872499227523804,-0.015023202635347843,0.6125337481498718,0.37742263078689575,-0.01631489396095276,0.6045145392417908,0.3783329129219055,-0.015055285766720772,0.5988250374794006,0.3809240758419037,-0.011915644630789757,0.5939799547195435,0.3912464678287506,-0.00146915961522609,0.570690393447876,0.41030827164649963,0.024845687672495842,0.5996984243392944,0.4023228585720062,-0.003819101955741644,0.6067747473716736,0.40519842505455017,-0.006128667388111353,0.6158749461174011,0.40513497591018677,-0.007084976881742477,0.6240101456642151,0.40324753522872925,-0.006647464819252491,0.6299210786819458,0.4010546803474426,-0.006237464491277933,0.6340957283973694,0.39932236075401306,-0.0061113168485462666,0.5666295886039734,0.40911564230918884,0.04756171628832817,0.6344385147094727,0.44044825434684753,-0.016628654673695564,0.6427882313728333,0.4189838469028473,-0.024033736437559128,0.6445366144180298,0.43874356150627136,-0.030450085178017616,0.646854043006897,0.4421396553516388,-0.02685006707906723,0.6438127756118774,0.4396812617778778,-0.02737112157046795,0.6357070207595825,0.44248488545417786,-0.013719734735786915,0.6483725309371948,0.44290462136268616,-0.028235798701643944,0.6482081413269043,0.44419512152671814,-0.020528703927993774,0.6336525678634644,0.3930862247943878,-0.004255826119333506,0.6374484896659851,0.3959234654903412,-0.006944231688976288,0.6399160027503967,0.39841368794441223,-0.010827439837157726,0.6039547324180603,0.38792431354522705,-0.006316740997135639,0.5997275114059448,0.38559064269065857,-0.006891302764415741,0.6585491895675659,0.4164581894874573,-0.02550116740167141,0.6879421472549438,0.3945588171482086,0.012897000648081303,0.6578681468963623,0.4433111250400543,-0.01904439739882946,0.7052191495895386,0.36802107095718384,0.0418999083340168,0.6705523133277893,0.39966556429862976,0.004102166276425123,0.676352858543396,0.4009515047073364,0.005667181685566902,0.6819741725921631,0.4013456404209137,0.0083272410556674,0.6891642212867737,0.3966348171234131,0.014581769704818726,0.6660217046737671,0.3977769911289215,0.0030527752824127674,0.6826162934303284,0.38348016142845154,0.0013127387501299381,0.6756753921508789,0.38345789909362793,-0.0003548797976691276,0.6882487535476685,0.38498547673225403,0.004570966586470604,0.6912189722061157,0.38732874393463135,0.008025126531720161,0.6926897764205933,0.4015580415725708,0.018700476735830307,0.6672245860099792,0.5066180229187012,0.016336137428879738,0.6900809407234192,0.39222195744514465,0.015025944449007511,0.7049525380134583,0.39964255690574646,0.04921336844563484,0.697941243648529,0.3961844742298126,0.02530115470290184,0.6772351861000061,0.4330473244190216,0.002607817994430661,0.6565654873847961,0.4605872631072998,-0.011699910275638103,0.6552607417106628,0.4692387878894806,-0.008439452387392521,0.6628588438034058,0.46345949172973633,-0.006249796599149704,0.6668333411216736,0.46657952666282654,-0.00016873049025889486,0.6602637767791748,0.4695936143398285,-0.004652524366974831,0.6641246676445007,0.4702591896057129,0.0007914644666016102,0.6713317632675171,0.48042452335357666,0.013311630114912987,0.6591261029243469,0.4402111768722534,-0.030807428061962128,0.660396933555603,0.4334237575531006,-0.03323934227228165,0.6994445323944092,0.3835441470146179,0.00945876445621252,0.6665529012680054,0.414264053106308,-0.003207622794434428,0.6688883900642395,0.43706634640693665,-0.012774020433425903,0.6688394546508789,0.4330894351005554,-0.01112219039350748,0.6925035715103149,0.4326976239681244,0.01347166858613491,0.6596968770027161,0.42432260513305664,-0.030339108780026436,0.6892464756965637,0.37895822525024414,-0.005897898692637682,0.6959988474845886,0.3803257644176483,0.0009722979157231748,0.7025255560874939,0.3559730052947998,0.026641251519322395,0.6637810468673706,0.3835235834121704,-0.015500417910516262,0.6693379282951355,0.3853800892829895,0.0006977067096158862,0.6755738258361816,0.4726804792881012,0.014536390081048012,0.6939563751220703,0.4664921164512634,0.07381228357553482,0.6643348932266235,0.4411100447177887,-0.010800637304782867,0.6600608229637146,0.4433881938457489,-0.012619724497199059,0.6714518070220947,0.4718112051486969,0.012749141082167625,0.6699729561805725,0.4717482030391693,0.010343486443161964,0.6988138556480408,0.375499427318573,0.004063212312757969,0.6680853962898254,0.43981632590293884,-0.009034973569214344,0.6788323521614075,0.3794799745082855,-0.011520292609930038,0.6807004809379578,0.3741212487220764,-0.013437241315841675,0.6846579313278198,0.3393028974533081,-0.004407528322190046,0.699960470199585,0.3651885986328125,0.013644113205373287,0.6812697649002075,0.35538703203201294,-0.009610926732420921,0.701927900314331,0.3793506324291229,0.015110059641301632,0.7034589052200317,0.3745625913143158,0.027546461671590805,0.6561471819877625,0.465365469455719,-0.010761098004877567,0.6616396903991699,0.46684500575065613,-0.005729044787585735,0.6655920743942261,0.46850016713142395,-0.0002542542642913759,0.6627973914146423,0.4422835111618042,-0.010113179683685303,0.6706965565681458,0.471790075302124,0.011339341290295124,0.6680428385734558,0.47388604283332825,0.007645714562386274,0.669170618057251,0.4717387855052948,0.009974963963031769,0.6633386015892029,0.4395010769367218,-0.020155439153313637,0.6627864837646484,0.47142088413238525,0.0020286489743739367,0.6589698791503906,0.4713422358036041,-0.0017967665335163474,0.6543037295341492,0.47142431139945984,-0.005151940044015646,0.6550105214118958,0.49666303396224976,0.005671454593539238,0.655143678188324,0.4859113395214081,-0.00189190951641649,0.655177116394043,0.4804314970970154,-0.0036368416622281075,0.6548141837120056,0.475314199924469,-0.0031551895663142204,0.6541809439659119,0.47143152356147766,-0.003154314123094082,0.6626791954040527,0.47150057554244995,0.0035140523687005043,0.6638090014457703,0.4734043478965759,0.003243306651711464,0.6649821996688843,0.47607359290122986,0.0031444840133190155,0.6658103466033936,0.4791581630706787,0.004883586894720793,0.6715941429138184,0.4595445990562439,0.0018212199211120605,0.6995295286178589,0.4299888014793396,0.07931157201528549,0.665608286857605,0.4716286361217499,0.007400835864245892,0.6668375134468079,0.4726540148258209,0.0072547513991594315,0.6583048105239868,0.446218341588974,-0.012161077000200748,0.6656321883201599,0.4438745081424713,-0.004585586488246918,0.65915447473526,0.44488465785980225,-0.012713043950498104,0.6717439889907837,0.4183715283870697,0.0008481135591864586,0.6806937456130981,0.4237329363822937,0.004851294215768576,0.6689523458480835,0.43603262305259705,-0.007098964415490627,0.6962433457374573,0.34623536467552185,0.010427359491586685,0.6929524540901184,0.3585634231567383,0.0016134566394612193,0.6916278004646301,0.3733101487159729,-0.005008643493056297,0.6673859357833862,0.4867044687271118,0.010660553351044655,0.6669792532920837,0.3753131628036499,-0.019010579213500023,0.668256402015686,0.3538896441459656,-0.01721230521798134,0.6706100106239319,0.33535295724868774,-0.01465787272900343,0.6865061521530151,0.39985352754592896,0.011750034056603909,0.6972209215164185,0.4066466987133026,0.023937785997986794,0.6633623838424683,0.39619383215904236,0.0031470959074795246,0.6952646970748901,0.3896056115627289,0.014393807388842106,0.6632813215255737,0.409849613904953,-0.006870626006275415,0.6669365167617798,0.4350707530975342,-0.01989915780723095,0.7033666372299194,0.41395726799964905,0.03289536386728287,0.694504976272583,0.41285112500190735,0.01853041909635067,0.6883454322814941,0.41643476486206055,0.01165037788450718,0.677971601486206,0.41490092873573303,0.006406969856470823,0.6703126430511475,0.4112226963043213,0.003123691538348794,0.6652079820632935,0.4081014394760132,-0.0004166957805864513,0.6575005650520325,0.4013209939002991,-0.01697002537548542,0.7024854421615601,0.4294218420982361,0.03313678875565529,0.6989664435386658,0.3886970579624176,0.017846135422587395,0.6564459204673767,0.44353917241096497,-0.027628840878605843,0.6663839817047119,0.42167672514915466,-0.00466306833550334,0.7031089067459106,0.3977493941783905,0.07035300880670547,0.6615644097328186,0.4050215184688568,-0.002869861666113138,0.6685897707939148,0.4361697733402252,-0.0006175233866088092,0.691618025302887,0.3925327658653259,0.016570230945944786,0.66664719581604,0.43016335368156433,-0.017983417958021164,0.6975032687187195,0.4475233256816864,0.07834655046463013,0.6635026931762695,0.39341914653778076,0.004502174910157919,0.663547694683075,0.4265676736831665,-0.02531609497964382,0.687829852104187,0.4871271848678589,0.041084833443164825,0.6852425336837769,0.4945884943008423,0.05280053988099098,0.7038430571556091,0.43032360076904297,0.05670834705233574,0.6935076117515564,0.4763689637184143,0.04885595664381981,0.7043888568878174,0.38585931062698364,0.04009755328297615,0.6678051352500916,0.5144820809364319,0.021204104647040367,0.655001163482666,0.44485652446746826,-0.019287051633000374,0.6705487370491028,0.4268530309200287,-0.0007318496354855597,0.7004024982452393,0.3965262472629547,0.03278098627924919,0.6821086406707764,0.39714914560317993,0.008386943489313126,0.676896333694458,0.39703476428985596,0.00597253255546093,0.6690511107444763,0.4753832519054413,0.009123452939093113,0.7005891799926758,0.4440961480140686,0.03682363033294678,0.6568419337272644,0.5261455178260803,0.02221016027033329,0.672300398349762,0.5130094885826111,0.03591056168079376,0.6784197092056274,0.5051915049552917,0.043288420885801315,0.6719118356704712,0.39583972096443176,0.004504899028688669,0.667313814163208,0.39433759450912476,0.004285396542400122,0.664594829082489,0.39374086260795593,0.004764667712152004,0.7012957334518433,0.3860563039779663,0.02473277971148491,0.6691959500312805,0.38862913846969604,0.0029193374793976545,0.6747517585754395,0.3869553804397583,0.0024559388402849436,0.6804463267326355,0.38707205653190613,0.0037830336950719357,0.6853525638580322,0.38843899965286255,0.006430128123611212,0.6879779100418091,0.39014649391174316,0.009279057383537292,0.7052825689315796,0.3812103569507599,0.05748429894447327,0.6855835914611816,0.39611682295799255,0.010880942456424236,0.6672995090484619,0.4550550878047943,-0.002968261716887355,0.6648849844932556,0.440141499042511,-0.013689477927982807,0.6584937572479248,0.4527909755706787,-0.010852635838091373,0.6811406016349792,0.49728530645370483,0.03485621511936188,0.6747615933418274,0.5057567358016968,0.02846202813088894,0.6583958268165588,0.5209858417510986,0.014055494219064713,0.6898714900016785,0.4824584424495697,0.06411755084991455,0.6654229164123535,0.3915029466152191,0.0037546372041106224,0.661163330078125,0.41268429160118103,-0.01607539877295494,0.6655537486076355,0.5204100012779236,0.028171401470899582,0.7015621066093445,0.4464178681373596,0.0575108639895916,0.658875048160553,0.4713495969772339,3.606700920499861e-05,0.6598736047744751,0.4743942320346832,-0.00012058251013513654,0.6606472730636597,0.47841212153434753,-0.00016636641521472484,0.661054253578186,0.48328453302383423,0.0015175844309851527,0.6621019840240479,0.49245402216911316,0.007719459477812052,0.6672046184539795,0.4709322452545166,0.0057904222048819065,0.6685757040977478,0.4701923131942749,0.006132019683718681,0.669705867767334,0.4692651331424713,0.006350314244627953,0.6744752526283264,0.46556422114372253,0.00808101985603571,0.6948280334472656,0.4485277831554413,0.022976940497756004,0.6603298783302307,0.4051128625869751,-0.011547042056918144,0.6609779596328735,0.39029592275619507,-0.0022243098355829716,0.6637471318244934,0.3900925815105438,0.0014517023228108883,0.6656630635261536,0.4715707302093506,0.006557866930961609,0.6934464573860168,0.4661779999732971,0.034977369010448456,0.657573938369751,0.39232155680656433,-0.011587195098400116,0.6647547483444214,0.49902355670928955,0.012547970749437809,0.6580972671508789,0.4092247188091278,-0.022084590047597885,0.664564311504364,0.423829048871994,-0.013653846457600594,0.6565029621124268,0.5042710304260254,0.008108087815344334,0.6765196323394775,0.48336854577064514,0.018317265436053276,0.6727452278137207,0.4422403573989868,0.0025449723470956087,0.6711314916610718,0.4920348525047302,0.01593264937400818,0.6852588653564453,0.4422638416290283,0.007900141179561615,0.6774402260780334,0.4502657949924469,0.005731422919780016,0.6882738471031189,0.4542177617549896,0.01535781193524599,0.6581609845161438,0.5132249593734741,0.009839881211519241,0.6666135787963867,0.42741304636001587,-0.007852673530578613,0.6806985139846802,0.4891228675842285,0.026084374636411667,0.6739932298660278,0.49828362464904785,0.022176040336489677,0.6811654567718506,0.4737735986709595,0.018688026815652847,0.6981683969497681,0.45663875341415405,0.040326911956071854,0.6873645186424255,0.4749532639980316,0.026304073631763458,0.6983734369277954,0.46168047189712524,0.056423962116241455,0.6805277466773987,0.46019265055656433,0.010646479204297066,0.6636747121810913,0.417044997215271,-0.009975515305995941,0.6652482748031616,0.43828606605529785,-0.021325670182704926,0.667253315448761,0.439491331577301,-0.013817911967635155,0.6641201376914978,0.43396124243736267,-0.026842394843697548,0.666455864906311,0.3852403163909912,-0.003881306853145361,0.6766990423202515,0.3823292553424835,-0.003947526682168245,0.6853309273719788,0.3822717070579529,-0.001867914106696844,0.6916059851646423,0.3836750388145447,0.0024828684981912374,0.6948120594024658,0.38604217767715454,0.007727569900453091,0.6942855715751648,0.3944597840309143,0.019677111878991127,0.7050104141235352,0.41480520367622375,0.05367978289723396,0.6899827718734741,0.40515363216400146,0.015513329766690731,0.6846209168434143,0.40775224566459656,0.010689755901694298,0.6771414279937744,0.4072030782699585,0.006728830747306347,0.6700968742370605,0.40477699041366577,0.004251306410878897,0.6651407480239868,0.4023972749710083,0.001985434675589204,0.6619092226028442,0.4005722403526306,0.0005967296892777085,0.7007920145988464,0.4137323498725891,0.07705827057361603,0.666360080242157,0.4411064386367798,-0.010605298914015293,0.6620177626609802,0.41949740052223206,-0.01976124383509159,0.6624321341514587,0.43903541564941406,-0.027048902586102486,0.6587929725646973,0.4423121213912964,-0.02486289292573929,0.6617083549499512,0.4400571286678314,-0.023879481479525566,0.6644761562347412,0.4430527091026306,-0.008668899536132812,0.6580448150634766,0.44305694103240967,-0.026622431352734566,0.656646728515625,0.44435209035873413,-0.019156310707330704,0.6618584394454956,0.3942703306674957,0.0028851362876594067,0.6595569252967834,0.39715084433555603,-0.0016419896855950356,0.658850371837616,0.4000377655029297,-0.006453263573348522,0.6893073916435242,0.3913997411727905,0.01183021068572998,0.6925320029258728,0.3896082937717438,0.012424458749592304,0.6160266995429993,0.3888244926929474,-0.006907948292791843,0.622316837310791,0.38859570026397705,-0.006907948292791843,0.6155936121940613,0.38225215673446655,-0.006907948292791843,0.6096091270446777,0.38902410864830017,-0.006907948292791843,0.6164056658744812,0.3954314887523651,-0.006907948292791843,0.675769031047821,0.3905807435512543,0.0069795530289411545,0.6823303699493408,0.39121174812316895,0.0069795530289411545,0.6762277483940125,0.38366398215293884,0.0069795530289411545,0.6691660284996033,0.38993382453918457,0.0069795530289411545,0.6753638386726379,0.3975362181663513,0.0069795530289411545
1100.0000000000002,0.6551560163497925,0.46642380952835083,-0.015302224084734917,0.6595040559768677,0.44184553623199463,-0.03258701413869858,0.656749427318573,0.4481850862503052,-0.016054324805736542,0.6534433364868164,0.41617345809936523,-0.027494214475154877,0.6600357294082642,0.43425288796424866,-0.03516402468085289,0.6596215963363647,0.4239734411239624,-0.03340410813689232,0.6574580669403076,0.3986247479915619,-0.019484618678689003,0.6123353838920593,0.392893522977829,-0.0037515691947191954,0.6570737361907959,0.3817616105079651,-0.017309028655290604,0.6574655175209045,0.371954083442688,-0.019535185769200325,0.6576967835426331,0.3286517262458801,-0.015590629540383816,0.6550701856613159,0.47021108865737915,-0.014393441379070282,0.6547255516052246,0.47392749786376953,-0.012191581539809704,0.6543033719062805,0.47634580731391907,-0.008860619738698006,0.654205322265625,0.4765631854534149,-0.007054254878312349,0.6543692350387573,0.48124149441719055,-0.0073290374130010605,0.6543217301368713,0.4868756830692291,-0.008024666458368301,0.6540408134460449,0.4925721287727356,-0.006241342052817345,0.6529942750930786,0.5005810260772705,0.0009703510440886021,0.6585842967033386,0.4454284906387329,-0.029201483353972435,0.6516367197036743,0.4446706175804138,-0.021603891626000404,0.5789288282394409,0.35803091526031494,0.01746506802737713,0.6297221779823303,0.3999461531639099,-0.006374794524163008,0.6236826181411743,0.40091538429260254,-0.007159020286053419,0.6174014210700989,0.40056687593460083,-0.006655248813331127,0.6088172197341919,0.3950902819633484,-0.0032445271499454975,0.6346524953842163,0.3979152739048004,-0.004816142842173576,0.6203540563583374,0.3790018856525421,-0.011511084623634815,0.6272311806678772,0.3796501159667969,-0.010034491308033466,0.6141225099563599,0.3805282413959503,-0.010567042045295238,0.6098812818527222,0.3833223283290863,-0.008542515337467194,0.602096676826477,0.3998495042324066,-0.0006844642339274287,0.6277369260787964,0.5106795430183411,0.004281478468328714,0.6095856428146362,0.3901687562465668,-0.0023621690925210714,0.5764116048812866,0.39297229051589966,0.02257300727069378,0.5929456353187561,0.3938486874103546,0.00368095887824893,0.6228312253952026,0.43231382966041565,-0.009467603638768196,0.6472954750061035,0.4643387794494629,-0.016071917489171028,0.64747154712677,0.4732373058795929,-0.012733206152915955,0.6389431953430176,0.46701985597610474,-0.013940776698291302,0.6330286264419556,0.4697069525718689,-0.010226477868855,0.640825092792511,0.47317975759506226,-0.01159113459289074,0.6353704333305359,0.4734485149383545,-0.008001154288649559,0.6235486268997192,0.482685923576355,0.00014780627680011094,0.6543353796005249,0.4414304196834564,-0.03287184610962868,0.6540706753730774,0.4340859055519104,-0.03538964316248894,0.6003729701042175,0.37806740403175354,-0.009978082031011581,0.6361083984375,0.41320663690567017,-0.010280866175889969,0.6377355456352234,0.43753567337989807,-0.02046491950750351,0.6369479894638062,0.4332582652568817,-0.018909338861703873,0.6021085381507874,0.4306240677833557,-0.006039063911885023,0.653903603553772,0.42448267340660095,-0.032663166522979736,0.6183978319168091,0.37255650758743286,-0.018287457525730133,0.6084020733833313,0.3739679753780365,-0.015239933505654335,0.5881957411766052,0.34508347511291504,0.005564479622989893,0.6455632448196411,0.3815336227416992,-0.017989506945014,0.6330828070640564,0.38266146183013916,-0.006892253179103136,0.619062602519989,0.4744032025337219,-0.000594473269302398,0.5772911310195923,0.46795934438705444,0.046428900212049484,0.6420213580131531,0.44207409024238586,-0.016763318330049515,0.6469590663909912,0.44450515508651733,-0.015973016619682312,0.6253594756126404,0.4737757444381714,-0.00048148201312869787,0.6269060969352722,0.47392576932907104,-0.0015084035694599152,0.6040392518043518,0.36834287643432617,-0.013178828172385693,0.6368225812911987,0.4404885470867157,-0.016693387180566788,0.6308987140655518,0.37487363815307617,-0.019238553941249847,0.6300936937332153,0.3685120642185211,-0.021220732480287552,0.619519054889679,0.3295966684818268,-0.014238454401493073,0.5957351922988892,0.35557812452316284,-0.005350023508071899,0.6248816847801208,0.34715473651885986,-0.018220659345388412,0.594873309135437,0.37335097789764404,-0.005694572348147631,0.5864441990852356,0.3654981553554535,0.005139458458870649,0.6472946405410767,0.46918195486068726,-0.015179253183305264,0.6399019360542297,0.47029197216033936,-0.013056792318820953,0.6341708898544312,0.4716167449951172,-0.009621426463127136,0.6432799100875854,0.4433940351009369,-0.015056753531098366,0.6261487603187561,0.473856657743454,-0.0010024767834693193,0.629662275314331,0.47642168402671814,-0.0032771097030490637,0.6277251839637756,0.47402459383010864,-0.0015673334710299969,0.645977795124054,0.4403720200061798,-0.02553415298461914,0.636219322681427,0.4747249186038971,-0.006488764192909002,0.6415625214576721,0.47503864765167236,-0.008525783196091652,0.6476473808288574,0.47560179233551025,-0.009625820443034172,0.6442424654960632,0.49964773654937744,-0.00028264097636565566,0.6459975242614746,0.4913313388824463,-0.007503605913370848,0.6465334892272949,0.4856467843055725,-0.00906651746481657,0.6470946073532104,0.4800809323787689,-0.008243859745562077,0.6476045250892639,0.475857675075531,-0.00785194244235754,0.6362032890319824,0.4747851490974426,-0.005130050238221884,0.6351220011711121,0.47662660479545593,-0.005598599556833506,0.6337884664535522,0.47926750779151917,-0.006158715579658747,0.6326543092727661,0.48234057426452637,-0.005059665068984032,0.6280401349067688,0.4609464406967163,-0.009322035126388073,0.5709688067436218,0.4269463121891022,0.05068690702319145,0.6576929688453674,0.44686371088027954,-0.02079988270998001,0.6321336030960083,0.47445017099380493,-0.0029711390379816294,0.6309877038002014,0.47531408071517944,-0.0032653522212058306,0.6488409638404846,0.4475420117378235,-0.015694554895162582,0.6381930708885193,0.4448985755443573,-0.010953901335597038,0.647958517074585,0.4460691511631012,-0.01604583114385605,0.6290938258171082,0.4171518087387085,-0.009006980806589127,0.6182489395141602,0.4220120310783386,-0.008771976456046104,0.6352857947349548,0.43636804819107056,-0.015231850557029247,0.6013924479484558,0.33531320095062256,-0.005744726862758398,0.6081653237342834,0.34909993410110474,-0.012771079316735268,0.6160775423049927,0.366034597158432,-0.017989391461014748,0.6287255883216858,0.4893789291381836,-0.0008882984984666109,0.6443526744842529,0.3719292879104614,-0.02150704897940159,0.6406804323196411,0.34758466482162476,-0.019883478060364723,0.6375988721847534,0.3276899456977844,-0.017379436641931534,0.6119567155838013,0.39868655800819397,-0.005037817172706127,0.5942500829696655,0.4050142168998718,0.0020777354948222637,0.6377975940704346,0.396175742149353,-0.0036395196802914143,0.6024759411811829,0.3862541913986206,-0.004749826621264219,0.6411359906196594,0.4087623655796051,-0.012214998714625835,0.6423378586769104,0.4354266822338104,-0.026102565228939056,0.5839150547981262,0.40926870703697205,0.007815268822014332,0.600057065486908,0.41137319803237915,-0.0022542213555425406,0.6094256639480591,0.4149756133556366,-0.0060442774556577206,0.6218105554580688,0.41388171911239624,-0.0068796114064753056,0.6304395198822021,0.41063636541366577,-0.0067216078750789165,0.6365984678268433,0.407405287027359,-0.0074798124842345715,0.6512173414230347,0.4000231623649597,-0.01822490058839321,0.5846165418624878,0.42622578144073486,0.007504221983253956,0.5959263443946838,0.3848457932472229,-0.0031800472643226385,0.6554145812988281,0.44508886337280273,-0.029507987201213837,0.6371849179267883,0.4211200773715973,-0.011902415193617344,0.5708726048469543,0.3909105062484741,0.04252299293875694,0.6416565179824829,0.404196560382843,-0.007949640974402428,0.6338325142860413,0.43649953603744507,-0.008734005503356457,0.606380045413971,0.3904317617416382,-0.0017453221371397376,0.6416284441947937,0.4302259683609009,-0.024112198501825333,0.5727214217185974,0.4468000531196594,0.05004116892814636,0.6372625827789307,0.393471360206604,-0.002508458448573947,0.6477497220039368,0.42662984132766724,-0.029650123789906502,0.5961951017379761,0.4903239905834198,0.019292039796710014,0.5937569737434387,0.49886226654052734,0.030512968078255653,0.5752148628234863,0.4270918071269989,0.02865065634250641,0.5871033072471619,0.47834980487823486,0.02411046251654625,0.5809527635574341,0.37777960300445557,0.015397490002214909,0.6255876421928406,0.5189363956451416,0.00805743969976902,0.6552401781082153,0.44644850492477417,-0.020769977942109108,0.6310077905654907,0.42628613114356995,-0.009933998808264732,0.5854278802871704,0.3940598964691162,0.008818049915134907,0.6190524101257324,0.39640307426452637,-0.006150960456579924,0.6244041919708252,0.39688581228256226,-0.006740732118487358,0.628423810005188,0.4778149127960205,-0.0024961328599601984,0.5848392248153687,0.4424948990345001,0.01134439092129469,0.6368164420127869,0.5303214192390442,0.012674877420067787,0.6150878667831421,0.5181952714920044,0.01961548998951912,0.6052073836326599,0.5103330016136169,0.024220678955316544,0.6577225923538208,0.3490818738937378,-0.018077461048960686,0.6504190564155579,0.5319368839263916,0.013697967864573002,0.629187822341919,0.39594802260398865,-0.006090002600103617,0.6336612701416016,0.39442917704582214,-0.0045349434949457645,0.6363109350204468,0.3938260078430176,-0.002930388553068042,0.5891391038894653,0.38180211186408997,0.0020383140072226524,0.6316272020339966,0.3863973319530487,-0.00595124764367938,0.6262467503547668,0.38364726305007935,-0.008074811659753323,0.6210517287254333,0.3835354745388031,-0.008782497607171535,0.6160658001899719,0.38511523604393005,-0.00815185159444809,0.6129944324493408,0.3872365951538086,-0.006525320466607809,0.573605477809906,0.3724556863307953,0.031050032004714012,0.6152144074440002,0.39486390352249146,-0.004968144465237856,0.6561479568481445,0.4544127285480499,-0.014135899022221565,0.635048508644104,0.45644640922546387,-0.011704286560416222,0.6423220634460449,0.44100016355514526,-0.019256530329585075,0.6477071046829224,0.45453742146492004,-0.015118773095309734,0.6568267345428467,0.38949525356292725,-0.015912696719169617,0.6058629155158997,0.5014801025390625,0.016189061105251312,0.6152006983757019,0.5103163719177246,0.01257308479398489,0.6378399133682251,0.5249933004379272,0.0047745052725076675,0.5847254395484924,0.4855598211288452,0.038796260952949524,0.6355187892913818,0.3907821774482727,-0.004039993975311518,0.6471041440963745,0.4119161069393158,-0.01951705664396286,0.6516481041908264,0.526787519454956,0.0059972661547362804,0.6254753470420837,0.5252445340156555,0.014733337797224522,0.5764166712760925,0.44510504603385925,0.029806433245539665,0.6415306329727173,0.4752120077610016,-0.006913148332387209,0.6405103802680969,0.47838810086250305,-0.007452243939042091,0.6395394206047058,0.48258548974990845,-0.008036026731133461,0.6387656927108765,0.4875730276107788,-0.0068153273314237595,0.6355698108673096,0.49535271525382996,-0.0017046036664396524,0.6308329105377197,0.4736403226852417,-0.004827599972486496,0.6295677423477173,0.4727688729763031,-0.005302426405251026,0.6285185217857361,0.4718180000782013,-0.005703049246221781,0.6224968433380127,0.4669913351535797,-0.005649729166179895,0.5953866243362427,0.4476756453514099,0.0011439070804044604,0.6462781429290771,0.40383267402648926,-0.01476315874606371,0.6425692439079285,0.3894314765930176,-0.005967681761831045,0.6380752325057983,0.3889760375022888,-0.0047347815707325935,0.6320611834526062,0.47444772720336914,-0.003792850999161601,0.5924879908561707,0.46708250045776367,0.012069590389728546,0.64906907081604,0.39109566807746887,-0.013047855347394943,0.6312286257743835,0.5026072859764099,0.00198595249094069,0.6588612794876099,0.4153292775154114,-0.02846313640475273,0.6523024439811707,0.4085082709789276,-0.023343520238995552,0.6581666469573975,0.40725982189178467,-0.02376292645931244,0.6423625349998474,0.4235309064388275,-0.018959779292345047,0.6523950695991516,0.5187361836433411,0.0020728588569909334,0.6527117490768433,0.5089961290359497,0.0016227999003604054,0.6418824791908264,0.5077494382858276,0.0010190213797613978,0.616417646408081,0.4860854744911194,0.0032492305617779493,0.6277658343315125,0.44263410568237305,-0.007768360432237387,0.6229303479194641,0.49538886547088623,0.0030049250926822424,0.6118797063827515,0.44158831238746643,-0.007898087613284588,0.6211001873016357,0.4507299065589905,-0.007262291386723518,0.6053178906440735,0.45428919792175293,-0.0030215310398489237,0.6395313143730164,0.5170285105705261,0.001237118267454207,0.6378626823425293,0.42723873257637024,-0.014753153547644615,0.6096029281616211,0.49247312545776367,0.008738054893910885,0.6183862090110779,0.5021781921386719,0.007639859337359667,0.6117445826530457,0.47556740045547485,0.0013824146008118987,0.5856483578681946,0.4564218521118164,0.01530988235026598,0.6019177436828613,0.4768573045730591,0.0064587281085550785,0.5796674489974976,0.4620618224143982,0.029295409098267555,0.6152332425117493,0.4609704613685608,-0.004827623255550861,0.6421540975570679,0.4163769483566284,-0.015424752607941628,0.6442878842353821,0.43902575969696045,-0.027065597474575043,0.6396992206573486,0.44023793935775757,-0.02045184187591076,0.6479865908622742,0.4345266819000244,-0.03134599328041077,0.6385636329650879,0.3834925889968872,-0.00943785347044468,0.6290266513824463,0.3786611258983612,-0.012820539064705372,0.6202589273452759,0.37731242179870605,-0.014160209335386753,0.6124697327613831,0.3784462511539459,-0.012979820370674133,0.6064474582672119,0.3814336955547333,-0.009933979250490665,0.6006029844284058,0.3921763002872467,5.4030217143008485e-05,0.5749935507774353,0.4097861349582672,0.02563994936645031,0.6065570116043091,0.4036640226840973,-0.0028369713108986616,0.6135275959968567,0.40653175115585327,-0.005213008262217045,0.6223086714744568,0.4065980911254883,-0.006199234630912542,0.6300305724143982,0.404643714427948,-0.00574817880988121,0.6356760859489441,0.4021774232387543,-0.005140066146850586,0.6397058963775635,0.40024492144584656,-0.004921195562928915,0.5706460475921631,0.4087115228176117,0.04852432757616043,0.6393555998802185,0.44197890162467957,-0.01718255504965782,0.6478434205055237,0.41915109753608704,-0.02369140274822712,0.6494345664978027,0.44009819626808167,-0.03086058236658573,0.6517567038536072,0.44371217489242554,-0.027392465621232986,0.648722231388092,0.4411330223083496,-0.027815017849206924,0.6405971646308899,0.44413304328918457,-0.014365045353770256,0.6532894968986511,0.44451430439949036,-0.02880847454071045,0.6531401872634888,0.4459002614021301,-0.021181926131248474,0.6395456790924072,0.39415138959884644,-0.002727231942117214,0.6429561376571655,0.39669784903526306,-0.005504068452864885,0.6455987691879272,0.39907723665237427,-0.009447344578802586,0.6111635565757751,0.38885122537612915,-0.00478091835975647,0.6068874597549438,0.3865193724632263,-0.005283341743052006,0.6635016798973083,0.4165607988834381,-0.02497270330786705,0.6938247084617615,0.3959236145019531,0.014542128890752792,0.6629123091697693,0.44506531953811646,-0.019641101360321045,0.711370050907135,0.3659588694572449,0.0453747883439064,0.6767058968544006,0.40133777260780334,0.005418767221271992,0.6827309727668762,0.4024566113948822,0.0070005785673856735,0.6884555816650391,0.402681440114975,0.009715478867292404,0.6953528523445129,0.39838406443595886,0.016133461147546768,0.6718893647193909,0.3993240296840668,0.004475192166864872,0.6885032653808594,0.3835127055644989,0.003316814312711358,0.6812528967857361,0.38348594307899475,0.001683750539086759,0.6943292021751404,0.38517987728118896,0.0065500675700604916,0.6974018216133118,0.38779205083847046,0.00994898471981287,0.6993974447250366,0.40313446521759033,0.02016630209982395,0.672722578048706,0.5102390646934509,0.01288569439202547,0.6957653164863586,0.39385730028152466,0.016776597127318382,0.711642861366272,0.39950037002563477,0.05115186795592308,0.704569935798645,0.3978046774864197,0.027105383574962616,0.6828786730766296,0.43442776799201965,0.0024560221936553717,0.6622384786605835,0.465021550655365,-0.012918025255203247,0.6609429121017456,0.47393226623535156,-0.009819703176617622,0.668657124042511,0.4680746793746948,-0.007461253087967634,0.6727670431137085,0.4712379276752472,-0.0013601775281131268,0.6660218238830566,0.474347859621048,-0.005958898924291134,0.6699764728546143,0.47501665353775024,-0.0005011479952372611,0.677114725112915,0.48361092805862427,0.011433489620685577,0.6640434861183167,0.44171738624572754,-0.03125176206231117,0.6652727127075195,0.4344820976257324,-0.033450931310653687,0.705560564994812,0.3828416168689728,0.012025736272335052,0.6718566417694092,0.4146610200405121,-0.0024797525256872177,0.67405104637146,0.4387049078941345,-0.013093949295580387,0.6740641593933105,0.43450453877449036,-0.011315668001770973,0.6986216306686401,0.4340466856956482,0.01365170069038868,0.6645820736885071,0.42485836148262024,-0.03019740991294384,0.6949719786643982,0.37783360481262207,-0.0030420238617807627,0.7019752860069275,0.3792100250720978,0.0038053460884839296,0.7083665728569031,0.35298359394073486,0.03058026172220707,0.669126033782959,0.38323020935058594,-0.012980861589312553,0.6747318506240845,0.3856009542942047,0.002629318041726947,0.6814174056053162,0.47561973333358765,0.013071712106466293,0.6999274492263794,0.4701634347438812,0.07253232598304749,0.6694710850715637,0.44292205572128296,-0.011314982548356056,0.6651982665061951,0.4451979696750641,-0.013245242647826672,0.6776517629623413,0.47620531916618347,0.011361240409314632,0.6761379837989807,0.47618475556373596,0.008950202725827694,0.7045848369598389,0.37382209300994873,0.007139375898987055,0.6733219623565674,0.4416263997554779,-0.009474027901887894,0.6843014359474182,0.37875574827194214,-0.008782903663814068,0.6859720349311829,0.3725303113460541,-0.010431976057589054,0.6900343298912048,0.3349628448486328,2.2301330318441615e-05,0.7056849598884583,0.36231595277786255,0.01715252175927162,0.6866695284843445,0.35154393315315247,-0.005825555883347988,0.7078633904457092,0.37838760018348694,0.01788703352212906,0.7094764709472656,0.372483491897583,0.03068685531616211,0.6618363261222839,0.46992260217666626,-0.012050975114107132,0.6674340963363647,0.4715014696121216,-0.0069869086146354675,0.6715021133422852,0.473184734582901,-0.0014998681144788861,0.6679484844207764,0.44412586092948914,-0.010621578432619572,0.6768751740455627,0.4762108027935028,0.009955083020031452,0.6742427349090576,0.4785531163215637,0.006008874159306288,0.6752996444702148,0.47619545459747314,0.008586256764829159,0.6683842539787292,0.44117334485054016,-0.02052057534456253,0.6685980558395386,0.4762342870235443,0.0006362291169352829,0.6647056341171265,0.4761870801448822,-0.0032287011854350567,0.6599803566932678,0.47626304626464844,-0.006657967809587717,0.660507321357727,0.49979326128959656,0.002539804670959711,0.661216139793396,0.4920279383659363,-0.004403144586831331,0.6611650586128235,0.48624956607818604,-0.005812354851514101,0.6606866121292114,0.48067718744277954,-0.0050449129194021225,0.6599055528640747,0.4764222502708435,-0.004821271635591984,0.6685318350791931,0.4762459397315979,0.0019952263683080673,0.6698704361915588,0.4783083498477936,0.0015346381114795804,0.6712404489517212,0.48112672567367554,0.0012451285729184747,0.6722389459609985,0.48432302474975586,0.0028637556824833155,0.6772605180740356,0.4620761573314667,0.0008532591164112091,0.7060596346855164,0.43191200494766235,0.0797804445028305,0.671505331993103,0.4762018322944641,0.005944720469415188,0.6728987097740173,0.47728437185287476,0.005675312597304583,0.6634800434112549,0.4481021761894226,-0.012992321513593197,0.6708897352218628,0.44583001732826233,-0.005231770221143961,0.6643150448799133,0.4467267692089081,-0.013416535221040249,0.6772667765617371,0.4190462529659271,0.0013951625442132354,0.6864728331565857,0.42463773488998413,0.00528025021776557,0.6742538809776306,0.4376455843448639,-0.0074063194915652275,0.7018212676048279,0.3424765169620514,0.014667407609522343,0.6984742879867554,0.3550914227962494,0.005302556790411472,0.6971080899238586,0.3713628947734833,-0.0018823532154783607,0.6730722784996033,0.48989012837409973,0.008356607519090176,0.6721561551094055,0.3739786446094513,-0.016071684658527374,0.6735578775405884,0.3499683141708374,-0.013430551625788212,0.6758952140808105,0.33066731691360474,-0.010196611285209656,0.6928904056549072,0.40137770771980286,0.013206543400883675,0.704421877861023,0.40846845507621765,0.02525007352232933,0.6689659357070923,0.3975883722305298,0.004643627442419529,0.7016255855560303,0.39022770524024963,0.01642693020403385,0.6684775948524475,0.40988990664482117,-0.005979577545076609,0.6720046401023865,0.4364874064922333,-0.02013646624982357,0.7098320722579956,0.4145542085170746,0.03404437005519867,0.701865017414093,0.41436851024627686,0.019524088129401207,0.6957263946533203,0.41758644580841064,0.01246780063956976,0.685026228427887,0.41605937480926514,0.007235483732074499,0.6769035458564758,0.41239166259765625,0.0040075103752315044,0.6713271141052246,0.4089006185531616,0.0005921511328779161,0.6625819206237793,0.40055298805236816,-0.015581962652504444,0.7088744640350342,0.4307856559753418,0.03360801190137863,0.7053303718566895,0.3891642987728119,0.0200355127453804,0.6614282727241516,0.4452401101589203,-0.028194844722747803,0.6716547012329102,0.42244622111320496,-0.004348081070929766,0.7099063992500305,0.39767351746559143,0.07247869670391083,0.6674048900604248,0.40536925196647644,-0.0016667500603944063,0.6739649772644043,0.43782690167427063,-0.0009358049719594419,0.6977398991584778,0.39429837465286255,0.018345491960644722,0.6717441082000732,0.43130218982696533,-0.018046909943223,0.7037359476089478,0.45039302110671997,0.0779431164264679,0.6688408851623535,0.39480292797088623,0.006145879160612822,0.6685171127319336,0.4273465573787689,-0.0252620168030262,0.6934662461280823,0.4908040761947632,0.03876291215419769,0.690772533416748,0.4987230896949768,0.050245001912117004,0.7103472352027893,0.43192413449287415,0.05720013007521629,0.6993814706802368,0.4799115061759949,0.047052863985300064,0.7107577323913574,0.384730726480484,0.04270245134830475,0.6732377409934998,0.5181323289871216,0.017383810132741928,0.6600055694580078,0.4466189742088318,-0.019966542720794678,0.676011323928833,0.4279523491859436,-0.0006414806703105569,0.7074755430221558,0.3985115587711334,0.034612059593200684,0.6882467269897461,0.3983449935913086,0.009907450526952744,0.6830242276191711,0.3983335494995117,0.007464374415576458,0.6753647327423096,0.48007118701934814,0.007446324918419123,0.7068490386009216,0.44622084498405457,0.03658498078584671,0.6624510288238525,0.5297431945800781,0.017850345000624657,0.677722692489624,0.5170941352844238,0.03240308165550232,0.6838529706001282,0.5093613862991333,0.04024636745452881,0.6778668761253357,0.39723026752471924,0.006020726636052132,0.6730213165283203,0.39576056599617004,0.005842388141900301,0.670077919960022,0.3952008783817291,0.00638920534402132,0.7076826691627502,0.38652029633522034,0.02707851305603981,0.6745667457580566,0.38935598731040955,0.004701069090515375,0.6800898909568787,0.3875861167907715,0.004329432733356953,0.6858593225479126,0.38782018423080444,0.0056569697335362434,0.6908808350563049,0.38946664333343506,0.008277029730379581,0.6935856938362122,0.39143306016921997,0.011076375842094421,0.711759090423584,0.3800593614578247,0.06039151921868324,0.6916208863258362,0.3973291516304016,0.012466770596802235,0.6727845072746277,0.4574193060398102,-0.003927688580006361,0.6699802875518799,0.44191044569015503,-0.014062563888728619,0.6637184619903564,0.4549979567527771,-0.011892933398485184,0.6865977048873901,0.5011196136474609,0.03199148550629616,0.6801603436470032,0.5095192790031433,0.025087550282478333,0.6638913154602051,0.5244953632354736,0.009864311665296555,0.6956165432929993,0.48652344942092896,0.062136951833963394,0.6707376837730408,0.39255139231681824,0.0054767257533967495,0.6662295460700989,0.41270217299461365,-0.01530393771827221,0.6710346341133118,0.5242708325386047,0.02420545369386673,0.7078043222427368,0.44887426495552063,0.05718807131052017,0.6646616458892822,0.47626984119415283,-0.001547517254948616,0.6658897995948792,0.47958746552467346,-0.0019081594655290246,0.6668590307235718,0.4839029610157013,-0.0022029816173017025,0.6674202084541321,0.4890115261077881,-0.0007497131591662765,0.6677069067955017,0.4956251382827759,0.005011855158954859,0.6731542944908142,0.4755634069442749,0.004488712642341852,0.674578845500946,0.4747816026210785,0.004870811011642218,0.6757500171661377,0.47382035851478577,0.005128581076860428,0.6802869439125061,0.46827569603919983,0.007011024747043848,0.7010642886161804,0.4507169723510742,0.02247997373342514,0.665438175201416,0.4047238826751709,-0.010392391122877598,0.6663040518760681,0.3907015919685364,-0.00036831293255090714,0.6690484285354614,0.3907713294029236,0.0033114629331976175,0.6715593338012695,0.47625887393951416,0.005172471050173044,0.6994507908821106,0.4692016541957855,0.03368271514773369,0.6630454659461975,0.39186134934425354,-0.009722437709569931,0.6703178882598877,0.502474844455719,0.00940782856196165,0.6631098389625549,0.4089512526988983,-0.021101223304867744,0.6696640253067017,0.4245903193950653,-0.013399282470345497,0.662040114402771,0.5076253414154053,0.004578601568937302,0.682135283946991,0.4867507219314575,0.016257435083389282,0.6782501935958862,0.44414854049682617,0.002034382428973913,0.676690936088562,0.4955219328403473,0.013262327760457993,0.6911770701408386,0.44406354427337646,0.007423899602144957,0.6831158995628357,0.45247897505760193,0.004988841246813536,0.6943073868751526,0.45658379793167114,0.014498671516776085,0.6636788845062256,0.5167432427406311,0.0059820981696248055,0.6718419790267944,0.4284942150115967,-0.007789659313857555,0.6862062215805054,0.49268606305122375,0.02367432788014412,0.6794605851173401,0.5018773674964905,0.01914687268435955,0.6869246363639832,0.4768398702144623,0.017124535515904427,0.7042748332023621,0.4593808054924011,0.03947428986430168,0.6931683421134949,0.47811734676361084,0.024652542546391487,0.7044215798377991,0.4648386538028717,0.05533107742667198,0.6863452196121216,0.4627511203289032,0.009678248316049576,0.6688083410263062,0.4174465537071228,-0.009431937709450722,0.6702864766120911,0.43990767002105713,-0.021636031568050385,0.6723744869232178,0.4412538707256317,-0.01423257403075695,0.6690826416015625,0.4351966381072998,-0.027048438787460327,0.6717365384101868,0.3854476809501648,-0.0017567278118804097,0.6823413372039795,0.3821849822998047,-0.0016140566440299153,0.6912503838539124,0.38197511434555054,0.0004977276548743248,0.6977391242980957,0.3833143711090088,0.004792334046214819,0.70116126537323,0.3859933018684387,0.009961351752281189,0.700663149356842,0.3960742652416229,0.021477125585079193,0.7116838097572327,0.41556450724601746,0.05489379167556763,0.696811318397522,0.4067195951938629,0.01678488217294216,0.6914719939231873,0.40900394320487976,0.011865094304084778,0.6838177442550659,0.40854573249816895,0.007842698134481907,0.6764539480209351,0.4062378406524658,0.005337512586265802,0.6710938215255737,0.40367645025253296,0.0032267230562865734,0.6676205396652222,0.40149784088134766,0.001908204983919859,0.7075573205947876,0.4146772623062134,0.07840567082166672,0.6715343594551086,0.4429481625556946,-0.011074407957494259,0.6670191287994385,0.4198780953884125,-0.01935569755733013,0.6674218773841858,0.4405904710292816,-0.027419233694672585,0.6638312935829163,0.4440181851387024,-0.02538401074707508,0.6667466759681702,0.4417039155960083,-0.024282339960336685,0.6696816682815552,0.444955050945282,-0.009238546714186668,0.6630591154098511,0.4447624385356903,-0.027176499366760254,0.661679208278656,0.446133553981781,-0.019793136045336723,0.6672227382659912,0.39551910758018494,0.004494206979870796,0.6650424003601074,0.39780423045158386,-0.00010248667240375653,0.6644640564918518,0.40002313256263733,-0.005000412929803133,0.6949405074119568,0.39283815026283264,0.013606488704681396,0.6987886428833008,0.3905695080757141,0.014270959421992302,0.6211501955986023,0.38948437571525574,-0.0053965006954967976,0.6274580359458923,0.3893427848815918,-0.0053965006954967976,0.6211726069450378,0.38182783126831055,-0.0053965006954967976,0.6146776676177979,0.38956454396247864,-0.0053965006954967976,0.6210915446281433,0.3971312344074249,-0.0053965006954967976,0.6808269023895264,0.3927724063396454,0.008667475543916225,0.6875823140144348,0.39329490065574646,0.008667475543916225,0.6812826991081238,0.38575586676597595,0.008667475543916225,0.6740599274635315,0.3922366499900818,0.008667475543916225,0.6804428100585938,0.39984047412872314,0.008667475543916225
1133.3333333333335,0.6610293984413147,0.47072431445121765,-0.016566399484872818,0.6667317748069763,0.44738441705703735,-0.03233933821320534,0.6634269952774048,0.4543048143386841,-0.016455059871077538,0.6605458855628967,0.4211795926094055,-0.026731394231319427,0.6673431396484375,0.4395586848258972,-0.03464989364147186,0.6668017506599426,0.42910322546958923,-0.032547980546951294,0.6641850471496582,0.40319618582725525,-0.017545411363244057,0.617291271686554,0.396597683429718,-0.004650501534342766,0.6639161109924316,0.3835538923740387,-0.014424785040318966,0.6645013689994812,0.37293723225593567,-0.01616705022752285,0.6646134257316589,0.33007168769836426,-0.010875261388719082,0.6608312129974365,0.4746008515357971,-0.01580161042511463,0.6603744029998779,0.47835564613342285,-0.013689541257917881,0.65986168384552,0.4806656241416931,-0.010573153384029865,0.659713625907898,0.48078709840774536,-0.009047629311680794,0.6598003506660461,0.48522359132766724,-0.009516753256320953,0.6596577167510986,0.4905984401702881,-0.01028191763907671,0.6592515110969543,0.49615415930747986,-0.008617395535111427,0.6588661074638367,0.5070816278457642,-0.0015936862910166383,0.6656422019004822,0.4512096345424652,-0.029117127880454063,0.6587838530540466,0.45055609941482544,-0.021976184099912643,0.5839125514030457,0.3595839738845825,0.016830233857035637,0.6348974704742432,0.404859334230423,-0.006765132769942284,0.6285868287086487,0.40544137358665466,-0.007819357328116894,0.6222491264343262,0.4046584367752075,-0.007507451344281435,0.6136789321899414,0.39917612075805664,-0.004335859324783087,0.6402276754379272,0.40294185280799866,-0.004721181001514196,0.6267203688621521,0.3812589645385742,-0.011527950875461102,0.6337876319885254,0.38231468200683594,-0.009665733203291893,0.6200582385063171,0.3826689124107361,-0.010842542164027691,0.6154335737228394,0.3857039213180542,-0.009074613451957703,0.6068900227546692,0.4041149616241455,-0.00210457481443882,0.6340087652206421,0.5169176459312439,4.50416118837893e-05,0.6146721243858337,0.39406049251556396,-0.0032347221858799458,0.5811790823936462,0.3959636688232422,0.02024022489786148,0.5980746150016785,0.39825722575187683,0.002212302293628454,0.6292266249656677,0.43777769804000854,-0.011186997406184673,0.6533752679824829,0.46852585673332214,-0.017677973955869675,0.653195858001709,0.4775712192058563,-0.01462284754961729,0.6449207663536072,0.47130948305130005,-0.016124961897730827,0.638811469078064,0.4739983081817627,-0.0129835931584239,0.6464808583259583,0.4774848222732544,-0.01392607856541872,0.6409053206443787,0.47773024439811707,-0.010765718296170235,0.6298843622207642,0.48908066749572754,-0.0037052936386317015,0.6617097854614258,0.4469505250453949,-0.03283084183931351,0.6615196466445923,0.43936821818351746,-0.035120639950037,0.606023907661438,0.38003289699554443,-0.01005873829126358,0.6424886584281921,0.41831278800964355,-0.010498340241611004,0.6450647115707397,0.4433475434780121,-0.021414587274193764,0.644133985042572,0.4390036165714264,-0.019826063886284828,0.6079550981521606,0.4357309937477112,-0.00858057476580143,0.6611815094947815,0.4295913577079773,-0.032162267714738846,0.6246975064277649,0.37284696102142334,-0.016997283324599266,0.6143738031387329,0.37493428587913513,-0.014470038004219532,0.5940555334091187,0.34598639607429504,0.006010479759424925,0.6520013213157654,0.38240236043930054,-0.015733987092971802,0.639690637588501,0.3859737813472748,-0.006409205496311188,0.6255485415458679,0.48061251640319824,-0.004471353255212307,0.5820128321647644,0.472531259059906,0.0409756638109684,0.6491813659667969,0.4479973614215851,-0.017650017514824867,0.6540153622627258,0.4505912959575653,-0.016534676775336266,0.6307266354560852,0.47798454761505127,-0.00418038060888648,0.632258415222168,0.47817546129226685,-0.005047964863479137,0.6101826429367065,0.36938050389289856,-0.012444667518138885,0.6439879536628723,0.4465367794036865,-0.01781500317156315,0.637336790561676,0.3749483525753021,-0.017468923702836037,0.6365858316421509,0.36820870637893677,-0.019206013530492783,0.6266331672668457,0.330222487449646,-0.011651621200144291,0.6019876003265381,0.35630929470062256,-0.004780338145792484,0.6320143342018127,0.3478032350540161,-0.015898795798420906,0.6006307005882263,0.3756374418735504,-0.005855702795088291,0.5920456051826477,0.3669036626815796,0.00471793208271265,0.6531953811645508,0.47348302602767944,-0.01694883592426777,0.6457279920578003,0.4746039807796478,-0.015361029654741287,0.63983553647995,0.47590136528015137,-0.012389746494591236,0.6503799557685852,0.449442058801651,-0.015811804682016373,0.6315141320228577,0.4780775308609009,-0.00458174804225564,0.635166585445404,0.4806060492992401,-0.0067622484639286995,0.6330561637878418,0.4782892167568207,-0.0050399028696119785,0.6532790064811707,0.44604796171188354,-0.026060087606310844,0.6416611671447754,0.4789702594280243,-0.009310510009527206,0.6471201777458191,0.4792824685573578,-0.010993970558047295,0.6532696485519409,0.4798770546913147,-0.01172871794551611,0.650346040725708,0.5060942769050598,-0.0032146137673407793,0.6516358256340027,0.4949164390563965,-0.01024862565100193,0.6522061824798584,0.48932725191116333,-0.011712061241269112,0.6527530550956726,0.48406824469566345,-0.010826156474649906,0.6532162427902222,0.480044960975647,-0.010241672396659851,0.6416622996330261,0.4790334701538086,-0.008144959807395935,0.6407203674316406,0.48075777292251587,-0.008735470473766327,0.6395015716552734,0.4833236336708069,-0.009471968747675419,0.6384379863739014,0.48640596866607666,-0.008517183363437653,0.6347668170928955,0.4670233726501465,-0.011903045699000359,0.5748668909072876,0.4306187331676483,0.04649684578180313,0.6645598411560059,0.45278042554855347,-0.020986083894968033,0.6374952793121338,0.47874772548675537,-0.006266976706683636,0.636425793170929,0.47954171895980835,-0.006652354262769222,0.655781626701355,0.4537169337272644,-0.016471542418003082,0.6451669931411743,0.45113492012023926,-0.012169227935373783,0.6549602746963501,0.4522128403186798,-0.016656914725899696,0.6352984309196472,0.42234301567077637,-0.009816656820476055,0.6243341565132141,0.42715662717819214,-0.01013744156807661,0.6423425078392029,0.44227808713912964,-0.01637723296880722,0.6079915761947632,0.3358939290046692,-0.00421774759888649,0.6149108409881592,0.349536269903183,-0.011352868750691414,0.622471809387207,0.3662259578704834,-0.016671981662511826,0.635040283203125,0.4957379400730133,-0.00462567713111639,0.6508342623710632,0.3716188967227936,-0.018838487565517426,0.6479101777076721,0.3488417863845825,-0.016749858856201172,0.644784152507782,0.3286340534687042,-0.013734819367527962,0.6167969703674316,0.40265047550201416,-0.006053920369595289,0.5987124443054199,0.40950217843055725,0.00010984182154061273,0.6437625288963318,0.4010956883430481,-0.0033375928178429604,0.6077720522880554,0.38935956358909607,-0.005523719359189272,0.6476276516914368,0.41367587447166443,-0.011955191381275654,0.6497448086738586,0.44096338748931885,-0.026638995856046677,0.5891435146331787,0.4131039083003998,0.005193816963583231,0.6043493151664734,0.4155583083629608,-0.004336785990744829,0.6137840747833252,0.41909483075141907,-0.007861965335905552,0.6266209483146667,0.41857218742370605,-0.008006773889064789,0.6357415318489075,0.4157071113586426,-0.007339103147387505,0.6424683332443237,0.41233885288238525,-0.007508821785449982,0.6579958200454712,0.404544860124588,-0.016741517931222916,0.589894711971283,0.43067362904548645,0.004170892760157585,0.6014108061790466,0.3881304860115051,-0.004042702727019787,0.6626147031784058,0.450846403837204,-0.02959798276424408,0.6438331604003906,0.4264751374721527,-0.012515269219875336,0.5746784210205078,0.39369380474090576,0.039850056171417236,0.647799551486969,0.4085797071456909,-0.007520352490246296,0.6406340599060059,0.4424768090248108,-0.010127990506589413,0.6114160418510437,0.39432451128959656,-0.002711721695959568,0.6488785147666931,0.43570613861083984,-0.024559037759900093,0.57700514793396,0.45094168186187744,0.04520514979958534,0.6434693336486816,0.3982848823070526,-0.0021607859525829554,0.6550391912460327,0.4318532645702362,-0.02957800030708313,0.6023151874542236,0.49590614438056946,0.014011726714670658,0.5994685292243958,0.5041399002075195,0.024885861203074455,0.5799753665924072,0.43108803033828735,0.024791372939944267,0.5928476452827454,0.48358550667762756,0.018822917714715004,0.5860261917114258,0.38008344173431396,0.014032072387635708,0.631876528263092,0.5249209403991699,0.0034311783965677023,0.6622424721717834,0.45234793424606323,-0.02106359228491783,0.6375154852867126,0.43177247047424316,-0.011070740409195423,0.5906681418418884,0.39901816844940186,0.006956799421459436,0.6238223910331726,0.40006089210510254,-0.006901577580720186,0.6292356848716736,0.40095317363739014,-0.007262954954057932,0.6340020298957825,0.48200032114982605,-0.006104340311139822,0.5902943015098572,0.4472905397415161,0.007318927440792322,0.6427114605903625,0.5361865758895874,0.008034199476242065,0.6212695837020874,0.5238677859306335,0.014403288252651691,0.6112998723983765,0.5158774256706238,0.018784480169415474,0.6647685170173645,0.35086292028427124,-0.014103700406849384,0.6557564735412598,0.5378613471984863,0.009634732268750668,0.6343029141426086,0.4004535973072052,-0.006283978000283241,0.6391047239303589,0.39927995204925537,-0.004453881178051233,0.6421256065368652,0.3987678587436676,-0.002644159598276019,0.5948798656463623,0.38549932837486267,0.0009909524815157056,0.6379455924034119,0.3912552297115326,-0.005741799715906382,0.6326435804367065,0.3883192539215088,-0.007952254265546799,0.6274332404136658,0.38779783248901367,-0.008914741687476635,0.6221164464950562,0.3890244960784912,-0.008553530089557171,0.6186410784721375,0.39103466272354126,-0.0071692802011966705,0.5778810977935791,0.3746379315853119,0.029399070888757706,0.6200704574584961,0.3984210789203644,-0.005821000784635544,0.6626986861228943,0.4606032073497772,-0.014827288687229156,0.6418808698654175,0.46260422468185425,-0.013612084090709686,0.6495616436004639,0.4468271732330322,-0.019960423931479454,0.6545252799987793,0.4607251286506653,-0.01625124365091324,0.6634480357170105,0.3928956687450409,-0.01358742918819189,0.6121564507484436,0.5072845816612244,0.011051592417061329,0.621558666229248,0.5161651372909546,0.007661798037588596,0.643873393535614,0.5311056971549988,0.0005809581489302218,0.5899564027786255,0.4904994070529938,0.03322005644440651,0.6417682766914368,0.3955937623977661,-0.003717162413522601,0.6539552211761475,0.4168558120727539,-0.018958259373903275,0.6571845412254333,0.532930850982666,0.0023680597078055143,0.6316497325897217,0.5310400128364563,0.009734341874718666,0.5814287662506104,0.4495045840740204,0.02529209479689598,0.6471090316772461,0.4793998599052429,-0.00963920634239912,0.6462193727493286,0.48241564631462097,-0.010346951894462109,0.6453562378883362,0.48644042015075684,-0.01112072542309761,0.6446145176887512,0.4913838505744934,-0.010034957900643349,0.641840398311615,0.5017470121383667,-0.0051404316909611225,0.6362203359603882,0.47790542244911194,-0.00794070865958929,0.6350484490394592,0.47701722383499146,-0.008519485592842102,0.63409823179245,0.4760754704475403,-0.008962425403296947,0.6290939450263977,0.47309911251068115,-0.008935711346566677,0.6012205481529236,0.45294055342674255,-0.0024276962503790855,0.6529091596603394,0.4085157513618469,-0.013875474222004414,0.6490035057067871,0.3929603397846222,-0.004938327707350254,0.6446095108985901,0.3930288553237915,-0.004084673244506121,0.6374086141586304,0.47871097922325134,-0.006972749251872301,0.5984415411949158,0.47247248888015747,0.007498718332499266,0.6554991602897644,0.39383646845817566,-0.011431626975536346,0.6374477744102478,0.5089637637138367,-0.0018150272080674767,0.6658856272697449,0.4203647971153259,-0.02729107439517975,0.6592569351196289,0.41337767243385315,-0.022157127037644386,0.6650531888008118,0.4121725559234619,-0.022217489778995514,0.649293839931488,0.4288540482521057,-0.019161418080329895,0.6581138372421265,0.5251277089118958,-0.0011784981470555067,0.6585092544555664,0.5155071020126343,-0.0012926856288686395,0.6479604244232178,0.5142151713371277,-0.0023662305902689695,0.62281334400177,0.492289662361145,-0.0009454187238588929,0.6344073414802551,0.4485875368118286,-0.00958643015474081,0.6292325258255005,0.5017001032829285,-0.0010820613242685795,0.6181715726852417,0.4470595419406891,-0.010438337922096252,0.6276149153709412,0.4565894603729248,-0.009754684753715992,0.6115428805351257,0.4598769545555115,-0.006519967690110207,0.6456261873245239,0.5234053730964661,-0.0025772694498300552,0.6447091698646545,0.4328000843524933,-0.015460559166967869,0.6159917116165161,0.498496949672699,0.004061580635607243,0.6247598528862,0.5082677602767944,0.0031041160691529512,0.6182087659835815,0.4815784990787506,-0.002759397029876709,0.591267466545105,0.46144336462020874,0.010790295898914337,0.6082447171211243,0.4826143682003021,0.0019596158526837826,0.5849837064743042,0.46685370802879333,0.02422117069363594,0.6217001080513,0.46689504384994507,-0.008027523756027222,0.6488927006721497,0.4215179979801178,-0.01548039074987173,0.6516685485839844,0.4446299374103546,-0.027568474411964417,0.6470212936401367,0.4460671544075012,-0.02131885290145874,0.6554479598999023,0.4398861825466156,-0.031385280191898346,0.6450406312942505,0.38590142130851746,-0.008379248902201653,0.6353667974472046,0.38012632727622986,-0.011861548759043217,0.6263692378997803,0.3785164952278137,-0.013534956611692905,0.6182548999786377,0.37987279891967773,-0.012798899784684181,0.6119349598884583,0.3834253251552582,-0.010162198916077614,0.6056694388389587,0.3964115083217621,-0.0010611868929117918,0.5796545743942261,0.41330546140670776,0.02243974804878235,0.6111888885498047,0.4078526198863983,-0.004312263336032629,0.6182575225830078,0.4107838571071625,-0.006395039614289999,0.6271927356719971,0.41133397817611694,-0.007023859303444624,0.6352751851081848,0.4097841680049896,-0.006291322875767946,0.6414340734481812,0.40731844305992126,-0.00506916269659996,0.645787239074707,0.40506166219711304,-0.004601731896400452,0.5743598341941833,0.41193634271621704,0.04507359117269516,0.6465481519699097,0.44798755645751953,-0.0181485153734684,0.6548699140548706,0.4242497384548187,-0.023421229794621468,0.6568658351898193,0.44564586877822876,-0.031047778204083443,0.6589977145195007,0.4494829773902893,-0.027588315308094025,0.6560457348823547,0.44679826498031616,-0.028108514845371246,0.6476763486862183,0.4502907991409302,-0.01532895490527153,0.6605370044708252,0.45026662945747375,-0.02894975244998932,0.6602177023887634,0.45181140303611755,-0.021516140550374985,0.6459168195724487,0.3987346887588501,-0.002198899630457163,0.6492890119552612,0.40097782015800476,-0.00474249292165041,0.6519176363945007,0.40280601382255554,-0.00841977447271347,0.6165233850479126,0.39263877272605896,-0.005526477470993996,0.6120871901512146,0.3895420432090759,-0.006067041773349047,0.670330822467804,0.42173025012016296,-0.02356846258044243,0.6995158791542053,0.4002877175807953,0.01826409250497818,0.669297993183136,0.4510873258113861,-0.01951923593878746,0.714836061000824,0.37039217352867126,0.05174960196018219,0.6832550764083862,0.40619200468063354,0.008038045838475227,0.6893274188041687,0.4072806239128113,0.009961011819541454,0.6948494911193848,0.407351016998291,0.013011676259338856,0.7009767889976501,0.40328699350357056,0.0199261661618948,0.6782422065734863,0.4038345515727997,0.006956842262297869,0.6938003897666931,0.3856331706047058,0.007051545660942793,0.6865901947021484,0.38564082980155945,0.005019403528422117,0.6997069120407104,0.3875696361064911,0.010592865757644176,0.702879011631012,0.39078259468078613,0.014069617725908756,0.7049679160118103,0.4085293114185333,0.02406330220401287,0.6772546172142029,0.5167139172554016,0.01071757823228836,0.7011531591415405,0.39836499094963074,0.02074037306010723,0.7148732542991638,0.4047603905200958,0.05597873032093048,0.7091575860977173,0.4032370448112488,0.03159097582101822,0.6882448792457581,0.4408006966114044,0.0037949876859784126,0.6679184436798096,0.4693795442581177,-0.013753521256148815,0.6664620041847229,0.4784579277038574,-0.01099434494972229,0.6741150617599487,0.4726729094982147,-0.008054695092141628,0.6780484914779663,0.4760662615299225,-0.0019579483196139336,0.6714268326759338,0.4790143072605133,-0.006906470749527216,0.6752851009368896,0.47984442114830017,-0.0014526315499097109,0.6817063093185425,0.49060532450675964,0.010266064666211605,0.6710067391395569,0.4473535716533661,-0.030798418447375298,0.6723234057426453,0.4399292469024658,-0.03269198164343834,0.7103648781776428,0.3854830861091614,0.017491700127720833,0.6776215434074402,0.4204241633415222,-0.0006846094038337469,0.6796560287475586,0.4450342655181885,-0.01217012107372284,0.6796582937240601,0.440781831741333,-0.010294008068740368,0.7034640908241272,0.4406089782714844,0.01616978459060192,0.6715421080589294,0.43013501167297363,-0.029072321951389313,0.7002869844436646,0.37799304723739624,0.002095150761306286,0.7069921493530273,0.3804817795753479,0.009386459365487099,0.712501585483551,0.3566916584968567,0.037269026041030884,0.6752212047576904,0.3830578029155731,-0.009433384984731674,0.6801311373710632,0.3881305456161499,0.005538280121982098,0.6858322620391846,0.4825807213783264,0.01246967539191246,0.7011837959289551,0.47636649012565613,0.0737297311425209,0.6751314997673035,0.44927069544792175,-0.010900643654167652,0.6711182594299316,0.4515202045440674,-0.013151793740689754,0.6827133893966675,0.48143288493156433,0.010460658930242062,0.6812454462051392,0.48136913776397705,0.00787864439189434,0.7091614007949829,0.3752906024456024,0.012973560951650143,0.6787144541740417,0.4481769800186157,-0.008754394017159939,0.6900363564491272,0.37823089957237244,-0.004399815108627081,0.6915230751037598,0.3717714548110962,-0.005735744256526232,0.6959166526794434,0.33735978603363037,0.006245031021535397,0.7105290293693542,0.3654443621635437,0.023328768089413643,0.6931068897247314,0.35375723242759705,-0.00038819853216409683,0.7121888399124146,0.3816010057926178,0.02362891286611557,0.7136345505714417,0.37632474303245544,0.03666546568274498,0.6674302816390991,0.4744136333465576,-0.013044539839029312,0.6728514432907104,0.47616371512413025,-0.0077826292254030704,0.6767910122871399,0.4780278503894806,-0.002289471449330449,0.6736050844192505,0.4505334496498108,-0.010261790826916695,0.6819592118263245,0.4814092814922333,0.008959678001701832,0.679186224937439,0.4834694564342499,0.004711733665317297,0.6804367899894714,0.4813574552536011,0.007500401232391596,0.6746100783348083,0.44718867540359497,-0.019773488864302635,0.6739208102226257,0.48101598024368286,-0.00047361216275021434,0.6700927019119263,0.48079124093055725,-0.004413073416799307,0.6654403805732727,0.4807223677635193,-0.00804021768271923,0.6660292744636536,0.5063629150390625,0.0002784603857435286,0.6660464406013489,0.4957229495048523,-0.00640599150210619,0.6661797761917114,0.49007290601730347,-0.007681038696318865,0.6658960580825806,0.484811395406723,-0.006845467258244753,0.6652911901473999,0.4807790219783783,-0.006459582597017288,0.6738108992576599,0.4810003340244293,0.0006960002356208861,0.6749222278594971,0.48292210698127747,0.0001045564204105176,0.6760464906692505,0.48563864827156067,-0.0002780422510113567,0.6768137216567993,0.48881059885025024,0.001322940574027598,0.6823897361755371,0.46877074241638184,0.0007641306729055941,0.7079939842224121,0.4377143085002899,0.0829123929142952,0.6767733097076416,0.48118600249290466,0.004763639532029629,0.6780040860176086,0.48222026228904724,0.004395903553813696,0.6695662140846252,0.45443832874298096,-0.013098970986902714,0.6762201189994812,0.45250874757766724,-0.00497798016294837,0.6703161597251892,0.45305824279785156,-0.013392921537160873,0.6829057931900024,0.42507538199424744,0.003302062628790736,0.6919271945953369,0.4308876395225525,0.007546051871031523,0.6796717047691345,0.44409313797950745,-0.006547590252012014,0.7068114280700684,0.34551212191581726,0.021295832470059395,0.7041231989860535,0.3576578199863434,0.011234130710363388,0.7021145820617676,0.3715249001979828,0.003507192712277174,0.6779148578643799,0.4966875910758972,0.006820123177021742,0.6780669093132019,0.3729490637779236,-0.012033135630190372,0.6803818345069885,0.3520403802394867,-0.008678687736392021,0.6823829412460327,0.33255735039711,-0.004709090571850538,0.6988815069198608,0.40611496567726135,0.016791796311736107,0.7097598910331726,0.41438332200050354,0.02917303889989853,0.6750606298446655,0.40162500739097595,0.00705450214445591,0.7067729830741882,0.3941030204296112,0.021037086844444275,0.6744314432144165,0.41533777117729187,-0.004119223915040493,0.678135335445404,0.4424765408039093,-0.019157636910676956,0.7137535810470581,0.4204476475715637,0.03806241229176521,0.7081064581871033,0.42016541957855225,0.02300436422228813,0.7026410102844238,0.4231370985507965,0.015426441095769405,0.6921772360801697,0.4214961528778076,0.00979677401483059,0.6839608550071716,0.4176074266433716,0.00621416699141264,0.678138256072998,0.4135791063308716,0.0026462506502866745,0.6690393090248108,0.40531066060066223,-0.013437408953905106,0.7126893997192383,0.43714067339897156,0.03690880537033081,0.7099922895431519,0.39332154393196106,0.02503267303109169,0.6682957410812378,0.45106375217437744,-0.02796226739883423,0.6773573160171509,0.4283733665943146,-0.003003625199198723,0.7125492095947266,0.4029504656791687,0.07742012292146683,0.6740633845329285,0.40926235914230347,0.00039863889105618,0.6792501211166382,0.4443742334842682,-0.0002718860632739961,0.7030581831932068,0.39899158477783203,0.022480763494968414,0.6777844429016113,0.4372212588787079,-0.01694226823747158,0.7052446007728577,0.4564405381679535,0.08012904971837997,0.6745103001594543,0.39859873056411743,0.008684535510838032,0.6750863790512085,0.4328729808330536,-0.024079864844679832,0.6959063410758972,0.49727755784988403,0.03833422809839249,0.6925960183143616,0.5049756169319153,0.049667466431856155,0.7130228877067566,0.4378858506679535,0.060508981347084045,0.7014931440353394,0.48637908697128296,0.04751250520348549,0.71443110704422,0.3893875479698181,0.048168327659368515,0.6773537397384644,0.5243020057678223,0.01502223126590252,0.666689395904541,0.45258042216300964,-0.020061368122696877,0.6815038919448853,0.4341384172439575,0.0006276407511904836,0.7114152312278748,0.40459510684013367,0.039266448467969894,0.6945298910140991,0.40257346630096436,0.013243849389255047,0.6894973516464233,0.40275391936302185,0.010562587529420853,0.6801607608795166,0.4850177764892578,0.006176180671900511,0.710151731967926,0.45270973443984985,0.03896379843354225,0.667009174823761,0.5356674194335938,0.014491742476820946,0.6808437705039978,0.5231320858001709,0.03041316196322441,0.6862869262695312,0.5155184864997864,0.038905248045921326,0.6842424869537354,0.40176624059677124,0.008904766291379929,0.679243266582489,0.4001609981060028,0.008557635359466076,0.6760438084602356,0.39933276176452637,0.009030219167470932,0.7116659879684448,0.391385555267334,0.03234953433275223,0.6800293326377869,0.39304906129837036,0.007584340404719114,0.6854501366615295,0.391261488199234,0.007581463549286127,0.6911541223526001,0.391384482383728,0.009165427647531033,0.6962153315544128,0.3931747376918793,0.012021170929074287,0.6989545822143555,0.3954211175441742,0.014895981177687645,0.7147989869117737,0.38498830795288086,0.06618038564920425,0.6976057887077332,0.40155479311943054,0.01603531837463379,0.6782243251800537,0.4640582203865051,-0.00393940694630146,0.6757560968399048,0.4481585621833801,-0.013446989469230175,0.6698296070098877,0.46140849590301514,-0.012235864996910095,0.6894670724868774,0.5074978470802307,0.030742041766643524,0.6835789084434509,0.5157321691513062,0.02323007583618164,0.6687504053115845,0.5306960344314575,0.006898488849401474,0.697020411491394,0.492809534072876,0.062442876398563385,0.6763249635696411,0.39623045921325684,0.008199122734367847,0.6726082563400269,0.41797733306884766,-0.013661407865583897,0.6748818755149841,0.530232846736908,0.0215911865234375,0.7100291848182678,0.4550436735153198,0.059547390788793564,0.6699777245521545,0.4807852506637573,-0.0029642602894455194,0.6709592938423157,0.4839080572128296,-0.0034562235232442617,0.6716647744178772,0.48800551891326904,-0.0038517590146511793,0.6719784736633301,0.49301308393478394,-0.0024899491108953953,0.672840416431427,0.5022792220115662,0.0031650280579924583,0.678399384021759,0.48057496547698975,0.0035362544003874063,0.6797794699668884,0.4798203408718109,0.004040286876261234,0.6809114217758179,0.4788818061351776,0.0044243535958230495,0.6850811243057251,0.4750993549823761,0.006781719159334898,0.7050676941871643,0.4574053883552551,0.024272382259368896,0.6716471314430237,0.40979501605033875,-0.008403696119785309,0.6720820069313049,0.39323970675468445,0.0020573276560753584,0.6745986938476562,0.3938157260417938,0.006009705830365419,0.6768356561660767,0.4812181890010834,0.004113475792109966,0.7024654746055603,0.4758559763431549,0.034491416066884995,0.6693112254142761,0.39367207884788513,-0.00723774591460824,0.6751516461372375,0.5091012120246887,0.007386221084743738,0.6697803735733032,0.41401517391204834,-0.01934576779603958,0.6757428646087646,0.4303450584411621,-0.012160690501332283,0.6674269437789917,0.5142154693603516,0.002051956718787551,0.6862207651138306,0.4936085343360901,0.015215249732136726,0.6833953857421875,0.45079511404037476,0.002694640075787902,0.6810818910598755,0.5022876262664795,0.01165561843663454,0.6961376667022705,0.4506467282772064,0.008760612457990646,0.6881140470504761,0.45916038751602173,0.005535907577723265,0.6986573934555054,0.4633045792579651,0.015407859347760677,0.6688662171363831,0.5232284665107727,0.0032959156669676304,0.6775177717208862,0.4345792233943939,-0.006686543580144644,0.6896827816963196,0.4993428587913513,0.022631263360381126,0.6833787560462952,0.508385181427002,0.017407430335879326,0.6909695267677307,0.48370710015296936,0.016803838312625885,0.7071072459220886,0.4659167230129242,0.04102340713143349,0.6965435743331909,0.4848485291004181,0.024607447907328606,0.70638507604599,0.47117161750793457,0.05679674819111824,0.6909275054931641,0.469558984041214,0.010003974661231041,0.6748354434967041,0.42304277420043945,-0.007935521192848682,0.6764793395996094,0.44591590762138367,-0.020763982087373734,0.6780332922935486,0.4475720524787903,-0.013508137315511703,0.6756971478462219,0.4408789575099945,-0.02607755735516548,0.677399754524231,0.3869154751300812,0.0012072500539943576,0.6879141330718994,0.38316282629966736,0.0021359166130423546,0.6967383623123169,0.3831591308116913,0.004844705108553171,0.7031383514404297,0.38511228561401367,0.009474013932049274,0.7064599990844727,0.38868433237075806,0.014774617739021778,0.7057188153266907,0.40110456943511963,0.02580391988158226,0.7146881222724915,0.42123112082481384,0.05901830270886421,0.7029064893722534,0.4120333194732666,0.020326633006334305,0.6980368494987488,0.4141685962677002,0.015063587576150894,0.6906400322914124,0.41373246908187866,0.010642997920513153,0.6831942200660706,0.41134732961654663,0.007671493571251631,0.6775820255279541,0.40835726261138916,0.0054758512414991856,0.6739422082901001,0.40562307834625244,0.004015306476503611,0.7098489999771118,0.42020073533058167,0.08246811479330063,0.6770499348640442,0.4494136571884155,-0.010482403449714184,0.6735268831253052,0.42528462409973145,-0.01797822304069996,0.6740502715110779,0.44637662172317505,-0.026738543063402176,0.6703827381134033,0.44991856813430786,-0.025073399767279625,0.6731956601142883,0.44760364294052124,-0.02368486300110817,0.6751735210418701,0.45151403546333313,-0.008901311084628105,0.6697679758071899,0.4506232440471649,-0.026910940185189247,0.6681936979293823,0.45214831829071045,-0.01978345960378647,0.672995924949646,0.39905083179473877,0.0068577989004552364,0.6711243987083435,0.40122905373573303,0.0020759489852935076,0.6709325313568115,0.40306341648101807,-0.002824889961630106,0.7003167271614075,0.3970663547515869,0.017520960420370102,0.7042217254638672,0.3943484425544739,0.018421387299895287,0.6268177628517151,0.39395296573638916,-0.0056868004612624645,0.6337255239486694,0.39406058192253113,-0.0056868004612624645,0.6269322037696838,0.38549330830574036,-0.0056868004612624645,0.6197659373283386,0.39376571774482727,-0.0056868004612624645,0.6266568899154663,0.4023434817790985,-0.0056868004612624645,0.6867080926895142,0.397022008895874,0.011936989612877369,0.6934458017349243,0.3974132835865021,0.011936989612877369,0.6869229674339294,0.39005404710769653,0.011936989612877369,0.6799013614654541,0.3966056704521179,0.011936989612877369,0.6865394711494446,0.40402019023895264,0.011936989612877369
1166.6666666666667,0.6653590202331543,0.4748549461364746,-0.016116585582494736,0.6719784736633301,0.45243656635284424,-0.0316273495554924,0.6685011386871338,0.4594982862472534,-0.016001883894205093,0.6660186052322388,0.4255844056606293,-0.026319779455661774,0.6726269721984863,0.4444141983985901,-0.03391668573021889,0.6720985770225525,0.4337092638015747,-0.03187897428870201,0.6695200204849243,0.4070681035518646,-0.01721872203052044,0.6234514713287354,0.3994518220424652,-0.005606587044894695,0.6694186329841614,0.38652610778808594,-0.014223651960492134,0.670109748840332,0.37548041343688965,-0.01597389578819275,0.6701616048812866,0.33165860176086426,-0.010881244204938412,0.6651799082756042,0.47861015796661377,-0.015380964614450932,0.6647595167160034,0.48239967226982117,-0.013303576968610287,0.664300799369812,0.4847985804080963,-0.010231920517981052,0.6642054915428162,0.4849727153778076,-0.00889501441270113,0.6642718315124512,0.48942768573760986,-0.009331599809229374,0.6641213297843933,0.4947945773601532,-0.010053731501102448,0.6637412309646606,0.5002644658088684,-0.008389798924326897,0.6635293960571289,0.5119277238845825,-0.0014281858457252383,0.6708337068557739,0.45635467767715454,-0.028455941006541252,0.6640958189964294,0.4557044804096222,-0.021542374044656754,0.5892548561096191,0.362251341342926,0.015217892825603485,0.6401784420013428,0.40840137004852295,-0.007355580572038889,0.6341428756713867,0.40888509154319763,-0.008506249636411667,0.628024697303772,0.4080153703689575,-0.008288414217531681,0.6196928024291992,0.40222132205963135,-0.005313018802553415,0.6452605724334717,0.4064653813838959,-0.005215461365878582,0.6332196593284607,0.3839314579963684,-0.012230605818331242,0.6398913264274597,0.3851964771747589,-0.010261359624564648,0.6268133521080017,0.3852073848247528,-0.011638626456260681,0.6221963763237,0.38825055956840515,-0.009963089600205421,0.6128983497619629,0.40748852491378784,-0.0031548913102597,0.6395079493522644,0.5219236612319946,-0.0003904917393811047,0.6208869218826294,0.39679691195487976,-0.004244454205036163,0.5864850282669067,0.3998106122016907,0.018505418673157692,0.6041687726974487,0.40156733989715576,0.000967672502156347,0.6350416541099548,0.4425778090953827,-0.01158185489475727,0.6577122807502747,0.4725290536880493,-0.017336513847112656,0.6576510667800903,0.4815898537635803,-0.014355961233377457,0.6493964791297913,0.4752281606197357,-0.01597665436565876,0.6435328722000122,0.4779496490955353,-0.01307400781661272,0.6510869860649109,0.48147913813591003,-0.013820033520460129,0.645734429359436,0.4817643463611603,-0.010854517109692097,0.6352912187576294,0.49425768852233887,-0.004188086371868849,0.6670837998390198,0.45200759172439575,-0.03217985853552818,0.6669809222221375,0.44421759247779846,-0.03446796163916588,0.613246500492096,0.38294172286987305,-0.011050701141357422,0.6481756567955017,0.4227244257926941,-0.010694124735891819,0.6507645845413208,0.44835010170936584,-0.02125033736228943,0.6498613953590393,0.44386956095695496,-0.019725775346159935,0.6138550043106079,0.44044190645217896,-0.009452689439058304,0.66663658618927,0.4342089891433716,-0.031616535037755966,0.6321631669998169,0.37557893991470337,-0.017586050555109978,0.6218559741973877,0.3776721954345703,-0.015263304114341736,0.599739670753479,0.3481878638267517,0.004639763850718737,0.6581495404243469,0.38645437359809875,-0.015814850106835365,0.6453505158424377,0.3890473544597626,-0.00693699112161994,0.631038248538971,0.485826313495636,-0.005062771495431662,0.5866086483001709,0.4783797562122345,0.039346933364868164,0.6547233462333679,0.45311909914016724,-0.017436083406209946,0.6594085693359375,0.45571815967559814,-0.016202585771679878,0.6359844207763672,0.48230209946632385,-0.004702453035861254,0.6374943256378174,0.48249006271362305,-0.005480904132127762,0.617857813835144,0.3720417022705078,-0.013344626873731613,0.649592936038971,0.4515691101551056,-0.017690567299723625,0.6444767713546753,0.3782293200492859,-0.017793461680412292,0.6439509391784668,0.371308296918869,-0.019512396305799484,0.6325924396514893,0.33184123039245605,-0.012366716749966145,0.6080701351165771,0.35904762148857117,-0.005989145487546921,0.6381535530090332,0.35005155205726624,-0.016466926783323288,0.6079043745994568,0.37860408425331116,-0.006992161273956299,0.5978623032569885,0.3699919879436493,0.0032454999163746834,0.6575769782066345,0.47742727398872375,-0.016641385853290558,0.6502559781074524,0.4785504639148712,-0.015238930471241474,0.6445918083190918,0.47989094257354736,-0.012471459805965424,0.6558564305305481,0.4545636475086212,-0.015592298470437527,0.6367561221122742,0.4823981821537018,-0.0050519113428890705,0.6402179002761841,0.4848925769329071,-0.007109799422323704,0.6382659673690796,0.4825879633426666,-0.00545680895447731,0.6588306427001953,0.4511681795120239,-0.02569405734539032,0.6465654373168945,0.48303765058517456,-0.009393298998475075,0.6518232226371765,0.4833483099937439,-0.01091379951685667,0.6578099727630615,0.4839949309825897,-0.01149865984916687,0.6553294062614441,0.5110522508621216,-0.003176093799993396,0.6561810374259949,0.49899572134017944,-0.010144275613129139,0.6567509770393372,0.4934901297092438,-0.011599999852478504,0.6573272347450256,0.4882320761680603,-0.010759804397821426,0.657814621925354,0.4842025637626648,-0.010195760056376457,0.6465966701507568,0.4832189679145813,-0.008353513665497303,0.6456226706504822,0.48499614000320435,-0.00892680324614048,0.6443715691566467,0.4875706434249878,-0.00967113021761179,0.6433025598526001,0.49060648679733276,-0.008769763633608818,0.6403281688690186,0.47228410840034485,-0.01204383559525013,0.579460620880127,0.4355790317058563,0.04461350664496422,0.6697006225585938,0.45793917775154114,-0.02047712914645672,0.6425831317901611,0.4829881191253662,-0.006601952947676182,0.6414821147918701,0.48382285237312317,-0.006980052217841148,0.6611006259918213,0.4588809013366699,-0.01612069644033909,0.6506669521331787,0.4562164545059204,-0.012063095346093178,0.6603156924247742,0.45735156536102295,-0.016307592391967773,0.6410309076309204,0.426859974861145,-0.01018081046640873,0.6302013993263245,0.43173500895500183,-0.010690737515687943,0.6480072736740112,0.4472000002861023,-0.016337981447577477,0.6138957142829895,0.3377330005168915,-0.005258867517113686,0.6211055517196655,0.3520020842552185,-0.012260830961167812,0.6301794052124023,0.3688068389892578,-0.017330601811408997,0.6403945088386536,0.500800371170044,-0.004983860533684492,0.657426655292511,0.37537387013435364,-0.01889331080019474,0.6538367867469788,0.3510189652442932,-0.017008226364850998,0.6505860686302185,0.33016717433929443,-0.014075222425162792,0.6227161884307861,0.4058689475059509,-0.006936007644981146,0.6047516465187073,0.41306591033935547,-0.0010759796714410186,0.6486940979957581,0.4045409560203552,-0.003818004159256816,0.61434006690979,0.3922315239906311,-0.006592128425836563,0.6532823443412781,0.4179335832595825,-0.01204344630241394,0.6554429531097412,0.44590994715690613,-0.02632317878305912,0.5948553681373596,0.41737234592437744,0.0038059016223996878,0.6103763580322266,0.41931450366973877,-0.005388422403484583,0.6196495294570923,0.42300790548324585,-0.008700363337993622,0.632043719291687,0.4225875437259674,-0.008607651107013226,0.6408628225326538,0.41971439123153687,-0.0077775404788553715,0.647434413433075,0.4162392020225525,-0.007797618396580219,0.6635013222694397,0.40845975279808044,-0.016578536480665207,0.5955533981323242,0.43537673354148865,0.002827645977959037,0.6079819202423096,0.3912253975868225,-0.005195705220103264,0.6678966283798218,0.45598798990249634,-0.028985409066081047,0.64951491355896,0.4310563802719116,-0.012638703919947147,0.5794713497161865,0.39750033617019653,0.037938669323921204,0.6527308225631714,0.412341833114624,-0.007741115987300873,0.6462429761886597,0.4473915100097656,-0.010244566015899181,0.6176830530166626,0.3971743583679199,-0.0037695509381592274,0.6545886397361755,0.4404999315738678,-0.024309301748871803,0.5815291404724121,0.4564228355884552,0.04341995716094971,0.6483680605888367,0.4016350507736206,-0.002718766685575247,0.6606563329696655,0.43653547763824463,-0.029168611392378807,0.607808530330658,0.5014727115631104,0.01280073169618845,0.6047292351722717,0.5099244713783264,0.023685051128268242,0.5851560235023499,0.4359488785266876,0.023078136146068573,0.5980868935585022,0.4892735183238983,0.017417943105101585,0.59152752161026,0.3834836184978485,0.012395411729812622,0.637393057346344,0.5297794938087463,0.0029336409643292427,0.6674458980560303,0.45750120282173157,-0.020585456863045692,0.643222451210022,0.43646445870399475,-0.011311862617731094,0.5964942574501038,0.4024147093296051,0.005536765791475773,0.629767656326294,0.40311455726623535,-0.007723347283899784,0.6349284052848816,0.404125839471817,-0.007986096665263176,0.6390608549118042,0.4862300455570221,-0.006498137954622507,0.5958003401756287,0.4524030089378357,0.005971405655145645,0.6478503942489624,0.5407532453536987,0.007710155565291643,0.626846969127655,0.5291051268577576,0.013665012083947659,0.6168221235275269,0.5213825106620789,0.017824811860919,0.6703819632530212,0.35308223962783813,-0.014065274968743324,0.6603590846061707,0.5422821044921875,0.009506218135356903,0.6397169232368469,0.40371987223625183,-0.006915453355759382,0.6442212462425232,0.402619332075119,-0.00503984559327364,0.6470785140991211,0.4021340012550354,-0.0032158074900507927,0.6013184189796448,0.38866952061653137,-0.00032218077103607357,0.6432717442512512,0.394276887178421,-0.006343441549688578,0.6383675932884216,0.3911130726337433,-0.008583609946072102,0.633525013923645,0.39039039611816406,-0.00963378045707941,0.6283832788467407,0.39152687788009644,-0.009365210309624672,0.6249275803565979,0.3935853838920593,-0.00806515570729971,0.5829148292541504,0.3777848482131958,0.027605252340435982,0.6261482238769531,0.4013567268848419,-0.006717396900057793,0.6677026152610779,0.46595093607902527,-0.014380954205989838,0.6473898887634277,0.46785393357276917,-0.013541394844651222,0.6551529169082642,0.45194947719573975,-0.019719721749424934,0.6597965359687805,0.4660372734069824,-0.01591392420232296,0.6688214540481567,0.3963682949542999,-0.013373123481869698,0.6177729368209839,0.5126914381980896,0.010085031390190125,0.6271944046020508,0.5213100910186768,0.006933135911822319,0.6490725874900818,0.535741925239563,0.00034133586450479925,0.5948532819747925,0.4964512586593628,0.031847547739744186,0.6468085646629333,0.3988136947154999,-0.004292488098144531,0.6595547199249268,0.4211421012878418,-0.01880422793328762,0.6618439555168152,0.5373142957687378,0.0023352678399533033,0.6371191143989563,0.5359400510787964,0.009199798107147217,0.586486279964447,0.4548241198062897,0.023633653298020363,0.6518635153770447,0.4835430085659027,-0.009716609492897987,0.6509540677070618,0.48659050464630127,-0.01041272934526205,0.6500533819198608,0.4906303882598877,-0.011193107813596725,0.6493063569068909,0.49553146958351135,-0.010136452503502369,0.6470580101013184,0.5067334771156311,-0.005322587210685015,0.6412713527679443,0.4820570945739746,-0.008197257295250893,0.6400612592697144,0.4811520576477051,-0.008815102279186249,0.6390841007232666,0.48017361760139465,-0.00928216427564621,0.6346127986907959,0.4783433973789215,-0.009332524612545967,0.6068881154060364,0.45804789662361145,-0.003466899273917079,0.658496618270874,0.41257867217063904,-0.013845673762261868,0.6542397141456604,0.396465003490448,-0.005244860425591469,0.6497864723205566,0.3963072597980499,-0.00456683523952961,0.642487108707428,0.48285654187202454,-0.007235304918140173,0.6039226651191711,0.477914035320282,0.006293983664363623,0.6606983542442322,0.3976017236709595,-0.011481105349957943,0.6428466439247131,0.5140166282653809,-0.002128985244780779,0.6711981296539307,0.42475226521492004,-0.026744604110717773,0.66474848985672,0.4175623953342438,-0.021855061873793602,0.6703820824623108,0.4163277745246887,-0.021799562498927116,0.6549668312072754,0.43347468972206116,-0.019027089700102806,0.6628199815750122,0.529672384262085,-0.0011596258264034986,0.6632071137428284,0.5202133059501648,-0.001221825834363699,0.6530723571777344,0.5191256403923035,-0.0024639356415718794,0.6283886432647705,0.49757659435272217,-0.001576875103637576,0.6400811672210693,0.4535853862762451,-0.00979333370923996,0.6347678899765015,0.506875216960907,-0.0015699556097388268,0.6240317821502686,0.4519835114479065,-0.011049464344978333,0.633333146572113,0.4616925120353699,-0.010103053413331509,0.6172907948493958,0.46502405405044556,-0.00733018945902586,0.6508226990699768,0.5282333493232727,-0.002761009382084012,0.650392472743988,0.4375208616256714,-0.015456118620932102,0.6216583251953125,0.5037996172904968,0.003238007891923189,0.6303834319114685,0.5133923888206482,0.002467298647388816,0.6238285303115845,0.48690950870513916,-0.0035022180527448654,0.5966503024101257,0.4668286442756653,0.009434392675757408,0.6138848662376404,0.48798587918281555,0.0009961059549823403,0.5900318622589111,0.4724728465080261,0.022638646885752678,0.6273438334465027,0.472109854221344,-0.008541767485439777,0.6545450091362,0.42595604062080383,-0.015469101257622242,0.6572821736335754,0.44970330595970154,-0.027200505137443542,0.652667224407196,0.45114830136299133,-0.02108372561633587,0.6610441207885742,0.44478344917297363,-0.030879979953169823,0.6509190797805786,0.38938814401626587,-0.008759083226323128,0.6419195532798767,0.3831244707107544,-0.012375662103295326,0.6333242654800415,0.38113972544670105,-0.01419883407652378,0.6253359913825989,0.38237446546554565,-0.013602168299257755,0.618862509727478,0.3860355317592621,-0.011105775833129883,0.611852765083313,0.3995310366153717,-0.0021772722247987986,0.5849218368530273,0.4176611006259918,0.020702380686998367,0.6171053051948547,0.4113399386405945,-0.0052660368382930756,0.6239748001098633,0.4144313931465149,-0.007184861693531275,0.6326066255569458,0.41508427262306213,-0.007652437314391136,0.6404252052307129,0.41359126567840576,-0.006807494442909956,0.6463989615440369,0.41108882427215576,-0.005460463464260101,0.6506655216217041,0.40875256061553955,-0.004939140751957893,0.5790351629257202,0.4163390100002289,0.043158598244190216,0.6521211862564087,0.45307689905166626,-0.01796281337738037,0.6604586839675903,0.4287390410900116,-0.023159081116318703,0.6623741984367371,0.45071178674697876,-0.030522581189870834,0.6643524169921875,0.4546187222003937,-0.02705368585884571,0.6615197658538818,0.45191335678100586,-0.027640629559755325,0.6531649231910706,0.455391526222229,-0.015136202797293663,0.6658679842948914,0.45540592074394226,-0.028365638107061386,0.6654763221740723,0.4569673538208008,-0.021060708910226822,0.6508212089538574,0.40211838483810425,-0.0026607553008943796,0.6541892886161804,0.40457072854042053,-0.005021224729716778,0.6568669676780701,0.4064428210258484,-0.008543277159333229,0.6227954626083374,0.39528554677963257,-0.006475826725363731,0.6186510324478149,0.39224356412887573,-0.007058212999254465,0.675523042678833,0.42615702748298645,-0.022977439686655998,0.7049572467803955,0.4044298827648163,0.018734170123934746,0.6742929816246033,0.4562445878982544,-0.018963459879159927,0.7198399305343628,0.3737044334411621,0.05198642238974571,0.6886226534843445,0.4106816053390503,0.008346978574991226,0.6947455406188965,0.41185709834098816,0.010367336682975292,0.700243353843689,0.41181814670562744,0.013473646715283394,0.7064142823219299,0.40740105509757996,0.020434878766536713,0.6835425496101379,0.4080473482608795,0.007189095485955477,0.6990843415260315,0.38827598094940186,0.00751555385068059,0.6917874813079834,0.3883855938911438,0.005349410697817802,0.7051049470901489,0.39029747247695923,0.011128939688205719,0.7083843350410461,0.3937874138355255,0.01460967492312193,0.7102492451667786,0.41273075342178345,0.024631500244140625,0.6813622117042542,0.5217523574829102,0.010948803275823593,0.7066076993942261,0.40229862928390503,0.021227112039923668,0.7196270823478699,0.40899065136909485,0.05649536848068237,0.7142335176467896,0.4069889485836029,0.032163817435503006,0.6928865909576416,0.4458704888820648,0.0042985063046216965,0.6722664833068848,0.4733484387397766,-0.0132285850122571,0.6708225607872009,0.48245322704315186,-0.01054657343775034,0.6785235404968262,0.4765595495700836,-0.0075191049836575985,0.6824355721473694,0.4799967408180237,-0.0014704790664836764,0.6758037209510803,0.4829600751399994,-0.006444886326789856,0.6796384453773499,0.4838366210460663,-0.0010483380174264312,0.6856791973114014,0.495950847864151,0.01060772966593504,0.6761386394500732,0.4524272680282593,-0.030039669945836067,0.677473247051239,0.44481372833251953,-0.03190533444285393,0.715473473072052,0.387882798910141,0.018209153786301613,0.6825103163719177,0.4249831736087799,-0.00033665241790004075,0.6843546628952026,0.4501720666885376,-0.011536943726241589,0.6843489408493042,0.4458092153072357,-0.009707696735858917,0.7080509662628174,0.4457224905490875,0.0168672576546669,0.6766878366470337,0.43477994203567505,-0.028354238718748093,0.7055649757385254,0.3793240785598755,0.002798781031742692,0.712176501750946,0.3823124170303345,0.010153294540941715,0.7176701426506042,0.3593875765800476,0.037549715489149094,0.6806473731994629,0.38447967171669006,-0.009040584787726402,0.685276985168457,0.39118435978889465,0.005739163141697645,0.6898190975189209,0.4880540370941162,0.012905189767479897,0.7053335309028625,0.4824962317943573,0.073855921626091,0.6798790693283081,0.45449885725975037,-0.010382572188973427,0.6759698390960693,0.4567214846611023,-0.012670624069869518,0.6869884133338928,0.4857200086116791,0.010807261802256107,0.6855202913284302,0.4856586456298828,0.00819140113890171,0.7142663598060608,0.37709861993789673,0.013702653348445892,0.6833853721618652,0.45337608456611633,-0.008172043599188328,0.6954471468925476,0.3792886734008789,-0.0038422963116317987,0.6968685388565063,0.3727304935455322,-0.0051602888852357864,0.7012715339660645,0.339206337928772,0.006555852014571428,0.7156566381454468,0.3682406544685364,0.02387930080294609,0.6984793543815613,0.3558841943740845,4.3592561269178987e-05,0.7172353863716125,0.38411056995391846,0.024309881031513214,0.7186116576194763,0.3796503245830536,0.037177808582782745,0.6717888116836548,0.4783296585083008,-0.012548553757369518,0.6772391200065613,0.4800638258457184,-0.0072822412475943565,0.681154727935791,0.4819886088371277,-0.001840917277149856,0.6783940196037292,0.4557618498802185,-0.009756706655025482,0.6862372159957886,0.4857000410556793,0.009287169203162193,0.6835730075836182,0.4878014028072357,0.004997587762773037,0.6847327947616577,0.4856352210044861,0.00780507130548358,0.6794971823692322,0.4523467421531677,-0.019089384004473686,0.6782731413841248,0.4850580394268036,-9.625542588764802e-05,0.6744576692581177,0.48482808470726013,-0.004005020018666983,0.6698156595230103,0.4848206639289856,-0.00763893174007535,0.6705055236816406,0.5113376975059509,0.0005295011796988547,0.6704673171043396,0.4999179542064667,-0.006093047559261322,0.6705805063247681,0.4943242073059082,-0.007376992143690586,0.6702855825424194,0.4890260100364685,-0.006583987735211849,0.6696997284889221,0.4849531054496765,-0.006227306090295315,0.678177535533905,0.4852122664451599,0.0009646967519074678,0.6792956590652466,0.48722460865974426,0.0003781734558288008,0.6804572343826294,0.49002349376678467,2.2706670279148966e-05,0.68124920129776,0.4932047724723816,0.0016361137386411428,0.6867401599884033,0.47428667545318604,0.0012930405791848898,0.7124326825141907,0.4430405795574188,0.08302443474531174,0.681121826171875,0.4854413866996765,0.005033522378653288,0.6823669672012329,0.48652392625808716,0.004669918678700924,0.67442387342453,0.45965856313705444,-0.01258715707808733,0.6808962225914001,0.45778125524520874,-0.004489803686738014,0.6751664280891418,0.4582650363445282,-0.0128959771245718,0.6877164840698242,0.4298105835914612,0.0037245324347168207,0.6966443061828613,0.43577319383621216,0.008103853091597557,0.6843281388282776,0.44919395446777344,-0.006002910900861025,0.7120996713638306,0.3477022051811218,0.021619174629449844,0.7093895673751831,0.36000508069992065,0.011765265837311745,0.7073310613632202,0.3728359341621399,0.004177941475063562,0.6820207834243774,0.5018416047096252,0.007145424839109182,0.6834173798561096,0.3739151656627655,-0.011591054499149323,0.6858540773391724,0.35419321060180664,-0.008408166468143463,0.687789797782898,0.3342248499393463,-0.004521433729678392,0.7042987942695618,0.4104362428188324,0.017284007743000984,0.7150384783744812,0.41865670680999756,0.02977195382118225,0.6802727580070496,0.4055738151073456,0.007216642610728741,0.7120972275733948,0.397310346364975,0.021627821028232574,0.6794180274009705,0.4196892976760864,-0.003772509517148137,0.6829782724380493,0.4475197196006775,-0.018456289544701576,0.7183992862701416,0.4251105487346649,0.03871940076351166,0.7134876847267151,0.42467430233955383,0.0236227847635746,0.708055317401886,0.42778652906417847,0.016009246930480003,0.6976000666618347,0.42617470026016235,0.010312141850590706,0.6893665790557861,0.42217138409614563,0.006604382768273354,0.6835016012191772,0.41793546080589294,0.0029423392843455076,0.6742404699325562,0.40923237800598145,-0.013066673651337624,0.7172544002532959,0.4422716498374939,0.03761446103453636,0.7151044607162476,0.3964146077632904,0.02564133144915104,0.673425555229187,0.45621389150619507,-0.02726469188928604,0.6821961402893066,0.43310782313346863,-0.0026108899619430304,0.7172595262527466,0.4072860777378082,0.07760005444288254,0.6793901920318604,0.413347452878952,0.0006506341742351651,0.6838660836219788,0.4494975507259369,0.0001634403015486896,0.7085537910461426,0.402760773897171,0.02301107905805111,0.6826019287109375,0.44213002920150757,-0.01630147360265255,0.7095450162887573,0.4622288942337036,0.08021999150514603,0.679656445980072,0.40243613719940186,0.0088179437443614,0.6800857186317444,0.4376169741153717,-0.023369936272501945,0.6998322010040283,0.5030394792556763,0.03867470473051071,0.6965416669845581,0.5109350681304932,0.049828119575977325,0.7174825668334961,0.4430972635746002,0.061023492366075516,0.7055647969245911,0.4923100769519806,0.04790481552481651,0.7192723751068115,0.39316898584365845,0.04865241423249245,0.6813439130783081,0.5291875004768372,0.015239106491208076,0.6717623472213745,0.45774805545806885,-0.019534524530172348,0.6862311363220215,0.43904680013656616,0.0010481822537258267,0.7163058519363403,0.40842878818511963,0.03984927386045456,0.6999090313911438,0.40702104568481445,0.013680177740752697,0.6948556303977966,0.4072950780391693,0.010947752743959427,0.6845695376396179,0.4893251061439514,0.006481196265667677,0.7145877480506897,0.45819786190986633,0.03958709165453911,0.6712061166763306,0.5402321219444275,0.014520238153636456,0.6847240328788757,0.5284152030944824,0.03051917999982834,0.6901541352272034,0.5211368203163147,0.03903821110725403,0.6895431280136108,0.4062344431877136,0.009216963313519955,0.6844896078109741,0.40439143776893616,0.008797694928944111,0.6812412738800049,0.4033409059047699,0.009196477942168713,0.716614842414856,0.39454391598701477,0.032955605536699295,0.6851770281791687,0.3969578146934509,0.0078141363337636,0.6906065940856934,0.39517492055892944,0.007923806086182594,0.6963093876838684,0.3952285051345825,0.009572401642799377,0.7014387845993042,0.3969816565513611,0.01248600147664547,0.7042745351791382,0.399246484041214,0.015383007936179638,0.7196386456489563,0.38880378007888794,0.06639093160629272,0.7030170559883118,0.40584683418273926,0.016500364989042282,0.682754635810852,0.46952179074287415,-0.0033869000617414713,0.6805166006088257,0.45337197184562683,-0.012885626405477524,0.6746236085891724,0.4668040871620178,-0.011706103570759296,0.6933009624481201,0.5130411386489868,0.03100508265197277,0.6874384880065918,0.5209597945213318,0.023456841707229614,0.6730319261550903,0.5353361964225769,0.007055829744786024,0.701055645942688,0.4989824891090393,0.06258602440357208,0.6814648509025574,0.40008604526519775,0.008369633927941322,0.6776997447013855,0.4223146438598633,-0.01321614719927311,0.678866446018219,0.535130500793457,0.021692899987101555,0.7143504619598389,0.4606739282608032,0.06000826507806778,0.6743580102920532,0.48495981097221375,-0.0026997264940291643,0.6753250956535339,0.48816797137260437,-0.003170834155753255,0.6760546565055847,0.492361843585968,-0.003537271171808243,0.6763845086097717,0.49738773703575134,-0.0021623203065246344,0.6771070957183838,0.5072900652885437,0.0034782025031745434,0.6827123165130615,0.4846928119659424,0.003898120252415538,0.6841033101081848,0.4839259386062622,0.004434696398675442,0.6852612495422363,0.48296239972114563,0.0048520928248763084,0.689268171787262,0.4806238114833832,0.007274530362337828,0.7095520496368408,0.4628884196281433,0.024913093075156212,0.6767370700836182,0.41390231251716614,-0.008064307272434235,0.677291750907898,0.3964167833328247,0.002142971381545067,0.6797178387641907,0.39723166823387146,0.006142264697700739,0.6811685562133789,0.4853493869304657,0.004456404130905867,0.7066590189933777,0.48159176111221313,0.03498665988445282,0.6745790243148804,0.3965943157672882,-0.007021863013505936,0.679356575012207,0.514201283454895,0.007644451688975096,0.6749861836433411,0.41821935772895813,-0.018874945119023323,0.6806375980377197,0.43506568670272827,-0.011664988473057747,0.6718772053718567,0.5191317796707153,0.002235931809991598,0.6902235150337219,0.4990859627723694,0.015585732646286488,0.6879007816314697,0.4560546875,0.0031646781135350466,0.6851096153259277,0.507586658000946,0.011958064511418343,0.700686514377594,0.4558933675289154,0.00935346819460392,0.6925555467605591,0.46454688906669617,0.006059584673494101,0.7030630111694336,0.4687718152999878,0.015995988622307777,0.6732592582702637,0.5280561447143555,0.0034944461658596992,0.6822777986526489,0.4394592344760895,-0.006224857177585363,0.6935922503471375,0.504828929901123,0.02297789976000786,0.6873235702514648,0.5136130452156067,0.017660701647400856,0.6950336694717407,0.48930221796035767,0.017288589850068092,0.7114078998565674,0.4716404378414154,0.04156409949064255,0.7006092071533203,0.4904816150665283,0.025072304531931877,0.7105890512466431,0.47706303000450134,0.057216159999370575,0.6952401399612427,0.475081205368042,0.010549408383667469,0.6797851324081421,0.427578330039978,-0.007519196253269911,0.6813436150550842,0.4510493576526642,-0.020047228783369064,0.6827556490898132,0.45277583599090576,-0.012888292782008648,0.6806936860084534,0.44583433866500854,-0.025320768356323242,0.6826840043067932,0.3893476128578186,0.0013850725954398513,0.6932363510131836,0.3852126896381378,0.0025293189100921154,0.7020911574363708,0.3852548599243164,0.005412354599684477,0.7084943056106567,0.38747936487197876,0.010115121491253376,0.711804986000061,0.39138883352279663,0.015415528789162636,0.7110159993171692,0.4048614203929901,0.026363538578152657,0.7193205952644348,0.425956130027771,0.059564705938100815,0.7082605957984924,0.4163946211338043,0.02087462693452835,0.7034059166908264,0.41869160532951355,0.01559523306787014,0.6960439085960388,0.4183136522769928,0.011107404716312885,0.6885740160942078,0.41585078835487366,0.008011250756680965,0.6829044818878174,0.41261014342308044,0.005727927666157484,0.6792212724685669,0.40965917706489563,0.004199916962534189,0.714430570602417,0.4250414967536926,0.08258957415819168,0.6817622780799866,0.45463696122169495,-0.00991460494697094,0.6785699129104614,0.4298287034034729,-0.0174246896058321,0.679067075252533,0.4514603912830353,-0.02597874589264393,0.6754134893417358,0.45505303144454956,-0.024402091279625893,0.678167998790741,0.4527278244495392,-0.022983837872743607,0.6799185872077942,0.45676296949386597,-0.008394073694944382,0.6748418807983398,0.4557667374610901,-0.02621862106025219,0.6732174158096313,0.45731937885284424,-0.01924431324005127,0.6781425476074219,0.4027617275714874,0.006953344214707613,0.6763480305671692,0.4049651026725769,0.0022127090487629175,0.6762109398841858,0.40676987171173096,-0.0026006719563156366,0.7057100534439087,0.4009186923503876,0.018025560304522514,0.7097297310829163,0.3976486325263977,0.018946655094623566,0.6322156190872192,0.3973810076713562,-0.0064329542219638824,0.6384437680244446,0.3975922465324402,-0.0064329542219638824,0.6323775053024292,0.3891240358352661,-0.0064329542219638824,0.6257821917533875,0.3971097469329834,-0.0064329542219638824,0.6320043206214905,0.4055696427822113,-0.0064329542219638824,0.6928091645240784,0.4009539484977722,0.012293324805796146,0.6994466781616211,0.40142399072647095,0.012293324805796146,0.6929287314414978,0.39368581771850586,0.012293324805796146,0.6860080361366272,0.40045011043548584,0.012293324805796146,0.692688524723053,0.4082335829734802,0.012293324805796146
1200.0,0.6723964214324951,0.48436927795410156,-0.01609545201063156,0.6803267002105713,0.46061691641807556,-0.031993988901376724,0.6767450571060181,0.46766409277915955,-0.016045255586504936,0.6742734313011169,0.4339578151702881,-0.026790468022227287,0.6810053586959839,0.4526046812534332,-0.03437620401382446,0.6804615259170532,0.44194215536117554,-0.03238074108958244,0.6777341365814209,0.4153870940208435,-0.01769603043794632,0.6298524141311646,0.4071425199508667,-0.005934953689575195,0.6775822043418884,0.3940368592739105,-0.014824091456830502,0.6782695055007935,0.38273701071739197,-0.016755636781454086,0.6781092882156372,0.3388129472732544,-0.012064496986567974,0.6722953915596008,0.4879947304725647,-0.015323856845498085,0.6719971299171448,0.4914521872997284,-0.013203517533838749,0.6716567873954773,0.4936026930809021,-0.010090019553899765,0.6715635657310486,0.49387842416763306,-0.008797344751656055,0.6716741323471069,0.49830162525177,-0.009212861768901348,0.6716123223304749,0.5036880970001221,-0.009914613328874111,0.6713619232177734,0.5092415809631348,-0.008161121048033237,0.6717475056648254,0.5198655724525452,-0.0009913829853758216,0.6791441440582275,0.4645257294178009,-0.0287435632199049,0.6723959445953369,0.4639779031276703,-0.021697966381907463,0.5958364605903625,0.3708127737045288,0.015001227147877216,0.6485578417778015,0.41657474637031555,-0.007808430586010218,0.6418900489807129,0.4172270894050598,-0.00890443753451109,0.6352884769439697,0.41633060574531555,-0.008613224141299725,0.6265138387680054,0.409822553396225,-0.005554546136409044,0.6542205214500427,0.414455771446228,-0.005582732614129782,0.6397168040275574,0.3903897702693939,-0.012816057540476322,0.6471899747848511,0.3916841447353363,-0.01088312640786171,0.6328274607658386,0.3917634189128876,-0.012119301594793797,0.6281412243843079,0.39498141407966614,-0.010392514988780022,0.619861900806427,0.4152996242046356,-0.003260407829657197,0.6476086378097534,0.5304527282714844,0.0002633327676448971,0.6272552013397217,0.40395277738571167,-0.00452240789309144,0.5933568477630615,0.4085614085197449,0.018744606524705887,0.6111737489700317,0.40868768095970154,0.0009243012173101306,0.6426469683647156,0.4512481987476349,-0.011614227667450905,0.664882242679596,0.48214465379714966,-0.0173115786164999,0.665044903755188,0.4905915856361389,-0.014258642680943012,0.6569806933403015,0.48451998829841614,-0.015907514840364456,0.651374876499176,0.48698484897613525,-0.012982095591723919,0.6587285399436951,0.4904121160507202,-0.013721433468163013,0.653577446937561,0.49061161279678345,-0.010739096440374851,0.6432246565818787,0.5022926330566406,-0.003874212736263871,0.6754034757614136,0.46025919914245605,-0.03254546970129013,0.6753247976303101,0.45249083638191223,-0.03492534160614014,0.6185375452041626,0.3891538679599762,-0.01140337809920311,0.6559110879898071,0.43140944838523865,-0.010903174988925457,0.6588943004608154,0.45688074827194214,-0.021462781354784966,0.6579372882843018,0.45244306325912476,-0.01995510794222355,0.6210518479347229,0.4493184983730316,-0.009307220578193665,0.6749385595321655,0.442525714635849,-0.03209780156612396,0.6368921995162964,0.38169848918914795,-0.018128661438822746,0.6266135573387146,0.3838443458080292,-0.015657663345336914,0.6063247919082642,0.35650360584259033,0.004087621346116066,0.6654243469238281,0.3924996256828308,-0.016478605568408966,0.6535180807113647,0.3958275318145752,-0.007520993240177631,0.6388354301452637,0.4939234256744385,-0.00478643923997879,0.5939015746116638,0.48702120780944824,0.04077599570155144,0.662906289100647,0.46154171228408813,-0.017599936574697495,0.6676915884017944,0.4640808701515198,-0.01622910238802433,0.644065260887146,0.4908628761768341,-0.004472375847399235,0.6455444693565369,0.4910682439804077,-0.005306744948029518,0.6224930882453918,0.3778805732727051,-0.013810263946652412,0.6577093005180359,0.46008193492889404,-0.017817476764321327,0.6498914361000061,0.3841446340084076,-0.0184608306735754,0.6490008234977722,0.3770602345466614,-0.020280133932828903,0.6396418213844299,0.33952850103378296,-0.013486371375620365,0.6148366332054138,0.3670472502708435,-0.00653860904276371,0.6453920602798462,0.35769596695899963,-0.01744694821536541,0.6133869886398315,0.384491503238678,-0.007351817563176155,0.6046669483184814,0.3782345950603485,0.0029089779127389193,0.6648686528205872,0.48678818345069885,-0.016594190150499344,0.6578735113143921,0.4876750707626343,-0.01516986358910799,0.6524375677108765,0.48883482813835144,-0.012371767312288284,0.6640860438346863,0.4629748463630676,-0.015641391277313232,0.6448224782943726,0.4909663200378418,-0.0048467363230884075,0.6483005881309509,0.49355611205101013,-0.006945318542420864,0.6463128328323364,0.49119502305984497,-0.005279020871967077,0.667018711566925,0.4595278203487396,-0.025974970310926437,0.6544171571731567,0.49183592200279236,-0.009259355254471302,0.6594713926315308,0.492142915725708,-0.010781935416162014,0.665287435054779,0.4927714169025421,-0.011358139105141163,0.6635340452194214,0.5190420150756836,-0.0027506393380463123,0.6639938950538635,0.5079587697982788,-0.009937847033143044,0.6644247770309448,0.5023818016052246,-0.011462176218628883,0.6648802757263184,0.4970957040786743,-0.01066062692552805,0.6652982234954834,0.49310222268104553,-0.010108039714396,0.6544399857521057,0.4920223355293274,-0.008242166601121426,0.6535310745239258,0.49375373125076294,-0.008813627064228058,0.6523656845092773,0.49631670117378235,-0.009574629366397858,0.651382327079773,0.4993710219860077,-0.008634958416223526,0.6482212543487549,0.4805997312068939,-0.011936835944652557,0.5862714648246765,0.44435739517211914,0.04572019353508949,0.6779915690422058,0.46609002351760864,-0.020604295656085014,0.6505680680274963,0.491705983877182,-0.006455262191593647,0.6495169997215271,0.49249276518821716,-0.006830759812146425,0.6693659424781799,0.46718087792396545,-0.016144750639796257,0.658780574798584,0.4646757245063782,-0.01207172591239214,0.6685903668403625,0.4656865894794464,-0.016324220225214958,0.6485976576805115,0.4356032907962799,-0.010296759195625782,0.6375916600227356,0.440530002117157,-0.010665121488273144,0.6560567021369934,0.45576179027557373,-0.016482839360833168,0.6205975413322449,0.3457527160644531,-0.006096536293625832,0.6279839873313904,0.3597790002822876,-0.013046035543084145,0.6346151828765869,0.37468627095222473,-0.018014680594205856,0.6484187245368958,0.508871853351593,-0.004657857585698366,0.6640025973320007,0.3809516727924347,-0.019721781834959984,0.6614747643470764,0.3585658371448517,-0.018091434612870216,0.6580548286437988,0.3375968933105469,-0.015304065309464931,0.6296521425247192,0.4139513671398163,-0.00719037652015686,0.6117032766342163,0.42112818360328674,-0.0010734160896390676,0.6579693555831909,0.41247835755348206,-0.004183485638350248,0.6205723881721497,0.39892634749412537,-0.006865919567644596,0.6611227989196777,0.4265422224998474,-0.012309020385146141,0.6636019349098206,0.4543631672859192,-0.026634475216269493,0.6018884778022766,0.42631420493125916,0.003994274418801069,0.6171894669532776,0.42800313234329224,-0.005400299560278654,0.6266123652458191,0.4320474863052368,-0.008790838532149792,0.6397106647491455,0.4314446449279785,-0.008708522655069828,0.6491380333900452,0.42829227447509766,-0.007977337576448917,0.6561083793640137,0.42466065287590027,-0.008028087206184864,0.6715958118438721,0.41687244176864624,-0.0170297808945179,0.6026619672775269,0.44434741139411926,0.00318533624522388,0.6142396926879883,0.39776742458343506,-0.005441894289106131,0.6762052178382874,0.464213490486145,-0.029272399842739105,0.6573883295059204,0.4396761953830719,-0.012856890447437763,0.5860557556152344,0.40625813603401184,0.03848171979188919,0.6616125106811523,0.4206775426864624,-0.008021513931453228,0.6542158126831055,0.45595866441726685,-0.010329093784093857,0.6243244409561157,0.4042623043060303,-0.004009063821285963,0.6627011895179749,0.4489956498146057,-0.024638714268803596,0.5885637998580933,0.4651797115802765,0.04473210126161575,0.6578174829483032,0.40945109724998474,-0.0031338834669440985,0.668864369392395,0.4449363946914673,-0.029591429978609085,0.6154340505599976,0.5101186633110046,0.01371308509260416,0.6124298572540283,0.5184122920036316,0.02499298006296158,0.5922569632530212,0.4448614716529846,0.023773884400725365,0.6055625677108765,0.49799036979675293,0.018426353111863136,0.598378598690033,0.3920130729675293,0.012352240271866322,0.6455066204071045,0.53839510679245,0.003779348451644182,0.6757563948631287,0.4656970798969269,-0.020712057128548622,0.6509647369384766,0.44511353969573975,-0.011447709053754807,0.6038827300071716,0.4093901813030243,0.005565584171563387,0.6367034912109375,0.4115046262741089,-0.008141594007611275,0.6424353122711182,0.41251882910728455,-0.008436554111540318,0.6471944451332092,0.4949234127998352,-0.0063051083125174046,0.6029790639877319,0.4613645672798157,0.006526251323521137,0.6560242772102356,0.5492388606071472,0.008756592869758606,0.6348901987075806,0.5376021862030029,0.014781931415200233,0.6247403025627136,0.5298835635185242,0.01899930089712143,0.6784700155258179,0.3603924512863159,-0.015142636373639107,0.6684666872024536,0.5506720542907715,0.010540040209889412,0.6478950381278992,0.4119010865688324,-0.007366965990513563,0.6530851721763611,0.4105367660522461,-0.005464543588459492,0.6563631892204285,0.40997081995010376,-0.0036068910267204046,0.6079167127609253,0.3950076699256897,-0.0005174224497750401,0.6517102718353271,0.40146404504776,-0.006909382529556751,0.6459479331970215,0.3980541527271271,-0.009140223264694214,0.6403694152832031,0.39733046293258667,-0.010176056064665318,0.6347101926803589,0.39855679869651794,-0.009843526408076286,0.6311531066894531,0.40070515871047974,-0.008504008874297142,0.5894927978515625,0.38647568225860596,0.027762318029999733,0.6327018141746521,0.4094572067260742,-0.007082163821905851,0.6759099960327148,0.4740804135799408,-0.014376655220985413,0.6554147601127625,0.4761914908885956,-0.013452626764774323,0.6633220314979553,0.46036598086357117,-0.019905420020222664,0.6679951548576355,0.4742904603481293,-0.015899870544672012,0.6769915223121643,0.4043538272380829,-0.01392135489732027,0.625610888004303,0.5212852358818054,0.010978346690535545,0.6351842880249023,0.5298925042152405,0.007809577975422144,0.6572542190551758,0.544295608997345,0.0011624533217400312,0.6023933291435242,0.504962682723999,0.03329792991280556,0.6559290885925293,0.4063994586467743,-0.0047576273791491985,0.6676194667816162,0.42962154746055603,-0.01919412612915039,0.6699914932250977,0.5457857847213745,0.003166989888995886,0.6452615857124329,0.5444465279579163,0.010269165970385075,0.5937325358390808,0.4637177586555481,0.02451615035533905,0.6595116257667542,0.49241673946380615,-0.009620457887649536,0.6586754322052002,0.49543243646621704,-0.010318608023226261,0.6578816771507263,0.49946606159210205,-0.011116182431578636,0.6572456359863281,0.5043885707855225,-0.010006309486925602,0.6551958918571472,0.5147965550422668,-0.004965121392160654,0.6492540240287781,0.49078649282455444,-0.008038513362407684,0.6480567455291748,0.4899023175239563,-0.008655084297060966,0.6470954418182373,0.4889666736125946,-0.009129500016570091,0.6424000859260559,0.48655837774276733,-0.009183413349092007,0.6140820384025574,0.4669228494167328,-0.0030731011647731066,0.6664667725563049,0.42107629776000977,-0.014206362888216972,0.6631764769554138,0.403678297996521,-0.005762921646237373,0.6588058471679688,0.4036785662174225,-0.005044145509600639,0.6504733562469482,0.49159374833106995,-0.0070741805247962475,0.6112611889839172,0.48669683933258057,0.006963956169784069,0.6693021059036255,0.40477511286735535,-0.012058590538799763,0.6509328484535217,0.5223373770713806,-0.0016221811529248953,0.6795240044593811,0.4330514073371887,-0.027244051918387413,0.6729390621185303,0.4259888529777527,-0.02233622409403324,0.6786608695983887,0.42467227578163147,-0.022301804274320602,0.6629993319511414,0.4419877231121063,-0.019337285310029984,0.6709997653961182,0.5380905270576477,-0.00046322756679728627,0.6714091897010803,0.528440535068512,-0.0006704296101815999,0.6612618565559387,0.5274159908294678,-0.001915392349474132,0.6362724304199219,0.5058794617652893,-0.0011481367982923985,0.6479173302650452,0.4621277451515198,-0.009759480133652687,0.6427545547485352,0.5152000188827515,-0.0010885965311899781,0.6314438581466675,0.46070602536201477,-0.010947471484541893,0.6410035490989685,0.47019997239112854,-0.009998967871069908,0.6246353387832642,0.4737336039543152,-0.007123321760445833,0.6590149998664856,0.5367108583450317,-0.002093524904921651,0.6583646535873413,0.4461095929145813,-0.01568215899169445,0.6294734477996826,0.5123403072357178,0.0038804395589977503,0.6383654475212097,0.5219216346740723,0.003139590146020055,0.6315385103225708,0.49526363611221313,-0.00313563016243279,0.6039172410964966,0.47572100162506104,0.01014186441898346,0.6214385628700256,0.49660593271255493,0.0015134121058508754,0.5973837971687317,0.48130714893341064,0.02367377281188965,0.63492751121521,0.48052918910980225,-0.008350206539034843,0.6625065803527832,0.43450766801834106,-0.01576242595911026,0.665470540523529,0.45810937881469727,-0.027516178786754608,0.6608264446258545,0.4596233367919922,-0.02127682790160179,0.6692991852760315,0.4531453549861908,-0.0312214158475399,0.6588554382324219,0.39593514800071716,-0.009391559287905693,0.6484835147857666,0.3894401788711548,-0.012977741658687592,0.6390116810798645,0.3876049518585205,-0.014729643240571022,0.6307095289230347,0.3889600336551666,-0.014022828079760075,0.6244722604751587,0.39265844225883484,-0.011445565149188042,0.6186562776565552,0.40661245584487915,-0.002314403187483549,0.5918893814086914,0.42654144763946533,0.021159717813134193,0.6240902543067932,0.41956087946891785,-0.0054235137067735195,0.6312785148620605,0.4229183793067932,-0.007348156068474054,0.6404362320899963,0.42353856563568115,-0.007860046811401844,0.6488622426986694,0.4218345880508423,-0.007162381894886494,0.6553387641906738,0.41918230056762695,-0.005735805258154869,0.6598711609840393,0.4167943000793457,-0.005265623796731234,0.5856756567955017,0.42509618401527405,0.04399121180176735,0.6602840423583984,0.46154600381851196,-0.018088700249791145,0.6686044931411743,0.43717527389526367,-0.023559706285595894,0.670643150806427,0.459033340215683,-0.030874622985720634,0.6726255416870117,0.46289366483688354,-0.027318157255649567,0.669739842414856,0.46023109555244446,-0.02794962003827095,0.6613418459892273,0.4638288617134094,-0.015198461711406708,0.6741521954536438,0.4636602997779846,-0.028641916811466217,0.6737754940986633,0.46520736813545227,-0.02119957096874714,0.6602317094802856,0.4099668264389038,-0.0030527040362358093,0.6634930372238159,0.41244515776634216,-0.005413941573351622,0.6658444404602051,0.41451168060302734,-0.008882766589522362,0.6290448904037476,0.4024241864681244,-0.006835896987468004,0.6248391270637512,0.3990310728549957,-0.00739190261811018,0.6838737726211548,0.4343712329864502,-0.02344018593430519,0.7132328748703003,0.4122302532196045,0.018565304577350616,0.6824849247932434,0.4642921984195709,-0.01910979300737381,0.7279112935066223,0.3805772066116333,0.05208567529916763,0.6973013877868652,0.41890642046928406,0.007977058179676533,0.7031707167625427,0.4197578430175781,0.010082399472594261,0.7085632085800171,0.419622540473938,0.013280096463859081,0.7147999405860901,0.4150141775608063,0.020366186276078224,0.6924362182617188,0.41682150959968567,0.0068901763297617435,0.7072882056236267,0.39561620354652405,0.007071920670568943,0.7002598643302917,0.39592018723487854,0.004846467636525631,0.7131868004798889,0.397676944732666,0.010818425565958023,0.71645587682724,0.40133920311927795,0.014369495213031769,0.7188966870307922,0.42023271322250366,0.02472187764942646,0.6894277930259705,0.5296165347099304,0.01165933907032013,0.7149680852890015,0.4100132882595062,0.021127061918377876,0.7276162505149841,0.41599515080451965,0.05701697990298271,0.7232434153556824,0.41411641240119934,0.032353293150663376,0.701306164264679,0.4536833167076111,0.004322957247495651,0.6792870163917542,0.4830839931964874,-0.013190548866987228,0.6781339049339294,0.49154239892959595,-0.010441425256431103,0.685653567314148,0.48614969849586487,-0.007434724364429712,0.68976229429245,0.4892527461051941,-0.0013523936504498124,0.6832056641578674,0.4920881986618042,-0.006333223544061184,0.6871709227561951,0.4928343892097473,-0.0009028505883179605,0.6936317682266235,0.5032119750976562,0.010982176288962364,0.6844847798347473,0.4605211615562439,-0.030394921079277992,0.6858524084091187,0.45291098952293396,-0.03234981745481491,0.7235109806060791,0.39466753602027893,0.0181137565523386,0.6907970309257507,0.4331461489200592,-0.0004968203138560057,0.6925183534622192,0.4580952525138855,-0.011698673479259014,0.6924957633018494,0.4537801444530487,-0.00989333726465702,0.716627299785614,0.4532621502876282,0.017148582264780998,0.6850576996803284,0.44293126463890076,-0.02882305718958378,0.7134025692939758,0.3857903778553009,0.00243191234767437,0.7199759483337402,0.38890984654426575,0.009992868639528751,0.7260363698005676,0.3661298155784607,0.03730611130595207,0.6888457536697388,0.39102405309677124,-0.00963028147816658,0.6940419673919678,0.3991328477859497,0.005233217496424913,0.6978186368942261,0.49525073170661926,0.013238951563835144,0.7126244902610779,0.48945486545562744,0.07545478641986847,0.688050389289856,0.46244296431541443,-0.010521778836846352,0.6840988397598267,0.4647276997566223,-0.012681970372796059,0.6948015093803406,0.49416059255599976,0.011079089716076851,0.6933317184448242,0.49416229128837585,0.00841269176453352,0.722104549407959,0.38326147198677063,0.013487566262483597,0.6914752125740051,0.461304247379303,-0.00825965590775013,0.7034492492675781,0.3855384886264801,-0.004389079287648201,0.7046767473220825,0.37862148880958557,-0.005802831146866083,0.7097896933555603,0.34600749611854553,0.005616433452814817,0.7244167327880859,0.3747529685497284,0.023610766977071762,0.7072392106056213,0.3627021908760071,-0.0007805602508597076,0.7254104614257812,0.3902947008609772,0.024237392470240593,0.7270928621292114,0.38626906275749207,0.03713996335864067,0.6789289116859436,0.4877808094024658,-0.012487891130149364,0.6845042705535889,0.4894230365753174,-0.00719008594751358,0.688588559627533,0.49110671877861023,-0.0017175921238958836,0.686518669128418,0.46372470259666443,-0.009783957153558731,0.694050669670105,0.4941718280315399,0.009543858468532562,0.6912909746170044,0.49640756845474243,0.005204327870160341,0.692528486251831,0.4941781163215637,0.00804291944950819,0.6877716779708862,0.46031516790390015,-0.01933683268725872,0.6858862042427063,0.4939514398574829,6.253463652683422e-05,0.6819809675216675,0.4937477707862854,-0.0038597946986556053,0.6772540807723999,0.49366095662117004,-0.007493604905903339,0.6786770820617676,0.5190556645393372,0.0009817220270633698,0.6781282424926758,0.5088929533958435,-0.005859211087226868,0.6781050562858582,0.503221869468689,-0.007215259596705437,0.6777434945106506,0.49791455268859863,-0.006466497201472521,0.6771455407142639,0.49388760328292847,-0.006116747390478849,0.6858203411102295,0.49406903982162476,0.0011033795308321714,0.6869356632232666,0.496002197265625,0.0005116757820360363,0.6881219744682312,0.498752236366272,0.0001579215022502467,0.6889774799346924,0.5019209980964661,0.0018192401621490717,0.6949065327644348,0.4818660318851471,0.0014250888489186764,0.7198294997215271,0.45008018612861633,0.0843443050980568,0.6888114809989929,0.4941442608833313,0.00521884486079216,0.6900609135627747,0.49516430497169495,0.004857183434069157,0.6825829744338989,0.4676915407180786,-0.012601112946867943,0.6889402866363525,0.46572035551071167,-0.004472621716558933,0.6832972764968872,0.46628278493881226,-0.012894957326352596,0.6960956454277039,0.4378921091556549,0.003665219061076641,0.7051810622215271,0.4436425566673279,0.008212977088987827,0.6924454569816589,0.45713141560554504,-0.0061066169291734695,0.720637321472168,0.35443753004074097,0.021037090569734573,0.7182791233062744,0.3665766417980194,0.011217441409826279,0.7150847315788269,0.3789198696613312,0.0037013362161815166,0.6900660395622253,0.5092279314994812,0.007512133568525314,0.6912606954574585,0.3796534538269043,-0.012352872639894485,0.6943345069885254,0.36128416657447815,-0.009412271901965141,0.6960979700088501,0.3411584496498108,-0.0056697833351790905,0.7126407623291016,0.4181515574455261,0.017177950590848923,0.7240521907806396,0.4260628819465637,0.029984543099999428,0.6893484592437744,0.4147332012653351,0.006907526403665543,0.7203407287597656,0.4047410488128662,0.021566111594438553,0.6876947283744812,0.4278813898563385,-0.003993896301835775,0.6912389993667603,0.4554905891418457,-0.018730243667960167,0.7266317009925842,0.43232524394989014,0.03913756459951401,0.7221553325653076,0.4322391450405121,0.023788627237081528,0.7165703773498535,0.4356165826320648,0.0160550307482481,0.7061247229576111,0.4344002306461334,0.010306080803275108,0.6979668736457825,0.43075883388519287,0.006478136405348778,0.6921635270118713,0.4268883466720581,0.0027657996397465467,0.6825180053710938,0.41746649146080017,-0.013489753007888794,0.7254550457000732,0.44951754808425903,0.03817488253116608,0.723574697971344,0.40333157777786255,0.02565496601164341,0.6817112565040588,0.46432435512542725,-0.027542665600776672,0.6904082894325256,0.4412027597427368,-0.002787259640172124,0.7249065041542053,0.41433122754096985,0.07841712236404419,0.6880514025688171,0.42257529497146606,0.00041195465018972754,0.6919717192649841,0.4574471116065979,0.00011311887647025287,0.7168818116188049,0.4103572368621826,0.022976620122790337,0.6908296346664429,0.45014509558677673,-0.016590122133493423,0.716820478439331,0.4692009687423706,0.08174219727516174,0.688885509967804,0.4116138219833374,0.008464555256068707,0.6884015798568726,0.44568175077438354,-0.023768790066242218,0.7076886892318726,0.5103780031204224,0.039705365896224976,0.7042680978775024,0.5182551741600037,0.051193468272686005,0.7252009510993958,0.4501277208328247,0.06194670498371124,0.7132904529571533,0.49947112798690796,0.04906989634037018,0.7274855375289917,0.4000360667705536,0.04889760538935661,0.6893343329429626,0.5371253490447998,0.01615009270608425,0.6800140738487244,0.4658552408218384,-0.01965627446770668,0.6945043206214905,0.44703367352485657,0.0009565231739543378,0.7260007858276367,0.4153822064399719,0.040137194097042084,0.70816969871521,0.4148232638835907,0.013393424451351166,0.7032895684242249,0.41516751050949097,0.010616021230816841,0.6923099756240845,0.4979228675365448,0.006728396285325289,0.7226884365081787,0.46541693806648254,0.04032033681869507,0.6792380809783936,0.5483874082565308,0.015594016760587692,0.6926264762878418,0.5361804366111755,0.03166956454515457,0.6979937553405762,0.5287282466888428,0.040244150906801224,0.6982579231262207,0.41436532139778137,0.008858080953359604,0.6934319138526917,0.41299453377723694,0.008452839218080044,0.6903533339500427,0.4123016893863678,0.008870741352438927,0.7255105972290039,0.40091732144355774,0.033033955842256546,0.6941665410995483,0.40526053309440613,0.0073415846563875675,0.6993833184242249,0.4029332399368286,0.00747647462412715,0.7048956155776978,0.4028379023075104,0.00916993897408247,0.7098650932312012,0.40457266569137573,0.012163091450929642,0.7126616835594177,0.4069172441959381,0.015107045881450176,0.7274793386459351,0.39580368995666504,0.06685324758291245,0.7112301588058472,0.41366881132125854,0.016286630183458328,0.6908789277076721,0.4772815406322479,-0.0032875582110136747,0.6887345910072327,0.4613058567047119,-0.013036210089921951,0.6827967166900635,0.47479066252708435,-0.011674696579575539,0.701169490814209,0.5205665826797485,0.031993795186281204,0.6953344941139221,0.5286733508110046,0.024412216618657112,0.6811120510101318,0.5434914827346802,0.007920474745333195,0.7085537314414978,0.5060709118843079,0.06414157152175903,0.6906089186668396,0.40902960300445557,0.007978512905538082,0.6859979629516602,0.43049463629722595,-0.013588136993348598,0.6868320107460022,0.5430774092674255,0.0227960254997015,0.7219551801681519,0.46767157316207886,0.06110304221510887,0.6819088459014893,0.4939088225364685,-0.0025775593239814043,0.6828905344009399,0.4970514476299286,-0.003048932645469904,0.6836699843406677,0.5012069940567017,-0.0034189464058727026,0.6841166019439697,0.5062353014945984,-0.0019884558860212564,0.6852037310600281,0.514822781085968,0.0038762702606618404,0.6903882622718811,0.4934574067592621,0.004092521965503693,0.6917306184768677,0.49270445108413696,0.004626966081559658,0.6928094625473022,0.4917842149734497,0.005035059060901403,0.6973935961723328,0.48799002170562744,0.007463525049388409,0.7179398536682129,0.4702606797218323,0.02544327639043331,0.6850250959396362,0.4221078157424927,-0.00838111899793148,0.6861771941184998,0.40487104654312134,0.0016779525903984904,0.6888033747673035,0.4059672951698303,0.005733457859605551,0.6888603568077087,0.4941047430038452,0.004648035392165184,0.7147729992866516,0.488862544298172,0.03578438609838486,0.6830168962478638,0.404918372631073,-0.007552575320005417,0.6874503493309021,0.5219248533248901,0.00819742027670145,0.6832907199859619,0.4264705777168274,-0.019336974248290062,0.6888980865478516,0.44315236806869507,-0.011951246298849583,0.6800333261489868,0.5270893573760986,0.0028075005393475294,0.6982040405273438,0.5064475536346436,0.016083281487226486,0.696094274520874,0.46386054158210754,0.0032323100604116917,0.6931240558624268,0.5151237845420837,0.012493089772760868,0.7092320322990417,0.46348103880882263,0.009535446763038635,0.7008944749832153,0.47215771675109863,0.006201243959367275,0.7115298509597778,0.47619733214378357,0.016295837238430977,0.681401789188385,0.5361577272415161,0.004205035511404276,0.690455436706543,0.4475189447402954,-0.006410903297364712,0.7015726566314697,0.5122902989387512,0.023703215643763542,0.6953030228614807,0.521278977394104,0.018397431820631027,0.7031087875366211,0.49658167362213135,0.017737828195095062,0.7194109559059143,0.4788270592689514,0.04243040829896927,0.7087217569351196,0.4978092610836029,0.025693973526358604,0.7181671857833862,0.48409536480903625,0.05845078453421593,0.703533411026001,0.48248258233070374,0.010799038223922253,0.6880378127098083,0.435713529586792,-0.007781977765262127,0.6896264553070068,0.4590110182762146,-0.020324846729636192,0.6909412741661072,0.4606879949569702,-0.013036632910370827,0.6890110969543457,0.45385247468948364,-0.02563701570034027,0.6913219094276428,0.39696043729782104,0.0008282122435048223,0.7014567852020264,0.3923703730106354,0.0020414243917912245,0.7100202441215515,0.3923351764678955,0.005039449781179428,0.716322660446167,0.394635409116745,0.00988532230257988,0.7197175025939941,0.39867812395095825,0.015289373695850372,0.7195971608161926,0.41224220395088196,0.02643398940563202,0.7271777391433716,0.4330010414123535,0.06028154119849205,0.7167516350746155,0.42402055859565735,0.02089836075901985,0.7118275165557861,0.426496297121048,0.015570924617350101,0.7045278549194336,0.4263624846935272,0.011005096137523651,0.6972370743751526,0.42422565817832947,0.007741495035588741,0.6917295455932617,0.4214412569999695,0.005507946480065584,0.6881265044212341,0.4187617301940918,0.003921154420822859,0.7219521999359131,0.4321134090423584,0.08367184549570084,0.6898876428604126,0.46256494522094727,-0.010008138604462147,0.6868999600410461,0.43796029686927795,-0.017804548144340515,0.6873663663864136,0.45947539806365967,-0.026308439671993256,0.6836382150650024,0.4630782902240753,-0.024653008207678795,0.6864418983459473,0.460711807012558,-0.023260395973920822,0.6879937648773193,0.4647064507007599,-0.00842677429318428,0.6831122636795044,0.4638272523880005,-0.02648255228996277,0.6814360618591309,0.4653829038143158,-0.01937795802950859,0.6873452067375183,0.41202762722969055,0.006615690886974335,0.6853104829788208,0.41407695412635803,0.0018616125453263521,0.6848394870758057,0.41595542430877686,-0.0029040523804724216,0.7140930891036987,0.4086449146270752,0.017837759107351303,0.7178782224655151,0.40526291728019714,0.018794983625411987,0.6407034397125244,0.4048762619495392,-0.006866042036563158,0.6473958492279053,0.4050305485725403,-0.006866042036563158,0.6409370303153992,0.3966025114059448,-0.006866042036563158,0.6338480710983276,0.40466567873954773,-0.006866042036563158,0.6404271721839905,0.4131585955619812,-0.006866042036563158,0.7007571458816528,0.40889695286750793,0.011981816962361336,0.7073338031768799,0.40923288464546204,0.011981816962361336,0.7009013891220093,0.4013019800186157,0.011981816962361336,0.6941124796867371,0.4085436463356018,0.011981816962361336,0.7006794214248657,0.4165378510951996,0.011981816962361336
1233.3333333333333,0.674359142780304,0.484040766954422,-0.01586955413222313,0.6814272999763489,0.4596417546272278,-0.031495627015829086,0.677768886089325,0.4670259952545166,-0.015900572761893272,0.6752125024795532,0.43289294838905334,-0.026443637907505035,0.682100772857666,0.4515942931175232,-0.03381764516234398,0.6814704537391663,0.4409376084804535,-0.031818170100450516,0.678469717502594,0.4142688810825348,-0.017399702221155167,0.6301975846290588,0.4064459502696991,-0.006401778198778629,0.678041934967041,0.39331334829330444,-0.014492171816527843,0.6786469221115112,0.38203656673431396,-0.016320381313562393,0.6786165833473206,0.336942583322525,-0.01146260742098093,0.6741379499435425,0.4878349304199219,-0.015093385241925716,0.6736705899238586,0.49158111214637756,-0.012988567352294922,0.6731702089309692,0.49393513798713684,-0.00988211203366518,0.6730116605758667,0.4943518042564392,-0.008780674077570438,0.6730510592460632,0.4988979697227478,-0.009168661199510098,0.6728556156158447,0.5043622255325317,-0.009924517944455147,0.6724249124526978,0.5099408626556396,-0.00834937859326601,0.6726863980293274,0.5193495750427246,-0.0015483021270483732,0.680195689201355,0.46366041898727417,-0.02831878885626793,0.6734846234321594,0.4631693661212921,-0.02152363397181034,0.5950176119804382,0.36763596534729004,0.013660472817718983,0.6489149332046509,0.4163788855075836,-0.007923848927021027,0.6422123312950134,0.4168626666069031,-0.009142530150711536,0.6355851888656616,0.4157375693321228,-0.00899460818618536,0.626697838306427,0.40897682309150696,-0.006101882550865412,0.6546249985694885,0.41434481739997864,-0.005682446528226137,0.6403011083602905,0.3899398744106293,-0.013018511235713959,0.6478000283241272,0.3914206027984619,-0.01094765868037939,0.6333176493644714,0.391143262386322,-0.012482945807278156,0.6285004615783691,0.39423006772994995,-0.01083432324230671,0.6199691295623779,0.414247065782547,-0.0039055580273270607,0.6482877731323242,0.5306330919265747,-0.0006925586494617164,0.6275724768638611,0.4032159745693207,-0.00505742197856307,0.5931030511856079,0.4061792492866516,0.017479578033089638,0.6111571788787842,0.40748363733291626,7.775617996230721e-05,0.6436679363250732,0.4503716826438904,-0.011918680742383003,0.66671222448349,0.48183417320251465,-0.017218686640262604,0.6665003895759583,0.4907963275909424,-0.014138135127723217,0.6582229733467102,0.4843880236148834,-0.015975384041666985,0.652118980884552,0.48693573474884033,-0.013161205686628819,0.6598294377326965,0.49063819646835327,-0.013707014732062817,0.654308021068573,0.4908180236816406,-0.010840666480362415,0.6442108154296875,0.5020723342895508,-0.004447306971997023,0.6765871047973633,0.45922988653182983,-0.03212355822324753,0.6764747500419617,0.451486200094223,-0.034445639699697495,0.6188643574714661,0.38815614581108093,-0.012088125571608543,0.6567637324333191,0.4302942454814911,-0.01100943423807621,0.6601659655570984,0.4560697376728058,-0.021458985283970833,0.6591430902481079,0.45161110162734985,-0.01996077410876751,0.6218307614326477,0.4481661915779114,-0.009952450171113014,0.675987720489502,0.44149264693260193,-0.03166849911212921,0.6376507878303528,0.3812320828437805,-0.01841599866747856,0.6271976232528687,0.3830195665359497,-0.01619689352810383,0.6058221459388733,0.3534417152404785,0.0030680440831929445,0.665899932384491,0.39279383420944214,-0.016286415979266167,0.6540918350219727,0.3956989049911499,-0.007525504566729069,0.6399353742599487,0.4936603009700775,-0.0053427512757480145,0.5943002700805664,0.4859922528266907,0.03847549855709076,0.6642065048217773,0.46081140637397766,-0.017616212368011475,0.6688470244407654,0.46341755986213684,-0.016220698133111,0.6441611051559448,0.4908405840396881,-0.004914070479571819,0.6456950902938843,0.49108147621154785,-0.005646909587085247,0.6230476498603821,0.37694820761680603,-0.014399607665836811,0.6590202450752258,0.4593743085861206,-0.017875850200653076,0.6506404280662537,0.3841457664966583,-0.018506722524762154,0.6498219966888428,0.377017080783844,-0.020282955840229988,0.6399402618408203,0.3370196521282196,-0.013615882024168968,0.6144866347312927,0.36454352736473083,-0.007234722375869751,0.6456776857376099,0.3556404709815979,-0.01748012751340866,0.6135589480400085,0.38335275650024414,-0.008136262185871601,0.6039845943450928,0.37562552094459534,0.002002682304009795,0.6664946675300598,0.4867009222507477,-0.01648137904703617,0.6590273380279541,0.48770225048065186,-0.015170600265264511,0.653167724609375,0.4889121949672699,-0.012506109662353992,0.6653326153755188,0.46231770515441895,-0.015678126364946365,0.6449440717697144,0.49096211791038513,-0.005226932466030121,0.648484468460083,0.49361875653266907,-0.007309577893465757,0.6464933753013611,0.4912254512310028,-0.005620098672807217,0.6682659983634949,0.45858848094940186,-0.025802576914429665,0.6551437377929688,0.49210312962532043,-0.009348271414637566,0.6605241894721985,0.49249598383903503,-0.010765716433525085,0.6666179895401001,0.4931359887123108,-0.011246848851442337,0.6645154356956482,0.5185284614562988,-0.0033572791144251823,0.6647230982780457,0.5086332559585571,-0.010185273364186287,0.6653481721878052,0.5030511021614075,-0.011585340835154057,0.6659993529319763,0.4976610839366913,-0.010706360451877117,0.6665355563163757,0.49358227849006653,-0.010175635106861591,0.6550930142402649,0.4922389090061188,-0.008494840934872627,0.6540643572807312,0.493975967168808,-0.009072973392903805,0.6527316570281982,0.49654918909072876,-0.009835146367549896,0.6516099572181702,0.4995664954185486,-0.008961687795817852,0.6494939923286438,0.4801444709300995,-0.012243935838341713,0.5864997506141663,0.44242051243782043,0.04350041225552559,0.6790003180503845,0.4653847813606262,-0.020362267270684242,0.6509718894958496,0.49176955223083496,-0.006795215420424938,0.6498141288757324,0.49257123470306396,-0.0071697477251291275,0.6705317497253418,0.4665660560131073,-0.016139592975378036,0.660072922706604,0.46406736969947815,-0.012182324193418026,0.6697531938552856,0.4650425910949707,-0.016320491209626198,0.6495303511619568,0.43450498580932617,-0.010516065172851086,0.6385006904602051,0.43940213322639465,-0.01106666773557663,0.6573111414909363,0.4550010859966278,-0.016563663259148598,0.6205317378044128,0.34290480613708496,-0.006726014893501997,0.6279888153076172,0.3574318587779999,-0.01342918910086155,0.6354029178619385,0.3741413354873657,-0.018298372626304626,0.6494479775428772,0.5086641311645508,-0.005239963997155428,0.6646013259887695,0.3813480734825134,-0.019463736563920975,0.6618567705154419,0.3567482531070709,-0.017818283289670944,0.6585473418235779,0.3353767991065979,-0.015013367868959904,0.6298890113830566,0.41318124532699585,-0.007694603409618139,0.6116945147514343,0.41985994577407837,-0.0018705242546275258,0.658432126045227,0.4124079942703247,-0.004277006257325411,0.6207451224327087,0.39802759885787964,-0.007509536109864712,0.6619178056716919,0.42542287707328796,-0.012333959341049194,0.6648017764091492,0.45342016220092773,-0.026485420763492584,0.6020856499671936,0.4244810938835144,0.002968239365145564,0.6173431873321533,0.4267733693122864,-0.006119057070463896,0.6269396543502808,0.4309764504432678,-0.009312482550740242,0.640107274055481,0.4307049512863159,-0.009058146737515926,0.6495603919029236,0.42784273624420166,-0.008169334381818771,0.6565498113632202,0.4243757724761963,-0.008157349191606045,0.6723552346229553,0.4157361090183258,-0.01684398204088211,0.6030753254890442,0.4428911805152893,0.002097316551953554,0.6143463850021362,0.3966865539550781,-0.006235918495804071,0.6773132681846619,0.46332594752311707,-0.02891356870532036,0.6583353281021118,0.4386768341064453,-0.012914251536130905,0.585654616355896,0.40345898270606995,0.0366220697760582,0.6620511412620544,0.4205038547515869,-0.008062895387411118,0.655455470085144,0.4552055597305298,-0.010453775525093079,0.624477207660675,0.40341731905937195,-0.004591151140630245,0.6638374924659729,0.4480418264865875,-0.024499911814928055,0.5889889597892761,0.46368321776390076,0.042432673275470734,0.6583166718482971,0.40937820076942444,-0.003218091558665037,0.6699403524398804,0.44392767548561096,-0.02929045259952545,0.6161551475524902,0.5098793506622314,0.01231400016695261,0.612872302532196,0.5182641744613647,0.022960834205150604,0.5924113392829895,0.44318246841430664,0.022265439853072166,0.606130063533783,0.4973894953727722,0.016880515962839127,0.5978197455406189,0.3894572854042053,0.011248762719333172,0.6461136937141418,0.5386878252029419,0.002670100424438715,0.6767907738685608,0.4649393856525421,-0.020507588982582092,0.6520044803619385,0.4441981315612793,-0.011607426218688488,0.6037328839302063,0.4080352783203125,0.004577504936605692,0.6370561122894287,0.4110274612903595,-0.008454402908682823,0.642802894115448,0.41223400831222534,-0.008651197887957096,0.6472822427749634,0.49494513869285583,-0.006704811006784439,0.6035040020942688,0.46015676856040955,0.005336950067430735,0.6563602685928345,0.5497449040412903,0.0073531996458768845,0.6352506279945374,0.5379735231399536,0.013020019978284836,0.625176727771759,0.5300776362419128,0.017137892544269562,0.678861141204834,0.35881853103637695,-0.01462225615978241,0.6688058972358704,0.5511523485183716,0.009369972161948681,0.6482858657836914,0.41175633668899536,-0.0075110774487257,0.6535232663154602,0.410480797290802,-0.005583565682172775,0.6568500399589539,0.4099246859550476,-0.003729153424501419,0.6078362464904785,0.39374208450317383,-0.001400595298036933,0.6523188352584839,0.40116968750953674,-0.006969282869249582,0.6466048955917358,0.3976025879383087,-0.009245892986655235,0.6409807205200195,0.3967446982860565,-0.010367118753492832,0.6352343559265137,0.39786070585250854,-0.010150354355573654,0.6316046714782715,0.39995601773262024,-0.008869619108736515,0.588716983795166,0.3834114074707031,0.026160718873143196,0.6330528855323792,0.4088454842567444,-0.007486709859222174,0.6770473718643188,0.47354912757873535,-0.014273455366492271,0.6567479968070984,0.47571423649787903,-0.013684782199561596,0.6646227240562439,0.4595637023448944,-0.019852831959724426,0.6692641973495483,0.47375306487083435,-0.01593712531030178,0.6775691509246826,0.40338414907455444,-0.013634921982884407,0.6263080835342407,0.5213540196418762,0.009651130996644497,0.6358351111412048,0.5301240086555481,0.006572484038770199,0.6579000353813171,0.5446544885635376,0.0002041490952251479,0.602699875831604,0.5044422745704651,0.031057214364409447,0.6564831137657166,0.40625888109207153,-0.004847563803195953,0.6684808135032654,0.4285535216331482,-0.01903056539595127,0.6706922650337219,0.5461323857307434,0.0023744129575788975,0.6455855965614319,0.5449020266532898,0.008648619055747986,0.5940515398979187,0.4623468816280365,0.022923458367586136,0.6604711413383484,0.492814302444458,-0.009787110611796379,0.6594951748847961,0.4958665370941162,-0.010481656529009342,0.6585049033164978,0.4999406337738037,-0.011300323531031609,0.6576862931251526,0.504844605922699,-0.010293900035321712,0.6562313437461853,0.5144311189651489,-0.005555204581469297,0.6496463418006897,0.490896075963974,-0.0082988440990448,0.6484041213989258,0.48994702100753784,-0.008946262300014496,0.6474111676216125,0.4889427125453949,-0.009454039856791496,0.6436159014701843,0.48619404435157776,-0.009601461701095104,0.6148640513420105,0.4659941792488098,-0.003981543239206076,0.6672281622886658,0.41995155811309814,-0.014117935672402382,0.6635398864746094,0.4036838114261627,-0.005703935399651527,0.6592680215835571,0.40359893441200256,-0.0050603593699634075,0.6508873701095581,0.49174240231513977,-0.00730972271412611,0.6120253801345825,0.48605233430862427,0.005768502131104469,0.6696526408195496,0.40485879778862,-0.01187833584845066,0.6517666578292847,0.5223256349563599,-0.0024254422169178724,0.6804308891296387,0.43200042843818665,-0.02677476406097412,0.6737902164459229,0.42487576603889465,-0.022044694051146507,0.6794805526733398,0.42357203364372253,-0.02190595306456089,0.6639817357063293,0.4410245716571808,-0.01923108473420143,0.6717867851257324,0.5383021235466003,-0.001192831201478839,0.6722712516784668,0.5283253192901611,-0.0013209297321736813,0.6620746850967407,0.5273004770278931,-0.0026793060824275017,0.6371844410896301,0.5058486461639404,-0.0018981656758114696,0.6491212844848633,0.46149230003356934,-0.010061755776405334,0.6436282992362976,0.5152139663696289,-0.001893149921670556,0.6324284076690674,0.45986464619636536,-0.011445838026702404,0.6421872973442078,0.46966516971588135,-0.010431483387947083,0.625577449798584,0.4730914533138275,-0.0077630323357880116,0.6597208380699158,0.536911129951477,-0.002963741309940815,0.6594184637069702,0.4451847970485687,-0.01569085568189621,0.6302831768989563,0.5123587846755981,0.0028394311666488647,0.6391283869743347,0.5220617651939392,0.0021137550938874483,0.6325456500053406,0.49505236744880676,-0.0038540165405720472,0.6045255661010742,0.47477346658706665,0.008845597505569458,0.6223294734954834,0.4962877631187439,0.0005507130408659577,0.5978031754493713,0.4802708029747009,0.02201993577182293,0.6360963582992554,0.4801485240459442,-0.008888882584869862,0.6633822917938232,0.43347761034965515,-0.015717482194304466,0.666715681552887,0.4571479558944702,-0.027335751801729202,0.6621202230453491,0.45883074402809143,-0.02125123329460621,0.6704815626144409,0.4521070122718811,-0.030969973653554916,0.6593321561813354,0.395968496799469,-0.009361626580357552,0.6491000652313232,0.38927745819091797,-0.013079090975224972,0.6396381258964539,0.3871435821056366,-0.014967669732868671,0.6312668919563293,0.38826826214790344,-0.014454467222094536,0.6248375177383423,0.39182454347610474,-0.012025617994368076,0.6187497973442078,0.4055868983268738,-0.0030213964637368917,0.5918238162994385,0.42449691891670227,0.01978178694844246,0.6242889761924744,0.41856470704078674,-0.0059844390489161015,0.6315837502479553,0.4220997393131256,-0.007819538936018944,0.6407878398895264,0.4229975640773773,-0.00818598922342062,0.6492292881011963,0.4215317964553833,-0.007292528171092272,0.6557300090789795,0.41898247599601746,-0.005848354659974575,0.6602562665939331,0.416646271944046,-0.005309212952852249,0.5856272578239441,0.42271143198013306,0.041927024722099304,0.6615967750549316,0.46084731817245483,-0.018119262531399727,0.6695511937141418,0.43615514039993286,-0.02333514578640461,0.6718754172325134,0.45799341797828674,-0.030553316697478294,0.6737896800041199,0.4620046615600586,-0.027021266520023346,0.6709768176078796,0.4592544436454773,-0.027680348604917526,0.6626256108283997,0.4632090926170349,-0.01524924486875534,0.675301194190979,0.4627666473388672,-0.02830737642943859,0.6748515367507935,0.46444135904312134,-0.021009718999266624,0.6606947183609009,0.4099162518978119,-0.003098409390076995,0.6638538241386414,0.4123608469963074,-0.005372083745896816,0.6662445068359375,0.4144384562969208,-0.008843474090099335,0.6294515132904053,0.4016611576080322,-0.007279465440660715,0.625066876411438,0.3982287645339966,-0.007928742095828056,0.6847262382507324,0.43341854214668274,-0.022888094186782837,0.7137830257415771,0.4119313657283783,0.019377313554286957,0.6833954453468323,0.46371564269065857,-0.01876749098300934,0.7281855344772339,0.3793160617351532,0.053265415132045746,0.6974422931671143,0.41875243186950684,0.008683738298714161,0.7036495208740234,0.4195469319820404,0.010826836340129375,0.709189772605896,0.4193337559700012,0.014066171832382679,0.7151986956596375,0.4149218201637268,0.021171722561120987,0.6922613382339478,0.4166119694709778,0.00742282485589385,0.7077521085739136,0.3953235447406769,0.007897095754742622,0.700309693813324,0.3956797122955322,0.005567306187003851,0.713895320892334,0.39734798669815063,0.011656949296593666,0.717215359210968,0.40101850032806396,0.015220358967781067,0.719141960144043,0.4202306866645813,0.02548486925661564,0.6899337768554688,0.529930591583252,0.011241517961025238,0.7153374552726746,0.40989720821380615,0.021917883306741714,0.7273404002189636,0.4154621958732605,0.057610973715782166,0.7227333784103394,0.41438180208206177,0.03309890627861023,0.7017666697502136,0.45344698429107666,0.0048146601766347885,0.681260883808136,0.48267120122909546,-0.01290047075599432,0.6797308921813965,0.4916353225708008,-0.010157253593206406,0.6874073147773743,0.4857526123523712,-0.007075371220707893,0.6912868022918701,0.4889317452907562,-0.0010131329763680696,0.6846604347229004,0.4920995235443115,-0.005995710380375385,0.6884486675262451,0.49282851815223694,-0.0006068663205951452,0.694865882396698,0.5036168098449707,0.011003220453858376,0.685478687286377,0.4596303701400757,-0.02983781136572361,0.6868692636489868,0.4520300030708313,-0.03171706199645996,0.7239739298820496,0.3946762979030609,0.018926793709397316,0.6913400888442993,0.4324371814727783,-2.59893622569507e-05,0.6931943297386169,0.4576878547668457,-0.011118595488369465,0.6931658387184143,0.4533345103263855,-0.009303255006670952,0.7168599963188171,0.45319974422454834,0.01773613877594471,0.6860093474388123,0.44200366735458374,-0.028199024498462677,0.7143145799636841,0.385436475276947,0.003149790922179818,0.7207860946655273,0.3887008726596832,0.010724922642111778,0.7260438203811646,0.36480462551116943,0.03858860954642296,0.6895508170127869,0.3906727433204651,-0.00915533397346735,0.6937371492385864,0.39887386560440063,0.005886075086891651,0.6990654468536377,0.49575793743133545,0.013437359593808651,0.7124060392379761,0.4898146986961365,0.0755152627825737,0.688717246055603,0.46202751994132996,-0.010034032166004181,0.6848945021629333,0.4643099904060364,-0.012426691129803658,0.6958355903625488,0.49394890666007996,0.011266067624092102,0.6943454146385193,0.49400192499160767,0.00858260877430439,0.7226129770278931,0.38335278630256653,0.014259166084229946,0.6921234726905823,0.46096473932266235,-0.007764628157019615,0.7043609619140625,0.3852066099643707,-0.003720468608662486,0.705670952796936,0.37832677364349365,-0.0050739566795527935,0.7096203565597534,0.3444978594779968,0.006785806734114885,0.724155068397522,0.3739839792251587,0.02442583441734314,0.706956148147583,0.3616364598274231,2.1750172891188413e-05,0.725487232208252,0.3907433748245239,0.025052940472960472,0.7270722985267639,0.3855825364589691,0.0379251204431057,0.6807259917259216,0.48759692907333374,-0.012185280211269855,0.686111569404602,0.489218145608902,-0.006832853890955448,0.6899940967559814,0.49093949794769287,-0.0013989853905513883,0.6872162818908691,0.46335169672966003,-0.009457630105316639,0.6950770020484924,0.4939851760864258,0.00970002356916666,0.6923589706420898,0.4962594211101532,0.00529718492180109,0.6935252547264099,0.49405738711357117,0.008181625977158546,0.688522458076477,0.459683358669281,-0.018759246915578842,0.6870437264442444,0.4940674304962158,0.0003346515877638012,0.6832845211029053,0.4939368963241577,-0.0035562231205403805,0.6786854863166809,0.4939349591732025,-0.007219492457807064,0.6795198917388916,0.5187105536460876,0.000482982984976843,0.6793038845062256,0.5094142556190491,-0.006001122295856476,0.6794267892837524,0.5037549734115601,-0.007228414062410593,0.679142951965332,0.4983516335487366,-0.006393234711140394,0.6785624027252197,0.4942372739315033,-0.006081693805754185,0.6869754195213318,0.4940679669380188,0.0011869698064401746,0.6881101727485657,0.4959968626499176,0.0005984171875752509,0.689281165599823,0.4987257122993469,0.00021195074077695608,0.6900824308395386,0.5018619894981384,0.0018262293888255954,0.6959680914878845,0.4819522202014923,0.0017585158348083496,0.7193840742111206,0.44986191391944885,0.08472222089767456,0.6898730993270874,0.4940563142299652,0.005310841836035252,0.6911396980285645,0.4950483441352844,0.004953925497829914,0.6834543347358704,0.46724236011505127,-0.012369646690785885,0.6896378397941589,0.46542462706565857,-0.004167523235082626,0.684133768081665,0.465851366519928,-0.012662961147725582,0.6964950561523438,0.43729305267333984,0.004154898691922426,0.7054744958877563,0.44324132800102234,0.008719374425709248,0.6930482983589172,0.4567731022834778,-0.00558817945420742,0.7204051613807678,0.3530007600784302,0.022295890375971794,0.7178265452384949,0.365683376789093,0.012036477215588093,0.7158945798873901,0.3787391185760498,0.004478409420698881,0.6910863518714905,0.5094615817070007,0.007376673631370068,0.6922386288642883,0.37940514087677,-0.011741571128368378,0.694387674331665,0.3599889874458313,-0.008693418465554714,0.6962494850158691,0.33951902389526367,-0.004707226064056158,0.7131948471069336,0.41790318489074707,0.01797991618514061,0.7239452600479126,0.42608943581581116,0.030753564089536667,0.688915491104126,0.41441065073013306,0.007397808600217104,0.7207409143447876,0.4046611189842224,0.022379886358976364,0.6882854104042053,0.42710086703300476,-0.0035453049931675196,0.6920077204704285,0.4548702836036682,-0.018100325018167496,0.7265115976333618,0.4320678412914276,0.03986138105392456,0.7227982878684998,0.4320414662361145,0.024552153423428535,0.7176575064659119,0.43518611788749695,0.016764294356107712,0.7071032524108887,0.4339473843574524,0.010874949395656586,0.6986579895019531,0.43033894896507263,0.0069988747127354145,0.692646861076355,0.4263676404953003,0.0032282897736877203,0.6831982135772705,0.41648605465888977,-0.013119982555508614,0.7255235910415649,0.44954636693000793,0.03881669044494629,0.7235731482505798,0.40354353189468384,0.026469498872756958,0.6826961636543274,0.4635477364063263,-0.027076557278633118,0.691045343875885,0.44059431552886963,-0.002286535920575261,0.7247015237808228,0.41344428062438965,0.07915130257606506,0.6884485483169556,0.42184412479400635,0.0008348907576873899,0.6925479173660278,0.4570935070514679,0.0005153912934474647,0.7172299027442932,0.41031378507614136,0.023756427690386772,0.691588819026947,0.4495154321193695,-0.015963245183229446,0.7164228558540344,0.4693552851676941,0.08198052644729614,0.6881320476531982,0.411295086145401,0.008973564952611923,0.6892621517181396,0.4449133276939392,-0.023115593940019608,0.7077198028564453,0.5108317136764526,0.03960748016834259,0.7040193676948547,0.5186360478401184,0.051053486764431,0.7250733375549316,0.450265496969223,0.06233882158994675,0.7133341431617737,0.5000070929527283,0.049064841121435165,0.7274136543273926,0.3993712365627289,0.04960218444466591,0.689668595790863,0.537446141242981,0.015674550086259842,0.6809847950935364,0.4652026891708374,-0.019382642582058907,0.6949865818023682,0.4466055631637573,0.0014538317918777466,0.7246968746185303,0.41577547788619995,0.04086754471063614,0.7088568806648254,0.4144306480884552,0.0141974575817585,0.703785240650177,0.4148760437965393,0.011376621201634407,0.6933515071868896,0.4977267384529114,0.006823403295129538,0.722832441329956,0.4657250642776489,0.04077376052737236,0.6793692111968994,0.5488225221633911,0.01462612859904766,0.6923404335975647,0.5363622307777405,0.031162241473793983,0.6976458430290222,0.5289491415023804,0.03996248170733452,0.698366641998291,0.41418424248695374,0.009552141651511192,0.6931473016738892,0.4128299951553345,0.009047132916748524,0.6897808909416199,0.4120940864086151,0.009389294311404228,0.7248775362968445,0.4015568792819977,0.0338265560567379,0.6936663389205933,0.4053211212158203,0.008044564165174961,0.6991710662841797,0.4031006693840027,0.008231581188738346,0.7050303220748901,0.40286341309547424,0.00999534223228693,0.7102357149124146,0.4044687747955322,0.01301273051649332,0.7131030559539795,0.4067659080028534,0.015959182754158974,0.727661669254303,0.3946707844734192,0.06783470511436462,0.7119041085243225,0.41327932476997375,0.017091210931539536,0.6918378472328186,0.47719240188598633,-0.0029906665440648794,0.689422607421875,0.4608404040336609,-0.012559893541038036,0.683828592300415,0.474428653717041,-0.011484786868095398,0.7012484669685364,0.5209347009658813,0.03173995018005371,0.695533812046051,0.5289702415466309,0.024020202457904816,0.6816454529762268,0.5439106822013855,0.00728960894048214,0.7084140181541443,0.5065140724182129,0.06412076205015182,0.6899470090866089,0.4088204801082611,0.008561957627534866,0.6867082118988037,0.42965927720069885,-0.013088220730423927,0.6867424845695496,0.5433344841003418,0.022090598940849304,0.7218776941299438,0.4680580794811249,0.06134530529379845,0.6832005977630615,0.4940783381462097,-0.002502032555639744,0.6841893196105957,0.4972524642944336,-0.0029681911692023277,0.684939980506897,0.5014224648475647,-0.003390443744137883,0.6852878928184509,0.5064343810081482,-0.0020551348570734262,0.6860748529434204,0.5147899389266968,0.0035635370295494795,0.6915059089660645,0.4934132993221283,0.0043331412598490715,0.6929247379302979,0.4925724267959595,0.004889243748039007,0.6940872073173523,0.4915822148323059,0.0053292009979486465,0.6985864043235779,0.4883253574371338,0.007797490805387497,0.7181933522224426,0.4705795645713806,0.02587755210697651,0.6856531500816345,0.4212214946746826,-0.007964837364852428,0.6859254837036133,0.4043969511985779,0.002157989190891385,0.6882418990135193,0.40555113554000854,0.006260594353079796,0.6899135112762451,0.49415403604507446,0.004855983424931765,0.7149646282196045,0.4893864095211029,0.035995807498693466,0.6834040284156799,0.40418192744255066,-0.007166215684264898,0.6881463527679443,0.5220993161201477,0.00778607651591301,0.6840689182281494,0.4254854619503021,-0.018880343064665794,0.6896330118179321,0.44248443841934204,-0.011404926888644695,0.6808029413223267,0.5271101593971252,0.002240939764305949,0.6990482211112976,0.5069230794906616,0.016062822192907333,0.696702778339386,0.46369996666908264,0.0035933491308242083,0.6938703656196594,0.5154470801353455,0.012245980091392994,0.7096610069274902,0.4635310769081116,0.009992135688662529,0.7016255259513855,0.47225210070610046,0.0065653882920742035,0.7119648456573486,0.4765477776527405,0.016702281311154366,0.6820502281188965,0.5364779233932495,0.0036290502175688744,0.6911331415176392,0.44694387912750244,-0.0058888718485832214,0.7019779682159424,0.5127468109130859,0.023600148037075996,0.6957700252532959,0.521621584892273,0.018094249069690704,0.7039694786071777,0.4971076250076294,0.01792360655963421,0.7195472717285156,0.4793245196342468,0.042703211307525635,0.7091090083122253,0.49833887815475464,0.02586223930120468,0.7181648015975952,0.48459920287132263,0.05852336063981056,0.7043979167938232,0.48285675048828125,0.011149919591844082,0.6887280344963074,0.4350016415119171,-0.007281116675585508,0.6903936862945557,0.45836082100868225,-0.01970059610903263,0.6916266679763794,0.4602659046649933,-0.012508852407336235,0.6899004578590393,0.45305556058883667,-0.02498195692896843,0.6913402080535889,0.39655765891075134,0.001432090881280601,0.7019171714782715,0.39200958609580994,0.0027118294965475798,0.7108433246612549,0.39195239543914795,0.005758820101618767,0.717259407043457,0.3942897617816925,0.010655790567398071,0.7205330729484558,0.39843595027923584,0.016082242131233215,0.7196105122566223,0.4123523533344269,0.02719637006521225,0.7269617915153503,0.43282073736190796,0.060826197266578674,0.7173441052436829,0.42386573553085327,0.021659567952156067,0.7125903367996216,0.4262029528617859,0.016262346878647804,0.7051704525947571,0.42608392238616943,0.011634906753897667,0.6975702047348022,0.42400163412094116,0.008362976834177971,0.6917877793312073,0.4211282730102539,0.00598592683672905,0.6880542039871216,0.41829755902290344,0.004359234124422073,0.7215295433998108,0.4315005838871002,0.08420813828706741,0.6905542612075806,0.4622056484222412,-0.009550976566970348,0.6877069473266602,0.43715062737464905,-0.01723499968647957,0.688256025314331,0.4586758017539978,-0.025703778490424156,0.6845443844795227,0.4624084532260895,-0.024194395169615746,0.6872695684432983,0.4600149095058441,-0.02271193638443947,0.6886894106864929,0.4643848240375519,-0.00807586032897234,0.6840453743934631,0.46311256289482117,-0.02600611001253128,0.6823715567588806,0.4647870659828186,-0.019072769209742546,0.6867154836654663,0.4115888476371765,0.007070549298077822,0.6851080656051636,0.4134957194328308,0.002278499538078904,0.6851473450660706,0.4151170253753662,-0.0025406982749700546,0.7145158648490906,0.4084795415401459,0.01865359954535961,0.7184736132621765,0.40504753589630127,0.019633682444691658,0.6407296657562256,0.404459685087204,-0.007113918662071228,0.6475223898887634,0.40472930669784546,-0.007113918662071228,0.6409621238708496,0.3961116373538971,-0.007113918662071228,0.6337373852729797,0.40412387251853943,-0.007113918662071228,0.6404477953910828,0.4127981662750244,-0.007113918662071228,0.7008947134017944,0.4085755944252014,0.01271134801208973,0.7078853249549866,0.4088780879974365,0.01271134801208973,0.7008616924285889,0.40105772018432617,0.01271134801208973,0.6937441229820251,0.40826091170310974,0.01271134801208973,0.7009532451629639,0.41610631346702576,0.01271134801208973
1266.6666666666665,0.6777030825614929,0.4866643249988556,-0.015089722350239754,0.6834391355514526,0.4639933705329895,-0.03118806704878807,0.6799071431159973,0.4711349606513977,-0.01531140599399805,0.6773855686187744,0.4370006322860718,-0.026720896363258362,0.6840880513191223,0.45597243309020996,-0.033665746450424194,0.6835092306137085,0.44518032670021057,-0.031920984387397766,0.6807225942611694,0.41791069507598877,-0.018242768943309784,0.6321520209312439,0.41014647483825684,-0.007204726804047823,0.680474579334259,0.3962165117263794,-0.01595999114215374,0.6811223030090332,0.38482266664505005,-0.0181181151419878,0.6810822486877441,0.3398430347442627,-0.014540119096636772,0.6774599552154541,0.49096083641052246,-0.014289071783423424,0.6769081354141235,0.49528589844703674,-0.012135209515690804,0.6763047575950623,0.49796822667121887,-0.008926702663302422,0.6761256456375122,0.498337984085083,-0.0072241551242768764,0.6761338114738464,0.5033038258552551,-0.007408718578517437,0.6758790612220764,0.5092737078666687,-0.007882687263190746,0.6753627061843872,0.5153624415397644,-0.005859862547367811,0.6748834848403931,0.5249465703964233,0.0015278570353984833,0.682273805141449,0.46788880228996277,-0.02793094702064991,0.6757241487503052,0.4673362970352173,-0.02105761505663395,0.5981253981590271,0.3713802099227905,0.012181960046291351,0.6512221693992615,0.4200420379638672,-0.008746249601244926,0.6444130539894104,0.420621395111084,-0.009866536594927311,0.6377229690551758,0.4195656478404999,-0.009651432745158672,0.6288405656814575,0.41261741518974304,-0.006784114986658096,0.6570100784301758,0.4179430603981018,-0.0065918113104999065,0.6425026059150696,0.39322957396507263,-0.014096556231379509,0.6501640677452087,0.3946865200996399,-0.012169844470918179,0.6354302167892456,0.3945178985595703,-0.01344416942447424,0.6305878162384033,0.39769017696380615,-0.011736512184143066,0.6222657561302185,0.4179321527481079,-0.004477915354073048,0.6510710120201111,0.534568190574646,0.002619055798277259,0.6295487284660339,0.4067456126213074,-0.005886633414775133,0.59598708152771,0.4099089503288269,0.016886543482542038,0.613696813583374,0.41098740696907043,-0.0005840541562065482,0.6463513374328613,0.45452988147735596,-0.011609421111643314,0.6701558232307434,0.4841366708278656,-0.016314463689923286,0.6698541045188904,0.4944092035293579,-0.01320136059075594,0.6616915464401245,0.4870709180831909,-0.014953559264540672,0.655694305896759,0.4900215268135071,-0.012078463099896908,0.6632586121559143,0.494192898273468,-0.01272604800760746,0.6578524708747864,0.49439889192581177,-0.009800518862903118,0.6471919417381287,0.506964385509491,-0.0025958670303225517,0.6786422729492188,0.46362850069999695,-0.03177284076809883,0.6785218715667725,0.4558991491794586,-0.034243155270814896,0.6213976740837097,0.3916197121143341,-0.013120071031153202,0.6593368649482727,0.43408203125,-0.011359122581779957,0.662722110748291,0.46035587787628174,-0.021061407402157784,0.6617175340652466,0.4558351933956146,-0.019663752987980843,0.6247413754463196,0.45250096917152405,-0.009681358002126217,0.6780943274497986,0.44577306509017944,-0.03169547766447067,0.6401291489601135,0.38487812876701355,-0.019771654158830643,0.6296859383583069,0.3865974545478821,-0.017405876889824867,0.6088181138038635,0.3571392893791199,0.0011668635997921228,0.6685542464256287,0.39630594849586487,-0.01773579604923725,0.6565514206886292,0.39902347326278687,-0.008792958222329617,0.6430895924568176,0.49846306443214417,-0.0038278151769191027,0.597446858882904,0.4894544780254364,0.040340349078178406,0.6667050719261169,0.4650520384311676,-0.017145270481705666,0.6712693572044373,0.46757781505584717,-0.015676526352763176,0.6480574011802673,0.4947413206100464,-0.0036008614115417004,0.6496172547340393,0.4949820339679718,-0.004395624157041311,0.6257277727127075,0.38046929240226746,-0.015751976519823074,0.661637544631958,0.46360981464385986,-0.01739494875073433,0.6531409025192261,0.3877679705619812,-0.01991790346801281,0.652397871017456,0.3806140124797821,-0.02185310609638691,0.6425813436508179,0.3403942883014679,-0.01620846427977085,0.6175507307052612,0.3683875799179077,-0.008890216238796711,0.6483675241470337,0.3591632843017578,-0.019610581919550896,0.6163262724876404,0.3866892457008362,-0.00926114246249199,0.6071566939353943,0.379463791847229,0.0006071827956475317,0.6699080467224121,0.48967796564102173,-0.015568537637591362,0.6624796986579895,0.4908699095249176,-0.014174288138747215,0.6567314267158508,0.4922666549682617,-0.011440741829574108,0.6678413152694702,0.46650826930999756,-0.015191453509032726,0.6488550305366516,0.49486789107322693,-0.003957015927881002,0.6522027850151062,0.49770286679267883,-0.0057512628845870495,0.6504127979278564,0.49511855840682983,-0.004354300443083048,0.6705793142318726,0.46288660168647766,-0.025422656908631325,0.6586797833442688,0.49578896164894104,-0.008270353078842163,0.6639360189437866,0.4962579309940338,-0.009725699201226234,0.6699085831642151,0.49708545207977295,-0.010225784964859486,0.66675865650177,0.524105966091156,-0.0002868753799702972,0.667940616607666,0.5140069723129272,-0.007693128660321236,0.6686276793479919,0.5078779458999634,-0.009446104988455772,0.6693103909492493,0.5019662976264954,-0.008882853202521801,0.6697999238967896,0.49748602509498596,-0.008556115441024303,0.6586005091667175,0.4960143566131592,-0.006972908973693848,0.6576188802719116,0.49798116087913513,-0.007374472450464964,0.6563126444816589,0.5008705854415894,-0.007977754808962345,0.6551934480667114,0.5042571425437927,-0.00700796116143465,0.6523311734199524,0.48475170135498047,-0.01124690379947424,0.589507520198822,0.4458676874637604,0.044142838567495346,0.6811239123344421,0.4695068895816803,-0.019894404336810112,0.6546280384063721,0.49558374285697937,-0.005382051225751638,0.6535096764564514,0.496498167514801,-0.0056532747112214565,0.6728699207305908,0.4707190692424774,-0.015437794849276543,0.6626798510551453,0.46825650334358215,-0.01158052310347557,0.6721341013908386,0.4691924452781677,-0.015714995563030243,0.6521769762039185,0.4383701682090759,-0.010705783031880856,0.6412140130996704,0.44348928332328796,-0.011067216284573078,0.6599310040473938,0.45921096205711365,-0.01618611067533493,0.6233413815498352,0.3464897871017456,-0.008979298174381256,0.6308757066726685,0.36118757724761963,-0.015331372618675232,0.6380230784416199,0.37775397300720215,-0.019829237833619118,0.6521208882331848,0.5137237906455994,-0.002993291709572077,0.6673321723937988,0.38482147455215454,-0.02113507315516472,0.6644181609153748,0.3600694537162781,-0.020115433260798454,0.6610509157180786,0.33852988481521606,-0.017865903675556183,0.6319946050643921,0.41697371006011963,-0.00832964014261961,0.6140174865722656,0.4235864281654358,-0.0022781556472182274,0.660836398601532,0.41597917675971985,-0.005270128138363361,0.623084306716919,0.40149617195129395,-0.008383654057979584,0.664425253868103,0.4291626214981079,-0.01281609758734703,0.6671967506408691,0.45774221420288086,-0.026173055171966553,0.605018138885498,0.4284595847129822,0.002784573705866933,0.6194501519203186,0.4306783676147461,-0.0063617336563766,0.6289254426956177,0.434967577457428,-0.00953066535294056,0.6421830058097839,0.4345688819885254,-0.009345276281237602,0.6517267823219299,0.4315527379512787,-0.008595525287091732,0.658778965473175,0.42802655696868896,-0.008703531697392464,0.6746929287910461,0.41940197348594666,-0.017628101631999016,0.6060550808906555,0.44698527455329895,0.002368730492889881,0.6169193983078003,0.4001237154006958,-0.0070942058227956295,0.679411768913269,0.46758830547332764,-0.028485465794801712,0.6609076857566833,0.442626416683197,-0.013036943972110748,0.5885961651802063,0.40706419944763184,0.03613600507378578,0.6643509864807129,0.424159437417984,-0.008792059496045113,0.6581114530563354,0.45936140418052673,-0.010115809738636017,0.6266436576843262,0.4069421589374542,-0.005400253925472498,0.6662794947624207,0.4522809386253357,-0.024319440126419067,0.5919930934906006,0.467096209526062,0.04366452246904373,0.6607028841972351,0.412922739982605,-0.004337661433964968,0.6721833348274231,0.44819432497024536,-0.029218465089797974,0.6193063855171204,0.513700544834137,0.01462371926754713,0.6160726547241211,0.5216855406761169,0.025757892057299614,0.5953336954116821,0.4469347596168518,0.02264723926782608,0.6093332767486572,0.5012712478637695,0.018808240070939064,0.6008434891700745,0.39322564005851746,0.010227963328361511,0.6489616632461548,0.5422154664993286,0.006261843256652355,0.6789509654045105,0.4690912961959839,-0.020019864663481712,0.6546357870101929,0.4481882154941559,-0.011542086489498615,0.606472909450531,0.4114355444908142,0.003962851595133543,0.6391150951385498,0.4148999750614166,-0.009259928949177265,0.6449833512306213,0.4160407781600952,-0.009499887935817242,0.6510177850723267,0.4991806149482727,-0.00511512067168951,0.6065919399261475,0.4642544984817505,0.0060929907485842705,0.659115731716156,0.5530965328216553,0.011431132443249226,0.6383423209190369,0.5410619974136353,0.016594523563981056,0.628326952457428,0.5332653522491455,0.0203276164829731,0.6813386678695679,0.3619396984577179,-0.017074337229132652,0.6714437007904053,0.5545821189880371,0.013369237072765827,0.6505740284919739,0.41545578837394714,-0.008429464884102345,0.6559068560600281,0.4140748679637909,-0.006582952104508877,0.6592606902122498,0.41348177194595337,-0.004800558555871248,0.61067795753479,0.39704659581184387,-0.002304350258782506,0.6546775698661804,0.40435487031936646,-0.008124476298689842,0.6488956212997437,0.40060535073280334,-0.010362877510488033,0.6431057453155518,0.3997535705566406,-0.01141296699643135,0.6372422575950623,0.40099769830703735,-0.011103385128080845,0.6335620880126953,0.4032665491104126,-0.009779715910553932,0.5917568206787109,0.38711273670196533,0.025132058188319206,0.6350312232971191,0.4126662015914917,-0.008275995030999184,0.6791492700576782,0.47782012820243835,-0.013548053801059723,0.6593560576438904,0.48019689321517944,-0.012753999792039394,0.667081892490387,0.4638354182243347,-0.019476719200611115,0.6715344786643982,0.47814711928367615,-0.015055670402944088,0.6799326539039612,0.40660786628723145,-0.014803411439061165,0.6293857097625732,0.5249600410461426,0.012442861683666706,0.6388384699821472,0.5335872173309326,0.009806479327380657,0.660499632358551,0.5483741760253906,0.004057290963828564,0.6059594750404358,0.5079384446144104,0.03343386575579643,0.6588521599769592,0.4096881151199341,-0.0059898728504776955,0.6708321571350098,0.4324823021888733,-0.019453497603535652,0.6731147170066833,0.5499076843261719,0.006177068222314119,0.6485284566879272,0.5480979084968567,0.01255324762314558,0.5969988107681274,0.4661349058151245,0.02383129671216011,0.6638577580451965,0.49659639596939087,-0.008200892247259617,0.6629378199577332,0.5000056028366089,-0.008683571591973305,0.6619563698768616,0.5045362710952759,-0.00928031001240015,0.661105215549469,0.510012686252594,-0.00806069653481245,0.6586436033248901,0.5197691321372986,-0.002897618804126978,0.6533488631248474,0.49459558725357056,-0.007155775558203459,0.6521140336990356,0.49355408549308777,-0.00779678812250495,0.6511356234550476,0.4924130439758301,-0.008303714916110039,0.6466773152351379,0.4909188449382782,-0.008448719047009945,0.6179837584495544,0.47027117013931274,-0.0031401915475726128,0.6696526408195496,0.4236539602279663,-0.014775757677853107,0.6661155819892883,0.4071991741657257,-0.006949220784008503,0.6617453098297119,0.407083123922348,-0.006300799548625946,0.6545766592025757,0.4954714775085449,-0.006154851987957954,0.6152625679969788,0.49018511176109314,0.007268200628459454,0.6723159551620483,0.4084218740463257,-0.013039587065577507,0.6543883085250854,0.5268592834472656,0.0006260779919102788,0.6825437545776367,0.43606966733932495,-0.027124546468257904,0.6760355830192566,0.4287973940372467,-0.022596651688218117,0.681660532951355,0.4274582266807556,-0.022527005523443222,0.666431188583374,0.44510501623153687,-0.019311007112264633,0.674134373664856,0.5424726605415344,0.002456311136484146,0.6745436787605286,0.5331451892852783,0.0020826722029596567,0.664499044418335,0.5320730209350586,0.0007438682951033115,0.6401388049125671,0.5102484822273254,0.00020500262326095253,0.6518570780754089,0.46571701765060425,-0.009459142573177814,0.6464093327522278,0.5195934772491455,0.0007230732007883489,0.6353129148483276,0.46425509452819824,-0.010780040174722672,0.6450371146202087,0.4740549921989441,-0.009575719013810158,0.6287235021591187,0.47747039794921875,-0.006757661700248718,0.6622650623321533,0.5410482883453369,0.0007124857511371374,0.6619948744773865,0.4492592513561249,-0.015627525746822357,0.6333093643188477,0.5163601636886597,0.00525852432474494,0.6420261263847351,0.5259281396865845,0.005056007765233517,0.6356349587440491,0.4995385706424713,-0.0021687389817088842,0.6076986789703369,0.4788060486316681,0.010035214945673943,0.6254635453224182,0.500531017780304,0.0023077717050909996,0.600875735282898,0.4840901792049408,0.02347346767783165,0.6391679048538208,0.484663724899292,-0.007750537246465683,0.6658562421798706,0.4374047517776489,-0.015991710126399994,0.6690506935119629,0.4614858627319336,-0.026980383321642876,0.6646363735198975,0.46312597393989563,-0.020805681124329567,0.6726791262626648,0.45650163292884827,-0.03066893108189106,0.6618679761886597,0.3994516134262085,-0.01071779616177082,0.6515343189239502,0.3927909731864929,-0.014405429363250732,0.6419385075569153,0.39069560170173645,-0.016184503212571144,0.6335312128067017,0.3918226659297943,-0.015526695176959038,0.6271207928657532,0.39535433053970337,-0.012995325028896332,0.6210994720458984,0.40907859802246094,-0.0037643129471689463,0.594748854637146,0.42822572588920593,0.019677484408020973,0.6264659762382507,0.4223671555519104,-0.006480361334979534,0.633745014667511,0.4259643852710724,-0.008282555267214775,0.642988383769989,0.42678314447402954,-0.0086866719648242,0.6515090465545654,0.4251827001571655,-0.007932538166642189,0.6580649018287659,0.422567754983902,-0.006602130830287933,0.6626427173614502,0.42022648453712463,-0.006170476786792278,0.5886178016662598,0.42623013257980347,0.04199379310011864,0.6641536355018616,0.465090811252594,-0.0176377072930336,0.6718396544456482,0.44025471806526184,-0.023523151874542236,0.6740254759788513,0.46237626671791077,-0.03020203672349453,0.6759520769119263,0.4662357270717621,-0.026603790000081062,0.6731830835342407,0.4635525345802307,-0.027312641963362694,0.6651865243911743,0.46740031242370605,-0.014709379523992538,0.6774279475212097,0.467028945684433,-0.027874521911144257,0.6770551204681396,0.46860218048095703,-0.020533487200737,0.6631214618682861,0.4134853482246399,-0.004210353828966618,0.6663272976875305,0.4159439504146576,-0.006419282406568527,0.6686862707138062,0.418090283870697,-0.009751270525157452,0.6313958168029785,0.4050944149494171,-0.008146296255290508,0.6272305846214294,0.4017380177974701,-0.00877782516181469,0.686816930770874,0.43740934133529663,-0.02332426607608795,0.7162063717842102,0.41506481170654297,0.01752314530313015,0.6854488253593445,0.4677095115184784,-0.018430978059768677,0.731749415397644,0.3817477226257324,0.049866195768117905,0.6996395587921143,0.42182305455207825,0.007180721499025822,0.7057671546936035,0.42290815711021423,0.009287667460739613,0.7113158702850342,0.42269769310951233,0.012439957819879055,0.71761155128479,0.4177703857421875,0.019363950937986374,0.6946009993553162,0.41928452253341675,0.005993446800857782,0.710353434085846,0.3982532024383545,0.005968127865344286,0.7030451893806458,0.3983672857284546,0.0036924949381500483,0.7163333892822266,0.40039658546447754,0.009694494307041168,0.7195734977722168,0.4040030837059021,0.01323749590665102,0.7215259671211243,0.4229292869567871,0.023727577179670334,0.6922590136528015,0.5336053371429443,0.014059639535844326,0.7179043889045715,0.4126720428466797,0.01999109983444214,0.7310900092124939,0.41788145899772644,0.05544181540608406,0.7257277965545654,0.41658905148506165,0.03109944611787796,0.7039477229118347,0.4569418132305145,0.004427227657288313,0.6843924522399902,0.4849722385406494,-0.01220329012721777,0.6827074289321899,0.495348185300827,-0.009410319849848747,0.6903112530708313,0.48834866285324097,-0.006475090980529785,0.693905770778656,0.4921722710132599,-0.0004521218652371317,0.687408447265625,0.4958610534667969,-0.00536992447450757,0.6909411549568176,0.49680328369140625,-7.668450962228235e-06,0.6965628266334534,0.5076954960823059,0.012248891405761242,0.6874798536300659,0.4638919234275818,-0.029586350545287132,0.688826322555542,0.45629820227622986,-0.03163653239607811,0.7266949415206909,0.39753976464271545,0.016641441732645035,0.6935784816741943,0.4358217418193817,-0.0008672720286995173,0.6950345039367676,0.4614535868167877,-0.011198542080819607,0.6950339078903198,0.4570552110671997,-0.009499803185462952,0.7192158102989197,0.45651406049728394,0.01690712384879589,0.6880174875259399,0.44615599513053894,-0.028382916003465652,0.7169204354286194,0.38898196816444397,0.0009880542056635022,0.7234398126602173,0.39203041791915894,0.008463802747428417,0.7295337915420532,0.3672707676887512,0.034947469830513,0.6919713020324707,0.3938761353492737,-0.010824824683368206,0.6965217590332031,0.4013778269290924,0.004085801541805267,0.7005844712257385,0.49957358837127686,0.01422986201941967,0.7156763076782227,0.4921410083770752,0.07560057193040848,0.6906192898750305,0.4658448398113251,-0.009978006593883038,0.6868700385093689,0.46820032596588135,-0.012087220326066017,0.6978892683982849,0.49880874156951904,0.011956692673265934,0.6964110136032104,0.49879732728004456,0.00929346028715372,0.725548267364502,0.38638734817504883,0.011767083778977394,0.693973958492279,0.4646800756454468,-0.007747997995465994,0.7068782448768616,0.38862019777297974,-0.005690119694918394,0.7082853317260742,0.3817591369152069,-0.007222102954983711,0.712727427482605,0.3470890522003174,0.0032366455998271704,0.7274859547615051,0.37653517723083496,0.021498890593647957,0.7099323272705078,0.3642997145652771,-0.002782160881906748,0.7284810543060303,0.393078088760376,0.02257593721151352,0.7304655313491821,0.3880772590637207,0.035089556127786636,0.6838145852088928,0.49063968658447266,-0.011479147709906101,0.6889443397521973,0.49248701333999634,-0.0062245638109743595,0.6925622224807739,0.49459701776504517,-0.0008138687699101865,0.6891428232192993,0.46715956926345825,-0.009266717359423637,0.697138249874115,0.4988170266151428,0.010404772125184536,0.6945561170578003,0.5011018514633179,0.006362032610923052,0.6956027746200562,0.4988081157207489,0.008925965055823326,0.6904889941215515,0.4636486768722534,-0.0187088493257761,0.6894449591636658,0.498257577419281,0.0010073145385831594,0.6859255433082581,0.49801284074783325,-0.00283853174187243,0.6815388202667236,0.49800780415534973,-0.006388041656464338,0.6817672252655029,0.5241248607635498,0.0033991977106779814,0.6818714141845703,0.5147881507873535,-0.003684229450300336,0.682097852230072,0.5086104273796082,-0.005278266966342926,0.6819025278091431,0.5027415752410889,-0.004759553354233503,0.6813997030258179,0.49827849864959717,-0.004638203419744968,0.6893864274024963,0.49836719036102295,0.0023128087632358074,0.6904349327087402,0.5005164742469788,0.0018972267862409353,0.6915504932403564,0.5035442113876343,0.001681279158219695,0.6922825574874878,0.5070104002952576,0.0033827393781393766,0.6976225972175598,0.4858608841896057,0.002163260243833065,0.7231194376945496,0.4519821107387543,0.08342668414115906,0.6921452879905701,0.4985518455505371,0.0062486836686730385,0.6933674812316895,0.4997175633907318,0.005991372745484114,0.6854603290557861,0.47120118141174316,-0.011851368471980095,0.6915518641471863,0.4691625237464905,-0.003923594951629639,0.6861270666122437,0.4697704613208771,-0.012247898615896702,0.6987584829330444,0.4406435191631317,0.0033538115676492453,0.7078036665916443,0.4466138482093811,0.0079187685623765,0.6949426531791687,0.4604567289352417,-0.005713791120797396,0.7238037586212158,0.35552310943603516,0.018628323450684547,0.7210875749588013,0.3682610094547272,0.009130295366048813,0.718706488609314,0.38212186098098755,0.002074973890557885,0.6930534243583679,0.5139832496643066,0.00915058609098196,0.6946876645088196,0.3826298117637634,-0.013675411231815815,0.6970909237861633,0.3628733456134796,-0.011338654905557632,0.6990128755569458,0.342227965593338,-0.008039889857172966,0.7154431939125061,0.4210974872112274,0.016260944306850433,0.7265434265136719,0.4287644326686859,0.02902039885520935,0.6914321184158325,0.4168933629989624,0.005935527849942446,0.7233104109764099,0.40730369091033936,0.0202993992716074,0.6905364990234375,0.43051648139953613,-0.004419764969497919,0.6939036846160889,0.45878443121910095,-0.018177855759859085,0.7296316027641296,0.4348021447658539,0.03819042444229126,0.7247965931892395,0.4351995885372162,0.023055708035826683,0.7192750573158264,0.4387367367744446,0.015485052019357681,0.708755373954773,0.43749091029167175,0.009794020093977451,0.7005088925361633,0.4336562156677246,0.00595855712890625,0.6946812868118286,0.42955610156059265,0.0021858601830899715,0.6854351162910461,0.42001184821128845,-0.014050867408514023,0.7283541560173035,0.4524117708206177,0.03761100396513939,0.7264636158943176,0.4059187173843384,0.024257907643914223,0.6847686171531677,0.4677150547504425,-0.02673414722084999,0.6931521892547607,0.4441249668598175,-0.0028786680195480585,0.7286333441734314,0.41569027304649353,0.07668019831180573,0.6906155347824097,0.42508983612060547,-0.00026689525111578405,0.6944870352745056,0.4607219099998474,0.00039778323844075203,0.7197676301002502,0.41293826699256897,0.021814705803990364,0.6934953331947327,0.4533548653125763,-0.016181113198399544,0.720014750957489,0.47149187326431274,0.0813148021697998,0.6908517479896545,0.4136557877063751,0.007379196584224701,0.6912418007850647,0.44890686869621277,-0.023329004645347595,0.7102733254432678,0.5138821005821228,0.04080663248896599,0.7068862915039062,0.5214189887046814,0.0524413175880909,0.7284576892852783,0.4526924788951874,0.061118219047784805,0.7160168290138245,0.5028611421585083,0.049675941467285156,0.7310056090354919,0.401818186044693,0.047029297798871994,0.6920936107635498,0.5407903790473938,0.018709763884544373,0.6830841898918152,0.46927013993263245,-0.018950950354337692,0.6971400380134583,0.45007243752479553,0.0009531604591757059,0.7281813025474548,0.4177752733230591,0.03879928961396217,0.711036741733551,0.41800910234451294,0.012469716370105743,0.7059243321418762,0.41837337613105774,0.009715989232063293,0.6955094933509827,0.5027506947517395,0.007884182967245579,0.7255020141601562,0.46857374906539917,0.04010194540023804,0.6820417642593384,0.5521358847618103,0.018340082839131355,0.6951361298561096,0.5393392443656921,0.03378075733780861,0.7004877328872681,0.5318345427513123,0.0419766902923584,0.70059734582901,0.4173225164413452,0.00793791189789772,0.6955362558364868,0.4155040681362152,0.00746257696300745,0.6923536062240601,0.41450387239456177,0.007796222809702158,0.7281805276870728,0.40343499183654785,0.03150549903512001,0.6963593363761902,0.4074864685535431,0.006263425573706627,0.7018393278121948,0.40540415048599243,0.006395943462848663,0.707621693611145,0.4054260849952698,0.008100711740553379,0.7127568125724792,0.40723446011543274,0.01109720952808857,0.7155991196632385,0.4095957279205322,0.014038038440048695,0.7314157485961914,0.3970402181148529,0.06481058150529861,0.7142007946968079,0.4166751205921173,0.015296151861548424,0.6936483383178711,0.4811502993106842,-0.0025308062322437763,0.691314160823822,0.4646816551685333,-0.012529896572232246,0.6858038902282715,0.47859659790992737,-0.010809339582920074,0.7037725448608398,0.5240491628646851,0.03360820561647415,0.6979957818984985,0.5321424007415771,0.026509921997785568,0.6840647459030151,0.5475214719772339,0.010835410095751286,0.7113896608352661,0.5091098546981812,0.0648244097828865,0.6926509141921997,0.4110814332962036,0.0068792616948485374,0.6888748407363892,0.4333524703979492,-0.013774103485047817,0.6894618272781372,0.546491801738739,0.025285793468356133,0.7251356840133667,0.47055739164352417,0.06069810688495636,0.6858286261558533,0.4981859028339386,-0.0012306791031733155,0.6866840720176697,0.5016634464263916,-0.0014929029857739806,0.6873388886451721,0.5062386989593506,-0.0016850944375619292,0.6875872611999512,0.511749804019928,-0.00012758784578181803,0.6882370710372925,0.5197755694389343,0.005883252248167992,0.6938216090202332,0.4977632761001587,0.0049424241296947,0.6952720284461975,0.4968133568763733,0.005471084266901016,0.6964724063873291,0.49560678005218506,0.005879208445549011,0.700079083442688,0.4921596646308899,0.008249718695878983,0.7204784154891968,0.47371646761894226,0.02551758848130703,0.6879090070724487,0.42469462752342224,-0.00889896135777235,0.6885718107223511,0.4071081876754761,0.0005717279855161905,0.690995991230011,0.40802493691444397,0.0045830802991986275,0.6921811699867249,0.4985826015472412,0.005533940624445677,0.7172923684120178,0.4924182891845703,0.03627759590744972,0.6858409643173218,0.4073810577392578,-0.008493178524076939,0.6903983950614929,0.5263452529907227,0.010435141623020172,0.6862273812294006,0.42928043007850647,-0.01957155577838421,0.6916674375534058,0.44622188806533813,-0.0118451789021492,0.6830769777297974,0.5317284464836121,0.005465208552777767,0.7010604739189148,0.5106465816497803,0.017463834956288338,0.6986650228500366,0.4673217535018921,0.003605984151363373,0.6960503458976746,0.5193703770637512,0.014313999563455582,0.7117624878883362,0.46703317761421204,0.009797570295631886,0.7035052180290222,0.4759098291397095,0.006713934242725372,0.713947594165802,0.47992342710494995,0.01675339974462986,0.6843814253807068,0.5404603481292725,0.007021728437393904,0.6931135058403015,0.45059579610824585,-0.006270787678658962,0.7042586207389832,0.5161479711532593,0.025184979662299156,0.698087215423584,0.5251083970069885,0.020377101376652718,0.7058143019676208,0.5006992816925049,0.01875412091612816,0.7221400737762451,0.48214733600616455,0.04253160208463669,0.711277186870575,0.501668393611908,0.026614626869559288,0.7211847305297852,0.48721975088119507,0.05848955735564232,0.7061037421226501,0.48647892475128174,0.011461102403700352,0.6908608078956604,0.43859782814979553,-0.007928113453090191,0.6923145651817322,0.4623335599899292,-0.019700197502970695,0.6934807300567627,0.4640751779079437,-0.012474477291107178,0.6918392777442932,0.4571637511253357,-0.02500724606215954,0.6939910054206848,0.399345725774765,-0.00037283796700648963,0.7045444250106812,0.3950274586677551,0.0007809069938957691,0.7133554816246033,0.3951842486858368,0.0037649720907211304,0.7196956872940063,0.39750856161117554,0.008601064793765545,0.7229742407798767,0.4014442265033722,0.013985245488584042,0.722322404384613,0.4147852957248688,0.025230061262845993,0.7305275797843933,0.4352143108844757,0.05909017473459244,0.7194549441337585,0.4269101023674011,0.020036716014146805,0.7145375609397888,0.42950743436813354,0.014816289767622948,0.7071247100830078,0.4294095039367676,0.010329625569283962,0.6996657252311707,0.4270798861980438,0.007091076113283634,0.6940531730651855,0.42395827174186707,0.004748296458274126,0.6904313564300537,0.4211025536060333,0.003111060708761215,0.7254061698913574,0.4336780309677124,0.08229023218154907,0.6924248337745667,0.46596959233283997,-0.009472494944930077,0.6897761821746826,0.4410145878791809,-0.017702026292681694,0.6902339458465576,0.4628097116947174,-0.02557302638888359,0.6866031289100647,0.46646279096603394,-0.023904025554656982,0.689276933670044,0.4640544056892395,-0.022571986541152,0.6905999779701233,0.4681532680988312,-0.00787732470780611,0.6861069202423096,0.46722477674484253,-0.02568191848695278,0.6844421625137329,0.46881288290023804,-0.018685538321733475,0.6893964409828186,0.4140506982803345,0.005563176237046719,0.6876243352890015,0.41630834341049194,0.0009389915503561497,0.6874509453773499,0.41834503412246704,-0.0037045152857899666,0.7170332670211792,0.4113117754459381,0.016736427322030067,0.7208898663520813,0.4078354239463806,0.01764250174164772,0.6433115601539612,0.4078845977783203,-0.008074837736785412,0.6503937244415283,0.4081302285194397,-0.008074837736785412,0.6436053514480591,0.39878976345062256,-0.008074837736785412,0.6360653042793274,0.40759897232055664,-0.008074837736785412,0.642988383769989,0.416960209608078,-0.008074837736785412,0.7039483189582825,0.41157349944114685,0.010942689143121243,0.7104650735855103,0.41200199723243713,0.010942689143121243,0.704126238822937,0.40381741523742676,0.010942689143121243,0.6973268985748291,0.41109734773635864,0.010942689143121243,0.7038143873214722,0.4193463921546936,0.010942689143121243
1299.9999999999998,0.6772922873497009,0.490610808134079,-0.015374202281236649,0.684877872467041,0.46865323185920715,-0.031626101583242416,0.6812487244606018,0.4757090210914612,-0.015620751306414604,0.6790536642074585,0.44101688265800476,-0.026967095211148262,0.6856331825256348,0.46050891280174255,-0.03409990668296814,0.6851791739463806,0.4495053291320801,-0.03227367624640465,0.6827040314674377,0.4216623306274414,-0.018223293125629425,0.6334185600280762,0.41275614500045776,-0.00699658365920186,0.6826574206352234,0.3993440866470337,-0.015675336122512817,0.6834173202514648,0.3877531588077545,-0.017778996378183365,0.683964192867279,0.34208211302757263,-0.013950206339359283,0.67708820104599,0.49472489953041077,-0.014543451368808746,0.6766765713691711,0.4988726079463959,-0.012366906739771366,0.676264226436615,0.5014929175376892,-0.00912557914853096,0.6761766076087952,0.5015101432800293,-0.007776128128170967,0.6761457324028015,0.5063714981079102,-0.007993949577212334,0.6759167909622192,0.5122122168540955,-0.008590598590672016,0.6754962205886841,0.5180891156196594,-0.006758030503988266,0.6758213639259338,0.5283857583999634,0.000428676197770983,0.6836495399475098,0.47257199883461,-0.02834082767367363,0.6769722700119019,0.47187331318855286,-0.021397016942501068,0.5995898842811584,0.3721540868282318,0.012871953658759594,0.6528549790382385,0.4229760468006134,-0.008657737635076046,0.6459096074104309,0.42360588908195496,-0.009783870540559292,0.6391271352767944,0.42241665720939636,-0.009551473893225193,0.630121111869812,0.41512125730514526,-0.006581908091902733,0.6587533950805664,0.42070481181144714,-0.006428633350878954,0.6437323093414307,0.3954029679298401,-0.013928688131272793,0.6515783667564392,0.39689871668815613,-0.011978245340287685,0.636553943157196,0.3966899514198303,-0.013261034153401852,0.6316934823989868,0.39987096190452576,-0.01154598779976368,0.6235790252685547,0.42023006081581116,-0.004218462388962507,0.6515952944755554,0.5379878878593445,0.001606941339559853,0.6307985782623291,0.4091539978981018,-0.00562448613345623,0.5974177122116089,0.4112870693206787,0.017457488924264908,0.6148219108581543,0.41270580887794495,-0.00021144497441127896,0.6473625302314758,0.45799219608306885,-0.011816935613751411,0.6696560382843018,0.4880640506744385,-0.016656946390867233,0.669660747051239,0.49793505668640137,-0.013475057668983936,0.661588728427887,0.4906894266605377,-0.015319716185331345,0.6560698747634888,0.49350735545158386,-0.012468495406210423,0.6633562445640564,0.4976082444190979,-0.013030463829636574,0.658333957195282,0.4977479577064514,-0.010141564533114433,0.6476483941078186,0.510257363319397,-0.003204630920663476,0.68000727891922,0.46818000078201294,-0.03222136199474335,0.6799724698066711,0.46029749512672424,-0.0346904955804348,0.6221368908882141,0.3932969570159912,-0.012802855111658573,0.6607497930526733,0.4376222789287567,-0.011387646198272705,0.6638439297676086,0.46442463994026184,-0.021373063325881958,0.6628822088241577,0.45978787541389465,-0.019940055906772614,0.6256106495857239,0.45537322759628296,-0.009716485626995564,0.6796503663063049,0.44997701048851013,-0.03206151723861694,0.6409271359443665,0.3868042528629303,-0.019468557089567184,0.6303790807723999,0.38839370012283325,-0.01706443540751934,0.6103881597518921,0.3579808473587036,0.0017889561131596565,0.6700131297111511,0.3986717462539673,-0.017451994121074677,0.6581341028213501,0.4013475477695465,-0.008569554425776005,0.643527090549469,0.5017063617706299,-0.004291090182960033,0.5985299944877625,0.49125754833221436,0.04052885249257088,0.6678406596183777,0.4693073332309723,-0.017468726262450218,0.6724408864974976,0.47194746136665344,-0.01596166007220745,0.6491647362709045,0.4981310963630676,-0.0040243202820420265,0.6506786346435547,0.49837297201156616,-0.00483385194092989,0.6263044476509094,0.3820043206214905,-0.01537342369556427,0.6627088189125061,0.4676671028137207,-0.017682714387774467,0.65418940782547,0.3898472189903259,-0.01966027542948723,0.6533874273300171,0.38256776332855225,-0.021587423980236053,0.6447389125823975,0.3417911231517792,-0.01570492796599865,0.6189624071121216,0.3695368766784668,-0.00839910563081503,0.6503008008003235,0.3609662353992462,-0.019218552857637405,0.6170347332954407,0.38805192708969116,-0.008874095976352692,0.6084681153297424,0.3805256485939026,0.0011408368591219187,0.6695300936698914,0.49339330196380615,-0.015882810577750206,0.6624637842178345,0.49437350034713745,-0.014509167522192001,0.6571412086486816,0.495667964220047,-0.011809999123215675,0.6689780354499817,0.47079479694366455,-0.015455523505806923,0.6499329805374146,0.49825993180274963,-0.004378919955343008,0.6531254649162292,0.5010408759117126,-0.006333783268928528,0.6514552235603333,0.49850666522979736,-0.004796439316123724,0.6717994213104248,0.4672676920890808,-0.025797231122851372,0.6592278480529785,0.4991479218006134,-0.008591437712311745,0.6641616225242615,0.4996739327907562,-0.010000073350965977,0.6699144840240479,0.500564694404602,-0.010464632883667946,0.6676173210144043,0.5274428725242615,-0.0013953036395832896,0.6681100130081177,0.5166336297988892,-0.008609344251453876,0.6687248945236206,0.5107314586639404,-0.010221343487501144,0.6693712472915649,0.505001962184906,-0.00952266063541174,0.6699155569076538,0.5006155967712402,-0.00915356632322073,0.6592313647270203,0.49935194849967957,-0.007560394238680601,0.6582418084144592,0.5012745261192322,-0.008019806817173958,0.6569547057151794,0.5040331482887268,-0.00870867632329464,0.6558659672737122,0.507226824760437,-0.007766381837427616,0.6530383229255676,0.4883919358253479,-0.011616483330726624,0.5908769965171814,0.44722872972488403,0.044720035046339035,0.6824826598167419,0.47417837381362915,-0.02021501027047634,0.6555086374282837,0.4990217685699463,-0.005917689763009548,0.6543982625007629,0.49990314245224,-0.006222554948180914,0.6740434169769287,0.47510507702827454,-0.015780160203576088,0.6637284159660339,0.4723299741744995,-0.01184604037553072,0.6733013987541199,0.47357437014579773,-0.016019968315958977,0.6534389853477478,0.4418095052242279,-0.010743590071797371,0.6422960162162781,0.44670945405960083,-0.011103211902081966,0.661038875579834,0.46313825249671936,-0.01644299551844597,0.6251437067985535,0.3475392758846283,-0.008418446406722069,0.6324924826622009,0.3625768721103668,-0.014896144159138203,0.6387323141098022,0.37948039174079895,-0.019518690183758736,0.6527398824691772,0.5170689821243286,-0.003790193935856223,0.6687115430831909,0.38697052001953125,-0.020848117768764496,0.6666659712791443,0.36228013038635254,-0.01973191648721695,0.6635845899581909,0.34031057357788086,-0.01735921949148178,0.6333231329917908,0.4196782112121582,-0.00818544626235962,0.6153256893157959,0.4256833493709564,-0.0020103673450648785,0.662622332572937,0.41863638162612915,-0.005067520309239626,0.62409508228302,0.4034372568130493,-0.008101697079837322,0.6659680008888245,0.43274495005607605,-0.012822339311242104,0.668412446975708,0.4619126319885254,-0.02654089406132698,0.6061864495277405,0.43046486377716064,0.0030927304178476334,0.6208478212356567,0.4332488775253296,-0.006218854337930679,0.630444347858429,0.43793806433677673,-0.00948924571275711,0.6438111066818237,0.4377555847167969,-0.009302661754190922,0.6534358859062195,0.43474695086479187,-0.00855058990418911,0.660541832447052,0.4311811625957489,-0.008646927773952484,0.6765299439430237,0.4230542778968811,-0.017608966678380966,0.6071035265922546,0.44923099875450134,0.0025422570761293173,0.6178338527679443,0.4017484784126282,-0.006783345714211464,0.6807419061660767,0.4722086787223816,-0.028909921646118164,0.6622655391693115,0.44632846117019653,-0.013159839436411858,0.5900691747665405,0.40800413489341736,0.036933302879333496,0.6661421656608582,0.4273037314414978,-0.00868278183043003,0.6592088341712952,0.46321624517440796,-0.010308176279067993,0.6278194785118103,0.40923380851745605,-0.00511511554941535,0.6675509810447693,0.45630455017089844,-0.024640312418341637,0.5932838320732117,0.4686875641345978,0.04406791552901268,0.6624875664710999,0.41545161604881287,-0.004092334304004908,0.673603892326355,0.4522870182991028,-0.02957734279334545,0.6200565695762634,0.5163546800613403,0.014213225804269314,0.6168407797813416,0.5241515636444092,0.02541397698223591,0.5966387987136841,0.44871798157691956,0.02302018739283085,0.6101995706558228,0.5035983324050903,0.018634241074323654,0.6022084355354309,0.3944449722766876,0.010805021040141582,0.6494887471199036,0.5454947352409363,0.005257580894976854,0.6802574396133423,0.4737091064453125,-0.02034861408174038,0.655826985836029,0.4518088102340698,-0.011690255254507065,0.6075224876403809,0.41278505325317383,0.00438264524564147,0.6404603123664856,0.4178018569946289,-0.00912215281277895,0.646428108215332,0.4190085828304291,-0.009370868094265461,0.651971697807312,0.5024223327636719,-0.005693292710930109,0.6075471043586731,0.4665839374065399,0.006163788493722677,0.6596225500106812,0.5564546585083008,0.010299568064510822,0.6389257907867432,0.5441169738769531,0.01577972248196602,0.6290013194084167,0.5361047387123108,0.01973525993525982,0.6839185953140259,0.364542692899704,-0.01663769967854023,0.6719329953193665,0.5581161379814148,0.012258279137313366,0.6521552205085754,0.41832929849624634,-0.008279179222881794,0.6576217412948608,0.4167580008506775,-0.006387847941368818,0.661032497882843,0.4160589575767517,-0.004565428476780653,0.6115396022796631,0.39833423495292664,-0.001898710266686976,0.6563556790351868,0.4066995680332184,-0.007926625199615955,0.6504430174827576,0.4029172658920288,-0.01015044841915369,0.6445198655128479,0.4020903706550598,-0.011218284256756306,0.6385545134544373,0.4033806622028351,-0.010909532196819782,0.634850025177002,0.4056803584098816,-0.009572131559252739,0.5932149887084961,0.3879423141479492,0.025917042046785355,0.6363272666931152,0.4154245853424072,-0.008099354803562164,0.6804530620574951,0.48228538036346436,-0.01387597993016243,0.6602329015731812,0.4840955138206482,-0.01312108151614666,0.6682382822036743,0.46810823678970337,-0.019775938242673874,0.6726716756820679,0.4824092388153076,-0.01544775441288948,0.68201744556427,0.41003501415252686,-0.014649979770183563,0.6300382614135742,0.5279069542884827,0.011809704825282097,0.6394367218017578,0.5367047190666199,0.008975924924015999,0.6610130667686462,0.5518417954444885,0.002921095583587885,0.6068345904350281,0.5100241899490356,0.033354923129081726,0.6606123447418213,0.41212719678878784,-0.00576008390635252,0.6724520325660706,0.43626680970191956,-0.01958061009645462,0.6736782789230347,0.5535269379615784,0.005060139577835798,0.6490576863288879,0.5513129830360413,0.011537919752299786,0.5982310175895691,0.46804916858673096,0.024067210033535957,0.6641987562179565,0.4998031258583069,-0.008802339434623718,0.6632538437843323,0.5031360387802124,-0.009345154277980328,0.6623005867004395,0.5074900984764099,-0.010061879642307758,0.6614941954612732,0.5127248764038086,-0.008929689414799213,0.6594035625457764,0.5231066942214966,-0.0038641253486275673,0.6542237401008606,0.49795839190483093,-0.007548656314611435,0.6529791355133057,0.4969499409198761,-0.008192029781639576,0.6519902944564819,0.49586841464042664,-0.008707741275429726,0.6472244262695312,0.49434128403663635,-0.008847410790622234,0.6187694668769836,0.4730168282985687,-0.003261998062953353,0.6713461875915527,0.42726749181747437,-0.014761051163077354,0.6678534746170044,0.4097975790500641,-0.006718481425195932,0.6634914875030518,0.4095923900604248,-0.0060355705209076405,0.6554824113845825,0.4988284409046173,-0.006535733584314585,0.6159888505935669,0.49280649423599243,0.007062564603984356,0.6740527749061584,0.41123849153518677,-0.012878158129751682,0.6550124287605286,0.5303051471710205,-0.00040280676330439746,0.6843243837356567,0.44019609689712524,-0.027361124753952026,0.677792489528656,0.43264901638031006,-0.02272169478237629,0.6835376620292664,0.4314153492450714,-0.02263847179710865,0.6678184270858765,0.44899240136146545,-0.019517943263053894,0.6747905015945435,0.5462127923965454,0.0013222824782133102,0.6753440499305725,0.5368137359619141,0.0009702675743028522,0.6651886701583862,0.5356125831604004,-0.0003942688927054405,0.6406612396240234,0.5135216116905212,-0.0004171895852778107,0.6527783274650574,0.4694174826145172,-0.009731825441122055,0.6469704508781433,0.5229641199111938,-0.00012837143731303513,0.6361275911331177,0.46747857332229614,-0.011055086739361286,0.6458054184913635,0.47756829857826233,-0.009925554506480694,0.6293628811836243,0.48054686188697815,-0.007073291577398777,0.6628156900405884,0.5446397662162781,-0.00044242473086342216,0.6632721424102783,0.4530985951423645,-0.015820248052477837,0.6338711977005005,0.5194830298423767,0.004634620621800423,0.6426003575325012,0.5291956663131714,0.00421667005866766,0.6361337900161743,0.50270015001297,-0.0026406969409435987,0.608576238155365,0.48117661476135254,0.009998448193073273,0.6260696649551392,0.5034466981887817,0.0018913313979282975,0.6019461154937744,0.48614081740379333,0.023545561358332634,0.6397675275802612,0.48797720670700073,-0.008141055703163147,0.6673392057418823,0.44115811586380005,-0.01610899716615677,0.6702614426612854,0.4658025801181793,-0.02736903913319111,0.6657600402832031,0.4673057198524475,-0.021130288019776344,0.6740106344223022,0.46078258752822876,-0.03109036572277546,0.6634000539779663,0.4018157124519348,-0.010505862534046173,0.6527666449546814,0.3949689269065857,-0.01418774202466011,0.6429648399353027,0.3928237557411194,-0.01595047488808632,0.6344596147537231,0.3939073383808136,-0.015286223031580448,0.6280595660209656,0.3973582088947296,-0.012743496336042881,0.6222414374351501,0.411094605922699,-0.0034356077667325735,0.5961066484451294,0.42982348799705505,0.020154550671577454,0.6278374791145325,0.42496031522750854,-0.006311182864010334,0.6351907849311829,0.42879658937454224,-0.008176583796739578,0.6445443630218506,0.42979615926742554,-0.008611935190856457,0.653179407119751,0.42819225788116455,-0.007874088361859322,0.6598239541053772,0.4254806339740753,-0.006466312799602747,0.6644444465637207,0.4231107532978058,-0.0060122208669781685,0.590040385723114,0.42735999822616577,0.042701318860054016,0.6652497053146362,0.4692598879337311,-0.017929278314113617,0.6733689904212952,0.4441956877708435,-0.02375669963657856,0.675316572189331,0.46682706475257874,-0.030631808564066887,0.6772177219390869,0.47077620029449463,-0.027002546936273575,0.6744396090507507,0.4680151343345642,-0.02771161124110222,0.6662813425064087,0.471580445766449,-0.014990086667239666,0.6787199378013611,0.47160786390304565,-0.028293929994106293,0.6783246994018555,0.4731813073158264,-0.020864777266979218,0.6649238467216492,0.41609546542167664,-0.003959522116929293,0.6681421399116516,0.4187740087509155,-0.0062077827751636505,0.6704899668693542,0.42113369703292847,-0.009593908675014973,0.6326680183410645,0.40751370787620544,-0.007910821586847305,0.6283255219459534,0.4039044976234436,-0.00855548307299614,0.6886869668960571,0.44164445996284485,-0.023501088842749596,0.7184576392173767,0.4184534251689911,0.018178177997469902,0.6869745850563049,0.4724857211112976,-0.018710870295763016,0.734638512134552,0.3852418065071106,0.05139560252428055,0.7019215226173401,0.4255255162715912,0.0075568510219454765,0.7079281210899353,0.42649102210998535,0.009712464176118374,0.7134383916854858,0.4263974130153656,0.01295437477529049,0.7199033498764038,0.42134782671928406,0.020051321014761925,0.6969884634017944,0.42326050996780396,0.006371739320456982,0.7126051783561707,0.40133535861968994,0.00650790985673666,0.7053561210632324,0.4016190767288208,0.004164602607488632,0.7186127305030823,0.40348902344703674,0.010310202836990356,0.7218877673149109,0.4072468876838684,0.013896459713578224,0.7238234281539917,0.4270085096359253,0.024481816217303276,0.6930587887763977,0.5378062129020691,0.01327099371701479,0.720238208770752,0.4159780740737915,0.0207156203687191,0.7332443594932556,0.4219632148742676,0.056668274104595184,0.7283470034599304,0.4206686019897461,0.03202885389328003,0.7060201168060303,0.461674302816391,0.0045219119638204575,0.6844322085380554,0.4890434741973877,-0.012448437511920929,0.6829472184181213,0.4989297389984131,-0.009592117741703987,0.6909353733062744,0.49230578541755676,-0.006647732108831406,0.6949440240859985,0.49577486515045166,-0.0005964365554973483,0.688127875328064,0.49931207299232483,-0.005505687091499567,0.6920825839042664,0.500023603439331,-0.00012970046373084188,0.6980560421943665,0.5121869444847107,0.011928577907383442,0.6889985203742981,0.4686479866504669,-0.029992053285241127,0.6904827356338501,0.46094393730163574,-0.03203103318810463,0.7290108799934387,0.40083882212638855,0.017505722120404243,0.6957055926322937,0.4401167929172516,-0.0006789119797758758,0.6968771815299988,0.46634647250175476,-0.011305536143481731,0.6969445943832397,0.46184810996055603,-0.009570757858455181,0.7214441299438477,0.46135589480400085,0.01734118163585663,0.6897895336151123,0.4505941569805145,-0.028681805357336998,0.7190732955932617,0.391793817281723,0.0016371454112231731,0.7256063222885132,0.3950321078300476,0.009271284565329552,0.7325637936592102,0.37063050270080566,0.0363469161093235,0.694172739982605,0.39673733711242676,-0.010455667041242123,0.6989254355430603,0.4049158990383148,0.004531278740614653,0.7022690773010254,0.5042604207992554,0.014111603610217571,0.7166566252708435,0.4963724911212921,0.07653805613517761,0.6923375725746155,0.4707215130329132,-0.010102037340402603,0.6884900331497192,0.47299060225486755,-0.012271872721612453,0.6997390985488892,0.5015316009521484,0.011833584867417812,0.6982417106628418,0.501572847366333,0.009118963032960892,0.7278605103492737,0.3894452750682831,0.012652330100536346,0.6957806348800659,0.4695794880390167,-0.007837541401386261,0.7090611457824707,0.3913552761077881,-0.005186357069760561,0.7104991674423218,0.3844577968120575,-0.006699372082948685,0.7158661484718323,0.3500254154205322,0.004155353177338839,0.7304510474205017,0.3801662027835846,0.022556262090802193,0.7128825187683105,0.3675742745399475,-0.0020948511082679033,0.7310147285461426,0.3965208828449249,0.023552631959319115,0.7333180904388428,0.3918240964412689,0.036244332790374756,0.6839334964752197,0.4944303631782532,-0.01169443316757679,0.6895994544029236,0.49612611532211304,-0.006377486512064934,0.6936367750167847,0.4979645013809204,-0.0009530857787467539,0.6908279061317444,0.4720169007778168,-0.0093996562063694,0.6989740133285522,0.5015626549720764,0.010253660380840302,0.6961369514465332,0.5041053891181946,0.006008888594806194,0.6974406242370605,0.5016084313392639,0.008741265162825584,0.6921514868736267,0.4685181677341461,-0.018938304856419563,0.6907118558883667,0.5014081001281738,0.00088024529395625,0.6867576837539673,0.5013776421546936,-0.0029560618568211794,0.6819368600845337,0.5015121698379517,-0.006535023916512728,0.6827300190925598,0.5277645587921143,0.002372628776356578,0.6823175549507141,0.5177175998687744,-0.004517185501754284,0.68245929479599,0.5117246508598328,-0.005956220906227827,0.6822588443756104,0.50595623254776,-0.005306225270032883,0.6817983984947205,0.5015245079994202,-0.005146469920873642,0.6906078457832336,0.5016307234764099,0.0019163560355082154,0.6916762590408325,0.5037777423858643,0.0014396092155948281,0.6928135752677917,0.5067403316497803,0.0011279144091531634,0.6935769319534302,0.5100682377815247,0.0027967742644250393,0.6993311643600464,0.49061673879623413,0.002068066271021962,0.7246028184890747,0.4560365080833435,0.08479968458414078,0.6936743855476379,0.5016945004463196,0.005938591435551643,0.6949178576469421,0.5027961134910583,0.005646892357617617,0.6869992613792419,0.47593382000923157,-0.012108257971704006,0.693278968334198,0.47399967908859253,-0.004037594888359308,0.6877066493034363,0.4745332896709442,-0.012456007301807404,0.7009161710739136,0.4450819790363312,0.00357838231138885,0.710024893283844,0.4512339234352112,0.00822808314114809,0.6968162059783936,0.46526703238487244,-0.005757593084126711,0.7268948554992676,0.358722448348999,0.019814787432551384,0.7240477800369263,0.37177497148513794,0.01000883150845766,0.7209407687187195,0.38497182726860046,0.0027676334138959646,0.6943280696868896,0.5182291865348816,0.008569693192839622,0.6969333291053772,0.3853197991847992,-0.013275381177663803,0.6999169588088989,0.3658319115638733,-0.010801462456583977,0.7021140456199646,0.34484538435935974,-0.0073206620290875435,0.7176491618156433,0.42476677894592285,0.016878437250852585,0.7289025783538818,0.4331478476524353,0.0298362597823143,0.6938506364822388,0.42102164030075073,0.006331647280603647,0.7256805896759033,0.41087207198143005,0.021092360839247704,0.6926581859588623,0.4346822500228882,-0.004256516695022583,0.69571453332901,0.4636128842830658,-0.018375983461737633,0.73185133934021,0.43931010365486145,0.03911462426185608,0.7267920970916748,0.43960610032081604,0.023719672113656998,0.7209992408752441,0.4431006610393524,0.01597212255001068,0.7104491591453552,0.4416247308254242,0.010167978703975677,0.7023050785064697,0.43770328164100647,0.006258430890738964,0.6965484023094177,0.43363621830940247,0.002461177995428443,0.6875098347663879,0.4239030182361603,-0.013968640007078648,0.730450451374054,0.4571295380592346,0.0384024977684021,0.7289314270019531,0.4096347391605377,0.02515764720737934,0.6862066388130188,0.4724652171134949,-0.027122681960463524,0.695173978805542,0.4485797882080078,-0.002799223642796278,0.7307374477386475,0.41940441727638245,0.07829969376325607,0.692497968673706,0.42914801836013794,-1.3866351764590945e-06,0.696366548538208,0.4654873311519623,0.0003789968614000827,0.7221305966377258,0.4163924753665924,0.022576771676540375,0.6953893303871155,0.4580572247505188,-0.016326626762747765,0.7211917638778687,0.47569510340690613,0.08251047879457474,0.6934340596199036,0.41774263978004456,0.00781668908894062,0.6930879354476929,0.4534655213356018,-0.023564284667372704,0.7112628221511841,0.5183894038200378,0.04089631512761116,0.7075648307800293,0.525693416595459,0.05271264538168907,0.7301887273788452,0.45715734362602234,0.062177740037441254,0.7171561121940613,0.5074074864387512,0.050091806799173355,0.7335630655288696,0.4057374596595764,0.04826796054840088,0.6927236914634705,0.5448523759841919,0.017959464341402054,0.6845065355300903,0.4739958345890045,-0.019251933321356773,0.6991641521453857,0.4546656608581543,0.0010477090254426003,0.7311150431632996,0.42196911573410034,0.039824556559324265,0.7132147550582886,0.4214116036891937,0.012993781827390194,0.7081802487373352,0.4217997193336487,0.010183441452682018,0.6971241235733032,0.5056444406509399,0.00755529897287488,0.7273609638214111,0.47337162494659424,0.040779322385787964,0.6824846863746643,0.5558757781982422,0.017375390976667404,0.6955737471580505,0.5433728098869324,0.03339996933937073,0.700986385345459,0.5359890460968018,0.041909359395504,0.7030049562454224,0.4209129214286804,0.008381076157093048,0.6980640292167664,0.4193631410598755,0.007901197299361229,0.6949101686477661,0.418537437915802,0.0082475570961833,0.7309394478797913,0.40726158022880554,0.032506465911865234,0.6989420056343079,0.4112337529659271,0.006739318370819092,0.7043655514717102,0.4088296890258789,0.006920877378433943,0.7100582122802734,0.40872061252593994,0.008665667846798897,0.7151421308517456,0.4104657769203186,0.011707335710525513,0.7179609537124634,0.41284888982772827,0.014670743606984615,0.7339983582496643,0.40065544843673706,0.0664319321513176,0.7163950204849243,0.420095831155777,0.015898628160357475,0.695284366607666,0.4859171211719513,-0.0026817331090569496,0.6930389404296875,0.46958091855049133,-0.012679802253842354,0.6872714161872864,0.4832248091697693,-0.011104272678494453,0.7045729756355286,0.5284221768379211,0.03339952602982521,0.698704719543457,0.5363603830337524,0.026019860059022903,0.6846263408660889,0.5514099597930908,0.00984092429280281,0.7122315764427185,0.5133605003356934,0.06547959893941879,0.6952239871025085,0.4151023328304291,0.0073395464569330215,0.6908854246139526,0.4375587999820709,-0.01378656830638647,0.6898895502090454,0.5503923892974854,0.024588119238615036,0.7266019582748413,0.47508692741394043,0.06160777434706688,0.686631977558136,0.5014798045158386,-0.0016727723414078355,0.6874954700469971,0.5049729347229004,-0.0020046732388436794,0.688157856464386,0.5094778537750244,-0.002329327631741762,0.688452422618866,0.5148378610610962,-0.0008647855720482767,0.6893211007118225,0.5237294435501099,0.005070741754025221,0.6953161358833313,0.5007231831550598,0.004823622759431601,0.6967171430587769,0.4998248219490051,0.005355361849069595,0.6978748440742493,0.4987447261810303,0.005773623939603567,0.7018256783485413,0.4969187080860138,0.00818601343780756,0.7224277853965759,0.47864440083503723,0.02593480795621872,0.6900108456611633,0.4287172257900238,-0.008757803589105606,0.6909328699111938,0.4108942449092865,0.0009571457048878074,0.6934792399406433,0.41195836663246155,0.0050270939245820045,0.6937528252601624,0.5015072822570801,0.0053846887312829494,0.7188320755958557,0.4972136318683624,0.03661763668060303,0.6878597736358643,0.41098326444625854,-0.008266891352832317,0.6913548707962036,0.5304991602897644,0.0095888776704669,0.688197135925293,0.43336331844329834,-0.019634872674942017,0.6936140060424805,0.450713574886322,-0.011895468458533287,0.6839203238487244,0.5356343984603882,0.00442067626863718,0.70237135887146,0.5152243375778198,0.01716676726937294,0.7005637884140015,0.47213485836982727,0.003594849957153201,0.697150468826294,0.523748517036438,0.013710402883589268,0.7138379812240601,0.47192323207855225,0.009908442385494709,0.7054013609886169,0.48076245188713074,0.0066900248639285564,0.7158820033073425,0.4848793148994446,0.016871919855475426,0.6850688457489014,0.5444750785827637,0.005994908511638641,0.6950691342353821,0.4551883041858673,-0.0062726992182433605,0.7053567171096802,0.520688533782959,0.024946125224232674,0.6990150809288025,0.529458224773407,0.0198343675583601,0.7073923349380493,0.505445659160614,0.018690044060349464,0.7237573862075806,0.4869247376918793,0.043094854801893234,0.7127286791801453,0.5064195990562439,0.02666773833334446,0.7224608063697815,0.4917636811733246,0.05921385809779167,0.7079382538795471,0.49133920669555664,0.011473234742879868,0.6928831338882446,0.4429336190223694,-0.007883592508733273,0.6940314173698425,0.46721383929252625,-0.019932856783270836,0.6952543258666992,0.4689928889274597,-0.012620827183127403,0.6935790777206421,0.46190759539604187,-0.025264296680688858,0.6963565945625305,0.4027511775493622,4.456079113879241e-05,0.706760048866272,0.3981572091579437,0.0012703132815659046,0.7154866456985474,0.3982470631599426,0.004327097442001104,0.7218393683433533,0.4006577730178833,0.009264071471989155,0.7251873016357422,0.404728502035141,0.014716249890625477,0.724755048751831,0.4185492992401123,0.02606997638940811,0.7324753999710083,0.43952247500419617,0.060255710035562515,0.7215734124183655,0.4309389293193817,0.020675446838140488,0.7164965867996216,0.43357425928115845,0.015335500240325928,0.7090834379196167,0.4333168566226959,0.010744528844952583,0.701728105545044,0.4309766888618469,0.007414157502353191,0.6962087750434875,0.4280000627040863,0.0050828345119953156,0.6926162838935852,0.42519477009773254,0.0034239182714372873,0.7271769046783447,0.4375384449958801,0.08382917940616608,0.6941779851913452,0.4708762466907501,-0.009593332186341286,0.6917047500610352,0.44537675380706787,-0.017811866477131844,0.6918578743934631,0.4676377773284912,-0.025905536487698555,0.6881324052810669,0.47125542163848877,-0.024245621636509895,0.6908891797065735,0.4688911437988281,-0.022870583459734917,0.692307710647583,0.47301316261291504,-0.008007291704416275,0.6875975131988525,0.47200798988342285,-0.026049336418509483,0.6859205365180969,0.47357478737831116,-0.018979504704475403,0.6918655037879944,0.4181848466396332,0.0059695057570934296,0.6898606419563293,0.42033690214157104,0.0012629983248189092,0.6894038319587708,0.42231500148773193,-0.003439665073528886,0.7193722724914551,0.4145861566066742,0.017417099326848984,0.7232361435890198,0.41122856736183167,0.018353156745433807,0.6450051665306091,0.41037890315055847,-0.007874134927988052,0.6520747542381287,0.4105660915374756,-0.007874134927988052,0.6452626585960388,0.40099865198135376,-0.007874134927988052,0.6377374529838562,0.41012516617774963,-0.007874134927988052,0.6447068452835083,0.41973984241485596,-0.007874134927988052,0.705964982509613,0.41486629843711853,0.011486047878861427,0.7125138640403748,0.4152810275554657,0.011486047878861427,0.7062092423439026,0.40715986490249634,0.011486047878861427,0.6993147134780884,0.41443610191345215,0.011486047878861427,0.7057743668556213,0.4226388931274414,0.011486047878861427
1333.333333333333,0.6787909865379333,0.49362069368362427,-0.01556110568344593,0.6860101222991943,0.4710032045841217,-0.032048262655735016,0.6823582649230957,0.47804585099220276,-0.01593049243092537,0.68000328540802,0.44330263137817383,-0.027229594066739082,0.6867629289627075,0.46280184388160706,-0.03452178090810776,0.6862627863883972,0.451770156621933,-0.03264236822724342,0.6836202144622803,0.4239485263824463,-0.018426144495606422,0.6346563100814819,0.41449475288391113,-0.006620712112635374,0.6834495067596436,0.40216368436813354,-0.015802018344402313,0.6841670870780945,0.39059433341026306,-0.01791476272046566,0.6847277283668518,0.34380966424942017,-0.013820395804941654,0.6785775423049927,0.4975130558013916,-0.014715072698891163,0.6781192421913147,0.5013646483421326,-0.01253541186451912,0.6776530742645264,0.5037692785263062,-0.009262757375836372,0.6775526404380798,0.5037859082221985,-0.008036015555262566,0.6775797009468079,0.5085952877998352,-0.008279170840978622,0.677388072013855,0.5144129991531372,-0.00897227693349123,0.6769554615020752,0.5202469825744629,-0.007245233282446861,0.6768948435783386,0.5303925275802612,-0.00015894182433839887,0.6847769618034363,0.4749649167060852,-0.028747331351041794,0.677981972694397,0.47423261404037476,-0.021724751219153404,0.5996227860450745,0.3743874430656433,0.013746852055191994,0.6536882519721985,0.4247347414493561,-0.00838880892843008,0.6467786431312561,0.4253793954849243,-0.009524468332529068,0.6400607824325562,0.42423075437545776,-0.00927733350545168,0.631280779838562,0.4169453978538513,-0.0062042418867349625,0.65965336561203,0.42245179414749146,-0.0061973389238119125,0.6449630856513977,0.3973199725151062,-0.013707209378480911,0.6527099609375,0.3987792730331421,-0.011752616614103317,0.6378387212753296,0.39859479665756226,-0.013013092800974846,0.6329883933067322,0.40175366401672363,-0.011249043047428131,0.6244311332702637,0.42231738567352295,-0.003805978689342737,0.6523048281669617,0.5408872365951538,0.0011526443995535374,0.6321074366569519,0.4109227657318115,-0.005217263009399176,0.5977930426597595,0.4137575328350067,0.018184801563620567,0.6155880689620972,0.4149117171764374,0.00027559942100197077,0.6478729248046875,0.4603016674518585,-0.011769440025091171,0.6709406971931458,0.4911958575248718,-0.016848303377628326,0.6708429455757141,0.5004836320877075,-0.01362072303891182,0.6624874472618103,0.4936702847480774,-0.015466919168829918,0.6565508842468262,0.4962220788002014,-0.012532617896795273,0.6641984581947327,0.5001834630966187,-0.013129323720932007,0.6587990522384644,0.5002478957176208,-0.010176297277212143,0.6482557654380798,0.5125661492347717,-0.003301746677607298,0.6810829043388367,0.4705412685871124,-0.032634202390909195,0.6810210347175598,0.46261700987815857,-0.035102445632219315,0.6233193874359131,0.3952963054180145,-0.0124850207939744,0.6613753437995911,0.4399465024471283,-0.011356004513800144,0.6645900011062622,0.4667230546474457,-0.0215919129550457,0.6636168360710144,0.4620688259601593,-0.020119132474064827,0.6258305907249451,0.45769599080085754,-0.009483280591666698,0.6806676387786865,0.45227083563804626,-0.03240453824400902,0.6421332359313965,0.3884439170360565,-0.019347840920090675,0.6316336393356323,0.3902274966239929,-0.01687021739780903,0.610385537147522,0.3600804805755615,0.002534764353185892,0.6710880398750305,0.4003089964389801,-0.017482148483395576,0.6592102646827698,0.40319401025772095,-0.008315657265484333,0.6440222263336182,0.504016101360321,-0.004288250580430031,0.5992418527603149,0.49417105317115784,0.04115797579288483,0.6686554551124573,0.4716149866580963,-0.01767316833138466,0.6733728051185608,0.4742657244205475,-0.016244446858763695,0.6488870978355408,0.5002962350845337,-0.0039722197689116,0.650459885597229,0.5005623698234558,-0.004776570945978165,0.6274921298027039,0.38401347398757935,-0.01509985513985157,0.6634715795516968,0.4699345827102661,-0.01787548139691353,0.6553252339363098,0.39138323068618774,-0.019627675414085388,0.6545614004135132,0.38429978489875793,-0.021565699949860573,0.645003080368042,0.3436254560947418,-0.015331719070672989,0.6189205646514893,0.3717440068721771,-0.00796147808432579,0.650611162185669,0.3630845248699188,-0.01907278597354889,0.6180801391601562,0.3902895748615265,-0.008471440523862839,0.6084177494049072,0.38282135128974915,0.001718828803859651,0.6707749962806702,0.4962421655654907,-0.016049738973379135,0.6633424162864685,0.4971374571323395,-0.014623233117163181,0.6576263904571533,0.4982758164405823,-0.01186307705938816,0.6698228716850281,0.4730919301509857,-0.015688182786107063,0.6496878862380981,0.500434160232544,-0.004324036184698343,0.6531519889831543,0.5033478140830994,-0.0063887592405080795,0.6512665152549744,0.5007135272026062,-0.0047515989281237125,0.6726738810539246,0.46960535645484924,-0.026101063936948776,0.6596695184707642,0.5015777945518494,-0.00861277710646391,0.6649589538574219,0.5021104216575623,-0.010065490379929543,0.6710352897644043,0.5029081106185913,-0.010577843524515629,0.668573796749115,0.529509425163269,-0.0019444782519713044,0.6692035794258118,0.5189395546913147,-0.009065479971468449,0.6698340177536011,0.5130676031112671,-0.010589568875730038,0.6704800128936768,0.5073326826095581,-0.009789309464395046,0.6709995865821838,0.5029831528663635,-0.009387281723320484,0.6596481800079346,0.5017569661140442,-0.00767156295478344,0.6586195230484009,0.5036694407463074,-0.00817063171416521,0.6572807431221008,0.5064440369606018,-0.008893963880836964,0.6561427712440491,0.5096418857574463,-0.007964406162500381,0.6536468267440796,0.490630567073822,-0.011674916371703148,0.59156334400177,0.45001426339149475,0.045648083090782166,0.6835978031158447,0.4765806794166565,-0.020557254552841187,0.655633807182312,0.5013404488563538,-0.005952036008238792,0.6544778347015381,0.5022181868553162,-0.0062736510299146175,0.6750435829162598,0.4774244427680969,-0.016067074611783028,0.6645433306694031,0.4745626151561737,-0.012010673992335796,0.6742740869522095,0.47589802742004395,-0.016312137246131897,0.6539783477783203,0.444130539894104,-0.010664671659469604,0.6426946520805359,0.4490087330341339,-0.010985019616782665,0.6617742776870728,0.46539798378944397,-0.01658741571009159,0.6252342462539673,0.3495003879070282,-0.007853192277252674,0.6325905919075012,0.36470848321914673,-0.014595323242247105,0.6399140357971191,0.38131141662597656,-0.019352998584508896,0.6534543037414551,0.5193206667900085,-0.004016631282866001,0.6698575615882874,0.3888028860092163,-0.020905176177620888,0.667170524597168,0.36433595418930054,-0.019686104729771614,0.6640798449516296,0.34205934405326843,-0.017135607078671455,0.6343697309494019,0.421480268239975,-0.007864954881370068,0.6159937381744385,0.4280132055282593,-0.0015581120969727635,0.663594663143158,0.42036786675453186,-0.004835562780499458,0.625281810760498,0.405385822057724,-0.007697892840951681,0.666649580001831,0.43507009744644165,-0.012829006649553776,0.6692107915878296,0.4642489552497864,-0.02682623267173767,0.6065229773521423,0.4329342842102051,0.003617571434006095,0.6215770840644836,0.43550288677215576,-0.005846957676112652,0.6312388181686401,0.440093070268631,-0.009200063534080982,0.6445925235748291,0.4396964907646179,-0.00911217462271452,0.6541662812232971,0.43653643131256104,-0.008394362404942513,0.661294162273407,0.4329279065132141,-0.008547930046916008,0.6773498058319092,0.4253736138343811,-0.01775415800511837,0.6074219346046448,0.4517160654067993,0.0030047788750380278,0.6188129782676697,0.4038732647895813,-0.006363291293382645,0.6818197965621948,0.4745987057685852,-0.02931063063442707,0.662940502166748,0.44863179326057434,-0.013173703104257584,0.5905503630638123,0.4105239510536194,0.03799077495932579,0.6669688820838928,0.4290269613265991,-0.008601179346442223,0.6599475145339966,0.46546003222465515,-0.010353726334869862,0.6290602684020996,0.4110093414783478,-0.004688411485403776,0.6683399677276611,0.45861324667930603,-0.024879716336727142,0.5940332412719727,0.4715549945831299,0.044880788773298264,0.6635311841964722,0.41722333431243896,-0.00381427351385355,0.6745057106018066,0.4545982778072357,-0.02987968735396862,0.6205602884292603,0.5192292928695679,0.014378988184034824,0.6174494624137878,0.5272095799446106,0.02559855207800865,0.5971852540969849,0.4513593912124634,0.02368631772696972,0.6106873154640198,0.5063977241516113,0.018974104896187782,0.6023667454719543,0.39680930972099304,0.011476822197437286,0.650224506855011,0.5486074686050415,0.004800564609467983,0.6813362836837769,0.4761064648628235,-0.020683174952864647,0.656449556350708,0.45410317182540894,-0.01167210191488266,0.6081773638725281,0.4152417480945587,0.004949264228343964,0.6414945721626282,0.41956114768981934,-0.00881205964833498,0.6473671197891235,0.4208044111728668,-0.00909127201884985,0.6519383788108826,0.5047218799591064,-0.005742501933127642,0.6078557372093201,0.4691530466079712,0.006582713685929775,0.6604723930358887,0.5594760179519653,0.009656899608671665,0.6395982503890991,0.5473402142524719,0.015481785871088505,0.6296334862709045,0.5392906069755554,0.019663572311401367,0.6846684217453003,0.3665738105773926,-0.016660980880260468,0.6728652715682983,0.5609962344169617,0.0115375816822052,0.6530706882476807,0.42014768719673157,-0.008013240061700344,0.6585730910301208,0.41856202483177185,-0.006120786536484957,0.6620252728462219,0.41783982515335083,-0.004290005657821894,0.6123753786087036,0.4007466435432434,-0.001398417865857482,0.6573505401611328,0.4087912440299988,-0.007649205159395933,0.651378333568573,0.4051898121833801,-0.009900977835059166,0.645531952381134,0.40444880723953247,-0.01096287090331316,0.639707624912262,0.405671089887619,-0.010627261362969875,0.6361061930656433,0.4077776074409485,-0.00923860352486372,0.5934368371963501,0.3903093636035919,0.026911897584795952,0.6374701261520386,0.4171677827835083,-0.007756466045975685,0.6815813183784485,0.4844622313976288,-0.014148580841720104,0.6610108613967896,0.48630648851394653,-0.013270199298858643,0.6690444350242615,0.4704308807849884,-0.020011723041534424,0.6736661195755005,0.48459118604660034,-0.015717893838882446,0.6828739643096924,0.41252776980400085,-0.014786971732974052,0.6306209564208984,0.5309194922447205,0.01175448764115572,0.6400760412216187,0.5398219227790833,0.008709743618965149,0.6618980169296265,0.5548250675201416,0.002301190746948123,0.6074714660644531,0.5129931569099426,0.03375693038105965,0.6616577506065369,0.41401317715644836,-0.005485735833644867,0.6732451915740967,0.43856364488601685,-0.01971541717648506,0.6747011542320251,0.5563888549804688,0.004384659230709076,0.6498064398765564,0.5544717907905579,0.011039851233363152,0.5988305807113647,0.47075599431991577,0.02467070333659649,0.6649557948112488,0.5022388100624084,-0.008977056480944157,0.6639886498451233,0.5055490136146545,-0.009561453945934772,0.6630033850669861,0.509917676448822,-0.010336901061236858,0.6621756553649902,0.5151287913322449,-0.009251466952264309,0.6602309942245483,0.5252779722213745,-0.004251732956618071,0.6543051600456238,0.5003137588500977,-0.007541858125478029,0.6530523300170898,0.4993431866168976,-0.008181259036064148,0.652049720287323,0.49831122159957886,-0.008698321878910065,0.6477110981941223,0.49660229682922363,-0.008843892253935337,0.6189731359481812,0.4755032956600189,-0.0030321578960865736,0.6721002459526062,0.42959097027778625,-0.014825614169239998,0.6688722372055054,0.411596417427063,-0.006552207283675671,0.6645504832267761,0.4113822281360626,-0.005800146143883467,0.6555843353271484,0.5011669397354126,-0.006517836824059486,0.6162858009338379,0.49545300006866455,0.007321054115891457,0.6750146746635437,0.4130125939846039,-0.012894832529127598,0.6557456851005554,0.5328755974769592,-0.0008435673080384731,0.6853479146957397,0.44245678186416626,-0.027662385255098343,0.678682267665863,0.43493539094924927,-0.02293231151998043,0.6845057010650635,0.4336732029914856,-0.022879047319293022,0.6685724258422852,0.4512883722782135,-0.019661039113998413,0.6758248209953308,0.5489081144332886,0.000624725129455328,0.6763899326324463,0.5391960144042969,0.00030484533635899425,0.6660680770874023,0.5380882024765015,-0.0010073853190988302,0.6412588357925415,0.5160629749298096,-0.0005214684642851353,0.6534512042999268,0.471678763628006,-0.00978454016149044,0.6476553082466125,0.5255633592605591,-0.00039925737655721605,0.6364396214485168,0.46981170773506165,-0.010985943488776684,0.6463224291801453,0.4798683524131775,-0.009950663894414902,0.6295977830886841,0.48297685384750366,-0.006948873400688171,0.6636800765991211,0.5474358201026917,-0.0010783307952806354,0.6639863848686218,0.4553854763507843,-0.015913382172584534,0.6344229578971863,0.5222633481025696,0.004561199806630611,0.6432387828826904,0.5320925712585449,0.003942437935620546,0.6366071105003357,0.5051705837249756,-0.0026313276030123234,0.6089030504226685,0.48383817076683044,0.010382217355072498,0.626462459564209,0.5060685873031616,0.0019863101188093424,0.6025158166885376,0.48889732360839844,0.024046119302511215,0.6401658654212952,0.49030882120132446,-0.00814062636345625,0.6680648326873779,0.44345715641975403,-0.016175854951143265,0.6711052656173706,0.46814262866973877,-0.02768021635711193,0.6665260791778564,0.4696159362792969,-0.021378321573138237,0.674941897392273,0.46311652660369873,-0.031466200947761536,0.6645088791847229,0.40355536341667175,-0.010326894000172615,0.6539524793624878,0.396695077419281,-0.014018246904015541,0.6442251205444336,0.3946148753166199,-0.015763508155941963,0.6357588768005371,0.39575648307800293,-0.015056328848004341,0.6293627023696899,0.3992391526699066,-0.012438470497727394,0.6232435703277588,0.4131307601928711,-0.0029873515013605356,0.5965697765350342,0.4323883652687073,0.02086743712425232,0.6287075877189636,0.42696070671081543,-0.005941694602370262,0.6359962224960327,0.43076297640800476,-0.007885091938078403,0.6453208327293396,0.4316406548023224,-0.008382623083889484,0.6539376378059387,0.4299564063549042,-0.0076414006762206554,0.6606394648551941,0.4272262156009674,-0.006293033715337515,0.6653247475624084,0.4248647391796112,-0.005844681058079004,0.5906360149383545,0.4300261437892914,0.04371468722820282,0.6660413146018982,0.47154712677001953,-0.01815032586455345,0.6742209792137146,0.4464937746524811,-0.023959241807460785,0.6762901544570923,0.4691801965236664,-0.03100421652197838,0.6782257556915283,0.47314369678497314,-0.027373414486646652,0.6753867864608765,0.4703644812107086,-0.028055237606167793,0.6671057343482971,0.4738464951515198,-0.015203469432890415,0.6797577738761902,0.4739886522293091,-0.028687022626399994,0.6793707609176636,0.47556281089782715,-0.021193141117691994,0.6659594178199768,0.41781532764434814,-0.0037258255761116743,0.6690990328788757,0.42053765058517456,-0.006065549794584513,0.6713923215866089,0.42287981510162354,-0.009561684913933277,0.6339703798294067,0.40942656993865967,-0.007542745675891638,0.6296118497848511,0.4057061970233917,-0.008183123543858528,0.689725399017334,0.4438880681991577,-0.023775439709424973,0.7200901508331299,0.42067402601242065,0.018428096547722816,0.6881599426269531,0.4748217761516571,-0.019044039770960808,0.7356680035591125,0.3872143626213074,0.05216136947274208,0.7032222151756287,0.4280894100666046,0.007740682922303677,0.7094035148620605,0.42899221181869507,0.009876950643956661,0.7150567173957825,0.42878392338752747,0.013126394711434841,0.7215383052825928,0.423488587141037,0.020301803946495056,0.6981504559516907,0.42582452297210693,0.0065333666279911995,0.7141658067703247,0.4031549096107483,0.00662740645930171,0.7066609263420105,0.4035645127296448,0.004304409492760897,0.7203119397163391,0.40531736612319946,0.010441366583108902,0.7236384153366089,0.4091390073299408,0.014073456637561321,0.7255252599716187,0.4291859269142151,0.024756675586104393,0.6941720843315125,0.5403506755828857,0.01274706982076168,0.7218798398971558,0.41804105043411255,0.020993409678339958,0.7338588237762451,0.4240984618663788,0.05721519514918327,0.7299037575721741,0.4228143095970154,0.03236624225974083,0.7071358561515808,0.46368440985679626,0.004463186953216791,0.6859670281410217,0.49204903841018677,-0.012648048810660839,0.6844311356544495,0.5013129115104675,-0.00975741259753704,0.6923632621765137,0.49501508474349976,-0.006807023659348488,0.6963404417037964,0.4981326460838318,-0.0006924332119524479,0.6895688772201538,0.5015945434570312,-0.005630275700241327,0.6935054063796997,0.5021759271621704,-0.0001960337394848466,0.6994554400444031,0.5140965580940247,0.011780411936342716,0.6901715993881226,0.4709707796573639,-0.030411001294851303,0.6916232705116272,0.46320512890815735,-0.03245071694254875,0.7308118343353271,0.4025759994983673,0.01767764985561371,0.6967225074768066,0.4422958791255951,-0.0006947104120627046,0.6981393694877625,0.468391478061676,-0.011552907526493073,0.6981351375579834,0.463866263628006,-0.009778960607945919,0.7225676774978638,0.4632692039012909,0.017397798597812653,0.6909019947052002,0.45283305644989014,-0.029037635773420334,0.720722496509552,0.39325204491615295,0.0016104328678920865,0.7273882627487183,0.3965734839439392,0.009299944154918194,0.7336622476577759,0.37253862619400024,0.036992840468883514,0.6953748464584351,0.39872807264328003,-0.010549753904342651,0.7000253796577454,0.40708625316619873,0.00472022732719779,0.7037409543991089,0.5061061978340149,0.014028538949787617,0.7173409461975098,0.49861574172973633,0.07700353115797043,0.6936162114143372,0.47282037138938904,-0.01032388024032116,0.6896930932998657,0.4751876890659332,-0.012562166899442673,0.7011802792549133,0.5032870173454285,0.011838441714644432,0.6996663808822632,0.5033748149871826,0.0091408621519804,0.7296465039253235,0.39108142256736755,0.012772808782756329,0.6970525979995728,0.47156450152397156,-0.008061432279646397,0.7105451822280884,0.39300093054771423,-0.005256814882159233,0.7119712829589844,0.38616129755973816,-0.006774392444640398,0.7168270349502563,0.3517836928367615,0.004449849016964436,0.7315465211868286,0.3822964131832123,0.02284807339310646,0.71378093957901,0.36973485350608826,-0.0020480777602642775,0.7328433990478516,0.39847075939178467,0.023810680955648422,0.7343897223472595,0.39395689964294434,0.03666985407471657,0.685447096824646,0.4971350431442261,-0.011872811242938042,0.6910474896430969,0.49860742688179016,-0.00651518115773797,0.695052444934845,0.5002158880233765,-0.0010363825131207705,0.6920832395553589,0.474119633436203,-0.009655226953327656,0.7004110217094421,0.5033418536186218,0.010266853496432304,0.6976110935211182,0.505946934223175,0.005936007481068373,0.6988399028778076,0.5034409761428833,0.008754311129450798,0.6934040188789368,0.47074493765830994,-0.0192622859030962,0.6921127438545227,0.5035048723220825,0.0008366496185772121,0.6881802082061768,0.5035319328308105,-0.003040791256353259,0.6833760142326355,0.5037010312080383,-0.006658093072474003,0.683836042881012,0.5297327637672424,0.0017966004088521004,0.6839535236358643,0.5197708010673523,-0.004988495726138353,0.6840879917144775,0.5138212442398071,-0.006342375185340643,0.683821976184845,0.5080656409263611,-0.005587798543274403,0.6832669973373413,0.5036885142326355,-0.005401358939707279,0.6920409202575684,0.5036299228668213,0.0017781362403184175,0.6931819319725037,0.5057273507118225,0.001273707370273769,0.694379448890686,0.5086566209793091,0.0009203193476423621,0.6951877474784851,0.5119505524635315,0.0025739383418112993,0.7007290720939636,0.49249550700187683,0.001969598000869155,0.7251068353652954,0.4582903981208801,0.08558487892150879,0.6950733661651611,0.5036187767982483,0.005880804732441902,0.6963622570037842,0.5046760439872742,0.005578659474849701,0.6881805062294006,0.4781542420387268,-0.012404088862240314,0.6945327520370483,0.47596174478530884,-0.004233802668750286,0.6888982057571411,0.476750910282135,-0.01275716908276081,0.701967716217041,0.44719311594963074,0.0035727256909012794,0.7110987305641174,0.45325085520744324,0.008217859081923962,0.698020339012146,0.4672410190105438,-0.0059365457855165005,0.7279443144798279,0.360553503036499,0.020294634625315666,0.7250722050666809,0.37392085790634155,0.010176634415984154,0.7226008176803589,0.3865145742893219,0.0027971798554062843,0.6956043243408203,0.5201634764671326,0.008294745348393917,0.6981487274169922,0.38732805848121643,-0.013400062918663025,0.7007413506507874,0.36790522933006287,-0.01081754919141531,0.702987551689148,0.34655800461769104,-0.007142256945371628,0.7193095088005066,0.42702001333236694,0.017085261642932892,0.7305449843406677,0.435348778963089,0.03014606609940529,0.6949084401130676,0.42360591888427734,0.006507991813123226,0.7273829579353333,0.4128097593784332,0.02135680615901947,0.6936396956443787,0.4369111955165863,-0.0042991042137146,0.6969435811042786,0.4657675325870514,-0.01868337392807007,0.7326253652572632,0.4413592219352722,0.0394732728600502,0.7287116050720215,0.4417653977870941,0.02395460568368435,0.7229981422424316,0.44515442848205566,0.016133472323417664,0.7122334837913513,0.4436885416507721,0.010242447257041931,0.7038785815238953,0.439838707447052,0.006325664930045605,0.6979801058769226,0.4358135163784027,0.002503152471035719,0.6884557008743286,0.4261987507343292,-0.014140190556645393,0.7313128709793091,0.4591069519519806,0.03867997229099274,0.7306463122367859,0.4116479754447937,0.025445343926548958,0.6873549818992615,0.4748418629169464,-0.027527712285518646,0.6962257027626038,0.45070353150367737,-0.002855523955076933,0.7313203811645508,0.42155441641807556,0.07921323925256729,0.6938159465789795,0.43138280510902405,3.41451886924915e-05,0.6975541710853577,0.46743103861808777,0.00028652651235461235,0.7237849235534668,0.4183835983276367,0.02286757156252861,0.6965557336807251,0.4601786434650421,-0.016587967053055763,0.7217446565628052,0.47795239090919495,0.08317375183105469,0.6944335103034973,0.4204499423503876,0.008032452315092087,0.6942093372344971,0.45566919445991516,-0.023885339498519897,0.7122130393981934,0.5205890536308289,0.040911298245191574,0.708388090133667,0.5280604362487793,0.05276978015899658,0.7307930588722229,0.4592863917350769,0.06265385448932648,0.7180406451225281,0.5095364451408386,0.05025924742221832,0.7344216704368591,0.4078676998615265,0.04877534508705139,0.6937745809555054,0.547557532787323,0.017430374398827553,0.6856527328491211,0.47638601064682007,-0.019588738679885864,0.700246274471283,0.4567176103591919,0.0009987304219976068,0.7324351668357849,0.4241676926612854,0.040228571742773056,0.7147637605667114,0.42396149039268494,0.013198824599385262,0.7095853090286255,0.4244754910469055,0.01036420464515686,0.6986202597618103,0.507442057132721,0.007481588516384363,0.7282991409301758,0.4753854274749756,0.04100299999117851,0.6834137439727783,0.5586819052696228,0.016663899645209312,0.6964709758758545,0.5460768938064575,0.0330214723944664,0.7018374800682068,0.5385539531707764,0.041739724576473236,0.7042567133903503,0.42363303899765015,0.00855791475623846,0.6991716623306274,0.4220792353153229,0.008089127950370312,0.6959418058395386,0.42124855518341064,0.008451614528894424,0.7325602769851685,0.4094698429107666,0.032858386635780334,0.7000373005867004,0.4136115312576294,0.006933555938303471,0.7056314945220947,0.4109310507774353,0.00707196444272995,0.7115157842636108,0.4106619358062744,0.008819405920803547,0.7167485356330872,0.4123578667640686,0.011878415942192078,0.7195826172828674,0.4147922396659851,0.014884157106280327,0.7348181009292603,0.4027107059955597,0.06729564070701599,0.718003511428833,0.42248091101646423,0.016123928129673004,0.6965845823287964,0.4878278970718384,-0.002856849692761898,0.6943298578262329,0.4717131555080414,-0.012934817001223564,0.6884787678718567,0.48527976870536804,-0.011381550692021847,0.7055618166923523,0.5308119654655457,0.03323251008987427,0.6997238397598267,0.5389387011528015,0.025666065514087677,0.6856692433357239,0.554176390171051,0.009167940355837345,0.713014543056488,0.5156251192092896,0.0657440647482872,0.6962414383888245,0.41774213314056396,0.007542749866843224,0.6918861269950867,0.4397871792316437,-0.013942665420472622,0.6908077597618103,0.553155779838562,0.024012047797441483,0.7272448539733887,0.47720566391944885,0.06201767176389694,0.6880962252616882,0.5035675168037415,-0.0018732380121946335,0.6890593767166138,0.5070041418075562,-0.0022401330061256886,0.6898000836372375,0.5114824771881104,-0.002625470282509923,0.6901332139968872,0.5167956948280334,-0.0012085932539775968,0.6904985308647156,0.525695264339447,0.0046455757692456245,0.696722686290741,0.5027192831039429,0.004799284506589174,0.6981281638145447,0.5018372535705566,0.00532922288402915,0.6992717981338501,0.5008045434951782,0.005742998793721199,0.7033147811889648,0.49876129627227783,0.008133914321660995,0.7235576510429382,0.4806196987628937,0.02597932517528534,0.6909676194190979,0.4309822916984558,-0.008849132806062698,0.6919485330581665,0.41330811381340027,0.0010949508287012577,0.6944589018821716,0.4144168496131897,0.005213966127485037,0.6951260566711426,0.5035149455070496,0.005378547590225935,0.7199405431747437,0.49926382303237915,0.03669451177120209,0.6889468431472778,0.4132691025733948,-0.008303032256662846,0.6924911737442017,0.5327708125114441,0.009090018458664417,0.68918377161026,0.43561500310897827,-0.019861405715346336,0.6947072744369507,0.4528675377368927,-0.012064596638083458,0.6850186586380005,0.5379638671875,0.0037695462815463543,0.7035936117172241,0.517277181148529,0.016977721825242043,0.7017712593078613,0.47406697273254395,0.00347345438785851,0.6983171701431274,0.5259295105934143,0.013371813111007214,0.7150339484214783,0.47387710213661194,0.009830046445131302,0.7066853046417236,0.4826996326446533,0.0065785800106823444,0.7171579599380493,0.4868474006652832,0.016832752153277397,0.6861516833305359,0.547088623046875,0.005308883730322123,0.6961838006973267,0.4572668671607971,-0.006399619393050671,0.7064720392227173,0.5229063034057617,0.024760130792856216,0.7001101970672607,0.5318723917007446,0.0194767564535141,0.7086890935897827,0.5074053406715393,0.018576236441731453,0.7247443795204163,0.4889897406101227,0.04327738285064697,0.7138863205909729,0.5084637999534607,0.026617931202054024,0.7231955528259277,0.4938804805278778,0.05953055992722511,0.709330141544342,0.493243932723999,0.011371124535799026,0.693916916847229,0.4451177418231964,-0.00798218697309494,0.6952978372573853,0.46940281987190247,-0.02026001550257206,0.6965512037277222,0.4710713326931,-0.012889356352388859,0.6947625875473022,0.464132696390152,-0.025650890544056892,0.6974800229072571,0.40490466356277466,0.00017986174498219043,0.7081531286239624,0.3999660015106201,0.0013441420160233974,0.7171210050582886,0.39993804693222046,0.004384308587759733,0.7236161231994629,0.4023679494857788,0.009352223947644234,0.7269889116287231,0.40655502676963806,0.014879225753247738,0.7263422608375549,0.42057549953460693,0.02637253887951374,0.7330570220947266,0.4416625201702118,0.06078566983342171,0.7233566045761108,0.4330905079841614,0.020918048918247223,0.7182602286338806,0.4357748329639435,0.01550407987087965,0.7106621265411377,0.4355774521827698,0.010868124663829803,0.7031170129776001,0.43331238627433777,0.007564500439912081,0.6974782347679138,0.430367112159729,0.005192370153963566,0.6938007473945618,0.4275907874107361,0.0035404914524406195,0.7276832461357117,0.439754456281662,0.08471065014600754,0.6954610347747803,0.4729126989841461,-0.009837806224822998,0.692780077457428,0.44759413599967957,-0.01803329586982727,0.6930627822875977,0.4699115753173828,-0.026293864473700523,0.6893150806427002,0.47359415888786316,-0.024624604731798172,0.6921111941337585,0.4711693227291107,-0.023227283731102943,0.6935687065124512,0.4750390946865082,-0.008238619193434715,0.6887650489807129,0.4743652045726776,-0.0264439694583416,0.687083899974823,0.47593292593955994,-0.01931368000805378,0.6928380727767944,0.4207722246646881,0.006158564705401659,0.6909405589103699,0.42276954650878906,0.001367588178254664,0.6905940175056458,0.42461901903152466,-0.003447094466537237,0.7210094332695007,0.41657713055610657,0.017655178904533386,0.7249391674995422,0.41315892338752747,0.018598036840558052,0.645689845085144,0.41254955530166626,-0.007571467664092779,0.6525413990020752,0.41280919313430786,-0.007571467664092779,0.6459454298019409,0.4035094976425171,-0.007571467664092779,0.63864666223526,0.4122235178947449,-0.007571467664092779,0.645404577255249,0.42159581184387207,-0.007571467664092779,0.7068808078765869,0.4176120460033417,0.011689063161611557,0.7139301300048828,0.41800546646118164,0.011689063161611557,0.7071090936660767,0.4094996154308319,0.011689063161611557,0.6997247934341431,0.4172014594078064,0.011689063161611557,0.7067040205001831,0.4257640540599823,0.011689063161611557
1366.6666666666663,0.6794067621231079,0.4966679811477661,-0.015386033803224564,0.6846997141838074,0.47485578060150146,-0.03307096287608147,0.6813295483589172,0.4815828800201416,-0.016233304515480995,0.6782540678977966,0.44700437784194946,-0.02842402085661888,0.6853417754173279,0.4666443169116974,-0.0357493981719017,0.6847419738769531,0.45550796389579773,-0.033986225724220276,0.6818872094154358,0.427406907081604,-0.01981951855123043,0.6311278343200684,0.4176560044288635,-0.006796171423047781,0.6814471483230591,0.4052923321723938,-0.017482632771134377,0.6820012331008911,0.39366888999938965,-0.019925432279706,0.6822565793991089,0.3462263345718384,-0.016700783744454384,0.6791641116142273,0.500793993473053,-0.0144416568800807,0.6785836219787598,0.5049329400062561,-0.012174838222563267,0.6779258251190186,0.5075287818908691,-0.008808141574263573,0.6777357459068298,0.50751793384552,-0.007303157821297646,0.6778630018234253,0.5128495097160339,-0.007528727874159813,0.67771977186203,0.5191593766212463,-0.008177438750863075,0.6771935820579529,0.5254274606704712,-0.006309058517217636,0.6765074729919434,0.533937394618988,0.0010983595857396722,0.6835620999336243,0.47873908281326294,-0.02959837019443512,0.6766549944877625,0.4779646098613739,-0.02223372273147106,0.5963003039360046,0.37749090790748596,0.013819022104144096,0.6510121822357178,0.42854201793670654,-0.008840848691761494,0.643642246723175,0.4289596676826477,-0.009875137358903885,0.6366192698478699,0.42756158113479614,-0.00951856467872858,0.6278491020202637,0.42033201456069946,-0.006240778136998415,0.6573576331138611,0.4264029264450073,-0.006698754150420427,0.6407880783081055,0.400607168674469,-0.014402685686945915,0.6490828990936279,0.4022160768508911,-0.01257974375039339,0.633384108543396,0.4018497169017792,-0.013544573448598385,0.6286290884017944,0.40501919388771057,-0.011645421385765076,0.6208845973014832,0.42549654841423035,-0.003586406819522381,0.6513134837150574,0.5445087552070618,0.003330014646053314,0.6286430358886719,0.41420507431030273,-0.005325403064489365,0.5950124859809875,0.4169570207595825,0.019270379096269608,0.611921489238739,0.417889803647995,0.0006189215928316116,0.6456007957458496,0.4638732373714447,-0.011619994416832924,0.6713916659355164,0.4942109286785126,-0.016613280400633812,0.6710119247436523,0.5040736198425293,-0.013154801912605762,0.662379801273346,0.4967814087867737,-0.014942154288291931,0.6558821797370911,0.49927666783332825,-0.011596898548305035,0.6638748645782471,0.5036699771881104,-0.012448489665985107,0.6579921841621399,0.5035797357559204,-0.009154504165053368,0.6466482877731323,0.5156433582305908,-0.00140145025216043,0.6796277761459351,0.4744451940059662,-0.033607468008995056,0.6794226169586182,0.466512531042099,-0.03625961020588875,0.6176120042800903,0.39742740988731384,-0.012960300780832767,0.6593319773674011,0.443427175283432,-0.011783841997385025,0.6627821922302246,0.47047093510627747,-0.022017253562808037,0.6617534756660461,0.4657653868198395,-0.02054978348314762,0.6230473518371582,0.46126431226730347,-0.008817044086754322,0.6789863705635071,0.4560704827308655,-0.03361949697136879,0.6360520720481873,0.39064183831214905,-0.02041712962090969,0.6254178285598755,0.39230918884277344,-0.017647897824645042,0.6066675186157227,0.36314642429351807,0.0018471117364242673,0.6676434278488159,0.4036244750022888,-0.018972152844071388,0.6562525033950806,0.40687400102615356,-0.009134049527347088,0.6421386003494263,0.5069218873977661,-0.002509763464331627,0.5979000329971313,0.4972172677516937,0.04472379758954048,0.6670628190040588,0.4753274619579315,-0.018004901707172394,0.6719565391540527,0.47792038321495056,-0.016521086916327477,0.6473047137260437,0.502980649471283,-0.0022071029525250196,0.6489017009735107,0.5033780336380005,-0.003111098660156131,0.6210749745368958,0.38556188344955444,-0.01594991236925125,0.6617140769958496,0.47358468174934387,-0.018120434135198593,0.6501714587211609,0.39397215843200684,-0.020985053852200508,0.6490702629089355,0.3863653838634491,-0.02315753884613514,0.6413748860359192,0.3465278744697571,-0.017418984323740005,0.6151158213615417,0.3745492696762085,-0.008774608373641968,0.6471070051193237,0.3660280704498291,-0.020971110090613365,0.61264568567276,0.3921091556549072,-0.008899413980543613,0.6049104928970337,0.38565829396247864,0.0014892590697854757,0.671123743057251,0.49954989552497864,-0.015699656680226326,0.6631540060043335,0.5004144310951233,-0.014000593684613705,0.6569323539733887,0.5014455318450928,-0.01088690385222435,0.668289303779602,0.47676026821136475,-0.015929225832223892,0.6481255292892456,0.50318843126297,-0.0026105004362761974,0.6518092751502991,0.5066633224487305,-0.004760612268000841,0.6497229933738708,0.5035969018936157,-0.003095059422776103,0.6710898280143738,0.47344666719436646,-0.026760311797261238,0.6587132215499878,0.5050525665283203,-0.007565043866634369,0.664477527141571,0.5057771801948547,-0.009297279641032219,0.6709880828857422,0.5066851377487183,-0.01001652143895626,0.6677985787391663,0.5331071019172668,-0.000559336447622627,0.6690558791160583,0.5241878032684326,-0.008027064613997936,0.6697685122489929,0.5178729295730591,-0.009680135175585747,0.6704084277153015,0.5116170644760132,-0.00893109105527401,0.6708874702453613,0.5067942142486572,-0.00855293683707714,0.6586379408836365,0.5053085684776306,-0.006409871391952038,0.6576135754585266,0.5073755979537964,-0.006884499918669462,0.6562753319740295,0.5103585720062256,-0.007537702564150095,0.65510493516922,0.5137680768966675,-0.006469083484262228,0.6517904996871948,0.49386075139045715,-0.01082213968038559,0.5897448062896729,0.45302408933639526,0.04848887771368027,0.682465672492981,0.48024284839630127,-0.021071897819638252,0.6542690992355347,0.5046096444129944,-0.004425689112395048,0.6531370282173157,0.5055111646652222,-0.004710095934569836,0.6737287640571594,0.48100724816322327,-0.01624711975455284,0.6628732681274414,0.4780943691730499,-0.012024285271763802,0.6729090213775635,0.47951987385749817,-0.016559133306145668,0.6517858505249023,0.4476144015789032,-0.010819689370691776,0.6401993036270142,0.4525371193885803,-0.010843154974281788,0.6599354147911072,0.46901625394821167,-0.016829466447234154,0.6213909983634949,0.352510929107666,-0.009259182028472424,0.6287650465965271,0.36749982833862305,-0.01596447452902794,0.633621871471405,0.3829343318939209,-0.020607834681868553,0.6520538330078125,0.5226789712905884,-0.0021961061283946037,0.665780246257782,0.39136993885040283,-0.022715259343385696,0.6641632318496704,0.36727288365364075,-0.021928679198026657,0.6609366536140442,0.3447847366333008,-0.019723085686564445,0.6309143900871277,0.42478153109550476,-0.007987864315509796,0.6125562787055969,0.431069552898407,-0.0010683462023735046,0.6614891290664673,0.42440998554229736,-0.005392346531152725,0.620857298374176,0.4082762598991394,-0.007838775403797626,0.6646469831466675,0.43855994939804077,-0.013462316244840622,0.6674195528030396,0.46809202432632446,-0.02753155678510666,0.6036434769630432,0.43636929988861084,0.004555468913167715,0.6178561449050903,0.43872204422950745,-0.005417398177087307,0.627398669719696,0.443540096282959,-0.008961542509496212,0.6412078142166138,0.44358110427856445,-0.009084868244826794,0.6514177918434143,0.4406939148902893,-0.008593241684138775,0.6590019464492798,0.437129408121109,-0.008976470679044724,0.6754511594772339,0.42889857292175293,-0.018957652151584625,0.6046808958053589,0.45516371726989746,0.004285229369997978,0.6142839193344116,0.40642818808555603,-0.006452186033129692,0.680514931678772,0.4784141480922699,-0.030123872682452202,0.6610013842582703,0.45216643810272217,-0.013557543978095055,0.5880902409553528,0.41357266902923584,0.03970172628760338,0.6648614406585693,0.43315985798835754,-0.00921260192990303,0.6581074595451355,0.4689856767654419,-0.010366120375692844,0.6254729628562927,0.41440680623054504,-0.004708198364824057,0.6664844751358032,0.4623759388923645,-0.025600457563996315,0.592509925365448,0.4745822548866272,0.04814210161566734,0.6615331768989563,0.4211565852165222,-0.004388323985040188,0.6727001070976257,0.45838916301727295,-0.030887722969055176,0.6190730929374695,0.5225728750228882,0.017236389219760895,0.6162359118461609,0.5304705500602722,0.029008451849222183,0.5948933362960815,0.45459848642349243,0.02571881376206875,0.6090186238288879,0.509698212146759,0.021848535165190697,0.5992638468742371,0.3998776078224182,0.01191452145576477,0.6494180560112,0.5521427392959595,0.007285013794898987,0.6801303625106812,0.47981032729148865,-0.021168334409594536,0.6543935537338257,0.457610160112381,-0.011812577955424786,0.6049312353134155,0.4181731939315796,0.005528710316866636,0.6379019618034363,0.4226560890674591,-0.009131715632975101,0.6440001130104065,0.42410752177238464,-0.009501908905804157,0.6505616903305054,0.5080652832984924,-0.004023626446723938,0.6053476333618164,0.4725736081600189,0.008323483169078827,0.6599975824356079,0.5627941489219666,0.01231773104518652,0.6387289762496948,0.550639808177948,0.018521597608923912,0.6286072731018066,0.5425974726676941,0.02288447879254818,0.6823199987411499,0.3692665994167328,-0.01915285550057888,0.6726624965667725,0.5642083883285522,0.014017149806022644,0.6501615047454834,0.4236486554145813,-0.008497032336890697,0.6561281085014343,0.42225268483161926,-0.006638051476329565,0.659870982170105,0.42169320583343506,-0.004823440220206976,0.6082292795181274,0.40314847230911255,-0.0013262905413284898,0.6546211242675781,0.4125315248966217,-0.008333852514624596,0.6482077240943909,0.4087952673435211,-0.010573964565992355,0.6419974565505981,0.40788236260414124,-0.011566026136279106,0.635968804359436,0.4090522229671478,-0.011095862835645676,0.632388174533844,0.4111662209033966,-0.009586135856807232,0.5905483961105347,0.3934469223022461,0.027801061049103737,0.6338608264923096,0.42023369669914246,-0.007990089245140553,0.680685818195343,0.48777058720588684,-0.014246062375605106,0.6593613624572754,0.4896693527698517,-0.0128277987241745,0.667422354221344,0.4742024540901184,-0.020457221195101738,0.6724225282669067,0.4879859685897827,-0.01568896882236004,0.6810430288314819,0.4157784879207611,-0.01627742126584053,0.62943035364151,0.5342710614204407,0.014605415984988213,0.6390665173530579,0.5432566404342651,0.011407253332436085,0.6613598465919495,0.5583990216255188,0.004570859018713236,0.606198787689209,0.5161381363868713,0.037286579608917236,0.6593796014785767,0.41780465841293335,-0.006112166214734316,0.6713423728942871,0.44216978549957275,-0.02066049911081791,0.6744908690452576,0.5598968267440796,0.00649495841935277,0.6491146087646484,0.5577921867370605,0.013878192752599716,0.5968335270881653,0.4739733040332794,0.027109170332551003,0.6644139885902405,0.5059871077537537,-0.007956010289490223,0.6634561419487,0.5096249580383301,-0.008512499742209911,0.6624755859375,0.51438307762146,-0.009205316193401814,0.6616243124008179,0.5199891924858093,-0.007966410368680954,0.6590997576713562,0.528836190700531,-0.002612285315990448,0.6530718803405762,0.5034043192863464,-0.006181848701089621,0.6518976092338562,0.5023150444030762,-0.0067888293415308,0.6509041786193848,0.5011969208717346,-0.007327193859964609,0.6457487344741821,0.4996528625488281,-0.0075346133671700954,0.6163936257362366,0.4790463149547577,-0.0016854837303981185,0.6701433062553406,0.4331035315990448,-0.015737276524305344,0.666657030582428,0.4153609275817871,-0.007501418236643076,0.6623047590255737,0.41530558466911316,-0.006562672555446625,0.6542473435401917,0.5044071078300476,-0.005132526159286499,0.6141420006752014,0.49887290596961975,0.009493980556726456,0.6726897358894348,0.41673076152801514,-0.01414884626865387,0.6546507477760315,0.536462128162384,0.0010757680283859372,0.683752179145813,0.4461069107055664,-0.02900579571723938,0.6768620610237122,0.43856528401374817,-0.02417052537202835,0.6828418374061584,0.4372479021549225,-0.024245383217930794,0.6666999459266663,0.45492491126060486,-0.02035512588918209,0.6755470633506775,0.5525632500648499,0.002441796474158764,0.6760579943656921,0.5428349375724792,0.0018354069907218218,0.6653136610984802,0.5417662262916565,0.0006933099357411265,0.6397385597229004,0.5192773342132568,0.0015815964434295893,0.6514941453933716,0.4751778244972229,-0.009506383910775185,0.6463571786880493,0.5289739966392517,0.0016888180980458856,0.6339359879493713,0.4734283685684204,-0.010378260165452957,0.6442192196846008,0.4833267033100128,-0.00923864170908928,0.6271791458129883,0.4864903390407562,-0.005767734721302986,0.6630048155784607,0.5511287450790405,0.000897444726433605,0.662117600440979,0.45898115634918213,-0.016332603991031647,0.6329879760742188,0.5256299376487732,0.0069999126717448235,0.6420391201972961,0.5355809330940247,0.006320564541965723,0.6347577571868896,0.5083017349243164,-0.0007432068814523518,0.6066483855247498,0.4872249960899353,0.01253108587116003,0.6245473027229309,0.5094345808029175,0.004091173410415649,0.6007303595542908,0.4921366572380066,0.026844868436455727,0.6380352973937988,0.4935377240180969,-0.00696370005607605,0.6661428213119507,0.44702625274658203,-0.01682148315012455,0.6694343090057373,0.4720126688480377,-0.02840186096727848,0.6648111343383789,0.4733789265155792,-0.021803421899676323,0.6732263565063477,0.46700629591941833,-0.032398320734500885,0.6614476442337036,0.4070844352245331,-0.011404012329876423,0.6497023105621338,0.39973413944244385,-0.015015541575849056,0.6391948461532593,0.3974972069263458,-0.016573959961533546,0.6304413080215454,0.398622065782547,-0.01565888710319996,0.6243000626564026,0.40207740664482117,-0.012836871668696404,0.619549572467804,0.41622310876846313,-0.002854163059964776,0.5940197706222534,0.43564435839653015,0.02245316468179226,0.6251368522644043,0.43029189109802246,-0.0057937088422477245,0.6324833035469055,0.43421614170074463,-0.007860932499170303,0.6421694755554199,0.4354071617126465,-0.008508367463946342,0.6513334512710571,0.4339679181575775,-0.00796417985111475,0.6584922671318054,0.43134814500808716,-0.006739783566445112,0.6633962392807007,0.42896002531051636,-0.006414031609892845,0.588489830493927,0.4330284297466278,0.04601584002375603,0.6643715500831604,0.4752275049686432,-0.018443668261170387,0.6723792552947998,0.4501790404319763,-0.024914320558309555,0.6747154593467712,0.4730849862098694,-0.03187503293156624,0.6768330335617065,0.47693711519241333,-0.028106797486543655,0.6738579869270325,0.4742025136947632,-0.028816577047109604,0.6654929518699646,0.47745761275291443,-0.015387257561087608,0.6783931851387024,0.47780725359916687,-0.029467066749930382,0.678100049495697,0.47927916049957275,-0.021686093881726265,0.6639550924301147,0.4218789041042328,-0.004367281682789326,0.667223334312439,0.42454859614372253,-0.006827584467828274,0.6693115830421448,0.42685794830322266,-0.010410493239760399,0.6303495168685913,0.4128023386001587,-0.007776311133056879,0.6255098581314087,0.4089411795139313,-0.008399303071200848,0.6882983446121216,0.4474374055862427,-0.025105174630880356,0.7190089821815491,0.42367929220199585,0.017265623435378075,0.6871702671051025,0.47835060954093933,-0.0196472629904747,0.7354591488838196,0.3880709409713745,0.0508153960108757,0.702549397945404,0.43095412850379944,0.006645800080150366,0.7085020542144775,0.43163037300109863,0.008753148838877678,0.7140644192695618,0.43137094378471375,0.012013019993901253,0.720726728439331,0.4263322055339813,0.01924293488264084,0.6975997090339661,0.4290843904018402,0.0055097416043281555,0.7125962376594543,0.40663444995880127,0.005117991007864475,0.7053872346878052,0.4071158766746521,0.0028317878022789955,0.718704104423523,0.40874114632606506,0.008989043533802032,0.7221847176551819,0.41251328587532043,0.012698013335466385,0.725124180316925,0.4314694106578827,0.02386949583888054,0.6944359540939331,0.5432521104812622,0.014436852186918259,0.7209184765815735,0.42122554779052734,0.01985931023955345,0.7341064214706421,0.42525792121887207,0.05680884048342705,0.7301446199417114,0.4249931573867798,0.0314815491437912,0.706985354423523,0.4661681652069092,0.003932591527700424,0.6864615082740784,0.49481651186943054,-0.012541468255221844,0.684760332107544,0.5046313405036926,-0.009420196525752544,0.692420482635498,0.4974493980407715,-0.006558104418218136,0.695995032787323,0.5002837181091309,-0.0001734391407808289,0.6895630955696106,0.5045347809791565,-0.005199934355914593,0.6931097507476807,0.5047374963760376,0.0004703648737631738,0.7001103758811951,0.5160588622093201,0.013077461160719395,0.689018726348877,0.4747171401977539,-0.03146820142865181,0.6903715133666992,0.46690791845321655,-0.0337107814848423,0.7294318079948425,0.40574395656585693,0.016057755798101425,0.695818305015564,0.4451897442340851,-0.0015228783013299108,0.6975398063659668,0.471493661403656,-0.0123226223513484,0.6975037455558777,0.46689093112945557,-0.010565089993178844,0.7229774594306946,0.46517133712768555,0.0169423408806324,0.6895602345466614,0.4564547836780548,-0.0303840059787035,0.7183510661125183,0.396634966135025,-0.0003463035391177982,0.7253563404083252,0.39990395307540894,0.007462889887392521,0.7331652045249939,0.37359604239463806,0.03503299131989479,0.6930227279663086,0.40216732025146484,-0.012369045056402683,0.6990743279457092,0.4107150435447693,0.0033842837437987328,0.7044795155525208,0.5076897144317627,0.015036777593195438,0.7180821299552917,0.4994971454143524,0.07920504361391068,0.6929726600646973,0.47601988911628723,-0.010887520387768745,0.6889181733131409,0.4784581959247589,-0.01295426394790411,0.6999983191490173,0.5049430727958679,0.012960467487573624,0.6985374689102173,0.5051935315132141,0.010270290076732635,0.7277485132217407,0.3941946029663086,0.010831935331225395,0.696556806564331,0.47452810406684875,-0.008647918701171875,0.7080166339874268,0.3963215947151184,-0.007229900918900967,0.7092136740684509,0.38937029242515564,-0.00897000078111887,0.7155162692070007,0.3535241484642029,0.0015677137998864055,0.7310652732849121,0.3836296498775482,0.02087237313389778,0.7124684453010559,0.3718891739845276,-0.0046162074431777,0.7317062020301819,0.4011266231536865,0.022177450358867645,0.7341932058334351,0.3950921595096588,0.03513602167367935,0.6858958005905151,0.5001905560493469,-0.011654338799417019,0.691095769405365,0.5012895464897156,-0.0061606718227267265,0.6946910619735718,0.502558171749115,-0.0004361860628705472,0.691426157951355,0.4773007929325104,-0.010114174336194992,0.699253499507904,0.5050765872001648,0.01139798667281866,0.6967946887016296,0.5082151293754578,0.0071273441426455975,0.6977476477622986,0.5053538084030151,0.0098981112241745,0.6925408244132996,0.4742071032524109,-0.020162317901849747,0.6916278004646301,0.5062992572784424,0.0015627272659912705,0.6880688071250916,0.5067303776741028,-0.002499441849067807,0.6835441589355469,0.5072357654571533,-0.006212940905243158,0.6838061809539795,0.5330563187599182,0.0030280931387096643,0.6842262744903564,0.5245330333709717,-0.004069877322763205,0.6844099760055542,0.5181908011436462,-0.005548316519707441,0.6840595602989197,0.5119798183441162,-0.004843881819397211,0.683345377445221,0.5071696043014526,-0.004681136459112167,0.6915121078491211,0.5063037872314453,0.002713011112064123,0.6927520036697388,0.508520781993866,0.00224888208322227,0.6939868330955505,0.5115296244621277,0.00194972672034055,0.694787323474884,0.5149549841880798,0.003695656545460224,0.7009722590446472,0.4947071373462677,0.002329807495698333,0.7257356643676758,0.45897212624549866,0.08688317984342575,0.6942365169525146,0.5059425830841064,0.006979638244956732,0.6955675482749939,0.5069841742515564,0.006723539438098669,0.6874017715454102,0.481425940990448,-0.012713377363979816,0.6940975785255432,0.47883692383766174,-0.0045329974964261055,0.6881175637245178,0.4800214469432831,-0.013123645447194576,0.7013629674911499,0.4498574435710907,0.0028434910345822573,0.7109176516532898,0.45559585094451904,0.0075563774444162846,0.6975078582763672,0.4701317846775055,-0.006549420766532421,0.7271110415458679,0.36190080642700195,0.01782883144915104,0.7242333889007568,0.37557780742645264,0.007845512591302395,0.7201646566390991,0.3897496461868286,0.0006443291204050183,0.6960967779159546,0.5226616859436035,0.00963312853127718,0.6953138113021851,0.3905496895313263,-0.015552932396531105,0.6989558935165405,0.3703945577144623,-0.013425473123788834,0.7011498212814331,0.34863710403442383,-0.010145371779799461,0.7183899879455566,0.4296775460243225,0.016004955396056175,0.7307508587837219,0.43715083599090576,0.02942303568124771,0.694445013999939,0.4271555542945862,0.005490912590175867,0.7264189720153809,0.41591566801071167,0.020091049373149872,0.6925162076950073,0.4399738907814026,-0.005251792725175619,0.6961231231689453,0.46909430623054504,-0.019673431292176247,0.7329648733139038,0.4427976608276367,0.03902549296617508,0.7283706665039062,0.4435676336288452,0.023234527558088303,0.7222470641136169,0.4472085237503052,0.015371816232800484,0.7113468647003174,0.44625213742256165,0.009478321298956871,0.7029688954353333,0.44286131858825684,0.005534697789698839,0.6970059275627136,0.4392361342906952,0.0016516244504600763,0.6869235634803772,0.4295635521411896,-0.015493775717914104,0.7318789958953857,0.46051448583602905,0.03855918347835541,0.7300439476966858,0.414278119802475,0.024176664650440216,0.6862247586250305,0.4785529375076294,-0.028403665870428085,0.6953901648521423,0.45363330841064453,-0.0036196066066622734,0.731643795967102,0.4222520887851715,0.07930942624807358,0.6927047967910767,0.4351077675819397,-0.0009186876704916358,0.6971350312232971,0.47018077969551086,-0.00012741266982629895,0.7229234576225281,0.42150628566741943,0.02176900953054428,0.6956989765167236,0.46341583132743835,-0.017595304176211357,0.7224353551864624,0.4787079393863678,0.08498380333185196,0.694104015827179,0.42400598526000977,0.006966081913560629,0.6930896639823914,0.45911645889282227,-0.025115013122558594,0.712790846824646,0.522266685962677,0.042674578726291656,0.7089049220085144,0.5295150279998779,0.05508159101009369,0.7313786745071411,0.4604187607765198,0.06320452690124512,0.7187449932098389,0.5109646320343018,0.05189152806997299,0.7344491481781006,0.40902572870254517,0.04781739041209221,0.6939650177955627,0.5503674745559692,0.019399601966142654,0.6845804452896118,0.4799990653991699,-0.0201112050563097,0.6997386813163757,0.4594116806983948,0.0003660536604002118,0.7335261106491089,0.42596423625946045,0.03946731984615326,0.713615894317627,0.42662835121154785,0.012003108859062195,0.7086082696914673,0.4271102845668793,0.009173005819320679,0.6977537870407104,0.509682834148407,0.008712805807590485,0.7290362119674683,0.4767901301383972,0.04138924181461334,0.6834016442298889,0.5616161823272705,0.01902611181139946,0.6966649293899536,0.5483039021492004,0.03535632789134979,0.702156662940979,0.5404391884803772,0.04405609145760536,0.7035498023033142,0.42643818259239197,0.007401547394692898,0.698665976524353,0.4252350926399231,0.006986833643168211,0.6955522298812866,0.424660325050354,0.0073904613964259624,0.7325270771980286,0.41152888536453247,0.03165183216333389,0.6994717717170715,0.4168943762779236,0.005659735295921564,0.7048097252845764,0.4140455424785614,0.005716167856007814,0.7104418277740479,0.41376394033432007,0.007429318502545357,0.7155686020851135,0.415477454662323,0.010524182580411434,0.7184699773788452,0.4179530739784241,0.013581372797489166,0.7348705530166626,0.40348708629608154,0.06664659827947617,0.7168394327163696,0.4253127872943878,0.01494994293898344,0.696476399898529,0.49040478467941284,-0.0027774558402597904,0.6936402320861816,0.4749906361103058,-0.013620154932141304,0.6878891587257385,0.488338828086853,-0.011496380902826786,0.7059599757194519,0.5328207015991211,0.03520059585571289,0.6999966502189636,0.5413143634796143,0.027680104598402977,0.6856917142868042,0.5573745369911194,0.01114677358418703,0.7136895656585693,0.516754150390625,0.06808111071586609,0.6958367824554443,0.42122402787208557,0.0063871643505990505,0.6906009912490845,0.44309014081954956,-0.015107234008610249,0.6909010410308838,0.5557510852813721,0.02631666325032711,0.7279072403907776,0.4783424139022827,0.0630442202091217,0.6879110932350159,0.5066763162612915,-0.001073660678230226,0.6890260577201843,0.5103778839111328,-0.0014071802143007517,0.689842700958252,0.5151259899139404,-0.0017288480885326862,0.6901717185974121,0.520748496055603,-0.00019153972971253097,0.6907738447189331,0.5286648869514465,0.005936532747000456,0.6959137916564941,0.504912793636322,0.005714589264243841,0.697303056716919,0.5038691759109497,0.006221089046448469,0.6984446048736572,0.5027088522911072,0.006568810436874628,0.7038840651512146,0.5005875825881958,0.008778605610132217,0.7242811322212219,0.48233485221862793,0.026122502982616425,0.6896283626556396,0.43420860171318054,-0.009986409917473793,0.6909629106521606,0.4169881343841553,-0.00013140075316186994,0.6938593983650208,0.4181068539619446,0.004017577040940523,0.6943156719207764,0.505923867225647,0.006333815399557352,0.7207462787628174,0.5008438229560852,0.03765275701880455,0.687256395816803,0.4170833230018616,-0.00973627157509327,0.6927778124809265,0.5356780886650085,0.010588563047349453,0.6876980066299438,0.4390806555747986,-0.021223263815045357,0.6937372088432312,0.456043541431427,-0.013027368113398552,0.6850354075431824,0.5413194298744202,0.00525519298389554,0.7040970325469971,0.5192470550537109,0.018338853493332863,0.7016372680664062,0.476595014333725,0.0032411268912255764,0.698743999004364,0.5283524990081787,0.014878039248287678,0.7153660655021667,0.4760778248310089,0.009525222703814507,0.7068899869918823,0.484975129365921,0.00661877728998661,0.7177926301956177,0.48876646161079407,0.016963820904493332,0.6861917972564697,0.5504265427589417,0.006999942008405924,0.6954267621040344,0.4602442979812622,-0.007155276369303465,0.7069481611251831,0.5249365568161011,0.02634233795106411,0.7004672288894653,0.5343241691589355,0.021202262490987778,0.7092963457107544,0.5090827941894531,0.01955283433198929,0.7255291938781738,0.4903929531574249,0.04411354288458824,0.7145577073097229,0.5102003216743469,0.027677593752741814,0.7238845825195312,0.4951065480709076,0.060986682772636414,0.7098609209060669,0.49508756399154663,0.01173673290759325,0.6928490400314331,0.44824570417404175,-0.008932738564908504,0.6944697499275208,0.47283169627189636,-0.02123873494565487,0.6959323287010193,0.4742514193058014,-0.013602863997220993,0.6937196254730225,0.46766915917396545,-0.02677714079618454,0.6960635185241699,0.40853458642959595,-0.0012882465962320566,0.7063279151916504,0.4035258889198303,-0.00029342310153879225,0.7151105403900146,0.40340569615364075,0.0027229683473706245,0.7216986417770386,0.4057716727256775,0.00775808934122324,0.725411057472229,0.40989255905151367,0.01340220682322979,0.7259487509727478,0.42326223850250244,0.025367794558405876,0.733491063117981,0.4428195655345917,0.06085049360990524,0.7226942181587219,0.4353865683078766,0.020029202103614807,0.7174232006072998,0.43813201785087585,0.014599845744669437,0.7098309993743896,0.4382016956806183,0.009967814199626446,0.7023862600326538,0.43627575039863586,0.006633033975958824,0.6967813968658447,0.4337080121040344,0.00427936902269721,0.6930661201477051,0.4311829209327698,0.002595261437818408,0.7282066941261292,0.4404107332229614,0.08542982488870621,0.6949008107185364,0.47599297761917114,-0.010416165925562382,0.6915697455406189,0.45097818970680237,-0.019206423312425613,0.692051351070404,0.473531574010849,-0.027342526242136955,0.6882930994033813,0.4771943688392639,-0.025460703298449516,0.6911637187004089,0.47472214698791504,-0.024159032851457596,0.6930222511291504,0.4780755937099457,-0.008662354201078415,0.6876979470252991,0.47801926732063293,-0.027303168550133705,0.6860620975494385,0.4794883728027344,-0.019873037934303284,0.6924267411231995,0.4244753122329712,0.005120362155139446,0.6901414394378662,0.42653021216392517,0.00030777498614043,0.6893384456634521,0.4285251796245575,-0.004547106102108955,0.7199724912643433,0.41977575421333313,0.016427097842097282,0.7237738966941833,0.4164746105670929,0.017344512045383453,0.643476665019989,0.41609981656074524,-0.008008528500795364,0.6504465937614441,0.41636115312576294,-0.008008528500795364,0.6436766982078552,0.40731391310691833,-0.008008528500795364,0.6363286972045898,0.4157591164112091,-0.008008528500795364,0.643226683139801,0.42491182684898376,-0.008008528500795364,0.7060350775718689,0.4202999472618103,0.010482558980584145,0.7128550410270691,0.42055365443229675,0.010482558980584145,0.7062660455703735,0.41212835907936096,0.010482558980584145,0.6991841197013855,0.4200350046157837,0.010482558980584145,0.7058861255645752,0.42850637435913086,0.010482558980584145
1399.9999999999995,0.6781169176101685,0.49705561995506287,-0.014847652986645699,0.6847086548805237,0.4746008515357971,-0.032492250204086304,0.6813676357269287,0.4814918637275696,-0.015743445605039597,0.6783000826835632,0.4469829201698303,-0.02815059944987297,0.6853495836257935,0.46642738580703735,-0.03521987795829773,0.684759795665741,0.4553636312484741,-0.03357761725783348,0.6819195747375488,0.4274060130119324,-0.019871119409799576,0.6315099596977234,0.4177849292755127,-0.006932764779776335,0.6814303994178772,0.4051961302757263,-0.01779317297041416,0.6819488406181335,0.39352214336395264,-0.02033085748553276,0.6821771264076233,0.34548133611679077,-0.017502881586551666,0.677936851978302,0.5010728240013123,-0.013874699361622334,0.677486002445221,0.5050856471061707,-0.011584452353417873,0.6769780516624451,0.5075560808181763,-0.008227829821407795,0.676855206489563,0.5075873732566833,-0.007067766971886158,0.6769732236862183,0.5127564072608948,-0.007266508415341377,0.6768770813941956,0.5188721418380737,-0.00787524227052927,0.676490843296051,0.5249755382537842,-0.006025644950568676,0.6764177680015564,0.5332414507865906,0.0013668099418282509,0.6835907101631165,0.47848793864250183,-0.029017828404903412,0.6768054962158203,0.4778333306312561,-0.02169366180896759,0.5967605710029602,0.3777315318584442,0.013148939236998558,0.6512448787689209,0.42843106389045715,-0.008934980258345604,0.6439153552055359,0.42898157238960266,-0.009916887618601322,0.636923611164093,0.4276963472366333,-0.00954763125628233,0.6282021999359131,0.4204883575439453,-0.006344483699649572,0.6575478315353394,0.426186203956604,-0.0068314033560454845,0.6412359476089478,0.40002480149269104,-0.014588014222681522,0.6494715809822083,0.40161383152008057,-0.012815003283321857,0.6338489055633545,0.4013575613498688,-0.013709008693695068,0.629065215587616,0.4046855568885803,-0.011805913411080837,0.6212232112884521,0.4258275032043457,-0.003657706780359149,0.6512985229492188,0.5448298454284668,0.003800352104008198,0.6290328502655029,0.41424989700317383,-0.005510254763066769,0.5954321622848511,0.4174667000770569,0.01895691640675068,0.6122697591781616,0.41815921664237976,0.0004478304763324559,0.6458700299263,0.4642782509326935,-0.011266713961958885,0.670138955116272,0.49462151527404785,-0.01604759879410267,0.6700398921966553,0.5042791962623596,-0.01253223791718483,0.6614928245544434,0.49714553356170654,-0.014354110695421696,0.6553566455841064,0.49964970350265503,-0.011075004003942013,0.6631709337234497,0.5038970112800598,-0.011838503181934357,0.6575794816017151,0.5038467645645142,-0.008612561039626598,0.6469391584396362,0.5158048272132874,-0.001006622682325542,0.6797006130218506,0.4742344915866852,-0.03301849216222763,0.6794859766960144,0.4663698077201843,-0.035710327327251434,0.6181002855300903,0.39688387513160706,-0.013245237059891224,0.6594988703727722,0.4436141848564148,-0.011665030382573605,0.6631994843482971,0.4705841839313507,-0.02150633931159973,0.6621516346931458,0.46593672037124634,-0.02008637599647045,0.6232947707176208,0.46197831630706787,-0.008466958068311214,0.6790492534637451,0.4559914171695709,-0.033189140260219574,0.6366141438484192,0.38981494307518005,-0.020726099610328674,0.6259700059890747,0.39155852794647217,-0.01794247329235077,0.607022762298584,0.3633213937282562,0.001134969643317163,0.6680222153663635,0.40304216742515564,-0.019286181777715683,0.6565716862678528,0.40630218386650085,-0.009398411028087139,0.64242023229599,0.5072882175445557,-0.0020913048647344112,0.5982721447944641,0.4980399012565613,0.0449678935110569,0.6674734354019165,0.47536569833755493,-0.0175288338214159,0.6722599267959595,0.4779167175292969,-0.016024639829993248,0.6472755074501038,0.5034518241882324,-0.0018215522868558764,0.6488669514656067,0.5038257837295532,-0.0027390506584197283,0.621590256690979,0.38475602865219116,-0.01633339561522007,0.6621984839439392,0.4737178385257721,-0.01761561818420887,0.6506920456886292,0.39326417446136475,-0.021299118176102638,0.6496255397796631,0.38561272621154785,-0.023501412943005562,0.6414524912834167,0.34633150696754456,-0.018147531896829605,0.6154297590255737,0.37479788064956665,-0.009329085238277912,0.647186279296875,0.36601898074150085,-0.021510137245059013,0.6130868792533875,0.39165759086608887,-0.009280632250010967,0.6052780151367188,0.38594093918800354,0.0009634128073230386,0.6699975728988647,0.4998747706413269,-0.015098870731890202,0.6623486876487732,0.5007181167602539,-0.013398864306509495,0.6564432382583618,0.5017667412757874,-0.010343784466385841,0.6686810255050659,0.47679808735847473,-0.015450822189450264,0.6480891108512878,0.5036444664001465,-0.002232540398836136,0.6516696214675903,0.5069478154182434,-0.004423930309712887,0.6496905088424683,0.5040307641029358,-0.002728770487010479,0.6713330745697021,0.4733560383319855,-0.026214489713311195,0.6583791971206665,0.505300760269165,-0.007022381294518709,0.6638797521591187,0.5059530735015869,-0.008698136545717716,0.670173704624176,0.5068022608757019,-0.009406709112226963,0.6679019331932068,0.5325273275375366,-0.0002422292745904997,0.6684747338294983,0.5238409638404846,-0.007694715168327093,0.6690760254859924,0.5176749229431152,-0.009349602274596691,0.6696672439575195,0.5116044282913208,-0.008635913953185081,0.6701536178588867,0.5069185495376587,-0.008279982022941113,0.6583746671676636,0.5055121183395386,-0.006120868492871523,0.6573185324668884,0.50754714012146,-0.006582722067832947,0.6559853553771973,0.5104702711105347,-0.007214182987809181,0.654853105545044,0.5138086080551147,-0.006128989160060883,0.6521662473678589,0.49417680501937866,-0.01034559402614832,0.5902758240699768,0.45361652970314026,0.04830033704638481,0.6825042963027954,0.4800560474395752,-0.020539473742246628,0.6541833877563477,0.5049082040786743,-0.00411714892834425,0.6530071496963501,0.5058024525642395,-0.0043867421336472034,0.6739819049835205,0.4810183048248291,-0.015741072595119476,0.663329005241394,0.47825121879577637,-0.011564974673092365,0.6731887459754944,0.4795244634151459,-0.016056695953011513,0.6520179510116577,0.447890043258667,-0.010633057914674282,0.6404203176498413,0.4529939591884613,-0.010582417249679565,0.6603936553001404,0.46920692920684814,-0.016373449936509132,0.6216359734535217,0.35255640745162964,-0.009989378042519093,0.6290004253387451,0.3676677942276001,-0.01651110127568245,0.6341842412948608,0.38206443190574646,-0.020976120606064796,0.6523358225822449,0.5226520299911499,-0.0018257515039294958,0.6662425994873047,0.39079204201698303,-0.023096732795238495,0.6641451120376587,0.36703020334243774,-0.022496944293379784,0.660915195941925,0.34431788325309753,-0.020467011258006096,0.63124680519104,0.42496612668037415,-0.008044672198593616,0.6128975749015808,0.43159711360931396,-0.001086073461920023,0.6616485714912415,0.4241164028644562,-0.005564012564718723,0.621310293674469,0.40813857316970825,-0.00806567631661892,0.6647570729255676,0.4386991560459137,-0.013389606028795242,0.6676816344261169,0.46812331676483154,-0.02700737863779068,0.6039714813232422,0.43701985478401184,0.004563943482935429,0.6181902289390564,0.4392702579498291,-0.0053207240998744965,0.6277211308479309,0.4439545273780823,-0.00882004201412201,0.6414803266525269,0.4437257647514343,-0.008963484317064285,0.6516058444976807,0.44061973690986633,-0.00853512529283762,0.6591288447380066,0.43692418932914734,-0.008963989093899727,0.6754956841468811,0.42895907163619995,-0.01898256316781044,0.605012059211731,0.45595577359199524,0.004504065494984388,0.6147101521492004,0.40635159611701965,-0.006703300401568413,0.6805834174156189,0.4781913459300995,-0.029532449319958687,0.661232054233551,0.4523654878139496,-0.013308222405612469,0.588644802570343,0.41398030519485474,0.039175845682621,0.6649766564369202,0.4328712224960327,-0.009249217808246613,0.658569872379303,0.4692155718803406,-0.009982244111597538,0.6258500814437866,0.4144473969936371,-0.004897361155599356,0.666743278503418,0.4624762535095215,-0.025139277800917625,0.5930202603340149,0.4753204584121704,0.048161834478378296,0.6616944670677185,0.42085036635398865,-0.0046218703500926495,0.6728266477584839,0.458394318819046,-0.030433673411607742,0.6191872358322144,0.5234639048576355,0.017672063782811165,0.6163944005966187,0.5313310623168945,0.029410289600491524,0.5953207015991211,0.4553287625312805,0.025768840685486794,0.6091904044151306,0.5106201171875,0.02228500321507454,0.5996650457382202,0.4002695679664612,0.01146763376891613,0.6493619680404663,0.5525778532028198,0.007837598212063313,0.6802108883857727,0.4796373248100281,-0.02063046582043171,0.654699444770813,0.4578964114189148,-0.011510604061186314,0.6052462458610535,0.4186108112335205,0.005332404747605324,0.6382718086242676,0.42278745770454407,-0.009222440421581268,0.6443413496017456,0.42413243651390076,-0.009596575051546097,0.6504507064819336,0.5083357691764832,-0.0036667324602603912,0.6056775450706482,0.4734387695789337,0.00867524929344654,0.6598807573318481,0.5631155371665955,0.012802442535758018,0.638830304145813,0.5512150526046753,0.018964547663927078,0.6287552714347839,0.5433351993560791,0.023299727588891983,0.6822392344474792,0.3687734305858612,-0.01978341117501259,0.6724298000335693,0.5644087791442871,0.014438161626458168,0.6504535675048828,0.4235621988773346,-0.008634602651000023,0.6563615202903748,0.42205068469047546,-0.006818999070674181,0.6600580811500549,0.42142072319984436,-0.005042131058871746,0.6086058616638184,0.40320414304733276,-0.001643151044845581,0.6548104286193848,0.41203001141548157,-0.008567566983401775,0.6484328508377075,0.4082147479057312,-0.01077967882156372,0.6422806978225708,0.407356858253479,-0.01174156740307808,0.6363227367401123,0.40868625044822693,-0.011254072189331055,0.6327664256095886,0.4109714925289154,-0.009749731980264187,0.5910720229148865,0.3937810957431793,0.027168365195393562,0.6342383623123169,0.42039668560028076,-0.008104267530143261,0.6807117462158203,0.48778149485588074,-0.01377641037106514,0.6597495675086975,0.4898991286754608,-0.012325785122811794,0.6677917838096619,0.47421589493751526,-0.01996983028948307,0.6726553440093994,0.4880947172641754,-0.015190189704298973,0.6810687780380249,0.4157174527645111,-0.016478104516863823,0.6295306086540222,0.5350156426429749,0.01505765039473772,0.6390745043754578,0.5438671112060547,0.011906635947525501,0.6612101197242737,0.5586791038513184,0.0051363371312618256,0.6064183712005615,0.5170132517814636,0.03767568618059158,0.6595511436462402,0.41744107007980347,-0.006348578725010157,0.6714275479316711,0.4422605037689209,-0.020508356392383575,0.6742480397224426,0.5600963830947876,0.006994263269007206,0.649121105670929,0.5582205653190613,0.014354205690324306,0.5972146987915039,0.4747864902019501,0.027328910306096077,0.6639015078544617,0.5061371326446533,-0.0076621947810053825,0.6629334688186646,0.5096938610076904,-0.00821671448647976,0.6619797945022583,0.5143271684646606,-0.008878065273165703,0.661192774772644,0.5198137164115906,-0.007625923492014408,0.6593453884124756,0.5285166501998901,-0.0022595799528062344,0.6528964042663574,0.5037670135498047,-0.005721987225115299,0.6516849994659424,0.5027039647102356,-0.006331792566925287,0.6506771445274353,0.501613974571228,-0.006869287230074406,0.6460807919502258,0.5000064969062805,-0.007101560477167368,0.6166360378265381,0.47987961769104004,-0.0012411137577146292,0.6702109575271606,0.43320512771606445,-0.01572289504110813,0.6668871641159058,0.4149322211742401,-0.007757675834000111,0.6625267267227173,0.4148719906806946,-0.006816508248448372,0.6541287899017334,0.5047523379325867,-0.004668230656534433,0.61436927318573,0.4997563362121582,0.009930280037224293,0.6729064583778381,0.4162791967391968,-0.014350921846926212,0.654729962348938,0.5365596413612366,0.0014779947232455015,0.6837750673294067,0.4460274577140808,-0.028755245730280876,0.6769098043441772,0.4385982155799866,-0.024059627205133438,0.6828681230545044,0.4372173249721527,-0.024155139923095703,0.6668853163719177,0.4550597071647644,-0.020039761438965797,0.6753357648849487,0.5526221394538879,0.0028418817091733217,0.6759056448936462,0.542559027671814,0.002157114911824465,0.6652792692184448,0.541602373123169,0.0010633084457367659,0.6399571299552917,0.5197514295578003,0.00198025768622756,0.6518996357917786,0.47550806403160095,-0.009089811705052853,0.6465188264846802,0.529300332069397,0.002084016799926758,0.6341364979743958,0.4740143120288849,-0.009961261413991451,0.6445244550704956,0.48376935720443726,-0.008797068148851395,0.6273660659790039,0.4872192144393921,-0.005329773761332035,0.6628891229629517,0.5512675046920776,0.001364605501294136,0.6624211072921753,0.45917394757270813,-0.015989799052476883,0.6331414580345154,0.5263002514839172,0.007418619003146887,0.6420982480049133,0.5361064672470093,0.0067620715126395226,0.6349756717681885,0.5088887810707092,-0.00031241250690072775,0.6069623231887817,0.4881226420402527,0.012939793057739735,0.6247357726097107,0.510220468044281,0.004525637254118919,0.6010251641273499,0.49301791191101074,0.027211423963308334,0.6382842659950256,0.49409762024879456,-0.006514791864901781,0.6662886142730713,0.44716933369636536,-0.016617275774478912,0.6696912050247192,0.47196561098098755,-0.027853302657604218,0.6652125120162964,0.47344082593917847,-0.021277572959661484,0.6733823418617249,0.46693477034568787,-0.031847450882196426,0.6618234515190125,0.4065442979335785,-0.011699679307639599,0.6501992344856262,0.39911165833473206,-0.015303513966500759,0.6397502422332764,0.3968801498413086,-0.016826024278998375,0.6309885382652283,0.3980737626552582,-0.015874307602643967,0.6248098611831665,0.4016873836517334,-0.013057645410299301,0.619915783405304,0.41636645793914795,-0.003045180346816778,0.5944485664367676,0.43627312779426575,0.022331006824970245,0.6254715323448181,0.4306158125400543,-0.005804551765322685,0.6327819228172302,0.434459388256073,-0.00784054584801197,0.6424224376678467,0.43547964096069336,-0.008484341204166412,0.6515347361564636,0.43386566638946533,-0.007991819642484188,0.6586370468139648,0.4311312437057495,-0.0068082064390182495,0.6635138988494873,0.42867618799209595,-0.006516062654554844,0.5890510678291321,0.43349510431289673,0.04563620686531067,0.6648216247558594,0.47531527280807495,-0.017940284684300423,0.6724801659584045,0.45023369789123535,-0.024617154151201248,0.6748716831207275,0.4729231894016266,-0.03129833936691284,0.6769710183143616,0.47676047682762146,-0.027533840388059616,0.6740400195121765,0.47404757142066956,-0.02825896441936493,0.6659277677536011,0.47755327820777893,-0.014905057847499847,0.6784965395927429,0.47761091589927673,-0.028875740244984627,0.6782202124595642,0.47912514209747314,-0.021149998530745506,0.6641218066215515,0.42152610421180725,-0.004579660017043352,0.6673595905303955,0.42419829964637756,-0.006982911843806505,0.6694477796554565,0.42650291323661804,-0.010503122583031654,0.6307327151298523,0.4127349257469177,-0.007952606305480003,0.6259378790855408,0.40880221128463745,-0.008578079752624035,0.6882969737052917,0.44731011986732483,-0.024898743256926537,0.719014048576355,0.4233368933200836,0.016673684120178223,0.6871459484100342,0.4781472682952881,-0.019167611375451088,0.7356910109519958,0.3867975175380707,0.04943416267633438,0.7026441693305969,0.43110695481300354,0.006269441917538643,0.7086513638496399,0.43171244859695435,0.008358229883015156,0.7142021656036377,0.43127477169036865,0.011577215977013111,0.7207345962524414,0.42598170042037964,0.01865554414689541,0.6976150870323181,0.42917948961257935,0.005156729370355606,0.7124180793762207,0.4052693247795105,0.004599107429385185,0.7051356434822083,0.4059448838233948,0.0023390683345496655,0.7185956239700317,0.4073775112628937,0.008427328430116177,0.7221347093582153,0.4113021492958069,0.012096157297492027,0.7251598238945007,0.43110594153404236,0.023260951042175293,0.6942517161369324,0.543155312538147,0.014653202146291733,0.7208396196365356,0.42068344354629517,0.019206026569008827,0.7343825697898865,0.42431169748306274,0.05573315545916557,0.7301669716835022,0.42439398169517517,0.030689656734466553,0.7069106698036194,0.46595996618270874,0.003957927227020264,0.6853105425834656,0.4950130581855774,-0.012079598382115364,0.6838425397872925,0.5046755075454712,-0.008897730149328709,0.6916617155075073,0.49752503633499146,-0.006186036393046379,0.6955358982086182,0.5003223419189453,6.998973549343646e-05,0.688920259475708,0.5045045614242554,-0.004780794959515333,0.6927099227905273,0.5046717524528503,0.0007673935033380985,0.6998957991600037,0.5157247185707092,0.013142159208655357,0.6889788508415222,0.4744266867637634,-0.030922824516892433,0.6903206706047058,0.4666561782360077,-0.03321649879217148,0.7293482422828674,0.40399089455604553,0.01521025225520134,0.6958222389221191,0.44498109817504883,-0.0016063281800597906,0.6972964406013489,0.471240371465683,-0.012030546553432941,0.6972800493240356,0.46668097376823425,-0.010329481214284897,0.7229969501495361,0.46488168835639954,0.016751741990447044,0.689542293548584,0.45626047253608704,-0.030022641643881798,0.7182433009147644,0.3943496644496918,-0.0010165710700675845,0.7252588868141174,0.39783263206481934,0.006700766738504171,0.7332067489624023,0.3722732961177826,0.03370979055762291,0.6930118799209595,0.40039047598838806,-0.012789899483323097,0.6988046765327454,0.40989530086517334,0.0029114445205777884,0.7043367624282837,0.5074880123138428,0.015050246380269527,0.7184498310089111,0.4990893602371216,0.07871238887310028,0.6927750110626221,0.4757978916168213,-0.010563640855252743,0.6887912154197693,0.4783119559288025,-0.012534139677882195,0.700027585029602,0.5049684643745422,0.013000542297959328,0.698540210723877,0.5052008032798767,0.010330202989280224,0.7276447415351868,0.3922072649002075,0.00994417630136013,0.6962876319885254,0.4742993712425232,-0.008358901366591454,0.707962691783905,0.3940894603729248,-0.007775355130434036,0.7091033458709717,0.38716745376586914,-0.009569128043949604,0.7153735756874084,0.3523755967617035,0.0005067882011644542,0.7309982180595398,0.38239163160324097,0.019742703065276146,0.7122506499290466,0.3709670603275299,-0.005463739857077599,0.7316685318946838,0.3996139466762543,0.02118504047393799,0.7343074679374695,0.3938451111316681,0.03393198177218437,0.6848391890525818,0.500317394733429,-0.01116375345736742,0.6903828382492065,0.5013119578361511,-0.005763817112892866,0.6942521333694458,0.5025431513786316,-0.0001608914026292041,0.6912370920181274,0.4771113097667694,-0.009768383577466011,0.6992720365524292,0.5050939917564392,0.011452903039753437,0.6966750621795654,0.5081158876419067,0.007188308518379927,0.6977335810661316,0.5053442716598511,0.009960265830159187,0.6924360990524292,0.473909854888916,-0.019763976335525513,0.6913036704063416,0.5061596632003784,0.0018732671160250902,0.6875057816505432,0.5066171288490295,-0.002075299620628357,0.682754635810852,0.507192075252533,-0.005702342372387648,0.6835857033729553,0.5323268175125122,0.0032603915315121412,0.6836237907409668,0.5240830183029175,-0.0038403288926929235,0.683668851852417,0.5178967118263245,-0.005324564874172211,0.6832793354988098,0.511865496635437,-0.004656047094613314,0.6826067566871643,0.5071879625320435,-0.00451515382155776,0.691213071346283,0.5062344670295715,0.0027802533004432917,0.6924190521240234,0.5083919763565063,0.0023311187978833914,0.6936759352684021,0.5113428235054016,0.00204562209546566,0.694534420967102,0.514684796333313,0.003793923184275627,0.7007870674133301,0.49456071853637695,0.0024944436736404896,0.7261632084846497,0.4582652449607849,0.08592205494642258,0.6941184997558594,0.5058777928352356,0.007018764037638903,0.6954240798950195,0.5069023370742798,0.00677653169259429,0.6872892379760742,0.4813225269317627,-0.012288245372474194,0.6938728094100952,0.4786810874938965,-0.004251203965395689,0.6879981756210327,0.4799004793167114,-0.012694582343101501,0.7013208866119385,0.4496197998523712,0.0027571548707783222,0.7108935117721558,0.4553372859954834,0.007445337250828743,0.6972510814666748,0.46993088722229004,-0.006323754787445068,0.7270202040672302,0.36062514781951904,0.016621511429548264,0.7240381240844727,0.3744297921657562,0.006842913571745157,0.7200372815132141,0.38756483793258667,-0.00012338017404545099,0.6958398818969727,0.5222145318984985,0.009741473942995071,0.6952104568481445,0.38865065574645996,-0.016055261716246605,0.6987971663475037,0.3697032630443573,-0.01415219809859991,0.7010103464126587,0.34766873717308044,-0.01104756724089384,0.718483030796051,0.4294462203979492,0.015498311258852482,0.730823278427124,0.43675780296325684,0.028794270008802414,0.6943597793579102,0.4271780550479889,0.005131885875016451,0.7263898849487305,0.4148346185684204,0.01932741142809391,0.6925445795059204,0.4398006796836853,-0.005332426633685827,0.6959635615348816,0.4688265919685364,-0.019321246072649956,0.733108401298523,0.44209879636764526,0.03833292797207832,0.7284655570983887,0.44316422939300537,0.022751158103346825,0.7223364114761353,0.4467713534832001,0.01502570416778326,0.711458683013916,0.44591739773750305,0.009235653094947338,0.7031088471412659,0.4426124095916748,0.00531573873013258,0.6971074938774109,0.43896257877349854,0.0014656696002930403,0.6869518160820007,0.4294964671134949,-0.015579892322421074,0.7319923639297485,0.46000683307647705,0.038059648126363754,0.7300307154655457,0.41317445039749146,0.023313160985708237,0.6862096190452576,0.47828972339630127,-0.02784685604274273,0.6953362226486206,0.45346587896347046,-0.0035848289262503386,0.7320976853370667,0.4212777614593506,0.07799407839775085,0.6927570700645447,0.43475785851478577,-0.0011088524479418993,0.6969162821769714,0.4700140058994293,1.5655989045626484e-05,0.7228863835334778,0.42087507247924805,0.021077318117022514,0.6955592632293701,0.4632022976875305,-0.01731543429195881,0.7227933406829834,0.47817134857177734,0.08424916118383408,0.6939256191253662,0.42404723167419434,0.006544601172208786,0.693022608757019,0.45890507102012634,-0.024787556380033493,0.7129186987876892,0.5221635699272156,0.042549341917037964,0.7091318368911743,0.5293476581573486,0.05493749678134918,0.7316396832466125,0.4597695767879486,0.06246631592512131,0.7189837098121643,0.5107318162918091,0.05165432393550873,0.7346848845481873,0.4079315662384033,0.04664258658885956,0.6937261819839478,0.5503597855567932,0.019671622663736343,0.6845839619636536,0.47980040311813354,-0.019596662372350693,0.6996240615844727,0.4592304229736328,0.000407496903790161,0.7336081862449646,0.4254603385925293,0.038580622524023056,0.7137381434440613,0.4266410768032074,0.011515761725604534,0.7087270021438599,0.4273025691509247,0.008737079799175262,0.6976912021636963,0.5095691680908203,0.008783413097262383,0.7291517853736877,0.4764034152030945,0.041032154113054276,0.6831067204475403,0.5617089867591858,0.019355792552232742,0.6964901685714722,0.5481950044631958,0.03542758524417877,0.7021346688270569,0.5403151512145996,0.0440206378698349,0.7035951614379883,0.4266967177391052,0.006982028018683195,0.6986244916915894,0.4254501461982727,0.006570660509169102,0.6954388618469238,0.42480358481407166,0.0069669997319579124,0.7325852513313293,0.41064319014549255,0.030675122514367104,0.6992960572242737,0.4166633188724518,0.005196785554289818,0.7046736478805542,0.41360387206077576,0.005237358156591654,0.7103533148765564,0.41317474842071533,0.006929933093488216,0.7155038118362427,0.41482654213905334,0.009980887174606323,0.718393087387085,0.41732776165008545,0.012996264733374119,0.7352562546730042,0.40235230326652527,0.06525766104459763,0.7169190645217896,0.4251372516155243,0.014407484792172909,0.6962516903877258,0.4902828335762024,-0.0025096179451793432,0.6934701204299927,0.4747348725795746,-0.013286486268043518,0.6877524852752686,0.4882916808128357,-0.011094234883785248,0.7059223651885986,0.5327577590942383,0.035191748291254044,0.6998510956764221,0.5412801504135132,0.02781297080218792,0.6854324340820312,0.5574342608451843,0.011554942466318607,0.7140564322471619,0.5164663791656494,0.06781492382287979,0.6956377625465393,0.4211765229701996,0.005943897645920515,0.6905913949012756,0.4429619610309601,-0.01506028976291418,0.6906343698501587,0.5557214617729187,0.02651485800743103,0.7281566262245178,0.47781601548194885,0.062479306012392044,0.6873806715011597,0.5066401958465576,-0.000962692080065608,0.6884531378746033,0.5102429986000061,-0.0012882957234978676,0.6893026232719421,0.5148682594299316,-0.0015913336537778378,0.6897258758544922,0.520342230796814,-4.606776201399043e-05,0.6904817819595337,0.5280388593673706,0.006107623223215342,0.6957313418388367,0.5048642754554749,0.005889272317290306,0.6971168518066406,0.5038503408432007,0.006373977288603783,0.6982544660568237,0.5027226805686951,0.006697585806250572,0.7037282586097717,0.5004211068153381,0.00882581528276205,0.724359393119812,0.482089102268219,0.025974011048674583,0.689666748046875,0.4340890645980835,-0.010072857141494751,0.6908605694770813,0.41648703813552856,-0.0005079859984107316,0.6936541199684143,0.41774672269821167,0.0035807164385914803,0.6941743493080139,0.505824089050293,0.006518119014799595,0.72087162733078,0.5006349682807922,0.03747645020484924,0.6872384548187256,0.4163018465042114,-0.010015150532126427,0.6925925016403198,0.5353972315788269,0.010775367729365826,0.68770831823349,0.43899476528167725,-0.02116882987320423,0.6936763525009155,0.4558817446231842,-0.01287704799324274,0.6848431825637817,0.5409736633300781,0.005516310688108206,0.7040080428123474,0.5190920829772949,0.018354356288909912,0.7014875411987305,0.4764306843280792,0.003368406556546688,0.6985834240913391,0.5281549096107483,0.014980336651206017,0.715385377407074,0.47586074471473694,0.00952172465622425,0.7068411707878113,0.4848196804523468,0.006707245483994484,0.7178624272346497,0.4886045753955841,0.016907894983887672,0.6859773397445679,0.5503581762313843,0.007327600382268429,0.6953160166740417,0.46007707715034485,-0.007019499782472849,0.7068914175033569,0.5248521566390991,0.02633899450302124,0.700333833694458,0.5342458486557007,0.02131308801472187,0.7092733979225159,0.5089588165283203,0.019531236961483955,0.7256656289100647,0.49007275700569153,0.04382918402552605,0.7146033048629761,0.5100728273391724,0.027599425986409187,0.7241489291191101,0.49469462037086487,0.06058560684323311,0.709862232208252,0.494981050491333,0.011768251657485962,0.6928332448005676,0.4480929374694824,-0.008894125930964947,0.694344162940979,0.4725245535373688,-0.020851531997323036,0.6957139372825623,0.47398653626441956,-0.013262336142361164,0.6936273574829102,0.4673883616924286,-0.02633848786354065,0.6959229111671448,0.4074166715145111,-0.0017576452810317278,0.7061727046966553,0.40194082260131836,-0.0008218419388867915,0.7149806618690491,0.40169909596443176,0.0021408770699054003,0.7215880155563354,0.4041363596916199,0.007114090491086245,0.7253462672233582,0.40842700004577637,0.012684625573456287,0.7259408235549927,0.42265012860298157,0.02463395707309246,0.7337654829025269,0.442020058631897,0.05993451550602913,0.722773015499115,0.43506428599357605,0.01951502077281475,0.7175464034080505,0.4378676116466522,0.014187075197696686,0.709965705871582,0.4380665421485901,0.009637435898184776,0.7025092840194702,0.4362305998802185,0.0063217924907803535,0.6968548893928528,0.43363243341445923,0.004002769477665424,0.6930890679359436,0.4310492277145386,0.0023248468060046434,0.7286561727523804,0.4395507872104645,0.08425503969192505,0.6946617960929871,0.4757648706436157,-0.010092459619045258,0.6915463209152222,0.4508167505264282,-0.019029313698410988,0.6919674277305603,0.4732118546962738,-0.026861565187573433,0.6882565021514893,0.4769405424594879,-0.024944402277469635,0.6910900473594666,0.47442278265953064,-0.023701902478933334,0.6928020119667053,0.47789591550827026,-0.008333875797688961,0.6876637935638428,0.47775691747665405,-0.026761960238218307,0.6860470175743103,0.47928857803344727,-0.019374554976820946,0.6922572255134583,0.4243908226490021,0.00474892184138298,0.6900972127914429,0.42628610134124756,2.3499260350945406e-05,0.6893386244773865,0.4280778467655182,-0.0047425031661987305,0.7198775410652161,0.4191736578941345,0.015808213502168655,0.7237299084663391,0.41548430919647217,0.016685916110873222,0.6433536410331726,0.41572314500808716,-0.008179856464266777,0.650321900844574,0.41589638590812683,-0.008179856464266777,0.643532395362854,0.40679851174354553,-0.008179856464266777,0.6362290382385254,0.4154878854751587,-0.008179856464266777,0.6431414484977722,0.424674928188324,-0.008179856464266777,0.7057487964630127,0.42035412788391113,0.009981104172766209,0.7127623558044434,0.4205175042152405,0.009981104172766209,0.7058896422386169,0.41195932030677795,0.009981104172766209,0.6986915469169617,0.420176237821579,0.009981104172766209,0.7056751847267151,0.4287584125995636,0.009981104172766209
1433.3333333333328,0.6758301854133606,0.4969620108604431,-0.014547158032655716,0.6822860240936279,0.47564461827278137,-0.032441288232803345,0.6791825294494629,0.482153058052063,-0.015681732445955276,0.6761949062347412,0.44770920276641846,-0.028110980987548828,0.6829208731651306,0.46749231219291687,-0.035188231617212296,0.6824492812156677,0.4563179612159729,-0.03358829393982887,0.6799823045730591,0.42798954248428345,-0.020030811429023743,0.6300073266029358,0.41812238097190857,-0.00645744614303112,0.6796646118164062,0.40640342235565186,-0.018046794459223747,0.6802289485931396,0.39492547512054443,-0.020619377493858337,0.6806010603904724,0.3468835949897766,-0.01787271536886692,0.6756433248519897,0.501035213470459,-0.013545849360525608,0.6752180457115173,0.5051051378250122,-0.011262098327279091,0.6747586131095886,0.5076059699058533,-0.007910221815109253,0.6746090650558472,0.5076366066932678,-0.006827871315181255,0.6746675968170166,0.51277756690979,-0.007033827714622021,0.6745326519012451,0.5188733339309692,-0.007704361341893673,0.6741535067558289,0.5249793529510498,-0.005945706274360418,0.6744795441627502,0.5330928564071655,0.0012969480594620109,0.6812223196029663,0.4794518053531647,-0.02896178513765335,0.6744363307952881,0.47858384251594543,-0.02158658765256405,0.5965220332145691,0.3777957260608673,0.01357825007289648,0.6493960618972778,0.42855772376060486,-0.008566335774958134,0.6423280835151672,0.4291497468948364,-0.00951125007122755,0.6355209350585938,0.4278838336467743,-0.009108629077672958,0.6268042922019958,0.42052721977233887,-0.005846329499036074,0.6554068326950073,0.42629918456077576,-0.0065893554128706455,0.6397498846054077,0.40087610483169556,-0.014228480868041515,0.6477011442184448,0.40237733721733093,-0.012532224878668785,0.6325673460960388,0.4021885395050049,-0.013313856907188892,0.6278536319732666,0.40538159012794495,-0.011368103325366974,0.6201313138008118,0.42566412687301636,-0.0031179001089185476,0.649495005607605,0.5446202158927917,0.00412416085600853,0.6274542808532715,0.41449567675590515,-0.005039662588387728,0.5948494672775269,0.41717085242271423,0.019646594300866127,0.6112924218177795,0.4179755449295044,0.0010021892376244068,0.6441898345947266,0.4641667902469635,-0.01088565681129694,0.6677422523498535,0.49451664090156555,-0.015688249841332436,0.6676899790763855,0.5042706727981567,-0.012133272364735603,0.6590753793716431,0.4970497488975525,-0.013897385448217392,0.6529653668403625,0.499593585729599,-0.010514305904507637,0.6608189344406128,0.5038831830024719,-0.011347802355885506,0.6552442312240601,0.5038382411003113,-0.008057954721152782,0.6450263261795044,0.5152088403701782,-0.00041307476931251585,0.677263081073761,0.47522738575935364,-0.03291497007012367,0.6770949959754944,0.467352956533432,-0.035619452595710754,0.6176400184631348,0.3980602025985718,-0.012824139557778835,0.6578783392906189,0.44371122121810913,-0.011466862633824348,0.6608743071556091,0.47093600034713745,-0.021234508603811264,0.6599432229995728,0.46619299054145813,-0.01981271803379059,0.6219621896743774,0.4614599943161011,-0.007887603715062141,0.6767811179161072,0.4568696916103363,-0.03312259167432785,0.6360622048377991,0.39127209782600403,-0.020511075854301453,0.6255739331245422,0.3930138051509857,-0.017650842666625977,0.6066327691078186,0.3636849522590637,0.0014918558299541473,0.6662707328796387,0.40360406041145325,-0.01933472417294979,0.6544623970985413,0.40687257051467896,-0.009155387058854103,0.640487015247345,0.5067234635353088,-0.0013905325904488564,0.5968302488327026,0.49718672037124634,0.045694805681705475,0.6650899648666382,0.4757634103298187,-0.017280342057347298,0.6698932647705078,0.4783981740474701,-0.015909478068351746,0.6449617743492126,0.5035402774810791,-0.0011296194279566407,0.6465688347816467,0.5038943290710449,-0.0020769743714481592,0.6213394999504089,0.386349618434906,-0.01599571481347084,0.6598452925682068,0.473933607339859,-0.017346445471048355,0.6496800184249878,0.3943614363670349,-0.021185342222452164,0.6487763524055481,0.38698095083236694,-0.023407114669680595,0.6405411958694458,0.3473813235759735,-0.018025096505880356,0.6148282289505005,0.3754018247127533,-0.00892636738717556,0.6461091637611389,0.36709535121917725,-0.021407948806881905,0.6126148104667664,0.3926948308944702,-0.00882345624268055,0.6048392057418823,0.38628509640693665,0.0014696837170049548,0.667607307434082,0.49981772899627686,-0.0147043252363801,0.6599498391151428,0.5006723403930664,-0.012911554425954819,0.6540623903274536,0.5017423629760742,-0.009782640263438225,0.6662954092025757,0.47716957330703735,-0.015286405570805073,0.6457805037498474,0.5037224888801575,-0.0015616461168974638,0.6492863893508911,0.5070109963417053,-0.003846654435619712,0.64741450548172,0.5040991306304932,-0.0020904168486595154,0.6689680218696594,0.47406113147735596,-0.02601657807826996,0.6561006903648376,0.5053055286407471,-0.006485551130026579,0.6615842580795288,0.5059571266174316,-0.0082227298989892,0.6678935289382935,0.5068264007568359,-0.009006200358271599,0.6659489274024963,0.5322665572166443,-0.00021419730910565704,0.6660605072975159,0.5238301753997803,-0.007528219372034073,0.6666606664657593,0.5176522731781006,-0.009109050035476685,0.6672912836074829,0.5116041898727417,-0.008329161442816257,0.6678318381309509,0.5069496035575867,-0.007963872514665127,0.6560346484184265,0.5055412650108337,-0.00564359687268734,0.65493243932724,0.5075802206993103,-0.006122031714767218,0.6535511016845703,0.510517418384552,-0.006756524555385113,0.6523890495300293,0.5138840675354004,-0.005665336735546589,0.6500563621520996,0.4940427839756012,-0.009824324399232864,0.5893455743789673,0.452949196100235,0.04897312447428703,0.680223822593689,0.4808850586414337,-0.020486215129494667,0.6518781185150146,0.5049357414245605,-0.0035548703745007515,0.6506558656692505,0.5058453679084778,-0.003828747197985649,0.6716820597648621,0.48151373863220215,-0.015600769780576229,0.6610075235366821,0.478405624628067,-0.011334726586937904,0.6708470582962036,0.48001766204833984,-0.015938837081193924,0.6504658460617065,0.44785797595977783,-0.010344731621444225,0.6390010118484497,0.4527958333492279,-0.010212324559688568,0.6581716537475586,0.4693498909473419,-0.016084982082247734,0.6210156679153442,0.35324740409851074,-0.00973573699593544,0.6281866431236267,0.36850613355636597,-0.016230620443820953,0.6337615251541138,0.3837655484676361,-0.02072431705892086,0.6503947973251343,0.522111177444458,-0.0013690125197172165,0.6647888422012329,0.39164647459983826,-0.023158898577094078,0.6627954840660095,0.3682250678539276,-0.02257711999118328,0.6596817374229431,0.3455939292907715,-0.020551612600684166,0.6298863887786865,0.42509564757347107,-0.0075710127130150795,0.6119632720947266,0.4311593770980835,-0.00047378859017044306,0.659298300743103,0.42424479126930237,-0.005364424083381891,0.6203627586364746,0.4086824059486389,-0.007566631771624088,0.6631052494049072,0.4389133155345917,-0.013260383158922195,0.6653932929039001,0.46873530745506287,-0.02678585983812809,0.6030764579772949,0.43658167123794556,0.0052734194323420525,0.6172800064086914,0.4388505518436432,-0.004709278699010611,0.6267080903053284,0.44366440176963806,-0.008269245736300945,0.6401036381721497,0.44359248876571655,-0.008561238646507263,0.6498573422431946,0.44060948491096497,-0.008225924335420132,0.6570727229118347,0.4370625913143158,-0.008763991296291351,0.673663854598999,0.4294554591178894,-0.019042812287807465,0.6038818359375,0.45532798767089844,0.005266706924885511,0.6139560341835022,0.40680989623069763,-0.006178279872983694,0.6781952381134033,0.47912412881851196,-0.02943137101829052,0.6594058871269226,0.4525107443332672,-0.013072192668914795,0.5882812142372131,0.4135447144508362,0.03971366211771965,0.6627454161643982,0.43318790197372437,-0.0091318991035223,0.656420886516571,0.46925055980682373,-0.009682939387857914,0.6244553923606873,0.4145760238170624,-0.0044022235088050365,0.6645663976669312,0.4629715383052826,-0.024926498532295227,0.591783344745636,0.4745676815509796,0.048869047313928604,0.6591790318489075,0.42100799083709717,-0.004405090119689703,0.6706439852714539,0.45911338925361633,-0.030295144766569138,0.6174825429916382,0.5226669311523438,0.01845482550561428,0.6147431135177612,0.5305516719818115,0.03006904572248459,0.5942804217338562,0.45472925901412964,0.026577716693282127,0.6075943112373352,0.5097624659538269,0.023111026734113693,0.59923255443573,0.40026724338531494,0.012057382613420486,0.6475403904914856,0.5525075793266296,0.008191225118935108,0.6778924465179443,0.4804510176181793,-0.020551342517137527,0.6529005169868469,0.4579099118709564,-0.011206830851733685,0.6042497158050537,0.41810962557792664,0.005958059802651405,0.6368094086647034,0.42321181297302246,-0.008776092901825905,0.6427410244941711,0.42448508739471436,-0.00919141061604023,0.6480530500411987,0.5084233283996582,-0.0030639704782515764,0.6043285131454468,0.4727103114128113,0.009460430592298508,0.6580803394317627,0.5633440613746643,0.012894933111965656,0.637061595916748,0.5509880781173706,0.01936703734099865,0.6270206570625305,0.5428106784820557,0.023854659870266914,0.6806007027626038,0.3700641691684723,-0.02008771151304245,0.6706717610359192,0.5648025274276733,0.014366474002599716,0.6486019492149353,0.4238277077674866,-0.008293481543660164,0.6542184352874756,0.4222494661808014,-0.0065371631644666195,0.6576887965202332,0.42157217860221863,-0.004808902740478516,0.6078197956085205,0.4034171998500824,-0.0010882880305871367,0.6526419520378113,0.4123522639274597,-0.008270586840808392,0.6464952826499939,0.40858474373817444,-0.010473701171576977,0.6405075192451477,0.40771234035491943,-0.011386474594473839,0.6346659064292908,0.40897420048713684,-0.010850390419363976,0.6311623454093933,0.41122135519981384,-0.009305099956691265,0.5908607244491577,0.39356958866119385,0.027646267786622047,0.6327921748161316,0.4208027124404907,-0.007640269119292498,0.6785721778869629,0.4882689118385315,-0.01365109346807003,0.6575506925582886,0.4899476170539856,-0.011960671283304691,0.6654187440872192,0.47469788789749146,-0.01976432465016842,0.670429527759552,0.4884316027164459,-0.014978437684476376,0.6792510747909546,0.416519433259964,-0.016669176518917084,0.6277696490287781,0.5344281792640686,0.015723183751106262,0.6372988820075989,0.5435382127761841,0.01241815835237503,0.6593550443649292,0.5587500929832458,0.005320711061358452,0.6048724055290222,0.5161206126213074,0.03836100921034813,0.6571552753448486,0.4176957607269287,-0.006106352899223566,0.6695507764816284,0.4427126944065094,-0.020423030480742455,0.6724056005477905,0.5603189468383789,0.007022921461611986,0.6473225355148315,0.5582646131515503,0.01461358554661274,0.5959605574607849,0.4740855097770691,0.028160877525806427,0.6615579128265381,0.5061666369438171,-0.00726278405636549,0.6605297327041626,0.5097171068191528,-0.007828525267541409,0.6595315933227539,0.5143514275550842,-0.008512018248438835,0.6587203741073608,0.5198622345924377,-0.007289855740964413,0.6573830842971802,0.5281124114990234,-0.0019930817652493715,0.65058434009552,0.503784716129303,-0.005114041734486818,0.6493365168571472,0.502718448638916,-0.005697360262274742,0.6483209729194641,0.5016238689422607,-0.006214320193976164,0.6440204381942749,0.499660462141037,-0.006441421806812286,0.6151383519172668,0.4791877567768097,-0.0005535618984140456,0.6684828400611877,0.4335663914680481,-0.015683453530073166,0.6645553112030029,0.4152980446815491,-0.00765565549954772,0.6601302623748779,0.4151834547519684,-0.006649709772318602,0.651872992515564,0.5047701001167297,-0.004074750002473593,0.6127297878265381,0.4989240765571594,0.010718279518187046,0.6707334518432617,0.4168204367160797,-0.014372608624398708,0.6528972387313843,0.5362030267715454,0.0017315370496362448,0.6815987825393677,0.446828693151474,-0.028804920613765717,0.6749358177185059,0.4391794502735138,-0.024078572168946266,0.6808125376701355,0.4378783106803894,-0.024257052689790726,0.6649162173271179,0.45543989539146423,-0.019867781549692154,0.6734554171562195,0.5526735782623291,0.002834734506905079,0.674005925655365,0.542481541633606,0.002120563294738531,0.6634145379066467,0.5414066314697266,0.0011436388595029712,0.6381105184555054,0.5191106200218201,0.0026107574813067913,0.6498758792877197,0.4754197597503662,-0.008741435594856739,0.6447069644927979,0.5287781953811646,0.002536061452701688,0.6325173377990723,0.47364187240600586,-0.009467849507927895,0.6426101326942444,0.4835244417190552,-0.008327329531311989,0.6256676912307739,0.4866288900375366,-0.004668225534260273,0.6610293984413147,0.551192581653595,0.0015151280676946044,0.6604209542274475,0.4593757092952728,-0.015752354636788368,0.631369948387146,0.5256472826004028,0.008088849484920502,0.6403328776359558,0.5356789827346802,0.0072510563768446445,0.6331372261047363,0.5082281231880188,0.0004087374545633793,0.6054617762565613,0.48732990026474,0.013749905861914158,0.622998833656311,0.5094433426856995,0.0052880533039569855,0.5996010303497314,0.4922248423099518,0.028058471158146858,0.636359453201294,0.49361684918403625,-0.005908442661166191,0.6644566655158997,0.4474640190601349,-0.016453176736831665,0.6673297882080078,0.4726475477218628,-0.027642253786325455,0.6628444790840149,0.47385817766189575,-0.021036500111222267,0.671036422252655,0.46777400374412537,-0.031703971326351166,0.6597883105278015,0.4071410596370697,-0.011536193080246449,0.6487290859222412,0.40008974075317383,-0.015078633092343807,0.6386783719062805,0.39799660444259644,-0.016540367156267166,0.6301376819610596,0.3991590738296509,-0.015527994371950626,0.6239959597587585,0.40259599685668945,-0.012645244598388672,0.6187853217124939,0.41640228033065796,-0.002527061617001891,0.5936413407325745,0.4358063042163849,0.02310784161090851,0.6243566870689392,0.43047741055488586,-0.005270715802907944,0.6315771341323853,0.43440544605255127,-0.007367775309830904,0.6409534215927124,0.43548470735549927,-0.008096695877611637,0.6497122049331665,0.43389958143234253,-0.007645772770047188,0.6564933657646179,0.4312169849872589,-0.006610463373363018,0.6611801981925964,0.4288456439971924,-0.0063611241057515144,0.5884174108505249,0.43293118476867676,0.046239737421274185,0.6624352335929871,0.4756249487400055,-0.017703823745250702,0.6704595685005188,0.45081642270088196,-0.024500714614987373,0.6724567413330078,0.47380489110946655,-0.031145084649324417,0.6745702028274536,0.4775928556919098,-0.027419472113251686,0.671644926071167,0.47485554218292236,-0.028103386983275414,0.6635617613792419,0.4778171181678772,-0.014698189683258533,0.6761031746864319,0.478497713804245,-0.028771426528692245,0.6758684515953064,0.47989362478256226,-0.021053889766335487,0.6616389155387878,0.4217083752155304,-0.004425331484526396,0.6649170517921448,0.4244706630706787,-0.006898022256791592,0.6671470403671265,0.4269504249095917,-0.010481595993041992,0.6291433572769165,0.4129827618598938,-0.0074987867847085,0.6247274279594421,0.40929847955703735,-0.008101708255708218,0.686124861240387,0.44811397790908813,-0.02502245269715786,0.7171804308891296,0.4232170283794403,0.015916503965854645,0.6849769949913025,0.47892841696739197,-0.019177911803126335,0.7341104745864868,0.38757428526878357,0.048110924661159515,0.7003189325332642,0.4307284951210022,0.005848931148648262,0.7064703702926636,0.43140894174575806,0.007816595025360584,0.7121773362159729,0.4311099052429199,0.010919415391981602,0.7187723517417908,0.42578980326652527,0.01785818487405777,0.6952546238899231,0.428835391998291,0.004777573049068451,0.7107959389686584,0.4061136841773987,0.003944022580981255,0.7033520340919495,0.4066683053970337,0.0018275181064382195,0.7170156240463257,0.40816402435302734,0.007655756082385778,0.7204724550247192,0.4119087755680084,0.01127627957612276,0.7231736183166504,0.4309629201889038,0.022409459576010704,0.692491888999939,0.5434409976005554,0.014464331790804863,0.719016432762146,0.4205716848373413,0.01838178187608719,0.733373761177063,0.4248882830142975,0.05455863103270531,0.7279598712921143,0.42434898018836975,0.029703538864850998,0.7050321698188782,0.4662560820579529,0.0035979191306978464,0.683265209197998,0.49499109387397766,-0.01188704650849104,0.6818180084228516,0.5047633647918701,-0.008639857172966003,0.689963161945343,0.49765026569366455,-0.006071591284126043,0.6941260099411011,0.5005736947059631,0.00015147631347645074,0.6871856451034546,0.5046928524971008,-0.0045789205469191074,0.6912595629692078,0.5049538016319275,0.0009378860704600811,0.6982475519180298,0.5155737996101379,0.013100093230605125,0.6866089105606079,0.4754713475704193,-0.030929312109947205,0.6879622340202332,0.4677199423313141,-0.033250898122787476,0.7278867959976196,0.405270516872406,0.014168895781040192,0.6938849091529846,0.44532495737075806,-0.0019091303693130612,0.6954135298728943,0.4719121754169464,-0.012209155596792698,0.6954297423362732,0.46727508306503296,-0.010522552765905857,0.7212402820587158,0.46503663063049316,0.016080040484666824,0.6872522830963135,0.4572226405143738,-0.030114376917481422,0.717086136341095,0.39637213945388794,-0.0018522123573347926,0.7240296006202698,0.3995439410209656,0.005687875673174858,0.7315379977226257,0.3733212649822235,0.03246278688311577,0.6913843750953674,0.40216773748397827,-0.013195240870118141,0.6968100666999817,0.41032105684280396,0.0025170608423650265,0.7027506828308105,0.5074096918106079,0.01497004833072424,0.7178846001625061,0.4994204342365265,0.07788794487714767,0.6908783316612244,0.47643378376960754,-0.010665429756045341,0.686828076839447,0.47891557216644287,-0.012590033002197742,0.6990645527839661,0.5054912567138672,0.01302835252135992,0.6975349187850952,0.5056903958320618,0.010425686836242676,0.7263885736465454,0.3938941955566406,0.00890438724309206,0.6945180296897888,0.4748385548591614,-0.008528940379619598,0.7066653966903687,0.39617660641670227,-0.008400285616517067,0.7079787254333496,0.3892923593521118,-0.010222332552075386,0.7136200070381165,0.3537813425064087,-0.00032615274540148675,0.7292905449867249,0.3837144374847412,0.018636232241988182,0.7104714512825012,0.3724527955055237,-0.006211699917912483,0.7301064133644104,0.4007324278354645,0.020079830661416054,0.7326835989952087,0.3949384093284607,0.03276338800787926,0.6827941536903381,0.5003498792648315,-0.01092672161757946,0.6886599659919739,0.5014687180519104,-0.005592053756117821,0.6928175091743469,0.5028126835823059,-2.4800450773909688e-05,0.6893702149391174,0.4776943325996399,-0.009878064505755901,0.6982893347740173,0.5055971145629883,0.01151660643517971,0.6954821944236755,0.508556604385376,0.007267721928656101,0.6966920495033264,0.5058222413063049,0.01005231961607933,0.6902890801429749,0.4747600853443146,-0.01987597905099392,0.6898447871208191,0.5064476728439331,0.0020494551863521338,0.6857695579528809,0.5068129897117615,-0.0018646023236215115,0.6807541847229004,0.5073108673095703,-0.005443715490400791,0.6816726922988892,0.5322145223617554,0.0031445282511413097,0.6814960241317749,0.5241836309432983,-0.003812405513599515,0.6815353035926819,0.5179879665374756,-0.005229036323726177,0.6811902523040771,0.5119646191596985,-0.0044908528216183186,0.6805856227874756,0.5073092579841614,-0.004333630669862032,0.6897715926170349,0.5065352916717529,0.002890454139560461,0.6909493803977966,0.5087082386016846,0.002427023136988282,0.6922091841697693,0.5117035508155823,0.0021372362971305847,0.6930789351463318,0.5150828957557678,0.0038468032144010067,0.6990085244178772,0.4948180615901947,0.0024474654346704483,0.7255300879478455,0.4585913419723511,0.08482623845338821,0.6929037570953369,0.5062476396560669,0.007106770761311054,0.6942051649093628,0.5073012709617615,0.006865332834422588,0.6852647066116333,0.48192206025123596,-0.012308737263083458,0.6921179294586182,0.47912922501564026,-0.004363944288343191,0.6860005855560303,0.48050251603126526,-0.012740859761834145,0.699400782585144,0.44991201162338257,0.002374935895204544,0.7089707255363464,0.45558011531829834,0.0069092814810574055,0.6954821348190308,0.47042644023895264,-0.006512924563139677,0.7253118753433228,0.3618648648262024,0.015547579154372215,0.7223039865493774,0.37588849663734436,0.005894705653190613,0.7189624309539795,0.389555424451828,-0.000973790418356657,0.694087028503418,0.5220854878425598,0.009685773402452469,0.6938642859458923,0.3907139003276825,-0.01650875061750412,0.6970469355583191,0.37107473611831665,-0.01467608381062746,0.699297308921814,0.34911108016967773,-0.01162414439022541,0.7165054678916931,0.4292950928211212,0.014743783511221409,0.7287046313285828,0.43662741780281067,0.027883239090442657,0.6920447945594788,0.42689767479896545,0.004775100853294134,0.7245914340019226,0.41530466079711914,0.018397735431790352,0.6905878782272339,0.4402010142803192,-0.005612490698695183,0.6938794851303101,0.4696786403656006,-0.019470367580652237,0.7317754626274109,0.4425084590911865,0.03732815384864807,0.726568877696991,0.4431403577327728,0.02193421870470047,0.720547080039978,0.44688844680786133,0.014370114542543888,0.7094905376434326,0.4459781050682068,0.008709458634257317,0.7009856700897217,0.4425841271877289,0.004927786998450756,0.6950008273124695,0.4390178918838501,0.0011336618335917592,0.6849910616874695,0.4300689697265625,-0.015812480822205544,0.7306525111198425,0.4602854549884796,0.03713923692703247,0.7281648516654968,0.4136926829814911,0.02229803428053856,0.6838971972465515,0.479235976934433,-0.027830075472593307,0.6934327483177185,0.4538750946521759,-0.003818727331236005,0.7311649322509766,0.421692430973053,0.07670087367296219,0.6906974911689758,0.43499356508255005,-0.001405172748491168,0.6951720714569092,0.47039341926574707,-0.00014093596837483346,0.7209661602973938,0.420806884765625,0.02021722123026848,0.6935263276100159,0.46395549178123474,-0.017475828528404236,0.7222843766212463,0.47851479053497314,0.08325707912445068,0.6916160583496094,0.4237525165081024,0.006168118678033352,0.6908345222473145,0.4597899615764618,-0.024924911558628082,0.7117818593978882,0.522398054599762,0.04210760444402695,0.7080613374710083,0.5296054482460022,0.05442389100790024,0.7307518720626831,0.46015867590904236,0.061443500220775604,0.7180382013320923,0.5110048055648804,0.05104774236679077,0.733323335647583,0.40870344638824463,0.045453693717718124,0.692107081413269,0.5508619546890259,0.019462348893284798,0.6823455691337585,0.4806182086467743,-0.019567353650927544,0.6977856755256653,0.4595736563205719,0.00013507110998034477,0.7311066389083862,0.42528674006462097,0.037518277764320374,0.7117825746536255,0.4264618456363678,0.010879261419177055,0.7066082954406738,0.42697834968566895,0.00817842222750187,0.6965307593345642,0.5100502967834473,0.008843312971293926,0.7279291749000549,0.4766467213630676,0.040238361805677414,0.6814554929733276,0.5622395873069763,0.019155211746692657,0.6950861811637878,0.5487170219421387,0.03508446365594864,0.7008882164955139,0.5407050848007202,0.04362080991268158,0.7013416886329651,0.42628511786460876,0.006501131225377321,0.696293830871582,0.42503833770751953,0.006141850259155035,0.693102240562439,0.42442798614501953,0.006557859014719725,0.730462908744812,0.41101524233818054,0.029588080942630768,0.6970881819725037,0.4164608418941498,0.004752849228680134,0.702617883682251,0.41350051760673523,0.004694477654993534,0.7085105180740356,0.413150817155838,0.006295140367001295,0.7137559056282043,0.4148106873035431,0.00926276296377182,0.7166487574577332,0.4172590374946594,0.012250295840203762,0.7339420318603516,0.40289756655693054,0.06391552835702896,0.715040385723114,0.42501863837242126,0.01369788683950901,0.6944094300270081,0.4906451404094696,-0.002586518181487918,0.6914985179901123,0.47544917464256287,-0.013400476425886154,0.6857307553291321,0.48876291513442993,-0.011068039573729038,0.7046184539794922,0.5330933928489685,0.03487139940261841,0.698407769203186,0.5417386293411255,0.027556974440813065,0.6836511492729187,0.5578130483627319,0.011442725546658039,0.7132390141487122,0.5167380571365356,0.06712447851896286,0.693379282951355,0.4209030270576477,0.0055314586497843266,0.6885544657707214,0.4435569941997528,-0.015252266079187393,0.6890982389450073,0.5563064217567444,0.026227755472064018,0.7273449897766113,0.47819602489471436,0.06158307567238808,0.685644268989563,0.506849467754364,-0.0008232366526499391,0.6866682767868042,0.5104524493217468,-0.0011692168191075325,0.6874898672103882,0.5151028633117676,-0.0015018784906715155,0.6879093647003174,0.520598828792572,-5.9551412050495856e-06,0.6886561512947083,0.5279371738433838,0.006011847406625748,0.6945434808731079,0.5052434206008911,0.00599713996052742,0.6959518790245056,0.5042308568954468,0.006454215385019779,0.697104811668396,0.5031092762947083,0.006745300721377134,0.7020716071128845,0.500515341758728,0.00877239927649498,0.7229098677635193,0.482236385345459,0.025329135358333588,0.6876955032348633,0.43457886576652527,-0.010324605740606785,0.6886952519416809,0.41684243083000183,-0.0007789887604303658,0.6914597153663635,0.4178067147731781,0.00321857794187963,0.6929479837417603,0.5061991810798645,0.0066465940326452255,0.7196532487869263,0.500786542892456,0.036913514137268066,0.6853028535842896,0.4171253740787506,-0.01025380752980709,0.6907726526260376,0.5354567766189575,0.010607525706291199,0.685645341873169,0.43965601921081543,-0.021334059536457062,0.6916411519050598,0.45648813247680664,-0.013046115636825562,0.6829308867454529,0.5409825444221497,0.005391083657741547,0.7023775577545166,0.5190752744674683,0.018226366490125656,0.699695885181427,0.47672972083091736,0.00313563528470695,0.6968607902526855,0.5281829833984375,0.014836015179753304,0.7135934233665466,0.47605574131011963,0.00906562153249979,0.7050266861915588,0.48503056168556213,0.0064530870877206326,0.7162560224533081,0.48870667815208435,0.016500620171427727,0.6841028332710266,0.5505375862121582,0.007196236401796341,0.6934103965759277,0.4605673849582672,-0.0072084893472492695,0.7053852081298828,0.5249928832054138,0.026090512052178383,0.6987274289131165,0.5345041751861572,0.021114282310009003,0.7076785564422607,0.5089508891105652,0.01931743137538433,0.7245414853096008,0.4903181195259094,0.043135691434144974,0.7131892442703247,0.5101489424705505,0.027241338044404984,0.7233378291130066,0.4950581192970276,0.059814661741256714,0.7081795930862427,0.49504417181015015,0.011526205576956272,0.6908443570137024,0.448594331741333,-0.00911057647317648,0.6922110319137573,0.47341087460517883,-0.02097783237695694,0.6937958002090454,0.4746919572353363,-0.013404350727796555,0.6913816928863525,0.4683873951435089,-0.026480654254555702,0.6940093040466309,0.40828144550323486,-0.0021164158824831247,0.7045814990997314,0.40322867035865784,-0.0013813584810122848,0.7135753035545349,0.40305769443511963,0.0014099747641012073,0.72020423412323,0.40535664558410645,0.006243151146918535,0.7237997651100159,0.40937554836273193,0.011752307415008545,0.7239116430282593,0.42264023423194885,0.023710692301392555,0.7328222990036011,0.44247323274612427,0.05882420763373375,0.7208335995674133,0.4349578022956848,0.01875392720103264,0.7155930995941162,0.43780896067619324,0.013517139479517937,0.7078630328178406,0.4379173219203949,0.009090322069823742,0.7002435922622681,0.4359862506389618,0.00594302685931325,0.6945691108703613,0.4334534704685211,0.0036544078029692173,0.6908273696899414,0.4310048222541809,0.002039782702922821,0.7279103398323059,0.4399034082889557,0.08304545283317566,0.6928306221961975,0.4763593375682831,-0.010228599421679974,0.68940669298172,0.4515507221221924,-0.019187886267900467,0.6896960139274597,0.474206805229187,-0.026929518207907677,0.6860287189483643,0.4778185486793518,-0.024956464767456055,0.6888707280158997,0.4753274619579315,-0.02377030812203884,0.6909997463226318,0.4784160256385803,-0.008437324315309525,0.6853935718536377,0.4786780774593353,-0.026756364852190018,0.683849573135376,0.4800834059715271,-0.0193661879748106,0.6899743676185608,0.42422959208488464,0.004423167556524277,0.6878659725189209,0.4264097213745117,-0.0002354462631046772,0.6873013377189636,0.4284943640232086,-0.005018485710024834,0.7181123495101929,0.41908568143844604,0.015019725076854229,0.7219516634941101,0.4158211648464203,0.01583784632384777,0.6415824294090271,0.41607028245925903,-0.007815057411789894,0.6484662294387817,0.41622379422187805,-0.007815057411789894,0.6417943239212036,0.4067704677581787,-0.007815057411789894,0.6345206499099731,0.41586247086524963,-0.007815057411789894,0.6413329243659973,0.42536771297454834,-0.007815057411789894,0.7038806080818176,0.4201628863811493,0.009389345534145832,0.71087646484375,0.420307457447052,0.009389345534145832,0.7040600776672363,0.4120194911956787,0.009389345534145832,0.6968649625778198,0.4199974834918976,0.009389345534145832,0.7037841081619263,0.42835354804992676,0.009389345534145832
1466.666666666666,0.6737695932388306,0.49764710664749146,-0.015122535638511181,0.6793665885925293,0.474550724029541,-0.03302447125315666,0.6765900254249573,0.4811757206916809,-0.016044890508055687,0.6733898520469666,0.4469012916088104,-0.028332840651273727,0.6799793839454651,0.46647560596466064,-0.035782765597105026,0.6795951724052429,0.45541736483573914,-0.03410849720239639,0.6774552464485168,0.4274287819862366,-0.02014658972620964,0.6280961632728577,0.41740182042121887,-0.005336625035852194,0.6772155165672302,0.4059341251850128,-0.018092123791575432,0.6777651309967041,0.3945102393627167,-0.020675109699368477,0.6783460974693298,0.34703850746154785,-0.01775413192808628,0.6735538244247437,0.5015739798545837,-0.01412877906113863,0.6731152534484863,0.5054428577423096,-0.011808840557932854,0.672644853591919,0.5078221559524536,-0.008420951664447784,0.6724388003349304,0.5078920722007751,-0.0071117449551820755,0.6725139617919922,0.5127578377723694,-0.007333079818636179,0.6723940372467041,0.5184810161590576,-0.007945108227431774,0.6720336675643921,0.5242589712142944,-0.006032692268490791,0.6721457839012146,0.5333681106567383,0.0015021952567622066,0.678381621837616,0.4783381521701813,-0.02950608730316162,0.6717019081115723,0.477485328912735,-0.02189025469124317,0.5949683785438538,0.37767481803894043,0.01575653813779354,0.6471225619316101,0.42728090286254883,-0.007892422378063202,0.6402758955955505,0.4278773367404938,-0.008702144026756287,0.6335387825965881,0.4268416166305542,-0.008161327801644802,0.624732255935669,0.419880747795105,-0.004659825004637241,0.6529313921928406,0.42520999908447266,-0.006018823478370905,0.6380504369735718,0.40112408995628357,-0.013369773514568806,0.6456841230392456,0.40251249074935913,-0.011850513517856598,0.6310443878173828,0.4023208022117615,-0.012316442094743252,0.6263067722320557,0.40532273054122925,-0.010273062624037266,0.6179959177970886,0.4250354468822479,-0.0018121486064046621,0.6467986106872559,0.5441035032272339,0.0048833624459803104,0.6254564523696899,0.4140678644180298,-0.003837169846519828,0.5931740403175354,0.41669341921806335,0.021734759211540222,0.6093224287033081,0.4175724387168884,0.002549972152337432,0.6415988206863403,0.4634143114089966,-0.010337408632040024,0.6657084822654724,0.49531567096710205,-0.0160699300467968,0.6656201481819153,0.5046414136886597,-0.01251387968659401,0.6570221185684204,0.4976341426372528,-0.014033684507012367,0.6508269309997559,0.4999443292617798,-0.010409212671220303,0.6587244868278503,0.5041823983192444,-0.011534783989191055,0.6530691385269165,0.5039997696876526,-0.008027876727283001,0.6426078677177429,0.5149980783462524,0.0002012675831792876,0.6742891669273376,0.47409892082214355,-0.0334082767367363,0.6740777492523193,0.46631747484207153,-0.03610087186098099,0.6165016889572144,0.39843228459358215,-0.011433261446654797,0.6553428173065186,0.4430478513240814,-0.01112158689647913,0.6580021381378174,0.4699941575527191,-0.021224886178970337,0.6570935845375061,0.46532657742500305,-0.01975117437541485,0.6195582747459412,0.4607129991054535,-0.006791337858885527,0.6738556027412415,0.45595118403434753,-0.033483974635601044,0.6351269483566284,0.3921135663986206,-0.019545460119843483,0.6246467232704163,0.39366140961647034,-0.016430947929620743,0.6046591401100159,0.3635999262332916,0.003372708335518837,0.6643524765968323,0.40398383140563965,-0.019053803756833076,0.6521315574645996,0.406668484210968,-0.008591530844569206,0.6381407976150513,0.5063318014144897,-0.0006874591344967484,0.5955567359924316,0.49621644616127014,0.04794077202677727,0.6623275876045227,0.4747835397720337,-0.01734117791056633,0.667180597782135,0.4774414598941803,-0.016097791492938995,0.6425554752349854,0.5034198760986328,-0.0005867971922270954,0.6441658735275269,0.5037710070610046,-0.0016538925701752305,0.6206030249595642,0.38699132204055786,-0.014695707708597183,0.6570366024971008,0.4730912744998932,-0.01730472780764103,0.6484226584434509,0.3951309621334076,-0.02057119645178318,0.6476829648017883,0.38770729303359985,-0.022801218554377556,0.6380724906921387,0.34743890166282654,-0.017005374655127525,0.6123660206794739,0.3748273551464081,-0.007388029247522354,0.6433359384536743,0.3667600750923157,-0.020629236474633217,0.6115407943725586,0.39296069741249084,-0.007278893142938614,0.6027696132659912,0.38571441173553467,0.0032815425656735897,0.6655528545379639,0.5003992319107056,-0.015094418078660965,0.6578768491744995,0.5011019110679626,-0.01308318693190813,0.6519134044647217,0.5019984245300293,-0.009727994911372662,0.6635714769363403,0.4762325882911682,-0.015354841016232967,0.6433790922164917,0.5036020278930664,-0.001089187921024859,0.6469590663909912,0.5068298578262329,-0.003471537260338664,0.6449986696243286,0.50397127866745,-0.0016866428777575493,0.6661281585693359,0.47292619943618774,-0.026209557428956032,0.6538960337638855,0.5053999423980713,-0.006467376835644245,0.6594581007957458,0.5061681866645813,-0.008401275612413883,0.665793240070343,0.5070735812187195,-0.009358108043670654,0.6634160876274109,0.5324383974075317,0.00013530177238862962,0.6639314889907837,0.5231585502624512,-0.007468434050679207,0.6645126938819885,0.5173142552375793,-0.009168584831058979,0.6651327013969421,0.5116634368896484,-0.008451521396636963,0.6656751036643982,0.507243275642395,-0.008089822717010975,0.6538119912147522,0.5055821537971497,-0.005449613556265831,0.6526986956596375,0.5075136423110962,-0.005917184054851532,0.6513092517852783,0.5102960467338562,-0.006509480532258749,0.6501305103302002,0.5135059356689453,-0.005327505525201559,0.6475200653076172,0.4933386445045471,-0.009569941088557243,0.5882117748260498,0.45227187871932983,0.05152158811688423,0.6774847507476807,0.47979724407196045,-0.02090207301080227,0.6495904922485352,0.5048615336418152,-0.0032022849190980196,0.6483456492424011,0.5057264566421509,-0.003479438368231058,0.6689848899841309,0.480563759803772,-0.015805773437023163,0.6583020687103271,0.4776371419429779,-0.01129765436053276,0.6681366562843323,0.479064017534256,-0.01614169403910637,0.6479135155677795,0.44717735052108765,-0.009825815446674824,0.6364482641220093,0.45209982991218567,-0.009449662640690804,0.6553699374198914,0.4685482084751129,-0.015970803797245026,0.6187082529067993,0.35322001576423645,-0.008266419172286987,0.625457227230072,0.3679640591144562,-0.015043603256344795,0.6329898834228516,0.38456302881240845,-0.01972375437617302,0.6478636264801025,0.5219968557357788,-0.0008144562016241252,0.6631545424461365,0.3921143710613251,-0.02287483401596546,0.6601654887199402,0.3680637776851654,-0.022186091169714928,0.65726238489151,0.34572744369506836,-0.02001652866601944,0.6278699040412903,0.4242335557937622,-0.0064912522211670876,0.6097468137741089,0.4305335581302643,0.0009769912576302886,0.6567042469978333,0.42331287264823914,-0.004836464766412973,0.6187196969985962,0.40854087471961975,-0.006222112569957972,0.6605618596076965,0.43826454877853394,-0.013009713962674141,0.6624770760536194,0.4676996171474457,-0.026918083429336548,0.6009863615036011,0.43591728806495667,0.006967737805098295,0.6150186657905579,0.4381510019302368,-0.003424430266022682,0.6243394613265991,0.44295233488082886,-0.007230787537992001,0.6376575827598572,0.4427666962146759,-0.007767025381326675,0.6473122239112854,0.439726322889328,-0.007636639289557934,0.6544103622436523,0.43624147772789,-0.00833823997527361,0.671072244644165,0.42886996269226074,-0.01899011805653572,0.6018251180648804,0.45455223321914673,0.006903328467160463,0.6123941540718079,0.40673771500587463,-0.004680857062339783,0.6753360629081726,0.4779951870441437,-0.02989942580461502,0.6567838788032532,0.4517676532268524,-0.012824486009776592,0.5871120095252991,0.41324418783187866,0.0422506146132946,0.6600462794303894,0.43246224522590637,-0.008797237649559975,0.6537087559700012,0.4685046672821045,-0.00946181733161211,0.6224849224090576,0.41415613889694214,-0.003117672400549054,0.6616855263710022,0.4620496928691864,-0.02500203438103199,0.5906355977058411,0.4737148880958557,0.05131223052740097,0.6564799547195435,0.420162171125412,-0.003821116639301181,0.6677233576774597,0.4581858515739441,-0.030516691505908966,0.6154214143753052,0.5216606855392456,0.019917353987693787,0.6128672361373901,0.5295102000236511,0.03174366056919098,0.5927002429962158,0.45393145084381104,0.02864644303917885,0.6058255434036255,0.5086970925331116,0.024794233962893486,0.5974403023719788,0.39981192350387573,0.014044107869267464,0.6448709964752197,0.5518924593925476,0.00903319288045168,0.675142765045166,0.4793603718280792,-0.020921263843774796,0.6502854228019714,0.45717620849609375,-0.010844641365110874,0.6022890210151672,0.4176923334598541,0.00770392082631588,0.6350067257881165,0.4219970703125,-0.007822960615158081,0.6408706903457642,0.42308515310287476,-0.00836026668548584,0.6457047462463379,0.5081987380981445,-0.0026304826606065035,0.6023938655853271,0.4718092679977417,0.01106136105954647,0.6555336713790894,0.562981128692627,0.013636867515742779,0.6345962285995483,0.5501869916915894,0.020581752061843872,0.6247828602790833,0.5418710112571716,0.025277061387896538,0.6782243251800537,0.36996397376060486,-0.020059548318386078,0.6683763265609741,0.5646337866783142,0.014803283847868443,0.6464813947677612,0.4224536120891571,-0.007568546570837498,0.651820719242096,0.42105990648269653,-0.005881332792341709,0.6551048755645752,0.4205569922924042,-0.004184147343039513,0.606311559677124,0.403200626373291,0.0005923233111388981,0.6503315567970276,0.41207098960876465,-0.007625122554600239,0.6444498896598816,0.40864303708076477,-0.009754621423780918,0.6386922597885132,0.40790677070617676,-0.01054928544908762,0.6329548358917236,0.4090631306171417,-0.009883711114525795,0.6293634176254272,0.41110295057296753,-0.008248018100857735,0.5895838141441345,0.3934173285961151,0.030040564015507698,0.630962610244751,0.41983675956726074,-0.006586747244000435,0.6760878562927246,0.487315833568573,-0.014040891081094742,0.6548976898193359,0.489163339138031,-0.011867850087583065,0.6626221537590027,0.47365376353263855,-0.01985410414636135,0.667802095413208,0.4874911606311798,-0.015186231583356857,0.6768197417259216,0.41606155037879944,-0.016712989658117294,0.6254273653030396,0.5335016250610352,0.016972200945019722,0.6347780823707581,0.5427275896072388,0.013464958406984806,0.6566891670227051,0.558384120464325,0.005921109579503536,0.6033430695533752,0.5150699615478516,0.04030407592654228,0.654577374458313,0.41706064343452454,-0.005492537282407284,0.6668630838394165,0.4419798254966736,-0.020403074100613594,0.6700085997581482,0.5601996183395386,0.007342030294239521,0.6447319388389587,0.5576686263084412,0.015612345188856125,0.5944401621818542,0.4731367230415344,0.03015439584851265,0.6593858003616333,0.5063697099685669,-0.007231779862195253,0.6583494544029236,0.5097225904464722,-0.007780972868204117,0.6573564410209656,0.5140808820724487,-0.00839069951325655,0.6565398573875427,0.5192997455596924,-0.00705895246937871,0.6547977924346924,0.528144896030426,-0.001522399135865271,0.6482892632484436,0.5037941932678223,-0.0048683215864002705,0.647047221660614,0.5027785301208496,-0.005395460408180952,0.646034300327301,0.5017154216766357,-0.005870966240763664,0.6416168212890625,0.49911046028137207,-0.005951687693595886,0.6130069494247437,0.47831061482429504,0.0006998575991019607,0.6659125089645386,0.4329454302787781,-0.015530048869550228,0.662054181098938,0.41481882333755493,-0.007324164267629385,0.6575563549995422,0.4145708382129669,-0.006147058214992285,0.6495434045791626,0.504741370677948,-0.0038293928373605013,0.6107513308525085,0.49796876311302185,0.0121452109888196,0.6682685017585754,0.41652509570121765,-0.014200164936482906,0.6502634882926941,0.5358999371528625,0.002388163236901164,0.6788588762283325,0.44604212045669556,-0.029183918610215187,0.6722335815429688,0.4384671449661255,-0.024179732427001,0.6781784296035767,0.4371959865093231,-0.024488819763064384,0.6621689200401306,0.45461711287498474,-0.01985100284218788,0.6710363030433655,0.5526258945465088,0.00312225054949522,0.6716281771659851,0.5425655841827393,0.002381982747465372,0.6608098745346069,0.541309654712677,0.0016123029636219144,0.6356498003005981,0.51856929063797,0.0034296929370611906,0.6472323536872864,0.47469356656074524,-0.008373654447495937,0.6421324014663696,0.5283462405204773,0.0032888951245695353,0.6300510168075562,0.4728487730026245,-0.008658843114972115,0.6400840282440186,0.48278555274009705,-0.007794186472892761,0.6233791708946228,0.48579755425453186,-0.003691147780045867,0.6583443880081177,0.5509064197540283,0.0020681878086179495,0.6577010750770569,0.45857304334640503,-0.01562301442027092,0.6289194822311401,0.5248867273330688,0.009142459370195866,0.6377525925636292,0.5350231528282166,0.008160077966749668,0.6307701468467712,0.5075892806053162,0.001314655877649784,0.6036038398742676,0.4863455891609192,0.015349656343460083,0.6207647323608398,0.5086055994033813,0.006438776385039091,0.5980380177497864,0.4911825358867645,0.029961878433823586,0.6339842677116394,0.49292731285095215,-0.005211262498050928,0.6618101596832275,0.44671863317489624,-0.016316059976816177,0.6644453406333923,0.4715251922607422,-0.027828052639961243,0.6600039601325989,0.4728594124317169,-0.021097727119922638,0.66805100440979,0.46670013666152954,-0.031996265053749084,0.6575927138328552,0.40709537267684937,-0.011105185374617577,0.6470078825950623,0.4004717767238617,-0.014402455650269985,0.6373063921928406,0.3983961045742035,-0.01563069224357605,0.6288604140281677,0.3993750214576721,-0.01443149521946907,0.6226018667221069,0.40266498923301697,-0.011400391347706318,0.6168081164360046,0.4160415232181549,-0.0011345393722876906,0.5920038819313049,0.4351733326911926,0.02520485408604145,0.6221670508384705,0.4297652244567871,-0.004093596711754799,0.6293716430664062,0.43355593085289,-0.006363743916153908,0.6386709213256836,0.4344477355480194,-0.007292299531400204,0.6472865343093872,0.43282100558280945,-0.007022662553936243,0.6539017558097839,0.4302680194377899,-0.006122994236648083,0.6585127115249634,0.42802828550338745,-0.005956240464001894,0.587244987487793,0.43244463205337524,0.04881642013788223,0.6596391201019287,0.47470909357070923,-0.017729679122567177,0.6676654815673828,0.449991375207901,-0.0245894156396389,0.6695113182067871,0.4726358652114868,-0.03149580582976341,0.6717656850814819,0.47644153237342834,-0.027809331193566322,0.6687938570976257,0.4736831486225128,-0.02840813808143139,0.660830020904541,0.47696781158447266,-0.014737873338162899,0.6732583045959473,0.47735339403152466,-0.029212480410933495,0.6731221675872803,0.4787902534008026,-0.02138981968164444,0.6589425802230835,0.42091143131256104,-0.003949625417590141,0.6622392535209656,0.423771470785141,-0.006566569209098816,0.6644896864891052,0.42634284496307373,-0.01023102831095457,0.6272220611572266,0.4127146601676941,-0.006366905756294727,0.6230171322822571,0.40907296538352966,-0.006901321932673454,0.6834977865219116,0.44736912846565247,-0.025507954880595207,0.7150620818138123,0.4223390221595764,0.015086591243743896,0.6823028922080994,0.4778580665588379,-0.019677812233567238,0.7332072257995605,0.3878808617591858,0.04721785709261894,0.6978669166564941,0.42937225103378296,0.005266732070595026,0.7040973901748657,0.4301919937133789,0.007109723053872585,0.7099159955978394,0.43007513880729675,0.01012885570526123,0.7167590260505676,0.42506644129753113,0.016988331452012062,0.6927439570426941,0.42739245295524597,0.004346340894699097,0.7090349793434143,0.40630730986595154,0.0032180689740926027,0.7015772461891174,0.40667885541915894,0.001261386787518859,0.7152466177940369,0.4082554876804352,0.0068443152122199535,0.7186837792396545,0.4117395877838135,0.0104216318577528,0.7212498784065247,0.43036511540412903,0.021480616182088852,0.690630316734314,0.5433457493782043,0.01427931897342205,0.7170262336730957,0.42005789279937744,0.017547110095620155,0.7327048778533936,0.4250706136226654,0.05364331603050232,0.7263113260269165,0.4238932132720947,0.028767064213752747,0.7031106352806091,0.4657348692417145,0.0028457276057451963,0.6811254620552063,0.4956924617290497,-0.012571576051414013,0.6795622706413269,0.5050391554832458,-0.009305573999881744,0.6875312328338623,0.4980645775794983,-0.006831254810094833,0.6914328932762146,0.5007646679878235,-0.0006256658816710114,0.6847103238105774,0.5048380494117737,-0.005319822579622269,0.6885451674461365,0.5049865245819092,0.00021487676713149995,0.696620762348175,0.515500545501709,0.012515110895037651,0.6837863326072693,0.4744053781032562,-0.03158586099743843,0.6851513981819153,0.46674129366874695,-0.03393157944083214,0.7268009781837463,0.40453633666038513,0.013227750547230244,0.6918182969093323,0.4448196291923523,-0.002374389674514532,0.6932011246681213,0.47116053104400635,-0.012929437682032585,0.6933037042617798,0.46658289432525635,-0.011214237660169601,0.7195478081703186,0.4646938443183899,0.015009318478405476,0.6845254898071289,0.45636531710624695,-0.03072897344827652,0.7158966064453125,0.39600589871406555,-0.002593676559627056,0.7229844927787781,0.39900627732276917,0.0048143682070076466,0.7304475903511047,0.3736521601676941,0.03158266097307205,0.689497709274292,0.40217286348342896,-0.01350873988121748,0.6949279308319092,0.4099067151546478,0.0020857537165284157,0.7011073231697083,0.5071489214897156,0.014182641170918941,0.7170314192771912,0.4991748332977295,0.0772489458322525,0.6885603666305542,0.47559085488319397,-0.011247938498854637,0.6843953728675842,0.47798776626586914,-0.013041213154792786,0.6959303617477417,0.5053298473358154,0.012308144941926003,0.6944074630737305,0.5055280923843384,0.009754163213074207,0.7255455255508423,0.393057256937027,0.008016991429030895,0.6923856735229492,0.4741474390029907,-0.009202666580677032,0.7051349878311157,0.39607924222946167,-0.00895735900849104,0.706594705581665,0.38901835680007935,-0.010794520378112793,0.7119964361190796,0.35408443212509155,-0.0009360014810226858,0.7280628681182861,0.3838459849357605,0.01780029386281967,0.7087158560752869,0.3725912272930145,-0.006754005327820778,0.7291370034217834,0.3998469114303589,0.0191456601023674,0.7316308617591858,0.395059734582901,0.03190436586737633,0.680576741695404,0.5008424520492554,-0.01162068359553814,0.6861864328384399,0.5017461776733398,-0.006352945696562529,0.690106987953186,0.5029275417327881,-0.0007779622101224959,0.6870331764221191,0.4768581986427307,-0.010395072400569916,0.6951557397842407,0.5054389238357544,0.010831390507519245,0.6925264000892639,0.5082053542137146,0.006705597974359989,0.6935734152793884,0.5056562423706055,0.009400974959135056,0.6877384185791016,0.4737516939640045,-0.020562322810292244,0.6871510744094849,0.5064094066619873,0.0013632421614602208,0.6833103895187378,0.5068484544754028,-0.002550141653046012,0.6784990429878235,0.5074483752250671,-0.006072838790714741,0.6795677542686462,0.5324900150299072,0.0031935526058077812,0.6793158650398254,0.5233460068702698,-0.004042802844196558,0.6793286204338074,0.5174834132194519,-0.005577065050601959,0.6789527535438538,0.5118652582168579,-0.004898010287433863,0.6782994866371155,0.507457435131073,-0.0047360979951918125,0.6870418787002563,0.5064047574996948,0.0023796556051820517,0.6882530450820923,0.5084142088890076,0.0019427778897807002,0.6895031332969666,0.5111995935440063,0.0016667464515194297,0.690384030342102,0.5143927931785583,0.0033896544482558966,0.6970821619033813,0.4942370653152466,0.001677964348345995,0.7250325679779053,0.4586133062839508,0.08415009826421738,0.6899669766426086,0.5060642957687378,0.006550316698849201,0.6912685036659241,0.5070313811302185,0.006314975209534168,0.6828317046165466,0.481002539396286,-0.01278646755963564,0.6899662017822266,0.4784564673900604,-0.004905471578240395,0.6835611462593079,0.4795731008052826,-0.013200566172599792,0.6974592208862305,0.44943585991859436,0.0017702748300507665,0.707136332988739,0.4551614820957184,0.0061117978766560555,0.6934327483177185,0.4697819948196411,-0.007177372463047504,0.7240057587623596,0.3622009754180908,0.014741059392690659,0.7208705544471741,0.3760347068309784,0.005158964544534683,0.717919647693634,0.38894253969192505,-0.0017335471929982305,0.6923466324806213,0.522153913974762,0.009279493242502213,0.6922333836555481,0.39062976837158203,-0.016862083226442337,0.6949800252914429,0.37112170457839966,-0.014976528473198414,0.6973537802696228,0.3493543863296509,-0.011920495890080929,0.7143347859382629,0.42838117480278015,0.013898503966629505,0.7268776297569275,0.4362426698207855,0.026871081441640854,0.6895650029182434,0.4254382252693176,0.004422676749527454,0.7230339646339417,0.4147380292415619,0.01748664304614067,0.6884163022041321,0.439688503742218,-0.006015308666974306,0.6914371252059937,0.4688046872615814,-0.020196879282593727,0.7306777238845825,0.44247007369995117,0.03623754903674126,0.7244258522987366,0.4427645802497864,0.02090385928750038,0.7181735038757324,0.4465568959712982,0.013424262404441833,0.7070013284683228,0.445509672164917,0.007959792390465736,0.6984663009643555,0.4419234097003937,0.004357729572802782,0.692501962184906,0.4382251799106598,0.0007062068907544017,0.6825931668281555,0.4295540452003479,-0.016049643978476524,0.7293369770050049,0.4601064920425415,0.035982150584459305,0.7267675995826721,0.4131198525428772,0.021362915635108948,0.6810992956161499,0.47813621163368225,-0.028426606208086014,0.6913162469863892,0.45327696204185486,-0.004343979526311159,0.7307606339454651,0.4219462275505066,0.07590972632169724,0.6882386803627014,0.4341256320476532,-0.0017436081543564796,0.6931993961334229,0.4697848856449127,-0.0007202349952422082,0.7191362380981445,0.42025476694107056,0.019348984584212303,0.6911941170692444,0.4631834924221039,-0.018155915662646294,0.7216327786445618,0.47839808464050293,0.08262021839618683,0.6892939805984497,0.42229706048965454,0.005824019201099873,0.6882864832878113,0.45897936820983887,-0.025590475648641586,0.7103641033172607,0.5221036672592163,0.04144535958766937,0.7067661881446838,0.5292490720748901,0.053877606987953186,0.7298398017883301,0.4600818455219269,0.06050615757703781,0.7167118787765503,0.5106914043426514,0.050270549952983856,0.7324806451797485,0.40886184573173523,0.044590044766664505,0.6902719140052795,0.5507464408874512,0.019295787438750267,0.6796323657035828,0.4795374870300293,-0.020018478855490685,0.695813775062561,0.4590170681476593,-0.0004777574504259974,0.7295597195625305,0.42501336336135864,0.036546170711517334,0.7095268964767456,0.4251311421394348,0.010110178962349892,0.7042790651321411,0.4255180060863495,0.0074859922751784325,0.6935751438140869,0.5096360445022583,0.008257809095084667,0.7265278100967407,0.476367324590683,0.03914922848343849,0.6794575452804565,0.5621361136436462,0.019305245950818062,0.6935168504714966,0.5484966039657593,0.034852273762226105,0.699481725692749,0.5404223203659058,0.043213922530412674,0.6989397406578064,0.42471346259117126,0.0059231058694422245,0.6938629746437073,0.4234006106853485,0.00567206647247076,0.6907010078430176,0.4228212833404541,0.006175687536597252,0.7291901707649231,0.4103855788707733,0.028647730126976967,0.6950181722640991,0.4161486029624939,0.004264079499989748,0.7006552815437317,0.41394463181495667,0.004097626078873873,0.7065028548240662,0.41387611627578735,0.0056005544029176235,0.7116889953613281,0.41540223360061646,0.008486855775117874,0.7145891189575195,0.41744327545166016,0.011432196944952011,0.7332726716995239,0.4031776189804077,0.06306494772434235,0.7128419876098633,0.42387592792510986,0.012886798940598965,0.6923639178276062,0.48995956778526306,-0.003265928477048874,0.6891293525695801,0.4745646119117737,-0.013997219502925873,0.6834046244621277,0.48787108063697815,-0.011597098782658577,0.7031472325325012,0.5328599214553833,0.03440255671739578,0.6967816352844238,0.5415581464767456,0.02725989744067192,0.6815481185913086,0.5577342510223389,0.0114815142005682,0.7121292352676392,0.5164068341255188,0.06650876998901367,0.6911665797233582,0.4198140501976013,0.005131492391228676,0.6861645579338074,0.44292935729026794,-0.015667377039790154,0.6873164176940918,0.5561638474464417,0.026139389723539352,0.7263184785842896,0.4779990613460541,0.06070578470826149,0.6831517219543457,0.5068421363830566,-0.0012991654220968485,0.6842184662818909,0.5102068781852722,-0.0016289034392684698,0.6850634813308716,0.5145407915115356,-0.001922120456583798,0.6855190396308899,0.5197427868843079,-0.00036534882383421063,0.6867680549621582,0.5281288623809814,0.005791933741420507,0.6915647387504578,0.5051822662353516,0.005292385816574097,0.6929837465286255,0.5041959881782532,0.005710821598768234,0.6941520571708679,0.5031011700630188,0.00595624465495348,0.7002595663070679,0.5000773072242737,0.007932758890092373,0.7212360501289368,0.48185649514198303,0.02425462380051613,0.6854131817817688,0.43406784534454346,-0.010636121034622192,0.6864928007125854,0.41591304540634155,-0.000996151939034462,0.6892544627189636,0.41679930686950684,0.0028896748553961515,0.6900044679641724,0.5060986280441284,0.005981238558888435,0.718124270439148,0.500436007976532,0.03598969429731369,0.6831426024436951,0.41652292013168335,-0.010426757857203484,0.6888965368270874,0.5354555249214172,0.01046136487275362,0.6831299662590027,0.43901222944259644,-0.021671166643500328,0.6893388628959656,0.45579949021339417,-0.013585299253463745,0.6808105111122131,0.541054904460907,0.005461218301206827,0.7007494568824768,0.5188896059989929,0.017618317157030106,0.6977810263633728,0.4761734902858734,0.002489285310730338,0.6951745748519897,0.528099536895752,0.014475317671895027,0.7117246389389038,0.47559288144111633,0.008161971345543861,0.7031247615814209,0.4845101535320282,0.00568219693377614,0.7144507169723511,0.4882785975933075,0.01552040595561266,0.6819689273834229,0.5504928827285767,0.007209706585854292,0.6912881731987,0.4599067270755768,-0.007777934893965721,0.7038370966911316,0.5247908234596252,0.025500347837805748,0.6970707774162292,0.5343647599220276,0.02076992206275463,0.7060016393661499,0.5086390972137451,0.01848427951335907,0.7231250405311584,0.4899856746196747,0.04214917868375778,0.7115930914878845,0.5098314881324768,0.0263908039778471,0.7221851944923401,0.4947813153266907,0.058985814452171326,0.7063330411911011,0.4945925176143646,0.010654434561729431,0.6885889172554016,0.44798001646995544,-0.00958416610956192,0.689690351486206,0.4724467694759369,-0.021701818332076073,0.6915069818496704,0.4738728404045105,-0.014079457148909569,0.6887353658676147,0.46744033694267273,-0.027191471308469772,0.6920689344406128,0.4078533351421356,-0.0024680376518517733,0.7029047012329102,0.4030856788158417,-0.0019213230116292834,0.7120113372802734,0.40295735001564026,0.0006954767159186304,0.7187222242355347,0.4051377475261688,0.005404252093285322,0.72235506772995,0.4089229106903076,0.01086115837097168,0.7222027778625488,0.4220951199531555,0.022811997681856155,0.7320441007614136,0.44253358244895935,0.057846296578645706,0.7187119126319885,0.4343821108341217,0.017844347283244133,0.7133270502090454,0.43716809153556824,0.012684023939073086,0.705470621585846,0.43709665536880493,0.008376439101994038,0.6977881789207458,0.43497323989868164,0.005373848136514425,0.6920664310455322,0.4323263168334961,0.0032429350540041924,0.6883478164672852,0.42985451221466064,0.001718787127174437,0.7275440692901611,0.4400588274002075,0.08231541514396667,0.6906021237373352,0.4755944013595581,-0.01085355319082737,0.6869217753410339,0.4508357644081116,-0.019715869799256325,0.6869885325431824,0.4731576144695282,-0.027627157047390938,0.6833012700080872,0.47673988342285156,-0.025547195225954056,0.6862090826034546,0.4742710590362549,-0.024425745010375977,0.6887540221214294,0.47766828536987305,-0.008982572704553604,0.6826316118240356,0.47758758068084717,-0.027359850704669952,0.681159257888794,0.47900688648223877,-0.019839119166135788,0.6875911355018616,0.42286592721939087,0.004147239960730076,0.6854696273803711,0.4252752363681793,-0.00047109523438848555,0.6849334836006165,0.42758890986442566,-0.005254675634205341,0.7160950303077698,0.41893255710601807,0.014184780418872833,0.720201849937439,0.415379136800766,0.01496542152017355,0.6391515731811523,0.41484564542770386,-0.006957444828003645,0.6458259224891663,0.41512787342071533,-0.006957444828003645,0.639484703540802,0.40602296590805054,-0.006957444828003645,0.6323248744010925,0.41451945900917053,-0.006957444828003645,0.6387916803359985,0.42367592453956604,-0.006957444828003645,0.7021538615226746,0.41957974433898926,0.008744320832192898,0.7091970443725586,0.4197371006011963,0.008744320832192898,0.7023379802703857,0.4116734564304352,0.008744320832192898,0.6950616836547852,0.4193806052207947,0.008744320832192898,0.7020441293716431,0.42752501368522644,0.008744320832192898
1499.9999999999993,0.6703066825866699,0.4965969920158386,-0.013557543978095055,0.6749671101570129,0.4755675494670868,-0.03254673257470131,0.672541618347168,0.48136189579963684,-0.015290149487555027,0.6694403290748596,0.4479881525039673,-0.02859347313642502,0.6755576133728027,0.467674195766449,-0.03550821542739868,0.6753545999526978,0.45661717653274536,-0.03418339043855667,0.6737987399101257,0.4284837245941162,-0.02135998196899891,0.626011073589325,0.417095422744751,-0.005775724537670612,0.6737312078475952,0.40764862298965454,-0.02001524716615677,0.6742165684700012,0.39662447571754456,-0.02297263778746128,0.6746531128883362,0.3494907021522522,-0.02160993218421936,0.6701138019561768,0.5006215572357178,-0.012479189783334732,0.6696892976760864,0.5046385526657104,-0.010159362107515335,0.6692348718643188,0.5071631073951721,-0.00677771819755435,0.6689494848251343,0.507098913192749,-0.004984576255083084,0.6690239310264587,0.5122212767601013,-0.005114934407174587,0.6688986420631409,0.5181930065155029,-0.0055811041966080666,0.6685423254966736,0.5241617560386658,-0.0034766108728945255,0.6684411764144897,0.5323611497879028,0.004242273513227701,0.6740918755531311,0.4790682792663574,-0.02893928252160549,0.6674267053604126,0.47787797451019287,-0.02120092138648033,0.5937128067016602,0.3790733814239502,0.014057672582566738,0.6450128555297852,0.4263416826725006,-0.0083773173391819,0.6381673812866211,0.42701637744903564,-0.009052240289747715,0.6314048767089844,0.4262346625328064,-0.00844152458012104,0.6227796077728271,0.41960397362709045,-0.004977183882147074,0.6507673263549805,0.42441701889038086,-0.006741562858223915,0.6345683336257935,0.40262657403945923,-0.014105906710028648,0.6421937942504883,0.4036833941936493,-0.012803753837943077,0.6278645396232605,0.4038921296596527,-0.012953530065715313,0.6235623955726624,0.40665775537490845,-0.010846555233001709,0.6159353852272034,0.42471906542778015,-0.0019932303112000227,0.6434017419815063,0.5425286293029785,0.008605718612670898,0.6233553886413574,0.4140464961528778,-0.004351659677922726,0.5916985869407654,0.4170067012310028,0.02144419215619564,0.6071479320526123,0.417414128780365,0.002206903649494052,0.6384544968605042,0.4630075693130493,-0.009623944759368896,0.6621391773223877,0.49408289790153503,-0.014354766346514225,0.662092924118042,0.5037733912467957,-0.010675403289496899,0.653468668460846,0.49639415740966797,-0.012037958949804306,0.6473194360733032,0.49864986538887024,-0.008097385056316853,0.6551832556724548,0.5031782388687134,-0.009466411545872688,0.6495382189750671,0.5028669238090515,-0.005727927200496197,0.6391390562057495,0.5130096077919006,0.0032977175433188677,0.6698914170265198,0.4750826060771942,-0.03283549100160599,0.6697366237640381,0.46744221448898315,-0.03571417182683945,0.6131083965301514,0.39988386631011963,-0.012361460365355015,0.6522389650344849,0.44313985109329224,-0.011339401826262474,0.6541333794593811,0.47001662850379944,-0.020439375191926956,0.6533972024917603,0.46531596779823303,-0.019084813073277473,0.6169487833976746,0.46015238761901855,-0.0059332214295864105,0.6696847677230835,0.45709511637687683,-0.03340432047843933,0.6305716633796692,0.3942643702030182,-0.02097032591700554,0.6205497980117798,0.39567193388938904,-0.01768394373357296,0.6029152274131775,0.36581364274024963,0.001218112069182098,0.6605684757232666,0.4054807126522064,-0.020762348547577858,0.6489402651786804,0.4073506295681,-0.00963079184293747,0.6347084641456604,0.504288375377655,0.0021461506839841604,0.5935652256011963,0.49445641040802,0.05020458623766899,0.6583362817764282,0.4747636616230011,-0.016552980989217758,0.6631089448928833,0.47739189863204956,-0.015373589470982552,0.6390728950500488,0.5020006895065308,0.002211577957496047,0.6406556963920593,0.5024209022521973,0.0011122290743514895,0.6163995862007141,0.38891395926475525,-0.016101159155368805,0.6532205939292908,0.4727369248867035,-0.016444290056824684,0.643973171710968,0.397042840719223,-0.022120721638202667,0.6428995132446289,0.38978540897369385,-0.024551404640078545,0.6349143385887146,0.3503756523132324,-0.019936606287956238,0.6104626059532166,0.3774644732475281,-0.009096738882362843,0.6402243971824646,0.3697305917739868,-0.023003362119197845,0.608333170413971,0.39416736364364624,-0.008349879644811153,0.6012675762176514,0.38763856887817383,0.001939456444233656,0.6620039343833923,0.49934571981430054,-0.013269849121570587,0.6543234586715698,0.4999706447124481,-0.011001119390130043,0.6483914852142334,0.5007746815681458,-0.007387133315205574,0.6595633625984192,0.47607421875,-0.014633243903517723,0.639877438545227,0.502217173576355,0.0016775981057435274,0.6433781385421753,0.5057463645935059,-0.0005278103053569794,0.6414816975593567,0.5026546120643616,0.0010649040341377258,0.6619725227355957,0.4734760522842407,-0.02552071027457714,0.6503669619560242,0.5043696165084839,-0.004192624241113663,0.6559330224990845,0.5053015351295471,-0.006349809933453798,0.6622921228408813,0.50635826587677,-0.007517205085605383,0.6597011685371399,0.5313621759414673,0.003049361053854227,0.6602986454963684,0.5230385065078735,-0.004725178238004446,0.6608790159225464,0.5170016884803772,-0.0065806955099105835,0.6615155935287476,0.5110889077186584,-0.006018964108079672,0.6620845794677734,0.5064246654510498,-0.005770835094153881,0.6501830220222473,0.5046135187149048,-0.002804672112688422,0.6490460634231567,0.5066354870796204,-0.0031509334221482277,0.647647500038147,0.5095094442367554,-0.003576177405193448,0.6464917063713074,0.5127801895141602,-0.0022827733773738146,0.6438655853271484,0.4920583665370941,-0.007517979945987463,0.586733341217041,0.451167494058609,0.0521685816347599,0.6733188033103943,0.480276495218277,-0.020262036472558975,0.6460044384002686,0.5037657022476196,-0.0004386089858599007,0.644752562046051,0.5046387910842896,-0.000623654224909842,0.6649475693702698,0.48046502470970154,-0.014868420548737049,0.6544567942619324,0.4769921600818634,-0.01037456002086401,0.6640756726264954,0.4789940118789673,-0.015344535000622272,0.6450034379959106,0.4470142126083374,-0.00977647677063942,0.6336482763290405,0.4518078565597534,-0.009150505997240543,0.6517214775085449,0.4682334363460541,-0.015208136290311813,0.616269052028656,0.35596147179603577,-0.010789349675178528,0.6230217814445496,0.3710126578807831,-0.0170674417167902,0.6282108426094055,0.38673171401023865,-0.02132229693233967,0.6442556977272034,0.5203906297683716,0.0023994464427232742,0.6588431596755981,0.3939821720123291,-0.024864818900823593,0.6566811203956604,0.37065988779067993,-0.024876797571778297,0.6536917090415955,0.3485170006752014,-0.0233589019626379,0.6258810758590698,0.42375701665878296,-0.006761802826076746,0.607809841632843,0.43007326126098633,0.0010474186856299639,0.6543965935707092,0.42267003655433655,-0.005686283111572266,0.616184413433075,0.40925851464271545,-0.006813718006014824,0.657331109046936,0.4386592507362366,-0.01345367357134819,0.6584632992744446,0.4682457447052002,-0.026283379644155502,0.5990728735923767,0.4358782172203064,0.007324983365833759,0.6129574179649353,0.43766823410987854,-0.0031164351385086775,0.6220298409461975,0.4425671696662903,-0.00692265247926116,0.6352445483207703,0.44236648082733154,-0.007715216837823391,0.6448972225189209,0.4392921030521393,-0.00781609583646059,0.6518845558166504,0.4359901547431946,-0.00877558346837759,0.6675387620925903,0.4298706352710724,-0.020015886053442955,0.5997015833854675,0.45397189259529114,0.007863537408411503,0.6097325086593628,0.40730875730514526,-0.005287045147269964,0.6710148453712463,0.47870108485221863,-0.029242582619190216,0.6534415483474731,0.4518209993839264,-0.012697896920144558,0.586070716381073,0.41314053535461426,0.04158150404691696,0.6573693156242371,0.4324786365032196,-0.009495708160102367,0.650146484375,0.4679756462574005,-0.008729509077966213,0.6204606890678406,0.4142674505710602,-0.003611541585996747,0.6578424572944641,0.46251559257507324,-0.024531597271561623,0.5889015793800354,0.47222739458084106,0.05271979421377182,0.6540188193321228,0.4194982647895813,-0.004778139293193817,0.6637127995491028,0.4590701758861542,-0.03025430627167225,0.6125076413154602,0.5199765563011169,0.023170066997408867,0.6102629899978638,0.5276967287063599,0.03507951274514198,0.5908610820770264,0.4532443583011627,0.029576847329735756,0.6032201647758484,0.5071338415145874,0.027606159448623657,0.5960078239440918,0.40084946155548096,0.013168715871870518,0.6415276527404785,0.550396203994751,0.013030333444476128,0.6709258556365967,0.47982776165008545,-0.02023257128894329,0.6470564603805542,0.45691391825675964,-0.010448210872709751,0.6004225611686707,0.4173230230808258,0.007440995424985886,0.6328493356704712,0.42125067114830017,-0.008224288932979107,0.6386624574661255,0.42215496301651,-0.008826020173728466,0.6421495676040649,0.5070962309837341,0.000367316126357764,0.6000655889511108,0.47084516286849976,0.01260741613805294,0.6522395014762878,0.5615465044975281,0.01773342862725258,0.6315252184867859,0.5484780073165894,0.0245160274207592,0.6218844056129456,0.5400741696357727,0.028972236439585686,0.6745946407318115,0.3721727430820465,-0.023145068436861038,0.6651681065559387,0.5632750988006592,0.018671296536922455,0.6442727446556091,0.421448677778244,-0.0081841591745615,0.6496128439903259,0.42011961340904236,-0.006654847413301468,0.6528063416481018,0.41974011063575745,-0.0050921388901770115,0.6039289236068726,0.40353065729141235,-9.163238428300247e-05,0.6474533081054688,0.41209110617637634,-0.008506624959409237,0.6413561105728149,0.40907686948776245,-0.01057191751897335,0.6355729103088379,0.4085695743560791,-0.011251810938119888,0.6301138401031494,0.40975868701934814,-0.010483608581125736,0.6267955303192139,0.4116194546222687,-0.008786157704889774,0.5885429978370667,0.3940480947494507,0.028774593025445938,0.6288577318191528,0.41931799054145813,-0.006995759904384613,0.672079861164093,0.4869939386844635,-0.013007845729589462,0.6511111855506897,0.4882045388221741,-0.010231970809400082,0.6585891246795654,0.4738357365131378,-0.01918129250407219,0.6637821197509766,0.4869975447654724,-0.013886535540223122,0.6733629703521729,0.4173007011413574,-0.018301500007510185,0.6223626732826233,0.5317270755767822,0.020637040957808495,0.6315674781799316,0.5410627722740173,0.01734912395477295,0.6532936692237854,0.5570161938667297,0.009912005625665188,0.6010933518409729,0.5132495164871216,0.04314858093857765,0.6519284248352051,0.41662347316741943,-0.0064363135024905205,0.6632610559463501,0.4427835941314697,-0.020809121429920197,0.6666127443313599,0.5589534640312195,0.011117939837276936,0.6414984464645386,0.5561119318008423,0.019729845225811005,0.5923428535461426,0.4720335900783539,0.03173688054084778,0.6557578444480896,0.505500078201294,-0.004737101029604673,0.6546791791915894,0.509040117263794,-0.005154845770448446,0.6536667943000793,0.5135816335678101,-0.00556186493486166,0.6528512835502625,0.5189743638038635,-0.004072034731507301,0.6510980725288391,0.5268844366073608,0.001632075640372932,0.6447678208351135,0.5025473237037659,-0.002331146039068699,0.6435494422912598,0.5014772415161133,-0.0028086809907108545,0.6425578594207764,0.5003669857978821,-0.0032892534509301186,0.6380672454833984,0.49740877747535706,-0.0035051684826612473,0.6103652119636536,0.4772999584674835,0.0023057046346366405,0.6625213027000427,0.4336927831172943,-0.016282320022583008,0.6592471599578857,0.41508835554122925,-0.0085442578420043,0.654813826084137,0.4145957827568054,-0.007247735746204853,0.646016538143158,0.5035651922225952,-0.0013061361387372017,0.6080052852630615,0.49652400612831116,0.014536899514496326,0.665117621421814,0.41731178760528564,-0.015538263134658337,0.6467726230621338,0.5343595743179321,0.0058113629929721355,0.6748231649398804,0.4471813440322876,-0.02962120808660984,0.6684703826904297,0.4395022392272949,-0.024861136451363564,0.6743240356445312,0.4382796287536621,-0.025334376841783524,0.6585373878479004,0.45503926277160645,-0.019734986126422882,0.6675208210945129,0.5513409376144409,0.00666049076244235,0.6680343151092529,0.5413177013397217,0.005566287785768509,0.6572477221488953,0.5399613380432129,0.004996357951313257,0.6323676109313965,0.5165947079658508,0.006655924487859011,0.6437884569168091,0.47393935918807983,-0.007311154156923294,0.6387323141098022,0.5265358090400696,0.00670589366927743,0.6270227432250977,0.4722064137458801,-0.007459520827978849,0.6367610692977905,0.48180726170539856,-0.0062154666520655155,0.6204351186752319,0.4846859574317932,-0.0018478846177458763,0.6548746228218079,0.5494877696037292,0.005816487595438957,0.6541802883148193,0.4586014151573181,-0.015268019400537014,0.6257532835006714,0.5230490565299988,0.012552820146083832,0.6344287395477295,0.5332886576652527,0.011812279932200909,0.6275720000267029,0.5056976079940796,0.004158005118370056,0.6011252999305725,0.4850667417049408,0.017391813918948174,0.6177390813827515,0.5069612860679626,0.009246835485100746,0.5957440137863159,0.4897969365119934,0.03221515938639641,0.6307209730148315,0.491437703371048,-0.003114965744316578,0.6583439111709595,0.44714829325675964,-0.016449255868792534,0.6603156328201294,0.47211527824401855,-0.02715633437037468,0.6560355424880981,0.4729391932487488,-0.020302124321460724,0.6638410091400146,0.46764084696769714,-0.031493671238422394,0.6542913317680359,0.4079650640487671,-0.012372534722089767,0.6432099938392639,0.40193161368370056,-0.015620587393641472,0.6334490180015564,0.4002171754837036,-0.016694217920303345,0.6252669095993042,0.4012015461921692,-0.015316791832447052,0.619545042514801,0.4041230082511902,-0.01217413879930973,0.6146732568740845,0.4160439968109131,-0.001576226670295,0.5904027819633484,0.43497350811958313,0.025564799085259438,0.6201045513153076,0.42938441038131714,-0.004150838125497103,0.6271554231643677,0.4331265091896057,-0.006441736593842506,0.6364626288414001,0.43384119868278503,-0.007472701370716095,0.6450901627540588,0.43212053179740906,-0.007360638584941626,0.6516348123550415,0.42972612380981445,-0.006746978033334017,0.6561344861984253,0.42769676446914673,-0.0067213149741292,0.5860369205474854,0.43179577589035034,0.04875912889838219,0.6557152271270752,0.47450315952301025,-0.016908854246139526,0.6638683676719666,0.45083460211753845,-0.02466248720884323,0.6651955246925354,0.47349879145622253,-0.0308843906968832,0.6674482822418213,0.4770295023918152,-0.027158740907907486,0.6645193099975586,0.47435006499290466,-0.02777479588985443,0.6568953394889832,0.4765697121620178,-0.013905152678489685,0.6689332723617554,0.4780138432979584,-0.028545932844281197,0.6688696146011353,0.4791891574859619,-0.020698705688118935,0.6564350724220276,0.4204677641391754,-0.004946534056216478,0.6596805453300476,0.4236937165260315,-0.007587204687297344,0.6616513133049011,0.4266485869884491,-0.011239186860620975,0.6248551607131958,0.4130123555660248,-0.006896717473864555,0.6206657886505127,0.40984851121902466,-0.007429977413266897,0.6795175671577454,0.44836050271987915,-0.026117973029613495,0.7122176289558411,0.42174676060676575,0.012252498418092728,0.6783630847930908,0.4782184362411499,-0.019262319430708885,0.7310054302215576,0.3871920704841614,0.04186712205410004,0.6945536732673645,0.4293298125267029,0.0032553148921579123,0.7011566162109375,0.42980727553367615,0.004915975034236908,0.7072197794914246,0.42939719557762146,0.007689711172133684,0.7139002680778503,0.42445576190948486,0.01413270365446806,0.6891440153121948,0.4275602400302887,0.002433834597468376,0.7060896754264832,0.40711644291877747,0.00055116560542956,0.6983226537704468,0.40778008103370667,-0.0012013162486255169,0.7125101089477539,0.40856486558914185,0.003958179149776697,0.7159855365753174,0.41160616278648376,0.007414607331156731,0.7185775637626648,0.42951157689094543,0.018584446981549263,0.687786877155304,0.5417583584785461,0.016938796266913414,0.7140811681747437,0.41969406604766846,0.014529222622513771,0.7312349677085876,0.4238407015800476,0.04962483048439026,0.723252534866333,0.4229776859283447,0.025333048775792122,0.6999146342277527,0.46496471762657166,0.0020407659467309713,0.6778160333633423,0.49437689781188965,-0.011283043771982193,0.6763190031051636,0.5040803551673889,-0.007834571413695812,0.6843947768211365,0.49661070108413696,-0.005712500773370266,0.6884400844573975,0.4990996718406677,0.0005193474935367703,0.6816418170928955,0.5036311149597168,-0.003983415197581053,0.6856144666671753,0.5035086274147034,0.001559767290018499,0.6933961510658264,0.5134298801422119,0.014221136458218098,0.6794742941856384,0.47534632682800293,-0.031238814815878868,0.6808326244354248,0.46780046820640564,-0.033805929124355316,0.7243714928627014,0.40376678109169006,0.009428034536540508,0.6884458065032959,0.44457218050956726,-0.0036333268508315086,0.6895266771316528,0.4710656404495239,-0.013169675134122372,0.6896895170211792,0.46644705533981323,-0.011608500964939594,0.7167963981628418,0.4634909927845001,0.013382881879806519,0.680334746837616,0.45742765069007874,-0.030988778918981552,0.7138055562973022,0.3960552513599396,-0.005890870466828346,0.7208533883094788,0.398575097322464,0.0011652351822704077,0.7280223369598389,0.3737255334854126,0.026154713705182076,0.6865682005882263,0.4035722017288208,-0.01577884331345558,0.6913434267044067,0.4109782874584198,-0.00018585454381536692,0.6979782581329346,0.5050241947174072,0.015332045033574104,0.7167086601257324,0.49680042266845703,0.07609596848487854,0.6848852038383484,0.4755120873451233,-0.011226913891732693,0.6806517243385315,0.47792360186576843,-0.012692770920693874,0.6932997703552246,0.5032063722610474,0.013638035394251347,0.6917734146118164,0.5035051107406616,0.011228086426854134,0.723243772983551,0.3926265239715576,0.004013557452708483,0.688854992389679,0.473711222410202,-0.00934077613055706,0.7028135061264038,0.3968282639980316,-0.011781507171690464,0.7043851613998413,0.389840304851532,-0.013891855254769325,0.7087500691413879,0.35562101006507874,-0.00571923702955246,0.7254310846328735,0.38422566652297974,0.013158218003809452,0.7053776383399963,0.37407663464546204,-0.01073516346514225,0.7263712882995605,0.39923229813575745,0.014994041994214058,0.7292012572288513,0.39480260014533997,0.027200477197766304,0.6773121356964111,0.4997052848339081,-0.010218053124845028,0.6830942034721375,0.5004076957702637,-0.0050849574618041515,0.6871472001075745,0.5013449192047119,0.0005057583912275732,0.6834118962287903,0.4766647517681122,-0.010282869450747967,0.6925237774848938,0.5033654570579529,0.012249602936208248,0.6897584199905396,0.5065661072731018,0.008491494692862034,0.6909345388412476,0.5036858320236206,0.010895587503910065,0.6837599873542786,0.47420525550842285,-0.020578701049089432,0.6842453479766846,0.5050408244132996,0.002737172646448016,0.6802504658699036,0.5057803988456726,-0.0011886217398568988,0.6752675771713257,0.5066441297531128,-0.004612026270478964,0.6761005520820618,0.5313991904258728,0.005805199965834618,0.676001250743866,0.5231262445449829,-0.0016468061367049813,0.676020085811615,0.517077624797821,-0.0033644684590399265,0.6756497621536255,0.5112004280090332,-0.0028517323080450296,0.6749883890151978,0.5065467357635498,-0.0027733277529478073,0.6840896606445312,0.5050585865974426,0.004129224456846714,0.685319185256958,0.5071545243263245,0.003806345397606492,0.6865805387496948,0.5100255608558655,0.003689295146614313,0.6874508261680603,0.5132863521575928,0.005461385007947683,0.693709135055542,0.4928845763206482,0.002381827449426055,0.7244470119476318,0.45627546310424805,0.08108160644769669,0.6871563196182251,0.5044509172439575,0.008208241313695908,0.6884860396385193,0.5054088234901428,0.008052695542573929,0.6789883971214294,0.48091650009155273,-0.012222244404256344,0.6865724325180054,0.4777938723564148,-0.004770938772708178,0.6797715425491333,0.47950243949890137,-0.012768913060426712,0.6941037178039551,0.44886332750320435,0.0004763974866364151,0.7039475440979004,0.45434486865997314,0.004653858952224255,0.6899319291114807,0.46936875581741333,-0.0074966889806091785,0.721243679523468,0.363012433052063,0.009553680196404457,0.7179742455482483,0.37694913148880005,0.000787794531788677,0.7158238887786865,0.38903194665908813,-0.005372664425522089,0.6891034841537476,0.5204916000366211,0.011366689577698708,0.689475953578949,0.3923405408859253,-0.01948545128107071,0.6913962960243225,0.3730069100856781,-0.018497396260499954,0.6937687397003174,0.35142070055007935,-0.01620171032845974,0.7116018533706665,0.4276067614555359,0.011220140382647514,0.7241839170455933,0.43497949838638306,0.023891974240541458,0.6857879757881165,0.4257095456123352,0.00251019443385303,0.720319926738739,0.41408148407936096,0.014095215126872063,0.685016393661499,0.43977922201156616,-0.007279301527887583,0.6875312924385071,0.4692150950431824,-0.020398659631609917,0.7287266254425049,0.44121885299682617,0.03316069766879082,0.722261369228363,0.44139841198921204,0.018334999680519104,0.7162468433380127,0.44526800513267517,0.01131510827690363,0.7047797441482544,0.44469985365867615,0.00620728125795722,0.6958153247833252,0.4415641129016876,0.002792640822008252,0.6895369291305542,0.4381483495235443,-0.0007943008677102625,0.6790198683738708,0.4304002523422241,-0.017399175092577934,0.7273823022842407,0.45860275626182556,0.03353588283061981,0.7239738702774048,0.41236114501953125,0.017657527700066566,0.6769084930419922,0.47881558537483215,-0.02795128896832466,0.6878970861434937,0.45308759808540344,-0.0052549769170582294,0.7295204401016235,0.4201996326446533,0.07136030495166779,0.68511563539505,0.4342741072177887,-0.003259811783209443,0.6898177266120911,0.4691586494445801,-0.0010491178836673498,0.7162314653396606,0.4197447597980499,0.016231045126914978,0.6873940825462341,0.46351826190948486,-0.01853703148663044,0.721251368522644,0.47594332695007324,0.08041631430387497,0.6853561401367188,0.4226706922054291,0.0037703991401940584,0.6842861175537109,0.4597318768501282,-0.025937382131814957,0.7090053558349609,0.52024906873703,0.04215417429804802,0.7058777213096619,0.5272945165634155,0.054554346948862076,0.7287209033966064,0.4582464396953583,0.05770905688405037,0.7157087922096252,0.5087686777114868,0.05006326735019684,0.7304372191429138,0.40806668996810913,0.04012259095907211,0.68764328956604,0.5492419600486755,0.022092873230576515,0.6755404472351074,0.47998523712158203,-0.01944020576775074,0.6924927234649658,0.4584796130657196,-0.0013149476144462824,0.7260224223136902,0.4240402579307556,0.03288296237587929,0.7067307829856873,0.42446374893188477,0.007605706807225943,0.7012689709663391,0.42514947056770325,0.005171806551516056,0.6908054351806641,0.5079737901687622,0.010010913945734501,0.7248355746269226,0.47465986013412476,0.03744468092918396,0.6766467690467834,0.5607337951660156,0.02275967039167881,0.6915944218635559,0.546773374080658,0.03705601766705513,0.6980664134025574,0.5385846495628357,0.044727202504873276,0.6955700516700745,0.42469659447669983,0.003749006660655141,0.6901814937591553,0.4236111044883728,0.003585345344617963,0.6868541836738586,0.42312994599342346,0.004091109149158001,0.726007878780365,0.4097841680049896,0.024661149829626083,0.6912725567817688,0.4171684682369232,0.0020041533280164003,0.6971977353096008,0.4152134358882904,0.0016761876177042723,0.703314483165741,0.41491568088531494,0.003007641527801752,0.7086891531944275,0.4160075783729553,0.005725581664592028,0.71164470911026,0.417636901140213,0.0085923932492733,0.7314426898956299,0.4019261300563812,0.05798281729221344,0.710069477558136,0.42316770553588867,0.010200848802924156,0.6888497471809387,0.488974928855896,-0.002668914617970586,0.6853635907173157,0.4746565818786621,-0.014051469042897224,0.6795704364776611,0.48736461997032166,-0.010737355798482895,0.7013687491416931,0.5310292840003967,0.035995252430438995,0.694595456123352,0.5398749113082886,0.029506128281354904,0.6785224676132202,0.5563716292381287,0.01485530100762844,0.711624026298523,0.514252781867981,0.06625577807426453,0.6872996687889099,0.4203939139842987,0.0029730661772191525,0.6824946403503418,0.4435367286205292,-0.016646895557641983,0.6849157214164734,0.5546197891235352,0.02898794785141945,0.7254253029823303,0.4760096073150635,0.058696940541267395,0.6800225377082825,0.5057505369186401,0.0005309780244715512,0.6811078786849976,0.5092976689338684,0.00030935415998101234,0.6819588541984558,0.5138165354728699,0.00019606387650128454,0.6823933124542236,0.5191850662231445,0.0018939190777018666,0.6834487915039062,0.5268157124519348,0.008170190267264843,0.6887925863265991,0.5034151077270508,0.006659049540758133,0.6901845335960388,0.5023536682128906,0.007012770976871252,0.6913349032402039,0.5012045502662659,0.007159711327403784,0.696990430355072,0.4982980489730835,0.008753838948905468,0.7190226912498474,0.4803112745285034,0.023182319477200508,0.6819285750389099,0.4345744550228119,-0.011947497725486755,0.6827729344367981,0.41676825284957886,-0.0029849340207874775,0.6853801608085632,0.4175227880477905,0.0007445386727340519,0.6872292160987854,0.5044325590133667,0.007398711051791906,0.7164651155471802,0.4986248016357422,0.03562774136662483,0.6799070835113525,0.4175514876842499,-0.012194989249110222,0.6858658790588379,0.5339084267616272,0.012999221682548523,0.6793389320373535,0.4399240016937256,-0.02265130542218685,0.6856740713119507,0.45605114102363586,-0.014250725507736206,0.6774871349334717,0.5397012829780579,0.008435807190835476,0.6979860067367554,0.5168458223342896,0.01921580545604229,0.6944935917854309,0.47525960206985474,0.0022570304572582245,0.6923214197158813,0.5262685418128967,0.016623711213469505,0.7087959051132202,0.47451654076576233,0.007463573478162289,0.6999313831329346,0.4833126962184906,0.005680189002305269,0.711807906627655,0.48678600788116455,0.0151930907741189,0.6787785887718201,0.5490637421607971,0.010407687164843082,0.6877573728561401,0.459770143032074,-0.008392180316150188,0.7015693187713623,0.5228728652000427,0.02701270394027233,0.6945481896400452,0.5326187610626221,0.022952910512685776,0.7032451629638672,0.5066159963607788,0.019374903291463852,0.7216836214065552,0.4881354570388794,0.04109235852956772,0.7094877362251282,0.5079782605171204,0.026906892657279968,0.7213777303695679,0.49277591705322266,0.05781219154596329,0.7032957673072815,0.49290958046913147,0.010926219634711742,0.6850475072860718,0.4481874108314514,-0.010542836040258408,0.6857112646102905,0.4729216396808624,-0.02178819291293621,0.6877931356430054,0.47385355830192566,-0.014154121279716492,0.6845981478691101,0.4682607650756836,-0.027292262762784958,0.6886571645736694,0.4088452160358429,-0.004758848343044519,0.7000327706336975,0.4038349688053131,-0.004558459389954805,0.7095184326171875,0.40327000617980957,-0.0022009832318872213,0.7163944244384766,0.40496841073036194,0.0022423183545470238,0.7199428081512451,0.40842482447624207,0.00749831972643733,0.7192648649215698,0.42136716842651367,0.019557245075702667,0.7307580709457397,0.44096699357032776,0.05439415201544762,0.7162801027297974,0.433450847864151,0.01521916314959526,0.7109779119491577,0.4362959563732147,0.010378647595643997,0.7028449773788452,0.43656113743782043,0.006377785932272673,0.6947476267814636,0.4348412752151489,0.0035984215792268515,0.6887046098709106,0.43244469165802,0.001528401393443346,0.6848169565200806,0.43013328313827515,6.41066872049123e-05,0.7266981601715088,0.43796902894973755,0.07843293249607086,0.6869945526123047,0.4753171503543854,-0.010881143622100353,0.6830639243125916,0.4515184164047241,-0.020393311977386475,0.682820737361908,0.4739343822002411,-0.02748948521912098,0.6792657971382141,0.4772930145263672,-0.025170575827360153,0.682153046131134,0.47486332058906555,-0.024286363273859024,0.6852424740791321,0.47723424434661865,-0.008862823247909546,0.6785134673118591,0.47821566462516785,-0.026920543983578682,0.677146852016449,0.4793868958950043,-0.019342249259352684,0.6836736798286438,0.42327603697776794,0.002211296698078513,0.6817931532859802,0.42578786611557007,-0.002196274697780609,0.6816707253456116,0.42803382873535156,-0.006819831673055887,0.7131833434104919,0.41883111000061035,0.01125703938305378,0.7174541354179382,0.4149296283721924,0.011861157603561878,0.6365624070167542,0.41483113169670105,-0.007613492663949728,0.6433897614479065,0.4149697721004486,-0.007613492663949728,0.6366702318191528,0.4061274826526642,-0.007613492663949728,0.6296090483665466,0.4146421551704407,-0.007613492663949728,0.6364229917526245,0.42351534962654114,-0.007613492663949728,0.6978745460510254,0.4194239675998688,0.006262000650167465,0.705818235874176,0.4193471074104309,0.006262000650167465,0.6978937983512878,0.4113922417163849,0.006262000650167465,0.6898903250694275,0.41947752237319946,0.006262000650167465,0.697930097579956,0.42742007970809937,0.006262000650167465
1533.3333333333326,0.6662481427192688,0.49566078186035156,-0.013369089923799038,0.6696783900260925,0.47303637862205505,-0.032119400799274445,0.6678099632263184,0.47922399640083313,-0.015080489218235016,0.663756251335144,0.4463864266872406,-0.028097260743379593,0.6700131893157959,0.46520352363586426,-0.035051267594099045,0.6696546673774719,0.45443204045295715,-0.033768150955438614,0.6678777933120728,0.4273393452167511,-0.021187156438827515,0.6202517151832581,0.419203519821167,-0.004640055820345879,0.6674911379814148,0.4071352779865265,-0.020020220428705215,0.6677225232124329,0.3962298631668091,-0.022967105731368065,0.6674319505691528,0.3496643900871277,-0.021768653765320778,0.6661124229431152,0.4996944069862366,-0.012332121841609478,0.665795624256134,0.503666341304779,-0.010061036795377731,0.6654483675956726,0.5061303973197937,-0.00672872643917799,0.6651114225387573,0.5061901211738586,-0.0046029891818761826,0.6652280688285828,0.5111034512519836,-0.004716433119028807,0.6651889681816101,0.5168203711509705,-0.005123646464198828,0.6649740934371948,0.522669792175293,-0.0029470736626535654,0.6653292179107666,0.5314300656318665,0.004750210791826248,0.6690294742584229,0.4766271710395813,-0.028557807207107544,0.6626763939857483,0.47582554817199707,-0.020790059119462967,0.5891066789627075,0.3829192519187927,0.015597223304212093,0.639210045337677,0.42683786153793335,-0.007611822336912155,0.6327153444290161,0.4276224672794342,-0.008078808896243572,0.6261075139045715,0.4273156225681305,-0.007320051547139883,0.6169338822364807,0.42189285159111023,-0.0037529172841459513,0.6446321606636047,0.42506447434425354,-0.006155657581984997,0.6290298700332642,0.4050113558769226,-0.013152732513844967,0.6364125609397888,0.4059470295906067,-0.01206098310649395,0.6223030686378479,0.4062451422214508,-0.011840556748211384,0.6178204417228699,0.4090142548084259,-0.009650804102420807,0.6107869148254395,0.4271339178085327,-0.0007062114891596138,0.6409125924110413,0.5422804951667786,0.009533807635307312,0.6173510551452637,0.4167803227901459,-0.003195779165253043,0.5877476334571838,0.4204677939414978,0.022959422320127487,0.6022214889526367,0.42078912258148193,0.003584840800613165,0.6340687274932861,0.46291497349739075,-0.008631677366793156,0.6580833196640015,0.4932168126106262,-0.013921677134931087,0.6582877039909363,0.5029382109642029,-0.010350221768021584,0.6495463252067566,0.4956951141357422,-0.011375293135643005,0.643485963344574,0.4981631338596344,-0.007249841932207346,0.6514228582382202,0.5025217533111572,-0.008927367627620697,0.6458010077476501,0.5023908615112305,-0.005032917018979788,0.6362650394439697,0.512739896774292,0.00438199145719409,0.6646638512611389,0.4727461636066437,-0.03229804337024689,0.6642779111862183,0.4652152955532074,-0.0351254940032959,0.6082277297973633,0.4027731120586395,-0.01096955593675375,0.647185206413269,0.4428962469100952,-0.010678041726350784,0.6493492722511292,0.4687040150165558,-0.01969919353723526,0.6485550999641418,0.4642196297645569,-0.01834890805184841,0.6129392385482788,0.46111860871315,-0.004502328112721443,0.6640831232070923,0.45515739917755127,-0.03283141180872917,0.6258324980735779,0.3962034285068512,-0.01995568536221981,0.6157442927360535,0.39809730648994446,-0.016434388235211372,0.5975419878959656,0.3692283034324646,0.0026524399872869253,0.6549335718154907,0.40561795234680176,-0.02045557275414467,0.642780601978302,0.4091731011867523,-0.0090830959379673,0.6316666603088379,0.5041094422340393,0.0033211170230060816,0.5915465950965881,0.497822105884552,0.05158594623208046,0.6537045240402222,0.47324156761169434,-0.015994159504771233,0.6585106253623962,0.4756915867328644,-0.014975634403526783,0.6353640556335449,0.5018609166145325,0.0032580778934061527,0.6369584202766418,0.5022410750389099,0.002075284719467163,0.611815333366394,0.3919704854488373,-0.014803238213062286,0.6486347317695618,0.4715503752231598,-0.015752848237752914,0.6389105916023254,0.3982588052749634,-0.02140938863158226,0.6378936767578125,0.391241192817688,-0.02379043586552143,0.6281888484954834,0.3522756099700928,-0.019096553325653076,0.6050751209259033,0.3802172839641571,-0.007736787665635347,0.6337441205978394,0.37104296684265137,-0.02217450924217701,0.6035580039024353,0.39782974123954773,-0.006928561255335808,0.5965397953987122,0.3908388018608093,0.0033977054990828037,0.6580610871315002,0.4985288977622986,-0.012874625623226166,0.6504755616188049,0.4993211030960083,-0.0103911142796278,0.6446018815040588,0.5003107786178589,-0.006613727193325758,0.6549971699714661,0.4745314121246338,-0.014131521806120872,0.6361717581748962,0.5020564198493958,0.0026667651254683733,0.6396920084953308,0.5055105686187744,0.00046605104580521584,0.6378044486045837,0.5024632215499878,0.0020206028129905462,0.6570836305618286,0.4715876281261444,-0.024861842393875122,0.6466953754425049,0.5038646459579468,-0.0035564745776355267,0.6522552371025085,0.5046088099479675,-0.005875540431588888,0.6585918068885803,0.5054964423179626,-0.00723325926810503,0.6566393375396729,0.5306752920150757,0.003765743225812912,0.6569100618362427,0.5218631029129028,-0.0039706043899059296,0.6573262214660645,0.5158995389938354,-0.005860667675733566,0.6578395962715149,0.5102304220199585,-0.0053596533834934235,0.658336341381073,0.5057187080383301,-0.005148394964635372,0.6464856266975403,0.5042319893836975,-0.001923346077091992,0.6453866362571716,0.5062314867973328,-0.0022452264092862606,0.6440519094467163,0.5091116428375244,-0.0026271590031683445,0.6429769396781921,0.5124423503875732,-0.0013047840911895037,0.6400991082191467,0.4914019703865051,-0.006584599148482084,0.583956241607666,0.45515212416648865,0.05362563207745552,0.6684187054634094,0.47795528173446655,-0.02000158280134201,0.6423001289367676,0.5034841299057007,0.0005163847235962749,0.6410435438156128,0.5043703317642212,0.00034142486401833594,0.6603512167930603,0.47869640588760376,-0.014463314786553383,0.6500810980796814,0.47582343220710754,-0.009824193082749844,0.6594827175140381,0.4772479832172394,-0.014949469827115536,0.6401787400245667,0.44701188802719116,-0.008945324458181858,0.6291306018829346,0.45215192437171936,-0.008061918430030346,0.647056519985199,0.46725985407829285,-0.01448770146816969,0.6101691126823425,0.3587357997894287,-0.00959821604192257,0.617057204246521,0.37316596508026123,-0.0159307774156332,0.6235617995262146,0.38916015625,-0.020245438441634178,0.6413278579711914,0.5199673175811768,0.003424741793423891,0.653229832649231,0.3944409489631653,-0.024487562477588654,0.6499069929122925,0.3712136745452881,-0.024435466155409813,0.6466038227081299,0.3495834469795227,-0.022993575781583786,0.6203641891479492,0.4254116415977478,-0.0055518741719424725,0.6032252311706543,0.4325946271419525,0.002466052072122693,0.6480535268783569,0.4232918620109558,-0.005198776256293058,0.6105796694755554,0.4120379686355591,-0.0054944464936852455,0.6520516276359558,0.43822863698005676,-0.012890487909317017,0.6534642577171326,0.466634601354599,-0.025561099871993065,0.5951322317123413,0.43840643763542175,0.008901406079530716,0.6084905862808228,0.43936485052108765,-0.0016832387773320079,0.6175985932350159,0.443494975566864,-0.005621478892862797,0.6305153369903564,0.44281265139579773,-0.006679143290966749,0.6398473978042603,0.43962353467941284,-0.007032906636595726,0.6466302871704102,0.4361845850944519,-0.00815623253583908,0.6617316603660583,0.42900151014328003,-0.01967446133494377,0.5960441827774048,0.4561941623687744,0.009522480890154839,0.6046710014343262,0.410611093044281,-0.003857817966490984,0.6660001277923584,0.47637584805488586,-0.028769472613930702,0.6484600305557251,0.45125100016593933,-0.012029064819216728,0.5825517177581787,0.41731375455856323,0.043056804686784744,0.6519513726234436,0.4324115514755249,-0.009018159471452236,0.6456072926521301,0.4671989679336548,-0.00806764978915453,0.6143519282341003,0.41696199774742126,-0.0024027451872825623,0.6527698636054993,0.4611688554286957,-0.02382851578295231,0.586493730545044,0.475958913564682,0.05414285138249397,0.6474692225456238,0.4202885329723358,-0.004321402404457331,0.6583371162414551,0.45743972063064575,-0.02958987094461918,0.6101492047309875,0.5213865637779236,0.024477524682879448,0.6084892749786377,0.5295957922935486,0.036310628056526184,0.5876197814941406,0.4564155042171478,0.031127844005823135,0.600773274898529,0.5092678666114807,0.029009295627474785,0.591697633266449,0.40422526001930237,0.014658517204225063,0.6393082141876221,0.5503559708595276,0.013939918950200081,0.6660810708999634,0.4776194989681244,-0.019918426871299744,0.6423695087432861,0.4565703570842743,-0.009667152538895607,0.5957419872283936,0.4212281405925751,0.00892559438943863,0.6273608803749084,0.4221494197845459,-0.007187742739915848,0.6330382227897644,0.422626256942749,-0.007915821857750416,0.6384958028793335,0.5069390535354614,0.0013840970350429416,0.5967335104942322,0.4729943573474884,0.014207249507308006,0.6503342390060425,0.5614857077598572,0.018448473885655403,0.6297019720077515,0.5491151809692383,0.02551848068833351,0.6200752854347229,0.5412061810493469,0.030069483444094658,0.6676836013793945,0.3719751536846161,-0.023182325065135956,0.663284420967102,0.5629072189331055,0.0190625861287117,0.6382879614830017,0.4219471514225006,-0.007436152081936598,0.6432225704193115,0.420847088098526,-0.006049197167158127,0.646255373954773,0.42050880193710327,-0.0045819515362381935,0.5990192294120789,0.4075280427932739,0.0013662718702107668,0.6413232088088989,0.41460490226745605,-0.007902384735643864,0.6355444192886353,0.41236215829849243,-0.009840501472353935,0.6300843358039856,0.4119383692741394,-0.010364038869738579,0.6246523857116699,0.4129103720188141,-0.009454546496272087,0.6211298108100891,0.4145299196243286,-0.007697806227952242,0.5844974517822266,0.3981192111968994,0.030282266438007355,0.6233000159263611,0.4208203852176666,-0.005889976862818003,0.667526364326477,0.4850643277168274,-0.012806332670152187,0.6470588445663452,0.4871951639652252,-0.00948533695191145,0.6538654565811157,0.4722256660461426,-0.018600543960928917,0.6593681573867798,0.4853832721710205,-0.013426714576780796,0.667343258857727,0.4165796637535095,-0.018236348405480385,0.6200989484786987,0.5325468182563782,0.021796250715851784,0.6293681859970093,0.5414066910743713,0.01837390847504139,0.6510300636291504,0.5566243529319763,0.010625659488141537,0.5992943644523621,0.5159655809402466,0.04446981102228165,0.6455278992652893,0.41805121302604675,-0.00590580515563488,0.6577523350715637,0.4417724907398224,-0.020289316773414612,0.6643462777137756,0.5582296848297119,0.011481204070150852,0.6396192908287048,0.5563429594039917,0.020646417513489723,0.5894138813018799,0.47506529092788696,0.03324085474014282,0.6520536541938782,0.5049635767936707,-0.00395941874012351,0.6510400176048279,0.5084262490272522,-0.004334228113293648,0.6501347422599792,0.5128909349441528,-0.004683290142565966,0.6494523882865906,0.5182694792747498,-0.0031532342545688152,0.648094892501831,0.5263417959213257,0.0025633855257183313,0.6410393714904785,0.5022302865982056,-0.0014759887708351016,0.6397885680198669,0.5011751055717468,-0.001873218803666532,0.6387739777565002,0.5000517964363098,-0.0023018713109195232,0.6346500515937805,0.49701517820358276,-0.0023861106019467115,0.6068728566169739,0.4786066710948944,0.0038252989761531353,0.6569627523422241,0.43304142355918884,-0.01584605500102043,0.6530746221542358,0.41563716530799866,-0.008237546309828758,0.6484910249710083,0.41562530398368835,-0.00680454820394516,0.6423360109329224,0.5032179951667786,-0.000496945867780596,0.6051066517829895,0.4980997145175934,0.01599658839404583,0.6594130992889404,0.41708117723464966,-0.015301249921321869,0.6440376043319702,0.5339457988739014,0.006728199310600758,0.6690438985824585,0.445347398519516,-0.029288284480571747,0.6627257466316223,0.43824395537376404,-0.02444690279662609,0.6684738397598267,0.436772882938385,-0.025073334574699402,0.6533823013305664,0.4539746046066284,-0.01913086324930191,0.6649256944656372,0.5504158735275269,0.0070865037851035595,0.6651467680931091,0.5403566360473633,0.006006943061947823,0.6544355750083923,0.5392786264419556,0.005694648716598749,0.6295903921127319,0.5166310667991638,0.00782022811472416,0.6395888924598694,0.47344502806663513,-0.006455145310610533,0.6360378265380859,0.5263565182685852,0.0077586607076227665,0.6230207681655884,0.4725070297718048,-0.006204130128026009,0.6328486204147339,0.48156797885894775,-0.005137059837579727,0.6169295310974121,0.48527997732162476,-0.0004690948408097029,0.6523231267929077,0.5488907098770142,0.00656594755128026,0.649271547794342,0.45775941014289856,-0.0146115617826581,0.6232067942619324,0.5234808921813965,0.013764946721494198,0.6319411396980286,0.5333413481712341,0.012852725572884083,0.6245940923690796,0.5059208869934082,0.005458878818899393,0.5981153249740601,0.4871819019317627,0.018921764567494392,0.6149239540100098,0.5078030824661255,0.010637136176228523,0.5931105017662048,0.4925791025161743,0.03368886932730675,0.6272190809249878,0.4914350211620331,-0.0018717891070991755,0.6531062126159668,0.4463614225387573,-0.01585104502737522,0.6553779244422913,0.47030460834503174,-0.026447102427482605,0.6513041853904724,0.4714650511741638,-0.019634176045656204,0.6586064100265503,0.465712308883667,-0.030790511518716812,0.6482554078102112,0.40893930196762085,-0.011907443404197693,0.6376229524612427,0.40353524684906006,-0.014883290976285934,0.628113865852356,0.4020267426967621,-0.01572633534669876,0.6199318170547485,0.40325015783309937,-0.014134597033262253,0.6140124201774597,0.4064803123474121,-0.01086324080824852,0.6091275215148926,0.4190584421157837,-0.0003067688667215407,0.5868457555770874,0.4383150339126587,0.0271366648375988,0.6149630546569824,0.4312193691730499,-0.0028844978660345078,0.6221941113471985,0.4343014657497406,-0.005272747483104467,0.6313232779502869,0.43452563881874084,-0.006471728440374136,0.639624834060669,0.43266791105270386,-0.006593681406229734,0.6459068059921265,0.4302474856376648,-0.006162662524729967,0.650271475315094,0.4280652403831482,-0.006267223507165909,0.5829277634620667,0.43591487407684326,0.05022836849093437,0.651108980178833,0.4731222093105316,-0.016286542639136314,0.6584120392799377,0.44950056076049805,-0.024086495861411095,0.6601011753082275,0.4713742434978485,-0.03025258332490921,0.6625832915306091,0.4748802185058594,-0.02666427195072174,0.6595717668533325,0.47229596972465515,-0.027173204347491264,0.6524044275283813,0.47520211338996887,-0.013370080851018429,0.6639812588691711,0.47577962279319763,-0.028056304901838303,0.6640859246253967,0.4770606756210327,-0.020338792353868484,0.6500267386436462,0.42105889320373535,-0.004564860835671425,0.6536880731582642,0.4239368438720703,-0.007257883902639151,0.6560449004173279,0.42644041776657104,-0.010898918844759464,0.6189939975738525,0.41582050919532776,-0.005775525700300932,0.6146774888038635,0.412428081035614,-0.00620498601347208,0.6737887859344482,0.44637590646743774,-0.026006750762462616,0.7067746520042419,0.42135199904441833,0.010583494789898396,0.6733600497245789,0.47567984461784363,-0.019148606806993484,0.7268602252006531,0.38576894998550415,0.039097655564546585,0.6893660426139832,0.4270654022693634,0.002214878099039197,0.695410430431366,0.42807456851005554,0.0037140753120183945,0.7012228965759277,0.42795681953430176,0.006296560168266296,0.7087363600730896,0.4235305190086365,0.01238162349909544,0.6844727993011475,0.424827516078949,0.0015961752505972981,0.6999503374099731,0.4065629839897156,-0.0007693105726502836,0.6929662823677063,0.4070521593093872,-0.0022495491430163383,0.7060227394104004,0.4078567624092102,0.0024521693121641874,0.7095941305160522,0.4106307029724121,0.005778721533715725,0.7131465673446655,0.42772477865219116,0.016663534566760063,0.6853331923484802,0.5404098629951477,0.016556071117520332,0.7089336514472961,0.41968679428100586,0.012749725952744484,0.7277741432189941,0.4221472144126892,0.04677015542984009,0.7188637852668762,0.42056241631507874,0.023106524720788002,0.6952555775642395,0.4626542627811432,0.001211716909892857,0.6737873554229736,0.4933069944381714,-0.011337690986692905,0.6724763512611389,0.5030567049980164,-0.007963011972606182,0.6804742813110352,0.4956294894218445,-0.006040391977876425,0.6846575140953064,0.49831944704055786,1.2059327673341613e-05,0.6778743863105774,0.5027173161506653,-0.004314865451306105,0.6819353103637695,0.5027750134468079,0.0010987811256200075,0.6901628971099854,0.5113047957420349,0.01357700303196907,0.6741937398910522,0.4726503789424896,-0.03094133362174034,0.6753005385398865,0.4651348888874054,-0.03351309522986412,0.718235433101654,0.4010899066925049,0.007417761720716953,0.6832772493362427,0.4429306387901306,-0.004169568419456482,0.684586226940155,0.4683663249015808,-0.01354451384395361,0.6847395896911621,0.46393266320228577,-0.012024808675050735,0.7124459147453308,0.46094220876693726,0.011762449517846107,0.6746649742126465,0.4550706446170807,-0.030789021402597427,0.7064719200134277,0.39439862966537476,-0.007229140028357506,0.7138959169387817,0.39639800786972046,-0.0005360818468034267,0.7231140732765198,0.37228062748908997,0.023719554767012596,0.6800210475921631,0.4023135006427765,-0.01624184660613537,0.6867555379867554,0.40979117155075073,-0.0010888620745390654,0.6945858597755432,0.5026038885116577,0.01442398689687252,0.7154605388641357,0.4961463212966919,0.07347934693098068,0.6800254583358765,0.47290217876434326,-0.011486892588436604,0.6758098602294922,0.47545450925827026,-0.0127074820920825,0.6897228360176086,0.5028644800186157,0.01287827454507351,0.6881986260414124,0.5031468868255615,0.010603662580251694,0.7167341113090515,0.38998982310295105,0.002175806788727641,0.6840767860412598,0.4711131155490875,-0.009741297923028469,0.6954895257949829,0.395561546087265,-0.01266713161021471,0.6967766880989075,0.3886187672615051,-0.01477376651018858,0.7021964192390442,0.354549378156662,-0.007112532388418913,0.7200103998184204,0.38249704241752625,0.011056644842028618,0.6987520456314087,0.3727036416530609,-0.01180348452180624,0.7209480404853821,0.39616069197654724,0.012781587429344654,0.7244312763214111,0.39309221506118774,0.02472810447216034,0.6733574271202087,0.49867352843284607,-0.010309046134352684,0.6792397499084473,0.49947836995124817,-0.005413004197180271,0.6834083795547485,0.5006040930747986,3.4020093153230846e-05,0.6785943508148193,0.4741308391094208,-0.010452797636389732,0.6889474391937256,0.5030176043510437,0.01157990749925375,0.6861356496810913,0.5059027671813965,0.008073849603533745,0.6873459219932556,0.5033152103424072,0.010311415418982506,0.6786994934082031,0.47143009305000305,-0.02067842334508896,0.6806116700172424,0.5042940378189087,0.0022824734915047884,0.6765511631965637,0.5048409104347229,-0.0015348003944382071,0.6715213060379028,0.5055969953536987,-0.004792848136276007,0.6730431318283081,0.5302258133888245,0.006081691477447748,0.672415554523468,0.5215427875518799,-0.0013731512008234859,0.6722999215126038,0.5156100988388062,-0.0031496731098741293,0.6718714237213135,0.5100114345550537,-0.0026927206199616194,0.6711941957473755,0.5055662989616394,-0.0026263154577463865,0.6804415583610535,0.50425124168396,0.0039167809300124645,0.6816576719284058,0.5062091946601868,0.0036193367559462786,0.6829210519790649,0.5089765787124634,0.0034953320864588022,0.6838382482528687,0.5121766924858093,0.005223033484071493,0.6897228956222534,0.4904487729072571,0.0017733860295265913,0.7225083708763123,0.4553924798965454,0.07811970263719559,0.6835635304450989,0.5038267374038696,0.0078116245567798615,0.6848745346069336,0.5047561526298523,0.0076614851132035255,0.6742609739303589,0.4785395860671997,-0.012233685702085495,0.6819629669189453,0.4753243327140808,-0.005093217361718416,0.674983561038971,0.47707197070121765,-0.01277295220643282,0.6891361474990845,0.4470389187335968,-0.00029701803578063846,0.6991575956344604,0.45216283202171326,0.0035647801123559475,0.6851469278335571,0.4669119119644165,-0.007965968921780586,0.7154977917671204,0.36163368821144104,0.007576034404337406,0.7119417190551758,0.3752967417240143,-0.000839429150801152,0.7085816860198975,0.38721415400505066,-0.006778985261917114,0.6859591007232666,0.5186739563941956,0.010988404974341393,0.6822986006736755,0.39137640595436096,-0.01993998885154724,0.6845401525497437,0.3721422553062439,-0.019032973796129227,0.6867477297782898,0.3508659899234772,-0.01696263998746872,0.7059687376022339,0.426461398601532,0.009627710096538067,0.718923032283783,0.4325617253780365,0.02175215817987919,0.6814772486686707,0.42279955744743347,0.0017311152769252658,0.7147196531295776,0.41226184368133545,0.012150994502007961,0.679643452167511,0.43826061487197876,-0.007678072899580002,0.6823525428771973,0.4664382338523865,-0.020580997690558434,0.7246824502944946,0.4390682578086853,0.03070327267050743,0.715766966342926,0.4392106831073761,0.016426093876361847,0.7090888619422913,0.4432249069213867,0.009760722517967224,0.6980403065681458,0.4425264596939087,0.005058407783508301,0.6897798180580139,0.4391748309135437,0.0019115800969302654,0.6839114427566528,0.43565472960472107,-0.0014170630602166057,0.6732137799263,0.4290773570537567,-0.01746532693505287,0.7235868573188782,0.4563095271587372,0.03116428479552269,0.7188135385513306,0.409879595041275,0.015515996143221855,0.6718243956565857,0.47625404596328735,-0.02767101861536503,0.6828733682632446,0.45118600130081177,-0.005734340287744999,0.7267282009124756,0.419047087430954,0.06826074421405792,0.6796391010284424,0.4318474233150482,-0.0037549736443907022,0.685163140296936,0.46685007214546204,-0.0015800951514393091,0.7112537622451782,0.41878750920295715,0.014352798461914062,0.6822113394737244,0.4609924852848053,-0.01876446045935154,0.7197132110595703,0.47515958547592163,0.07759876549243927,0.6815565228462219,0.41999298334121704,0.0029213184025138617,0.6788048148155212,0.4572901427745819,-0.0259474515914917,0.7070385813713074,0.5187807679176331,0.04045753926038742,0.704568088054657,0.5264244079589844,0.05275847762823105,0.7258477807044983,0.4565865695476532,0.05486276373267174,0.7137497663497925,0.5073295831680298,0.04792052507400513,0.7263160943984985,0.4063354432582855,0.03741582855582237,0.6855792999267578,0.548121452331543,0.021577851846814156,0.6706013083457947,0.47757065296173096,-0.01924949884414673,0.687679648399353,0.4564364552497864,-0.001950235920958221,0.7227505445480347,0.42101961374282837,0.03040267713367939,0.7007744312286377,0.4233313202857971,0.0061737834475934505,0.6954843997955322,0.4235256612300873,0.0039096735417842865,0.687203049659729,0.5073151588439941,0.00951366126537323,0.7215611338615417,0.47249990701675415,0.03515099734067917,0.6749123930931091,0.5600773692131042,0.022704530507326126,0.6901199221611023,0.5459496974945068,0.03610536828637123,0.6967088580131531,0.5377258658409119,0.043383076786994934,0.6903455853462219,0.4225895404815674,0.0026456336490809917,0.6856368780136108,0.42100656032562256,0.0026065048296004534,0.6828063130378723,0.4203051030635834,0.0031884503550827503,0.7218273878097534,0.406706303358078,0.02227446250617504,0.6867851614952087,0.4173373579978943,0.0009833673248067498,0.6921614408493042,0.41732439398765564,0.0005030094180256128,0.6975018978118896,0.4179450273513794,0.0016823315527290106,0.7025449872016907,0.4187292456626892,0.0042363726533949375,0.7056906819343567,0.41935187578201294,0.006981180515140295,0.7279455065727234,0.40058016777038574,0.05499838665127754,0.7042974829673767,0.4224356412887573,0.008622081950306892,0.6845985651016235,0.48656293749809265,-0.003088815603405237,0.6804345846176147,0.47196176648139954,-0.014254598878324032,0.6750389933586121,0.48513832688331604,-0.01077110506594181,0.6994563937187195,0.529696524143219,0.03472193703055382,0.6926074624061584,0.5386538505554199,0.028615759685635567,0.6763517260551453,0.5553815960884094,0.014781161211431026,0.7103890180587769,0.5135271549224854,0.06402096152305603,0.6832568645477295,0.4187009334564209,0.002057662233710289,0.6769300103187561,0.441773921251297,-0.01677214726805687,0.6833029985427856,0.5538266897201538,0.02845994383096695,0.7230286598205566,0.47449925541877747,0.05598544329404831,0.6763004660606384,0.5047988295555115,0.00047220877604559064,0.6773836016654968,0.5081486701965332,0.0002744809607975185,0.6782593131065369,0.5124858021736145,0.00017258705338463187,0.6787917017936707,0.5177271366119385,0.0018796164076775312,0.6803867220878601,0.5253013372421265,0.008087637834250927,0.685167670249939,0.5028850436210632,0.006098607555031776,0.6865440011024475,0.5018157958984375,0.006404615007340908,0.6876682639122009,0.5006426572799683,0.006500543095171452,0.6932823657989502,0.49581587314605713,0.007942114025354385,0.7153933048248291,0.47788316011428833,0.021403474733233452,0.6763380169868469,0.4331527352333069,-0.012192967347800732,0.6782205700874329,0.4148123264312744,-0.00352224288508296,0.681198000907898,0.41545024514198303,-2.5654635464888997e-05,0.683629035949707,0.50388503074646,0.006842967588454485,0.7136887907981873,0.4965996742248535,0.03376445919275284,0.6742568612098694,0.4158644378185272,-0.01246498990803957,0.6830916404724121,0.532465934753418,0.012783877551555634,0.6735659837722778,0.4382427930831909,-0.022584183141589165,0.6804608106613159,0.45393335819244385,-0.014495676383376122,0.674666702747345,0.5384950637817383,0.008586792275309563,0.6950123906135559,0.5148189067840576,0.018385695293545723,0.6900335550308228,0.47289225459098816,0.001622668351046741,0.6895017027854919,0.5245549082756042,0.016105923801660538,0.7044992446899414,0.4719703495502472,0.006363458000123501,0.6957556009292603,0.4808460474014282,0.004895389545708895,0.7080272436141968,0.48426762223243713,0.01386446412652731,0.6762549877166748,0.547873318195343,0.010429360903799534,0.6828155517578125,0.4576178789138794,-0.008800288662314415,0.6990616321563721,0.5210937261581421,0.02593143843114376,0.6920979022979736,0.5310783386230469,0.02223726361989975,0.6999974250793457,0.5042885541915894,0.018260469660162926,0.7188809514045715,0.4861551821231842,0.038897041231393814,0.706610381603241,0.5058518648147583,0.025500452145934105,0.7193248271942139,0.4913732707500458,0.055265720933675766,0.6995270252227783,0.49038341641426086,0.009942320175468922,0.6797546744346619,0.44635558128356934,-0.01085788756608963,0.6805951595306396,0.47008925676345825,-0.021908888593316078,0.6828688383102417,0.47111746668815613,-0.014430761337280273,0.6792089939117432,0.46550434827804565,-0.0272371768951416,0.6835119128227234,0.4074743986129761,-0.0054512047208845615,0.6938929557800293,0.4026617109775543,-0.005518911872059107,0.7027134895324707,0.4019920527935028,-0.003485217457637191,0.7094362378120422,0.40345942974090576,0.0006943002226762474,0.7134696245193481,0.40667346119880676,0.0057504866272211075,0.7145515084266663,0.4196487069129944,0.017536161467432976,0.7275573015213013,0.43926292657852173,0.05148002877831459,0.7103399634361267,0.43179506063461304,0.01346947718411684,0.7046648263931274,0.4345046281814575,0.008922761306166649,0.6968236565589905,0.4345538318157196,0.005215750541538,0.6893445253372192,0.4325215816497803,0.0026516392827033997,0.6837750673294067,0.4297822415828705,0.0008187239291146398,0.6801024675369263,0.42744380235671997,-0.0005409997538663447,0.7243911027908325,0.4369695484638214,0.07535375654697418,0.6821860074996948,0.4726839065551758,-0.011187810450792313,0.6775317192077637,0.4494437575340271,-0.020477579906582832,0.6775638461112976,0.471129447221756,-0.02738397754728794,0.6741795539855957,0.47467273473739624,-0.02498307265341282,0.6770227551460266,0.4721147418022156,-0.024222251027822495,0.6805189251899719,0.47471046447753906,-0.00911064725369215,0.6734258532524109,0.47559988498687744,-0.026683757081627846,0.6721848249435425,0.476901650428772,-0.019189350306987762,0.6796563863754272,0.4204564094543457,0.0015088238287717104,0.6772503852844238,0.4232691824436188,-0.002704865764826536,0.6763090491294861,0.4258069396018982,-0.007178154308348894,0.7075933814048767,0.41966789960861206,0.009553502313792706,0.7117052674293518,0.41379016637802124,0.010093637742102146,0.6280952095985413,0.4164539575576782,-0.0067599182948470116,0.6348345279693604,0.4163821339607239,-0.0067599182948470116,0.6280959248542786,0.408174991607666,-0.0067599182948470116,0.6212833523750305,0.41649577021598816,-0.0067599182948470116,0.6280755996704102,0.42466863989830017,-0.0067599182948470116,0.6926098465919495,0.4192776381969452,0.004962380975484848,0.6995635628700256,0.4192880690097809,0.004962380975484848,0.6925538778305054,0.4114542603492737,0.004962380975484848,0.685707688331604,0.4192099869251251,0.004962380975484848,0.6927297115325928,0.42698442935943604,0.004962380975484848
1566.6666666666658,0.6532466411590576,0.4943613111972809,-0.013975417241454124,0.6533859968185425,0.47329285740852356,-0.032789722084999084,0.652482807636261,0.479314923286438,-0.015603245235979557,0.6483978033065796,0.4447275698184967,-0.027710765600204468,0.6537224650382996,0.4651736617088318,-0.0356738306581974,0.6538277864456177,0.4536644518375397,-0.034219324588775635,0.6537483930587769,0.4244113564491272,-0.02072937972843647,0.6077561974525452,0.41605210304260254,-2.0453442630241625e-05,0.6541750431060791,0.4016268253326416,-0.019027460366487503,0.6545326113700867,0.3900964856147766,-0.021797670051455498,0.6552931070327759,0.34450820088386536,-0.02039325051009655,0.6531093716621399,0.4984185993671417,-0.012887783348560333,0.6527838110923767,0.5024996995925903,-0.010581831447780132,0.652439534664154,0.5050638914108276,-0.007146045565605164,0.652361273765564,0.5050604939460754,-0.00553012453019619,0.6524060368537903,0.5101126432418823,-0.0056601520627737045,0.6522803902626038,0.515960156917572,-0.006232464220374823,0.6519688963890076,0.5218335390090942,-0.0042689223773777485,0.6505410671234131,0.531688928604126,0.003102718386799097,0.6530468463897705,0.4768518805503845,-0.029192127287387848,0.6469023823738098,0.47560587525367737,-0.020825499668717384,0.580432116985321,0.3762345314025879,0.023590508848428726,0.6258030533790588,0.4241105616092682,-0.00470673106610775,0.619790256023407,0.4245781898498535,-0.004605078138411045,0.6135548949241638,0.42424631118774414,-0.003280774923041463,0.6045778393745422,0.41879159212112427,0.001124515663832426,0.6307737231254578,0.4228968024253845,-0.003664999036118388,0.6166414022445679,0.40218284726142883,-0.009216327220201492,0.6236740946769714,0.4035070836544037,-0.008817119523882866,0.6101322770118713,0.4031623303890228,-0.0073415180668234825,0.6056869029998779,0.405809611082077,-0.004864192102104425,0.5988238453865051,0.42381468415260315,0.00451632309705019,0.6263698935508728,0.5408995151519775,0.010120854713022709,0.6049373149871826,0.4136621356010437,0.0017115225782617927,0.5777486562728882,0.41431325674057007,0.03045015223324299,0.5906312465667725,0.41728875041007996,0.009653927758336067,0.6198471188545227,0.4604398310184479,-0.006323374807834625,0.6449160575866699,0.49185818433761597,-0.013821881264448166,0.6451378464698792,0.5016967058181763,-0.010198296047747135,0.6363222002983093,0.4942343831062317,-0.010488279163837433,0.6303943991661072,0.4966028928756714,-0.00586095592007041,0.6383268237113953,0.5011314749717712,-0.008157024160027504,0.6328866481781006,0.500884473323822,-0.003907213918864727,0.6218814253807068,0.5118926167488098,0.00597840640693903,0.6482782363891602,0.47279393672943115,-0.03258521854877472,0.6478237509727478,0.4649166762828827,-0.035302381962537766,0.5967012047767639,0.39931178092956543,-0.0049240789376199245,0.63350510597229,0.4400876760482788,-0.008822009898722172,0.633771538734436,0.4676273465156555,-0.018412407487630844,0.6332775950431824,0.4628441333770752,-0.016958117485046387,0.5996344089508057,0.45755165815353394,-0.00020410842262208462,0.6481282114982605,0.45419591665267944,-0.03270651772618294,0.6140681505203247,0.39384761452674866,-0.01539922971278429,0.6041551828384399,0.39500659704208374,-0.010908075608313084,0.5877612829208374,0.362601101398468,0.009944112971425056,0.6417977213859558,0.4047755300998688,-0.018320083618164062,0.629544198513031,0.4070971608161926,-0.006348931696265936,0.6174118518829346,0.5030661225318909,0.00566361378878355,0.5829594135284424,0.4927191138267517,0.05811873450875282,0.6382010579109192,0.4724949896335602,-0.015178094618022442,0.6429471373558044,0.4751746654510498,-0.014743771404027939,0.6228086948394775,0.500158429145813,0.005172844510525465,0.6244511008262634,0.5005948543548584,0.0036237407475709915,0.6004571318626404,0.38845402002334595,-0.008909777738153934,0.6333020925521851,0.4704984426498413,-0.014495600014925003,0.6267071962356567,0.3967994451522827,-0.01801305077970028,0.6260213255882263,0.3892658054828644,-0.020243419334292412,0.6159778833389282,0.3463916778564453,-0.014512251131236553,0.5934120416641235,0.3733288049697876,-0.001170989591628313,0.6203430891036987,0.3649483919143677,-0.018007680773735046,0.5922985076904297,0.393926203250885,-0.0004103923274669796,0.5859216451644897,0.3839341998100281,0.010569862090051174,0.6448987126350403,0.49719682335853577,-0.012741388753056526,0.637321412563324,0.4978736639022827,-0.009560181759297848,0.6315863728523254,0.4987567961215973,-0.00536324642598629,0.6395255327224731,0.47383326292037964,-0.01347658596932888,0.6236464381217957,0.500385046005249,0.004364308435469866,0.6270201802253723,0.5036824941635132,0.001620181486941874,0.6252935528755188,0.5008273720741272,0.0035190675407648087,0.6412925124168396,0.47108694911003113,-0.02421596460044384,0.6338480114936829,0.502403974533081,-0.0024819476529955864,0.6392036080360413,0.5032965540885925,-0.005129285156726837,0.6454874277114868,0.5043245553970337,-0.006981382146477699,0.6418155431747437,0.5305981636047363,0.002784941578283906,0.6435793042182922,0.5206501483917236,-0.00455664424225688,0.6441417336463928,0.5147126317024231,-0.006209523882716894,0.6447935700416565,0.5089578032493591,-0.005550956353545189,0.6454272270202637,0.5043531656265259,-0.005366793368011713,0.6337507367134094,0.5024888515472412,-0.001224764622747898,0.6325525641441345,0.5044665932655334,-0.0015719154616817832,0.6311103105545044,0.5072699189186096,-0.0020457161590456963,0.6299213767051697,0.5104971528053284,-0.0006716355565004051,0.6252472996711731,0.49039092659950256,-0.004893365316092968,0.5760394334793091,0.44920065999031067,0.06141979992389679,0.6527565121650696,0.47809088230133057,-0.020497605204582214,0.6297348141670227,0.5017298460006714,0.0016368771903216839,0.6284205913543701,0.5025956630706787,0.001432275865226984,0.6447692513465881,0.4783428907394409,-0.014378445222973824,0.634952962398529,0.4748644232749939,-0.008945440873503685,0.6439001560211182,0.4768056571483612,-0.014771077781915665,0.626506507396698,0.444144606590271,-0.006590100936591625,0.6154070496559143,0.4490562081336975,-0.004927679896354675,0.6319655179977417,0.46592098474502563,-0.013044903054833412,0.5990330576896667,0.35236120223999023,-0.003458303865045309,0.6043798327445984,0.366511732339859,-0.010416635312139988,0.6121009588241577,0.3862038552761078,-0.0154288774356246,0.6267696619033813,0.5192883610725403,0.004288919735699892,0.6406058073043823,0.3933587074279785,-0.02213585376739502,0.6365764141082764,0.3658296465873718,-0.021664828062057495,0.6341085433959961,0.3441315293312073,-0.020087849348783493,0.6079354286193848,0.42229655385017395,-0.0009966995567083359,0.59146648645401,0.4291658401489258,0.008166033774614334,0.6339524984359741,0.421485036611557,-0.0028599980287253857,0.5986427664756775,0.40867987275123596,1.2813969078706577e-05,0.6382978558540344,0.4353759288787842,-0.01130130048841238,0.637611985206604,0.4657628536224365,-0.024663954973220825,0.5836098790168762,0.4332094192504883,0.015316353179514408,0.596642017364502,0.4360469579696655,0.003458544844761491,0.6054020524024963,0.4403556287288666,-0.001398867112584412,0.6176990270614624,0.4400111138820648,-0.0033699001651257277,0.6265283226966858,0.43715226650238037,-0.00445500947535038,0.6329634785652161,0.4340507984161377,-0.006081452593207359,0.6475751399993896,0.42599859833717346,-0.018643831834197044,0.5843849778175354,0.4514811038970947,0.015632526949048042,0.5931341052055359,0.40706631541252136,0.002268597250804305,0.6499208807945251,0.4764505922794342,-0.02909957244992256,0.6342918276786804,0.44896599650382996,-0.010464958846569061,0.5745282173156738,0.4107878506183624,0.051377180963754654,0.6380979418754578,0.43052035570144653,-0.00724605331197381,0.630922257900238,0.46568387746810913,-0.006650018040090799,0.6020209789276123,0.4138231873512268,0.002760782139375806,0.6372892260551453,0.45990386605262756,-0.022828618064522743,0.5784000754356384,0.4703761339187622,0.06141400709748268,0.6332939863204956,0.41848865151405334,-0.0018438729457557201,0.6425567269325256,0.45625948905944824,-0.029028119519352913,0.5982532501220703,0.5177018642425537,0.028183694928884506,0.5977991819381714,0.5255692005157471,0.04061787948012352,0.5777769684791565,0.4508907198905945,0.03814896196126938,0.5899360775947571,0.5049396753311157,0.033811282366514206,0.5814387798309326,0.3976913094520569,0.022098857909440994,0.624869704246521,0.5488072633743286,0.01474137231707573,0.6503044366836548,0.4776488244533539,-0.02023608796298504,0.628201961517334,0.4542798697948456,-0.007793939206749201,0.5842180848121643,0.41765904426574707,0.015585563145577908,0.6147032976150513,0.41894951462745667,-0.0031833606772124767,0.6201245784759521,0.4194333851337433,-0.004353892523795366,0.6257554888725281,0.5050145983695984,0.0026798155158758163,0.5853028297424316,0.468499094247818,0.01994672603905201,0.6358490586280823,0.5608548521995544,0.018676966428756714,0.6166672110557556,0.5467837452888489,0.027880676090717316,0.6080604791641235,0.5380150675773621,0.03333891183137894,0.6549752950668335,0.36695197224617004,-0.02182620018720627,0.648902416229248,0.5630619525909424,0.018068423494696617,0.624967098236084,0.41903069615364075,-0.004313845187425613,0.6294699311256409,0.418476939201355,-0.003253069007769227,0.6322041749954224,0.4185500144958496,-0.0019531287252902985,0.5876733064651489,0.4037506878376007,0.008036556653678417,0.627751886844635,0.41202419996261597,-0.004994273651391268,0.622525691986084,0.40911439061164856,-0.006490948144346476,0.6173519492149353,0.408313125371933,-0.006542502902448177,0.6121017932891846,0.4092017114162445,-0.005188005976378918,0.6086551547050476,0.41098448634147644,-0.0032050905283540487,0.576278805732727,0.3914833664894104,0.03861670568585396,0.6107459664344788,0.4176793694496155,-0.0015065985498949885,0.6523147821426392,0.48509883880615234,-0.013425917364656925,0.6318351626396179,0.4864662289619446,-0.008325235918164253,0.6382673978805542,0.4715137183666229,-0.0178105179220438,0.643842875957489,0.4850689768791199,-0.013315534219145775,0.653820812702179,0.41241955757141113,-0.017533089965581894,0.607266366481781,0.529582142829895,0.024478279054164886,0.6158063411712646,0.5390548706054688,0.02010967954993248,0.6360895037651062,0.5559439659118652,0.010305540636181831,0.5897594094276428,0.5113370418548584,0.050025101751089096,0.63152015209198,0.41602906584739685,-0.0032086779829114676,0.6431542634963989,0.43944576382637024,-0.01932324655354023,0.6494532227516174,0.5582686066627502,0.010014078579843044,0.6256251335144043,0.5548930168151855,0.02203180082142353,0.5796701312065125,0.4698602259159088,0.039752960205078125,0.6391609907150269,0.5033760666847229,-0.0036453413777053356,0.6380318999290466,0.5068493485450745,-0.0039953975938260555,0.6369857788085938,0.5112800598144531,-0.004473045468330383,0.6361439824104309,0.5166074633598328,-0.0030311057344079018,0.6333245635032654,0.5259451270103455,0.002641528844833374,0.6284180283546448,0.5006396174430847,-2.017414226429537e-05,0.627088725566864,0.4995509386062622,-0.0002291025302838534,0.6260085701942444,0.49842220544815063,-0.0005303827929310501,0.6201815605163574,0.4959736764431,-0.00016985449474304914,0.5942443609237671,0.4748772084712982,0.008378959260880947,0.6430149078369141,0.4301306903362274,-0.014546064659953117,0.6391651630401611,0.4141029119491577,-0.006350148934870958,0.6345775723457336,0.4138542413711548,-0.004365592263638973,0.6297590732574463,0.5016775727272034,0.0008614807738922536,0.5931615233421326,0.4943007826805115,0.02047630585730076,0.6457783579826355,0.4156881272792816,-0.013916952535510063,0.6294958591461182,0.5329288840293884,0.006938377860933542,0.6537959575653076,0.4438472092151642,-0.02945735864341259,0.6479185819625854,0.4359426498413086,-0.023830121383070946,0.6537702083587646,0.43460479378700256,-0.024948719888925552,0.6385534405708313,0.4521621763706207,-0.018077727407217026,0.6498802900314331,0.5504184365272522,0.005656674038618803,0.6502079963684082,0.5404249429702759,0.0045461892150342464,0.6395806670188904,0.5388428568840027,0.005002643447369337,0.6155734658241272,0.5149769186973572,0.0098454924300313,0.6249945163726807,0.47175902128219604,-0.0046936869621276855,0.6217596530914307,0.5249431133270264,0.008825241588056087,0.6090315580368042,0.4697505831718445,-0.003276461036875844,0.6184529066085815,0.47971123456954956,-0.002992242807522416,0.6033945679664612,0.48239991068840027,0.0028731522615998983,0.6373100876808167,0.54826420545578,0.006194816902279854,0.6346731185913086,0.45594167709350586,-0.013264509849250317,0.6097005009651184,0.5210515260696411,0.016247065737843513,0.6179221868515015,0.5313649773597717,0.014317193999886513,0.6106942296028137,0.5039770603179932,0.008306615054607391,0.5868890285491943,0.4828414022922516,0.024238035082817078,0.6018656492233276,0.5048186779022217,0.014069834724068642,0.5831387042999268,0.48772498965263367,0.039620328694581985,0.6131755113601685,0.48958152532577515,0.0007869132678024471,0.6387732625007629,0.44405651092529297,-0.014559187926352024,0.6394771933555603,0.4697047173976898,-0.025712192058563232,0.6356573700904846,0.470614492893219,-0.01862972043454647,0.6424016952514648,0.46509936451911926,-0.03030005842447281,0.6348607540130615,0.40751445293426514,-0.009500273503363132,0.6250682473182678,0.40161845088005066,-0.011593323200941086,0.6159998774528503,0.3994908034801483,-0.011620599776506424,0.608085036277771,0.4002359211444855,-0.009294558316469193,0.6021216511726379,0.40328627824783325,-0.005548108369112015,0.5971260666847229,0.4156996011734009,0.005229431204497814,0.5769212245941162,0.43247678875923157,0.03451129421591759,0.6028451919555664,0.4280029237270355,0.0019035681616514921,0.6098324656486511,0.4311973452568054,-0.0011492011835798621,0.6184842586517334,0.4316116273403168,-0.003066233592107892,0.6262568831443787,0.43010473251342773,-0.003929555416107178,0.6320821642875671,0.42812249064445496,-0.003932375460863113,0.6362115144729614,0.4261944890022278,-0.004346164874732494,0.5749778151512146,0.4296148121356964,0.05839473754167557,0.635647714138031,0.47225502133369446,-0.015282676555216312,0.6432416439056396,0.4477275609970093,-0.023309042677283287,0.6438806653022766,0.47109097242355347,-0.03007199615240097,0.6466600894927979,0.47466859221458435,-0.026783060282468796,0.6436552405357361,0.4719525873661041,-0.02692514657974243,0.637081503868103,0.47437942028045654,-0.012596379034221172,0.6479383111000061,0.4757218062877655,-0.028296450152993202,0.6483060717582703,0.47695788741111755,-0.020516464486718178,0.635837733745575,0.41939839720726013,-0.0023896959610283375,0.639542281627655,0.422248899936676,-0.005525389686226845,0.6421293616294861,0.4247418940067291,-0.009369726292788982,0.6065681576728821,0.412474125623703,-0.0010723023442551494,0.6025071740150452,0.4092351198196411,-0.0011892644688487053,0.6589203476905823,0.4450168013572693,-0.026736099272966385,0.6967131495475769,0.41866886615753174,0.0071328748017549515,0.6584694981575012,0.4758652448654175,-0.020072540268301964,0.7213793992996216,0.3815511167049408,0.03438623994588852,0.6766851544380188,0.4253208041191101,-8.743575745029375e-05,0.6836361885070801,0.42644795775413513,0.0009418856934644282,0.6902894973754883,0.4261191487312317,0.0031071400735527277,0.6985175013542175,0.4203927516937256,0.008694310672581196,0.6712682843208313,0.4228174090385437,-9.018845958053134e-06,0.6896460056304932,0.3988291621208191,-0.0034433389082551003,0.6815146803855896,0.40004464983940125,-0.004234015475958586,0.696599543094635,0.4003177285194397,-0.0006884078029543161,0.7005457282066345,0.40398699045181274,0.002330077812075615,0.7032956480979919,0.4249333441257477,0.012691214680671692,0.6719469428062439,0.541157066822052,0.013468284159898758,0.698994517326355,0.41605204343795776,0.009191499091684818,0.7219901084899902,0.4191440939903259,0.04170135036110878,0.7094545960426331,0.41562744975090027,0.01880708895623684,0.6830556988716125,0.46204856038093567,-0.0017003893153741956,0.6611751317977905,0.49203234910964966,-0.012637040577828884,0.6598196029663086,0.5018817186355591,-0.00911550410091877,0.6684035062789917,0.49426478147506714,-0.008030585013329983,0.672911524772644,0.496731162071228,-0.0024704786483198404,0.6656150221824646,0.5013642311096191,-0.006047692149877548,0.6699873208999634,0.5011781454086304,-0.0010465914383530617,0.6779939532279968,0.5126151442527771,0.010335189290344715,0.6583195328712463,0.4730147123336792,-0.03194166719913483,0.6594527959823608,0.4652000963687897,-0.03454946354031563,0.7111560702323914,0.3903772234916687,0.0036388952285051346,0.670894205570221,0.4410906434059143,-0.005798575468361378,0.6710081100463867,0.46848776936531067,-0.015574834309518337,0.6714177131652832,0.46372395753860474,-0.014062142930924892,0.7015189528465271,0.4602171778678894,0.007490758318454027,0.6592581868171692,0.4544464945793152,-0.03175929933786392,0.6991342306137085,0.38194018602371216,-0.009425107389688492,0.7069187164306641,0.38422006368637085,-0.0034935716539621353,0.7166772484779358,0.36763155460357666,0.01960696280002594,0.6696599721908569,0.3934740424156189,-0.016326138749718666,0.6743457317352295,0.4040994346141815,-0.0026291997637599707,0.6826874613761902,0.5039072036743164,0.0109562948346138,0.708755373954773,0.49511104822158813,0.06823807209730148,0.6662439703941345,0.4731062650680542,-0.013139101676642895,0.6616771221160889,0.4756089150905609,-0.013704141601920128,0.6784008145332336,0.5007371306419373,0.009759809821844101,0.6767846941947937,0.5010921359062195,0.007679339963942766,0.7104538679122925,0.3768191337585449,-0.000991325592622161,0.670791506767273,0.4713083505630493,-0.01171797513961792,0.6873589754104614,0.3843926191329956,-0.013917398639023304,0.689184844493866,0.37662386894226074,-0.01602906547486782,0.6927043795585632,0.34950464963912964,-0.009041358716785908,0.7125661969184875,0.37769079208374023,0.0076070684008300304,0.6886866688728333,0.3675471544265747,-0.013175358064472675,0.7145166993141174,0.3850933909416199,0.008785097859799862,0.7177264094352722,0.38872990012168884,0.020535487681627274,0.6607477068901062,0.49743103981018066,-0.011564785614609718,0.6670791506767273,0.4980905055999756,-0.007275712676346302,0.6715677976608276,0.4989803433418274,-0.002276211278513074,0.6647948026657104,0.47433051466941833,-0.011773908510804176,0.6775750517845154,0.5009266138076782,0.00860522035509348,0.6746510863304138,0.5041617155075073,0.00520241679623723,0.6759073138237,0.5012915134429932,0.00746731273829937,0.6641390919685364,0.4716321527957916,-0.022282173857092857,0.6686270236968994,0.5027097463607788,0.0002486569865141064,0.6642301678657532,0.5035224556922913,-0.003133184276521206,0.6588367223739624,0.5044763684272766,-0.005866254214197397,0.6588088274002075,0.5308288931846619,0.0038582156412303448,0.6598128080368042,0.5208099484443665,-0.0033587850630283356,0.6597853302955627,0.514844536781311,-0.00497421994805336,0.659395158290863,0.5090914964675903,-0.004342242609709501,0.6587502360343933,0.5044866800308228,-0.0042137764394283295,0.6685808300971985,0.5028319358825684,0.0015143065247684717,0.6698488593101501,0.5048777461051941,0.001159669947810471,0.6711692214012146,0.507694661617279,0.0008353930898010731,0.6721088290214539,0.5109208822250366,0.0024133273400366306,0.6768813133239746,0.49122002720832825,-0.000956522417254746,0.7178424596786499,0.4532301723957062,0.07286342233419418,0.6719250679016113,0.502148449420929,0.005085889250040054,0.6733136177062988,0.5030596852302551,0.00489165261387825,0.6598348617553711,0.47877413034439087,-0.01334973331540823,0.6686948537826538,0.4755634665489197,-0.006745472550392151,0.6607089638710022,0.4772787094116211,-0.013775494880974293,0.6771165132522583,0.44551095366477966,-0.00253504840657115,0.6874956488609314,0.451027512550354,0.0005561026628129184,0.672093391418457,0.4668312072753906,-0.010040249675512314,0.7077628970146179,0.3566690981388092,0.004390696529299021,0.7034817934036255,0.37016820907592773,-0.0033819153904914856,0.7020106315612793,0.37398430705070496,-0.009146188385784626,0.6731431484222412,0.5198183655738831,0.00787251628935337,0.6728038191795349,0.38142281770706177,-0.01998482272028923,0.6730295419692993,0.36723607778549194,-0.01912570372223854,0.6757988333702087,0.34583836793899536,-0.017335718497633934,0.6955855488777161,0.42415833473205566,0.006114622578024864,0.7087742686271667,0.43002811074256897,0.01723542809486389,0.6679702401161194,0.4206267297267914,0.00040466096834279597,0.7058072090148926,0.4058147966861725,0.008271295577287674,0.66693115234375,0.43613213300704956,-0.008890749886631966,0.6680485010147095,0.46650099754333496,-0.022368408739566803,0.7167066931724548,0.4372520446777344,0.025601565837860107,0.7056955695152283,0.4379819631576538,0.011982761323451996,0.6984735727310181,0.44249629974365234,0.005839396268129349,0.6861404180526733,0.44132909178733826,0.0021583200432360172,0.6769381761550903,0.43758252263069153,-0.00026177678955718875,0.6705992221832275,0.43386587500572205,-0.0029400272760540247,0.6595326066017151,0.42631688714027405,-0.017615383490920067,0.7146801352500916,0.4551136791706085,0.0258426982909441,0.7104902863502502,0.4023536741733551,0.011289295740425587,0.6561157703399658,0.47657081484794617,-0.028585994616150856,0.6700777411460876,0.4498943090438843,-0.007551661692559719,0.7226345539093018,0.415652334690094,0.06312869489192963,0.6661405563354492,0.4299584627151489,-0.004797117784619331,0.6724539399147034,0.4666393995285034,-0.0036322472151368856,0.7013925313949585,0.4144350588321686,0.010631775483489037,0.6682561039924622,0.46066048741340637,-0.02050132304430008,0.7142347097396851,0.47364553809165955,0.07231336832046509,0.6679914593696594,0.417633980512619,0.0015834338264539838,0.6640734076499939,0.4567873477935791,-0.027340814471244812,0.6965888738632202,0.5188184976577759,0.035747479647397995,0.6949347257614136,0.5264421701431274,0.04825535789132118,0.718873918056488,0.45478835701942444,0.04934265464544296,0.7042025923728943,0.506773829460144,0.04273331165313721,0.72014319896698,0.4026196599006653,0.032768476754426956,0.6724646091461182,0.5489397048950195,0.018372418358922005,0.6551848649978638,0.47778022289276123,-0.01992891915142536,0.6752848029136658,0.4554850161075592,-0.004206310026347637,0.713202714920044,0.41578909754753113,0.02566535212099552,0.6900443434715271,0.42173853516578674,0.0031088192481547594,0.6839682459831238,0.42208990454673767,0.001220592064782977,0.675767183303833,0.5055327415466309,0.006516564637422562,0.712196946144104,0.47162574529647827,0.029819440096616745,0.6613079905509949,0.5608459115028381,0.02065131440758705,0.6784595251083374,0.5468012690544128,0.03276627138257027,0.6859809756278992,0.5382745862007141,0.039504826068878174,0.6780064105987549,0.4210141599178314,0.00044602990965358913,0.6725821495056152,0.4190744459629059,0.0008446811698377132,0.6693469882011414,0.4181404113769531,0.0017254713457077742,0.7139896750450134,0.3988805115222931,0.017810892313718796,0.6738364100456238,0.4135342836380005,-0.0008350996067747474,0.680091142654419,0.4127531945705414,-0.001648042700253427,0.6864767670631409,0.4133566915988922,-0.0009158511529676616,0.6922858953475952,0.41437312960624695,0.0011979195987805724,0.6956267356872559,0.41538357734680176,0.003677118569612503,0.7231898307800293,0.3967345058917999,0.05004424229264259,0.6940351128578186,0.4203968346118927,0.00531563488766551,0.6712425947189331,0.4871729910373688,-0.005313958041369915,0.6664730906486511,0.47218555212020874,-0.015813136473298073,0.6605575084686279,0.48545557260513306,-0.012098712846636772,0.688264787197113,0.5301804542541504,0.030591873452067375,0.6805151104927063,0.5393556952476501,0.024956729263067245,0.6622390151023865,0.5560160875320435,0.012275945395231247,0.7021055221557617,0.5129243731498718,0.05903979018330574,0.6698467135429382,0.4159008860588074,0.0005292658461257815,0.6631711721420288,0.4399917423725128,-0.017691688612103462,0.6706250905990601,0.5548108220100403,0.025640513747930527,0.71538245677948,0.47312721610069275,0.05045269429683685,0.6641564965248108,0.5036063194274902,-0.001590766478329897,0.6652640700340271,0.5071094632148743,-0.0018592203268781304,0.6661507487297058,0.5115485787391663,-0.002222453709691763,0.6666252613067627,0.5168910026550293,-0.0006856771651655436,0.6668692231178284,0.5262616872787476,0.0052496809512376785,0.6735208034515381,0.5010057091712952,0.003518991870805621,0.6749534606933594,0.49991345405578613,0.0036556755658239126,0.6761494278907776,0.49874863028526306,0.0036262746434658766,0.6809104681015015,0.4968811869621277,0.004734358284622431,0.7046762108802795,0.4773973226547241,0.016692886129021645,0.663151204586029,0.43070611357688904,-0.012865862809121609,0.6654542088508606,0.4107154905796051,-0.0041809300892055035,0.6680867671966553,0.4117072820663452,-0.001176042715087533,0.6719478964805603,0.5020471811294556,0.004327013157308102,0.7033552527427673,0.4962930679321289,0.028875503689050674,0.6614814400672913,0.4116189181804657,-0.012594794854521751,0.6696001887321472,0.5332218408584595,0.009801303967833519,0.6592816114425659,0.43624329566955566,-0.022966397926211357,0.6667952537536621,0.4529469311237335,-0.015960488468408585,0.6603035926818848,0.5389886498451233,0.006369249429553747,0.6830530762672424,0.5157812237739563,0.014856616035103798,0.6776387691497803,0.4729166626930237,-0.0009174296865239739,0.6768857836723328,0.5254694223403931,0.0127707589417696,0.6925898194313049,0.4717197120189667,0.0026770501863211393,0.683455228805542,0.4811197519302368,0.001739619066938758,0.6965265870094299,0.48432835936546326,0.009677186608314514,0.6618892550468445,0.5484101176261902,0.00801859050989151,0.6697285771369934,0.45680561661720276,-0.010600165463984013,0.68746018409729,0.5218122005462646,0.0220042634755373,0.67964768409729,0.5318140983581543,0.018747292459011078,0.6883580684661865,0.5051284432411194,0.01439566072076559,0.709348738193512,0.48546063899993896,0.03366619721055031,0.6955288648605347,0.5061944723129272,0.021132241934537888,0.7109468579292297,0.4903532564640045,0.0497504360973835,0.6875104308128357,0.4909903407096863,0.006377069745212793,0.6664971113204956,0.44481271505355835,-0.012251967564225197,0.6660699844360352,0.4703298807144165,-0.023620668798685074,0.6690847277641296,0.47136977314949036,-0.016238288953900337,0.6641302704811096,0.46560007333755493,-0.02867809683084488,0.6719474196434021,0.4007956385612488,-0.006515406537801027,0.6837263703346252,0.394157737493515,-0.007199643645435572,0.69358229637146,0.39283299446105957,-0.00585361011326313,0.7008628249168396,0.39461594820022583,-0.002335290191695094,0.7050595879554749,0.3986479341983795,0.00223356019705534,0.7049188017845154,0.4148392677307129,0.013606737367808819,0.7212677001953125,0.43692436814308167,0.04600874334573746,0.7002761960029602,0.4296882152557373,0.00957879051566124,0.6939282417297363,0.43282264471054077,0.005519161932170391,0.684918224811554,0.4329187572002411,0.002431849017739296,0.6764971017837524,0.4306409955024719,0.00039699571789242327,0.6704758405685425,0.42766159772872925,-0.000665260711684823,0.666600227355957,0.42523008584976196,-0.0016713846707716584,0.7203648090362549,0.43413785099983215,0.07011183351278305,0.6686129570007324,0.4729433059692383,-0.01293246354907751,0.6632258892059326,0.4482652246952057,-0.02164810337126255,0.6623389720916748,0.4714583456516266,-0.028735065832734108,0.6590421199798584,0.4749454855918884,-0.025997931137681007,0.6620911359786987,0.47238242626190186,-0.025550885125994682,0.6669544577598572,0.47496041655540466,-0.010633791796863079,0.6579828262329102,0.47592300176620483,-0.027657773345708847,0.6570620536804199,0.47713223099708557,-0.01998312585055828,0.6660098433494568,0.41792047023773193,0.00047688305494375527,0.6637167930603027,0.42071178555488586,-0.003398800501599908,0.6627931594848633,0.42341428995132446,-0.007654930930584669,0.6975711584091187,0.41588038206100464,0.006116081960499287,0.7024000287055969,0.40813708305358887,0.006433507427573204,0.6124695539474487,0.41389232873916626,-0.003088656347244978,0.6180558800697327,0.41383397579193115,-0.003088656347244978,0.6122228503227234,0.40621668100357056,-0.003088656347244978,0.6069240570068359,0.41397106647491455,-0.003088656347244978,0.6128321886062622,0.42167535424232483,-0.003088656347244978,0.677151620388031,0.4165555238723755,0.0024181518238037825,0.6839066743850708,0.41654524207115173,0.0024181518238037825,0.677613377571106,0.4090694785118103,0.0024181518238037825,0.6707172989845276,0.4165930151939392,0.0024181518238037825,0.676868736743927,0.42403241991996765,0.0024181518238037825
1599.999999999999,0.6444913744926453,0.4926549792289734,-0.014637639746069908,0.6445186734199524,0.4717511236667633,-0.032945550978183746,0.6441019773483276,0.4780784249305725,-0.015960149466991425,0.6398059129714966,0.44322270154953003,-0.027093591168522835,0.6447498202323914,0.4634546935558319,-0.035704512149095535,0.6449393033981323,0.4519476890563965,-0.03405305743217468,0.6452776789665222,0.4230087697505951,-0.0199432335793972,0.6003416180610657,0.41484755277633667,0.002609046408906579,0.645767867565155,0.39985617995262146,-0.017820989713072777,0.6460352540016174,0.3880472183227539,-0.020391423255205154,0.6466612815856934,0.3430158495903015,-0.018144533038139343,0.6444008946418762,0.496994286775589,-0.013630623929202557,0.6442155241966248,0.5014051198959351,-0.011389786377549171,0.6440308094024658,0.5042042136192322,-0.008095848374068737,0.643943727016449,0.5042187571525574,-0.006474371999502182,0.6439670324325562,0.5092585682868958,-0.00674282805994153,0.6438860297203064,0.5151171684265137,-0.0073964595794677734,0.6437115669250488,0.5210914015769958,-0.005514952819794416,0.6426655650138855,0.5303578972816467,0.0017273216508328915,0.6443423628807068,0.4754849374294281,-0.029413452371954918,0.6385888457298279,0.4744017422199249,-0.020868834108114243,0.5748300552368164,0.37781935930252075,0.027958504855632782,0.6180182099342346,0.42354816198349,-0.002929490990936756,0.6120240688323975,0.42386847734451294,-0.002585209207609296,0.6059111952781677,0.4233454167842865,-0.0010043641086667776,0.5974042415618896,0.41770434379577637,0.0038401500787585974,0.6229937672615051,0.42229077219963074,-0.0020796358585357666,0.6092041730880737,0.39998137950897217,-0.006768485996872187,0.6161960959434509,0.40155500173568726,-0.006690507754683495,0.6026825904846191,0.40083152055740356,-0.00464323116466403,0.5982770919799805,0.4036393463611603,-0.002050997456535697,0.5919455289840698,0.42305490374565125,0.0073471893556416035,0.6194590926170349,0.5399174094200134,0.009319238364696503,0.5977665781974792,0.41229966282844543,0.004507690668106079,0.5722126364707947,0.4157874584197998,0.034329235553741455,0.5843812227249146,0.4164482653141022,0.01295156218111515,0.6125307083129883,0.45982393622398376,-0.0052638608030974865,0.6363095641136169,0.4902055859565735,-0.014120018109679222,0.6367856860160828,0.5006399154663086,-0.010706672444939613,0.6280897855758667,0.4928115904331207,-0.010468323715031147,0.6225853562355042,0.4954310357570648,-0.005638984497636557,0.6302865743637085,0.500108540058136,-0.008359053172171116,0.6251704096794128,0.4999050199985504,-0.003937406465411186,0.6147347688674927,0.5106146335601807,0.006111121270805597,0.6395123600959778,0.4713307321071625,-0.03255748376250267,0.6389933824539185,0.4632899761199951,-0.035124894231557846,0.5896141529083252,0.396491676568985,-0.001345780328847468,0.6259732842445374,0.4395504593849182,-0.007661826442927122,0.6258546113967896,0.4665984809398651,-0.017775453627109528,0.6254597306251526,0.46181124448776245,-0.016244685277342796,0.592858612537384,0.45731088519096375,0.0017492469632998109,0.639384388923645,0.452584832906723,-0.03228676691651344,0.6058926582336426,0.38974064588546753,-0.012430588714778423,0.5964701175689697,0.3914541006088257,-0.007534172385931015,0.5815205574035645,0.36364665627479553,0.014304974116384983,0.633385419845581,0.40079647302627563,-0.016575323417782784,0.622031569480896,0.40549829602241516,-0.0044831992127001286,0.6102641820907593,0.501815676689148,0.0061928038485348225,0.5784952640533447,0.4940687119960785,0.059727299958467484,0.6302564144134521,0.4714902937412262,-0.014825939200818539,0.6348655223846436,0.4740736186504364,-0.01472846232354641,0.61567622423172,0.49936503171920776,0.0055413213558495045,0.6172612309455872,0.499716579914093,0.0038630489725619555,0.5930541157722473,0.3850395679473877,-0.005277344025671482,0.6254749894142151,0.4694844186306,-0.013946720398962498,0.6181852221488953,0.392419695854187,-0.015590162947773933,0.6174349188804626,0.3848859369754791,-0.01765468716621399,0.60811847448349,0.3460005223751068,-0.010973110795021057,0.5867065191268921,0.37384605407714844,0.002837992971763015,0.6123111844062805,0.36420246958732605,-0.014962264336645603,0.5856254696846008,0.39154383540153503,0.003436925821006298,0.5797761678695679,0.3849295675754547,0.014735029079020023,0.6363903284072876,0.49585676193237305,-0.013126433826982975,0.6291735768318176,0.49667635560035706,-0.009652789682149887,0.6238141059875488,0.4976964294910431,-0.005275955889374018,0.631559431552887,0.4727928638458252,-0.01324082724750042,0.6164846420288086,0.49954843521118164,0.004653050564229488,0.6197306513786316,0.502795398235321,0.0016584950499236584,0.6181011199951172,0.49992457032203674,0.0037290104664862156,0.6330463886260986,0.469978928565979,-0.023819023743271828,0.6262001991271973,0.5014720559120178,-0.0026284025516361,0.6312637329101562,0.5023695826530457,-0.005484265275299549,0.637280285358429,0.5034326910972595,-0.007606075145304203,0.6341602206230164,0.529312252998352,0.001693500205874443,0.635565996170044,0.519804060459137,-0.005467551294714212,0.63600754737854,0.5138031840324402,-0.007014861796051264,0.6366013288497925,0.5080438256263733,-0.006280007306486368,0.637233316898346,0.5034600496292114,-0.005974178668111563,0.626166582107544,0.5015508532524109,-0.0013469707919284701,0.6249909996986389,0.5035326480865479,-0.0017888203728944063,0.6236015558242798,0.5063284635543823,-0.002305317670106888,0.6224824786186218,0.5095872282981873,-0.0009285098640248179,0.6176186203956604,0.48925742506980896,-0.004378185141831636,0.5715003609657288,0.45119601488113403,0.06426236778497696,0.6442152261734009,0.4767773151397705,-0.0207944605499506,0.62238609790802,0.5008076429367065,0.0017288182862102985,0.6210936307907104,0.5016859769821167,0.0014606077456846833,0.6366218328475952,0.47717493772506714,-0.014451099559664726,0.6271663904190063,0.4738481044769287,-0.008650781586766243,0.6357882618904114,0.47566866874694824,-0.014798020012676716,0.6190812587738037,0.44375354051589966,-0.005313239526003599,0.6081749796867371,0.448694109916687,-0.003378230845555663,0.6242360472679138,0.4649236798286438,-0.01237735990434885,0.5919731855392456,0.3527379035949707,0.0006149861146695912,0.5970061421394348,0.36644935607910156,-0.006799522787332535,0.6039402484893799,0.38222983479499817,-0.01223825290799141,0.6194737553596497,0.517959713935852,0.004071223083883524,0.6320387125015259,0.3888852000236511,-0.020153647288680077,0.6281670928001404,0.36457106471061707,-0.019252100959420204,0.6257481575012207,0.34314244985580444,-0.017201267182826996,0.6005500555038452,0.42130741477012634,0.0015415363013744354,0.5848370790481567,0.4287213981151581,0.011149518191814423,0.6262010931968689,0.42077502608299255,-0.0013376105343922973,0.5916697978973389,0.4068160653114319,0.0032067960128188133,0.6306008100509644,0.43465113639831543,-0.01018964871764183,0.6294259428977966,0.4646039307117462,-0.0241080392152071,0.5777057409286499,0.4339926242828369,0.018527569249272346,0.5895516872406006,0.4354921877384186,0.006120958831161261,0.5979408025741577,0.4396798014640808,0.0008225712808780372,0.6100535988807678,0.4392361640930176,-0.0015873758820816875,0.6187977194786072,0.4362969696521759,-0.002962362254038453,0.6252463459968567,0.43299826979637146,-0.004769862629473209,0.6393154263496399,0.42476582527160645,-0.017631981521844864,0.5784488916397095,0.45203015208244324,0.01844850927591324,0.5865141749382019,0.40535980463027954,0.00578649714589119,0.641303300857544,0.4751091003417969,-0.02917543612420559,0.6266990303993225,0.44821733236312866,-0.009543590247631073,0.5696412920951843,0.41288191080093384,0.05517752468585968,0.6303319931030273,0.42917245626449585,-0.006016893777996302,0.6233418583869934,0.4648011028766632,-0.006030406802892685,0.5949656367301941,0.4124167561531067,0.005690477788448334,0.6292303800582886,0.4587513208389282,-0.02217983640730381,0.5739048719406128,0.47216886281967163,0.06368016451597214,0.6257545351982117,0.417807012796402,-0.00022364196775015444,0.634131133556366,0.4548585116863251,-0.028471974655985832,0.5927188992500305,0.5175383687019348,0.028968797996640205,0.5927790403366089,0.5257217884063721,0.041026368737220764,0.5725483894348145,0.4521704316139221,0.04127345234155655,0.5847153663635254,0.5052924156188965,0.03519417345523834,0.5756134390830994,0.39898625016212463,0.02618510089814663,0.6182097792625427,0.5478893518447876,0.013854622840881348,0.6418222188949585,0.4763699173927307,-0.02044280432164669,0.6207415461540222,0.45361772179603577,-0.0068478952161967754,0.5784993767738342,0.4171653389930725,0.019134167581796646,0.606910228729248,0.41803133487701416,-0.0008808617130853236,0.6122164130210876,0.41874414682388306,-0.0022619019728153944,0.6185358762741089,0.5041828155517578,0.002762689720839262,0.5794758200645447,0.4690002202987671,0.022258611395955086,0.6289654970169067,0.5598794221878052,0.016947394236922264,0.610734760761261,0.5462522506713867,0.027277426794171333,0.6025680303573608,0.5377307534217834,0.03322075307369232,0.6463606357574463,0.36528700590133667,-0.020092230290174484,0.6415952444076538,0.5620212554931641,0.01580863445997238,0.6171051263809204,0.4185100495815277,-0.00241354713216424,0.6216296553611755,0.41798651218414307,-0.0015063353348523378,0.6244714260101318,0.4179818034172058,-0.00027613615384325385,0.5816012620925903,0.40251222252845764,0.011804584413766861,0.62031090259552,0.41135650873184204,-0.003105565207079053,0.6150854229927063,0.4083966910839081,-0.004369121044874191,0.6099364757537842,0.40737444162368774,-0.004212144762277603,0.6047178506851196,0.40800923109054565,-0.0026528937742114067,0.6013251543045044,0.4096667468547821,-0.0005641538882628083,0.5710605382919312,0.39338743686676025,0.04278537258505821,0.6031151413917542,0.41657915711402893,0.0009898414136841893,0.6440101265907288,0.48379382491111755,-0.013864202424883842,0.6240320205688477,0.48532119393348694,-0.007988372817635536,0.6302694082260132,0.47051501274108887,-0.017416276037693024,0.6356849074363708,0.4838137626647949,-0.013423698954284191,0.6454731225967407,0.4110304117202759,-0.016547730192542076,0.601445198059082,0.5290834903717041,0.024666041135787964,0.6096262335777283,0.5383259654045105,0.019745860248804092,0.6289770603179932,0.5548517107963562,0.008830915205180645,0.585150957107544,0.5120950937271118,0.051049184054136276,0.6240236759185791,0.4153096079826355,-0.0014620552537962794,0.6350162029266357,0.4382724463939667,-0.018442919477820396,0.6418930888175964,0.5570751428604126,0.00798131339251995,0.6192022562026978,0.5541118383407593,0.02090509422123432,0.5745581984519958,0.4710109829902649,0.04233638942241669,0.6312572360038757,0.5024391412734985,-0.0039733657613396645,0.6301401853561401,0.5059024095535278,-0.004426756873726845,0.629152774810791,0.5103162527084351,-0.004955397918820381,0.6284112930297852,0.5156751275062561,-0.003561414312571287,0.6258496046066284,0.524639368057251,0.002043867949396372,0.6210217475891113,0.49970200657844543,0.000136032875161618,0.6196675300598145,0.4986124038696289,4.036609607283026e-05,0.6185782551765442,0.4974610507488251,-0.00016317509289365262,0.6127393245697021,0.49477148056030273,0.0004807902732864022,0.5878095626831055,0.47482573986053467,0.010117094032466412,0.6350442171096802,0.4291399419307709,-0.013482777401804924,0.6314576268196106,0.41241633892059326,-0.004882270470261574,0.6270277500152588,0.41264036297798157,-0.0026826858520507812,0.6223942041397095,0.5007253289222717,0.0009292619652114809,0.5872422456741333,0.4943292438983917,0.021883806213736534,0.6377242207527161,0.41326379776000977,-0.012644513510167599,0.6223636269569397,0.5318067073822021,0.006203638855367899,0.6450537443161011,0.44224292039871216,-0.02907741069793701,0.6394866108894348,0.4345734119415283,-0.023023242130875587,0.6451622843742371,0.43310895562171936,-0.02436024881899357,0.6306218504905701,0.45109638571739197,-0.01733575575053692,0.6421608328819275,0.5491863489151001,0.0038146355655044317,0.642414391040802,0.5391635894775391,0.0029261510353535414,0.6320962309837341,0.5376695394515991,0.0037417132407426834,0.6088764071464539,0.5139505863189697,0.010072597302496433,0.6175927519798279,0.47092944383621216,-0.003973064944148064,0.6149260401725769,0.5238586664199829,0.008554521948099136,0.6019361615180969,0.46916505694389343,-0.002080031670629978,0.6111489534378052,0.47886577248573303,-0.0021773267071694136,0.5965823531150818,0.4818875789642334,0.004061342217028141,0.6299800276756287,0.5471521019935608,0.0048576947301626205,0.6270010471343994,0.45504483580589294,-0.012501459568738937,0.603454053401947,0.5202736854553223,0.01651054434478283,0.6113969087600708,0.5304455757141113,0.013986311852931976,0.6039467453956604,0.5030460357666016,0.008994835428893566,0.581222653388977,0.4832829535007477,0.026125866919755936,0.59563148021698,0.5042999386787415,0.01496355514973402,0.5781075358390808,0.48861163854599,0.04167499020695686,0.6060131788253784,0.48865288496017456,0.001676230109296739,0.6309390068054199,0.44311514496803284,-0.013640787452459335,0.6312224268913269,0.4685758948326111,-0.02524552494287491,0.6276896595954895,0.46959954500198364,-0.018145423382520676,0.6338789463043213,0.463713139295578,-0.029872283339500427,0.6270486116409302,0.40502434968948364,-0.007693370804190636,0.6171624660491943,0.3985752761363983,-0.009340522810816765,0.6081228256225586,0.39639773964881897,-0.008998352102935314,0.6003352999687195,0.3972611129283905,-0.006356512662023306,0.5947130918502808,0.40069636702537537,-0.002404695376753807,0.5904297232627869,0.4145943224430084,0.008317655883729458,0.5715757012367249,0.43387335538864136,0.038090020418167114,0.5956305861473083,0.4272087812423706,0.004501182120293379,0.602346658706665,0.43038710951805115,0.001128867152146995,0.6107999086380005,0.4308583438396454,-0.0011373122688382864,0.6185240745544434,0.42940694093704224,-0.002316521480679512,0.624394416809082,0.42735758423805237,-0.002503729658201337,0.6285663843154907,0.42523807287216187,-0.003034263849258423,0.5703379511833191,0.43172842264175415,0.06176424399018288,0.6277478933334351,0.4712370038032532,-0.014851773157715797,0.6349495649337769,0.44642144441604614,-0.02259068563580513,0.6353467106819153,0.4697670042514801,-0.029834508895874023,0.6382335424423218,0.4733995795249939,-0.02677491307258606,0.6352666616439819,0.47072869539260864,-0.026693863794207573,0.6291869282722473,0.47333765029907227,-0.01231514010578394,0.6393987536430359,0.4744115173816681,-0.028337128460407257,0.6399140357971191,0.4757140278816223,-0.020638788118958473,0.6282296180725098,0.41851115226745605,-0.0009143244824372232,0.6319297552108765,0.4210258424282074,-0.004244453273713589,0.6343122720718384,0.4230844974517822,-0.008193256333470345,0.5993210077285767,0.41110989451408386,0.0016476117307320237,0.5952717661857605,0.40732282400131226,0.0017149008344858885,0.6502289175987244,0.4434208273887634,-0.026650279760360718,0.6903547644615173,0.4175451993942261,0.005997765809297562,0.649907112121582,0.47457894682884216,-0.020540663972496986,0.71541827917099,0.3809993267059326,0.03322487697005272,0.6706138849258423,0.4253429174423218,-0.0007314074318856001,0.6775709390640259,0.4264374375343323,5.822295861435123e-05,0.6842406988143921,0.4258752763271332,0.0020150579512119293,0.6923040151596069,0.4196436107158661,0.007421397138386965,0.6651148200035095,0.42277809977531433,-0.0003301676479168236,0.6833028793334961,0.39763444662094116,-0.004054362885653973,0.6751325130462646,0.3989068865776062,-0.0045247189700603485,0.6903442740440369,0.39920589327812195,-0.00153551681432873,0.6944072842597961,0.4029342532157898,0.0013072964502498507,0.6972883939743042,0.42442214488983154,0.011246033944189548,0.6644868850708008,0.5401944518089294,0.01092783734202385,0.6926515698432922,0.4142703711986542,0.008054387755692005,0.7166111469268799,0.4188152253627777,0.03969867527484894,0.7035483121871948,0.41534367203712463,0.017261885106563568,0.6756337881088257,0.4610743522644043,-0.003083121031522751,0.6524698734283447,0.49048104882240295,-0.01361170131713152,0.6513413190841675,0.5009949803352356,-0.010229339823126793,0.6600456833839417,0.4932262599468231,-0.00941649079322815,0.6648102402687073,0.49616414308547974,-0.004137563984841108,0.6573325991630554,0.5007454752922058,-0.007444282528012991,0.6619296669960022,0.5008096098899841,-0.002638857578858733,0.670513927936554,0.5112195014953613,0.008142211474478245,0.6494898200035095,0.47149673104286194,-0.032261863350868225,0.650519609451294,0.4634951949119568,-0.03478681668639183,0.7045390605926514,0.38998812437057495,0.0026262400206178427,0.6631553173065186,0.4402533769607544,-0.006282882299274206,0.6628856062889099,0.46725764870643616,-0.01653098501265049,0.6633777618408203,0.4625101089477539,-0.014992018230259418,0.6948331594467163,0.45934754610061646,0.005477473605424166,0.6503964066505432,0.4527418613433838,-0.0318533293902874,0.6916711330413818,0.3815842866897583,-0.009526588022708893,0.6999517679214478,0.38366562128067017,-0.004014497622847557,0.7101260423660278,0.3664046823978424,0.019001193344593048,0.6616786122322083,0.39428335428237915,-0.015567786060273647,0.6679469347000122,0.4031931757926941,-0.002757000969722867,0.6753413081169128,0.5025244951248169,0.008677811361849308,0.7041414380073547,0.49576738476753235,0.06474174559116364,0.6581329107284546,0.4719603955745697,-0.013960742391645908,0.653451681137085,0.474401593208313,-0.014275575987994671,0.6705930233001709,0.5009076595306396,0.00768272252753377,0.6690167188644409,0.5011568069458008,0.00574489776045084,0.7032152414321899,0.3760439157485962,-0.0015567295486107469,0.6628885865211487,0.47013726830482483,-0.012725946493446827,0.6794717311859131,0.3846224248409271,-0.01361724454909563,0.6809767484664917,0.3764522075653076,-0.01564972475171089,0.6847282648086548,0.34753119945526123,-0.008309422060847282,0.7056102156639099,0.375896692276001,0.006930327508598566,0.680526077747345,0.36517804861068726,-0.012708156369626522,0.7077287435531616,0.3844757378101349,0.0077116056345403194,0.7113304734230042,0.38755887746810913,0.01935838907957077,0.6521269679069519,0.4962006211280823,-0.012621135450899601,0.6587381958961487,0.4972679913043976,-0.008673579432070255,0.6634691953659058,0.49851882457733154,-0.0038993556518107653,0.6567236185073853,0.47317105531692505,-0.012480346485972404,0.6697871685028076,0.5010386109352112,0.006635021418333054,0.6667311787605286,0.5040842890739441,0.003309690160676837,0.6681536436080933,0.5013045072555542,0.005566254258155823,0.6556442975997925,0.4703831970691681,-0.022968802601099014,0.6606469750404358,0.5023974776268005,-0.001387805095873773,0.6560488939285278,0.5030216574668884,-0.004615102894604206,0.6505131721496582,0.5037764310836792,-0.00712982565164566,0.6510623097419739,0.5295159816741943,0.0022128038108348846,0.651618480682373,0.5201643705368042,-0.004888440482318401,0.6514458656311035,0.5141192674636841,-0.00643915543332696,0.6510137915611267,0.508355438709259,-0.00571964168921113,0.6503994464874268,0.5037720203399658,-0.005438967142254114,0.6605845093727112,0.5024749040603638,-8.338817133335397e-05,0.6618190407752991,0.5045328140258789,-0.0005404531839303672,0.6631382703781128,0.5073642730712891,-0.0009591483394615352,0.6641085147857666,0.5106244087219238,0.0005298515316098928,0.6692808270454407,0.4899744391441345,-0.0026024540420621634,0.7135335803031921,0.4539012908935547,0.07005948573350906,0.6640601754188538,0.5019594430923462,0.003322969889268279,0.6654037237167358,0.5029236674308777,0.0030477619729936123,0.6515986919403076,0.4775247275829315,-0.014004482887685299,0.6609043478965759,0.47444263100624084,-0.007676152978092432,0.6524661779403687,0.4760441184043884,-0.014363577589392662,0.6696540713310242,0.4447619318962097,-0.003390695434063673,0.6802645921707153,0.4501807391643524,-0.0007201910484582186,0.6642452478408813,0.46567875146865845,-0.011054477654397488,0.7005525827407837,0.354906290769577,0.004426682833582163,0.6959813833236694,0.3678895831108093,-0.003520128084346652,0.694179117679596,0.3731894791126251,-0.009265480563044548,0.6655939221382141,0.5183972716331482,0.0057687340304255486,0.6644325852394104,0.3818452060222626,-0.019083118066191673,0.6645286083221436,0.3651537597179413,-0.018051156774163246,0.667329728603363,0.34400033950805664,-0.015862809494137764,0.6894590258598328,0.4237478971481323,0.004885330330580473,0.7029549479484558,0.4297574758529663,0.01543591357767582,0.6617825627326965,0.4204927682876587,0.00022039814211893827,0.6997197270393372,0.4051434397697449,0.007073225453495979,0.6589874625205994,0.43513765931129456,-0.009086077101528645,0.6596023440361023,0.4651543200016022,-0.02309572324156761,0.7107236385345459,0.43671002984046936,0.02342373877763748,0.6998395919799805,0.43755707144737244,0.01015532948076725,0.6924867630004883,0.4419145882129669,0.004257540684193373,0.679983913898468,0.44109633564949036,0.0010814053239300847,0.6706293225288391,0.4375072419643402,-0.0009640962234698236,0.6641039848327637,0.43368276953697205,-0.00330146006308496,0.6511417031288147,0.42492395639419556,-0.017134441062808037,0.7088138461112976,0.45465266704559326,0.023311007767915726,0.7043619155883789,0.40188536047935486,0.009943037293851376,0.647411048412323,0.4751955568790436,-0.02894284762442112,0.6622536182403564,0.4488987922668457,-0.008236429654061794,0.7178475856781006,0.4159391522407532,0.06109137088060379,0.6593931317329407,0.42961403727531433,-0.004874120466411114,0.6647849678993225,0.4656018912792206,-0.004667879082262516,0.6951810121536255,0.41350477933883667,0.009428550489246845,0.6599130630493164,0.4593225121498108,-0.02115832269191742,0.7099092602729797,0.4744251072406769,0.06912596523761749,0.6618320345878601,0.41724592447280884,0.0014399394858628511,0.6554170846939087,0.4552343785762787,-0.027713198214769363,0.6903985142707825,0.518394947052002,0.03252211585640907,0.6891242265701294,0.5262389183044434,0.044763050973415375,0.7137914299964905,0.4548164904117584,0.04660361260175705,0.6985415816307068,0.506644606590271,0.039381541311740875,0.7142221927642822,0.4019518196582794,0.031182296574115753,0.6650938987731934,0.5480485558509827,0.015566358342766762,0.6466168165206909,0.47646087408065796,-0.020307859405875206,0.6677196621894836,0.4545499384403229,-0.0052055357955396175,0.7072696685791016,0.4157743752002716,0.023870937526226044,0.6839293837547302,0.421458899974823,0.002116583753377199,0.677897572517395,0.42197325825691223,0.000402585428673774,0.667862594127655,0.5055260062217712,0.004532214254140854,0.7064892649650574,0.471322238445282,0.02697267010807991,0.6539598703384399,0.559866189956665,0.017964186146855354,0.6716407537460327,0.5461268424987793,0.029630715027451515,0.6795732378959656,0.5377902388572693,0.036199167370796204,0.6718987822532654,0.4208078384399414,-0.00012562648043967783,0.6664140820503235,0.418816477060318,0.00048808028805069625,0.6631553769111633,0.4178731143474579,0.0015125722857192159,0.7077839374542236,0.3983955979347229,0.01635005697607994,0.6681070923805237,0.4104210138320923,-0.0011279263999313116,0.6743793487548828,0.4079262912273407,-0.002058085286989808,0.6808356642723083,0.40777087211608887,-0.0015545900678262115,0.6866081953048706,0.4092792272567749,0.0003463015891611576,0.6897856593132019,0.41143524646759033,0.0026994843501597643,0.7177744507789612,0.3966452181339264,0.04846613481640816,0.687788188457489,0.4197409451007843,0.004238215275108814,0.6634722352027893,0.4859265983104706,-0.006635516881942749,0.6582489609718323,0.4710247814655304,-0.016548942774534225,0.6523757576942444,0.48414498567581177,-0.012898978777229786,0.6816048622131348,0.5296128392219543,0.02750878781080246,0.6734590530395508,0.5386009216308594,0.022004632279276848,0.6546891331672668,0.5549579858779907,0.00977852288633585,0.6969032287597656,0.5131418704986572,0.055458370596170425,0.6638256311416626,0.41450223326683044,0.00033195328433066607,0.6548362970352173,0.4386249780654907,-0.017712250351905823,0.6634535193443298,0.5539776086807251,0.022674070671200752,0.7103255391120911,0.4733140766620636,0.04740133509039879,0.6559628844261169,0.5030573010444641,-0.003024526871740818,0.6570500135421753,0.5065529942512512,-0.0034325909800827503,0.6579597592353821,0.5109947919845581,-0.003907275851815939,0.6585314273834229,0.5163596868515015,-0.002452983520925045,0.659220278263092,0.5248644351959229,0.0033112349919974804,0.6656394600868225,0.5008648633956909,0.0017421470256522298,0.6670548915863037,0.4997778832912445,0.001805186620913446,0.6682451367378235,0.49859559535980225,0.001729826326481998,0.6734998226165771,0.4955601692199707,0.0027392993215471506,0.6985012888908386,0.47677531838417053,0.014124562963843346,0.6549652218818665,0.4294823408126831,-0.012707529589533806,0.6585262417793274,0.41041237115859985,-0.003927737008780241,0.6617190837860107,0.4112481474876404,-0.0011834270553663373,0.6641181707382202,0.5018752217292786,0.0025279256515204906,0.6973276138305664,0.49584969878196716,0.025883447378873825,0.653978705406189,0.4112093448638916,-0.012032373808324337,0.6620837450027466,0.5320701599121094,0.007573180831968784,0.6507318615913391,0.43474650382995605,-0.022629251703619957,0.6585919857025146,0.45168381929397583,-0.016414867714047432,0.6526163220405579,0.5378031730651855,0.004400370176881552,0.6758225560188293,0.5146631002426147,0.012409649789333344,0.6700860261917114,0.4718926250934601,-0.0022586893755942583,0.6694852709770203,0.524341344833374,0.010400442406535149,0.6855535507202148,0.47072046995162964,0.0007818377343937755,0.6760836243629456,0.48004379868507385,6.860061603219947e-06,0.6898581981658936,0.483429878950119,0.007322550751268864,0.6542466282844543,0.5473138093948364,0.005746206268668175,0.6618016362190247,0.4557036757469177,-0.011335529386997223,0.6805034875869751,0.5209540724754333,0.019210778176784515,0.6723759770393372,0.5308763980865479,0.016055187210440636,0.6812684535980225,0.5040261745452881,0.011879420839250088,0.7036846876144409,0.4852421283721924,0.030637161806225777,0.6889258623123169,0.5054107904434204,0.018318910151720047,0.7057268619537354,0.4905170202255249,0.04642326012253761,0.680384635925293,0.4898509681224823,0.004277810454368591,0.6584010720252991,0.4436475336551666,-0.012615161947906017,0.6575753688812256,0.46904686093330383,-0.02431761659681797,0.6609179973602295,0.47017747163772583,-0.01711065135896206,0.6553926467895508,0.46407240629196167,-0.029163729399442673,0.6648432612419128,0.4008573293685913,-0.006352069787681103,0.6767122149467468,0.39388370513916016,-0.007227518130093813,0.6867367625236511,0.3922831118106842,-0.0061816987581551075,0.6942850947380066,0.39383214712142944,-0.0030229315161705017,0.6987665295600891,0.3978964686393738,0.0012744803680106997,0.6988245248794556,0.41432011127471924,0.012290443293750286,0.7160967588424683,0.4367612600326538,0.04358234629034996,0.6941730380058289,0.4292295575141907,0.008131617680191994,0.6877620816230774,0.4324491322040558,0.004302255343645811,0.6787562966346741,0.43279099464416504,0.0014967597089707851,0.6702852249145508,0.4306197464466095,-0.0002614953264128417,0.6641426682472229,0.42764341831207275,-0.0009619047050364316,0.66008061170578,0.42504703998565674,-0.0017820141511037946,0.7159451246261597,0.4346417188644409,0.06767836958169937,0.6606001257896423,0.47176674008369446,-0.013823425397276878,0.6547213792800903,0.4467906057834625,-0.021855656057596207,0.6536089181900024,0.4700399339199066,-0.02922506257891655,0.6504005789756775,0.4736281931400299,-0.026414601132273674,0.6534720063209534,0.4710676372051239,-0.026074586436152458,0.6590268611907959,0.47380203008651733,-0.011463882401585579,0.6493009328842163,0.4745602309703827,-0.028045931831002235,0.6485064625740051,0.47582998871803284,-0.020406978204846382,0.6597625613212585,0.4178067445755005,0.0004487700934987515,0.657023012638092,0.42040693759918213,-0.0032542257104068995,0.6557967662811279,0.4229263961315155,-0.007397214416414499,0.6914886832237244,0.4130319654941559,0.005074765533208847,0.6963082551956177,0.4072241485118866,0.005287394858896732,0.6060779094696045,0.41301390528678894,-0.0008858854998834431,0.6117236614227295,0.4129205048084259,-0.0008858854998834431,0.6064575910568237,0.40560445189476013,-0.0008858854998834431,0.6004711389541626,0.4131193161010742,-0.0008858854998834431,0.6057349443435669,0.4205092191696167,-0.0008858854998834431,0.6698547601699829,0.41451358795166016,0.0017397755291312933,0.6754939556121826,0.41446948051452637,0.0017397755291312933,0.6703678369522095,0.407112717628479,0.0017397755291312933,0.6646063327789307,0.41454970836639404,0.0017397755291312933,0.6695634126663208,0.4219655990600586,0.0017397755291312933
1633.3333333333323,0.6445299386978149,0.49258753657341003,-0.014936241321265697,0.6445773839950562,0.4707629978656769,-0.03330198675394058,0.6441828608512878,0.47744736075401306,-0.01638644002377987,0.6400601863861084,0.4423949122428894,-0.02718326635658741,0.6448399424552917,0.4623144268989563,-0.036024581640958786,0.6451095938682556,0.45087772607803345,-0.03429924696683884,0.6457322239875793,0.4226076006889343,-0.019867204129695892,0.601053774356842,0.4150242209434509,0.0033254106529057026,0.6463421583175659,0.3995719850063324,-0.017451468855142593,0.6466416716575623,0.38767653703689575,-0.019891832023859024,0.6477530002593994,0.3427756130695343,-0.01740763895213604,0.644404411315918,0.49686309695243835,-0.013932323083281517,0.6441727876663208,0.501223087310791,-0.011747350916266441,0.6439334750175476,0.5039985775947571,-0.008668879978358746,0.6438050866127014,0.5041357278823853,-0.0069086384028196335,0.64381343126297,0.5090608596801758,-0.007424164563417435,0.6437022686004639,0.5148386359214783,-0.00818696990609169,0.6434775590896606,0.5207282900810242,-0.006502937991172075,0.6426470875740051,0.5290641188621521,0.0004887370159849524,0.6444022059440613,0.4746958315372467,-0.029789544641971588,0.6386839747428894,0.47372183203697205,-0.02120782434940338,0.5762566924095154,0.3788588345050812,0.029370687901973724,0.6187852621078491,0.42347612977027893,-0.0024564052000641823,0.6128352284431458,0.4240124523639679,-0.0020222037564963102,0.6067652702331543,0.4235658049583435,-0.00035024352837353945,0.5982456803321838,0.41775989532470703,0.004602489061653614,0.6237296462059021,0.4219769835472107,-0.0016253708163276315,0.6098383069038391,0.39998510479927063,-0.006099645048379898,0.6167527437210083,0.40143007040023804,-0.006073283962905407,0.6034261584281921,0.4009155333042145,-0.0038835478480905294,0.5990992784500122,0.40373164415359497,-0.0012407931499183178,0.5930505394935608,0.42312103509902954,0.008163779973983765,0.6194993257522583,0.5394077301025391,0.008407508954405785,0.5984726548194885,0.41231223940849304,0.005297741387039423,0.5737786889076233,0.4169436991214752,0.03540176898241043,0.5855427384376526,0.41648879647254944,0.013909530825912952,0.6124541759490967,0.45941075682640076,-0.0051076882518827915,0.636094868183136,0.49010294675827026,-0.014397128485143185,0.6364763379096985,0.5003837943077087,-0.010990656912326813,0.6275394558906555,0.4926695227622986,-0.010577398352324963,0.6217864155769348,0.4952552318572998,-0.005458022002130747,0.6297552585601807,0.4998473525047302,-0.008445661514997482,0.6244434714317322,0.49966341257095337,-0.0037619557697325945,0.6137831807136536,0.5087097883224487,0.006365074776113033,0.6395601034164429,0.47033053636550903,-0.03288396820425987,0.6390879154205322,0.4621365964412689,-0.0354013666510582,0.5906898975372314,0.39666035771369934,-0.0003499502781778574,0.6262690424919128,0.43945708870887756,-0.0073850806802511215,0.6258404850959778,0.46570083498954773,-0.01797066442668438,0.6255035996437073,0.46098726987838745,-0.01639130339026451,0.5927419066429138,0.45693641901016235,0.0023442066740244627,0.6395546197891235,0.45152246952056885,-0.03249068558216095,0.6068025827407837,0.3899931311607361,-0.011560398153960705,0.5974851250648499,0.39169588685035706,-0.006550409831106663,0.5829038023948669,0.3642905652523041,0.015740908682346344,0.6339004635810852,0.400859534740448,-0.01611410453915596,0.6225451231002808,0.4052366316318512,-0.003957610111683607,0.6090769171714783,0.4996447265148163,0.006509496830403805,0.5797486305236816,0.49541446566581726,0.06023726984858513,0.630187451839447,0.4706762135028839,-0.015115609392523766,0.634877622127533,0.47338348627090454,-0.015039045363664627,0.6145685911178589,0.4991288185119629,0.006055679637938738,0.6161876916885376,0.4994521737098694,0.0043962434865534306,0.5941006541252136,0.38513508439064026,-0.004225155338644981,0.6254051923751831,0.46860742568969727,-0.014162082225084305,0.6189512014389038,0.3926825225353241,-0.014917944557964802,0.6182023286819458,0.38504737615585327,-0.01693546772003174,0.6095077991485596,0.3458927869796753,-0.009793328121304512,0.5878965258598328,0.3740706145763397,0.004073591902852058,0.6134211421012878,0.36386749148368835,-0.013947878032922745,0.5867221355438232,0.391573429107666,0.004479836672544479,0.5810152888298035,0.3855312168598175,0.015935450792312622,0.6361308097839355,0.4956817924976349,-0.013371708802878857,0.6286410093307495,0.49647781252861023,-0.009725561365485191,0.6230623126029968,0.49749407172203064,-0.005084076896309853,0.6314830780029297,0.47202417254447937,-0.013504811562597752,0.6153991222381592,0.499297559261322,0.005193013697862625,0.6187576651573181,0.502504825592041,0.002058085286989808,0.6170549392700195,0.49965107440948486,0.004258868284523487,0.6330410242080688,0.46914616227149963,-0.024089867249131203,0.6254726052284241,0.5011966228485107,-0.002579658292233944,0.630717933177948,0.5020567774772644,-0.005719808861613274,0.6369310021400452,0.5031272768974304,-0.008062816224992275,0.6339284181594849,0.5280291438102722,0.0006073004915378988,0.6350094079971313,0.5193749070167542,-0.006279961671680212,0.6355124711990356,0.5134576559066772,-0.00767863355576992,0.6361661553382874,0.5077694058418274,-0.0068273479118943214,0.6368562579154968,0.5032914280891418,-0.006293698213994503,0.6254250407218933,0.5013155341148376,-0.0011703495401889086,0.62419193983078,0.5032593607902527,-0.0017732316628098488,0.6227384209632874,0.5060056447982788,-0.0023412946611642838,0.6215432286262512,0.5092167258262634,-0.0009378351969644427,0.6167312264442444,0.4878109395503998,-0.004121461417526007,0.5731186270713806,0.45288148522377014,0.06518728286027908,0.644285261631012,0.4761311709880829,-0.021185748279094696,0.6215013265609741,0.5005462169647217,0.0021845202427357435,0.6201778650283813,0.5014069080352783,0.001847565290518105,0.6366196870803833,0.4764998257160187,-0.01483884546905756,0.6270053386688232,0.4729882478713989,-0.008925769478082657,0.6358004808425903,0.474996954202652,-0.015137758105993271,0.6192778944969177,0.44361990690231323,-0.0049836598336696625,0.608208417892456,0.4483969509601593,-0.0029379157349467278,0.6242354512214661,0.46412980556488037,-0.012528269551694393,0.5934069156646729,0.353005588054657,0.00199417513795197,0.5981945991516113,0.3663811683654785,-0.005654702894389629,0.6048657894134521,0.38235732913017273,-0.011312060989439487,0.6187826991081238,0.5164281725883484,0.004014300182461739,0.6325799226760864,0.3889496326446533,-0.0195932500064373,0.6291443705558777,0.36409425735473633,-0.01839917153120041,0.6270102262496948,0.34286919236183167,-0.01626685820519924,0.6014047265052795,0.4215168058872223,0.00226167612709105,0.5861037969589233,0.4288588762283325,0.012024243362247944,0.6269034147262573,0.4203375279903412,-0.0009144299547187984,0.5926698446273804,0.4068989157676697,0.004149113316088915,0.6309510469436646,0.43454042077064514,-0.009943870827555656,0.6294706463813782,0.463649183511734,-0.024337051436305046,0.5787262916564941,0.4344954490661621,0.019466839730739594,0.590840756893158,0.4357154965400696,0.006926691625267267,0.5991322994232178,0.43989846110343933,0.0014990667114034295,0.6109859347343445,0.43929994106292725,-0.001059846836142242,0.619557797908783,0.43617093563079834,-0.002551910700276494,0.6258748173713684,0.4327545464038849,-0.004396297037601471,0.6397329568862915,0.42442378401756287,-0.017482612282037735,0.5790343284606934,0.4522401690483093,0.019278455525636673,0.5876316428184509,0.40543967485427856,0.0067977639846503735,0.6413747072219849,0.47430646419525146,-0.029526855796575546,0.6269038915634155,0.44788816571235657,-0.00942351296544075,0.5713503360748291,0.4144405722618103,0.0563981719315052,0.6308837532997131,0.42888975143432617,-0.0056716520339250565,0.6233331561088562,0.4641011357307434,-0.006138655357062817,0.5958217978477478,0.4124051630496979,0.006523963063955307,0.6293413639068604,0.4578839838504791,-0.0223526768386364,0.5754170417785645,0.47378137707710266,0.06439685821533203,0.6264047026634216,0.4173496663570404,0.00022542504302691668,0.6342889070510864,0.45390650629997253,-0.02865440770983696,0.5932919383049011,0.5176470875740051,0.02894667349755764,0.5936917662620544,0.5263090133666992,0.04105125367641449,0.5737730264663696,0.45320796966552734,0.04207174479961395,0.5852803587913513,0.5058040618896484,0.03538767620921135,0.5770293474197388,0.3999500572681427,0.027344128116965294,0.6186213493347168,0.547387421131134,0.012794689275324345,0.641916811466217,0.4757220447063446,-0.020818844437599182,0.6208598017692566,0.4532550573348999,-0.0067315492779016495,0.5797218680381775,0.4171715974807739,0.020132672041654587,0.6076874136924744,0.418379545211792,-0.0002654627605807036,0.6130195260047913,0.4189780354499817,-0.0017009915318340063,0.6175122261047363,0.5038943886756897,0.0031730036716908216,0.5797775983810425,0.4692741930484772,0.022920699790120125,0.6294717788696289,0.5590553283691406,0.015522141940891743,0.6115764379501343,0.5461019277572632,0.0265500545501709,0.6035143733024597,0.5379425287246704,0.03289029747247696,0.6471720337867737,0.3648805618286133,-0.0194106325507164,0.64180988073349,0.561093807220459,0.014216245152056217,0.6178862452507019,0.4185003936290741,-0.0019056439632549882,0.6224003434181213,0.41770750284194946,-0.0010236356174573302,0.6251956224441528,0.4175571799278259,0.00019399385200813413,0.582757294178009,0.4024902582168579,0.012853284366428852,0.620854377746582,0.4110031723976135,-0.0025964812375605106,0.6155785322189331,0.40817368030548096,-0.0038035023026168346,0.6104608774185181,0.4072795510292053,-0.003589204279705882,0.6053138375282288,0.4080042541027069,-0.001968426862731576,0.6019711494445801,0.40968936681747437,0.00014806554827373475,0.5726343989372253,0.39472731947898865,0.04412088543176651,0.6038506031036377,0.41688063740730286,0.0016643339768052101,0.644012987613678,0.4831535518169403,-0.014273111708462238,0.6235347390174866,0.48415035009384155,-0.008019037544727325,0.6302011013031006,0.4696916341781616,-0.017668163403868675,0.6355165839195251,0.4830189347267151,-0.01377737708389759,0.6460341215133667,0.4108075201511383,-0.01634322851896286,0.6021185517311096,0.5289433002471924,0.02436302788555622,0.6101897358894348,0.5380173325538635,0.019052065908908844,0.6292331218719482,0.5541338920593262,0.007462434470653534,0.586153507232666,0.5130681395530701,0.051343146711587906,0.6246392726898193,0.4148795008659363,-0.0009701043600216508,0.6353284120559692,0.43779218196868896,-0.018362879753112793,0.64201420545578,0.5562565922737122,0.0064627425745129585,0.6198888421058655,0.5535897612571716,0.019797308370471,0.5755928158760071,0.47202062606811523,0.04293078929185867,0.6306856870651245,0.5022274851799011,-0.0040664453990757465,0.6294928193092346,0.5056086778640747,-0.004709163680672646,0.6284363865852356,0.5099584460258484,-0.005301627796143293,0.6276318430900574,0.5152217149734497,-0.003938673064112663,0.6253948211669922,0.5232755541801453,0.0015530848177149892,0.6201253533363342,0.4994618892669678,0.0005576318362727761,0.618731677532196,0.4983873665332794,0.0005031832261011004,0.6175947785377502,0.4972537159919739,0.00028815781115554273,0.6115362048149109,0.4928949475288391,0.000893783348146826,0.5875335931777954,0.4746755063533783,0.01061599887907505,0.6354383826255798,0.4289175570011139,-0.013281265273690224,0.6319423317909241,0.4120062291622162,-0.0044624381698668,0.6275718808174133,0.4122216999530792,-0.0021833465434610844,0.6215121746063232,0.5004615187644958,0.0012737913057208061,0.5871826410293579,0.4943722188472748,0.022185157984495163,0.6381566524505615,0.4129190444946289,-0.012367642484605312,0.6221302151679993,0.531001627445221,0.005464198999106884,0.6453191041946411,0.4413973093032837,-0.029228363186120987,0.6398334503173828,0.43398815393447876,-0.02298908494412899,0.6455109119415283,0.4325050413608551,-0.02438054233789444,0.6308002471923828,0.45049160718917847,-0.01737469807267189,0.642223596572876,0.5484688878059387,0.00235472503118217,0.6424406170845032,0.5382631421089172,0.0014946098672226071,0.6319298148155212,0.5368449687957764,0.002484074328094721,0.6085501909255981,0.5127175450325012,0.010124239139258862,0.6174257397651672,0.47022634744644165,-0.003962664399296045,0.614717960357666,0.5229002237319946,0.008260751143097878,0.6015174984931946,0.46863648295402527,-0.0018570928368717432,0.6106096506118774,0.47800183296203613,-0.0019501292845234275,0.5960095524787903,0.481316477060318,0.004304803907871246,0.6299704313278198,0.546535313129425,0.0035533569753170013,0.6271312832832336,0.4544842839241028,-0.012533272616565228,0.6036564707756042,0.5196473598480225,0.016392258927226067,0.6115894913673401,0.5298770070075989,0.013441712595522404,0.6033502221107483,0.5016555190086365,0.009185681119561195,0.5814386010169983,0.48361796140670776,0.02659975364804268,0.5954857468605042,0.5037421584129333,0.015152414329349995,0.5789555311203003,0.489498108625412,0.04208280146121979,0.6051051020622253,0.48734250664711,0.0019587473943829536,0.6312130093574524,0.4427504241466522,-0.013528638519346714,0.6312223076820374,0.46766412258148193,-0.02550431340932846,0.6276407837867737,0.4687177836894989,-0.018398789688944817,0.6339613795280457,0.46266353130340576,-0.0300899725407362,0.6275461316108704,0.40487122535705566,-0.00713614746928215,0.6178048253059387,0.3986344337463379,-0.008625678718090057,0.6089047789573669,0.39653313159942627,-0.008192598819732666,0.601243793964386,0.3974473178386688,-0.005440025124698877,0.5956776738166809,0.400850772857666,-0.0014208935899659991,0.5914466381072998,0.41460639238357544,0.009219891391694546,0.5730159878730774,0.4349903166294098,0.039056386798620224,0.5967159867286682,0.4273524880409241,0.005242814775556326,0.6033722162246704,0.4305424392223358,0.0018060521688312292,0.6116881370544434,0.43091413378715515,-0.0005611187661997974,0.6192914247512817,0.4292660355567932,-0.0018770514288917184,0.625068724155426,0.4270336329936981,-0.0020702409092336893,0.6291659474372864,0.42483869194984436,-0.002664463361725211,0.5720646977424622,0.4333885908126831,0.06284826993942261,0.6276707053184509,0.47036755084991455,-0.015106393955647945,0.6351754665374756,0.44569650292396545,-0.022641576826572418,0.6353849172592163,0.4688161611557007,-0.03012164868414402,0.6383118629455566,0.4726535379886627,-0.027103308588266373,0.635291576385498,0.469896525144577,-0.026989812031388283,0.6290534138679504,0.4725126624107361,-0.012599313631653786,0.6394656300544739,0.4736281931400299,-0.028682349249720573,0.6400169730186462,0.475057989358902,-0.020995307713747025,0.6288458704948425,0.4180406332015991,-0.0005117864930070937,0.6324518918991089,0.4205819368362427,-0.003909747116267681,0.6348022222518921,0.4227481186389923,-0.007898624986410141,0.5999972224235535,0.411138117313385,0.0023919059894979,0.5961520075798035,0.4073893427848816,0.0025488357059657574,0.6505059003829956,0.44265273213386536,-0.026846149936318398,0.6902748942375183,0.4179871380329132,0.005964316893368959,0.6499103903770447,0.4739280641078949,-0.020952869206666946,0.7159059047698975,0.38278332352638245,0.03329135850071907,0.6710501909255981,0.4254422187805176,-0.0007277459953911602,0.6777592301368713,0.42659828066825867,5.52233868802432e-05,0.6842463612556458,0.42615774273872375,0.0020121801644563675,0.692380964756012,0.42015671730041504,0.007395195309072733,0.6656676530838013,0.422821581363678,-0.00024286679399665445,0.6831033825874329,0.3979223966598511,-0.003996382933109999,0.6752168536186218,0.39907291531562805,-0.004386616870760918,0.690036416053772,0.39959606528282166,-0.0014736007433384657,0.694157063961029,0.4034067988395691,0.0013642661506310105,0.6974212527275085,0.42518579959869385,0.01121174730360508,0.6648049354553223,0.5399550795555115,0.009719965048134327,0.6926695108413696,0.4147917330265045,0.008066773414611816,0.7165839076042175,0.4206584095954895,0.03959131985902786,0.7041952013969421,0.41644445061683655,0.017261415719985962,0.67638099193573,0.4610467553138733,-0.0033776466734707355,0.6527154445648193,0.4905737042427063,-0.0139808040112257,0.6514880061149597,0.5009374618530273,-0.01059552002698183,0.6604294776916504,0.4934823513031006,-0.009722128510475159,0.66526859998703,0.496503084897995,-0.004209223203361034,0.6575691103935242,0.5008590221405029,-0.00769105413928628,0.6622350811958313,0.5010527968406677,-0.002678346587345004,0.6714056730270386,0.5095852613449097,0.00808187760412693,0.6495606899261475,0.4705566465854645,-0.03265394642949104,0.6505935788154602,0.4624016284942627,-0.03513859212398529,0.7042476534843445,0.39077994227409363,0.002735897433012724,0.6637670397758484,0.44040346145629883,-0.006297965068370104,0.6631746292114258,0.4666208028793335,-0.017002789303660393,0.6637236475944519,0.4619523286819458,-0.015425355173647404,0.6958490014076233,0.4595835208892822,0.005305589642375708,0.6505848169326782,0.45174556970596313,-0.03215363621711731,0.6909528970718384,0.3817886710166931,-0.009275434538722038,0.6992902755737305,0.3842180669307709,-0.003788586473092437,0.7106793522834778,0.367775559425354,0.019228382036089897,0.6615981459617615,0.3934539556503296,-0.015314646996557713,0.6683047413825989,0.4032618999481201,-0.002608806826174259,0.6764872074127197,0.5007149577140808,0.008603126741945744,0.7039819955825806,0.4975614547729492,0.06402174383401871,0.6583910584449768,0.4713442325592041,-0.014447515830397606,0.6536072492599487,0.47380611300468445,-0.014682507142424583,0.671042263507843,0.5013173818588257,0.00788082368671894,0.6694434881210327,0.501524806022644,0.0060278549790382385,0.7027785778045654,0.37692755460739136,-0.001327548292465508,0.6632077693939209,0.469536155462265,-0.013207964599132538,0.6789195537567139,0.38431891798973083,-0.013362133875489235,0.6803950071334839,0.37643730640411377,-0.015363694168627262,0.6855161190032959,0.3479268550872803,-0.007852215319871902,0.7061101198196411,0.37687647342681885,0.007251468952745199,0.6810787916183472,0.36530017852783203,-0.012193871662020683,0.7077978849411011,0.3856477737426758,0.0077962446957826614,0.7118422389030457,0.38896453380584717,0.019517695531249046,0.652319610118866,0.49621763825416565,-0.012963001616299152,0.6590522527694702,0.49744927883148193,-0.008926109410822392,0.6638531684875488,0.4988057613372803,-0.0039444598369300365,0.65696781873703,0.4725828766822815,-0.012909437529742718,0.6702225804328918,0.5014282464981079,0.00688793184235692,0.6670915484428406,0.5043767094612122,0.0034744893200695515,0.6685567498207092,0.5016520023345947,0.0058505116030573845,0.6557922959327698,0.46969524025917053,-0.023420987650752068,0.6608901023864746,0.5025959014892578,-0.0015348413726314902,0.6562387943267822,0.5030822157859802,-0.004989416338503361,0.6506031155586243,0.5036780834197998,-0.007672565057873726,0.6512948870658875,0.5283173322677612,0.001052610226906836,0.6516932249069214,0.5199230313301086,-0.005799143109470606,0.6515393853187561,0.5139582753181458,-0.007195419631898403,0.6511023044586182,0.5082734823226929,-0.006355085410177708,0.6504607200622559,0.5037853121757507,-0.005847033113241196,0.6608331799507141,0.5026828646659851,-0.00010289719648426399,0.6621170043945312,0.5047248601913452,-0.0007123433169908822,0.6634852886199951,0.5075271129608154,-0.0011873225448653102,0.6644985675811768,0.5107603669166565,0.0003143948270007968,0.6700974702835083,0.48886752128601074,-0.0026460757944732904,0.7132192254066467,0.4561319053173065,0.06953196972608566,0.6643537878990173,0.5022218823432922,0.0035427699331194162,0.6657274961471558,0.5031992793083191,0.003201261628419161,0.6517586708068848,0.47691431641578674,-0.014476007781922817,0.6612368226051331,0.47382375597953796,-0.008154497481882572,0.652617871761322,0.47543883323669434,-0.014794972725212574,0.6703834533691406,0.4449421763420105,-0.0034607481211423874,0.6811316609382629,0.4503270387649536,-0.0008354865713045001,0.6646320819854736,0.465160608291626,-0.011497406288981438,0.7011741995811462,0.35585665702819824,0.004798267036676407,0.6964274048805237,0.3684987425804138,-0.003111728699877858,0.6935520172119141,0.3737500011920929,-0.0089950580149889,0.6662682890892029,0.5170788764953613,0.005460239946842194,0.6642001867294312,0.38126522302627563,-0.018745779991149902,0.6652082800865173,0.36491429805755615,-0.017463603988289833,0.6682847142219543,0.3439956307411194,-0.01529686339199543,0.6894536018371582,0.4241516590118408,0.004868828691542149,0.7032619714736938,0.43075841665267944,0.015374059788882732,0.6623409390449524,0.42047885060310364,0.0003135753213427961,0.6997270584106445,0.4058785140514374,0.0071511706337332726,0.6595437526702881,0.43521222472190857,-0.009078304283320904,0.6598121523857117,0.46440383791923523,-0.02354484237730503,0.7109709978103638,0.4378742575645447,0.02329345978796482,0.6996025443077087,0.4383223056793213,0.01008536946028471,0.6919384598731995,0.44238296151161194,0.00420604832470417,0.6796355843544006,0.44116559624671936,0.0010433671995997429,0.6705976128578186,0.43737801909446716,-0.0009776641381904483,0.6642007231712341,0.4334324598312378,-0.0032428517006337643,0.6516291499137878,0.4246540367603302,-0.017089273780584335,0.709345817565918,0.45555099844932556,0.023083699867129326,0.7045982480049133,0.40286338329315186,0.010011738166213036,0.6474394202232361,0.4744110405445099,-0.029342465102672577,0.6627970933914185,0.4487946629524231,-0.008402291685342789,0.7177987694740295,0.41817817091941833,0.060815632343292236,0.659518301486969,0.4292449355125427,-0.004775326699018478,0.665276050567627,0.4651837944984436,-0.005071574822068214,0.6952800154685974,0.41409242153167725,0.009443792514503002,0.6602025032043457,0.4586540162563324,-0.02156122587621212,0.7095617651939392,0.4765373170375824,0.0684966892004013,0.6624918580055237,0.41727837920188904,0.0015325139975175261,0.6556370258331299,0.45440083742141724,-0.028063561767339706,0.6907086372375488,0.5189976692199707,0.0317731574177742,0.689110279083252,0.5270817875862122,0.043895427137613297,0.7138294577598572,0.45650187134742737,0.04623780399560928,0.6989705562591553,0.5077112913131714,0.03868340328335762,0.7145117521286011,0.4036704897880554,0.031209707260131836,0.6651920676231384,0.5478259325027466,0.014159099198877811,0.6466602683067322,0.475813627243042,-0.0207135658711195,0.6683441996574402,0.45447930693626404,-0.005443105008453131,0.7084301710128784,0.41710859537124634,0.02382371574640274,0.6838732957839966,0.42173558473587036,0.0020808482076972723,0.6780545115470886,0.4222102761268616,0.00038930936716496944,0.66826331615448,0.5058335065841675,0.004693708382546902,0.7072300314903259,0.47226738929748535,0.026630744338035583,0.653986930847168,0.5591570734977722,0.0163166131824255,0.6715893149375916,0.5462393164634705,0.02834494411945343,0.6794901490211487,0.5382484197616577,0.0351518839597702,0.6723183989524841,0.42103707790374756,-0.00010900693450821564,0.6670316457748413,0.419000506401062,0.0005430260207504034,0.6638209223747253,0.41797763109207153,0.0015996404690667987,0.7084698677062988,0.3997008800506592,0.01636183261871338,0.6686444878578186,0.4107969403266907,-0.0010623448761180043,0.6747419834136963,0.40847986936569214,-0.0020095882937312126,0.6809136271476746,0.4084444046020508,-0.0015300692757591605,0.6865156888961792,0.40994930267333984,0.000363667932106182,0.6896764636039734,0.41203293204307556,0.0026788280811160803,0.7180548906326294,0.3987179100513458,0.04835764691233635,0.6876710057258606,0.42009758949279785,0.004198569804430008,0.6639489531517029,0.48503243923187256,-0.006908082403242588,0.6584882736206055,0.4703921377658844,-0.01698799431324005,0.6525222063064575,0.4834441840648651,-0.013347524218261242,0.6817230582237244,0.5299406051635742,0.026630589738488197,0.673554003238678,0.5386790633201599,0.020861783996224403,0.6547285914421082,0.55439293384552,0.00821617804467678,0.6969086527824402,0.5144624710083008,0.05466694384813309,0.664419412612915,0.4146813750267029,0.00042986078187823296,0.6552554965019226,0.4382701516151428,-0.017802586778998375,0.6634313464164734,0.553663432598114,0.021145494654774666,0.7104707360267639,0.47496476769447327,0.046894948929548264,0.6561452150344849,0.5031841397285461,-0.003266463754698634,0.6572842001914978,0.5066166520118713,-0.0038699174765497446,0.6582357883453369,0.5110024213790894,-0.004415163770318031,0.6588339805603027,0.5162746906280518,-0.002988042775541544,0.6596939563751221,0.5236379504203796,0.0026474061887711287,0.6659932136535645,0.5011882185935974,0.0019294943194836378,0.6674742102622986,0.500139057636261,0.002004624344408512,0.6687245965003967,0.49898239970207214,0.0018934377003461123,0.6746016144752502,0.49403879046440125,0.002785256365314126,0.6995972394943237,0.4772704839706421,0.013817387633025646,0.6554872989654541,0.42939621210098267,-0.012680248357355595,0.6590248942375183,0.41020864248275757,-0.0037203840911388397,0.6622641682624817,0.411243736743927,-0.0010064675007015467,0.6644193530082703,0.5021589398384094,0.002640671795234084,0.6982290148735046,0.49649566411972046,0.025383295491337776,0.6541860103607178,0.4107067286968231,-0.011882574297487736,0.6625226736068726,0.5314720273017883,0.006603824440389872,0.6510900259017944,0.43422847986221313,-0.02268478460609913,0.659003734588623,0.451246976852417,-0.016663333401083946,0.6528800129890442,0.5370877981185913,0.003011400578543544,0.6763492822647095,0.5138100981712341,0.01207847148180008,0.6706559062004089,0.4715236723423004,-0.002597150159999728,0.6699309349060059,0.5236716270446777,0.009797030128538609,0.6865845322608948,0.47070738673210144,0.00044447561958804727,0.6769116520881653,0.4795926809310913,-0.0001658494002185762,0.6910015344619751,0.48343101143836975,0.006956180091947317,0.6544229984283447,0.5468431711196899,0.004253788851201534,0.6622740030288696,0.4553662836551666,-0.011639046482741833,0.6808428764343262,0.5207910537719727,0.01860407367348671,0.672671377658844,0.5306746959686279,0.015130980871617794,0.6820775270462036,0.5030762553215027,0.011591343209147453,0.7044571042060852,0.4862276315689087,0.030179589986801147,0.6896731853485107,0.5053562521934509,0.017881689593195915,0.7059998512268066,0.4920213520526886,0.04580628499388695,0.6814654469490051,0.4890100955963135,0.004112510941922665,0.6588795185089111,0.4434530735015869,-0.012734729796648026,0.6577498912811279,0.4683122932910919,-0.024773959070444107,0.6611747741699219,0.46952885389328003,-0.017587168142199516,0.6555141806602478,0.46315646171569824,-0.02954583801329136,0.6650981307029724,0.40058407187461853,-0.006096087396144867,0.6765198111534119,0.3938494324684143,-0.0069786543026566505,0.6862162351608276,0.39248624444007874,-0.005988710559904575,0.6936843395233154,0.3942573666572571,-0.002841388573870063,0.6983555555343628,0.39846158027648926,0.0014430783921852708,0.6991658210754395,0.4151650369167328,0.01231000293046236,0.7160415053367615,0.43854475021362305,0.043347783386707306,0.6940935254096985,0.42978227138519287,0.008085925132036209,0.6876094341278076,0.43283984065055847,0.0042979042045772076,0.6787781119346619,0.4329369068145752,0.0015117820585146546,0.6705615520477295,0.43062320351600647,-0.00026012977468781173,0.6645369529724121,0.4275508224964142,-0.0008577515836805105,0.6605062484741211,0.42486411333084106,-0.001680265530012548,0.7157121896743774,0.4369274377822876,0.06729181110858917,0.6608827114105225,0.47113803029060364,-0.01430073007941246,0.6550602912902832,0.4461788237094879,-0.022075731307268143,0.6536684036254883,0.46920379996299744,-0.029640216380357742,0.6504010558128357,0.4729197025299072,-0.026816077530384064,0.6535437107086182,0.47033828496932983,-0.026500025764107704,0.65931636095047,0.4731883108615875,-0.011930788867175579,0.6493186354637146,0.473810613155365,-0.028448989614844322,0.648523211479187,0.47518685460090637,-0.020814573392271996,0.6603474617004395,0.417726993560791,0.0005621242453344166,0.6574949026107788,0.4201483726501465,-0.003126697149127722,0.6559839844703674,0.42249953746795654,-0.0072684804908931255,0.6914103031158447,0.4135712683200836,0.005064517725259066,0.6962271928787231,0.40778154134750366,0.005319410003721714,0.6061143279075623,0.41330721974372864,-0.000286036025499925,0.6114702224731445,0.41307753324508667,-0.000286036025499925,0.6064783334732056,0.4061271548271179,-0.000286036025499925,0.6008467674255371,0.4135929346084595,-0.000286036025499925,0.6058201789855957,0.4206281900405884,-0.000286036025499925,0.6694092750549316,0.4147645831108093,0.0017625539330765605,0.675033450126648,0.41479042172431946,0.0017625539330765605,0.6699635982513428,0.4074307978153229,0.0017625539330765605,0.6641733646392822,0.4147646427154541,0.0017625539330765605,0.6690626740455627,0.4221772253513336,0.0017625539330765605
1666.6666666666656,0.6356841325759888,0.49271929264068604,-0.01360364630818367,0.6341702342033386,0.47244343161582947,-0.0325162298977375,0.634321928024292,0.4783434271812439,-0.01539691723883152,0.6297264695167542,0.44353368878364563,-0.02690856158733368,0.6342899203300476,0.4642304480075836,-0.03539459407329559,0.6346049904823303,0.45258474349975586,-0.03395704925060272,0.6355295181274414,0.4228973984718323,-0.02055792137980461,0.591655969619751,0.41293132305145264,0.00414822343736887,0.6361339092254639,0.39973708987236023,-0.01886134222149849,0.6363053917884827,0.3880891799926758,-0.021636156365275383,0.6370283961296082,0.3431209623813629,-0.020309248939156532,0.6356157660484314,0.496762752532959,-0.012522127479314804,0.635453999042511,0.5008296966552734,-0.010242068208754063,0.6353080868721008,0.5034418702125549,-0.006871610414236784,0.635161817073822,0.5035292506217957,-0.005396116059273481,0.635128378868103,0.5084689259529114,-0.0055412352085113525,0.6349998712539673,0.5142237544059753,-0.006168893538415432,0.6348138451576233,0.5200781226158142,-0.004286210983991623,0.6336013674736023,0.5294649600982666,0.0029180352576076984,0.6342248916625977,0.4759971797466278,-0.02892075851559639,0.6286503076553345,0.47469040751457214,-0.020128080621361732,0.5688356161117554,0.3764727711677551,0.02971014380455017,0.6094376444816589,0.42177218198776245,-0.002025820314884186,0.6035172939300537,0.42230600118637085,-0.0013757948763668537,0.597443163394928,0.421836256980896,0.0004477101028896868,0.5889012813568115,0.4155634045600891,0.005538256838917732,0.6143175959587097,0.4203493893146515,-0.0015361335827037692,0.6006886959075928,0.3970544636249542,-0.0057419342920184135,0.6075608730316162,0.39864060282707214,-0.0060762669891119,0.5942391157150269,0.3980344533920288,-0.0033474459778517485,0.5898448824882507,0.4010571539402008,-0.0005916813970543444,0.5838330984115601,0.4210933744907379,0.009257104247808456,0.6110149621963501,0.5385090112686157,0.011901214718818665,0.589074969291687,0.40987148880958557,0.006070083472877741,0.5654785633087158,0.4139115810394287,0.036893196403980255,0.5765121579170227,0.4139924943447113,0.014996130019426346,0.6036558747291565,0.45909059047698975,-0.003664810908958316,0.6274611949920654,0.49029749631881714,-0.012752719223499298,0.6280075907707214,0.49997588992118835,-0.009233551099896431,0.6193636059761047,0.4926275610923767,-0.00870436616241932,0.6139271855354309,0.49505987763404846,-0.00363352382555604,0.6215828061103821,0.49944809079170227,-0.006605492439121008,0.6165357232093811,0.4992820620536804,-0.002034066477790475,0.6061285138130188,0.5094388127326965,0.008476300165057182,0.6291989088058472,0.47196081280708313,-0.031924132257699966,0.6285516023635864,0.4639818072319031,-0.03457510471343994,0.5817772150039673,0.3936223089694977,0.00020979407418053597,0.6170398592948914,0.4388878643512726,-0.006986319087445736,0.6162699460983276,0.466560959815979,-0.01648814231157303,0.6159890294075012,0.4616886079311371,-0.01501136552542448,0.5846413373947144,0.45614153146743774,0.0041895462200045586,0.6290957927703857,0.4531409442424774,-0.03188150003552437,0.597556471824646,0.3864899277687073,-0.011829267255961895,0.5884287357330322,0.38842934370040894,-0.006459604483097792,0.574727475643158,0.36290717124938965,0.015502210706472397,0.6247904300689697,0.39786046743392944,-0.017022183164954185,0.6132898926734924,0.4028339982032776,-0.004118049051612616,0.6016136407852173,0.5008046627044678,0.008756824769079685,0.5724731683731079,0.49151313304901123,0.06368005275726318,0.6206628084182739,0.4714955687522888,-0.013733915984630585,0.625167965888977,0.474143385887146,-0.01391748245805502,0.6071252226829529,0.4988701045513153,0.007855216041207314,0.6087092757225037,0.49921467900276184,0.006004563067108393,0.5852322578430176,0.3819715082645416,-0.004144481848925352,0.6160908937454224,0.46927741169929504,-0.012642249464988708,0.6096249222755432,0.3890082836151123,-0.015481439419090748,0.6089785099029541,0.3816058933734894,-0.01761523261666298,0.5993455052375793,0.34609997272491455,-0.01125570759177208,0.5790704488754272,0.37345090508461,0.0040299962274730206,0.6031702756881714,0.3643500506877899,-0.015070213004946709,0.5780651569366455,0.38857391476631165,0.0050520519725978374,0.5727975368499756,0.3839884400367737,0.016421254724264145,0.6275781989097595,0.4955456554889679,-0.011679545044898987,0.6204497814178467,0.4962480664253235,-0.007873164489865303,0.6151501536369324,0.49719682335853577,-0.0033116673585027456,0.6219807267189026,0.47275876998901367,-0.012273549102246761,0.6079307198524475,0.49905091524124146,0.00685200747102499,0.6110935211181641,0.5021309852600098,0.0037258847150951624,0.6095535159111023,0.4994127154350281,0.005836063995957375,0.6231582164764404,0.4702818691730499,-0.02280389331281185,0.61759352684021,0.5007767081260681,-0.0007322606979869306,0.6225892305374146,0.5015783905982971,-0.0037121630739420652,0.6285496950149536,0.502608060836792,-0.006055779289454222,0.6252576112747192,0.5282813906669617,0.003197814105078578,0.6266499161720276,0.5187312960624695,-0.0038973286282271147,0.62711101770401,0.5128509998321533,-0.005441184621304274,0.6277511119842529,0.5071966648101807,-0.004738627001643181,0.628437876701355,0.5027084946632385,-0.004560810048133135,0.6174747943878174,0.5008531808853149,0.0004406776570249349,0.6162691712379456,0.5028005838394165,7.615064532728866e-05,0.6148602366447449,0.5055340528488159,-0.00036849331809207797,0.6137202978134155,0.5087222456932068,0.0010838554007932544,0.6085300445556641,0.48868051171302795,-0.0024168062955141068,0.5658988356590271,0.4485488831996918,0.06761594861745834,0.6342901587486267,0.47714897990226746,-0.020259715616703033,0.6137565970420837,0.5001786947250366,0.0036765250843018293,0.6124551296234131,0.5010395646095276,0.003463990753516555,0.6269013285636902,0.47727102041244507,-0.013556416146457195,0.617874026298523,0.4735679030418396,-0.007489033509045839,0.6260769367218018,0.4757533669471741,-0.013962103053927422,0.6103509664535522,0.4429563879966736,-0.004226049408316612,0.5995687246322632,0.4477793872356415,-0.0017898369114845991,0.6149415373802185,0.46465590596199036,-0.011076100170612335,0.5841955542564392,0.3525134325027466,0.0011376942275092006,0.5886281728744507,0.3664456605911255,-0.00619868841022253,0.5957251191139221,0.3791063725948334,-0.011621309444308281,0.610794723033905,0.5167847275733948,0.0062592593021690845,0.6236258149147034,0.38576364517211914,-0.02072422206401825,0.6186226606369019,0.3647162914276123,-0.020088618621230125,0.6163921356201172,0.3433195948600769,-0.018394097685813904,0.5920326709747314,0.4195935130119324,0.003172224387526512,0.576958179473877,0.42685797810554504,0.013431146740913391,0.61736661195755,0.4187965393066406,-0.0009473937680013478,0.5835920572280884,0.4042661190032959,0.004878930747509003,0.6214714050292969,0.434121310710907,-0.009791928343474865,0.6195385456085205,0.4648761451244354,-0.023041220381855965,0.570252537727356,0.43236470222473145,0.02126534841954708,0.5815613865852356,0.4339355528354645,0.008409598842263222,0.5896904468536377,0.438432902097702,0.0027971507515758276,0.6014612913131714,0.43800878524780273,-0.00016545731341466308,0.6099923849105835,0.4349045157432556,-0.001992684556171298,0.6162357926368713,0.43162456154823303,-0.0041981530375778675,0.6296799182891846,0.4245554506778717,-0.017896076664328575,0.5710023045539856,0.45036834478378296,0.02153746969997883,0.578679621219635,0.40268343687057495,0.007625286467373371,0.6311581134796143,0.4755784869194031,-0.02851690910756588,0.6175812482833862,0.4477737843990326,-0.008678199723362923,0.5640439987182617,0.41057315468788147,0.05775601044297218,0.621253252029419,0.42794162034988403,-0.00574954180046916,0.6142691373825073,0.4643871784210205,-0.004775154870003462,0.5865249633789062,0.4099157154560089,0.00734726944938302,0.6194894313812256,0.45889055728912354,-0.021206669509410858,0.5681735277175903,0.4695272445678711,0.0673510953783989,0.6168856024742126,0.41580525040626526,0.0001345957862213254,0.6240629553794861,0.4552198648452759,-0.027785763144493103,0.5851104855537415,0.5155960917472839,0.0324699729681015,0.585821270942688,0.5233789682388306,0.04485248401761055,0.5658952593803406,0.4500235617160797,0.0445556715130806,0.577520489692688,0.5032539963722229,0.0388747975230217,0.5688359141349792,0.3974999189376831,0.028286876156926155,0.6098821759223938,0.5464249849319458,0.016715383157134056,0.6318680047988892,0.4767173230648041,-0.019809667021036148,0.6117987036705017,0.4530293643474579,-0.005653598345816135,0.5709224343299866,0.4145156145095825,0.02144625224173069,0.5983565449714661,0.4165995717048645,0.0004895488964393735,0.6037493944168091,0.4172625243663788,-0.0011079038958996534,0.6098918914794922,0.5034795999526978,0.004927205853164196,0.5721499919891357,0.4672558605670929,0.025599321350455284,0.6207179427146912,0.558692991733551,0.019635070115327835,0.6030721068382263,0.5443582534790039,0.03060869872570038,0.595191478729248,0.5355753302574158,0.0367882177233696,0.6366215348243713,0.36537468433380127,-0.02174755558371544,0.6333242058753967,0.5612543821334839,0.01789110153913498,0.6086139678955078,0.41679537296295166,-0.0015420069685205817,0.6130607724189758,0.4160254895687103,-0.0008802114753052592,0.6157513856887817,0.4159200191497803,0.00017216509149875492,0.5740859508514404,0.39960557222366333,0.013775547035038471,0.6114858388900757,0.4090098738670349,-0.0025512210559099913,0.6062149405479431,0.40592288970947266,-0.00361442263238132,0.6010814309120178,0.4049553871154785,-0.003197323763743043,0.59589684009552,0.40567919611930847,-0.0013984286924824119,0.5925349593162537,0.40738338232040405,0.0008379427017644048,0.5653867125511169,0.39153236150741577,0.04494444653391838,0.5944867730140686,0.4149940013885498,0.002480586990714073,0.6342876553535461,0.48390090465545654,-0.013182269409298897,0.6146911382675171,0.4849703013896942,-0.006387170869857073,0.6205847263336182,0.4706098735332489,-0.01639450527727604,0.6259872317314148,0.48379701375961304,-0.012340192683041096,0.6359132528305054,0.4107399880886078,-0.017375849187374115,0.593600869178772,0.5272355079650879,0.027949143201112747,0.6015626192092896,0.5366233587265015,0.022835109382867813,0.6203939318656921,0.5536847710609436,0.011304854415357113,0.5786751508712769,0.5096474885940552,0.055050078779459,0.6151596307754517,0.413210928440094,-0.0010311255464330316,0.625395655632019,0.43819865584373474,-0.018202636390924454,0.6332312822341919,0.5562714338302612,0.00987021904438734,0.611183226108551,0.5525606274604797,0.023995457217097282,0.5679100155830383,0.46882686018943787,0.045864347368478775,0.6224974393844604,0.5016931891441345,-0.002328242640942335,0.6213328838348389,0.5050848126411438,-0.0026716392021626234,0.6203051805496216,0.5094164609909058,-0.0031347046606242657,0.6195331811904907,0.514668345451355,-0.001707311486825347,0.6170612573623657,0.5235129594802856,0.0039712958969175816,0.6124362945556641,0.4991573989391327,0.002166358521208167,0.6110714673995972,0.498109370470047,0.0021626465022563934,0.6099832057952881,0.49701178073883057,0.0020210149232298136,0.6038921475410461,0.4939870536327362,0.0027999591547995806,0.5799117684364319,0.4733785390853882,0.01309159118682146,0.6256633400917053,0.4287940561771393,-0.013432291336357594,0.6226589679718018,0.4103256165981293,-0.0049870810471475124,0.6181679368019104,0.4104876220226288,-0.00247856043279171,0.6138306856155396,0.5001469254493713,0.0029450184665620327,0.5796390771865845,0.49259430170059204,0.025227190926671028,0.6288855671882629,0.41150137782096863,-0.013023531064391136,0.6137819290161133,0.5305067300796509,0.008405311964452267,0.6349129676818848,0.44263404607772827,-0.029218390583992004,0.6296128034591675,0.4346436858177185,-0.02312612347304821,0.6352093815803528,0.4332585632801056,-0.02476164884865284,0.6211012601852417,0.4510264992713928,-0.016640648245811462,0.633295476436615,0.5482931137084961,0.0055349101312458515,0.6334404945373535,0.5382449626922607,0.004431979730725288,0.6233125329017639,0.5365356802940369,0.005655576009303331,0.6004571914672852,0.512569785118103,0.012731153517961502,0.6086212396621704,0.470315158367157,-0.0024390670005232096,0.6064586043357849,0.5224616527557373,0.01099696196615696,0.5932813286781311,0.46822023391723633,6.964657950447872e-05,0.6022718548774719,0.478079229593277,-0.00023568538017570972,0.5882517099380493,0.48067232966423035,0.006716239266097546,0.6212606430053711,0.5459635853767395,0.007130901329219341,0.6177527904510498,0.45477715134620667,-0.011535106226801872,0.5953304171562195,0.518650472164154,0.019530752673745155,0.6030870079994202,0.5289012789726257,0.016792071983218193,0.5955067276954651,0.5017598867416382,0.011819541454315186,0.5739527344703674,0.48145660758018494,0.029587240889668465,0.5875822305679321,0.5027197599411011,0.01807151734828949,0.5713177919387817,0.48646992444992065,0.0454033724963665,0.5973578691482544,0.4876681864261627,0.004060081671923399,0.621586799621582,0.44285205006599426,-0.013077552430331707,0.6213003396987915,0.4688975512981415,-0.02420123480260372,0.6180422306060791,0.4696241021156311,-0.01695971004664898,0.6236822009086609,0.46423038840293884,-0.029045701026916504,0.6183452010154724,0.402298241853714,-0.007662443444132805,0.6085654497146606,0.3954762816429138,-0.008980757556855679,0.5996661186218262,0.39340025186538696,-0.008223933167755604,0.5920503735542297,0.3944563865661621,-0.0051794350147247314,0.5865797400474548,0.3980037271976471,-0.0009648431441746652,0.5822973251342773,0.4121969938278198,0.010113834403455257,0.5648839473724365,0.4318280816078186,0.04109594225883484,0.587379515171051,0.42546403408050537,0.006371145602315664,0.5940163731575012,0.4289305508136749,0.0027337493374943733,0.6022927165031433,0.42934921383857727,0.00012946139031555504,0.6098514795303345,0.4277147948741913,-0.0014131678035482764,0.6155478954315186,0.4256056547164917,-0.0020022327080368996,0.6196379065513611,0.42360392212867737,-0.0027399943210184574,0.5647677779197693,0.4291836619377136,0.06472503393888474,0.6182429790496826,0.47113728523254395,-0.013669939711689949,0.6251082420349121,0.44656696915626526,-0.022128188982605934,0.6251676082611084,0.47027337551116943,-0.029013052582740784,0.6281970739364624,0.47376757860183716,-0.02605327218770981,0.6252555847167969,0.47111621499061584,-0.025848321616649628,0.6197486519813538,0.47318458557128906,-0.01123043242841959,0.6292923092842102,0.4748404026031494,-0.02764260210096836,0.6299733519554138,0.47602328658103943,-0.019953012466430664,0.6192845702171326,0.4165523648262024,-0.0007013888680376112,0.622995913028717,0.4193752408027649,-0.004222373012453318,0.6253098249435425,0.42179107666015625,-0.008264253847301006,0.5905545949935913,0.408806711435318,0.003126836847513914,0.5868985056877136,0.4047697186470032,0.0032918481156229973,0.6402100920677185,0.4437563717365265,-0.027116119861602783,0.6826444268226624,0.41608646512031555,0.0027190838009119034,0.6403027772903442,0.47493571043014526,-0.020309483632445335,0.7088056802749634,0.37933313846588135,0.02734876237809658,0.6620161533355713,0.42429935932159424,-0.002927779918536544,0.6689937114715576,0.4253658056259155,-0.0024549446534365416,0.6758574843406677,0.4247981309890747,-0.0008376724435947835,0.684565007686615,0.4180188477039337,0.004004884045571089,0.6566270589828491,0.4218190610408783,-0.0022366379853338003,0.6753235459327698,0.39639246463775635,-0.006920014042407274,0.6670603156089783,0.3977471590042114,-0.0069758594036102295,0.6824631690979004,0.3979117274284363,-0.0047478340566158295,0.686631441116333,0.40157002210617065,-0.002118996810168028,0.6894313097000122,0.4229923486709595,0.007628213614225388,0.6562835574150085,0.5397458076477051,0.01136865746229887,0.6851860284805298,0.41244739294052124,0.004557713400572538,0.7108491659164429,0.4170875549316406,0.034608159214258194,0.6964862942695618,0.41386303305625916,0.013055232353508472,0.6670132875442505,0.46069443225860596,-0.004492180421948433,0.6437791585922241,0.4906994700431824,-0.012997961603105068,0.6427351832389832,0.500449538230896,-0.009439381770789623,0.651619017124176,0.49328145384788513,-0.009231786243617535,0.656730592250824,0.4960317313671112,-0.004266981966793537,0.6489772796630859,0.5002638101577759,-0.007030725013464689,0.6538863182067871,0.5003634095191956,-0.0025020248722285032,0.662067711353302,0.5107942819595337,0.007811168674379587,0.6392918229103088,0.4721677899360657,-0.03204696625471115,0.6401934027671814,0.4642396867275238,-0.03474246710538864,0.6969257593154907,0.3895131051540375,-0.0016715206438675523,0.6543236970901489,0.4396868646144867,-0.007633494678884745,0.6535958051681519,0.4674193859100342,-0.017136212438344955,0.6541717052459717,0.4625602066516876,-0.015711097046732903,0.6868802905082703,0.45870450139045715,0.0028011181857436895,0.640192449092865,0.45333051681518555,-0.03209029883146286,0.6833800673484802,0.3812173306941986,-0.012925148010253906,0.6919689178466797,0.383392333984375,-0.007973913103342056,0.7026964426040649,0.36516138911247253,0.013367257080972195,0.6524466872215271,0.39342695474624634,-0.017306823283433914,0.6598137021064758,0.4021244943141937,-0.004879389423877001,0.6669672727584839,0.5022510290145874,0.007965929806232452,0.7002459764480591,0.4945645332336426,0.061678774654865265,0.6488661766052246,0.47212207317352295,-0.014244104735553265,0.6440987586975098,0.47460824251174927,-0.014153165742754936,0.6631852984428406,0.5004538297653198,0.0071936664171516895,0.6615463495254517,0.5007058382034302,0.005430749151855707,0.6955860257148743,0.3759150505065918,-0.005806369241327047,0.6537721157073975,0.470171719789505,-0.013260357081890106,0.6707857847213745,0.3839814066886902,-0.016222331672906876,0.672378420829773,0.37595319747924805,-0.01841539517045021,0.6757410168647766,0.34715086221694946,-0.012474404647946358,0.6975155472755432,0.3750894367694855,0.0021404896397143602,0.671197772026062,0.3649326264858246,-0.016093920916318893,0.7005324363708496,0.38396155834198,0.0030534679535776377,0.7039868831634521,0.38633283972740173,0.014205584302544594,0.6434727311134338,0.49601107835769653,-0.01192395854741335,0.6503487229347229,0.49703723192214966,-0.008356462232768536,0.6554114818572998,0.4982249140739441,-0.003870811313390732,0.6474858522415161,0.4733157455921173,-0.012638680636882782,0.6623470187187195,0.5005873441696167,0.006253412459045649,0.659003496170044,0.5035700798034668,0.003187489463016391,0.6606612205505371,0.5008445978164673,0.0052938200533390045,0.6460550427436829,0.47076764702796936,-0.02324945107102394,0.6526131629943848,0.501849889755249,-0.001159466104581952,0.6477251052856445,0.5023971796035767,-0.004095741547644138,0.6419481635093689,0.5030630826950073,-0.006273013073951006,0.6420934796333313,0.5287601947784424,0.00307701644487679,0.6428349614143372,0.5192584991455078,-0.004029968753457069,0.6426947712898254,0.5133328437805176,-0.005610194057226181,0.642321765422821,0.5076505541801453,-0.004914825316518545,0.6417844891548157,0.5031410455703735,-0.004723925143480301,0.6525384783744812,0.5019537806510925,4.328288559918292e-05,0.6537393927574158,0.5040030479431152,-0.00035338985617272556,0.6550443768501282,0.5068308115005493,-0.0007594001945108175,0.6560113430023193,0.5100491046905518,0.0006679141661152244,0.6603447198867798,0.48989415168762207,-0.0031230479944497347,0.7096506953239441,0.4520278871059418,0.06550149619579315,0.656303346157074,0.5014484524726868,0.003180742496624589,0.65764319896698,0.5024176836013794,0.002945366082713008,0.6421349048614502,0.4777396321296692,-0.013786708004772663,0.6519302725791931,0.47443586587905884,-0.007959303446114063,0.6430672407150269,0.4762599766254425,-0.014193537645041943,0.6609590649604797,0.4441167712211609,-0.005001869518309832,0.6717426776885986,0.4495604932308197,-0.0027626315131783485,0.6551826596260071,0.46563592553138733,-0.01175455842167139,0.6923240423202515,0.3541112542152405,-0.0006053209654055536,0.6872248649597168,0.36739441752433777,-0.007700575515627861,0.6861055493354797,0.3729836940765381,-0.012882368639111519,0.656976044178009,0.5179585814476013,0.005761509295552969,0.6552610397338867,0.38097670674324036,-0.021061373874545097,0.6548974514007568,0.3651124835014343,-0.020584605634212494,0.6578954458236694,0.3439245820045471,-0.019003916531801224,0.6814480423927307,0.4224652647972107,0.0017073838971555233,0.6952918767929077,0.42841923236846924,0.011549907736480236,0.6534214019775391,0.4196464717388153,-0.001576881157234311,0.6921582818031311,0.40386882424354553,0.0031077968887984753,0.649976909160614,0.43466827273368835,-0.010315287858247757,0.6500077843666077,0.4655434191226959,-0.02356749214231968,0.7041096687316895,0.4355083107948303,0.019155126065015793,0.6914469599723816,0.4364633858203888,0.006680883467197418,0.6834439039230347,0.44106325507164,0.0013601935934275389,0.6706855893135071,0.44026729464530945,-0.0011906541185453534,0.6613561511039734,0.4366838037967682,-0.002810136182233691,0.654865562915802,0.43296775221824646,-0.004839675966650248,0.6415737867355347,0.42472898960113525,-0.01807444728910923,0.7021892666816711,0.4536331295967102,0.019471054896712303,0.6971156001091003,0.40077489614486694,0.005591655150055885,0.6373974084854126,0.4757091701030731,-0.02862277254462242,0.6533101797103882,0.44857561588287354,-0.009310885332524776,0.7130205035209656,0.41380783915519714,0.05552595853805542,0.6501345634460449,0.4290667474269867,-0.006259923335164785,0.655932605266571,0.4654129147529602,-0.00539849977940321,0.6876252889633179,0.4117110073566437,0.005755061749368906,0.6504383087158203,0.45957252383232117,-0.02174525521695614,0.7061771750450134,0.47287532687187195,0.06522919982671738,0.6538196802139282,0.41639024019241333,-0.0004679968988057226,0.645537793636322,0.4556751251220703,-0.028163066133856773,0.6842142939567566,0.5179077386856079,0.03097674623131752,0.6837996244430542,0.5257624983787537,0.04331858828663826,0.7086036205291748,0.45337173342704773,0.042269542813301086,0.6929629445075989,0.5058739185333252,0.03706447035074234,0.7076637744903564,0.4003564119338989,0.025970807299017906,0.6572965979576111,0.5477262735366821,0.016062021255493164,0.6367828249931335,0.47683361172676086,-0.019882185384631157,0.6589673757553101,0.4541659653186798,-0.006380882579833269,0.7008404731750488,0.4141572415828705,0.019297264516353607,0.6757031083106995,0.4204520881175995,-0.0007472563884221017,0.669459342956543,0.42098096013069153,-0.00217993906699121,0.6601687669754028,0.5049893260002136,0.004332063253968954,0.7001031041145325,0.4703894257545471,0.023674314841628075,0.6460877656936646,0.5594146251678467,0.019341327250003815,0.6648915410041809,0.5459145307540894,0.02962651662528515,0.6734588742256165,0.537524402141571,0.03554524481296539,0.6635028719902039,0.41979384422302246,-0.0024408234748989344,0.6581553220748901,0.41783657670021057,-0.0016178536461666226,0.6550268530845642,0.41694626212120056,-0.0004834993742406368,0.7011393308639526,0.39717021584510803,0.011641652323305607,0.6601616740226746,0.40917855501174927,-0.003342479234561324,0.6664775013923645,0.40633463859558105,-0.0045403302647173405,0.6730361580848694,0.4059748649597168,-0.004317902494221926,0.6789418458938599,0.40735724568367004,-0.002709864405915141,0.6821922659873962,0.40951645374298096,-0.0005287578096613288,0.7119957208633423,0.39465731382369995,0.04262223839759827,0.6798266172409058,0.4185640811920166,0.0011306587839499116,0.6543742418289185,0.4859366714954376,-0.006927079986780882,0.6488965749740601,0.47126126289367676,-0.01686267927289009,0.6428432464599609,0.4842548966407776,-0.012594549916684628,0.6748862862586975,0.5292782187461853,0.026740213856101036,0.6662577390670776,0.5383618474006653,0.021894406527280807,0.6463635563850403,0.5544120669364929,0.010978789068758488,0.6923841834068298,0.5123015642166138,0.05319848284125328,0.6558384895324707,0.41357362270355225,-0.0017191192600876093,0.6453152298927307,0.4385905861854553,-0.01856502704322338,0.6560980677604675,0.5537195205688477,0.023315582424402237,0.7053411602973938,0.4720649719238281,0.04367414861917496,0.6476068496704102,0.5024970769882202,-0.00263159885071218,0.6486349701881409,0.5059583783149719,-0.002974046627059579,0.6494942903518677,0.5103626847267151,-0.0034520963672548532,0.6500312089920044,0.515637993812561,-0.002019378822296858,0.6504073143005371,0.5243237614631653,0.003677668049931526,0.6579186320304871,0.5004317760467529,0.0016019644681364298,0.6593453884124756,0.49940186738967896,0.0015377117088064551,0.6605355739593506,0.4982842803001404,0.001351892831735313,0.6648035049438477,0.49539387226104736,0.002001479733735323,0.6912248730659485,0.4760928452014923,0.011631258763372898,0.6456868052482605,0.4291660189628601,-0.013792246580123901,0.6498691439628601,0.40959596633911133,-0.00548205990344286,0.6535171866416931,0.41034144163131714,-0.003087895456701517,0.6563678979873657,0.5013879537582397,0.0024469210766255856,0.6907317638397217,0.4951452314853668,0.023690467700362206,0.6445765495300293,0.41061460971832275,-0.013265883550047874,0.6535957455635071,0.5315589904785156,0.00798612181097269,0.6409313678741455,0.4348405599594116,-0.023310445249080658,0.6492291688919067,0.4516929090023041,-0.01715550757944584,0.6437876224517822,0.5370726585388184,0.0054515511728823185,0.6678657531738281,0.5142731070518494,0.011915817856788635,0.6614140272140503,0.4716550409793854,-0.003154958365485072,0.6613378524780273,0.5239266753196716,0.010355019941926003,0.6772287487983704,0.470336377620697,-0.0009018438868224621,0.6674945950508118,0.47978389263153076,-0.0010542423697188497,0.6819717884063721,0.48297685384750366,0.005606231279671192,0.6455939412117004,0.5466364622116089,0.006843898445367813,0.6527349948883057,0.45556163787841797,-0.012162894941866398,0.6731206178665161,0.5206011533737183,0.018502067774534225,0.6646537780761719,0.5305572748184204,0.015991447493433952,0.6733487844467163,0.5036659240722656,0.010880964808166027,0.6975128650665283,0.48436567187309265,0.027822725474834442,0.6817298531532288,0.5049626231193542,0.016889754682779312,0.7006862163543701,0.4894643723964691,0.043297719210386276,0.6720236539840698,0.4895540773868561,0.003142093773931265,0.6491981148719788,0.4434581696987152,-0.013599338941276073,0.6479533910751343,0.4694770872592926,-0.02467484213411808,0.6515937447547913,0.470387727022171,-0.017522793263196945,0.6454362869262695,0.46468386054039,-0.029440702870488167,0.6563006043434143,0.4000018537044525,-0.008298704400658607,0.6682907342910767,0.39304056763648987,-0.009771318174898624,0.6784657835960388,0.3914323151111603,-0.009251968935132027,0.686210036277771,0.39296796917915344,-0.006539718247950077,0.6909173130989075,0.39690855145454407,-0.0025645443238317966,0.6914119124412537,0.41277819871902466,0.008388383314013481,0.7106552124023438,0.43514394760131836,0.038764771074056625,0.6859434247016907,0.42792361974716187,0.004806192126125097,0.6790975332260132,0.4314119815826416,0.0014122204156592488,0.6698510050773621,0.4317900836467743,-0.0009172213613055646,0.6613832712173462,0.42963239550590515,-0.0022656251676380634,0.6553288698196411,0.42676225304603577,-0.0026665220502763987,0.6512765884399414,0.42430639266967773,-0.0032978239469230175,0.7117190361022949,0.43254074454307556,0.06254233419895172,0.6513912677764893,0.47187650203704834,-0.01420244388282299,0.6449882388114929,0.44699034094810486,-0.022516492754220963,0.6436874270439148,0.4706277847290039,-0.029296506196260452,0.640650749206543,0.474079966545105,-0.02621529996395111,0.6437424421310425,0.4715369641780853,-0.026145337149500847,0.6498945951461792,0.47387468814849854,-0.011684970930218697,0.6393998265266418,0.47504565119743347,-0.02777521312236786,0.6388068199157715,0.4761958718299866,-0.020076194778084755,0.6515191793441772,0.4170148968696594,-0.0012380634434521198,0.6482377648353577,0.4197362959384918,-0.004657453391700983,0.6465116143226624,0.42244747281074524,-0.008636776357889175,0.6839560270309448,0.4111548960208893,0.001705808681435883,0.6886320114135742,0.4057191014289856,0.001699878484942019,0.5975513458251953,0.4115034341812134,0.00013358370051719248,0.6030764579772949,0.4116947650909424,0.00013358370051719248,0.5980509519577026,0.4043072760105133,0.00013358370051719248,0.592125654220581,0.4113254249095917,0.00013358370051719248,0.5971108078956604,0.4187876880168915,0.00013358370051719248,0.6620251536369324,0.41337066888809204,-0.0009364098659716547,0.6679760217666626,0.41331836581230164,-0.0009364098659716547,0.6624111533164978,0.40601983666419983,-0.0009364098659716547,0.6564996838569641,0.4133701026439667,-0.0009364098659716547,0.6618484258651733,0.4207914173603058,-0.0009364098659716547
1699.9999999999989,0.6167336106300354,0.4909738600254059,-0.015661634504795074,0.6154903769493103,0.46606019139289856,-0.033022064715623856,0.6159000396728516,0.47286349534988403,-0.01665704883635044,0.6116936802864075,0.4384209215641022,-0.025671089068055153,0.615623950958252,0.45778927206993103,-0.03549198806285858,0.6161269545555115,0.4466782510280609,-0.033525627106428146,0.6176869869232178,0.4189664423465729,-0.018597809597849846,0.5756561160087585,0.4110780954360962,0.008878844790160656,0.6185929775238037,0.39752432703971863,-0.015737371519207954,0.6188222169876099,0.3859148621559143,-0.01778377592563629,0.619946300983429,0.3407686948776245,-0.013935641385614872,0.6166363954544067,0.4952801465988159,-0.014792375266551971,0.616523027420044,0.49958398938179016,-0.012702131643891335,0.6164617538452148,0.5023558735847473,-0.009665642865002155,0.6163265109062195,0.5025982856750488,-0.007844473235309124,0.6162588000297546,0.5074378252029419,-0.00838224682956934,0.6161327362060547,0.5130316019058228,-0.00926489569246769,0.6160033941268921,0.5186972618103027,-0.00769995478913188,0.6152406930923462,0.5255568027496338,-0.0010002845665439963,0.6156473159790039,0.46997693181037903,-0.029658306390047073,0.610535204410553,0.4690326750278473,-0.020747702568769455,0.554365336894989,0.3779487907886505,0.03846871852874756,0.5934253931045532,0.419875830411911,0.0015413181390613317,0.5873476266860962,0.4204787611961365,0.002479052171111107,0.5813453793525696,0.41993188858032227,0.0046138400211930275,0.5733035206794739,0.4137585163116455,0.010255727916955948,0.5984192490577698,0.4181469976902008,0.0017228801734745502,0.5839887857437134,0.3951592743396759,-0.0010332228848710656,0.5909384489059448,0.3966008722782135,-0.0016661854460835457,0.5776744484901428,0.3963276147842407,0.001625022734515369,0.573619544506073,0.39943650364875793,0.004533182829618454,0.5685412883758545,0.41924744844436646,0.013902580365538597,0.5935370922088623,0.5357789993286133,0.008238664828240871,0.5733754634857178,0.4080406427383423,0.011035412549972534,0.5513840913772583,0.4150925576686859,0.042667847126722336,0.5614960193634033,0.412590354681015,0.020326586440205574,0.5866454243659973,0.45535603165626526,-0.0021691815927624702,0.6086137890815735,0.48851391673088074,-0.014316270127892494,0.6092701554298401,0.49875447154045105,-0.011256125755608082,0.6006662249565125,0.4910067319869995,-0.009856396354734898,0.5953736901283264,0.4936377704143524,-0.004449706524610519,0.6030259132385254,0.4982450604438782,-0.00814899429678917,0.5980790853500366,0.49806347489356995,-0.0032463010866194963,0.5882638096809387,0.5051525235176086,0.007131326012313366,0.6107217669487,0.46565595269203186,-0.032188162207603455,0.6101266145706177,0.45766881108283997,-0.03440579026937485,0.5650594234466553,0.3922094404697418,0.006471711676567793,0.6000080704689026,0.4358530044555664,-0.004846423398703337,0.5985020399093628,0.4612864851951599,-0.015969838947057724,0.5983720421791077,0.4567233622074127,-0.014252749271690845,0.5681914687156677,0.4530239403247833,0.006893277633935213,0.6108530759811401,0.44735395908355713,-0.03113444149494171,0.57953280210495,0.3847349286079407,-0.006138969678431749,0.5709532499313354,0.3868611752986908,-0.00035148070310242474,0.5598676204681396,0.3634501099586487,0.02465987391769886,0.6066339015960693,0.3956230878829956,-0.013124010525643826,0.5969222784042358,0.40063759684562683,-9.154224244412035e-05,0.5837958455085754,0.496075302362442,0.008100103586912155,0.5591164827346802,0.49335142970085144,0.06469006091356277,0.6028059720993042,0.4660879969596863,-0.013707445934414864,0.6072168350219727,0.46877631545066833,-0.014570053666830063,0.5886911153793335,0.49771764874458313,0.007147401571273804,0.5903029441833496,0.4979782700538635,0.005215749144554138,0.5676409006118774,0.38053184747695923,0.002542664296925068,0.5983378887176514,0.4641404151916504,-0.012370440177619457,0.5913503170013428,0.38715654611587524,-0.010535962879657745,0.5902752876281738,0.37969717383384705,-0.01220152247697115,0.5835873484611511,0.3446420133113861,-0.002835221355780959,0.5640808343887329,0.37345388531684875,0.01163398940116167,0.5873403549194336,0.36264878511428833,-0.008191801607608795,0.5614799857139587,0.38754478096961975,0.01178623829036951,0.5580585598945618,0.38473454117774963,0.02382538467645645,0.6087551116943359,0.49410009384155273,-0.013435791246592999,0.6018096208572388,0.49485576152801514,-0.009233906865119934,0.5966408252716064,0.4959004521369934,-0.004348883405327797,0.6041052937507629,0.4673922061920166,-0.01251947320997715,0.589507520198822,0.4978584349155426,0.006085456348955631,0.5925659537315369,0.500741183757782,0.0026095255743712187,0.591179609298706,0.4981464147567749,0.0050100344233214855,0.605136513710022,0.464542955160141,-0.022590922191739082,0.5991644263267517,0.4996016323566437,-0.002189267659559846,0.6040579676628113,0.5004754066467285,-0.005569809582084417,0.6098614931106567,0.5014787912368774,-0.00837175827473402,0.6070288419723511,0.5243501663208008,-0.0003000698343385011,0.6075950860977173,0.5171767473220825,-0.0067769503220915794,0.608069896697998,0.5115445256233215,-0.00800144113600254,0.6088011264801025,0.5060520172119141,-0.007031254470348358,0.6096789240837097,0.5016916394233704,-0.006516788620501757,0.5990399718284607,0.4996705651283264,-0.0007517125923186541,0.5976762175559998,0.5014832615852356,-0.0013715120730921626,0.5961265563964844,0.5039814710617065,-0.001964143943041563,0.5948989987373352,0.5068933963775635,-0.0005881598335690796,0.5904734134674072,0.48366570472717285,-0.0026437323540449142,0.5526204109191895,0.4514191448688507,0.07172197848558426,0.6158180236816406,0.4714125096797943,-0.021301446482539177,0.5954143404960632,0.49893131852149963,0.00277528865262866,0.5940203070640564,0.49975019693374634,0.002396720228716731,0.6087837219238281,0.47187384963035583,-0.014467444270849228,0.6001392602920532,0.46846115589141846,-0.007734114304184914,0.6080490946769714,0.4703717827796936,-0.014735954813659191,0.5933669209480286,0.4399321675300598,-0.0020389393903315067,0.5827555060386658,0.44457730650901794,0.0006032877718098462,0.5973446369171143,0.4598260521888733,-0.01049118209630251,0.5690130591392517,0.35205259919166565,0.010147339664399624,0.573357105255127,0.36569446325302124,0.001197598408907652,0.5774427056312561,0.37735453248023987,-0.005318252835422754,0.5928330421447754,0.5126463770866394,0.004320904146879911,0.6047521233558655,0.3837916851043701,-0.016139809042215347,0.602083146572113,0.3622772991657257,-0.01396234892308712,0.5999775528907776,0.3412339687347412,-0.010966057889163494,0.5762404799461365,0.4177462160587311,0.0076353587210178375,0.5621198415756226,0.4250233471393585,0.018088126555085182,0.6015478372573853,0.416315495967865,0.002257611369714141,0.5676530599594116,0.40276068449020386,0.010478216223418713,0.6043443083763123,0.4309611916542053,-0.007634260691702366,0.6016557216644287,0.45927903056144714,-0.022497480735182762,0.5553741455078125,0.43170464038848877,0.025912398472428322,0.5664467811584473,0.43184250593185425,0.012579619884490967,0.5742751955986023,0.4359593987464905,0.006408074405044317,0.5857032537460327,0.43526577949523926,0.002809522906318307,0.59410560131073,0.4320772588253021,0.0006882185698486865,0.6002788543701172,0.42858684062957764,-0.0016643606359139085,0.6120601892471313,0.42082512378692627,-0.01564428210258484,0.5558977127075195,0.4489913284778595,0.025190269574522972,0.5628843903541565,0.40137675404548645,0.01363715436309576,0.6127395629882812,0.4695863723754883,-0.02906595543026924,0.6003382205963135,0.4440517723560333,-0.007098447997123003,0.5504019260406494,0.4132900834083557,0.0645172968506813,0.6050382852554321,0.4246631860733032,-0.0032174887601286173,0.5968251824378967,0.45985159277915955,-0.004192329477518797,0.5709898471832275,0.40828344225883484,0.012423711828887463,0.6017887592315674,0.4536787271499634,-0.02038930356502533,0.5550066828727722,0.47203290462493896,0.0699675977230072,0.6011963486671448,0.4133250117301941,0.003576447954401374,0.6061359643936157,0.44974571466445923,-0.026950504630804062,0.5699227452278137,0.5140680074691772,0.03129519149661064,0.5713778734207153,0.523273766040802,0.04341743513941765,0.5519569516181946,0.4506855905056,0.0481475293636322,0.562879741191864,0.5024785995483398,0.0387226901948452,0.5544319152832031,0.39854201674461365,0.03499223664402962,0.5927661061286926,0.5440830588340759,0.012484959326684475,0.6135317087173462,0.4709988534450531,-0.020738063380122185,0.5946634411811829,0.4493279755115509,-0.004183997865766287,0.5565212965011597,0.4133608043193817,0.02700495533645153,0.5819336175918579,0.41488295793533325,0.0047753253020346165,0.5872971415519714,0.41566145420074463,0.002897993428632617,0.591296374797821,0.5020231008529663,0.0038027509581297636,0.5569518804550171,0.46588143706321716,0.02805064432322979,0.6033943891525269,0.5563114285469055,0.014020769856870174,0.587055504322052,0.5430464744567871,0.027078917250037193,0.5798861980438232,0.5348067283630371,0.034266259521245956,0.6193629503250122,0.3627687096595764,-0.01653059385716915,0.6153172254562378,0.558902382850647,0.011447791941463947,0.5923880338668823,0.4151623845100403,0.0021968604996800423,0.5970636010169983,0.4141181707382202,0.0026679884176701307,0.5999360084533691,0.41370880603790283,0.0036437928210943937,0.5586099028587341,0.39876890182495117,0.02007853239774704,0.5954626798629761,0.4065084159374237,0.0014064532006159425,0.5901393294334412,0.40337878465652466,0.000577115744818002,0.5848770141601562,0.4023400843143463,0.0012643573572859168,0.5797423720359802,0.40320706367492676,0.00329158385284245,0.5765345096588135,0.40516412258148193,0.005654578562825918,0.5513414144515991,0.3936321437358856,0.05288712680339813,0.5782355070114136,0.4131859242916107,0.007024973630905151,0.6158403158187866,0.4785712957382202,-0.014711637981235981,0.5966718792915344,0.4797888696193695,-0.006838081404566765,0.6026792526245117,0.46511298418045044,-0.0162378940731287,0.6076838970184326,0.47841235995292664,-0.013453450985252857,0.6183104515075684,0.4079262316226959,-0.014817952178418636,0.5778062343597412,0.5254759192466736,0.025601156055927277,0.585159182548523,0.5346063375473022,0.019471660256385803,0.6026589274406433,0.5510194897651672,0.0061842454597353935,0.5648742914199829,0.5105353593826294,0.05472440645098686,0.5993067622184753,0.41065850853919983,0.002668627304956317,0.6078488826751709,0.43401169776916504,-0.016432709991931915,0.6149595379829407,0.5535494089126587,0.004009566735476255,0.5944774150848389,0.5506076216697693,0.019450191408395767,0.5540255904197693,0.4692672789096832,0.04818921908736229,0.6038784980773926,0.5006273984909058,-0.003857244271785021,0.6025031208992004,0.5038436651229858,-0.004472157917916775,0.601330578327179,0.5079236626625061,-0.005105338990688324,0.6004629731178284,0.5128204822540283,-0.0038605453446507454,0.5989497900009155,0.5194652080535889,0.0013652101624757051,0.5940771698951721,0.4979006052017212,0.0012513347901403904,0.5926430225372314,0.49684929847717285,0.001418465981259942,0.5914964079856873,0.495707243680954,0.001411885372363031,0.585825502872467,0.4890247881412506,0.002650047652423382,0.5636924505233765,0.47079217433929443,0.014857725240290165,0.6083359122276306,0.4253573715686798,-0.011225632391870022,0.6061076521873474,0.4076690971851349,-0.0016076881438493729,0.6021282076835632,0.40797555446624756,0.0011760316556319594,0.595477819442749,0.4988829791545868,0.0018654505256563425,0.5639181137084961,0.49071869254112244,0.025754885748028755,0.6115704774856567,0.40855225920677185,-0.010013979859650135,0.5960431098937988,0.527191698551178,0.005241601727902889,0.6166587471961975,0.4373916685581207,-0.02827921323478222,0.6118023991584778,0.43016815185546875,-0.021354710683226585,0.6171556115150452,0.4286338686943054,-0.023256374523043633,0.6035764217376709,0.4465225040912628,-0.015418946743011475,0.6149097681045532,0.5452682375907898,0.0002711803826969117,0.6150456070899963,0.5348460078239441,-0.00024329540610779077,0.6051528453826904,0.5331496596336365,0.0015049006324261427,0.5834048390388489,0.5090186595916748,0.01123560406267643,0.5913532972335815,0.46595779061317444,-0.001855098525993526,0.5891581773757935,0.5191333293914795,0.008623736910521984,0.5763128399848938,0.4644944369792938,0.0014824765967205167,0.584906816482544,0.4738164246082306,0.00033232010900974274,0.5714244842529297,0.477238267660141,0.007695854641497135,0.603236198425293,0.5430208444595337,0.0025367350317537785,0.6003575921058655,0.45046675205230713,-0.010435215197503567,0.5789479613304138,0.515972912311554,0.01775849610567093,0.586255669593811,0.5262420177459717,0.013900778256356716,0.5784836411476135,0.4979011118412018,0.011263305321335793,0.5587780475616455,0.4802282154560089,0.03098917193710804,0.5713635683059692,0.49992072582244873,0.01775159314274788,0.5572798252105713,0.48655202984809875,0.046480678021907806,0.579889178276062,0.4833662211894989,0.004355277866125107,0.6042473316192627,0.4389535188674927,-0.011387130245566368,0.6033096313476562,0.4631243348121643,-0.023834630846977234,0.6001819968223572,0.46418890357017517,-0.01673801802098751,0.6055654883384705,0.45821794867515564,-0.028646724298596382,0.6013986468315125,0.39996466040611267,-0.0035611826460808516,0.5912848114967346,0.39344656467437744,-0.004269808996468782,0.5823254585266113,0.3916183114051819,-0.003125856863334775,0.5750045776367188,0.3929259777069092,0.00027441917336545885,0.5700393915176392,0.3965490460395813,0.004740490578114986,0.566950261592865,0.41051748394966125,0.015292566269636154,0.5508705973625183,0.43276911973953247,0.0458635650575161,0.5719954967498779,0.4234824776649475,0.010699949227273464,0.5782896280288696,0.4267765283584595,0.006630942225456238,0.5863721370697021,0.42715170979499817,0.003569036489352584,0.5939483046531677,0.42541906237602234,0.0017431073356419802,0.5996921062469482,0.4230201840400696,0.0008851666352711618,0.6036856770515442,0.4207335412502289,5.351576692191884e-05,0.5513381958007812,0.43216052651405334,0.07027158886194229,0.6004208326339722,0.4658190608024597,-0.013586512766778469,0.6073423027992249,0.44174525141716003,-0.020812541246414185,0.6069607734680176,0.4641440808773041,-0.028959617018699646,0.6100276112556458,0.46793651580810547,-0.026474514976143837,0.6071583032608032,0.46525055170059204,-0.025861358270049095,0.6019113659858704,0.46793070435523987,-0.01145442109555006,0.6109941005706787,0.46890321373939514,-0.02815154753625393,0.6117608547210693,0.4703417718410492,-0.02072964608669281,0.6034952998161316,0.41389861702919006,0.0024939519353210926,0.6068146228790283,0.41641223430633545,-0.0013651363551616669,0.6087008118629456,0.41850200295448303,-0.005716199986636639,0.574718713760376,0.40675050020217896,0.008012698963284492,0.5710220336914062,0.4032372534275055,0.008495701476931572,0.6218715906143188,0.43862083554267883,-0.026573561131954193,0.6646230220794678,0.4154083728790283,0.0026184432208538055,0.6216322183609009,0.4692562520503998,-0.021488483995199203,0.6938413977622986,0.38039126992225647,0.02816561982035637,0.6437917351722717,0.4228063225746155,-0.0024699601344764233,0.6507927179336548,0.4238802492618561,-0.002353152260184288,0.6577042937278748,0.4233773350715637,-0.0010100192157551646,0.6669684052467346,0.4172070622444153,0.00360935740172863,0.6382712721824646,0.4203647971153259,-0.001419063308276236,0.6568971872329712,0.3950425386428833,-0.00615582475438714,0.6486327648162842,0.39614471793174744,-0.005688300356268883,0.6641959547996521,0.3969050347805023,-0.004334710072726011,0.6686148047447205,0.4008787274360657,-0.0019083182560279965,0.672057032585144,0.4218347370624542,0.006827942095696926,0.6382063627243042,0.5377234816551208,0.005542130209505558,0.6673981547355652,0.4120166003704071,0.0044694095849990845,0.6945989727973938,0.4181108772754669,0.03306170180439949,0.6798544526100159,0.4133300483226776,0.012257227674126625,0.6491936445236206,0.4573638141155243,-0.006151111330837011,0.6249974966049194,0.48931390047073364,-0.015441960655152798,0.6239123940467834,0.49956896901130676,-0.012281009927392006,0.6329557299613953,0.49262577295303345,-0.012179308570921421,0.6381885409355164,0.4958004057407379,-0.007451253477483988,0.6302478909492493,0.4997538924217224,-0.01012899074703455,0.6352526545524597,0.5000885725021362,-0.005723982118070126,0.6443811655044556,0.5072824358940125,0.0036027536261826754,0.6205400824546814,0.46587708592414856,-0.03276050090789795,0.6213850975036621,0.4579368531703949,-0.03510560095310211,0.6795452237129211,0.38882648944854736,-0.0012354867067188025,0.6366172432899475,0.43670740723609924,-0.007620013784617186,0.635174572467804,0.46233242750167847,-0.018703171983361244,0.6358433365821838,0.4578009247779846,-0.01709119975566864,0.6695147156715393,0.4561977684497833,0.00042661523912101984,0.6215993762016296,0.44753772020339966,-0.03202158212661743,0.6646963357925415,0.38008445501327515,-0.011271767318248749,0.6738361120223999,0.3825046420097351,-0.006903728004544973,0.6870180368423462,0.36513787508010864,0.015366176143288612,0.6335095167160034,0.39138704538345337,-0.01471792347729206,0.6414046883583069,0.4004548192024231,-0.0034076881129294634,0.6494402885437012,0.4984557628631592,0.0038552454207092524,0.6826897263526917,0.49707257747650146,0.05513615906238556,0.6304764151573181,0.4668639600276947,-0.01576872728765011,0.6256396174430847,0.4693250060081482,-0.01557830348610878,0.6448426842689514,0.5006199479103088,0.0035272170789539814,0.6431945562362671,0.5007073283195496,0.0020167380571365356,0.6779897809028625,0.3751731514930725,-0.0044976165518164635,0.6354745030403137,0.46530666947364807,-0.015020497143268585,0.6517302393913269,0.3824270963668823,-0.014062631875276566,0.6533459424972534,0.3745977580547333,-0.01588529534637928,0.6585941910743713,0.3452266752719879,-0.008216405287384987,0.6810774207115173,0.374443918466568,0.0038595562800765038,0.653596818447113,0.36269599199295044,-0.012518812902271748,0.6839048862457275,0.38338905572891235,0.003575958777219057,0.6881657838821411,0.38659361004829407,0.014944694936275482,0.6246309280395508,0.4949289858341217,-0.014564307406544685,0.6316345930099487,0.49645698070526123,-0.011393166147172451,0.6368057727813721,0.4979759454727173,-0.007087560836225748,0.629089891910553,0.46812230348587036,-0.014146367087960243,0.6439910531044006,0.5006750226020813,0.0027519462164491415,0.6406022310256958,0.5032302737236023,-0.00029625536990351975,0.6422821283340454,0.5007733702659607,0.0019006988732144237,0.6274855732917786,0.4650467038154602,-0.02446523867547512,0.634041428565979,0.501493513584137,-0.004512359853833914,0.629066526889801,0.5018674731254578,-0.007397168315947056,0.6232295632362366,0.5022388696670532,-0.009422964416444302,0.6239981055259705,0.5250877737998962,-0.0011516279773786664,0.6245290637016296,0.5180130004882812,-0.0077850124798715115,0.6242581605911255,0.5123147964477539,-0.009090539067983627,0.6237860918045044,0.5067931413650513,-0.008115730248391628,0.6231216788291931,0.5023603439331055,-0.007540737744420767,0.6339637041091919,0.5014662742614746,-0.0030393903143703938,0.6353325247764587,0.5034291744232178,-0.0036939249839633703,0.6367583274841309,0.5060757398605347,-0.004315799567848444,0.6378576159477234,0.5090758800506592,-0.003062075935304165,0.6426520943641663,0.4856245219707489,-0.006071361713111401,0.6933756470680237,0.4552183151245117,0.06135115399956703,0.6377740502357483,0.5010999441146851,-1.8457361875334755e-05,0.6391748785972595,0.5020831227302551,-0.00041720393346622586,0.6237180829048157,0.47246304154396057,-0.015431229956448078,0.6336652636528015,0.4696962535381317,-0.009803584776818752,0.624613344669342,0.47097381949424744,-0.015702443197369576,0.6434245109558105,0.4412935972213745,-0.005580086726695299,0.6542870402336121,0.4467390477657318,-0.004017357714474201,0.6370017528533936,0.46107470989227295,-0.013369379565119743,0.6757489442825317,0.3530818819999695,0.002516807522624731,0.6701484322547913,0.3659413456916809,-0.005092230625450611,0.667693555355072,0.372043251991272,-0.01089145801961422,0.6392015814781189,0.5144457817077637,0.0014735456788912416,0.636350691318512,0.379199743270874,-0.017894797027111053,0.6373102068901062,0.3624371588230133,-0.016202617436647415,0.6406067609786987,0.3415653705596924,-0.013683727942407131,0.6635275483131409,0.42130887508392334,0.0013568680733442307,0.6784127354621887,0.42718103528022766,0.01020127348601818,0.6349309086799622,0.41818666458129883,-0.0005463602137751877,0.6747761964797974,0.40342605113983154,0.0031161950901150703,0.632196307182312,0.4314863383769989,-0.009867563843727112,0.6314036250114441,0.46000078320503235,-0.024715499952435493,0.687013566493988,0.4350237548351288,0.017051255330443382,0.6737729907035828,0.4344492554664612,0.005175551399588585,0.6651625633239746,0.43848612904548645,0.0001379196619382128,0.6521663069725037,0.4375929832458496,-0.0019277810351923108,0.642778754234314,0.4341503381729126,-0.0029939799569547176,0.6362141370773315,0.4304713308811188,-0.004502555355429649,0.6236899495124817,0.42094674706459045,-0.016541462391614914,0.6848309636116028,0.4527384042739868,0.016389908269047737,0.6801786422729492,0.40037596225738525,0.005456030368804932,0.6187311410903931,0.4697347581386566,-0.029534194618463516,0.6354202628135681,0.44497373700141907,-0.009812844917178154,0.6978499293327332,0.41657140851020813,0.05387098342180252,0.6313819885253906,0.426529198884964,-0.005449279211461544,0.6379226446151733,0.46121346950531006,-0.006988563109189272,0.6702084541320801,0.4113019108772278,0.005558542907238007,0.6319507956504822,0.4544503390789032,-0.022642893716692924,0.6891319155693054,0.47589123249053955,0.059860069304704666,0.6353921294212341,0.41514909267425537,0.0007427822565659881,0.626929521560669,0.45021486282348633,-0.028547529131174088,0.6659690141677856,0.5171632170677185,0.02484462782740593,0.6656183004379272,0.5265070796012878,0.036230795085430145,0.6913927793502808,0.454279363155365,0.03848385810852051,0.6748386025428772,0.5057794451713562,0.030998921021819115,0.6917911767959595,0.40112754702568054,0.025607263669371605,0.6390994191169739,0.5461283326148987,0.009450748562812805,0.6181960105895996,0.4711153507232666,-0.021035734564065933,0.6411771178245544,0.4507215917110443,-0.00744077330455184,0.6851242780685425,0.4138951003551483,0.018149614334106445,0.6573302745819092,0.4193560481071472,-0.0006866436451673508,0.6510900855064392,0.4197741448879242,-0.001900411443784833,0.6418588757514954,0.5046315789222717,0.0006801334675401449,0.6825714111328125,0.4696338176727295,0.019562391564249992,0.6279090046882629,0.5575507283210754,0.01229881402105093,0.6467909812927246,0.5455623865127563,0.022396739572286606,0.6552935838699341,0.5376987457275391,0.02841859497129917,0.6451827883720398,0.4186149537563324,-0.001862844335846603,0.6398311853408813,0.41672009229660034,-0.0007503151427954435,0.6366397142410278,0.4157859683036804,0.0006029416108503938,0.6849198341369629,0.39684927463531494,0.011357885785400867,0.6420329213142395,0.40771472454071045,-0.0022114973980933428,0.6483940482139587,0.4047999083995819,-0.0036382777616381645,0.6547939777374268,0.40459319949150085,-0.0036821095272898674,0.6606723666191101,0.40625062584877014,-0.0023620110005140305,0.6640551686286926,0.4086656868457794,-0.0003599955525714904,0.6971020102500916,0.39661645889282227,0.04228917136788368,0.6615796089172363,0.4176829755306244,0.0010733993258327246,0.6363011002540588,0.481283038854599,-0.009484649635851383,0.6304492354393005,0.4658597409725189,-0.01818491332232952,0.624456524848938,0.47908827662467957,-0.014604752883315086,0.6567074656486511,0.5283600091934204,0.020398585125803947,0.6480554938316345,0.5371852517127991,0.015355781652033329,0.6280807256698608,0.5521959662437439,0.004560512490570545,0.674444854259491,0.5139457583427429,0.04612724855542183,0.637522280216217,0.4122970700263977,-0.0005255411379039288,0.6272481083869934,0.43437501788139343,-0.017965463921427727,0.6379493474960327,0.552585780620575,0.01604302227497101,0.6876558661460876,0.47291845083236694,0.03885703533887863,0.6290135979652405,0.5018869638442993,-0.005636573303490877,0.6302533149719238,0.5052278637886047,-0.006305885035544634,0.6312746405601501,0.5094039440155029,-0.0070168995298445225,0.6319649815559387,0.5143452286720276,-0.005798914469778538,0.6324993968009949,0.5207315683364868,-0.0006366882589645684,0.6393874287605286,0.500284731388092,-0.0017108024330809712,0.6408546566963196,0.49934080243110657,-0.0018143459456041455,0.6421062350273132,0.49826759099960327,-0.0020297537557780743,0.6473513245582581,0.4913445711135864,-0.0014296964509412646,0.6737127900123596,0.4742359519004822,0.007911012507975101,0.6278406977653503,0.42566922307014465,-0.012786767445504665,0.631462812423706,0.4077337980270386,-0.0036652791313827038,0.6350939273834229,0.40878206491470337,-0.0015676077455282211,0.6378818154335022,0.5011197328567505,-0.0009392289211973548,0.6729875802993774,0.4940048158168793,0.01869419775903225,0.6258502006530762,0.4082067310810089,-0.011199722066521645,0.635601818561554,0.5288529396057129,0.002937078708782792,0.6227792501449585,0.43032220005989075,-0.022156812250614166,0.6310588717460632,0.4472508728504181,-0.017495466396212578,0.6256304979324341,0.5340449213981628,0.0003878188435919583,0.6498909592628479,0.511491596698761,0.007143132388591766,0.6434298157691956,0.46777576208114624,-0.005236530676484108,0.6433005928993225,0.5213154554367065,0.005399730522185564,0.6595533490180969,0.46723300218582153,-0.0034269215539097786,0.6497336030006409,0.47616779804229736,-0.0037168660201132298,0.6644026041030884,0.48032376170158386,0.0021102274768054485,0.6273688673973083,0.5441170930862427,0.001038608606904745,0.6346826553344727,0.4514233469963074,-0.013024423271417618,0.6550389528274536,0.5187154412269592,0.012972965836524963,0.6464779376983643,0.5286421775817871,0.010223710909485817,0.6555202603340149,0.5006548166275024,0.006341512780636549,0.6798415184020996,0.4838096499443054,0.022953828796744347,0.6637750267982483,0.5029498934745789,0.011963547207415104,0.6827038526535034,0.490062415599823,0.037539370357990265,0.6545285582542419,0.48609644174575806,-0.0002994496317114681,0.6312040090560913,0.4395730495452881,-0.013575444929301739,0.6293433904647827,0.46373432874679565,-0.025845400989055634,0.633150577545166,0.4651188850402832,-0.019072646275162697,0.626670777797699,0.4586935341358185,-0.030235720798373222,0.6377178430557251,0.3981614112854004,-0.006332165561616421,0.6496299505233765,0.3913639485836029,-0.008038156665861607,0.6598616242408752,0.39010053873062134,-0.007998182438313961,0.6678810119628906,0.3920167088508606,-0.005783958360552788,0.6730471253395081,0.39627978205680847,-0.0021340108942240477,0.6743115782737732,0.4122561514377594,0.007952173240482807,0.6939825415611267,0.4361426532268524,0.03601574897766113,0.6681177616119385,0.4264236390590668,0.0039952704682946205,0.6609027981758118,0.4295317828655243,0.0008200938464142382,0.6515821814537048,0.429801881313324,-0.0012063037138432264,0.6430901288986206,0.42769283056259155,-0.002075031865388155,0.6369179487228394,0.42482495307922363,-0.002041280036792159,0.6328360438346863,0.4222819209098816,-0.002364731626585126,0.696137547492981,0.43566781282424927,0.0596686489880085,0.6330322623252869,0.46677446365356445,-0.015854738652706146,0.6266937255859375,0.4421660602092743,-0.02241627685725689,0.624931275844574,0.4645277261734009,-0.030206499621272087,0.6219419240951538,0.4682435691356659,-0.027203254401683807,0.625073254108429,0.46567776799201965,-0.02715892344713211,0.6315675377845764,0.4688930809497833,-0.013354513794183731,0.6206880807876587,0.46911484003067017,-0.028743481263518333,0.620161771774292,0.4705115854740143,-0.02124313823878765,0.6330121755599976,0.41548866033554077,6.110383401392028e-05,0.6297979950904846,0.4176563024520874,-0.0032888869754970074,0.6278045773506165,0.41996467113494873,-0.0073083252646028996,0.6659709811210632,0.4105216860771179,0.0017535171937197447,0.6710008978843689,0.40527933835983276,0.001713109202682972,0.581073522567749,0.4087025821208954,0.004348316229879856,0.5858820080757141,0.4085482358932495,0.004348316229879856,0.5814321637153625,0.40191900730133057,0.004348316229879856,0.5763707160949707,0.40889596939086914,0.004348316229879856,0.5808044672012329,0.4155997931957245,0.004348316229879856,0.6433845162391663,0.4126710593700409,-0.0004199471150059253,0.6487919092178345,0.412639319896698,-0.0004199471150059253,0.6440982222557068,0.40536975860595703,-0.0004199471150059253,0.6383463740348816,0.4127426743507385,-0.0004199471150059253,0.6428751945495605,0.4200786054134369,-0.0004199471150059253
1733.3333333333321,0.6060044765472412,0.49114686250686646,-0.015011565759778023,0.6037372350692749,0.46785151958465576,-0.03304135426878929,0.6045686602592468,0.4744882881641388,-0.016252726316452026,0.6002776026725769,0.43875953555107117,-0.0259475726634264,0.6038733720779419,0.45937344431877136,-0.0356869101524353,0.6045747399330139,0.4477156102657318,-0.03388509526848793,0.6068171262741089,0.41843971610069275,-0.019319208338856697,0.5651330351829529,0.4103452265262604,0.009724682196974754,0.6079188585281372,0.39524656534194946,-0.016749490052461624,0.6081443428993225,0.3833494782447815,-0.019047299399971962,0.6100202798843384,0.3392982482910156,-0.015993675217032433,0.6058956980705261,0.49538904428482056,-0.014020162634551525,0.6057606339454651,0.4996910095214844,-0.011792206205427647,0.6056844592094421,0.5024554133415222,-0.008534898050129414,0.6055777072906494,0.5027749538421631,-0.007320007774978876,0.6054749488830566,0.5074771642684937,-0.0076742833480238914,0.6053199172019958,0.5128307938575745,-0.008499604649841785,0.6051591634750366,0.5181906223297119,-0.006874647922813892,0.604198157787323,0.5257586240768433,4.3642336095217615e-05,0.6040035486221313,0.4716948866844177,-0.029563989490270615,0.5988937020301819,0.47044628858566284,-0.020387088879942894,0.5447686314582825,0.37397485971450806,0.03918757289648056,0.5821658372879028,0.419391930103302,0.0018491883529350162,0.5760998129844666,0.41976311802864075,0.0030039483681321144,0.5702456831932068,0.41897428035736084,0.005334923509508371,0.5626060366630554,0.4131491780281067,0.011265615932643414,0.5873218774795532,0.41774994134902954,0.0018287196289747953,0.5744004845619202,0.393306165933609,-0.0007899634074419737,0.5812507271766663,0.3949986398220062,-0.0017209317302331328,0.5679718852043152,0.3944345712661743,0.002117578638717532,0.5636699795722961,0.39774343371391296,0.005203512962907553,0.5576527714729309,0.41829562187194824,0.015177908353507519,0.5828368663787842,0.5345519781112671,0.010394628159701824,0.562983512878418,0.40757858753204346,0.011946644634008408,0.5414448976516724,0.4110681712627411,0.044916875660419464,0.5511589050292969,0.4114425480365753,0.021798353642225266,0.5758312344551086,0.45494329929351807,-0.0011847965652123094,0.5980101227760315,0.48862093687057495,-0.013448212295770645,0.5986638069152832,0.4988328218460083,-0.010154206305742264,0.5902044773101807,0.49098479747772217,-0.008726776577532291,0.5851104259490967,0.49356433749198914,-0.003241742728278041,0.5926030874252319,0.49826639890670776,-0.006930133327841759,0.5878610610961914,0.498049795627594,-0.0020199401769787073,0.5780807733535767,0.5053784847259521,0.008645814843475819,0.5988959074020386,0.4672599732875824,-0.03208094835281372,0.5982427000999451,0.4590478241443634,-0.03443457558751106,0.555825412273407,0.38928914070129395,0.0073805260471999645,0.5892723798751831,0.4350559711456299,-0.004635489545762539,0.5872296094894409,0.4621236026287079,-0.01527734287083149,0.5872367024421692,0.45731407403945923,-0.013621167279779911,0.5577518939971924,0.451806902885437,0.008585523813962936,0.5992103219032288,0.44821441173553467,-0.031275928020477295,0.5706871747970581,0.3808767795562744,-0.005996720399707556,0.56202632188797,0.38336512446403503,0.00020568571926560253,0.5501941442489624,0.3598618507385254,0.02478589117527008,0.5971153974533081,0.39250609278678894,-0.013714552856981754,0.5869897603988647,0.3993717432022095,-0.00027912823134101927,0.5737200379371643,0.4965879023075104,0.009796734899282455,0.5505086183547974,0.4883796274662018,0.06801876425743103,0.591515302658081,0.4671839773654938,-0.013100811280310154,0.5958371162414551,0.4700128436088562,-0.01405091118067503,0.5787913203239441,0.49780166149139404,0.008561555296182632,0.580384373664856,0.49808162450790405,0.006443220190703869,0.5591354370117188,0.37692832946777344,0.0030896086245775223,0.5872725248336792,0.464995801448822,-0.011573556810617447,0.5823473930358887,0.38335108757019043,-0.010809031315147877,0.581723153591156,0.3756222724914551,-0.012599820271134377,0.5734134912490845,0.3421063721179962,-0.0038843699730932713,0.5535742044448853,0.36988532543182373,0.012183603830635548,0.5764254331588745,0.359901487827301,-0.008871098980307579,0.5526420474052429,0.3847578763961792,0.012801190838217735,0.5477408170700073,0.3809330463409424,0.0249653197824955,0.5981498956680298,0.4941524267196655,-0.012474708259105682,0.5913639664649963,0.494853675365448,-0.008066420443356037,0.5863907933235168,0.49585390090942383,-0.003143858630210161,0.5928338170051575,0.4685252606868744,-0.011903556995093822,0.5796021819114685,0.49795907735824585,0.007382847834378481,0.582546591758728,0.5006502270698547,0.0037032747641205788,0.5812362432479858,0.49823445081710815,0.0062047443352639675,0.5935565233230591,0.4657812714576721,-0.02214701473712921,0.5889779925346375,0.499594509601593,-0.0008644165354780853,0.593657910823822,0.5005126595497131,-0.004203249700367451,0.5992742776870728,0.501582145690918,-0.007060484495013952,0.5961682796478271,0.5243862867355347,0.0009414314990863204,0.5969725251197815,0.5165760517120361,-0.005762214306741953,0.5974698066711426,0.511250376701355,-0.007057692389935255,0.5982224941253662,0.5060334205627441,-0.006146800238639116,0.5990985035896301,0.5017974376678467,-0.005804034881293774,0.5888485312461853,0.49960222840309143,0.0001319145376328379,0.5874940752983093,0.5013704299926758,-0.00040841702139005065,0.5859695076942444,0.5037456750869751,-0.000936975993681699,0.5847407579421997,0.5064997673034668,0.0005219087470322847,0.5798930525779724,0.4844449460506439,-0.0014559747651219368,0.543630063533783,0.4462642967700958,0.07438690960407257,0.6043038964271545,0.47306379675865173,-0.021024029701948166,0.585345983505249,0.49886971712112427,0.00376004702411592,0.5839553475379944,0.4996998906135559,0.0034334943629801273,0.5974640250205994,0.4732385277748108,-0.013846294954419136,0.5891465544700623,0.46942338347435,-0.006904402747750282,0.5966975688934326,0.4716724157333374,-0.014180010184645653,0.5827085971832275,0.43914034962654114,-0.0014707158552482724,0.5720655918121338,0.4437166154384613,0.0016218188684433699,0.5863780975341797,0.46038997173309326,-0.009730883873999119,0.5590599179267883,0.3489057421684265,0.00967473816126585,0.5625966787338257,0.36243054270744324,0.0011670645326375961,0.5690584182739258,0.373371958732605,-0.005271383095532656,0.5824501514434814,0.5126333236694336,0.005746800452470779,0.5959327220916748,0.38004598021507263,-0.016933076083660126,0.5913634896278381,0.3601939082145691,-0.015200491063296795,0.5898438692092896,0.33925506472587585,-0.012554756365716457,0.5653329491615295,0.41687309741973877,0.008538555353879929,0.5510706305503845,0.423775851726532,0.01969750039279461,0.5906503796577454,0.41585099697113037,0.002245526760816574,0.5576438903808594,0.4011583924293518,0.011461952701210976,0.5935285687446594,0.4301571249961853,-0.007641835603863001,0.5900759100914001,0.46023499965667725,-0.022057441994547844,0.5450925230979919,0.4286781847476959,0.028007201850414276,0.5548393726348877,0.430487722158432,0.014068815857172012,0.5622594356536865,0.4346311688423157,0.007585505023598671,0.573646605014801,0.43448972702026367,0.0036318290513008833,0.5822616219520569,0.43167540431022644,0.0011606955667957664,0.5887574553489685,0.4282173216342926,-0.0015143797500059009,0.6011536717414856,0.4201090633869171,-0.016125325113534927,0.5457387566566467,0.4464065134525299,0.027565861120820045,0.5531526207923889,0.39950305223464966,0.014782187528908253,0.6010158061981201,0.47119709849357605,-0.02887061983346939,0.5895119905471802,0.4437835216522217,-0.006746926344931126,0.5410431623458862,0.4085310995578766,0.06638806313276291,0.5938035249710083,0.4240776300430298,-0.0032969822641462088,0.5860605239868164,0.46028438210487366,-0.003393172984942794,0.5605796575546265,0.40766048431396484,0.013460716232657433,0.5904058814048767,0.4543296694755554,-0.02002490684390068,0.5462508797645569,0.46686500310897827,0.07294468581676483,0.5904732942581177,0.4127797484397888,0.0035382667556405067,0.5945287942886353,0.45042890310287476,-0.026847105473279953,0.5602319836616516,0.5113900303840637,0.034339580684900284,0.561918318271637,0.5195643305778503,0.04655977338552475,0.5422037839889526,0.446774423122406,0.05113844573497772,0.5536048412322998,0.4991987347602844,0.04204874113202095,0.5442653298377991,0.39465436339378357,0.03668789938092232,0.581998884677887,0.5424184799194336,0.01506100408732891,0.6019406914710999,0.472565233707428,-0.020395919680595398,0.5839210748672485,0.4490627944469452,-0.003531929338350892,0.5462967157363892,0.4122729003429413,0.02878190018236637,0.5710983276367188,0.41379907727241516,0.005431247875094414,0.5763106346130371,0.414720356464386,0.0033930069766938686,0.5813000798225403,0.5018386840820312,0.0049983360804617405,0.5472132563591003,0.4632183015346527,0.030746465548872948,0.59245365858078,0.5547690391540527,0.016421163454651833,0.5765991806983948,0.540490448474884,0.02981928177177906,0.5698829293251038,0.5317220687866211,0.03716856986284256,0.6089509725570679,0.36120474338531494,-0.018288878723978996,0.6044676899909973,0.5577793121337891,0.013491954654455185,0.5813676118850708,0.41445958614349365,0.0025053347926586866,0.5861184000968933,0.4136005640029907,0.0028173436876386404,0.5890840291976929,0.41323089599609375,0.0036954605020582676,0.5491912364959717,0.3970424234867096,0.021468544378876686,0.5850622653961182,0.4061947166919708,0.0013917346950620413,0.579952597618103,0.4031513035297394,0.0007084305980242789,0.5748642683029175,0.4020150303840637,0.0015687050763517618,0.5697154998779297,0.40279582142829895,0.003812297247350216,0.5663527250289917,0.40471136569976807,0.006325882393866777,0.5417619347572327,0.38932615518569946,0.054196957498788834,0.5675785541534424,0.41220298409461975,0.007794385775923729,0.6045198440551758,0.4802675247192383,-0.01423096377402544,0.5858057737350464,0.48085281252861023,-0.0057848552241921425,0.5913006663322449,0.4662323594093323,-0.015710238367319107,0.5964349508285522,0.4799059331417084,-0.012740164063870907,0.6076530814170837,0.40649640560150146,-0.01569165475666523,0.5677134990692139,0.5231283903121948,0.02844805084168911,0.5747157335281372,0.5325843095779419,0.022194167599081993,0.591658890247345,0.5498676300048828,0.008459307253360748,0.5559384822845459,0.5061219930648804,0.05808264762163162,0.5887110233306885,0.41015422344207764,0.0026268940418958664,0.5966901183128357,0.4337645471096039,-0.016630616039037704,0.6039961576461792,0.5528435707092285,0.005878475960344076,0.5836765766143799,0.5485985279083252,0.022057879716157913,0.5445793271064758,0.4653579890727997,0.0514240488409996,0.5934881567955017,0.5006120800971985,-0.0030318042263388634,0.59214186668396,0.5037350654602051,-0.0035228957422077656,0.5909737348556519,0.5076188445091248,-0.004109877627342939,0.5900934934616089,0.5122763514518738,-0.0027951556257903576,0.5883366465568542,0.519396960735321,0.0027191154658794403,0.5840339660644531,0.49791377782821655,0.0024691070429980755,0.5825960040092468,0.4968433380126953,0.0026629557833075523,0.5814422369003296,0.4956798553466797,0.0027029712218791246,0.5755566358566284,0.4897167384624481,0.004051210358738899,0.5537416934967041,0.4690623879432678,0.017106780782341957,0.59745854139328,0.4245896637439728,-0.011489428579807281,0.5958429574966431,0.4065106213092804,-0.0020615425892174244,0.5918309688568115,0.4071032404899597,0.0009607843239791691,0.5854378342628479,0.4988937973976135,0.0031374336685985327,0.5544252991676331,0.48840394616127014,0.02850898541510105,0.6013304591178894,0.4070111811161041,-0.010610341094434261,0.5854290127754211,0.526536762714386,0.006963182706385851,0.6053371429443359,0.43789437413215637,-0.028785524889826775,0.600591242313385,0.4300133287906647,-0.021814025938510895,0.6060437560081482,0.4286448061466217,-0.023916147649288177,0.592420756816864,0.4466876983642578,-0.0152506772428751,0.6038756966590881,0.5448209047317505,0.001854524714872241,0.6040281653404236,0.5346983671188354,0.0011224420741200447,0.5942946672439575,0.5327476859092712,0.0031208547297865152,0.5730361342430115,0.5084885358810425,0.013128982856869698,0.5805338025093079,0.4661906063556671,-0.0008488032617606223,0.5786963105201721,0.5184541940689087,0.010424653999507427,0.5657285451889038,0.46381139755249023,0.002933278912678361,0.5742029547691345,0.4738290309906006,0.0015664107631891966,0.5611677169799805,0.476283997297287,0.009578187018632889,0.5922741889953613,0.5421953797340393,0.004502067808061838,0.5894395112991333,0.4506385922431946,-0.010001848451793194,0.5686758160591125,0.5144813060760498,0.020145181566476822,0.5757859945297241,0.5248380303382874,0.016201956197619438,0.5682052373886108,0.49753865599632263,0.013290323317050934,0.5493797659873962,0.4773997664451599,0.03388763219118118,0.5613886117935181,0.49840623140335083,0.020128590986132622,0.5480560064315796,0.4827454090118408,0.04991775378584862,0.5695189833641052,0.4833703339099884,0.005934552289545536,0.5932523012161255,0.4386634826660156,-0.011305810883641243,0.5916967988014221,0.4643007814884186,-0.023403417319059372,0.588843047618866,0.46520379185676575,-0.01608731411397457,0.5937697887420654,0.4593755006790161,-0.02842874452471733,0.5915911793708801,0.3980261981487274,-0.004010599572211504,0.5818333625793457,0.39093294739723206,-0.004457188304513693,0.5729881525039673,0.38889217376708984,-0.0029482245445251465,0.5655893683433533,0.39029398560523987,0.0007613727357238531,0.5603650212287903,0.3942509889602661,0.005475032143294811,0.5565283894538879,0.4095812141895294,0.016498461365699768,0.5409597754478455,0.4287606179714203,0.04855455458164215,0.5607669353485107,0.4225151240825653,0.011865349486470222,0.5667875409126282,0.4257591962814331,0.007550309412181377,0.5747438669204712,0.4264657497406006,0.004225581884384155,0.5824131965637207,0.425049364566803,0.0021027892362326384,0.5884079337120056,0.42271190881729126,0.000987775158137083,0.5926063656806946,0.420294851064682,-2.524611772969365e-05,0.542190432548523,0.42714306712150574,0.07256010919809341,0.589229166507721,0.46682724356651306,-0.012875263579189777,0.5959855318069458,0.4419482946395874,-0.020856095477938652,0.5951478481292725,0.46556004881858826,-0.028716111555695534,0.5983096957206726,0.469370573759079,-0.026221303269267082,0.5954585075378418,0.4665818512439728,-0.025554915890097618,0.590782105922699,0.4689798057079315,-0.010745824314653873,0.5992595553398132,0.4704279899597168,-0.027921656146645546,0.6001414656639099,0.4718213975429535,-0.020385844632983208,0.5928550958633423,0.41327783465385437,0.0023483787663280964,0.5960491299629211,0.4157281517982483,-0.0016521767247468233,0.5978581309318542,0.41759687662124634,-0.006033946759998798,0.5644174814224243,0.4062815010547638,0.008807766251266003,0.5608270168304443,0.40197834372520447,0.009338242933154106,0.6106724739074707,0.4392450153827667,-0.02724236063659191,0.655016303062439,0.4156498610973358,0.00042505626333877444,0.6104233264923096,0.471128910779953,-0.021409500390291214,0.685371994972229,0.379435658454895,0.02507239393889904,0.6338385343551636,0.42312395572662354,-0.004090646281838417,0.640906035900116,0.42434316873550415,-0.004150344058871269,0.6479278206825256,0.42386406660079956,-0.002964414656162262,0.6575894951820374,0.4174594581127167,0.00142753217369318,0.6282610297203064,0.42041337490081787,-0.0028620923403650522,0.6468167901039124,0.39485493302345276,-0.008389209397137165,0.6385265588760376,0.3958929181098938,-0.00769937876611948,0.6542060971260071,0.3967582881450653,-0.0066913701593875885,0.6587456464767456,0.4007629454135895,-0.004319196566939354,0.6628833413124084,0.42234545946121216,0.00466031301766634,0.6274110674858093,0.537907063961029,0.006271856836974621,0.6578837633132935,0.41201886534690857,0.0022056878078728914,0.686146080493927,0.417549729347229,0.03050813637673855,0.6712198257446289,0.41392460465431213,0.00986871775239706,0.6386535167694092,0.4585140347480774,-0.007076346315443516,0.6141636371612549,0.4894111156463623,-0.015041360631585121,0.6129782199859619,0.4996170103549957,-0.01160820946097374,0.6220762729644775,0.4924871027469635,-0.01203952357172966,0.627195417881012,0.4955928921699524,-0.007663335185497999,0.6192472577095032,0.4996455907821655,-0.009779417887330055,0.6241481900215149,0.4998905062675476,-0.0056902337819337845,0.6336215138435364,0.509091854095459,0.003199851606041193,0.6089317798614502,0.46779975295066833,-0.032904837280511856,0.6098052263259888,0.459636926651001,-0.03544586896896362,0.6699279546737671,0.38909345865249634,-0.003972142469137907,0.6262019276618958,0.4368801712989807,-0.00860588438808918,0.6241541504859924,0.46424558758735657,-0.019106540828943253,0.6249226927757263,0.45941948890686035,-0.017587734386324883,0.6593221426010132,0.45747020840644836,-0.0011138739064335823,0.6102166175842285,0.4487079679965973,-0.03255235776305199,0.6540761590003967,0.3805449604988098,-0.013692772947251797,0.6636569499969482,0.3828081488609314,-0.009540712460875511,0.6782189607620239,0.36430999636650085,0.01206427812576294,0.6226413249969482,0.3920133709907532,-0.016189776360988617,0.6313157081604004,0.4001673758029938,-0.005171971395611763,0.6386389136314392,0.5007399916648865,0.003238056320697069,0.6741604208946228,0.49554651975631714,0.05506116524338722,0.6194393038749695,0.4688462018966675,-0.015899773687124252,0.614565908908844,0.4711855351924896,-0.01542837917804718,0.6334386467933655,0.5004618763923645,0.002900988096371293,0.6317690014839172,0.5005512833595276,0.0014434513868764043,0.667978823184967,0.3753995895385742,-0.007346605882048607,0.6245077252388,0.4672282040119171,-0.015298991464078426,0.640837550163269,0.38311710953712463,-0.016083626076579094,0.6423614621162415,0.37520110607147217,-0.01808270253241062,0.6492037773132324,0.3443028926849365,-0.011261389590799809,0.671852707862854,0.37372004985809326,0.0006536396685987711,0.6438277363777161,0.3615970015525818,-0.01527585368603468,0.6746452450752258,0.3835712671279907,0.0007036211900413036,0.679187536239624,0.3858788311481476,0.011815927922725677,0.6137489676475525,0.49497881531715393,-0.014064043760299683,0.6206843852996826,0.49634650349617004,-0.011167575605213642,0.6257413625717163,0.4977855086326599,-0.007174790371209383,0.6180519461631775,0.47006386518478394,-0.014177666045725346,0.6325771808624268,0.5005201697349548,0.0021541959140449762,0.6293063759803772,0.5030229091644287,-0.0007838747696951032,0.6308663487434387,0.5006079077720642,0.001354035921394825,0.6162604689598083,0.4670772850513458,-0.024750975891947746,0.6229246258735657,0.501290500164032,-0.0043380409479141235,0.6180220246315002,0.5017675161361694,-0.006857519503682852,0.6122673749923706,0.5022976398468018,-0.008562873117625713,0.61283278465271,0.5255829095840454,-0.0003825850726570934,0.6134064197540283,0.5175383687019348,-0.007255514618009329,0.6132052540779114,0.5121387839317322,-0.008644111454486847,0.6127784848213196,0.5068406462669373,-0.007721843663603067,0.6122078895568848,0.5024926662445068,-0.007286184001713991,0.6228519678115845,0.5013444423675537,-0.003326297737658024,0.6241181492805481,0.5033093690872192,-0.0039022257551550865,0.6254653930664062,0.5058987140655518,-0.004534001462161541,0.6265053749084473,0.5088039040565491,-0.0033169800881296396,0.6314793825149536,0.48769333958625793,-0.006519267801195383,0.685411274433136,0.45361632108688354,0.060091596096754074,0.6266077756881714,0.5009370446205139,-0.0005333690205588937,0.627926766872406,0.5019097924232483,-0.000899747887160629,0.6125314235687256,0.47428029775619507,-0.015206153504550457,0.6226964592933655,0.471579372882843,-0.009835690259933472,0.6134953498840332,0.47281864285469055,-0.015508528798818588,0.6330416202545166,0.4417482018470764,-0.006661936640739441,0.6439422965049744,0.44761979579925537,-0.005285968072712421,0.6261128187179565,0.462725430727005,-0.01378285326063633,0.6667296290397644,0.35225602984428406,-0.0007521012448705733,0.6606795191764832,0.3651047945022583,-0.008149730041623116,0.6570851802825928,0.3723517954349518,-0.013551264069974422,0.6282601952552795,0.5157656669616699,0.0012993665877729654,0.6253589987754822,0.3798666298389435,-0.019627444446086884,0.6271962523460388,0.36118993163108826,-0.018520552664995193,0.6309401988983154,0.3404543399810791,-0.016278602182865143,0.6539599895477295,0.42178577184677124,-0.0007285982137545943,0.6696435213088989,0.4281167685985565,0.00796984788030386,0.624878466129303,0.41802719235420227,-0.0019417578587308526,0.6653839945793152,0.4035477638244629,0.0005745359812863171,0.6217098832130432,0.43146175146102905,-0.010828059166669846,0.6202454566955566,0.46187275648117065,-0.025149954482913017,0.677943766117096,0.4352850019931793,0.014790634624660015,0.6644904613494873,0.4354667365550995,0.0030895385425537825,0.6554121971130371,0.439466655254364,-0.0017235740087926388,0.6421672105789185,0.4381953775882721,-0.0034217897336930037,0.6326438784599304,0.4344016909599304,-0.004258015193045139,0.6259335279464722,0.4304299056529999,-0.005616604816168547,0.6129112243652344,0.4205561578273773,-0.017441526055336,0.675490140914917,0.45338889956474304,0.01446460373699665,0.6711334586143494,0.4007345139980316,0.0027997922152280807,0.6071904301643372,0.4715595245361328,-0.029536951333284378,0.6247694492340088,0.44560879468917847,-0.010610511526465416,0.690008819103241,0.4151807427406311,0.05160246416926384,0.6209782361984253,0.4262564778327942,-0.006520688999444246,0.6271607875823975,0.46271899342536926,-0.007406463380903006,0.6608688831329346,0.4113228917121887,0.003237443044781685,0.6209277510643005,0.4559498131275177,-0.023172831162810326,0.6809582710266113,0.4742851257324219,0.05919276550412178,0.6253884434700012,0.41496068239212036,-0.0007677756948396564,0.6157345175743103,0.4515012502670288,-0.029113663360476494,0.6564179062843323,0.5174551606178284,0.024648074060678482,0.6563770771026611,0.525740921497345,0.036770135164260864,0.6828173995018005,0.45396697521209717,0.03677104040980339,0.665529727935791,0.5057657957077026,0.030563030391931534,0.6831251978874207,0.4004470407962799,0.022756177932024002,0.6285153031349182,0.5460014343261719,0.010491590015590191,0.6068065762519836,0.4728446304798126,-0.020807087421417236,0.6306126117706299,0.451617032289505,-0.008235250599682331,0.6770903468132019,0.414691299200058,0.01566215418279171,0.6474575996398926,0.41982799768447876,-0.0027038720436394215,0.6411217451095581,0.4202237129211426,-0.00377193302847445,0.6305379271507263,0.5043709874153137,0.00018082644965033978,0.6730387210845947,0.47023069858551025,0.018133990466594696,0.6172183156013489,0.5567922592163086,0.013991862535476685,0.6367483139038086,0.5449598431587219,0.023463174700737,0.6456350684165955,0.5370839238166809,0.029204394668340683,0.6352063417434692,0.41892552375793457,-0.0035614578519016504,0.6298546195030212,0.4168170392513275,-0.0023451074957847595,0.626670241355896,0.4157055616378784,-0.0009350667824037373,0.6763796806335449,0.3972257077693939,0.00861708726733923,0.6320282816886902,0.40730419754981995,-0.003979656379669905,0.6383726596832275,0.40433281660079956,-0.005562222097069025,0.644741952419281,0.40415331721305847,-0.005772938020527363,0.6506978273391724,0.40590929985046387,-0.004574833437800407,0.6542181372642517,0.4084407091140747,-0.0026327220257371664,0.6890006065368652,0.3954768180847168,0.0395563468337059,0.6518331170082092,0.4180752635002136,-0.0010511674918234348,0.6251291036605835,0.4833226799964905,-0.009639326483011246,0.6193729639053345,0.4678829610347748,-0.018413739278912544,0.6131688356399536,0.4810151755809784,-0.014363888651132584,0.6468759775161743,0.5285965800285339,0.02062135376036167,0.6378746628761292,0.53725665807724,0.016023481264710426,0.6171897649765015,0.5518770217895508,0.006013465113937855,0.6655530333518982,0.5127430558204651,0.04649943858385086,0.6275131106376648,0.412004292011261,-0.0021492731757462025,0.6164007782936096,0.4346664845943451,-0.018809126690030098,0.627526581287384,0.5520098805427551,0.017396241426467896,0.6789058446884155,0.4725898504257202,0.037643589079380035,0.6179894804954529,0.5018742084503174,-0.005658805835992098,0.6190984845161438,0.505176305770874,-0.00624809879809618,0.6200305819511414,0.5092233419418335,-0.0069753797724843025,0.620643138885498,0.5140017867088318,-0.005763339344412088,0.6214095950126648,0.5216366648674011,-0.00045082197175361216,0.6281402111053467,0.5000624656677246,-0.002009826246649027,0.6296265125274658,0.49912238121032715,-0.0022526781540364027,0.6309196949005127,0.4980517327785492,-0.0025389855727553368,0.6362886428833008,0.4935750961303711,-0.0021264255046844482,0.6635780930519104,0.4753333330154419,0.006673752795904875,0.6172229051589966,0.42544522881507874,-0.013713725842535496,0.6212348341941833,0.4075271785259247,-0.005006962921470404,0.6250033974647522,0.408494770526886,-0.003140748478472233,0.626645565032959,0.5008906722068787,-0.0011581283761188388,0.6631325483322144,0.4947066903114319,0.01790526509284973,0.6153129935264587,0.4079121947288513,-0.012346371077001095,0.6246675252914429,0.5293827056884766,0.00339843169786036,0.6118004322052002,0.4304868280887604,-0.022968225181102753,0.620146632194519,0.4481544494628906,-0.018148846924304962,0.6145164966583252,0.5342319011688232,0.0014125955058261752,0.6395109295845032,0.5129505395889282,0.0068186246789991856,0.6327652931213379,0.4693163335323334,-0.005766695830971003,0.6327065825462341,0.5222761631011963,0.005433474201709032,0.648989737033844,0.46863853931427,-0.004497242160141468,0.6389758586883545,0.4777847230434418,-0.004460706375539303,0.6539644002914429,0.4817792475223541,0.0010734866373240948,0.6163108944892883,0.5440448522567749,0.0022297969553619623,0.6238868832588196,0.45247673988342285,-0.013630779460072517,0.6449564099311829,0.5196438431739807,0.01284776721149683,0.6360976099967957,0.529181182384491,0.010586587712168694,0.6451316475868225,0.5024663805961609,0.005723074544221163,0.6702647805213928,0.48424649238586426,0.0219363272190094,0.653735876083374,0.5041235089302063,0.011327100917696953,0.6737556457519531,0.4897669553756714,0.03678857907652855,0.6437869668006897,0.4879828989505768,-0.0010932617587968707,0.6204860210418701,0.4400273561477661,-0.014393612742424011,0.6181211471557617,0.46578484773635864,-0.02621116116642952,0.6220763921737671,0.46714600920677185,-0.019343774765729904,0.6153354644775391,0.4605123698711395,-0.030623044818639755,0.6273456811904907,0.3981979191303253,-0.007998988032341003,0.6392433643341064,0.391406774520874,-0.010086431168019772,0.6495710015296936,0.3900485634803772,-0.010306518524885178,0.6578168272972107,0.39194101095199585,-0.008283247239887714,0.6632776260375977,0.39628300070762634,-0.004723742138594389,0.6652231812477112,0.4125170111656189,0.005613255780190229,0.6854960918426514,0.4357215166091919,0.03382265940308571,0.6586703658103943,0.4270402491092682,0.0019242968410253525,0.6512069702148438,0.43016886711120605,-0.001057376735843718,0.6417139768600464,0.43029358983039856,-0.0028410921804606915,0.6330915093421936,0.42796486616134644,-0.003526651067659259,0.6268153190612793,0.4248279631137848,-0.003290406661108136,0.6226495504379272,0.4220840036869049,-0.0035491439048200846,0.6883101463317871,0.43410876393318176,0.05787813290953636,0.6220099329948425,0.4687712788581848,-0.01604458875954151,0.6156618595123291,0.44290584325790405,-0.023119213059544563,0.6135357618331909,0.46657708287239075,-0.030473802238702774,0.6106429696083069,0.47017309069633484,-0.027243439108133316,0.6137958765029907,0.46769627928733826,-0.027371499687433243,0.620539665222168,0.47082260251045227,-0.013393617235124111,0.6092556715011597,0.47102051973342896,-0.028753677383065224,0.6088775992393494,0.4723317325115204,-0.021091124042868614,0.6229475736618042,0.41522565484046936,-0.0013069255510345101,0.6195576786994934,0.417351096868515,-0.004452241584658623,0.617361843585968,0.4195696711540222,-0.008325440809130669,0.6562845706939697,0.4104052782058716,-0.0005314121372066438,0.6614128351211548,0.40523818135261536,-0.0006920038140378892,0.5697199702262878,0.40773752331733704,0.004755505360662937,0.5748992562294006,0.40769851207733154,0.004755505360662937,0.5703601241111755,0.4002922773361206,0.004755505360662937,0.5646428465843201,0.4078376591205597,0.004755505360662937,0.5691691637039185,0.41527891159057617,0.004755505360662937,0.6332512497901917,0.41264772415161133,-0.0023567932657897472,0.638506293296814,0.412697434425354,-0.0023567932657897472,0.6340839266777039,0.4050981104373932,-0.0023567932657897472,0.6283773183822632,0.4126133918762207,-0.0023567932657897472,0.6326709985733032,0.42032378911972046,-0.0023567932657897472
1766.6666666666654,0.5954957008361816,0.49118688702583313,-0.015371665358543396,0.5931906700134277,0.4661615788936615,-0.033202219754457474,0.5943364500999451,0.472976416349411,-0.016475925222039223,0.5898553729057312,0.43756961822509766,-0.025770224630832672,0.593273401260376,0.45773547887802124,-0.03579258546233177,0.5940173268318176,0.44627106189727783,-0.03390668332576752,0.5965208411216736,0.4176010489463806,-0.019083285704255104,0.5550224184989929,0.4095841646194458,0.010932762175798416,0.597652018070221,0.394514799118042,-0.016317633911967278,0.5978312492370605,0.38262268900871277,-0.018509892746806145,0.5997062921524048,0.3387743830680847,-0.015049044974148273,0.5953516960144043,0.4953065812587738,-0.014404221437871456,0.595247745513916,0.49942395091056824,-0.012192348018288612,0.5952606201171875,0.5020440816879272,-0.008959892205893993,0.5951357483863831,0.5023164749145508,-0.007626925129443407,0.5949360132217407,0.5069506764411926,-0.008016384206712246,0.5947155952453613,0.5122557282447815,-0.008872298523783684,0.594551146030426,0.5175725817680359,-0.007270170841366053,0.5944381952285767,0.5246666669845581,-0.00039941247086972,0.5935508608818054,0.4700472950935364,-0.02974347583949566,0.5886967778205872,0.4689488410949707,-0.02047584392130375,0.535120964050293,0.37444019317626953,0.04129983112215996,0.5719738006591797,0.4190939664840698,0.0026683425530791283,0.5659347772598267,0.41948768496513367,0.003939670976251364,0.5601396560668945,0.4185895323753357,0.006383132189512253,0.5526449680328369,0.41224411129951477,0.012505866587162018,0.5770854353904724,0.41732898354530334,0.002557219471782446,0.5640413761138916,0.3915729820728302,0.0002845513226930052,0.5709046125411987,0.39343568682670593,-0.000775958236772567,0.5576805472373962,0.3927440643310547,0.0032949314918369055,0.5534811019897461,0.3962329626083374,0.006449720822274685,0.5478519201278687,0.41758251190185547,0.016478916630148888,0.5735354423522949,0.533388614654541,0.010254649445414543,0.5529304146766663,0.4064489006996155,0.013228400610387325,0.5323457717895508,0.4113093614578247,0.04669516906142235,0.5416075587272644,0.4105329215526581,0.023294387385249138,0.56605464220047,0.45410650968551636,-0.0006393504445441067,0.5876725912094116,0.4886787533760071,-0.013646351173520088,0.5883427262306213,0.4985741972923279,-0.01041514240205288,0.5801377296447754,0.49084532260894775,-0.008782018907368183,0.5752140879631042,0.4933438301086426,-0.003185710171237588,0.5825163125991821,0.49799296259880066,-0.007059082388877869,0.5779458284378052,0.49776691198349,-0.0020618520211428404,0.5687477588653564,0.5043649673461914,0.008757385425269604,0.588412880897522,0.4655992388725281,-0.03216366097331047,0.5877066254615784,0.45746538043022156,-0.03444625064730644,0.545924723148346,0.3874182105064392,0.008937179110944271,0.5793285369873047,0.43443363904953003,-0.004148256499320269,0.5772157907485962,0.46092087030410767,-0.01506291888654232,0.5772379040718079,0.4562259316444397,-0.013364031910896301,0.5481853485107422,0.45116281509399414,0.009586961008608341,0.5887064337730408,0.4468148648738861,-0.031181519851088524,0.5601162910461426,0.3784402012825012,-0.004713875707238913,0.5517838001251221,0.38114118576049805,0.0016720403218641877,0.540204644203186,0.3601558804512024,0.02685571275651455,0.5862430334091187,0.3904164433479309,-0.013012292794883251,0.5766511559486389,0.3981482684612274,0.0005405642441473901,0.5644016265869141,0.49556130170822144,0.010078485123813152,0.5428311824798584,0.4881650507450104,0.0689302533864975,0.581555962562561,0.4658966660499573,-0.013032465241849422,0.5858027338981628,0.4686721861362457,-0.014111925847828388,0.5691482424736023,0.49762651324272156,0.008749508298933506,0.5707506537437439,0.49788179993629456,0.006564626470208168,0.5489787459373474,0.37477558851242065,0.004665548447519541,0.5773532390594482,0.4638422429561615,-0.01139190886169672,0.5714729428291321,0.38090527057647705,-0.009807020425796509,0.5708169937133789,0.37325435876846313,-0.011535000056028366,0.5630784630775452,0.3418710231781006,-0.0022734864614903927,0.5434430241584778,0.36980247497558594,0.013972566463053226,0.5660429000854492,0.3594372272491455,-0.00753567973151803,0.5428636074066162,0.38304126262664795,0.014487532898783684,0.5379201173782349,0.38102638721466064,0.026841945946216583,0.5877945423126221,0.4940687417984009,-0.012700866907835007,0.5812667012214661,0.4946538209915161,-0.008161624893546104,0.576472282409668,0.4956115782260895,-0.0031459685415029526,0.5828839540481567,0.46724045276641846,-0.011865844018757343,0.5699583888053894,0.4977726936340332,0.007528889458626509,0.5727119445800781,0.5004353523254395,0.003758111037313938,0.5716087222099304,0.49802711606025696,0.006315627600997686,0.5833854675292969,0.4643421173095703,-0.02205337956547737,0.5791108012199402,0.49928414821624756,-0.0009410034981556237,0.5835952758789062,0.5001867413520813,-0.004374017007648945,0.5890176296234131,0.5012068748474121,-0.0073445141315460205,0.5865200757980347,0.5232701897621155,0.000630915688816458,0.5864701867103577,0.5160249471664429,-0.006000394932925701,0.5869823694229126,0.5107386112213135,-0.00726701132953167,0.5878168940544128,0.5055564045906067,-0.00632506376132369,0.5888035893440247,0.5013941526412964,-0.005960098002105951,0.5789316296577454,0.4993225634098053,0.0001476130710216239,0.5775108933448792,0.501091480255127,-0.000418416311731562,0.5759182572364807,0.5034699440002441,-0.0009627833496779203,0.574650764465332,0.5062049031257629,0.0005059656105004251,0.570208728313446,0.48331984877586365,-0.0012737833894789219,0.5355042219161987,0.44655272364616394,0.07590114325284958,0.5939593315124512,0.47148290276527405,-0.021220747381448746,0.5756008625030518,0.49862655997276306,0.0038367125671356916,0.5741560459136963,0.49947255849838257,0.003489615162834525,0.587361216545105,0.47184404730796814,-0.013948758132755756,0.5792791843414307,0.4682749807834625,-0.006822884548455477,0.5866237878799438,0.47030213475227356,-0.014262123964726925,0.5728189945220947,0.4385320544242859,-0.0008743992657400668,0.5622513294219971,0.44306689500808716,0.0023970443289726973,0.5764728784561157,0.4593381881713867,-0.009485277347266674,0.5488419532775879,0.34894803166389465,0.011569912545382977,0.5522544384002686,0.3621419072151184,0.002763481577858329,0.5584863424301147,0.37106451392173767,-0.003897475078701973,0.5730671882629395,0.5115561485290527,0.005740666296333075,0.5849417448043823,0.377865195274353,-0.01613425649702549,0.5809797644615173,0.3596437871456146,-0.01414779294282198,0.5794894695281982,0.33884772658348083,-0.01129015814512968,0.5553018450737,0.41625964641571045,0.009697974659502506,0.5415549278259277,0.423164963722229,0.021079715341329575,0.5803642868995667,0.41533398628234863,0.0029383040964603424,0.5477635860443115,0.399829626083374,0.012895953841507435,0.5834951400756836,0.4295046031475067,-0.007194054778665304,0.5798817276954651,0.45888519287109375,-0.021892186254262924,0.5358037948608398,0.4285457730293274,0.029502088204026222,0.5450884103775024,0.429930180311203,0.015317576937377453,0.5523284077644348,0.4340897798538208,0.00864085927605629,0.5635972619056702,0.4339154064655304,0.004465825855731964,0.5721495151519775,0.43108654022216797,0.0018352619372308254,0.5785658955574036,0.4276142716407776,-0.0009493628167547286,0.590898871421814,0.41932347416877747,-0.015765395015478134,0.5366317629814148,0.4460713267326355,0.028908835723996162,0.5434306859970093,0.39819028973579407,0.01633675955235958,0.5906153917312622,0.4695673882961273,-0.02898823656141758,0.579566240310669,0.4429856240749359,-0.006365658715367317,0.5322132110595703,0.4091070890426636,0.06832870095968246,0.5835108757019043,0.42347636818885803,-0.002771307248622179,0.576250433921814,0.459302693605423,-0.0031285088043659925,0.5506312251091003,0.4064698815345764,0.014798479154706001,0.5802448391914368,0.453123539686203,-0.019817505031824112,0.5384190082550049,0.46692216396331787,0.07415684312582016,0.5802285075187683,0.4122443199157715,0.004280245862901211,0.5841717720031738,0.4491252303123474,-0.026684265583753586,0.5518232583999634,0.5104478001594543,0.03482147306203842,0.5538926124572754,0.5187416076660156,0.04690678045153618,0.5336151123046875,0.4467046558856964,0.052587881684303284,0.5453891754150391,0.49846142530441284,0.042781468480825424,0.534809947013855,0.39489495754241943,0.03854281082749367,0.5728002190589905,0.5412248969078064,0.014879696071147919,0.5916382670402527,0.4709998071193695,-0.020555101335048676,0.5740737915039062,0.44826045632362366,-0.0031000806484371424,0.5370581746101379,0.4114411771297455,0.030397962778806686,0.5609171986579895,0.4135226309299469,0.006494794972240925,0.566103458404541,0.41455769538879395,0.004363390617072582,0.5714483261108398,0.501628577709198,0.005068373400717974,0.5383639335632324,0.46273812651634216,0.03189517930150032,0.5831182599067688,0.5536029934883118,0.015939833596348763,0.5678583979606628,0.5393972396850586,0.02974931336939335,0.5614895820617676,0.5307226181030273,0.03728752210736275,0.5986247062683105,0.3605930805206299,-0.017547566443681717,0.594944953918457,0.5566793084144592,0.012747625820338726,0.5711502432823181,0.4142616391181946,0.0033772997558116913,0.5758890509605408,0.4132551848888397,0.003625002223998308,0.5788438320159912,0.41276368498802185,0.004465245176106691,0.539632260799408,0.3958451747894287,0.023154564201831818,0.5747910737991333,0.40530434250831604,0.0022229475434869528,0.5696734189987183,0.40199971199035645,0.001634732587262988,0.5645744800567627,0.4007450342178345,0.00259227748028934,0.5594795942306519,0.40149393677711487,0.0049368892796337605,0.556178092956543,0.40346264839172363,0.007514503784477711,0.532482922077179,0.38990163803100586,0.0562652051448822,0.5574357509613037,0.4117142856121063,0.00894366018474102,0.594365119934082,0.4788205623626709,-0.014503389596939087,0.5759640336036682,0.47965720295906067,-0.005699009168893099,0.5812888145446777,0.4649026691913605,-0.015609788708388805,0.5863680243492126,0.4785298705101013,-0.012859712354838848,0.5974316596984863,0.4058171212673187,-0.015358923003077507,0.5590550303459167,0.522082507610321,0.02865837886929512,0.5658290386199951,0.531438946723938,0.022190570831298828,0.5821874141693115,0.5486722588539124,0.008056474849581718,0.5481639504432678,0.5056009292602539,0.05868549272418022,0.578455924987793,0.40953177213668823,0.003415401792153716,0.5864768624305725,0.43283945322036743,-0.016321256756782532,0.5943467617034912,0.5516870021820068,0.005227052140980959,0.574612021446228,0.5474361777305603,0.021804992109537125,0.5362719297409058,0.46509498357772827,0.05264780670404434,0.5833724141120911,0.500285267829895,-0.0030855704098939896,0.5819326639175415,0.5033724308013916,-0.0035969149321317673,0.5806782245635986,0.5072362422943115,-0.004199247807264328,0.5797476172447205,0.511853039264679,-0.002898010890930891,0.578831136226654,0.5182887315750122,0.002592237200587988,0.5742634534835815,0.49766218662261963,0.0025125849060714245,0.5728086233139038,0.4966128170490265,0.0027578542940318584,0.5716638565063477,0.495455265045166,0.0028439629822969437,0.5660560727119446,0.488646000623703,0.004330230411142111,0.5445839762687683,0.4683681130409241,0.018031137064099312,0.5873104929924011,0.42386865615844727,-0.011084740981459618,0.585355281829834,0.40562406182289124,-0.0014659138396382332,0.5814738273620605,0.40631550550460815,0.0017091069603338838,0.5757149457931519,0.4986211657524109,0.003158000996336341,0.5457106828689575,0.48764678835868835,0.029273901134729385,0.590725839138031,0.40601757168769836,-0.010122032836079597,0.5760683417320251,0.525400698184967,0.00681587029248476,0.5948668718338013,0.4366622567176819,-0.028726274147629738,0.5902618169784546,0.4290179908275604,-0.021555587649345398,0.5956552028656006,0.42760607600212097,-0.023761361837387085,0.5822933912277222,0.4456773102283478,-0.014990966767072678,0.5941649079322815,0.54366135597229,0.0012860536808148026,0.5942981243133545,0.5335873961448669,0.0006190628046169877,0.5847143530845642,0.5316111445426941,0.0027903737500309944,0.5639108419418335,0.507461428642273,0.013315044343471527,0.5708204507827759,0.46521487832069397,-0.0005280815530568361,0.569482147693634,0.5173649787902832,0.010432923212647438,0.5561360120773315,0.4629543423652649,0.0036039401311427355,0.56459641456604,0.4728471040725708,0.001953133149072528,0.551845133304596,0.4754104018211365,0.010257582180202007,0.582731306552887,0.541015088558197,0.00415973411872983,0.5794693827629089,0.4497029185295105,-0.009711834602057934,0.5597491264343262,0.5134466290473938,0.020382368937134743,0.5667292475700378,0.523716151714325,0.01621364615857601,0.5590606331825256,0.4965446889400482,0.013681481592357159,0.5407533645629883,0.4768151044845581,0.034853458404541016,0.5525113940238953,0.4974749982357025,0.020647771656513214,0.5399190187454224,0.48227712512016296,0.05091625452041626,0.5601230263710022,0.48238539695739746,0.006369986105710268,0.5831795334815979,0.43781742453575134,-0.01095522940158844,0.5815160274505615,0.4628756046295166,-0.02327987365424633,0.578835129737854,0.46392491459846497,-0.015947863459587097,0.5833998322486877,0.4578804671764374,-0.028346538543701172,0.5810064077377319,0.3965173065662384,-0.0032650248613208532,0.5712981820106506,0.3890140652656555,-0.00348389009013772,0.5625483989715576,0.3869100511074066,-0.0017789570847526193,0.5553193688392639,0.3884683847427368,0.002073731506243348,0.5503202080726624,0.3925981819629669,0.006885497365146875,0.5467814207077026,0.40849488973617554,0.017898814752697945,0.5320995450019836,0.428859144449234,0.05019631236791611,0.5508655905723572,0.42186111211776733,0.013065102510154247,0.5567880272865295,0.4252814054489136,0.008601712062954903,0.56465744972229,0.42603006958961487,0.005108571611344814,0.572265088558197,0.4245932996273041,0.002835683524608612,0.5781970024108887,0.4221750497817993,0.0016279309056699276,0.582313060760498,0.4197220206260681,0.0005581494770012796,0.5337411761283875,0.4276309907436371,0.07431412488222122,0.5792873501777649,0.4655967950820923,-0.012753426097333431,0.5856850743293762,0.44083723425865173,-0.020622890442609787,0.5848032236099243,0.4639807641506195,-0.028699729591608047,0.5880392789840698,0.46781376004219055,-0.02629753388464451,0.5852158069610596,0.4650611877441406,-0.025538448244333267,0.5808655619621277,0.4677620232105255,-0.010687830857932568,0.5889153480529785,0.4688238799571991,-0.028023382648825645,0.5899015069007874,0.4702899158000946,-0.02050873637199402,0.5825339555740356,0.4126910865306854,0.0030122401658445597,0.585665225982666,0.4150986671447754,-0.0011008594883605838,0.5874412059783936,0.4169439673423767,-0.005554556380957365,0.5542866587638855,0.40509217977523804,0.010045533999800682,0.5508106350898743,0.40061119198799133,0.010645868256688118,0.6002411246299744,0.43803471326828003,-0.02729874663054943,0.644402265548706,0.41530030965805054,-7.85717784310691e-05,0.6000716686248779,0.46960192918777466,-0.021678151562809944,0.6760292649269104,0.3794921636581421,0.02452530711889267,0.624220073223114,0.4225766360759735,-0.0043838145211339,0.6308984756469727,0.4237883985042572,-0.004545321222394705,0.6376678943634033,0.42333829402923584,-0.0034377691335976124,0.6473473310470581,0.4169316589832306,0.0008562600123696029,0.6189098954200745,0.4198622405529022,-0.003026341088116169,0.6359966993331909,0.3946813941001892,-0.008687082678079605,0.6281402111053467,0.3955519497394562,-0.007849643006920815,0.6431546807289124,0.39666953682899475,-0.007081851363182068,0.6477433443069458,0.40064749121665955,-0.004767546895891428,0.6531062722206116,0.421804815530777,0.003974656108766794,0.6178560853004456,0.536881148815155,0.005287792067974806,0.6474254727363586,0.4116183817386627,0.0016907794633880258,0.6767812371253967,0.4175060987472534,0.02954743430018425,0.6621665954589844,0.4134475886821747,0.009140701964497566,0.6288628578186035,0.4575820863246918,-0.0076744104735553265,0.6037439703941345,0.48951244354248047,-0.015533799305558205,0.6025864481925964,0.49936747550964355,-0.01214900054037571,0.611789345741272,0.4925181567668915,-0.01271258294582367,0.6170932650566101,0.4955292344093323,-0.00846966914832592,0.6090214252471924,0.4994465708732605,-0.01045680046081543,0.6141032576560974,0.4997173845767975,-0.00646748673170805,0.6241590976715088,0.5081678628921509,0.0021796002984046936,0.5983934998512268,0.4661334455013275,-0.0331353135406971,0.5992209911346436,0.4580380618572235,-0.035639215260744095,0.6584972143173218,0.3896429240703583,-0.004473348613828421,0.6163123250007629,0.4361698627471924,-0.008836274035274982,0.6139971017837524,0.4629673361778259,-0.0195702463388443,0.6148154139518738,0.4582470953464508,-0.01802578754723072,0.6497510075569153,0.45667508244514465,-0.0020453629549592733,0.599689781665802,0.44728609919548035,-0.0326891764998436,0.6415178179740906,0.38103532791137695,-0.013891180045902729,0.6513619422912598,0.38346123695373535,-0.00988619402050972,0.6686065196990967,0.3641803562641144,0.011758784763514996,0.6113049387931824,0.3916933238506317,-0.01599351316690445,0.621414840221405,0.3997032344341278,-0.005235862452536821,0.6291904449462891,0.4998326599597931,0.002157623413950205,0.6651943325996399,0.4954250752925873,0.053414952009916306,0.6093008518218994,0.4675052762031555,-0.01628785766661167,0.604377031326294,0.4697886109352112,-0.01572750322520733,0.6237571835517883,0.5002782344818115,0.0019055730663239956,0.6220769286155701,0.5003767609596252,0.0005132202641107142,0.6558682918548584,0.37632691860198975,-0.007677481509745121,0.614445149898529,0.4660160541534424,-0.015781458467245102,0.6285355687141418,0.3831861913204193,-0.01608046516776085,0.6296623349189758,0.375589519739151,-0.018030254170298576,0.6391116380691528,0.3438176214694977,-0.011006023734807968,0.6619874238967896,0.3734152913093567,0.0003530976246111095,0.6336241364479065,0.3610868453979492,-0.015087663196027279,0.6637355089187622,0.38413310050964355,0.00018120562890544534,0.6695712804794312,0.3856825828552246,0.01128902193158865,0.6033071279525757,0.49490952491760254,-0.014589079655706882,0.610408365726471,0.49624305963516235,-0.011845407076179981,0.6156523823738098,0.49765944480895996,-0.007971690036356449,0.607922375202179,0.4687376320362091,-0.014537188224494457,0.6228892803192139,0.5003408193588257,0.001203438499942422,0.6194548010826111,0.5028082132339478,-0.0016636366490274668,0.6211575865745544,0.5004438161849976,0.00043915549758821726,0.6059502959251404,0.4655842185020447,-0.025119073688983917,0.6129474639892578,0.5010812878608704,-0.00511767016723752,0.6078619956970215,0.5014901757240295,-0.0075453962199389935,0.6019580960273743,0.5019308924674988,-0.009131403639912605,0.6031352877616882,0.5244933366775513,-0.0009833626681938767,0.602948784828186,0.5169754028320312,-0.007819263264536858,0.6027476191520691,0.5116241574287415,-0.009184093214571476,0.6023797988891602,0.5063621401786804,-0.008224855177104473,0.6018807291984558,0.5020903944969177,-0.007751466706395149,0.6128722429275513,0.5011364817619324,-0.004023815039545298,0.614109456539154,0.5030479431152344,-0.004629854112863541,0.6154396533966064,0.5056027770042419,-0.005313073750585318,0.6164802312850952,0.5084713697433472,-0.0041501265950500965,0.6217749118804932,0.4865870177745819,-0.007337958086282015,0.6764473915100098,0.4538295567035675,0.05872593820095062,0.6167844533920288,0.5007733702659607,-0.0013538672355934978,0.6180724501609802,0.501711368560791,-0.0017459136433899403,0.6023604869842529,0.4728411138057709,-0.01555701158940792,0.6126997470855713,0.4703991711139679,-0.010287715122103691,0.603308916091919,0.47139331698417664,-0.01581987552344799,0.6232494115829468,0.44103023409843445,-0.007058517076075077,0.6342312097549438,0.4468379020690918,-0.00587916886433959,0.6160936951637268,0.46159934997558594,-0.014256673865020275,0.6568412780761719,0.35194405913352966,-0.000783780007623136,0.650604248046875,0.36472010612487793,-0.008229846134781837,0.6443592309951782,0.37313053011894226,-0.013706753961741924,0.6187548041343689,0.5147473812103271,0.00035914851468987763,0.6132919788360596,0.3798809051513672,-0.01936817169189453,0.6169328689575195,0.360580176115036,-0.018066439777612686,0.6207239031791687,0.33989521861076355,-0.015683285892009735,0.6436828970909119,0.4212862551212311,-0.001260524382814765,0.6604845523834229,0.42753684520721436,0.0071427361108362675,0.6156326532363892,0.4174971282482147,-0.0020323744975030422,0.6548129320144653,0.40345558524131775,2.1002046196372248e-05,0.6117334365844727,0.43074414134025574,-0.010955948382616043,0.6099370121955872,0.4604707360267639,-0.02552970126271248,0.6684679388999939,0.4349246323108673,0.013769588433206081,0.6546674966812134,0.43491828441619873,0.0022703001741319895,0.6451529264450073,0.4388617277145386,-0.0024441219866275787,0.6321077346801758,0.4373509883880615,-0.003955916501581669,0.6229326725006104,0.4334631860256195,-0.004622415639460087,0.6163842678070068,0.4295603632926941,-0.005806472152471542,0.6026958227157593,0.4197540283203125,-0.017333539202809334,0.666069746017456,0.45287269353866577,0.013285929337143898,0.6610510945320129,0.4007118046283722,0.0021933980751782656,0.596731960773468,0.4699298143386841,-0.029777443036437035,0.6148004531860352,0.44471967220306396,-0.010913636535406113,0.6809559464454651,0.41550442576408386,0.050590358674526215,0.6113829016685486,0.42555707693099976,-0.006594596430659294,0.6172416806221008,0.46166858077049255,-0.007885241881012917,0.65056973695755,0.4108502268791199,0.002675226889550686,0.6106786131858826,0.45468205213546753,-0.023512691259384155,0.6719662547111511,0.4743325710296631,0.057700637727975845,0.6163361072540283,0.4145762026309967,-0.0008385898545384407,0.6053208708763123,0.4501611888408661,-0.029354114085435867,0.6472209095954895,0.5167505741119385,0.023272406309843063,0.6473931670188904,0.5252981185913086,0.03522377833724022,0.6735879182815552,0.4537428617477417,0.03547729179263115,0.6563829779624939,0.5051807761192322,0.02910758927464485,0.6736642718315125,0.40035414695739746,0.022027766332030296,0.6190061569213867,0.5450158715248108,0.009406981989741325,0.5964431166648865,0.4712689220905304,-0.02104032225906849,0.6207491755485535,0.4507315158843994,-0.008665923029184341,0.6689282059669495,0.41394898295402527,0.014824566431343555,0.6368052363395691,0.41952237486839294,-0.0031466346699744463,0.6308120489120483,0.4199185073375702,-0.004143254365772009,0.6207002997398376,0.5041391253471375,-0.0007442862261086702,0.6637179851531982,0.4696667194366455,0.016842186450958252,0.6076816916465759,0.5557665228843689,0.012998586520552635,0.6275067925453186,0.5442074537277222,0.022165153175592422,0.6365414261817932,0.5364853739738464,0.027787920087575912,0.6253854632377625,0.4186069965362549,-0.0038361006882041693,0.6204313039779663,0.4164728820323944,-0.0025315438397228718,0.6175025701522827,0.41532060503959656,-0.0010451535927131772,0.6670958995819092,0.3970606327056885,0.00793361198157072,0.6225446462631226,0.40680745244026184,-0.00411253934726119,0.6285316944122314,0.4038093686103821,-0.005774881690740585,0.6344309449195862,0.4037378132343292,-0.006064976565539837,0.6400765180587769,0.40553799271583557,-0.004959460813552141,0.6435365080833435,0.40804457664489746,-0.0030839680694043636,0.6798309087753296,0.3956857919692993,0.03877783939242363,0.6411241292953491,0.417763888835907,-0.0015334824565798044,0.6152663826942444,0.48211535811424255,-0.010298737324774265,0.6091838479042053,0.4664931893348694,-0.018783288076519966,0.6030744910240173,0.47962686419487,-0.014789095148444176,0.637608528137207,0.5278087258338928,0.019329572096467018,0.628510594367981,0.5363794565200806,0.014825628139078617,0.6075556874275208,0.5507875084877014,0.005110075231641531,0.6566005945205688,0.5124475359916687,0.0448666587471962,0.6182891130447388,0.41161710023880005,-0.0022451872937381268,0.6061834096908569,0.43369874358177185,-0.018881933763623238,0.6181145906448364,0.5510993599891663,0.016220662742853165,0.6697479486465454,0.47226595878601074,0.036264486610889435,0.607823371887207,0.5015789866447449,-0.006246801000088453,0.6088904142379761,0.5048093795776367,-0.006873998325318098,0.6097939014434814,0.5088128447532654,-0.007664837874472141,0.6103879809379578,0.5135326385498047,-0.006499268114566803,0.6118094325065613,0.520564615726471,-0.001265052822418511,0.6183107495307922,0.4999009966850281,-0.0028686875011771917,0.6197691559791565,0.4989660084247589,-0.0031514239963144064,0.6210439205169678,0.49791419506073,-0.003459335071966052,0.6267292499542236,0.4925752878189087,-0.003097435925155878,0.6541414260864258,0.474581778049469,0.005532567389309406,0.6071270108222961,0.42468369007110596,-0.013713623397052288,0.6116126775741577,0.40713444352149963,-0.004892144352197647,0.6156160235404968,0.4080374240875244,-0.0031494605354964733,0.616857647895813,0.5007270574569702,-0.002033393131569028,0.6538572311401367,0.4940180480480194,0.016603920608758926,0.6051735877990723,0.4075920581817627,-0.012170132249593735,0.6151212453842163,0.5283364653587341,0.0025073362048715353,0.6014603972434998,0.42946746945381165,-0.022915901616215706,0.6099984049797058,0.44707566499710083,-0.01838827133178711,0.6048402190208435,0.5331418514251709,0.0007199699175544083,0.6300854682922363,0.5120217204093933,0.005708598531782627,0.6229442358016968,0.4682706296443939,-0.006367611698806286,0.6232475638389587,0.5212912559509277,0.004415199626237154,0.639326274394989,0.46770909428596497,-0.005327788181602955,0.6292821764945984,0.47675809264183044,-0.005251978989690542,0.6444385647773743,0.4808959364891052,2.336519173695706e-05,0.6066310405731201,0.5429360866546631,0.0014184692408889532,0.6138660907745361,0.45144885778427124,-0.013973324559628963,0.6355957388877869,0.518775224685669,0.011638191528618336,0.6266652345657349,0.5282372236251831,0.009483670815825462,0.6356979608535767,0.5015614628791809,0.004560850095003843,0.6610227823257446,0.4836615025997162,0.020588243380188942,0.6443817019462585,0.5033059120178223,0.010089471004903316,0.6646254658699036,0.4893275201320648,0.03530994430184364,0.6342377662658691,0.48700228333473206,-0.0020729191601276398,0.6104007959365845,0.43910956382751465,-0.014583872631192207,0.6077985763549805,0.46430036425590515,-0.026587646454572678,0.6119018197059631,0.4658006429672241,-0.01977432332932949,0.6048620939254761,0.4589848220348358,-0.03090655617415905,0.6169739961624146,0.3978330194950104,-0.007923097349703312,0.6280499696731567,0.39134538173675537,-0.010144800879061222,0.6378848552703857,0.3901495635509491,-0.01054348237812519,0.6460769772529602,0.39208167791366577,-0.008646064437925816,0.6518684029579163,0.3964061141014099,-0.0051778932102024555,0.6554185748100281,0.4120635390281677,0.004985720384865999,0.6762140393257141,0.43559756875038147,0.03265721723437309,0.6486021876335144,0.4264225661754608,0.0012616898166015744,0.6411100625991821,0.4295293092727661,-0.00162999436724931,0.6318117380142212,0.42954209446907043,-0.0032958637457340956,0.623519778251648,0.4271891117095947,-0.0038485645782202482,0.6174893975257874,0.42408594489097595,-0.0034518460743129253,0.6133772134780884,0.421440452337265,-0.003626219928264618,0.6793296933174133,0.43441444635391235,0.05667920038104057,0.6119053363800049,0.46748897433280945,-0.016480999067425728,0.6053458452224731,0.44175422191619873,-0.023273885250091553,0.603069543838501,0.4649859368801117,-0.03077288530766964,0.6002429723739624,0.4686126410961151,-0.027503862977027893,0.6034091114997864,0.4661553204059601,-0.027679553255438805,0.6104758977890015,0.469564825296402,-0.013802220113575459,0.5988168716430664,0.4694150686264038,-0.02900877222418785,0.59852534532547,0.4707849621772766,-0.021344048902392387,0.6138029098510742,0.4147582948207855,-0.001316759386099875,0.6102460622787476,0.4168393015861511,-0.00442108977586031,0.6076531410217285,0.4190671741962433,-0.008270087651908398,0.645675539970398,0.41000521183013916,-0.0010184943675994873,0.6506628394126892,0.4049980044364929,-0.0011940371477976441,0.5599793195724487,0.40766170620918274,0.00575456814840436,0.5650129318237305,0.40759748220443726,0.00575456814840436,0.5607289671897888,0.40018153190612793,0.00575456814840436,0.5550574660301208,0.40777596831321716,0.00575456814840436,0.5592957735061646,0.41527459025382996,0.00575456814840436,0.6233945488929749,0.4121932089328766,-0.002670128596946597,0.6281878352165222,0.4123212695121765,-0.002670128596946597,0.6246488094329834,0.404602974653244,-0.002670128596946597,0.6190281510353088,0.41214534640312195,-0.002670128596946597,0.6224312782287598,0.4200093448162079,-0.002670128596946597
1799.9999999999986,0.5950629115104675,0.4916008710861206,-0.014634749852120876,0.5920474529266357,0.46754908561706543,-0.03286540508270264,0.5934905409812927,0.4742504358291626,-0.016122160479426384,0.5884993672370911,0.4383157789707184,-0.025806784629821777,0.5920261740684509,0.45900851488113403,-0.03554347902536392,0.5927169919013977,0.44725582003593445,-0.03381858766078949,0.5951972007751465,0.4179167151451111,-0.01952284947037697,0.5549890995025635,0.40987953543663025,0.010668307542800903,0.59629887342453,0.39472347497940063,-0.01705169305205345,0.5964341163635254,0.3828403949737549,-0.01937672682106495,0.5982659459114075,0.33907678723335266,-0.01658868044614792,0.5949918031692505,0.495654821395874,-0.013595661148428917,0.5949549674987793,0.49963903427124023,-0.011371870525181293,0.5950045585632324,0.5021195411682129,-0.008062572218477726,0.5948878526687622,0.5022537112236023,-0.006890338379889727,0.5947418808937073,0.50688636302948,-0.007193033117800951,0.5945854187011719,0.512230396270752,-0.008069940842688084,0.594488263130188,0.5175411701202393,-0.006569732911884785,0.5941037535667419,0.5251531600952148,0.00014409459254238755,0.5925182104110718,0.4714645743370056,-0.029383810237050056,0.5874986052513123,0.47039228677749634,-0.02011619135737419,0.53545081615448,0.37494534254074097,0.04017110913991928,0.5717507600784302,0.41931450366973877,0.0024230615235865116,0.5658618807792664,0.4197063446044922,0.0037493943236768246,0.5601526498794556,0.4188920557498932,0.006224679760634899,0.5526566505432129,0.4126660227775574,0.012307729572057724,0.5766652226448059,0.41760313510894775,0.0022476676385849714,0.5638186931610107,0.39151638746261597,-7.030457345535979e-05,0.5705863833427429,0.3932827115058899,-0.0012075674021616578,0.5575553774833679,0.39286985993385315,0.0029791786801069975,0.5534260272979736,0.39651480317115784,0.006164246704429388,0.5479834079742432,0.4180833399295807,0.016358522698283195,0.5731223225593567,0.5345628261566162,0.011249746195971966,0.5528460144996643,0.4067433774471283,0.012924855574965477,0.5327522158622742,0.41194581985473633,0.04641222953796387,0.5416646599769592,0.4109589457511902,0.023076558485627174,0.5651998519897461,0.455130010843277,-0.0002542752481531352,0.5871574282646179,0.48903918266296387,-0.012886851094663143,0.5880016088485718,0.49872419238090515,-0.009524787776172161,0.5796769261360168,0.4911821186542511,-0.007940866984426975,0.5748111009597778,0.49363717436790466,-0.0022751654032617807,0.58216392993927,0.4980981647968292,-0.006120816804468632,0.5776026844978333,0.49786657094955444,-0.0010996125638484955,0.5681613087654114,0.5055868625640869,0.009768764488399029,0.5871754884719849,0.4670282006263733,-0.03181185945868492,0.586327850818634,0.4587674140930176,-0.03416953235864639,0.5457485914230347,0.38776537775993347,0.008468269370496273,0.578245997428894,0.43493735790252686,-0.004161067306995392,0.5756472945213318,0.46215376257896423,-0.0146847665309906,0.5756911635398865,0.4573040306568146,-0.013036280870437622,0.5477326512336731,0.4522199332714081,0.010078384540975094,0.5873152017593384,0.4478418231010437,-0.031061572954058647,0.559878408908844,0.378559410572052,-0.0053284368477761745,0.5516069531440735,0.3814276456832886,0.0011298152385279536,0.5402502417564392,0.3607602119445801,0.02560487948358059,0.5855477452278137,0.39050668478012085,-0.013704216107726097,0.5762026906013489,0.39802682399749756,6.90673987264745e-05,0.5636484622955322,0.49707159399986267,0.01112197432667017,0.5425973534584045,0.4892747104167938,0.06956518441438675,0.5800615549087524,0.4672142565250397,-0.012669742107391357,0.5844660401344299,0.47001123428344727,-0.013738254085183144,0.5688514113426208,0.4978261888027191,0.009763115085661411,0.5704907178878784,0.4980529248714447,0.00753108412027359,0.5487353205680847,0.37496787309646606,0.00403561070561409,0.5758197903633118,0.4651268720626831,-0.010990262031555176,0.571126401424408,0.3809390366077423,-0.010463997721672058,0.570435643196106,0.3731945753097534,-0.012280824594199657,0.5623202323913574,0.3426051735877991,-0.003636854002252221,0.5429543256759644,0.37027400732040405,0.013186031952500343,0.564853310585022,0.3599817156791687,-0.00851921271532774,0.5426304340362549,0.38330090045928955,0.013922913931310177,0.5378269553184509,0.3815222680568695,0.02614419162273407,0.5873804688453674,0.4943616986274719,-0.011861967854201794,0.5808830857276917,0.49489879608154297,-0.007241855375468731,0.5761137008666992,0.4958166778087616,-0.002197756664827466,0.5814235806465149,0.4685876965522766,-0.01150213647633791,0.5696868896484375,0.4979577362537384,0.008521008305251598,0.5724877715110779,0.5005723237991333,0.004690355621278286,0.5713515877723694,0.49818384647369385,0.007269405294209719,0.5819804072380066,0.46573445200920105,-0.02170863188803196,0.5787708759307861,0.49930357933044434,4.801373142981902e-05,0.5832661986351013,0.5001749396324158,-0.003385643707588315,0.5887304544448853,0.5012469291687012,-0.0063749379478394985,0.5861788988113403,0.5239048004150391,0.0012631752761080861,0.586463451385498,0.5160984396934509,-0.005243375431746244,0.5868771076202393,0.5107756853103638,-0.00644651660695672,0.5876263976097107,0.5055322647094727,-0.005477786995470524,0.5885388851165771,0.5013196468353271,-0.00518797105178237,0.5786207914352417,0.4993065893650055,0.0009746583527885377,0.5772572159767151,0.5011394619941711,0.00043365464080125093,0.5757428407669067,0.503588855266571,-0.00010731242946349084,0.5745332837104797,0.5064091682434082,0.0013644479913637042,0.5693070888519287,0.4849148690700531,-0.0005135139799676836,0.5360023379325867,0.44720321893692017,0.07579482346773148,0.5930008888244629,0.47287434339523315,-0.020860057324171066,0.5752886533737183,0.4987044334411621,0.004709314554929733,0.5738906860351562,0.49957412481307983,0.004393920302391052,0.5862022042274475,0.4731912314891815,-0.01354052685201168,0.577872633934021,0.469623863697052,-0.006434261333197355,0.585375964641571,0.4716491401195526,-0.013871608301997185,0.5719090104103088,0.4391624927520752,-0.0007560714730061591,0.5615928769111633,0.4439014196395874,0.0026623120065778494,0.5749940276145935,0.46046286821365356,-0.009125311858952045,0.548527181148529,0.3496612310409546,0.010257307440042496,0.5514296293258667,0.3626433312892914,0.001876562717370689,0.558220386505127,0.37110456824302673,-0.004607813898473978,0.5725962519645691,0.5125525593757629,0.006641987711191177,0.5842559337615967,0.3777986466884613,-0.016936784610152245,0.5796366930007935,0.3601374626159668,-0.015211842022836208,0.5783501863479614,0.33943402767181396,-0.012715587392449379,0.5553339123725891,0.41665971279144287,0.009535875171422958,0.5418123006820679,0.4237140417098999,0.021064605563879013,0.5798081755638123,0.4156394600868225,0.002571594435721636,0.5477083325386047,0.4002324938774109,0.012549326755106449,0.5823267698287964,0.42994600534439087,-0.007312314584851265,0.5783563852310181,0.4601394236087799,-0.021568918600678444,0.5357124209403992,0.42939677834510803,0.029587866738438606,0.5454414486885071,0.430653840303421,0.015421433374285698,0.5526207685470581,0.4348697364330292,0.008780376054346561,0.5636175274848938,0.4345528185367584,0.004541973117738962,0.5719047784805298,0.4315973222255707,0.0017980857519432902,0.578074038028717,0.42803382873535156,-0.0010816376889124513,0.5896024703979492,0.419704407453537,-0.016133304685354233,0.5363011956214905,0.4471169412136078,0.029300957918167114,0.5433509349822998,0.39856386184692383,0.01596720516681671,0.589509904384613,0.4710274338722229,-0.028611140325665474,0.5783359408378601,0.4436721205711365,-0.0062356432899832726,0.5331106185913086,0.4095310568809509,0.06758617609739304,0.5828452706336975,0.42385631799697876,-0.0030149954836815596,0.5748680830001831,0.46037015318870544,-0.002802253235131502,0.5506338477134705,0.4068913161754608,0.01450999267399311,0.5787171721458435,0.45417454838752747,-0.019561849534511566,0.5385087132453918,0.4677559733390808,0.07442878931760788,0.5795910358428955,0.4125303626060486,0.003853307105600834,0.582714855670929,0.45016273856163025,-0.026505304500460625,0.5510681867599487,0.5119969248771667,0.03593103960156441,0.5532681345939636,0.5203446745872498,0.047979023307561874,0.5335432887077332,0.44769030809402466,0.052854038774967194,0.544662594795227,0.5000143647193909,0.04379035532474518,0.5350038409233093,0.3954474925994873,0.03803883120417595,0.5723257660865784,0.5425695180892944,0.01599046215415001,0.5905849933624268,0.47243157029151917,-0.020187480375170708,0.5729973912239075,0.449106365442276,-0.0028493970166891813,0.5370491743087769,0.4117502272129059,0.030184181407094002,0.5609124898910522,0.4137279987335205,0.0062644826248288155,0.5660131573677063,0.41471153497695923,0.004117419011890888,0.5712560415267944,0.5018075704574585,0.0060287718661129475,0.5378788709640503,0.46395590901374817,0.03255508095026016,0.5829072594642639,0.5549659132957458,0.01706560142338276,0.5673718452453613,0.541018009185791,0.030826881527900696,0.5609171390533447,0.5323524475097656,0.03838548809289932,0.5971881747245789,0.3608580231666565,-0.01871899515390396,0.5949223041534424,0.5578124523162842,0.013835972175002098,0.5709229111671448,0.4144323468208313,0.003082919865846634,0.575489342212677,0.41348156332969666,0.0032735716085880995,0.5783042311668396,0.41303199529647827,0.004061838611960411,0.5394861698150635,0.39609503746032715,0.022733299061655998,0.5743691921234131,0.4050372540950775,0.0018207356333732605,0.5694214701652527,0.40148478746414185,0.0012521742610260844,0.5643696784973145,0.4002001881599426,0.002266153460368514,0.5592816472053528,0.4011530876159668,0.004640547558665276,0.5560269355773926,0.40339896082878113,0.007226031739264727,0.5331053733825684,0.39033740758895874,0.05528198927640915,0.5574279427528381,0.41198140382766724,0.008698085322976112,0.5936324596405029,0.4802110195159912,-0.014073446393013,0.5749332904815674,0.48123303055763245,-0.0050941454246640205,0.5797973275184631,0.466227263212204,-0.015272639691829681,0.585460364818573,0.48003023862838745,-0.01236396748572588,0.5961095690727234,0.40606117248535156,-0.015974750742316246,0.5583820939064026,0.5235515832901001,0.02981455810368061,0.565199613571167,0.5329169631004333,0.023338617756962776,0.5818555951118469,0.549852192401886,0.009128409437835217,0.5476563572883606,0.5070174932479858,0.059602171182632446,0.5778772830963135,0.40963441133499146,0.0029897927306592464,0.5851491093635559,0.4334176778793335,-0.0164241511374712,0.594165027141571,0.5526527762413025,0.006200214382261038,0.5742515921592712,0.5489619970321655,0.022915495559573174,0.5359272360801697,0.46628493070602417,0.053190506994724274,0.5830838680267334,0.5002058744430542,-0.0022824169136583805,0.5817168951034546,0.5033668279647827,-0.0027456844691187143,0.5805600881576538,0.5073113441467285,-0.0033735225442796946,0.5797194242477417,0.5120285153388977,-0.0021129262167960405,0.5784377455711365,0.5190859436988831,0.0033684070222079754,0.5739521384239197,0.49779731035232544,0.003486812114715576,0.5725075602531433,0.4968058466911316,0.0037362908478826284,0.5713448524475098,0.4957103133201599,0.0038222128059715033,0.5652375221252441,0.49026089906692505,0.005258246790617704,0.5440506935119629,0.4696204960346222,0.01881757378578186,0.5860624313354492,0.42427051067352295,-0.011332878842949867,0.5846529603004456,0.40574997663497925,-0.0019885192159563303,0.5808477401733398,0.406416118144989,0.0012333031045272946,0.5754168033599854,0.49870729446411133,0.004127004183828831,0.5450479388237,0.48905709385871887,0.030246524140238762,0.5898614525794983,0.4062022566795349,-0.010695240460336208,0.5756668448448181,0.5264040231704712,0.007654665503650904,0.5935535430908203,0.43736281991004944,-0.028821604326367378,0.5889087915420532,0.4295543134212494,-0.02177266962826252,0.5943342447280884,0.4280867576599121,-0.02403225563466549,0.580925703048706,0.4464712142944336,-0.01487437728792429,0.5939172506332397,0.5444232225418091,0.002128392457962036,0.594001829624176,0.5341715812683105,0.0012948033399879932,0.5843953490257263,0.5324066877365112,0.0035487378481775522,0.5632287859916687,0.5087615847587585,0.014378289692103863,0.5696552991867065,0.4664069414138794,-7.992563041625544e-05,0.5689612627029419,0.5185158848762512,0.011387499049305916,0.5554720163345337,0.464130699634552,0.0041954233311116695,0.5636969208717346,0.474140465259552,0.0025822133757174015,0.5511778593063354,0.4767337143421173,0.011076853610575199,0.5824170708656311,0.5420005321502686,0.00510390056297183,0.5780807137489319,0.4505401849746704,-0.009500408545136452,0.5590797662734985,0.5147852301597595,0.021509956568479538,0.5661405920982361,0.5250067114830017,0.017286665737628937,0.5582576990127563,0.49799683690071106,0.01476666796952486,0.5401614904403687,0.47818678617477417,0.03569444268941879,0.5517469644546509,0.4988868534564972,0.021735506132245064,0.5393423438072205,0.4836741089820862,0.051729414612054825,0.5593141913414001,0.4838220179080963,0.007238395512104034,0.5818871855735779,0.4384392201900482,-0.01094213780015707,0.5800536870956421,0.46423694491386414,-0.022941524162888527,0.5773065686225891,0.4652351140975952,-0.01557551696896553,0.5819345116615295,0.4591825604438782,-0.02802606113255024,0.5804811120033264,0.39653125405311584,-0.0038356580771505833,0.5709490776062012,0.3890044093132019,-0.004021416883915663,0.5623086094856262,0.38703569769859314,-0.0022496385499835014,0.5551804900169373,0.3887334167957306,0.0016624745912849903,0.5502275824546814,0.392972856760025,0.006501923780888319,0.5467937588691711,0.4089468717575073,0.017634114250540733,0.5323266983032227,0.42967358231544495,0.0502035915851593,0.5510276556015015,0.4224229156970978,0.0129974614828825,0.5568952560424805,0.4257996082305908,0.00854361429810524,0.5646225214004517,0.42645159363746643,0.005029887892305851,0.572023332118988,0.4249301850795746,0.0026779298204928637,0.5777150988578796,0.42250046133995056,0.0013966833939775825,0.5816845893859863,0.42004913091659546,0.0002486780867911875,0.5345932841300964,0.4281141757965088,0.073854461312294,0.5777590274810791,0.46692121028900146,-0.012367570772767067,0.5843233466148376,0.4416106045246124,-0.020588092505931854,0.5834445953369141,0.4654234051704407,-0.028353532776236534,0.5868414640426636,0.46928131580352783,-0.025940457358956337,0.5838882327079773,0.46649494767189026,-0.02519875578582287,0.579407811164856,0.4691214859485626,-0.010304925963282585,0.5877587795257568,0.4703044295310974,-0.02764790691435337,0.5887686014175415,0.4717353582382202,-0.020138369873166084,0.5818723440170288,0.4129948318004608,0.0025761225260794163,0.5849295854568481,0.4153752028942108,-0.0015189975965768099,0.5866539478302002,0.417243093252182,-0.005923303309828043,0.5541858077049255,0.4052432179450989,0.009748097509145737,0.5507799386978149,0.40101930499076843,0.010341888293623924,0.5990114212036133,0.43866923451423645,-0.027438117191195488,0.6441271305084229,0.41454315185546875,-0.0010861495975404978,0.599324643611908,0.47085466980934143,-0.021387150511145592,0.6752082109451294,0.37834274768829346,0.022569071501493454,0.6235513687133789,0.4220973253250122,-0.005104450974613428,0.630409300327301,0.4231010675430298,-0.005301038734614849,0.6372629404067993,0.42264074087142944,-0.004263947252184153,0.6467755436897278,0.41663986444473267,-0.00013188377488404512,0.6181144714355469,0.41964930295944214,-0.003706810064613819,0.6357672214508057,0.39424416422843933,-0.009686942212283611,0.6276648640632629,0.39528751373291016,-0.008786228485405445,0.6430854797363281,0.39615651965141296,-0.008125741966068745,0.6476417183876038,0.400177001953125,-0.005828728433698416,0.6522554159164429,0.4217555522918701,0.0030190676916390657,0.6177229285240173,0.5375222563743591,0.005929343868046999,0.6470195651054382,0.41117337346076965,0.0006167532992549241,0.6759328246116638,0.41661521792411804,0.02815217711031437,0.6606854796409607,0.41385114192962646,0.007984410971403122,0.6282215118408203,0.4576934278011322,-0.00778226088732481,0.6033440232276917,0.48980292677879333,-0.014898753724992275,0.6023957133293152,0.4994705021381378,-0.011382504366338253,0.6115885972976685,0.49272701144218445,-0.012106289155781269,0.6170645952224731,0.49560949206352234,-0.00789579562842846,0.6089641451835632,0.49947139620780945,-0.009742268361151218,0.6141945719718933,0.49966099858283997,-0.005804832559078932,0.624154806137085,0.5081821084022522,0.0027480998542159796,0.5973694324493408,0.46743839979171753,-0.03283926472067833,0.5981106162071228,0.45918527245521545,-0.03543662652373314,0.6584122776985168,0.3898111879825592,-0.005858263932168484,0.6154083609580994,0.43621277809143066,-0.009167466312646866,0.6136391162872314,0.4636177122592926,-0.01946432515978813,0.6144334077835083,0.4587448835372925,-0.017982186749577522,0.649020254611969,0.45637568831443787,-0.002378963166847825,0.5985156893730164,0.44818127155303955,-0.03265932574868202,0.6421481370925903,0.3808293640613556,-0.015153460204601288,0.6518532633781433,0.38340070843696594,-0.011233419179916382,0.667609691619873,0.3632451891899109,0.00975662749260664,0.6111344695091248,0.39137956500053406,-0.016914933919906616,0.620681881904602,0.3995814621448517,-0.006104797590523958,0.629278302192688,0.49992817640304565,0.002651879331097007,0.6658999919891357,0.49505147337913513,0.05342693626880646,0.6089747548103333,0.4683445394039154,-0.016129760071635246,0.6039189100265503,0.4707913100719452,-0.01545790582895279,0.6240872740745544,0.5001347661018372,0.0024469485506415367,0.6223633289337158,0.5002517700195312,0.0010909639531746507,0.6561095118522644,0.3766007423400879,-0.00917733646929264,0.6142007112503052,0.4666564166545868,-0.0156390517950058,0.6289883255958557,0.38285714387893677,-0.017181122675538063,0.6303550004959106,0.37534576654434204,-0.019217025488615036,0.6377031207084656,0.34349873661994934,-0.012810123153030872,0.6610208749771118,0.37263673543930054,-0.0013809428783133626,0.6323204636573792,0.3608046770095825,-0.016581811010837555,0.6631870865821838,0.3847525715827942,-0.0013670605840161443,0.6686652898788452,0.38484036922454834,0.00954512134194374,0.6030244827270508,0.49513059854507446,-0.01388658955693245,0.6102901101112366,0.4963741898536682,-0.011171304620802402,0.6156873106956482,0.49768245220184326,-0.007338282652199268,0.6076066493988037,0.469631165266037,-0.014328541234135628,0.6231947541236877,0.5002081394195557,0.0017633977113291621,0.6196902990341187,0.5026503801345825,-0.0010625410359352827,0.6214344501495361,0.500313401222229,0.0010298059787601233,0.6053037047386169,0.4666033089160919,-0.024946916848421097,0.6130586862564087,0.500963032245636,-0.004400067962706089,0.6078364849090576,0.5014253854751587,-0.006758241448551416,0.601797342300415,0.5019375681877136,-0.008289271034300327,0.6027921438217163,0.524858832359314,-0.00048304180381819606,0.6029091477394104,0.5168691873550415,-0.007175573147833347,0.602660596370697,0.5115135312080383,-0.008477531373500824,0.6022508144378662,0.5062367916107178,-0.007483681198209524,0.6017335653305054,0.501973032951355,-0.007087308447808027,0.6130123138427734,0.5009769201278687,-0.0034604875836521387,0.6142319440841675,0.5028806328773499,-0.004020032938569784,0.615565836429596,0.505433976650238,-0.004713746253401041,0.61662757396698,0.5083009004592896,-0.0035603069700300694,0.6215709447860718,0.48716628551483154,-0.006922525819391012,0.6761744022369385,0.452748566865921,0.05789373070001602,0.6170293092727661,0.5006333589553833,-0.0008039088570512831,0.6183009147644043,0.501572847366333,-0.0011601968435570598,0.6018026471138,0.4738939106464386,-0.015255271457135677,0.6124520301818848,0.47112715244293213,-0.010107398964464664,0.6028067469596863,0.47242471575737,-0.015533161349594593,0.6223708987236023,0.44100990891456604,-0.007365372497588396,0.6333174109458923,0.4467147886753082,-0.0062108114361763,0.6157833933830261,0.46209004521369934,-0.014188218861818314,0.6556370258331299,0.3512679934501648,-0.0027228507678955793,0.6494839787483215,0.36411458253860474,-0.00987362489104271,0.644997775554657,0.373140811920166,-0.015093483030796051,0.6185796856880188,0.5148774981498718,0.000928625522647053,0.6136023998260498,0.3794699013233185,-0.020397767424583435,0.6155170798301697,0.360623836517334,-0.01938576065003872,0.619246780872345,0.3398858606815338,-0.017336709424853325,0.6432058215141296,0.4206904470920563,-0.0021649908740073442,0.6592528820037842,0.4276086688041687,0.006198705639690161,0.6147472858428955,0.4174012243747711,-0.002734370995312929,0.6543276906013489,0.4033920168876648,-0.0011832710588350892,0.6107231974601746,0.4308485686779022,-0.01132381334900856,0.6093201041221619,0.46127212047576904,-0.025423331186175346,0.6676566004753113,0.43425124883651733,0.012813067995011806,0.6540101766586304,0.43467822670936584,0.0015013647498562932,0.6448030471801758,0.4384719729423523,-0.003055561101064086,0.6315728425979614,0.43715614080429077,-0.004460456315428019,0.6221510171890259,0.4334554970264435,-0.005097190849483013,0.6154308319091797,0.4295530319213867,-0.006260579451918602,0.6014334559440613,0.41999760270118713,-0.017813250422477722,0.6655842065811157,0.452335923910141,0.01264122687280178,0.6601684093475342,0.40101271867752075,0.0008966246386989951,0.59576416015625,0.4712885916233063,-0.02944757416844368,0.6141128540039062,0.4449237287044525,-0.011077627539634705,0.6801460385322571,0.4141676723957062,0.049020640552043915,0.6103891134262085,0.42536279559135437,-0.007086823228746653,0.6169562935829163,0.46205103397369385,-0.007843321189284325,0.6499762535095215,0.4107210338115692,0.001577594317495823,0.6100641489028931,0.45528745651245117,-0.023489205166697502,0.6722356081008911,0.4735657572746277,0.057287540286779404,0.6152485609054565,0.4143745005130768,-0.0016291842330247164,0.6043756604194641,0.45092517137527466,-0.029345085844397545,0.6478119492530823,0.5171413421630859,0.02356078289449215,0.6482228636741638,0.5256189703941345,0.03575362637639046,0.6733260154724121,0.45319420099258423,0.03464842960238457,0.6570655107498169,0.5053733587265015,0.029174741357564926,0.6727315783500671,0.39943400025367737,0.020415138453245163,0.6190291047096252,0.5458701848983765,0.010128220543265343,0.5955705642700195,0.4726048707962036,-0.020703786984086037,0.6201220154762268,0.45090267062187195,-0.008789223618805408,0.6667807102203369,0.41476935148239136,0.013590404763817787,0.6367223262786865,0.4183928966522217,-0.004033629782497883,0.6306107640266418,0.4188642203807831,-0.004974404349923134,0.6209583878517151,0.5039615035057068,-0.0001436043094145134,0.6636568307876587,0.4693416655063629,0.016510162502527237,0.6078014373779297,0.5568146705627441,0.013947308994829655,0.6279475688934326,0.5450692176818848,0.02285698801279068,0.6371764540672302,0.5371173620223999,0.02841917611658573,0.624912440776825,0.41783493757247925,-0.004632654134184122,0.6197443604469299,0.41604843735694885,-0.0033134459517896175,0.616595447063446,0.4151058793067932,-0.0018299053190276027,0.6656016707420349,0.3978976011276245,0.006516814231872559,0.6216031908988953,0.40654832124710083,-0.004982116166502237,0.6277045607566833,0.403371661901474,-0.006693386472761631,0.6339211463928223,0.40304186940193176,-0.007029256317764521,0.6398415565490723,0.4047679901123047,-0.005965838208794594,0.6433565020561218,0.4073793292045593,-0.004126339685171843,0.6790406107902527,0.39437562227249146,0.036948200315237045,0.6409834623336792,0.4167545735836029,-0.002502772491425276,0.6149994730949402,0.4829265773296356,-0.009955067187547684,0.6087789535522461,0.46735358238220215,-0.01863642781972885,0.602535605430603,0.48077717423439026,-0.01440630666911602,0.6380221843719482,0.5283892750740051,0.019797824323177338,0.6287438273429871,0.5371488928794861,0.015429175458848476,0.6074368953704834,0.5517046451568604,0.005946405231952667,0.6574969291687012,0.5124337673187256,0.045173920691013336,0.6172755360603333,0.4113789498806,-0.0030631255358457565,0.6050902009010315,0.4340580999851227,-0.019152600318193436,0.6183744072914124,0.5520868301391602,0.017036519944667816,0.6699467897415161,0.4719734787940979,0.035746656358242035,0.6078189015388489,0.5014219284057617,-0.005640778690576553,0.608872652053833,0.5046483278274536,-0.0062114158645272255,0.6097896695137024,0.5086581707000732,-0.007039339281618595,0.6104172468185425,0.5133876204490662,-0.005897780414670706,0.6115409731864929,0.5207959413528442,-0.0007230223272927105,0.6185272336006165,0.49980002641677856,-0.0022540942300111055,0.619958758354187,0.4988970458507538,-0.0025631203316152096,0.6212081909179688,0.49787217378616333,-0.00289904628880322,0.6266661286354065,0.4928855895996094,-0.0026433959137648344,0.6539548635482788,0.4743990898132324,0.005421750713139772,0.6059899926185608,0.4248645305633545,-0.014150982722640038,0.6105934381484985,0.40698450803756714,-0.005643696989864111,0.6146340370178223,0.4079238176345825,-0.003953928127884865,0.6170717477798462,0.5005936622619629,-0.0013910966226831079,0.6541838049888611,0.49401921033859253,0.016678452491760254,0.6042750477790833,0.4072592854499817,-0.012868078425526619,0.6148951649665833,0.5287758111953735,0.0030460436828434467,0.6002297401428223,0.4298890233039856,-0.02322719618678093,0.6092128157615662,0.4475041329860687,-0.018491489812731743,0.6045215129852295,0.5336573719978333,0.001322510070167482,0.630180835723877,0.5122544765472412,0.006246098782867193,0.6226664185523987,0.4686124920845032,-0.0062958174385130405,0.6231881380081177,0.5216020941734314,0.0049634575843811035,0.6388139128684998,0.46771371364593506,-0.005396499764174223,0.6289799213409424,0.4770233929157257,-0.0050922296941280365,0.6442674994468689,0.4809098243713379,0.00010299613495590165,0.606389045715332,0.5436509847640991,0.0021424288861453533,0.6133372187614441,0.451774001121521,-0.014027796685695648,0.6358312368392944,0.5191366672515869,0.012135044671595097,0.6267406940460205,0.5287621021270752,0.010062219575047493,0.6358332633972168,0.5017151832580566,0.004992046859115362,0.6613011360168457,0.48353326320648193,0.020463718101382256,0.6446723341941833,0.5034502148628235,0.010409452021121979,0.6652001738548279,0.48929402232170105,0.03509853407740593,0.6341208219528198,0.4871830642223358,-0.0018006045138463378,0.6095182299613953,0.4393927752971649,-0.014805391430854797,0.6071732640266418,0.4652537703514099,-0.02644042856991291,0.6115365028381348,0.4665696322917938,-0.01961299404501915,0.603994607925415,0.45999225974082947,-0.03076150082051754,0.6163872480392456,0.39766815304756165,-0.008799227885901928,0.6279414296150208,0.3910023868083954,-0.011162303388118744,0.6381086707115173,0.38973090052604675,-0.011653895489871502,0.6463513374328613,0.39169755578041077,-0.009805618785321712,0.6519247889518738,0.3961440920829773,-0.006373795680701733,0.6544666886329651,0.41222745180130005,0.003860806580632925,0.6755702495574951,0.4348498284816742,0.0315287746489048,0.6480473279953003,0.42616885900497437,0.00039554311661049724,0.6406199336051941,0.4291539490222931,-0.0023895674385130405,0.631237268447876,0.42923101782798767,-0.003941323142498732,0.6227421760559082,0.42704880237579346,-0.004450986161828041,0.6165233850479126,0.42408090829849243,-0.004010921344161034,0.6123037934303284,0.4213945269584656,-0.004198508802801371,0.6786561012268066,0.43316641449928284,0.05542820319533348,0.6116251945495605,0.4682542085647583,-0.016314363107085228,0.604283332824707,0.44229868054389954,-0.02341010607779026,0.6022154688835144,0.4661710560321808,-0.030547553673386574,0.5994043350219727,0.4698966443538666,-0.027214346453547478,0.6026360988616943,0.46731823682785034,-0.027459831908345222,0.6101933717727661,0.47038450837135315,-0.013604686595499516,0.5979185700416565,0.4707425832748413,-0.028687216341495514,0.5977270603179932,0.4720739722251892,-0.02102513238787651,0.612751841545105,0.4146347939968109,-0.0020393752492964268,0.6091014742851257,0.4166989326477051,-0.005037860944867134,0.6066425442695618,0.4187300205230713,-0.008815590292215347,0.6454113721847534,0.4094463884830475,-0.0020879891235381365,0.6503575444221497,0.404720276594162,-0.002290885429829359,0.5613402724266052,0.4077284038066864,0.005430520046502352,0.5668772459030151,0.40764060616493225,0.005430520046502352,0.5617823004722595,0.3998822569847107,0.005430520046502352,0.5558547377586365,0.4077652096748352,0.005430520046502352,0.5608888268470764,0.41556671261787415,0.005430520046502352,0.6230302453041077,0.41102492809295654,-0.0035833402071148157,0.6283182501792908,0.4110776484012604,-0.0035833402071148157,0.624247670173645,0.4033496379852295,-0.0035833402071148157,0.6181954145431519,0.4110316038131714,-0.0035833402071148157,0.6220971941947937,0.4189389646053314,-0.0035833402071148157
1833.333333333332,0.5834618210792542,0.4911961555480957,-0.014786489307880402,0.5802509188652039,0.4658356308937073,-0.03289596363902092,0.5820097327232361,0.47251856327056885,-0.01624569110572338,0.5775238275527954,0.4369567930698395,-0.02545766718685627,0.5802899599075317,0.45737937092781067,-0.03552557900547981,0.581264078617096,0.44580668210983276,-0.033751942217350006,0.5845852494239807,0.41696488857269287,-0.01932382769882679,0.5460985898971558,0.4085182547569275,0.012719604186713696,0.5860129594802856,0.39423608779907227,-0.016643600538372993,0.5862055420875549,0.3824920654296875,-0.01885989122092724,0.5884013772010803,0.33861273527145386,-0.01579630747437477,0.5833842158317566,0.4950534999370575,-0.013751568272709846,0.5834181904792786,0.49892616271972656,-0.011539658531546593,0.5835844278335571,0.5014418959617615,-0.008283755742013454,0.5835474133491516,0.5017768144607544,-0.007242040242999792,0.5833192467689514,0.506274938583374,-0.0075993724167346954,0.5831266045570374,0.5114008188247681,-0.008519314229488373,0.5830768346786499,0.5164727568626404,-0.007072477135807276,0.5824280977249146,0.523543655872345,-0.0004580953682307154,0.5807856321334839,0.4696986675262451,-0.02943938411772251,0.5760848522186279,0.4684505760669708,-0.020007487386465073,0.5280542373657227,0.3735119700431824,0.04347304254770279,0.5621850490570068,0.41754186153411865,0.0038664040621370077,0.5565716028213501,0.4179041087627411,0.005394001957029104,0.5510788559913635,0.41716551780700684,0.008059057407081127,0.5438053607940674,0.41125422716140747,0.014410000294446945,0.5668502449989319,0.4159744679927826,0.003421272849664092,0.5544810891151428,0.3916857838630676,0.001740416046231985,0.5608632564544678,0.3933026194572449,0.0003466361958999187,0.5485668182373047,0.39288997650146484,0.004972350783646107,0.5446619391441345,0.3962244391441345,0.008268468081951141,0.5392444729804993,0.4165510833263397,0.01850123703479767,0.5620645880699158,0.5321632623672485,0.011513729579746723,0.5440353155136108,0.40571045875549316,0.015054979361593723,0.5251100659370422,0.4100016951560974,0.049187906086444855,0.5331150889396667,0.4098276197910309,0.0254768505692482,0.5550446510314941,0.4528365433216095,0.0008183461031876504,0.5758968591690063,0.48873308300971985,-0.012744707055389881,0.5768216848373413,0.49804675579071045,-0.009423852898180485,0.5689805150032043,0.49067506194114685,-0.007478213403373957,0.5645899772644043,0.4929790794849396,-0.0015599365578964353,0.5714534521102905,0.49744340777397156,-0.005731285084038973,0.5673564076423645,0.49721190333366394,-0.0005129165365360677,0.5574288368225098,0.5027915239334106,0.010584274306893349,0.5755407214164734,0.46518275141716003,-0.03167587146162987,0.5748273134231567,0.45701852440834045,-0.033961083739995956,0.5371677875518799,0.3881393074989319,0.010924226604402065,0.5682245492935181,0.43337005376815796,-0.0033230206463485956,0.5650643706321716,0.459969162940979,-0.01401650719344616,0.5652825832366943,0.4552285373210907,-0.012322327122092247,0.5380592346191406,0.44954192638397217,0.01185262855142355,0.5760548710823059,0.4462760090827942,-0.030755985528230667,0.5505774021148682,0.3798021972179413,-0.003433254547417164,0.5427126884460449,0.382329523563385,0.003338766982778907,0.5324337482452393,0.35953444242477417,0.028788378462195396,0.575063943862915,0.3909050524234772,-0.012780173681676388,0.5662375092506409,0.3976626992225647,0.0014133516233414412,0.5531327724456787,0.49397405982017517,0.01218537986278534,0.5347447395324707,0.4862768054008484,0.07162166386842728,0.5692536234855652,0.46500954031944275,-0.012186800129711628,0.5734192728996277,0.4679544270038605,-0.013598077930510044,0.5593903660774231,0.4970541298389435,0.010734321549534798,0.5609397292137146,0.4973211884498596,0.008416729047894478,0.5399639010429382,0.3760420083999634,0.006426625419408083,0.5652984976768494,0.46281343698501587,-0.010375146754086018,0.5612800717353821,0.38201355934143066,-0.008991005830466747,0.560531497001648,0.3744930326938629,-0.010717526078224182,0.5533149838447571,0.34168577194213867,-0.001378920627757907,0.5349721908569336,0.36934566497802734,0.01587187871336937,0.5558490753173828,0.3592914640903473,-0.0066179558634757996,0.5341678261756897,0.3836394250392914,0.01655377447605133,0.530076265335083,0.38030096888542175,0.028995482251048088,0.5761303305625916,0.4938046634197235,-0.011724302545189857,0.5701392889022827,0.49427706003189087,-0.00681927939876914,0.565845787525177,0.4951443076133728,-0.00155160715803504,0.5705723762512207,0.46637871861457825,-0.011187278665602207,0.560173749923706,0.4972086548805237,0.00942548830062151,0.5626038908958435,0.499746173620224,0.005422683898359537,0.5617685317993164,0.49746575951576233,0.008122274652123451,0.5708451271057129,0.46369248628616333,-0.021242337301373482,0.5686089396476746,0.49870753288269043,0.0005837825010530651,0.5726304650306702,0.49957090616226196,-0.0030566577333956957,0.5776355862617493,0.5005868673324585,-0.0063085779547691345,0.5746700167655945,0.5220291614532471,0.0009626583778299391,0.5752082467079163,0.5148690938949585,-0.005400757305324078,0.5756194591522217,0.5098322629928589,-0.006544163916260004,0.5764467120170593,0.5048545002937317,-0.005533494055271149,0.5774828195571899,0.5008236765861511,-0.005220192018896341,0.5684411525726318,0.498707115650177,0.0014521883567795157,0.5669955611228943,0.5004146099090576,0.0008954000659286976,0.5654177069664001,0.5026721954345703,0.00037560900091193616,0.5641736388206482,0.5052580237388611,0.0018921894952654839,0.5586050152778625,0.4821254014968872,0.0003404840244911611,0.5286288857460022,0.4447600841522217,0.0784161314368248,0.5813896656036377,0.4711076319217682,-0.0209577027708292,0.5654616355895996,0.4980166554450989,0.005416209809482098,0.5640166997909546,0.49883538484573364,0.005099622532725334,0.5750277042388916,0.4711899161338806,-0.013425926677882671,0.5672502517700195,0.4672430455684662,-0.006017929874360561,0.574251115322113,0.46962302923202515,-0.013750345446169376,0.56196129322052,0.4373280704021454,0.0002755161258392036,0.5516819357872009,0.4417104125022888,0.003959206398576498,0.5646408200263977,0.45826467871665955,-0.008425360545516014,0.5401598811149597,0.3485954999923706,0.013096267357468605,0.5430319905281067,0.36192235350608826,0.00426061125472188,0.5489228367805481,0.372497022151947,-0.002521734219044447,0.5615918636322021,0.5100816488265991,0.007218591403216124,0.5737427473068237,0.3787391781806946,-0.015898728743195534,0.570064127445221,0.3594505190849304,-0.013856180012226105,0.5688724517822266,0.33870160579681396,-0.011170169338583946,0.5464352965354919,0.4150066673755646,0.011532419361174107,0.5332216024398804,0.42204904556274414,0.023378871381282806,0.5697952508926392,0.4141145348548889,0.003663959912955761,0.5391002297401428,0.39972177147865295,0.014886492863297462,0.5722130537033081,0.42857539653778076,-0.006590266712009907,0.5674870610237122,0.45812350511550903,-0.020993631333112717,0.527262806892395,0.42701563239097595,0.03209249675273895,0.5367230772972107,0.4286110997200012,0.01758994162082672,0.5436487197875977,0.43266505002975464,0.010638679377734661,0.5543165802955627,0.43246251344680786,0.005945369601249695,0.5623050928115845,0.42970311641693115,0.0029353732243180275,0.568217396736145,0.4263492524623871,-0.00015935988631099463,0.5791528224945068,0.4186365604400635,-0.01568600721657276,0.5275909900665283,0.4443225860595703,0.03166777640581131,0.5348414182662964,0.3981252610683441,0.018499132245779037,0.5778607726097107,0.46916642785072327,-0.028535133227705956,0.5681474804878235,0.44196808338165283,-0.005466898437589407,0.525912344455719,0.4077065587043762,0.07063263654708862,0.5727413296699524,0.42234134674072266,-0.0022267326712608337,0.5646150708198547,0.45815280079841614,-0.0021293647587299347,0.5418680310249329,0.4058125615119934,0.016692867502570152,0.5680612921714783,0.45228949189186096,-0.018951833248138428,0.5310159921646118,0.4649854302406311,0.07676233351230621,0.569538414478302,0.41107669472694397,0.005026507657021284,0.5717535614967346,0.4484591484069824,-0.02602522075176239,0.5417032837867737,0.5089557766914368,0.03727548569440842,0.5440953969955444,0.5174068212509155,0.0493348054587841,0.5255718231201172,0.4449739456176758,0.05534234642982483,0.5358381271362305,0.49680766463279724,0.045473612844944,0.527336835861206,0.39387768507003784,0.04085700958967209,0.5613749623298645,0.5400989055633545,0.01623881608247757,0.5790250301361084,0.47058743238449097,-0.020206058397889137,0.5628710389137268,0.44711029529571533,-0.0019650671165436506,0.5286862254142761,0.410728394985199,0.03277749568223953,0.5517936944961548,0.4119950234889984,0.008116552606225014,0.5566762685775757,0.4129314124584198,0.005803530570119619,0.5613819360733032,0.5008620023727417,0.006819296162575483,0.5290302038192749,0.46092474460601807,0.03471944108605385,0.5714638829231262,0.5525285005569458,0.01679801754653454,0.5569233894348145,0.5383262634277344,0.031504906713962555,0.5510314702987671,0.5295814275741577,0.039405371993780136,0.5871301889419556,0.3603915572166443,-0.01800333894789219,0.5830590128898621,0.5557693243026733,0.013003810308873653,0.5613388419151306,0.4127137362957001,0.004568550270050764,0.565658450126648,0.41189122200012207,0.004591249395161867,0.5683121681213379,0.4115140736103058,0.00528282904997468,0.5311051607131958,0.39568451046943665,0.025402234867215157,0.5646147131919861,0.4042883813381195,0.0032428991980850697,0.5599134564399719,0.40112707018852234,0.002829649718478322,0.5551446080207825,0.3999841511249542,0.004021314438432455,0.5503358840942383,0.40080955624580383,0.006557171698659658,0.5471996068954468,0.40279799699783325,0.009239815175533295,0.5258753895759583,0.38872814178466797,0.05850581079721451,0.5484567284584045,0.41040298342704773,0.010671044699847698,0.5821313858032227,0.4783882200717926,-0.014226244762539864,0.564133882522583,0.4786710739135742,-0.0044880760833621025,0.5689234733581543,0.4640679955482483,-0.01481922809034586,0.5741640329360962,0.4779154360294342,-0.012213613837957382,0.5857546925544739,0.40527766942977905,-0.015658900141716003,0.5485186576843262,0.5207207202911377,0.030766308307647705,0.5548146963119507,0.5302664041519165,0.023926328867673874,0.5704224109649658,0.5476031303405762,0.008910667151212692,0.539189338684082,0.5039675831794739,0.06132671609520912,0.567910373210907,0.40842437744140625,0.004274359438568354,0.5746535062789917,0.43209215998649597,-0.015890702605247498,0.5823168754577637,0.5508183836936951,0.0054924376308918,0.563268780708313,0.5463676452636719,0.0231840331107378,0.5278460383415222,0.4632682204246521,0.05544418841600418,0.5724474191665649,0.49968501925468445,-0.0020396639592945576,0.570979118347168,0.5026558041572571,-0.0025103946682065725,0.5697129368782043,0.506359338760376,-0.0031125459354370832,0.5688244104385376,0.5107592940330505,-0.0018349450547248125,0.5671448707580566,0.5169219970703125,0.0036091895308345556,0.5641151070594788,0.4971200227737427,0.004268173594027758,0.5626615285873413,0.496101975440979,0.004605922382324934,0.5615196228027344,0.4949765205383301,0.004745641723275185,0.5546218752861023,0.4872395992279053,0.0063230968080461025,0.5345121622085571,0.4666406214237213,0.02061142772436142,0.5757975578308105,0.42308351397514343,-0.01075016800314188,0.5743372440338135,0.404901921749115,-0.0010403445921838284,0.5707195997238159,0.40544259548187256,0.0023746953811496496,0.5655821561813354,0.49807363748550415,0.004871934652328491,0.5357018709182739,0.48594826459884644,0.03191431239247322,0.5792580842971802,0.40549278259277344,-0.00999858696013689,0.5645309686660767,0.5241057872772217,0.007880577817559242,0.5824056267738342,0.43611443042755127,-0.028707362711429596,0.5782104730606079,0.42836299538612366,-0.02140222303569317,0.5834581255912781,0.4270080626010895,-0.023875456303358078,0.5704226493835449,0.44480693340301514,-0.01427746657282114,0.5820627212524414,0.5427082180976868,0.0014863662654533982,0.582243025302887,0.5325472950935364,0.0006969645619392395,0.5728849172592163,0.5304291248321533,0.003312102984637022,0.5528818964958191,0.5059370994567871,0.015264535322785378,0.5593968629837036,0.4639681875705719,0.0007375736022368073,0.5582404732704163,0.5159602165222168,0.01196463406085968,0.5453529357910156,0.4614794850349426,0.005504750180989504,0.5533745884895325,0.47149285674095154,0.0036158866714686155,0.5411911606788635,0.47380077838897705,0.012529012747108936,0.5709149837493896,0.539876401424408,0.004925182089209557,0.5677907466888428,0.44870662689208984,-0.008817472495138645,0.5489927530288696,0.511962890625,0.02247672900557518,0.5555914640426636,0.5224267840385437,0.017876707017421722,0.548108696937561,0.4949495196342468,0.01594109646975994,0.5312706232070923,0.4750373959541321,0.0376511812210083,0.5419711470603943,0.49586114287376404,0.023088503628969193,0.531067430973053,0.48047804832458496,0.05375106632709503,0.5490326881408691,0.4808698296546936,0.008406936191022396,0.5715668797492981,0.43693360686302185,-0.010275205597281456,0.5689966678619385,0.4621764123439789,-0.022426482290029526,0.5665634274482727,0.4630225896835327,-0.01502209808677435,0.570733368396759,0.4572991728782654,-0.02761581540107727,0.5702866315841675,0.39632824063301086,-0.0025862271431833506,0.5611832737922668,0.38931867480278015,-0.0024716316256672144,0.5529857277870178,0.38746213912963867,-0.00043702550465241075,0.5462033748626709,0.3889992833137512,0.0037344200536608696,0.5415249466896057,0.3929607570171356,0.00874994695186615,0.5381178855895996,0.4078547954559326,0.0198997613042593,0.5245108604431152,0.42732006311416626,0.05289730429649353,0.5422004461288452,0.42066094279289246,0.015034826472401619,0.5478714108467102,0.4239164888858795,0.0103345001116395,0.5553283095359802,0.4245637357234955,0.006536569446325302,0.562440812587738,0.4231409728527069,0.003961947280913591,0.5678760409355164,0.4208622872829437,0.002403549151495099,0.5716356039047241,0.4185296297073364,0.00114338006824255,0.5273169279098511,0.426032155752182,0.07672813534736633,0.5670900940895081,0.46463796496391296,-0.011861998587846756,0.5735647678375244,0.4401150643825531,-0.020075904205441475,0.572052001953125,0.4634546637535095,-0.02804376184940338,0.5753563642501831,0.4673364758491516,-0.025792766362428665,0.5725647807121277,0.4645068943500519,-0.024881137534976006,0.5686811208724976,0.46681466698646545,-0.009923865087330341,0.5761868357658386,0.4683854579925537,-0.02754184417426586,0.5772866606712341,0.4698229134082794,-0.020096484571695328,0.5717414617538452,0.4115820527076721,0.0035909703001379967,0.5746685862541199,0.4140474200248718,-0.0007121653761714697,0.5763143301010132,0.4159866273403168,-0.0052782269194722176,0.54537034034729,0.40441226959228516,0.011818870902061462,0.5420938730239868,0.4003816843032837,0.012542539276182652,0.5878424048423767,0.4375084340572357,-0.02757435292005539,0.633724570274353,0.4143243730068207,-0.002508593024685979,0.5877619385719299,0.4692640006542206,-0.021659132093191147,0.6659891605377197,0.3788532316684723,0.020123228430747986,0.6128096580505371,0.42134714126586914,-0.005884799174964428,0.6197466254234314,0.4225442111492157,-0.006340492516756058,0.6267133355140686,0.422201544046402,-0.005540367215871811,0.6364505887031555,0.4163048267364502,-0.001716489321552217,0.6073524951934814,0.4186699390411377,-0.004280223045498133,0.6255437731742859,0.3940880298614502,-0.010693700052797794,0.6173530220985413,0.39483681321144104,-0.009459370747208595,0.6328580379486084,0.3961856961250305,-0.009404990822076797,0.6373859643936157,0.4002232551574707,-0.007256232667714357,0.6420443654060364,0.42140012979507446,0.0012232887092977762,0.60629802942276,0.536471426486969,0.004577729385346174,0.6367265582084656,0.41096529364585876,-0.000901926017832011,0.6668825745582581,0.41694164276123047,0.025500847026705742,0.650817334651947,0.413635790348053,0.005940083879977465,0.6174474358558655,0.4569006860256195,-0.00894408393651247,0.591664731502533,0.4896368384361267,-0.015366191044449806,0.5907590985298157,0.4988783001899719,-0.011827685870230198,0.5998576879501343,0.49254879355430603,-0.012907683849334717,0.6053661704063416,0.4953309893608093,-0.008899169974029064,0.5973135828971863,0.49895182251930237,-0.010438772849738598,0.6025408506393433,0.49916765093803406,-0.006663110107183456,0.613201916217804,0.5074171423912048,0.0013851762050762773,0.585532009601593,0.4658550024032593,-0.0330265536904335,0.5863316655158997,0.45770934224128723,-0.03560413792729378,0.648388683795929,0.3902866840362549,-0.007599337957799435,0.6049054265022278,0.43538323044776917,-0.00981507170945406,0.6022016406059265,0.4624852240085602,-0.020230663940310478,0.6031448245048523,0.4576879143714905,-0.018741024658083916,0.6386438608169556,0.45599961280822754,-0.004246705677360296,0.587011992931366,0.4468471109867096,-0.03283405303955078,0.6319154500961304,0.38102108240127563,-0.016131896525621414,0.6417094469070435,0.38387060165405273,-0.012651977129280567,0.658014714717865,0.36362653970718384,0.00775475800037384,0.6005197167396545,0.39061903953552246,-0.016911156475543976,0.6102368235588074,0.3988250494003296,-0.0065717268735170364,0.6184021234512329,0.4991612434387207,0.0011018700897693634,0.6562623381614685,0.4948473274707794,0.050067707896232605,0.59752357006073,0.4670330882072449,-0.016741879284381866,0.5924507975578308,0.46931201219558716,-0.015859922394156456,0.6123762130737305,0.49955111742019653,0.0011449839221313596,0.6106837391853333,0.4996599555015564,-4.617849481292069e-05,0.6461515426635742,0.377189576625824,-0.010661988519132137,0.6028488278388977,0.46546271443367004,-0.016428375616669655,0.6185929179191589,0.38260939717292786,-0.017704550176858902,0.6200273633003235,0.3751721680164337,-0.019736947491765022,0.6277095675468445,0.34349489212036133,-0.013506156392395496,0.650922417640686,0.3731359541416168,-0.002999556716531515,0.6219403147697449,0.3608601689338684,-0.017076758667826653,0.6533575057983398,0.38525331020355225,-0.00323791173286736,0.6589798927307129,0.3853461444377899,0.007524515502154827,0.5913236141204834,0.4946962296962738,-0.014338988810777664,0.5985800623893738,0.4959840476512909,-0.011915129609405994,0.6039912104606628,0.4972827732563019,-0.008257710374891758,0.5961694121360779,0.4682420790195465,-0.014883533120155334,0.611495316028595,0.49962031841278076,0.0005606902414001524,0.6081178188323975,0.5020390152931213,-0.002145839389413595,0.6097843647003174,0.49973028898239136,-0.00010533193562878296,0.593741238117218,0.4652443528175354,-0.025473985821008682,0.6014692187309265,0.5004395842552185,-0.0052401903085410595,0.5962704420089722,0.5008611679077148,-0.007453758269548416,0.5902849435806274,0.501318633556366,-0.008783405646681786,0.5913048386573792,0.5235313773155212,-0.0013086051912978292,0.5915200114250183,0.5159634351730347,-0.007940128445625305,0.5912222266197205,0.5108405351638794,-0.009203383699059486,0.5907988548278809,0.5057363510131836,-0.00817043986171484,0.5903055667877197,0.5015631318092346,-0.00770291592925787,0.6014826893806458,0.5004873871803284,-0.004366355482488871,0.6027342081069946,0.5023531317710876,-0.004956414923071861,0.6040949821472168,0.5048398375511169,-0.005663279443979263,0.6051808595657349,0.507608950138092,-0.004571148660033941,0.6104609966278076,0.48607873916625977,-0.00806694570928812,0.6676284670829773,0.45308032631874084,0.05452241748571396,0.6054567694664001,0.5000649690628052,-0.0018349378369748592,0.6067256331443787,0.5009803175926208,-0.0022065741941332817,0.5903140306472778,0.4723648428916931,-0.015659166499972343,0.6011826992034912,0.46981295943260193,-0.010786173865199089,0.5913212299346924,0.47091636061668396,-0.0159321129322052,0.6118895411491394,0.440227746963501,-0.008283639326691628,0.6228455305099487,0.44608891010284424,-0.007507250178605318,0.6045731902122498,0.4609852731227875,-0.015002033673226833,0.6457735896110535,0.35149911046028137,-0.004117530770599842,0.6391667723655701,0.36450329422950745,-0.01097347866743803,0.6348913908004761,0.37343117594718933,-0.01610078290104866,0.6074732542037964,0.5139688849449158,-0.0002863552945200354,0.6030660271644592,0.3788251578807831,-0.020385121926665306,0.6052336692810059,0.36034509539604187,-0.01929476484656334,0.6092424988746643,0.3396577835083008,-0.017277048900723457,0.6327800154685974,0.4203510582447052,-0.0036483618896454573,0.6491687893867493,0.427234411239624,0.004133898299187422,0.6039918065071106,0.4163041412830353,-0.0031938243191689253,0.6442052125930786,0.4034265875816345,-0.0028856166172772646,0.6002166271209717,0.4300106167793274,-0.011794459074735641,0.5977728962898254,0.46008172631263733,-0.02601761184632778,0.6580233573913574,0.4343441128730774,0.010370180942118168,0.6436904668807983,0.43427056074142456,-0.0004387332301121205,0.634290874004364,0.4379410445690155,-0.004671740811318159,0.6209548711776733,0.43639495968818665,-0.005685214884579182,0.6114835739135742,0.43249890208244324,-0.005965343210846186,0.6047583222389221,0.4284879267215729,-0.006875849794596434,0.5908161997795105,0.41911911964416504,-0.017862627282738686,0.6556800603866577,0.45225560665130615,0.010097727179527283,0.6502764821052551,0.40112465620040894,-0.0010453263530507684,0.5840508937835693,0.4696156680583954,-0.02962554804980755,0.6033297181129456,0.4440094828605652,-0.011757563799619675,0.6717721223831177,0.4148073196411133,0.045946333557367325,0.5997127890586853,0.42427563667297363,-0.007493212819099426,0.6059023141860962,0.46097999811172485,-0.008642955683171749,0.6397265195846558,0.41049012541770935,-5.199182123760693e-05,0.5987012982368469,0.45419585704803467,-0.0240639578551054,0.6631606817245483,0.473615825176239,0.053848426789045334,0.6046109795570374,0.41334807872772217,-0.0020739345345646143,0.5929402112960815,0.44971761107444763,-0.029717568308115005,0.6371294856071472,0.5165976881980896,0.021250633522868156,0.6376650929450989,0.5252131223678589,0.033051442354917526,0.664045512676239,0.45315828919410706,0.0317191407084465,0.6466944217681885,0.5049052238464355,0.02654733695089817,0.6634355783462524,0.39987727999687195,0.01804533042013645,0.6075294613838196,0.54477459192276,0.008618198335170746,0.5839434862136841,0.4709077775478363,-0.020874744281172752,0.6093815565109253,0.45000675320625305,-0.00966651551425457,0.6570916771888733,0.414465993642807,0.011277035810053349,0.626085638999939,0.41811832785606384,-0.005220281891524792,0.6198714375495911,0.41844552755355835,-0.005971263162791729,0.6093939542770386,0.5033092498779297,-0.0012963685439899564,0.6535606384277344,0.4691060781478882,0.013927978463470936,0.5959375500679016,0.5551769137382507,0.012657142244279385,0.616680383682251,0.5441481471061707,0.020893048495054245,0.6262443661689758,0.5365104675292969,0.02612188085913658,0.6141517758369446,0.41720908880233765,-0.005420481786131859,0.6089829802513123,0.41518160700798035,-0.003933501895517111,0.6058909296989441,0.41409870982170105,-0.002354495460167527,0.655928373336792,0.3979792892932892,0.004391361027956009,0.6111427545547485,0.40585029125213623,-0.005583622958511114,0.61738121509552,0.4029363691806793,-0.0074712666682899,0.6236191391944885,0.40281543135643005,-0.008017835207283497,0.6295199394226074,0.4046560823917389,-0.007170560769736767,0.6330304741859436,0.4072604775428772,-0.005442756228148937,0.6702302098274231,0.39500224590301514,0.03415998816490173,0.6304693222045898,0.4165330231189728,-0.0038279450964182615,0.6036867499351501,0.48162782192230225,-0.010880883783102036,0.5972939729690552,0.4660661518573761,-0.01919480226933956,0.5910311341285706,0.47924289107322693,-0.014895947650074959,0.6270843148231506,0.5277217030525208,0.0177867840975523,0.6175698041915894,0.5363115072250366,0.01367246638983488,0.5956707000732422,0.5502501130104065,0.004794941283762455,0.6473425626754761,0.5121074318885803,0.04205813258886337,0.6067025065422058,0.4104633331298828,-0.0035848889965564013,0.5942555665969849,0.43309321999549866,-0.019434863701462746,0.6067500710487366,0.5508211255073547,0.01536339707672596,0.6603190898895264,0.4717426300048828,0.03281904757022858,0.5963326692581177,0.5010120272636414,-0.006430132780224085,0.5974185466766357,0.5041601657867432,-0.007060946896672249,0.5983686447143555,0.5080683827400208,-0.00790522713214159,0.5990330576896667,0.5126203894615173,-0.006813682150095701,0.6002428531646729,0.5197187066078186,-0.0017920156242325902,0.6068453192710876,0.4992709159851074,-0.00329954014159739,0.608261227607727,0.4984070062637329,-0.0036875142250210047,0.6095142364501953,0.4974416494369507,-0.004087008535861969,0.6157258749008179,0.49199455976486206,-0.004035660997033119,0.6435384154319763,0.47402000427246094,0.0032361699268221855,0.5954296588897705,0.4240073561668396,-0.014402848668396473,0.5999634265899658,0.40591585636138916,-0.0057977051474153996,0.6040256023406982,0.40689632296562195,-0.004325718618929386,0.6054651737213135,0.5000545978546143,-0.002395105315372348,0.6437049508094788,0.4936240017414093,0.014302735216915607,0.5936517119407654,0.4062056541442871,-0.012824677862226963,0.6035981178283691,0.5277132987976074,0.0018636598251760006,0.5893211960792542,0.4288829565048218,-0.02328854240477085,0.5981821417808533,0.44648414850234985,-0.01897219568490982,0.5929595828056335,0.5323390960693359,0.0004133684269618243,0.6191464066505432,0.511503279209137,0.004641433246433735,0.6116452813148499,0.4675882160663605,-0.007350709289312363,0.6120453476905823,0.5207552313804626,0.003579557640478015,0.628068745136261,0.4671010375022888,-0.006935585755854845,0.6180171370506287,0.47614386677742004,-0.006413738243281841,0.6335587501525879,0.48035910725593567,-0.001719492836855352,0.5946827530860901,0.5422797799110413,0.001085572293959558,0.6023333668708801,0.4507983326911926,-0.014694133773446083,0.624809205532074,0.518482506275177,0.010274061933159828,0.6155375242233276,0.5279554724693298,0.008493855595588684,0.6248956322669983,0.5010325312614441,0.003173129167407751,0.6510515213012695,0.48320311307907104,0.017879538238048553,0.6338591575622559,0.5029312968254089,0.008332754485309124,0.6551940441131592,0.48890432715415955,0.03218954801559448,0.6232444643974304,0.4864060580730438,-0.003405296243727207,0.5987260937690735,0.4384526312351227,-0.015295074321329594,0.5955638289451599,0.46396633982658386,-0.026997102424502373,0.6000464558601379,0.4653606116771698,-0.020291585475206375,0.5922983288764954,0.45866858959198,-0.03121289052069187,0.6058334112167358,0.39684876799583435,-0.00907115451991558,0.6175639629364014,0.3906334340572357,-0.011760157532989979,0.6278298497200012,0.3897029757499695,-0.012593494728207588,0.6361386775970459,0.3918658196926117,-0.011103062890470028,0.641743004322052,0.39635002613067627,-0.00791472103446722,0.6443652510643005,0.4119942784309387,0.002057129517197609,0.6665137410163879,0.4350176155567169,0.028679123148322105,0.6376789212226868,0.4257570505142212,-0.0012647793628275394,0.630137026309967,0.42862480878829956,-0.003810554277151823,0.6206212639808655,0.4285362660884857,-0.005081816576421261,0.6120498776435852,0.4261619746685028,-0.005253009498119354,0.6058232188224792,0.42302289605140686,-0.004585974849760532,0.6016035079956055,0.42027392983436584,-0.004591493401676416,0.6703905463218689,0.4336664080619812,0.052170343697071075,0.6002001762390137,0.4669859707355499,-0.016999617218971252,0.5931789875030518,0.44120731949806213,-0.023736674338579178,0.5904819369316101,0.4647369086742401,-0.030910853296518326,0.587809681892395,0.46833935379981995,-0.02745821885764599,0.5910283327102661,0.4658791720867157,-0.027841530740261078,0.598836362361908,0.46903035044670105,-0.014216606505215168,0.5862386226654053,0.46913355588912964,-0.028902050107717514,0.5861297249794006,0.47043731808662415,-0.021249428391456604,0.6020562052726746,0.41351833939552307,-0.0023817571345716715,0.5984185338020325,0.41555464267730713,-0.00526211503893137,0.5959789752960205,0.4176294207572937,-0.009015753865242004,0.6350999474525452,0.40929174423217773,-0.003501027589663863,0.640108585357666,0.40467023849487305,-0.0038411286659538746,0.5503252148628235,0.40542399883270264,0.00711368303745985,0.554799497127533,0.40525341033935547,0.00711368303745985,0.5509871244430542,0.39830324053764343,0.00711368303745985,0.545965850353241,0.4056362211704254,0.00711368303745985,0.5498127341270447,0.4126400947570801,0.00711368303745985,0.6125808954238892,0.41092073917388916,-0.004561523906886578,0.6173465847969055,0.4110233783721924,-0.004561523906886578,0.6139631271362305,0.40350401401519775,-0.004561523906886578,0.6082820296287537,0.4109141230583191,-0.004561523906886578,0.6114832758903503,0.4185961186885834,-0.004561523906886578
1866.6666666666652,0.5729110836982727,0.4897981584072113,-0.015048988163471222,0.5669345855712891,0.463760644197464,-0.0325116403400898,0.5696473121643066,0.4708158075809479,-0.016240360215306282,0.5648153424263,0.43483686447143555,-0.024512171745300293,0.5668551921844482,0.4552028775215149,-0.035030413419008255,0.5680341124534607,0.4436137080192566,-0.033181674778461456,0.572219729423523,0.41491448879241943,-0.01863223686814308,0.5361930727958679,0.40788912773132324,0.01595817320048809,0.573793888092041,0.39180469512939453,-0.01566137745976448,0.573864758014679,0.38001322746276855,-0.01768316514790058,0.5761959552764893,0.33733707666397095,-0.014263458549976349,0.5728328824043274,0.4937209486961365,-0.014039929024875164,0.5728808641433716,0.49775636196136475,-0.011865356005728245,0.573077917098999,0.5003995299339294,-0.008664564229547977,0.5731117129325867,0.500505805015564,-0.007849880494177341,0.5728479623794556,0.5051340460777283,-0.008246392011642456,0.5726245641708374,0.5104765892028809,-0.009191119112074375,0.572583794593811,0.5156437754631042,-0.007841385900974274,0.5712263584136963,0.5218610763549805,-0.001378590241074562,0.5677462816238403,0.4677712619304657,-0.029139380902051926,0.5635392665863037,0.466707706451416,-0.019561216235160828,0.5210611820220947,0.37320518493652344,0.0481904074549675,0.5517606139183044,0.41577109694480896,0.006086504086852074,0.5464143753051758,0.41641950607299805,0.007978560402989388,0.5411591529846191,0.4159297049045563,0.010981169529259205,0.5341598391532898,0.41026657819747925,0.017764117568731308,0.5561136603355408,0.41401374340057373,0.005266409832984209,0.5443931221961975,0.390032559633255,0.004697862546890974,0.5504487156867981,0.39157938957214355,0.0028145250398665667,0.5387605428695679,0.39126425981521606,0.008256582543253899,0.5350288152694702,0.3947780132293701,0.011711735278367996,0.5301654934883118,0.4151141345500946,0.02199343405663967,0.5519542694091797,0.5301752686500549,0.01171434298157692,0.5342205762863159,0.40517371892929077,0.018433302640914917,0.5189318656921387,0.409345418214798,0.05349661782383919,0.5248681306838989,0.40777143836021423,0.029376395046710968,0.5446162223815918,0.45138847827911377,0.002708864165470004,0.5652813911437988,0.4871344566345215,-0.012531806714832783,0.5662504434585571,0.49678629636764526,-0.009324685670435429,0.5583488941192627,0.48914989829063416,-0.006823682691901922,0.5540310740470886,0.49160563945770264,-0.0006345923757180572,0.560912013053894,0.4961652159690857,-0.005252014379948378,0.5569018721580505,0.49601230025291443,0.0001720080035738647,0.5474753975868225,0.5014719367027283,0.011556888930499554,0.5623929500579834,0.46312958002090454,-0.031046202406287193,0.5615903735160828,0.4548929035663605,-0.03317224606871605,0.5282522439956665,0.38549959659576416,0.015053320676088333,0.5571748614311218,0.43174639344215393,-0.0018159045139327645,0.5532240271568298,0.4583374559879303,-0.012716769240796566,0.5536015629768372,0.45360472798347473,-0.010971671901643276,0.5289272665977478,0.44825389981269836,0.014920941554009914,0.5630243420600891,0.4441361427307129,-0.02983216941356659,0.5405043959617615,0.3773903250694275,-9.557362500345334e-05,0.5332582592964172,0.3797348439693451,0.007200122345238924,0.5244022607803345,0.35909199714660645,0.033434897661209106,0.5631775856018066,0.3884483873844147,-0.011061209253966808,0.5554946660995483,0.39582204818725586,0.003469737246632576,0.5433223843574524,0.492728054523468,0.013587625697255135,0.5292044281959534,0.48512277007102966,0.07417170703411102,0.5573403835296631,0.4633871912956238,-0.011271611787378788,0.5613223314285278,0.4663543403148651,-0.01313574705272913,0.5490834712982178,0.49610602855682373,0.011897318065166473,0.5506428480148315,0.49635395407676697,0.009388715028762817,0.530929446220398,0.37319883704185486,0.010483465157449245,0.5536745190620422,0.4613107740879059,-0.009199240244925022,0.5502929091453552,0.37967830896377563,-0.006398893892765045,0.5496500730514526,0.37215232849121094,-0.007975824177265167,0.5428627133369446,0.3409053087234497,0.0021960122976452112,0.5260370373725891,0.3683001697063446,0.020230351015925407,0.5447567105293274,0.3579232096672058,-0.00341788143850863,0.525580883026123,0.380669504404068,0.02089863270521164,0.5221708416938782,0.3794788420200348,0.0335271880030632,0.5655195713043213,0.49236050248146057,-0.011551328003406525,0.5595468282699585,0.4928814172744751,-0.00625165831297636,0.5553241968154907,0.4938631057739258,-0.0007563591934740543,0.5586609244346619,0.4648017883300781,-0.010452564805746078,0.5498702526092529,0.49625226855278015,0.010465470142662525,0.5521907210350037,0.49878203868865967,0.006182367913424969,0.5514795184135437,0.496482253074646,0.009045671671628952,0.5584340691566467,0.4619014263153076,-0.02021348848938942,0.5582316517829895,0.4975545406341553,0.0011914860224351287,0.5621631741523743,0.4983735978603363,-0.0026811494026333094,0.5671287178993225,0.49944615364074707,-0.006255622953176498,0.5637695789337158,0.5203498005867004,0.0004909410490654409,0.5646491050720215,0.513994038105011,-0.005684008356183767,0.5650660395622253,0.5088464021682739,-0.006733842194080353,0.5659474730491638,0.5036354660987854,-0.005698045250028372,0.567037045955658,0.49948450922966003,-0.005377002991735935,0.5580757856369019,0.49752309918403625,0.0019056249875575304,0.5565715432167053,0.4993346035480499,0.001325500081293285,0.5549099445343018,0.5017086267471313,0.0008202526951208711,0.553618311882019,0.5043541789054871,0.0023917080834507942,0.5479685068130493,0.48072803020477295,0.0015468897763639688,0.5237625241279602,0.4440273344516754,0.08176703751087189,0.5686591267585754,0.4693151116371155,-0.020833784714341164,0.5551426410675049,0.496945858001709,0.006141170859336853,0.5536518692970276,0.4978233873844147,0.005821243394166231,0.5629326105117798,0.4695931077003479,-0.013039837591350079,0.5557586550712585,0.4658251106739044,-0.005218233447521925,0.5621368885040283,0.4680277109146118,-0.01332330983132124,0.5513088703155518,0.43581655621528625,0.0021116326097398996,0.5415878295898438,0.44030001759529114,0.0063148681074380875,0.5531940460205078,0.4567359983921051,-0.007141391281038523,0.5309743881225586,0.3480013906955719,0.017364980652928352,0.5330429077148438,0.36072495579719543,0.008155521005392075,0.5390540361404419,0.3699567914009094,0.0010042105568572879,0.5513687133789062,0.5085962414741516,0.007835342548787594,0.5620161890983582,0.3765236437320709,-0.01394200511276722,0.5582488179206848,0.35793301463127136,-0.011474907398223877,0.5574491024017334,0.3377296030521393,-0.008562715724110603,0.5366851091384888,0.4139196574687958,0.014724062755703926,0.5247063040733337,0.42027661204338074,0.027117354795336723,0.5588206648826599,0.41208434104919434,0.0053537203930318356,0.5300414562225342,0.3979344367980957,0.018678339198231697,0.560844898223877,0.4268476366996765,-0.005242913495749235,0.5551828742027283,0.4562891721725464,-0.019776519387960434,0.5197905898094177,0.42600056529045105,0.03610946610569954,0.5276302695274353,0.4271288514137268,0.02110752835869789,0.5338878035545349,0.4312852919101715,0.013675091788172722,0.5438804626464844,0.43088623881340027,0.00834153313189745,0.5514134168624878,0.42788347601890564,0.004847957752645016,0.5569002032279968,0.42446187138557434,0.001417528255842626,0.567065954208374,0.41667240858078003,-0.014637162908911705,0.5199227929115295,0.44321298599243164,0.03546890616416931,0.5263018608093262,0.3958010971546173,0.022613001987338066,0.564939022064209,0.4672536849975586,-0.028041740879416466,0.5568867921829224,0.4403263032436371,-0.004074012860655785,0.5207352042198181,0.40740352869033813,0.07474461942911148,0.5610912442207336,0.4205169677734375,-0.0008514450746588409,0.5534510016441345,0.4566860496997833,-0.0009679454378783703,0.5323443412780762,0.40473735332489014,0.020198794081807137,0.5559589266777039,0.4504758417606354,-0.017704352736473083,0.5259407758712769,0.46400126814842224,0.07974129170179367,0.5586453676223755,0.4091947376728058,0.006800640840083361,0.5591415166854858,0.4464532136917114,-0.02488933503627777,0.5337648987770081,0.5074637532234192,0.03910282999277115,0.5367318987846375,0.5160295367240906,0.050915248692035675,0.5193436145782471,0.44405627250671387,0.059115711599588394,0.5286306142807007,0.495454877614975,0.04789799824357033,0.520337700843811,0.3932269811630249,0.04531840234994888,0.5515108704566956,0.5379401445388794,0.016381947323679924,0.5663480162620544,0.46881136298179626,-0.019966885447502136,0.5520204305648804,0.4455913007259369,-0.000401796045480296,0.520916223526001,0.4082564115524292,0.0369282104074955,0.5417788624763489,0.411024808883667,0.011023841798305511,0.5465272068977356,0.4116361737251282,0.00844509806483984,0.5509315729141235,0.49990594387054443,0.0076673030853271484,0.5214413404464722,0.4596959352493286,0.03812776505947113,0.5613499283790588,0.5502341985702515,0.016247933730483055,0.5479389429092407,0.5364183783531189,0.03206143528223038,0.5427619218826294,0.5279355049133301,0.040444664657115936,0.5747740864753723,0.35863739252090454,-0.01658308506011963,0.5725434422492981,0.5535655617713928,0.011687451042234898,0.550976037979126,0.4111429750919342,0.006890757940709591,0.5550536513328552,0.41006171703338623,0.006636274978518486,0.5575210452079773,0.4095665216445923,0.007162264548242092,0.5229992866516113,0.39297908544540405,0.02971622534096241,0.5542337894439697,0.4033921957015991,0.005432329140603542,0.5498036742210388,0.40091997385025024,0.0053348965011537075,0.5451160073280334,0.4001586437225342,0.006846273317933083,0.5403774976730347,0.40098896622657776,0.009654916822910309,0.5373101234436035,0.40276220440864563,0.012467751279473305,0.5197927951812744,0.3884986937046051,0.06298884004354477,0.5385165810585022,0.4096597731113434,0.013775947503745556,0.569982647895813,0.47683772444725037,-0.014341635629534721,0.5530060529708862,0.4772587716579437,-0.003530499991029501,0.5568942427635193,0.46238553524017334,-0.01387437991797924,0.5622925758361816,0.4764086604118347,-0.011864918284118176,0.5736212730407715,0.4031923711299896,-0.014867757447063923,0.5399131178855896,0.5189927816390991,0.03194541111588478,0.5455818176269531,0.5283425450325012,0.024555634707212448,0.5599663853645325,0.5454116463661194,0.008403418585658073,0.5327754616737366,0.50271075963974,0.06344509869813919,0.5571713447570801,0.40692779421806335,0.0062330374494194984,0.5626196265220642,0.4301629066467285,-0.014760157093405724,0.5714612603187561,0.5486916303634644,0.004211087711155415,0.5536617040634155,0.5442060232162476,0.023278987035155296,0.5215365290641785,0.4621637165546417,0.05881815776228905,0.5620299577713013,0.49838536977767944,-0.0018534826813265681,0.5605102777481079,0.5014952421188354,-0.002325179986655712,0.5591647028923035,0.5053697824478149,-0.0029188119806349277,0.5582302808761597,0.5098890662193298,-0.0016402293695136905,0.5566017627716064,0.5152879953384399,0.0038027616683393717,0.5537408590316772,0.4960382878780365,0.005171508993953466,0.5522316694259644,0.49498528242111206,0.005633373744785786,0.5510518550872803,0.49381667375564575,0.005888565443456173,0.5444519519805908,0.4859239459037781,0.007763708475977182,0.5260407328605652,0.4653235375881195,0.023582179099321365,0.56406170129776,0.42123377323150635,-0.009566687047481537,0.5629085302352905,0.40283945202827454,0.00038162394776009023,0.5596740245819092,0.4034552276134491,0.0041423821821808815,0.5552817583084106,0.49700653553009033,0.005691611673682928,0.5277025103569031,0.4846065044403076,0.034470319747924805,0.5672682523727417,0.4034236967563629,-0.008801055140793324,0.5542473196983337,0.5223344564437866,0.008046249859035015,0.5694841742515564,0.43393248319625854,-0.02811289206147194,0.565801739692688,0.4263073205947876,-0.020443297922611237,0.5708197355270386,0.42487823963165283,-0.023225096985697746,0.5585715174674988,0.44299840927124023,-0.013091979548335075,0.5710049867630005,0.5406980514526367,0.0003434228419791907,0.5711187720298767,0.5307050347328186,-0.0003545845684129745,0.5620965957641602,0.5285753607749939,0.0028097485192120075,0.5432621836662292,0.5044934749603271,0.016391752287745476,0.5486346483230591,0.46256232261657715,0.0021251237485557795,0.548340380191803,0.5143558382987976,0.012613422237336636,0.5356116890907288,0.46005523204803467,0.007773743011057377,0.5430879592895508,0.4700721800327301,0.005267990753054619,0.5319749116897583,0.47241392731666565,0.014867429621517658,0.5602326989173889,0.5378464460372925,0.00450286827981472,0.5563287734985352,0.4470520615577698,-0.007548515219241381,0.5398419499397278,0.510348916053772,0.02374192513525486,0.5459937453269958,0.5206055045127869,0.018538158386945724,0.5386460423469543,0.4936106204986572,0.01762574352324009,0.5237784385681152,0.4737509787082672,0.040664587169885635,0.5332116484642029,0.4944451153278351,0.025079287588596344,0.5245064496994019,0.47923821210861206,0.05672730505466461,0.5392204523086548,0.4795233905315399,0.010212721303105354,0.5599247217178345,0.43515536189079285,-0.009006147272884846,0.5565983057022095,0.4603465795516968,-0.021298112347722054,0.554627537727356,0.4613676369190216,-0.013920062221586704,0.557917058467865,0.45527827739715576,-0.02653564140200615,0.5590571761131287,0.39411118626594543,-0.0007085957331582904,0.5505514740943909,0.38722559809684753,4.4735486881108955e-05,0.5428606271743774,0.38542887568473816,0.0026391278952360153,0.536492109298706,0.3869265615940094,0.007246082648634911,0.5321553349494934,0.3910289406776428,0.01250628475099802,0.5291800498962402,0.4062802195549011,0.023573989048600197,0.5183585286140442,0.4265466034412384,0.057030078023672104,0.5327512621879578,0.419376403093338,0.01832340843975544,0.5380268692970276,0.42255112528800964,0.013245049864053726,0.5450597405433655,0.4229750633239746,0.00900210626423359,0.5518061518669128,0.4212876558303833,0.0059814853593707085,0.5568634271621704,0.41884610056877136,0.004061613231897354,0.5603175759315491,0.4165222644805908,0.002576410537585616,0.5224798321723938,0.42554521560668945,0.08046698570251465,0.5553072690963745,0.463082879781723,-0.010850203223526478,0.561234712600708,0.43812769651412964,-0.01895311288535595,0.5592003464698792,0.46148836612701416,-0.027161896228790283,0.5626600980758667,0.4655027687549591,-0.0252248402684927,0.5599399209022522,0.4626578688621521,-0.024043360725045204,0.5569586753845215,0.4653260409832001,-0.009132863022387028,0.5633703470230103,0.46650800108909607,-0.02701270580291748,0.5646878480911255,0.4680691063404083,-0.01975417509675026,0.5606405138969421,0.4095497727394104,0.005131919868290424,0.5631613731384277,0.41206660866737366,0.0005776905454695225,0.5644835233688354,0.41417500376701355,-0.0040814559906721115,0.5355026721954346,0.4041479825973511,0.015129082836210728,0.532624363899231,0.39907944202423096,0.01606655865907669,0.5749616026878357,0.4353553354740143,-0.027401791885495186,0.623874306678772,0.4130977690219879,-0.004884876310825348,0.5750718712806702,0.4675334095954895,-0.02181105874478817,0.6559776663780212,0.3770466148853302,0.016200127080082893,0.6030486226081848,0.42003145813941956,-0.007249230984598398,0.6098723411560059,0.4210798144340515,-0.00808156281709671,0.6168115735054016,0.42070677876472473,-0.0076353708282113075,0.626824676990509,0.41522157192230225,-0.004299144726246595,0.5976524353027344,0.41751766204833984,-0.005254572257399559,0.6148301959037781,0.39264968037605286,-0.012297327630221844,0.6068185567855835,0.3934686481952667,-0.010576067492365837,0.622232973575592,0.39475828409194946,-0.011393199674785137,0.626987636089325,0.3988956809043884,-0.009497337974607944,0.6324378252029419,0.42023658752441406,-0.0016416339203715324,0.595538318157196,0.5351132750511169,0.002184412209317088,0.6269977688789368,0.4099678099155426,-0.00340056954883039,0.6566243171691895,0.41535237431526184,0.021085325628519058,0.6413785219192505,0.4130318760871887,0.002670008223503828,0.6056797504425049,0.45533686876296997,-0.010679847560822964,0.5812885761260986,0.48824843764305115,-0.016101429238915443,0.5804049968719482,0.4977974593639374,-0.01259847916662693,0.5898038148880005,0.49147626757621765,-0.014199608936905861,0.595526933670044,0.49455806612968445,-0.01065201684832573,0.5871841907501221,0.4980340898036957,-0.011657646857202053,0.5926149487495422,0.49845367670059204,-0.00824666302651167,0.6023171544075012,0.5064237713813782,-0.0010807638755068183,0.5722211003303528,0.4638370871543884,-0.032892629504203796,0.5729402303695679,0.4555774927139282,-0.03541029617190361,0.6376301646232605,0.38962048292160034,-0.010209853760898113,0.5932143926620483,0.43360185623168945,-0.010676197707653046,0.5898485779762268,0.460896760225296,-0.021180812269449234,0.5909475684165955,0.45606106519699097,-0.019712358713150024,0.6271007061004639,0.4545060694217682,-0.007155777886509895,0.5738215446472168,0.44468334317207336,-0.03266793116927147,0.6200320720672607,0.3800051212310791,-0.017438316717743874,0.6303099393844604,0.3830094337463379,-0.014619027264416218,0.6471936702728271,0.3615914583206177,0.00464702770113945,0.5887138247489929,0.38928183913230896,-0.016701005399227142,0.5999770164489746,0.39757102727890015,-0.007413392420858145,0.6074263453483582,0.4981997013092041,-0.0016486744862049818,0.6473855376243591,0.4938317835330963,0.04463056102395058,0.5852440595626831,0.46548888087272644,-0.01750481314957142,0.5801458358764648,0.4677076041698456,-0.01623331941664219,0.6028286814689636,0.499357134103775,-0.0012990212999284267,0.6011039614677429,0.4994009733200073,-0.0022512052673846483,0.634715735912323,0.3766059875488281,-0.012835977599024773,0.5907409191131592,0.464017391204834,-0.017447026446461678,0.6065052151679993,0.3813498616218567,-0.018296800553798676,0.607698917388916,0.37396666407585144,-0.020284807309508324,0.6154801845550537,0.3415679335594177,-0.014379453845322132,0.6395426392555237,0.3707515597343445,-0.005543597508221865,0.6095606088638306,0.3585304617881775,-0.017680654302239418,0.6426939964294434,0.38475656509399414,-0.006126810796558857,0.648195743560791,0.38325685262680054,0.004224883392453194,0.5809693932533264,0.49344515800476074,-0.015102127566933632,0.5885025262832642,0.49499407410621643,-0.013181178830564022,0.5941148996353149,0.49654391407966614,-0.009912019595503807,0.5839533805847168,0.46673473715782166,-0.01551478635519743,0.6019333600997925,0.4993980824947357,-0.0017368693370372057,0.598467230796814,0.5017310976982117,-0.004201094154268503,0.600189745426178,0.49942973256111145,-0.0022662035189568996,0.580996572971344,0.4634881615638733,-0.02597995474934578,0.5914959907531738,0.4997173249721527,-0.006789302919059992,0.5861071348190308,0.4999848008155823,-0.00866951234638691,0.5799203515052795,0.5003437995910645,-0.009618700481951237,0.5801398158073425,0.5220169425010681,-0.0026411213912069798,0.5812222361564636,0.5153175592422485,-0.009164872579276562,0.5809125304222107,0.5100833177566528,-0.01036435179412365,0.5804972052574158,0.5047252774238586,-0.009307458065450191,0.5800105929374695,0.5004167556762695,-0.008775976486504078,0.5915822386741638,0.49976494908332825,-0.006072817835956812,0.592852771282196,0.5017697811126709,-0.006684437859803438,0.5942836999893188,0.5044305920600891,-0.007452406920492649,0.5954200625419617,0.50728440284729,-0.006474957335740328,0.5988067984580994,0.48482754826545715,-0.009941364638507366,0.6585865616798401,0.45184239745140076,0.048934970051050186,0.5957087278366089,0.49953562021255493,-0.003809784771874547,0.5970151424407959,0.5005722045898438,-0.0042005740106105804,0.5780144333839417,0.47076693177223206,-0.016093667596578598,0.5892229080200195,0.4684554934501648,-0.01172984391450882,0.5790154337882996,0.46931013464927673,-0.016309592872858047,0.6002522706985474,0.4385371506214142,-0.009596413001418114,0.6111477613449097,0.4444628655910492,-0.00940621830523014,0.5925654172897339,0.4594719707965851,-0.01610269956290722,0.6341692805290222,0.3493960499763489,-0.0061902073211967945,0.6272334456443787,0.36203667521476746,-0.012635139748454094,0.6228199005126953,0.3725614547729492,-0.01751132495701313,0.5964881181716919,0.5128228068351746,-0.0024831658229231834,0.5908567905426025,0.37734299898147583,-0.020067663863301277,0.592721164226532,0.3582967519760132,-0.01888919435441494,0.5968112945556641,0.3380240499973297,-0.01691330596804619,0.6230075359344482,0.41901054978370667,-0.006045871879905462,0.639799177646637,0.42612022161483765,0.0008128827903419733,0.5943056344985962,0.4151940643787384,-0.004007359035313129,0.6341155171394348,0.4025672376155853,-0.005594249349087477,0.5883937478065491,0.4281471073627472,-0.01233468484133482,0.5850394368171692,0.4582604765892029,-0.02662360854446888,0.6471809148788452,0.432769775390625,0.006404692307114601,0.6341454982757568,0.43270084261894226,-0.003559971461072564,0.6245355010032654,0.43606874346733093,-0.007262927480041981,0.6110385060310364,0.4346989691257477,-0.0075750406831502914,0.6014082431793213,0.43102598190307617,-0.00730560440570116,0.5944658517837524,0.4270384907722473,-0.007746332790702581,0.5785118341445923,0.4170667231082916,-0.017613567411899567,0.6448575258255005,0.45080825686454773,0.0059601254761219025,0.6402018070220947,0.4005097448825836,-0.00406653294339776,0.5710075497627258,0.46771949529647827,-0.029533546417951584,0.5914809703826904,0.44225695729255676,-0.012666496448218822,0.6625032424926758,0.4134216010570526,0.04083777964115143,0.589235246181488,0.42270728945732117,-0.008025565184652805,0.5941324234008789,0.4595264792442322,-0.009853064082562923,0.6300772428512573,0.4096585512161255,-0.00270212534815073,0.586168110370636,0.45235568284988403,-0.02467276155948639,0.6542138457298279,0.47241008281707764,0.04826634004712105,0.5949481129646301,0.41226041316986084,-0.0029261410236358643,0.5800303816795349,0.4476868212223053,-0.02993134781718254,0.6273437738418579,0.5158432126045227,0.017154213041067123,0.6285570859909058,0.5245828032493591,0.028613489121198654,0.6541391611099243,0.45183616876602173,0.026797741651535034,0.6370695233345032,0.5040649771690369,0.021985305473208427,0.6529827117919922,0.3980782926082611,0.014141058549284935,0.5969716310501099,0.5433729290962219,0.005957547575235367,0.5712024569511414,0.4691224694252014,-0.02087988518178463,0.5976530909538269,0.4483799636363983,-0.010935121215879917,0.6480255126953125,0.41409653425216675,0.007541854865849018,0.6160492300987244,0.4165070354938507,-0.007227942813187838,0.609902024269104,0.4168233871459961,-0.007677028421312571,0.5997998118400574,0.5030484795570374,-0.0034714259672909975,0.642971396446228,0.467782199382782,0.009678773581981659,0.5854614973068237,0.5533100366592407,0.010554872453212738,0.6069139838218689,0.5431090593338013,0.01755002699792385,0.6168502569198608,0.5357789397239685,0.022261053323745728,0.6043360829353333,0.41577720642089844,-0.006789470091462135,0.5993318557739258,0.41400575637817383,-0.0050394488498568535,0.5962902903556824,0.41302207112312317,-0.0033013198990374804,0.6460738182067871,0.3975927233695984,0.0010420511243864894,0.6011599898338318,0.4043543338775635,-0.006659232079982758,0.6070810556411743,0.40116560459136963,-0.0087622394785285,0.6131693124771118,0.40088412165641785,-0.009628184139728546,0.6192131638526917,0.40281569957733154,-0.00912561733275652,0.622942328453064,0.4056994616985321,-0.007626131176948547,0.6606930494308472,0.3934178948402405,0.029591336846351624,0.6204907298088074,0.4150879383087158,-0.006069182883948088,0.5917804837226868,0.48029661178588867,-0.012273246422410011,0.5848650932312012,0.46444815397262573,-0.019834212958812714,0.5788434743881226,0.4777766764163971,-0.01552684884518385,0.6171566247940063,0.5269001722335815,0.014163468964397907,0.6073915958404541,0.5352851748466492,0.010517227463424206,0.5848388671875,0.5485233068466187,0.0027649593539536,0.638428807258606,0.5113368034362793,0.0370456725358963,0.596940815448761,0.40924498438835144,-0.004527703393250704,0.5818999409675598,0.43107664585113525,-0.01959221251308918,0.5965505838394165,0.549362301826477,0.012580564245581627,0.6506006717681885,0.4705377221107483,0.027855565771460533,0.5862398147583008,0.5000623464584351,-0.007856092415750027,0.5873243808746338,0.503375232219696,-0.008544551208615303,0.5883174538612366,0.5074967741966248,-0.009464268572628498,0.589002788066864,0.5121657848358154,-0.008457722142338753,0.5891487002372742,0.5183665156364441,-0.003640134586021304,0.5971227884292603,0.4987811744213104,-0.005231417249888182,0.5985959768295288,0.4979393184185028,-0.005754553712904453,0.5998875498771667,0.49697017669677734,-0.006245182361453772,0.6043736934661865,0.49088215827941895,-0.006436301860958338,0.6324257254600525,0.4726959466934204,-0.0002675547148101032,0.5833669900894165,0.42203328013420105,-0.01454600878059864,0.5895459651947021,0.4046565592288971,-0.006085701286792755,0.5940195918083191,0.4057462215423584,-0.004985577892512083,0.5956735014915466,0.49951374530792236,-0.004282726440578699,0.6333544254302979,0.4926010072231293,0.010283048264682293,0.5825303196907043,0.40467923879623413,-0.012638425454497337,0.5927197337150574,0.526409387588501,-0.00022582797100767493,0.5767291784286499,0.4267660677433014,-0.023019559681415558,0.5859053730964661,0.4446173310279846,-0.019488798454403877,0.5818926095962524,0.5307676196098328,-0.0011680000461637974,0.6084864735603333,0.5105476379394531,0.0018027826445177197,0.5999792218208313,0.46619194746017456,-0.008941964246332645,0.6013466119766235,0.5196852684020996,0.0010984936961904168,0.6163566708564758,0.46563005447387695,-0.00932118110358715,0.6064116358757019,0.4747791290283203,-0.008481435477733612,0.6222419142723083,0.4790906310081482,-0.004702316131442785,0.583669126033783,0.5406304597854614,-0.0007646583253517747,0.5903571844100952,0.44908246397972107,-0.015552799217402935,0.6144790649414062,0.5175830721855164,0.006987396162003279,0.6050509810447693,0.526870846748352,0.005657257046550512,0.6140542030334473,0.5000645518302917,6.666951230727136e-05,0.6407858729362488,0.482037216424942,0.013551727868616581,0.6233590841293335,0.5019921064376831,0.004786924459040165,0.6456406712532043,0.487857460975647,0.027249261736869812,0.6118990182876587,0.4852108061313629,-0.005999316927045584,0.5866488218307495,0.436574250459671,-0.01585555449128151,0.5827691555023193,0.46218207478523254,-0.027528032660484314,0.587636411190033,0.46377819776535034,-0.021085381507873535,0.5791867971420288,0.456674724817276,-0.03146010637283325,0.595007598400116,0.39561280608177185,-0.009549683891236782,0.6064155697822571,0.3892878592014313,-0.012682839296758175,0.6166228652000427,0.38826242089271545,-0.013994812034070492,0.6251511573791504,0.3904787600040436,-0.013034229166805744,0.6311513185501099,0.3952177166938782,-0.01026372890919447,0.6347620487213135,0.4112873673439026,-0.0008328356198035181,0.6564360857009888,0.4335775077342987,0.02390187419950962,0.6279976963996887,0.4243565499782562,-0.003960438072681427,0.6202852129936218,0.4270423352718353,-0.00611139927059412,0.6107565760612488,0.4270540177822113,-0.006898773834109306,0.6021592020988464,0.42486894130706787,-0.006599824875593185,0.5958529114723206,0.4218219816684723,-0.005471141077578068,0.5915287733078003,0.4190157651901245,-0.0052221836522221565,0.6612549424171448,0.4323970377445221,0.04673701152205467,0.5879883766174316,0.46550771594047546,-0.01784421317279339,0.580538809299469,0.4391676187515259,-0.023941002786159515,0.5773652791976929,0.4628414511680603,-0.031077994033694267,0.5749200582504272,0.4665636122226715,-0.027500435709953308,0.5781163573265076,0.4640851616859436,-0.028083330020308495,0.5867269039154053,0.46760907769203186,-0.014982626773416996,0.5732461214065552,0.4672904312610626,-0.028867676854133606,0.5734198093414307,0.4686889946460724,-0.021325010806322098,0.5922727584838867,0.4123890995979309,-0.0030166602227836847,0.588200032711029,0.41424423456192017,-0.005595337599515915,0.5853276252746582,0.4160201847553253,-0.009166673757135868,0.6252025365829468,0.4080219864845276,-0.005833971779793501,0.630066990852356,0.40366554260253906,-0.006327404174953699,0.540767252445221,0.402373731136322,0.00976403709501028,0.5446668863296509,0.4023243188858032,0.00976403709501028,0.5416398644447327,0.3957107961177826,0.00976403709501028,0.5370665788650513,0.40248748660087585,0.00976403709501028,0.540100634098053,0.40915447473526,0.00976403709501028,0.6015159487724304,0.40961897373199463,-0.0062174410559237,0.6063055396080017,0.40979668498039246,-0.0062174410559237,0.602858304977417,0.4018917679786682,-0.0062174410559237,0.5971606373786926,0.4094884395599365,-0.0062174410559237,0.6004336476325989,0.4175484776496887,-0.0062174410559237
1899.9999999999984,0.5647902488708496,0.48867759108543396,-0.015323220752179623,0.5569072365760803,0.46360906958580017,-0.031720519065856934,0.5599694848060608,0.4709528386592865,-0.015892378985881805,0.5547586679458618,0.4341864585876465,-0.023466724902391434,0.5567224025726318,0.45488888025283813,-0.03413054347038269,0.5578821897506714,0.44307374954223633,-0.03221581131219864,0.5620796084403992,0.41369011998176575,-0.017614083364605904,0.5277878046035767,0.4066542983055115,0.01753542572259903,0.5635178089141846,0.38943177461624146,-0.014497530646622181,0.5634482502937317,0.37729576230049133,-0.016349801793694496,0.5653625130653381,0.3347085118293762,-0.012500611133873463,0.5646180510520935,0.4927939474582672,-0.014363231137394905,0.564503014087677,0.4969567060470581,-0.012172005139291286,0.5645226240158081,0.49958229064941406,-0.008925619535148144,0.5643291473388672,0.49967923760414124,-0.008677068166434765,0.5640116333961487,0.5044747591018677,-0.008988949470221996,0.5636857151985168,0.5101008415222168,-0.009879336692392826,0.5634684562683105,0.5157324075698853,-0.008541692048311234,0.5619717836380005,0.5217881202697754,-0.002067909110337496,0.557847797870636,0.4677150845527649,-0.028444038704037666,0.5538381934165955,0.46682244539260864,-0.018934546038508415,0.512542724609375,0.3724489212036133,0.05050071328878403,0.5428069233894348,0.4143640697002411,0.007227353751659393,0.5376137495040894,0.41514819860458374,0.009280872531235218,0.5324775576591492,0.4148665964603424,0.012437078170478344,0.5257359147071838,0.40913912653923035,0.019367748871445656,0.5470134615898132,0.412463515996933,0.006298643071204424,0.5354325771331787,0.38765594363212585,0.006272701546549797,0.5413252115249634,0.38911837339401245,0.004178592935204506,0.5300177931785583,0.38910171389579773,0.009953302331268787,0.5264881253242493,0.39290565252304077,0.013448198325932026,0.5215443968772888,0.4144076108932495,0.023599090054631233,0.5436776876449585,0.5301022529602051,0.011036028154194355,0.525810956954956,0.4039936065673828,0.020060032606124878,0.5112177133560181,0.40906617045402527,0.05522031709551811,0.5164124369621277,0.4066812992095947,0.031145215034484863,0.5357892513275146,0.4519593417644501,0.0036891268100589514,0.5575353503227234,0.48585522174835205,-0.012577452696859837,0.5580348372459412,0.49578380584716797,-0.009510296396911144,0.5505949258804321,0.4878289997577667,-0.006851225160062313,0.5460590124130249,0.4901847243309021,-0.0009188029798679054,0.5526511669158936,0.49499183893203735,-0.005470492411404848,0.5484902858734131,0.49469131231307983,-0.00026519550010561943,0.5397527813911438,0.5033305883407593,0.010744198225438595,0.5524540543556213,0.46304750442504883,-0.03016505390405655,0.551520824432373,0.45469170808792114,-0.032168012112379074,0.5197786688804626,0.3823856711387634,0.017266759648919106,0.5476804375648499,0.4314053952693939,-0.0008707569795660675,0.5438734889030457,0.45873624086380005,-0.011755309998989105,0.5442288517951965,0.4539264738559723,-0.010006844997406006,0.5207861661911011,0.4492405652999878,0.016260946169495583,0.5529452562332153,0.4437081217765808,-0.028753604739904404,0.5314862132072449,0.3738253712654114,0.001970723271369934,0.5245530009269714,0.3763018250465393,0.009455019608139992,0.5153127312660217,0.35793688893318176,0.035923898220062256,0.5536266565322876,0.38567054271698,-0.00962764024734497,0.5462457537651062,0.39344528317451477,0.004612776450812817,0.5357843041419983,0.49503853917121887,0.013090137392282486,0.5225843191146851,0.4854743182659149,0.0744917243719101,0.5479904413223267,0.4637809693813324,-0.010535907931625843,0.5518447756767273,0.46670296788215637,-0.01256592757999897,0.5405140519142151,0.49430137872695923,0.01111478079110384,0.5420047044754028,0.4946471154689789,0.00849717017263174,0.5223104953765869,0.3690173923969269,0.012824799865484238,0.5444811582565308,0.46191367506980896,-0.008354628458619118,0.5409794449806213,0.3763004541397095,-0.004610617645084858,0.5403785705566406,0.36821258068084717,-0.006032072007656097,0.5327715873718262,0.33901339769363403,0.004578853491693735,0.5166527628898621,0.3668668866157532,0.022603226825594902,0.5344835519790649,0.3558778762817383,-0.0012549750972539186,0.5172508358955383,0.37699371576309204,0.023198993876576424,0.5133568048477173,0.3784521520137787,0.03577267751097679,0.5575732588768005,0.49123165011405945,-0.011691651307046413,0.5515551567077637,0.49163559079170227,-0.006417468190193176,0.5471609830856323,0.4924773871898651,-0.0011396438349038363,0.5493173003196716,0.465231716632843,-0.009780783206224442,0.5412609577178955,0.49448347091674805,0.009618636220693588,0.5436168313026428,0.497567743062973,0.005201212130486965,0.5428100228309631,0.49485814571380615,0.008142559789121151,0.5488048195838928,0.4620310664176941,-0.019277416169643402,0.5495750904083252,0.49627476930618286,0.0007658331887796521,0.5536744594573975,0.4972372353076935,-0.002905049594119191,0.5586968660354614,0.4984901547431946,-0.006404438056051731,0.5549903512001038,0.5205274820327759,-0.00010263291915180162,0.5561200380325317,0.5141482353210449,-0.006273909006267786,0.5566326379776001,0.5084630846977234,-0.007316563744097948,0.5574938654899597,0.5029366612434387,-0.006329106166958809,0.5584579706192017,0.498608261346817,-0.006090071052312851,0.5493326187133789,0.4964110255241394,0.0010547640267759562,0.547998309135437,0.49832409620285034,0.0004967470886185765,0.546471118927002,0.500977098941803,-4.278044798411429e-05,0.5452507138252258,0.5040366649627686,0.0014954679645597935,0.5397862792015076,0.4823167324066162,0.0015027213376015425,0.5170158743858337,0.44415417313575745,0.08273981511592865,0.5588628053665161,0.4693411588668823,-0.020342063158750534,0.5463346838951111,0.49565646052360535,0.005195702891796827,0.5449820160865784,0.49651628732681274,0.004867485724389553,0.5534621477127075,0.46998101472854614,-0.012563166208565235,0.5466969609260559,0.4665825366973877,-0.004638439044356346,0.5526546239852905,0.46839943528175354,-0.012777982279658318,0.5420494079589844,0.43581581115722656,0.003143535926938057,0.5327240228652954,0.44075968861579895,0.007552885450422764,0.5439882874488831,0.45725125074386597,-0.00627695769071579,0.5213800668716431,0.34647002816200256,0.019849726930260658,0.5231643319129944,0.35894975066185,0.010480750352144241,0.5301092863082886,0.3657495677471161,0.003179300343617797,0.5433802604675293,0.5097469091415405,0.006994809489697218,0.5524927377700806,0.3728474974632263,-0.012313202023506165,0.5477574467658997,0.35575297474861145,-0.009584841318428516,0.5469687581062317,0.3354959189891815,-0.006445976439863443,0.528160810470581,0.4128788113594055,0.01628308743238449,0.516036331653595,0.42018240690231323,0.02874290756881237,0.5495919585227966,0.41046541929244995,0.006335897836834192,0.5216326713562012,0.3960445523262024,0.020514678210020065,0.5511599779129028,0.42622461915016174,-0.004290527664124966,0.5455508828163147,0.4564177393913269,-0.018747223541140556,0.5118131637573242,0.42629125714302063,0.03773649036884308,0.5187634229660034,0.4273843467235565,0.022639362141489983,0.5247801542282104,0.43166306614875793,0.015031872317194939,0.534622311592102,0.4309319853782654,0.009523785673081875,0.5420993566513062,0.42756739258766174,0.00585676496848464,0.5474580526351929,0.42390549182891846,0.0023647346533834934,0.5570366382598877,0.4155697226524353,-0.013541745953261852,0.5122109651565552,0.44399333000183105,0.03689466416835785,0.5178948640823364,0.39372584223747253,0.024606408551335335,0.5550829172134399,0.46723616123199463,-0.02727949246764183,0.5474570989608765,0.4402240216732025,-0.003176374128088355,0.5134952664375305,0.40715086460113525,0.07635600119829178,0.5515514612197876,0.41980984807014465,7.203088171081617e-05,0.5443850159645081,0.45728594064712524,-0.0002850751916412264,0.5239995718002319,0.4033949077129364,0.02186538092792034,0.5463340878486633,0.45050910115242004,-0.016674011945724487,0.5192601084709167,0.4642677307128906,0.08040988445281982,0.5493615865707397,0.4075251519680023,0.00780123146250844,0.5492420792579651,0.4462102949619293,-0.02379603683948517,0.5265369415283203,0.5081244707107544,0.03888489305973053,0.5297329425811768,0.5162688493728638,0.05065135657787323,0.5120749473571777,0.44442465901374817,0.060343265533447266,0.5216601490974426,0.49613505601882935,0.048097968101501465,0.5120734572410583,0.3926057517528534,0.047320522367954254,0.5432905554771423,0.5374711751937866,0.01568041555583477,0.5565807223320007,0.4688734710216522,-0.01943245343863964,0.5428669452667236,0.4458414912223816,0.0005064362194389105,0.5125190019607544,0.40729275345802307,0.038738831877708435,0.5332555770874023,0.40957140922546387,0.012469702400267124,0.5378348231315613,0.4099949598312378,0.009787986055016518,0.542439341545105,0.49886345863342285,0.006707122549414635,0.5141051411628723,0.46061238646507263,0.03921687602996826,0.5527936816215515,0.5492171049118042,0.015287095680832863,0.5401486158370972,0.5360454320907593,0.03136756643652916,0.5353596210479736,0.5278760194778442,0.03989386931061745,0.5641083717346191,0.35621771216392517,-0.015032484196126461,0.5636441707611084,0.5523377656936646,0.010442335158586502,0.5421150326728821,0.40934333205223083,0.008113826625049114,0.5460602641105652,0.40817591547966003,0.007751076947897673,0.5483869910240173,0.4077385365962982,0.008218996226787567,0.5147063732147217,0.3905682861804962,0.03177500143647194,0.544947624206543,0.40183740854263306,0.006609655451029539,0.5406183004379272,0.399635910987854,0.006678570527583361,0.5360714197158813,0.39915579557418823,0.008326235227286816,0.531568706035614,0.40010756254196167,0.011236976832151413,0.5286749601364136,0.4018574059009552,0.014067461714148521,0.5118780136108398,0.3880215883255005,0.06498492509126663,0.530063271522522,0.40835511684417725,0.015301406383514404,0.5603780150413513,0.4773640036582947,-0.014217021875083447,0.5443435907363892,0.47847461700439453,-0.003276871284469962,0.5474864840507507,0.46269065141677856,-0.01306349877268076,0.5530266761779785,0.4771675169467926,-0.011598914861679077,0.5634521245956421,0.40147364139556885,-0.013822595588862896,0.5323394536972046,0.5193870067596436,0.03136853128671646,0.5377038717269897,0.5283111929893494,0.023874500766396523,0.5513397455215454,0.5446847677230835,0.007565317675471306,0.5260350704193115,0.5030683875083923,0.06353498995304108,0.5478702783584595,0.40529149770736694,0.007316779810935259,0.5527434349060059,0.4295039176940918,-0.013768422417342663,0.562495768070221,0.5476581454277039,0.003063787240535021,0.5454839468002319,0.5435012578964233,0.02248712070286274,0.5144725441932678,0.46267569065093994,0.05973376706242561,0.5534417033195496,0.49740585684776306,-0.002596793696284294,0.5520755052566528,0.5006940960884094,-0.003025142475962639,0.5508524775505066,0.5049235820770264,-0.0036458701360970736,0.5499337315559387,0.5099918842315674,-0.0024165965151041746,0.5482732653617859,0.5158547163009644,0.0030705067329108715,0.5451431274414062,0.49455130100250244,0.004527063574641943,0.5438328385353088,0.49342358112335205,0.005011805798858404,0.5428211688995361,0.49223795533180237,0.005335547961294651,0.536713182926178,0.4879939556121826,0.007477447856217623,0.5185481905937195,0.4664384722709656,0.0246039517223835,0.5541925430297852,0.42034098505973816,-0.008558686822652817,0.5534583330154419,0.4008731544017792,0.0013417069567367435,0.5503401160240173,0.4014490246772766,0.005181541200727224,0.5465126037597656,0.49560102820396423,0.005027047358453274,0.5205787420272827,0.48564594984054565,0.034926313906908035,0.5576394200325012,0.40172427892684937,-0.007728876546025276,0.5459515452384949,0.5226651430130005,0.007350631523877382,0.5593522787094116,0.4331672489643097,-0.027161993086338043,0.555755615234375,0.42545169591903687,-0.019390687346458435,0.5606898069381714,0.42389795184135437,-0.022257022559642792,0.5489282011985779,0.4428097903728485,-0.01214480772614479,0.5619228482246399,0.5399541258811951,-0.0006811671191826463,0.5619438886642456,0.5303195714950562,-0.0012130691902711987,0.5533643364906311,0.5284768342971802,0.002097568241879344,0.5353983044624329,0.5059946775436401,0.015730727463960648,0.539825439453125,0.4634208381175995,0.0027702210936695337,0.5403040051460266,0.515253484249115,0.011858339421451092,0.5273954272270203,0.46101781725883484,0.008749757893383503,0.5347197651863098,0.47125494480133057,0.005709564778953791,0.5242390632629395,0.47369974851608276,0.015513477846980095,0.5515426397323608,0.5374411940574646,0.003752324962988496,0.546923041343689,0.44713294506073,-0.0066663348115980625,0.5320793986320496,0.5112698674201965,0.02320694737136364,0.53798907995224,0.5209935903549194,0.017850959673523903,0.5309317111968994,0.4954637885093689,0.017395291477441788,0.5166760087013245,0.47468507289886475,0.041413482278585434,0.5257479548454285,0.4957086741924286,0.02506946586072445,0.5175387263298035,0.4798206090927124,0.05730865150690079,0.5313678979873657,0.4813030958175659,0.010427283123135567,0.5502671599388123,0.4347490966320038,-0.00807386264204979,0.5469724535942078,0.4604772925376892,-0.020295120775699615,0.5452671647071838,0.46175044775009155,-0.013038561679422855,0.5480314493179321,0.45519718527793884,-0.025450272485613823,0.5497053861618042,0.39166727662086487,0.00046363819274120033,0.5413810610771179,0.3844394087791443,0.0015517717693001032,0.5338664650917053,0.3826688826084137,0.004382467828691006,0.5277466177940369,0.38434725999832153,0.009138446301221848,0.5236454606056213,0.38868948817253113,0.014443021267652512,0.5208025574684143,0.4049496352672577,0.02528638206422329,0.5108767747879028,0.42661982774734497,0.05852563679218292,0.5240442156791687,0.4188970923423767,0.019826272502541542,0.529132068157196,0.42213210463523865,0.014625092968344688,0.5360537767410278,0.4223223328590393,0.010223470628261566,0.5426711440086365,0.42036736011505127,0.007009267807006836,0.5475937724113464,0.41773563623428345,0.005020257085561752,0.5509403347969055,0.41532692313194275,0.003461775602772832,0.5155954360961914,0.4254874289035797,0.0817507728934288,0.5460426807403564,0.4636072814464569,-0.010054505430161953,0.5513497591018677,0.4376680552959442,-0.01793200522661209,0.5493703484535217,0.4614805281162262,-0.026207270100712776,0.5528902411460876,0.4655417203903198,-0.024459198117256165,0.5502151250839233,0.46271663904190063,-0.023153595626354218,0.5477547645568848,0.46592843532562256,-0.008477939292788506,0.5535585880279541,0.4665237069129944,-0.0262475423514843,0.5549637079238892,0.46817296743392944,-0.019170699641108513,0.5512797832489014,0.4078700542449951,0.006066912319511175,0.5536860227584839,0.41065075993537903,0.0014699267921969295,0.554872453212738,0.4131293296813965,-0.003120024921372533,0.5269738435745239,0.40317970514297485,0.016751350834965706,0.5242243409156799,0.3974294364452362,0.017778942361474037,0.5648160576820374,0.43455439805984497,-0.026650607585906982,0.614478588104248,0.4123232960700989,-0.005538535304367542,0.5652390122413635,0.4675111174583435,-0.021414564922451973,0.645933985710144,0.37365204095840454,0.015108045190572739,0.5933990478515625,0.41932213306427,-0.007527324836701155,0.5999323129653931,0.42026302218437195,-0.008484560996294022,0.606709897518158,0.42001470923423767,-0.0081664202734828,0.6173163652420044,0.41486138105392456,-0.005063600838184357,0.588347852230072,0.4171591103076935,-0.00533667067065835,0.6048897504806519,0.3911580443382263,-0.012534989975392818,0.597160816192627,0.39239034056663513,-0.01063678041100502,0.6122204065322876,0.3931056261062622,-0.011779633350670338,0.617063045501709,0.39742952585220337,-0.010018056258559227,0.6222162842750549,0.42010241746902466,-0.0025840578600764275,0.5861231088638306,0.5346149206161499,0.00043067362275905907,0.6178113222122192,0.40927839279174805,-0.0041074869222939014,0.6468877196311951,0.41286972165107727,0.019309595227241516,0.6312047243118286,0.4134005904197693,0.001576937036588788,0.595501720905304,0.4549323320388794,-0.011144076474010944,0.5726752281188965,0.4871762990951538,-0.016530105844140053,0.5716591477394104,0.4970599114894867,-0.013141539879143238,0.5805876851081848,0.49052557349205017,-0.015006066299974918,0.5858604907989502,0.49380800127983093,-0.012009680271148682,0.5780134797096252,0.4973967671394348,-0.012568830512464046,0.5830984711647034,0.49793562293052673,-0.009611709043383598,0.5921801924705505,0.5075535774230957,-0.003278568619862199,0.5621523857116699,0.4636429250240326,-0.032202281057834625,0.5627865195274353,0.45521414279937744,-0.03463367372751236,0.6270626783370972,0.3897395431995392,-0.010691894218325615,0.5832729935646057,0.43265512585639954,-0.010659449733793736,0.5798236131668091,0.4607488214969635,-0.02109508216381073,0.5809492468833923,0.45578885078430176,-0.019651563838124275,0.6167072057723999,0.4539659917354584,-0.008233588188886642,0.563667356967926,0.44409406185150146,-0.03188459947705269,0.6093077659606934,0.37996765971183777,-0.017260923981666565,0.6196465492248535,0.38287603855133057,-0.014719460159540176,0.6367782950401306,0.35797953605651855,0.004085940774530172,0.5788147449493408,0.3899955451488495,-0.015889694914221764,0.5906540751457214,0.39698413014411926,-0.007411770056933165,0.5970733165740967,0.49965107440948486,-0.0038286298513412476,0.6392190456390381,0.49277162551879883,0.04175135865807533,0.5752875804901123,0.4654984176158905,-0.017422931268811226,0.5702880024909973,0.46778085827827454,-0.015991760417819023,0.59260493516922,0.4990555942058563,-0.0035311542451381683,0.5910094976425171,0.49910083413124084,-0.0044250027276575565,0.6240236759185791,0.37691089510917664,-0.013003801926970482,0.5807603001594543,0.464055597782135,-0.017451373860239983,0.5959994792938232,0.3816770911216736,-0.017804693430662155,0.5972269773483276,0.3743588328361511,-0.019676342606544495,0.6046046018600464,0.33814433217048645,-0.01371750421822071,0.6290033459663391,0.36737632751464844,-0.005933982320129871,0.5988057255744934,0.35539498925209045,-0.017023157328367233,0.6321452260017395,0.38535115122795105,-0.006727376487106085,0.6379441022872925,0.38005489110946655,0.0033446603920310736,0.572307825088501,0.4925647974014282,-0.015624331310391426,0.5793137550354004,0.4942251145839691,-0.01409043651074171,0.5845375657081604,0.4959182143211365,-0.011287523433566093,0.5740231275558472,0.466817706823349,-0.015377913601696491,0.5917820334434509,0.4990858733654022,-0.003926670178771019,0.5882506370544434,0.5015153884887695,-0.006316455081105232,0.5901426672935486,0.49913883209228516,-0.004411040339618921,0.5710377097129822,0.4633280336856842,-0.025639673694968224,0.5819666981697083,0.4992765784263611,-0.008090859279036522,0.5769003033638,0.4994156062602997,-0.00954242143779993,0.5710583329200745,0.49964970350265503,-0.010137205943465233,0.5705600380897522,0.5220133662223816,-0.0035896452609449625,0.5713831186294556,0.515372097492218,-0.010142866522073746,0.5712974071502686,0.5096744298934937,-0.011347627267241478,0.5711387395858765,0.504081666469574,-0.010331803001463413,0.5708762407302856,0.49967697262763977,-0.00986356008797884,0.5819001793861389,0.4992923438549042,-0.007792388089001179,0.5829142332077026,0.5013519525527954,-0.008379235863685608,0.5840612649917603,0.5041919946670532,-0.009211465716362,0.5849311947822571,0.5073273181915283,-0.008332734927535057,0.5884650349617004,0.48567676544189453,-0.011209831573069096,0.649960458278656,0.449980229139328,0.04633314907550812,0.5858506560325623,0.49918270111083984,-0.005844308063387871,0.5869869589805603,0.5002521872520447,-0.006252326536923647,0.5681724548339844,0.47092998027801514,-0.015938419848680496,0.5792478919029236,0.4687136113643646,-0.01182470377534628,0.5691719055175781,0.46942755579948425,-0.016081709414720535,0.5902538299560547,0.43773338198661804,-0.009820939972996712,0.6009252667427063,0.4438033699989319,-0.009886818006634712,0.5825939774513245,0.45935386419296265,-0.016161959618330002,0.6234822869300842,0.34575510025024414,-0.006186037790030241,0.616534948348999,0.3586848974227905,-0.012521577067673206,0.6120741963386536,0.37274476885795593,-0.017323937267065048,0.5864699482917786,0.5134156942367554,-0.004452089313417673,0.5810116529464722,0.3780033588409424,-0.019110962748527527,0.5819681882858276,0.35551637411117554,-0.017784494906663895,0.5858907699584961,0.3349394202232361,-0.015660278499126434,0.6131770610809326,0.41849014163017273,-0.006706030108034611,0.6293549537658691,0.4263001084327698,-0.0003848883497994393,0.5852239727973938,0.41504982113838196,-0.004011558834463358,0.6241186857223511,0.4021172523498535,-0.006338158622384071,0.5784235596656799,0.42706358432769775,-0.012124885804951191,0.5749894976615906,0.4579538106918335,-0.026301691308617592,0.6372536420822144,0.4310866892337799,0.004829490091651678,0.6233014464378357,0.43261271715164185,-0.004674514755606651,0.6134231090545654,0.43575769662857056,-0.008154948242008686,0.6001743078231812,0.43434983491897583,-0.008110537193715572,0.5909704566001892,0.4307309091091156,-0.0075984736904501915,0.5843192338943481,0.42671436071395874,-0.007770919241011143,0.5683589577674866,0.41577717661857605,-0.016841629520058632,0.6349585056304932,0.4497368335723877,0.004200144205242395,0.6298903822898865,0.40068110823631287,-0.0049026235938072205,0.5610824823379517,0.46764183044433594,-0.028925392776727676,0.5815122723579407,0.44156765937805176,-0.012658570893108845,0.6531662344932556,0.41073694825172424,0.03881656005978584,0.5792728662490845,0.42225784063339233,-0.007853152230381966,0.5841902494430542,0.45945146679878235,-0.010089321993291378,0.6207188963890076,0.4092785716056824,-0.0034882936161011457,0.5761388540267944,0.45191001892089844,-0.02436467632651329,0.6459584832191467,0.4709582030773163,0.045508112758398056,0.5859667658805847,0.4121599495410919,-0.0029611289501190186,0.5699278116226196,0.4471279978752136,-0.0293585155159235,0.6182281374931335,0.5155192017555237,0.014524486847221851,0.6199369430541992,0.5239169001579285,0.025931771844625473,0.6449049711227417,0.45028531551361084,0.02451431006193161,0.6280905604362488,0.5035266876220703,0.019355198368430138,0.6430202722549438,0.3952101469039917,0.01279542874544859,0.5877561569213867,0.5425014495849609,0.004093291703611612,0.5613916516304016,0.4691180884838104,-0.020440975204110146,0.5876375436782837,0.4478759765625,-0.011136610060930252,0.6380906105041504,0.414997398853302,0.006202083546668291,0.6062613725662231,0.41539034247398376,-0.007737800944596529,0.600115180015564,0.4156034290790558,-0.008056425489485264,0.5893831849098206,0.5029898285865784,-0.005646656733006239,0.6332082152366638,0.4670037627220154,0.007678440306335688,0.5764188170433044,0.5520943403244019,0.00894938874989748,0.5979450345039368,0.5422186851501465,0.015270240604877472,0.6080167889595032,0.5350489020347595,0.019738083705306053,0.5947834849357605,0.41474097967147827,-0.0070315464399755,0.5901374816894531,0.41339728236198425,-0.005180201027542353,0.5872853994369507,0.4127657115459442,-0.0033742140512913465,0.6358576416969299,0.39834457635879517,4.398141027195379e-05,0.5918755531311035,0.4033830463886261,-0.006777915172278881,0.5973981022834778,0.3994002640247345,-0.008931298740208149,0.6033510565757751,0.3985811769962311,-0.00990158412605524,0.609578013420105,0.40051719546318054,-0.009540393948554993,0.6135246157646179,0.4039059579372406,-0.008172571659088135,0.6510027050971985,0.3903246521949768,0.02802337519824505,0.6108749508857727,0.4141455888748169,-0.006668125279247761,0.5816429257392883,0.48092716932296753,-0.012954014353454113,0.5748842358589172,0.4643705487251282,-0.01964043639600277,0.5689435601234436,0.47829124331474304,-0.015647215768694878,0.6080604791641235,0.5265544652938843,0.011635962873697281,0.5982403755187988,0.5346852540969849,0.008285339921712875,0.5756999254226685,0.5476067066192627,0.0012818730901926756,0.6300968527793884,0.5105463266372681,0.034267351031303406,0.5878795981407166,0.4088926315307617,-0.004589906428009272,0.5718333721160889,0.4301086366176605,-0.019095640629529953,0.5874883532524109,0.548278272151947,0.01060730591416359,0.641656756401062,0.4693605303764343,0.025402020663022995,0.5767837166786194,0.4994291663169861,-0.009249837137758732,0.577572762966156,0.5028189420700073,-0.009913458488881588,0.5782510042190552,0.5071542859077454,-0.010896528139710426,0.5786637663841248,0.5122021436691284,-0.009967271238565445,0.5792865753173828,0.5185520052909851,-0.005191695410758257,0.5873489379882812,0.49841129779815674,-0.007031882647424936,0.5887109637260437,0.4975164830684662,-0.007627703715115786,0.5898779034614563,0.49650776386260986,-0.008123698644340038,0.5938981771469116,0.4920812249183655,-0.008261069655418396,0.6222143173217773,0.47227928042411804,-0.0018704155227169394,0.5733192563056946,0.4208205044269562,-0.014067732729017735,0.5802443623542786,0.4046574831008911,-0.005783973261713982,0.5849713087081909,0.4055691957473755,-0.004892009310424328,0.5859142541885376,0.49919745326042175,-0.006045056506991386,0.6236271858215332,0.4922942519187927,0.008070153184235096,0.5728340148925781,0.404575914144516,-0.011954942718148232,0.5831077694892883,0.5263350009918213,-0.0018423787551000714,0.5666021704673767,0.425743967294693,-0.022229693830013275,0.5759052038192749,0.44398611783981323,-0.019203294068574905,0.5724514722824097,0.5304775834083557,-0.0023291802499443293,0.598751425743103,0.5112858414649963,-0.000466266181319952,0.58998703956604,0.4662328064441681,-0.009473150596022606,0.5916977524757385,0.5199940204620361,-0.0009185632807202637,0.6059370040893555,0.46535438299179077,-0.010222380980849266,0.5962100625038147,0.4749964773654938,-0.009520896710455418,0.6119188070297241,0.479074090719223,-0.006209654733538628,0.5743705630302429,0.5400278568267822,-0.002121417550370097,0.5804107785224915,0.44859611988067627,-0.015492883510887623,0.6050427556037903,0.5177119970321655,0.004598166793584824,0.5956487059593201,0.5266525149345398,0.0035493529867380857,0.6040733456611633,0.5009639859199524,-0.0021160279866307974,0.6312302947044373,0.4814353287220001,0.011331896297633648,0.6135959625244141,0.5021576881408691,0.002521134912967682,0.6368566155433655,0.48698002099990845,0.024629276245832443,0.6015738248825073,0.4859248101711273,-0.007563332095742226,0.576657235622406,0.43572282791137695,-0.015628444030880928,0.5727593302726746,0.46197110414505005,-0.027168583124876022,0.5776211619377136,0.463693767786026,-0.020939970389008522,0.5690897107124329,0.45631518959999084,-0.03089189901947975,0.5855370163917542,0.39564624428749084,-0.009299839846789837,0.5964549779891968,0.3886999189853668,-0.012561424635350704,0.6063973307609558,0.3871450126171112,-0.014064672403037548,0.6148602366447449,0.3892556130886078,-0.013317576609551907,0.6210246086120605,0.3943188786506653,-0.010752067901194096,0.624970018863678,0.4113200902938843,-0.001738036866299808,0.6469256281852722,0.4315507411956787,0.0218129251152277,0.6176763772964478,0.42409586906433105,-0.004842257592827082,0.6097195744514465,0.4266393780708313,-0.006808733567595482,0.6004065871238708,0.4265802204608917,-0.007377259433269501,0.5921762585639954,0.42447197437286377,-0.006908497307449579,0.5861848592758179,0.42162978649139404,-0.005510334856808186,0.5820173621177673,0.41886013746261597,-0.0051458110101521015,0.6522355675697327,0.4301139712333679,0.04438177868723869,0.5780166387557983,0.46556001901626587,-0.017768148332834244,0.5704562664031982,0.43841004371643066,-0.023429378867149353,0.5673301815986633,0.46264296770095825,-0.03052568808197975,0.5650364756584167,0.4664930999279022,-0.026968147605657578,0.5681604146957397,0.46394750475883484,-0.027610857039690018,0.5767625570297241,0.46777474880218506,-0.014929290860891342,0.563326358795166,0.46721285581588745,-0.02829236537218094,0.5636013150215149,0.4686872661113739,-0.020908145233988762,0.583257257938385,0.4123214781284332,-0.0029313452541828156,0.5788259506225586,0.414094477891922,-0.005332299042493105,0.575563371181488,0.41555702686309814,-0.008743229322135448,0.6159036755561829,0.40677931904792786,-0.006458530202507973,0.620363175868988,0.40279701352119446,-0.00699405325576663,0.5323296785354614,0.40180426836013794,0.011126670055091381,0.5365908741950989,0.4015671908855438,0.011126670055091381,0.5331037640571594,0.3944176435470581,0.011126670055091381,0.5282666683197021,0.4020632207393646,0.011126670055091381,0.5317137837409973,0.40935125946998596,0.011126670055091381,0.592190682888031,0.4074012041091919,-0.0065642292611300945,0.5967100858688354,0.40752747654914856,-0.0065642292611300945,0.593841552734375,0.39975422620773315,-0.0065642292611300945,0.5880861282348633,0.40739306807518005,-0.0065642292611300945,0.5906917452812195,0.4153304398059845,-0.0065642292611300945
1933.3333333333317,0.5490447282791138,0.4898274540901184,-0.014864862896502018,0.539808988571167,0.4664073884487152,-0.03169868513941765,0.5436455607414246,0.47336339950561523,-0.01609622873365879,0.538467288017273,0.4358879327774048,-0.023496270179748535,0.5396454334259033,0.45747146010398865,-0.03408787399530411,0.5411027073860168,0.4452764093875885,-0.03222066909074783,0.5462373495101929,0.4149828851222992,-0.017779221758246422,0.5144665241241455,0.4037359356880188,0.017887776717543602,0.548191249370575,0.38977184891700745,-0.014415998943150043,0.5482897758483887,0.3773975074291229,-0.016151610761880875,0.5511025190353394,0.3352815508842468,-0.012439054436981678,0.5488624572753906,0.4937452971935272,-0.013836183585226536,0.5488121509552002,0.49765634536743164,-0.011737184599041939,0.5489402413368225,0.5000936985015869,-0.008646274916827679,0.5488201379776001,0.4999694228172302,-0.007898758165538311,0.548383355140686,0.5044973492622375,-0.008338559418916702,0.5479777455329895,0.5098384022712708,-0.009366465732455254,0.5477293133735657,0.515271008014679,-0.008270925842225552,0.5463175773620605,0.5235000252723694,-0.002394604030996561,0.5408995747566223,0.4705933630466461,-0.02846934273838997,0.5369317531585693,0.4692883789539337,-0.019050411880016327,0.5025662779808044,0.3719173073768616,0.050776850432157516,0.529067873954773,0.4126718044281006,0.007504112087190151,0.5241247415542603,0.41356736421585083,0.009620171040296555,0.5191923379898071,0.41322061419487,0.01281330268830061,0.512986421585083,0.4060366749763489,0.019750643521547318,0.5328691601753235,0.4106501638889313,0.006440823897719383,0.5205956697463989,0.38492193818092346,0.006637754384428263,0.5263763666152954,0.3864901661872864,0.004502183757722378,0.5154376029968262,0.38630276918411255,0.010353666730225086,0.5122685432434082,0.3900166153907776,0.013885813765227795,0.5095243453979492,0.41209790110588074,0.023976793512701988,0.5286436080932617,0.5306103229522705,0.011379190720617771,0.51264488697052,0.40008947253227234,0.020421195775270462,0.5010655522346497,0.40827274322509766,0.05530591681599617,0.5047913193702698,0.4034894108772278,0.03150016441941261,0.5205472111701965,0.45212262868881226,0.003830918576568365,0.5417443513870239,0.48692044615745544,-0.012096156366169453,0.5423427224159241,0.49641501903533936,-0.008940860629081726,0.5349796414375305,0.48855865001678467,-0.0061574699357151985,0.5306518077850342,0.49067020416259766,0.00020343530923128128,0.5371204614639282,0.49551981687545776,-0.004630124196410179,0.5331761240959167,0.4951351583003998,0.0008906387956812978,0.5244936943054199,0.5031954646110535,0.012162783183157444,0.5353989005088806,0.4656980037689209,-0.030116403475403786,0.5346016883850098,0.45705363154411316,-0.032079245895147324,0.5058189034461975,0.3791959285736084,0.017807532101869583,0.5324894189834595,0.43198588490486145,-0.0008251098915934563,0.5273054242134094,0.4600367546081543,-0.011777661740779877,0.5278838872909546,0.4549868702888489,-0.010029099881649017,0.506570041179657,0.44831326603889465,0.016748595982789993,0.5363131165504456,0.4457215666770935,-0.028722653165459633,0.5155066251754761,0.37070828676223755,0.0025684570427984,0.509515643119812,0.3732374906539917,0.010086234658956528,0.5047139525413513,0.35745126008987427,0.0364232137799263,0.5366615653038025,0.38156214356422424,-0.009368161670863628,0.5312736630439758,0.39103057980537415,0.004827319644391537,0.5205062031745911,0.4944384694099426,0.014492974616587162,0.5112499594688416,0.48412764072418213,0.07421712577342987,0.5311883091926575,0.4654000401496887,-0.010618315078318119,0.5350363254547119,0.4685681164264679,-0.012740480713546276,0.5256910920143127,0.49450498819351196,0.012730305083096027,0.5272073149681091,0.49493587017059326,0.01015565451234579,0.507333517074585,0.36602818965911865,0.013447410427033901,0.5278655886650085,0.4630025029182434,-0.008413167670369148,0.5241810083389282,0.3724771738052368,-0.0041640945710241795,0.5232473015785217,0.3646978735923767,-0.005585905164480209,0.5202975273132324,0.338911771774292,0.005140969064086676,0.5049925446510315,0.36615073680877686,0.02317153476178646,0.521114706993103,0.35547319054603577,-0.0007638897513970733,0.5035359859466553,0.37364286184310913,0.02367747388780117,0.5023449659347534,0.37777844071388245,0.03613555058836937,0.5418030619621277,0.49207577109336853,-0.011100312694907188,0.535973846912384,0.4922633171081543,-0.005588260479271412,0.531798243522644,0.4929333031177521,4.0293663914781064e-05,0.5324726104736328,0.46683719754219055,-0.00993434153497219,0.526451587677002,0.49473297595977783,0.01126562338322401,0.5285948514938354,0.4978761374950409,0.00683137122541666,0.5280095338821411,0.49519088864326477,0.009798544459044933,0.531923234462738,0.4642737805843353,-0.019291868433356285,0.5343562960624695,0.4967212378978729,0.0017962942365556955,0.538223922252655,0.49771398305892944,-0.0022114880848675966,0.5431249141693115,0.4989848732948303,-0.005974328611046076,0.5391944050788879,0.5219573974609375,-0.00020440283697098494,0.540499746799469,0.5137133598327637,-0.00580604700371623,0.5410053133964539,0.5081876516342163,-0.006646488327533007,0.5419186949729919,0.5029755234718323,-0.0055229440331459045,0.5429657101631165,0.49888962507247925,-0.005171366035938263,0.5341432094573975,0.4968567490577698,0.002426900202408433,0.5327654480934143,0.4986618757247925,0.0017903395928442478,0.5312217473983765,0.501201331615448,0.0012468594359233975,0.5299983620643616,0.504201352596283,0.0027813382912427187,0.5238276720046997,0.4826470911502838,0.002438067924231291,0.5069355368614197,0.4431077241897583,0.08228348195552826,0.5421584844589233,0.4721333384513855,-0.020502233877778053,0.5313339829444885,0.49611032009124756,0.0067896610125899315,0.5299453735351562,0.49689504504203796,0.006456098519265652,0.5368419289588928,0.4719432294368744,-0.01270320825278759,0.5300664901733398,0.46758827567100525,-0.004774465225636959,0.5359203219413757,0.47033247351646423,-0.012945580296218395,0.5270496010780334,0.4360311031341553,0.003270466113463044,0.5180771350860596,0.44049665331840515,0.007795077282935381,0.5276366472244263,0.4581424593925476,-0.006335526239126921,0.5099247694015503,0.3461214303970337,0.02049155905842781,0.5107010006904602,0.3583140969276428,0.011056425981223583,0.5138415694236755,0.36291202902793884,0.0037700494285672903,0.5279386043548584,0.5101152658462524,0.008123536594212055,0.5350103974342346,0.3689974546432495,-0.011953664012253284,0.5336911082267761,0.35579150915145874,-0.009221380576491356,0.533592164516449,0.33570897579193115,-0.006095369346439838,0.51519775390625,0.410631000995636,0.016657043248414993,0.5049093961715698,0.41802912950515747,0.029131578281521797,0.5350902676582336,0.4085383117198944,0.006393796298652887,0.5083432793617249,0.39292195439338684,0.020996006205677986,0.5358495712280273,0.4270286560058594,-0.004272302612662315,0.528883695602417,0.458175390958786,-0.018733689561486244,0.499965101480484,0.42530661821365356,0.03811495378613472,0.5073722004890442,0.42605313658714294,0.02306399494409561,0.5129002332687378,0.43096086382865906,0.015460200607776642,0.5220473408699036,0.4299754202365875,0.009785715490579605,0.5288652181625366,0.42627477645874023,0.00600862130522728,0.533565104007721,0.42260998487472534,0.0024387137964367867,0.5414324998855591,0.4166806936264038,-0.013614775612950325,0.49946415424346924,0.44269680976867676,0.03731241077184677,0.5050477385520935,0.39043059945106506,0.025054767727851868,0.5381162166595459,0.469988614320755,-0.02729012817144394,0.5318101644515991,0.4410158097743988,-0.003190233139321208,0.5042235851287842,0.4063705801963806,0.07604943215847015,0.5370527505874634,0.4186893403530121,8.114404772641137e-05,0.5281804800033569,0.45795151591300964,-0.0003931796527467668,0.5110446214675903,0.39974483847618103,0.022274203598499298,0.5299232602119446,0.45193421840667725,-0.01669316366314888,0.5086097717285156,0.46299853920936584,0.07997900247573853,0.5346598029136658,0.4052831828594208,0.007865599356591702,0.5327655673027039,0.44796472787857056,-0.02377505786716938,0.5132451057434082,0.5072497129440308,0.03940224274992943,0.5170056223869324,0.5154318809509277,0.05083715543150902,0.5007853507995605,0.44325143098831177,0.060331791639328,0.5088042616844177,0.49502912163734436,0.04838705435395241,0.5016074776649475,0.391962468624115,0.047493211925029755,0.5284827947616577,0.5378689765930176,0.015851683914661407,0.5398006439208984,0.4715627133846283,-0.019574744626879692,0.5273261070251465,0.4462893605232239,0.000524330185726285,0.5016846060752869,0.40373462438583374,0.03903380408883095,0.5195391774177551,0.40800681710243225,0.01283243577927351,0.5239588022232056,0.408679336309433,0.010116093792021275,0.5274408459663391,0.4991200268268585,0.008328894153237343,0.5008581280708313,0.45930612087249756,0.03960297629237175,0.5376543998718262,0.5496536493301392,0.014989854767918587,0.5261359214782715,0.5359325408935547,0.031509507447481155,0.5219871997833252,0.5274137854576111,0.040157485753297806,0.5493404865264893,0.3567807674407959,-0.014867053367197514,0.5479987263679504,0.5531578063964844,0.009884482249617577,0.5280889868736267,0.40788745880126953,0.008374293334782124,0.5317382216453552,0.40639758110046387,0.007931291125714779,0.5338323712348938,0.4056771993637085,0.008329750970005989,0.5023564100265503,0.3870675563812256,0.03214212879538536,0.5305300354957581,0.39827707409858704,0.006827111821621656,0.5263311266899109,0.39512860774993896,0.006939001847058535,0.5217995643615723,0.3942883610725403,0.00864205602556467,0.5175150632858276,0.3952997326850891,0.011591698043048382,0.5149649381637573,0.39733362197875977,0.014426860958337784,0.5023400187492371,0.3873961567878723,0.06494847685098648,0.5165339708328247,0.4062044024467468,0.0156553927809,0.5442965626716614,0.4794037640094757,-0.014294462278485298,0.5281380414962769,0.4792848229408264,-0.0028641121461987495,0.5306866765022278,0.4644688069820404,-0.013156091794371605,0.5367172956466675,0.47884634137153625,-0.011543408036231995,0.5479558706283569,0.4023200273513794,-0.013926846906542778,0.5186450481414795,0.5188765525817871,0.03194821998476982,0.5235440135002136,0.5282289385795593,0.024265291169285774,0.5359476804733276,0.5455018877983093,0.007508980575948954,0.5139601230621338,0.5018952488899231,0.06347978115081787,0.5332857370376587,0.4026232361793518,0.007455143611878157,0.5369266271591187,0.430763840675354,-0.013791282661259174,0.5466603636741638,0.5488657355308533,0.002815151819959283,0.5308732390403748,0.5437097549438477,0.022447369992733,0.5026580095291138,0.4614134430885315,0.05970565602183342,0.5380604863166809,0.4977584183216095,-0.001468726433813572,0.5366461277008057,0.5008684992790222,-0.001980271190404892,0.5354021787643433,0.5049315094947815,-0.0026369551196694374,0.5344794392585754,0.5099031329154968,-0.00146387645509094,0.5325943827629089,0.5168095827102661,0.0036994426045566797,0.5301181077957153,0.4949219226837158,0.005994698964059353,0.5287743210792542,0.4937688112258911,0.006535172462463379,0.5277374982833862,0.4925547242164612,0.006850534584373236,0.521028459072113,0.48775777220726013,0.008814708329737186,0.5043345093727112,0.4653591811656952,0.025166243314743042,0.5387535095214844,0.4213360548019409,-0.008585581555962563,0.5380144119262695,0.39867475628852844,0.0013669419568032026,0.5353074669837952,0.39927637577056885,0.005271574482321739,0.5315542817115784,0.49601367115974426,0.006387464702129364,0.5067427158355713,0.48456016182899475,0.03549010306596756,0.5416320562362671,0.39984962344169617,-0.00776301184669137,0.5306806564331055,0.5232992172241211,0.007727867923676968,0.5428879261016846,0.43505093455314636,-0.027224823832511902,0.5397923588752747,0.4268929660320282,-0.019439030438661575,0.5445246696472168,0.42554229497909546,-0.022366685792803764,0.5328769683837891,0.4440217614173889,-0.012193461880087852,0.5461028218269348,0.5413159728050232,-0.000839733867906034,0.5462363958358765,0.5318350791931152,-0.0014737118035554886,0.5377472043037415,0.5296691060066223,0.0020521145779639482,0.5207568407058716,0.5055903196334839,0.016936620697379112,0.5239908695220947,0.4638524353504181,0.0028607218991965055,0.5254366397857666,0.5153321623802185,0.012714150361716747,0.5124220252037048,0.46068933606147766,0.00911572016775608,0.5192519426345825,0.47135984897613525,0.006244187708944082,0.5094496607780457,0.47299128770828247,0.01618768647313118,0.5359980463981628,0.538440465927124,0.003796517616137862,0.5309126377105713,0.4480743110179901,-0.006722772028297186,0.5179393291473389,0.5107301473617554,0.024125223979353905,0.5235428810119629,0.5209270119667053,0.018484042957425117,0.5162447094917297,0.49470117688179016,0.018585240468382835,0.503303587436676,0.4734412133693695,0.04180331528186798,0.511570930480957,0.4948066174983978,0.02600564807653427,0.5053030848503113,0.4785722494125366,0.05735914781689644,0.5161595344543457,0.480783611536026,0.01134970597922802,0.5345639586448669,0.43579748272895813,-0.008094970136880875,0.5301386713981628,0.4625696539878845,-0.020281260833144188,0.5285496115684509,0.4633033275604248,-0.013095185160636902,0.5312193036079407,0.45733848214149475,-0.02539094351232052,0.5338619947433472,0.38861405849456787,0.0007201055414043367,0.525675892829895,0.3815799355506897,0.0019924223888665438,0.5185142159461975,0.3800559639930725,0.004926044959574938,0.5128787755966187,0.3817463219165802,0.009716407395899296,0.5095112323760986,0.3857946991920471,0.015026556327939034,0.5083724856376648,0.40171003341674805,0.02567896619439125,0.5002506971359253,0.42565980553627014,0.05861201509833336,0.5118260383605957,0.41696006059646606,0.020200958475470543,0.5165295004844666,0.4208095073699951,0.014984563924372196,0.5230738520622253,0.4209159314632416,0.010523936711251736,0.5292220115661621,0.4187221825122833,0.00720913615077734,0.5335872173309326,0.41603878140449524,0.00510577904060483,0.5364691615104675,0.41375988721847534,0.0034705097787082195,0.5060335397720337,0.4245813190937042,0.08135875314474106,0.5293155312538147,0.46497267484664917,-0.010140007361769676,0.5351992845535278,0.43915438652038574,-0.01795775629580021,0.5323725938796997,0.4639708399772644,-0.026167582720518112,0.5359432101249695,0.4681164622306824,-0.02448805421590805,0.5332493782043457,0.46516022086143494,-0.02315426617860794,0.530984103679657,0.4672362804412842,-0.008619199506938457,0.5366055369377136,0.46919846534729004,-0.02625403366982937,0.5381173491477966,0.47074025869369507,-0.01930263638496399,0.5364758968353271,0.40586692094802856,0.0060430169105529785,0.538748025894165,0.4090701639652252,0.0014040510868653655,0.5397693514823914,0.411988765001297,-0.003177767852321267,0.5135536789894104,0.3989362120628357,0.017115574330091476,0.5106605291366577,0.39413902163505554,0.01821383275091648,0.5483021140098572,0.4365386962890625,-0.02682664804160595,0.5984142422676086,0.41262468695640564,-0.006436407100409269,0.5488612651824951,0.47047489881515503,-0.021644996479153633,0.6314197182655334,0.3759552836418152,0.013045326806604862,0.5779789090156555,0.4189320206642151,-0.008051118813455105,0.5840901732444763,0.41986083984375,-0.00911489874124527,0.5906381011009216,0.4199945628643036,-0.008928262628614902,0.6014543771743774,0.41548433899879456,-0.006012094207108021,0.5732824206352234,0.4170525372028351,-0.005811174865812063,0.5886724591255188,0.3915539085865021,-0.013116392306983471,0.5813575983047485,0.39272525906562805,-0.011029728688299656,0.5958672761917114,0.39351943135261536,-0.012494722381234169,0.600822925567627,0.39792996644973755,-0.010806999169290066,0.6063831448554993,0.4214203655719757,-0.0036505593452602625,0.5701122283935547,0.5366345643997192,0.0001403472851961851,0.6019341349601746,0.4097800850868225,-0.005033365450799465,0.6321551203727722,0.41531258821487427,0.017510509118437767,0.6156214475631714,0.41532665491104126,0.0003426553448662162,0.5799863338470459,0.4565589427947998,-0.011854502372443676,0.5573416352272034,0.48854151368141174,-0.0162372924387455,0.5564072728157043,0.497933030128479,-0.012760664336383343,0.565828800201416,0.4918972849845886,-0.014712793752551079,0.5715183615684509,0.49503761529922485,-0.01146004069596529,0.5632469654083252,0.4983927309513092,-0.01210116595029831,0.5687336325645447,0.4989573657512665,-0.008974434807896614,0.5778829455375671,0.5087170004844666,-0.0026795079465955496,0.5451341271400452,0.46662622690200806,-0.0322527252137661,0.5457655191421509,0.45789650082588196,-0.03466479107737541,0.6104884743690491,0.39135125279426575,-0.011645833030343056,0.5674762725830078,0.4342314898967743,-0.011115044355392456,0.5641571879386902,0.4631618857383728,-0.021540887653827667,0.5654025077819824,0.4579044282436371,-0.020109187811613083,0.6013048887252808,0.45539990067481995,-0.009174481965601444,0.5468708872795105,0.446389377117157,-0.03200975060462952,0.59206622838974,0.3807702660560608,-0.017742197960615158,0.6025901436805725,0.38410085439682007,-0.015441716648638248,0.6220073103904724,0.36009514331817627,0.002459402894601226,0.562608540058136,0.38928699493408203,-0.01598786748945713,0.5752993822097778,0.39718130230903625,-0.007739999331533909,0.5830489993095398,0.5004902482032776,-0.0034653490874916315,0.6246179342269897,0.4951763451099396,0.039517100900411606,0.5596975684165955,0.4680625796318054,-0.01785995066165924,0.554474413394928,0.47023525834083557,-0.016344333067536354,0.5787729024887085,0.4999099373817444,-0.002793166320770979,0.5771240592002869,0.5000075101852417,-0.0035198514815419912,0.6070191264152527,0.37871357798576355,-0.013811920769512653,0.5654624104499817,0.46617311239242554,-0.017920246347784996,0.5790432095527649,0.38180723786354065,-0.018097326159477234,0.5800471901893616,0.3748821020126343,-0.019965287297964096,0.5898668766021729,0.3394862413406372,-0.014327341690659523,0.6136761903762817,0.36968114972114563,-0.006921511609107256,0.5836029648780823,0.35671722888946533,-0.017352066934108734,0.6158953309059143,0.38762685656547546,-0.007852070033550262,0.6228272318840027,0.3826049566268921,0.0019901907071471214,0.5570003986358643,0.4936677813529968,-0.015235818922519684,0.5645315051078796,0.4953880310058594,-0.01364061888307333,0.5701608657836914,0.49703437089920044,-0.010650740005075932,0.55849689245224,0.4692414402961731,-0.015796836465597153,0.5779128670692444,0.4999609589576721,-0.0030935739632695913,0.5741439461708069,0.502393364906311,-0.005313134752213955,0.5762380361557007,0.5000762343406677,-0.00349541031755507,0.5547771453857422,0.4664318561553955,-0.02594449557363987,0.5676364302635193,0.5002379417419434,-0.007529291324317455,0.5621609687805176,0.5002769827842712,-0.00917100440710783,0.5558933019638062,0.5003349184989929,-0.009878164157271385,0.5551268458366394,0.5239217877388,-0.003887923201546073,0.5559045672416687,0.5151489973068237,-0.009845140390098095,0.5558937788009644,0.5096231698989868,-0.010834157466888428,0.5558615922927856,0.5043379664421082,-0.009689253754913807,0.5557370185852051,0.5002008676528931,-0.009111744351685047,0.5675838589668274,0.5003270506858826,-0.00688724871724844,0.5685169696807861,0.5022240281105042,-0.007528418209403753,0.5695761442184448,0.5049020051956177,-0.008362764492630959,0.5703880190849304,0.5079508423805237,-0.00753283966332674,0.573951780796051,0.4871378540992737,-0.010926660150289536,0.6359608769416809,0.45247378945350647,0.04363821819424629,0.5718123912811279,0.5002758502960205,-0.004863696172833443,0.5729199051856995,0.5012324452400208,-0.005265270359814167,0.5522921681404114,0.47329869866371155,-0.01625576987862587,0.5641463398933411,0.4705556333065033,-0.012292221188545227,0.5533169507980347,0.4718443751335144,-0.016425568610429764,0.5745477080345154,0.4392128884792328,-0.010416978038847446,0.5852139592170715,0.44521012902259827,-0.010695042088627815,0.5672922134399414,0.4612954556941986,-0.016657475382089615,0.6086587309837341,0.3475445508956909,-0.007260509300976992,0.6011654138565063,0.3606240153312683,-0.013170701451599598,0.5947467684745789,0.37407922744750977,-0.017845291644334793,0.5718057155609131,0.514987587928772,-0.003959448542445898,0.5644456148147583,0.3777187466621399,-0.019149525091052055,0.5669418573379517,0.3564624786376953,-0.017823483794927597,0.571309506893158,0.33589375019073486,-0.01587820053100586,0.5971556901931763,0.4188239276409149,-0.007589179091155529,0.6135562658309937,0.428262323141098,-0.0015665082028135657,0.5703244805335999,0.4151376187801361,-0.004477821756154299,0.6080325841903687,0.4032726585865021,-0.007285264786332846,0.5625341534614563,0.42868751287460327,-0.012505109421908855,0.5587648749351501,0.4606757164001465,-0.026635386049747467,0.6219207644462585,0.4332442879676819,0.003454028395935893,0.6070653200149536,0.43425291776657104,-0.00572206499055028,0.5968311429023743,0.4368642270565033,-0.009000226855278015,0.5837382674217224,0.4345497488975525,-0.00884034764021635,0.5750089883804321,0.43047019839286804,-0.008159149438142776,0.5686612725257874,0.4263206720352173,-0.008223297074437141,0.5524140000343323,0.41723185777664185,-0.01710568368434906,0.6197960376739502,0.45157623291015625,0.0028716411907225847,0.6139113903045654,0.4024733304977417,-0.005988560616970062,0.5442437529563904,0.4706251323223114,-0.02900209091603756,0.5658814907073975,0.4432820677757263,-0.013127978891134262,0.6391832828521729,0.4130789041519165,0.03610128536820412,0.5637066960334778,0.42177024483680725,-0.008248070254921913,0.5690825581550598,0.46114906668663025,-0.010622622445225716,0.6049340963363647,0.4099978506565094,-0.004461212083697319,0.5600742697715759,0.45423442125320435,-0.024724530056118965,0.6317405104637146,0.4734746813774109,0.042937181890010834,0.5711660981178284,0.4124305844306946,-0.003448992734774947,0.5533637404441833,0.44946977496147156,-0.029599972069263458,0.6027299761772156,0.5175386071205139,0.013685938902199268,0.6042171716690063,0.5261827707290649,0.024523545056581497,0.6302562355995178,0.4526469111442566,0.02265494130551815,0.6130465269088745,0.5057304501533508,0.018094638362526894,0.62818443775177,0.39769336581230164,0.011155660264194012,0.571465253829956,0.544570803642273,0.0036191483959555626,0.5447812676429749,0.4719717800617218,-0.020634125918149948,0.5721864700317383,0.44945088028907776,-0.011714262887835503,0.6229040026664734,0.41753947734832764,0.004781860392540693,0.590155839920044,0.41512954235076904,-0.008479802869260311,0.5843219757080078,0.41514673829078674,-0.008704932406544685,0.5752578377723694,0.5038073062896729,-0.00471168989315629,0.6183523535728455,0.4689498543739319,0.00640717800706625,0.5602836012840271,0.5534408092498779,0.008163302205502987,0.5816189646720886,0.5443563461303711,0.01431826502084732,0.591863751411438,0.5372933745384216,0.01866668462753296,0.579395055770874,0.414407879114151,-0.0076004136353731155,0.5751467347145081,0.4133882522583008,-0.005713080056011677,0.5724679827690125,0.41296061873435974,-0.0038921479135751724,0.620327353477478,0.40078046917915344,-0.0012304604751989245,0.576653778553009,0.40358829498291016,-0.007257008459419012,0.5818254351615906,0.3994298279285431,-0.00947655364871025,0.5874773859977722,0.3985290229320526,-0.010533471591770649,0.5935685634613037,0.40048718452453613,-0.010275964625179768,0.597503662109375,0.4039936065673828,-0.008979294449090958,0.636799693107605,0.39265382289886475,0.025579219684004784,0.5947093367576599,0.41418325901031494,-0.007512714713811874,0.5667287707328796,0.48261022567749023,-0.013023437932133675,0.5590881705284119,0.46713921427726746,-0.020033422857522964,0.5532960295677185,0.48037973046302795,-0.015790177509188652,0.5921000242233276,0.5286058187484741,0.01110314391553402,0.5821018218994141,0.5368067026138306,0.007799974177032709,0.559403121471405,0.5493370890617371,0.0008525528246536851,0.6149049401283264,0.5128790140151978,0.032366782426834106,0.5729215145111084,0.40921565890312195,-0.005061715375632048,0.5556708574295044,0.43192142248153687,-0.01937234401702881,0.5711628198623657,0.5501255989074707,0.009751357138156891,0.6270473599433899,0.471723347902298,0.02359594590961933,0.5620586276054382,0.5002402067184448,-0.008432731032371521,0.5627279877662659,0.5034060478210449,-0.009165068157017231,0.56327885389328,0.5075330138206482,-0.010183625854551792,0.5635796785354614,0.5124487280845642,-0.0093518802896142,0.5642619729042053,0.5204127430915833,-0.005002593155950308,0.5732943415641785,0.4993847906589508,-0.006250726990401745,0.5746559500694275,0.4985058903694153,-0.0068407608196139336,0.5758571028709412,0.4975355863571167,-0.007400992792099714,0.5798147320747375,0.4931580424308777,-0.007821173407137394,0.6073802709579468,0.4740073084831238,-0.0028506265953183174,0.5573742985725403,0.4224132001399994,-0.01440210547298193,0.5650589466094971,0.4045838713645935,-0.006053748540580273,0.5700200796127319,0.40570980310440063,-0.0052346582524478436,0.5718799829483032,0.5001611709594727,-0.005312392488121986,0.6088306903839111,0.4942364990711212,0.007102290168404579,0.55721515417099,0.40403154492378235,-0.012153306975960732,0.5675854086875916,0.5282026529312134,-0.0020004594698548317,0.5503491759300232,0.4275006949901581,-0.022422639653086662,0.5598881840705872,0.4459823966026306,-0.01956866681575775,0.5566937923431396,0.5323258638381958,-0.0026418494526296854,0.5836498141288757,0.5126562118530273,-0.0002442816912662238,0.5748485922813416,0.467849999666214,-0.010009157471358776,0.5763716697692871,0.5216445922851562,-0.0008027871372178197,0.5906565189361572,0.4670243263244629,-0.011034459806978703,0.581150472164154,0.4765820801258087,-0.009849525056779385,0.5969603061676025,0.48069724440574646,-0.006874267943203449,0.5582349300384521,0.5418460965156555,-0.0024339582305401564,0.5648421049118042,0.450450599193573,-0.01595228910446167,0.5893930196762085,0.5194305181503296,0.004409359768033028,0.5798454880714417,0.5285371541976929,0.0033455125521868467,0.5892931222915649,0.5021367073059082,-0.002148895990103483,0.6164675354957581,0.4835009276866913,0.010099569335579872,0.5985590219497681,0.503803014755249,0.0020997589454054832,0.6220913529396057,0.4893379509449005,0.023010525852441788,0.5869389176368713,0.4871126711368561,-0.007748431991785765,0.5607150793075562,0.4375332295894623,-0.016006218269467354,0.5564624667167664,0.46501970291137695,-0.027463626116514206,0.5618904232978821,0.4663143754005432,-0.021347975358366966,0.5523871183395386,0.4591618776321411,-0.031121788546442986,0.5699403285980225,0.39552783966064453,-0.009487492963671684,0.5801789164543152,0.38898587226867676,-0.012869059108197689,0.5897237658500671,0.38761258125305176,-0.014526291750371456,0.5981490612030029,0.3898448050022125,-0.013944846577942371,0.6045532822608948,0.39518898725509644,-0.011520632542669773,0.6092374324798584,0.41263508796691895,-0.0028092353604733944,0.6321740746498108,0.43398091197013855,0.019964566454291344,0.6016801595687866,0.4250476658344269,-0.005803194362670183,0.593562662601471,0.42717644572257996,-0.007633422035723925,0.584411084651947,0.4265117049217224,-0.008043605834245682,0.576574981212616,0.4241618812084198,-0.007422585040330887,0.5709375143051147,0.4214155077934265,-0.005956269335001707,0.5668849945068359,0.4186899662017822,-0.005553115159273148,0.638310432434082,0.4324854016304016,0.04160637781023979,0.5625617504119873,0.4679033160209656,-0.01820552721619606,0.5540687441825867,0.4404381513595581,-0.023706991225481033,0.5506169199943542,0.4658205807209015,-0.030685152858495712,0.5485061407089233,0.4696212112903595,-0.027109144255518913,0.5516937375068665,0.46715423464775085,-0.027812402695417404,0.5614609122276306,0.46990498900413513,-0.01536085456609726,0.5466224551200867,0.4702973961830139,-0.028399348258972168,0.5471082925796509,0.47160518169403076,-0.0211136806756258,0.5684322118759155,0.4124462604522705,-0.0033800562378019094,0.5637210607528687,0.4139130115509033,-0.005679949186742306,0.5600602626800537,0.41504400968551636,-0.009082579053938389,0.5999307632446289,0.40705350041389465,-0.007338407915085554,0.6042971014976501,0.4034707546234131,-0.007875039242208004,0.5162603855133057,0.3989168107509613,0.011400704272091389,0.5195467472076416,0.39864248037338257,0.011400704272091389,0.5171042680740356,0.3914099931716919,0.011400704272091389,0.5130314230918884,0.399253249168396,0.011400704272091389,0.515544056892395,0.4065183401107788,0.011400704272091389,0.5760287046432495,0.4075410068035126,-0.007234017364680767,0.5801295042037964,0.40782129764556885,-0.007234017364680767,0.5776052474975586,0.40031126141548157,-0.007234017364680767,0.5723472833633423,0.407401442527771,-0.007234017364680767,0.5746815800666809,0.41506296396255493,-0.007234017364680767
1966.666666666665,0.5410890579223633,0.4894677400588989,-0.015097909606993198,0.5328178405761719,0.4639583230018616,-0.03147268295288086,0.5366084575653076,0.47160494327545166,-0.016061510890722275,0.5315245985984802,0.4342638850212097,-0.023130714893341064,0.5326665639877319,0.45510512590408325,-0.03381073474884033,0.534119725227356,0.44323691725730896,-0.031948596239089966,0.5392382144927979,0.41381916403770447,-0.017679410055279732,0.5071451663970947,0.4029814302921295,0.018776578828692436,0.5410432815551758,0.39017045497894287,-0.014514091424643993,0.5410535335540771,0.3781684637069702,-0.016231806948781013,0.5437825918197632,0.3353307843208313,-0.012377742677927017,0.5409720540046692,0.49350738525390625,-0.014125581830739975,0.5410701036453247,0.497517853975296,-0.012042639777064323,0.5413748621940613,0.5000275373458862,-0.008915796875953674,0.5413179397583008,0.4999285340309143,-0.007852773182094097,0.5408990979194641,0.5045977234840393,-0.008218681439757347,0.540573000907898,0.5100953578948975,-0.009107057005167007,0.540496289730072,0.5156645178794861,-0.00780977588146925,0.5392268896102905,0.5243291854858398,-0.0016975236358121037,0.5339122414588928,0.4682987928390503,-0.028299590572714806,0.5301353931427002,0.46742284297943115,-0.018856192007660866,0.49554887413978577,0.37286537885665894,0.05185636132955551,0.5224706530570984,0.4119649827480316,0.008202941156923771,0.5173678398132324,0.41270577907562256,0.010398099198937416,0.5122883915901184,0.4124588668346405,0.013650407083332539,0.5060500502586365,0.40532758831977844,0.02064310945570469,0.5262374877929688,0.4102307856082916,0.006945658940821886,0.5133476853370667,0.3843381106853485,0.00749968271702528,0.5194516181945801,0.38621872663497925,0.005195860750973225,0.5079612135887146,0.3854791224002838,0.011276680044829845,0.5047682523727417,0.3891422152519226,0.014839638024568558,0.502941370010376,0.41148674488067627,0.02486005239188671,0.521656334400177,0.5312448143959045,0.012200907804071903,0.5053548216819763,0.3993126153945923,0.021295970305800438,0.4939361810684204,0.4092102348804474,0.05631118267774582,0.49874135851860046,0.4029920697212219,0.03242048993706703,0.5139475464820862,0.45170360803604126,0.004625067114830017,0.5339195132255554,0.48652660846710205,-0.012098440900444984,0.5347384214401245,0.4962632358074188,-0.009043209254741669,0.5274837017059326,0.4882325828075409,-0.005961818154901266,0.5233778357505798,0.49035152792930603,0.0005774934543296695,0.5297134518623352,0.4953499436378479,-0.004541551694273949,0.5259295701980591,0.4949119985103607,0.0011490387842059135,0.5176423788070679,0.5040764808654785,0.012918912805616856,0.5284930467605591,0.4633350670337677,-0.02980981022119522,0.5276397466659546,0.4548192024230957,-0.031712889671325684,0.4983566105365753,0.3784962594509125,0.018660180270671844,0.5257216095924377,0.4312085509300232,-0.00030669471016153693,0.5203940868377686,0.45876312255859375,-0.0112734604626894,0.5209168791770935,0.4538174271583557,-0.009493149816989899,0.5001083016395569,0.44852685928344727,0.017697492614388466,0.5293657779693604,0.44379547238349915,-0.028332527726888657,0.5075604319572449,0.3704507052898407,0.003122700145468116,0.5016433596611023,0.3726713955402374,0.010745800100266933,0.49784141778945923,0.35828089714050293,0.03742652386426926,0.5292251110076904,0.38152992725372314,-0.0092451898381114,0.524548351764679,0.39083579182624817,0.005409871228039265,0.5138325691223145,0.4951830804347992,0.015248646959662437,0.5040961503982544,0.4861491620540619,0.07493186742067337,0.5243971943855286,0.46408867835998535,-0.010231680236756802,0.5282484889030457,0.46716630458831787,-0.012568965554237366,0.518747091293335,0.4939992427825928,0.01336280070245266,0.520214319229126,0.49447911977767944,0.01072832103818655,0.4996417164802551,0.36571693420410156,0.014163586311042309,0.5209938287734985,0.4619688391685486,-0.007952535524964333,0.516288697719574,0.3725150227546692,-0.0037622503004968166,0.5151527523994446,0.3649342954158783,-0.005142140202224255,0.5133394002914429,0.3393617272377014,0.005878380499780178,0.4983771741390228,0.3669535517692566,0.02402820996940136,0.514359176158905,0.35605499148368835,-0.00015610740229021758,0.4963454604148865,0.3733901083469391,0.024596117436885834,0.49556970596313477,0.3786178231239319,0.037137433886528015,0.5340631604194641,0.49183207750320435,-0.011153635568916798,0.528507649898529,0.49201568961143494,-0.005452587269246578,0.5245243310928345,0.49265843629837036,0.0003447988710831851,0.5256938934326172,0.4655889868736267,-0.00965325627475977,0.5194798707962036,0.4942478835582733,0.011845816858112812,0.5216490030288696,0.4975816607475281,0.007460759952664375,0.5209892988204956,0.4947614073753357,0.010340483859181404,0.5251311659812927,0.4624183177947998,-0.018864380195736885,0.5271546244621277,0.4965452253818512,0.0020635193213820457,0.5308870077133179,0.4976080358028412,-0.0021039245184510946,0.5356481075286865,0.4988919198513031,-0.006027464754879475,0.5321334600448608,0.5228761434555054,0.0006436772528104484,0.5333663821220398,0.5140156745910645,-0.0051647876389324665,0.5336858034133911,0.5083599090576172,-0.006143461912870407,0.5345092415809631,0.5030288696289062,-0.005173749290406704,0.5355587005615234,0.4988200068473816,-0.004900993313640356,0.5270304083824158,0.49670061469078064,0.0029253647662699223,0.5256785154342651,0.4985048770904541,0.002363886684179306,0.5242111682891846,0.5010599493980408,0.0019270309712737799,0.523098349571228,0.5041147470474243,0.003522339044138789,0.5172207355499268,0.4824707508087158,0.0029340034816414118,0.49980732798576355,0.4447753131389618,0.08314483612775803,0.5351489186286926,0.47006312012672424,-0.020431729033589363,0.5243079662322998,0.49586689472198486,0.0073561957105994225,0.5229430198669434,0.49662160873413086,0.007057128939777613,0.529975175857544,0.4705023467540741,-0.012519464828073978,0.5232521891593933,0.46674156188964844,-0.004429848864674568,0.5291020274162292,0.4689083993434906,-0.01278576347976923,0.5203850865364075,0.4354334771633148,0.003898806171491742,0.5115382075309753,0.44019606709480286,0.008536525070667267,0.520731508731842,0.4571778476238251,-0.005809485912322998,0.5031201243400574,0.3467912971973419,0.021382423117756844,0.5041446685791016,0.3590026795864105,0.011813716031610966,0.5058677196502686,0.3629053235054016,0.004421160090714693,0.5210718512535095,0.5110076069831848,0.008966794237494469,0.5272107124328613,0.3693893551826477,-0.011772721074521542,0.5266563296318054,0.35604968667030334,-0.008823351934552193,0.5264500975608826,0.3359484374523163,-0.005636192392557859,0.508245050907135,0.40987110137939453,0.01753622107207775,0.4986412525177002,0.417373389005661,0.030100958421826363,0.5284082889556885,0.4082677662372589,0.00684098806232214,0.5012516975402832,0.3921848237514496,0.021909303963184357,0.5290358066558838,0.42614972591400146,-0.0038493911270052195,0.5219757556915283,0.4564801752567291,-0.018244389444589615,0.4930887818336487,0.4259245991706848,0.039139144122600555,0.5006033182144165,0.42545780539512634,0.024058111011981964,0.5058945417404175,0.4304731488227844,0.016399376094341278,0.5152559280395508,0.4294000566005707,0.01053638942539692,0.5222474336624146,0.4256533682346344,0.00663743494078517,0.5269081592559814,0.42209291458129883,0.0029184212908148766,0.5344897508621216,0.41563680768013,-0.013388869352638721,0.4926583766937256,0.4434431493282318,0.03836075961589813,0.4983336925506592,0.3899528682231903,0.02604890614748001,0.53119957447052,0.46775662899017334,-0.027044689282774925,0.5249426364898682,0.44008487462997437,-0.002614940982311964,0.49702486395835876,0.4076842665672302,0.07706964015960693,0.5302792191505432,0.418275386095047,0.00045475782826542854,0.5213485360145569,0.4571729302406311,0.00015385639562737197,0.503977358341217,0.39895960688591003,0.023130593821406364,0.5229514241218567,0.4504437744617462,-0.016176600009202957,0.5013753771781921,0.46483591198921204,0.08076456934213638,0.5280659794807434,0.40502268075942993,0.008332785218954086,0.5258134007453918,0.44623738527297974,-0.02330147661268711,0.5065465569496155,0.5084924697875977,0.04029148444533348,0.5100948810577393,0.5169751644134521,0.051409948617219925,0.49358442425727844,0.4444907605648041,0.06130119785666466,0.5019287467002869,0.49653515219688416,0.04929039254784584,0.4946225881576538,0.39280736446380615,0.048530109226703644,0.5215007066726685,0.5384631156921387,0.01659175008535385,0.5328668355941772,0.46954432129859924,-0.019462376832962036,0.5206021070480347,0.44561824202537537,0.0011832895688712597,0.49622270464897156,0.40337494015693665,0.04003484174609184,0.5123774409294128,0.4072324335575104,0.01368017215281725,0.517031192779541,0.40788477659225464,0.010892033576965332,0.5205671191215515,0.4988366365432739,0.008983468636870384,0.49411553144454956,0.4602425694465637,0.04063817113637924,0.5305553674697876,0.5503367185592651,0.015385857783257961,0.5191716551780701,0.5369214415550232,0.032004885375499725,0.5151006579399109,0.5286087989807129,0.04068809375166893,0.5420765280723572,0.35675668716430664,-0.01479644700884819,0.5409290194511414,0.5537270307540894,0.010094140656292439,0.5213541388511658,0.407266765832901,0.009036730974912643,0.5250560641288757,0.40602192282676697,0.008484040386974812,0.5271856784820557,0.40540844202041626,0.008809329010546207,0.49611780047416687,0.38699960708618164,0.03316586837172508,0.5240499377250671,0.39795225858688354,0.007486172020435333,0.5197744965553284,0.3945179879665375,0.007670599035918713,0.5148874521255493,0.3933801054954529,0.009473994374275208,0.5103058218955994,0.39423245191574097,0.012486476451158524,0.507631778717041,0.3963283896446228,0.01535858679562807,0.49517151713371277,0.3884703516960144,0.0660010501742363,0.5092542767524719,0.40547388792037964,0.016526147723197937,0.5372705459594727,0.47807028889656067,-0.014313509687781334,0.5214023590087891,0.4787193834781647,-0.002483490388840437,0.5238957405090332,0.4629979431629181,-0.012769335880875587,0.5298212766647339,0.477697491645813,-0.01136698480695486,0.5409005284309387,0.4018472731113434,-0.013893906958401203,0.511907160282135,0.5198972225189209,0.03276161476969719,0.5166630148887634,0.5290399789810181,0.025036543607711792,0.5288872122764587,0.5459825396537781,0.008176978677511215,0.5069159865379333,0.5038377642631531,0.06409468501806259,0.526701033115387,0.40239959955215454,0.007997456938028336,0.5300351977348328,0.42954540252685547,-0.013383591547608376,0.5396000146865845,0.5492014288902283,0.003234339412301779,0.5238179564476013,0.5444925427436829,0.02292756922543049,0.49544572830200195,0.4628649055957794,0.06064554676413536,0.5307965278625488,0.4976688623428345,-0.0010764223989099264,0.5294056534767151,0.5008251070976257,-0.001483510946854949,0.5282462239265442,0.5049464106559753,-0.0019880845211446285,0.5274756550788879,0.5100231766700745,-0.0007091185543686152,0.5256248116493225,0.5176923274993896,0.004586588125675917,0.5230192542076111,0.4946044981479645,0.006421707570552826,0.5216741561889648,0.49341583251953125,0.007008336950093508,0.5206497311592102,0.49217864871025085,0.00735860550776124,0.5144981145858765,0.4880542457103729,0.009471381083130836,0.4978749752044678,0.46597737073898315,0.026175370439887047,0.531886637210846,0.4203779697418213,-0.008275913074612617,0.5313411951065063,0.39857977628707886,0.0017201908631250262,0.5286726355552673,0.39907121658325195,0.005719406064599752,0.5244648456573486,0.4957382380962372,0.006836875341832638,0.5002147555351257,0.4856152832508087,0.036453694105148315,0.5347223281860352,0.39982861280441284,-0.007534943521022797,0.5236989259719849,0.5240551233291626,0.008631174452602863,0.535914957523346,0.4333152174949646,-0.026998357847332954,0.532848596572876,0.42552536725997925,-0.01913333125412464,0.5375450849533081,0.4240502119064331,-0.022165285423398018,0.5259571075439453,0.442757785320282,-0.011703822761774063,0.5390143990516663,0.5416959524154663,-0.0003609590348787606,0.5391406416893005,0.5324031114578247,-0.0009135550353676081,0.5306678414344788,0.5303529500961304,0.002804326359182596,0.5139554738998413,0.5064745545387268,0.01775256358087063,0.5173050165176392,0.4633723199367523,0.0035209311172366142,0.5185362696647644,0.5161652565002441,0.013607983477413654,0.5060211420059204,0.4606570303440094,0.010071116499602795,0.5127429962158203,0.4712153375148773,0.007018259260803461,0.5031442642211914,0.4733692407608032,0.017212683334946632,0.5289275050163269,0.5389716029167175,0.004514169413596392,0.523983359336853,0.4469957649707794,-0.006190022919327021,0.5111985206604004,0.5116452574729919,0.02496790699660778,0.5166389346122742,0.5216970443725586,0.01931188441812992,0.5096221566200256,0.49551671743392944,0.019455866888165474,0.4966028332710266,0.47458893060684204,0.04279183968901634,0.5050406455993652,0.49571970105171204,0.026957310736179352,0.4981788098812103,0.4801895022392273,0.05828103423118591,0.5097424983978271,0.4811411201953888,0.012193088419735432,0.5276714563369751,0.4347189962863922,-0.007600405253469944,0.5233156085014343,0.4607377052307129,-0.019813135266304016,0.5217046737670898,0.4619296193122864,-0.012655284255743027,0.5243076086044312,0.455317884683609,-0.024965235963463783,0.5268983244895935,0.38839322328567505,0.0011633281828835607,0.5183683037757874,0.38137996196746826,0.002544247545301914,0.5108699202537537,0.37964773178100586,0.0055785030126571655,0.5051097273826599,0.3810993432998657,0.010495062917470932,0.5019199252128601,0.3850329518318176,0.015869926661252975,0.5017783045768738,0.4010399281978607,0.02655002288520336,0.49307140707969666,0.42670994997024536,0.05963102728128433,0.505010724067688,0.4163362979888916,0.02111656963825226,0.5096731185913086,0.4202304482460022,0.01582033932209015,0.5163557529449463,0.42022740840911865,0.011256304569542408,0.5226808786392212,0.4180818498134613,0.007894787937402725,0.5270153880119324,0.41559433937072754,0.005582225043326616,0.5298483967781067,0.4134543240070343,0.0038804123178124428,0.49896439909935,0.4261140823364258,0.08231846243143082,0.5224838256835938,0.4637949764728546,-0.009744372218847275,0.5282953977584839,0.4377027153968811,-0.017503486946225166,0.5255294442176819,0.4617936611175537,-0.025770068168640137,0.5291321873664856,0.46607622504234314,-0.024220965802669525,0.5264654755592346,0.46314799785614014,-0.022787019610404968,0.5241660475730896,0.46618178486824036,-0.00829483661800623,0.5297380089759827,0.4670468866825104,-0.026000434532761574,0.5312658548355103,0.46880969405174255,-0.019142603501677513,0.5298541188240051,0.40564143657684326,0.006429368630051613,0.5321286916732788,0.4088752865791321,0.0017298987368121743,0.532941997051239,0.41172826290130615,-0.0029314158018678427,0.5062055587768555,0.3980483114719391,0.01802597939968109,0.5033597350120544,0.39333614706993103,0.019145874306559563,0.5412740111351013,0.4347997009754181,-0.026735862717032433,0.5913927555084229,0.41206029057502747,-0.007373908534646034,0.5416700839996338,0.4684353768825531,-0.02165238931775093,0.6241022348403931,0.376044362783432,0.011496876366436481,0.5712824463844299,0.41850677132606506,-0.008534419350326061,0.5772480368614197,0.4192958474159241,-0.009756018407642841,0.5836954712867737,0.4194261133670807,-0.00971777830272913,0.5944947600364685,0.414992094039917,-0.0070456406101584435,0.5666803121566772,0.416883260011673,-0.006236494984477758,0.5810315012931824,0.39115390181541443,-0.013836059719324112,0.5739511251449585,0.39260539412498474,-0.011599169112741947,0.5881382822990417,0.3929142653942108,-0.013341165147721767,0.5931978821754456,0.39726579189300537,-0.011735443957149982,0.5993539690971375,0.42095738649368286,-0.0048029012978076935,0.5631563067436218,0.5367678999900818,3.749461393454112e-05,0.5949211716651917,0.4092828929424286,-0.006066001020371914,0.6246563792228699,0.4152824282646179,0.015770453959703445,0.6083382368087769,0.4151477813720703,-0.001003345474600792,0.5726096630096436,0.45557382702827454,-0.012372801080346107,0.5493867993354797,0.4881945252418518,-0.016643773764371872,0.5487897396087646,0.49782174825668335,-0.0132643086835742,0.5581479668617249,0.49183422327041626,-0.015301122330129147,0.5642317533493042,0.49498528242111206,-0.012134998105466366,0.5558931827545166,0.4983752369880676,-0.012739048339426517,0.5617184042930603,0.498935729265213,-0.009644083678722382,0.5707467794418335,0.5090826153755188,-0.003216815646737814,0.5380467176437378,0.4641679525375366,-0.032109133899211884,0.5386948585510254,0.4555486738681793,-0.03449322655797005,0.6023548245429993,0.3909620940685272,-0.01295261736959219,0.5604184865951538,0.43301481008529663,-0.011429366655647755,0.5569410920143127,0.46140363812446594,-0.021834978833794594,0.558228075504303,0.45626500248908997,-0.02040499448776245,0.593661367893219,0.45474913716316223,-0.010269430465996265,0.5398514866828918,0.44436460733413696,-0.031870946288108826,0.5834523439407349,0.380425363779068,-0.018715906888246536,0.5941327214241028,0.3836079239845276,-0.016672350466251373,0.6144498586654663,0.36000728607177734,0.0011384452227503061,0.5546642541885376,0.3902234435081482,-0.01637975126504898,0.5681890249252319,0.3972712755203247,-0.008199144154787064,0.575728714466095,0.5006565451622009,-0.004236001521348953,0.6177971363067627,0.49586641788482666,0.03767829388380051,0.5524624586105347,0.466357558965683,-0.01807013340294361,0.5472906231880188,0.4685744643211365,-0.016469886526465416,0.5725362300872803,0.49950581789016724,-0.003523818450048566,0.5709009766578674,0.4996984302997589,-0.004174111410975456,0.5983847379684448,0.37830913066864014,-0.015093645080924034,0.558214545249939,0.46469804644584656,-0.018257135525345802,0.5704857110977173,0.3820703327655792,-0.018774518743157387,0.5712260007858276,0.37511226534843445,-0.020612293854355812,0.582049548625946,0.33936765789985657,-0.014932951889932156,0.6059739589691162,0.3694230914115906,-0.008235457353293896,0.5756906270980835,0.3566265404224396,-0.017964394763112068,0.6076433658599854,0.3874378502368927,-0.009235996752977371,0.6153494119644165,0.38245806097984314,0.0005157891428098083,0.5491883754730225,0.49344637989997864,-0.015700072050094604,0.5570053458213806,0.4953153431415558,-0.014271074905991554,0.5630091428756714,0.49697741866111755,-0.011334038339555264,0.5512629151344299,0.467656672000885,-0.015998374670743942,0.5716786980628967,0.49960315227508545,-0.003784011583775282,0.5676368474960327,0.5022462606430054,-0.005776210222393274,0.570012092590332,0.49980810284614563,-0.00412505678832531,0.547524094581604,0.46426519751548767,-0.026050347834825516,0.5607635974884033,0.5002493858337402,-0.008147452026605606,0.554969310760498,0.5002995729446411,-0.00975882075726986,0.5484772324562073,0.5002938508987427,-0.01034555397927761,0.5481160283088684,0.5246962308883667,-0.003425345988944173,0.5487977266311646,0.5155614018440247,-0.009635541588068008,0.5486447215080261,0.5098826885223389,-0.010805929079651833,0.5485330820083618,0.5044512748718262,-0.009797274135053158,0.5483731627464294,0.5001858472824097,-0.00928450282663107,0.5607446432113647,0.5003129839897156,-0.007282637991011143,0.5617033839225769,0.5021971464157104,-0.007841788232326508,0.5628095269203186,0.5049180388450623,-0.008600165136158466,0.563676655292511,0.5080157518386841,-0.007746475748717785,0.566548764705658,0.4865206480026245,-0.011593936011195183,0.6286894679069519,0.45299413800239563,0.04176449030637741,0.5652533173561096,0.5001862645149231,-0.005357634741812944,0.5663829445838928,0.5011090040206909,-0.00571513082832098,0.5451629161834717,0.4716777503490448,-0.01637718640267849,0.5568657517433167,0.46935293078422546,-0.012592085637152195,0.5461543202400208,0.4701964557170868,-0.016547340899705887,0.5673418641090393,0.4380986988544464,-0.010888933204114437,0.5777770280838013,0.4442737400531769,-0.011415100656449795,0.5601024031639099,0.45986923575401306,-0.017011554911732674,0.6008826494216919,0.34739813208580017,-0.00827802438288927,0.5932801365852356,0.3603898882865906,-0.014185360632836819,0.5858626961708069,0.37376272678375244,-0.018817072734236717,0.5646541714668274,0.5154271721839905,-0.004198519047349691,0.5560786128044128,0.3786314129829407,-0.019508065655827522,0.5592862367630005,0.3563399612903595,-0.018078915774822235,0.5636820793151855,0.33582445979118347,-0.016108494251966476,0.5902103185653687,0.4182775616645813,-0.00852824654430151,0.60652756690979,0.42778441309928894,-0.002861966611817479,0.5637450814247131,0.41513729095458984,-0.004882727283984423,0.6004608273506165,0.40283048152923584,-0.008439079858362675,0.5555235147476196,0.4274444580078125,-0.012750199064612389,0.5515655875205994,0.45859694480895996,-0.02678259089589119,0.614417552947998,0.4328261613845825,0.0019202212570235133,0.6001232266426086,0.43358030915260315,-0.006890604738146067,0.5900042653083801,0.436090350151062,-0.009931438602507114,0.5771214962005615,0.4339625835418701,-0.009544423781335354,0.5685373544692993,0.4300915002822876,-0.008660799823701382,0.5622262954711914,0.4261050224304199,-0.008598961867392063,0.5453778505325317,0.4160263240337372,-0.01715872623026371,0.6123426556587219,0.45126500725746155,0.0013110946165397763,0.606186032295227,0.4022690951824188,-0.00728392181918025,0.5371547937393188,0.46833139657974243,-0.02890016697347164,0.5588051676750183,0.44193631410598755,-0.013393627479672432,0.6318057179450989,0.4135058522224426,0.03428463265299797,0.5572003722190857,0.42166876792907715,-0.00852958019822836,0.5618970990180969,0.4599275588989258,-0.010974986478686333,0.5978026986122131,0.40953540802001953,-0.0055657075718045235,0.5529651045799255,0.4523427486419678,-0.024874940514564514,0.6247490048408508,0.4739982485771179,0.04108421504497528,0.5646175146102905,0.4125445485115051,-0.0038572316989302635,0.5463051199913025,0.4475194215774536,-0.029593005776405334,0.5956284403800964,0.5178716778755188,0.012566032819449902,0.5976061820983887,0.5267916321754456,0.02321900613605976,0.6230135560035706,0.45275917649269104,0.020819980651140213,0.6059240102767944,0.506145715713501,0.016638996079564095,0.620719850063324,0.39762067794799805,0.009530061855912209,0.5645173192024231,0.544641375541687,0.003376976354047656,0.5377094149589539,0.4699053168296814,-0.020607834681868553,0.5649631023406982,0.44830191135406494,-0.012093158438801765,0.6157299876213074,0.4174812436103821,0.0032748798839747906,0.5831009745597839,0.4144534170627594,-0.009230224415659904,0.5773331522941589,0.4144716262817383,-0.00933515839278698,0.5687816143035889,0.5036476254463196,-0.005197006277740002,0.6109533905982971,0.46878349781036377,0.004827550146728754,0.5533998012542725,0.5538811683654785,0.008039497770369053,0.5750567317008972,0.544633150100708,0.013577321544289589,0.5853200554847717,0.537667989730835,0.01765960268676281,0.5725560784339905,0.4138779938220978,-0.008139124140143394,0.5684552192687988,0.4131335914134979,-0.006184766534715891,0.5658738613128662,0.41292113065719604,-0.004337967373430729,0.6125535368919373,0.40080246329307556,-0.0026561387348920107,0.5699077248573303,0.40366291999816895,-0.007731038611382246,0.574900209903717,0.39933380484580994,-0.010047524236142635,0.580338716506958,0.3982135057449341,-0.011213523335754871,0.586359977722168,0.3999878764152527,-0.011072717607021332,0.5903452634811401,0.4034416675567627,-0.009843381121754646,0.6295260787010193,0.3929087221622467,0.023845285177230835,0.5876590609550476,0.41357192397117615,-0.008371475152671337,0.5594121813774109,0.48168110847473145,-0.013530693016946316,0.5518611073493958,0.4652673900127411,-0.02020682580769062,0.5461539626121521,0.4790947437286377,-0.016000688076019287,0.5851467847824097,0.5288466215133667,0.0102824242785573,0.575137734413147,0.5368946194648743,0.0072654313407838345,0.5524643063545227,0.5495755672454834,0.0009505994967184961,0.6082293391227722,0.5136323571205139,0.030719982460141182,0.5663042664527893,0.40934646129608154,-0.005512611009180546,0.5486337542533875,0.43045973777770996,-0.01942312903702259,0.5644498467445374,0.5504105091094971,0.00929664820432663,0.6199549436569214,0.4719873070716858,0.021797673776745796,0.554911196231842,0.5002552270889282,-0.008756346069276333,0.555638313293457,0.5034763216972351,-0.009404290467500687,0.5562524795532227,0.5076968669891357,-0.010315830819308758,0.5566416382789612,0.512726366519928,-0.009375320747494698,0.5571788549423218,0.5209643244743347,-0.004940012004226446,0.5666686296463013,0.49925389885902405,-0.006938702892512083,0.567946195602417,0.4983350336551666,-0.007565792184323072,0.5690630674362183,0.4973541498184204,-0.008130609057843685,0.5723457932472229,0.492912232875824,-0.008587248623371124,0.5996933579444885,0.47363463044166565,-0.004108956549316645,0.5503557920455933,0.42117345333099365,-0.014551888220012188,0.5581066608428955,0.4049018919467926,-0.006327860523015261,0.563212513923645,0.40588855743408203,-0.005652351770550013,0.5653364658355713,0.5000874996185303,-0.005941359326243401,0.6014065742492676,0.4942716062068939,0.005785420071333647,0.5501551628112793,0.40445008873939514,-0.012308464385569096,0.560563862323761,0.5285254120826721,-0.0019504951778799295,0.5433201789855957,0.4259929955005646,-0.022357769310474396,0.5528651475906372,0.4443725645542145,-0.019688833504915237,0.5497027039527893,0.5328064560890198,-0.0022961944341659546,0.5765628814697266,0.5129210948944092,-0.0008674353593960404,0.5675746202468872,0.466909795999527,-0.010484723374247551,0.5693419575691223,0.5219151377677917,-0.0010644772555679083,0.5830072164535522,0.46625760197639465,-0.011749657802283764,0.5737245678901672,0.475886732339859,-0.010449421592056751,0.5892764329910278,0.4802575409412384,-0.0077528320252895355,0.5512996315956116,0.5421501994132996,-0.0022467717062681913,0.5577725172042847,0.4489564895629883,-0.016183404251933098,0.5823619365692139,0.5196323990821838,0.0036699578631669283,0.5728440284729004,0.528652012348175,0.002936619333922863,0.5819494724273682,0.5022464990615845,-0.0030167324002832174,0.6091605424880981,0.4835216999053955,0.00856607872992754,0.5911902785301208,0.5038725733757019,0.001089773140847683,0.6150643825531006,0.4897322952747345,0.02126164175570011,0.5793923139572144,0.4868224561214447,-0.008523769676685333,0.5536912679672241,0.4361172616481781,-0.016162186861038208,0.5492274761199951,0.46281909942626953,-0.027583099901676178,0.5546448230743408,0.4644966423511505,-0.021593010053038597,0.5452378392219543,0.4568750262260437,-0.0311471875756979,0.5625253319740295,0.3959735631942749,-0.009884546510875225,0.5722972750663757,0.3890100121498108,-0.013500274159014225,0.5816226601600647,0.3871927857398987,-0.015363013371825218,0.590057909488678,0.38920772075653076,-0.014950228855013847,0.5966872572898865,0.3945717513561249,-0.012643219903111458,0.6019983887672424,0.4122791290283203,-0.00401934003457427,0.6247771382331848,0.43400174379348755,0.01816108450293541,0.5947393178939819,0.4244782328605652,-0.006846198346465826,0.5866779685020447,0.42656946182250977,-0.00850505568087101,0.5776843428611755,0.4259713590145111,-0.008739080280065536,0.5699935555458069,0.4238041043281555,-0.007892103865742683,0.5644314289093018,0.4212883710861206,-0.006348347757011652,0.5603739023208618,0.4187014102935791,-0.005859971512109041,0.6308770775794983,0.43302205204963684,0.03973402455449104,0.5553139448165894,0.4663131535053253,-0.01847793720662594,0.5470423102378845,0.43876203894615173,-0.02372700721025467,0.5434232354164124,0.46343401074409485,-0.030647220090031624,0.5412753820419312,0.4674285650253296,-0.02705739438533783,0.5444450974464417,0.4648885130882263,-0.027817612513899803,0.5542004108428955,0.46851056814193726,-0.015608979389071465,0.539450466632843,0.46802738308906555,-0.028318507596850395,0.539974570274353,0.46956783533096313,-0.02111050672829151,0.5618272423744202,0.41257980465888977,-0.0037313716020435095,0.557112455368042,0.4140397608280182,-0.005942558869719505,0.5534001588821411,0.4150889813899994,-0.00931305531412363,0.5928472280502319,0.4065232574939728,-0.008277017623186111,0.596865177154541,0.4029218852519989,-0.00889614038169384,0.5096495151519775,0.3991850018501282,0.012145815417170525,0.5127962827682495,0.39896830916404724,0.012145815417170525,0.5104340314865112,0.39227768778800964,0.012145815417170525,0.5066586136817932,0.3994166851043701,0.012145815417170525,0.5090283751487732,0.4062178134918213,0.012145815417170525,0.5703012347221375,0.4067169427871704,-0.007912104949355125,0.5744469165802002,0.4067384600639343,-0.007912104949355125,0.5713953971862793,0.39943253993988037,-0.007912104949355125,0.5665881037712097,0.4067920446395874,-0.007912104949355125,0.5693888664245605,0.4142168164253235,-0.007912104949355125
1999.9999999999982,0.5352072715759277,0.4898093044757843,-0.015140563249588013,0.5282236337661743,0.46363577246665955,-0.03154595568776131,0.5319632291793823,0.47112980484962463,-0.016064492985606194,0.5263137817382812,0.43373316526412964,-0.023275909945368767,0.5279746055603027,0.454782098531723,-0.03390200063586235,0.5291982293128967,0.4428039789199829,-0.032050199806690216,0.5337285995483398,0.4130863547325134,-0.017736634239554405,0.5014711022377014,0.4024701714515686,0.0181927140802145,0.5352684855461121,0.3891492784023285,-0.014595694839954376,0.5352042317390442,0.37715649604797363,-0.016336293891072273,0.5375934839248657,0.33501821756362915,-0.01268380880355835,0.5351665019989014,0.493863970041275,-0.014158414676785469,0.5353859663009644,0.4978368878364563,-0.012058586813509464,0.5358085632324219,0.500289797782898,-0.008946114219725132,0.5358032584190369,0.500140905380249,-0.0077793775126338005,0.5354347229003906,0.5046637654304504,-0.008165242150425911,0.5352112054824829,0.5099630355834961,-0.009024998173117638,0.5352882742881775,0.5154306292533875,-0.007655022200196981,0.5352194905281067,0.5243066549301147,-0.0014558369293808937,0.5293228030204773,0.46791619062423706,-0.028351157903671265,0.5253724455833435,0.467027872800827,-0.018926601856946945,0.4887625277042389,0.3723507821559906,0.05086972936987877,0.5169598460197449,0.4111354351043701,0.00780404731631279,0.511809766292572,0.4120382070541382,0.00994925107806921,0.5066775679588318,0.41185668110847473,0.013135089538991451,0.5002513527870178,0.40478983521461487,0.020038079470396042,0.5207788348197937,0.40921828150749207,0.006633042823523283,0.5075461864471436,0.38292285799980164,0.007024344056844711,0.5136933922767639,0.3847547769546509,0.004805740434676409,0.5021647810935974,0.3842661380767822,0.010736505500972271,0.49897098541259766,0.388161838054657,0.014250366017222404,0.4971410632133484,0.4108014404773712,0.024223871529102325,0.5170447826385498,0.5312515497207642,0.012356603518128395,0.4996364116668701,0.3989318907260895,0.020686186850070953,0.4871754050254822,0.4085492491722107,0.0554569773375988,0.4926835894584656,0.4020739197731018,0.03169488161802292,0.5085126757621765,0.4512900114059448,0.0043320683762431145,0.5281490683555603,0.4869662821292877,-0.01221072394400835,0.529204785823822,0.4967162013053894,-0.00911131501197815,0.5220007300376892,0.48864156007766724,-0.006129881367087364,0.5181005597114563,0.4907645881175995,0.0004005822993349284,0.5243417024612427,0.49579018354415894,-0.004659835249185562,0.5206754207611084,0.4953175485134125,0.00103118852712214,0.5129579305648804,0.5042147040367126,0.012866334989666939,0.523796796798706,0.46305611729621887,-0.02992720901966095,0.5228131413459778,0.4545414447784424,-0.0318513885140419,0.49224621057510376,0.3769032061100006,0.017942681908607483,0.5201624035835266,0.4304613769054413,-0.0005471949116326869,0.5152033567428589,0.4583972692489624,-0.011520794592797756,0.515628457069397,0.4534132480621338,-0.009749839082360268,0.49438440799713135,0.44824180006980896,0.017195727676153183,0.5243541598320007,0.4434032440185547,-0.028490114957094193,0.501535177230835,0.36843788623809814,0.0026455605402588844,0.49559324979782104,0.37085723876953125,0.010154691524803638,0.49101680517196655,0.35782894492149353,0.03646935522556305,0.5232964158058167,0.38010919094085693,-0.009428787045180798,0.5188504457473755,0.38949501514434814,0.005071995779871941,0.509026288986206,0.4953571557998657,0.015108589082956314,0.497884601354599,0.4854279160499573,0.07441291958093643,0.5193532109260559,0.4636977016925812,-0.01043085940182209,0.5233340263366699,0.46678751707077026,-0.012641586363315582,0.5137223601341248,0.4945116937160492,0.01322881132364273,0.5151654481887817,0.4949425756931305,0.010603767819702625,0.4933672249317169,0.3636414408683777,0.013479804620146751,0.515812873840332,0.4616257846355438,-0.008176641538739204,0.5103393793106079,0.37070953845977783,-0.004114060662686825,0.5091052651405334,0.36286115646362305,-0.005539185367524624,0.506766676902771,0.33913177251815796,0.0051751574501395226,0.49167898297309875,0.3661406934261322,0.023236649110913277,0.5079408884048462,0.3553972840309143,-0.0006623064400628209,0.4900031089782715,0.3716766834259033,0.023805711418390274,0.48888927698135376,0.3778038024902344,0.03628731146454811,0.5284102559089661,0.4923194646835327,-0.011251547373831272,0.5230767130851746,0.4924580454826355,-0.00559465866535902,0.5192651152610779,0.49308377504348755,0.0001980019296752289,0.5206760168075562,0.465202659368515,-0.009780904278159142,0.5144411325454712,0.49473345279693604,0.011720729991793633,0.5165802240371704,0.4980596601963043,0.0073712836019694805,0.5159366726875305,0.4952075779438019,0.010222801938652992,0.5202041268348694,0.4620397388935089,-0.019058484584093094,0.5219254493713379,0.4969518780708313,0.0019385573687031865,0.5255597829818726,0.4980430006980896,-0.002227351302281022,0.530206024646759,0.4993099570274353,-0.006120315752923489,0.5279170274734497,0.5228986144065857,0.0008428400615230203,0.5282821655273438,0.5140117406845093,-0.005078431218862534,0.5284460186958313,0.5084413290023804,-0.006117128301411867,0.5291608572006226,0.5032859444618225,-0.005188297480344772,0.5301584005355835,0.4991832375526428,-0.0048944950103759766,0.5218441486358643,0.49710237979888916,0.002864024369046092,0.5205235481262207,0.4989222288131714,0.0023022210225462914,0.5191295146942139,0.501487135887146,0.0018873069202527404,0.518114447593689,0.5045760869979858,0.003500930266454816,0.5123469233512878,0.482333779335022,0.0027161752805113792,0.49336129426956177,0.44396936893463135,0.08238500356674194,0.5305237174034119,0.46964284777641296,-0.02044646255671978,0.5191771984100342,0.4962615966796875,0.007271104957908392,0.5178281664848328,0.49705877900123596,0.00696859834715724,0.5251436233520508,0.4701520502567291,-0.012590167112648487,0.518115222454071,0.466410756111145,-0.004588767886161804,0.5242304801940918,0.46855175495147705,-0.012856013141572475,0.5148555636405945,0.4347590506076813,0.0036145937629044056,0.5059512853622437,0.43969541788101196,0.008187634870409966,0.5154600739479065,0.45679840445518494,-0.006053518038243055,0.4963509738445282,0.3464371860027313,0.02051095850765705,0.4975123107433319,0.3582003712654114,0.011141945607960224,0.4996854364871979,0.3606456220149994,0.0038635171949863434,0.5164721608161926,0.5111541748046875,0.008983931504189968,0.5211323499679565,0.36766237020492554,-0.012002307921648026,0.5204523205757141,0.35552728176116943,-0.009157557040452957,0.5200709104537964,0.33575767278671265,-0.006148630753159523,0.5025486350059509,0.4092990458011627,0.01696859672665596,0.49286720156669617,0.41656383872032166,0.029400048777461052,0.5229787230491638,0.40714824199676514,0.006549443118274212,0.4952927827835083,0.39120152592658997,0.02121885120868683,0.5234532952308655,0.42539554834365845,-0.004059829283505678,0.5168845653533936,0.4561339318752289,-0.01847306452691555,0.48670560121536255,0.42543137073516846,0.03837675601243973,0.495041161775589,0.42485207319259644,0.02340482734143734,0.5004798173904419,0.42991968989372253,0.01585591398179531,0.509833812713623,0.42882564663887024,0.010145874693989754,0.5168181657791138,0.4249715507030487,0.006325633265078068,0.521460235118866,0.4212891459465027,0.002669909270480275,0.5289202928543091,0.41492176055908203,-0.013502041809260845,0.48648059368133545,0.4430563449859619,0.03764265403151512,0.49222177267074585,0.38877663016319275,0.025289107114076614,0.5265363454818726,0.4674094319343567,-0.02713344246149063,0.5194882750511169,0.4394551217556,-0.0028523076325654984,0.49027490615844727,0.4069857895374298,0.07616041600704193,0.5248090028762817,0.41737979650497437,0.000245474191615358,0.5160560607910156,0.4567681849002838,-6.405131716746837e-05,0.4981132447719574,0.3984273672103882,0.022487478330731392,0.5177364945411682,0.45004862546920776,-0.016407880932092667,0.4950231611728668,0.46404626965522766,0.0801021009683609,0.5225943922996521,0.40394145250320435,0.008026745170354843,0.5206877589225769,0.4458405673503876,-0.023497270420193672,0.5009684562683105,0.5082131624221802,0.040030404925346375,0.5043516755104065,0.5165258646011353,0.05117029324173927,0.48713088035583496,0.4438338875770569,0.060551270842552185,0.49604329466819763,0.4961387515068054,0.04886769503355026,0.4879001975059509,0.3920971155166626,0.04767344519495964,0.5168397426605225,0.5385314226150513,0.016772646456956863,0.5281931161880493,0.46915924549102783,-0.01949853077530861,0.5151649117469788,0.44507208466529846,0.000915934971999377,0.4900631010532379,0.4021281599998474,0.03924674540758133,0.5068018436431885,0.40655675530433655,0.013164523057639599,0.5114867091178894,0.40710869431495667,0.010433933697640896,0.5155604481697083,0.4993721842765808,0.00890043843537569,0.48810064792633057,0.45987311005592346,0.04002600163221359,0.5262244939804077,0.5505467057228088,0.015779446810483932,0.5141881704330444,0.5366653203964233,0.03208275884389877,0.5097686052322388,0.5282250046730042,0.04061036556959152,0.5360745191574097,0.35616692900657654,-0.01495951134711504,0.5369781255722046,0.5538807511329651,0.010628261603415012,0.5158306360244751,0.40635907649993896,0.008637405931949615,0.5195789933204651,0.40496814250946045,0.00813351757824421,0.5217272639274597,0.4043186604976654,0.008488927967846394,0.4897949695587158,0.3856261372566223,0.03236520662903786,0.5183895826339722,0.39732757210731506,0.0071159182116389275,0.5140959620475769,0.3942754864692688,0.00726758036762476,0.5092391967773438,0.39339902997016907,0.009015016257762909,0.5046802163124084,0.3942773640155792,0.011967074126005173,0.5019919276237488,0.3962500989437103,0.014797607436776161,0.48839643597602844,0.38788846135139465,0.06503098458051682,0.5036293268203735,0.4048762023448944,0.015965374186635017,0.5327438712120056,0.4774748682975769,-0.01432520616799593,0.5164985656738281,0.4784674048423767,-0.0026732455007731915,0.5188640356063843,0.46260321140289307,-0.012946234084665775,0.5251411199569702,0.4772546887397766,-0.011447630822658539,0.5352023243904114,0.4009571969509125,-0.013961107470095158,0.5066423416137695,0.5196523666381836,0.03268182650208473,0.51166832447052,0.5289046168327332,0.025091713294386864,0.5245738625526428,0.5461932420730591,0.00849978532642126,0.500882625579834,0.5032538771629333,0.06369992345571518,0.5211492776870728,0.40147462487220764,0.007667169440537691,0.5245922803878784,0.4289166331291199,-0.013556352816522121,0.5357016921043396,0.5494384765625,0.0036798513028770685,0.5191439986228943,0.5444862842559814,0.023151027038693428,0.489126980304718,0.46224233508110046,0.05997901409864426,0.5255060195922852,0.49806687235832214,-0.0011172520462423563,0.5241657495498657,0.5011827945709229,-0.0015312882605940104,0.523108720779419,0.5052375197410583,-0.0020044450648128986,0.5224687457084656,0.5102842450141907,-0.0006850489298813045,0.5211995244026184,0.5178126096725464,0.004678693134337664,0.5178490877151489,0.4950059652328491,0.006294813938438892,0.516517162322998,0.4938458800315857,0.006859860848635435,0.5154990553855896,0.49260786175727844,0.0071859038434922695,0.5096899271011353,0.48808202147483826,0.009261931292712688,0.4921913743019104,0.465741366147995,0.025712279602885246,0.5262998342514038,0.41965004801750183,-0.008436125703155994,0.5256178379058838,0.39734768867492676,0.0014753238065168262,0.5230687260627747,0.39783892035484314,0.005434801336377859,0.5193048119544983,0.4961192309856415,0.006717896554619074,0.49454396963119507,0.4853566288948059,0.03604414314031601,0.5289745926856995,0.3987254202365875,-0.007691001519560814,0.5191378593444824,0.5240663290023804,0.00877553690224886,0.5307876467704773,0.43275198340415955,-0.027084719389677048,0.5274543166160583,0.42489612102508545,-0.0192531980574131,0.532231330871582,0.4233909249305725,-0.0222333837300539,0.5206336379051208,0.44221651554107666,-0.011913585476577282,0.5350894331932068,0.5418221950531006,3.607733015087433e-05,0.5351594090461731,0.5324119925498962,-0.0005833031609654427,0.5264090299606323,0.5303758978843689,0.0030665791127830744,0.5089829564094543,0.5064525604248047,0.017702514305710793,0.5120431780815125,0.4630472660064697,0.003292537061497569,0.513737678527832,0.5161479711532593,0.013661732897162437,0.5005800127983093,0.46042659878730774,0.009750365279614925,0.5075668692588806,0.470997154712677,0.00677508907392621,0.49777156114578247,0.4732072949409485,0.016889456659555435,0.5246497988700867,0.5390632748603821,0.004804348107427359,0.518629252910614,0.446463018655777,-0.006423418875783682,0.5060487389564514,0.5115324258804321,0.024882083758711815,0.5117233395576477,0.5216345191001892,0.019370976835489273,0.5045199394226074,0.4955146014690399,0.019290398806333542,0.4906865060329437,0.4742219150066376,0.04226452112197876,0.4996400475502014,0.495604544878006,0.026702484115958214,0.4920165240764618,0.47964349389076233,0.05771813541650772,0.5046622157096863,0.4810575544834137,0.011964671313762665,0.5222164988517761,0.43407905101776123,-0.007811473682522774,0.5183431506156921,0.4603884816169739,-0.020023442804813385,0.5166057348251343,0.46156078577041626,-0.012865434400737286,0.5193532705307007,0.45502686500549316,-0.02514795958995819,0.5210940837860107,0.3869980573654175,0.0008480480755679309,0.5125150680541992,0.37976959347724915,0.0021567626390606165,0.5049888491630554,0.3780819773674011,0.005118921399116516,0.499248743057251,0.3797779977321625,0.009934832341969013,0.49602243304252625,0.383835107088089,0.015237919986248016,0.4958144426345825,0.40029191970825195,0.025867996737360954,0.4864650070667267,0.4260464608669281,0.05880949646234512,0.4993478059768677,0.4157462418079376,0.020521894097328186,0.5041011571884155,0.41968411207199097,0.015312270261347294,0.510832667350769,0.41963502764701843,0.010843586176633835,0.5171703100204468,0.41732507944107056,0.007540646009147167,0.5215274095535278,0.41466256976127625,0.005316645838320255,0.5243423581123352,0.4124208688735962,0.00364264496602118,0.4923725724220276,0.4253341853618622,0.08148626238107681,0.5173826813697815,0.4634339213371277,-0.009938986040651798,0.523018479347229,0.437181681394577,-0.0176890566945076,0.5207012891769409,0.46149784326553345,-0.025925830006599426,0.5243900418281555,0.4657125473022461,-0.024320455268025398,0.5216307640075684,0.46278828382492065,-0.022942030802369118,0.5190956592559814,0.4658341109752655,-0.008443143218755722,0.5250329971313477,0.4667026698589325,-0.026094747707247734,0.5265454053878784,0.4684290587902069,-0.01919882372021675,0.5243874192237854,0.4044407606124878,0.006160158663988113,0.5265541076660156,0.40775266289711,0.001521540922112763,0.527385413646698,0.41072747111320496,-0.003093792824074626,0.500525712966919,0.39781537652015686,0.017436079680919647,0.49752873182296753,0.39254996180534363,0.018514765426516533,0.5361842513084412,0.4341455101966858,-0.02675466053187847,0.5849169492721558,0.4117325246334076,-0.0070022838190197945,0.5370573401451111,0.4678455591201782,-0.021616287529468536,0.6182205080986023,0.3744371235370636,0.012141619808971882,0.5655208826065063,0.41837912797927856,-0.008356611244380474,0.5713788270950317,0.41903552412986755,-0.00949843879789114,0.5777231454849243,0.41898176074028015,-0.009380670264363289,0.5882440805435181,0.4147997498512268,-0.006628373637795448,0.560979425907135,0.4167288839817047,-0.0061122155748307705,0.5745878219604492,0.39132460951805115,-0.01357690617442131,0.5677782297134399,0.392796128988266,-0.011431766673922539,0.5815384984016418,0.3929588198661804,-0.013007410801947117,0.5865378379821777,0.39717379212379456,-0.011364870704710484,0.5933823585510254,0.42052191495895386,-0.004353990312665701,0.5592653751373291,0.5360881090164185,0.00061574432766065,0.5882986783981323,0.4092333912849426,-0.005673578474670649,0.6189703345298767,0.413331538438797,0.01654081605374813,0.6024442315101624,0.41489163041114807,-0.0004528979188762605,0.5676616430282593,0.45418399572372437,-0.012161878868937492,0.5434941053390503,0.48811832070350647,-0.016597812995314598,0.5431198477745056,0.4978315830230713,-0.013207880780100822,0.552401602268219,0.49133679270744324,-0.015136603266000748,0.5586145520210266,0.49426597356796265,-0.011880896985530853,0.5503244400024414,0.4980207085609436,-0.012593237683176994,0.5562348365783691,0.4983130097389221,-0.009422735311090946,0.5666198134422302,0.5079612135887146,-0.002766402903944254,0.5334905982017517,0.46374064683914185,-0.0321357287466526,0.5340200066566467,0.45510125160217285,-0.03453074023127556,0.5959700345993042,0.3909410834312439,-0.012495938688516617,0.5551102757453918,0.43178650736808777,-0.011299286037683487,0.5522212982177734,0.4603477716445923,-0.02167722024023533,0.553406298160553,0.4551749527454376,-0.020245634019374847,0.5885618329048157,0.4530293643474579,-0.0098728621378541,0.5349830389022827,0.44383272528648376,-0.03190086781978607,0.5769802331924438,0.3804596960544586,-0.01850033923983574,0.5876318216323853,0.3836144804954529,-0.016328832134604454,0.6086039543151855,0.3587121069431305,0.0016241292469203472,0.5486902594566345,0.3906591832637787,-0.016393426805734634,0.5622245073318481,0.39736515283584595,-0.00808807834982872,0.571454644203186,0.4993494749069214,-0.0037922034971415997,0.6127451062202454,0.4934358596801758,0.0387062206864357,0.5478065609931946,0.4653952121734619,-0.01794278435409069,0.5426352620124817,0.46778929233551025,-0.016390331089496613,0.5670233368873596,0.4986928105354309,-0.0031445545610040426,0.5654256939888,0.49889031052589417,-0.0038403552025556564,0.5919829607009888,0.3783446252346039,-0.014726531691849232,0.5534917712211609,0.463595449924469,-0.018093466758728027,0.5641381144523621,0.3823067247867584,-0.018659846857190132,0.564860999584198,0.3752467930316925,-0.020486842840909958,0.5761551260948181,0.33868682384490967,-0.014850412495434284,0.600164532661438,0.36815503239631653,-0.007770809810608625,0.5699312686920166,0.3557986617088318,-0.017813898622989655,0.6014218926429749,0.3875375986099243,-0.008720288053154945,0.6095235347747803,0.3809460401535034,0.0011140435235574841,0.5433822870254517,0.4934394061565399,-0.015647167339920998,0.5513240098953247,0.4949055314064026,-0.014115655794739723,0.5574303269386292,0.4963234066963196,-0.01109188050031662,0.5465962290763855,0.46673229336738586,-0.015882983803749084,0.5661849975585938,0.49879345297813416,-0.003433251054957509,0.5622048377990723,0.501492440700531,-0.005420626141130924,0.5645443797111511,0.4990087151527405,-0.003795059397816658,0.5428900122642517,0.46350792050361633,-0.02596067450940609,0.5553727746009827,0.499656081199646,-0.007940108887851238,0.5494996905326843,0.49997007846832275,-0.009630813263356686,0.5429349541664124,0.5002868175506592,-0.010300411842763424,0.544133722782135,0.524404764175415,-0.003129004267975688,0.5435692667961121,0.5150885581970215,-0.009396176785230637,0.5432668328285217,0.5095109939575195,-0.010619152337312698,0.5430704951286316,0.5042842626571655,-0.009646482765674591,0.542881965637207,0.5001530051231384,-0.009132918901741505,0.5553654432296753,0.49975138902664185,-0.007004032377153635,0.5563103556632996,0.5015841126441956,-0.007548150606453419,0.557415246963501,0.5042262077331543,-0.008280727081000805,0.558324933052063,0.5072987675666809,-0.007394396234303713,0.5621533393859863,0.4852532744407654,-0.011320373974740505,0.6230175495147705,0.4504821300506592,0.04273606836795807,0.5599023699760437,0.4994819760322571,-0.005033989902585745,0.5609819889068604,0.5003768801689148,-0.0053764767944812775,0.5405614376068115,0.47097593545913696,-0.016313405707478523,0.5521837472915649,0.46827638149261475,-0.012458247132599354,0.5415256023406982,0.4694644808769226,-0.0164714977145195,0.562069833278656,0.4367212653160095,-0.010708468966186047,0.5726036429405212,0.4427599310874939,-0.011156883090734482,0.5552829504013062,0.45872214436531067,-0.0168415866792202,0.5950559973716736,0.346388578414917,-0.007997259497642517,0.5875082612037659,0.3593571186065674,-0.01388199720531702,0.5794050693511963,0.37370237708091736,-0.01858091726899147,0.5606295466423035,0.5146394371986389,-0.00376150943338871,0.5500122308731079,0.37899264693260193,-0.01951434835791588,0.5534538626670837,0.3556605279445648,-0.01808035559952259,0.5576856136322021,0.3353576362133026,-0.016229940578341484,0.5840871334075928,0.4178682863712311,-0.008135075680911541,0.6005456447601318,0.4271364212036133,-0.0023293534759432077,0.5580583214759827,0.4149635136127472,-0.004780523478984833,0.5941399931907654,0.402635395526886,-0.007995388470590115,0.5501502752304077,0.4263572096824646,-0.012663443572819233,0.546841561794281,0.4577454626560211,-0.026674190536141396,0.608959436416626,0.4308895766735077,0.0025711965281516314,0.594230055809021,0.432742178440094,-0.0064078145660459995,0.5841761231422424,0.43512582778930664,-0.009564679116010666,0.571439266204834,0.4332728981971741,-0.009284854866564274,0.562903106212616,0.42964038252830505,-0.008484965190291405,0.5565540194511414,0.4256715774536133,-0.008470236323773861,0.5399007201194763,0.4152090847492218,-0.017154905945062637,0.607057511806488,0.4492334723472595,0.0019751274958252907,0.6000611782073975,0.402108371257782,-0.006747626233845949,0.5325875878334045,0.46788549423217773,-0.02891520969569683,0.5536919236183167,0.4407794177532196,-0.013258202001452446,0.6259320974349976,0.4112977385520935,0.03509344160556793,0.5515113472938538,0.42118242383003235,-0.008448288775980473,0.5570440292358398,0.45871585607528687,-0.010817782022058964,0.5914008021354675,0.4094782769680023,-0.005149770528078079,0.5481199622154236,0.4514239430427551,-0.024769973009824753,0.6193478107452393,0.4714938700199127,0.04210114851593971,0.5589115619659424,0.4124135375022888,-0.00375213660299778,0.5414360165596008,0.4468124508857727,-0.02955791912972927,0.5912461876869202,0.5161994695663452,0.01332463975995779,0.5931498408317566,0.5249133110046387,0.02413174882531166,0.6175815463066101,0.4505423605442047,0.02167721651494503,0.6012663841247559,0.5041748881340027,0.017455514520406723,0.6149556040763855,0.39587581157684326,0.010238978080451488,0.5606952905654907,0.544057309627533,0.00403367355465889,0.5331122875213623,0.46943268179893494,-0.02059977501630783,0.5599042177200317,0.4470113515853882,-0.01192493550479412,0.6098473072052002,0.4172525107860565,0.003920878749340773,0.5769153237342834,0.41400623321533203,-0.008918040432035923,0.5712850093841553,0.41417500376701355,-0.009079485200345516,0.5633590817451477,0.5028947591781616,-0.004813516512513161,0.6058435440063477,0.46670088171958923,0.005523968022316694,0.5495707392692566,0.553733766078949,0.008687674067914486,0.5709990859031677,0.5434984564781189,0.014378472231328487,0.5810851454734802,0.5361455678939819,0.018503665924072266,0.5666559934616089,0.41371792554855347,-0.007942111231386662,0.5627052783966064,0.41300249099731445,-0.006037246435880661,0.5601857304573059,0.412789911031723,-0.004209558013826609,0.6065816879272461,0.4008358120918274,-0.002056043827906251,0.5639543533325195,0.40383854508399963,-0.007577145472168922,0.5687177181243896,0.3997361660003662,-0.009849813766777515,0.5738878846168518,0.39867058396339417,-0.010957133024930954,0.5797201991081238,0.4003632664680481,-0.010760120116174221,0.5836707949638367,0.4036417007446289,-0.00950391124933958,0.623647928237915,0.39100122451782227,0.024579722434282303,0.5813294053077698,0.41310203075408936,-0.008018297143280506,0.5549968481063843,0.48055630922317505,-0.013333703391253948,0.5472180843353271,0.4643316864967346,-0.020095298066735268,0.5417023301124573,0.47828006744384766,-0.015920380130410194,0.5809850692749023,0.5274474620819092,0.011032624170184135,0.5711578130722046,0.5358692407608032,0.00798981823027134,0.5486932396888733,0.5494221448898315,0.0015036422992125154,0.603497326374054,0.5114324688911438,0.03172300010919571,0.5605136752128601,0.4092559814453125,-0.005384776741266251,0.5433971285820007,0.4295952022075653,-0.019383922219276428,0.5605627298355103,0.5497936606407166,0.010035969316959381,0.6147423386573792,0.4697350859642029,0.02266942895948887,0.5494756102561951,0.4999348521232605,-0.008536724373698235,0.5502099990844727,0.5030447244644165,-0.009164586663246155,0.550869345664978,0.5071382522583008,-0.010045267641544342,0.5513596534729004,0.5120890140533447,-0.009060297161340714,0.5531914234161377,0.5204470157623291,-0.004553841892629862,0.5612351894378662,0.49848341941833496,-0.006634427700191736,0.5624502897262573,0.49754202365875244,-0.007243357133120298,0.5635340809822083,0.4965283274650574,-0.0077992877922952175,0.5679959058761597,0.4915655255317688,-0.008227399550378323,0.5947449803352356,0.4717629849910736,-0.0035781157203018665,0.544928252696991,0.42023971676826477,-0.014512924477458,0.5523342490196228,0.4048108756542206,-0.006280450616031885,0.5573816299438477,0.4058115482330322,-0.005558537784963846,0.5599848031997681,0.49934276938438416,-0.005657748784869909,0.5966924428939819,0.4923657178878784,0.006451227702200413,0.5444374084472656,0.4042998254299164,-0.012317375279963017,0.5565888285636902,0.5278674960136414,-0.0014727675588801503,0.5380443334579468,0.4252437353134155,-0.02237303927540779,0.5478402972221375,0.44341275095939636,-0.01959976926445961,0.5457623600959778,0.5324854850769043,-0.0018783024279400706,0.5724045038223267,0.5116693377494812,-0.0003407681651879102,0.5628225207328796,0.4656221270561218,-0.010263334028422832,0.5653287768363953,0.5209340453147888,-0.0005461391992866993,0.57816082239151,0.46474379301071167,-0.01145134586840868,0.5690792202949524,0.47451233863830566,-0.010159636847674847,0.5845445394515991,0.4786197543144226,-0.007352740969508886,0.5474539399147034,0.5418755412101746,-0.0017416065093129873,0.5527958869934082,0.4478377401828766,-0.016046492382884026,0.5782032608985901,0.5183041095733643,0.004307533148676157,0.5688568949699402,0.527646005153656,0.0035547816660255194,0.5776221752166748,0.5008078217506409,-0.0025005140341818333,0.6042276620864868,0.48143714666366577,0.009284687228500843,0.5867804288864136,0.502281665802002,0.0016894907457754016,0.6100979447364807,0.48753175139427185,0.02215089090168476,0.5748558044433594,0.4853443205356598,-0.008145295083522797,0.5485094785690308,0.43511271476745605,-0.01606881618499756,0.5445804595947266,0.4620310664176941,-0.02748475782573223,0.5499826073646545,0.4635027348995209,-0.021456429734826088,0.5405513644218445,0.45625436305999756,-0.031079132109880447,0.5565423369407654,0.3961341083049774,-0.009803353808820248,0.5660359859466553,0.38912102580070496,-0.013348164036870003,0.5751316547393799,0.3871985077857971,-0.0151347192004323,0.5834976434707642,0.389130562543869,-0.014623140916228294,0.5901774168014526,0.39444464445114136,-0.012244726531207561,0.5958860516548157,0.41206783056259155,-0.003551287343725562,0.6191816329956055,0.4318883717060089,0.018979772925376892,0.5887901186943054,0.42394161224365234,-0.006440608762204647,0.5808473229408264,0.42593657970428467,-0.00816361978650093,0.5719515085220337,0.42555883526802063,-0.008477303199470043,0.5643192529678345,0.42357033491134644,-0.007727139629423618,0.5587533712387085,0.42106640338897705,-0.006224935874342918,0.5546824932098389,0.41841617226600647,-0.005784798413515091,0.6250602602958679,0.43061769008636475,0.0406225360929966,0.5506354570388794,0.4652828872203827,-0.018336189910769463,0.5419844388961792,0.4379863440990448,-0.02368667908012867,0.5388372540473938,0.46285396814346313,-0.030616145581007004,0.5366724133491516,0.4668668806552887,-0.02705041505396366,0.5398377180099487,0.46424102783203125,-0.02777147851884365,0.5495215058326721,0.4675188660621643,-0.015486655756831169,0.5348744988441467,0.4675239026546478,-0.0283220037817955,0.5353755950927734,0.46903347969055176,-0.021089190617203712,0.5560864210128784,0.41239726543426514,-0.0036499022971838713,0.5514217019081116,0.4137730598449707,-0.005903789307922125,0.5476975440979004,0.41463324427604675,-0.009278902783989906,0.5861766934394836,0.4065823256969452,-0.007910555228590965,0.5903480052947998,0.4028194546699524,-0.008494488894939423,0.5035250186920166,0.39960646629333496,0.011687235906720161,0.5068700909614563,0.3992627263069153,0.011687235906720161,0.5041800141334534,0.39206188917160034,0.011687235906720161,0.5002797842025757,0.4000217616558075,0.011687235906720161,0.5030092000961304,0.40725913643836975,0.011687235906720161,0.5651452541351318,0.4061862826347351,-0.007661012001335621,0.5691995620727539,0.40613067150115967,-0.007661012001335621,0.5662592649459839,0.39904120564460754,-0.007661012001335621,0.5614730715751648,0.4063144326210022,-0.007661012001335621,0.5641301274299622,0.41348451375961304,-0.007661012001335621
2033.3333333333314,0.5362225770950317,0.4898014962673187,-0.015513955615460873,0.528893768787384,0.4624471664428711,-0.030971474945545197,0.5324234962463379,0.47011393308639526,-0.015928184613585472,0.5266876220703125,0.4334132671356201,-0.02238083817064762,0.5286159515380859,0.45377856492996216,-0.033178843557834625,0.5297421216964722,0.44212275743484497,-0.031167199835181236,0.5339625477790833,0.4132046401500702,-0.016520675271749496,0.5014657974243164,0.4021955728530884,0.018741335719823837,0.5354583263397217,0.3891475200653076,-0.013094880618155003,0.5353682041168213,0.3771304488182068,-0.014601095579564571,0.5375357866287231,0.3356993794441223,-0.010067629627883434,0.5361675024032593,0.49377188086509705,-0.014619800262153149,0.536331295967102,0.497660756111145,-0.012558506801724434,0.5366708636283875,0.5000435709953308,-0.009434894658625126,0.5365805625915527,0.4999438524246216,-0.008535938337445259,0.5362856388092041,0.5045666098594666,-0.008875435218214989,0.5361011028289795,0.5100153088569641,-0.009814171120524406,0.5361625552177429,0.515535295009613,-0.008576625026762486,0.5357937216758728,0.5219991207122803,-0.002600565552711487,0.5300033092498779,0.4666971266269684,-0.02788705751299858,0.5260318517684937,0.4660048186779022,-0.01862245984375477,0.4874480962753296,0.37366634607315063,0.051732759922742844,0.5173594951629639,0.4105607271194458,0.00833133514970541,0.5121110081672668,0.4116685688495636,0.010466929525136948,0.5068650245666504,0.4117041528224945,0.013640780001878738,0.5001986026763916,0.4046090543270111,0.020524976775050163,0.5212886333465576,0.40848228335380554,0.0072813681326806545,0.5073007345199585,0.38204026222229004,0.0077760848216712475,0.5136274099349976,0.3837464153766632,0.005630846135318279,0.5018368363380432,0.38358935713768005,0.01145218126475811,0.49866753816604614,0.38768503069877625,0.014915074221789837,0.49703744053840637,0.41097861528396606,0.02461814321577549,0.5178599953651428,0.5297807455062866,0.010519438423216343,0.49950340390205383,0.3986417353153229,0.021248918026685715,0.48622897267341614,0.4097328186035156,0.05568595975637436,0.4922894835472107,0.402203232049942,0.03214332088828087,0.5088459849357605,0.4514554738998413,0.004379753489047289,0.5291280150413513,0.4871685206890106,-0.012566711753606796,0.5300835967063904,0.496661901473999,-0.009677150286734104,0.5227570533752441,0.48896026611328125,-0.006743697449564934,0.5186112523078918,0.4911695420742035,-0.0006515933200716972,0.5250306129455566,0.4958878457546234,-0.005456656217575073,0.5211246013641357,0.4955397844314575,-0.0001460091007174924,0.5141037106513977,0.5039331316947937,0.010938068851828575,0.5244765877723694,0.461987167596817,-0.029363863170146942,0.523405909538269,0.4536481499671936,-0.031144412234425545,0.4917042851448059,0.3761999309062958,0.01899665780365467,0.5202088356018066,0.43073078989982605,-5.977529872325249e-05,0.5157957673072815,0.4579319357872009,-0.011185790412127972,0.5161510705947876,0.4531387984752655,-0.009411958046257496,0.4945465624332428,0.4490373730659485,0.017074154689908028,0.5248663425445557,0.4427970051765442,-0.027657760307192802,0.5008978843688965,0.3670547604560852,0.004031026270240545,0.49495863914489746,0.3698209524154663,0.011460556648671627,0.48976510763168335,0.35918110609054565,0.0377654954791069,0.5233451724052429,0.378343403339386,-0.007965212687849998,0.5189931988716125,0.3884659707546234,0.00587090291082859,0.5102043151855469,0.4957716166973114,0.013470198959112167,0.4982490837574005,0.4856407940387726,0.07246867567300797,0.5200587511062622,0.463060200214386,-0.010236300528049469,0.524088978767395,0.46601998805999756,-0.012440434657037258,0.5136250257492065,0.494991660118103,0.011403629556298256,0.5150721073150635,0.49532783031463623,0.008761660195887089,0.4926035404205322,0.36263394355773926,0.014901144430041313,0.5166093707084656,0.46126240491867065,-0.007958916015923023,0.5098786354064941,0.3690364956855774,-0.0026606994215399027,0.5084683299064636,0.36120614409446716,-0.003912735730409622,0.5061065554618835,0.34021860361099243,0.007277410011738539,0.4906395375728607,0.3673422336578369,0.024675022810697556,0.5074171423912048,0.3561636209487915,0.0012168183457106352,0.4893362522125244,0.3710978329181671,0.024904822930693626,0.4878564178943634,0.3790881633758545,0.03735936060547829,0.5293580293655396,0.4923877716064453,-0.011740092188119888,0.5238084197044373,0.4926648437976837,-0.006328065879642963,0.5197418332099915,0.4934017062187195,-0.0009380833944305778,0.5214693546295166,0.4645625352859497,-0.00956824142485857,0.5143455266952515,0.4951665699481964,0.009895999915897846,0.516715407371521,0.4984409511089325,0.005506814923137426,0.5158572196960449,0.49554216861724854,0.008401352912187576,0.5207557678222656,0.4611600935459137,-0.018632376566529274,0.5223221778869629,0.4970669150352478,0.0007703428855165839,0.5261867642402649,0.49802497029304504,-0.0030418075621128082,0.5309894680976868,0.49914997816085815,-0.0066856206394732,0.528783917427063,0.5207611918449402,-0.0004139920638408512,0.5290611982345581,0.5143114924430847,-0.006103250663727522,0.5292625427246094,0.5087156295776367,-0.007035996299237013,0.5299572348594666,0.50333172082901,-0.006018249783664942,0.5309107899665833,0.4991333484649658,-0.005755038000643253,0.5222511291503906,0.4972642660140991,0.0014437692007049918,0.5209300518035889,0.4991833567619324,0.0008639782317914069,0.5195100903511047,0.5018302202224731,0.0003235365729779005,0.5184544324874878,0.5049108266830444,0.001801445847377181,0.5132728219032288,0.48224449157714844,0.0017911375034600496,0.4928622841835022,0.44477683305740356,0.08134561777114868,0.5311400294303894,0.4684765934944153,-0.020162802189588547,0.5193864107131958,0.4965078830718994,0.005527420900762081,0.5180082321166992,0.4973835051059723,0.005178065970540047,0.5258440375328064,0.46935009956359863,-0.012498675845563412,0.5190214514732361,0.4660433232784271,-0.004544435068964958,0.5249756574630737,0.4677687883377075,-0.012686884962022305,0.5148969888687134,0.43518126010894775,0.0039551449008286,0.5060054063796997,0.4402875304222107,0.008434474468231201,0.5161230564117432,0.45657017827033997,-0.005830715876072645,0.4953320324420929,0.34769684076309204,0.022192440927028656,0.49665409326553345,0.35923975706100464,0.012826952151954174,0.4988844394683838,0.3593630790710449,0.00539015606045723,0.5175860524177551,0.5101029276847839,0.0070848907344043255,0.5209226012229919,0.3657688498497009,-0.01030770130455494,0.5202334523200989,0.35618460178375244,-0.0071853105910122395,0.5197175741195679,0.3366299271583557,-0.0037508257664740086,0.5026187896728516,0.4091638922691345,0.017459768801927567,0.4926410913467407,0.4170275330543518,0.029629448428750038,0.5235505700111389,0.40630611777305603,0.007263453211635351,0.4949335753917694,0.39090073108673096,0.02189042791724205,0.5235105752944946,0.42559850215911865,-0.003414380131289363,0.5173525214195251,0.4554889500141144,-0.017996082082390785,0.4861310124397278,0.4265552759170532,0.03840579837560654,0.49503225088119507,0.4254733920097351,0.023561010137200356,0.5007166862487793,0.4305543899536133,0.016016444191336632,0.5102872252464294,0.4290873408317566,0.010463646613061428,0.5173798203468323,0.4248673617839813,0.006723423954099417,0.5220767259597778,0.42101335525512695,0.003200284903869033,0.5290972590446472,0.41507089138031006,-0.012396268546581268,0.48636752367019653,0.44410794973373413,0.03732870891690254,0.491704523563385,0.3885971009731293,0.025969332084059715,0.5271940231323242,0.4662591516971588,-0.026680367067456245,0.5197222232818604,0.4395044147968292,-0.0024865746963769197,0.48922762274742126,0.40815165638923645,0.07604869455099106,0.5254491567611694,0.4169882535934448,0.000932266702875495,0.516753077507019,0.45668739080429077,1.7153679436887614e-05,0.49793699383735657,0.39813050627708435,0.02304878644645214,0.5181481838226318,0.44960856437683105,-0.015889352187514305,0.49499496817588806,0.46457138657569885,0.07862848788499832,0.5232134461402893,0.4030311703681946,0.008770431391894817,0.5211248993873596,0.44530078768730164,-0.022800903767347336,0.5015217065811157,0.507938027381897,0.03812863677740097,0.5049000382423401,0.5160745978355408,0.04893117398023605,0.48685145378112793,0.44470706582069397,0.05999845638871193,0.4966462552547455,0.49613165855407715,0.0472031906247139,0.4869074523448944,0.39333364367485046,0.048328936100006104,0.5175323486328125,0.5372059941291809,0.014828101731836796,0.5288349986076355,0.4680480659008026,-0.019229315221309662,0.5154821872711182,0.44522786140441895,0.0011260497849434614,0.48952221870422363,0.4023507237434387,0.039615463465452194,0.5070046782493591,0.4062109887599945,0.013704351149499416,0.5117843747138977,0.40662598609924316,0.011001587845385075,0.5156520009040833,0.49976885318756104,0.006977291777729988,0.48844313621520996,0.46065858006477356,0.039298467338085175,0.5270665287971497,0.54925936460495,0.013847717083990574,0.5148089528083801,0.5357711911201477,0.02985033020377159,0.5103082656860352,0.5275317430496216,0.03832625225186348,0.5361353158950806,0.3566852807998657,-0.012884959578514099,0.5379520654678345,0.5523768663406372,0.008813980035483837,0.5161987543106079,0.40570518374443054,0.00926091056317091,0.5200756788253784,0.40414586663246155,0.008810155093669891,0.5223216414451599,0.40341922640800476,0.009220313280820847,0.48913857340812683,0.38555091619491577,0.03307094797492027,0.5186600089073181,0.39695069193840027,0.007806958165019751,0.5141239166259766,0.3942773938179016,0.007984466850757599,0.5091338753700256,0.39366036653518677,0.009720413014292717,0.5045429468154907,0.3945499360561371,0.012641660869121552,0.5018505454063416,0.39636650681495667,0.015417516231536865,0.4872305393218994,0.38915008306503296,0.06545397639274597,0.5037316083908081,0.4046032726764679,0.016508331522345543,0.533108115196228,0.4762892723083496,-0.014379582367837429,0.5172919034957886,0.47806409001350403,-0.0031641279347240925,0.5194748044013977,0.46190837025642395,-0.01261911727488041,0.5257480144500732,0.47630974650382996,-0.011578740552067757,0.5353977084159851,0.4010944366455078,-0.012653659097850323,0.5071107149124146,0.5190630555152893,0.0305768009275198,0.5122324228286743,0.5279767513275146,0.023023288697004318,0.5253264307975769,0.5444880723953247,0.0066661713644862175,0.5014140009880066,0.5031201243400574,0.06151687353849411,0.5216528177261353,0.4007725417613983,0.00839722529053688,0.5247802734375,0.4288405776023865,-0.012770486064255238,0.5365252494812012,0.5475353598594666,0.0018925592303276062,0.5198822617530823,0.5433575510978699,0.021086839959025383,0.4892747402191162,0.4628486633300781,0.059016525745391846,0.5261239409446716,0.49814528226852417,-0.0022192555479705334,0.5247942209243774,0.501386821269989,-0.0026350636035203934,0.5237231850624084,0.5055527687072754,-0.0032632178626954556,0.5230467915534973,0.5105748176574707,-0.002122162841260433,0.5222491025924683,0.5161422491073608,0.0030238935723900795,0.5180020928382874,0.4953168034553528,0.004742496181279421,0.5166768431663513,0.4942283034324646,0.005299234762787819,0.515675961971283,0.49306952953338623,0.005685061682015657,0.5107730031013489,0.48834770917892456,0.007943246513605118,0.4927174150943756,0.46629562973976135,0.025071769952774048,0.5263999700546265,0.4198077321052551,-0.007562757935374975,0.5260156393051147,0.39634767174720764,0.002362302038818598,0.5234772562980652,0.3968685269355774,0.006280365400016308,0.5194433331489563,0.49633321166038513,0.005154571961611509,0.4952963888645172,0.48555803298950195,0.03478247672319412,0.5294393301010132,0.3978232145309448,-0.006557251792401075,0.5200490951538086,0.5225167274475098,0.00700780563056469,0.5312137007713318,0.43237584829330444,-0.026115238666534424,0.5277107954025269,0.42480534315109253,-0.01824232190847397,0.5325470566749573,0.42325177788734436,-0.021158035844564438,0.5209154486656189,0.44197776913642883,-0.011372730135917664,0.5358190536499023,0.5396556854248047,-0.0015227830735966563,0.5357818603515625,0.5301685929298401,-0.001901913434267044,0.5272340774536133,0.5283454060554504,0.0016187772853299975,0.5097637176513672,0.5061239004135132,0.01583266258239746,0.5126935243606567,0.4629663825035095,0.0031256340444087982,0.5145852565765381,0.5151772499084473,0.011711299419403076,0.5010325908660889,0.4607078433036804,0.009490333497524261,0.5082045793533325,0.47098568081855774,0.006165425758808851,0.4984036087989807,0.47352781891822815,0.016147203743457794,0.5254530310630798,0.5371021032333374,0.003178839571774006,0.5189919471740723,0.44634971022605896,-0.006062904838472605,0.506657063961029,0.5110971927642822,0.02295532450079918,0.5124160051345825,0.5207235813140869,0.017403529956936836,0.5053153038024902,0.495700865983963,0.017755072563886642,0.4912615716457367,0.4747121036052704,0.041173167526721954,0.5003621578216553,0.4956367313861847,0.025182081386446953,0.49242374300956726,0.47996118664741516,0.05634593963623047,0.5054740309715271,0.4813709557056427,0.01098661869764328,0.5224009156227112,0.4340296685695648,-0.007252819370478392,0.5188724994659424,0.4595733880996704,-0.019550807774066925,0.5172284841537476,0.4609515964984894,-0.012558365240693092,0.5198894143104553,0.45424357056617737,-0.024537857621908188,0.521198034286499,0.38568902015686035,0.0018033533124253154,0.512304425239563,0.3785301446914673,0.003179028630256653,0.5045912861824036,0.3770813047885895,0.006144705694168806,0.4987936317920685,0.3790733814239502,0.010880066081881523,0.4956161379814148,0.383279412984848,0.01610231027007103,0.4955426752567291,0.4001719355583191,0.026384642347693443,0.4857747256755829,0.4270937740802765,0.05863052234053612,0.49937546253204346,0.415935218334198,0.020864563062787056,0.5042697191238403,0.4199100136756897,0.015685109421610832,0.5111638903617859,0.41956815123558044,0.011257042177021503,0.5176349878311157,0.4169590473175049,0.007970300503075123,0.5220838785171509,0.41411590576171875,0.00590028241276741,0.5249518752098083,0.41180577874183655,0.004301529377698898,0.491547167301178,0.42635679244995117,0.08088510483503342,0.5181326270103455,0.4629044830799103,-0.009704751893877983,0.5233353972434998,0.4368790090084076,-0.016964752227067947,0.5213193297386169,0.46053364872932434,-0.02539503388106823,0.5250337719917297,0.46465685963630676,-0.023899899795651436,0.5222161412239075,0.4617959260940552,-0.022474857047200203,0.5199651718139648,0.465317964553833,-0.008284459821879864,0.5256735682487488,0.4655963182449341,-0.02566179633140564,0.5271908044815063,0.4673617482185364,-0.018917622044682503,0.5249602794647217,0.4035007059574127,0.0069610485807061195,0.5271523594856262,0.40698593854904175,0.002340304432436824,0.5279889106750488,0.41016241908073425,-0.0021948888897895813,0.5003805160522461,0.397763192653656,0.018033059313893318,0.49727654457092285,0.3921777009963989,0.019117871299386024,0.5365516543388367,0.43368127942085266,-0.025820685550570488,0.584510862827301,0.41170021891593933,-0.0061538852751255035,0.537569522857666,0.4665905833244324,-0.02127968892455101,0.6175464987754822,0.37491822242736816,0.014103825204074383,0.5651754140853882,0.4180489182472229,-0.007679105270653963,0.570946216583252,0.4187142848968506,-0.008781736716628075,0.5772468447685242,0.41880157589912415,-0.008614135906100273,0.5878473520278931,0.41484272480010986,-0.005813636351376772,0.5607240200042725,0.4164908826351166,-0.005371996201574802,0.5743510723114014,0.39130523800849915,-0.012578566558659077,0.5675867795944214,0.39275479316711426,-0.010453862138092518,0.5812674760818481,0.39299288392066956,-0.012005898170173168,0.5862502455711365,0.397264689207077,-0.010397437028586864,0.5929481983184814,0.4206736087799072,-0.0036366006825119257,0.559494137763977,0.5338087677955627,-0.001148334238678217,0.5879451632499695,0.40931105613708496,-0.00479143625125289,0.618336021900177,0.4133268892765045,0.017226209864020348,0.60210782289505,0.4151996076107025,0.0003987173840869218,0.5673775672912598,0.4534950852394104,-0.011982625350356102,0.544233500957489,0.48794764280319214,-0.016937462612986565,0.543789803981781,0.49743780493736267,-0.013757985085248947,0.5526615381240845,0.49091994762420654,-0.015690697357058525,0.5585585236549377,0.49379390478134155,-0.012883919291198254,0.5506211519241333,0.4975348711013794,-0.013356572948396206,0.5562140941619873,0.49785852432250977,-0.010558690875768661,0.5658556818962097,0.506382942199707,-0.004636869300156832,0.5341078639030457,0.46243909001350403,-0.03154595196247101,0.5345779657363892,0.4539916217327118,-0.03379726782441139,0.595698356628418,0.39116498827934265,-0.011021473444998264,0.5551114082336426,0.43163231015205383,-0.010699172504246235,0.5522500872612,0.4591321051120758,-0.02123235911130905,0.553321897983551,0.4542047083377838,-0.019785990938544273,0.5881627798080444,0.45254772901535034,-0.009755951352417469,0.5354756712913513,0.44306260347366333,-0.031035123392939568,0.5767986178398132,0.38049840927124023,-0.016858553513884544,0.5873793959617615,0.3837346136569977,-0.014674533158540726,0.608174204826355,0.3592708706855774,0.003937536384910345,0.5487899780273438,0.39057227969169617,-0.014880439266562462,0.5620935559272766,0.39728978276252747,-0.007189836818724871,0.5704771280288696,0.49828973412513733,-0.005360578652471304,0.612549364566803,0.49239251017570496,0.03762505576014519,0.5479678511619568,0.4640929102897644,-0.017611505463719368,0.5428776144981384,0.4666769504547119,-0.016136152669787407,0.5665904879570007,0.4983837902545929,-0.004908307455480099,0.5650362968444824,0.4985599219799042,-0.005634461063891649,0.59178626537323,0.3785419464111328,-0.012931201606988907,0.5533885955810547,0.46248140931129456,-0.01778162270784378,0.5640760660171509,0.382310688495636,-0.017033414915204048,0.5648400783538818,0.3753111958503723,-0.018664725124835968,0.5761081576347351,0.33924585580825806,-0.012217066250741482,0.5998823046684265,0.36848384141921997,-0.0058868154883384705,0.5700517296791077,0.3561192452907562,-0.01571601815521717,0.6012491583824158,0.38785144686698914,-0.007170829921960831,0.6089814901351929,0.38119009137153625,0.002672042930498719,0.544091522693634,0.49315711855888367,-0.016112545505166054,0.5516100525856018,0.49446430802345276,-0.014812023378908634,0.5574027299880981,0.49586325883865356,-0.012182100676000118,0.546732485294342,0.46552103757858276,-0.015595589764416218,0.5657829642295837,0.49847662448883057,-0.005214691162109375,0.5619286894798279,0.501079797744751,-0.0072453999891877174,0.5641684532165527,0.4986630976200104,-0.0055730692110955715,0.5433485507965088,0.4620855748653412,-0.025436190888285637,0.5553447008132935,0.49918630719184875,-0.009074268862605095,0.5498014688491821,0.49944889545440674,-0.01042376272380352,0.5435537695884705,0.4998439848423004,-0.010859234258532524,0.5442256331443787,0.5218679904937744,-0.004392024129629135,0.5442856550216675,0.5149611234664917,-0.010418111458420753,0.5439492464065552,0.5093602538108826,-0.011523686349391937,0.5436810255050659,0.5039421319961548,-0.010448109358549118,0.5434072017669678,0.49972257018089294,-0.009973214939236641,0.5552661418914795,0.4991982579231262,-0.008381017483770847,0.5562562942504883,0.5010842084884644,-0.008942964486777782,0.5574239492416382,0.5037730932235718,-0.009824125096201897,0.5583759546279907,0.5068041086196899,-0.009087515994906425,0.561462938785553,0.48409828543663025,-0.012166998349130154,0.6225022673606873,0.4500539004802704,0.04267435520887375,0.5595969557762146,0.49900439381599426,-0.0067376927472651005,0.5606892108917236,0.4999358057975769,-0.007121591363102198,0.5408070087432861,0.4699130654335022,-0.01617332361638546,0.5520568490028381,0.4672813415527344,-0.012351687066257,0.5417768359184265,0.4683907926082611,-0.016249528154730797,0.5620052814483643,0.4365282356739044,-0.010245506651699543,0.5724267959594727,0.4424572288990021,-0.010753802955150604,0.5550825595855713,0.45778268575668335,-0.016510481014847755,0.5948741436004639,0.3469776213169098,-0.005480322986841202,0.5874980688095093,0.35971924662590027,-0.011852137744426727,0.5792766213417053,0.3738250732421875,-0.0167685654014349,0.5600795149803162,0.512578010559082,-0.005630536004900932,0.5501810908317566,0.3790264427661896,-0.017744185402989388,0.5535723567008972,0.3560783863067627,-0.01599320024251938,0.5576924085617065,0.33594462275505066,-0.013581585139036179,0.5836299061775208,0.41779935359954834,-0.007338407915085554,0.600106418132782,0.4273710548877716,-0.0017457845387980342,0.5578542947769165,0.41478589177131653,-0.004002209287136793,0.593843936920166,0.4028439223766327,-0.006950462237000465,0.5501981377601624,0.4262430667877197,-0.011920109391212463,0.5471128225326538,0.45649564266204834,-0.026080608367919922,0.6085819005966187,0.4306547939777374,0.0029759621247649193,0.5936295390129089,0.4328680634498596,-0.005942390765994787,0.5834954380989075,0.43512868881225586,-0.009165125899016857,0.570827841758728,0.4331078827381134,-0.008813690394163132,0.5624313950538635,0.42940187454223633,-0.007969695143401623,0.5562202334403992,0.42542555928230286,-0.007818849757313728,0.540064811706543,0.4152383506298065,-0.016012046486139297,0.6066185235977173,0.44883644580841064,0.002021585125476122,0.5997651219367981,0.40238142013549805,-0.005596655886620283,0.5332009792327881,0.4665899872779846,-0.02843654155731201,0.5536118149757385,0.4403555989265442,-0.012786082923412323,0.625103771686554,0.41145628690719604,0.03600255772471428,0.551284909248352,0.420939564704895,-0.007670992519706488,0.5567741394042969,0.45791542530059814,-0.010672055184841156,0.5910717248916626,0.40960562229156494,-0.004266079980880022,0.5482734441757202,0.45045673847198486,-0.024133753031492233,0.6189942955970764,0.47076645493507385,0.04158494621515274,0.5587442517280579,0.41226983070373535,-0.0029573566280305386,0.5417673587799072,0.44592854380607605,-0.02878752537071705,0.5912257432937622,0.5146519541740417,0.011626445688307285,0.5933584570884705,0.5234339237213135,0.02245287224650383,0.6169962286949158,0.45003414154052734,0.02155660092830658,0.6010125875473022,0.5027509927749634,0.016082163900136948,0.6143195629119873,0.3960198760032654,0.011399460025131702,0.5612476468086243,0.5419737696647644,0.0021744994446635246,0.5336992144584656,0.46822816133499146,-0.020313506945967674,0.5596900582313538,0.44652312994003296,-0.011599959805607796,0.6096064448356628,0.4176390767097473,0.004724158905446529,0.5764545798301697,0.41374117136001587,-0.008127164095640182,0.5708648562431335,0.41382503509521484,-0.008316684514284134,0.5630971789360046,0.5024572014808655,-0.006692447233945131,0.6053252220153809,0.46596601605415344,0.005118358414620161,0.5504980087280273,0.5520690679550171,0.006905333139002323,0.5716115236282349,0.541878342628479,0.012517306953668594,0.5815138220787048,0.5345702171325684,0.016656942665576935,0.5663249492645264,0.41338834166526794,-0.007171381264925003,0.5624629855155945,0.41275301575660706,-0.005262158811092377,0.5599901676177979,0.41260337829589844,-0.0034092748537659645,0.6063842177391052,0.4011865258216858,-0.0008942832937464118,0.5637507438659668,0.40370607376098633,-0.006733291782438755,0.5684620141983032,0.3995915651321411,-0.00895828939974308,0.5736029744148254,0.39854300022125244,-0.010031486861407757,0.5794094204902649,0.4002816677093506,-0.009827067144215107,0.5833518505096436,0.4036157727241516,-0.008610403165221214,0.6228249073028564,0.39137327671051025,0.02606304921209812,0.5808784365653992,0.41295719146728516,-0.0072066811844706535,0.5546783208847046,0.4793906807899475,-0.013744920492172241,0.5474864840507507,0.46295490860939026,-0.019680986180901527,0.5417858958244324,0.47696417570114136,-0.016003677621483803,0.5812267065048218,0.5257066488265991,0.009090631268918514,0.5715752840042114,0.534004807472229,0.006056196056306362,0.5493783354759216,0.5472291707992554,-0.00029014452593401074,0.6035029888153076,0.5101199150085449,0.030337365344166756,0.5603400468826294,0.409138023853302,-0.0045523312874138355,0.5435675978660583,0.42927566170692444,-0.018520547077059746,0.5613217949867249,0.5481129884719849,0.008225209079682827,0.6142499446868896,0.4689040184020996,0.02212594635784626,0.549690842628479,0.4993792176246643,-0.009609522297978401,0.5504994988441467,0.5025893449783325,-0.01024685800075531,0.5512461066246033,0.5067571997642517,-0.011305741034448147,0.5518074035644531,0.5116777420043945,-0.010501180775463581,0.5529128313064575,0.5180554389953613,-0.006206447724252939,0.5609745383262634,0.4981131851673126,-0.008108383044600487,0.5621805191040039,0.4971619248390198,-0.00873248279094696,0.563226580619812,0.4961332678794861,-0.009221196174621582,0.5670538544654846,0.49049633741378784,-0.009456592611968517,0.5941568613052368,0.4708637595176697,-0.00398084195330739,0.5450519919395447,0.42018935084342957,-0.01355576328933239,0.5523102879524231,0.40468457341194153,-0.005296492017805576,0.5572863221168518,0.40569135546684265,-0.004662146791815758,0.5597125291824341,0.49897053837776184,-0.007171989418566227,0.5961332321166992,0.49104711413383484,0.005426983814686537,0.5444697141647339,0.40410465002059937,-0.01114332303404808,0.5565446019172668,0.5255598425865173,-0.0032016995828598738,0.5383052229881287,0.4250227212905884,-0.02132302336394787,0.5479359030723572,0.4427562654018402,-0.01896035671234131,0.5459994673728943,0.5300027132034302,-0.0033123509492725134,0.5720123052597046,0.5100826025009155,-0.0021451276261359453,0.5624876618385315,0.46471014618873596,-0.010322760790586472,0.5651310682296753,0.5189350843429565,-0.0024498773273080587,0.5776880979537964,0.4638327360153198,-0.011561482213437557,0.5685632824897766,0.4734359681606293,-0.010647905059158802,0.583950936794281,0.4775436222553253,-0.007957078516483307,0.5478920936584473,0.5394116640090942,-0.003344176337122917,0.5527216792106628,0.4471741318702698,-0.015579192899167538,0.5781394839286804,0.5166110396385193,0.002505128737539053,0.5689794421195984,0.5257092714309692,0.0016739884158596396,0.5770317912101746,0.49957573413848877,-0.003925316967070103,0.6036971211433411,0.4803890883922577,0.008496076799929142,0.5863335132598877,0.5008814334869385,0.0003433372767176479,0.6097166538238525,0.4863695204257965,0.02116679772734642,0.5741184949874878,0.484340101480484,-0.009000055491924286,0.5485779047012329,0.4347129464149475,-0.015408417209982872,0.5449941158294678,0.46061334013938904,-0.02690429612994194,0.5501338243484497,0.46215182542800903,-0.02104332111775875,0.5409952998161316,0.45504167675971985,-0.030349384993314743,0.5565124154090881,0.39604097604751587,-0.008697490207850933,0.5659000873565674,0.3890886902809143,-0.012116733007133007,0.5749063491821289,0.38720035552978516,-0.013884047046303749,0.5832250714302063,0.3892018496990204,-0.013386152684688568,0.5898827910423279,0.3945961892604828,-0.011044749990105629,0.5955526232719421,0.4122924208641052,-0.0026646903716027737,0.6185625791549683,0.4316219687461853,0.019235961139202118,0.5882782936096191,0.4239993691444397,-0.005812683142721653,0.5802940130233765,0.4258764982223511,-0.007552511058747768,0.571446418762207,0.42533770203590393,-0.007879187352955341,0.563930332660675,0.4232948124408722,-0.007165929302573204,0.5584778785705566,0.4208226799964905,-0.005541957914829254,0.5544911623001099,0.41820085048675537,-0.00504710990935564,0.6243607401847839,0.4305048882961273,0.04104769229888916,0.5506625771522522,0.46405288577079773,-0.018015829846262932,0.5422495007514954,0.4374126195907593,-0.022886427119374275,0.5393528938293457,0.4614582359790802,-0.03002799302339554,0.5372070670127869,0.4655210077762604,-0.026591485366225243,0.5403478741645813,0.46283823251724243,-0.027239814400672913,0.5495086312294006,0.46639952063560486,-0.015256810002028942,0.5354533195495605,0.4661903381347656,-0.027852032333612442,0.535914957523346,0.46779394149780273,-0.02078104205429554,0.5559327602386475,0.4122566878795624,-0.0028245889116078615,0.5513166785240173,0.4135850667953491,-0.0050260224379599094,0.5475829839706421,0.41440823674201965,-0.00831063836812973,0.5858392715454102,0.40660855174064636,-0.007020704448223114,0.5900488495826721,0.4029625356197357,-0.007556322496384382,0.5044926404953003,0.3990178108215332,0.012329226359724998,0.5075845718383789,0.3986925482749939,0.012329226359724998,0.5050677061080933,0.39192214608192444,0.012329226359724998,0.5015142560005188,0.39944493770599365,0.012329226359724998,0.5040797591209412,0.40623682737350464,0.012329226359724998,0.5639220476150513,0.40621915459632874,-0.006820600014179945,0.5681174993515015,0.4062665104866028,-0.006820600014179945,0.5651736855506897,0.3990958333015442,-0.006820600014179945,0.5601268410682678,0.4062787890434265,-0.006820600014179945,0.5628141760826111,0.41354039311408997,-0.006820600014179945
2066.6666666666647,0.5317431688308716,0.48907536268234253,-0.01477956771850586,0.5227599740028381,0.46393343806266785,-0.030746804550290108,0.526770293712616,0.4712563753128052,-0.015555883757770061,0.5209982395172119,0.4341968894004822,-0.022480251267552376,0.5224365592002869,0.45523497462272644,-0.03306166082620621,0.5237048268318176,0.4433213472366333,-0.031235231086611748,0.5284950733184814,0.4133867919445038,-0.01715957187116146,0.4974007308483124,0.40280938148498535,0.01916525512933731,0.5301671028137207,0.3894157111644745,-0.013983311131596565,0.5300725102424622,0.3775976300239563,-0.015638921409845352,0.5324212908744812,0.33598455786705017,-0.011896179057657719,0.5316731333732605,0.4930609464645386,-0.013804241083562374,0.5318087339401245,0.49703508615493774,-0.011698969639837742,0.5321218371391296,0.4995090961456299,-0.00855898205190897,0.5320438146591187,0.49944618344306946,-0.007893205620348454,0.5317182540893555,0.5039442181587219,-0.008208750747144222,0.5314875245094299,0.5091989636421204,-0.009094181470572948,0.5314919352531433,0.5145148038864136,-0.007814532145857811,0.530636191368103,0.5225297808647156,-0.0017620804719626904,0.5239858031272888,0.468088835477829,-0.02760562114417553,0.5201923251152039,0.4672393500804901,-0.01822291873395443,0.48559683561325073,0.3725929260253906,0.05178061127662659,0.5125827789306641,0.4113715887069702,0.00857753399759531,0.5074066519737244,0.4123641848564148,0.010813227854669094,0.5023167729377747,0.4121761620044708,0.014070137403905392,0.4960467517375946,0.4050275981426239,0.021005813032388687,0.5165724754333496,0.4093175530433655,0.007289870176464319,0.5039358735084534,0.3831474184989929,0.008012537844479084,0.5100424289703369,0.3849901556968689,0.0056642028503119946,0.4985482394695282,0.3843991756439209,0.01176303531974554,0.4953458905220032,0.38823777437210083,0.015283930115401745,0.49274981021881104,0.41106903553009033,0.025158967822790146,0.5132670402526855,0.5296287536621094,0.012293278239667416,0.4956127107143402,0.39916881918907166,0.02163674309849739,0.4839096963405609,0.4082653522491455,0.056287091225385666,0.48854124546051025,0.40261757373809814,0.03264928609132767,0.5043308734893799,0.45136839151382446,0.005100537557154894,0.5247277021408081,0.4863995313644409,-0.01170707680284977,0.5256117582321167,0.4959969222545624,-0.008661667816340923,0.5184003114700317,0.4880927801132202,-0.005649021361023188,0.5143462419509888,0.49016234278678894,0.0006377311074174941,0.5206456780433655,0.49513956904411316,-0.004273520316928625,0.5168638825416565,0.4946848452091217,0.0011766342213377357,0.5093991756439209,0.5039471387863159,0.012576769106090069,0.5184314846992493,0.4633987545967102,-0.029051203280687332,0.51735520362854,0.4550342559814453,-0.03092058189213276,0.48897603154182434,0.3773149847984314,0.019179992377758026,0.5155190825462341,0.4304502010345459,7.430158439092338e-05,0.5104302763938904,0.4587382972240448,-0.010577625595033169,0.5108897686004639,0.4537380039691925,-0.008837852627038956,0.49071359634399414,0.44839251041412354,0.01809154450893402,0.5189423561096191,0.44392240047454834,-0.027583638206124306,0.49839168787002563,0.36861252784729004,0.0038041193038225174,0.49244049191474915,0.3711448013782501,0.011390108615159988,0.4876041114330292,0.35856693983078003,0.037524621933698654,0.5199592113494873,0.37977898120880127,-0.008592372760176659,0.5151442885398865,0.38965341448783875,0.005807051435112953,0.5055687427520752,0.49570396542549133,0.015091575682163239,0.49534350633621216,0.48343586921691895,0.07446037232875824,0.5145650506019592,0.46398207545280457,-0.009641669690608978,0.5184537768363953,0.4670334756374359,-0.01200888678431511,0.509694516658783,0.49372628331184387,0.012983633205294609,0.5111175179481506,0.49417826533317566,0.010283222422003746,0.49038976430892944,0.3641728162765503,0.014777764678001404,0.511242151260376,0.46194788813591003,-0.007319631986320019,0.507142186164856,0.37062305212020874,-0.003071472281590104,0.5060319304466248,0.3628992736339569,-0.004402820952236652,0.5023703575134277,0.34036484360694885,0.0063734534196555614,0.48797503113746643,0.3672078847885132,0.02450512908399105,0.5033897161483765,0.3566243052482605,0.0005496761295944452,0.4869064390659332,0.37238600850105286,0.02506263367831707,0.48544928431510925,0.37845486402511597,0.03745385631918907,0.5249168872833252,0.4916144907474518,-0.010778606869280338,0.5194336175918579,0.49183210730552673,-0.005174899008125067,0.5154787302017212,0.49245119094848633,0.00038091398891992867,0.5159268379211426,0.4654815196990967,-0.00908760353922844,0.5104036331176758,0.4939591884613037,0.011429899372160435,0.512619137763977,0.49733495712280273,0.006975171621888876,0.5118735432624817,0.49445223808288574,0.009885799139738083,0.5151064991950989,0.4623517394065857,-0.01814025454223156,0.5180709362030029,0.49629226326942444,0.0020872887689620256,0.521811306476593,0.4973721504211426,-0.0018561789765954018,0.5265197157859802,0.4985834062099457,-0.005651445593684912,0.5237603187561035,0.5212230682373047,0.0006148541579023004,0.5245547890663147,0.5131957530975342,-0.005154349375516176,0.5247712731361389,0.5077818036079407,-0.006127162836492062,0.5254781246185303,0.5026373267173767,-0.00516907311975956,0.526401937007904,0.49855729937553406,-0.00494124973192811,0.517930805683136,0.4964812397956848,0.002614173572510481,0.5166650414466858,0.49828559160232544,0.002078037476167083,0.5152787566184998,0.5008193850517273,0.0016305629396811128,0.514254629611969,0.5038022994995117,0.0031974096782505512,0.5083706974983215,0.48261576890945435,0.0029876618646085262,0.49062055349349976,0.44245943427085876,0.08256523311138153,0.5252748131752014,0.46978363394737244,-0.019835105165839195,0.5151909589767456,0.49558398127555847,0.006895169615745544,0.5138623714447021,0.49636781215667725,0.006586567498743534,0.5202333927154541,0.470368355512619,-0.01198489498347044,0.5136165618896484,0.4667119085788727,-0.003943240270018578,0.5193326473236084,0.46879279613494873,-0.012228571809828281,0.5104733109474182,0.43478521704673767,0.004305759910494089,0.5018439888954163,0.43984493613243103,0.00899468082934618,0.5109146237373352,0.45707452297210693,-0.005212292540818453,0.4925115704536438,0.34752053022384644,0.021655231714248657,0.49344953894615173,0.35949376225471497,0.012437294237315655,0.4967186450958252,0.3610703945159912,0.005113943479955196,0.5128212571144104,0.5102892518043518,0.0086442856118083,0.5179787874221802,0.3672639727592468,-0.011056565679609776,0.5155550837516785,0.35660064220428467,-0.008133961819112301,0.5152308344841003,0.33691683411598206,-0.00507222069427371,0.4982469379901886,0.40963321924209595,0.017934836447238922,0.488489031791687,0.41695481538772583,0.030346138402819633,0.5189480781555176,0.40720540285110474,0.007184193469583988,0.4915257394313812,0.39142313599586487,0.02224653773009777,0.5186476111412048,0.4254339337348938,-0.0034497270826250315,0.5118178129196167,0.45653387904167175,-0.017503174021840096,0.4831129014492035,0.42528751492500305,0.03930474817752838,0.49036526679992676,0.42508578300476074,0.024354631081223488,0.495613157749176,0.4299646317958832,0.016733305528759956,0.5049415826797485,0.428742915391922,0.010895416140556335,0.5120417475700378,0.4248868227005005,0.006973840296268463,0.5168530344963074,0.421230286359787,0.0032494370825588703,0.5238201022148132,0.4151756763458252,-0.012849614955484867,0.4830470085144043,0.4428406059741974,0.038524385541677475,0.48847246170043945,0.38928109407424927,0.02637583389878273,0.5212209224700928,0.46761539578437805,-0.0263263750821352,0.5148125290870667,0.43955758213996887,-0.002171795815229416,0.48737239837646484,0.406252920627594,0.07658480852842331,0.5204025506973267,0.4173739552497864,0.0008052880293689668,0.5116550326347351,0.45699408650398254,0.0006156964227557182,0.49413901567459106,0.3985424041748047,0.02344396337866783,0.512725293636322,0.4504120945930481,-0.015472912229597569,0.4924238920211792,0.4622538983821869,0.08021939545869827,0.5188480615615845,0.4040215015411377,0.00867873802781105,0.5154489278793335,0.4462750256061554,-0.02255568839609623,0.49787434935569763,0.5067968368530273,0.04013066366314888,0.5014503598213196,0.5145521759986877,0.05115063488483429,0.4839940369129181,0.44296032190322876,0.06119335815310478,0.4931855797767639,0.4946886897087097,0.0491439513862133,0.4845455586910248,0.3922414779663086,0.04865488037467003,0.5130385160446167,0.5368531942367554,0.01676245406270027,0.5229606628417969,0.4693271815776825,-0.018852248787879944,0.5107706189155579,0.4451870918273926,0.001632928499020636,0.48595964908599854,0.4030797779560089,0.04020300880074501,0.5026784539222717,0.40697816014289856,0.01411691214889288,0.5073003172874451,0.4075007736682892,0.01132984273135662,0.5115910172462463,0.49856725335121155,0.008520076051354408,0.4849884510040283,0.4593568444252014,0.040772002190351486,0.5223567485809326,0.548884391784668,0.015693867579102516,0.5107670426368713,0.5348511338233948,0.031992994248867035,0.5065972805023193,0.5263192057609558,0.04051952809095383,0.530879557132721,0.35704487562179565,-0.014187292195856571,0.5330148339271545,0.5522167682647705,0.01035396195948124,0.5116497278213501,0.4066576361656189,0.009457054547965527,0.5155719518661499,0.4051699936389923,0.00886937789618969,0.5178946852684021,0.40442416071891785,0.009166714735329151,0.4861510097980499,0.3865312337875366,0.03346623107790947,0.5145167112350464,0.39799126982688904,0.007883722893893719,0.5100663900375366,0.3952254056930542,0.00812841858714819,0.5052362680435181,0.3943273425102234,0.009967529214918613,0.5007119178771973,0.3950185775756836,0.01296058390289545,0.498003214597702,0.39676618576049805,0.015790540724992752,0.48538345098495483,0.3876628577709198,0.06570464372634888,0.4995551109313965,0.40528738498687744,0.016935229301452637,0.5275689959526062,0.47740817070007324,-0.013917139731347561,0.512136697769165,0.4787026345729828,-0.0022173502948135138,0.5139688849449158,0.46290716528892517,-0.012124918401241302,0.520281970500946,0.47731631994247437,-0.0109280776232481,0.5300940871238708,0.4011099934577942,-0.013401394709944725,0.5032533407211304,0.5181593298912048,0.03262266144156456,0.508067786693573,0.5273202061653137,0.025035126134753227,0.520527184009552,0.5444507002830505,0.008425517939031124,0.4982086420059204,0.5012268424034119,0.06371811032295227,0.5173888802528381,0.40175387263298035,0.008359192870557308,0.5195120573043823,0.4291961193084717,-0.012869428843259811,0.531506359577179,0.5477073192596436,0.0033819605596363544,0.5154772400856018,0.5427528023719788,0.02312523126602173,0.4861905872821808,0.4610535502433777,0.060507725924253464,0.521693229675293,0.4974783658981323,-0.001223777886480093,0.5204195380210876,0.5005803108215332,-0.0015989139210432768,0.5193714499473572,0.5045983791351318,-0.0021145592909306288,0.5187086462974548,0.5095000863075256,-0.000888506299816072,0.5173696875572205,0.5164854526519775,0.004380882252007723,0.5139040946960449,0.4943249225616455,0.006194357294589281,0.5125871896743774,0.4931589663028717,0.0067740329541265965,0.5115876793861389,0.49193495512008667,0.007157338783144951,0.5060298442840576,0.48848864436149597,0.009377012960612774,0.48895496129989624,0.46544724702835083,0.02647879533469677,0.5213286280632019,0.4198068380355835,-0.00781284086406231,0.5219212174415588,0.39742544293403625,0.00206205016002059,0.5193454027175903,0.3979887366294861,0.006090454291552305,0.5153278708457947,0.49543070793151855,0.006597230210900307,0.4916103780269623,0.4844798147678375,0.03650369122624397,0.525226354598999,0.3987957835197449,-0.0070463018491864204,0.5153636336326599,0.5225735306739807,0.00857235211879015,0.5253818035125732,0.4332215487957001,-0.026373788714408875,0.522220253944397,0.42527323961257935,-0.018554892390966415,0.5269061923027039,0.4237816631793976,-0.02161574363708496,0.5156770944595337,0.44245675206184387,-0.011143893003463745,0.5307449698448181,0.5399883389472961,-0.0002147941995644942,0.5306907892227173,0.5305878520011902,-0.0007925992831587791,0.522325873374939,0.5286245942115784,0.002951880684122443,0.5053715705871582,0.5058372616767883,0.0175569299608469,0.5077970623970032,0.4631684720516205,0.0039102304726839066,0.5100606679916382,0.5150432586669922,0.013409151695668697,0.4968014657497406,0.4604526460170746,0.010521496646106243,0.5035937428474426,0.47104984521865845,0.007241533603519201,0.4943404793739319,0.47304537892341614,0.017517048865556717,0.5205875039100647,0.537257194519043,0.004757328424602747,0.51390141248703,0.44665876030921936,-0.0056635052897036076,0.5025530457496643,0.5104868412017822,0.024836987257003784,0.5080701112747192,0.5203048586845398,0.019268544390797615,0.5010141730308533,0.49534785747528076,0.01943090744316578,0.4877709448337555,0.4733816981315613,0.04284480959177017,0.49641284346580505,0.4949001669883728,0.026943059638142586,0.4891778230667114,0.47823598980903625,0.058124471455812454,0.5010407567024231,0.48123177886009216,0.012332477606832981,0.5173127055168152,0.4342362880706787,-0.007138009648770094,0.5132521986961365,0.4607461094856262,-0.019058793783187866,0.5117877721786499,0.4618796110153198,-0.011973784305155277,0.5140631198883057,0.45549076795578003,-0.024177802726626396,0.5175842642784119,0.38693559169769287,0.001561686978675425,0.5090445280075073,0.37986117601394653,0.003026569727808237,0.5015383362770081,0.37822777032852173,0.006128719542175531,0.49580875039100647,0.3799518346786499,0.011008506640791893,0.49250882863998413,0.38399407267570496,0.016314797103405,0.49177801609039307,0.4004426598548889,0.026815854012966156,0.4832126200199127,0.42544081807136536,0.05956308916211128,0.4948052167892456,0.4159136414527893,0.021444685757160187,0.4994369149208069,0.41980403661727905,0.016161924228072166,0.50616455078125,0.41975075006484985,0.011597318574786186,0.5125961303710938,0.41740351915359497,0.00821308046579361,0.517133891582489,0.41470780968666077,0.005894209258258343,0.5201224088668823,0.4124838411808014,0.004195231944322586,0.48956024646759033,0.42417263984680176,0.08175230771303177,0.5127013921737671,0.4637434780597687,-0.009117099456489086,0.5178514719009399,0.43753868341445923,-0.01688968390226364,0.5154224038124084,0.4618634283542633,-0.02499915286898613,0.5191425085067749,0.4659367799758911,-0.023522324860095978,0.5164182186126709,0.46307167410850525,-0.022061916068196297,0.5144895315170288,0.4661315381526947,-0.007732870988547802,0.5197491645812988,0.46692436933517456,-0.025287704542279243,0.5213348865509033,0.46861180663108826,-0.01852652244269848,0.5205086469650269,0.4045180678367615,0.006776368711143732,0.5225379467010498,0.40782785415649414,0.0020766672678291798,0.523246705532074,0.4107518792152405,-0.002528862562030554,0.49650540947914124,0.3981960713863373,0.018415503203868866,0.4937311112880707,0.39265286922454834,0.01951492950320244,0.5307613015174866,0.4345124363899231,-0.026214657351374626,0.5790632367134094,0.41238144040107727,-0.007832174189388752,0.531815767288208,0.4679218828678131,-0.02110803686082363,0.6130438446998596,0.3734591007232666,0.01054717693477869,0.559586226940155,0.41913092136383057,-0.008760384283959866,0.5656135082244873,0.4198180139064789,-0.010043672285974026,0.5720147490501404,0.4195390045642853,-0.01006842777132988,0.5823758840560913,0.4150635302066803,-0.007571341935545206,0.5548494458198547,0.417257159948349,-0.006386701948940754,0.568891167640686,0.3910346031188965,-0.01404584664851427,0.561822772026062,0.3923853039741516,-0.011736227199435234,0.5759949684143066,0.39293354749679565,-0.013673513196408749,0.5810407996177673,0.3973700702190399,-0.012164084240794182,0.5878664255142212,0.4203698933124542,-0.005467002745717764,0.5546852350234985,0.5342051982879639,-0.00029725790955126286,0.5823743343353271,0.40963995456695557,-0.006602172739803791,0.6143254041671753,0.411967396736145,0.01457675825804472,0.5972714424133301,0.41445615887641907,-0.0017848265124484897,0.5622771382331848,0.4537065923213959,-0.012573597021400928,0.5397098064422607,0.48745959997177124,-0.01641228049993515,0.5392414331436157,0.4970046281814575,-0.013047351501882076,0.5481446981430054,0.49051979184150696,-0.015307177789509296,0.553989052772522,0.4933042526245117,-0.012533572502434254,0.5460437536239624,0.4971788227558136,-0.012766622938215733,0.5516018867492676,0.4974391758441925,-0.01001612190157175,0.5609853863716125,0.5069520473480225,-0.004176230635493994,0.5279790759086609,0.46395251154899597,-0.03142554312944412,0.5284538865089417,0.45546966791152954,-0.033799123018980026,0.5908629894256592,0.39065784215927124,-0.013399208895862103,0.5499870777130127,0.43146899342536926,-0.011451021768152714,0.5467185378074646,0.46026015281677246,-0.021481940522789955,0.5479192137718201,0.4550977349281311,-0.020101170986890793,0.5832223296165466,0.4523470401763916,-0.010910839773714542,0.5294745564460754,0.44425541162490845,-0.031247718259692192,0.5717944502830505,0.3800811767578125,-0.018817055970430374,0.5824586749076843,0.3833101987838745,-0.016943689435720444,0.6032360196113586,0.3582068383693695,0.0004488523700274527,0.5435144305229187,0.3898618221282959,-0.016037533059716225,0.556046187877655,0.3970482349395752,-0.00831044651567936,0.5656029582023621,0.498840868473053,-0.005170866847038269,0.6092743873596191,0.4908921420574188,0.036345817148685455,0.542427122592926,0.46531933546066284,-0.017709458246827126,0.5373258590698242,0.4678298830986023,-0.016041338443756104,0.5618655681610107,0.49755358695983887,-0.004558659624308348,0.5603126883506775,0.49781811237335205,-0.005182134453207254,0.5870521068572998,0.3779628872871399,-0.01540267001837492,0.5479989647865295,0.4634927809238434,-0.01797063648700714,0.5589651465415955,0.38177481293678284,-0.018632257357239723,0.5597845911979675,0.3748801648616791,-0.020402146503329277,0.5707147121429443,0.33911070227622986,-0.01492997631430626,0.594700038433075,0.3679162263870239,-0.008673112839460373,0.5644999146461487,0.35624372959136963,-0.01781708188354969,0.5966543555259705,0.3870992064476013,-0.00975356251001358,0.604232132434845,0.3802650272846222,-0.00019159482326358557,0.5395737290382385,0.49264103174209595,-0.015489128418266773,0.547080934047699,0.4940539598464966,-0.014307141304016113,0.5528231859207153,0.49538910388946533,-0.011716178618371487,0.5412400960922241,0.4666970372200012,-0.015640700235962868,0.5610548853874207,0.497688353061676,-0.004809098783880472,0.557256817817688,0.5004255175590515,-0.006726295221596956,0.559464156627655,0.4979662597179413,-0.005122957285493612,0.5375185012817383,0.4635181128978729,-0.025544842705130577,0.550675094127655,0.498826801776886,-0.008488442748785019,0.5451533198356628,0.4991644024848938,-0.009786010719835758,0.5389429926872253,0.4994783103466034,-0.010127582587301731,0.539162814617157,0.5224858522415161,-0.0036327994894236326,0.5394784212112427,0.5140418410301208,-0.00976809673011303,0.5392463207244873,0.5086389780044556,-0.010931448079645634,0.5390574336051941,0.5034576058387756,-0.009919757954776287,0.5388453006744385,0.49938374757766724,-0.009464508853852749,0.5506742000579834,0.4988630712032318,-0.007940607145428658,0.5516030192375183,0.5006341338157654,-0.00846349261701107,0.5527041554450989,0.5032079219818115,-0.00924878939986229,0.553580105304718,0.506134569644928,-0.00847242958843708,0.5563294291496277,0.4849076271057129,-0.012068047188222408,0.6192247867584229,0.44813546538352966,0.04023505374789238,0.5549699068069458,0.4985203444957733,-0.006283365655690432,0.5560511350631714,0.49937278032302856,-0.0066285994835197926,0.5352263450622559,0.4710347354412079,-0.015977593138813972,0.5467787981033325,0.46824023127555847,-0.012394165620207787,0.5362066626548767,0.469525545835495,-0.016114376485347748,0.5568553805351257,0.43630561232566833,-0.01104016788303852,0.5672838687896729,0.44228366017341614,-0.011728180572390556,0.5497803688049316,0.4585860073566437,-0.016791855916380882,0.5896275043487549,0.34637632966041565,-0.008659935556352139,0.5820346474647522,0.35951632261276245,-0.014345145784318447,0.5743917226791382,0.3734046518802643,-0.01889210380613804,0.5551523566246033,0.5132017135620117,-0.0050133150070905685,0.5449575185775757,0.3784637153148651,-0.019099140539765358,0.5480983257293701,0.35632821917533875,-0.017688434571027756,0.552320122718811,0.33607715368270874,-0.015807081013917923,0.578300416469574,0.4182831048965454,-0.00897358451038599,0.5954622626304626,0.4267960488796234,-0.003660199698060751,0.5517277121543884,0.4153355062007904,-0.004984172061085701,0.5887152552604675,0.40267932415008545,-0.009039755910634995,0.545039176940918,0.42616215348243713,-0.012675050646066666,0.5413709878921509,0.45780566334724426,-0.026298029348254204,0.604215145111084,0.4297555983066559,0.0009113412234000862,0.5888428688049316,0.43238943815231323,-0.007605982944369316,0.5785245895385742,0.4347888231277466,-0.010508098639547825,0.5655977129936218,0.43299975991249084,-0.009924584999680519,0.5570008158683777,0.4294453263282776,-0.008899826556444168,0.5506407618522644,0.42550691962242126,-0.008689810521900654,0.5346587896347046,0.41536447405815125,-0.016768034547567368,0.6022436618804932,0.44808483123779297,0.00027543751639313996,0.5949317812919617,0.4017803370952606,-0.007921038195490837,0.527234673500061,0.46801048517227173,-0.028238795697689056,0.5484317541122437,0.44056379795074463,-0.013327938504517078,0.621523380279541,0.40957239270210266,0.03277522698044777,0.5456257462501526,0.4210907816886902,-0.008509608916938305,0.5515913963317871,0.4585273265838623,-0.01092253066599369,0.5855996608734131,0.40967875719070435,-0.006167702842503786,0.542681872844696,0.45148125290870667,-0.024438776075839996,0.6157734990119934,0.46898937225341797,0.039643824100494385,0.5523875951766968,0.41273432970046997,-0.003979400731623173,0.5359649658203125,0.44704669713974,-0.029063722118735313,0.587012767791748,0.5143629312515259,0.011490412056446075,0.5895063877105713,0.5227421522140503,0.02226765640079975,0.6132831573486328,0.4487350583076477,0.01952134445309639,0.5970773100852966,0.5021357536315918,0.01546507515013218,0.6099801063537598,0.3948315680027008,0.00857287086546421,0.5564854145050049,0.542238712310791,0.003086543409153819,0.5278639197349548,0.46954262256622314,-0.020033173263072968,0.5545684695243835,0.44669923186302185,-0.012124522589147091,0.6051225662231445,0.41666802763938904,0.00236046826466918,0.5711709856987,0.4151324927806854,-0.009553249925374985,0.5654749870300293,0.4154627323150635,-0.00959334708750248,0.5583691596984863,0.5017198324203491,-0.006172358524054289,0.6010556221008301,0.46526870131492615,0.003784599481150508,0.5456448197364807,0.552045464515686,0.008115950971841812,0.5671987533569336,0.5416680574417114,0.013086439110338688,0.5773332118988037,0.534163773059845,0.016901474446058273,0.5606681108474731,0.4149094820022583,-0.00833418034017086,0.556475818157196,0.41388946771621704,-0.006347174756228924,0.5537745952606201,0.4133683443069458,-0.004475059453397989,0.6018567681312561,0.4002356231212616,-0.0033923189621418715,0.5575687289237976,0.403543084859848,-0.007875475101172924,0.5625420808792114,0.39929547905921936,-0.01022111251950264,0.5679517984390259,0.3983977138996124,-0.01144084706902504,0.5738800168037415,0.4003261625766754,-0.011395181529223919,0.577785313129425,0.4037873446941376,-0.010247047990560532,0.6188060641288757,0.38965412974357605,0.022585909813642502,0.5755355358123779,0.41399651765823364,-0.008773722685873508,0.5494086146354675,0.48034238815307617,-0.013657022267580032,0.5418456792831421,0.4642595946788788,-0.01979992911219597,0.5362920165061951,0.4781267046928406,-0.015721147879958153,0.57682204246521,0.5256597399711609,0.009400333277881145,0.567011296749115,0.5341242551803589,0.006685893051326275,0.5444693565368652,0.54757159948349,0.0009172201389446855,0.5999833941459656,0.5090399980545044,0.029597261920571327,0.5540049076080322,0.4093645215034485,-0.005649235565215349,0.538115382194519,0.42970186471939087,-0.01911221630871296,0.5566723942756653,0.5480539202690125,0.009107185527682304,0.6105921864509583,0.46771934628486633,0.020516028627753258,0.5451124310493469,0.4991111159324646,-0.009157664142549038,0.545836329460144,0.5021606683731079,-0.00976793747395277,0.5464929938316345,0.5061721205711365,-0.010719077661633492,0.5469427704811096,0.5109503269195557,-0.009848644025623798,0.5479023456573486,0.5186811089515686,-0.005507767200469971,0.556323230266571,0.4975433349609375,-0.007652762345969677,0.5575407147407532,0.4965410828590393,-0.008338653482496738,0.5586007237434387,0.4954884648323059,-0.008906383998692036,0.562043309211731,0.49117785692214966,-0.00937407836318016,0.5895300507545471,0.4705895185470581,-0.004912266042083502,0.5397685170173645,0.42023518681526184,-0.014320170506834984,0.5465024709701538,0.4046701490879059,-0.006247496698051691,0.551153302192688,0.40576842427253723,-0.005716385319828987,0.5550358295440674,0.49845871329307556,-0.006645834539085627,0.5918145179748535,0.49071401357650757,0.0047796498984098434,0.5389775037765503,0.40396326780319214,-0.01199004054069519,0.5516740679740906,0.5260463356971741,-0.0024102104362100363,0.5327131152153015,0.4255257546901703,-0.021901292726397514,0.5425052642822266,0.4433998465538025,-0.019382186233997345,0.5410074591636658,0.5305308699607849,-0.0023511378094553947,0.5672760009765625,0.5104863047599792,-0.0017894248012453318,0.5573912262916565,0.4652538001537323,-0.010627908632159233,0.5603581666946411,0.5193993449211121,-0.001817143871448934,0.572665810585022,0.4640207588672638,-0.01219688355922699,0.5635114908218384,0.47392886877059937,-0.010917381383478642,0.5791122913360596,0.4776354134082794,-0.008453885093331337,0.5429390072822571,0.5398926734924316,-0.0022685967851430178,0.5474416017532349,0.447703093290329,-0.015977777540683746,0.5735476016998291,0.516806423664093,0.002773878863081336,0.5642961263656616,0.5260081887245178,0.0023042636457830667,0.5722543001174927,0.49991706013679504,-0.003920844290405512,0.59953373670578,0.47975394129753113,0.007485633250325918,0.5817877650260925,0.5009092092514038,0.00013341127487365156,0.6060298681259155,0.48540255427360535,0.020005298778414726,0.5691606998443604,0.48474976420402527,-0.009223965927958488,0.5432782769203186,0.4350343346595764,-0.01598564349114895,0.5391545295715332,0.46205994486808777,-0.027064355090260506,0.5445297956466675,0.4634120762348175,-0.02119242027401924,0.5350373387336731,0.4564855992794037,-0.030548932030797005,0.5507703423500061,0.39567792415618896,-0.009839082136750221,0.5604159235954285,0.3887490928173065,-0.013561599887907505,0.5696274638175964,0.3870478570461273,-0.015551824122667313,0.5780258774757385,0.3891911804676056,-0.015291367657482624,0.5847155451774597,0.3945494592189789,-0.013122159987688065,0.5903964042663574,0.41197991371154785,-0.00470114266499877,0.6147415637969971,0.43027397990226746,0.0168586615473032,0.5831045508384705,0.42389023303985596,-0.007456079125404358,0.5751513242721558,0.42595037817955017,-0.008998962119221687,0.5661742687225342,0.4257340431213379,-0.009106206707656384,0.5584322214126587,0.42378708720207214,-0.00815577618777752,0.5527722239494324,0.4211626350879669,-0.006477739196270704,0.5486854314804077,0.4184475541114807,-0.0059115467593073845,0.6209872961044312,0.42854487895965576,0.038155365735292435,0.5451841950416565,0.4651971459388733,-0.018135856837034225,0.5366052985191345,0.43817052245140076,-0.02331736870110035,0.5333677530288696,0.4629981219768524,-0.030040545389056206,0.53135746717453,0.4669450521469116,-0.026452338322997093,0.5344599485397339,0.46430543065071106,-0.02724924311041832,0.544114887714386,0.4674878418445587,-0.015295637771487236,0.5295243859291077,0.4676262438297272,-0.027676718309521675,0.5301260948181152,0.46912142634391785,-0.02055426687002182,0.5497045516967773,0.41263601183891296,-0.0037760715931653976,0.5454575419425964,0.4137818515300751,-0.005880392622202635,0.5419126749038696,0.4145897328853607,-0.009149778634309769,0.5802359580993652,0.406819611787796,-0.008740215562283993,0.5847459435462952,0.40303805470466614,-0.00942039955407381,0.50103360414505,0.3991738557815552,0.012553835287690163,0.504148542881012,0.39902856945991516,0.012553835287690163,0.5018845200538635,0.3926095962524414,0.012553835287690163,0.498130738735199,0.3993603587150574,0.012553835287690163,0.5004104375839233,0.4058922231197357,0.012553835287690163,0.5578572750091553,0.40683284401893616,-0.008191225118935108,0.5622265338897705,0.40688464045524597,-0.008191225118935108,0.5591614246368408,0.3991290330886841,-0.008191225118935108,0.5539699196815491,0.40690770745277405,-0.008191225118935108,0.5568171143531799,0.4147847294807434,-0.008191225118935108
2099.999999999998,0.5264072418212891,0.48462599515914917,-0.014034486375749111,0.5166913270950317,0.46101513504981995,-0.030708810314536095,0.5210117101669312,0.46831831336021423,-0.015327740460634232,0.5151621103286743,0.43205463886260986,-0.022831669077277184,0.516342282295227,0.45243218541145325,-0.03315243124961853,0.5176794528961182,0.4408256709575653,-0.03150293231010437,0.5227290987968445,0.4120377004146576,-0.018067633733153343,0.49196475744247437,0.40321436524391174,0.019121581688523293,0.5244580507278442,0.3888532519340515,-0.015312230214476585,0.5243433713912964,0.3771771788597107,-0.01725040376186371,0.5267990231513977,0.3356293737888336,-0.014559375122189522,0.5263065695762634,0.4883417785167694,-0.013012266717851162,0.5264525413513184,0.49208763241767883,-0.010914660058915615,0.5268102288246155,0.49446383118629456,-0.007859577424824238,0.5268104076385498,0.4940660297870636,-0.0071359314024448395,0.5263893604278564,0.4983375370502472,-0.007506366353482008,0.5260701775550842,0.503368079662323,-0.008351379074156284,0.5260201096534729,0.5085649490356445,-0.007061999291181564,0.5255810022354126,0.518236517906189,-0.0008920847903937101,0.517979621887207,0.4651872515678406,-0.027515044435858727,0.5143960118293762,0.464253693819046,-0.0180572010576725,0.4811927378177643,0.37242749333381653,0.05125194787979126,0.5069711804389954,0.41171303391456604,0.008360353298485279,0.5019270777702332,0.41234511137008667,0.010714720003306866,0.49700719118118286,0.41191020607948303,0.014066611416637897,0.4907117784023285,0.40544235706329346,0.021117735654115677,0.5108755230903625,0.40985044836997986,0.006915056146681309,0.498606413602829,0.3841688632965088,0.007556626107543707,0.5046488046646118,0.3859248757362366,0.005039721727371216,0.4933176636695862,0.3854855000972748,0.011479918844997883,0.4901735186576843,0.38923150300979614,0.015129241161048412,0.48754769563674927,0.4107433557510376,0.025477031245827675,0.508477509021759,0.526337742805481,0.013813048601150513,0.49019119143486023,0.4000777006149292,0.021637871861457825,0.4799743890762329,0.40747079253196716,0.05682844668626785,0.48332929611206055,0.402792364358902,0.03294571489095688,0.4990019202232361,0.44874489307403564,0.005581182893365622,0.5194669961929321,0.48184695839881897,-0.010890108533203602,0.5202558636665344,0.4908273220062256,-0.007748949807137251,0.5133100152015686,0.48295679688453674,-0.004598935600370169,0.5093990564346313,0.4845344126224518,0.0020238880533725023,0.515410840511322,0.4896727204322815,-0.0031332941725850105,0.5117981433868408,0.48896658420562744,0.002592390403151512,0.5044424533843994,0.49868103861808777,0.01447492279112339,0.5124626755714417,0.4604121744632721,-0.02896307222545147,0.5114316940307617,0.4521770775318146,-0.03094407543540001,0.4837600886821747,0.3789488673210144,0.018946584314107895,0.5101304054260254,0.4286838471889496,6.128123004600639e-07,0.5050315260887146,0.45561105012893677,-0.010357974097132683,0.5056024193763733,0.45079660415649414,-0.008668032474815845,0.48539888858795166,0.4457562565803528,0.019027957692742348,0.5130513906478882,0.441383957862854,-0.027768006548285484,0.4932495951652527,0.3698863387107849,0.003042077412828803,0.4872637093067169,0.37278875708580017,0.010872302576899529,0.48305636644363403,0.35840141773223877,0.03654574975371361,0.5148654580116272,0.3801465928554535,-0.009774412959814072,0.509655237197876,0.3905658721923828,0.0051222085021436214,0.5004207491874695,0.4902949035167694,0.01686723530292511,0.4917296767234802,0.481158584356308,0.07661423087120056,0.5090168714523315,0.460753858089447,-0.009409261867403984,0.5128380060195923,0.46393489837646484,-0.011784009635448456,0.5050467252731323,0.48736143112182617,0.014898034743964672,0.5064197778701782,0.48790234327316284,0.012203985825181007,0.48511478304862976,0.3662761449813843,0.014174941927194595,0.5059047937393188,0.45866426825523376,-0.0070273191668093204,0.5020529627799988,0.3714110851287842,-0.004093175753951073,0.50094074010849,0.3638673424720764,-0.005592151544988155,0.49718236923217773,0.3400409519672394,0.004451011307537556,0.48322993516921997,0.366743803024292,0.023760907351970673,0.4980985224246979,0.35609933733940125,-0.0010030631674453616,0.4816955626010895,0.37436729669570923,0.024761967360973358,0.4808206558227539,0.3780422806739807,0.037066832184791565,0.5195940732955933,0.48668625950813293,-0.009882202371954918,0.514262318611145,0.4865003228187561,-0.00405137799680233,0.5104801654815674,0.48676201701164246,0.0018029799684882164,0.5103520750999451,0.46223950386047363,-0.008868847973644733,0.505728006362915,0.48763641715049744,0.013346589170396328,0.5078092813491821,0.49130842089653015,0.00884366873651743,0.5071462392807007,0.4882175922393799,0.011789555661380291,0.5093767046928406,0.45927637815475464,-0.01798597350716591,0.5129974484443665,0.4906025826931,0.0034651421010494232,0.516568124294281,0.49189814925193787,-0.0007599492673762143,0.5211930871009827,0.4933617413043976,-0.004800075199455023,0.5187296867370605,0.5167760848999023,0.001672157784923911,0.5192369818687439,0.507178783416748,-0.004186764359474182,0.5194948315620422,0.5018774271011353,-0.005197854712605476,0.5202538371086121,0.49695321917533875,-0.004285148810595274,0.5212210416793823,0.4930891990661621,-0.004013427533209324,0.5129575133323669,0.4907490611076355,0.004069207236170769,0.5116968750953674,0.4925244152545929,0.003521908540278673,0.510306715965271,0.4950104355812073,0.0031623244285583496,0.5092904567718506,0.49798181653022766,0.004831697326153517,0.503030002117157,0.478361040353775,0.004292802419513464,0.4869617819786072,0.44126760959625244,0.08385934680700302,0.5193642377853394,0.4669014811515808,-0.01969798095524311,0.5103434920310974,0.48964551091194153,0.008651228621602058,0.5090287327766418,0.49037766456604004,0.008385416120290756,0.5146874189376831,0.46729570627212524,-0.011651333421468735,0.5082620978355408,0.4633118510246277,-0.0035687373019754887,0.5137588381767273,0.465715229511261,-0.011964943259954453,0.5050975680351257,0.4328189194202423,0.004472801461815834,0.4964587688446045,0.4375886619091034,0.009429974481463432,0.5056754946708679,0.45398712158203125,-0.0049506681971251965,0.48771360516548157,0.3473166525363922,0.020241083577275276,0.48850470781326294,0.3590061664581299,0.011289183050394058,0.4915757179260254,0.36267203092575073,0.004199967719614506,0.5078627467155457,0.5054463148117065,0.010426774621009827,0.5129148960113525,0.36773398518562317,-0.01245923712849617,0.5100120306015015,0.35603415966033936,-0.009998665191233158,0.509777843952179,0.3365374803543091,-0.007418074179440737,0.4929409921169281,0.409527987241745,0.018016353249549866,0.4833656847476959,0.4160420298576355,0.030887234956026077,0.5131808519363403,0.4078310430049896,0.006685515400022268,0.48632484674453735,0.39225322008132935,0.022287802770733833,0.513192892074585,0.42383328080177307,-0.0036916816607117653,0.506248414516449,0.45355692505836487,-0.017379259690642357,0.4787220358848572,0.42368876934051514,0.04013586789369583,0.48541128635406494,0.42365390062332153,0.024973126128315926,0.4907105565071106,0.4283771812915802,0.01727273315191269,0.49988144636154175,0.42774686217308044,0.011188581585884094,0.5068236589431763,0.4244060516357422,0.007029169704765081,0.5116292238235474,0.42094117403030396,0.0030824209097772837,0.5181770920753479,0.413799911737442,-0.013611903414130211,0.47834527492523193,0.44066059589385986,0.03972243517637253,0.48330557346343994,0.3901495635509491,0.02641666680574417,0.5153124928474426,0.46467721462249756,-0.026189016178250313,0.5094342827796936,0.4373784065246582,-0.002130095846951008,0.4835965633392334,0.4057782292366028,0.07701749354600906,0.5151569247245789,0.41707634925842285,0.0004296974220778793,0.5064337253570557,0.45394057035446167,0.000930081878323108,0.48878878355026245,0.39937257766723633,0.023530147969722748,0.5072545409202576,0.44765177369117737,-0.015427703969180584,0.48884516954421997,0.4605827331542969,0.08193658292293549,0.5131033658981323,0.40476587414741516,0.00808953121304512,0.5097545385360718,0.44367703795433044,-0.022623857483267784,0.49351248145103455,0.503635048866272,0.04224442318081856,0.49746909737586975,0.5116961598396301,0.05347970500588417,0.47987645864486694,0.4413604140281677,0.06252387166023254,0.48887693881988525,0.49177658557891846,0.05125458166003227,0.4802438020706177,0.391727477312088,0.048705555498600006,0.5084415078163147,0.5339106321334839,0.018412752076983452,0.517113208770752,0.46640250086784363,-0.01868807151913643,0.505470871925354,0.4427648186683655,0.0018652176950126886,0.4807235896587372,0.4034059941768646,0.040609315037727356,0.49719035625457764,0.4069799780845642,0.013980495743453503,0.5017173886299133,0.40766653418540955,0.011116606183350086,0.5068050026893616,0.49249106645584106,0.010442164726555347,0.4801563322544098,0.4568139910697937,0.04226928576827049,0.5177079439163208,0.545996904373169,0.017209863290190697,0.5064499378204346,0.5320774912834167,0.03395047038793564,0.5024768114089966,0.5235067009925842,0.042695097625255585,0.5251871347427368,0.3565206229686737,-0.016328923404216766,0.5280673503875732,0.5494055151939392,0.01162660401314497,0.5059921145439148,0.40713468194007874,0.009124270640313625,0.5098460912704468,0.4058834910392761,0.008434302173554897,0.512130081653595,0.40520918369293213,0.008638144470751286,0.48093074560165405,0.38767576217651367,0.03350242227315903,0.5090054869651794,0.39927998185157776,0.007309019565582275,0.5046810507774353,0.396888792514801,0.007607924751937389,0.49992865324020386,0.39611372351646423,0.009533294476568699,0.495449960231781,0.3966740667819977,0.01266622543334961,0.4927205443382263,0.3981584906578064,0.015614662319421768,0.48122110962867737,0.3873961567878723,0.06563626974821091,0.49411889910697937,0.40538474917411804,0.016870710998773575,0.5219563841819763,0.47434404492378235,-0.013494175858795643,0.5068833231925964,0.4748736023902893,-0.0012681410880759358,0.5083708763122559,0.45972511172294617,-0.011965249665081501,0.5148208737373352,0.4740203320980072,-0.010362694971263409,0.5244152545928955,0.4002055823802948,-0.01454113982617855,0.49897366762161255,0.5149524211883545,0.034683339297771454,0.5036495923995972,0.5243050456047058,0.0269168671220541,0.5157890915870667,0.5413947701454163,0.009848055429756641,0.49442216753959656,0.49850204586982727,0.06607919186353683,0.5117278099060059,0.40266430377960205,0.0077774557285010815,0.5138869881629944,0.4273255467414856,-0.01321737002581358,0.5264989733695984,0.5448360443115234,0.004610631614923477,0.5109995007514954,0.5399419665336609,0.024851148948073387,0.4820626676082611,0.45901480317115784,0.06216764450073242,0.5166036486625671,0.49189630150794983,-4.1200513805961236e-05,0.5153173804283142,0.4948849678039551,-0.0004493521701078862,0.51424640417099,0.4988016188144684,-0.0008697048178873956,0.5135601758956909,0.5036514401435852,0.0004695401294156909,0.5123917460441589,0.5118592381477356,0.005902658216655254,0.5090329647064209,0.4883560538291931,0.007899018004536629,0.5077805519104004,0.48716628551483154,0.008506923913955688,0.5068234205245972,0.4859408140182495,0.008870692923665047,0.5006480813026428,0.4835810363292694,0.010962936095893383,0.4836510717868805,0.46252378821372986,0.027812689542770386,0.5157800912857056,0.41833242774009705,-0.008319691754877567,0.5164026618003845,0.3978552222251892,0.0012282200623303652,0.5137207508087158,0.39873600006103516,0.005382707342505455,0.5104550719261169,0.4895194172859192,0.008294647559523582,0.48670777678489685,0.48132646083831787,0.03825639560818672,0.519993007183075,0.39868733286857605,-0.008028486743569374,0.5104714632034302,0.5186902284622192,0.010066350921988487,0.5194390416145325,0.43112435936927795,-0.026842478662729263,0.5164812803268433,0.4235008955001831,-0.019134895876049995,0.5210438370704651,0.4220621883869171,-0.02231096662580967,0.5101652145385742,0.4400952160358429,-0.011217148043215275,0.5257036685943604,0.5369076728820801,0.0008276976877823472,0.5256528258323669,0.5269668698310852,6.279953959165141e-05,0.5173264145851135,0.5248159766197205,0.004014297854155302,0.5006954669952393,0.5013988018035889,0.01940520666539669,0.5026167631149292,0.45996612310409546,0.004500863142311573,0.505376935005188,0.5109365582466125,0.015179806388914585,0.49131184816360474,0.45745280385017395,0.011369253508746624,0.49824994802474976,0.4675399363040924,0.008270404301583767,0.48885858058929443,0.46967998147010803,0.01875370368361473,0.5156806111335754,0.5339551568031311,0.005985824391245842,0.5085600018501282,0.4441293776035309,-0.005587675608694553,0.49806660413742065,0.5067611932754517,0.026766855269670486,0.5035228729248047,0.5168572068214417,0.021031523123383522,0.49609383940696716,0.4908333718776703,0.02116498537361622,0.4830458164215088,0.4705987572669983,0.044562920928001404,0.4915953278541565,0.49119532108306885,0.02873886376619339,0.48506081104278564,0.4757661819458008,0.06010156497359276,0.4956100583076477,0.4770638048648834,0.013678483664989471,0.51181960105896,0.43223509192466736,-0.007270876318216324,0.5075569748878479,0.45765525102615356,-0.018921155482530594,0.5062831044197083,0.4586833119392395,-0.011753717437386513,0.5083087086677551,0.45257869362831116,-0.02412005513906479,0.51218181848526,0.3877052962779999,0.0007030133856460452,0.503739595413208,0.3806811571121216,0.002278154017403722,0.49629512429237366,0.37923794984817505,0.005584838800132275,0.4906752109527588,0.3810873031616211,0.010692712850868702,0.48734429478645325,0.3851751685142517,0.01617039367556572,0.4865611791610718,0.40084221959114075,0.027006227523088455,0.47921350598335266,0.4242625832557678,0.06054316461086273,0.48965170979499817,0.4153163731098175,0.021773986518383026,0.4943363666534424,0.41898566484451294,0.01641767844557762,0.5008981823921204,0.419304758310318,0.011720285750925541,0.5071539878845215,0.41742444038391113,0.008145109750330448,0.5116300582885742,0.4148866534233093,0.005621394608169794,0.5146259069442749,0.4126284420490265,0.003769432893022895,0.48589375615119934,0.42337319254875183,0.08261649310588837,0.5072587728500366,0.46045196056365967,-0.00886067096143961,0.5121574997901917,0.43530550599098206,-0.017095793038606644,0.5096035599708557,0.4588315188884735,-0.02488907054066658,0.5133266448974609,0.46296021342277527,-0.023381877690553665,0.510634183883667,0.46004247665405273,-0.021933557465672493,0.5090235471725464,0.46280044317245483,-0.007448731455951929,0.5138910412788391,0.46395954489707947,-0.02514810301363468,0.5155327916145325,0.4656442403793335,-0.018359357491135597,0.5147616267204285,0.4051821529865265,0.006136630196124315,0.5170177221298218,0.40799522399902344,0.0014161906437948346,0.5179596543312073,0.41050294041633606,-0.0031738837715238333,0.49116531014442444,0.3993381857872009,0.018329985439777374,0.4884810447692871,0.39353159070014954,0.01949523761868477,0.5247920751571655,0.43245723843574524,-0.02674514427781105,0.572555422782898,0.4123689532279968,-0.009285678155720234,0.5258078575134277,0.4651162028312683,-0.021085001528263092,0.6079455018043518,0.37362977862358093,0.007852483540773392,0.5542236566543579,0.41880252957344055,-0.009850189089775085,0.5603773593902588,0.41974297165870667,-0.011200140230357647,0.5667301416397095,0.4192570745944977,-0.011314347386360168,0.5760672092437744,0.4141618609428406,-0.008954720571637154,0.5491960048675537,0.41649192571640015,-0.0074399663135409355,0.563729465007782,0.3929731845855713,-0.015634747222065926,0.5566602349281311,0.39364027976989746,-0.013227168470621109,0.5706585645675659,0.3949076533317566,-0.015266705304384232,0.5754024386405945,0.39874258637428284,-0.013739453628659248,0.5822756290435791,0.41844359040260315,-0.00673718424513936,0.5498233437538147,0.5315942764282227,0.0005851030582562089,0.5754899978637695,0.409648597240448,-0.008082485757768154,0.6088545322418213,0.411740243434906,0.01289441529661417,0.591399073600769,0.4110797345638275,-0.0032907959539443254,0.5569248199462891,0.45165953040122986,-0.012942665256559849,0.5345628261566162,0.4832671582698822,-0.015832537785172462,0.5341559052467346,0.49216601252555847,-0.0123519878834486,0.5432427525520325,0.4861202836036682,-0.014745083637535572,0.5492632985115051,0.48871132731437683,-0.011842530220746994,0.5412195324897766,0.4923485219478607,-0.012071585282683372,0.5469632148742676,0.4925979971885681,-0.009197389706969261,0.5567337870597839,0.5026118159294128,-0.0031709223985671997,0.5218622088432312,0.46111270785331726,-0.03145987540483475,0.5222901105880737,0.4527265727519989,-0.03396141156554222,0.5853997468948364,0.3890945017337799,-0.015346075408160686,0.5443642735481262,0.4300272464752197,-0.012078684754669666,0.5408033728599548,0.4576140344142914,-0.021777942776679993,0.5420166850090027,0.4525850713253021,-0.02045956626534462,0.5782824754714966,0.4506094455718994,-0.011430537328124046,0.5233865976333618,0.4418103098869324,-0.031606074422597885,0.5670426487922668,0.37919387221336365,-0.020702941343188286,0.5773040056228638,0.38251733779907227,-0.018914034590125084,0.5979706645011902,0.3583003878593445,-0.0024698160123080015,0.538423478603363,0.38751745223999023,-0.017565997317433357,0.5507358312606812,0.39742520451545715,-0.009682177565991879,0.5615702867507935,0.49448856711387634,-0.004451730288565159,0.6042671799659729,0.4896889925003052,0.036547306925058365,0.5365811586380005,0.46252813935279846,-0.017862053588032722,0.5314411520957947,0.4649769067764282,-0.016003068536520004,0.5572769641876221,0.4926503896713257,-0.0035803925711661577,0.5557680726051331,0.49289190769195557,-0.004111987538635731,0.5819136500358582,0.3760572075843811,-0.017578355967998505,0.5421971082687378,0.4606720805168152,-0.01818780228495598,0.554354190826416,0.3801725506782532,-0.020412703976035118,0.555009126663208,0.3726855218410492,-0.022384265437722206,0.5649495720863342,0.33892950415611267,-0.017962928861379623,0.5892416834831238,0.3676688075065613,-0.011206956580281258,0.5585674047470093,0.35583406686782837,-0.02031947299838066,0.59112548828125,0.3841017186641693,-0.011900601908564568,0.5989410877227783,0.3801673948764801,-0.0026135819498449564,0.53443443775177,0.48806333541870117,-0.014830849133431911,0.5422083139419556,0.48940905928611755,-0.013649816624820232,0.5481232404708862,0.4906606078147888,-0.010939969681203365,0.5354300737380981,0.463832825422287,-0.015725325793027878,0.5564879179000854,0.49276667833328247,-0.0037726103328168392,0.5525709986686707,0.4955427050590515,-0.005621843505650759,0.554937481880188,0.4930305778980255,-0.004047312308102846,0.5314974188804626,0.4608326256275177,-0.02574835903942585,0.5460832715034485,0.49394744634628296,-0.007688222918659449,0.5403598546981812,0.49425795674324036,-0.009111059829592705,0.5338956117630005,0.49454328417778015,-0.009501557797193527,0.5342727303504944,0.5183029770851135,-0.0027992245741188526,0.5340398550033569,0.5083198547363281,-0.009074031375348568,0.5338895320892334,0.5030497312545776,-0.010275119915604591,0.5338392853736877,0.4980854094028473,-0.009313111193478107,0.5337740778923035,0.49422475695610046,-0.008786503225564957,0.546024739742279,0.49398621916770935,-0.007078398019075394,0.5468300580978394,0.4957330822944641,-0.007617807947099209,0.5478109121322632,0.49827438592910767,-0.008338378742337227,0.5485802888870239,0.5011746287345886,-0.007491938304156065,0.5515584349632263,0.4814000427722931,-0.011531060561537743,0.6139329075813293,0.44776999950408936,0.03937310725450516,0.5504491329193115,0.49366044998168945,-0.005253452807664871,0.5514374375343323,0.49449238181114197,-0.005573643371462822,0.5293688178062439,0.468133807182312,-0.015830116346478462,0.5410974621772766,0.46522626280784607,-0.012424732558429241,0.530325174331665,0.4666503071784973,-0.016039416193962097,0.5513507127761841,0.4347972869873047,-0.011622192338109016,0.561985433101654,0.4406609833240509,-0.01231369562447071,0.5439873933792114,0.45595040917396545,-0.017081020399928093,0.5840723514556885,0.34635573625564575,-0.011648216284811497,0.576311469078064,0.35915347933769226,-0.01690090261399746,0.5696409344673157,0.3716876208782196,-0.0210269708186388,0.550703763961792,0.5090853571891785,-0.00398314418271184,0.5395224094390869,0.3756588101387024,-0.020883897319436073,0.542198121547699,0.35585397481918335,-0.02002885192632675,0.5465328693389893,0.33578506112098694,-0.01870594546198845,0.5724965333938599,0.4176453649997711,-0.01029729750007391,0.5898346304893494,0.42375752329826355,-0.004875820595771074,0.5459721088409424,0.4143466353416443,-0.006080676335841417,0.5828814506530762,0.40178558230400085,-0.010649881325662136,0.5393550395965576,0.4248066246509552,-0.013351023197174072,0.5353253483772278,0.4552152752876282,-0.026601770892739296,0.5987136960029602,0.4289408028125763,-0.0002370800357311964,0.5838860273361206,0.4301794767379761,-0.008620873093605042,0.574218213558197,0.4332992434501648,-0.011349322274327278,0.5614426732063293,0.4319886565208435,-0.010673001408576965,0.5524764060974121,0.4286431074142456,-0.009621423669159412,0.5458636283874512,0.4249856173992157,-0.009434192441403866,0.5288794040679932,0.4140775203704834,-0.01770917885005474,0.5970916748046875,0.44686129689216614,-0.00048675021389499307,0.5892603993415833,0.3993310332298279,-0.00969043280929327,0.5211789011955261,0.46516042947769165,-0.02819739282131195,0.5427438020706177,0.43872055411338806,-0.013816566206514835,0.6162770390510559,0.409634530544281,0.03094865381717682,0.5406819581985474,0.4209400415420532,-0.009332031942903996,0.5459210276603699,0.45592910051345825,-0.011155764572322369,0.579123854637146,0.4088971018791199,-0.007640468887984753,0.5366770029067993,0.44906091690063477,-0.024824896827340126,0.6105402708053589,0.46825337409973145,0.03930722177028656,0.546716570854187,0.4117695987224579,-0.005196221638470888,0.5299070477485657,0.4446567893028259,-0.029443271458148956,0.5825528502464294,0.5124555826187134,0.012134754098951817,0.5848330855369568,0.5210192203521729,0.023118384182453156,0.6080429553985596,0.4480164051055908,0.018664339557290077,0.5926319360733032,0.5005265474319458,0.015835396945476532,0.6046071648597717,0.39472728967666626,0.006456771865487099,0.5515066385269165,0.5399810075759888,0.004060511942952871,0.5218883752822876,0.4666791260242462,-0.019927121698856354,0.549004077911377,0.4447128176689148,-0.01255781203508377,0.5988259315490723,0.4117010831832886,0.0007751237717457116,0.5654444098472595,0.41554906964302063,-0.01091688871383667,0.5599805116653442,0.41590213775634766,-0.010882465168833733,0.5536231994628906,0.4968293309211731,-0.005065780133008957,0.5962798595428467,0.463887095451355,0.00339704193174839,0.5405563712120056,0.5494824647903442,0.009221955202519894,0.562286376953125,0.5396688580513,0.014067434705793858,0.5725661516189575,0.5323435664176941,0.01786021515727043,0.5551522970199585,0.41494688391685486,-0.009572743438184261,0.5507293939590454,0.41331395506858826,-0.00755366962403059,0.5479768514633179,0.4124158024787903,-0.005687312223017216,0.5960370302200317,0.3961561322212219,-0.005303062964230776,0.5522701144218445,0.40518811345100403,-0.009239544160664082,0.5576581954956055,0.40275025367736816,-0.011671028099954128,0.5628041625022888,0.40279772877693176,-0.012964230962097645,0.567986786365509,0.40437209606170654,-0.012942846864461899,0.5713697671890259,0.4065229594707489,-0.011779469437897205,0.6136664152145386,0.3898036479949951,0.020269740372896194,0.5694228410720825,0.4141942858695984,-0.01019256841391325,0.5440990328788757,0.4770251512527466,-0.01328267902135849,0.5359355211257935,0.46154454350471497,-0.019999997690320015,0.5306908488273621,0.47505754232406616,-0.015393313020467758,0.5721310377120972,0.5235763192176819,0.010266285389661789,0.5621911287307739,0.5320296883583069,0.007619899697601795,0.539381206035614,0.544904887676239,0.0019901609048247337,0.5952207446098328,0.5074643492698669,0.030197400599718094,0.5484158396720886,0.40925297141075134,-0.0069333515129983425,0.5322839021682739,0.4279959499835968,-0.01976212114095688,0.5516318082809448,0.5457929968833923,0.010111765936017036,0.605562686920166,0.46672579646110535,0.0200914666056633,0.5402588248252869,0.49412551522254944,-0.008428948931396008,0.5408303141593933,0.4970668852329254,-0.009090262465178967,0.5413360595703125,0.5009625554084778,-0.00997109990566969,0.5416648387908936,0.5056516528129578,-0.00900171883404255,0.5432345867156982,0.5145825147628784,-0.004543913993984461,0.5518075823783875,0.4926859140396118,-0.006699476391077042,0.552954912185669,0.49173814058303833,-0.007415695581585169,0.5539773106575012,0.4907599091529846,-0.008044786751270294,0.5578134655952454,0.4872246980667114,-0.008753214031457901,0.5850354433059692,0.4688444137573242,-0.0051667834632098675,0.5340243577957153,0.4189237058162689,-0.0151369608938694,0.5411232113838196,0.40359389781951904,-0.0074890125542879105,0.5455836057662964,0.40518003702163696,-0.0070014577358961105,0.5505660772323608,0.49356913566589355,-0.0056761144660413265,0.5875735282897949,0.4888854920864105,0.004914803896099329,0.5336731672286987,0.4032371938228607,-0.01321471855044365,0.5469452738761902,0.5227742195129395,-0.001490935799665749,0.5268241167068481,0.42383676767349243,-0.022642629221081734,0.5366714000701904,0.44131165742874146,-0.01984330452978611,0.5361059308052063,0.5270541310310364,-0.0015536342980340123,0.5627496838569641,0.5069800019264221,-0.000948314496781677,0.5519317388534546,0.462585985660553,-0.01074089203029871,0.5556814670562744,0.5160815715789795,-0.0008581727743148804,0.5678515434265137,0.46189555525779724,-0.012461119331419468,0.5585939884185791,0.4711568057537079,-0.010778785683214664,0.5747271776199341,0.47536298632621765,-0.008511905558407307,0.5379412174224854,0.5369716882705688,-0.0013757176930084825,0.5416625142097473,0.4455380439758301,-0.016395313665270805,0.5689114332199097,0.5141363143920898,0.0035597756505012512,0.5595138669013977,0.5234575867652893,0.0031891404651105404,0.5679358243942261,0.49643242359161377,-0.003401275957003236,0.5950175523757935,0.478256493806839,0.007401256822049618,0.5774487257003784,0.49840158224105835,0.0005481293774209917,0.6012552380561829,0.48413485288619995,0.02001264877617359,0.56486976146698,0.48153457045555115,-0.008966525085270405,0.5375173687934875,0.4332716763019562,-0.01654019020497799,0.5331215858459473,0.4593866765499115,-0.027310416102409363,0.538631796836853,0.46069422364234924,-0.021409597247838974,0.5288931727409363,0.45382705330848694,-0.030802715569734573,0.5456565022468567,0.39477860927581787,-0.011249345727264881,0.555522620677948,0.3889653980731964,-0.015137276612222195,0.5646224617958069,0.3880491554737091,-0.017198245972394943,0.5727753639221191,0.3902227282524109,-0.01696404442191124,0.5791123509407043,0.3947807252407074,-0.014786627143621445,0.5842528343200684,0.4098169207572937,-0.0061744386330246925,0.6093345284461975,0.4298323690891266,0.015600748360157013,0.5777427554130554,0.42244404554367065,-0.008607156574726105,0.5703209638595581,0.42490094900131226,-0.010026524774730206,0.561355471611023,0.42504099011421204,-0.010023931972682476,0.5534209609031677,0.4230566620826721,-0.009032866917550564,0.5475018620491028,0.4202573597431183,-0.007354899775236845,0.5433583855628967,0.4176083207130432,-0.006826066877692938,0.6156843304634094,0.42843106389045715,0.03677181527018547,0.539363443851471,0.4623619616031647,-0.018311461433768272,0.5306885838508606,0.4361107647418976,-0.023832449689507484,0.5272405743598938,0.460252046585083,-0.030173616483807564,0.5253127217292786,0.46418148279190063,-0.02645469270646572,0.5284096598625183,0.4615955948829651,-0.027375567704439163,0.538367509841919,0.46453213691711426,-0.015374813228845596,0.5234729647636414,0.4648168981075287,-0.027646735310554504,0.5241310596466064,0.4662816524505615,-0.02048421837389469,0.5440429449081421,0.41159293055534363,-0.004935062024742365,0.5400935411453247,0.4129793643951416,-0.006927575916051865,0.5367728471755981,0.4145333468914032,-0.010108314454555511,0.5735500454902649,0.4081992506980896,-0.010250424966216087,0.5787096619606018,0.4031512141227722,-0.010952956043183804,0.49523505568504333,0.40246710181236267,0.012240754440426826,0.49861109256744385,0.4020404815673828,0.012240754440426826,0.495693564414978,0.3957860767841339,0.012240754440426826,0.4920569360256195,0.4029935896396637,0.012240754440426826,0.4950011670589447,0.409311443567276,0.012240754440426826,0.5550603270530701,0.4077894389629364,-0.009571933187544346,0.5594534277915955,0.4080367684364319,-0.009571933187544346,0.5560168623924255,0.40036797523498535,-0.009571933187544346,0.5513513088226318,0.4076229929924011,-0.009571933187544346,0.5544114708900452,0.41532254219055176,-0.009571933187544346
2133.3333333333317,0.5269317030906677,0.4844185411930084,-0.013906097039580345,0.5174353718757629,0.46085360646247864,-0.03040166385471821,0.5215954780578613,0.4679449498653412,-0.015172845683991909,0.5157482624053955,0.4320000410079956,-0.022560229524970055,0.5170692205429077,0.45229047536849976,-0.03281400725245476,0.518345296382904,0.4407200813293457,-0.031156811863183975,0.523164689540863,0.41202789545059204,-0.017784981057047844,0.49209320545196533,0.40354061126708984,0.01894410513341427,0.5247279405593872,0.388715922832489,-0.015038246288895607,0.5245343446731567,0.377076119184494,-0.016946904361248016,0.5266799330711365,0.33604466915130615,-0.014115027152001858,0.5268190503120422,0.4881391227245331,-0.01291734166443348,0.526929497718811,0.4918847382068634,-0.010851350612938404,0.5272482633590698,0.4942440390586853,-0.0077964202500879765,0.5271171927452087,0.494032084941864,-0.0068517145700752735,0.526700496673584,0.49842920899391174,-0.007181193213909864,0.5263767838478088,0.5035991072654724,-0.008031823672354221,0.5263062119483948,0.5088958144187927,-0.00675392709672451,0.5258497595787048,0.5172397494316101,-0.0006684950203634799,0.5187068581581116,0.4649430513381958,-0.027247600257396698,0.5150867104530334,0.46393734216690063,-0.017888128757476807,0.4806390404701233,0.37257328629493713,0.05095871537923813,0.5071099996566772,0.411865234375,0.008234857581555843,0.5020869970321655,0.4125429689884186,0.010587051510810852,0.497163861989975,0.41217029094696045,0.013924097642302513,0.49076029658317566,0.4058223068714142,0.020934157073497772,0.5110099911689758,0.4099937081336975,0.0068563418462872505,0.498714417219162,0.3845488131046295,0.0074586025439202785,0.5047284364700317,0.38622915744781494,0.004980683326721191,0.4934326112270355,0.3859429359436035,0.011370273306965828,0.4902764856815338,0.3897206783294678,0.014984899200499058,0.4875771403312683,0.4111543893814087,0.025270506739616394,0.5091249346733093,0.5251021385192871,0.0136360889300704,0.49027958512306213,0.40046146512031555,0.02145104855298996,0.4800301194190979,0.4075801968574524,0.05648644641041756,0.4831503927707672,0.403317391872406,0.0327150896191597,0.49954062700271606,0.448688805103302,0.0054618194699287415,0.5199524760246277,0.48171597719192505,-0.010802962817251682,0.520707368850708,0.4906929135322571,-0.0077554937452077866,0.5136873722076416,0.48293665051460266,-0.004642371088266373,0.5096780061721802,0.4845826029777527,0.001819876953959465,0.5157809853553772,0.48964908719062805,-0.0032582408748567104,0.5120824575424194,0.4890260696411133,0.0023264652118086815,0.5049392580986023,0.4981843829154968,0.014086288399994373,0.5132042169570923,0.460262268781662,-0.028669606894254684,0.5121535658836365,0.45203399658203125,-0.03062311001121998,0.48378488421440125,0.3796170949935913,0.018892565742135048,0.5105398893356323,0.42874670028686523,-8.278208042611368e-06,0.5057326555252075,0.45545822381973267,-0.0102683762088418,0.5062689781188965,0.45068272948265076,-0.008607840165495872,0.4860348105430603,0.44581446051597595,0.018759964033961296,0.5137254595756531,0.44129031896591187,-0.027461815625429153,0.4934391677379608,0.37047910690307617,0.00315423053689301,0.4873744249343872,0.37345167994499207,0.010920698754489422,0.4824235439300537,0.35871249437332153,0.036414217203855515,0.5151617527008057,0.3805805444717407,-0.009555685333907604,0.5097330808639526,0.39081618189811707,0.005063083488494158,0.5010016560554504,0.4899730980396271,0.016491316258907318,0.49249231815338135,0.4806438982486725,0.07570365071296692,0.5097023844718933,0.4605462849140167,-0.009350637905299664,0.5135201811790466,0.4636092185974121,-0.011659367941319942,0.5051367878913879,0.48751747608184814,0.014454306103289127,0.5065244436264038,0.4880690574645996,0.01176430657505989,0.48513996601104736,0.36695677042007446,0.01422794908285141,0.5066428184509277,0.458487331867218,-0.0069727119989693165,0.5023277401924133,0.37195247411727905,-0.003899333532899618,0.5012173056602478,0.3644358217716217,-0.00536783691495657,0.49692121148109436,0.3404695987701416,0.004677991848438978,0.4828799068927765,0.367113322019577,0.023724110797047615,0.49805527925491333,0.35639283061027527,-0.000835419341456145,0.4816322326660156,0.3750360608100891,0.0246889628469944,0.4805927276611328,0.378357470035553,0.03689802065491676,0.52006995677948,0.4865511953830719,-0.009845043532550335,0.5146363973617554,0.4864787757396698,-0.00413520960137248,0.5107529759407043,0.48681575059890747,0.0015561821637675166,0.5110613107681274,0.4619852304458618,-0.00877341441810131,0.50582355260849,0.48779892921447754,0.012913741171360016,0.5079048275947571,0.4914515018463135,0.008492029272019863,0.507260799407959,0.4883894622325897,0.011374157853424549,0.5100404620170593,0.459102600812912,-0.017817925661802292,0.5132786631584167,0.49064740538597107,0.0032038192730396986,0.5169348120689392,0.4918562173843384,-0.0008951518684625626,0.5216163992881775,0.49320781230926514,-0.0048131817020475864,0.5190636515617371,0.5158506035804749,0.0017894309712573886,0.5194841623306274,0.5075607895851135,-0.00399708142504096,0.5197737812995911,0.5021622180938721,-0.004994383081793785,0.5205450654029846,0.49708008766174316,-0.004072179086506367,0.5215032696723938,0.4931144118309021,-0.003837487893179059,0.5131209492683411,0.4908561110496521,0.003928516525775194,0.511850118637085,0.4926431477069855,0.003393227932974696,0.5104421973228455,0.49516892433166504,0.0030024168081581593,0.5093948841094971,0.49814844131469727,0.004620388150215149,0.5035608410835266,0.47805947065353394,0.004105010535567999,0.48727846145629883,0.4410334825515747,0.083107590675354,0.5200470089912415,0.46656450629234314,-0.019513344392180443,0.510471761226654,0.48978474736213684,0.008333145640790462,0.5091412663459778,0.4905184209346771,0.008061502128839493,0.515330970287323,0.4669186770915985,-0.011527457274496555,0.5090126991271973,0.46305227279663086,-0.0035375754814594984,0.5144307613372803,0.46535325050354004,-0.011836793273687363,0.505520224571228,0.43291333317756653,0.0043895854614675045,0.4969339668750763,0.437684565782547,0.00930283684283495,0.506359338760376,0.4538532793521881,-0.004928370472043753,0.48721662163734436,0.34770652651786804,0.020280061289668083,0.4882490038871765,0.3593830168247223,0.011358363553881645,0.4917316436767578,0.363275945186615,0.004309630952775478,0.5082929134368896,0.5047211050987244,0.010128377005457878,0.513228714466095,0.36823055148124695,-0.012178482487797737,0.5100564956665039,0.3562954366207123,-0.00976618006825447,0.509626030921936,0.33695802092552185,-0.007055583875626326,0.493052214384079,0.40985655784606934,0.017853667959570885,0.4833202362060547,0.41650012135505676,0.030629487708210945,0.5133206844329834,0.4079679846763611,0.006644911598414183,0.48632028698921204,0.3928055167198181,0.02213762328028679,0.5135869383811951,0.4238722324371338,-0.0036379946395754814,0.5069194436073303,0.45340126752853394,-0.017220858484506607,0.4791616201400757,0.4238555431365967,0.03982109576463699,0.48554617166519165,0.4240621030330658,0.024726567789912224,0.49098679423332214,0.42870813608169556,0.017064105719327927,0.5001663565635681,0.4279911518096924,0.011071826331317425,0.5070831179618835,0.42460960149765015,0.006944978144019842,0.5119011402130127,0.42110612988471985,0.003058255882933736,0.5185925960540771,0.41378700733184814,-0.013390048407018185,0.47905999422073364,0.4407596290111542,0.0393499992787838,0.48320654034614563,0.39073681831359863,0.026243316009640694,0.5160137414932251,0.46443885564804077,-0.02593427151441574,0.5099450945854187,0.43735629320144653,-0.002143711317330599,0.48345398902893066,0.4056854844093323,0.07647205889225006,0.5154446363449097,0.41719427704811096,0.00045259520993568003,0.507093608379364,0.45381566882133484,0.0008794364985078573,0.48881298303604126,0.3998146057128906,0.023347802460193634,0.5079042315483093,0.4475195109844208,-0.015284629538655281,0.4894268214702606,0.4602138102054596,0.08109857141971588,0.5131984949111938,0.40491464734077454,0.008031520061194897,0.5104068517684937,0.4435637593269348,-0.02239132672548294,0.4943157136440277,0.5029029250144958,0.04173192381858826,0.49826785922050476,0.5107319355010986,0.05276409164071083,0.48053017258644104,0.441347599029541,0.062032874673604965,0.4897892475128174,0.49126654863357544,0.05068086460232735,0.48016443848609924,0.3919253647327423,0.04844014719128609,0.5091583728790283,0.5325018167495728,0.018213197588920593,0.5178061723709106,0.4660787582397461,-0.018516939133405685,0.5059959292411804,0.4427390694618225,0.0017901266692206264,0.4803929328918457,0.40389540791511536,0.040335044264793396,0.49736231565475464,0.4071846902370453,0.013818719424307346,0.5018759369850159,0.4078153967857361,0.010981028899550438,0.5068817138671875,0.4926309287548065,0.010063642635941505,0.4810437560081482,0.4567776620388031,0.04180312529206276,0.5183779001235962,0.5444269776344299,0.017004577443003654,0.5071559548377991,0.530752956867218,0.03346709907054901,0.5031784176826477,0.5223323106765747,0.04209893196821213,0.5252329707145691,0.3567439317703247,-0.016049735248088837,0.5286726355552673,0.5476959347724915,0.011556257493793964,0.5061238408088684,0.4072546362876892,0.009016754105687141,0.5099564790725708,0.40600305795669556,0.008351103402674198,0.512230396270752,0.4053467810153961,0.008575345389544964,0.48070716857910156,0.38825884461402893,0.03330996632575989,0.5090551376342773,0.39947476983070374,0.007203273940831423,0.5047451853752136,0.39713630080223083,0.007509187795221806,0.5000352263450623,0.39642202854156494,0.009421046823263168,0.49556607007980347,0.39703169465065,0.012537580914795399,0.49283212423324585,0.39853838086128235,0.015453801490366459,0.4808901846408844,0.3874197006225586,0.06522390991449356,0.4942706525325775,0.40565231442451477,0.016700688749551773,0.5223807692527771,0.47389405965805054,-0.013339272700250149,0.5074416995048523,0.47452735900878906,-0.0013290903298184276,0.5090479850769043,0.4595497250556946,-0.011858735233545303,0.5153183341026306,0.4736085832118988,-0.010254698805510998,0.5247610211372375,0.40015333890914917,-0.014295253902673721,0.4996558427810669,0.5140193700790405,0.03423243761062622,0.5043781995773315,0.5231152176856995,0.02657676674425602,0.5164387822151184,0.5398461818695068,0.009777454659342766,0.49526795744895935,0.4977905750274658,0.06519300490617752,0.5118067860603333,0.40282142162323,0.00769494054839015,0.5143666863441467,0.4272933304309845,-0.013055558316409588,0.5270686745643616,0.5430734157562256,0.0046155210584402084,0.5117007493972778,0.5384762287139893,0.02453058958053589,0.4829116463661194,0.4588823914527893,0.06160527095198631,0.5168323516845703,0.4919721782207489,-1.5165241165959742e-05,0.5155450105667114,0.4950253367424011,-0.0003970626858063042,0.5144507884979248,0.499031126499176,-0.000866429996676743,0.5137344598770142,0.5039331912994385,0.0004149970773141831,0.512779712677002,0.5110003352165222,0.005775095894932747,0.5092118382453918,0.4884798228740692,0.007520593702793121,0.5079445838928223,0.4872775673866272,0.008135945536196232,0.5069849491119385,0.4860433340072632,0.008525161072611809,0.5011938214302063,0.4833068251609802,0.010656628757715225,0.48451778292655945,0.46241477131843567,0.027434885501861572,0.5161770582199097,0.41832980513572693,-0.008186987601220608,0.5165421366691589,0.39805954694747925,0.001245469436980784,0.5138167142868042,0.3989182412624359,0.005363683216273785,0.5106263160705566,0.48963871598243713,0.007906477898359299,0.4875966012477875,0.48098045587539673,0.03779725730419159,0.5202314853668213,0.39886894822120667,-0.007886882871389389,0.5110152363777161,0.5176369547843933,0.009904038161039352,0.5200213193893433,0.4310562014579773,-0.02652634121477604,0.5169814825057983,0.42346498370170593,-0.018880009651184082,0.5215485095977783,0.4220197796821594,-0.022023113444447517,0.5107274651527405,0.440011203289032,-0.01111289206892252,0.5261880159378052,0.5352935194969177,0.0009215878089889884,0.526019811630249,0.5256474614143372,0.00022387885837815702,0.5177915096282959,0.5236399173736572,0.004086876288056374,0.5012299418449402,0.5007500648498535,0.01903499849140644,0.5032199621200562,0.45979955792427063,0.0043967412784695625,0.5059195160865784,0.5100588798522949,0.014870043843984604,0.4919678270816803,0.45736411213874817,0.011167559772729874,0.49880462884902954,0.46732163429260254,0.008073743432760239,0.48962873220443726,0.469486266374588,0.018450727686285973,0.5162551403045654,0.5325547456741333,0.005993641447275877,0.5091403722763062,0.4440556466579437,-0.005555072333663702,0.498693585395813,0.5059815645217896,0.026377808302640915,0.504173755645752,0.5158144235610962,0.020714281126856804,0.49671053886413574,0.49039679765701294,0.020797017961740494,0.4839499294757843,0.47039085626602173,0.04404836148023605,0.4923514127731323,0.49069637060165405,0.028329141438007355,0.4859701991081238,0.4754766821861267,0.05949125811457634,0.4962145686149597,0.47680455446243286,0.013411753810942173,0.512310266494751,0.43220415711402893,-0.0072029526345431805,0.5082296133041382,0.45750099420547485,-0.018743595108389854,0.5069823265075684,0.4585084021091461,-0.011654925532639027,0.5090000629425049,0.45243433117866516,-0.023862894624471664,0.512339174747467,0.3880411982536316,0.0007201613625511527,0.5039017200469971,0.38107484579086304,0.0023045511916279793,0.4964645206928253,0.3796871602535248,0.00559189822524786,0.49081146717071533,0.38162150979042053,0.010656612925231457,0.4874248504638672,0.38575035333633423,0.01609506830573082,0.48648199439048767,0.40134620666503906,0.026811061426997185,0.4795643389225006,0.4243255853652954,0.06012113764882088,0.4897811710834503,0.41568508744239807,0.021569332107901573,0.4945400655269623,0.4192847013473511,0.016267098486423492,0.501102089881897,0.4195333421230316,0.011609419248998165,0.5073427557945251,0.4176124334335327,0.008031358942389488,0.5118229985237122,0.41504260897636414,0.005576558411121368,0.5148212909698486,0.4127538204193115,0.003740699263289571,0.48597002029418945,0.4232243597507477,0.08193734288215637,0.5079655051231384,0.4602425694465637,-0.008788540959358215,0.5127331614494324,0.4352419078350067,-0.016911372542381287,0.5102999806404114,0.45867639780044556,-0.024644315242767334,0.5140097737312317,0.46272021532058716,-0.02316136844456196,0.5112929940223694,0.4598470628261566,-0.021721236407756805,0.5097556710243225,0.4625336229801178,-0.007382737006992102,0.5145808458328247,0.46371880173683167,-0.024907352402806282,0.5162224173545837,0.4653224050998688,-0.01819542609155178,0.5148850083351135,0.4053128659725189,0.006119732744991779,0.5171960592269897,0.40811586380004883,0.0014346527168527246,0.5182269215583801,0.41061195731163025,-0.0030863271094858646,0.4912709593772888,0.39971745014190674,0.018158067017793655,0.48854056000709534,0.39402204751968384,0.019319584593176842,0.5253052115440369,0.4323449432849884,-0.02643791399896145,0.5725241303443909,0.41225624084472656,-0.009239096194505692,0.5264110565185547,0.46476179361343384,-0.020879903808236122,0.6075586080551147,0.37366825342178345,0.008153815753757954,0.554412305355072,0.41892290115356445,-0.009827750734984875,0.5604896545410156,0.4198083281517029,-0.011153439059853554,0.5667498707771301,0.41923919320106506,-0.011245094239711761,0.575937807559967,0.41406264901161194,-0.008890315890312195,0.5494509339332581,0.4166094958782196,-0.007399727590382099,0.5635378956794739,0.39270830154418945,-0.015533078461885452,0.5565890669822693,0.3934370279312134,-0.01315577607601881,0.5703833103179932,0.3946259021759033,-0.01516071055084467,0.5750947594642639,0.3984924554824829,-0.013660697266459465,0.5820162296295166,0.41836389899253845,-0.0066916197538375854,0.5498337149620056,0.5299654603004456,0.0005347286933101714,0.5753896236419678,0.4094770550727844,-0.008028357289731503,0.6084089875221252,0.4114527106285095,0.01281172875314951,0.5909536480903625,0.41109779477119446,-0.0032478042412549257,0.5568716526031494,0.45136845111846924,-0.012846595607697964,0.5350062847137451,0.4830337166786194,-0.0156514011323452,0.534523069858551,0.4919195771217346,-0.012251236476004124,0.5435401201248169,0.4858446717262268,-0.014604221098124981,0.5494639873504639,0.48840823769569397,-0.011823747307062149,0.5414689779281616,0.49210453033447266,-0.012011947110295296,0.5471265912055969,0.4923689365386963,-0.009245206601917744,0.5561574101448059,0.5017789006233215,-0.0033239140175282955,0.5225724577903748,0.46089744567871094,-0.03114261105656624,0.5229623913764954,0.45251956582069397,-0.033610790967941284,0.584869921207428,0.3889938294887543,-0.015130527317523956,0.5445019602775574,0.42996424436569214,-0.011961807496845722,0.5410892367362976,0.4572463631629944,-0.021549640223383904,0.5422652959823608,0.4522841274738312,-0.020250745117664337,0.5779705047607422,0.4503194987773895,-0.011405447497963905,0.5239971876144409,0.4416564404964447,-0.03126475214958191,0.5666576027870178,0.3790213465690613,-0.020431747660040855,0.57682204246521,0.3823486864566803,-0.01864132285118103,0.5975954532623291,0.3585147559642792,-0.002085008891299367,0.5385351777076721,0.3875548541545868,-0.017313072457909584,0.5507894158363342,0.39731156826019287,-0.009640371426939964,0.5608677864074707,0.4938048720359802,-0.004564562346786261,0.6037836074829102,0.4886695444583893,0.03607550263404846,0.5369110107421875,0.4621362090110779,-0.017675740644335747,0.5318800210952759,0.46458420157432556,-0.015823157504200935,0.5574339628219604,0.49233072996139526,-0.0037835347466170788,0.5558955669403076,0.49262166023254395,-0.004311062395572662,0.5813491344451904,0.37594878673553467,-0.017300859093666077,0.5424129962921143,0.4602794945240021,-0.017989985644817352,0.5541358590126038,0.3800796568393707,-0.0201242808252573,0.554758608341217,0.3726203739643097,-0.022054392844438553,0.564689576625824,0.33927738666534424,-0.017497370019555092,0.5889101624488831,0.3677968382835388,-0.011003966443240643,0.5584929585456848,0.3559935390949249,-0.02004302479326725,0.5904910564422607,0.38408222794532776,-0.011701982468366623,0.598483681678772,0.3801545798778534,-0.0024981340393424034,0.5348512530326843,0.48781853914260864,-0.014688833616673946,0.5424911379814148,0.4891454875469208,-0.01355232298374176,0.5483212471008301,0.4903876483440399,-0.010950366966426373,0.5357627272605896,0.4634270668029785,-0.015547167509794235,0.5566343665122986,0.49247410893440247,-0.003975272178649902,0.552699863910675,0.4952527582645416,-0.005751022137701511,0.5550565719604492,0.49278557300567627,-0.004238873720169067,0.5319980382919312,0.460506796836853,-0.025486156344413757,0.5462034344673157,0.4937306046485901,-0.007750128861516714,0.540575385093689,0.49402371048927307,-0.00907801277935505,0.5342175364494324,0.4942910373210907,-0.009415414184331894,0.534327507019043,0.5172728300094604,-0.00259342766366899,0.5342715382575989,0.5085286498069763,-0.00876461062580347,0.5341312289237976,0.5031648278236389,-0.00994616188108921,0.5340781807899475,0.49804455041885376,-0.008967586793005466,0.5340017676353455,0.49408358335494995,-0.008485919795930386,0.5461229681968689,0.49371105432510376,-0.007006610278040171,0.5469468832015991,0.4954592287540436,-0.007534675300121307,0.5479537844657898,0.4980347156524658,-0.008297011256217957,0.54874187707901,0.5009381771087646,-0.00751691497862339,0.5512312054634094,0.4808492064476013,-0.011506094597280025,0.6135437488555908,0.4471159279346466,0.039083853363990784,0.5505222678184509,0.49338090419769287,-0.00534431729465723,0.5515419244766235,0.4942070543766022,-0.005678401328623295,0.5298367738723755,0.46771106123924255,-0.015642696991562843,0.5412827730178833,0.46478763222694397,-0.012281188741326332,0.5307865738868713,0.466240793466568,-0.015856852754950523,0.5514369606971741,0.4347085952758789,-0.011536674574017525,0.5619238615036011,0.4405055344104767,-0.012219084426760674,0.5441741347312927,0.45561835169792175,-0.016905207186937332,0.5837417840957642,0.34666287899017334,-0.011209533549845219,0.5761090517044067,0.3593195080757141,-0.01665112003684044,0.5691968202590942,0.37156033515930176,-0.020745372399687767,0.5502933263778687,0.5081154108047485,-0.004076599143445492,0.5395509004592896,0.3756943941116333,-0.020567534491419792,0.5421952605247498,0.3560504913330078,-0.01975340209901333,0.5463566780090332,0.336171418428421,-0.01824101246893406,0.5724356770515442,0.4175887703895569,-0.010227799415588379,0.5894803404808044,0.4236789047718048,-0.004875548183917999,0.5462598204612732,0.41443583369255066,-0.006048237439244986,0.5824763178825378,0.40168464183807373,-0.010556783527135849,0.539543628692627,0.42473581433296204,-0.013195489533245564,0.5357634425163269,0.45489001274108887,-0.026326047256588936,0.5983522534370422,0.4286477565765381,-0.0003007585182785988,0.5836518406867981,0.43001896142959595,-0.008615865372121334,0.5741443037986755,0.4330998957157135,-0.011325571686029434,0.5615618228912354,0.43189090490341187,-0.010600429028272629,0.5527120232582092,0.428622305393219,-0.009550753980875015,0.5461682677268982,0.4249642789363861,-0.009332578629255295,0.529218852519989,0.41403084993362427,-0.017454296350479126,0.596661388874054,0.4464890658855438,-0.0005872863694094121,0.5887343883514404,0.39931610226631165,-0.009572366252541542,0.5218721628189087,0.4648821949958801,-0.027920465916395187,0.5429075956344604,0.43857380747795105,-0.013697092421352863,0.6158862113952637,0.40930044651031494,0.030950861051678658,0.5410383343696594,0.42089688777923584,-0.009215734899044037,0.5460558533668518,0.4556036591529846,-0.011054116301238537,0.5788776874542236,0.408780038356781,-0.0075837415643036366,0.5370547771453857,0.4487874507904053,-0.02456117793917656,0.6101170182228088,0.46741411089897156,0.03891589865088463,0.5469579100608826,0.41184356808662415,-0.005193226505070925,0.530400812625885,0.4444291889667511,-0.02913166955113411,0.5820823907852173,0.5110756158828735,0.011821764521300793,0.5844281911849976,0.5195226669311523,0.02273700386285782,0.6075052618980408,0.44748347997665405,0.01843418926000595,0.5920233726501465,0.49933603405952454,0.015506544150412083,0.604112982749939,0.3945753872394562,0.006487071514129639,0.5516533255577087,0.5381162166595459,0.003974964842200279,0.5225558280944824,0.46633362770080566,-0.019737685099244118,0.5491015315055847,0.44451600313186646,-0.012467554770410061,0.5983301401138306,0.41178154945373535,0.0007827795343473554,0.5654968023300171,0.4155559539794922,-0.0108736427500844,0.5600842237472534,0.4159817695617676,-0.010851672850549221,0.5537653565406799,0.49651968479156494,-0.005226784851402044,0.5957251787185669,0.4633049964904785,0.003232738235965371,0.5410011410713196,0.547665536403656,0.009187902323901653,0.5622866153717041,0.5378803014755249,0.013857699930667877,0.572358250617981,0.530642032623291,0.017561614513397217,0.5553041696548462,0.4150804281234741,-0.009542825631797314,0.550938606262207,0.41345638036727905,-0.007535183802247047,0.5482200384140015,0.412533700466156,-0.005676616914570332,0.5954318046569824,0.39624130725860596,-0.005209373310208321,0.5523841977119446,0.4049643874168396,-0.009217077866196632,0.5576631426811218,0.4023593068122864,-0.011618118733167648,0.5627561211585999,0.4023171365261078,-0.01289618294686079,0.5679237246513367,0.403915137052536,-0.012866168282926083,0.5712910890579224,0.4061647355556488,-0.0117195388302207,0.6132590770721436,0.3896694779396057,0.020439179614186287,0.5694365501403809,0.4141378402709961,-0.01015046052634716,0.5440827012062073,0.4765244424343109,-0.013161757960915565,0.5363069176673889,0.46116694808006287,-0.01979420706629753,0.5309603214263916,0.4745526611804962,-0.01519347820430994,0.5718725323677063,0.5220019221305847,0.009989647194743156,0.5621116757392883,0.5302709341049194,0.00743017066270113,0.5397399663925171,0.5430658459663391,0.0019997586496174335,0.5947414040565491,0.5062307119369507,0.02976951003074646,0.5486162900924683,0.4092217683792114,-0.006912569981068373,0.5326239466667175,0.427887499332428,-0.019537506625056267,0.5518512725830078,0.5439685583114624,0.010003293864428997,0.6049651503562927,0.46599891781806946,0.01980382762849331,0.5404151678085327,0.4938998222351074,-0.008215760812163353,0.5409972667694092,0.4968990385532379,-0.008854840882122517,0.5415209531784058,0.5008800029754639,-0.009785342961549759,0.5418608784675598,0.5056251883506775,-0.008883664384484291,0.5430494546890259,0.5135666131973267,-0.0045061539858579636,0.5519225001335144,0.492458313703537,-0.006823128089308739,0.5531043410301208,0.49146410822868347,-0.007536516524851322,0.5541327595710754,0.49044644832611084,-0.008153374306857586,0.5572355389595032,0.4866476356983185,-0.008806616999208927,0.5844845771789551,0.468258798122406,-0.005233350675553083,0.5342923998832703,0.41885361075401306,-0.014925946481525898,0.5413767695426941,0.4036092162132263,-0.007411504164338112,0.5457935929298401,0.40517425537109375,-0.006957337260246277,0.550638735294342,0.4933735132217407,-0.00582530302926898,0.5869008898735046,0.48793891072273254,0.004726798739284277,0.5340320467948914,0.40322020649909973,-0.0130377896130085,0.5468280911445618,0.5214410424232483,-0.00149438320659101,0.5272571444511414,0.42375999689102173,-0.022357651963829994,0.5369665622711182,0.4411100149154663,-0.01964421197772026,0.5362415313720703,0.5256999135017395,-0.001415975741110742,0.5622841715812683,0.505934476852417,-0.0010798509465530515,0.5519137382507324,0.4621773958206177,-0.010637533850967884,0.5553794503211975,0.5148463249206543,-0.0009775564540177584,0.5675092935562134,0.4614622890949249,-0.012383938767015934,0.5583067536354065,0.470645934343338,-0.010729392059147358,0.5741726756095886,0.47473180294036865,-0.00852505024522543,0.5381836295127869,0.5353204607963562,-0.0012879588175565004,0.5418731570243835,0.44531482458114624,-0.016236547380685806,0.5685477256774902,0.5128196477890015,0.003380726557224989,0.5593220591545105,0.5219231247901917,0.003042347729206085,0.5673425793647766,0.49559029936790466,-0.0034836474806070328,0.5943698287010193,0.47744518518447876,0.0071769896894693375,0.576852023601532,0.497371107339859,0.0004077100893482566,0.6006186008453369,0.4831790626049042,0.01968635618686676,0.5642984509468079,0.48094645142555237,-0.008944370783865452,0.5377695560455322,0.4331432580947876,-0.01637599803507328,0.533608078956604,0.4590620696544647,-0.02702368050813675,0.5389590263366699,0.46030136942863464,-0.021182145923376083,0.5294660925865173,0.4535599946975708,-0.030457139015197754,0.5457264184951782,0.39474573731422424,-0.011159810237586498,0.5553849935531616,0.38880103826522827,-0.014999092556536198,0.5643423795700073,0.38779959082603455,-0.01703966036438942,0.572401762008667,0.3899649381637573,-0.016802463680505753,0.5787020325660706,0.39458322525024414,-0.014644998125731945,0.5839087963104248,0.40976542234420776,-0.006110886577516794,0.6088617444038391,0.42942801117897034,0.015438255853950977,0.5775800347328186,0.4223423898220062,-0.008564366959035397,0.5702780485153198,0.4248131811618805,-0.009961140342056751,0.5614636540412903,0.42503756284713745,-0.00995783694088459,0.5536345839500427,0.423122763633728,-0.008997009135782719,0.54778653383255,0.42032724618911743,-0.007289151661098003,0.5436871647834778,0.4176529049873352,-0.0067528048530220985,0.6153016686439514,0.42794495820999146,0.036646850407123566,0.539636492729187,0.4619593620300293,-0.018114695325493813,0.5310975909233093,0.43595537543296814,-0.023579314351081848,0.5278470516204834,0.4599669575691223,-0.02987007237970829,0.5259390473365784,0.46384888887405396,-0.02619631588459015,0.5289762020111084,0.4612862169742584,-0.0270990077406168,0.5386237502098083,0.46410471200942993,-0.01519779209047556,0.5241361260414124,0.46451160311698914,-0.02737640216946602,0.5247593522071838,0.46592044830322266,-0.02029346115887165,0.5443247556686401,0.41165605187416077,-0.004910575225949287,0.540439248085022,0.4130018949508667,-0.006832992658019066,0.5371606945991516,0.4144792854785919,-0.009942220523953438,0.5734594464302063,0.40793299674987793,-0.010192984715104103,0.5783992409706116,0.40298837423324585,-0.010887179523706436,0.4951757788658142,0.4024237394332886,0.01211551297456026,0.49846309423446655,0.401966392993927,0.01211551297456026,0.49557530879974365,0.39570382237434387,0.01211551297456026,0.4920653700828552,0.40298086404800415,0.01211551297456026,0.49498382210731506,0.409294456243515,0.01211551297456026,0.5552240610122681,0.40746554732322693,-0.009532107040286064,0.5595161318778992,0.4076893925666809,-0.009532107040286064,0.5562437176704407,0.3999623656272888,-0.009532107040286064,0.5516273975372314,0.40734177827835083,-0.009532107040286064,0.554506242275238,0.415110319852829,-0.009532107040286064
2166.666666666665,0.5272610783576965,0.4782361686229706,-0.013589778915047646,0.5201866626739502,0.4538436532020569,-0.03070175088942051,0.5232197046279907,0.46151840686798096,-0.015436846762895584,0.5188451409339905,0.42563754320144653,-0.023273957893252373,0.5202223062515259,0.44521892070770264,-0.03317718580365181,0.5216575264930725,0.43400540947914124,-0.03158188983798027,0.5265131592750549,0.4066454768180847,-0.01818379946053028,0.49116092920303345,0.40293359756469727,0.01628430187702179,0.5285727977752686,0.38300713896751404,-0.015538162551820278,0.5287759304046631,0.37102797627449036,-0.01752644032239914,0.5319129824638367,0.3298512101173401,-0.01523386500775814,0.5270825624465942,0.48218753933906555,-0.012568472884595394,0.5270595550537109,0.48621538281440735,-0.010580292902886868,0.5272432565689087,0.488811731338501,-0.007756418082863092,0.5271924734115601,0.4886491298675537,-0.006269808392971754,0.5267613530158997,0.49335604906082153,-0.0067885820753872395,0.5263620018959045,0.4988740384578705,-0.007737421430647373,0.5261605381965637,0.5043827295303345,-0.006635135505348444,0.52480149269104,0.511256992816925,-0.0010066402610391378,0.5210636258125305,0.45814141631126404,-0.02751714363694191,0.5171416997909546,0.4571637809276581,-0.01838541589677334,0.48058953881263733,0.36625534296035767,0.04697703197598457,0.5072342157363892,0.41081634163856506,0.0062809898518025875,0.5014947652816772,0.4114624559879303,0.008449822664260864,0.4962000846862793,0.4104709029197693,0.011593259871006012,0.4899650514125824,0.4045620858669281,0.018282875418663025,0.5118986964225769,0.4085300862789154,0.005298950243741274,0.4990740418434143,0.381906658411026,0.005138819105923176,0.5056673288345337,0.3841134309768677,0.003034063149243593,0.4932044744491577,0.3827410042285919,0.008905438706278801,0.4895806610584259,0.386529803276062,0.012386024929583073,0.48679739236831665,0.4080914556980133,0.022609200328588486,0.5068634152412415,0.5195720195770264,0.012723872438073158,0.48959940671920776,0.40013211965560913,0.018761778250336647,0.47862565517425537,0.4018081724643707,0.053043268620967865,0.48360341787338257,0.3993995189666748,0.029765749350190163,0.49942320585250854,0.442033052444458,0.003846272826194763,0.5200774669647217,0.4754497706890106,-0.0108853280544281,0.5205932855606079,0.48493558168411255,-0.007737769279628992,0.5134486556053162,0.4768592119216919,-0.004912449978291988,0.509207546710968,0.47847673296928406,0.0017122133867815137,0.5154915452003479,0.4838032126426697,-0.0033022945281118155,0.5116693377494812,0.48301976919174194,0.002423753496259451,0.502403199672699,0.4895504415035248,0.014091912657022476,0.5158559679985046,0.45309510827064514,-0.029169276356697083,0.515188455581665,0.44478359818458557,-0.03122742660343647,0.483524352312088,0.37208569049835205,0.01589631289243698,0.5119913220405579,0.423332154750824,-0.0010850046528503299,0.5073092579841614,0.4483462870121002,-0.011501011438667774,0.5077971816062927,0.44379839301109314,-0.00986919179558754,0.48450952768325806,0.4386748969554901,0.01654823310673237,0.5169017314910889,0.434410959482193,-0.028192495927214622,0.49316954612731934,0.36223137378692627,0.0009333284688182175,0.48692822456359863,0.36505722999572754,0.008349243551492691,0.4835969805717468,0.3518318831920624,0.032622408121824265,0.5163344144821167,0.3744228780269623,-0.010754344053566456,0.5111919045448303,0.38900214433670044,0.0033424219582229853,0.49831339716911316,0.48054537177085876,0.016106342896819115,0.48882126808166504,0.47715282440185547,0.07313428819179535,0.5111783146858215,0.4536326229572296,-0.010384105145931244,0.5150787830352783,0.45685261487960815,-0.012194965966045856,0.50436931848526,0.4811919629573822,0.01456980686634779,0.5058424472808838,0.4817490875720978,0.012099450454115868,0.4852006435394287,0.3581481873989105,0.011417505331337452,0.507843017578125,0.4513627886772156,-0.008148955181241035,0.5023939609527588,0.3644922375679016,-0.0056647807359695435,0.5016682147979736,0.3565537631511688,-0.007248020265251398,0.5006604790687561,0.3331802487373352,0.001850517699494958,0.48446255922317505,0.3596206307411194,0.020576270297169685,0.5017432570457458,0.3489571213722229,-0.003064610529690981,0.4819302260875702,0.36754298210144043,0.021401338279247284,0.4810367822647095,0.3712666630744934,0.033388182520866394,0.5200888514518738,0.48055925965309143,-0.009847291745245457,0.5143896341323853,0.48051220178604126,-0.004235496278852224,0.510331928730011,0.4807613790035248,0.0015987931983545423,0.5124477744102478,0.45512670278549194,-0.009547834284603596,0.505111575126648,0.481478750705719,0.013187923468649387,0.5072061419487,0.4851391315460205,0.008956571109592915,0.506612241268158,0.4820740222930908,0.011770612560212612,0.5120550394058228,0.4520599842071533,-0.018776508048176765,0.5128158926963806,0.4846997857093811,0.0032139827962964773,0.5165615677833557,0.4860946536064148,-0.0010595342610031366,0.5213718414306641,0.4875931441783905,-0.004986635874956846,0.517512321472168,0.5095468759536743,0.001304674195125699,0.5187098979949951,0.5025730133056641,-0.004036901984363794,0.5191903114318848,0.4970366060733795,-0.004885358270257711,0.520144522190094,0.4916539788246155,-0.0038745461497455835,0.5212613344192505,0.4874676764011383,-0.0034464795608073473,0.51263427734375,0.484740287065506,0.00436807656660676,0.5112138986587524,0.48651909828186035,0.003705405630171299,0.5096407532691956,0.4890136420726776,0.003245620522648096,0.5084218382835388,0.49193549156188965,0.004814418964087963,0.502313494682312,0.4698934257030487,0.003689258825033903,0.4842630624771118,0.43710920214653015,0.07988409698009491,0.5220553874969482,0.45995819568634033,-0.01976860500872135,0.5099731683731079,0.48353469371795654,0.00883223582059145,0.5085660219192505,0.48424196243286133,0.008522042073309422,0.5166816115379333,0.460115522146225,-0.012108845636248589,0.509813129901886,0.45590826869010925,-0.004488942679017782,0.5159094333648682,0.45856285095214844,-0.01237344928085804,0.5062704086303711,0.4271710216999054,0.003037644550204277,0.4967805743217468,0.4311949610710144,0.007604505866765976,0.507503867149353,0.4469497799873352,-0.006171487737447023,0.48971566557884216,0.34048014879226685,0.01692771352827549,0.490928590297699,0.35175609588623047,0.008595277555286884,0.4918111264705658,0.3545646667480469,0.0018673980375751853,0.5059965252876282,0.49716079235076904,0.010063680820167065,0.5147498846054077,0.36174237728118896,-0.01349027268588543,0.5143908262252808,0.34934961795806885,-0.011373565532267094,0.5142430067062378,0.32999396324157715,-0.009093065746128559,0.4920767545700073,0.4081960618495941,0.015338781289756298,0.4826051592826843,0.4124792516231537,0.027798399329185486,0.5147325992584229,0.4062140882015228,0.005164626985788345,0.4859538972377777,0.38865965604782104,0.01929595321416855,0.5155612826347351,0.4185686409473419,-0.00456963898614049,0.5090193152427673,0.446245402097702,-0.01832389459013939,0.4780381917953491,0.41757097840309143,0.036789797246456146,0.4836970865726471,0.41913989186286926,0.022111397236585617,0.4886830747127533,0.4231889545917511,0.014828839339315891,0.4986070692539215,0.423201322555542,0.009360349737107754,0.506465494632721,0.4206728935241699,0.005522680003196001,0.5120822787284851,0.41738277673721313,0.0019291104981675744,0.5216147303581238,0.40832197666168213,-0.014080697670578957,0.4772132933139801,0.43423473834991455,0.03653917834162712,0.4834151268005371,0.38521862030029297,0.02317233383655548,0.518349826335907,0.4575214087963104,-0.026368945837020874,0.511353611946106,0.43146443367004395,-0.0032861109357327223,0.48139941692352295,0.4006366729736328,0.07268507033586502,0.5161604881286621,0.4134250283241272,-0.0005355132161639631,0.5078914165496826,0.4470822215080261,-0.00032151254708878696,0.4881053864955902,0.398556649684906,0.020598992705345154,0.5099833011627197,0.4406517744064331,-0.016410283744335175,0.4860726296901703,0.4566495716571808,0.07819847762584686,0.5150514245033264,0.40353214740753174,0.006432133726775646,0.5131206512451172,0.4366946816444397,-0.023345792666077614,0.49131330847740173,0.49760955572128296,0.04002860188484192,0.49509555101394653,0.5065453052520752,0.050976675003767014,0.47821977734565735,0.436048299074173,0.05893943831324577,0.4864221513271332,0.48629164695739746,0.04850827902555466,0.4796428680419922,0.3855536878108978,0.0449257455766201,0.5069340467453003,0.527198076248169,0.01714281365275383,0.5198410749435425,0.45938897132873535,-0.01887357234954834,0.5066920518875122,0.43653354048728943,0.0004369836824480444,0.4816172122955322,0.40023356676101685,0.03713053837418556,0.49634218215942383,0.4065856337547302,0.011359992437064648,0.5013325214385986,0.40736132860183716,0.008724679239094257,0.5060473680496216,0.48629269003868103,0.010437634773552418,0.4783477187156677,0.45059746503829956,0.03923603892326355,0.5158933401107788,0.5392094850540161,0.016286488622426987,0.504662811756134,0.5259348750114441,0.03227047249674797,0.5004522800445557,0.5178318023681641,0.040710002183914185,0.5301071405410767,0.35056763887405396,-0.016946835443377495,0.5258963704109192,0.5426267981529236,0.011386851780116558,0.5063405632972717,0.40676501393318176,0.006998064927756786,0.5109139680862427,0.4051790237426758,0.006550803780555725,0.5137134790420532,0.4041719436645508,0.0069201113656163216,0.48172736167907715,0.3827645778656006,0.029983941465616226,0.5104087591171265,0.3995171785354614,0.005292366724461317,0.5055797100067139,0.3980169892311096,0.005445144139230251,0.5004538297653198,0.39738112688064575,0.007136202417314053,0.49553996324539185,0.3975871205329895,0.010087043978273869,0.49249571561813354,0.39854785799980164,0.012855766341090202,0.4798332154750824,0.3817066550254822,0.06127306446433067,0.4932025969028473,0.404916375875473,0.014118976891040802,0.5236245393753052,0.4674479067325592,-0.013465246185660362,0.5071829557418823,0.46690523624420166,-0.001968453638255596,0.5106788873672485,0.45259547233581543,-0.012807706370949745,0.5161266922950745,0.4666895568370819,-0.010706441476941109,0.528255820274353,0.3948837220668793,-0.01482669822871685,0.4971374571323395,0.508726954460144,0.03296969458460808,0.502081036567688,0.5177935361862183,0.025428861379623413,0.5143082141876221,0.534525990486145,0.00902262981981039,0.49171507358551025,0.4940207898616791,0.06299702823162079,0.5135241746902466,0.401863694190979,0.00599652761593461,0.5169456005096436,0.42142027616500854,-0.013853979296982288,0.5248485803604126,0.5379193425178528,0.004406237509101629,0.509295642375946,0.5333626866340637,0.02347664348781109,0.48002171516418457,0.45396506786346436,0.05874880030751228,0.51640385389328,0.4860874116420746,0.0003404199378564954,0.5149147510528564,0.48920005559921265,-0.000187644298421219,0.513628363609314,0.49328649044036865,-0.0007579795783385634,0.5127156972885132,0.49820369482040405,0.000460423732874915,0.5107851624488831,0.5041666030883789,0.00554280262440443,0.5087230205535889,0.4822900593280792,0.007782560307532549,0.5073986053466797,0.48107314109802246,0.008351394906640053,0.5063664317131042,0.47981998324394226,0.008594024926424026,0.499031662940979,0.4743402600288391,0.010298890992999077,0.4817197322845459,0.45569026470184326,0.025266332551836967,0.5187138319015503,0.41295522451400757,-0.008990824222564697,0.518383264541626,0.3951084315776825,7.371481478912756e-05,0.5157603621482849,0.39704278111457825,0.0038967584259808064,0.5101297497749329,0.4834877848625183,0.008106201887130737,0.4843008518218994,0.47496336698532104,0.03577788919210434,0.5219348073005676,0.3943011164665222,-0.008855409920215607,0.508783221244812,0.5115934610366821,0.009246996603906155,0.5233272910118103,0.424856960773468,-0.0269387885928154,0.5200599431991577,0.4175662100315094,-0.019519520923495293,0.5248479247093201,0.4162786602973938,-0.02241472341120243,0.5127343535423279,0.43371209502220154,-0.012100545689463615,0.524361789226532,0.5301691889762878,0.0006983579369261861,0.5245726108551025,0.5202421545982361,-0.00014729092072229832,0.5159106850624084,0.5179777145385742,0.003421546658501029,0.49896761775016785,0.493291437625885,0.018572943285107613,0.5032930374145508,0.4528209865093231,0.0031899830792099237,0.5036798715591431,0.5033780932426453,0.014372413977980614,0.490459680557251,0.4502601623535156,0.00932287983596325,0.4977862238883972,0.4599587023258209,0.006981003563851118,0.48712536692619324,0.46231746673583984,0.016634423285722733,0.5142204165458679,0.5271956324577332,0.005270192865282297,0.5106163024902344,0.43775737285614014,-0.006693224422633648,0.4963512420654297,0.4996658265590668,0.025425320491194725,0.5019415616989136,0.509905219078064,0.019811829552054405,0.49424540996551514,0.482276052236557,0.019917450845241547,0.4807976484298706,0.4646185338497162,0.04166826978325844,0.4894842803478241,0.48396146297454834,0.02695116400718689,0.4827202558517456,0.4707621932029724,0.056919164955616,0.49410563707351685,0.46865230798721313,0.012406657449901104,0.5143330693244934,0.4263932704925537,-0.008158823475241661,0.51029372215271,0.45035481452941895,-0.01976996473968029,0.5085542798042297,0.4514222741127014,-0.012734558433294296,0.5116550326347351,0.445200115442276,-0.02469184249639511,0.5136683583259583,0.38420790433883667,-0.0007390613318420947,0.504432201385498,0.376445472240448,0.0005261011538095772,0.49641549587249756,0.3744089603424072,0.003450620686635375,0.4903928339481354,0.3760031461715698,0.008256642147898674,0.4867932200431824,0.38051342964172363,0.013481706380844116,0.48628681898117065,0.3986612856388092,0.024012472480535507,0.47773757576942444,0.4188097417354584,0.05679889768362045,0.4884563982486725,0.4124374985694885,0.01903645321726799,0.4931509494781494,0.4157007336616516,0.014103947207331657,0.5001617074012756,0.4166320562362671,0.009789621457457542,0.5072063207626343,0.4152366816997528,0.006354989483952522,0.5125144124031067,0.4125801920890808,0.004301850683987141,0.5160160660743713,0.4100499153137207,0.002570676850154996,0.48329100012779236,0.41876453161239624,0.07840239256620407,0.5093019008636475,0.4531748294830322,-0.009832669980823994,0.5153908729553223,0.4288850724697113,-0.017802299931645393,0.5127851963043213,0.4514656364917755,-0.025389080867171288,0.5162418484687805,0.4558047950267792,-0.02368476241827011,0.5135219693183899,0.4527808427810669,-0.022481968626379967,0.5108615159988403,0.45549893379211426,-0.00827550608664751,0.5168609619140625,0.45677271485328674,-0.025381628423929214,0.518257737159729,0.45858660340309143,-0.01860922761261463,0.5167700052261353,0.40344104170799255,0.004732158966362476,0.5188886523246765,0.40531545877456665,0.00037466961657628417,0.5195146799087524,0.4068247377872467,-0.003929600119590759,0.49072009325027466,0.39940568804740906,0.015508195385336876,0.487751305103302,0.39129239320755005,0.016608109697699547,0.5284692645072937,0.4264398217201233,-0.026544207707047462,0.5769580006599426,0.4097483456134796,-0.007552491035312414,0.5283122062683105,0.4584885835647583,-0.02091074362397194,0.6096923351287842,0.3739551305770874,0.010782583616673946,0.557009756565094,0.4132268726825714,-0.008991402573883533,0.5631811618804932,0.4151545763015747,-0.00992948841303587,0.5697622299194336,0.4155691862106323,-0.009686380624771118,0.5803816318511963,0.41149795055389404,-0.006934068165719509,0.5522456169128418,0.40983104705810547,-0.006744407117366791,0.5674999356269836,0.3905526399612427,-0.014350341632962227,0.5607056021690369,0.3907538652420044,-0.012350720353424549,0.574113130569458,0.3924364447593689,-0.013582003302872181,0.5786411166191101,0.3960973620414734,-0.011879955418407917,0.5856316089630127,0.4154796600341797,-0.0044251419603824615,0.548136293888092,0.5257431268692017,0.0016530872089788318,0.5801331996917725,0.40833601355552673,-0.006166040897369385,0.609368622303009,0.41237780451774597,0.01612986996769905,0.594781756401062,0.407900869846344,-0.0006240319926291704,0.5588504076004028,0.4475608170032501,-0.011711708270013332,0.5354690551757812,0.4770388603210449,-0.015050144866108894,0.5346966981887817,0.4864129424095154,-0.011635332368314266,0.5439532995223999,0.4801706373691559,-0.013437178917229176,0.5497242212295532,0.48280373215675354,-0.009907026775181293,0.5415654182434082,0.48659735918045044,-0.01084453146904707,0.547085165977478,0.4867531657218933,-0.00748428562656045,0.5570659041404724,0.49552881717681885,-0.0006497285212390125,0.5252878665924072,0.4541374146938324,-0.03125780448317528,0.525945782661438,0.4457351267337799,-0.033741362392902374,0.5888182520866394,0.38567453622817993,-0.012901142239570618,0.546699583530426,0.42621275782585144,-0.011231294833123684,0.5430957078933716,0.451728880405426,-0.02107287012040615,0.5442827343940735,0.44703179597854614,-0.019761892035603523,0.5800876617431641,0.4477543830871582,-0.009012463502585888,0.5271525979042053,0.43523916602134705,-0.03139922767877579,0.5711475610733032,0.3762466609477997,-0.018973078578710556,0.5810644030570984,0.37956976890563965,-0.016637438908219337,0.600834310054779,0.3576779067516327,0.00011483929847599939,0.5427765250205994,0.3826487064361572,-0.017307788133621216,0.5549701452255249,0.39348104596138,-0.009150967933237553,0.5625055432319641,0.48728564381599426,-0.0016744505846872926,0.6010838150978088,0.49023959040641785,0.039614610373973846,0.538722574710846,0.4564405381679535,-0.01743757538497448,0.5335798859596252,0.45867449045181274,-0.015711652114987373,0.5573676228523254,0.48663264513015747,-0.0008262441260740161,0.555793046951294,0.4868600368499756,-0.0015171049162745476,0.5857047438621521,0.37260702252388,-0.015274346806108952,0.5441980361938477,0.45482587814331055,-0.017507659271359444,0.5587843656539917,0.3766208291053772,-0.019383179023861885,0.5596453547477722,0.36885762214660645,-0.021344423294067383,0.5696162581443787,0.3355112373828888,-0.01684117689728737,0.5926652550697327,0.36612236499786377,-0.008826899342238903,0.5632766485214233,0.35178834199905396,-0.019296463578939438,0.5944765210151672,0.380256325006485,-0.009419314563274384,0.6013303399085999,0.37949880957603455,2.2973579689278267e-05,0.5351824164390564,0.48211461305618286,-0.014011322520673275,0.542748212814331,0.48357343673706055,-0.01232620794326067,0.5484418272972107,0.4847857654094696,-0.009099314920604229,0.5374863743782043,0.4576873481273651,-0.015283234417438507,0.5565381646156311,0.4867490530014038,-0.0010921559296548367,0.5527183413505554,0.4897236227989197,-0.003152879886329174,0.554934024810791,0.4869981110095978,-0.0014618560671806335,0.534231424331665,0.45442476868629456,-0.02526218630373478,0.5460658669471741,0.4881383180618286,-0.006167434621602297,0.5405532121658325,0.4885900318622589,-0.008100557141005993,0.534264862537384,0.488925963640213,-0.008974159136414528,0.5337049961090088,0.5116309523582458,-0.002484336029738188,0.5345602631568909,0.5041367411613464,-0.008200165815651417,0.534491777420044,0.4985564649105072,-0.009231246076524258,0.5343849658966064,0.4930741786956787,-0.008155972696840763,0.5341797471046448,0.4887852072715759,-0.00752028776332736,0.5460577011108398,0.4881307780742645,-0.0050031221471726894,0.5470719337463379,0.49009281396865845,-0.005657599773257971,0.5482209920883179,0.4928261935710907,-0.006445819977670908,0.5490986704826355,0.4958972632884979,-0.005541365593671799,0.5531312823295593,0.47500768303871155,-0.009518842212855816,0.6121308207511902,0.4493153393268585,0.04282916709780693,0.5502922534942627,0.4876551926136017,-0.002802417380735278,0.5514496564865112,0.4885860085487366,-0.0031756421085447073,0.53154057264328,0.4616358280181885,-0.015588628128170967,0.5428813099861145,0.45919689536094666,-0.011908061802387238,0.5324787497520447,0.4602399468421936,-0.015765424817800522,0.5535997748374939,0.43124228715896606,-0.01048839371651411,0.5641549825668335,0.4372669756412506,-0.010641861706972122,0.5460169911384583,0.4504658281803131,-0.01635049097239971,0.5879136919975281,0.3444982171058655,-0.009625488892197609,0.580528974533081,0.35646092891693115,-0.015103905461728573,0.5738310813903809,0.3683786690235138,-0.019340137019753456,0.550654411315918,0.5023971796035767,-0.0019869066309183836,0.5442244410514832,0.37063342332839966,-0.020550437271595,0.5471298098564148,0.35085731744766235,-0.01981096714735031,0.5516248345375061,0.33113664388656616,-0.01854277215898037,0.5762357115745544,0.41446125507354736,-0.008404850028455257,0.5927751064300537,0.4206753969192505,-0.002225292846560478,0.549436628818512,0.40728139877319336,-0.005565027240663767,0.5862855911254883,0.3987911641597748,-0.00833285041153431,0.5419387817382812,0.4206863045692444,-0.012665721587836742,0.5380767583847046,0.44901224970817566,-0.026021964848041534,0.599541962146759,0.42831987142562866,0.0028781830333173275,0.5864126086235046,0.42748475074768066,-0.006105989683419466,0.5766510963439941,0.43079185485839844,-0.00922734197229147,0.5641029477119446,0.42890018224716187,-0.00901639461517334,0.5554050207138062,0.4246531128883362,-0.008475030772387981,0.5490810871124268,0.4203963577747345,-0.00856652669608593,0.5323928594589233,0.40908968448638916,-0.01751471683382988,0.5976851582527161,0.4457712769508362,0.0027520358562469482,0.5926216840744019,0.3960089087486267,-0.007145446725189686,0.5241774916648865,0.45822998881340027,-0.02804495394229889,0.5450428128242493,0.43427056074142456,-0.013126431033015251,0.6160503625869751,0.4109991490840912,0.03429483249783516,0.5441346168518066,0.41603535413742065,-0.008709101006388664,0.5478236675262451,0.4507047235965729,-0.010479848831892014,0.583283543586731,0.40633484721183777,-0.005532652139663696,0.5393840670585632,0.44324231147766113,-0.02426750957965851,0.6079497337341309,0.4695527255535126,0.04262090101838112,0.5503800511360168,0.40532001852989197,-0.004752748180180788,0.5331636667251587,0.4384632706642151,-0.02903880551457405,0.580110490322113,0.5092341303825378,0.014765980653464794,0.5811070799827576,0.5184195041656494,0.02559058926999569,0.6070891618728638,0.44845834374427795,0.022082824259996414,0.5903772115707397,0.49880945682525635,0.01876072958111763,0.6060154438018799,0.3948695659637451,0.009411200881004333,0.5490778088569641,0.5339422821998596,0.005124812945723534,0.5245158672332764,0.4598642587661743,-0.019898680970072746,0.551067590713501,0.4404343068599701,-0.011705255135893822,0.6022743582725525,0.4080917239189148,0.0036812752950936556,0.5688351988792419,0.4113793671131134,-0.009505433030426502,0.5630152225494385,0.41086292266845703,-0.009721910580992699,0.5538727045059204,0.4910946488380432,-0.002523694885894656,0.5963567495346069,0.4627370834350586,0.006540336646139622,0.5378217101097107,0.5429322123527527,0.009661546908318996,0.5586660504341125,0.534443199634552,0.015696406364440918,0.5687502026557922,0.5281652212142944,0.019957317039370537,0.5581446290016174,0.409029096364975,-0.008689346723258495,0.5538514852523804,0.4064125120639801,-0.006873279809951782,0.5514006614685059,0.40541374683380127,-0.00512860668823123,0.5993630886077881,0.3922828137874603,-0.0026387625839561224,0.5553837418556213,0.4061398506164551,-0.008623980917036533,0.5605056285858154,0.40865832567214966,-0.010765795595943928,0.5656791925430298,0.41029009222984314,-0.011766399256885052,0.5711895227432251,0.4103676676750183,-0.011426465585827827,0.5750899314880371,0.40985623002052307,-0.010142053477466106,0.6144164800643921,0.39079877734184265,0.023423615843057632,0.5733622908592224,0.4107666611671448,-0.008573018014431,0.5457541346549988,0.4706791937351227,-0.011993336491286755,0.5382600426673889,0.4554213285446167,-0.01953781023621559,0.5324691534042358,0.46838444471359253,-0.014903013594448566,0.5693506598472595,0.5191460251808167,0.012505417689681053,0.5594408512115479,0.5266398191452026,0.009270735085010529,0.5372989773750305,0.5383294820785522,0.0024258671328425407,0.5917019844055176,0.5065655708312988,0.03299501910805702,0.5520191788673401,0.4052284061908722,-0.006377535872161388,0.5353959202766418,0.42290014028549194,-0.019348999485373497,0.548450231552124,0.5397486686706543,0.011198208667337894,0.6039907336235046,0.46695417165756226,0.023379206657409668,0.5405158996582031,0.48851248621940613,-0.006741106044501066,0.5412999391555786,0.491780549287796,-0.007503022905439138,0.5419591665267944,0.4960314929485321,-0.008476922288537025,0.5423330068588257,0.5009821653366089,-0.007553070317953825,0.5429357290267944,0.5080422163009644,-0.0032410728745162487,0.5517767071723938,0.4867151975631714,-0.0044292244128882885,0.5530622005462646,0.48578181862831116,-0.004954718053340912,0.5542122721672058,0.4847975969314575,-0.005510581657290459,0.5592748522758484,0.4804672598838806,-0.006116855889558792,0.5859861373901367,0.46646782755851746,-0.002439719159156084,0.5370717644691467,0.4143645465373993,-0.014695798978209496,0.5451518297195435,0.39774852991104126,-0.0072894650511443615,0.5495681762695312,0.3993351459503174,-0.006551701109856367,0.5504251718521118,0.48761165142059326,-0.003592338180169463,0.5869940519332886,0.48651111125946045,0.007775216829031706,0.5375980734825134,0.3979257047176361,-0.013250656425952911,0.5459328889846802,0.5167071223258972,-0.0004349307855591178,0.530381977558136,0.418359637260437,-0.022456225007772446,0.539337694644928,0.4360325336456299,-0.019362429156899452,0.535098135471344,0.5206995606422424,-0.0012783434940502048,0.5620162487030029,0.5009633898735046,0.0015761718386784196,0.553543746471405,0.4575587213039398,-0.009585700929164886,0.5546315312385559,0.5100434422492981,0.0009579110192134976,0.5696360468864441,0.45811688899993896,-0.010640833526849747,0.5600919723510742,0.4661899209022522,-0.008923902176320553,0.5758604407310486,0.4716565012931824,-0.006221866235136986,0.5364224314689636,0.5306457877159119,-0.000920499733183533,0.5439413785934448,0.4405326843261719,-0.015788709744811058,0.5671799182891846,0.5090895891189575,0.006017131265252829,0.5576468110084534,0.5178519487380981,0.004887059330940247,0.5679942965507507,0.49063146114349365,-0.0006126504158601165,0.5944098830223083,0.4769240915775299,0.010427422821521759,0.5767565369606018,0.49431824684143066,0.0033258148469030857,0.5991230607032776,0.4837803840637207,0.023207711055874825,0.5661249756813049,0.47608014941215515,-0.006500139832496643,0.540174663066864,0.4285496473312378,-0.015958145260810852,0.535902202129364,0.45301494002342224,-0.026768187060952187,0.5409335494041443,0.4546397030353546,-0.02082231640815735,0.5321312546730042,0.44721466302871704,-0.030251095071434975,0.5499367713928223,0.3901420831680298,-0.010850880295038223,0.5597721934318542,0.3855181932449341,-0.014126401394605637,0.5685551166534424,0.38507163524627686,-0.015690375119447708,0.5763876438140869,0.3872421383857727,-0.014958730898797512,0.5825316905975342,0.39171695709228516,-0.01250320952385664,0.5880072712898254,0.4069408178329468,-0.0037973420694470406,0.6090590953826904,0.4304511547088623,0.019037581980228424,0.5809800624847412,0.41960206627845764,-0.006471510045230389,0.573156476020813,0.42181143164634705,-0.008104522712528706,0.5641368627548218,0.4212159514427185,-0.008479119278490543,0.5563430190086365,0.41823434829711914,-0.008072488009929657,0.5506686568260193,0.41450637578964233,-0.006580623332411051,0.5467702150344849,0.41156530380249023,-0.00630691135302186,0.614673376083374,0.42995381355285645,0.04024208337068558,0.5414379835128784,0.4563358724117279,-0.01774890348315239,0.5339274406433105,0.4304720461368561,-0.02345842309296131,0.5303524136543274,0.4534986913204193,-0.029790889471769333,0.5280771851539612,0.457464337348938,-0.026235567405819893,0.5312926173210144,0.4550008773803711,-0.02700975351035595,0.5403041243553162,0.4584220051765442,-0.014907684177160263,0.5263791680335999,0.4579959511756897,-0.027457335963845253,0.526667594909668,0.459560751914978,-0.02038831077516079,0.5478212237358093,0.40458905696868896,-0.004596015904098749,0.5438313484191895,0.40689271688461304,-0.006633422803133726,0.5404587388038635,0.4093937873840332,-0.009728782810270786,0.5777706503868103,0.40916311740875244,-0.00847296230494976,0.5822368264198303,0.40047240257263184,-0.008945994079113007,0.49975910782814026,0.4019303619861603,0.009904504753649235,0.5050631761550903,0.4021458029747009,0.009904504753649235,0.4999168813228607,0.39433714747428894,0.009904504753649235,0.4946170449256897,0.4017087519168854,0.009904504753649235,0.49970248341560364,0.40936747193336487,0.009904504753649235,0.5650001764297485,0.4082731604576111,-0.008408629335463047,0.570384681224823,0.40887486934661865,-0.008408629335463047,0.5655661225318909,0.4015132784843445,-0.008408629335463047,0.5598163604736328,0.40765225887298584,-0.008408629335463047,0.5644525289535522,0.41493692994117737,-0.008408629335463047
2199.9999999999986,0.5271746516227722,0.4785074293613434,-0.014953714795410633,0.5203586220741272,0.45348668098449707,-0.03142658621072769,0.5233970880508423,0.4612823724746704,-0.01621481217443943,0.5188183188438416,0.425201952457428,-0.023266326636075974,0.5203516483306885,0.44485050439834595,-0.03375065326690674,0.521748960018158,0.4335804283618927,-0.03186250478029251,0.5265358686447144,0.40599387884140015,-0.01741277426481247,0.4908217489719391,0.4037114977836609,0.0171017087996006,0.5285531878471375,0.38160738348960876,-0.014118937775492668,0.5287196636199951,0.36950114369392395,-0.015783991664648056,0.5316458940505981,0.32961398363113403,-0.012056754902005196,0.5270383954048157,0.4825276732444763,-0.014005398377776146,0.5270852446556091,0.4865324795246124,-0.012016785331070423,0.5273359417915344,0.48905399441719055,-0.009075895883142948,0.5273162722587585,0.48889896273612976,-0.0074755060486495495,0.52690589427948,0.4934869110584259,-0.00795955490320921,0.5265532732009888,0.49879151582717896,-0.008964828215539455,0.5264208316802979,0.5041286945343018,-0.007835185155272484,0.5252248048782349,0.5121196508407593,-0.0021309040021151304,0.5212525129318237,0.4578055441379547,-0.028289368376135826,0.5171709060668945,0.4569736421108246,-0.019102677702903748,0.47983962297439575,0.36705154180526733,0.049262553453445435,0.5071315169334412,0.4108365476131439,0.0069284578785300255,0.5014122724533081,0.41173088550567627,0.009058024734258652,0.4961130917072296,0.41091394424438477,0.012204446829855442,0.4895296096801758,0.40521231293678284,0.0190126895904541,0.5118133425712585,0.40832895040512085,0.006055581383407116,0.4987894296646118,0.38194164633750916,0.0060599069111049175,0.5053163170814514,0.38392218947410583,0.004049756098538637,0.4929327666759491,0.3829781115055084,0.009797563776373863,0.4892660975456238,0.38691431283950806,0.013278813101351261,0.48642003536224365,0.40867477655410767,0.023241210728883743,0.5073609352111816,0.5193727612495422,0.011082769371569157,0.4891626238822937,0.4009990692138672,0.01965370588004589,0.4782171845436096,0.4023745059967041,0.05408986285328865,0.4829171895980835,0.4000013470649719,0.030660247430205345,0.4993710219860077,0.4421162009239197,0.0035013568121939898,0.519952654838562,0.4756898880004883,-0.012224151752889156,0.5206400752067566,0.4853096604347229,-0.009224159643054008,0.5134573578834534,0.47715824842453003,-0.006345977075397968,0.5093193650245667,0.47880348563194275,0.0001294507528655231,0.5155676007270813,0.48417985439300537,-0.0048716021701693535,0.5117752552032471,0.4833616614341736,0.000760537339374423,0.5025855898857117,0.4910088777542114,0.012260849587619305,0.515914261341095,0.45283031463623047,-0.02990531735122204,0.5151804685592651,0.44450441002845764,-0.03181525692343712,0.48294293880462646,0.3726258873939514,0.01724858209490776,0.5117847323417664,0.4230656921863556,-0.0008797571063041687,0.5068881511688232,0.4483204782009125,-0.012064971961081028,0.5073400139808655,0.4437543749809265,-0.010329651646316051,0.4847075939178467,0.439084529876709,0.016219783574342728,0.5168472528457642,0.43406224250793457,-0.028493676334619522,0.49288058280944824,0.36243563890457153,0.0023849860299378633,0.4865265190601349,0.3654584288597107,0.009797281585633755,0.4827299118041992,0.35254597663879395,0.03519982099533081,0.5161307454109192,0.37389010190963745,-0.009334803558886051,0.5108590126037598,0.3886902928352356,0.0043716877698898315,0.4986262917518616,0.4821323752403259,0.014420595020055771,0.4892352223396301,0.47691237926483154,0.07220973074436188,0.5109224319458008,0.4535598158836365,-0.010997981764376163,0.5150012373924255,0.45673415064811707,-0.012874173000454903,0.5045174360275269,0.4814636707305908,0.012761926278471947,0.506005048751831,0.4820668399333954,0.010266140103340149,0.48461300134658813,0.3585200011730194,0.013075420632958412,0.5074758529663086,0.4514513313770294,-0.008757004514336586,0.5021989345550537,0.3644148111343384,-0.004226872697472572,0.5014260411262512,0.3564515709877014,-0.005633007735013962,0.4998584985733032,0.3334181308746338,0.004743553232401609,0.48354291915893555,0.3598920702934265,0.02262604795396328,0.5009076595306396,0.348680317401886,-0.0008631324744783342,0.48115265369415283,0.36802780628204346,0.02297261543571949,0.48031944036483765,0.3717063367366791,0.035260479897260666,0.5200415253639221,0.4809139668941498,-0.011296771466732025,0.5144203901290894,0.4808558523654938,-0.005775477737188339,0.5104293823242188,0.48109278082847595,-5.399822475737892e-05,0.5122851133346558,0.455075740814209,-0.010147906839847565,0.5052609443664551,0.4817735254764557,0.01136612705886364,0.5074293613433838,0.485382080078125,0.007141010835766792,0.5067711472511292,0.4824078679084778,0.009951142594218254,0.5118672251701355,0.4518880546092987,-0.019407397136092186,0.5129406452178955,0.48503533005714417,0.001604405464604497,0.5166765451431274,0.4864655137062073,-0.0025463998317718506,0.5214864611625671,0.4879380464553833,-0.006373303011059761,0.517827033996582,0.5105183720588684,4.5493958168663085e-05,0.5190825462341309,0.5024011135101318,-0.00535538699477911,0.5194679498672485,0.49702727794647217,-0.0062028500251472,0.5203366875648499,0.49189096689224243,-0.005128956865519285,0.5214093923568726,0.48778703808784485,-0.004734489601105452,0.5128138661384583,0.48508739471435547,0.0028053470887243748,0.5114350318908691,0.4867795407772064,0.002163016004487872,0.5099417567253113,0.489162415266037,0.001602351781912148,0.5088063478469849,0.49199530482292175,0.0031049575190991163,0.5024479627609253,0.4705914855003357,0.00232499185949564,0.4842066168785095,0.43727660179138184,0.08020572364330292,0.5222506523132324,0.4596647322177887,-0.020518245175480843,0.5101264715194702,0.48388954997062683,0.00710925180464983,0.5087406039237976,0.4845450520515442,0.006767776794731617,0.5166530609130859,0.46001243591308594,-0.01289590634405613,0.5096409320831299,0.4560702443122864,-0.005143795162439346,0.5158559679985046,0.45845457911491394,-0.013098497875034809,0.5060646533966064,0.42705199122428894,0.0031072143465280533,0.49673110246658325,0.43131715059280396,0.007566593121737242,0.507084846496582,0.44700202345848083,-0.006681813858449459,0.4887663424015045,0.34098005294799805,0.019679537042975426,0.4899129271507263,0.3517841100692749,0.010721517726778984,0.4914191961288452,0.35475069284439087,0.0035274114925414324,0.5062063932418823,0.4983060956001282,0.008295536041259766,0.514502227306366,0.36118757724761963,-0.011821597814559937,0.5138612985610962,0.3489205837249756,-0.009111396968364716,0.513664186000824,0.32999658584594727,-0.006096225697547197,0.4918140172958374,0.4087654650211334,0.015993226319551468,0.48209619522094727,0.41318291425704956,0.028296789154410362,0.5146600604057312,0.4059227406978607,0.006009403616189957,0.48547130823135376,0.3892303705215454,0.02032804861664772,0.5153985619544983,0.41819193959236145,-0.0042439536191523075,0.5087035298347473,0.4460998773574829,-0.018874771893024445,0.47778671979904175,0.41808584332466125,0.03715887665748596,0.4835861623287201,0.41971027851104736,0.02235308662056923,0.4888606369495392,0.42347949743270874,0.014936506748199463,0.4988238215446472,0.4231916666030884,0.009531264193356037,0.5066154599189758,0.4204574227333069,0.00579585786908865,0.5122142434120178,0.4169890880584717,0.0023380101192742586,0.5215617418289185,0.40775957703590393,-0.013379496522247791,0.47731372714042664,0.4347158670425415,0.03638327494263649,0.48279958963394165,0.3858087360858917,0.024314504116773605,0.5184641480445862,0.4572461247444153,-0.027154183015227318,0.5111234784126282,0.43123891949653625,-0.003350606421008706,0.4809545576572418,0.40124180912971497,0.07411154359579086,0.5162656903266907,0.4128982424736023,2.9754481147392653e-05,0.5075326561927795,0.4471494257450104,-0.00077919039176777,0.48759904503822327,0.3992529809474945,0.021502332761883736,0.5096237063407898,0.4404677450656891,-0.01681901142001152,0.4862208962440491,0.45654407143592834,0.07791749387979507,0.5149407386779785,0.40335604548454285,0.0073956698179244995,0.5129311084747314,0.43642592430114746,-0.023706059902906418,0.491961270570755,0.4975133538246155,0.03851153701543808,0.4957139492034912,0.506105899810791,0.049318522214889526,0.478255957365036,0.43638280034065247,0.058994170278310776,0.4871405363082886,0.486263632774353,0.0472419299185276,0.47906947135925293,0.3860781788825989,0.046459294855594635,0.5074417591094971,0.5266827940940857,0.015375719405710697,0.519969642162323,0.4591393768787384,-0.01962806098163128,0.5064619779586792,0.4364657402038574,0.00024106336059048772,0.4806930422782898,0.400899201631546,0.03805394843220711,0.49623432755470276,0.4071494936943054,0.012090516276657581,0.5012655258178711,0.4077165424823761,0.009446464478969574,0.5063209533691406,0.48648789525032043,0.008570621721446514,0.47878581285476685,0.4509350061416626,0.03864831104874611,0.5165033936500549,0.5384965538978577,0.014272942207753658,0.5051174163818359,0.5253312587738037,0.03031838871538639,0.5009534358978271,0.5172918438911438,0.03884553909301758,0.5299196243286133,0.34994277358055115,-0.014568016864359379,0.526771068572998,0.5417640209197998,0.009467597119510174,0.5062479376792908,0.4068925678730011,0.007779673673212528,0.5108160376548767,0.40508830547332764,0.007408782374113798,0.513606071472168,0.4039822816848755,0.00785868987441063,0.4809274971485138,0.3832497000694275,0.03127741813659668,0.5101571083068848,0.39990898966789246,0.006230760365724564,0.5052821636199951,0.3988409638404846,0.006359496153891087,0.5002566576004028,0.39851588010787964,0.008028190582990646,0.49538272619247437,0.3988005518913269,0.010956410318613052,0.49226289987564087,0.3996586501598358,0.013715156354010105,0.47921645641326904,0.38245096802711487,0.06320837885141373,0.4929792881011963,0.40560364723205566,0.014885174110531807,0.5238080024719238,0.4672165513038635,-0.014407035894691944,0.5071463584899902,0.46725574135780334,-0.00309905968606472,0.5104122161865234,0.45247384905815125,-0.013368137180805206,0.5161333084106445,0.46662265062332153,-0.011699694208800793,0.528243362903595,0.39392518997192383,-0.013693409971892834,0.4975907802581787,0.5085089802742004,0.031258244067430496,0.5025447607040405,0.5174002051353455,0.023674510419368744,0.5148817300796509,0.5339764356613159,0.00726206274703145,0.4922938644886017,0.4936964511871338,0.06160607188940048,0.5133659839630127,0.4019089937210083,0.006963755469769239,0.5168298482894897,0.4210072159767151,-0.013647332787513733,0.5256022214889526,0.5371959805488586,0.002728692488744855,0.5097880959510803,0.5327093601226807,0.02147478237748146,0.4803372025489807,0.45412972569465637,0.058329928666353226,0.5165758728981018,0.4864305853843689,-0.0010713018709793687,0.5151458382606506,0.489445298910141,-0.001570428954437375,0.5139510631561279,0.4933619797229767,-0.0022399681620299816,0.5131349563598633,0.4981520473957062,-0.0010950955329462886,0.5110228657722473,0.5052178502082825,0.003942502662539482,0.5088692903518677,0.4826151132583618,0.0060118334367871284,0.507552981376648,0.48138171434402466,0.006570599507540464,0.5065423846244812,0.48012369871139526,0.006858431734144688,0.4993465840816498,0.4755335748195648,0.008764641359448433,0.4823421239852905,0.45602166652679443,0.024512942880392075,0.5185967087745667,0.41247546672821045,-0.00847527664154768,0.518118679523468,0.3945572078227997,0.001114636892452836,0.5155273079872131,0.39665278792381287,0.004944332875311375,0.5102728009223938,0.4838176369667053,0.006361258216202259,0.4850280284881592,0.4751664102077484,0.034660033881664276,0.5217544436454773,0.393524169921875,-0.007800672203302383,0.5091980695724487,0.5119190216064453,0.00766071118414402,0.5233975052833557,0.4243425130844116,-0.026887116953730583,0.5200113654136658,0.41707539558410645,-0.019147614017128944,0.5248969793319702,0.41570374369621277,-0.021986186504364014,0.5124960541725159,0.4334465265274048,-0.012254474684596062,0.5250195264816284,0.5297242403030396,-0.0007505028625018895,0.5251052975654602,0.5204107165336609,-0.0013782589230686426,0.5163971185684204,0.5182718634605408,0.0020646280609071255,0.4992001950740814,0.4940987229347229,0.016842922195792198,0.5030897259712219,0.4530011713504791,0.002551550278440118,0.5039220452308655,0.5038803219795227,0.012644574046134949,0.49080511927604675,0.4505690336227417,0.00872728694230318,0.4979146718978882,0.4603345990180969,0.006017534527927637,0.4877241849899292,0.46272963285446167,0.015696397051215172,0.5147870779037476,0.5269308090209961,0.003716009669005871,0.5102731585502625,0.4375724792480469,-0.006940365303307772,0.49667617678642273,0.49992185831069946,0.02373700588941574,0.5022965669631958,0.5098899006843567,0.01811530441045761,0.4945972263813019,0.4832365810871124,0.018360327929258347,0.48139292001724243,0.46482357382774353,0.04078163579106331,0.4900408685207367,0.48437243700027466,0.025532394647598267,0.48325687646865845,0.4708121716976166,0.056028131395578384,0.49453940987586975,0.46943220496177673,0.011164168827235699,0.5141497254371643,0.4260600507259369,-0.00810217671096325,0.510054349899292,0.4502001106739044,-0.020377306267619133,0.508213460445404,0.4513598382472992,-0.013355243019759655,0.5114879608154297,0.4449971318244934,-0.02526845596730709,0.5133508443832397,0.3838147819042206,0.0004172887420281768,0.5041399598121643,0.37626105546951294,0.001714410143904388,0.49617475271224976,0.3744640350341797,0.004608056042343378,0.4901381731033325,0.37629902362823486,0.009365198202431202,0.48643410205841064,0.38098031282424927,0.014599187299609184,0.48570019006729126,0.39927980303764343,0.024901006370782852,0.47753700613975525,0.4192839562892914,0.057314302772283554,0.48825863003730774,0.4129626154899597,0.019522851333022118,0.4931736886501312,0.41600894927978516,0.014505527913570404,0.500195324420929,0.4167450964450836,0.01017540879547596,0.5071810483932495,0.415127694606781,0.006807792466133833,0.5124794840812683,0.4122580289840698,0.004904681816697121,0.5159631371498108,0.40957891941070557,0.0032518249936401844,0.4830590486526489,0.4191930592060089,0.07930629700422287,0.5089898109436035,0.4531867802143097,-0.010450997389853,0.5152502059936523,0.42853298783302307,-0.017871882766485214,0.512691080570221,0.4512878954410553,-0.02606881968677044,0.5162551403045654,0.45560863614082336,-0.024422863498330116,0.513420045375824,0.4526054263114929,-0.02314513362944126,0.5106863379478455,0.4555601179599762,-0.008915218524634838,0.5169231295585632,0.4565466046333313,-0.026156574487686157,0.5183274149894714,0.45837482810020447,-0.019349073991179466,0.5166459083557129,0.4030655026435852,0.0056812879629433155,0.5187627673149109,0.40472888946533203,0.0012161119375377893,0.5195105075836182,0.4061863124370575,-0.0031731470953673124,0.4903964698314667,0.40038782358169556,0.01638210192322731,0.4873214662075043,0.3918294310569763,0.01751716062426567,0.5286787748336792,0.42587316036224365,-0.02645222656428814,0.5768283009529114,0.4099521040916443,-0.006116246804594994,0.528685986995697,0.45809271931648254,-0.02157122828066349,0.6095800399780273,0.3729226887226105,0.01430802047252655,0.5569920539855957,0.41347670555114746,-0.00796018447726965,0.5632432699203491,0.4153633415699005,-0.008860533125698566,0.5698415040969849,0.41561493277549744,-0.008535307832062244,0.5802882313728333,0.41177037358283997,-0.005552917253226042,0.5521277785301208,0.40994179248809814,-0.005696324165910482,0.5671147108078003,0.3901326656341553,-0.012894743122160435,0.5603439211845398,0.390357106924057,-0.0109263826161623,0.5736960172653198,0.3920527398586273,-0.01207225862890482,0.5782509446144104,0.3958546221256256,-0.010328132659196854,0.5856643915176392,0.4155701994895935,-0.003110685385763645,0.548793375492096,0.5248637199401855,0.000293078541290015,0.579888105392456,0.4086785912513733,-0.004623862449079752,0.6092814207077026,0.4108785390853882,0.01811964437365532,0.5945842266082764,0.4081491529941559,0.001027847290970385,0.5593684911727905,0.4468364715576172,-0.011656702496111393,0.5354176163673401,0.47710561752319336,-0.016293805092573166,0.5347387790679932,0.4866354167461395,-0.013019077479839325,0.5439675450325012,0.48017042875289917,-0.014666959643363953,0.5498465895652771,0.4827349781990051,-0.011203227564692497,0.5417029857635498,0.48672857880592346,-0.012220536358654499,0.5473401546478271,0.48678070306777954,-0.008887154050171375,0.5571733713150024,0.49612221121788025,-0.0020974352955818176,0.5255743861198425,0.45370209217071533,-0.031940679997205734,0.5262760519981384,0.4453055262565613,-0.034270573407411575,0.5882353186607361,0.3857252597808838,-0.010770458728075027,0.5471464991569519,0.42547059059143066,-0.010769061744213104,0.5438148975372314,0.45126256346702576,-0.021420849487185478,0.5449972152709961,0.4465743899345398,-0.01999892294406891,0.5804344415664673,0.4467223882675171,-0.008688289672136307,0.5274121165275574,0.43475204706192017,-0.03162427991628647,0.5705471634864807,0.37582772970199585,-0.016966376453638077,0.5804439783096313,0.3793082535266876,-0.014487041160464287,0.600919783115387,0.3567669689655304,0.0038186258170753717,0.5424749255180359,0.3822908401489258,-0.01570890285074711,0.5545925498008728,0.39313042163848877,-0.007792086806148291,0.5624026656150818,0.48788386583328247,-0.0029130950570106506,0.6010756492614746,0.4882218837738037,0.0398048497736454,0.5393561124801636,0.4559837281703949,-0.01787981204688549,0.5340870022773743,0.4583243429660797,-0.016305502504110336,0.5579075217247009,0.486367404460907,-0.002247626893222332,0.5562979578971863,0.4866880178451538,-0.0030018980614840984,0.5849389433860779,0.37239164113998413,-0.012859731912612915,0.5448900461196899,0.45448169112205505,-0.01790291629731655,0.5582597851753235,0.3762432038784027,-0.0175474900752306,0.5590816736221313,0.3682456612586975,-0.019326942041516304,0.5698555111885071,0.3349049985408783,-0.013295773416757584,0.5929588079452515,0.36483365297317505,-0.00594721594825387,0.5637120008468628,0.3507513701915741,-0.016629865393042564,0.5937449932098389,0.38041365146636963,-0.007015380542725325,0.6014052629470825,0.37814778089523315,0.0027939968276768923,0.5351748466491699,0.48229295015335083,-0.015363248996436596,0.5428176522254944,0.48363447189331055,-0.013666613958775997,0.5486275553703308,0.48476076126098633,-0.01047960389405489,0.5380772352218628,0.45730096101760864,-0.01575402542948723,0.5570626258850098,0.48653143644332886,-0.002557051368057728,0.5531501770019531,0.48952457308769226,-0.0046572559513151646,0.5554307103157043,0.48686811327934265,-0.0029364051297307014,0.5347632169723511,0.4538823366165161,-0.025738874450325966,0.5463877320289612,0.4881942570209503,-0.007531407289206982,0.5407543778419495,0.4887447953224182,-0.009408083744347095,0.5343744158744812,0.4891304671764374,-0.010262154042720795,0.5341745018959045,0.5123323798179626,-0.0036252399440854788,0.5347481966018677,0.5037912130355835,-0.00939724687486887,0.5346447229385376,0.498386949300766,-0.01041364949196577,0.5345249176025391,0.4931645393371582,-0.009284073486924171,0.5343229174613953,0.4889855682849884,-0.008688141591846943,0.5463908314704895,0.48822954297065735,-0.0063071283511817455,0.5473904609680176,0.490032821893692,-0.006951892748475075,0.5485121607780457,0.49259787797927856,-0.007827731780707836,0.5493748188018799,0.4955112338066101,-0.00698253745213151,0.5533252954483032,0.4750214219093323,-0.010576632805168629,0.611799418926239,0.4474200904369354,0.044326797127723694,0.5507494211196899,0.4876835346221924,-0.004232142120599747,0.5518951416015625,0.4885052740573883,-0.004621149972081184,0.5319814682006836,0.46135252714157104,-0.016296550631523132,0.5434752702713013,0.4589664340019226,-0.012396861799061298,0.5329596996307373,0.4599294662475586,-0.016405053436756134,0.5541128516197205,0.43046945333480835,-0.01007914263755083,0.5646499395370483,0.4364173710346222,-0.010227317921817303,0.5467129945755005,0.45009034872055054,-0.01662914827466011,0.5881634950637817,0.34372878074645996,-0.005952918436378241,0.5809891223907471,0.35528579354286194,-0.012300035916268826,0.573114275932312,0.3678244948387146,-0.017078638076782227,0.5509461164474487,0.5028306245803833,-0.0034408720675855875,0.5438942313194275,0.3700312674045563,-0.01868351548910141,0.5473195910453796,0.35002610087394714,-0.017298540100455284,0.5516829490661621,0.33069801330566406,-0.01519699301570654,0.5762332081794739,0.41459187865257263,-0.0071394979022443295,0.5928665399551392,0.4206966161727905,-0.0009775366634130478,0.5492130517959595,0.4072555601596832,-0.004461880773305893,0.5859135389328003,0.3988606035709381,-0.006579816807061434,0.5423170328140259,0.41994747519493103,-0.012144176289439201,0.5387155413627625,0.4484686255455017,-0.026399824768304825,0.5998113751411438,0.4269273281097412,0.004084655083715916,0.586729109287262,0.4273090958595276,-0.005161159671843052,0.5771334171295166,0.43039050698280334,-0.008516640402376652,0.5645885467529297,0.42862069606781006,-0.008395732380449772,0.5558052062988281,0.42447972297668457,-0.007861681282520294,0.5493274331092834,0.4201446771621704,-0.007900815457105637,0.5325506329536438,0.4083636999130249,-0.01672564260661602,0.5979293584823608,0.44437527656555176,0.0034529867116361856,0.5922138690948486,0.39618250727653503,-0.005194708239287138,0.5244390368461609,0.45784100890159607,-0.02879038266837597,0.5455247759819031,0.4336307644844055,-0.012945948168635368,0.6155945062637329,0.4095149636268616,0.03695937991142273,0.5442638397216797,0.41560178995132446,-0.007949369959533215,0.5484339594841003,0.4503307044506073,-0.010716482996940613,0.5830089449882507,0.406639963388443,-0.003958420362323523,0.539997935295105,0.44270026683807373,-0.024494238197803497,0.6077969074249268,0.467513769865036,0.04350820556282997,0.5499564409255981,0.4053480625152588,-0.0035152153577655554,0.533599853515625,0.4379262626171112,-0.029260551556944847,0.5803690552711487,0.5077012777328491,0.013879232108592987,0.5815649032592773,0.5167161226272583,0.02475670725107193,0.60711270570755,0.4467342793941498,0.023054908961057663,0.5904488563537598,0.497086763381958,0.018247928470373154,0.6059776544570923,0.39346933364868164,0.011870021000504494,0.5499180555343628,0.5327335596084595,0.0036490976344794035,0.5247884392738342,0.4595390260219574,-0.02062992937862873,0.5516082644462585,0.4398018717765808,-0.01159246638417244,0.6020470857620239,0.4084590673446655,0.005449383985251188,0.5688490867614746,0.4115292727947235,-0.008243685588240623,0.563015341758728,0.4110844135284424,-0.008532881736755371,0.5542954206466675,0.49078917503356934,-0.004051242023706436,0.5964892506599426,0.4612172245979309,0.00678473524749279,0.5388995409011841,0.5418825149536133,0.007864532060921192,0.5596510767936707,0.5330591797828674,0.014279457740485668,0.569517970085144,0.5266163349151611,0.01877785474061966,0.5580556392669678,0.4092773199081421,-0.0075096688233315945,0.5536362528800964,0.4065994620323181,-0.005679026246070862,0.5510790348052979,0.4055223762989044,-0.0038852214347571135,0.5988869071006775,0.39262673258781433,-0.0004931985749863088,0.5549794435501099,0.40628427267074585,-0.0073090605437755585,0.5601288080215454,0.40892040729522705,-0.009418006986379623,0.565325140953064,0.4105263948440552,-0.010363245382905006,0.5708755254745483,0.41056811809539795,-0.009974920190870762,0.5748164057731628,0.41009393334388733,-0.008675871416926384,0.6141255497932434,0.3895837068557739,0.026620736345648766,0.5733161568641663,0.4109172523021698,-0.007222250569611788,0.5461860299110413,0.47055959701538086,-0.012890544719994068,0.5388906598091125,0.45490762591362,-0.01994876004755497,0.5328582525253296,0.468124657869339,-0.015798691660165787,0.5699189305305481,0.5177536606788635,0.011307788081467152,0.5601719617843628,0.5253320336341858,0.00791330449283123,0.5381661653518677,0.5373866558074951,0.0008303189533762634,0.5918986797332764,0.5047086477279663,0.032613977789878845,0.5515989661216736,0.40523624420166016,-0.005087941884994507,0.5357105135917664,0.42224258184432983,-0.01900077797472477,0.549527108669281,0.5385251045227051,0.00958371814340353,0.6040424108505249,0.46513521671295166,0.023848239332437515,0.5407373905181885,0.4886733591556549,-0.007956255227327347,0.5415080189704895,0.491786390542984,-0.008684606291353703,0.542140781879425,0.49582114815711975,-0.009749837219715118,0.5425156354904175,0.5006029605865479,-0.008887804113328457,0.5433710217475891,0.5085639357566833,-0.004579943139106035,0.5521383285522461,0.4866485297679901,-0.005871245637536049,0.5533941388130188,0.48565107583999634,-0.006387330591678619,0.5545022487640381,0.48462262749671936,-0.006893453653901815,0.5591973662376404,0.4807596206665039,-0.00726748863235116,0.586062490940094,0.4651760458946228,-0.002467875834554434,0.5373450517654419,0.4136292338371277,-0.014034679159522057,0.5448740124702454,0.39737099409103394,-0.006049657240509987,0.5492159128189087,0.39906156063079834,-0.005247111432254314,0.5508407950401306,0.487594872713089,-0.005027723032981157,0.5869908928871155,0.48507604002952576,0.007379730697721243,0.5375717878341675,0.39723655581474304,-0.012074238620698452,0.5464579463005066,0.5164406895637512,-0.0017541744746267796,0.530572772026062,0.41772547364234924,-0.022010836750268936,0.5398129820823669,0.4354310631752014,-0.019332749769091606,0.5356459021568298,0.5206674933433533,-0.002495573600754142,0.5623713135719299,0.5007849335670471,0.0002797777415253222,0.5540846586227417,0.457120418548584,-0.009916831739246845,0.5551396012306213,0.5097466707229614,-0.0004195145738776773,0.5699089765548706,0.4572378695011139,-0.010714401490986347,0.5603898763656616,0.4657030999660492,-0.009496597573161125,0.5759161710739136,0.4706946909427643,-0.006569079123437405,0.5371160507202148,0.5299887657165527,-0.0023162872530519962,0.5445109605789185,0.439971387386322,-0.01581718400120735,0.5676876902580261,0.5082074403762817,0.0048270458355546,0.5582882165908813,0.5169491171836853,0.003567678853869438,0.5681287050247192,0.4904419779777527,-0.0016367777716368437,0.5944621562957764,0.4753238558769226,0.010350719094276428,0.576931357383728,0.49334409832954407,0.002520859008654952,0.5991953611373901,0.4819450080394745,0.023176992312073708,0.5661067962646484,0.4757852554321289,-0.007261753547936678,0.5405775904655457,0.42788782715797424,-0.0157012902200222,0.5364835858345032,0.4524541199207306,-0.02721337415277958,0.5416153073310852,0.4541478753089905,-0.02125755324959755,0.5326231122016907,0.44670549035072327,-0.030673593282699585,0.5495399236679077,0.3898264169692993,-0.009396619163453579,0.5593345165252686,0.3851073086261749,-0.012513123452663422,0.5680807828903198,0.384562611579895,-0.014001299627125263,0.5758949518203735,0.3867737352848053,-0.013216272927820683,0.582087516784668,0.39150339365005493,-0.010695922188460827,0.5877775549888611,0.40718063712120056,-0.0021875714883208275,0.609025239944458,0.4288260340690613,0.02050543762743473,0.5811469554901123,0.41959255933761597,-0.005346639081835747,0.5734230875968933,0.421630322933197,-0.007139535620808601,0.5644198060035706,0.4211852252483368,-0.0076329633593559265,0.5565187335014343,0.41830259561538696,-0.007261179853230715,0.5506962537765503,0.4144931733608246,-0.00572498282417655,0.5467199087142944,0.41138723492622375,-0.005421538837254047,0.6142210960388184,0.42826521396636963,0.04237234219908714,0.5421027541160583,0.4559442698955536,-0.018190570175647736,0.5342631340026855,0.4298662841320038,-0.02338966727256775,0.5307860970497131,0.45299896597862244,-0.03036884404718876,0.5284234285354614,0.45701032876968384,-0.026916153728961945,0.5317196846008301,0.45448532700538635,-0.027570487931370735,0.5409035682678223,0.4581223130226135,-0.015397598035633564,0.5266932845115662,0.4575746953487396,-0.02818269468843937,0.52699875831604,0.4592036306858063,-0.021083611994981766,0.5474846363067627,0.40443506836891174,-0.003426845883950591,0.5436978936195374,0.4065699577331543,-0.005629611201584339,0.540498673915863,0.40881553292274475,-0.008836222812533379,0.577506959438324,0.4094322621822357,-0.006970902904868126,0.5818742513656616,0.4005171060562134,-0.007359200157225132,0.4996908903121948,0.402675986289978,0.010766016319394112,0.5051164627075195,0.4027230441570282,0.010766016319394112,0.49971818923950195,0.39491724967956543,0.010766016319394112,0.4943987727165222,0.4025973081588745,0.010766016319394112,0.4997657239437103,0.41028717160224915,0.010766016319394112,0.5631910562515259,0.4080498516559601,-0.007070500403642654,0.5683803558349609,0.40842729806900024,-0.007070500403642654,0.5635860562324524,0.4014786183834076,-0.007070500403642654,0.558197021484375,0.40764331817626953,-0.007070500403642654,0.5628160238265991,0.41450610756874084,-0.007070500403642654
2233.333333333332,0.530066967010498,0.4741916358470917,-0.01365719549357891,0.5264054536819458,0.4521368741989136,-0.03034369647502899,0.5288634300231934,0.4599441885948181,-0.015305164270102978,0.5249601602554321,0.4234977066516876,-0.022975057363510132,0.5265924334526062,0.44328922033309937,-0.032745007425546646,0.5279895663261414,0.4318823516368866,-0.031054994091391563,0.5324244499206543,0.40429210662841797,-0.017462098971009254,0.4968945384025574,0.4011562764644623,0.015036803670227528,0.5344698429107666,0.37948790192604065,-0.014636889100074768,0.5348333716392517,0.36702054738998413,-0.016559956595301628,0.5382148027420044,0.3257691562175751,-0.0139933405444026,0.5298873782157898,0.4783155620098114,-0.01271696388721466,0.5299144983291626,0.4825398921966553,-0.010787027888000011,0.53017657995224,0.48521915078163147,-0.008000649511814117,0.5299493670463562,0.4852258861064911,-0.006972861476242542,0.5294393301010132,0.48978933691978455,-0.00750993937253952,0.5290308594703674,0.49510520696640015,-0.00851019099354744,0.5288833975791931,0.5004585385322571,-0.007515255361795425,0.5295073390007019,0.5074270367622375,-0.0019699742551892996,0.5270975828170776,0.4565487205982208,-0.027219293639063835,0.5230686068534851,0.45566326379776,-0.018375622108578682,0.4840575158596039,0.36390113830566406,0.04553548991680145,0.5115048885345459,0.4085821807384491,0.005478363484144211,0.5059028267860413,0.40925872325897217,0.0074815829284489155,0.5008580684661865,0.40815064311027527,0.010481568984687328,0.49483340978622437,0.40324875712394714,0.016974488273262978,0.5165272951126099,0.40615975856781006,0.004828182514756918,0.505082368850708,0.3810372054576874,0.0042770118452608585,0.5113229751586914,0.3826608955860138,0.0024181006010621786,0.49929729104042053,0.3820699453353882,0.007879389449954033,0.49549946188926697,0.38567012548446655,0.011226121336221695,0.49078261852264404,0.4067048728466034,0.021230245009064674,0.511137068271637,0.5164816975593567,0.01066599227488041,0.4953852891921997,0.39889320731163025,0.017513921484351158,0.48138517141342163,0.40029340982437134,0.050967320799827576,0.4867100119590759,0.3989807963371277,0.02823369950056076,0.5042086243629456,0.4406990706920624,0.002855441765859723,0.5228024125099182,0.4715454876422882,-0.011202584020793438,0.5235617160797119,0.4814978837966919,-0.00820885505527258,0.5160857439041138,0.47348105907440186,-0.005655908957123756,0.5119272470474243,0.47582903504371643,0.0005233102128840983,0.5185005068778992,0.4807473421096802,-0.0041144732385873795,0.514756977558136,0.4804423749446869,0.0012768710730597377,0.507258951663971,0.4874718487262726,0.012151947245001793,0.5220454931259155,0.45146697759628296,-0.028967715799808502,0.5215126276016235,0.44288960099220276,-0.030976833775639534,0.4891720116138458,0.3732040226459503,0.014874587766826153,0.5170153975486755,0.42184028029441833,-0.0014729141257703304,0.5129311680793762,0.44700416922569275,-0.011979561299085617,0.513338029384613,0.4424041211605072,-0.010380107909440994,0.488534152507782,0.4374588429927826,0.015003292821347713,0.5231758952140808,0.43234723806381226,-0.027920108288526535,0.5004675984382629,0.36325275897979736,0.0006321677938103676,0.493618369102478,0.36628296971321106,0.00775941414758563,0.4877581000328064,0.3487545847892761,0.03156980499625206,0.5232565402984619,0.37415778636932373,-0.010282346047461033,0.5166293382644653,0.387034147977829,0.002844832371920347,0.5031435489654541,0.478935182094574,0.014114831574261189,0.4904193580150604,0.4770708978176117,0.07063870877027512,0.5168063640594482,0.4523380398750305,-0.01078720297664404,0.5208033919334412,0.4554189145565033,-0.012272615917026997,0.5075635313987732,0.4799595773220062,0.01271822676062584,0.5091460347175598,0.48032593727111816,0.010375146754086018,0.4917465150356293,0.3595271706581116,0.010729163885116577,0.513323187828064,0.4501214027404785,-0.008661205880343914,0.5100381374359131,0.3649965822696686,-0.005632154643535614,0.5095850229263306,0.35702818632125854,-0.007197254337370396,0.5062885284423828,0.3291283845901489,0.001806918764486909,0.48880133032798767,0.35601305961608887,0.0195604357868433,0.5073193311691284,0.3446676731109619,-0.003198176622390747,0.48724257946014404,0.3687766492366791,0.020248286426067352,0.4848383367061615,0.36841192841529846,0.031902335584163666,0.5228997468948364,0.47689273953437805,-0.010255495086312294,0.5171881914138794,0.47733697295188904,-0.0050298795104026794,0.5132178664207458,0.47818028926849365,0.0004371624090708792,0.5180784463882446,0.4538029730319977,-0.009791957214474678,0.5083523392677307,0.4801539480686188,0.011430111713707447,0.5103114247322083,0.4831154942512512,0.0072549632750451565,0.5099846124649048,0.48055392503738403,0.010086522437632084,0.5179005861282349,0.4506763219833374,-0.01898886449635029,0.5160840749740601,0.48209142684936523,0.002090326976031065,0.5197446942329407,0.48306819796562195,-0.001869089319370687,0.5244776606559753,0.4842468798160553,-0.005502405576407909,0.5222617983818054,0.5060515403747559,9.247525304090232e-05,0.5215943455696106,0.4988618493080139,-0.0051818848587572575,0.5220327377319336,0.49348971247673035,-0.005951920058578253,0.523009181022644,0.48830151557922363,-0.004876649007201195,0.5242171883583069,0.4842590391635895,-0.004403268452733755,0.5158231258392334,0.48216909170150757,0.0029496734496206045,0.5143207311630249,0.4839160144329071,0.0022469735704362392,0.5126928687095642,0.4863441586494446,0.001664753188379109,0.5114398002624512,0.4892059564590454,0.0031348252668976784,0.5074363946914673,0.46848446130752563,0.002520908135920763,0.4857757091522217,0.4366666376590729,0.07756216078996658,0.5279114246368408,0.45834261178970337,-0.019578764215111732,0.513241708278656,0.4814009964466095,0.007233783137053251,0.5117388963699341,0.4821687936782837,0.006879470776766539,0.5223827362060547,0.4586298167705536,-0.012219810858368874,0.515248715877533,0.45468059182167053,-0.004938764963299036,0.5216358304023743,0.45709511637687683,-0.012449135072529316,0.5109683871269226,0.42585015296936035,0.0023838263005018234,0.5012609958648682,0.42988136410713196,0.006706173066049814,0.5128870606422424,0.44564661383628845,-0.006761247757822275,0.49459823966026306,0.3368138074874878,0.016372766345739365,0.4958367645740509,0.34760451316833496,0.007980608381330967,0.49928224086761475,0.35552316904067993,0.0014532431960105896,0.5107986927032471,0.49446314573287964,0.008221713826060295,0.5221975445747375,0.3612326383590698,-0.012972432188689709,0.5204238891601562,0.345260888338089,-0.01102110929787159,0.5203443169593811,0.32584312558174133,-0.008549460209906101,0.4968964457511902,0.40630996227264404,0.014100692234933376,0.48560023307800293,0.4113246500492096,0.02612849324941635,0.5198160409927368,0.4037191569805145,0.004783910233527422,0.4909028708934784,0.3883192837238312,0.018043257296085358,0.520819365978241,0.4168151021003723,-0.004719662945717573,0.5148524045944214,0.44473427534103394,-0.018589720129966736,0.481326162815094,0.4163239300251007,0.03480749949812889,0.48744291067123413,0.4175149202346802,0.02049175277352333,0.4928845763206482,0.4211445450782776,0.01345229521393776,0.5027007460594177,0.4213779866695404,0.00845723133534193,0.5106127858161926,0.4188987612724304,0.004873909056186676,0.5166619420051575,0.41535913944244385,0.001563635072670877,0.5273963809013367,0.4060525894165039,-0.013656548224389553,0.4804524779319763,0.43331044912338257,0.03437453508377075,0.48773401975631714,0.3855218291282654,0.021770816296339035,0.5243824124336243,0.4559555947780609,-0.026194043457508087,0.5165774822235107,0.42996540665626526,-0.003784309606999159,0.48357632756233215,0.3994060158729553,0.07075966149568558,0.5211764574050903,0.4109126031398773,-0.000685395032633096,0.5130872130393982,0.44585660099983215,-0.001026472426019609,0.4932290315628052,0.3977232873439789,0.019325628876686096,0.5157296657562256,0.4390612244606018,-0.016682637855410576,0.4875912070274353,0.45646175742149353,0.07577920705080032,0.5203834772109985,0.4008558690547943,0.005998070817440748,0.5191568732261658,0.43480926752090454,-0.023337343707680702,0.49433964490890503,0.49646052718162537,0.03738266974687576,0.4975415766239166,0.5056283473968506,0.04851037636399269,0.4806578755378723,0.43537312746047974,0.05647331848740578,0.4890144169330597,0.48566779494285583,0.04581041634082794,0.48296067118644714,0.3834274411201477,0.043129365891218185,0.511021077632904,0.5237752795219421,0.014938139356672764,0.5257472991943359,0.4578063488006592,-0.018762843683362007,0.5116382837295532,0.4351882338523865,-0.0002748717088252306,0.4835820198059082,0.4001123309135437,0.03534455597400665,0.5016120076179504,0.4039869010448456,0.010233504697680473,0.506198525428772,0.4047476649284363,0.007756106089800596,0.5091125965118408,0.4843159317970276,0.0086464062333107,0.4814687967300415,0.4498840570449829,0.03688913211226463,0.5199533104896545,0.5347732901573181,0.01430885773152113,0.5081501603126526,0.5234092473983765,0.029912272468209267,0.503460705280304,0.5161484479904175,0.0382678359746933,0.536402702331543,0.3466687798500061,-0.016002388671040535,0.5298098921775818,0.5376866459846497,0.00975861493498087,0.5109920501708984,0.4041382968425751,0.006246145814657211,0.5157358646392822,0.40256673097610474,0.005986031610518694,0.5187962651252747,0.4015803635120392,0.006460780277848244,0.48538458347320557,0.3832874298095703,0.02844175137579441,0.515527069568634,0.3971084952354431,0.004643634893000126,0.5106887221336365,0.3960014581680298,0.004723007790744305,0.506018340587616,0.3956891894340515,0.006229730322957039,0.501469075679779,0.39625388383865356,0.009031922556459904,0.4984777569770813,0.39730653166770935,0.011687146499752998,0.48273542523384094,0.3799469470977783,0.05960553139448166,0.4987521767616272,0.40262076258659363,0.012926069088280201,0.5291612148284912,0.4658028185367584,-0.013380111195147038,0.5125308036804199,0.465508371591568,-0.0026980640832334757,0.5163911581039429,0.451286256313324,-0.01310968492180109,0.5217395424842834,0.46513402462005615,-0.01091996394097805,0.5340284109115601,0.39213627576828003,-0.014074754901230335,0.5005807876586914,0.5069658756256104,0.030423689633607864,0.5058407783508301,0.5152980089187622,0.023046962916851044,0.5185174345970154,0.5303176641464233,0.007136011961847544,0.49363452196121216,0.49366509914398193,0.06055145338177681,0.5188499689102173,0.3991314768791199,0.005484119988977909,0.5226526260375977,0.41937530040740967,-0.013789423741400242,0.5288951396942139,0.5330323576927185,0.0029089718591421843,0.5131865739822388,0.5298283696174622,0.021245241165161133,0.4824177622795105,0.45357704162597656,0.05615648254752159,0.5194704532623291,0.4831467866897583,-0.0008516596863046288,0.5179092288017273,0.486166775226593,-0.0014438239159062505,0.5165900588035583,0.49009814858436584,-0.002157128183171153,0.5156569480895996,0.494880735874176,-0.0010395206045359373,0.515580952167511,0.5009860396385193,0.003946466837078333,0.5118988156318665,0.4802801311016083,0.006341306958347559,0.5104447603225708,0.47913888096809387,0.006827103439718485,0.509279727935791,0.47789496183395386,0.0070262933149933815,0.5039249658584595,0.4728568196296692,0.008654609322547913,0.4852921664714813,0.45468711853027344,0.02324560470879078,0.5242414474487305,0.41088762879371643,-0.008852190338075161,0.5237941145896912,0.39279067516326904,-5.408420111052692e-05,0.5211077332496643,0.3945777118206024,0.003570393193513155,0.513467013835907,0.4813699722290039,0.006679535377770662,0.48754262924194336,0.4740767478942871,0.033356569707393646,0.5275248885154724,0.3918401598930359,-0.008578183129429817,0.5132176876068115,0.508617639541626,0.007425027433782816,0.529513955116272,0.42265641689300537,-0.026365848258137703,0.5260189175605774,0.41537022590637207,-0.019134990870952606,0.5308988094329834,0.41402408480644226,-0.021791065111756325,0.5183320045471191,0.4320220351219177,-0.012327000498771667,0.5286279320716858,0.5256906747817993,-0.0006617573671974242,0.5290406942367554,0.5161663293838501,-0.0013493542792275548,0.520405650138855,0.5144202709197998,0.0018946572672575712,0.5033946633338928,0.4914371073246002,0.016455085948109627,0.5083311796188354,0.4515792429447174,0.0022538418415933847,0.5081124901771545,0.5010006427764893,0.012344933114945889,0.49488401412963867,0.44892457127571106,0.00790809839963913,0.5025593638420105,0.4585984945297241,0.005680873524397612,0.4911612570285797,0.4610608220100403,0.014730822294950485,0.5185852646827698,0.5233816504478455,0.003526181448251009,0.5159866213798523,0.4363115429878235,-0.007160836365073919,0.5003195405006409,0.49784746766090393,0.023069793358445168,0.5060504078865051,0.5074689984321594,0.017560912296175957,0.4986362159252167,0.48082464933395386,0.01776949129998684,0.4837862253189087,0.46398285031318665,0.03920114412903786,0.4932735562324524,0.4826498031616211,0.024592971429228783,0.48508235812187195,0.4704538583755493,0.054214827716350555,0.498623251914978,0.46724385023117065,0.010719824582338333,0.5198013186454773,0.42462432384490967,-0.008394764736294746,0.5161581635475159,0.44894006848335266,-0.019989194348454475,0.5142148733139038,0.45011237263679504,-0.013118436560034752,0.5177625417709351,0.443496972322464,-0.024687325581908226,0.5196722745895386,0.3829185366630554,-0.000990985194221139,0.5108190774917603,0.3756706118583679,0.00014773196016903967,0.503007709980011,0.3739441931247711,0.002892598742619157,0.4967627227306366,0.3756624162197113,0.007440026383846998,0.4926086664199829,0.3802422881126404,0.012457083910703659,0.49039021134376526,0.3981301188468933,0.02267797850072384,0.4802660346031189,0.4177476763725281,0.05446305498480797,0.4926937222480774,0.4107767343521118,0.01767042838037014,0.4974197745323181,0.4135591983795166,0.012971470132470131,0.5042765140533447,0.41460365056991577,0.00890218373388052,0.5113140940666199,0.41328302025794983,0.005607746075838804,0.5170376300811768,0.41051220893859863,0.003920631483197212,0.5208903551101685,0.4076870381832123,0.0023015327751636505,0.4849778711795807,0.41794589161872864,0.07624853402376175,0.5148589015007019,0.45189976692199707,-0.010234488174319267,0.5212756991386414,0.4269043207168579,-0.01779080741107464,0.5188718438148499,0.4499480426311493,-0.025381354615092278,0.5222178101539612,0.4543073773384094,-0.02359544299542904,0.5194741487503052,0.45134657621383667,-0.022520748898386955,0.5163903832435608,0.4542195498943329,-0.008620561100542545,0.5228745341300964,0.4552321135997772,-0.025243394076824188,0.524169921875,0.4570501446723938,-0.018546126782894135,0.5220580101013184,0.4007772207260132,0.004438417032361031,0.5240054726600647,0.4026819169521332,0.0002677133015822619,0.5247796177864075,0.4039851129055023,-0.0038170062471181154,0.4966685473918915,0.3981793522834778,0.014318023808300495,0.4932064116001129,0.39044690132141113,0.015342721715569496,0.534507155418396,0.42428040504455566,-0.025792695581912994,0.57928866147995,0.4084756672382355,-0.0055748047307133675,0.5339529514312744,0.4568416476249695,-0.020551443099975586,0.613029956817627,0.37227004766464233,0.014031396247446537,0.5611572265625,0.41329145431518555,-0.007759743370115757,0.5672339797019958,0.4147583246231079,-0.00843370147049427,0.573363721370697,0.41470929980278015,-0.007940150797367096,0.5826210975646973,0.4107729494571686,-0.004832349251955748,0.5561122298240662,0.41029587388038635,-0.005614233668893576,0.5705304145812988,0.38895559310913086,-0.012597132474184036,0.5640446543693542,0.38945797085762024,-0.01091279648244381,0.576966404914856,0.39069071412086487,-0.011554361321032047,0.5814192295074463,0.394444078207016,-0.009747020900249481,0.5880632400512695,0.41518792510032654,-0.0021689203567802906,0.5511724352836609,0.5220158100128174,0.0009889532811939716,0.5819861888885498,0.4066814184188843,-0.004034283570945263,0.6122840642929077,0.41105887293815613,0.019109556451439857,0.5966309309005737,0.4083925485610962,0.001971820369362831,0.563576877117157,0.44593164324760437,-0.01071939617395401,0.5386094450950623,0.4730511009693146,-0.014866135083138943,0.5378097295761108,0.482893168926239,-0.011651433072984219,0.5477052927017212,0.47674858570098877,-0.013101612217724323,0.5537253022193909,0.48006510734558105,-0.009638129733502865,0.5450640320777893,0.4834313690662384,-0.010749096050858498,0.5508124232292175,0.48402589559555054,-0.007427924312651157,0.5606531500816345,0.4926917254924774,-0.0007495891768485308,0.531406044960022,0.4523973762989044,-0.030757125467061996,0.532189667224884,0.4437684416770935,-0.033144511282444,0.5916025638580322,0.38442569971084595,-0.009979518130421638,0.5517086386680603,0.42464175820350647,-0.010278934612870216,0.5482634902000427,0.450043648481369,-0.02024536021053791,0.5493497848510742,0.44535398483276367,-0.018937082961201668,0.5843900442123413,0.4461207389831543,-0.007243916392326355,0.5333429574966431,0.43314245343208313,-0.030684007331728935,0.5748823881149292,0.37310731410980225,-0.01658681593835354,0.5843051671981812,0.37713199853897095,-0.013834192417562008,0.6050291657447815,0.3553903102874756,0.003290892345830798,0.5471512079238892,0.38003724813461304,-0.015967143699526787,0.5583287477493286,0.3926374316215515,-0.007966125383973122,0.5662405490875244,0.4848399758338928,-0.0014516079099848866,0.6024544835090637,0.489691823720932,0.04145890846848488,0.5439348816871643,0.4547879099845886,-0.01685386709868908,0.5389043688774109,0.4570443630218506,-0.01530148833990097,0.5612960457801819,0.48502427339553833,-0.0007630897453054786,0.5595344305038452,0.48506584763526917,-0.001560394885018468,0.588876485824585,0.3707597851753235,-0.012321004644036293,0.5492146611213684,0.4531956911087036,-0.016751570627093315,0.5628147721290588,0.37337854504585266,-0.017482487484812737,0.5638173818588257,0.3655664920806885,-0.019349688664078712,0.5754602551460266,0.33199939131736755,-0.014470798894762993,0.5974302887916565,0.36328840255737305,-0.005778254475444555,0.5693068504333496,0.3481371998786926,-0.017176395282149315,0.5969294309616089,0.38007602095603943,-0.006339551880955696,0.6053040027618408,0.37726038694381714,0.003132901154458523,0.5383195877075195,0.47836729884147644,-0.013918249867856503,0.5463623404502869,0.48031947016716003,-0.012129426002502441,0.5522908568382263,0.48209357261657715,-0.008949464187026024,0.5426955819129944,0.45603373646736145,-0.01474648155272007,0.5603814721107483,0.48504936695098877,-0.0010892902500927448,0.5563751459121704,0.4872697591781616,-0.0033538511488586664,0.5585989356040955,0.4851059019565582,-0.0014990146737545729,0.539834201335907,0.45276010036468506,-0.024567091837525368,0.5496838688850403,0.48530349135398865,-0.006144758313894272,0.5439624786376953,0.4853931963443756,-0.008059321902692318,0.537380576133728,0.4854580760002136,-0.009019684046506882,0.5379357933998108,0.5079291462898254,-0.0032579030375927687,0.5374378561973572,0.5001861453056335,-0.0088546983897686,0.537306010723114,0.4948118329048157,-0.009779604151844978,0.5372254252433777,0.48954421281814575,-0.008648913353681564,0.5371418595314026,0.4854080080986023,-0.008003325201570988,0.5495506525039673,0.485254168510437,-0.005281001795083284,0.550491213798523,0.4871167540550232,-0.005962894763797522,0.5516248941421509,0.4896933436393738,-0.006836322136223316,0.5525250434875488,0.4925910234451294,-0.0059393928386271,0.5576826333999634,0.47305914759635925,-0.00897592306137085,0.6137660145759583,0.44881534576416016,0.04534463211894035,0.5539584159851074,0.4851788878440857,-0.0029712445102632046,0.5550735592842102,0.4861334562301636,-0.0033694086596369743,0.5368694067001343,0.4599970877170563,-0.01522873342037201,0.547808825969696,0.45756250619888306,-0.011368788778781891,0.5378105044364929,0.4586053490638733,-0.01536820363253355,0.5585336685180664,0.42978835105895996,-0.009401767514646053,0.5689303278923035,0.4357045590877533,-0.009232765063643456,0.5509531497955322,0.44884294271469116,-0.015570002608001232,0.5929850339889526,0.3415873050689697,-0.006730631459504366,0.5859929919242859,0.35314619541168213,-0.01242789812386036,0.5776003003120422,0.36548739671707153,-0.016861286014318466,0.5543802976608276,0.4991166889667511,-0.0023238519206643105,0.5488529801368713,0.3677386939525604,-0.019065869972109795,0.5533977150917053,0.34707921743392944,-0.018268199637532234,0.557857871055603,0.3272675573825836,-0.016765054315328598,0.5790435075759888,0.4136364459991455,-0.006434708833694458,0.5950907468795776,0.4206921458244324,0.000153713597683236,0.5529159903526306,0.4076981842517853,-0.004518179222941399,0.5888062715530396,0.39782094955444336,-0.005827796645462513,0.5471275448799133,0.4188989996910095,-0.011740980669856071,0.5436086058616638,0.44723471999168396,-0.025234505534172058,0.6030022501945496,0.4269120693206787,0.005487727001309395,0.5893099904060364,0.42664217948913574,-0.003942002076655626,0.5801835060119629,0.4291912615299225,-0.007433507591485977,0.5680562257766724,0.42744213342666626,-0.00755672249943018,0.5594664812088013,0.42358461022377014,-0.00732169346883893,0.5529783964157104,0.4192695915699005,-0.007553882896900177,0.5381284952163696,0.40682342648506165,-0.016631998121738434,0.6011063456535339,0.44447383284568787,0.005138147156685591,0.5948039293289185,0.3957711160182953,-0.0043619656935334206,0.5301045775413513,0.4565788209438324,-0.02763250656425953,0.5500232577323914,0.43264997005462646,-0.012316822074353695,0.6182193756103516,0.41005122661590576,0.03734339773654938,0.5479862093925476,0.41446051001548767,-0.007783577777445316,0.5525983572006226,0.44914546608924866,-0.009854892268776894,0.5853630304336548,0.4056037664413452,-0.003269426291808486,0.5447798371315002,0.44144997000694275,-0.023470183834433556,0.6093918681144714,0.4691704511642456,0.04485089331865311,0.5535876750946045,0.4053970277309418,-0.0036905889865010977,0.5390032529830933,0.436474472284317,-0.028244784101843834,0.5823091268539429,0.5072208642959595,0.01539655216038227,0.5827189683914185,0.5166743397712708,0.02633345127105713,0.6095147132873535,0.44758373498916626,0.024628223851323128,0.5925450921058655,0.4974808394908905,0.020002637058496475,0.6094019412994385,0.39314165711402893,0.012488163076341152,0.5517685413360596,0.5297650098800659,0.004468293394893408,0.5302980542182922,0.45822787284851074,-0.01964576356112957,0.5558940768241882,0.4388839900493622,-0.010843435302376747,0.6034101247787476,0.40983402729034424,0.00645930040627718,0.5724402070045471,0.4104320704936981,-0.007822194136679173,0.5670585632324219,0.41036149859428406,-0.008224492892622948,0.5575965046882629,0.48863914608955383,-0.0026948032900691032,0.5995151400566101,0.4615676999092102,0.008544922806322575,0.5409789681434631,0.5380263328552246,0.008469033986330032,0.5606974363327026,0.5310207009315491,0.015387785620987415,0.5705072283744812,0.52553790807724,0.02011026255786419,0.5622142553329468,0.40906602144241333,-0.0073454733937978745,0.5576996207237244,0.4070018529891968,-0.005652021151036024,0.5549517869949341,0.4059391915798187,-0.003980766516178846,0.6010469794273376,0.39337944984436035,0.0002935242373496294,0.559233546257019,0.4035930037498474,-0.007409173063933849,0.5644290447235107,0.40388473868370056,-0.009325440041720867,0.5690827965736389,0.40459319949150085,-0.010130119509994984,0.573947012424469,0.40527254343032837,-0.009577238000929356,0.5774362087249756,0.4059010446071625,-0.008212891407310963,0.6171038150787354,0.389528751373291,0.02664465457201004,0.5762951970100403,0.40960174798965454,-0.006708587519824505,0.5505667924880981,0.4688658118247986,-0.011406834237277508,0.5435691475868225,0.45377305150032043,-0.018912427127361298,0.5377628207206726,0.4666266441345215,-0.014567003585398197,0.5715117454528809,0.5164416432380676,0.012601274996995926,0.5617740154266357,0.5232256054878235,0.008966383524239063,0.5405665636062622,0.5336722135543823,0.0013608165318146348,0.5931541323661804,0.5055264830589294,0.034395482391119,0.5553678870201111,0.40443313121795654,-0.005219407379627228,0.5410025119781494,0.4208376109600067,-0.018533453345298767,0.5509442090988159,0.5354675054550171,0.010469872504472733,0.6061996221542358,0.4661940932273865,0.02557600848376751,0.5437832474708557,0.48531708121299744,-0.0070838313549757,0.5444563031196594,0.48843950033187866,-0.007868644781410694,0.5450757741928101,0.49245214462280273,-0.008940649218857288,0.5454719662666321,0.4971470832824707,-0.008077748119831085,0.5468599200248718,0.5044773817062378,-0.003756067017093301,0.5555442571640015,0.4844569265842438,-0.0043709599412977695,0.5569692850112915,0.483615517616272,-0.004823148716241121,0.5582672357559204,0.4826574921607971,-0.005307042505592108,0.5635187029838562,0.47827762365341187,-0.005688718985766172,0.5897542834281921,0.46498462557792664,-0.0008766493410803378,0.5425464510917664,0.4122985005378723,-0.013808924704790115,0.5486897230148315,0.39689913392066956,-0.006390226539224386,0.5527615547180176,0.39910200238227844,-0.005469033960253,0.554094672203064,0.4851970672607422,-0.0035823395010083914,0.5899508595466614,0.48498544096946716,0.00899222306907177,0.5418624877929688,0.39583227038383484,-0.012372773140668869,0.5493602752685547,0.5132130980491638,-0.0010542988311499357,0.5362730026245117,0.41616225242614746,-0.021664589643478394,0.5446453094482422,0.43421393632888794,-0.018606271594762802,0.5389941930770874,0.5168687105178833,-0.002234047744423151,0.5651974081993103,0.4982975423336029,0.00157160684466362,0.5581549406051636,0.4559266269207001,-0.008871247060596943,0.5577923655509949,0.5069287419319153,0.0006046770140528679,0.5741174817085266,0.4563482105731964,-0.009532679803669453,0.5646015405654907,0.46437913179397583,-0.008182443678379059,0.579901397228241,0.46984922885894775,-0.005249719601124525,0.5399969220161438,0.5264763236045837,-0.0019190730527043343,0.5489280223846436,0.438904345035553,-0.015039312653243542,0.5698568224906921,0.5063685774803162,0.006131272297352552,0.5604322552680969,0.5145753622055054,0.004528772551566362,0.5714341402053833,0.48836082220077515,-0.0001999735104618594,0.5972675681114197,0.4757590591907501,0.012101230211555958,0.5797719955444336,0.49220120906829834,0.0039931186474859715,0.6012263894081116,0.4829298257827759,0.02504143863916397,0.5703444480895996,0.47407424449920654,-0.005805077962577343,0.54543536901474,0.42670994997024536,-0.015140875242650509,0.5415196418762207,0.4512951374053955,-0.026015479117631912,0.5461727976799011,0.4529605507850647,-0.020096177235245705,0.538055419921875,0.44533926248550415,-0.02944730594754219,0.5536249279975891,0.388582706451416,-0.00968018639832735,0.5633941292762756,0.38322558999061584,-0.012497283518314362,0.5719591975212097,0.3825119733810425,-0.013684726320207119,0.5795711874961853,0.3849690556526184,-0.012628276832401752,0.585454523563385,0.3899669051170349,-0.009984876960515976,0.590149462223053,0.4067951440811157,-0.0013652389170601964,0.611702024936676,0.4293701946735382,0.021862972527742386,0.583803117275238,0.4188670217990875,-0.004432185553014278,0.5766802430152893,0.42074036598205566,-0.006292523816227913,0.5681247115135193,0.42041611671447754,-0.00695995707064867,0.5603868365287781,0.41792190074920654,-0.006921394262462854,0.5544366836547852,0.41446101665496826,-0.005527509842067957,0.550373911857605,0.4112502336502075,-0.005400967318564653,0.6165300607681274,0.42923763394355774,0.04304179921746254,0.5465623140335083,0.4546854794025421,-0.017076388001441956,0.5396558046340942,0.42842748761177063,-0.022679287940263748,0.5362526178359985,0.45174726843833923,-0.029163116589188576,0.5338448286056519,0.45575737953186035,-0.025785909965634346,0.5370386242866516,0.4533044099807739,-0.026417411863803864,0.5453897714614868,0.45676565170288086,-0.014354505576193333,0.5322428941726685,0.4563096761703491,-0.02702144905924797,0.5323649048805237,0.45790597796440125,-0.020079733803868294,0.5509910583496094,0.4047324061393738,-0.003626913530752063,0.5473496913909912,0.4061574935913086,-0.0057962918654084206,0.5444015264511108,0.4074818193912506,-0.008852233178913593,0.5798574686050415,0.4063149094581604,-0.006439808756113052,0.5847605466842651,0.3991437554359436,-0.006731993518769741,0.5070183277130127,0.39893651008605957,0.009017189033329487,0.512825071811676,0.3991503417491913,0.009017189033329487,0.5072806477546692,0.3915150463581085,0.009017189033329487,0.5012773871421814,0.39871570467948914,0.009017189033329487,0.5067751407623291,0.40620237588882446,0.009017189033329487,0.5679840445518494,0.4063699245452881,-0.0068342057056725025,0.5740202069282532,0.4068320095539093,-0.0068342057056725025,0.5683796405792236,0.39901202917099,-0.0068342057056725025,0.5620412230491638,0.40586429834365845,-0.0068342057056725025,0.5675973892211914,0.41358667612075806,-0.0068342057056725025
2266.6666666666656,0.5350788235664368,0.4710633456707001,-0.014797869138419628,0.5307433009147644,0.44851556420326233,-0.03123342990875244,0.5328372120857239,0.456529438495636,-0.01592383161187172,0.5288318395614624,0.4201069474220276,-0.023441579192876816,0.5309351682662964,0.43971243500709534,-0.03361343592405319,0.5321866273880005,0.42838236689567566,-0.03173470497131348,0.5361329317092896,0.4009602665901184,-0.01734362356364727,0.5003101825714111,0.39795011281967163,0.014987810514867306,0.5379711985588074,0.3762945234775543,-0.014238783158361912,0.5383239388465881,0.36377933621406555,-0.01608036458492279,0.5414798855781555,0.32185161113739014,-0.012701394036412239,0.5349081754684448,0.47541123628616333,-0.013891213573515415,0.5348535776138306,0.4798524081707001,-0.011897209100425243,0.534978985786438,0.4826980233192444,-0.009015634655952454,0.5346531867980957,0.4838877320289612,-0.00806190725415945,0.5342730283737183,0.4888221323490143,-0.00862097181379795,0.5339075922966003,0.4946078956127167,-0.009604867547750473,0.5337042212486267,0.5003835558891296,-0.008517594076693058,0.5330190658569336,0.5052348375320435,-0.0026645585894584656,0.531333863735199,0.45294925570487976,-0.02806960977613926,0.527152955532074,0.45218440890312195,-0.019087521359324455,0.4843870997428894,0.3598933219909668,0.04645787924528122,0.5150312781333923,0.4064725637435913,0.005431810859590769,0.5092225670814514,0.40700197219848633,0.007351923268288374,0.503991961479187,0.40559640526771545,0.010321561247110367,0.4982587695121765,0.399638831615448,0.016872599720954895,0.5200847387313843,0.40403294563293457,0.004944715648889542,0.5076329112052917,0.37763741612434387,0.004277395084500313,0.5141351222991943,0.37955623865127563,0.0025331496726721525,0.5016749501228333,0.3783935308456421,0.00782706681638956,0.49795323610305786,0.38188445568084717,0.011157775297760963,0.4937216639518738,0.4031515419483185,0.021106410771608353,0.5139980912208557,0.5138399600982666,0.00950866099447012,0.49890315532684326,0.39512959122657776,0.017507120966911316,0.4819367825984955,0.3970184326171875,0.05132601037621498,0.489501416683197,0.39417722821235657,0.02826392650604248,0.5070368051528931,0.43787744641304016,0.002296000486239791,0.5275418162345886,0.46846723556518555,-0.012420265935361385,0.5281583666801453,0.47886770963668823,-0.009440029971301556,0.5202578902244568,0.4708888828754425,-0.006953416857868433,0.5156886577606201,0.4735316336154938,-0.0008569957572035491,0.5226368308067322,0.4783475399017334,-0.005446498282253742,0.5185054540634155,0.47825777530670166,-8.285341027658433e-05,0.5098498463630676,0.4856719672679901,0.010798030532896519,0.5262647867202759,0.4478617310523987,-0.029909273609519005,0.52568119764328,0.4393469989299774,-0.031902413815259933,0.49079185724258423,0.36614131927490234,0.01486730482429266,0.5200386643409729,0.41877269744873047,-0.0016449264949187636,0.5163973569869995,0.44383516907691956,-0.012746380642056465,0.5166574120521545,0.4392879605293274,-0.011066234670579433,0.49076277017593384,0.4348659813404083,0.014333060942590237,0.5272046327590942,0.4288784861564636,-0.028653724119067192,0.5014258027076721,0.35743239521980286,0.0006972052506171167,0.49480560421943665,0.3594568967819214,0.0077805775217711926,0.48841360211372375,0.344584584236145,0.03247273713350296,0.5249202251434326,0.3704513907432556,-0.010019388049840927,0.5196741819381714,0.38414332270622253,0.0030650408007204533,0.5056827068328857,0.4771358370780945,0.012764696031808853,0.49081477522850037,0.4747963547706604,0.07053305953741074,0.5204647779464722,0.4491196870803833,-0.011469966731965542,0.5245909690856934,0.4521495997905731,-0.012883957475423813,0.510497510433197,0.4780157506465912,0.011338881216943264,0.5121486186981201,0.478368878364563,0.008974282070994377,0.49275243282318115,0.3516713082790375,0.010822896845638752,0.516684889793396,0.44713452458381653,-0.009382236748933792,0.510985791683197,0.36042243242263794,-0.00548758776858449,0.510321319103241,0.35195624828338623,-0.0070252506993710995,0.5083080530166626,0.3250329792499542,0.0027185529470443726,0.48994022607803345,0.3520112931728363,0.019927356392145157,0.5096197128295898,0.3408772349357605,-0.002744626486673951,0.48869025707244873,0.36101704835891724,0.02037430927157402,0.4856629967689514,0.36451688408851624,0.0323382206261158,0.5275978446006775,0.4740666151046753,-0.011519975028932095,0.5213721990585327,0.4748581051826477,-0.006381732877343893,0.5169854164123535,0.4759564995765686,-0.0009630984859541059,0.521763265132904,0.45064520835876465,-0.010388159193098545,0.51132732629776,0.4781990051269531,0.010041904635727406,0.5136889815330505,0.4812285006046295,0.005815321113914251,0.5130075216293335,0.478580117225647,0.00869613979011774,0.5218148231506348,0.44715553522109985,-0.019815247505903244,0.5197898745536804,0.47989165782928467,0.0007887016981840134,0.5238243341445923,0.4806637465953827,-0.0031101310160011053,0.5289503931999207,0.4817103147506714,-0.0066530462354421616,0.5255366563796997,0.5039178133010864,-0.0007762283203192055,0.5260187387466431,0.49849340319633484,-0.006360513623803854,0.5265451669692993,0.4928043782711029,-0.007207814604043961,0.5275008082389832,0.4871408939361572,-0.006133195478469133,0.5286034941673279,0.48279139399528503,-0.005638467613607645,0.5195431709289551,0.48034751415252686,0.0015997368609532714,0.518090009689331,0.48213818669319153,0.0008740823250263929,0.5164592266082764,0.4846598207950592,0.00024918525014072657,0.515204131603241,0.48757117986679077,0.0017293086275458336,0.5104550123214722,0.4661146104335785,0.0013168578734621406,0.4858841001987457,0.43394744396209717,0.07812289893627167,0.5320301651954651,0.4547935128211975,-0.02024923451244831,0.5166723132133484,0.47948724031448364,0.005859977100044489,0.5151634812355042,0.48026353120803833,0.005469802767038345,0.5261361598968506,0.4553692638874054,-0.012917788699269295,0.5186565518379211,0.4518350064754486,-0.005546110682189465,0.5254113078117371,0.4538154900074005,-0.013089624233543873,0.5137839913368225,0.42287713289260864,0.0021014506928622723,0.5038564801216125,0.42706426978111267,0.006283787079155445,0.5161003470420837,0.44266676902770996,-0.0074075027368962765,0.49584895372390747,0.3326365053653717,0.01722751557826996,0.4974499046802521,0.3436198830604553,0.008345247246325016,0.49992135167121887,0.34888726472854614,0.0015739444643259048,0.5135881900787354,0.49249571561813354,0.006920022424310446,0.5234822034835815,0.357486754655838,-0.012690763920545578,0.5232786536216736,0.34157297015190125,-0.010433302260935307,0.5230168700218201,0.32184967398643494,-0.007494593970477581,0.5001662969589233,0.4032990634441376,0.013957247138023376,0.4882740378379822,0.4077602028846741,0.025950757786631584,0.5233880877494812,0.40154117345809937,0.004998873453587294,0.4934079349040985,0.3834911286830902,0.018009653314948082,0.523995578289032,0.4136650860309601,-0.00482959533110261,0.518579363822937,0.4413314759731293,-0.019409704953432083,0.4825212061405182,0.4134042263031006,0.034603897482156754,0.4901105463504791,0.41469234228134155,0.020138544961810112,0.4956085979938507,0.41885820031166077,0.013041006401181221,0.5058469176292419,0.4189946949481964,0.008170380257070065,0.5140307545661926,0.4163989722728729,0.0047202338464558125,0.5201109647750854,0.41293129324913025,0.001524955267086625,0.5308934450149536,0.4027637839317322,-0.013615347445011139,0.48189085721969604,0.4306964576244354,0.03391285985708237,0.48995107412338257,0.3797236979007721,0.02178407646715641,0.5285744071006775,0.45237553119659424,-0.027084017172455788,0.5197380781173706,0.4268624484539032,-0.004106287378817797,0.48360201716423035,0.3960450291633606,0.07167431712150574,0.5245766043663025,0.40871506929397583,-0.0006111558759585023,0.5161989331245422,0.4429744482040405,-0.0015226161340251565,0.49651649594306946,0.39358416199684143,0.019310561940073967,0.5192917585372925,0.4357632100582123,-0.017391474917531013,0.4877578914165497,0.454007089138031,0.07606443017721176,0.5239672064781189,0.3985399305820465,0.006285520736128092,0.5229634642601013,0.4314165413379669,-0.024078750982880592,0.49609383940696716,0.4940871000289917,0.036459144204854965,0.49905887246131897,0.5031274557113647,0.047763269394636154,0.48144641518592834,0.43268442153930664,0.056496601551771164,0.4903145432472229,0.4833625257015228,0.0451103113591671,0.48364007472991943,0.3798169493675232,0.04358319193124771,0.5138790011405945,0.5208399295806885,0.01378107164055109,0.5298550724983215,0.4542793333530426,-0.019455675035715103,0.5146209597587585,0.4322308599948883,-0.0006861479487270117,0.4861975908279419,0.39492568373680115,0.03543040156364441,0.5048021078109741,0.4017263948917389,0.010147662833333015,0.5094541907310486,0.4028267562389374,0.0076973335817456245,0.5124435424804688,0.48244142532348633,0.007207941729575396,0.4829532206058502,0.4474571943283081,0.03628445416688919,0.5231223106384277,0.5315744876861572,0.01325385831296444,0.5106848478317261,0.52047199010849,0.02889261208474636,0.505563497543335,0.5134099721908569,0.037331730127334595,0.5397785305976868,0.3429967761039734,-0.015177817083895206,0.533229410648346,0.5343934893608093,0.008868216536939144,0.5143882632255554,0.40230026841163635,0.006275113206356764,0.5192331671714783,0.4006038308143616,0.0061266482807695866,0.5223576426506042,0.39940449595451355,0.006706797052174807,0.48745495080947876,0.3768016993999481,0.02858038991689682,0.5190442800521851,0.3936848044395447,0.004814539570361376,0.5139762759208679,0.392091304063797,0.00483348686248064,0.5090384483337402,0.391720712184906,0.006270142272114754,0.5044555068016052,0.3923757076263428,0.009016753174364567,0.5016123652458191,0.39346280694007874,0.011656086891889572,0.4829151928424835,0.37620583176612854,0.06056458130478859,0.5020371079444885,0.3999001383781433,0.012853702530264854,0.533042848110199,0.4627724587917328,-0.014118143357336521,0.5157694816589355,0.46288707852363586,-0.0037054410204291344,0.5201160907745361,0.44796034693717957,-0.013781853020191193,0.5254067778587341,0.46221300959587097,-0.011799398809671402,0.5375514030456543,0.3888861835002899,-0.013744264841079712,0.5026981830596924,0.5044587254524231,0.02935735322535038,0.5083187222480774,0.5125535726547241,0.021931082010269165,0.5217112898826599,0.5273339152336121,0.006001132540404797,0.49452638626098633,0.4913424551486969,0.06009441241621971,0.5224369168281555,0.39640215039253235,0.005727032199501991,0.5261795520782471,0.41608768701553345,-0.014033949002623558,0.5324100255966187,0.5299206972122192,0.0019596186466515064,0.5160781741142273,0.5267243385314941,0.020148761570453644,0.483234167098999,0.45110997557640076,0.05598614364862442,0.5235005617141724,0.4814964234828949,-0.002161276526749134,0.5220101475715637,0.4846799969673157,-0.002786220982670784,0.5207005739212036,0.48884350061416626,-0.0035338138695806265,0.5197376012802124,0.4938046932220459,-0.0023871154990047216,0.5185977816581726,0.49889636039733887,0.0027764008846133947,0.5152477622032166,0.4782557189464569,0.004949453752487898,0.5137640237808228,0.4770929217338562,0.005402842070907354,0.5125722885131836,0.47582119703292847,0.005601485259830952,0.5067418813705444,0.47080716490745544,0.007328181527554989,0.48733246326446533,0.4522938132286072,0.022419454529881477,0.52757728099823,0.40764951705932617,-0.008870759978890419,0.5268074870109558,0.39021098613739014,0.00029781105695292354,0.524395763874054,0.3920838236808777,0.0038836610037833452,0.5168027877807617,0.4793263077735901,0.005331429652869701,0.48929375410079956,0.4718077778816223,0.03249416500329971,0.5303236246109009,0.3893822729587555,-0.00829528458416462,0.5161086916923523,0.5062779784202576,0.006329420953989029,0.5335487723350525,0.41922441124916077,-0.026776140555739403,0.5297233462333679,0.41201698780059814,-0.019330445677042007,0.5347815155982971,0.41063952445983887,-0.021916953846812248,0.5217890739440918,0.42880091071128845,-0.012774130329489708,0.5321825742721558,0.5228782892227173,-0.0016153944889083505,0.5325754284858704,0.5136884450912476,-0.002178424969315529,0.5236220359802246,0.5120152235031128,0.0009107044315896928,0.5058131217956543,0.489419549703598,0.015155261382460594,0.5112902522087097,0.44884932041168213,0.0016201995313167572,0.5107234120368958,0.4988047480583191,0.01112994272261858,0.49751168489456177,0.4463350176811218,0.007146467454731464,0.5053856372833252,0.4560813307762146,0.004793159198015928,0.4935920536518097,0.45869946479797363,0.013760141097009182,0.5217957496643066,0.5206848978996277,0.00239501497708261,0.5192292928695679,0.4331842064857483,-0.007627102546393871,0.50258469581604,0.49556028842926025,0.02186019904911518,0.5085775852203369,0.5049759745597839,0.01638595014810562,0.5009964108467102,0.4788418710231781,0.016479192301630974,0.48521798849105835,0.4616701602935791,0.038517631590366364,0.4953716993331909,0.4804494380950928,0.02345789223909378,0.485992431640625,0.46811050176620483,0.053802769631147385,0.5012723803520203,0.46506479382514954,0.009605367667973042,0.5231496095657349,0.42142459750175476,-0.008678867481648922,0.5200210213661194,0.44544193148612976,-0.02084495685994625,0.5178170204162598,0.44687098264694214,-0.01387693639844656,0.5217366814613342,0.4399712085723877,-0.025575684383511543,0.5221309661865234,0.3796330988407135,-0.0007285144529305398,0.5128762125968933,0.37204763293266296,0.0002933876821771264,0.5048450231552124,0.3698776364326477,0.0029161032289266586,0.49858057498931885,0.3710871934890747,0.007387776859104633,0.49468910694122314,0.37530994415283203,0.012393254786729813,0.493365615606308,0.39358973503112793,0.022676430642604828,0.4809439778327942,0.4147828221321106,0.05462195724248886,0.49569380283355713,0.40772223472595215,0.017466792836785316,0.5003681182861328,0.4109697639942169,0.012742447666823864,0.5075268745422363,0.41217321157455444,0.008722051046788692,0.5148106813430786,0.41087496280670166,0.005520828999578953,0.5205848217010498,0.4081471264362335,0.003997352905571461,0.524401068687439,0.4054136574268341,0.002465371508151293,0.4850108027458191,0.4149210453033447,0.07702664285898209,0.5183728933334351,0.4488005042076111,-0.010930598713457584,0.52495276927948,0.42358511686325073,-0.018259724602103233,0.522956371307373,0.4463497996330261,-0.026292961090803146,0.5263378024101257,0.4507558047771454,-0.02443196251988411,0.5235167741775513,0.44777679443359375,-0.023367049172520638,0.519929826259613,0.45121732354164124,-0.009255249984562397,0.5270283818244934,0.4516611397266388,-0.02612159214913845,0.5282571315765381,0.4535565972328186,-0.019247474148869514,0.5255916714668274,0.39858514070510864,0.004756590351462364,0.5274132490158081,0.4004867374897003,0.0005488598253577948,0.5280526876449585,0.40193092823028564,-0.003626397578045726,0.4999910295009613,0.3943568766117096,0.014296039938926697,0.4959903955459595,0.38636693358421326,0.015287310816347599,0.5386362671852112,0.4208836853504181,-0.026050088927149773,0.5831190347671509,0.40595561265945435,-0.004050768446177244,0.5380204319953918,0.4532639980316162,-0.021099518984556198,0.6167816519737244,0.3687039911746979,0.017090288922190666,0.5653359889984131,0.41142797470092773,-0.006802935153245926,0.5714946985244751,0.4127618968486786,-0.0073545812629163265,0.5775836706161499,0.4124866724014282,-0.00669414596632123,0.586469292640686,0.40840786695480347,-0.0032676933333277702,0.5601028800010681,0.40852421522140503,-0.00471945945173502,0.5748001337051392,0.3861081898212433,-0.011338753625750542,0.568142831325531,0.3867013156414032,-0.009818647056818008,0.5813648104667664,0.38784775137901306,-0.010139110498130322,0.5858533978462219,0.39169377088546753,-0.008230097591876984,0.59202641248703,0.41302987933158875,-0.0005110087804496288,0.5548965930938721,0.5191852450370789,0.0006001855945214629,0.5857549905776978,0.4038352072238922,-0.002395365620031953,0.6159497499465942,0.40782347321510315,0.021919021382927895,0.6003694534301758,0.4064966142177582,0.004004452843219042,0.5675617456436157,0.4430716335773468,-0.010244655422866344,0.5434736609458923,0.46986156702041626,-0.01579328626394272,0.5425726771354675,0.4801960289478302,-0.0126059390604496,0.5522620677947998,0.47384411096572876,-0.01381226908415556,0.5579822063446045,0.4774528443813324,-0.010220472700893879,0.5495227575302124,0.4808516502380371,-0.011549126356840134,0.5549890995025635,0.4816211462020874,-0.008089319802820683,0.5640974044799805,0.49085578322410583,-0.0010819756425917149,0.5357856154441833,0.44876986742019653,-0.03155883029103279,0.5366040468215942,0.4402172565460205,-0.033906370401382446,0.596219539642334,0.38145655393600464,-0.008098496124148369,0.5556049346923828,0.42156562209129333,-0.00979546271264553,0.5524492263793945,0.4468380808830261,-0.0203926432877779,0.5535268783569336,0.4422347843647003,-0.018986891955137253,0.5884341597557068,0.4434446096420288,-0.006192635744810104,0.5376352667808533,0.42966726422309875,-0.031206127256155014,0.5797416567802429,0.3697335720062256,-0.015229567885398865,0.5891610980033875,0.373802125453949,-0.01217608992010355,0.6090403199195862,0.35171544551849365,0.006100653205066919,0.5512539744377136,0.376886248588562,-0.015306887216866016,0.5622128844261169,0.39010974764823914,-0.0069637056440114975,0.5696074962615967,0.4829678535461426,-0.0015746430726721883,0.605550229549408,0.4868920147418976,0.04336283728480339,0.5479626655578613,0.4514898955821991,-0.017053034156560898,0.5428953766822815,0.45371294021606445,-0.015673870220780373,0.5651077628135681,0.48294341564178467,-0.001074991305358708,0.5633435845375061,0.48296022415161133,-0.0020118255633860826,0.5937379598617554,0.3675249218940735,-0.01046760194003582,0.5532832145690918,0.4501764178276062,-0.0168621763586998,0.5674213171005249,0.3700612187385559,-0.016462888568639755,0.5685039758682251,0.36221519112586975,-0.018270304426550865,0.5794220566749573,0.32821303606033325,-0.012486008927226067,0.6016294956207275,0.35962602496147156,-0.003468454349786043,0.5733539462089539,0.34456783533096313,-0.015674801543354988,0.6013805270195007,0.37745675444602966,-0.004184118937700987,0.6093688607215881,0.37366005778312683,0.005779980681836605,0.5431720614433289,0.47544947266578674,-0.01489658746868372,0.5508956909179688,0.4776099622249603,-0.012921365909278393,0.5565339922904968,0.47959890961647034,-0.009602811187505722,0.546657919883728,0.45279616117477417,-0.014962614513933659,0.5641968250274658,0.4829607903957367,-0.0014831151347607374,0.5603121519088745,0.4853551685810089,-0.003944315016269684,0.5624249577522278,0.4829789102077484,-0.001962771639227867,0.5440254211425781,0.44915571808815,-0.02497248537838459,0.5537606477737427,0.48294204473495483,-0.006785503122955561,0.5483375787734985,0.48289579153060913,-0.008804172277450562,0.5420092940330505,0.4828895628452301,-0.009892812930047512,0.5415419340133667,0.5057669878005981,-0.003844805061817169,0.5423097014427185,0.49991336464881897,-0.009719465859234333,0.5421724319458008,0.4941704273223877,-0.010707440786063671,0.5419406890869141,0.4884040653705597,-0.009585168212652206,0.5416788458824158,0.4839324355125427,-0.008936089463531971,0.5535178184509277,0.483307421207428,-0.005965502467006445,0.5545978546142578,0.485299289226532,-0.006663825828582048,0.5558447241783142,0.4880716800689697,-0.007564108353108168,0.5568001866340637,0.4911268651485443,-0.00661432184278965,0.561328649520874,0.47063741087913513,-0.009294473566114902,0.6168062686920166,0.4458722174167633,0.04815584421157837,0.55770343542099,0.4831010699272156,-0.0035279286094009876,0.5589414834976196,0.48413410782814026,-0.003957333043217659,0.5408835411071777,0.4566987156867981,-0.015703296288847923,0.5516963601112366,0.4546581506729126,-0.011490672826766968,0.5418134927749634,0.4552759528160095,-0.015783529728651047,0.5625078082084656,0.4268134832382202,-0.008799983188509941,0.5729781985282898,0.4328666031360626,-0.008435826748609543,0.5550404191017151,0.4458613693714142,-0.015558932907879353,0.5970515012741089,0.337848961353302,-0.004341098479926586,0.5901831984519958,0.3494874835014343,-0.010509330779314041,0.5825256705284119,0.3621389865875244,-0.015363763086497784,0.5578931570053101,0.49709373712539673,-0.0027828917372971773,0.5531302094459534,0.36450427770614624,-0.01834474690258503,0.5571814179420471,0.3434867858886719,-0.017137903720140457,0.561555802822113,0.32342666387557983,-0.01517996471375227,0.5830333232879639,0.41134417057037354,-0.0050072078593075275,0.5989719033241272,0.4187418222427368,0.0019527925178408623,0.5566939115524292,0.40589794516563416,-0.0036146098282188177,0.5930365920066833,0.3953052759170532,-0.004051270429044962,0.5509828329086304,0.41573283076286316,-0.011331808753311634,0.5478944778442383,0.44379281997680664,-0.025556102395057678,0.6070535778999329,0.4239503741264343,0.007529649417847395,0.593463122844696,0.42431533336639404,-0.0024330797605216503,0.5844849944114685,0.42656925320625305,-0.006261751987040043,0.5722638964653015,0.42488256096839905,-0.006637954618781805,0.5634921193122864,0.42113763093948364,-0.006574468221515417,0.556810200214386,0.41677790880203247,-0.0069142659194767475,0.5419555902481079,0.40353235602378845,-0.016365937888622284,0.6050977110862732,0.4417111575603485,0.006925665773451328,0.598870038986206,0.3934426009654999,-0.002355031669139862,0.5343449711799622,0.452968567609787,-0.028414560481905937,0.553987979888916,0.429548054933548,-0.012009973637759686,0.6213581562042236,0.40680164098739624,0.040561024099588394,0.5516946315765381,0.41178634762763977,-0.0071935574524104595,0.5565664768218994,0.4462582767009735,-0.009704123251140118,0.5892572999000549,0.40324750542640686,-0.0015578524908050895,0.5490295886993408,0.43813368678092957,-0.02367108315229416,0.6124528050422668,0.4663315713405609,0.04729507863521576,0.5571689009666443,0.4033782184123993,-0.0026811875868588686,0.5432940721511841,0.4330578148365021,-0.028616463765501976,0.5857111811637878,0.5043919086456299,0.016157755628228188,0.5859009027481079,0.513607382774353,0.027124855667352676,0.6131325960159302,0.4446749985218048,0.027108725160360336,0.5959599614143372,0.494698703289032,0.021284641698002815,0.6132335662841797,0.38971275091171265,0.015310519374907017,0.5554401278495789,0.5265837907791138,0.004128813277930021,0.5344187021255493,0.45467594265937805,-0.020273340865969658,0.5598583221435547,0.4359200596809387,-0.010462296195328236,0.6067143082618713,0.4083937704563141,0.008756101131439209,0.5766287446022034,0.4083104133605957,-0.006534778978675604,0.5713626742362976,0.40843743085861206,-0.007072072010487318,0.5615559816360474,0.48678240180015564,-0.0032270296942442656,0.6033247113227844,0.4588623046875,0.010125704109668732,0.5445461273193359,0.5346817970275879,0.007829236797988415,0.5641484260559082,0.5277470350265503,0.015392775647342205,0.5738310217857361,0.5223522186279297,0.020448170602321625,0.5663942098617554,0.407260000705719,-0.006284275557845831,0.5616925954818726,0.4053039252758026,-0.004627857822924852,0.5587083101272583,0.404171347618103,-0.0029469740111380816,0.6047911643981934,0.3914841115474701,0.002583118388429284,0.5633020997047424,0.39976200461387634,-0.006329668685793877,0.5686603784561157,0.3988068699836731,-0.008158222772181034,0.5733619928359985,0.3990362286567688,-0.00885935127735138,0.5781749486923218,0.4001266360282898,-0.008188539184629917,0.5815523862838745,0.401563823223114,-0.006739809177815914,0.6205267906188965,0.38610371947288513,0.0298621766269207,0.5803028345108032,0.4072800576686859,-0.005282974801957607,0.5543864965438843,0.4662173092365265,-0.011740630492568016,0.5476569533348083,0.45036810636520386,-0.019149847328662872,0.5416733026504517,0.4636839032173157,-0.015170130878686905,0.5750129222869873,0.5135397911071777,0.012919703498482704,0.5653417110443115,0.5201448202133179,0.00894734263420105,0.5442662835121155,0.5305513739585876,0.0006814199732616544,0.5962761044502258,0.5026338696479797,0.03574872761964798,0.5590927600860596,0.4017983675003052,-0.00417640246450901,0.5450028777122498,0.41754552721977234,-0.018432529643177986,0.5544962286949158,0.5321215391159058,0.010134674608707428,0.609738290309906,0.46337249875068665,0.02776908315718174,0.5480614900588989,0.48359838128089905,-0.007877113297581673,0.5489181876182556,0.48697325587272644,-0.008678453974425793,0.5496940016746521,0.4913034439086914,-0.009759931825101376,0.5501643419265747,0.496288537979126,-0.008848981000483036,0.5504470467567444,0.5023360848426819,-0.004294490907341242,0.5594940185546875,0.48223876953125,-0.004891309887170792,0.5609707236289978,0.4813694357872009,-0.005313373636454344,0.5622985363006592,0.4803582727909088,-0.0057497150264680386,0.5669525265693665,0.47615712881088257,-0.005901532247662544,0.5935426354408264,0.4623429775238037,0.00018332237959839404,0.5463895797729492,0.40905120968818665,-0.01345805823802948,0.5523658990859985,0.3944799304008484,-0.005579529795795679,0.5564504861831665,0.3969471752643585,-0.00450866436585784,0.5579785704612732,0.4829731583595276,-0.004104785155504942,0.5934751033782959,0.48235660791397095,0.010023321956396103,0.5455465316772461,0.39287692308425903,-0.011824448592960835,0.5530164241790771,0.5107406377792358,-0.0014693621778860688,0.5402617454528809,0.4128066599369049,-0.02166934311389923,0.54874587059021,0.4309826195240021,-0.0185908954590559,0.5426701307296753,0.5143910646438599,-0.0028775695245712996,0.5687581896781921,0.4961462914943695,0.0014425308909267187,0.5620638728141785,0.4531686007976532,-0.008663633838295937,0.5614082217216492,0.5046020150184631,0.0003198548511136323,0.5780208706855774,0.45364150404930115,-0.008945192210376263,0.568383514881134,0.4617965817451477,-0.008008812554180622,0.5836180448532104,0.46730273962020874,-0.004668318200856447,0.5437377691268921,0.523673951625824,-0.0026180637069046497,0.5529923439025879,0.4357821047306061,-0.01492113433778286,0.5734537839889526,0.5038266181945801,0.006252605468034744,0.5640804171562195,0.5118424296379089,0.0043834662064909935,0.5749486684799194,0.486228346824646,-6.967005901969969e-05,0.6009050607681274,0.4730808734893799,0.01352417841553688,0.5833005309104919,0.4897052049636841,0.004467642866075039,0.6047154068946838,0.48015305399894714,0.02688118815422058,0.5738970637321472,0.47180962562561035,-0.005621651653200388,0.5494147539138794,0.4235028326511383,-0.014932597056031227,0.5457678437232971,0.44772306084632874,-0.02641749568283558,0.5503128170967102,0.4496566653251648,-0.020335525274276733,0.5424284934997559,0.44177478551864624,-0.029950350522994995,0.5575615167617798,0.3859001100063324,-0.008786635473370552,0.5676600337028503,0.3803028464317322,-0.01141700055450201,0.5764464735984802,0.37953096628189087,-0.01242058165371418,0.5841206908226013,0.3820316195487976,-0.011167132295668125,0.5899418592453003,0.3871445059776306,-0.008354559540748596,0.5940412878990173,0.4046553373336792,0.00047047523548826575,0.6153611540794373,0.42630624771118164,0.024527430534362793,0.5878662467002869,0.4165712893009186,-0.002962420927360654,0.5808706283569336,0.4183596968650818,-0.00505548482760787,0.5723146200180054,0.41815799474716187,-0.005947301629930735,0.5644587278366089,0.41580715775489807,-0.0060762506909668446,0.5582995414733887,0.41239267587661743,-0.004752805922180414,0.5540879368782043,0.40905630588531494,-0.004679437726736069,0.6195790767669678,0.42616426944732666,0.046126507222652435,0.5506182312965393,0.45153042674064636,-0.01725875958800316,0.5438030362129211,0.4250977039337158,-0.02278570644557476,0.5405822992324829,0.4480777978897095,-0.029789665713906288,0.5380024313926697,0.45211267471313477,-0.02646026946604252,0.541251540184021,0.4496360123157501,-0.02697043865919113,0.5493260025978088,0.4537001848220825,-0.014558311551809311,0.5364565849304199,0.4526791572570801,-0.027766555547714233,0.5364660024642944,0.4543456733226776,-0.020668283104896545,0.5546422600746155,0.4028133749961853,-0.0027170958928763866,0.5509510636329651,0.40380221605300903,-0.0050827027298510075,0.5480427742004395,0.40466102957725525,-0.00829236302524805,0.5838112831115723,0.4027182459831238,-0.004885400179773569,0.5890204906463623,0.39654916524887085,-0.0051041580736637115,0.5116533637046814,0.39670926332473755,0.009075111709535122,0.5175800919532776,0.39696773886680603,0.009075111709535122,0.512047529220581,0.38937997817993164,0.009075111709535122,0.5057455897331238,0.396426796913147,0.009075111709535122,0.5112525820732117,0.4038941264152527,0.009075111709535122,0.5721434354782104,0.40311312675476074,-0.005575852934271097,0.578369677066803,0.4035845398902893,-0.005575852934271097,0.5725299119949341,0.3956434726715088,-0.005575852934271097,0.5659983158111572,0.4026463031768799,-0.005575852934271097,0.5717324018478394,0.41051191091537476,-0.005575852934271097
2299.999999999999,0.5389756560325623,0.4694204330444336,-0.014514836482703686,0.5338844656944275,0.4468848407268524,-0.031447332352399826,0.5360931158065796,0.45486345887184143,-0.0159259382635355,0.5325356125831604,0.4177803099155426,-0.02383585460484028,0.5341565012931824,0.4379740059375763,-0.033891964703798294,0.5356271862983704,0.42635953426361084,-0.03209327161312103,0.5401026606559753,0.39818498492240906,-0.017912575975060463,0.5031020641326904,0.39562392234802246,0.014730051159858704,0.5421728491783142,0.37357836961746216,-0.014964413829147816,0.5426718592643738,0.36096101999282837,-0.016946125775575638,0.5463924407958984,0.3191148638725281,-0.014011748135089874,0.5387601256370544,0.4737006723880768,-0.013561483472585678,0.5386378169059753,0.4780593514442444,-0.011534090153872967,0.5386908650398254,0.48087483644485474,-0.008544722571969032,0.5384318232536316,0.48218539357185364,-0.007690631318837404,0.5380023717880249,0.4874247908592224,-0.008171621710062027,0.5375567674636841,0.49356698989868164,-0.009176233783364296,0.5372441411018372,0.4996801018714905,-0.008105512708425522,0.5359982848167419,0.5030775666236877,-0.002191360807046294,0.5344892740249634,0.4513077735900879,-0.02824210189282894,0.5304142236709595,0.4503892958164215,-0.019202059134840965,0.4893585443496704,0.35759931802749634,0.04590734466910362,0.5177446007728577,0.4052327275276184,0.005200657062232494,0.5119147300720215,0.40545791387557983,0.007093296851962805,0.5067998170852661,0.4036588668823242,0.010056775994598866,0.5010550618171692,0.39750388264656067,0.016672302037477493,0.5229526162147522,0.4028654396533966,0.004624984227120876,0.5116324424743652,0.373649537563324,0.0037599068600684404,0.5182287096977234,0.3760825991630554,0.002014939207583666,0.5054160356521606,0.3744346797466278,0.007344404235482216,0.5013084411621094,0.37828686833381653,0.010745922103524208,0.49671080708503723,0.40096360445022583,0.020990049466490746,0.5171318054199219,0.5114776492118835,0.010157313197851181,0.5017842054367065,0.39259469509124756,0.017257209867239,0.4865228831768036,0.39455872774124146,0.05138254165649414,0.4925949275493622,0.3921356499195099,0.02813098393380642,0.5109144449234009,0.4357503354549408,0.0022836029529571533,0.5313618183135986,0.4663098156452179,-0.012133660726249218,0.5318199396133423,0.47667407989501953,-0.009049984626471996,0.5239859819412231,0.4683900475502014,-0.00661005824804306,0.5192815661430359,0.47084110975265503,-0.0004457061004359275,0.5261649489402771,0.47582539916038513,-0.005013796966522932,0.521894633769989,0.47554731369018555,0.0004026472452096641,0.5135108232498169,0.4836178421974182,0.011394782923161983,0.5294280052185059,0.4461868703365326,-0.030121153220534325,0.5289731025695801,0.437560498714447,-0.032180771231651306,0.494642972946167,0.36315417289733887,0.014400596730411053,0.5240607261657715,0.4163433015346527,-0.0019089955603703856,0.5197393298149109,0.44181492924690247,-0.012866213917732239,0.5201531052589417,0.4371526837348938,-0.011199455708265305,0.4947233200073242,0.43256115913391113,0.014431328512728214,0.5306969285011292,0.42683252692222595,-0.028996016830205917,0.5060639977455139,0.35339999198913574,-1.3768538337899372e-05,0.4991225600242615,0.35578885674476624,0.007129814010113478,0.4933217763900757,0.3418901562690735,0.03161299228668213,0.5297999382019043,0.3672040104866028,-0.010724872350692749,0.5236690640449524,0.38152357935905457,0.0025974721647799015,0.5094562768936157,0.4752488136291504,0.013339301571249962,0.49457311630249023,0.4725552797317505,0.07150476425886154,0.5237280130386353,0.4471253454685211,-0.011481941677629948,0.5278535485267639,0.45023831725120544,-0.012935805134475231,0.5137491226196289,0.4749756157398224,0.01194761786609888,0.5153448581695557,0.4753810167312622,0.009598352946341038,0.49710696935653687,0.3484884202480316,0.010189390741288662,0.5200058817863464,0.44507715106010437,-0.009444648399949074,0.5158731341362,0.35649240016937256,-0.006225672550499439,0.5154363512992859,0.3481472134590149,-0.007844979874789715,0.5133012533187866,0.32199516892433167,0.0014055127976462245,0.49454209208488464,0.34930911660194397,0.019279155880212784,0.5142595171928406,0.3378136157989502,-0.0037264639977365732,0.4925968050956726,0.35862094163894653,0.01995747908949852,0.4903310537338257,0.3621616065502167,0.03190629929304123,0.5313440561294556,0.47191864252090454,-0.011181487701833248,0.5250066518783569,0.47236233949661255,-0.0059863063506782055,0.5204756855964661,0.4732474088668823,-0.0005103500443510711,0.5250170230865479,0.4486534893512726,-0.010458373464643955,0.5145494341850281,0.47518759965896606,0.010651098564267159,0.5169297456741333,0.4786275625228882,0.006396629381924868,0.5161964893341064,0.475624680519104,0.009304346516728401,0.5251216888427734,0.445284903049469,-0.019971057772636414,0.5230993032455444,0.477189302444458,0.0013299855636432767,0.5272930860519409,0.4781559705734253,-0.002587520284578204,0.5325579643249512,0.479544997215271,-0.006160610821098089,0.5286094546318054,0.5017186403274536,-0.0002825625124387443,0.5294696688652039,0.4976104199886322,-0.005926085636019707,0.5301074385643005,0.49153414368629456,-0.006765324622392654,0.5311515927314758,0.48547878861427307,-0.005665476433932781,0.5322754383087158,0.4807901978492737,-0.0052316379733383656,0.5228747725486755,0.47782838344573975,0.002074603457003832,0.5214089155197144,0.47979944944381714,0.0013782718451693654,0.5197628736495972,0.48252642154693604,0.0007660835981369019,0.5184751152992249,0.485668420791626,0.002250236226245761,0.5141744613647461,0.46449515223503113,0.0016535063041374087,0.4901430606842041,0.4318843185901642,0.07878726720809937,0.5352329015731812,0.4531362056732178,-0.02033967524766922,0.5198720693588257,0.47677332162857056,0.006392911542207003,0.5183836221694946,0.47759950160980225,0.006038349121809006,0.5293917059898376,0.45358380675315857,-0.012890837155282497,0.5220370888710022,0.44985532760620117,-0.005501147359609604,0.5286650061607361,0.451963871717453,-0.013119140639901161,0.517764151096344,0.4205390512943268,0.0019315152894705534,0.5078877210617065,0.4247887134552002,0.006198911927640438,0.5195738673210144,0.44052639603614807,-0.0074842083267867565,0.5007292628288269,0.3296419382095337,0.016112929210066795,0.5019968152046204,0.3406440317630768,0.007519261445850134,0.5047342777252197,0.3451803922653198,0.0008194064139388502,0.5170765519142151,0.4902557134628296,0.007497122045606375,0.5287274718284607,0.3540683686733246,-0.013515172526240349,0.5279141068458557,0.3385898470878601,-0.011476810090243816,0.5280221104621887,0.3189195692539215,-0.008863655850291252,0.5029413104057312,0.40117713809013367,0.013730797916650772,0.4911983907222748,0.4056165814399719,0.025910072028636932,0.5264520645141602,0.40033435821533203,0.0046372865326702595,0.4966963231563568,0.3807609975337982,0.017722178250551224,0.528079092502594,0.4111316204071045,-0.0051646241918206215,0.5219713449478149,0.4393773674964905,-0.019594894722104073,0.48673853278160095,0.41090914607048035,0.03469014912843704,0.4931611120700836,0.4121077358722687,0.020095258951187134,0.4988720118999481,0.41602060198783875,0.012979619204998016,0.5091440081596375,0.4164874255657196,0.008025702089071274,0.5173288583755493,0.4142691195011139,0.004528201650828123,0.5235904455184937,0.4108325242996216,0.0012407747562974691,0.5349554419517517,0.40000858902931213,-0.014152569696307182,0.485870361328125,0.42830944061279297,0.034134313464164734,0.4934685528278351,0.37725165486335754,0.02150045894086361,0.5317593216896057,0.4507022798061371,-0.02725093439221382,0.5235866904258728,0.42454126477241516,-0.004298290703445673,0.4884291887283325,0.393986314535141,0.07187692821025848,0.5282703638076782,0.4064377248287201,-0.0009904857724905014,0.5197585821151733,0.4408067464828491,-0.0015340913087129593,0.49932119250297546,0.39127200841903687,0.019106870517134666,0.5228426456451416,0.43367379903793335,-0.017602667212486267,0.4916592836380005,0.45190107822418213,0.0769030824303627,0.5272834300994873,0.39721405506134033,0.005903436802327633,0.526531994342804,0.4293592870235443,-0.024366024881601334,0.49960941076278687,0.4914432764053345,0.03732604533433914,0.5026320219039917,0.5004950165748596,0.04882793128490448,0.48551231622695923,0.4303398132324219,0.056941792368888855,0.4939773976802826,0.4807851016521454,0.045969147235155106,0.48832961916923523,0.3774416446685791,0.0433926060795784,0.5168853998184204,0.518355667591095,0.014539016410708427,0.5330595970153809,0.45259061455726624,-0.019541891291737556,0.5184170007705688,0.42997801303863525,-0.0007868675165809691,0.4893938899040222,0.39322808384895325,0.035369399935007095,0.5074857473373413,0.3999243676662445,0.009868853725492954,0.5121147036552429,0.40138885378837585,0.007413479965180159,0.5156971216201782,0.4798993170261383,0.007806557696312666,0.48675546050071716,0.44509196281433105,0.03668871149420738,0.5260216593742371,0.5291618704795837,0.014192480593919754,0.5138440728187561,0.5178831815719604,0.029838629066944122,0.5088961124420166,0.5107249021530151,0.03832794353365898,0.5443155169487,0.3401981592178345,-0.016206683591008186,0.5360361337661743,0.5320804715156555,0.009826695546507835,0.5171440243721008,0.40115612745285034,0.00597809674218297,0.5220833420753479,0.3996421694755554,0.005801166407763958,0.5254369378089905,0.39840102195739746,0.006347929127514362,0.4910983145236969,0.37488317489624023,0.02833942137658596,0.5226110219955444,0.39093324542045593,0.004409152083098888,0.5176759958267212,0.3884211778640747,0.0043806335888803005,0.5126698613166809,0.3875979483127594,0.0058044558390975,0.5078843235969543,0.3883218467235565,0.008593146689236164,0.5048168301582336,0.38986021280288696,0.011297480203211308,0.4878748059272766,0.37406793236732483,0.06040089577436447,0.5047420263290405,0.39778316020965576,0.012584527023136616,0.5362833142280579,0.4614299535751343,-0.0140072675421834,0.5193500518798828,0.46126192808151245,-0.0034832728561013937,0.5234001278877258,0.4459974467754364,-0.013896409422159195,0.5287336111068726,0.4607800841331482,-0.011670688167214394,0.5416337251663208,0.38610923290252686,-0.014372997917234898,0.5059991478919983,0.5018650889396667,0.03021734207868576,0.5115156173706055,0.5100038647651672,0.022747136652469635,0.524564266204834,0.5248812437057495,0.006676940713077784,0.49822303652763367,0.4888714849948883,0.06116102635860443,0.5258864164352417,0.39455124735832214,0.0053199054673314095,0.5300913453102112,0.4135848581790924,-0.014418709091842175,0.5351464152336121,0.5274362564086914,0.002626856090500951,0.5190772414207458,0.5242332220077515,0.02106895111501217,0.4871150851249695,0.4487750828266144,0.056609295308589935,0.5270313620567322,0.4791969656944275,-0.0017147421604022384,0.5255120992660522,0.4826972186565399,-0.002305731177330017,0.5241386294364929,0.4871995449066162,-0.0030498758424073458,0.5230984091758728,0.4925440847873688,-0.0019042439525946975,0.5218636989593506,0.4966016411781311,0.003312955843284726,0.5185285210609436,0.4754108786582947,0.005495724268257618,0.5171462297439575,0.4742264747619629,0.005938589572906494,0.5160384774208069,0.4729689955711365,0.006135107018053532,0.5104871988296509,0.4690781235694885,0.007786578498780727,0.4910937249660492,0.44999048113822937,0.02274170145392418,0.5316835045814514,0.4049891531467438,-0.009299557656049728,0.53070068359375,0.388172447681427,-0.0002020276297116652,0.5280352234840393,0.39025160670280457,0.0033952072262763977,0.5200165510177612,0.4765119254589081,0.005904864054173231,0.4929333031177521,0.46938052773475647,0.03311517462134361,0.5346691608428955,0.38678574562072754,-0.008878589607775211,0.5193663835525513,0.5039493441581726,0.0069010304287076,0.5371870398521423,0.4168936014175415,-0.027196314185857773,0.5336072444915771,0.40944376587867737,-0.01981215365231037,0.5385916829109192,0.40805837512016296,-0.022421766072511673,0.5255447030067444,0.4265569746494293,-0.013022263534367085,0.534998893737793,0.520453929901123,-0.0010560416849330068,0.5354804396629333,0.5113543272018433,-0.001685905852355063,0.5266808867454529,0.5096932053565979,0.0014283594209700823,0.509329617023468,0.4872339367866516,0.015783006325364113,0.5149754881858826,0.44680652022361755,0.0016688022296875715,0.5141369104385376,0.496504008769989,0.011754446662962437,0.5013719201087952,0.44419920444488525,0.007272830232977867,0.5091414451599121,0.45413535833358765,0.004971523769199848,0.4972807466983795,0.45652392506599426,0.014102770015597343,0.5247395634651184,0.5183180570602417,0.002979982178658247,0.5229261517524719,0.4309436082839966,-0.007788581773638725,0.5059565305709839,0.49312812089920044,0.02259957231581211,0.5118941068649292,0.502539873123169,0.017105430364608765,0.5046373605728149,0.47678887844085693,0.017063943669199944,0.48893263936042786,0.45927587151527405,0.03910142555832863,0.49893784523010254,0.4780714511871338,0.02409283071756363,0.48976653814315796,0.46569082140922546,0.054572511464357376,0.5049794316291809,0.4631364345550537,0.009958003647625446,0.5270596146583557,0.41901931166648865,-0.008964364416897297,0.5233303308486938,0.44355764985084534,-0.021027734503149986,0.5210979580879211,0.4449005424976349,-0.013985815457999706,0.5250953435897827,0.43810588121414185,-0.0258245300501585,0.5263928174972534,0.37695273756980896,-0.0012715982738882303,0.517258882522583,0.3685019612312317,-0.00029462252859957516,0.5090948939323425,0.36602991819381714,0.002341063227504492,0.5026425123214722,0.36741742491722107,0.006845485884696245,0.49834805727005005,0.3719947040081024,0.011944344267249107,0.49633753299713135,0.3915252387523651,0.02250783145427704,0.4852360188961029,0.41237014532089233,0.05489002913236618,0.4986415505409241,0.40533825755119324,0.017345333471894264,0.5034708976745605,0.408616304397583,0.012574540451169014,0.5105351805686951,0.41021183133125305,0.008517339825630188,0.5178015828132629,0.40927359461784363,0.005326270591467619,0.5237180590629578,0.40660449862480164,0.0036820394452661276,0.5277469754219055,0.403706818819046,0.0021051657386124134,0.4895637631416321,0.41288504004478455,0.07749246805906296,0.5216425657272339,0.44679105281829834,-0.010998508892953396,0.5287009477615356,0.42130109667778015,-0.018585000187158585,0.5262085795402527,0.4445768892765045,-0.026500284671783447,0.5295945405960083,0.44898954033851624,-0.02459903433918953,0.526801347732544,0.4459732174873352,-0.02354886569082737,0.5232205390930176,0.4492211639881134,-0.009275093674659729,0.5302530527114868,0.4499419629573822,-0.026290223002433777,0.531491756439209,0.4518187940120697,-0.019354546442627907,0.5289301872253418,0.39716649055480957,0.004329261370003223,0.5310254693031311,0.39864587783813477,9.171198325930163e-05,0.5319771766662598,0.3995541036128998,-0.004110274836421013,0.5030606389045715,0.3911982774734497,0.013987593352794647,0.4990633726119995,0.383367121219635,0.014978865161538124,0.5422362685203552,0.4186135232448578,-0.02644466981291771,0.5878019332885742,0.4044311046600342,-0.004305853508412838,0.5412137508392334,0.4515634775161743,-0.021214963868260384,0.6210673451423645,0.3670177459716797,0.017089087516069412,0.5694822072982788,0.4101598262786865,-0.007047708611935377,0.5758718848228455,0.41156429052352905,-0.0076194144785404205,0.5821205973625183,0.41118404269218445,-0.0069822752848267555,0.5908616781234741,0.4068658947944641,-0.003495678538456559,0.5640208721160889,0.4071446657180786,-0.0050216373056173325,0.5797269940376282,0.38324153423309326,-0.01182724628597498,0.5727020502090454,0.38382822275161743,-0.010288669727742672,0.5864462852478027,0.3853127360343933,-0.010602704249322414,0.5908482074737549,0.3895108699798584,-0.0086210323497653,0.5963936448097229,0.41138797998428345,-0.0006485261837951839,0.5575334429740906,0.5172104239463806,0.001166901201941073,0.5903853178024292,0.4020839035511017,-0.0026558723766356707,0.6198061108589172,0.4061846137046814,0.02193199284374714,0.6045228838920593,0.4045392870903015,0.0038603791035711765,0.570843517780304,0.44124114513397217,-0.010279646143317223,0.5474618077278137,0.4681586027145386,-0.015539141371846199,0.5464507341384888,0.4783841669559479,-0.012246070429682732,0.5560746788978577,0.47218334674835205,-0.01353505253791809,0.5617423057556152,0.4758369028568268,-0.009916543029248714,0.5533919930458069,0.4790593683719635,-0.011189719662070274,0.558880627155304,0.479883074760437,-0.007713286206126213,0.5671812891960144,0.48923954367637634,-0.0006604182999581099,0.5389277338981628,0.44714975357055664,-0.031774815171957016,0.5398598909378052,0.4385035037994385,-0.03418438509106636,0.6015853881835938,0.3783448338508606,-0.008522257208824158,0.5591812133789062,0.4192877411842346,-0.010052058845758438,0.5558582544326782,0.4450923800468445,-0.020495185628533363,0.5569584369659424,0.4403438866138458,-0.01910901814699173,0.591679036617279,0.4416545331478119,-0.006153623107820749,0.5410550236701965,0.4276861548423767,-0.031551044434309006,0.5855336785316467,0.36662566661834717,-0.01585870422422886,0.5949175953865051,0.3705388307571411,-0.012766042724251747,0.6136007905006409,0.34974080324172974,0.005750146694481373,0.5559700131416321,0.3746117949485779,-0.015928642824292183,0.566372811794281,0.3875381648540497,-0.007369783241301775,0.5727790594100952,0.4815518856048584,-0.00118185521569103,0.6086108684539795,0.4854690134525299,0.04483914375305176,0.5513470768928528,0.4497668445110321,-0.01711260713636875,0.5462213158607483,0.4520198106765747,-0.01575396955013275,0.5689717531204224,0.48134058713912964,-0.0006638421909883618,0.5672845244407654,0.48135462403297424,-0.0015731407329440117,0.5994366407394409,0.36375659704208374,-0.011042095720767975,0.5567299127578735,0.4484413266181946,-0.016910593956708908,0.5728546977043152,0.36734840273857117,-0.01712345890700817,0.5740145444869995,0.35912176966667175,-0.019020188599824905,0.5842849016189575,0.32569557428359985,-0.013438420370221138,0.6060057282447815,0.35756170749664307,-0.004068716429173946,0.5779482126235962,0.3419436812400818,-0.016585323959589005,0.6065130233764648,0.37387365102767944,-0.004579366184771061,0.6134902238845825,0.37188974022865295,0.005372267682105303,0.5470983982086182,0.4737301766872406,-0.014591853134334087,0.5547497272491455,0.4758875072002411,-0.012596379965543747,0.5603649616241455,0.4779151380062103,-0.009269066154956818,0.5500510931015015,0.45107683539390564,-0.015036634169518948,0.5681020617485046,0.4813513159751892,-0.0010671300115063787,0.5642178654670715,0.4839540719985962,-0.0035374618601053953,0.56639164686203,0.48136642575263977,-0.0015377135714516044,0.5472844243049622,0.44743290543556213,-0.025134839117527008,0.5576703548431396,0.4812171757221222,-0.006357020698487759,0.552198052406311,0.4810958504676819,-0.008354168385267258,0.5458194613456726,0.4810886085033417,-0.009433072991669178,0.544454038143158,0.5037082433700562,-0.0033779528457671404,0.545911431312561,0.4993324875831604,-0.009326553903520107,0.54585862159729,0.49322614073753357,-0.010320331901311874,0.5457311272621155,0.4870736002922058,-0.009175140410661697,0.5455219149589539,0.48228293657302856,-0.008573539555072784,0.5574844479560852,0.4817126989364624,-0.0056195794604718685,0.5585283041000366,0.4838954210281372,-0.006284093484282494,0.5597100853919983,0.4868772327899933,-0.0071596852503716946,0.5605749487876892,0.49013563990592957,-0.006204128265380859,0.5644806623458862,0.46936720609664917,-0.00906104501336813,0.6203109622001648,0.44467124342918396,0.04925994947552681,0.5616790652275085,0.48152709007263184,-0.003163049928843975,0.5628971457481384,0.4826469123363495,-0.0035573081113398075,0.5441340208053589,0.4551040530204773,-0.01568514294922352,0.555077314376831,0.45298343896865845,-0.011431857943534851,0.5450984835624695,0.45362791419029236,-0.01583794504404068,0.5660070776939392,0.4247114062309265,-0.008974242024123669,0.5763552188873291,0.43093860149383545,-0.008573993109166622,0.5584847331047058,0.4440174996852875,-0.015620884485542774,0.6018351316452026,0.33554887771606445,-0.0050046006217598915,0.5947517156600952,0.34711989760398865,-0.011265605688095093,0.588330090045929,0.35852760076522827,-0.016024593263864517,0.560894250869751,0.495254248380661,-0.002346120774745941,0.5580419898033142,0.3617466390132904,-0.01910148374736309,0.5617658495903015,0.3407491147518158,-0.018115298822522163,0.5664583444595337,0.3207850456237793,-0.01632796972990036,0.5875244140625,0.4099554121494293,-0.00527214678004384,0.6032934188842773,0.41726624965667725,0.0018819556571543217,0.5604754090309143,0.40449056029319763,-0.003951692022383213,0.5977393388748169,0.39311516284942627,-0.004318923223763704,0.5546455383300781,0.4133034944534302,-0.011652052402496338,0.5512427091598511,0.4420278072357178,-0.025742968544363976,0.6105371117591858,0.42223256826400757,0.007582907099276781,0.5980539321899414,0.4228719472885132,-0.0025026253424584866,0.5892750024795532,0.42511218786239624,-0.00634717708453536,0.5768993496894836,0.423448771238327,-0.006791537627577782,0.5679142475128174,0.41968289017677307,-0.006746447645127773,0.5610988140106201,0.4152253568172455,-0.0071897259913384914,0.5458405613899231,0.4008291959762573,-0.016888316720724106,0.6083971858024597,0.4400653839111328,0.007106236647814512,0.6035271286964417,0.3909333348274231,-0.002629948314279318,0.5374801158905029,0.45133161544799805,-0.028583664447069168,0.5574679970741272,0.42738065123558044,-0.012179968878626823,0.6252759695053101,0.4054304361343384,0.04128047078847885,0.555905818939209,0.41019386053085327,-0.007530083879828453,0.5599527955055237,0.444385826587677,-0.009663762524724007,0.5936774611473083,0.4015367925167084,-0.001765624270774424,0.5524048805236816,0.43621018528938293,-0.023880094289779663,0.6158421039581299,0.4651241600513458,0.048576779663562775,0.5607150197029114,0.4018149971961975,-0.0030354810878634453,0.546679675579071,0.4311082661151886,-0.028914205729961395,0.588492214679718,0.5025054216384888,0.01694435253739357,0.5885140895843506,0.5117264986038208,0.02853883057832718,0.6166107654571533,0.44321683049201965,0.027472520247101784,0.5988538265228271,0.4929359257221222,0.02204430289566517,0.6172133684158325,0.3879776895046234,0.015101091004908085,0.5580058693885803,0.5245543122291565,0.004814374726265669,0.5376056432723999,0.45302921533584595,-0.020367514342069626,0.5632727146148682,0.43390578031539917,-0.010555693879723549,0.6106430292129517,0.40653184056282043,0.008665023371577263,0.581321656703949,0.40712693333625793,-0.006819009315222502,0.5758678317070007,0.40731433033943176,-0.007382648065686226,0.5653806924819946,0.4854556918144226,-0.0028099105693399906,0.6065184473991394,0.4572763442993164,0.010475398041307926,0.5472091436386108,0.5325613021850586,0.008860897272825241,0.5666787624359131,0.5257568359375,0.016555579379200935,0.5763895511627197,0.5203672051429749,0.021723279729485512,0.5705833435058594,0.406013548374176,-0.0066009704023599625,0.5655495524406433,0.4039100110530853,-0.004962768871337175,0.5623316168785095,0.40269455313682556,-0.0033038149122148752,0.6091523766517639,0.388658344745636,0.0023510982282459736,0.5673815608024597,0.3969598114490509,-0.006734984926879406,0.5730852484703064,0.39553937315940857,-0.008601888082921505,0.5781578421592712,0.3958360254764557,-0.009314300492405891,0.5831749439239502,0.39730754494667053,-0.00861502718180418,0.5865055322647095,0.3992026746273041,-0.0070884814485907555,0.6246309280395508,0.3845519721508026,0.03023717738687992,0.585038959980011,0.4059508144855499,-0.0055573806166648865,0.5575206279754639,0.46486374735832214,-0.011575200594961643,0.5510007739067078,0.4486357271671295,-0.019262142479419708,0.5448803901672363,0.46239155530929565,-0.015064781531691551,0.5777181386947632,0.5116361379623413,0.01367641519755125,0.5679534077644348,0.5181796550750732,0.009671914391219616,0.5468624234199524,0.5283530950546265,0.0013365433551371098,0.5990350246429443,0.5009270906448364,0.03721027076244354,0.5628344416618347,0.39977455139160156,-0.004563208669424057,0.5486710071563721,0.4151272475719452,-0.018802795559167862,0.5570618510246277,0.5301311016082764,0.011224901303648949,0.6130594611167908,0.4619213044643402,0.028307078406214714,0.5519655346870422,0.48196426033973694,-0.007528295740485191,0.5527768731117249,0.4856444299221039,-0.00828891433775425,0.5534690022468567,0.4902905523777008,-0.009364265948534012,0.5538626909255981,0.4956200122833252,-0.008445527404546738,0.5533879995346069,0.5003593564033508,-0.003867611289024353,0.5634447336196899,0.4805750250816345,-0.0045281071215868,0.5648273229598999,0.4797297716140747,-0.00496814725920558,0.5660524964332581,0.47876662015914917,-0.00540883606299758,0.5701470375061035,0.4748680293560028,-0.0056039709597826,0.5966846942901611,0.46067014336586,0.0003961088368669152,0.5501596331596375,0.40646249055862427,-0.01389061938971281,0.5563821792602539,0.3925369381904602,-0.006029233336448669,0.5603008270263672,0.3950299620628357,-0.0049242135137319565,0.5619685053825378,0.4813165068626404,-0.0036868478637188673,0.59649258852005,0.4806705117225647,0.010527228005230427,0.549826443195343,0.3908688724040985,-0.012339928187429905,0.5557501316070557,0.5087558031082153,-0.000982707366347313,0.5440132021903992,0.4102928638458252,-0.02214573696255684,0.5521776080131531,0.42885953187942505,-0.0188247412443161,0.5454257130622864,0.5122524499893188,-0.0023956792429089546,0.5717535614967346,0.49446219205856323,0.0019079394405707717,0.5653198957443237,0.45143312215805054,-0.00863333884626627,0.564232587814331,0.5027387142181396,0.0008230468374677002,0.5812122225761414,0.4519294202327728,-0.00889449194073677,0.5715824961662292,0.4602077901363373,-0.007904604077339172,0.5867670178413391,0.4656754732131958,-0.004437719937413931,0.5464085340499878,0.5215270519256592,-0.0020629693754017353,0.5563927888870239,0.43372291326522827,-0.01506128441542387,0.5763099193572998,0.5019966959953308,0.006852705962955952,0.5667828321456909,0.5099021196365356,0.00498793413862586,0.5780350565910339,0.4847157895565033,0.0003347843012306839,0.6040300726890564,0.47149595618247986,0.01402169931679964,0.586281418800354,0.4879853129386902,0.004957282450050116,0.607848048210144,0.47859427332878113,0.02757330983877182,0.5771212577819824,0.47035861015319824,-0.005435107741504908,0.5529559850692749,0.42119699716567993,-0.015190648846328259,0.5490542650222778,0.44601649045944214,-0.026601994410157204,0.5536963939666748,0.4479621350765228,-0.020429257303476334,0.545720100402832,0.4400343596935272,-0.030256114900112152,0.5618705153465271,0.3836286664009094,-0.009265554137527943,0.572521448135376,0.37762609124183655,-0.011951792985200882,0.581685483455658,0.37687820196151733,-0.012948667630553246,0.589422881603241,0.3794911503791809,-0.011664778925478458,0.5950585603713989,0.384762167930603,-0.008750300854444504,0.5983134508132935,0.4027194380760193,0.0002887941664084792,0.619001567363739,0.42475929856300354,0.024729186668992043,0.5923064947128296,0.41507574915885925,-0.003088507102802396,0.5853661894798279,0.4169118404388428,-0.005239482969045639,0.5767304301261902,0.41679057478904724,-0.00615787785500288,0.5686779022216797,0.4144139289855957,-0.006242389790713787,0.5623393654823303,0.41088804602622986,-0.00502999359741807,0.5580446124076843,0.40747135877609253,-0.0049780504778027534,0.6232632398605347,0.42493313550949097,0.047051895409822464,0.5540350079536438,0.44982391595840454,-0.01731370948255062,0.5473112463951111,0.4228958189487457,-0.023104282096028328,0.5437861084938049,0.44641396403312683,-0.03000464104115963,0.5411554574966431,0.4504217505455017,-0.026623530313372612,0.5444435477256775,0.4479258954524994,-0.027155788615345955,0.5527349710464478,0.45200785994529724,-0.014573940075933933,0.5395961999893188,0.45102277398109436,-0.027928940951824188,0.5396369099617004,0.45268288254737854,-0.02077113278210163,0.5583460330963135,0.4013391435146332,-0.003088870784267783,0.5548574924468994,0.40212950110435486,-0.005466100759804249,0.5521908402442932,0.4029524326324463,-0.008737034164369106,0.5886260271072388,0.4006831645965576,-0.005194155499339104,0.5937479734420776,0.3946119546890259,-0.005408803466707468,0.5159551501274109,0.39474135637283325,0.008729820139706135,0.5223912000656128,0.3954095244407654,0.008729820139706135,0.5165988802909851,0.3869999647140503,0.008729820139706135,0.509533703327179,0.39403703808784485,0.008729820139706135,0.5153264403343201,0.4022693634033203,0.008729820139706135,0.5756717920303345,0.40070539712905884,-0.0059209903702139854,0.5819228291511536,0.40130361914634705,-0.0059209903702139854,0.5761005282402039,0.3932414948940277,-0.0059209903702139854,0.5695433616638184,0.40012258291244507,-0.0059209903702139854,0.575232982635498,0.4081283509731293,-0.0059209903702139854
2333.3333333333326,0.5474026799201965,0.46776530146598816,-0.014819743111729622,0.5434422492980957,0.4448608160018921,-0.03129109367728233,0.544948160648346,0.45301884412765503,-0.01589284837245941,0.5417532920837402,0.41583287715911865,-0.023848827928304672,0.5437933206558228,0.43590545654296875,-0.03369047865271568,0.5451180934906006,0.42435353994369507,-0.03184271603822708,0.5491477251052856,0.3964327573776245,-0.017470424994826317,0.5113130211830139,0.3923116624355316,0.0127143869176507,0.5514543652534485,0.3706074357032776,-0.014444720931351185,0.5521891713142395,0.3576034605503082,-0.016398051753640175,0.5560848116874695,0.3161064386367798,-0.013509520329535007,0.5471529364585876,0.47184664011001587,-0.013928189873695374,0.5469579696655273,0.47596287727355957,-0.01192050613462925,0.5469251871109009,0.478586882352829,-0.009020766243338585,0.546664834022522,0.48029497265815735,-0.007893344387412071,0.5462397933006287,0.485452800989151,-0.00841471180319786,0.5457616448402405,0.4914984107017517,-0.00931235309690237,0.5453627109527588,0.497488409280777,-0.00807249080389738,0.5440600514411926,0.5020456910133362,-0.0019507715478539467,0.5438336133956909,0.44935646653175354,-0.02811853587627411,0.5396767854690552,0.4485045373439789,-0.019347386434674263,0.4948725402355194,0.35396042466163635,0.04306524246931076,0.5267876982688904,0.4036105275154114,0.0038004559464752674,0.5205029845237732,0.4036061465740204,0.005483486223965883,0.5150654315948486,0.40141844749450684,0.00825457088649273,0.5091949701309204,0.39391905069351196,0.014563166536390781,0.5324400067329407,0.40137186646461487,0.003609752282500267,0.52059406042099,0.36980754137039185,0.002197813242673874,0.5275600552558899,0.37240520119667053,0.0007751903613097966,0.51405268907547,0.37069305777549744,0.00558301480486989,0.5097512602806091,0.37466442584991455,0.008806307800114155,0.5043760538101196,0.39757391810417175,0.018695613369345665,0.524607241153717,0.5100539326667786,0.009086047299206257,0.510060727596283,0.38861986994743347,0.015195661224424839,0.4915253520011902,0.3914381265640259,0.04824778810143471,0.4997546970844269,0.38803598284721375,0.02561580389738083,0.518825888633728,0.43377983570098877,0.0007720005814917386,0.5398178696632385,0.4646596908569336,-0.012783322483301163,0.5401377081871033,0.4745568633079529,-0.009801673702895641,0.5323261022567749,0.46654629707336426,-0.0076792980544269085,0.527456521987915,0.4688911437988281,-0.0018806455191224813,0.5344157218933105,0.4736912250518799,-0.006128820590674877,0.5300449728965759,0.47343921661376953,-0.0009786684531718493,0.5209500789642334,0.48204052448272705,0.009682544507086277,0.5389596223831177,0.4441431760787964,-0.03014480136334896,0.538567841053009,0.43544867634773254,-0.032196804881095886,0.5026007890701294,0.3596537113189697,0.012364123947918415,0.5322996377944946,0.41454455256462097,-0.002722296630963683,0.5287911295890808,0.4399148225784302,-0.013681963086128235,0.5290722846984863,0.43528589606285095,-0.012061974965035915,0.5017575621604919,0.4304371774196625,0.012029217556118965,0.5401166677474976,0.42477521300315857,-0.029031025245785713,0.5147975087165833,0.3504088819026947,-0.0011498722014948726,0.5074790120124817,0.35254549980163574,0.005581186152994633,0.4997672438621521,0.33800244331359863,0.02918868511915207,0.539393961429596,0.3646501302719116,-0.010801305063068867,0.5332958698272705,0.37838613986968994,0.0015460035065189004,0.5168607234954834,0.4734218716621399,0.011250755749642849,0.49904268980026245,0.4704877734184265,0.06824195384979248,0.5327821969985962,0.445323646068573,-0.012124809436500072,0.5369440317153931,0.44843050837516785,-0.013171160593628883,0.5217306017875671,0.47302258014678955,0.010008650831878185,0.5233345627784729,0.4734203517436981,0.007805742789059877,0.5053035020828247,0.3448445796966553,0.008449758403003216,0.5289260149002075,0.44324812293052673,-0.010276354849338531,0.5249859690666199,0.353655606508255,-0.0068754954263567924,0.5245755314826965,0.34520936012268066,-0.008486458100378513,0.5218155980110168,0.31809401512145996,0.00019411816901993006,0.5016797780990601,0.3453976809978485,0.017177434638142586,0.52302485704422,0.333970308303833,-0.004647510126233101,0.5002040863037109,0.35428157448768616,0.017718205228447914,0.4966224730014801,0.3584575653076172,0.02933589741587639,0.5397523045539856,0.4700419306755066,-0.011898601427674294,0.5333226323127747,0.4703783392906189,-0.007100957911461592,0.528647243976593,0.47122204303741455,-0.0019114421447739005,0.5340491533279419,0.44687122106552124,-0.010921135544776917,0.5225425362586975,0.473233163356781,0.008822714909911156,0.5249708294868469,0.476642906665802,0.004873250145465136,0.5241771340370178,0.473652184009552,0.007584727834910154,0.5343552827835083,0.44333013892173767,-0.020448047667741776,0.5311902761459351,0.4749833941459656,-5.041385520598851e-05,0.5354551076889038,0.47588032484054565,-0.003744685323908925,0.5407674908638,0.47723665833473206,-0.007017621770501137,0.5365217924118042,0.5006052851676941,-0.0004302500747144222,0.5375630855560303,0.4954085350036621,-0.006295739207416773,0.5383005142211914,0.48944562673568726,-0.0072697969153523445,0.539376437664032,0.4834819734096527,-0.0062959506176412106,0.5405015349388123,0.47888055443763733,-0.005821294151246548,0.5309966802597046,0.4758847951889038,0.0008995624375529587,0.5295453667640686,0.4778216481208801,0.0002178171562263742,0.5278690457344055,0.4805144667625427,-0.0004198363749310374,0.5265083312988281,0.48362043499946594,0.0010193785419687629,0.5221611261367798,0.4624708890914917,0.00019038534082937986,0.49413275718688965,0.42927104234695435,0.07542093843221664,0.5443593263626099,0.45123156905174255,-0.020273227244615555,0.527925431728363,0.47483041882514954,0.004924166481941938,0.5264449119567871,0.47563740611076355,0.00455899816006422,0.5383874177932739,0.4517548680305481,-0.013164231553673744,0.5307832956314087,0.4480261504650116,-0.0061960951425135136,0.5377247929573059,0.45014217495918274,-0.013343580067157745,0.5257375240325928,0.41868099570274353,0.0007457792526111007,0.5155009031295776,0.422778457403183,0.004594184458255768,0.5283474326133728,0.43869784474372864,-0.008414966985583305,0.5082007646560669,0.3256283402442932,0.014230979606509209,0.5099603533744812,0.3366507887840271,0.005954374093562365,0.513400673866272,0.3418916165828705,-0.0004744594916701317,0.5245851874351501,0.48889148235321045,0.0061696418561041355,0.5383807420730591,0.3512924313545227,-0.013575862161815166,0.5371773838996887,0.3352034389972687,-0.011742381379008293,0.5372255444526672,0.31539231538772583,-0.009264392778277397,0.5110413432121277,0.3983308672904968,0.011750317178666592,0.49818190932273865,0.40235647559165955,0.023286113515496254,0.5362712144851685,0.39896559715270996,0.0037407586351037025,0.5046675801277161,0.37706345319747925,0.015547106973826885,0.5365217924118042,0.40932697057724,-0.005718424450606108,0.5312039256095886,0.4373821020126343,-0.020176922902464867,0.49270203709602356,0.4082055389881134,0.03170640766620636,0.5005277395248413,0.40956467390060425,0.017582129687070847,0.5067161917686462,0.41409897804260254,0.01078537292778492,0.5175125002861023,0.41489121317863464,0.006421791855245829,0.526088535785675,0.41282907128334045,0.0033065665047615767,0.5326673984527588,0.40951281785964966,0.0004057121986988932,0.5438693761825562,0.39815497398376465,-0.01406626682728529,0.491942822933197,0.42590436339378357,0.03104938194155693,0.5009759664535522,0.3731803894042969,0.01913834735751152,0.5411435961723328,0.44874680042266846,-0.02727399580180645,0.5320380330085754,0.4227297604084015,-0.005180095322430134,0.49255603551864624,0.3908666968345642,0.06860236078500748,0.537608802318573,0.40526795387268066,-0.0015704188263043761,0.5282818078994751,0.43902865052223206,-0.002566014416515827,0.507548987865448,0.3872547149658203,0.01695391908288002,0.5319191813468933,0.4317270517349243,-0.018206831067800522,0.4958466589450836,0.44956040382385254,0.07356961816549301,0.5372809171676636,0.39573439955711365,0.0049437652342021465,0.5357866287231445,0.4273257255554199,-0.02467704378068447,0.5057465434074402,0.48972854018211365,0.0346505343914032,0.5082802176475525,0.49868449568748474,0.046247899532318115,0.49054819345474243,0.42772236466407776,0.053601764142513275,0.4996073246002197,0.47894981503486633,0.0429367870092392,0.4938718378543854,0.374032199382782,0.04051515832543373,0.5243606567382812,0.5167614817619324,0.013387302868068218,0.542258083820343,0.4506791830062866,-0.01956811547279358,0.5266368985176086,0.4281236529350281,-0.0019509994890540838,0.49579620361328125,0.38878333568573,0.032558102160692215,0.5158143639564514,0.397757887840271,0.008044738322496414,0.5207566022872925,0.39964818954467773,0.005784043110907078,0.5236881375312805,0.4778924286365509,0.006193642504513264,0.4927825927734375,0.44288715720176697,0.03355720266699791,0.5336526036262512,0.5275667309761047,0.013772586360573769,0.5207533836364746,0.5160189270973206,0.028313294053077698,0.5152521729469299,0.5088935494422913,0.03626672178506851,0.5539395809173584,0.33728164434432983,-0.01574547216296196,0.5437966585159302,0.5305570960044861,0.010028336197137833,0.5262482762336731,0.3995635211467743,0.004602160770446062,0.5316853523254395,0.39810797572135925,0.0046331388875842094,0.5353284478187561,0.3969076871871948,0.005317801143974066,0.49802765250205994,0.37006422877311707,0.0257549025118351,0.532162606716156,0.38773882389068604,0.003186767688021064,0.5267873406410217,0.3842220902442932,0.0030240437481552362,0.5213766694068909,0.38307929039001465,0.004239324014633894,0.5162777900695801,0.3838287591934204,0.006827310658991337,0.5131084322929382,0.3855823874473572,0.009368648752570152,0.4926348328590393,0.3706778585910797,0.05730729177594185,0.5129373073577881,0.39504802227020264,0.01064283400774002,0.5449596047401428,0.459441602230072,-0.01404084824025631,0.5277305245399475,0.4592566192150116,-0.004503303673118353,0.5325209498405457,0.44414010643959045,-0.014453478157520294,0.5374574661254883,0.4587728679180145,-0.01206799317151308,0.550661563873291,0.3839118182659149,-0.013935588300228119,0.5126199722290039,0.5001608729362488,0.028067469596862793,0.5185409784317017,0.5082957148551941,0.021110448986291885,0.5323610901832581,0.5234940648078918,0.00611259788274765,0.5032120943069458,0.4869879484176636,0.05820450186729431,0.5357710123062134,0.392534077167511,0.00427059642970562,0.5389491319656372,0.41169866919517517,-0.014683196321129799,0.5431256294250488,0.5261578559875488,0.0026761963963508606,0.5264330506324768,0.5224646329879761,0.020055031403899193,0.49217501282691956,0.4464343786239624,0.053277865052223206,0.5352311730384827,0.4772737920284271,-0.0026229035574942827,0.533721923828125,0.4807018041610718,-0.003233816707506776,0.5323124527931213,0.4851364493370056,-0.003964971750974655,0.5311940908432007,0.49039798974990845,-0.0027886892203241587,0.5295767188072205,0.4953938126564026,0.002481883391737938,0.5265853404998779,0.4733521342277527,0.003890077117830515,0.5252012014389038,0.47219711542129517,0.004243094474077225,0.5240967869758606,0.47096648812294006,0.00436912477016449,0.5181599855422974,0.46709591150283813,0.005880867596715689,0.49771648645401,0.4479599595069885,0.02000461518764496,0.5403484106063843,0.4031369090080261,-0.009527655318379402,0.5404414534568787,0.3860534131526947,-0.0007244752487167716,0.5378276109695435,0.38810262084007263,0.0025708600878715515,0.5280249118804932,0.4744036793708801,0.004312234930694103,0.4992147982120514,0.4675198495388031,0.03022426925599575,0.5444003939628601,0.3847982883453369,-0.008962791413068771,0.5268476605415344,0.502679705619812,0.006020470522344112,0.5464922785758972,0.415010005235672,-0.026893679052591324,0.5426709055900574,0.4075893461704254,-0.01972714439034462,0.5477561354637146,0.406283974647522,-0.022064002230763435,0.5343480110168457,0.42466577887535095,-0.013580309227108955,0.5430800318717957,0.5194116830825806,-0.0009154728031717241,0.5435546636581421,0.5103929042816162,-0.0014953278005123138,0.534492015838623,0.5085976123809814,0.0011480917455628514,0.5165112018585205,0.4855997860431671,0.013882015831768513,0.5231703519821167,0.44493988156318665,0.00042039883555844426,0.5214118957519531,0.495055615901947,0.01035278756171465,0.5088493824005127,0.44217830896377563,0.0052970219403505325,0.5169298648834229,0.45217031240463257,0.0033490299247205257,0.504432201385498,0.4545515179634094,0.011668088845908642,0.5325705409049988,0.5171191692352295,0.002510308288037777,0.531568706035614,0.4291246831417084,-0.008593261241912842,0.5128922462463379,0.491485059261322,0.02049659751355648,0.5190327167510986,0.5009820461273193,0.015542986802756786,0.5118036866188049,0.4749973714351654,0.014769484288990498,0.4948805868625641,0.4572192132472992,0.03598490729928017,0.5056754350662231,0.47633254528045654,0.021539125591516495,0.4949677288532257,0.4635925590991974,0.051292162388563156,0.512423038482666,0.4611692726612091,0.007943334057927132,0.5357002019882202,0.41716647148132324,-0.009550945833325386,0.5325859189033508,0.44157955050468445,-0.02154155634343624,0.5301992893218994,0.4430151879787445,-0.014665384776890278,0.5345379114151001,0.43604373931884766,-0.02608001045882702,0.5359784364700317,0.37418442964553833,-0.001996350008994341,0.5264866948127747,0.36528220772743225,-0.0012751617468893528,0.5179794430732727,0.3626953065395355,0.0010246168822050095,0.5111690759658813,0.3641243278980255,0.005203953944146633,0.5066179037094116,0.3686176836490631,0.010047824122011662,0.5041165947914124,0.3876235783100128,0.020234132185578346,0.4902478754520416,0.40949198603630066,0.05156004801392555,0.5065233111381531,0.4024389982223511,0.015140856616199017,0.5115945339202881,0.40636613965034485,0.010676815174520016,0.5190383195877075,0.4083714187145233,0.006961179431527853,0.5267263650894165,0.4076595604419708,0.004005542956292629,0.5330106616020203,0.405108779668808,0.0027965472545474768,0.537255048751831,0.4023053050041199,0.0013859138125553727,0.493496835231781,0.4099942445755005,0.0741465613245964,0.5306420922279358,0.4449672996997833,-0.01168449129909277,0.5377140045166016,0.41934266686439514,-0.01889621838927269,0.5356662273406982,0.44256842136383057,-0.026738781481981277,0.5389381647109985,0.44705983996391296,-0.024708235636353493,0.5361359715461731,0.4440111219882965,-0.023827645927667618,0.5321377515792847,0.44741350412368774,-0.009858931414783001,0.5396248698234558,0.44798845052719116,-0.02635033056139946,0.540725827217102,0.44992563128471375,-0.019437627866864204,0.5388689041137695,0.39572715759277344,0.0035666620824486017,0.5407039523124695,0.3971637487411499,-0.0004163301200605929,0.5415326952934265,0.3982778489589691,-0.004381541162729263,0.5113562345504761,0.38706865906715393,0.011989641934633255,0.5073731541633606,0.3796139359474182,0.012906772084534168,0.5515003800392151,0.4168223440647125,-0.025898145511746407,0.5965270400047302,0.40308132767677307,-0.002191589679569006,0.5500377416610718,0.44970542192459106,-0.020933885127305984,0.6289408206939697,0.3664558231830597,0.020748674869537354,0.5777412056922913,0.4091695249080658,-0.0057863835245370865,0.5843729972839355,0.41071370244026184,-0.0060237497091293335,0.5907143354415894,0.410285085439682,-0.005083479918539524,0.599234402179718,0.40559542179107666,-0.0012206431711092591,0.5720965266227722,0.4058939218521118,-0.003945107571780682,0.589137613773346,0.380346417427063,-0.010046308860182762,0.5816541910171509,0.3808920979499817,-0.008895874954760075,0.5960118174552917,0.3828040361404419,-0.008512997068464756,0.600243866443634,0.38741809129714966,-0.006392274517565966,0.6045490503311157,0.41035541892051697,0.0018086397321894765,0.565336287021637,0.5158514976501465,0.002128527034074068,0.5989819765090942,0.400297611951828,-0.00039922536234371364,0.6271222829818726,0.405510812997818,0.02528686262667179,0.6126714944839478,0.4030129015445709,0.006661770865321159,0.5792285203933716,0.44018498063087463,-0.009005283936858177,0.5556937456130981,0.46658819913864136,-0.015429718419909477,0.5545376539230347,0.47632524371147156,-0.012290529906749725,0.5639443397521973,0.4704326391220093,-0.013071182183921337,0.5693917274475098,0.4739263355731964,-0.009215505793690681,0.5611953735351562,0.4770215153694153,-0.010931351222097874,0.5664787888526917,0.4778580069541931,-0.007256964687258005,0.5742281675338745,0.48788440227508545,0.0003920429735444486,0.5483796000480652,0.4451930522918701,-0.031444698572158813,0.5493934154510498,0.4365275204181671,-0.03376875817775726,0.6113754510879517,0.37576183676719666,-0.005607057362794876,0.5677160620689392,0.41812750697135925,-0.009102989919483662,0.5641555786132812,0.44355669617652893,-0.01966308057308197,0.565213680267334,0.4389335513114929,-0.018265653401613235,0.6000027060508728,0.44104015827178955,-0.003960969392210245,0.550464391708374,0.4257739186286926,-0.031039267778396606,0.5963837504386902,0.36343473196029663,-0.013559612445533276,0.605384886264801,0.36759623885154724,-0.010004499927163124,0.6222764253616333,0.3488819897174835,0.009123559109866619,0.5658882856369019,0.3711312413215637,-0.014879843220114708,0.574840247631073,0.3849421739578247,-0.006296391598880291,0.5797218680381775,0.48007169365882874,7.476150494767353e-05,0.6135719418525696,0.4842661917209625,0.04773794859647751,0.5595752596855164,0.4481402635574341,-0.016565414145588875,0.5545855164527893,0.4503103792667389,-0.015392370522022247,0.576359748840332,0.47924619913101196,0.0003118591266684234,0.5746653079986572,0.4793071746826172,-0.0007693588268011808,0.6098865866661072,0.3608793020248413,-0.008192337118089199,0.5647405385971069,0.44693925976753235,-0.01612842082977295,0.5836600065231323,0.3638973534107208,-0.015419822186231613,0.5850800275802612,0.35572415590286255,-0.017258381471037865,0.5940805077552795,0.3238009214401245,-0.011332247406244278,0.6151517629623413,0.3561095893383026,-0.0011004061670973897,0.5878981351852417,0.3396242558956146,-0.014730549417436123,0.6160928010940552,0.3713538944721222,-0.0015066425548866391,0.6219978332519531,0.3707902431488037,0.008565785363316536,0.5552563071250916,0.4719228148460388,-0.014556549489498138,0.5625797510147095,0.47398826479911804,-0.012247441336512566,0.5680009126663208,0.47593921422958374,-0.00869872234761715,0.5582418441772461,0.44942134618759155,-0.01450665295124054,0.5754849910736084,0.4792829155921936,-0.00018145500507671386,0.5717028379440308,0.4819715619087219,-0.0027682140935212374,0.5737763047218323,0.4793384373188019,-0.0007396182627417147,0.5560960173606873,0.445661723613739,-0.024506889283657074,0.5652612447738647,0.47913098335266113,-0.005992442835122347,0.560006320476532,0.4789305031299591,-0.008215240202844143,0.5538608431816101,0.4788491725921631,-0.009561215527355671,0.5524518489837646,0.5026343464851379,-0.0028311745263636112,0.5538800358772278,0.4971941411495209,-0.008930433541536331,0.5539021492004395,0.4911916255950928,-0.010037289932370186,0.5538020730018616,0.4851383864879608,-0.00901992991566658,0.553572416305542,0.4804302752017975,-0.008411246351897717,0.5650755167007446,0.4799065589904785,-0.005038238596171141,0.5661368370056152,0.48202142119407654,-0.005696846172213554,0.567326545715332,0.4849510192871094,-0.006528008729219437,0.5681923031806946,0.48817020654678345,-0.005480770021677017,0.5721437335014343,0.4677576720714569,-0.008111373521387577,0.6257429122924805,0.4438275396823883,0.05269860476255417,0.5691336989402771,0.4796535074710846,-0.0024242354556918144,0.5703787803649902,0.48071831464767456,-0.002819409593939781,0.552601158618927,0.4533444941043854,-0.015358192846179008,0.5630016326904297,0.4514022767543793,-0.010840057395398617,0.5535150766372681,0.45189470052719116,-0.015488817356526852,0.5745291709899902,0.4237135648727417,-0.007757608313113451,0.58497154712677,0.4301067888736725,-0.0068953814916312695,0.5665281414985657,0.44264429807662964,-0.014788948930799961,0.6111820340156555,0.33424708247184753,-0.0021676255855709314,0.6044121384620667,0.34523582458496094,-0.008775596506893635,0.5993552207946777,0.3554127514362335,-0.013685019686818123,0.5683574676513672,0.4940529465675354,-0.0014027783181518316,0.5684670209884644,0.3582749366760254,-0.017950216308236122,0.5716490149497986,0.3381999731063843,-0.01694868877530098,0.5763246417045593,0.31836751103401184,-0.015064587816596031,0.59602952003479,0.4089410603046417,-0.0031336660031229258,0.6111984848976135,0.4163849651813507,0.004545620642602444,0.5684252977371216,0.40306907892227173,-0.0029882187955081463,0.6067285537719727,0.3912014067173004,-0.0017151993233710527,0.5633048415184021,0.4119931757450104,-0.010806691832840443,0.5600490570068359,0.44036394357681274,-0.025001730769872665,0.6183134913444519,0.4216497838497162,0.010588332079350948,0.6060850024223328,0.42226123809814453,-3.369696787558496e-05,0.5973983407020569,0.4245414435863495,-0.0042758509516716,0.5850000977516174,0.4225483238697052,-0.005119591020047665,0.5759535431861877,0.4184945225715637,-0.0054932222701609135,0.569116473197937,0.4137878119945526,-0.006197738461196423,0.5548377633094788,0.3991865813732147,-0.01621285267174244,0.6159511208534241,0.43951311707496643,0.01000864990055561,0.6124480962753296,0.388806015253067,0.00024230536655522883,0.5467407703399658,0.4493939280509949,-0.02832043170928955,0.5659082531929016,0.42612767219543457,-0.011350939981639385,0.6316713094711304,0.4048556983470917,0.045016251504421234,0.5639879703521729,0.4085676372051239,-0.006695887539535761,0.567859947681427,0.44310426712036133,-0.008916487917304039,0.6021515130996704,0.39993518590927124,0.0006299110827967525,0.5611028671264648,0.4346570372581482,-0.023130957037210464,0.6208902597427368,0.4641038477420807,0.05178673937916756,0.5684767365455627,0.40019139647483826,-0.0020606988109648228,0.55582594871521,0.42934098839759827,-0.028251366689801216,0.5948535203933716,0.5011636018753052,0.018842224031686783,0.594309389591217,0.5100924372673035,0.03064543381333351,0.6231327652931213,0.4424549639225006,0.03062657080590725,0.6048657894134521,0.49174022674560547,0.024332836270332336,0.6251016855239868,0.38719436526298523,0.01841147057712078,0.5655918717384338,0.5229491591453552,0.005834553390741348,0.5466311573982239,0.45114269852638245,-0.02021707221865654,0.5715832710266113,0.4327552020549774,-0.009580263867974281,0.6183523535728455,0.4050186276435852,0.011713840067386627,0.5901909470558167,0.4063202142715454,-0.005006152670830488,0.5846066474914551,0.4065841734409332,-0.005790174938738346,0.5728634595870972,0.48343759775161743,-0.0019790958613157272,0.6135743260383606,0.4565715789794922,0.01315028965473175,0.5548428893089294,0.530902624130249,0.009661811403930187,0.5735379457473755,0.5238255262374878,0.018065357580780983,0.5827612280845642,0.5185160636901855,0.02348329685628414,0.5790126323699951,0.40514254570007324,-0.005243864841759205,0.5736779570579529,0.4027422070503235,-0.0037857512943446636,0.5702160596847534,0.4013069272041321,-0.0022297680843621492,0.6177517175674438,0.3866001069545746,0.00542545085772872,0.5755515098571777,0.3943570852279663,-0.005566081497818232,0.5815871953964233,0.3924618363380432,-0.007169272750616074,0.5871069431304932,0.3927299380302429,-0.007633641827851534,0.5923336148262024,0.3945276737213135,-0.006681923754513264,0.5955522060394287,0.39685940742492676,-0.005044632125645876,0.6317697167396545,0.3841083347797394,0.03400871902704239,0.5939074754714966,0.40490734577178955,-0.0035541108809411526,0.5654247999191284,0.46317949891090393,-0.010776869021356106,0.5593708753585815,0.44697368144989014,-0.018670227378606796,0.5532961487770081,0.46049508452415466,-0.014715027995407581,0.584428608417511,0.510072648525238,0.015233023092150688,0.5750902891159058,0.5164995789527893,0.01095697283744812,0.5547714829444885,0.5269215703010559,0.0019640144892036915,0.6043152809143066,0.4995356500148773,0.03974652290344238,0.5707401037216187,0.3977709114551544,-0.003487388137727976,0.5576242804527283,0.41356292366981506,-0.01813408173620701,0.5643819570541382,0.5282778739929199,0.012455745600163937,0.6191340088844299,0.46101003885269165,0.031223243102431297,0.5597697496414185,0.4801557660102844,-0.00712137296795845,0.5605942010879517,0.48375657200813293,-0.007864213548600674,0.5612837672233582,0.4883270561695099,-0.008846843615174294,0.5616339445114136,0.4935932457447052,-0.007824640721082687,0.5611656308174133,0.499241441488266,-0.0030366748105734587,0.5708889961242676,0.4785284698009491,-0.0038297977298498154,0.5722962021827698,0.4776768088340759,-0.004155378323048353,0.5735281705856323,0.4767135679721832,-0.004523213487118483,0.5774351954460144,0.47330209612846375,-0.0044569820165634155,0.6042633056640625,0.45994073152542114,0.0026527552399784327,0.5589967370033264,0.40497374534606934,-0.013147557154297829,0.564771831035614,0.3904617428779602,-0.00533407274633646,0.5684379935264587,0.39305534958839417,-0.003972889855504036,0.5694093108177185,0.4792674481868744,-0.0030664599034935236,0.6031880974769592,0.47969067096710205,0.012696396559476852,0.5585891604423523,0.3884827494621277,-0.01168823055922985,0.5635980367660522,0.5075771808624268,-6.899089930811897e-05,0.5531346201896667,0.40861499309539795,-0.021569328382611275,0.5608864426612854,0.4273754358291626,-0.018136173486709595,0.5535218119621277,0.5111877918243408,-0.0018207683460786939,0.5788906812667847,0.49315527081489563,0.003190453862771392,0.5731876492500305,0.45019274950027466,-0.007613595575094223,0.5716925263404846,0.5014774203300476,0.0019142412347719073,0.5894659161567688,0.45101186633110046,-0.007237821351736784,0.579458475112915,0.45898377895355225,-0.006640756968408823,0.5944616198539734,0.4647356867790222,-0.002682299120351672,0.5544883012771606,0.5203319787979126,-0.001408393494784832,0.5647229552268982,0.43240851163864136,-0.014295032247900963,0.583317220211029,0.5006543397903442,0.008325016126036644,0.5741740465164185,0.5085000991821289,0.006165803410112858,0.5851365923881531,0.4834195673465729,0.0018709602300077677,0.610620379447937,0.4705958068370819,0.016491610556840897,0.5932158827781677,0.48685917258262634,0.006738061551004648,0.613696813583374,0.47753697633743286,0.030263099819421768,0.5846142172813416,0.46911388635635376,-0.0039754752069711685,0.5616434812545776,0.4197791814804077,-0.014435460790991783,0.5578925013542175,0.4442806541919708,-0.02591303549706936,0.5620242357254028,0.4463503658771515,-0.01972058415412903,0.5549424290657043,0.4381936490535736,-0.029583783820271492,0.570875346660614,0.380842924118042,-0.008303278125822544,0.5822302103042603,0.37459057569503784,-0.010423693805932999,0.5917537808418274,0.3741348385810852,-0.010949854739010334,0.5994160771369934,0.37707409262657166,-0.009295329451560974,0.6046380996704102,0.3826153874397278,-0.0061715515330433846,0.6066761016845703,0.4011857509613037,0.0028713257052004337,0.625938355922699,0.424079567193985,0.028050636872649193,0.6005467176437378,0.41416481137275696,-0.0008192465174943209,0.5936770439147949,0.41606149077415466,-0.0032281202729791403,0.5849786996841431,0.4158482253551483,-0.004491305910050869,0.5767825245857239,0.4132615029811859,-0.005039829760789871,0.5703297853469849,0.409480482339859,-0.004024294205009937,0.566001296043396,0.40589526295661926,-0.0041687991470098495,0.6291494965553284,0.4242284297943115,0.050670210272073746,0.5621543526649475,0.4482407867908478,-0.016641035676002502,0.5563716292381287,0.4212253987789154,-0.02245248109102249,0.5529772043228149,0.4445255398750305,-0.02948760986328125,0.5501708388328552,0.44849443435668945,-0.026291918009519577,0.5534313917160034,0.44605737924575806,-0.02666085958480835,0.5607964992523193,0.4503951072692871,-0.014019143767654896,0.5487602949142456,0.4490925073623657,-0.027635157108306885,0.5485463738441467,0.45080605149269104,-0.02055676467716694,0.5662314295768738,0.399740606546402,-0.0022549114655703306,0.562873363494873,0.4004048705101013,-0.004784503486007452,0.5604223012924194,0.40112540125846863,-0.008016166277229786,0.5974405407905579,0.39862748980522156,-0.0030315613839775324,0.6027204990386963,0.39275923371315,-0.003078511683270335,0.5237079858779907,0.39196887612342834,0.0071740541607141495,0.5297126770019531,0.3928680419921875,0.0071740541607141495,0.5244237780570984,0.38425955176353455,0.0071740541607141495,0.5176603198051453,0.39109671115875244,0.0071740541607141495,0.5229763388633728,0.3995889723300934,0.0071740541607141495,0.5838216543197632,0.398346483707428,-0.004304740112274885,0.5901287794113159,0.398998886346817,-0.004304740112274885,0.5842758417129517,0.3909279406070709,-0.004304740112274885,0.577608585357666,0.3977290689945221,-0.004304740112274885,0.5833752751350403,0.4057593047618866,-0.004304740112274885
2366.666666666666,0.5519582033157349,0.4665910601615906,-0.014955364167690277,0.5477301478385925,0.4437665045261383,-0.03131802752614021,0.5490356087684631,0.4520491659641266,-0.016051532700657845,0.5459920763969421,0.414936900138855,-0.02385682612657547,0.5481387972831726,0.43483057618141174,-0.03366028517484665,0.5494391322135925,0.42335742712020874,-0.03173482418060303,0.5532283782958984,0.39565619826316833,-0.017134709283709526,0.5152729749679565,0.3914845585823059,0.011824466288089752,0.5555025339126587,0.36980950832366943,-0.01383502408862114,0.5562840104103088,0.35678866505622864,-0.015655390918254852,0.5600192546844482,0.31486642360687256,-0.012533146888017654,0.5516008138656616,0.47092753648757935,-0.014080032706260681,0.551254153251648,0.4754427671432495,-0.012120388448238373,0.5510663986206055,0.47838306427001953,-0.00931159220635891,0.5507875084877014,0.47908633947372437,-0.008204991929233074,0.5503142476081848,0.48453471064567566,-0.008831558749079704,0.5497511029243469,0.49093717336654663,-0.009830442257225513,0.5492076277732849,0.49726492166519165,-0.008711831644177437,0.5479589104652405,0.501105546951294,-0.0028291356284171343,0.5480519533157349,0.4482925236225128,-0.02817646786570549,0.5438473224639893,0.44746115803718567,-0.01956377923488617,0.4989555776119232,0.3529018461704254,0.041619639843702316,0.5301186442375183,0.4018835425376892,0.003309826133772731,0.5241785645484924,0.40217500925064087,0.004829207435250282,0.518968403339386,0.40016570687294006,0.0074512893334031105,0.5129637122154236,0.3933047652244568,0.013568269088864326,0.5354943871498108,0.3993227481842041,0.0033106363844126463,0.5243186950683594,0.3689338266849518,0.001696068444289267,0.5309063196182251,0.3712889850139618,0.0004970366135239601,0.5179990530014038,0.3698995113372803,0.004896827973425388,0.5137301683425903,0.3738224506378174,0.007993126288056374,0.5082646012306213,0.39682644605636597,0.01753324829041958,0.528228759765625,0.5096164345741272,0.0077397567220032215,0.5138902068138123,0.3880963921546936,0.014263376593589783,0.4949215054512024,0.390693724155426,0.04646908864378929,0.5031545162200928,0.3874911367893219,0.024311289191246033,0.5224318504333496,0.4326963722705841,-9.547083027428016e-05,0.5442509055137634,0.4632837474346161,-0.01311862375587225,0.5442904233932495,0.4739838242530823,-0.010166768915951252,0.5363792181015015,0.4653018116950989,-0.008244705386459827,0.5312449336051941,0.4677944779396057,-0.002587352879345417,0.5383388996124268,0.473028302192688,-0.00664958730340004,0.5337907671928406,0.47272104024887085,-0.0016127355629578233,0.5245254635810852,0.48081889748573303,0.008619916625320911,0.5432732105255127,0.44307541847229004,-0.030280742794275284,0.5429491996765137,0.43439191579818726,-0.03229498118162155,0.5061764121055603,0.35857340693473816,0.011455562897026539,0.536029577255249,0.41361844539642334,-0.0030983416363596916,0.5327971577644348,0.4388890266418457,-0.014226238243281841,0.5330095291137695,0.43429034948349,-0.012602327391505241,0.5050348043441772,0.4292728006839752,0.010681129060685635,0.5444312691688538,0.4237894117832184,-0.029099659994244576,0.5189015865325928,0.3492608368396759,-0.0014806336257606745,0.5113707780838013,0.3514898419380188,0.0049774725921452045,0.5039156675338745,0.3368561267852783,0.028159180656075478,0.5433030128479004,0.3635837435722351,-0.010520338080823421,0.5363186001777649,0.37696021795272827,0.00138832104858011,0.5204150080680847,0.47208598256111145,0.01010757964104414,0.5013859868049622,0.4702624976634979,0.06588989496231079,0.5367783904075623,0.4442734122276306,-0.012570394203066826,0.5410042405128479,0.44743287563323975,-0.01347003597766161,0.5251296758651733,0.4721144139766693,0.00905368197709322,0.5267283320426941,0.47253286838531494,0.006959882564842701,0.508853018283844,0.3437206447124481,0.007821380160748959,0.5328550338745117,0.4422386884689331,-0.010860208421945572,0.5292285680770874,0.35259008407592773,-0.006900891661643982,0.5288164615631104,0.3441254496574402,-0.00846121646463871,0.5259422063827515,0.31686198711395264,0.00015659682685509324,0.505794882774353,0.34429389238357544,0.01648050919175148,0.5272065997123718,0.33288177847862244,-0.004538156557828188,0.5034551620483398,0.3534431457519531,0.016720013692975044,0.5006105303764343,0.3573881983757019,0.028227368369698524,0.5440438389778137,0.4690381586551666,-0.012237215414643288,0.5373101234436035,0.46941080689430237,-0.0076360576786100864,0.5324215888977051,0.47030511498451233,-0.0025694407522678375,0.5380612015724182,0.44584763050079346,-0.011328395456075668,0.5259349942207336,0.4723363518714905,0.007938738912343979,0.5283516049385071,0.4759249687194824,0.004054675810039043,0.5276017785072327,0.47278812527656555,0.006755015347152948,0.5385053753852844,0.44227609038352966,-0.020827023312449455,0.534883439540863,0.474417120218277,-0.0007139973458833992,0.5393305420875549,0.47545552253723145,-0.004313696175813675,0.5448000431060791,0.476959764957428,-0.007467546500265598,0.5403372049331665,0.499653160572052,-0.0014302643248811364,0.5413327217102051,0.4952821731567383,-0.007061159238219261,0.542205274105072,0.48892733454704285,-0.007932967506349087,0.5433773398399353,0.48258355259895325,-0.006859054323285818,0.5445489287376404,0.477705180644989,-0.0062803602777421474,0.5346619486808777,0.47487062215805054,0.00024211347044911236,0.533143162727356,0.47701504826545715,-0.0004998501972295344,0.5313587188720703,0.479970782995224,-0.0012090634554624557,0.5298933386802673,0.4833231270313263,0.0001581999531481415,0.5258926153182983,0.4612807631492615,-0.0006182663491927087,0.49672651290893555,0.42874643206596375,0.07307575643062592,0.5485091805458069,0.450204998254776,-0.02037210203707218,0.531438410282135,0.4738631248474121,0.004178575240075588,0.5299046039581299,0.47478872537612915,0.0037743293214589357,0.5424239635467529,0.4507763385772705,-0.013515380211174488,0.5346524715423584,0.4470394253730774,-0.006761342752724886,0.5417760014533997,0.4491579234600067,-0.013652629218995571,0.5293813347816467,0.4176748991012573,0.00014108863251749426,0.5190490484237671,0.4216540455818176,0.003707189578562975,0.5322144031524658,0.43770596385002136,-0.009015742689371109,0.5123463869094849,0.3244361877441406,0.013682757504284382,0.5141265988349915,0.3355334401130676,0.0056310901418328285,0.5173833966255188,0.3407156765460968,-0.0007933865999802947,0.5282379388809204,0.487831711769104,0.005116107873618603,0.5424177646636963,0.350254088640213,-0.013213982805609703,0.5413208603858948,0.334118127822876,-0.011223855428397655,0.5412871837615967,0.31414735317230225,-0.008779408410191536,0.5149585008621216,0.3973811864852905,0.010826773941516876,0.5023217797279358,0.4015776813030243,0.021909084171056747,0.5391475558280945,0.3966856896877289,0.003554076189175248,0.5083557367324829,0.37620916962623596,0.01453698892146349,0.540337085723877,0.40845391154289246,-0.005936254747211933,0.5353574156761169,0.43636026978492737,-0.020588083192706108,0.4959651529788971,0.4073335826396942,0.030020447447896004,0.5050477385520935,0.40867674350738525,0.016263242810964584,0.5113621354103088,0.41301172971725464,0.009675751440227032,0.5217850804328918,0.41358232498168945,0.0056041511707007885,0.5300074219703674,0.41125303506851196,0.0027412991039454937,0.5363998413085938,0.4076724946498871,7.633351924596354e-05,0.5478946566581726,0.39738860726356506,-0.013914314098656178,0.4949969947338104,0.4249448776245117,0.029217835515737534,0.5044631361961365,0.37245115637779236,0.018013911321759224,0.5453786253929138,0.4476894736289978,-0.02741151861846447,0.5358228087425232,0.42178046703338623,-0.005643955897539854,0.49586308002471924,0.39012858271598816,0.06645723432302475,0.5412574410438538,0.4031827449798584,-0.0017278386512771249,0.5320348143577576,0.4380408227443695,-0.0032164626754820347,0.5112060308456421,0.3867444694042206,0.01594482734799385,0.535979151725769,0.4307394027709961,-0.018593667075037956,0.49827367067337036,0.44919466972351074,0.07121235877275467,0.5398972034454346,0.3933802545070648,0.004773161374032497,0.540016770362854,0.42634615302085876,-0.024906272068619728,0.5086738467216492,0.4893937110900879,0.03271318972110748,0.5109862685203552,0.49864324927330017,0.04422508925199509,0.4933667778968811,0.42702406644821167,0.05146069824695587,0.5023059248924255,0.4785345494747162,0.04080374911427498,0.49761542677879333,0.37312403321266174,0.03905254602432251,0.5278766751289368,0.5165899395942688,0.011861412785947323,0.5464287400245667,0.44965946674346924,-0.019720960408449173,0.5303179621696472,0.4271261692047119,-0.0025860113091766834,0.4989471733570099,0.38829442858695984,0.03105100803077221,0.5197630524635315,0.39641228318214417,0.007305061910301447,0.5244335532188416,0.39807552099227905,0.005175174213945866,0.5270029306411743,0.4772964417934418,0.005319054704159498,0.49561527371406555,0.4420180022716522,0.031627267599105835,0.5371958017349243,0.5274612903594971,0.012516847811639309,0.5239384770393372,0.5160934925079346,0.02666577883064747,0.5182133913040161,0.508978545665741,0.03444759547710419,0.5579867362976074,0.3361625671386719,-0.014793770387768745,0.5473772883415222,0.5303672552108765,0.00909494236111641,0.5295490622520447,0.39774805307388306,0.004154413938522339,0.5346071124076843,0.39601442217826843,0.004321095068007708,0.5380290746688843,0.3946414887905121,0.005103523842990398,0.501184344291687,0.36952757835388184,0.02447744645178318,0.5350713729858398,0.3862612843513489,0.0029131940100342035,0.5300503373146057,0.38338544964790344,0.002643836662173271,0.5251117944717407,0.38264399766921997,0.0037248649168759584,0.5203053951263428,0.3835785984992981,0.00615281704813242,0.5171719193458557,0.3852611482143402,0.00858231820166111,0.49646174907684326,0.36977869272232056,0.05547533556818962,0.5169529914855957,0.3939412832260132,0.009818709455430508,0.5490542650222778,0.4583675265312195,-0.014227303676307201,0.5315401554107666,0.4581545293331146,-0.005193923134356737,0.5365317463874817,0.443090558052063,-0.014864777214825153,0.5414913296699524,0.45768672227859497,-0.01245947927236557,0.554658830165863,0.38313841819763184,-0.01347896084189415,0.5157800912857056,0.4999643564224243,0.02630842849612236,0.5218676328659058,0.5081390738487244,0.01947396993637085,0.5360504388809204,0.5232155919075012,0.004805969074368477,0.5056975483894348,0.4868409335613251,0.05598587542772293,0.5384796261787415,0.39042818546295166,0.004061397165060043,0.542996883392334,0.41084155440330505,-0.014786266721785069,0.5468298196792603,0.5258169174194336,0.001677603810094297,0.5298269987106323,0.5224601626396179,0.01856839843094349,0.4948102533817291,0.445834219455719,0.0510636642575264,0.5391116142272949,0.4761720895767212,-0.0031907332595437765,0.5375364422798157,0.479868084192276,-0.0038844740483909845,0.5360163450241089,0.4846620261669159,-0.004711180925369263,0.534774661064148,0.4902862012386322,-0.00362293585203588,0.5333074927330017,0.4944413900375366,0.0014513947535306215,0.5301617980003357,0.4725434184074402,0.0031543727964162827,0.5287544131278992,0.471289724111557,0.0034585061948746443,0.5276384353637695,0.4699660837650299,0.003544738283380866,0.5217801332473755,0.46578508615493774,0.004909677896648645,0.5007286667823792,0.4469413161277771,0.01839297264814377,0.5442748665809631,0.40232810378074646,-0.009550564922392368,0.5434961915016174,0.38419049978256226,-0.000637077318970114,0.5406785011291504,0.38617366552352905,0.0024845849256962538,0.5316069722175598,0.47369056940078735,0.0035468924324959517,0.5021005868911743,0.46677201986312866,0.028377529233694077,0.5479136109352112,0.3830260932445526,-0.008737411350011826,0.5305061936378479,0.5019599795341492,0.004817218519747257,0.5507441759109497,0.41411206126213074,-0.02671622857451439,0.5468248128890991,0.40675923228263855,-0.019630292430520058,0.5519285202026367,0.40545642375946045,-0.021806083619594574,0.5383214354515076,0.42372068762779236,-0.013891848735511303,0.5468868613243103,0.518848717212677,-0.0018083994509652257,0.5474068522453308,0.5096241235733032,-0.0023457228671759367,0.5382904410362244,0.5078571438789368,8.659532613819465e-05,0.5200805068016052,0.4846639037132263,0.01262238621711731,0.5268617868423462,0.44391024112701416,-0.0003915372653864324,0.5249928832054138,0.4942634701728821,0.00910230353474617,0.5122568011283875,0.4410650134086609,0.004124518949538469,0.5205432176589966,0.45106804370880127,0.0023532456252723932,0.5076837539672852,0.45348310470581055,0.010268325917422771,0.5363578200340271,0.5165969133377075,0.0013339560246095061,0.535391092300415,0.42815983295440674,-0.009060838259756565,0.51628577709198,0.49093303084373474,0.018966171890497208,0.5225180983543396,0.5005221962928772,0.014103738591074944,0.5153173208236694,0.47387823462486267,0.013415394350886345,0.49762192368507385,0.4564855694770813,0.03401823714375496,0.5088869333267212,0.47553056478500366,0.01992902345955372,0.49755242466926575,0.4631165564060211,0.049038179218769073,0.5159577131271362,0.459949254989624,0.006791078485548496,0.5396082401275635,0.4162656366825104,-0.009845972992479801,0.5367510914802551,0.44053158164024353,-0.02192906104028225,0.5342236757278442,0.44197070598602295,-0.015153001062572002,0.5388343930244446,0.4350143373012543,-0.026336343958973885,0.5393041372299194,0.37281855940818787,-0.001967600779607892,0.5301991701126099,0.36410027742385864,-0.0014367651892825961,0.5219720602035522,0.36163175106048584,0.0006242233794182539,0.5152468681335449,0.3631419539451599,0.004562214948236942,0.5105463266372681,0.36761292815208435,0.00920999888330698,0.5076349377632141,0.3869878649711609,0.019116394221782684,0.49333712458610535,0.40877997875213623,0.049543604254722595,0.510591447353363,0.40156611800193787,0.014032578095793724,0.5156979560852051,0.40522950887680054,0.009742510505020618,0.5229037404060364,0.40703311562538147,0.0062278020195662975,0.5302630066871643,0.40603312849998474,0.0034679549280554056,0.5363141894340515,0.4032022953033447,0.0024954616092145443,0.5404629707336426,0.4001961648464203,0.0012217757757753134,0.49633485078811646,0.4093485474586487,0.0718601867556572,0.5346196293830872,0.44393596053123474,-0.012191596440970898,0.5418475866317749,0.41842788457870483,-0.019069377332925797,0.5399490594863892,0.44150859117507935,-0.026994887739419937,0.5431557893753052,0.4460051357746124,-0.02489801123738289,0.540341854095459,0.4429510235786438,-0.024104269221425056,0.5360897183418274,0.44641178846359253,-0.010335095226764679,0.5438606142997742,0.4469355642795563,-0.026516037061810493,0.5448959469795227,0.448896586894989,-0.01961933635175228,0.5416420698165894,0.39337781071662903,0.0034826945047825575,0.5438054203987122,0.3949775993824005,-0.00041931672603823245,0.5450594425201416,0.3961004614830017,-0.004341405350714922,0.5153318047523499,0.38666197657585144,0.011133630760014057,0.5111835598945618,0.3788629472255707,0.01198606751859188,0.5557032823562622,0.41589319705963135,-0.025569342076778412,0.6001508235931396,0.402849018573761,-0.0006052073440514505,0.5540879964828491,0.4486156702041626,-0.020890846848487854,0.6305031180381775,0.3652983009815216,0.023008380085229874,0.5818420648574829,0.40840446949005127,-0.004686551634222269,0.5883468389511108,0.40998879075050354,-0.0047649783082306385,0.5945677757263184,0.4095401465892792,-0.0036825912538915873,0.6028285622596741,0.40522825717926025,0.0003834432573057711,0.5763089060783386,0.4050774872303009,-0.0029722184408456087,0.5927148461341858,0.37996411323547363,-0.00852682814002037,0.5853792428970337,0.3804667294025421,-0.00757314870133996,0.5995590090751648,0.3824117183685303,-0.006871037185192108,0.6038206815719604,0.38704439997673035,-0.0047007654793560505,0.6079707145690918,0.4094476103782654,0.0034547336399555206,0.5688921213150024,0.515118420124054,0.0018497885903343558,0.6025120615959167,0.4002844989299774,0.0012539663584902883,0.6293308734893799,0.40456852316856384,0.027345573529601097,0.6156010627746582,0.40204712748527527,0.008517066016793251,0.5830522179603577,0.43898528814315796,-0.00829614419490099,0.5602898001670837,0.4652734398841858,-0.015410656109452248,0.5587990283966064,0.4757597744464874,-0.012334268540143967,0.5682376027107239,0.4692624509334564,-0.012885071337223053,0.5732993483543396,0.4729157090187073,-0.008899683132767677,0.565234899520874,0.476404070854187,-0.010810501873493195,0.5702017545700073,0.47720587253570557,-0.007043276913464069,0.5782340168952942,0.48656558990478516,0.0006346258451230824,0.5526003241539001,0.4440620243549347,-0.0313597097992897,0.5536826848983765,0.4354289770126343,-0.03361083194613457,0.6145666837692261,0.3748425841331482,-0.0035512573085725307,0.5714907050132751,0.4171133041381836,-0.008443032391369343,0.5681297779083252,0.44240182638168335,-0.019242141395807266,0.569168746471405,0.43780845403671265,-0.017805343493819237,0.6036317944526672,0.4397273361682892,-0.0027133189141750336,0.5547298192977905,0.424760639667511,-0.030780809000134468,0.5997006893157959,0.36263713240623474,-0.011813471093773842,0.6086518168449402,0.3667047917842865,-0.008045807480812073,0.6243690252304077,0.3477453589439392,0.011410785838961601,0.5696322917938232,0.37042954564094543,-0.013882550410926342,0.5787637233734131,0.38439035415649414,-0.005151900928467512,0.5837987065315247,0.4786210358142853,0.0005551400827243924,0.615831732749939,0.4837384521961212,0.04880063608288765,0.5635354518890381,0.4470020830631256,-0.016338959336280823,0.5585458874702454,0.449262797832489,-0.01535679493099451,0.5795490741729736,0.4785252511501312,0.0007272246293723583,0.5779162645339966,0.4785967767238617,-0.0004277258412912488,0.6129286885261536,0.3597445785999298,-0.00609259307384491,0.568668782711029,0.4457941949367523,-0.015771405771374702,0.5871002078056335,0.36323636770248413,-0.014023720286786556,0.5884053111076355,0.3548203408718109,-0.01577327586710453,0.597469687461853,0.3226677477359772,-0.009436245076358318,0.6179139018058777,0.35489413142204285,0.0012136732693761587,0.5916321873664856,0.33856457471847534,-0.012936909683048725,0.6189860701560974,0.37019774317741394,0.0006695733172819018,0.6243208646774292,0.3695129454135895,0.010898740962147713,0.5596959590911865,0.47095930576324463,-0.014543810859322548,0.5667582750320435,0.4730924069881439,-0.012084527872502804,0.5718348622322083,0.47510385513305664,-0.008430082350969315,0.5621911287307739,0.4483194947242737,-0.014339303597807884,0.5787062644958496,0.47856998443603516,0.0001907452242448926,0.5750819444656372,0.4812627136707306,-0.0025407196953892708,0.5770370364189148,0.478647917509079,-0.0004144342092331499,0.5601470470428467,0.4445146918296814,-0.024226881563663483,0.5688652396202087,0.47865530848503113,-0.005850327666848898,0.5638951659202576,0.4785667061805725,-0.008196808397769928,0.5579403042793274,0.47859469056129456,-0.009684980846941471,0.5563239455223083,0.5016413331031799,-0.003517173696309328,0.5576920509338379,0.49693506956100464,-0.009376872330904007,0.5578311085700989,0.490562379360199,-0.010365770198404789,0.557806134223938,0.4841598570346832,-0.009249893948435783,0.5576186776161194,0.47918739914894104,-0.008557599037885666,0.5687021017074585,0.47878021001815796,-0.00490153394639492,0.5697678327560425,0.4811031222343445,-0.0056270454078912735,0.5709420442581177,0.48424825072288513,-0.006489362567663193,0.5717507600784302,0.48769956827163696,-0.0054431091994047165,0.5762830972671509,0.46648988127708435,-0.007698642555624247,0.6277729272842407,0.4431326389312744,0.054210249334573746,0.572536826133728,0.47867250442504883,-0.0021673168521374464,0.5737911462783813,0.47987550497055054,-0.0026036512572318316,0.5566185712814331,0.45233988761901855,-0.015368377789855003,0.5669713020324707,0.4503196179866791,-0.01065557450056076,0.5574957132339478,0.4508710503578186,-0.015472949482500553,0.57825767993927,0.42260411381721497,-0.006974734831601381,0.5886954665184021,0.42886391282081604,-0.00591903505846858,0.570435643196106,0.44150587916374207,-0.014361829496920109,0.6139408946037292,0.3331490159034729,6.998072421993129e-06,0.6076920032501221,0.34410160779953003,-0.006655133329331875,0.602510929107666,0.3543453514575958,-0.011809458024799824,0.5722903609275818,0.4928880035877228,-0.0013948867563158274,0.5720034837722778,0.35738980770111084,-0.01682620868086815,0.5756050944328308,0.3371313214302063,-0.01554688811302185,0.5800610184669495,0.3171868324279785,-0.013601355254650116,0.5997368097305298,0.40834948420524597,-0.0016139686340466142,0.614264190196991,0.41500410437583923,0.006275039631873369,0.5727081298828125,0.4021868109703064,-0.002050198381766677,0.6101016998291016,0.39065828919410706,0.0001500924554420635,0.567144513130188,0.4110502004623413,-0.010198131203651428,0.5641189813613892,0.43922731280326843,-0.024634359404444695,0.6212074756622314,0.4205511212348938,0.012417379766702652,0.6096300482749939,0.4208165109157562,0.0015625396044924855,0.6013917922973633,0.42301318049430847,-0.0029138524550944567,0.5892884135246277,0.42129603028297424,-0.004041868261992931,0.5802921652793884,0.4174301326274872,-0.0046143741346895695,0.5734705924987793,0.41276124119758606,-0.005449471529573202,0.5588739514350891,0.398387610912323,-0.015712851658463478,0.6190195083618164,0.4383352994918823,0.011653884314000607,0.6154747009277344,0.38799548149108887,0.0022380019072443247,0.5509192943572998,0.44830361008644104,-0.028287256136536598,0.5697416663169861,0.4250931143760681,-0.010806074365973473,0.6333101987838745,0.40399858355522156,0.04688451439142227,0.5683774352073669,0.4075372815132141,-0.006003016140311956,0.5717007517814636,0.4419781565666199,-0.008513695560395718,0.605667233467102,0.3998015224933624,0.002339221304282546,0.5651450753211975,0.4335675537586212,-0.022725529968738556,0.6230125427246094,0.46349382400512695,0.053087640553712845,0.572720468044281,0.39931631088256836,-0.0010403873166069388,0.5599846243858337,0.4282916784286499,-0.027907032519578934,0.5978254675865173,0.5003951787948608,0.01943121664226055,0.5969361662864685,0.5096433758735657,0.031185971572995186,0.6256343126296997,0.4414953887462616,0.03228885307908058,0.6076916456222534,0.4909694790840149,0.02519974112510681,0.6272693872451782,0.3860826790332794,0.020611008629202843,0.5690056085586548,0.5224201083183289,0.005499460268765688,0.5507485866546631,0.4501030743122101,-0.02026500552892685,0.5753816366195679,0.4316456615924835,-0.008979657664895058,0.6209498047828674,0.4036456346511841,0.013678609393537045,0.5939978361129761,0.40575551986694336,-0.003571729175746441,0.5885343551635742,0.40590137243270874,-0.004474273882806301,0.5761988759040833,0.48285070061683655,-0.0017279247986152768,0.6166942119598389,0.45546063780784607,0.014557607471942902,0.5582903623580933,0.5305989980697632,0.00907275453209877,0.5765709280967712,0.5235183238983154,0.01806505210697651,0.585576593875885,0.5181571841239929,0.02374969981610775,0.5830591320991516,0.40439918637275696,-0.004051183350384235,0.5778501033782959,0.4019518196582794,-0.002683738712221384,0.574456512928009,0.4004642367362976,-0.0011723763309419155,0.6204174757003784,0.38552242517471313,0.007525411434471607,0.5794956088066101,0.39350977540016174,-0.004402428399771452,0.5853182673454285,0.3917531669139862,-0.005870319437235594,0.5907333493232727,0.39214473962783813,-0.006207170430570841,0.5959040522575378,0.3941136598587036,-0.005143570713698864,0.5991243720054626,0.3965974748134613,-0.003444458357989788,0.6332017779350281,0.38306137919425964,0.03609415888786316,0.5976172089576721,0.4045132100582123,-0.0020277018193155527,0.5695492029190063,0.4620111286640167,-0.010527346283197403,0.5633770227432251,0.4458325505256653,-0.018399754539132118,0.5574039816856384,0.45937860012054443,-0.014720168896019459,0.5874912142753601,0.5093752145767212,0.015493516810238361,0.5783113241195679,0.5159105658531189,0.010905509814620018,0.5583575367927551,0.5264365673065186,0.0012972799595445395,0.6067398190498352,0.4990573823451996,0.04054204002022743,0.5748973488807678,0.39686310291290283,-0.002398225013166666,0.5616406798362732,0.4126462936401367,-0.017666669562458992,0.5676428079605103,0.5279504060745239,0.012200814671814442,0.6217080950737,0.4601108133792877,0.0326380729675293,0.5636371374130249,0.478940486907959,-0.007112841121852398,0.564441442489624,0.4827779531478882,-0.007919428870081902,0.5650931000709534,0.4876668453216553,-0.008958722464740276,0.5653723478317261,0.493258535861969,-0.007987855933606625,0.5650528073310852,0.49820640683174133,-0.0033243736252188683,0.5742912292480469,0.4778541326522827,-0.0035380932968109846,0.5757610201835632,0.47692713141441345,-0.0038018994964659214,0.5770379900932312,0.4758792817592621,-0.004118043463677168,0.5815856456756592,0.4719201326370239,-0.003920470830053091,0.6077783703804016,0.4587441682815552,0.0037977222818881273,0.5629401803016663,0.4041116535663605,-0.012593884021043777,0.568878173828125,0.3895314931869507,-0.0044912355951964855,0.5725775361061096,0.39223384857177734,-0.002945440588518977,0.5727276802062988,0.4786991775035858,-0.002821143949404359,0.6064417362213135,0.4786618649959564,0.013650794513523579,0.5627114176750183,0.3874695301055908,-0.010992652736604214,0.5673038363456726,0.5066686868667603,-0.0003932320396415889,0.5572474002838135,0.40775415301322937,-0.021168604493141174,0.5648804903030396,0.42635422945022583,-0.017706066370010376,0.5573097467422485,0.5103490948677063,-0.002441488904878497,0.5825258493423462,0.49193137884140015,0.003487379988655448,0.5770447254180908,0.4490297734737396,-0.007160194683820009,0.575348973274231,0.5004330277442932,0.0018980865133926272,0.5932969450950623,0.449755996465683,-0.006420728750526905,0.5833808779716492,0.4577465057373047,-0.006096079479902983,0.5981970429420471,0.46347570419311523,-0.0018293525790795684,0.55819171667099,0.5196454524993896,-0.001994105987250805,0.5686159729957581,0.43134641647338867,-0.013835829682648182,0.5866443514823914,0.4996621012687683,0.008650540374219418,0.5776116251945496,0.5076692700386047,0.006148200947791338,0.5888658165931702,0.48205095529556274,0.002431088127195835,0.6136963367462158,0.46958792209625244,0.017680160701274872,0.5966246724128723,0.48572981357574463,0.0074214325286448,0.6163233518600464,0.47673577070236206,0.03142840787768364,0.5885394215583801,0.46775126457214355,-0.0033583175390958786,0.56556236743927,0.41880732774734497,-0.013922424055635929,0.5619520545005798,0.4431278705596924,-0.02559175342321396,0.566011369228363,0.44519561529159546,-0.019396306946873665,0.5590978860855103,0.43707287311553955,-0.02931142784655094,0.574751079082489,0.3801873028278351,-0.007229164708405733,0.5858511924743652,0.3740716278553009,-0.009056431241333485,0.5952581167221069,0.3735722005367279,-0.009329074062407017,0.6028722524642944,0.37645283341407776,-0.007512099575251341,0.6080873608589172,0.38202178478240967,-0.004292845726013184,0.6099794507026672,0.40064477920532227,0.004641074687242508,0.6282963156700134,0.42314109206199646,0.029938776046037674,0.6042088866233826,0.4132337272167206,0.0007136590429581702,0.5975656509399414,0.41496920585632324,-0.0018675669562071562,0.5890688300132751,0.4148850739002228,-0.0033410959877073765,0.5809828639030457,0.41237446665763855,-0.004078096244484186,0.5745949745178223,0.4085789918899536,-0.0031856687273830175,0.5703094005584717,0.404940128326416,-0.0033993758261203766,0.6310269236564636,0.4234590232372284,0.05234869197010994,0.5661032199859619,0.4470905363559723,-0.01635310985147953,0.560478687286377,0.4202546179294586,-0.022050483152270317,0.5571140050888062,0.4433663487434387,-0.029295168817043304,0.5542594790458679,0.44737040996551514,-0.026219602674245834,0.5575225949287415,0.44490012526512146,-0.02647443301975727,0.5647493004798889,0.4492954611778259,-0.01383424736559391,0.5528962016105652,0.44798219203948975,-0.027585048228502274,0.552623450756073,0.449743390083313,-0.020557908341288567,0.570520281791687,0.39882737398147583,-0.0013379809679463506,0.5671650171279907,0.3994247615337372,-0.004041277803480625,0.5647646188735962,0.4000839293003082,-0.007375091314315796,0.6010066866874695,0.39850279688835144,-0.001399716129526496,0.6062934398651123,0.3925117552280426,-0.0013605045387521386,0.5269887447357178,0.3903471827507019,0.006621940061450005,0.5330533981323242,0.3910415768623352,0.006621940061450005,0.5276767611503601,0.38239219784736633,0.006621940061450005,0.5208840370178223,0.38967975974082947,0.006621940061450005,0.5262924432754517,0.3982025980949402,0.006621940061450005,0.587302565574646,0.39759382605552673,-0.002952407579869032,0.593738317489624,0.39829158782958984,-0.002952407579869032,0.5877354145050049,0.39002618193626404,-0.002952407579869032,0.5809729695320129,0.3969022333621979,-0.002952407579869032,0.5868905186653137,0.4051128029823303,-0.002952407579869032
2399.9999999999995,0.5545356869697571,0.46592894196510315,-0.01495215855538845,0.5514845252037048,0.442764550447464,-0.031061502173542976,0.5523579716682434,0.45105093717575073,-0.015959395095705986,0.5496852993965149,0.414116233587265,-0.023650040850043297,0.5519843697547913,0.4338743984699249,-0.03335338085889816,0.5532533526420593,0.42249780893325806,-0.031382642686367035,0.5568400025367737,0.3950759172439575,-0.016700157895684242,0.5176876783370972,0.39024618268013,0.01101667620241642,0.5591997504234314,0.36912673711776733,-0.013286830857396126,0.5600954294204712,0.3560716509819031,-0.015031633898615837,0.5639817118644714,0.31453511118888855,-0.011739864945411682,0.5542121529579163,0.4701023995876312,-0.014102471992373466,0.5538969039916992,0.47442352771759033,-0.012168177403509617,0.5537359118461609,0.4772271513938904,-0.009367126040160656,0.5535268187522888,0.4782809019088745,-0.008484556339681149,0.5531028509140015,0.4835301339626312,-0.009100895375013351,0.5525915026664734,0.4896617531776428,-0.010157533921301365,0.552110493183136,0.49566611647605896,-0.009138940833508968,0.5507363677024841,0.49923446774482727,-0.003426038660109043,0.5516701936721802,0.4472789168357849,-0.027957266196608543,0.547329843044281,0.44639772176742554,-0.019525349140167236,0.5010870695114136,0.3518374264240265,0.04036936163902283,0.5328994989395142,0.401200532913208,0.0028265714645385742,0.5267787575721741,0.4013282358646393,0.004222660791128874,0.5214448571205139,0.3991997241973877,0.006729462184011936,0.5154253244400024,0.3919583559036255,0.012691086158156395,0.5384516716003418,0.3988337516784668,0.003013252979144454,0.5271831750869751,0.36788997054100037,0.0011442792601883411,0.533960223197937,0.3704310953617096,0.00013265496818348765,0.5206510424613953,0.36874520778656006,0.004213084001094103,0.5162531137466431,0.3726119101047516,0.007218488492071629,0.5106355547904968,0.395524263381958,0.01656111516058445,0.5308498740196228,0.5079159736633301,0.00648218160495162,0.5163523554801941,0.3866843581199646,0.013425049372017384,0.49670618772506714,0.38952022790908813,0.04500197246670723,0.5056087970733643,0.3860781788825989,0.02321842685341835,0.5254309773445129,0.431559294462204,-0.0007541006780229509,0.5467773079872131,0.46273043751716614,-0.013304460793733597,0.5468787550926208,0.472951203584671,-0.010406842455267906,0.5389119982719421,0.46456634998321533,-0.008713354356586933,0.5337909460067749,0.466852605342865,-0.0033430960029363632,0.5409082174301147,0.4719606041908264,-0.007122311741113663,0.5363541841506958,0.47157803177833557,-0.0023310636170208454,0.5272796750068665,0.4790804088115692,0.007337076589465141,0.5470069050788879,0.44202885031700134,-0.0301189087331295,0.5467673540115356,0.43337467312812805,-0.032101355493068695,0.5089430212974548,0.3576090633869171,0.01066090539097786,0.5391504764556885,0.41284796595573425,-0.0033533230889588594,0.5361736416816711,0.43777668476104736,-0.014489313587546349,0.536355197429657,0.4332362413406372,-0.012881097383797169,0.5077128410339355,0.4280027747154236,0.009581299498677254,0.5482120513916016,0.4228682518005371,-0.028900209814310074,0.521817684173584,0.3484637141227722,-0.0017787711694836617,0.514204740524292,0.35060015320777893,0.004448383115231991,0.5064581632614136,0.3357918858528137,0.02720748260617256,0.5466102361679077,0.3627007007598877,-0.010253628715872765,0.5395047664642334,0.3763059377670288,0.0011305049993097782,0.5231505632400513,0.4705207347869873,0.008816445246338844,0.5025442242622375,0.46890193223953247,0.06380939483642578,0.5401236414909363,0.4431628882884979,-0.012788070365786552,0.5443678498268127,0.44634974002838135,-0.013518075458705425,0.5276659727096558,0.47093671560287476,0.007834802381694317,0.5292581915855408,0.47135892510414124,0.005817913915961981,0.5117896795272827,0.342961847782135,0.007251346949487925,0.5361398458480835,0.4411044120788574,-0.011158124543726444,0.5322316884994507,0.35172587633132935,-0.006930696777999401,0.5318796038627625,0.34338241815567017,-0.008448556996881962,0.529355525970459,0.31597498059272766,2.6863910534302704e-05,0.5085928440093994,0.34316450357437134,0.01576881669461727,0.5306987166404724,0.3319171965122223,-0.004567867610603571,0.5062642097473145,0.3523927927017212,0.015851251780986786,0.5030574202537537,0.3562607169151306,0.027210036292672157,0.5465995669364929,0.4682382643222809,-0.012457470409572124,0.5398526787757874,0.4684932231903076,-0.008113926276564598,0.5349684953689575,0.46925851702690125,-0.003305672900751233,0.5413864254951477,0.444736123085022,-0.0114713404327631,0.5284726619720459,0.47116193175315857,0.006770758889615536,0.5309773683547974,0.474624365568161,0.002942207269370556,0.5301146507263184,0.47161054611206055,0.0056348517537117004,0.5420056581497192,0.44117286801338196,-0.02091618813574314,0.5374628305435181,0.47321486473083496,-0.0014084090944379568,0.5419177412986755,0.4742986857891083,-0.004782846197485924,0.5474090576171875,0.47578930854797363,-0.007723251823335886,0.5431966781616211,0.4977092444896698,-0.002216082066297531,0.5441063642501831,0.4935188889503479,-0.007686477154493332,0.54493248462677,0.4875331521034241,-0.008481829427182674,0.5460666418075562,0.4814909100532532,-0.007342034950852394,0.547222375869751,0.4768199622631073,-0.006755616050213575,0.537301242351532,0.4738277494907379,-0.0006186083774082363,0.5357985496520996,0.47581416368484497,-0.0013780950102955103,0.5340421199798584,0.47854068875312805,-0.00215714774094522,0.5326040387153625,0.48161599040031433,-0.00087961764074862,0.5288617014884949,0.4599221646785736,-0.0014153028605505824,0.49781230092048645,0.4275396466255188,0.07113071531057358,0.5519940257072449,0.4491865038871765,-0.02022581920027733,0.534020185470581,0.47275543212890625,0.0031267099548131227,0.532507598400116,0.4736039638519287,0.0027047775220125914,0.545765221118927,0.4496978521347046,-0.01359446533024311,0.5378611087799072,0.4458879828453064,-0.007039373740553856,0.5451330542564392,0.448076069355011,-0.013701512478291988,0.5323824286460876,0.4168235957622528,-0.0003124364884570241,0.5219552516937256,0.4206221401691437,0.0030286023393273354,0.5354759693145752,0.43661996722221375,-0.009352639317512512,0.5153012275695801,0.3234059810638428,0.013110310770571232,0.5172500014305115,0.33444762229919434,0.0052429791539907455,0.520353376865387,0.3400382995605469,-0.0011061017867177725,0.5310498476028442,0.4859817922115326,0.003904702141880989,0.5457772612571716,0.34948092699050903,-0.012891309335827827,0.5450488328933716,0.3333897590637207,-0.01090072188526392,0.5450366735458374,0.31348949670791626,-0.008445831947028637,0.5173794031143188,0.3962233364582062,0.010002145543694496,0.5044829249382019,0.40019670128822327,0.02075248584151268,0.5422441959381104,0.39633703231811523,0.0033285620156675577,0.5109182000160217,0.3750024437904358,0.0136426305398345,0.5435734987258911,0.40772590041160583,-0.006043043453246355,0.5388838052749634,0.435279905796051,-0.020712513476610184,0.4981886148452759,0.4061232805252075,0.028631001710891724,0.5071336030960083,0.4073564112186432,0.015154443681240082,0.5135201811790466,0.41180694103240967,0.008738952688872814,0.5242375135421753,0.41258159279823303,0.004956459626555443,0.5327056646347046,0.41047680377960205,0.0022964549716562033,0.5393016338348389,0.40708595514297485,-0.00017760078480932862,0.5514292120933533,0.39673468470573425,-0.01366403978317976,0.49723881483078003,0.4236631691455841,0.027713757008314133,0.5070533156394958,0.37119588255882263,0.01701164059340954,0.5489887595176697,0.44664788246154785,-0.027270207181572914,0.5390312671661377,0.4209083318710327,-0.005933742970228195,0.49721184372901917,0.3890305757522583,0.0647827759385109,0.5443156957626343,0.40273618698120117,-0.001829909859225154,0.5351996421813965,0.43697553873062134,-0.003613677341490984,0.5137113928794861,0.3853133022785187,0.015060553327202797,0.5394614934921265,0.429726779460907,-0.01872081309556961,0.49935609102249146,0.4479236900806427,0.06917380541563034,0.5430886149406433,0.39304888248443604,0.004530526697635651,0.5436680912971497,0.42537903785705566,-0.024866854771971703,0.5105970501899719,0.48780494928359985,0.03091779723763466,0.5126151442527771,0.49710559844970703,0.042343370616436005,0.4950815439224243,0.42572909593582153,0.049710649996995926,0.5040708780288696,0.47698545455932617,0.038920335471630096,0.4997134804725647,0.37198305130004883,0.03779079392552376,0.530348539352417,0.5149938464164734,0.010513272136449814,0.5499219298362732,0.4486176669597626,-0.01962461695075035,0.53340744972229,0.4261611998081207,-0.00303404638543725,0.5013347268104553,0.38681215047836304,0.029795417562127113,0.5222111940383911,0.39548659324645996,0.006606034003198147,0.5270248055458069,0.3972986340522766,0.004579512868076563,0.5296458601951599,0.47586044669151306,0.004147311672568321,0.4977535903453827,0.440652459859848,0.03000597469508648,0.5396500825881958,0.5260522961616516,0.011389479041099548,0.5260700583457947,0.5146080255508423,0.025102414190769196,0.5201116800308228,0.507460355758667,0.03272003307938576,0.5618812441825867,0.3357168436050415,-0.01409897394478321,0.5498424172401428,0.5290094017982483,0.008264252915978432,0.5323249101638794,0.3971092402935028,0.0036890723276883364,0.5375725030899048,0.39553987979888916,0.0039662630297243595,0.541139543056488,0.39428046345710754,0.004822216462343931,0.5037850141525269,0.36819592118263245,0.023378023877739906,0.538135290145874,0.3855343461036682,0.0025452454574406147,0.5329666137695312,0.3823215365409851,0.00220435275696218,0.5278290510177612,0.38135451078414917,0.0031659083906561136,0.5228384137153625,0.3821422755718231,0.005478936247527599,0.5196316242218018,0.38380712270736694,0.007830996066331863,0.4982103109359741,0.3687027096748352,0.05400341749191284,0.5193544626235962,0.39286184310913086,0.009054012596607208,0.5522559285163879,0.4572754204273224,-0.014189152978360653,0.5346273183822632,0.45687156915664673,-0.0057259975001215935,0.5399206876754761,0.44197767972946167,-0.015013041906058788,0.5447205305099487,0.4565091133117676,-0.012628852389752865,0.5582436323165894,0.38256195187568665,-0.013019010424613953,0.5178613066673279,0.49836862087249756,0.02461990714073181,0.5241464376449585,0.5065454244613647,0.017946580424904823,0.538635790348053,0.5216026306152344,0.00370396813377738,0.5070651173591614,0.485355943441391,0.05396599695086479,0.5416361093521118,0.3899920880794525,0.003770444542169571,0.5464766621589661,0.4100481867790222,-0.0147253992035985,0.5494117736816406,0.5242800712585449,0.0008700211765244603,0.5321677923202515,0.5210047960281372,0.01719577983021736,0.4964635968208313,0.44447851181030273,0.04921998828649521,0.5417606234550476,0.47521698474884033,-0.003862060373649001,0.5402103662490845,0.4786980450153351,-0.004574555903673172,0.5387160778045654,0.48319536447525024,-0.005500493571162224,0.5375280380249023,0.4884412884712219,-0.004504112992435694,0.5361756086349487,0.4925166964530945,0.000398766715079546,0.5327027440071106,0.4713550806045532,0.002190446713939309,0.5312970280647278,0.4701402485370636,0.0024468712508678436,0.5301752686500549,0.4688663184642792,0.0025113197043538094,0.5246204137802124,0.464322030544281,0.0038253788370639086,0.5031256675720215,0.4455171823501587,0.016993725672364235,0.5476606488227844,0.4016309082508087,-0.009478354826569557,0.5467838644981384,0.3837334215641022,-0.0006479799631051719,0.5439019203186035,0.3857446312904358,0.0023257166612893343,0.5341303944587708,0.4724692106246948,0.002601134590804577,0.5042210221290588,0.46523919701576233,0.026724286377429962,0.5513097047805786,0.3825254440307617,-0.008527188561856747,0.5332242250442505,0.5001634955406189,0.0036457928363233805,0.554480254650116,0.4133519232273102,-0.02634330280125141,0.550439715385437,0.4060235917568207,-0.019380664452910423,0.5555998682975769,0.4047929644584656,-0.02141273207962513,0.5417234897613525,0.4228059649467468,-0.013992548920214176,0.5495610237121582,0.5172010660171509,-0.002527360338717699,0.5501301288604736,0.5078855752944946,-0.0029907773714512587,0.5410723090171814,0.5060456991195679,-0.0008064013672992587,0.5226369500160217,0.48298874497413635,0.011231821961700916,0.5299032926559448,0.4427163004875183,-0.0009889549110084772,0.5276201963424683,0.4925138056278229,0.007770317606627941,0.5150697231292725,0.43972331285476685,0.003162830602377653,0.5234373211860657,0.44972068071365356,0.001476049656048417,0.5102574825286865,0.45201435685157776,0.00902051292359829,0.5390686988830566,0.51486736536026,0.00032321864273399115,0.5386645197868347,0.4272162616252899,-0.009312559850513935,0.5186315774917603,0.4892956018447876,0.017417026683688164,0.5249943137168884,0.4988633394241333,0.012677747756242752,0.5178746581077576,0.4723055958747864,0.012012152932584286,0.499634712934494,0.4550405740737915,0.03230368718504906,0.5112000107765198,0.4739443063735962,0.018369542434811592,0.4991881549358368,0.461672842502594,0.04711303114891052,0.5186792612075806,0.45848995447158813,0.005666052922606468,0.5429439544677734,0.4154336154460907,-0.009967898949980736,0.540274441242218,0.4394283592700958,-0.022022578865289688,0.5376037955284119,0.4408434331417084,-0.01535819936543703,0.5425280332565308,0.43396857380867004,-0.02631532773375511,0.5425233244895935,0.3721529543399811,-0.0020636559929698706,0.5332396030426025,0.36328381299972534,-0.0016789286164566875,0.5248231887817383,0.3606824278831482,0.00020257804135326296,0.5179362297058105,0.36210161447525024,0.003947312943637371,0.5131551623344421,0.3665289282798767,0.008451995439827442,0.5101402401924133,0.38561108708381653,0.01815877854824066,0.49508315324783325,0.4075363874435425,0.047894567251205444,0.5129406452178955,0.4003087282180786,0.013098534196615219,0.5181003212928772,0.4041599631309509,0.008953994140028954,0.5254724621772766,0.4061184227466583,0.005612506996840239,0.5330354571342468,0.4053169786930084,0.00299865216948092,0.539273202419281,0.4026631712913513,0.002238017739728093,0.5435529351234436,0.39977097511291504,0.0010688375914469361,0.49748581647872925,0.4082009494304657,0.0700228363275528,0.5379370450973511,0.44280344247817993,-0.012419536709785461,0.5454164743423462,0.4175514578819275,-0.019028428941965103,0.5436115860939026,0.4404328763484955,-0.026949608698487282,0.5467042922973633,0.4449453353881836,-0.024810969829559326,0.5439028739929199,0.44186750054359436,-0.024091647937893867,0.5393661260604858,0.44527244567871094,-0.010537315160036087,0.5474444627761841,0.445878803730011,-0.026398396119475365,0.5483784079551697,0.4478415250778198,-0.019550396129488945,0.5448495149612427,0.3930648863315582,0.0033391262404620647,0.5470295548439026,0.3946231007575989,-0.00043608775013126433,0.5482763051986694,0.3957350552082062,-0.004269726108759642,0.5177876353263855,0.38520097732543945,0.010343565605580807,0.5136926174163818,0.3775809407234192,0.011137490160763264,0.559376060962677,0.4151938557624817,-0.02507595345377922,0.6023341417312622,0.40269389748573303,0.0006585745722986758,0.5574920773506165,0.4476628005504608,-0.02062559314072132,0.6327064633369446,0.36620739102363586,0.02505630813539028,0.5843698978424072,0.4080985188484192,-0.0038434260059148073,0.5907748937606812,0.40983837842941284,-0.003775867400690913,0.5968844294548035,0.40942439436912537,-0.002547347918152809,0.6049071550369263,0.40506792068481445,0.0017065993743017316,0.5789390206336975,0.40452536940574646,-0.002234386745840311,0.5953279733657837,0.3793681859970093,-0.007384966593235731,0.5880692601203918,0.3797731399536133,-0.006608341820538044,0.6020348072052002,0.38193565607070923,-0.005595133639872074,0.6061515808105469,0.38667264580726624,-0.0033666654489934444,0.6100108027458191,0.4093742370605469,0.00483925873413682,0.5711420774459839,0.5137071013450623,0.0015877584228292108,0.6046149134635925,0.4000467360019684,0.0025856385473161936,0.6311392784118652,0.40514683723449707,0.02910652756690979,0.6175913214683533,0.401928186416626,0.010081054642796516,0.5858298540115356,0.43858802318573,-0.007594464346766472,0.5628003478050232,0.4647675156593323,-0.01523068081587553,0.5613409876823425,0.47480612993240356,-0.012231497094035149,0.5706993341445923,0.4686281383037567,-0.012604857794940472,0.5757699608802795,0.47213542461395264,-0.008636259473860264,0.567733108997345,0.475464403629303,-0.01062573678791523,0.5726900696754456,0.47625210881233215,-0.006892157718539238,0.5803362131118774,0.48543572425842285,0.0006535605061799288,0.5563067197799683,0.44311219453811646,-0.031012985855340958,0.5574622750282288,0.43453654646873474,-0.03319760039448738,0.616956889629364,0.37451982498168945,-0.0018286193953827024,0.5745499134063721,0.41679587960243225,-0.0078086550347507,0.5712804794311523,0.44170472025871277,-0.018662460148334503,0.5722668766975403,0.43719616532325745,-0.017215682193636894,0.6061002016067505,0.43963733315467834,-0.0015833908692002296,0.5584754347801208,0.423964262008667,-0.03030557930469513,0.602616012096405,0.36218878626823425,-0.01037902757525444,0.6112937927246094,0.3662967085838318,-0.006394493859261274,0.6270851492881775,0.34859317541122437,0.013433970510959625,0.5730515122413635,0.36968034505844116,-0.013057137839496136,0.5814927816390991,0.3836524784564972,-0.004338795784860849,0.5858917236328125,0.4778025150299072,0.0008401810773648322,0.6166638135910034,0.4835168123245239,0.04976990446448326,0.5666745901107788,0.44618502259254456,-0.015902500599622726,0.5617334246635437,0.4483853876590729,-0.015078723430633545,0.5820427536964417,0.47758185863494873,0.000870942254550755,0.5803942084312439,0.4776610732078552,-0.0003735588979907334,0.6155805587768555,0.35941728949546814,-0.0043304539285600185,0.5716792345046997,0.4450845718383789,-0.015245961025357246,0.5902895927429199,0.36271360516548157,-0.012863455340266228,0.591678261756897,0.35441872477531433,-0.014532164670526981,0.6011086702346802,0.3230223059654236,-0.007882899604737759,0.6208869814872742,0.3554688096046448,0.0030882947612553835,0.5953517556190491,0.3386687636375427,-0.01154903694987297,0.6213564276695251,0.3699832558631897,0.002501562237739563,0.6268208026885986,0.3701578378677368,0.012802925892174244,0.5622190833091736,0.4702225923538208,-0.014397239312529564,0.5692393779754639,0.4722844362258911,-0.011855434626340866,0.5743157863616943,0.47422486543655396,-0.008229621686041355,0.565304696559906,0.44747403264045715,-0.013970954343676567,0.5811948776245117,0.4776303768157959,0.00028176381601952016,0.5776796340942383,0.4803709387779236,-0.0025957543402910233,0.5795086622238159,0.477713942527771,-0.00037253336631692946,0.5635532140731812,0.4436507225036621,-0.02374054491519928,0.5713849663734436,0.4776463806629181,-0.0057280720211565495,0.5664215087890625,0.47754284739494324,-0.008052624762058258,0.5605142712593079,0.47751107811927795,-0.00959177128970623,0.5588780641555786,0.49982860684394836,-0.003972743172198534,0.5605508685112,0.4955028295516968,-0.009645812213420868,0.5606291890144348,0.48943644762039185,-0.010542232543230057,0.5605315566062927,0.483276903629303,-0.009367916733026505,0.5602735877037048,0.4784604012966156,-0.008684377186000347,0.5712513327598572,0.4780992269515991,-0.0049483757466077805,0.5723698735237122,0.48034775257110596,-0.0056928955018520355,0.5736047625541687,0.48337167501449585,-0.0066094608046114445,0.5744785070419312,0.4866499900817871,-0.005594408139586449,0.5788106918334961,0.46571844816207886,-0.007340416777879,0.6287343502044678,0.443482905626297,0.0556342750787735,0.5750721096992493,0.47790491580963135,-0.002198041882365942,0.5763533115386963,0.4790562093257904,-0.0026527205482125282,0.5598113536834717,0.45142412185668945,-0.015134686604142189,0.5698971748352051,0.449550986289978,-0.010287424549460411,0.560689389705658,0.44997498393058777,-0.015208853408694267,0.5811982750892639,0.4223770201206207,-0.0062470086850225925,0.5915002822875977,0.4287010431289673,-0.005003530532121658,0.57340407371521,0.4408813416957855,-0.013805892318487167,0.6171538829803467,0.33381566405296326,0.0018628211691975594,0.6110825538635254,0.34451133012771606,-0.004966083914041519,0.6054845452308655,0.3539956510066986,-0.010281234048306942,0.5745164155960083,0.49148720502853394,-0.0015570875257253647,0.5755535960197449,0.3568650484085083,-0.015892252326011658,0.5794665217399597,0.3369736969470978,-0.014490120112895966,0.5839424133300781,0.31721383333206177,-0.012425691820681095,0.6019090414047241,0.4082393944263458,-0.0003591408021748066,0.6161788105964661,0.414994478225708,0.007738711312413216,0.5753872990608215,0.4014657437801361,-0.0013527696719393134,0.6122919917106628,0.3903946578502655,0.0016585286939516664,0.5703350901603699,0.41066622734069824,-0.00959024392068386,0.567507266998291,0.4384823739528656,-0.02407415211200714,0.6232544779777527,0.4208769202232361,0.01398912351578474,0.6115677952766418,0.42085549235343933,0.00291267316788435,0.6034382581710815,0.42296841740608215,-0.0017627212218940258,0.5915659666061401,0.42100632190704346,-0.0031002359464764595,0.5827856659889221,0.4169261157512665,-0.0038509066216647625,0.5761461853981018,0.41208067536354065,-0.004783418029546738,0.5623999238014221,0.39788657426834106,-0.015161976218223572,0.6209516525268555,0.4385053217411041,0.01310030184686184,0.6176424622535706,0.38779395818710327,0.0038931062445044518,0.5545094609260559,0.4473150968551636,-0.02799726277589798,0.572785496711731,0.42465147376060486,-0.010236232541501522,0.6347293257713318,0.40476253628730774,0.04868720471858978,0.5712116956710815,0.40675589442253113,-0.005393384490162134,0.5745445489883423,0.4413989782333374,-0.008046118542551994,0.6077319979667664,0.3995656371116638,0.003729873336851597,0.5684679746627808,0.43291085958480835,-0.022154182195663452,0.6238360404968262,0.4635695219039917,0.054309241473674774,0.5753512978553772,0.3985230624675751,-0.0003208645503036678,0.5635514259338379,0.42756226658821106,-0.027366001158952713,0.5994627475738525,0.49964413046836853,0.019877728074789047,0.5983436107635498,0.5088865160942078,0.03163795545697212,0.6270086169242859,0.441723108291626,0.03376404941082001,0.6090689897537231,0.49046096205711365,0.02594788745045662,0.6294147968292236,0.3867248594760895,0.022467605769634247,0.5712199211120605,0.5211016535758972,0.005239473190158606,0.5542131662368774,0.44911453127861023,-0.02007399871945381,0.5782734751701355,0.43124744296073914,-0.008368628099560738,0.6228430867195129,0.40353789925575256,0.015346457250416279,0.5963698625564575,0.4057171642780304,-0.002458182629197836,0.5910113453865051,0.40585628151893616,-0.0034673488698899746,0.578827440738678,0.4818657338619232,-0.0017632809467613697,0.6184315085411072,0.45543891191482544,0.015791071578860283,0.5606311559677124,0.5292942523956299,0.008562744595110416,0.5785152316093445,0.52240389585495,0.018043821677565575,0.5872930288314819,0.5171762108802795,0.02394496276974678,0.5856109261512756,0.40420880913734436,-0.0031522053759545088,0.5804680585861206,0.4015040695667267,-0.0018716754857450724,0.5770930647850037,0.3998115062713623,-0.0004111926828045398,0.6225402355194092,0.3853856027126312,0.009279677644371986,0.5820717215538025,0.39273327589035034,-0.0035543206613510847,0.5878309607505798,0.3910806179046631,-0.004896156489849091,0.5931764841079712,0.391615092754364,-0.005113604012876749,0.598234236240387,0.3937104642391205,-0.003940512426197529,0.6013495326042175,0.39626258611679077,-0.0021950295194983482,0.6350049376487732,0.3839496374130249,0.03805918246507645,0.5998952388763428,0.40441933274269104,-0.0008191411616280675,0.5723115801811218,0.46118441224098206,-0.010178400203585625,0.5665978789329529,0.44501811265945435,-0.01794903352856636,0.560477077960968,0.4583820104598999,-0.014514344744384289,0.5893169641494751,0.5083802938461304,0.01564205065369606,0.5803240537643433,0.5147531628608704,0.010833442211151123,0.5607656836509705,0.5249454975128174,0.0007910318672657013,0.607811450958252,0.49855390191078186,0.04128909111022949,0.5775047540664673,0.3960508108139038,-0.0016158621292561293,0.5650737881660461,0.4120895266532898,-0.017126519232988358,0.5698055028915405,0.5267236232757568,0.01197086926549673,0.6229197978973389,0.46011877059936523,0.03390064835548401,0.5662287473678589,0.4782821536064148,-0.007170968223363161,0.5670978426933289,0.4820076823234558,-0.007981511764228344,0.5678234100341797,0.48671644926071167,-0.009093692526221275,0.5681782960891724,0.49205324053764343,-0.008197971619665623,0.5674224495887756,0.49658387899398804,-0.0036169267259538174,0.576763391494751,0.47688543796539307,-0.0034126280806958675,0.5782387256622314,0.47598302364349365,-0.003630612511187792,0.5795162320137024,0.4749752879142761,-0.0038935926277190447,0.5838878154754639,0.4711643159389496,-0.003553599352017045,0.6098626852035522,0.4585265517234802,0.004837967921048403,0.5663071870803833,0.4036625623703003,-0.012011557817459106,0.5718387961387634,0.38875359296798706,-0.003864083206281066,0.5753392577171326,0.3914421796798706,-0.0022159286309033632,0.5752317309379578,0.47770625352859497,-0.0027401349507272243,0.6081768274307251,0.4782237708568573,0.014472953043878078,0.5659416913986206,0.38662636280059814,-0.010418243706226349,0.5695967078208923,0.505174458026886,-0.0007098609930835664,0.5608453750610352,0.4071497917175293,-0.020664991810917854,0.5681480765342712,0.42576509714126587,-0.017171289771795273,0.559807300567627,0.5086700320243835,-0.00291528576053679,0.5846036076545715,0.4908832907676697,0.0036004530265927315,0.5797445774078369,0.4484380781650543,-0.006643151864409447,0.5774958729743958,0.4991425573825836,0.0017473489278927445,0.5958638191223145,0.4493641257286072,-0.005625423975288868,0.5859350562095642,0.45712992548942566,-0.005574479699134827,0.6004838943481445,0.46302497386932373,-0.001071325270459056,0.5606503486633301,0.5180415511131287,-0.0024449091870337725,0.5716772675514221,0.43081924319267273,-0.013291927054524422,0.5886214971542358,0.4986579716205597,0.00882970355451107,0.5797117352485657,0.5064697265625,0.0060572437942028046,0.5909587144851685,0.4812764823436737,0.002849025186151266,0.6152873039245605,0.4693771302700043,0.01871507801115513,0.5985577702522278,0.48504582047462463,0.007961309514939785,0.6175036430358887,0.47650277614593506,0.032473109662532806,0.590864360332489,0.46712782979011536,-0.0028028215747326612,0.5687956809997559,0.4183019995689392,-0.013363932259380817,0.5653702020645142,0.4423004388809204,-0.025060828775167465,0.5691944360733032,0.44442975521087646,-0.018886510282754898,0.5627062320709229,0.43625304102897644,-0.02877270244061947,0.5777363777160645,0.37941667437553406,-0.00644594756886363,0.5887492895126343,0.37341493368148804,-0.008019103668630123,0.598004162311554,0.37305641174316406,-0.008088909089565277,0.6054208874702454,0.3760494589805603,-0.006107688415795565,0.6104246377944946,0.38169777393341064,-0.0027917255647480488,0.6120439171791077,0.4004666209220886,0.006110318936407566,0.6298688650131226,0.42355507612228394,0.031593382358551025,0.6062838435173035,0.41316112875938416,0.001995794242247939,0.5997807383537292,0.41485288739204407,-0.0007256616954691708,0.5914375185966492,0.41464266180992126,-0.0023728988599032164,0.5835082530975342,0.4119499623775482,-0.0033028116449713707,0.5772607326507568,0.4079400599002838,-0.0025065152440220118,0.5730818510055542,0.4041786789894104,-0.002794423373416066,0.6321834325790405,0.4240384101867676,0.053979214280843735,0.5691832900047302,0.4463178515434265,-0.015882963314652443,0.5639854669570923,0.41960516571998596,-0.021517882123589516,0.560706615447998,0.44245830178260803,-0.028858045116066933,0.5577572584152222,0.446401983499527,-0.025902289897203445,0.561017632484436,0.4439851641654968,-0.02605902962386608,0.5677751898765564,0.4484853446483612,-0.013452129438519478,0.5564495921134949,0.44700688123703003,-0.027280932292342186,0.5560535788536072,0.448770672082901,-0.020330529659986496,0.5732397437095642,0.3980128765106201,-0.0006853294325992465,0.5700426697731018,0.3986140787601471,-0.0034655388444662094,0.5677520036697388,0.39925944805145264,-0.006797852925956249,0.6031619310379028,0.39820531010627747,-0.0001043779993779026,0.6084831953048706,0.3922147750854492,1.794200397853274e-05,0.5299285650253296,0.38977521657943726,0.006064300891011953,0.5359565615653992,0.39057084918022156,0.006064300891011953,0.530616283416748,0.38210391998291016,0.006064300891011953,0.5238550305366516,0.3889935314655304,0.006064300891011953,0.5292375087738037,0.3973630666732788,0.006064300891011953,0.5899131894111633,0.3973381221294403,-0.0019172661704942584,0.5962606072425842,0.3981148600578308,-0.0019172661704942584,0.590391993522644,0.38980957865715027,-0.0019172661704942584,0.5836767554283142,0.3965548276901245,-0.0019172661704942584,0.5894627571105957,0.4048185348510742,-0.0019172661704942584
2433.333333333333,0.5547528266906738,0.46651768684387207,-0.014701352454721928,0.55124431848526,0.4433423578739166,-0.030832238495349884,0.5521321296691895,0.45156461000442505,-0.01571289449930191,0.5496113896369934,0.41441553831100464,-0.023578479886054993,0.5518016219139099,0.43443000316619873,-0.03315693512558937,0.5531423091888428,0.4229620695114136,-0.031246032565832138,0.5568711161613464,0.3953014314174652,-0.01681758463382721,0.5172988176345825,0.3902989625930786,0.010949422605335712,0.5593034625053406,0.36967921257019043,-0.013582829385995865,0.5602589845657349,0.35670721530914307,-0.01540764607489109,0.564434826374054,0.314336359500885,-0.012195460498332977,0.5543859601020813,0.4707227051258087,-0.013828090392053127,0.5539974570274353,0.4750620424747467,-0.011864437721669674,0.5537613034248352,0.477863073348999,-0.009016940370202065,0.5535321831703186,0.4781622290611267,-0.008446685038506985,0.5530884861946106,0.48323699831962585,-0.009021886624395847,0.5525283813476562,0.48914363980293274,-0.010059960186481476,0.5519733428955078,0.4949136972427368,-0.009030190296471119,0.5500985383987427,0.4994608759880066,-0.0032635556999593973,0.5514148473739624,0.44784390926361084,-0.027711275964975357,0.5470262169837952,0.44683516025543213,-0.019274020567536354,0.5017130970954895,0.35072407126426697,0.04012858867645264,0.5326527953147888,0.4014096260070801,0.002800184767693281,0.5265424251556396,0.40128394961357117,0.004197690170258284,0.5211935639381409,0.3990824818611145,0.006697793025523424,0.5151009559631348,0.3920207619667053,0.012622593902051449,0.5381290316581726,0.3992760181427002,0.0029447937849909067,0.5268107652664185,0.3684375584125519,0.0010449610417708755,0.5336369276046753,0.3710956275463104,1.1768683179980144e-05,0.520243763923645,0.36916807293891907,0.004104882013052702,0.5158358812332153,0.3729536533355713,0.00710631487891078,0.5104453563690186,0.39552268385887146,0.016486825421452522,0.5299949645996094,0.5082941651344299,0.006765499711036682,0.5159647464752197,0.3868768811225891,0.013320245780050755,0.49725162982940674,0.3886001706123352,0.04479169845581055,0.5055961608886719,0.3863964080810547,0.023070203140378,0.5254097580909729,0.43152719736099243,-0.0005390335572883487,0.5470658540725708,0.46326684951782227,-0.013049107044935226,0.5470227599143982,0.4735528826713562,-0.010104594752192497,0.5391531586647034,0.4650363028049469,-0.008470166474580765,0.533951461315155,0.4672639071941376,-0.003167835297062993,0.5410754084587097,0.47249895334243774,-0.006853610742837191,0.5364797115325928,0.4720251262187958,-0.0021250720601528883,0.5269747972488403,0.4795478284358978,0.007435218896716833,0.546760082244873,0.4425404965877533,-0.029886918142437935,0.5465734601020813,0.4338560700416565,-0.031900811940431595,0.5085595846176147,0.35842210054397583,0.010390503332018852,0.5391230583190918,0.41273587942123413,-0.0033207936212420464,0.5360174775123596,0.4379761815071106,-0.014242964796721935,0.5362536907196045,0.43340304493904114,-0.012653098441660404,0.5078568458557129,0.4277552366256714,0.009756868705153465,0.5480868220329285,0.4232659935951233,-0.028753047809004784,0.5213021039962769,0.3490387201309204,-0.002117410534992814,0.5137110352516174,0.351320743560791,0.00411631353199482,0.5069757103919983,0.33478862047195435,0.02693112939596176,0.5463170409202576,0.3630749583244324,-0.010542980395257473,0.5391837954521179,0.3770105242729187,0.0010182508267462254,0.5229332447052002,0.47101569175720215,0.008943924680352211,0.5025718212127686,0.4684174954891205,0.06399478018283844,0.5398994088172913,0.44341304898262024,-0.012525688856840134,0.5441041588783264,0.44670188426971436,-0.013274491764605045,0.5277137160301208,0.4711287021636963,0.007924169301986694,0.5292922854423523,0.47157809138298035,0.005892817862331867,0.5113192796707153,0.34389811754226685,0.006894252263009548,0.5359832644462585,0.4413008987903595,-0.010904675349593163,0.5317878127098083,0.3521047830581665,-0.00724426144734025,0.5313850045204163,0.3438411355018616,-0.00878803338855505,0.5298818349838257,0.315384179353714,-0.00032125096186064184,0.5090251564979553,0.3424823582172394,0.015369919128715992,0.5311169624328613,0.3316878080368042,-0.004979460500180721,0.505992591381073,0.3533819615840912,0.015544453635811806,0.5035554766654968,0.355411171913147,0.026853464543819427,0.5468210577964783,0.46879884600639343,-0.01218266598880291,0.5400677919387817,0.4690009355545044,-0.007863505743443966,0.5351232290267944,0.4696853756904602,-0.0031166747212409973,0.5411484837532043,0.44500625133514404,-0.011238355189561844,0.5285158157348633,0.47136956453323364,0.00684721115976572,0.5310471653938293,0.47461768984794617,0.0029747497756034136,0.5301414728164673,0.4718365967273712,0.0056976149789988995,0.5417642593383789,0.44151315093040466,-0.020673567429184914,0.5375424027442932,0.4736752510070801,-0.0011781785869970918,0.5420249700546265,0.47485214471817017,-0.004479869734495878,0.5474897623062134,0.4763978123664856,-0.007382849231362343,0.542636513710022,0.497908353805542,-0.002041322411969304,0.5440900325775146,0.4927639663219452,-0.007575326133519411,0.5449506640434265,0.4869931936264038,-0.008386149071156979,0.5461068749427795,0.4811992645263672,-0.007268399931490421,0.5472737550735474,0.47668367624282837,-0.006717618089169264,0.5373397469520569,0.473836213350296,-0.0006042278255335987,0.5358531475067139,0.47573065757751465,-0.0013441273476928473,0.5341206192970276,0.4783230721950531,-0.0021038646809756756,0.5326877236366272,0.4812740385532379,-0.0008162735030055046,0.5287343859672546,0.4602338671684265,-0.001258575008250773,0.49837106466293335,0.42668384313583374,0.07114698737859726,0.5517446398735046,0.449734091758728,-0.019971391186118126,0.5340331792831421,0.4728699326515198,0.003141850931569934,0.5325546264648438,0.4736604392528534,0.0027337230276316404,0.5455185770988464,0.45011448860168457,-0.013346093706786633,0.5376623868942261,0.44611722230911255,-0.006804281380027533,0.5448718667030334,0.44846421480178833,-0.013456504791975021,0.5324133038520813,0.4166572690010071,-0.00023130532645154744,0.5220205783843994,0.42043161392211914,0.003143353620544076,0.5353764295578003,0.4367791414260864,-0.009115643799304962,0.5158160328865051,0.32258498668670654,0.012787997722625732,0.5176829099655151,0.33397436141967773,0.004829947836697102,0.5198144316673279,0.34074509143829346,-0.0014541419222950935,0.5306521654129028,0.48636138439178467,0.004014582373201847,0.5453736782073975,0.34978002309799194,-0.013252007775008678,0.5454311370849609,0.3333055078983307,-0.011325797066092491,0.5455458164215088,0.31309378147125244,-0.008831257931888103,0.5170917510986328,0.3961564600467682,0.009958451613783836,0.5043708682060242,0.4001196622848511,0.020709248259663582,0.5418589115142822,0.3968883156776428,0.00325885321944952,0.5106050372123718,0.37545421719551086,0.013464021496474743,0.5435245633125305,0.4076782464981079,-0.006048619281500578,0.538706362247467,0.43556955456733704,-0.02048075757920742,0.49852943420410156,0.4054552912712097,0.02859591506421566,0.506967306137085,0.4069907069206238,0.015184382908046246,0.5133259892463684,0.4113565981388092,0.008799940347671509,0.5240760445594788,0.41239458322525024,0.004982398357242346,0.5325657725334167,0.4105790853500366,0.0022987080737948418,0.5391707420349121,0.4073273837566376,-0.00019972868904005736,0.5514134764671326,0.39687445759773254,-0.01375854853540659,0.49754831194877625,0.4231388568878174,0.027793165296316147,0.5068830847740173,0.3717992901802063,0.0168098546564579,0.5487157106399536,0.44716978073120117,-0.027020679786801338,0.5389789342880249,0.42092517018318176,-0.005807052832096815,0.49797576665878296,0.38795268535614014,0.06463079899549484,0.5441540479660034,0.40300506353378296,-0.0018847506726160645,0.5351296663284302,0.43710094690322876,-0.003395518520846963,0.5133318305015564,0.38556045293807983,0.014935768209397793,0.5393393039703369,0.429970383644104,-0.018513722345232964,0.49972397089004517,0.44723373651504517,0.0692795142531395,0.542725145816803,0.3936766982078552,0.004445262718945742,0.5435361862182617,0.4256943464279175,-0.02468976005911827,0.5099863409996033,0.48792764544487,0.031184393912553787,0.5119194388389587,0.497259259223938,0.04261498153209686,0.49548467993736267,0.4250018298625946,0.04971405863761902,0.5037356615066528,0.4768112599849701,0.039188746362924576,0.5002633333206177,0.37105295062065125,0.037496261298656464,0.5293403267860413,0.5154227018356323,0.01085588801652193,0.5496494174003601,0.449131578207016,-0.01936744712293148,0.5333862900733948,0.42615237832069397,-0.0028575777541846037,0.5015454292297363,0.3871920108795166,0.029647566378116608,0.5218579769134521,0.39538103342056274,0.006563698872923851,0.5266948342323303,0.3972528278827667,0.00453924247995019,0.52972412109375,0.4758014976978302,0.004203989170491695,0.49796682596206665,0.44023430347442627,0.03018374927341938,0.5385669469833374,0.5265288352966309,0.011734426952898502,0.5250146985054016,0.5150432586669922,0.025416066870093346,0.5191642045974731,0.5078310966491699,0.033004067838191986,0.5621957182884216,0.33580252528190613,-0.014547840692102909,0.5488198399543762,0.5295573472976685,0.008573789149522781,0.5320017337799072,0.39730316400527954,0.0036305945832282305,0.5372012853622437,0.39600977301597595,0.0038900699000805616,0.5407509803771973,0.39487722516059875,0.004733637440949678,0.503811240196228,0.3689854145050049,0.02313942462205887,0.5378678441047668,0.3861698806285858,0.0024716437328606844,0.5327385663986206,0.38283541798591614,0.0021140805911272764,0.5275457501411438,0.3816208839416504,0.0030896116513758898,0.5224796533584595,0.3822426497936249,0.0053937239572405815,0.5192319750785828,0.38388603925704956,0.007748340722173452,0.49894118309020996,0.3675675690174103,0.05378708615899086,0.518968939781189,0.3928222060203552,0.00900133978575468,0.5520206689834595,0.4577522277832031,-0.013955334201455116,0.53448486328125,0.45719319581985474,-0.005519191734492779,0.5396894216537476,0.442233145236969,-0.014775043353438377,0.5445037484169006,0.4568995237350464,-0.012399697676301003,0.5583106279373169,0.38286998867988586,-0.013209709897637367,0.5170536637306213,0.4986743927001953,0.024880098178982735,0.5231823921203613,0.5069674253463745,0.01825120858848095,0.5376203656196594,0.5220611095428467,0.004069275222718716,0.5067034363746643,0.4851716458797455,0.054217394441366196,0.5412918925285339,0.3906116783618927,0.0036818382795900106,0.5464222431182861,0.4101925492286682,-0.014703266322612762,0.5484343767166138,0.5248470902442932,0.0012166853994131088,0.5310748219490051,0.5214675664901733,0.017532512545585632,0.4967293441295624,0.44386857748031616,0.04934722185134888,0.5418255925178528,0.4751345217227936,-0.003832352114841342,0.5402793288230896,0.47847580909729004,-0.004523956682533026,0.538794755935669,0.4827755093574524,-0.005430219694972038,0.5375849604606628,0.4878425896167755,-0.004417732823640108,0.5356993079185486,0.49278727173805237,0.0005411139572970569,0.5327879190444946,0.4716971218585968,0.002324744826182723,0.5314012765884399,0.4704750180244446,0.0025700072292238474,0.5302781462669373,0.46918848156929016,0.002631719456985593,0.5244866609573364,0.46471697092056274,0.003946597222238779,0.5032299757003784,0.44530266523361206,0.017240984365344048,0.5476253032684326,0.4016835689544678,-0.009528669528663158,0.5465274453163147,0.38425078988075256,-0.0007725425530225039,0.5435672998428345,0.3863493800163269,0.002201675670221448,0.5341964364051819,0.47282665967941284,0.0027535848785191774,0.5040517449378967,0.4651329815387726,0.02698007971048355,0.5510993003845215,0.38289377093315125,-0.008671949617564678,0.5325399041175842,0.5005256533622742,0.003865665290504694,0.5544238686561584,0.4137125611305237,-0.02628731168806553,0.5504027605056763,0.40622836351394653,-0.019403189420700073,0.5555907487869263,0.40506136417388916,-0.02144567295908928,0.5416381359100342,0.4229719042778015,-0.013854172080755234,0.5486752986907959,0.5177062749862671,-0.002255257684737444,0.5493685007095337,0.5082637071609497,-0.002765781246125698,0.5403352379798889,0.506363570690155,-0.0005652053514495492,0.5221571922302246,0.48340675234794617,0.011370007880032063,0.5297979116439819,0.4428287148475647,-0.0007755578844808042,0.5270221829414368,0.49293357133865356,0.007942887023091316,0.5150550007820129,0.43967312574386597,0.003417656058445573,0.5233225226402283,0.44985878467559814,0.0016740758437663317,0.5101722478866577,0.4520311951637268,0.009284788742661476,0.538181483745575,0.5152623057365417,0.000619398255366832,0.5385959148406982,0.4273301959037781,-0.009139671921730042,0.5179805755615234,0.4896411895751953,0.017622388899326324,0.5242006778717041,0.49927687644958496,0.012929888442158699,0.5175296664237976,0.4726658761501312,0.012190713547170162,0.4996793270111084,0.4547278583049774,0.03253687173128128,0.510806679725647,0.4741176962852478,0.018592074513435364,0.4991900324821472,0.46121636033058167,0.047328054904937744,0.5185250639915466,0.45875102281570435,0.005854278802871704,0.5428794026374817,0.41550666093826294,-0.009893459267914295,0.5400552153587341,0.4397473931312561,-0.021781351417303085,0.5374071598052979,0.44107019901275635,-0.015108014456927776,0.542334258556366,0.43434950709342957,-0.026102153584361076,0.5422235131263733,0.3726968467235565,-0.0022282630670815706,0.5328532457351685,0.3637986183166504,-0.0018936940468847752,0.5243595838546753,0.3611682951450348,-3.076156281167641e-05,0.5174630284309387,0.3625516891479492,0.003720220411196351,0.5127007365226746,0.36702224612236023,0.008227833546698093,0.5099459290504456,0.38591325283050537,0.018013447523117065,0.4955611228942871,0.4067055583000183,0.047789767384529114,0.5127151608467102,0.40017205476760864,0.01306693721562624,0.5179223418235779,0.40395745635032654,0.008929809555411339,0.525305986404419,0.40606486797332764,0.005586340092122555,0.5328590273857117,0.4055249094963074,0.0029836667235940695,0.5390645861625671,0.4030624032020569,0.0021815879736095667,0.5433292984962463,0.4001964330673218,0.0010118797654286027,0.49816077947616577,0.40721186995506287,0.0699421837925911,0.5377451181411743,0.44303399324417114,-0.012170194648206234,0.5453311204910278,0.4177844524383545,-0.018924320116639137,0.5433637499809265,0.44084855914115906,-0.02671930193901062,0.5464244484901428,0.44539573788642883,-0.024565929546952248,0.5436556339263916,0.442269891500473,-0.023852642625570297,0.5391547083854675,0.4455295205116272,-0.010294387117028236,0.5471665859222412,0.44636520743370056,-0.02615133486688137,0.5480901002883911,0.44831374287605286,-0.01929933950304985,0.5444812774658203,0.3936534821987152,0.0032546708825975657,0.5467976927757263,0.3950907289981842,-0.0005200444138608873,0.54808509349823,0.39605021476745605,-0.004362000618129969,0.5173869132995605,0.3853239417076111,0.0102468803524971,0.5132824182510376,0.377913236618042,0.011019187048077583,0.5593358278274536,0.41558384895324707,-0.02501402050256729,0.6020792722702026,0.4018672704696655,0.0004831675032619387,0.557325541973114,0.4482235610485077,-0.020381394773721695,0.6327964067459106,0.3661636710166931,0.024424543604254723,0.5839228630065918,0.4075242877006531,-0.003945522475987673,0.5903711318969727,0.4092867970466614,-0.003883722936734557,0.5964992642402649,0.4089601933956146,-0.002675022231414914,0.6046725511550903,0.40433889627456665,0.0015187225071713328,0.5784068703651428,0.4040144681930542,-0.002352507319301367,0.5950869917869568,0.3788498044013977,-0.007580209989100695,0.5877610445022583,0.37934410572052,-0.006806183140724897,0.6017919778823853,0.3813619315624237,-0.005817554425448179,0.605920672416687,0.38604748249053955,-0.0035964706912636757,0.6098307371139526,0.40916162729263306,0.004629308823496103,0.5704044699668884,0.5144439339637756,0.0017949664033949375,0.6044641733169556,0.3990999758243561,0.0023620931897312403,0.6309437155723572,0.4053671360015869,0.028699925169348717,0.6176238656044006,0.40183767676353455,0.009778326377272606,0.5855909585952759,0.4390255808830261,-0.007454314734786749,0.5629092454910278,0.46547508239746094,-0.014994834549725056,0.5613378882408142,0.47555220127105713,-0.011948656290769577,0.5707107186317444,0.4693903625011444,-0.012392987497150898,0.5756627321243286,0.4728446304798126,-0.008519243448972702,0.5676295757293701,0.47621244192123413,-0.010394356213510036,0.5725076198577881,0.4769026041030884,-0.006742680445313454,0.579807460308075,0.4863547384738922,0.0006520808674395084,0.5560886859893799,0.4437285363674164,-0.030788902193307877,0.557297945022583,0.4351256787776947,-0.03300302103161812,0.616904616355896,0.3739659786224365,-0.002265368588268757,0.5745513439178467,0.4169746935367584,-0.007823306135833263,0.5711485147476196,0.4421939253807068,-0.018443195149302483,0.5721499919891357,0.4376288056373596,-0.01701512187719345,0.60566246509552,0.4401733875274658,-0.0015540827298536897,0.5583799481391907,0.4244588017463684,-0.03016919642686844,0.6025416254997253,0.361849844455719,-0.010855739936232567,0.6112176775932312,0.36578989028930664,-0.00689157098531723,0.6272677183151245,0.3486368656158447,0.012785759754478931,0.5729151368141174,0.37002313137054443,-0.013395790010690689,0.5811092853546143,0.38329073786735535,-0.004508886020630598,0.585413932800293,0.47883427143096924,0.0008466313011012971,0.616064727306366,0.4838831424713135,0.0495891273021698,0.566527247428894,0.44668516516685486,-0.01567736268043518,0.5615615248680115,0.4488823413848877,-0.014857479371130466,0.5817949175834656,0.477914959192276,0.0008555615786463022,0.5801321864128113,0.478005588054657,-0.000385783554520458,0.6156309843063354,0.35891133546829224,-0.0048578232526779175,0.5715048313140869,0.44555580615997314,-0.01501871831715107,0.5901786088943481,0.3627626299858093,-0.01327600609511137,0.5916138291358948,0.3546200096607208,-0.014968064613640308,0.6015113592147827,0.3230879008769989,-0.008441082201898098,0.6209917068481445,0.35588204860687256,0.002502038609236479,0.5956069231033325,0.3390956223011017,-0.012063711881637573,0.6214489936828613,0.36956581473350525,0.002024613320827484,0.6268670558929443,0.3704490065574646,0.012263335287570953,0.5622901320457458,0.47095057368278503,-0.01413858961313963,0.5692036151885986,0.47304511070251465,-0.011642374098300934,0.5741806626319885,0.4749090075492859,-0.008094334974884987,0.5651377439498901,0.4479597210884094,-0.013755676336586475,0.5809382796287537,0.47797060012817383,0.00026309789973311126,0.5774222612380981,0.48051583766937256,-0.0026338743045926094,0.5792512893676758,0.4780559837818146,-0.00039605775964446366,0.5634055137634277,0.44421377778053284,-0.023519890382885933,0.5711790919303894,0.47824978828430176,-0.0055428147315979,0.5662871599197388,0.4782562255859375,-0.007782277651131153,0.5604601502418518,0.4782303273677826,-0.009265432134270668,0.5581914186477661,0.500170886516571,-0.0038246167823672295,0.5603084564208984,0.4948541820049286,-0.009557985700666904,0.5604878664016724,0.48901814222335815,-0.010470220819115639,0.5604631304740906,0.4831131100654602,-0.009316486306488514,0.5602264404296875,0.4784475266933441,-0.008668662048876286,0.5710594654083252,0.4783027172088623,-0.004987156484276056,0.5721606016159058,0.48045647144317627,-0.0057062976993620396,0.5733444094657898,0.48334595561027527,-0.006605018861591816,0.574162483215332,0.4864981174468994,-0.005581215489655733,0.5784374475479126,0.466420978307724,-0.007246821187436581,0.628358006477356,0.44369757175445557,0.055227648466825485,0.574845016002655,0.4781740605831146,-0.0022528672125190496,0.5761203169822693,0.47927385568618774,-0.0026908721774816513,0.5595950484275818,0.4519381821155548,-0.014898957684636116,0.5696867108345032,0.450011670589447,-0.010065464302897453,0.5604953169822693,0.450483500957489,-0.0149806784465909,0.5810987949371338,0.42260125279426575,-0.006235907319933176,0.5912691354751587,0.42906975746154785,-0.004997996147722006,0.5732488036155701,0.44130679965019226,-0.01359604299068451,0.617430567741394,0.3339111804962158,0.001236353418789804,0.6112311482429504,0.3449990451335907,-0.00552914384752512,0.6054857969284058,0.35376477241516113,-0.010763018392026424,0.5739144682884216,0.4922332763671875,-0.0015172628918662667,0.5754945278167725,0.35745424032211304,-0.016304776072502136,0.5797720551490784,0.33722877502441406,-0.014973345212638378,0.58440762758255,0.3171709179878235,-0.012916394509375095,0.6015753149986267,0.40767204761505127,-0.0005178913124836981,0.616210401058197,0.4153193235397339,0.00754802068695426,0.5748120546340942,0.4010319113731384,-0.0014687366783618927,0.6121193766593933,0.3898187279701233,0.001340880524367094,0.5703839659690857,0.4108468294143677,-0.009639237076044083,0.5673778057098389,0.4390254318714142,-0.02387102134525776,0.6229536533355713,0.42127349972724915,0.013779322616755962,0.6113548278808594,0.42120662331581116,0.0028090307023376226,0.6030513644218445,0.42337295413017273,-0.0018231694120913744,0.5911401510238647,0.421062707901001,-0.003169410862028599,0.5823864340782166,0.41672980785369873,-0.0039146714843809605,0.575787365436554,0.41183194518089294,-0.004855436738580465,0.562461793422699,0.39813172817230225,-0.015278282575309277,0.620442271232605,0.4389733076095581,0.013004777021706104,0.6175949573516846,0.38743188977241516,0.0035342141054570675,0.5542770624160767,0.44790178537368774,-0.027752907946705818,0.5727411508560181,0.4249284267425537,-0.010140188969671726,0.6345915198326111,0.4047850966453552,0.04812350869178772,0.5708608627319336,0.4065227508544922,-0.005488517228513956,0.5743747353553772,0.4417816400527954,-0.007838856428861618,0.6075453162193298,0.3986862301826477,0.0034741407725960016,0.5683697462081909,0.433380663394928,-0.021976251155138016,0.6233020424842834,0.4638598561286926,0.05400640890002251,0.5747805237770081,0.3980870842933655,-0.00045434077037498355,0.5634658336639404,0.4280543923377991,-0.027213415130972862,0.5988522171974182,0.5004211664199829,0.019988996908068657,0.5977187752723694,0.5095880031585693,0.03162100538611412,0.6265135407447815,0.44208329916000366,0.03357371687889099,0.6084145903587341,0.49106281995773315,0.02605154551565647,0.6293507814407349,0.3869256377220154,0.021980036050081253,0.5704309940338135,0.5218781232833862,0.005498016718775034,0.5539910197257996,0.4496755599975586,-0.01982169784605503,0.5781460404396057,0.4315727949142456,-0.008240493945777416,0.6230926513671875,0.403776615858078,0.01502468716353178,0.595946192741394,0.4050467908382416,-0.00259000132791698,0.5905593037605286,0.40523502230644226,-0.0035908061545342207,0.5785428881645203,0.48195749521255493,-0.001795010408386588,0.617796003818512,0.45595115423202515,0.015802204608917236,0.559694766998291,0.5299376845359802,0.008828201331198215,0.5777892470359802,0.5231882333755493,0.018147148191928864,0.5866413712501526,0.5179818868637085,0.02397911250591278,0.585107147693634,0.4036003351211548,-0.003283674130216241,0.579878032207489,0.4009414613246918,-0.002009992254897952,0.5764815211296082,0.3993244171142578,-0.0005525466986000538,0.6226688623428345,0.3852040767669678,0.00887197908014059,0.5817317962646484,0.3924575448036194,-0.0037040584720671177,0.5875992774963379,0.39076945185661316,-0.005068676080554724,0.5929603576660156,0.39120179414749146,-0.0052896058186888695,0.5980159640312195,0.393150269985199,-0.0041300030425190926,0.601139485836029,0.3955552279949188,-0.002388374414294958,0.6349824666976929,0.38388535380363464,0.037447694689035416,0.599547266960144,0.40367403626441956,-0.000974883558228612,0.5719708204269409,0.46177083253860474,-0.010006635449826717,0.5664632320404053,0.4455370306968689,-0.01773005910217762,0.5602154731750488,0.45889365673065186,-0.014300309121608734,0.58870530128479,0.5092496871948242,0.015772156417369843,0.5796552300453186,0.5156140327453613,0.011027917265892029,0.5598757266998291,0.5256245732307434,0.0011069509200751781,0.6072030663490295,0.4990661144256592,0.041213300079107285,0.5770090818405151,0.3957236409187317,-0.001764014596119523,0.5650792717933655,0.41239404678344727,-0.017122145742177963,0.5689716935157776,0.5274478197097778,0.012156816199421883,0.6222876906394958,0.4605052173137665,0.03384174779057503,0.5661001801490784,0.47839105129241943,-0.007178448140621185,0.5669434070587158,0.4819820821285248,-0.007964909076690674,0.5676004886627197,0.48647674918174744,-0.009052474051713943,0.5678621530532837,0.4916220009326935,-0.008145030587911606,0.5667518377304077,0.4971274137496948,-0.0035292692482471466,0.5765110850334167,0.4773782193660736,-0.003364222589880228,0.5780186057090759,0.476504385471344,-0.0035964848939329386,0.5793331265449524,0.47551485896110535,-0.0038674608804285526,0.5834489464759827,0.4720439612865448,-0.003530195914208889,0.609247088432312,0.45913127064704895,0.004917824175208807,0.5663766264915466,0.4038817286491394,-0.012101531028747559,0.5714982151985168,0.3886096179485321,-0.004018591716885567,0.5748730301856995,0.3911399245262146,-0.0023743784986436367,0.5749573111534119,0.47816500067710876,-0.0026578991673886776,0.6075537800788879,0.47889992594718933,0.014568282291293144,0.5657378435134888,0.3866646885871887,-0.010579255409538746,0.5689058303833008,0.5058438181877136,-0.0005484098801389337,0.5608543157577515,0.40745437145233154,-0.020699292421340942,0.5680972933769226,0.4261426627635956,-0.017055818811058998,0.5590553283691406,0.5091686248779297,-0.0027087111957371235,0.5840906500816345,0.4918222427368164,0.0036258678883314133,0.5795279741287231,0.4489124119281769,-0.006470595486462116,0.576897919178009,0.49997133016586304,0.0018394861835986376,0.5954601168632507,0.4499557316303253,-0.0054875705391168594,0.5856172442436218,0.4577622413635254,-0.005453573539853096,0.5999884009361267,0.46375980973243713,-0.0009455055696889758,0.5598251819610596,0.5186575651168823,-0.0021957422140985727,0.5715975165367126,0.43117019534111023,-0.013146969489753246,0.5880705118179321,0.49958503246307373,0.00889959279447794,0.5790891051292419,0.5073318481445312,0.006207659374922514,0.5904918313026428,0.4822525680065155,0.0028800079599022865,0.614612340927124,0.46993502974510193,0.018781855702400208,0.5980178713798523,0.4859086871147156,0.008031941950321198,0.6168323755264282,0.4769461452960968,0.032510388642549515,0.5904510021209717,0.4679717719554901,-0.0027344864793121815,0.5687947273254395,0.4185887277126312,-0.013318859972059727,0.5652256011962891,0.44287073612213135,-0.024847565218806267,0.5690573453903198,0.44494348764419556,-0.01866011694073677,0.5625622868537903,0.43683114647865295,-0.02859393320977688,0.5774552822113037,0.37930354475975037,-0.006658477243036032,0.5885342955589294,0.37314173579216003,-0.008327266201376915,0.5978199243545532,0.3726521134376526,-0.008435876108705997,0.6052283644676208,0.3755912482738495,-0.006462269462645054,0.610222339630127,0.38111910223960876,-0.0031493220012634993,0.6119164228439331,0.3999767601490021,0.005821964703500271,0.6295293569564819,0.4238596260547638,0.03129136562347412,0.6059876084327698,0.4129716157913208,0.0018434039084240794,0.5994036197662354,0.4148043692111969,-0.0008595274412073195,0.591030478477478,0.41437992453575134,-0.002488737227395177,0.5830802321434021,0.411549836397171,-0.0033797547221183777,0.5768209099769592,0.4075295925140381,-0.0026065721176564693,0.5726495981216431,0.40382468700408936,-0.0028859213925898075,0.6319382190704346,0.42414435744285583,0.053483519703149796,0.5690174698829651,0.4468112587928772,-0.01565517857670784,0.563944935798645,0.4200039505958557,-0.021430810913443565,0.5605273246765137,0.44306501746177673,-0.028643924742937088,0.5575764179229736,0.4469856321811676,-0.0256694033741951,0.5608435273170471,0.4445766806602478,-0.025837700814008713,0.5675780177116394,0.44895994663238525,-0.013225505128502846,0.5562372207641602,0.4475996792316437,-0.027041291818022728,0.5558565258979797,0.44933149218559265,-0.020083175972104073,0.5727024674415588,0.3976365625858307,-0.0008019429515115917,0.5696365237236023,0.39832818508148193,-0.0035790700931102037,0.567450225353241,0.3990938365459442,-0.0069228271022439,0.6029833555221558,0.397382527589798,-0.00031604451942257583,0.6082614660263062,0.39143240451812744,-0.00022218596132006496,0.5298807621002197,0.38977187871932983,0.005988726858049631,0.5360989570617676,0.39071768522262573,0.005988726858049631,0.5305758714675903,0.38210180401802063,0.005988726858049631,0.523606538772583,0.38882341980934143,0.005988726858049631,0.5291697382926941,0.3973224461078644,0.005988726858049631,0.5901955962181091,0.39722707867622375,-0.002079484984278679,0.596437931060791,0.3980066776275635,-0.002079484984278679,0.590626060962677,0.389659583568573,-0.002079484984278679,0.584027111530304,0.3964463174343109,-0.002079484984278679,0.5897710919380188,0.4047410786151886,-0.002079484984278679
2466.6666666666665,0.5576464533805847,0.4642947018146515,-0.015242336317896843,0.554302453994751,0.4414840638637543,-0.031241850927472115,0.5549816489219666,0.4497584402561188,-0.016191087663173676,0.5523875951766968,0.41299545764923096,-0.023735808208584785,0.5548344254493713,0.43261733651161194,-0.03349311277270317,0.5560646653175354,0.4213137924671173,-0.03145899251103401,0.5594750046730042,0.3941073417663574,-0.01655248925089836,0.5201221704483032,0.3891196548938751,0.010612480342388153,0.5618203282356262,0.36818069219589233,-0.013005437329411507,0.562743604183197,0.3551366329193115,-0.014674022793769836,0.5665690898895264,0.3136771619319916,-0.011139271780848503,0.557285726070404,0.4685758650302887,-0.014407636597752571,0.5568758249282837,0.4730207026004791,-0.012494901195168495,0.5566002130508423,0.4758690595626831,-0.009747739881277084,0.5563768744468689,0.47752049565315247,-0.008650262840092182,0.5560247898101807,0.482685387134552,-0.009324679151177406,0.5555419921875,0.48875829577445984,-0.010391227900981903,0.5550123453140259,0.49479636549949646,-0.009365447796881199,0.5530380010604858,0.4982092082500458,-0.0036986637860536575,0.5544206500053406,0.4460134506225586,-0.028155449777841568,0.5499675273895264,0.4451373219490051,-0.019785573706030846,0.5025572776794434,0.3506925404071808,0.039934802800416946,0.5353893041610718,0.400100439786911,0.00259509333409369,0.5292761325836182,0.400182843208313,0.003915286157280207,0.5238999724388123,0.39805692434310913,0.006358920596539974,0.517757773399353,0.3908034563064575,0.01224034558981657,0.5409143567085266,0.3978414237499237,0.002876382553949952,0.5295054316520691,0.3667677044868469,0.0009064757032319903,0.5362722873687744,0.36936795711517334,6.203633347467985e-06,0.5229772925376892,0.36758917570114136,0.003900008276104927,0.5185800790786743,0.3714366555213928,0.0068548996932804585,0.512820839881897,0.3943408131599426,0.01603756658732891,0.532834529876709,0.5067071318626404,0.005916296038776636,0.5187153816223145,0.3855434060096741,0.013011828996241093,0.498146116733551,0.38839420676231384,0.04427824541926384,0.5074788331985474,0.38488712906837463,0.022659089416265488,0.527545154094696,0.43021759390830994,-0.0012144576758146286,0.5499278903007507,0.461229532957077,-0.013677986338734627,0.5497427582740784,0.47165390849113464,-0.010806540958583355,0.5417183041572571,0.4633939862251282,-0.00915183313190937,0.5362226963043213,0.46578851342201233,-0.003761236323043704,0.543518602848053,0.4708392024040222,-0.007547497283667326,0.538650631904602,0.4705457389354706,-0.0027254323940724134,0.5291222929954529,0.4776528775691986,0.006931989453732967,0.5497819781303406,0.44075527787208557,-0.030348334461450577,0.5495777726173401,0.4321148991584778,-0.03230167180299759,0.5108218193054199,0.3561321496963501,0.010250937193632126,0.5414243936538696,0.4117041826248169,-0.0035466935951262712,0.5385821461677551,0.4364345371723175,-0.014885498210787773,0.5387210249900818,0.4319113790988922,-0.013257595710456371,0.5095871686935425,0.4265957474708557,0.008908323012292385,0.550976037979126,0.42167413234710693,-0.029056211933493614,0.5239260792732239,0.3472789525985718,-0.0019311902578920126,0.516186535358429,0.34920984506607056,0.004169262479990721,0.508145809173584,0.334672749042511,0.02695307321846485,0.5489516854286194,0.3621480464935303,-0.01013187412172556,0.5418176651000977,0.3753173351287842,0.0010618973756209016,0.5249909162521362,0.4689117670059204,0.008316915482282639,0.5038496255874634,0.46771275997161865,0.06268593668937683,0.5425571799278259,0.441840261220932,-0.013145679607987404,0.5468671917915344,0.4450417459011078,-0.01380591094493866,0.5294475555419922,0.4696468114852905,0.007438511587679386,0.5310100317001343,0.4701145589351654,0.005478148814290762,0.513556718826294,0.34140926599502563,0.006962188053876162,0.5384750962257385,0.4397241175174713,-0.011565625667572021,0.5344769358634949,0.3508996367454529,-0.006950769107788801,0.5340626835823059,0.34250766038894653,-0.008439281955361366,0.5315866470336914,0.3149513304233551,0.00017322365602012724,0.5105063319206238,0.3420465588569641,0.015494191087782383,0.5330605506896973,0.33088749647140503,-0.004476126749068499,0.5079078078269958,0.3508315086364746,0.015416954644024372,0.5047612190246582,0.3551270365715027,0.026773370802402496,0.5496340990066528,0.46683353185653687,-0.01283988356590271,0.5425804853439331,0.46733659505844116,-0.008540825918316841,0.5373669862747192,0.468206524848938,-0.0037061222828924656,0.5438141822814941,0.4434049129486084,-0.01179628074169159,0.530244767665863,0.4698895215988159,0.006411484442651272,0.5330894589424133,0.47359931468963623,0.0026557862292975187,0.5318601727485657,0.47039568424224854,0.0053100669756531715,0.5445906519889832,0.43990910053253174,-0.021244103088974953,0.5396581888198853,0.4721778333187103,-0.0018269012216478586,0.5444015264511108,0.4731598496437073,-0.005239440128207207,0.5501091480255127,0.4744884669780731,-0.00817267969250679,0.5453217029571533,0.49666285514831543,-0.0025501649361103773,0.5469722151756287,0.49264878034591675,-0.007979185320436954,0.5478127002716064,0.48665690422058105,-0.008770733140408993,0.5488844513893127,0.48067232966423035,-0.0076238117180764675,0.5499537587165833,0.4761085510253906,-0.006985326297581196,0.5395625233650208,0.4731130599975586,-0.0008696566801518202,0.5381394028663635,0.4749795198440552,-0.0016516632167622447,0.536454439163208,0.4776271879673004,-0.002439175732433796,0.5350627899169922,0.48067983984947205,-0.0011722815688699484,0.530915379524231,0.45829689502716064,-0.001845586928538978,0.4989738166332245,0.4263870120048523,0.07016907632350922,0.5546849966049194,0.44792625308036804,-0.020440366119146347,0.5360472202301025,0.4718998074531555,0.002861830173060298,0.5345826745033264,0.4726419448852539,0.002427956322208047,0.5482747554779053,0.44837048649787903,-0.013911507092416286,0.5401484966278076,0.44446003437042236,-0.007421763148158789,0.5476412177085876,0.44676050543785095,-0.01399929542094469,0.534559428691864,0.4155975580215454,-0.0006211314466781914,0.5240267515182495,0.4193013608455658,0.0025776138063520193,0.5377691984176636,0.43526700139045715,-0.009751636534929276,0.5172503590583801,0.32232576608657837,0.013051356188952923,0.519389271736145,0.3333609700202942,0.005132794380187988,0.5223293900489807,0.33875277638435364,-0.001247887033969164,0.5329417586326599,0.48473596572875977,0.003535299329087138,0.548053503036499,0.34893107414245605,-0.01271752454340458,0.547558605670929,0.3324231505393982,-0.010617404244840145,0.5474714636802673,0.31254372000694275,-0.008077935315668583,0.5197799801826477,0.39507389068603516,0.009576920419931412,0.5065348744392395,0.3989901840686798,0.020129596814513206,0.5446752905845642,0.395431250333786,0.003233154769986868,0.5130525231361389,0.37378913164138794,0.013205046765506268,0.5459348559379578,0.40664952993392944,-0.006164684891700745,0.5414372682571411,0.43399542570114136,-0.021050147712230682,0.4998567998409271,0.4049006402492523,0.02788136713206768,0.509408712387085,0.4061242341995239,0.014540426433086395,0.5159602761268616,0.41057705879211426,0.008210237137973309,0.5267885327339172,0.4114241898059845,0.004568419419229031,0.5352952480316162,0.4094092845916748,0.0020289868116378784,0.5418970584869385,0.40609297156333923,-0.00033573267864994705,0.5539917349815369,0.3957490026950836,-0.013607381843030453,0.4989018738269806,0.42233380675315857,0.026869654655456543,0.5089531540870667,0.3699186146259308,0.01652418076992035,0.5517155528068542,0.44538572430610657,-0.0275095347315073,0.5413212776184082,0.41969624161720276,-0.006195350084453821,0.4983963072299957,0.38787081837654114,0.06404061615467072,0.5469026565551758,0.401817262172699,-0.0019078932236880064,0.5374152064323425,0.4356079399585724,-0.004000114742666483,0.5159987211227417,0.38414883613586426,0.014617257751524448,0.541958749294281,0.4284606873989105,-0.019029470160603523,0.5005799531936646,0.44676411151885986,0.068119578063488,0.5454311370849609,0.39216238260269165,0.004448698367923498,0.546322226524353,0.424166738986969,-0.025099022313952446,0.5123317837715149,0.48651644587516785,0.030034510418772697,0.5142378211021423,0.49590006470680237,0.04133368283510208,0.4965067505836487,0.42451637983322144,0.048770345747470856,0.5056638717651367,0.47570323944091797,0.03792768344283104,0.5012670159339905,0.370860755443573,0.037210457026958466,0.5323494672775269,0.513749361038208,0.009838481433689594,0.5525974631309509,0.44735661149024963,-0.01986326277256012,0.5355972647666931,0.424872487783432,-0.003389293560758233,0.5029798746109009,0.38563472032546997,0.029154496267437935,0.5247331261634827,0.39433300495147705,0.0062560588121414185,0.529545247554779,0.39612284302711487,0.0042871437035501,0.5317811369895935,0.4748188257217407,0.00383129739202559,0.4993581771850586,0.4393008053302765,0.02909819968044758,0.541718602180481,0.5247197151184082,0.010760127566754818,0.5279480814933777,0.5133612751960754,0.024304306134581566,0.5218868255615234,0.5062443017959595,0.031835198402404785,0.5645101070404053,0.33481597900390625,-0.01361801102757454,0.5519843697547913,0.5276155471801758,0.0077790264040231705,0.5347999930381775,0.3959665894508362,0.003470486728474498,0.5400001406669617,0.3944971263408661,0.003810577094554901,0.5435217022895813,0.39333033561706543,0.00471334345638752,0.5054302215576172,0.3668557107448578,0.02284211851656437,0.5404069423675537,0.38442346453666687,0.0024156353902071714,0.5352635979652405,0.3810403347015381,0.002024212386459112,0.5301907658576965,0.38002943992614746,0.0029196629766374826,0.525239109992981,0.38084790110588074,0.0051656607538461685,0.522024393081665,0.38258376717567444,0.00747313117608428,0.4995262622833252,0.36754825711250305,0.053410328924655914,0.5218374729156494,0.3917287588119507,0.008668164722621441,0.5548537969589233,0.4558073878288269,-0.014439975842833519,0.5368306040763855,0.4552922248840332,-0.006148783024400473,0.5423915982246399,0.4406740069389343,-0.015343592502176762,0.547173261642456,0.4549924433231354,-0.012967494316399097,0.5608333349227905,0.38162174820899963,-0.012807082384824753,0.519702136516571,0.49710485339164734,0.023841461166739464,0.5260610580444336,0.5052915811538696,0.01722274161875248,0.5407485961914062,0.5203486084938049,0.0031280058901757,0.5085183382034302,0.48415565490722656,0.05285192281007767,0.5439432263374329,0.38904982805252075,0.003674483625218272,0.5490086674690247,0.4089645743370056,-0.014811650849878788,0.5516197681427002,0.5229920148849487,0.00044308052747510374,0.5341452956199646,0.5197234153747559,0.01646963506937027,0.4978918135166168,0.4432426989078522,0.04821302369236946,0.544291615486145,0.4745451509952545,-0.00411722669377923,0.5428194999694824,0.47790682315826416,-0.004863452631980181,0.5413987636566162,0.4823196232318878,-0.005790739320218563,0.540249228477478,0.48753228783607483,-0.004793647676706314,0.5381548404693604,0.49140655994415283,4.8622972826706246e-05,0.5346679091453552,0.4702661633491516,0.001830647001042962,0.5333309769630432,0.46903330087661743,0.002073293551802635,0.5322512984275818,0.4677541255950928,0.0021129867527633905,0.5265519022941589,0.46266400814056396,0.0033686314709484577,0.5048632025718689,0.4441082775592804,0.01619551330804825,0.5501255393028259,0.40061038732528687,-0.009508351795375347,0.5491454005241394,0.3829174041748047,-0.000606552348472178,0.5462368726730347,0.3848687708377838,0.0022944847587496042,0.5360240340232849,0.4713923931121826,0.002230759710073471,0.5058901309967041,0.4638766944408417,0.025848718360066414,0.553778886795044,0.3817934989929199,-0.008424432016909122,0.5351908206939697,0.49899351596832275,0.0031966909300535917,0.5572287440299988,0.41224634647369385,-0.026342695578932762,0.5530800223350525,0.4049749970436096,-0.019372791051864624,0.5582923889160156,0.4037615954875946,-0.021328117698431015,0.5441681742668152,0.42160144448280334,-0.014216488227248192,0.5518189668655396,0.5160146951675415,-0.002879949053749442,0.5524094104766846,0.5067903399467468,-0.0033069669734686613,0.5431811213493347,0.5049420595169067,-0.0012127028312534094,0.5245405435562134,0.48159468173980713,0.010712564922869205,0.5320476293563843,0.44131001830101013,-0.0014261120231822133,0.5295310020446777,0.4912390410900116,0.007297523785382509,0.5170444846153259,0.43832796812057495,0.0025722964201122522,0.5254930257797241,0.4482707679271698,0.000991807784885168,0.5121263861656189,0.45058274269104004,0.008337956853210926,0.5411907434463501,0.5136893391609192,-0.00017255019338335842,0.5409824848175049,0.4259483814239502,-0.009611242450773716,0.5205113291740417,0.48797905445098877,0.01675224117934704,0.5269145965576172,0.49760350584983826,0.012068672105669975,0.5197617411613464,0.4707949757575989,0.01140331756323576,0.5012218356132507,0.4536954164505005,0.031364478170871735,0.5129975080490112,0.47255316376686096,0.017634984105825424,0.500665545463562,0.46041929721832275,0.046062882989645004,0.5206300020217896,0.4569372534751892,0.005115623120218515,0.5453527569770813,0.41429489850997925,-0.010144862346351147,0.5428553819656372,0.4381510317325592,-0.02235528826713562,0.5400422215461731,0.4395097494125366,-0.015734359622001648,0.5452268123626709,0.43271055817604065,-0.026589512825012207,0.5448485612869263,0.3713594377040863,-0.002044017892330885,0.5355361700057983,0.3622877895832062,-0.0017442379612475634,0.5271056890487671,0.3595535159111023,2.3087604859028943e-05,0.520173192024231,0.3608957529067993,0.003664785297587514,0.5153427720069885,0.3652868866920471,0.008094931952655315,0.5122566223144531,0.38439351320266724,0.017669251188635826,0.4965144991874695,0.40637317299842834,0.04704086482524872,0.515271782875061,0.39913132786750793,0.012594957835972309,0.5205270051956177,0.4030061364173889,0.008527164347469807,0.5279737710952759,0.4049929082393646,0.005275924224406481,0.5355608463287354,0.4042518734931946,0.002754301531240344,0.5417805910110474,0.4016892910003662,0.0021034330129623413,0.5460377931594849,0.39885178208351135,0.0009910153457894921,0.4986207187175751,0.40703997015953064,0.06916679441928864,0.5403261780738831,0.4414418041706085,-0.01279771514236927,0.5480075478553772,0.41640472412109375,-0.019189322367310524,0.5463134050369263,0.4391748011112213,-0.027226649224758148,0.5493798851966858,0.44369953870773315,-0.02506210468709469,0.5465493202209473,0.4406207203865051,-0.02437363564968109,0.5417245626449585,0.44389116764068604,-0.010895227082073689,0.5501477122306824,0.44462352991104126,-0.026645438745617867,0.5510344505310059,0.44658100605010986,-0.019799256697297096,0.5472415089607239,0.39220181107521057,0.003293557558208704,0.5494692921638489,0.39375460147857666,-0.00043967837700620294,0.5508178472518921,0.3948872685432434,-0.004259313456714153,0.5201679468154907,0.38404324650764465,0.00995709653943777,0.5159882307052612,0.3764309287071228,0.010730700567364693,0.562122106552124,0.4140825569629669,-0.024998441338539124,0.6046114563941956,0.40155553817749023,0.0014429491711780429,0.5601975917816162,0.4463937282562256,-0.020761355757713318,0.6344630122184753,0.36546170711517334,0.02639579400420189,0.5869544744491577,0.40697821974754333,-0.003316848073154688,0.5933139324188232,0.4086603820323944,-0.0031671826727688313,0.5993836522102356,0.40819796919822693,-0.0018589936662465334,0.6072489023208618,0.40404558181762695,0.0025140726938843727,0.5815519690513611,0.4033970534801483,-0.0017747730016708374,0.5975571274757385,0.3783125579357147,-0.006662601139396429,0.5903837084770203,0.3787066340446472,-0.005979794077575207,0.60421222448349,0.38086193799972534,-0.004795779008418322,0.608324408531189,0.3855840265750885,-0.002525793854147196,0.6124268174171448,0.40837833285331726,0.005669638514518738,0.5734707713127136,0.5123266577720642,0.0015496060950681567,0.6068325042724609,0.399027019739151,0.0034179920330643654,0.6328523755073547,0.40422874689102173,0.03024359792470932,0.6198737621307373,0.40122827887535095,0.011047535575926304,0.5883840322494507,0.43731456995010376,-0.007311881985515356,0.5655946135520935,0.4632670283317566,-0.01541923452168703,0.5640519857406616,0.47349584102630615,-0.012460843659937382,0.5730525255203247,0.4674419164657593,-0.012654599733650684,0.5777379870414734,0.4711323380470276,-0.00851599033921957,0.5700656771659851,0.47431525588035583,-0.010717658326029778,0.5746710896492004,0.4752405881881714,-0.006838642992079258,0.582912802696228,0.4839865565299988,0.000944368599448353,0.5591291189193726,0.44183605909347534,-0.031140482053160667,0.5603135824203491,0.43328016996383667,-0.033272020518779755,0.6191298961639404,0.37346234917640686,-0.0008007260039448738,0.5770514607429504,0.4157179892063141,-0.007509761024266481,0.5740036964416504,0.44038504362106323,-0.01859886385500431,0.5749555826187134,0.43590253591537476,-0.017117315903306007,0.6085265874862671,0.4383237361907959,-0.0009954404085874557,0.5612859725952148,0.4227774441242218,-0.030302587896585464,0.6046827435493469,0.3611282706260681,-0.009535625576972961,0.6134085059165955,0.3651822805404663,-0.005426086485385895,0.6290918588638306,0.34789204597473145,0.014770504087209702,0.5753551125526428,0.3686937987804413,-0.01261049509048462,0.5839079022407532,0.38252437114715576,-0.0037989250849932432,0.5885037183761597,0.47620275616645813,0.0011855104239657521,0.6180161237716675,0.4821396470069885,0.050265416502952576,0.5693716406822205,0.44487544894218445,-0.01592370867729187,0.5644137263298035,0.4470832645893097,-0.01519738882780075,0.5833833813667297,0.47663259506225586,0.0012062968453392386,0.5818150639533997,0.47671014070510864,-7.054689922370017e-05,0.6176139712333679,0.3583351969718933,-0.0032844129018485546,0.5743681788444519,0.44372645020484924,-0.01520715095102787,0.5923753976821899,0.3617609143257141,-0.012204153463244438,0.5937017202377319,0.3534005880355835,-0.013823813758790493,0.6035827398300171,0.32230404019355774,-0.006825508549809456,0.6231043934822083,0.35469526052474976,0.004286447074264288,0.5979233980178833,0.33787769079208374,-0.010647679679095745,0.6234543919563293,0.36908113956451416,0.0036053285002708435,0.6288318634033203,0.36935123801231384,0.01404137909412384,0.5649834275245667,0.46882468461990356,-0.01459641382098198,0.571593165397644,0.47112494707107544,-0.011919951997697353,0.5762984156608582,0.473224401473999,-0.008142554201185703,0.5679931640625,0.44615063071250916,-0.014018992893397808,0.5825782418251038,0.4766783118247986,0.0005970362690277398,0.5792479515075684,0.4794681966304779,-0.0023172982037067413,0.5809666514396667,0.4767654538154602,-7.606186409248039e-05,0.5662965774536133,0.44239652156829834,-0.023754756897687912,0.5733397603034973,0.476596474647522,-0.005717219784855843,0.5687510371208191,0.4763573110103607,-0.008192428387701511,0.5631737112998962,0.4761962592601776,-0.009865092113614082,0.5613130927085876,0.49877098202705383,-0.004139611031860113,0.563227653503418,0.49458932876586914,-0.009757696650922298,0.5633524656295776,0.48851603269577026,-0.010643301531672478,0.5632483959197998,0.48243188858032227,-0.009465174749493599,0.5629107356071472,0.47772735357284546,-0.008741496130824089,0.5731819272041321,0.4773682951927185,-0.004774284549057484,0.5743077993392944,0.4795094430446625,-0.005540739744901657,0.5755200386047363,0.4824449419975281,-0.006449049338698387,0.576345682144165,0.485689252614975,-0.005407209042459726,0.5815411806106567,0.4641471803188324,-0.00714561901986599,0.6300286054611206,0.44238150119781494,0.05648712441325188,0.5766811370849609,0.47711825370788574,-0.0019217595690861344,0.5779805779457092,0.47819897532463074,-0.0023861939553171396,0.5624889731407166,0.45010632276535034,-0.015285023488104343,0.5725775361061096,0.4481445848941803,-0.010316782630980015,0.5633680820465088,0.448665976524353,-0.015343332663178444,0.5836886167526245,0.4212319850921631,-0.005899103358387947,0.5939923524856567,0.4274744391441345,-0.004562581889331341,0.5760668516159058,0.4395577609539032,-0.013717716559767723,0.6194100975990295,0.3331330120563507,0.0030996084678918123,0.6134878396987915,0.34374722838401794,-0.0038904359098523855,0.6074643731117249,0.3528962731361389,-0.009368985891342163,0.5770822167396545,0.4902009963989258,-0.0013581367675215006,0.5777658224105835,0.35584402084350586,-0.015366464853286743,0.5821011066436768,0.33613526821136475,-0.01378620509058237,0.586521327495575,0.31644272804260254,-0.011598410084843636,0.6043180227279663,0.40710049867630005,0.000397701864130795,0.6185914278030396,0.4141254723072052,0.008622451685369015,0.578012228012085,0.4003092646598816,-0.0009175615268759429,0.6145281195640564,0.38940057158470154,0.0026065835263580084,0.57286137342453,0.4096418023109436,-0.00931540783494711,0.5702689290046692,0.4372166693210602,-0.024038834497332573,0.6252500414848328,0.4197941720485687,0.014943168498575687,0.6141129732131958,0.419750452041626,0.003709332784637809,0.6060951948165894,0.4216880798339844,-0.0010984719265252352,0.5942695140838623,0.4197300374507904,-0.002582562156021595,0.5854817628860474,0.4156683087348938,-0.0034316510427743196,0.5788192749023438,0.4107447862625122,-0.004426151048392057,0.5650258660316467,0.3969248831272125,-0.014936557039618492,0.6230076551437378,0.4372505843639374,0.01394756231456995,0.6198432445526123,0.38695719838142395,0.004924639593809843,0.5572670698165894,0.44604605436325073,-0.028152519837021828,0.5753535628318787,0.4234980046749115,-0.010025364346802235,0.6361421942710876,0.40384581685066223,0.04982578381896019,0.5738828182220459,0.40530791878700256,-0.005068696103990078,0.5771635174751282,0.4400671422481537,-0.0079497080296278,0.6099815964698792,0.398621529340744,0.004594743717461824,0.5711926221847534,0.431673139333725,-0.02208099700510502,0.6251195073127747,0.46233484148979187,0.05499470233917236,0.5779516696929932,0.39738136529922485,0.0001480856881244108,0.5663244724273682,0.42636197805404663,-0.027317669242620468,0.6013336777687073,0.49807628989219666,0.020236430689692497,0.5999878644943237,0.5073142647743225,0.03184651955962181,0.6286722421646118,0.4405512809753418,0.03467179089784622,0.6108270287513733,0.48896440863609314,0.026423441246151924,0.6312629580497742,0.385885089635849,0.023673318326473236,0.5734080672264099,0.519610583782196,0.005142242182046175,0.5569126605987549,0.4478537440299988,-0.02026188373565674,0.5808253288269043,0.4300214946269989,-0.008143720217049122,0.625048041343689,0.4030615985393524,0.016387339681386948,0.5988045334815979,0.4044460654258728,-0.0017644362524151802,0.593521237373352,0.40462157130241394,-0.002840246306732297,0.5803297758102417,0.4809514880180359,-0.001470691291615367,0.6204752922058105,0.45409685373306274,0.01650158129632473,0.5627734065055847,0.5277997255325317,0.008229964412748814,0.5804740786552429,0.5207920074462891,0.018022878095507622,0.5891095399856567,0.5155612230300903,0.024043846875429153,0.5881612300872803,0.40304550528526306,-0.002589936600998044,0.5830652713775635,0.40038999915122986,-0.0013596867211163044,0.5797015428543091,0.3986961245536804,7.656051457161084e-05,0.624641478061676,0.38474661111831665,0.010375557467341423,0.5845023989677429,0.39152318239212036,-0.002999043557792902,0.5901320576667786,0.3898608684539795,-0.0042770979925990105,0.5954017639160156,0.3903762996196747,-0.004425778519362211,0.600450873374939,0.39250752329826355,-0.003186742076650262,0.6035707592964172,0.3951241374015808,-0.0014086035080254078,0.6365740299224854,0.38313397765159607,0.03931991383433342,0.6022546887397766,0.403195858001709,-7.221441774163395e-05,0.5750371217727661,0.4596479833126068,-0.010128386318683624,0.5693165063858032,0.44372808933258057,-0.017956815659999847,0.5631735920906067,0.4568934142589569,-0.014657462015748024,0.5912811160087585,0.5068014860153198,0.01586609147489071,0.5823971033096313,0.5131844878196716,0.010895295068621635,0.5630092620849609,0.5235582590103149,0.0005232396651990712,0.6092952489852905,0.4970746636390686,0.04162290692329407,0.5800538063049316,0.3948535919189453,-0.00110413518268615,0.5677152872085571,0.4110338091850281,-0.016942735761404037,0.5718870162963867,0.5251524448394775,0.011807657778263092,0.6245641708374023,0.4588310420513153,0.034660592675209045,0.5685287714004517,0.4775608777999878,-0.007111437153071165,0.5694485306739807,0.48117387294769287,-0.007941894233226776,0.5701702237129211,0.4857741594314575,-0.00903807021677494,0.570503294467926,0.49107298254966736,-0.008126510307192802,0.5699499249458313,0.49543657898902893,-0.0035606790333986282,0.5784192085266113,0.47594502568244934,-0.00321028265170753,0.5798742771148682,0.4750571846961975,-0.003384486073628068,0.5811233520507812,0.4740546941757202,-0.0036258704494684935,0.5865791440010071,0.4695477783679962,-0.003228579880669713,0.612156331539154,0.4571412205696106,0.005394589621573687,0.568880558013916,0.4026806354522705,-0.011761470697820187,0.5743650794029236,0.38753998279571533,-0.003465463640168309,0.5778626203536987,0.39026421308517456,-0.0017345097148790956,0.5769057273864746,0.4767289161682129,-0.0025687043089419603,0.6102625131607056,0.4767709970474243,0.014967669732868671,0.5685158967971802,0.3852626085281372,-0.010105350986123085,0.572029173374176,0.5038958191871643,-0.0007043468649499118,0.563528299331665,0.4061141014099121,-0.020512813702225685,0.5708085894584656,0.4245973229408264,-0.017044365406036377,0.5622063875198364,0.5075128078460693,-0.003105982206761837,0.5869818925857544,0.48937562108039856,0.003889689454808831,0.582338273525238,0.4470689594745636,-0.006477432791143656,0.5799025893211365,0.49773910641670227,0.0019108796259388328,0.5983920693397522,0.44802573323249817,-0.005256142467260361,0.588526725769043,0.4557163715362549,-0.005303125828504562,0.6029113531112671,0.46159982681274414,-0.0006557240849360824,0.5629937052726746,0.5167701244354248,-0.0026532469782978296,0.5742980241775513,0.4295991063117981,-0.013156089000403881,0.590803861618042,0.4971296787261963,0.00910326186567545,0.5819656848907471,0.5049886107444763,0.006164905149489641,0.5933758020401001,0.4797026216983795,0.003214593045413494,0.6172692775726318,0.4679752290248871,0.01931651122868061,0.6007734537124634,0.48352593183517456,0.0083699906244874,0.61915123462677,0.4751109778881073,0.03309714049100876,0.593421459197998,0.46558845043182373,-0.0024562475737184286,0.5713929533958435,0.41720888018608093,-0.013163820840418339,0.5681331753730774,0.4410363733768463,-0.02505369670689106,0.5719221234321594,0.4431113600730896,-0.018876532092690468,0.5655139684677124,0.4350002110004425,-0.028772708028554916,0.5800929665565491,0.37834328413009644,-0.0059318458661437035,0.5909844636917114,0.3723653256893158,-0.007360395975410938,0.6001802086830139,0.37196555733680725,-0.007315431721508503,0.607585608959198,0.37490415573120117,-0.0052310870960354805,0.6126244068145752,0.3805815279483795,-0.0018488767091184855,0.6143379807472229,0.39962437748908997,0.007019298616796732,0.6315405964851379,0.42252081632614136,0.03263958916068077,0.6087646484375,0.41205692291259766,0.002762915100902319,0.6023465394973755,0.41363227367401123,-4.6760520490352064e-05,0.5940492153167725,0.4134522080421448,-0.0018018734408542514,0.5861433744430542,0.4107949733734131,-0.002834400860592723,0.5798896551132202,0.40674546360969543,-0.002103446051478386,0.575708270072937,0.4029045104980469,-0.002435184083878994,0.6335213780403137,0.4230293333530426,0.05499119684100151,0.5718810558319092,0.44497060775756836,-0.015883857384324074,0.5666964650154114,0.4184810221195221,-0.021402018144726753,0.5635031461715698,0.4411925673484802,-0.02891671657562256,0.5604912042617798,0.4451372027397156,-0.026028286665678024,0.563770592212677,0.44273123145103455,-0.026119451969861984,0.5704673528671265,0.4471164345741272,-0.013493639416992664,0.5592015385627747,0.44574180245399475,-0.027425361797213554,0.558753252029419,0.44750329852104187,-0.020492400974035263,0.5758432149887085,0.39683103561401367,-0.0002744774683378637,0.572652280330658,0.3973012864589691,-0.003126163501292467,0.5703983306884766,0.3977663516998291,-0.006500633899122477,0.6053755879402161,0.3971288502216339,0.0007037112372927368,0.6107000112533569,0.3912044167518616,0.0008835635962896049,0.5319877862930298,0.3888625502586365,0.0058067915961146355,0.5379320979118347,0.3897165358066559,0.0058067915961146355,0.5327062606811523,0.38108810782432556,0.0058067915961146355,0.5259762406349182,0.3880104124546051,0.0058067915961146355,0.5312645435333252,0.39655888080596924,0.0058067915961146355,0.5918488502502441,0.39617735147476196,-0.0012649139389395714,0.5980873107910156,0.3968808948993683,-0.0012649139389395714,0.5923032164573669,0.3887518048286438,-0.0012649139389395714,0.5857313871383667,0.3954556882381439,-0.0012649139389395714,0.5914328098297119,0.4035504460334778,-0.0012649139389395714
2500.0,0.5611112713813782,0.4624710977077484,-0.014890015125274658,0.5588038563728333,0.43838828802108765,-0.030909404158592224,0.5592555403709412,0.44646942615509033,-0.015908239409327507,0.5566275119781494,0.40979236364364624,-0.023593787103891373,0.5593068599700928,0.42949098348617554,-0.03316681459546089,0.560390830039978,0.4181053638458252,-0.031188173219561577,0.563379168510437,0.39089033007621765,-0.016528956592082977,0.5230088233947754,0.38693156838417053,0.010099338367581367,0.56551593542099,0.36556515097618103,-0.013120965100824833,0.5664089918136597,0.35268712043762207,-0.014837239868938923,0.5700038075447083,0.3114491105079651,-0.011406167410314083,0.5608295202255249,0.4666747748851776,-0.01406063511967659,0.5604922771453857,0.4710119366645813,-0.012161852791905403,0.5602519512176514,0.47381407022476196,-0.00947083905339241,0.560024619102478,0.474292516708374,-0.00852261297404766,0.5597231984138489,0.4794277548789978,-0.009238994680345058,0.5593258738517761,0.48537033796310425,-0.010330515913665295,0.5588862895965576,0.49124112725257874,-0.00938198622316122,0.557262122631073,0.4943361282348633,-0.0037751721683889627,0.5588618516921997,0.44287410378456116,-0.02783052623271942,0.554304301738739,0.4419531226158142,-0.019543731585144997,0.5058143734931946,0.34827721118927,0.0388738289475441,0.5388270020484924,0.3979029357433319,0.002333889016881585,0.5326607823371887,0.3980257511138916,0.0035814903676509857,0.5272489190101624,0.39586353302001953,0.00594515074044466,0.5209347009658813,0.38844504952430725,0.011690007522702217,0.5443261861801147,0.39549878239631653,0.0026503882836550474,0.5326351523399353,0.3641705811023712,0.0005386744742281735,0.539520800113678,0.36674943566322327,-0.0002803056559059769,0.5260283946990967,0.3650892972946167,0.003433649893850088,0.5216065049171448,0.3690607249736786,0.006330353207886219,0.5164393782615662,0.39190077781677246,0.015434786677360535,0.5368311405181885,0.5038124322891235,0.0056792073883116245,0.5216373801231384,0.3830986022949219,0.01243356242775917,0.5014672875404358,0.38581931591033936,0.043300919234752655,0.5112110376358032,0.3826664090156555,0.02191467210650444,0.5319061279296875,0.42717456817626953,-0.001352471299469471,0.5532995462417603,0.45949116349220276,-0.013421235606074333,0.553382933139801,0.4697335958480835,-0.010545670054852962,0.545218825340271,0.46138420701026917,-0.008992895483970642,0.5398496985435486,0.4636114239692688,-0.003709828946739435,0.5472050309181213,0.46885424852371216,-0.007372166030108929,0.5423991084098816,0.4684523642063141,-0.0026338675525039434,0.5332767367362976,0.4742281436920166,0.006773734465241432,0.5542750358581543,0.437675803899765,-0.030052656307816505,0.554076611995697,0.4289957284927368,-0.03202615678310394,0.5142435431480408,0.35521188378334045,0.00951047707349062,0.5455824136734009,0.4085824191570282,-0.0036623894702643156,0.5429661273956299,0.43327680230140686,-0.014805031009018421,0.5430722236633301,0.4287413954734802,-0.013204368762671947,0.513964056968689,0.4237253665924072,0.008520868606865406,0.5553570985794067,0.41850554943084717,-0.02884754352271557,0.5270200967788696,0.345909059047699,-0.0024570352397859097,0.5193881988525391,0.34821808338165283,0.0034871294628828764,0.5115945935249329,0.3323512673377991,0.025981180369853973,0.5523537993431091,0.35974186658859253,-0.010335354134440422,0.5451661944389343,0.3727416694164276,0.0008269439567811787,0.529055118560791,0.4656015634536743,0.0081317825242877,0.506430447101593,0.46539372205734253,0.06189533695578575,0.5468770265579224,0.43865567445755005,-0.013021940365433693,0.5511624217033386,0.4417864680290222,-0.013623290695250034,0.5331796407699585,0.4673546552658081,0.007334666792303324,0.5347533226013184,0.467835396528244,0.005423286464065313,0.5168214440345764,0.3409406542778015,0.006215263623744249,0.5427902936935425,0.4365179240703583,-0.011488146148622036,0.5375970602035522,0.34894421696662903,-0.0073026083409786224,0.5370636582374573,0.3409411907196045,-0.008820846676826477,0.5352612733840942,0.31277063488960266,-0.00041283192695118487,0.5142084956169128,0.33975890278816223,0.014617262408137321,0.5369044542312622,0.32861775159835815,-0.004996902775019407,0.5114496946334839,0.35014957189559937,0.014587901532649994,0.5083413124084473,0.35277193784713745,0.025817960500717163,0.5531533360481262,0.46498948335647583,-0.012571372091770172,0.5461808443069458,0.4653286337852478,-0.008374229073524475,0.5410579442977905,0.46606647968292236,-0.003624551696702838,0.548105776309967,0.440175324678421,-0.011667672544717789,0.5339713096618652,0.46760794520378113,0.006336674094200134,0.5368196368217468,0.47104015946388245,0.0025802424643188715,0.535632312297821,0.46811234951019287,0.005253638606518507,0.5489925146102905,0.43679049611091614,-0.02107902429997921,0.5434331297874451,0.4701557159423828,-0.0017461762763559818,0.5481325387954712,0.47124654054641724,-0.005094820633530617,0.5538116693496704,0.47257474064826965,-0.007964675314724445,0.5496442914009094,0.4928876459598541,-0.002675810595974326,0.5507750511169434,0.48928046226501465,-0.008062881417572498,0.5515567064285278,0.4834553003311157,-0.008799879811704159,0.5525761246681213,0.47758185863494873,-0.007623983547091484,0.5536498427391052,0.47305741906166077,-0.006937514059245586,0.5433065295219421,0.4703718423843384,-0.0009033354581333697,0.5418528914451599,0.4722461402416229,-0.0017203224124386907,0.540165364742279,0.47482970356941223,-0.0025157618802040815,0.5387932658195496,0.4777412712574005,-0.0012686835834756494,0.5351770520210266,0.4551185667514801,-0.0018403748981654644,0.5016970038414001,0.4238991439342499,0.06916636973619461,0.5590562224388123,0.44470882415771484,-0.020144930109381676,0.5397979617118835,0.46931836009025574,0.0028116870671510696,0.5383254885673523,0.4700944721698761,0.002357088029384613,0.5525872111320496,0.44510844349861145,-0.01370327826589346,0.544425368309021,0.4412364661693573,-0.007320275530219078,0.5519453287124634,0.4435025453567505,-0.013804982416331768,0.5387798547744751,0.41253259778022766,-0.0007972806342877448,0.5283588767051697,0.4163382649421692,0.002301507629454136,0.542076587677002,0.43206995725631714,-0.009710163809359074,0.5208448171615601,0.32007884979248047,0.012239540927112103,0.5231855511665344,0.3311060070991516,0.004424320068210363,0.5253588557243347,0.3378421664237976,-0.0018169842660427094,0.5371802449226379,0.48121556639671326,0.003382324241101742,0.551228940486908,0.34673094749450684,-0.012970357201993465,0.5513214468955994,0.33009618520736694,-0.010970152914524078,0.5511007905006409,0.31036776304244995,-0.00847453624010086,0.523017168045044,0.39286568760871887,0.009084192104637623,0.5103487968444824,0.3964717388153076,0.01947746053338051,0.5480700135231018,0.3929964005947113,0.0030196025036275387,0.516332745552063,0.3718492388725281,0.012536692433059216,0.5500440001487732,0.40349480509757996,-0.006247666664421558,0.5458983778953552,0.4308898448944092,-0.020914874970912933,0.5037715435028076,0.40222495794296265,0.027135057374835014,0.5132910013198853,0.40351828932762146,0.013994337059557438,0.5199490189552307,0.40790897607803345,0.007805551402270794,0.5307814478874207,0.4088243246078491,0.004265173804014921,0.5392404198646545,0.4068710505962372,0.0018091686069965363,0.5458316206932068,0.4035245180130005,-0.0005051316111348569,0.5579779744148254,0.39255213737487793,-0.013641947880387306,0.50291508436203,0.41963863372802734,0.026213211938738823,0.5124521255493164,0.36825987696647644,0.01577160693705082,0.556140124797821,0.4422581195831299,-0.02721448987722397,0.5455479621887207,0.4165501296520233,-0.006228703539818525,0.50124192237854,0.38534608483314514,0.06296810507774353,0.550781786441803,0.3992129862308502,-0.0020392138976603746,0.541674017906189,0.43241095542907715,-0.003981283400207758,0.5191090703010559,0.3818366229534149,0.01399280410259962,0.5463621020317078,0.4253357946872711,-0.018923014402389526,0.5031989216804504,0.4443603456020355,0.06718488037586212,0.5488578081130981,0.38970860838890076,0.004213052801787853,0.5507214069366455,0.4210284650325775,-0.024939488619565964,0.5155359506607056,0.48389631509780884,0.029593270272016525,0.5170934200286865,0.4935937225818634,0.04081634432077408,0.4999344050884247,0.4219212830066681,0.04792165011167526,0.5087754726409912,0.47312283515930176,0.03738484904170036,0.5047113299369812,0.3683583438396454,0.03621846064925194,0.5361414551734924,0.5111945271492004,0.009586024098098278,0.5569553375244141,0.444154292345047,-0.019585339352488518,0.5398558378219604,0.4217575192451477,-0.003462461056187749,0.5068736672401428,0.3833422064781189,0.02832372859120369,0.5277354717254639,0.39241135120391846,0.0058523137122392654,0.5326752662658691,0.3941665291786194,0.003937690518796444,0.5355079174041748,0.4721930921077728,0.003738989355042577,0.5032327771186829,0.43662625551223755,0.02850695326924324,0.5455535650253296,0.5224071145057678,0.010595058090984821,0.5313042402267456,0.5111600756645203,0.02394438534975052,0.524966299533844,0.5039974451065063,0.031405068933963776,0.5680537819862366,0.3324190378189087,-0.013834523037075996,0.5559861063957214,0.5251654386520386,0.007728222757577896,0.5380445122718811,0.3939255475997925,0.0031726316083222628,0.5432913899421692,0.3923158347606659,0.003549652872607112,0.5468749403953552,0.3910156488418579,0.004454218782484531,0.5090792775154114,0.3653673827648163,0.021999655291438103,0.5437179207801819,0.38170894980430603,0.0021530042868107557,0.5385212898254395,0.3781251311302185,0.0017158214468508959,0.5333037376403809,0.3768930733203888,0.00254783290438354,0.5281726717948914,0.3776923716068268,0.0047195302322506905,0.5248972177505493,0.3796394467353821,0.006988557055592537,0.5025968551635742,0.36504074931144714,0.05230964347720146,0.5247349739074707,0.38971322774887085,0.008200560696423054,0.5590956807136536,0.45259934663772583,-0.01414557360112667,0.5411723256111145,0.4521239101886749,-0.006066584028303623,0.5467541813850403,0.4375161826610565,-0.015216399915516376,0.551508903503418,0.4518178105354309,-0.012756133452057838,0.5645792484283447,0.37865158915519714,-0.01284751296043396,0.5230573415756226,0.4945010244846344,0.023469340056180954,0.5295896530151367,0.5027724504470825,0.016906647011637688,0.5447713136672974,0.5176295042037964,0.002964874031022191,0.5112125277519226,0.48182985186576843,0.05220051109790802,0.547324538230896,0.3864900469779968,0.0034254747442901134,0.5531813502311707,0.4057745337486267,-0.014780164696276188,0.5557428598403931,0.5201441049575806,0.00037378614069893956,0.5377684831619263,0.5175057649612427,0.01619427464902401,0.5011909008026123,0.4406886696815491,0.0474468395113945,0.547990083694458,0.47165462374687195,-0.004118358250707388,0.546507716178894,0.4749997854232788,-0.004916524980217218,0.5451058745384216,0.4793142080307007,-0.005857517477124929,0.5439918041229248,0.4843488037586212,-0.0048964014276862144,0.5424726009368896,0.48775559663772583,-0.00010627191659295931,0.5384539365768433,0.46807268261909485,0.001832965761423111,0.537071943283081,0.466807097196579,0.0020519299432635307,0.5359363555908203,0.4654856324195862,0.002071431139484048,0.53070068359375,0.459427148103714,0.00326459389179945,0.508965015411377,0.4412916600704193,0.015767645090818405,0.5541709661483765,0.39742720127105713,-0.009564297273755074,0.5526662468910217,0.380392849445343,-0.0007595981005579233,0.5496419668197632,0.3822891414165497,0.0020797145552933216,0.5398567914962769,0.4692543148994446,0.0022444475907832384,0.5095072388648987,0.4611072540283203,0.025381049141287804,0.5574515461921692,0.3792462646961212,-0.00851461198180914,0.5393470525741577,0.49573788046836853,0.003005159320309758,0.5614071488380432,0.40900641679763794,-0.026146426796913147,0.5571972727775574,0.4017618000507355,-0.019308382645249367,0.562342643737793,0.40051037073135376,-0.0212208554148674,0.5484747290611267,0.41844257712364197,-0.01415651012212038,0.5560011863708496,0.5128225088119507,-0.0029958945233374834,0.5566173791885376,0.5032174587249756,-0.003426522249355912,0.5474205017089844,0.5014939904212952,-0.0013914031442254782,0.5285120010375977,0.4783967137336731,0.010461032390594482,0.5363293290138245,0.43815261125564575,-0.0014687314396724105,0.5335907340049744,0.48806488513946533,0.007078086957335472,0.5214107632637024,0.43531978130340576,0.0023470716550946236,0.5297814011573792,0.4451318681240082,0.0008985769818536937,0.5163110494613647,0.44758981466293335,0.008056418038904667,0.5453370809555054,0.5106112957000732,-0.0003690244338940829,0.5452668070793152,0.422789603471756,-0.009588579647243023,0.524228036403656,0.48505860567092896,0.016427334398031235,0.5307319760322571,0.49476420879364014,0.011786531656980515,0.5237295627593994,0.46764296293258667,0.011124657467007637,0.5048401951789856,0.4510233998298645,0.030811917036771774,0.5167529582977295,0.4696221351623535,0.017277836799621582,0.5038043856620789,0.45788055658340454,0.04539094865322113,0.524757444858551,0.45377737283706665,0.004930864553898573,0.5495579838752747,0.4111223518848419,-0.010148744098842144,0.5472939014434814,0.4350510239601135,-0.02219657227396965,0.5444165468215942,0.436361163854599,-0.01561794988811016,0.5497028231620789,0.42962610721588135,-0.02640807069838047,0.5482305884361267,0.36890238523483276,-0.002254270249977708,0.5387237668037415,0.3599514067173004,-0.002073230454698205,0.530185341835022,0.35741138458251953,-0.0004234439693391323,0.5232495069503784,0.3589470684528351,0.003105762880295515,0.5184673070907593,0.36348646879196167,0.007457482162863016,0.5156859755516052,0.3822126090526581,0.016993897035717964,0.4999258518218994,0.4037705063819885,0.04611444100737572,0.5188772678375244,0.3966781497001648,0.012078608386218548,0.5242365002632141,0.40054085850715637,0.008099116384983063,0.53167724609375,0.40259552001953125,0.004941081162542105,0.5392469763755798,0.4018802344799042,0.0025232185143977404,0.5454512238502502,0.3992321193218231,0.0019089790293946862,0.5497080087661743,0.39630162715911865,0.0008391761803068221,0.5013949871063232,0.4045288860797882,0.06811698526144028,0.5446442365646362,0.43824487924575806,-0.012689303606748581,0.5522968769073486,0.4132293164730072,-0.0190940760076046,0.5507665276527405,0.4360968768596649,-0.0269914697855711,0.5537465214729309,0.44056466221809387,-0.02479647472500801,0.5509408712387085,0.4375112056732178,-0.02415815182030201,0.5460161566734314,0.44065797328948975,-0.010768256150186062,0.5545440316200256,0.4414936304092407,-0.026360852643847466,0.5553774237632751,0.44338735938072205,-0.019537821412086487,0.550676703453064,0.38967472314834595,0.003101476700976491,0.5531212091445923,0.39119577407836914,-0.0005672192201018333,0.5546077489852905,0.39229440689086914,-0.004364147782325745,0.5230669975280762,0.38132163882255554,0.009426594711840153,0.5190471410751343,0.37419021129608154,0.010146058164536953,0.566224217414856,0.41081324219703674,-0.024760153144598007,0.6076670289039612,0.3980568051338196,0.0016619149828329682,0.564519464969635,0.44308561086654663,-0.02044050581753254,0.6365312933921814,0.36259013414382935,0.026500854641199112,0.5898768901824951,0.4040957987308502,-0.003119157627224922,0.5963553190231323,0.4055910110473633,-0.0029385704547166824,0.6024318933486938,0.40502727031707764,-0.001611962914466858,0.6101552844047546,0.40060919523239136,0.0027417377568781376,0.5843181610107422,0.4007037580013275,-0.00165355927310884,0.600649356842041,0.37541019916534424,-0.006449061445891857,0.5933585166931152,0.3758474290370941,-0.00581764243543148,0.6072905659675598,0.3779248297214508,-0.0045809056609869,0.6113249063491821,0.38257378339767456,-0.0023103475105017424,0.6152545213699341,0.4051501452922821,0.0058969659730792046,0.5774503350257874,0.5091124773025513,0.001675780862569809,0.6098118424415588,0.39541876316070557,0.00360494595952332,0.6350561380386353,0.4010690152645111,0.030386963859200478,0.6225948929786682,0.3982038199901581,0.011233520694077015,0.5918591618537903,0.43389108777046204,-0.0069636073894798756,0.5692265629768372,0.4612700939178467,-0.015012064948678017,0.5677922964096069,0.4712994694709778,-0.01206174585968256,0.5769379138946533,0.4648393988609314,-0.012216733768582344,0.5818207859992981,0.468082070350647,-0.00807599350810051,0.5739737153053284,0.4717404246330261,-0.010282105766236782,0.5787124037742615,0.47225597500801086,-0.006414145231246948,0.5863690972328186,0.48016035556793213,0.001273136818781495,0.5635876059532166,0.4386923909187317,-0.03077813796699047,0.5646928548812866,0.43008461594581604,-0.03291606530547142,0.6219842433929443,0.3712898790836334,-0.0006684974068775773,0.580613911151886,0.4123683571815491,-0.007311257999390364,0.577962338924408,0.43696239590644836,-0.01821218617260456,0.5788105726242065,0.432483434677124,-0.016747858375310898,0.611589789390564,0.4348823130130768,-0.0006110768299549818,0.5655204057693481,0.41952982544898987,-0.02999056875705719,0.6080597639083862,0.35897260904312134,-0.009487800300121307,0.6165338158607483,0.3631485104560852,-0.005363062024116516,0.6312875151634216,0.34515494108200073,0.014850083738565445,0.5788164138793945,0.36602669954299927,-0.012643890455365181,0.586708664894104,0.3797590732574463,-0.003677678992971778,0.5919093489646912,0.47246748208999634,0.0015741124516353011,0.6211150884628296,0.47915777564048767,0.05055050551891327,0.5734463930130005,0.44145137071609497,-0.015560927800834179,0.568581223487854,0.44365325570106506,-0.014895067550241947,0.5877661108970642,0.4728129506111145,0.001608421327546239,0.5861223936080933,0.47295084595680237,0.0003263033868279308,0.620665431022644,0.356622576713562,-0.003223901381716132,0.5782811045646667,0.4402640163898468,-0.014830402098596096,0.5958835482597351,0.35929518938064575,-0.012164928950369358,0.5973085165023804,0.3512061536312103,-0.013798661530017853,0.606269896030426,0.3199109435081482,-0.006843032781034708,0.6254938244819641,0.35201770067214966,0.0043067000806331635,0.6008174419403076,0.33541345596313477,-0.010681060142815113,0.6261335015296936,0.3670600950717926,0.0037138089537620544,0.6310924887657166,0.3665544390678406,0.014099936932325363,0.5686832666397095,0.46670615673065186,-0.014183775521814823,0.5754972696304321,0.4685356020927429,-0.011473692022264004,0.5803595781326294,0.47020503878593445,-0.007701443042606115,0.5720783472061157,0.4427037239074707,-0.013700091280043125,0.5869227051734924,0.47289377450942993,0.000994585338048637,0.5834770202636719,0.4755759835243225,-0.001986951567232609,0.5852391719818115,0.47303643822669983,0.0003107801603619009,0.5705285668373108,0.43908414244651794,-0.023379340767860413,0.577366054058075,0.47364333271980286,-0.00531976530328393,0.57264244556427,0.47383561730384827,-0.00780345918610692,0.5669389367103577,0.47398579120635986,-0.009515604004263878,0.5653476119041443,0.4948439598083496,-0.004135186318308115,0.567223310470581,0.4908520579338074,-0.009683329612016678,0.5672447085380554,0.4849609434604645,-0.010513265617191792,0.5670463442802429,0.4790019690990448,-0.009302783757448196,0.5666568279266357,0.47432589530944824,-0.00853947177529335,0.5771739482879639,0.47360849380493164,-0.0044804769568145275,0.5783480405807495,0.47574153542518616,-0.005281325429677963,0.5796254873275757,0.47857600450515747,-0.006186607293784618,0.5805327296257019,0.4816638231277466,-0.005148991942405701,0.5851643085479736,0.4606221914291382,-0.006719405297189951,0.6324237585067749,0.43922606110572815,0.056647513061761856,0.5808203220367432,0.4732891023159027,-0.0015849898336455226,0.5821424126625061,0.4743613302707672,-0.002062601735815406,0.5666511654853821,0.44668811559677124,-0.014965159818530083,0.5764511823654175,0.44465991854667664,-0.009984295815229416,0.5675390362739563,0.4452395737171173,-0.015036143362522125,0.5871514081954956,0.4178858995437622,-0.005654584150761366,0.5973076820373535,0.42410987615585327,-0.004276973195374012,0.5798822045326233,0.4361119866371155,-0.013351908884942532,0.6217930912971497,0.33056479692459106,0.0031254056375473738,0.6160556077957153,0.341200053691864,-0.0038873758167028427,0.6108471751213074,0.35105398297309875,-0.009311354719102383,0.5807120203971863,0.48632919788360596,-0.0011080987751483917,0.581385612487793,0.35338813066482544,-0.015432264655828476,0.585307776927948,0.33368605375289917,-0.013891234993934631,0.5895490646362305,0.31414690613746643,-0.01171050313860178,0.6073074340820312,0.4037644863128662,0.0006416526739485562,0.6214841604232788,0.41100722551345825,0.008883843198418617,0.5806687474250793,0.3977377712726593,-0.0008205784251913428,0.6173514723777771,0.38649851083755493,0.0027820602990686893,0.5764984488487244,0.4063015878200531,-0.009153656661510468,0.5743524432182312,0.43388980627059937,-0.023652004078030586,0.6277696490287781,0.4164443612098694,0.015220877714455128,0.6170892119407654,0.41657260060310364,0.00402818201109767,0.6091853380203247,0.4186166226863861,-0.0007669838960282505,0.5974030494689941,0.4167594015598297,-0.0023256796412169933,0.5885804295539856,0.4128207564353943,-0.003231129376217723,0.5818731784820557,0.40803197026252747,-0.004276404157280922,0.568847119808197,0.39366334676742554,-0.014865359291434288,0.6257017254829407,0.43386465311050415,0.014302809722721577,0.6225940585136414,0.38424208760261536,0.005098377820104361,0.5616977214813232,0.44286414980888367,-0.027801446616649628,0.5790336728096008,0.4201323688030243,-0.009751174598932266,0.6381469964981079,0.4007704555988312,0.0499371662735939,0.5769402980804443,0.4026879668235779,-0.004959162324666977,0.5808969736099243,0.43662410974502563,-0.007619037292897701,0.6128056645393372,0.3951784074306488,0.004778934642672539,0.5751594305038452,0.4283314049243927,-0.021723123267292976,0.6278441548347473,0.4592474699020386,0.055206555873155594,0.5804909467697144,0.3948048949241638,0.00023402886290568858,0.5704333186149597,0.4230678975582123,-0.026978962123394012,0.6050639748573303,0.4950123429298401,0.02057553268969059,0.6037987470626831,0.5044975280761719,0.032154131680727005,0.6311427354812622,0.43728065490722656,0.03493241220712662,0.6142595410346985,0.48585203289985657,0.026786968111991882,0.6334649324417114,0.38287392258644104,0.02376512996852398,0.5774874091148376,0.516756534576416,0.005274126771837473,0.5612735748291016,0.44460785388946533,-0.019954301416873932,0.5844143033027649,0.42663469910621643,-0.007830090820789337,0.6276643872261047,0.40019819140434265,0.016578378155827522,0.6019163727760315,0.4012276530265808,-0.001526541425846517,0.5965697765350342,0.4015963673591614,-0.002622890518978238,0.5846311450004578,0.47697293758392334,-0.001127574942074716,0.623363733291626,0.45074331760406494,0.0169012863188982,0.5668555498123169,0.5252952575683594,0.008286261931061745,0.5845645070075989,0.5182018280029297,0.018216626718640327,0.5931439399719238,0.5128779411315918,0.024293962866067886,0.591064989566803,0.4001954197883606,-0.0024170440156012774,0.5857778191566467,0.3977126479148865,-0.0012303281109780073,0.5822957158088684,0.39611634612083435,0.00016597901412751526,0.6272284388542175,0.382210373878479,0.010528341867029667,0.5872853994369507,0.3887324035167694,-0.0028425855562090874,0.5930932760238647,0.3868277966976166,-0.004104549065232277,0.5984972715377808,0.3871270716190338,-0.00422548595815897,0.6035823225975037,0.38909998536109924,-0.0029779772739857435,0.6066654920578003,0.3916441798210144,-0.0011953222565352917,0.638573408126831,0.3801356256008148,0.03943001478910446,0.6053565740585327,0.39981502294540405,0.0001616730442037806,0.5787848830223083,0.45618292689323425,-0.009728169068694115,0.5734236240386963,0.4403326213359833,-0.017608774825930595,0.5672357082366943,0.45356935262680054,-0.014309125021100044,0.595198929309845,0.5038045644760132,0.016132036224007607,0.5864129066467285,0.5103083252906799,0.0110932607203722,0.5671315789222717,0.5206519961357117,0.0005660184542648494,0.6127642393112183,0.4941575527191162,0.04195687919855118,0.5826734304428101,0.3922196328639984,-0.0009955852292478085,0.5715877413749695,0.40771713852882385,-0.016745734959840775,0.5759986639022827,0.5226204991340637,0.011938807554543018,0.627292811870575,0.4556182622909546,0.03496985882520676,0.5724005103111267,0.47398310899734497,-0.006854770705103874,0.5733724236488342,0.477559894323349,-0.007725988980382681,0.5741733312606812,0.4820370674133301,-0.008827847428619862,0.5746004581451416,0.48714250326156616,-0.007938283495604992,0.5737650990486145,0.49150550365448,-0.0034101298078894615,0.5825634598731995,0.47255006432533264,-0.0027951602824032307,0.584075391292572,0.47162261605262756,-0.002958051860332489,0.5853733420372009,0.47057199478149414,-0.0031946112867444754,0.5900838375091553,0.4659329354763031,-0.002806865144520998,0.6152780055999756,0.4537102282047272,0.0058221067301929,0.5726054310798645,0.39937514066696167,-0.011642292141914368,0.5772468447685242,0.3849533796310425,-0.0034045439679175615,0.5805486440658569,0.3876487612724304,-0.0016639226814731956,0.5809913873672485,0.47337865829467773,-0.0021706982515752316,0.6135992407798767,0.47343936562538147,0.01536413375288248,0.5718221664428711,0.3826945722103119,-0.01006611529737711,0.5759034156799316,0.5003234148025513,-0.0005776711041107774,0.5675033330917358,0.4028286337852478,-0.020365765318274498,0.5746651291847229,0.4212457239627838,-0.01675923354923725,0.5662715435028076,0.503888726234436,-0.0031292063649743795,0.5905793905258179,0.48576897382736206,0.004198005888611078,0.5859637260437012,0.44358786940574646,-0.0061205169185996056,0.5836134552955627,0.49418288469314575,0.0021285510156303644,0.6017619967460632,0.44453197717666626,-0.004864982329308987,0.5920702815055847,0.45218878984451294,-0.0048989527858793736,0.6062710881233215,0.45809251070022583,-0.00022670933685731143,0.5671017169952393,0.5135059356689453,-0.002648732392117381,0.5780638456344604,0.4262233376502991,-0.012844112701714039,0.5945457816123962,0.49378296732902527,0.00939967017620802,0.5858228802680969,0.5017690658569336,0.0063644894398748875,0.5968570113182068,0.47610896825790405,0.003603496355935931,0.6203629970550537,0.4646650552749634,0.019717685878276825,0.6042900681495667,0.4801039695739746,0.008758462965488434,0.6222043633460999,0.471949964761734,0.03344789892435074,0.5968992114067078,0.46202364563941956,-0.002036685822531581,0.575158953666687,0.41385480761528015,-0.012927358970046043,0.5723289847373962,0.437720388174057,-0.02466931939125061,0.5759608745574951,0.43970102071762085,-0.018497344106435776,0.5697724223136902,0.4317547380924225,-0.02840525284409523,0.5831118822097778,0.3756273686885834,-0.0058513907715678215,0.5941774845123291,0.36966219544410706,-0.00725895119830966,0.6034320592880249,0.3693579435348511,-0.007202344946563244,0.6107635498046875,0.3723549544811249,-0.005096126347780228,0.6156061887741089,0.3779378831386566,-0.0017072736518457532,0.6170708537101746,0.3964135944843292,0.007199573330581188,0.6338418126106262,0.4192674160003662,0.03284599259495735,0.611677348613739,0.4087885320186615,0.0030284051317721605,0.6053606867790222,0.41051357984542847,0.0002077703975373879,0.5970891714096069,0.41042494773864746,-0.0015748454025015235,0.5891047716140747,0.4079253673553467,-0.002634697826579213,0.5827572345733643,0.40404367446899414,-0.0019853755366057158,0.5785369873046875,0.4003058671951294,-0.0023375237360596657,0.6356700658798218,0.4199180603027344,0.05512796342372894,0.5758830904960632,0.44152408838272095,-0.015520542860031128,0.5706798434257507,0.41516637802124023,-0.021133027970790863,0.5678606629371643,0.43796563148498535,-0.028541503474116325,0.5648558139801025,0.44186773896217346,-0.025684110820293427,0.5680928826332092,0.43945303559303284,-0.025756366550922394,0.5744525790214539,0.4436446726322174,-0.013156766071915627,0.563607931137085,0.44251328706741333,-0.027075396850705147,0.5631024837493896,0.44421350955963135,-0.020180415362119675,0.5784452557563782,0.394294410943985,-0.0002062017156276852,0.5754856467247009,0.3947562873363495,-0.0030609965324401855,0.5734994411468506,0.3952193856239319,-0.006439104676246643,0.6084167957305908,0.39357489347457886,0.0009070838568732142,0.6135638356208801,0.38802313804626465,0.0010896727908402681,0.5353905558586121,0.3864956796169281,0.005430614575743675,0.5416163802146912,0.3873455822467804,0.005430614575743675,0.5360499024391174,0.3785499632358551,0.005430614575743675,0.5291017889976501,0.38564038276672363,0.005430614575743675,0.534713864326477,0.39435380697250366,0.005430614575743675,0.5951718091964722,0.3932349681854248,-0.0010876677697524428,0.6013525128364563,0.39393216371536255,-0.0010876677697524428,0.59557044506073,0.38607245683670044,-0.0010876677697524428,0.5890741944313049,0.39251914620399475,-0.0010876677697524428,0.5948033332824707,0.40033456683158875,-0.0010876677697524428
2533.3333333333335,0.5631465911865234,0.4619998633861542,-0.01486195158213377,0.56034255027771,0.4385616183280945,-0.031159892678260803,0.5607923269271851,0.44657573103904724,-0.016062922775745392,0.5579808354377747,0.4102162718772888,-0.02399967983365059,0.5608139634132385,0.4297243654727936,-0.03344802185893059,0.5618201494216919,0.4184268116950989,-0.03149796649813652,0.5645800232887268,0.3913213610649109,-0.01687382534146309,0.5246961116790771,0.3869542181491852,0.009155161678791046,0.5665624141693115,0.36594995856285095,-0.013514185324311256,0.5673962235450745,0.3530803918838501,-0.0152790741994977,0.5707383155822754,0.3114554286003113,-0.012128150090575218,0.5628529191017151,0.46611467003822327,-0.014031619764864445,0.5625107884407043,0.4703420400619507,-0.012151877395808697,0.5622749328613281,0.4730663299560547,-0.009489485062658787,0.5620096325874329,0.47420933842658997,-0.008010393008589745,0.5617055892944336,0.47927409410476685,-0.008725081570446491,0.5612855553627014,0.48517292737960815,-0.00974954478442669,0.560817301273346,0.49109140038490295,-0.008652341552078724,0.5589566826820374,0.4954086244106293,-0.0029422217048704624,0.5604056715965271,0.4430185854434967,-0.028060076758265495,0.5558643341064453,0.44214800000190735,-0.019816769286990166,0.5066555142402649,0.3489575982093811,0.03749636560678482,0.5403048396110535,0.39779132604599,0.0016138841165229678,0.5341777801513672,0.3980448544025421,0.002791839651763439,0.5287618637084961,0.3959459066390991,0.005082898307591677,0.5224303007125854,0.38842400908470154,0.010737070813775063,0.5457639694213867,0.39529505372047424,0.0020146637689322233,0.5340746641159058,0.36451566219329834,-0.0003210681607015431,0.540878176689148,0.3669605255126953,-0.0010496847098693252,0.5275243520736694,0.3654816448688507,0.002520426409319043,0.5231342315673828,0.3693699538707733,0.005382648203521967,0.5176917910575867,0.3919280767440796,0.014457246288657188,0.5385804772377014,0.5041784048080444,0.006326488684862852,0.5232570767402649,0.3831019997596741,0.011480612680315971,0.502227783203125,0.38654980063438416,0.042069174349308014,0.5121438503265381,0.3824545741081238,0.020841944962739944,0.5329804420471191,0.4274587035179138,-0.0019420000026002526,0.5552465915679932,0.4590951204299927,-0.013487715274095535,0.5553106069564819,0.4691254794597626,-0.010610594414174557,0.5470736026763916,0.46120575070381165,-0.009103508666157722,0.5416197776794434,0.46361470222473145,-0.0037124601658433676,0.5490756034851074,0.4684264063835144,-0.007438553962856531,0.5442063212394714,0.4682242274284363,-0.002601766027510166,0.5345261693000793,0.47431305050849915,0.0071580493822693825,0.5558332204818726,0.4379158914089203,-0.030361074954271317,0.555610179901123,0.42930030822753906,-0.03237203508615494,0.5153907537460327,0.3549425005912781,0.00843144953250885,0.5466909408569336,0.4089393615722656,-0.004184494726359844,0.5443727374076843,0.4335622787475586,-0.01530071347951889,0.5444244742393494,0.4290316700935364,-0.01371492724865675,0.5148038864135742,0.42405426502227783,0.007683319505304098,0.5567902326583862,0.4188758432865143,-0.029240595176815987,0.5284993648529053,0.3462006449699402,-0.003360503353178501,0.5207510590553284,0.34822145104408264,0.002485143020749092,0.512345016002655,0.33298516273498535,0.024655915796756744,0.5535925030708313,0.3602154850959778,-0.010924981907010078,0.5464576482772827,0.3727858066558838,0.00013343132741283625,0.5303152799606323,0.4653695225715637,0.008249529637396336,0.5077266097068787,0.46579378843307495,0.06124837324023247,0.5483265519142151,0.4388893246650696,-0.013419102877378464,0.5526644587516785,0.4419936537742615,-0.013896576128900051,0.5349861979484558,0.46755900979042053,0.00755057018250227,0.5365675091743469,0.4679844081401825,0.005693224258720875,0.5179940462112427,0.34063321352005005,0.005145167466253042,0.5441727042198181,0.4367448091506958,-0.011958349496126175,0.539047122001648,0.34948843717575073,-0.0080754728987813,0.5385329723358154,0.34141021966934204,-0.009640290401875973,0.5359627604484558,0.3131558895111084,-0.0015313427429646254,0.5150204300880432,0.34042778611183167,0.013443011790513992,0.537743091583252,0.3291219472885132,-0.005964036565274,0.5123369097709656,0.3495784103870392,0.013433286920189857,0.5091748833656311,0.35344916582107544,0.02456200309097767,0.5550869703292847,0.46451038122177124,-0.012630045413970947,0.5480430722236633,0.46503710746765137,-0.00844583660364151,0.5428372621536255,0.4659574031829834,-0.003601554548367858,0.5495624542236328,0.440383642911911,-0.01202052179723978,0.5357918739318848,0.4677828550338745,0.006585006136447191,0.5386565327644348,0.47117501497268677,0.0030242535285651684,0.5374336242675781,0.46823105216026306,0.005543828010559082,0.550503134727478,0.4370761215686798,-0.021498719230294228,0.5452547669410706,0.4698200225830078,-0.0017251225654035807,0.5500075221061707,0.47069022059440613,-0.005169064737856388,0.55573570728302,0.47187018394470215,-0.008052456192672253,0.5510973334312439,0.4939488470554352,-0.001914142514578998,0.5526943206787109,0.48922714591026306,-0.007405073381960392,0.5534847378730774,0.4833211898803711,-0.008254189975559711,0.5544922947883606,0.4775056838989258,-0.007157536223530769,0.5555387735366821,0.4730106294155121,-0.006483389064669609,0.5451135635375977,0.47042322158813477,-0.00047268462367355824,0.5436849594116211,0.4722849726676941,-0.0012496844865381718,0.5420263409614563,0.4749055802822113,-0.00199317280203104,0.5406451225280762,0.4779365658760071,-0.0007205485599115491,0.5364563465118408,0.45502346754074097,-0.0019523212686181068,0.5026282072067261,0.42445558309555054,0.06814843416213989,0.5605911612510681,0.44483721256256104,-0.020343005657196045,0.5416054129600525,0.4694235324859619,0.0032164203003048897,0.5401490330696106,0.47019416093826294,0.002787497127428651,0.5540813207626343,0.4452674090862274,-0.013934188522398472,0.5457784533500671,0.44136446714401245,-0.007688061334192753,0.5534448027610779,0.4436858594417572,-0.014062781818211079,0.5398469567298889,0.41284382343292236,-0.0013916364405304193,0.5293374061584473,0.4166233539581299,0.001599217182956636,0.5433991551399231,0.4323258101940155,-0.010208820924162865,0.5215420722961426,0.3206292986869812,0.01101741660386324,0.523988664150238,0.3317094147205353,0.0033243789803236723,0.5267680883407593,0.3379564583301544,-0.002795647596940398,0.5384445190429688,0.48172828555107117,0.003931624814867973,0.5525521636009216,0.34734028577804565,-0.013610308058559895,0.5521838068962097,0.3304321765899658,-0.011762842535972595,0.5518047213554382,0.3105776309967041,-0.009413609281182289,0.5245380997657776,0.3929147720336914,0.008166942745447159,0.5115772485733032,0.39645862579345703,0.01844414323568344,0.5494799017906189,0.39278432726860046,0.0024100185837596655,0.5176115036010742,0.37182971835136414,0.011527984403073788,0.5511751174926758,0.4038986563682556,-0.006736552342772484,0.5473599433898926,0.43121373653411865,-0.021383963525295258,0.5045448541641235,0.40284761786460876,0.02604003995656967,0.5146628618240356,0.40375182032585144,0.013028481043875217,0.5214057564735413,0.4082350432872772,0.006954427808523178,0.532211184501648,0.40893304347991943,0.00355354230850935,0.5406010150909424,0.4067877531051636,0.0011965858284384012,0.5470938086509705,0.4033961892127991,-0.0010399010498076677,0.5591515302658081,0.39303717017173767,-0.014071016572415829,0.5037037134170532,0.4201197326183319,0.02518969587981701,0.5134463906288147,0.3680337965488434,0.014688891358673573,0.557704746723175,0.44244301319122314,-0.027485523372888565,0.5467318296432495,0.4168660044670105,-0.006754001602530479,0.5020502805709839,0.3860035240650177,0.06164940074086189,0.5520046353340149,0.3991674482822418,-0.0025494450237601995,0.5429329872131348,0.4326136112213135,-0.0044561768881976604,0.5205804705619812,0.3817770481109619,0.013021973893046379,0.5477494597434998,0.4256639778614044,-0.019407466053962708,0.504275918006897,0.44484806060791016,0.06634142249822617,0.5501770973205566,0.3895045220851898,0.003574223490431905,0.5521442890167236,0.42139628529548645,-0.025386562570929527,0.5172426104545593,0.48419544100761414,0.02948058769106865,0.5188952684402466,0.49379146099090576,0.04070310667157173,0.5007525682449341,0.4225187599658966,0.04684467613697052,0.5102415084838867,0.473525732755661,0.03693922981619835,0.5055232048034668,0.36907514929771423,0.03495657444000244,0.5380765199661255,0.5113674998283386,0.01020259689539671,0.5585121512413025,0.4443204998970032,-0.019810549914836884,0.5409932732582092,0.42202648520469666,-0.004018452484160662,0.5075915455818176,0.3828991949558258,0.02717658318579197,0.5294313430786133,0.3924631178379059,0.004976037424057722,0.5343190431594849,0.39419910311698914,0.003122797468677163,0.5373409986495972,0.4724277853965759,0.004163946956396103,0.5040919780731201,0.4370635449886322,0.02761450596153736,0.5475056171417236,0.5223251581192017,0.011396235786378384,0.5332925319671631,0.5111569166183472,0.024382906034588814,0.5269272327423096,0.5040733218193054,0.03160985931754112,0.5689417123794556,0.3325299918651581,-0.014417283236980438,0.5578435063362122,0.5249608159065247,0.008705641143023968,0.5396080017089844,0.393843412399292,0.0024271318688988686,0.5447840094566345,0.3921058773994446,0.0028610210865736008,0.5482885241508484,0.3907569646835327,0.003802321385592222,0.5097797513008118,0.36478355526924133,0.020836347714066505,0.5451124310493469,0.3814937472343445,0.0014321986818686128,0.5399447083473206,0.3780122697353363,0.0009340489632450044,0.5347927808761597,0.37699246406555176,0.001704743248410523,0.5297427773475647,0.3779115378856659,0.003827309003099799,0.5265238285064697,0.3798167109489441,0.00606505898758769,0.5034491419792175,0.3657357394695282,0.050928160548210144,0.526451587677002,0.389751136302948,0.007287316955626011,0.5606974363327026,0.45252475142478943,-0.014215477742254734,0.5424944162368774,0.4520905017852783,-0.006270375568419695,0.5482079386711121,0.4377841353416443,-0.01562708243727684,0.5529941916465759,0.4517902731895447,-0.012893274426460266,0.5656904578208923,0.37903374433517456,-0.013224595226347446,0.5249314308166504,0.49473586678504944,0.023696038872003555,0.531529426574707,0.502920389175415,0.017353586852550507,0.5466930866241455,0.5178015232086182,0.0037920475006103516,0.5127797722816467,0.4821440279483795,0.05177173763513565,0.5486804842948914,0.38630473613739014,0.0027511415537446737,0.5544320344924927,0.40621417760849,-0.015231678262352943,0.5575944185256958,0.5201907157897949,0.0013973774621263146,0.53974848985672,0.5174687504768372,0.016814883798360825,0.5021454095840454,0.4412325322628021,0.04652286320924759,0.5498471856117249,0.4716475009918213,-0.003692614147439599,0.5483808517456055,0.47496724128723145,-0.004449024330824614,0.5470031499862671,0.4792940020561218,-0.005320543423295021,0.5458866953849792,0.48443683981895447,-0.0042777834460139275,0.5437740087509155,0.4886232018470764,0.0005664739874191582,0.5402427911758423,0.46804100275039673,0.001983781112357974,0.5388479828834534,0.46685725450515747,0.0021941023878753185,0.5377160906791687,0.465609073638916,0.002177557209506631,0.5319576263427734,0.4592285752296448,0.003253479953855276,0.5098891854286194,0.4416537284851074,0.015040080063045025,0.5553265810012817,0.39788660407066345,-0.010024824179708958,0.5538495182991028,0.3804394602775574,-0.0013188081793487072,0.5509093403816223,0.38224971294403076,0.0014399818610399961,0.5416359305381775,0.46913063526153564,0.002391587942838669,0.510728120803833,0.4614773392677307,0.024888772517442703,0.5586109161376953,0.3794631361961365,-0.009009335190057755,0.5408753752708435,0.49628520011901855,0.003683963790535927,0.5627610087394714,0.4093904495239258,-0.026463503018021584,0.5584796071052551,0.4022274911403656,-0.019711332395672798,0.563623309135437,0.4009385406970978,-0.021547731012105942,0.5497614145278931,0.418788343667984,-0.014634422026574612,0.5578193068504333,0.51315838098526,-0.0019513270817697048,0.5583683848381042,0.5039237141609192,-0.0024611493572592735,0.5490392446517944,0.5022193193435669,-0.0005409248406067491,0.5300326347351074,0.47853460907936096,0.010792791843414307,0.5375808477401733,0.4383498728275299,-0.001903753960505128,0.5351057052612305,0.48837941884994507,0.007618828676640987,0.5224223732948303,0.4356544315814972,0.0017558559775352478,0.5310078859329224,0.4453190863132477,0.0005577918491326272,0.5174199938774109,0.44787952303886414,0.0075630615465343,0.5471383333206177,0.5110449194908142,0.00048646386130712926,0.5465244650840759,0.4230790138244629,-0.01008615642786026,0.5259246826171875,0.48530882596969604,0.016673047095537186,0.5324729084968567,0.49500879645347595,0.012271125800907612,0.5251678824424744,0.46763554215431213,0.01113281399011612,0.5058786869049072,0.4514461159706116,0.030092669650912285,0.5181878209114075,0.4698752462863922,0.017121748998761177,0.5050027966499329,0.45838212966918945,0.04466013237833977,0.526038646697998,0.4537946283817291,0.004702046047896147,0.550773561000824,0.41150975227355957,-0.010635438375175,0.5487915277481079,0.43535831570625305,-0.022639350965619087,0.5458598732948303,0.4366321861743927,-0.016064850613474846,0.5512208342552185,0.4299532473087311,-0.026818959042429924,0.5494834780693054,0.369105726480484,-0.002899800194427371,0.5401305556297302,0.36033278703689575,-0.002830270677804947,0.5316989421844482,0.35780638456344604,-0.0012718149228021502,0.524752676486969,0.3592686355113983,0.0021818969398736954,0.5199142098426819,0.36362311244010925,0.006476731970906258,0.5168732404708862,0.3820909559726715,0.01599002815783024,0.5007012486457825,0.40445420145988464,0.04493881016969681,0.5202640891075134,0.39679282903671265,0.011142299510538578,0.5256359577178955,0.40070289373397827,0.007266157306730747,0.5330994725227356,0.4026297330856323,0.004207922611385584,0.540625274181366,0.40174323320388794,0.001865750178694725,0.5467679500579834,0.39901697635650635,0.001331046223640442,0.5509607791900635,0.3961414098739624,0.0002974802628159523,0.5022105574607849,0.40512120723724365,0.06693166494369507,0.5460749268531799,0.4384708106517792,-0.013119040057063103,0.5536187291145325,0.4136377274990082,-0.01954939216375351,0.5523245930671692,0.4363817572593689,-0.02736430987715721,0.5553168058395386,0.4407859444618225,-0.025093691423535347,0.5524863600730896,0.4377845525741577,-0.024523621425032616,0.5474218130111694,0.44083473086357117,-0.011139375157654285,0.556118905544281,0.44170692563056946,-0.026643505319952965,0.5569452047348022,0.44357097148895264,-0.01978791132569313,0.5519922375679016,0.3895476758480072,0.0025053343269973993,0.5543127655982971,0.39111077785491943,-0.0010960173094645143,0.5557973980903625,0.39233800768852234,-0.004847787786275148,0.5246960520744324,0.38142693042755127,0.00848607812076807,0.5205456018447876,0.37431907653808594,0.009178427048027515,0.5675825476646423,0.4111004173755646,-0.024987393990159035,0.6088978052139282,0.3973657786846161,0.0020056983921676874,0.5659886002540588,0.443106085062027,-0.020579099655151367,0.6371877789497375,0.3616110384464264,0.02689831331372261,0.5915114283561707,0.4031873643398285,-0.0030115859117358923,0.5978007316589355,0.40467697381973267,-0.0027394122444093227,0.6037814021110535,0.4041145443916321,-0.0013345021288841963,0.6114223599433899,0.3997514843940735,0.0031374567188322544,0.5861788988113403,0.3998485803604126,-0.001623514574021101,0.6019219756126404,0.3749632239341736,-0.006252743303775787,0.5947831869125366,0.3754698932170868,-0.005749123636633158,0.6084976196289062,0.3773563802242279,-0.004282225389033556,0.6125248670578003,0.38187628984451294,-0.0019580808002501726,0.6164489984512329,0.40394461154937744,0.006369879003614187,0.5791581869125366,0.5088186264038086,0.0028818524442613125,0.6110146641731262,0.39476847648620605,0.003990575205534697,0.6361579298973083,0.40002742409706116,0.031136861070990562,0.6236424446105957,0.39665764570236206,0.011785119771957397,0.5934811234474182,0.43340376019477844,-0.006730574648827314,0.571295440196991,0.4607469141483307,-0.014889451675117016,0.5698274970054626,0.4705904424190521,-0.01195080578327179,0.5789583921432495,0.4644181430339813,-0.011918476782739162,0.5838310122489929,0.4677407443523407,-0.007523610256612301,0.5759958028793335,0.471134752035141,-0.010001298040151596,0.5807437300682068,0.47179800271987915,-0.005916368216276169,0.5885013937950134,0.4796184003353119,0.0023618980776518583,0.5650966763496399,0.4387800693511963,-0.03097452223300934,0.5661880970001221,0.43023067712783813,-0.03312988951802254,0.6229463815689087,0.3700127601623535,-0.00022311820066533983,0.581938624382019,0.4122482240200043,-0.007297979202121496,0.5794569849967957,0.43673181533813477,-0.01821237988770008,0.5802869200706482,0.43225032091140747,-0.016744131222367287,0.6132693290710449,0.433963418006897,-8.992933726403862e-05,0.5669462084770203,0.4197564721107483,-0.030217045918107033,0.6090267896652222,0.3583552837371826,-0.009305736050009727,0.6174675226211548,0.36217138171195984,-0.005031690001487732,0.6319600939750671,0.34433430433273315,0.0151040218770504,0.5801194310188293,0.3659907579421997,-0.012854572385549545,0.5883536338806152,0.37935078144073486,-0.0036851875483989716,0.5940183401107788,0.47146376967430115,0.0025723387952893972,0.6220036149024963,0.4777927100658417,0.05154945328831673,0.5749409794807434,0.4412929117679596,-0.01560969464480877,0.5700730085372925,0.44359707832336426,-0.01499495655298233,0.5898027420043945,0.4725988507270813,0.0025675229262560606,0.5881552696228027,0.4727386236190796,0.0012446913169696927,0.6214805841445923,0.3554510474205017,-0.002882594708353281,0.5798040628433228,0.4399700462818146,-0.014812838286161423,0.5970052480697632,0.3590066432952881,-0.012189137749373913,0.5982986688613892,0.3508792817592621,-0.013852515257894993,0.6070831418037415,0.31948214769363403,-0.007023888640105724,0.6263980865478516,0.3512580990791321,0.004679122939705849,0.6017884016036987,0.335088312625885,-0.010774808935821056,0.6270257830619812,0.36556828022003174,0.004189773928374052,0.6319935321807861,0.36562901735305786,0.01461076270788908,0.5707244277000427,0.466110497713089,-0.014049862511456013,0.5775076150894165,0.4680170714855194,-0.011170299723744392,0.5823842883110046,0.46979519724845886,-0.007172195240855217,0.5735872983932495,0.44256240129470825,-0.01375548169016838,0.5889577865600586,0.4726797640323639,0.0019276675302535295,0.5855026245117188,0.4754163324832916,-0.0009726720163598657,0.5872838497161865,0.4728247821331024,0.0012271328596398234,0.5719820261001587,0.43903419375419617,-0.02346278540790081,0.57941734790802,0.4731403887271881,-0.00485932407900691,0.5746852159500122,0.47314661741256714,-0.0075567676685750484,0.5689782500267029,0.4732074439525604,-0.009426108561456203,0.5672634243965149,0.4957581162452698,-0.0032054909970611334,0.5691272020339966,0.4906805753707886,-0.00885260570794344,0.569197952747345,0.48471328616142273,-0.009789075702428818,0.5690385699272156,0.47882044315338135,-0.008663075976073742,0.5686619281768799,0.47420939803123474,-0.0079158591106534,0.5792083740234375,0.47351646423339844,-0.0036214645951986313,0.5803741812705994,0.47557783126831055,-0.004384615458548069,0.5816203355789185,0.47841623425483704,-0.005221161525696516,0.5825005173683167,0.4815991520881653,-0.0041141994297504425,0.5871690511703491,0.459926575422287,-0.006168964318931103,0.6333914399147034,0.4379820227622986,0.0574849471449852,0.5828620195388794,0.4731942415237427,-0.0006311358883976936,0.5841848254203796,0.4742059111595154,-0.0010827169753611088,0.5682092905044556,0.44665300846099854,-0.015017341822385788,0.5780732035636902,0.44434115290641785,-0.009959626011550426,0.5690561532974243,0.4451965093612671,-0.015124506317079067,0.5885531902313232,0.41754958033561707,-0.005530124995857477,0.5988517999649048,0.42351090908050537,-0.004007874056696892,0.5813936591148376,0.43580758571624756,-0.013320916332304478,0.6225335597991943,0.3299226760864258,0.0032042188104242086,0.6169946789741516,0.34061089158058167,-0.003725753165781498,0.6117123365402222,0.35031354427337646,-0.009149198420345783,0.5828172564506531,0.48633381724357605,1.852560308179818e-05,0.5824995040893555,0.3534167408943176,-0.01566532999277115,0.5862694382667542,0.33358263969421387,-0.014224627055227757,0.5903648138046265,0.3139249086380005,-0.012175085954368114,0.6086099147796631,0.4028719365596771,0.0009869057685136795,0.6224719882011414,0.4093477427959442,0.00945874210447073,0.5826929211616516,0.39695489406585693,-0.0008387297857552767,0.6185141205787659,0.3854198455810547,0.0032505346462130547,0.5777763724327087,0.40634435415267944,-0.009215345606207848,0.5758306980133057,0.4337826073169708,-0.02372526191174984,0.6290712952613831,0.41542118787765503,0.015944551676511765,0.6182007193565369,0.4151572287082672,0.004575424361974001,0.6104000806808472,0.4173941910266876,-0.00033506599720567465,0.5987598896026611,0.415730744600296,-0.0020500700920820236,0.5900750756263733,0.41191110014915466,-0.0030870179180055857,0.5834956765174866,0.40727248787879944,-0.00425264798104763,0.5700659155845642,0.39399221539497375,-0.015110516920685768,0.6271374821662903,0.4327102303504944,0.015088740736246109,0.623641312122345,0.38285985589027405,0.005620017182081938,0.5632227659225464,0.4429566264152527,-0.027986373752355576,0.5804281234741211,0.4199925363063812,-0.009754267521202564,0.6390576958656311,0.39961448311805725,0.050559818744659424,0.5786314010620117,0.40211227536201477,-0.005029554013162851,0.5824169516563416,0.43626469373703003,-0.0075472695752978325,0.6140800714492798,0.394360214471817,0.005207564681768417,0.5766056776046753,0.4282361567020416,-0.021800687536597252,0.6287932395935059,0.45792877674102783,0.056119248270988464,0.5825992226600647,0.39404958486557007,0.00022539244673680514,0.571865975856781,0.42315247654914856,-0.02712939865887165,0.6061504483222961,0.49377375841140747,0.021791448816657066,0.6046713590621948,0.5031657814979553,0.033282894641160965,0.6323663592338562,0.43607622385025024,0.035833489149808884,0.615321695804596,0.4845585823059082,0.027919337153434753,0.6344475746154785,0.3819030523300171,0.024389395490288734,0.5790439248085022,0.5161807537078857,0.006508162245154381,0.562782347202301,0.44469693303108215,-0.02012374810874462,0.585902214050293,0.4263029098510742,-0.007749153766781092,0.6285878419876099,0.39816707372665405,0.01721450872719288,0.6032401919364929,0.40043821930885315,-0.001276019960641861,0.5980167388916016,0.4007343053817749,-0.0024363549891859293,0.5866393446922302,0.47687259316444397,-9.497525752522051e-05,0.6248127222061157,0.4495272934436798,0.017748992890119553,0.5685410499572754,0.5248055458068848,0.009398827329277992,0.5858206152915955,0.5172017812728882,0.019430024549365044,0.5941752195358276,0.5116844177246094,0.025493456050753593,0.5927058458328247,0.3993087112903595,-0.002304506953805685,0.5876636505126953,0.39684632420539856,-0.0011748801916837692,0.5843369960784912,0.3952946066856384,0.00018582059419713914,0.6281905174255371,0.38052093982696533,0.011096125468611717,0.5889679789543152,0.3880068361759186,-0.0028111517895013094,0.5945377945899963,0.3861570656299591,-0.004005332477390766,0.5998269319534302,0.38651707768440247,-0.004053004551678896,0.6048364043235779,0.3885105848312378,-0.0027126441709697247,0.6078843474388123,0.39102306962013245,-0.0008781204232946038,0.6393256187438965,0.37905174493789673,0.039932962507009506,0.6066198348999023,0.3990853428840637,0.00046884018229320645,0.580673336982727,0.45569345355033875,-0.009426342323422432,0.5749052166938782,0.44020524621009827,-0.017671721056103706,0.5689756274223328,0.4533621668815613,-0.014240975491702557,0.5963704586029053,0.5027298331260681,0.017420966178178787,0.5877422094345093,0.509416937828064,0.01236854400485754,0.5688682198524475,0.5204243063926697,0.0017294342396780849,0.6136013269424438,0.4928038716316223,0.04298247769474983,0.5846397280693054,0.3914649486541748,-0.0009862317238003016,0.5728966593742371,0.4078995883464813,-0.016902053728699684,0.5774869322776794,0.5218570232391357,0.013135991990566254,0.6284839510917664,0.45435184240341187,0.035936351865530014,0.5744106769561768,0.47385796904563904,-0.006119212601333857,0.5753746032714844,0.47736692428588867,-0.006939187180250883,0.5761315226554871,0.4818318486213684,-0.007947471924126148,0.5765140056610107,0.4870423376560211,-0.006961456034332514,0.5758253335952759,0.4920387864112854,-0.002335908589884639,0.5846183896064758,0.47222617268562317,-0.002075442112982273,0.5861145853996277,0.4713154137134552,-0.002190364757552743,0.5873956084251404,0.4702966511249542,-0.0024155601859092712,0.5921737551689148,0.46502119302749634,-0.0020012918394058943,0.6169185638427734,0.45264196395874023,0.0065443748608231544,0.5738476514816284,0.39957550168037415,-0.011804881505668163,0.5789926052093506,0.3845728933811188,-0.0035673421807587147,0.5824540257453918,0.3871052861213684,-0.0017117633251473308,0.583074152469635,0.47304144501686096,-0.0014693738194182515,0.6149908900260925,0.47225421667099,0.016347819939255714,0.5732694864273071,0.3825472295284271,-0.010321302339434624,0.5777776837348938,0.5003661513328552,0.0005715967854484916,0.5687857270240784,0.4031504988670349,-0.020608168095350266,0.576077938079834,0.42122870683670044,-0.016854871064424515,0.5681270956993103,0.5043776035308838,-0.0020522407721728086,0.5923274755477905,0.4849751889705658,0.005364155862480402,0.587587833404541,0.4431162178516388,-0.0058840312995016575,0.5854335427284241,0.49376529455184937,0.003329794155433774,0.6034935712814331,0.44383153319358826,-0.0044058323837816715,0.593835175037384,0.45156577229499817,-0.004414184018969536,0.6079641580581665,0.4571599066257477,0.00047553901094943285,0.5689064860343933,0.5135952234268188,-0.0014853092143312097,0.5794922709465027,0.426049143075943,-0.012866402044892311,0.5959745645523071,0.4928514361381531,0.010627917014062405,0.5873775482177734,0.501091718673706,0.007602274417877197,0.5986154675483704,0.47504091262817383,0.004636859521269798,0.6217154860496521,0.463415265083313,0.020657017827033997,0.605766773223877,0.4790000319480896,0.009821389801800251,0.6232885718345642,0.47065865993499756,0.034504763782024384,0.5987412929534912,0.46108049154281616,-0.0013147533172741532,0.576501727104187,0.413889080286026,-0.013001618906855583,0.5737950205802917,0.4376456141471863,-0.0247489046305418,0.577460527420044,0.4395080506801605,-0.018528588116168976,0.5712299346923828,0.4317723512649536,-0.0285427775233984,0.5846860408782959,0.37535348534584045,-0.005949281621724367,0.5954858660697937,0.36933985352516174,-0.0072138202376663685,0.604599118232727,0.3688727617263794,-0.006997895892709494,0.6118649840354919,0.37163451313972473,-0.0047604795545339584,0.616717517375946,0.37703266739845276,-0.0012819338589906693,0.6182889938354492,0.39526230096817017,0.007682519964873791,0.6350167393684387,0.41815170645713806,0.03369750455021858,0.6129425764083862,0.4076833724975586,0.0034603322856128216,0.6066757440567017,0.4094546139240265,0.0005640286253765225,0.5985043048858643,0.4094454348087311,-0.0013302344596013427,0.5906884074211121,0.40700945258140564,-0.002511344850063324,0.5845282673835754,0.4032225012779236,-0.0019655926153063774,0.5803899765014648,0.3996138572692871,-0.0023906228598207235,0.6366399526596069,0.41871052980422974,0.055857207626104355,0.5773987770080566,0.4412868618965149,-0.015539763495326042,0.5720574259757996,0.41532063484191895,-0.021286826580762863,0.569329559803009,0.4379696846008301,-0.028684569522738457,0.5663284063339233,0.4418979287147522,-0.025845998898148537,0.569547176361084,0.4394402503967285,-0.025884808972477913,0.576017439365387,0.44341841340065,-0.01318344846367836,0.5651057958602905,0.4425716996192932,-0.02724963240325451,0.5645878314971924,0.4442655146121979,-0.02033272385597229,0.5805186033248901,0.39361464977264404,-0.00027269069687463343,0.5773400664329529,0.39423125982284546,-0.0032018721103668213,0.5751627087593079,0.3948279321193695,-0.006611311342567205,0.6096211671829224,0.39294520020484924,0.0012604923686012626,0.6148014068603516,0.3872165381908417,0.0014880356611683965,0.5367398262023926,0.38645750284194946,0.004617950413376093,0.5427438020706177,0.3872418999671936,0.004617950413376093,0.537328839302063,0.37867462635040283,0.004617950413376093,0.5306372046470642,0.3856731951236725,0.004617950413376093,0.5361327528953552,0.39416250586509705,0.004617950413376093,0.5962037444114685,0.39291343092918396,-0.0009063392644748092,0.6023833751678467,0.39349788427352905,-0.0009063392644748092,0.5965855121612549,0.3856048882007599,-0.0009063392644748092,0.5901381373405457,0.3923007547855377,-0.0009063392644748092,0.5958689451217651,0.40015915036201477,-0.0009063392644748092
2566.666666666667,0.5643779039382935,0.4635385274887085,-0.0144852539524436,0.5619645714759827,0.4397334158420563,-0.031103232875466347,0.5623044967651367,0.44741857051849365,-0.01589823327958584,0.5595415234565735,0.41141703724861145,-0.02427411824464798,0.5624465346336365,0.4309844970703125,-0.03345683962106705,0.5634186267852783,0.41970276832580566,-0.031607888638973236,0.5660672187805176,0.39255332946777344,-0.01730695739388466,0.5259295105934143,0.3873697519302368,0.008193651214241982,0.5679905414581299,0.3676247000694275,-0.014182371087372303,0.5688241720199585,0.35492032766342163,-0.016086796298623085,0.5722053050994873,0.3128548264503479,-0.013349088840186596,0.5640645623207092,0.4676171541213989,-0.013616441749036312,0.5636833906173706,0.47181209921836853,-0.011718475259840488,0.5634056925773621,0.4745243787765503,-0.009022769518196583,0.5632078647613525,0.4747386574745178,-0.007532878313213587,0.5628980994224548,0.4797627925872803,-0.00820151623338461,0.5624592900276184,0.4855775535106659,-0.009188847616314888,0.561957597732544,0.4912998676300049,-0.008059214800596237,0.560319185256958,0.49532800912857056,-0.0022977632470428944,0.5619845390319824,0.4440770447254181,-0.02796930819749832,0.5573577284812927,0.44307589530944824,-0.01977156475186348,0.5077853202819824,0.3490449786186218,0.03582211583852768,0.541594386100769,0.39841166138648987,0.0009231804287992418,0.5355024933815002,0.3984804153442383,0.002019639126956463,0.5300923585891724,0.39634841680526733,0.004227155819535255,0.5237489342689514,0.38875216245651245,0.009764096699655056,0.5469751954078674,0.3962107300758362,0.0013601453974843025,0.5353436470031738,0.36539068818092346,-0.0012590469559654593,0.5421356558799744,0.36800703406333923,-0.0019132039742544293,0.5287920832633972,0.366213858127594,0.0015167063102126122,0.5244070291519165,0.36999768018722534,0.004346942063421011,0.5190461874008179,0.3922516703605652,0.01348105724900961,0.5398755669593811,0.5037892460823059,0.006850377656519413,0.5245214104652405,0.383465051651001,0.010466840118169785,0.5035567283630371,0.3865092694759369,0.040771882981061935,0.5135241746902466,0.3828912377357483,0.019707661122083664,0.534399688243866,0.4279846251010895,-0.002306598238646984,0.5563524961471558,0.46036118268966675,-0.013239332474768162,0.556329071521759,0.4703822731971741,-0.010276147164404392,0.548183023929596,0.4621172547340393,-0.008929850533604622,0.5426877737045288,0.46411222219467163,-0.003552616573870182,0.5500166416168213,0.4693116247653961,-0.007173549383878708,0.5450652241706848,0.46872231364250183,-0.002351188100874424,0.5356652736663818,0.47415316104888916,0.007446784991770983,0.5574491024017334,0.4390511214733124,-0.03035544417798519,0.5572547316551208,0.4305003583431244,-0.032445669174194336,0.516773521900177,0.35580214858055115,0.0070918952114880085,0.5481197237968445,0.4096984565258026,-0.0046348730102181435,0.5458731651306152,0.4343346655368805,-0.015491582453250885,0.5459274053573608,0.42978671193122864,-0.013940827921032906,0.5162282586097717,0.4243607819080353,0.007058378309011459,0.558397650718689,0.4200917184352875,-0.029424138367176056,0.5297676920890808,0.34726497530937195,-0.004582504741847515,0.5220682621002197,0.34919536113739014,0.0011482833651825786,0.5135287642478943,0.33337831497192383,0.02292555943131447,0.5549534559249878,0.3615102767944336,-0.01175257470458746,0.5476871132850647,0.37398162484169006,-0.0006351633346639574,0.5314577221870422,0.4652051329612732,0.008373230695724487,0.5089696049690247,0.4649953544139862,0.06084328517317772,0.5497707724571228,0.43967097997665405,-0.01349402405321598,0.5541080832481384,0.44276586174964905,-0.013869994319975376,0.5356765985488892,0.4673278033733368,0.007757297717034817,0.5372136831283569,0.4678473472595215,0.005950903054326773,0.519316554069519,0.3417009711265564,0.0037090007681399584,0.5456212162971497,0.43739694356918335,-0.012108960188925266,0.5403328537940979,0.35062098503112793,-0.009122793562710285,0.5398291349411011,0.3426673412322998,-0.01077771745622158,0.5373781323432922,0.31417208909988403,-0.0030957774724811316,0.5163583755493164,0.3411843180656433,0.011846236884593964,0.5392633080482483,0.33044230937957764,-0.0073541817255318165,0.5137354731559753,0.3505125343799591,0.011995905078947544,0.510421872138977,0.35387349128723145,0.022986525669693947,0.5561535954475403,0.46577200293540955,-0.012334125116467476,0.5490726828575134,0.4659109115600586,-0.00821699295192957,0.5438050627708435,0.466434508562088,-0.0033865475561469793,0.5509882569313049,0.44112658500671387,-0.012073593214154243,0.5364576578140259,0.4675999879837036,0.006821603514254093,0.5393610596656799,0.47111746668815613,0.0033413046039640903,0.5380614995956421,0.4681333303451538,0.0058065140619874,0.5520250797271729,0.4380369782447815,-0.021611260250210762,0.546022891998291,0.47036948800086975,-0.0014425310073420405,0.5508950352668762,0.4716281294822693,-0.004864661488682032,0.5567257404327393,0.4731537103652954,-0.007688869256526232,0.552396297454834,0.49385929107666016,-0.0013586747227236629,0.5537298917770386,0.489385187625885,-0.006921904627233744,0.5545069575309753,0.48363304138183594,-0.007812008261680603,0.5555232763290405,0.47790056467056274,-0.006753649562597275,0.5565654039382935,0.4733875095844269,-0.006114118732511997,0.5458822846412659,0.4705074429512024,-0.0001806726068025455,0.5444455146789551,0.4723859429359436,-0.0009269440779462457,0.5428013801574707,0.47497719526290894,-0.00163224374409765,0.5414487719535828,0.47792190313339233,-0.0003456835984252393,0.5377708673477173,0.45522183179855347,-0.0019130745204165578,0.503908634185791,0.42388617992401123,0.0672251507639885,0.5621305704116821,0.44580328464508057,-0.02021433413028717,0.5422664284706116,0.46941229701042175,0.0034957679454237223,0.5408238172531128,0.47017645835876465,0.0030956720001995564,0.5555474162101746,0.4460049271583557,-0.01385545264929533,0.547181248664856,0.4419049918651581,-0.0077368710190057755,0.5549007654190063,0.44443756341934204,-0.0140172578394413,0.5412905216217041,0.4134848117828369,-0.001872347667813301,0.5307779312133789,0.4171513020992279,0.0010334806283935905,0.5448571443557739,0.4329759478569031,-0.010408559814095497,0.5228486657142639,0.3213522732257843,0.009334680624306202,0.5254392027854919,0.33277565240859985,0.0018011352512985468,0.528034508228302,0.3391582667827606,-0.004115510266274214,0.5396319031715393,0.4816282093524933,0.004317020997405052,0.5539204478263855,0.34874454140663147,-0.014567555859684944,0.5536965131759644,0.3318421542644501,-0.01298302598297596,0.5532693266868591,0.31179627776145935,-0.010805000551044941,0.5258484482765198,0.393268346786499,0.0072421301156282425,0.5128642916679382,0.3967747390270233,0.017453016713261604,0.5506318211555481,0.3939337730407715,0.0017620384460315108,0.5189766883850098,0.37240779399871826,0.010379641316831112,0.5526078343391418,0.4047839343547821,-0.007190151140093803,0.5489177107810974,0.43215692043304443,-0.021561263129115105,0.5059862732887268,0.402948260307312,0.02501903474330902,0.5160080790519714,0.403950959444046,0.012151901610195637,0.5227746963500977,0.408471018075943,0.006214466877281666,0.5336030125617981,0.4093136489391327,0.0029185148887336254,0.5419654250144958,0.4073580801486969,0.0006431876681745052,0.5484139323234558,0.404214084148407,-0.001563238212838769,0.5606308579444885,0.39419397711753845,-0.014566375873982906,0.5051697492599487,0.4201292395591736,0.02434719167649746,0.5148621797561646,0.3686652183532715,0.013437661342322826,0.5592748522758484,0.4434855878353119,-0.02743658609688282,0.5481868982315063,0.4176255762577057,-0.007092054467648268,0.5032346844673157,0.38566529750823975,0.06030374392867088,0.5533066391944885,0.4002104699611664,-0.0030724871903657913,0.5443534255027771,0.43318161368370056,-0.004638016689568758,0.5218958258628845,0.3821161687374115,0.011979370377957821,0.5492966175079346,0.42658448219299316,-0.01962929777801037,0.5055810213088989,0.4441681504249573,0.06566806137561798,0.5513319373130798,0.390761137008667,0.0028892243281006813,0.5537279844284058,0.4224870502948761,-0.02559882216155529,0.5185436010360718,0.4836640954017639,0.02953930012881756,0.5201435089111328,0.49303722381591797,0.04080694913864136,0.5021861791610718,0.42223623394966125,0.04593023285269737,0.5115368962287903,0.472966730594635,0.03676798567175865,0.5067908763885498,0.3692389130592346,0.03349465876817703,0.5394545197486877,0.5107431411743164,0.01077783852815628,0.5600419044494629,0.44526997208595276,-0.019708460196852684,0.5424281358718872,0.4226461946964264,-0.004355756100267172,0.5089903473854065,0.38342225551605225,0.025972822681069374,0.5306732058525085,0.39295825362205505,0.0041107661090791225,0.5355827808380127,0.3947375416755676,0.0023204530589282513,0.5380841493606567,0.4722864627838135,0.004477827809751034,0.5055110454559326,0.4369305968284607,0.02698499523103237,0.548882782459259,0.5214345455169678,0.012127547524869442,0.534641683101654,0.5103696584701538,0.024832833558321,0.5282325148582458,0.5033244490623474,0.03191682696342468,0.5704030394554138,0.3340427875518799,-0.015449238941073418,0.5591427087783813,0.5240190625190735,0.009603134356439114,0.5408607125282288,0.3945446312427521,0.001679533626884222,0.5459914803504944,0.3930645287036896,0.002148360712453723,0.5494552850723267,0.39190781116485596,0.003098668297752738,0.5112273693084717,0.3655029237270355,0.019495844841003418,0.5462524890899658,0.3825830817222595,0.0006765944417566061,0.5411062836647034,0.3788205683231354,0.00011564252781681716,0.5359641313552856,0.3775869607925415,0.0008186993654817343,0.5309346914291382,0.37835079431533813,0.00288385059684515,0.5277332663536072,0.38019946217536926,0.0051003205589950085,0.5045955181121826,0.36559638381004333,0.04938654229044914,0.5276769995689392,0.39022308588027954,0.00636668037623167,0.5622033476829529,0.45322948694229126,-0.01398425456136465,0.5438926219940186,0.4524591863155365,-0.0062409453094005585,0.5496801137924194,0.43862515687942505,-0.01573542319238186,0.5544549226760864,0.4524065852165222,-0.012767564505338669,0.5671362280845642,0.38037577271461487,-0.013770543038845062,0.5262588262557983,0.4941819906234741,0.02397223189473152,0.5328776240348816,0.5023329257965088,0.017789797857403755,0.5480716228485107,0.5171641111373901,0.0045309714041650295,0.5139963030815125,0.48133060336112976,0.051613327115774155,0.5498192310333252,0.38753920793533325,0.0020271972753107548,0.5559319257736206,0.4072723984718323,-0.015602024272084236,0.5589375495910645,0.519528865814209,0.0023104071151465178,0.5411340594291687,0.5166410803794861,0.01739317923784256,0.5035614967346191,0.44080850481987,0.04584628716111183,0.5507441163063049,0.47185564041137695,-0.0033808157313615084,0.5492730140686035,0.47520995140075684,-0.004109528381377459,0.5479072332382202,0.47950050234794617,-0.004936950281262398,0.5468115210533142,0.48454004526138306,-0.0038595644291490316,0.545016884803772,0.48853790760040283,0.0010240119881927967,0.5410260558128357,0.46819230914115906,0.0022236667573451996,0.5397100448608398,0.4669754207134247,0.0024024751037359238,0.5386574268341064,0.46572989225387573,0.002347306814044714,0.5331822633743286,0.4592410624027252,0.003300822339951992,0.5112815499305725,0.44170695543289185,0.014560003764927387,0.5567814111709595,0.39891812205314636,-0.010497179813683033,0.5550877451896667,0.3817344307899475,-0.001962982816621661,0.5520769953727722,0.38351917266845703,0.0007191388867795467,0.5423628091812134,0.46934571862220764,0.002659446094185114,0.5120211839675903,0.46121981739997864,0.024630306288599968,0.559972882270813,0.38082441687583923,-0.00961630791425705,0.5421158671379089,0.4960736036300659,0.004182826261967421,0.5643172264099121,0.410652220249176,-0.026670563966035843,0.5600032210350037,0.40340617299079895,-0.020091025158762932,0.5651439428329468,0.4021832346916199,-0.02186969667673111,0.5512638688087463,0.4197007715702057,-0.014908663928508759,0.5591773390769958,0.5127842426300049,-0.001131393015384674,0.5597270131111145,0.5037370920181274,-0.001735371770337224,0.5503283143043518,0.5020239353179932,7.703878509346396e-05,0.5312511324882507,0.4783205986022949,0.011029227636754513,0.5389682054519653,0.4387889504432678,-0.0020942245610058308,0.536333441734314,0.4881581664085388,0.008011260069906712,0.5238121747970581,0.4360215663909912,0.0013855770230293274,0.532355010509491,0.4456357955932617,0.00040577256004326046,0.5187559723854065,0.4480153024196625,0.007286413572728634,0.548464298248291,0.5106724500656128,0.001147519564256072,0.5479989051818848,0.42383790016174316,-0.010349566116929054,0.5272027850151062,0.4849626421928406,0.016897791996598244,0.5337600111961365,0.4946317970752716,0.01267736591398716,0.5263899564743042,0.4674806594848633,0.01116903219372034,0.507229745388031,0.45116907358169556,0.02964937686920166,0.5194582939147949,0.4696460962295532,0.0170795526355505,0.506355345249176,0.45783373713493347,0.044215764850378036,0.5273075103759766,0.4538879692554474,0.004589982330799103,0.5522449612617493,0.4124166667461395,-0.010989046655595303,0.5503298044204712,0.43631917238235474,-0.02278357557952404,0.5473452210426331,0.4374290108680725,-0.016197456046938896,0.5528247952461243,0.43104761838912964,-0.026969462633132935,0.5507311224937439,0.3703787922859192,-0.0036740119103342295,0.5413902997970581,0.3614547848701477,-0.0037737234961241484,0.5329588055610657,0.3588075339794159,-0.002332204021513462,0.526042640209198,0.3601507544517517,0.0010408941889181733,0.521235466003418,0.3643742799758911,0.005288202315568924,0.5182411074638367,0.3825019299983978,0.014910544268786907,0.5020961761474609,0.40429461002349854,0.043819379061460495,0.5216261148452759,0.397072970867157,0.010245705023407936,0.5270357728004456,0.4010380804538727,0.0064605907537043095,0.534486711025238,0.40303662419319153,0.0034988089464604855,0.5419626235961914,0.40233340859413147,0.001256126444786787,0.5480300784111023,0.3998871445655823,0.0007444481016136706,0.5521939992904663,0.3972165882587433,-0.00025996926706284285,0.503433346748352,0.4046531617641449,0.06577838212251663,0.5475227236747742,0.4391822814941406,-0.013230041600763798,0.5551542043685913,0.4147176444530487,-0.01983698643743992,0.5539010763168335,0.4374580979347229,-0.027432654052972794,0.5568364262580872,0.44178178906440735,-0.025074701756238937,0.5540164113044739,0.43879812955856323,-0.024581357836723328,0.5488388538360596,0.441478967666626,-0.011192500591278076,0.5576699376106262,0.4427299201488495,-0.026605995371937752,0.5584579706192017,0.4445039629936218,-0.01971280574798584,0.5531347990036011,0.39081841707229614,0.0018622659845277667,0.5555393099784851,0.39234691858291626,-0.001667702803388238,0.5570993423461914,0.3935791552066803,-0.005387535318732262,0.525937020778656,0.3817947506904602,0.007499579340219498,0.5218635201454163,0.3748127818107605,0.008127622306346893,0.5691078305244446,0.4123571813106537,-0.025102121755480766,0.6098549365997314,0.3972777724266052,0.0021702314261347055,0.5675216317176819,0.4441007673740387,-0.020406965166330338,0.6379904747009277,0.36247867345809937,0.026874123141169548,0.5925533771514893,0.40358421206474304,-0.002976504387333989,0.5988401770591736,0.40507444739341736,-0.0026375590823590755,0.6047910451889038,0.40444910526275635,-0.0011814454337581992,0.6124393939971924,0.39970484375953674,0.003358993213623762,0.587195098400116,0.400156706571579,-0.0017057942459359765,0.6027029156684875,0.3752332031726837,-0.006273828912526369,0.5955715179443359,0.3758825957775116,-0.005885510239750147,0.6092638373374939,0.3774529993534088,-0.0042327395640313625,0.6133434772491455,0.38181161880493164,-0.0018548460211604834,0.6175354719161987,0.4042675495147705,0.006673293188214302,0.5803507566452026,0.5084669589996338,0.003963041119277477,0.6119848489761353,0.3945345878601074,0.004154713824391365,0.6368082761764526,0.40064066648483276,0.03158614784479141,0.6247926354408264,0.3970509469509125,0.012088734656572342,0.5947248339653015,0.43419474363327026,-0.006332521326839924,0.5726656317710876,0.4620717763900757,-0.014414642937481403,0.5711556077003479,0.4718944728374481,-0.011404845863580704,0.580288827419281,0.4653692841529846,-0.011284950189292431,0.585157573223114,0.46826955676078796,-0.0067367590963840485,0.5773901343345642,0.4720796048641205,-0.009331772103905678,0.5822079181671143,0.47235092520713806,-0.005125179886817932,0.5897968411445618,0.4796275794506073,0.003433546284213662,0.5666950941085815,0.4399619996547699,-0.030869098380208015,0.5677918195724487,0.43148839473724365,-0.033078551292419434,0.6237668991088867,0.3700267970561981,-0.00021025288151577115,0.58323073387146,0.41318845748901367,-0.007257993333041668,0.5808815956115723,0.43770134449005127,-0.01792154647409916,0.5816799402236938,0.4331953823566437,-0.01647605001926422,0.6143402457237244,0.4346946179866791,0.0005210841773077846,0.5685120224952698,0.4210263192653656,-0.030243070796132088,0.6097008585929871,0.35901498794555664,-0.009592549875378609,0.6181612014770508,0.3624209761619568,-0.005201259162276983,0.6329256296157837,0.34550750255584717,0.014848887920379639,0.5810719728469849,0.36766254901885986,-0.013382935896515846,0.5891712307929993,0.3798210918903351,-0.0038627851754426956,0.5953084230422974,0.47151151299476624,0.0036239277105778456,0.6223791837692261,0.47729116678237915,0.0527305006980896,0.5763709545135498,0.44222915172576904,-0.015338159166276455,0.5715442895889282,0.4444710314273834,-0.014793523587286472,0.5913716554641724,0.4724622964859009,0.0035968669690191746,0.589785635471344,0.4726964831352234,0.0022399506997317076,0.6221932172775269,0.35566508769989014,-0.003073768224567175,0.5812035202980042,0.44080764055252075,-0.014490857720375061,0.5977210998535156,0.3602892756462097,-0.012601182796061039,0.5989722609519958,0.3523194491863251,-0.014330266043543816,0.6083666682243347,0.3210223317146301,-0.007752516306936741,0.6273937821388245,0.35276591777801514,0.004452788271009922,0.6030247807502747,0.3368415832519531,-0.011404554359614849,0.6278683543205261,0.3656858205795288,0.004201037809252739,0.6329013705253601,0.3668493926525116,0.014603887684643269,0.5720831751823425,0.467425674200058,-0.013531099073588848,0.5788871049880981,0.4689457416534424,-0.010507132858037949,0.5837880969047546,0.47031840682029724,-0.006378078367561102,0.5750288963317871,0.4434419572353363,-0.013520866632461548,0.5905543565750122,0.47259098291397095,0.002932674717158079,0.5870968699455261,0.47546225786209106,6.5828389779198915e-06,0.5889374017715454,0.4728246331214905,0.002207284327596426,0.5734639763832092,0.44012874364852905,-0.023252086713910103,0.5809203386306763,0.473763108253479,-0.004062848165631294,0.5760658383369446,0.47416314482688904,-0.006864274386316538,0.570250391960144,0.4745437502861023,-0.008842997252941132,0.5686105489730835,0.4957128167152405,-0.0024434253573417664,0.5703861117362976,0.4908807575702667,-0.008135057054460049,0.570518434047699,0.48508504033088684,-0.009100234135985374,0.5703936815261841,0.4792943000793457,-0.008016610518097878,0.5700284242630005,0.4746713638305664,-0.007316515315324068,0.5807951092720032,0.4737302362918854,-0.002813478000462055,0.5819510221481323,0.47581401467323303,-0.0035416053142398596,0.5831509232521057,0.4785994589328766,-0.00431989086791873,0.583960771560669,0.4816819429397583,-0.003164727473631501,0.5885106325149536,0.46031343936920166,-0.005422631744295359,0.6337364912033081,0.43788984417915344,0.058288175612688065,0.5845248103141785,0.47330740094184875,0.00028400743030942976,0.5858246684074402,0.4743083417415619,-0.00013514318561647087,0.5696930289268494,0.4474623501300812,-0.01476345956325531,0.5794715285301208,0.44503092765808105,-0.009629490785300732,0.5705351829528809,0.44603508710861206,-0.014909676276147366,0.5897862911224365,0.418410986661911,-0.005357574205845594,0.6000287532806396,0.4243484139442444,-0.0036932635121047497,0.5827599763870239,0.4366444945335388,-0.013007535599172115,0.6236424446105957,0.3313466012477875,0.00272109592333436,0.6180695295333862,0.34231194853782654,-0.004145003855228424,0.6123587489128113,0.35105037689208984,-0.009478083811700344,0.5841013789176941,0.4863576889038086,0.0010531211737543344,0.5833966135978699,0.35539719462394714,-0.01629994995892048,0.5876405239105225,0.335220068693161,-0.015050430782139301,0.591766357421875,0.3154349625110626,-0.01315165776759386,0.6096042990684509,0.40302661061286926,0.0011853091418743134,0.6236645579338074,0.41000163555145264,0.009893301874399185,0.5836948156356812,0.39719724655151367,-0.0009754204074852169,0.6194369792938232,0.38535964488983154,0.0034022023901343346,0.5791142582893372,0.4073807895183563,-0.009278400801122189,0.5773167610168457,0.4348927438259125,-0.023518361151218414,0.6298705339431763,0.41611090302467346,0.016534479334950447,0.619313657283783,0.41595402359962463,0.0050446209497749805,0.6114656329154968,0.41832682490348816,7.613393245264888e-05,0.5998684167861938,0.41648831963539124,-0.0018028226913884282,0.5912334322929382,0.41250374913215637,-0.0029644707683473825,0.5846821665763855,0.4077989161014557,-0.00427033007144928,0.5715139508247375,0.3952195942401886,-0.015442872419953346,0.6279392838478088,0.4332454204559326,0.015864189714193344,0.6246008276939392,0.38302403688430786,0.00579415075480938,0.564797043800354,0.4440259039402008,-0.02785548008978367,0.5817582011222839,0.42092519998550415,-0.009613669477403164,0.6395407319068909,0.3998907208442688,0.05098045617341995,0.5798194408416748,0.40264004468917847,-0.0051604509353637695,0.5837429165840149,0.43701085448265076,-0.007210173178464174,0.615083634853363,0.3941333293914795,0.0053957742638885975,0.5780587792396545,0.42931726574897766,-0.021629005670547485,0.629108726978302,0.45764321088790894,0.05709792673587799,0.5835323333740234,0.39421138167381287,6.598697655135766e-05,0.5733842849731445,0.4243497848510742,-0.027060555294156075,0.6068729758262634,0.49337702989578247,0.023076973855495453,0.6052364110946655,0.5024123787879944,0.034567561000585556,0.6329237222671509,0.43634071946144104,0.03668713942170143,0.6159656643867493,0.4842669665813446,0.02919088490307331,0.6352380514144897,0.382798433303833,0.024601031094789505,0.5801297426223755,0.5155296921730042,0.0076765576377511024,0.5643271207809448,0.44567376375198364,-0.01996833086013794,0.5871826410293579,0.4271281063556671,-0.007490969263017178,0.6299157738685608,0.3987720012664795,0.017594097182154655,0.6041760444641113,0.4006351828575134,-0.0011539917904883623,0.5989770293235779,0.4010925889015198,-0.0023702890612185,0.5881752967834473,0.47683000564575195,0.0009219354833476245,0.6255874037742615,0.4498636722564697,0.01869923062622547,0.5696984529495239,0.5238438844680786,0.010453658178448677,0.5866658687591553,0.5162845253944397,0.020654087886214256,0.5948734283447266,0.5108298063278198,0.02676013857126236,0.5936516523361206,0.3996788263320923,-0.0023137645330280066,0.5885759592056274,0.39713841676712036,-0.0012550425017252564,0.5852553248405457,0.3955118954181671,4.606158472597599e-05,0.6292284727096558,0.38082998991012573,0.011295609176158905,0.5898147821426392,0.3882846236228943,-0.0029153774958103895,0.5953488945960999,0.3864682912826538,-0.004064301960170269,0.6006326079368591,0.3867739737033844,-0.004053028300404549,0.6056492328643799,0.38862863183021545,-0.002645772648975253,0.6087366342544556,0.39097678661346436,-0.0007585713756270707,0.6399686336517334,0.379624605178833,0.04012098163366318,0.6075589656829834,0.3991186022758484,0.0006229295395314693,0.5820460915565491,0.4562089741230011,-0.008861208334565163,0.5763400197029114,0.44120776653289795,-0.017441149801015854,0.5704611539840698,0.45405206084251404,-0.013891678303480148,0.5971782803535461,0.5022162199020386,0.01869831047952175,0.5886788964271545,0.5088155269622803,0.013602085411548615,0.5700988173484802,0.5197749733924866,0.0027946357149630785,0.6140750646591187,0.4921551048755646,0.04423704743385315,0.5855283141136169,0.391671746969223,-0.0011304112849757075,0.574334979057312,0.40906694531440735,-0.017010986804962158,0.5784892439842224,0.5209087133407593,0.014294181950390339,0.629012942314148,0.45440471172332764,0.03696668520569801,0.5758952498435974,0.4741959571838379,-0.005410502199083567,0.5768510103225708,0.47773104906082153,-0.006188412196934223,0.5775644779205322,0.482133150100708,-0.007129546720534563,0.5778823494911194,0.48722320795059204,-0.006093600299209356,0.5771346092224121,0.4920359253883362,-0.0013967260019853711,0.5861574411392212,0.47244691848754883,-0.0011793270241469145,0.5875849723815918,0.47148945927619934,-0.0012680413201451302,0.588792622089386,0.47046035528182983,-0.001488434849306941,0.5934919118881226,0.46524420380592346,-0.0010806429199874401,0.6178881525993347,0.453097939491272,0.007411045487970114,0.5752360820770264,0.4007198214530945,-0.012005344964563847,0.5800071358680725,0.3852907121181488,-0.003865494392812252,0.5833762884140015,0.3875211179256439,-0.0019312379881739616,0.5846545100212097,0.4733404517173767,-0.0005610572407022119,0.6158372759819031,0.47232550382614136,0.01745176687836647,0.5744142532348633,0.3835853338241577,-0.010717946104705334,0.5790365934371948,0.500216007232666,0.0015787237789481878,0.5702731013298035,0.4043903052806854,-0.020848946645855904,0.5774939656257629,0.42228493094444275,-0.016771720722317696,0.5694674253463745,0.504217267036438,-0.0011930953478440642,0.5934573411941528,0.4849259853363037,0.006482257973402739,0.5888654589653015,0.4437669515609741,-0.005424024537205696,0.5866097211837769,0.49364712834358215,0.004420043434947729,0.6046704053878784,0.4445304572582245,-0.0037955534644424915,0.5950703024864197,0.45212721824645996,-0.003753873985260725,0.6090631484985352,0.45763105154037476,0.0013302307343110442,0.5702065229415894,0.5132452249526978,-0.0005148080526851118,0.5808463096618652,0.4269796907901764,-0.012679791077971458,0.5969421863555908,0.49263060092926025,0.011820401065051556,0.588444709777832,0.5007771849632263,0.008757798001170158,0.5997511744499207,0.4751192033290863,0.005721789784729481,0.6224585175514221,0.4635429382324219,0.021732395514845848,0.6067287921905518,0.4790084958076477,0.010946134105324745,0.6238390803337097,0.4705115258693695,0.03570276126265526,0.5999419093132019,0.46143436431884766,-0.00045730944839306176,0.577884316444397,0.4149421453475952,-0.012977785430848598,0.5752809643745422,0.43876296281814575,-0.024540385231375694,0.5788966417312622,0.44048961997032166,-0.01825442537665367,0.572777271270752,0.4329777956008911,-0.028423232957720757,0.5855711698532104,0.37622132897377014,-0.006254738662391901,0.5962861180305481,0.3700275421142578,-0.007477949373424053,0.6053637862205505,0.36928579211235046,-0.007164887152612209,0.6126182079315186,0.37183475494384766,-0.00481405109167099,0.6175228357315063,0.3769990801811218,-0.0012526818318292499,0.6193784475326538,0.395357221364975,0.007914919406175613,0.6356104016304016,0.4185970425605774,0.034381333738565445,0.6140181422233582,0.40807345509529114,0.003775798948481679,0.6077483892440796,0.4100536108016968,0.0008128536283038557,0.5996022820472717,0.41000160574913025,-0.0011668725637719035,0.5917917490005493,0.4074992835521698,-0.0024262790102511644,0.5856466293334961,0.403629869222641,-0.0020286545623093843,0.5815170407295227,0.4000077247619629,-0.0025166047271341085,0.637039303779602,0.4187923073768616,0.05647997558116913,0.5788189768791199,0.4421680271625519,-0.015250970609486103,0.5735366940498352,0.4165061414241791,-0.02129928395152092,0.5708818435668945,0.4391366243362427,-0.028532184660434723,0.5678814053535461,0.4429563581943512,-0.025698652490973473,0.5710726380348206,0.4405512511730194,-0.02571810968220234,0.577443540096283,0.4442076086997986,-0.01290071476250887,0.5666732788085938,0.4436408281326294,-0.02710753120481968,0.5661249756813049,0.4452458918094635,-0.020170072093605995,0.5815119743347168,0.3938746750354767,-0.0004727495543193072,0.5784480571746826,0.3947092592716217,-0.0034329353366047144,0.5763550996780396,0.3954666256904602,-0.006876680534332991,0.6105351448059082,0.3927929401397705,0.0014049832243472338,0.6156945824623108,0.3870004713535309,0.0016357568092644215,0.5379607081413269,0.3874123990535736,0.0037747540045529604,0.5439647436141968,0.38828226923942566,0.0037747540045529604,0.538579523563385,0.3797557055950165,0.0037747540045529604,0.5318532586097717,0.3865458071231842,0.0037747540045529604,0.5373222827911377,0.3950129449367523,0.0037747540045529604,0.5973678827285767,0.3932463824748993,-0.0008872277685441077,0.6035419702529907,0.39386287331581116,-0.0008872277685441077,0.5977069139480591,0.38576608896255493,-0.0008872277685441077,0.5913023352622986,0.39260193705558777,-0.0008872277685441077,0.5970675945281982,0.4006713330745697,-0.0008872277685441077
2600.0000000000005,0.5653735995292664,0.4645892381668091,-0.014251263812184334,0.563408613204956,0.4406071901321411,-0.030834540724754333,0.5636063814163208,0.4482158124446869,-0.015670815482735634,0.5609899759292603,0.4121609032154083,-0.024197036400437355,0.5639255046844482,0.4318716824054718,-0.03319914638996124,0.5648801326751709,0.4205404818058014,-0.031399551779031754,0.5674510598182678,0.39323529601097107,-0.017310556024312973,0.5271637439727783,0.3885568678379059,0.007628660649061203,0.569358229637146,0.36830663681030273,-0.014320611022412777,0.5702148675918579,0.35565662384033203,-0.016279131174087524,0.5736327767372131,0.3139037787914276,-0.01366148330271244,0.5650379061698914,0.4684869647026062,-0.013380755670368671,0.5646215081214905,0.472439706325531,-0.011478829197585583,0.564305305480957,0.47496268153190613,-0.00876891240477562,0.5640543103218079,0.47532424330711365,-0.007294520735740662,0.5637374520301819,0.4801572263240814,-0.007919847033917904,0.563275933265686,0.48574644327163696,-0.008866528980433941,0.5627347230911255,0.4911918640136719,-0.0076949745416641235,0.5612156987190247,0.4962279200553894,-0.001887304475530982,0.563378632068634,0.4449124038219452,-0.027705101296305656,0.5587348937988281,0.4438278377056122,-0.019585728645324707,0.5089588761329651,0.3494727909564972,0.03481774032115936,0.5428124666213989,0.39951637387275696,0.0005417760112322867,0.5366637110710144,0.39958709478378296,0.001584466197527945,0.5312356352806091,0.39740195870399475,0.0037358589470386505,0.5249565839767456,0.38986334204673767,0.009180862456560135,0.54826819896698,0.3972468972206116,0.0010163584956899285,0.5366786122322083,0.3664553761482239,-0.0017405097605660558,0.54350745677948,0.36899009346961975,-0.002342764288187027,0.5301029086112976,0.36734917759895325,0.0009778642561286688,0.5256993770599365,0.37117496132850647,0.003768605412915349,0.5202226042747498,0.39313068985939026,0.012861039489507675,0.5408790707588196,0.5046524405479431,0.007028897292912006,0.5257852673530579,0.3846946656703949,0.009861509315669537,0.5047088861465454,0.38680168986320496,0.03982725366950035,0.5147740840911865,0.38373756408691406,0.01897818222641945,0.5358712673187256,0.42864206433296204,-0.002501922892406583,0.5575143694877625,0.46159183979034424,-0.013080195523798466,0.5573788285255432,0.4710763096809387,-0.010115591809153557,0.5493747591972351,0.4633619785308838,-0.008882002905011177,0.5437861680984497,0.46521681547164917,-0.0036336106713861227,0.5511029958724976,0.4701095223426819,-0.007121343165636063,0.5460978746414185,0.46954166889190674,-0.002405973384156823,0.5369001030921936,0.47497808933258057,0.007277203723788261,0.5589156150817871,0.43988683819770813,-0.030124451965093613,0.5587522983551025,0.43134814500808716,-0.032232094556093216,0.5181853771209717,0.35700365900993347,0.006393042858690023,0.549522340297699,0.4102977216243744,-0.004829669836908579,0.5473882555961609,0.4350869059562683,-0.015464874915778637,0.5474434494972229,0.4305257797241211,-0.013945706188678741,0.517794132232666,0.4249817430973053,0.0066208201460540295,0.5598813891410828,0.42089956998825073,-0.02927367202937603,0.5312449336051941,0.34841489791870117,-0.005122458562254906,0.5235228538513184,0.35042569041252136,0.0005027548177167773,0.5147811770439148,0.3339122533798218,0.02199280634522438,0.5564229488372803,0.36228740215301514,-0.012012168765068054,0.5490813255310059,0.37490952014923096,-0.0010191918117925525,0.5327954888343811,0.46601250767707825,0.008127854205667973,0.5101709961891174,0.4652279019355774,0.06015200912952423,0.551216185092926,0.44040173292160034,-0.013419506140053272,0.5554875731468201,0.443512499332428,-0.013727188110351562,0.5364478230476379,0.4680326581001282,0.007510379888117313,0.5380098223686218,0.4685727655887604,0.005730755627155304,0.5208078026771545,0.3429311215877533,0.0030024244915694,0.5471016764640808,0.43814927339553833,-0.012087034992873669,0.5418047904968262,0.35157686471939087,-0.009527972899377346,0.5413403511047363,0.3436008393764496,-0.01120272371917963,0.5388259887695312,0.31498000025749207,-0.003737635212019086,0.5176690816879272,0.3417268395423889,0.0110032819211483,0.5406994223594666,0.3311833441257477,-0.007926464080810547,0.515177309513092,0.3516100347042084,0.011230040341615677,0.5116746425628662,0.3543160557746887,0.022074302658438683,0.5572654008865356,0.4667295217514038,-0.012177434749901295,0.5502068400382996,0.4669155478477478,-0.008169438689947128,0.5448679327964783,0.46739357709884644,-0.0034526465460658073,0.5524061918258667,0.4418673515319824,-0.01198866218328476,0.5372447967529297,0.4683176279067993,0.006587218027561903,0.5401970148086548,0.4716181457042694,0.0031859937589615583,0.5388575792312622,0.46886563301086426,0.005591211840510368,0.5535012483596802,0.4387657940387726,-0.021498192101716995,0.5470200777053833,0.4710789620876312,-0.0014783578226342797,0.5519281625747681,0.47225943207740784,-0.004795995075255632,0.5577126741409302,0.47364541888237,-0.007521363440901041,0.553403913974762,0.49472033977508545,-0.0010360174346715212,0.5545021295547485,0.4892294704914093,-0.006653001997619867,0.5553199052810669,0.483773410320282,-0.0075820391066372395,0.5563744306564331,0.47828221321105957,-0.006565527990460396,0.5574566125869751,0.47396326065063477,-0.00596122071146965,0.5468007922172546,0.47113507986068726,-0.00023198155395220965,0.5453323125839233,0.47287705540657043,-0.0009504065965302289,0.5436576008796692,0.47529998421669006,-0.0016407675575464964,0.5422629117965698,0.4780650734901428,-0.0003690174489747733,0.5391953587532043,0.45598748326301575,-0.0020386208780109882,0.5050435662269592,0.4240821897983551,0.06630647927522659,0.5634794235229492,0.44661086797714233,-0.019977355375885963,0.5431498885154724,0.47008010745048523,0.003337446367368102,0.5416831970214844,0.47076940536499023,0.0029506853315979242,0.5569009184837341,0.4467681348323822,-0.013691478408873081,0.5486052632331848,0.44266510009765625,-0.007689869496971369,0.5562658309936523,0.4451911151409149,-0.013865678571164608,0.542723536491394,0.41409456729888916,-0.002119191689416766,0.5322522521018982,0.4177814722061157,0.0007156698266044259,0.5463467836380005,0.4337111711502075,-0.010426918044686317,0.5241977572441101,0.32200297713279724,0.008519833907485008,0.5268024802207947,0.3334119915962219,0.0010762984165921807,0.529551088809967,0.340281218290329,-0.004704296588897705,0.5408056378364563,0.4824827313423157,0.004271941725164652,0.5554469227790833,0.349466472864151,-0.014864187687635422,0.5551483631134033,0.33268335461616516,-0.013410151936113834,0.5547465085983276,0.3127414882183075,-0.011271563358604908,0.5270136594772339,0.394340455532074,0.006698958575725555,0.5140305161476135,0.3974904417991638,0.016781583428382874,0.5519675612449646,0.39492616057395935,0.001432312186807394,0.5202586054801941,0.37353211641311646,0.00971354078501463,0.5539940595626831,0.4053833782672882,-0.007350558880716562,0.5504438281059265,0.43291395902633667,-0.021480882540345192,0.5073609948158264,0.4033506214618683,0.024268578737974167,0.5170871615409851,0.4046449363231659,0.011563695967197418,0.5238322019577026,0.4091499149799347,0.0057338871993124485,0.5346866846084595,0.4101133942604065,0.0025419783778488636,0.5430988073348999,0.4082564115524292,0.000335365766659379,0.5496216416358948,0.4051333963871002,-0.0018163654021918774,0.5620247721672058,0.39483699202537537,-0.014636734500527382,0.5066819787025452,0.42059236764907837,0.023666391149163246,0.5161543488502502,0.3696717917919159,0.012713043950498104,0.560685932636261,0.4442978799343109,-0.02719864435493946,0.5496312975883484,0.41827595233917236,-0.007216719910502434,0.5042587518692017,0.385915070772171,0.05925681069493294,0.5545606017112732,0.4011295437812805,-0.003297126851975918,0.5458237528800964,0.433904230594635,-0.0046982658095657825,0.5231518745422363,0.3833334743976593,0.011350705288350582,0.5508167743682861,0.42733436822891235,-0.019584739580750465,0.5067630410194397,0.4443857669830322,0.0648496076464653,0.5526902675628662,0.3917500376701355,0.0025286595337092876,0.5552247166633606,0.4232582449913025,-0.025498881936073303,0.5197436809539795,0.4841848313808441,0.0292114969342947,0.5212278962135315,0.49350786209106445,0.040450189262628555,0.5035421848297119,0.42253604531288147,0.04509256035089493,0.5128887891769409,0.47334709763526917,0.03629152476787567,0.5079846978187561,0.36958712339401245,0.03254825994372368,0.5403397083282471,0.5116664171218872,0.010973555967211723,0.5614058375358582,0.446059912443161,-0.01949089765548706,0.5438755750656128,0.42330262064933777,-0.004507661797106266,0.5102487206459045,0.3841608464717865,0.02517014741897583,0.5318609476089478,0.39411595463752747,0.00361575442366302,0.5367789268493652,0.39588841795921326,0.00187014346010983,0.5388940572738647,0.4726981222629547,0.004309392999857664,0.5070788264274597,0.4373829960823059,0.026368658989667892,0.5496328473091125,0.5225427746772766,0.01245752815157175,0.5354848504066467,0.511184811592102,0.0248259287327528,0.5291623473167419,0.5039823055267334,0.03173581138253212,0.5718113780021667,0.33496180176734924,-0.01573379524052143,0.5598711371421814,0.5251867771148682,0.010058271698653698,0.5421026945114136,0.3956696093082428,0.001270976266823709,0.5473039746284485,0.3941262662410736,0.0017671252135187387,0.550805389881134,0.3929266929626465,0.0027255271561443806,0.5125280022621155,0.3664097189903259,0.018699737265706062,0.5476254820823669,0.3834931552410126,0.00028070135158486664,0.5424576997756958,0.37973475456237793,-0.00031867294455878437,0.5372628569602966,0.3785291016101837,0.0003410391800571233,0.5321959257125854,0.3793562054634094,0.0023599115666002035,0.5289878249168396,0.38129016757011414,0.004549700301140547,0.5056925415992737,0.36592966318130493,0.04833941161632538,0.5288780331611633,0.3913874626159668,0.0058337305672466755,0.5634362101554871,0.45401731133461,-0.013757399283349514,0.5453034043312073,0.453235387802124,-0.006250813137739897,0.5511448979377747,0.4393496811389923,-0.01565999910235405,0.5557698607444763,0.45317742228507996,-0.012614277191460133,0.5684931874275208,0.38104864954948425,-0.013846738263964653,0.5272896885871887,0.4948369860649109,0.023804685100913048,0.5338273644447327,0.5031240582466125,0.01780623011291027,0.5488997101783752,0.5181901454925537,0.004907119553536177,0.515182375907898,0.48163601756095886,0.05107704550027847,0.5511940121650696,0.38849174976348877,0.0016463258070871234,0.5573581457138062,0.40793749690055847,-0.015646612271666527,0.5597085356712341,0.520643949508667,0.0028165641706436872,0.5419228076934814,0.5176260471343994,0.017558686435222626,0.504977822303772,0.44110044836997986,0.04510923847556114,0.5516679286956787,0.4724678099155426,-0.003329488215968013,0.5501546263694763,0.47562524676322937,-0.004029006697237492,0.5487486124038696,0.4796917736530304,-0.004838321357965469,0.5476059913635254,0.4844648838043213,-0.0037537317257374525,0.5461228489875793,0.48940300941467285,0.0011399160139262676,0.5419601798057556,0.4689886271953583,0.0020618527196347713,0.5406501293182373,0.4678207337856293,0.0022148778662085533,0.5396096706390381,0.4666387438774109,0.002150529995560646,0.5345948338508606,0.4600406289100647,0.0030696154572069645,0.5128876566886902,0.4422697424888611,0.014110716059803963,0.5581688284873962,0.39953726530075073,-0.010614623315632343,0.5564911365509033,0.3826422095298767,-0.002245961921289563,0.5534647703170776,0.38444843888282776,0.0003638451744336635,0.5432658791542053,0.47009867429733276,0.0025141576770693064,0.513498842716217,0.4617212116718292,0.024192439392209053,0.5613691210746765,0.3817046880722046,-0.009786772541701794,0.5431951880455017,0.49692457914352417,0.004341457970440388,0.5657508969306946,0.41141772270202637,-0.02653121016919613,0.561424970626831,0.40409231185913086,-0.020082222297787666,0.5665537714958191,0.4028949439525604,-0.021807827055454254,0.5527409911155701,0.42040443420410156,-0.014927541837096214,0.5600088238716125,0.5138167142868042,-0.0006404648302122951,0.5606009364128113,0.504690408706665,-0.0012739311205223203,0.5513200163841248,0.5029128193855286,0.00043334640213288367,0.5324451327323914,0.47906923294067383,0.010856068693101406,0.5404108166694641,0.4394952058792114,-0.0022040498442947865,0.5374542474746704,0.4889633357524872,0.007991422899067402,0.5253483057022095,0.43668097257614136,0.001131041906774044,0.5338104963302612,0.4463365077972412,0.0002205094788223505,0.5202884078025818,0.4486623704433441,0.006978233344852924,0.549394965171814,0.5116167068481445,0.0015118042938411236,0.5494810342788696,0.42453572154045105,-0.01040378026664257,0.5283321142196655,0.4856666624546051,0.01672038808465004,0.5348194241523743,0.4954226016998291,0.012682991102337837,0.5277101993560791,0.4681979715824127,0.0109062185510993,0.508762776851654,0.45159396529197693,0.029095986858010292,0.5208024382591248,0.4702697694301605,0.016760092228651047,0.50776606798172,0.4581255316734314,0.043580327183008194,0.5287525057792664,0.45462003350257874,0.0043427599593997,0.553680419921875,0.4130696654319763,-0.011078662239015102,0.5518338084220886,0.4370652437210083,-0.022677361965179443,0.54883873462677,0.4381728172302246,-0.016132138669490814,0.5543365478515625,0.43183985352516174,-0.026831306517124176,0.5521632432937622,0.37126681208610535,-0.004022655077278614,0.5428066253662109,0.36246177554130554,-0.004208745900541544,0.5343573689460754,0.3599089980125427,-0.002846562070772052,0.527411699295044,0.36129310727119446,0.00045227553346194327,0.5225606560707092,0.36556026339530945,0.004643298219889402,0.5194934606552124,0.38353288173675537,0.01424132939428091,0.5033411383628845,0.40458109974861145,0.04290643334388733,0.5227660536766052,0.39796069264411926,0.009679392911493778,0.528147280216217,0.40190404653549194,0.005968015640974045,0.5356175899505615,0.40399205684661865,0.00308248121291399,0.5431460738182068,0.40334415435791016,0.0009100358583964407,0.5492849349975586,0.4008697271347046,0.00044131430331617594,0.5534898638725281,0.3981618881225586,-0.0005274348077364266,0.5044776797294617,0.4048614203929901,0.06476951390504837,0.548987627029419,0.4399363100528717,-0.013175071217119694,0.5566203594207764,0.4154376983642578,-0.01981389708817005,0.5553838610649109,0.43823596835136414,-0.02725823223590851,0.5582471489906311,0.44254469871520996,-0.024870136752724648,0.555479109287262,0.43954548239707947,-0.024420328438282013,0.550272524356842,0.4422387480735779,-0.011120950803160667,0.5590843558311462,0.44351962208747864,-0.02638109214603901,0.5598286986351013,0.44527319073677063,-0.019511975347995758,0.5545012950897217,0.39178624749183655,0.0015438294503837824,0.556878924369812,0.39327478408813477,-0.001912635751068592,0.5584089756011963,0.3944946229457855,-0.00557401729747653,0.5271958708763123,0.38295671343803406,0.0069238548167049885,0.5231377482414246,0.37603598833084106,0.007515930105000734,0.5704907178878784,0.4131368398666382,-0.024920158088207245,0.6107034683227539,0.39863210916519165,0.0023523764684796333,0.5688022971153259,0.4449171721935272,-0.020140474662184715,0.6385180354118347,0.3632352948188782,0.026951005682349205,0.5933822393417358,0.40506482124328613,-0.0028716253582388163,0.5996770858764648,0.40649574995040894,-0.0024874245282262564,0.6055944561958313,0.40578922629356384,-0.0009986264631152153,0.6131373643875122,0.4009872078895569,0.003569148015230894,0.5880194306373596,0.4016713798046112,-0.0016652034828439355,0.6037437915802002,0.3765072822570801,-0.006132838781923056,0.5966202616691589,0.37711530923843384,-0.005825163796544075,0.6102367043495178,0.37882620096206665,-0.004061120096594095,0.614203691482544,0.3832573890686035,-0.001669669640250504,0.6180606484413147,0.4054059684276581,0.006906109396368265,0.5810379385948181,0.5094250440597534,0.004501412156969309,0.6127868890762329,0.39582526683807373,0.0043325829319655895,0.6372455358505249,0.40128210186958313,0.03177648037672043,0.6252226829528809,0.3982418179512024,0.012309427373111248,0.595553457736969,0.4350123405456543,-0.006018138024955988,0.5734283924102783,0.463300883769989,-0.01410993468016386,0.5718508958816528,0.4726417362689972,-0.011110765859484673,0.5808219909667969,0.4666256606578827,-0.010950827971100807,0.5855447053909302,0.46946266293525696,-0.006435035262256861,0.5778927206993103,0.4729670584201813,-0.009023305959999561,0.5825665593147278,0.47331055998802185,-0.0048501333221793175,0.5902965664863586,0.48064759373664856,0.0037399681750684977,0.5680939555168152,0.4408494234085083,-0.030570028349757195,0.569210410118103,0.4323873519897461,-0.03278414532542229,0.6245529055595398,0.3718658983707428,-1.573090412421152e-05,0.5842800140380859,0.413886159658432,-0.007117658853530884,0.5819578766822815,0.43858373165130615,-0.01758619025349617,0.5827358961105347,0.4340548515319824,-0.01616165041923523,0.614863932132721,0.4355463981628418,0.0009005979518406093,0.5699161887168884,0.42187583446502686,-0.029989952221512794,0.610846757888794,0.36049598455429077,-0.009513292461633682,0.6191566586494446,0.36417195200920105,-0.005068763624876738,0.6336604952812195,0.34639668464660645,0.014884989708662033,0.5823862552642822,0.3684433400630951,-0.01343549508601427,0.5901892781257629,0.38108909130096436,-0.0038476469926536083,0.5957491397857666,0.47256970405578613,0.003960649482905865,0.6224222779273987,0.4777882695198059,0.05304540693759918,0.5774698257446289,0.4430776536464691,-0.015042543411254883,0.5727093815803528,0.44528722763061523,-0.01454114355146885,0.5915993452072144,0.47344326972961426,0.0038483785465359688,0.589992880821228,0.4736713767051697,0.0024612927809357643,0.6231752038002014,0.3575734496116638,-0.00295524625107646,0.5822161436080933,0.44168761372566223,-0.014165345579385757,0.5989668965339661,0.3613717257976532,-0.012578915804624557,0.6002889275550842,0.3534318804740906,-0.01432057935744524,0.6095049381256104,0.32211238145828247,-0.007831530645489693,0.6282724142074585,0.3536275625228882,0.004510316997766495,0.6042435169219971,0.33781343698501587,-0.011478236876428127,0.6285998821258545,0.367545485496521,0.004387075547128916,0.6335878372192383,0.3675987124443054,0.014710765331983566,0.5728170871734619,0.4684193730354309,-0.013228901661932468,0.5794017314910889,0.47001397609710693,-0.010188032872974873,0.5841671824455261,0.47140127420425415,-0.006090030074119568,0.5761229991912842,0.44428199529647827,-0.013252669014036655,0.5907703638076782,0.47356992959976196,0.00316300499252975,0.5874070525169373,0.4762483835220337,0.00024482933804392815,0.589127242565155,0.4737934172153473,0.002422250574454665,0.5746789574623108,0.440967321395874,-0.022929491475224495,0.5812934637069702,0.47460421919822693,-0.003789279842749238,0.576598048210144,0.4748738706111908,-0.006560795474797487,0.5709598660469055,0.47508537769317627,-0.008539697155356407,0.56941157579422,0.4966099262237549,-0.0019960333593189716,0.571094810962677,0.49086296558380127,-0.00773189403116703,0.5712683796882629,0.48535314202308655,-0.008731010369956493,0.5711469054222107,0.4797958731651306,-0.0076904697343707085,0.5707502365112305,0.47534802556037903,-0.007031810469925404,0.5811868906021118,0.47461628913879395,-0.0025595903862267733,0.5823789238929749,0.47657573223114014,-0.0032604748848825693,0.5835927724838257,0.4792160093784332,-0.004013430327177048,0.584419310092926,0.48213720321655273,-0.0028528969269245863,0.5891833305358887,0.4612487256526947,-0.0051261004991829395,0.6338419318199158,0.4383960962295532,0.058464840054512024,0.5848063826560974,0.4742335081100464,0.0005047934246249497,0.5861297249794006,0.4751715064048767,9.898912685457617e-05,0.5708788633346558,0.4482729434967041,-0.014483438804745674,0.580440104007721,0.4458968937397003,-0.009342780336737633,0.5717141032218933,0.446848601102829,-0.014645151793956757,0.5907252430915833,0.4191496670246124,-0.00515761086717248,0.6008306741714478,0.4251563251018524,-0.0034206113778054714,0.5837605595588684,0.4375026822090149,-0.01269600261002779,0.6245825290679932,0.33234912157058716,0.0027069097850471735,0.6191272139549255,0.34324708580970764,-0.004142401739954948,0.6135275363922119,0.35263147950172424,-0.009406662546098232,0.5847086906433105,0.48733922839164734,0.0013963261153548956,0.5848082900047302,0.3561364412307739,-0.016378439962863922,0.5889610648155212,0.33619195222854614,-0.01522141695022583,0.5930536389350891,0.3165428340435028,-0.013334007933735847,0.610357940196991,0.40432947874069214,0.0013892014976590872,0.6240469813346863,0.410955011844635,0.010166481137275696,0.5845058560371399,0.3987326920032501,-0.0009629722335375845,0.6201067566871643,0.3869026005268097,0.0035976788494735956,0.5802507400512695,0.4080580770969391,-0.009173277765512466,0.5785007476806641,0.4357658922672272,-0.023188063874840736,0.6303214430809021,0.41683274507522583,0.016845455393195152,0.6197652220726013,0.4168044924736023,0.005349837709218264,0.6120452880859375,0.41915449500083923,0.0003650961152743548,0.6006091237068176,0.4175053536891937,-0.0015842514112591743,0.5920485258102417,0.4136955440044403,-0.0028131373692303896,0.5855531096458435,0.40905389189720154,-0.004179945681244135,0.5728329420089722,0.39590588212013245,-0.01540518831461668,0.6282385587692261,0.4339991509914398,0.016242975369095802,0.6251862645149231,0.3845456838607788,0.0060103838331997395,0.5661633014678955,0.4448728561401367,-0.027565261349081993,0.5828027725219727,0.42166802287101746,-0.009410807862877846,0.639835774898529,0.4004903733730316,0.05108710750937462,0.5807567238807678,0.403909832239151,-0.005121421534568071,0.5846870541572571,0.43784868717193604,-0.006935744546353817,0.6157420873641968,0.39549198746681213,0.005584219936281443,0.5792120695114136,0.4301649034023285,-0.021326862275600433,0.6291446685791016,0.45813530683517456,0.05733666568994522,0.5843392014503479,0.39577192068099976,6.27540866844356e-05,0.5746765732765198,0.42519405484199524,-0.026777522638440132,0.6072291731834412,0.4941224455833435,0.023560600355267525,0.6055763363838196,0.503063976764679,0.035005901008844376,0.6331014037132263,0.436943382024765,0.036989010870456696,0.6161260008811951,0.4848922789096832,0.029659535735845566,0.6357877850532532,0.38347798585891724,0.02474118024110794,0.5808201432228088,0.516555905342102,0.00826050341129303,0.565653383731842,0.44649067521095276,-0.019718855619430542,0.588133692741394,0.42790690064430237,-0.007244279142469168,0.6301780939102173,0.3998623490333557,0.01782965287566185,0.6050891280174255,0.40211689472198486,-0.0009875557152554393,0.5998857617378235,0.40262681245803833,-0.002235176507383585,0.5885017514228821,0.4775380492210388,0.0011691118124872446,0.6257576942443848,0.4505802094936371,0.01911533810198307,0.5704247355461121,0.5249980092048645,0.010998905636370182,0.5872916579246521,0.5171909332275391,0.021167468279600143,0.5954038500785828,0.5116183757781982,0.027234496548771858,0.5945355892181396,0.4012552499771118,-0.002225481206551194,0.5894295573234558,0.3987336754798889,-0.0012103852350264788,0.5860741138458252,0.3971002995967865,5.729816621169448e-05,0.629721999168396,0.3823077380657196,0.011509977281093597,0.5908138155937195,0.3895629346370697,-0.002870569471269846,0.5963873267173767,0.3875345289707184,-0.003980674780905247,0.6016733050346375,0.3877262473106384,-0.0039276727475225925,0.60666424036026,0.3895969092845917,-0.0024862736463546753,0.6096893548965454,0.39207345247268677,-0.0005827461136505008,0.6403639912605286,0.3802917003631592,0.0402115099132061,0.608454704284668,0.40054166316986084,0.0008037550724111497,0.5828805565834045,0.4571169912815094,-0.008545242249965668,0.5774592757225037,0.442055881023407,-0.017148038372397423,0.5715587139129639,0.454883873462677,-0.013596312142908573,0.597706139087677,0.5030620098114014,0.019193729385733604,0.5892953872680664,0.5097441077232361,0.014138933271169662,0.57084721326828,0.5208673477172852,0.0033860735129565,0.6142380833625793,0.4926980137825012,0.04462526738643646,0.5864146947860718,0.39314374327659607,-0.001117036328651011,0.5755918622016907,0.40979108214378357,-0.01687624305486679,0.5791846513748169,0.5219576954841614,0.014847801998257637,0.6290807127952576,0.45497381687164307,0.03732829540967941,0.5764473676681519,0.47499924898147583,-0.005127273499965668,0.5774401426315308,0.4783703684806824,-0.005869448184967041,0.5781691670417786,0.48255807161331177,-0.006778657902032137,0.5784733891487122,0.48739880323410034,-0.005727089941501617,0.5778314471244812,0.4929780066013336,-0.0009986810619011521,0.586387038230896,0.47342249751091003,-0.0009420415153726935,0.5878421068191528,0.47252053022384644,-0.0010196223156526685,0.589076042175293,0.47154513001441956,-0.0012285683769732714,0.5940083861351013,0.4662531614303589,-0.0007804179913364351,0.618180513381958,0.4538950026035309,0.007847491651773453,0.5764676332473755,0.4013993740081787,-0.011939776130020618,0.5810267925262451,0.3864867687225342,-0.0039149923250079155,0.5843073129653931,0.3888833820819855,-0.001950360951013863,0.5848981738090515,0.4742574095726013,-0.0003233195166103542,0.6160702109336853,0.47307154536247253,0.017912447452545166,0.5756132006645203,0.3845992386341095,-0.010744542814791203,0.5797234177589417,0.5011475682258606,0.0020529429893940687,0.5716279149055481,0.40511655807495117,-0.02074672468006611,0.5786386728286743,0.42306599020957947,-0.0165510606020689,0.5702471137046814,0.5051472187042236,-0.00068408198421821,0.5940223336219788,0.48588234186172485,0.00686266552656889,0.589711606502533,0.4446191191673279,-0.005116516724228859,0.5872353315353394,0.49459418654441833,0.004837403539568186,0.6052863597869873,0.4453853368759155,-0.0033973800018429756,0.5957651734352112,0.45300135016441345,-0.0034201755188405514,0.6095063090324402,0.45849424600601196,0.0017681547906249762,0.5709798336029053,0.514243483543396,5.166360642760992e-05,0.5818881392478943,0.42777523398399353,-0.01243489421904087,0.5974946022033691,0.49354416131973267,0.012269843369722366,0.5890677571296692,0.5017206072807312,0.00924809742718935,0.6002495884895325,0.4760875701904297,0.006129336077719927,0.6225879788398743,0.4642236530780792,0.0221722312271595,0.6071390509605408,0.47987809777259827,0.011392545886337757,0.6238933205604553,0.4710714519023895,0.036124762147665024,0.6004679203033447,0.46237823367118835,-8.708934910828248e-05,0.579034686088562,0.41566917300224304,-0.012810561805963516,0.5764853358268738,0.4396252930164337,-0.024208219721913338,0.5799911618232727,0.441364049911499,-0.017927533015608788,0.5740872621536255,0.43386006355285645,-0.028111053630709648,0.5866566896438599,0.37734243273735046,-0.006285359151661396,0.5973845720291138,0.37124237418174744,-0.007457861676812172,0.6064175963401794,0.3706783652305603,-0.007078085094690323,0.6135785579681396,0.37339097261428833,-0.004675157833844423,0.6183431148529053,0.37864020466804504,-0.0010864919750019908,0.6199017763137817,0.39666739106178284,0.008116539567708969,0.6359255313873291,0.41921737790107727,0.0346381850540638,0.6145797371864319,0.40917807817459106,0.004019805230200291,0.6083991527557373,0.41116270422935486,0.0010279290145263076,0.6003514528274536,0.41122913360595703,-0.0009974747663363814,0.59260094165802,0.40883833169937134,-0.002304784720763564,0.5864719152450562,0.4050162434577942,-0.001979223219677806,0.582381010055542,0.4013873338699341,-0.0024991289246827364,0.6372441053390503,0.41934823989868164,0.05661768838763237,0.5798761248588562,0.4430401921272278,-0.0149394441395998,0.574813187122345,0.4172857403755188,-0.021091017872095108,0.5721993446350098,0.4400028884410858,-0.028217315673828125,0.5691893696784973,0.44377997517585754,-0.025411175563931465,0.5723404288291931,0.44138649106025696,-0.025410734117031097,0.5784738063812256,0.4450654983520508,-0.012611924670636654,0.5680081248283386,0.4444824457168579,-0.026817288249731064,0.5674234628677368,0.44606083631515503,-0.019911564886569977,0.582342803478241,0.39537838101387024,-0.0004929950227960944,0.5793848633766174,0.3960418999195099,-0.0034545371308922768,0.5773794054985046,0.39669156074523926,-0.006877285428345203,0.6114091277122498,0.39398640394210815,0.001585666323080659,0.6164239645004272,0.38849276304244995,0.0018267855048179626,0.5393763780593872,0.38826048374176025,0.0033053092192858458,0.5454376339912415,0.38915467262268066,0.0033053092192858458,0.5399811863899231,0.38054507970809937,0.0033053092192858458,0.5332084894180298,0.3873658776283264,0.0033053092192858458,0.5387476682662964,0.39591944217681885,0.0033053092192858458,0.5983487367630005,0.3947535753250122,-0.0007768211653456092,0.6044532060623169,0.39530831575393677,-0.0007768211653456092,0.5986922383308411,0.38748395442962646,-0.0007768211653456092,0.5923348069190979,0.39418816566467285,-0.0007768211653456092,0.598031759262085,0.40196922421455383,-0.0007768211653456092
2633.333333333334,0.5654279589653015,0.46484139561653137,-0.014239459298551083,0.5633690357208252,0.44135159254074097,-0.030957380309700966,0.5635935664176941,0.44882386922836304,-0.015743717551231384,0.5610035061836243,0.4128507971763611,-0.02429407835006714,0.5638840198516846,0.43264660239219666,-0.03333250805735588,0.5648640990257263,0.4212995767593384,-0.03153480216860771,0.5675058960914612,0.39383840560913086,-0.017423875629901886,0.5274730920791626,0.3886863589286804,0.007827233523130417,0.5694609880447388,0.36909210681915283,-0.014395758509635925,0.5703319311141968,0.35652679204940796,-0.016347387805581093,0.5738307237625122,0.31459638476371765,-0.013707625679671764,0.565115749835968,0.46865448355674744,-0.01334883738309145,0.5647289156913757,0.4725269079208374,-0.011436141096055508,0.564445436000824,0.47501662373542786,-0.008701618760824203,0.5642410516738892,0.475267231464386,-0.007319787982851267,0.5639269351959229,0.480217844247818,-0.00793893076479435,0.5634748935699463,0.4859755039215088,-0.008919398300349712,0.5629546046257019,0.4916142523288727,-0.007800364401191473,0.5613964200019836,0.496219664812088,-0.002051491057500243,0.5633576512336731,0.4456155002117157,-0.02781430445611477,0.558681845664978,0.4445034861564636,-0.01965499483048916,0.5094197392463684,0.34973999857902527,0.035113170742988586,0.5432671904563904,0.3995254933834076,0.0006829224294051528,0.5371710062026978,0.39968931674957275,0.0017365587409585714,0.5317355394363403,0.39762556552886963,0.0039000664837658405,0.5252593159675598,0.38998737931251526,0.009380924515426159,0.5486557483673096,0.39733144640922546,0.0011225249618291855,0.5368669033050537,0.3666875660419464,-0.0015948890941217542,0.5436511635780334,0.369296133518219,-0.0022213999181985855,0.5303133130073547,0.3675193190574646,0.001137125538662076,0.5259195566177368,0.37130171060562134,0.003947379533201456,0.5206219553947449,0.3933357894420624,0.013080576434731483,0.5411571264266968,0.5043965578079224,0.007019451819360256,0.5259789228439331,0.38474687933921814,0.010065984912216663,0.5050414800643921,0.3869673013687134,0.04015982151031494,0.5150473713874817,0.3836963474750519,0.01922527141869068,0.535909116268158,0.42899903655052185,-0.002425077138468623,0.5574871301651001,0.46163058280944824,-0.013060118071734905,0.5574296712875366,0.471006840467453,-0.010055498220026493,0.549422562122345,0.46311649680137634,-0.008825303055346012,0.5439381003379822,0.4648526608943939,-0.0035383806098252535,0.5511776208877563,0.46986204385757446,-0.007033638656139374,0.5462556481361389,0.46920841932296753,-0.0022946062963455915,0.5369206666946411,0.4750881791114807,0.007386424113065004,0.5588699579238892,0.4406318962574005,-0.030231241136789322,0.558701753616333,0.4321041703224182,-0.03234779089689255,0.5183029770851135,0.35658520460128784,0.00657428614795208,0.549595296382904,0.41073766350746155,-0.0047962861135602,0.5472915768623352,0.43567463755607605,-0.015471764840185642,0.5473629832267761,0.43106767535209656,-0.013942250050604343,0.5178811550140381,0.4251806139945984,0.006805588956922293,0.5598646998405457,0.421638160943985,-0.029381971806287766,0.5313506126403809,0.3482995927333832,-0.005029552616178989,0.5236354470252991,0.3500857353210449,0.0006373921642079949,0.515243411064148,0.3342701196670532,0.02223290503025055,0.5564256906509399,0.36297762393951416,-0.012020195834338665,0.5492085218429565,0.375260591506958,-0.0009054372785612941,0.5327663421630859,0.46619918942451477,0.008280114270746708,0.5104120373725891,0.4649834632873535,0.06053939461708069,0.5511344075202942,0.44102299213409424,-0.013430527411401272,0.5554144382476807,0.44410818815231323,-0.01378121878951788,0.5368443727493286,0.4676750898361206,0.0076668779365718365,0.5383780598640442,0.4682157635688782,0.005874302703887224,0.5208647847175598,0.34236955642700195,0.0031585630495101213,0.5469993948936462,0.43868714570999146,-0.012083670124411583,0.5418748259544373,0.35187822580337524,-0.009488609619438648,0.5413844585418701,0.34382498264312744,-0.011170245707035065,0.5391955375671387,0.3155616521835327,-0.003630104474723339,0.5180855393409729,0.34220680594444275,0.01121140830218792,0.5410194396972656,0.33185091614723206,-0.007846919819712639,0.5152441263198853,0.3510552942752838,0.011437809094786644,0.5120933055877686,0.35470327734947205,0.02233903482556343,0.5572806000709534,0.4667196273803711,-0.012134160846471786,0.5502773523330688,0.46668314933776855,-0.008095044642686844,0.545024037361145,0.46704593300819397,-0.0033498036209493876,0.5523275136947632,0.44246625900268555,-0.012019401416182518,0.5376285910606384,0.467959463596344,0.006734661757946014,0.540523111820221,0.4714674949645996,0.003286185907199979,0.5392170548439026,0.46850842237472534,0.005729032680392265,0.5534460544586182,0.4394874572753906,-0.02154713124036789,0.5471945405006409,0.4707689881324768,-0.001359885442070663,0.5520274043083191,0.4720252752304077,-0.004691354930400848,0.5578134059906006,0.4735845923423767,-0.007435899693518877,0.553556501865387,0.49471476674079895,-0.001174640143290162,0.5547992587089539,0.48968562483787537,-0.006740115582942963,0.5555888414382935,0.4839952290058136,-0.007628373336046934,0.5566120147705078,0.4783211052417755,-0.006571248639374971,0.5576419234275818,0.47386589646339417,-0.005970058497041464,0.5470231175422668,0.4708939790725708,-0.00017879338702186942,0.545589029788971,0.47276419401168823,-0.0009039271390065551,0.5439488887786865,0.4753585755825043,-0.001601965632289648,0.5425850749015808,0.47830915451049805,-0.00033019433612935245,0.5391229391098022,0.4563635587692261,-0.001956842141225934,0.5052558183670044,0.4240133464336395,0.0667148306965828,0.5634701251983643,0.44727247953414917,-0.0200607031583786,0.543418288230896,0.46977609395980835,0.0034276668448001146,0.5419811606407166,0.4705311357975006,0.003042023628950119,0.5568472743034363,0.44733649492263794,-0.013742486014962196,0.5485296845436096,0.44316941499710083,-0.007691241335123777,0.5562009811401367,0.44577282667160034,-0.013920792378485203,0.5428058505058289,0.41448473930358887,-0.002047537360340357,0.5323576927185059,0.41810768842697144,0.0008181036100722849,0.5462619662284851,0.4342096149921417,-0.010411512106657028,0.5246303081512451,0.3224692642688751,0.008699373342096806,0.5271924138069153,0.33398300409317017,0.0012279863003641367,0.5296031832695007,0.3400391936302185,-0.004596566781401634,0.5408903956413269,0.48250287771224976,0.0043122051283717155,0.5554181337356567,0.3501853346824646,-0.014876465313136578,0.5553888082504272,0.33338597416877747,-0.013389277271926403,0.5550356507301331,0.3133874237537384,-0.01123738568276167,0.5274358987808228,0.3945295810699463,0.006877176463603973,0.514563798904419,0.3976273238658905,0.017030300572514534,0.552300751209259,0.3950975239276886,0.00153222749941051,0.5204722285270691,0.37349265813827515,0.009922939352691174,0.5540662407875061,0.4058692753314972,-0.007344535551965237,0.5503717660903931,0.4335823953151703,-0.02152055688202381,0.5075335502624512,0.4035102128982544,0.024557746946811676,0.5177335739135742,0.4049598276615143,0.01178654283285141,0.5244981646537781,0.4095918834209442,0.005917515605688095,0.5352652668952942,0.4105024039745331,0.002665399108082056,0.5435876846313477,0.4085920453071594,0.0004312793316785246,0.549983024597168,0.4055441915988922,-0.0017623952589929104,0.5620895624160767,0.39541617035865784,-0.014712216332554817,0.5067765712738037,0.4206732511520386,0.023956630378961563,0.5163492560386658,0.3694991171360016,0.01293155550956726,0.5606440901756287,0.4450035095214844,-0.027297383174300194,0.5496568083763123,0.4187488853931427,-0.007190822623670101,0.504640519618988,0.3860012888908386,0.05963067710399628,0.5548378229141235,0.4016607701778412,-0.0032647172920405865,0.5457608699798584,0.43435245752334595,-0.004656236153095961,0.5233727693557739,0.3833451569080353,0.011567453853785992,0.5507651567459106,0.42794811725616455,-0.01961686834692955,0.5069586634635925,0.4442285895347595,0.065253347158432,0.5529170036315918,0.391931414604187,0.0026463542599231005,0.5551970601081848,0.42394086718559265,-0.025573965162038803,0.5200347304344177,0.4839104413986206,0.02944302186369896,0.5216430425643921,0.4930981993675232,0.040725454688072205,0.5036853551864624,0.4225355386734009,0.04544582590460777,0.513110339641571,0.4731176793575287,0.036577820777893066,0.5083789229393005,0.3698655962944031,0.03284603729844093,0.5407038927078247,0.5112572908401489,0.010976199060678482,0.5613776445388794,0.4467191696166992,-0.019566256552934647,0.5438976287841797,0.4237165153026581,-0.0044532837346196175,0.5105109810829163,0.38394540548324585,0.025448044762015343,0.5323478579521179,0.394217312335968,0.003797214711084962,0.5372841358184814,0.39591217041015625,0.0020350245758891106,0.5392410755157471,0.47263625264167786,0.004418147727847099,0.5071539282798767,0.43738624453544617,0.02666105143725872,0.5500413179397583,0.5220115780830383,0.012430546805262566,0.5359482169151306,0.510704755783081,0.024935340508818626,0.5296255350112915,0.5035239458084106,0.03192618489265442,0.5719696879386902,0.33569830656051636,-0.01577209122478962,0.5602089166641235,0.524693489074707,0.009980385191738605,0.5425449013710022,0.3956184387207031,0.001418459927663207,0.5476747751235962,0.394101083278656,0.00189791910815984,0.5511141419410706,0.3929921090602875,0.002846871269866824,0.5126814842224121,0.36601072549819946,0.018946317955851555,0.5477370023727417,0.3837798535823822,0.0004157282819505781,0.5425602197647095,0.3800581097602844,-0.00017541911802254617,0.5374298691749573,0.37888434529304504,0.0004974004114046693,0.5324109196662903,0.37968710064888,0.0025317829567939043,0.5292038321495056,0.38154569268226624,0.00473886588588357,0.5061310529708862,0.36610648036003113,0.04868254438042641,0.5292981266975403,0.3915335237979889,0.006023521069437265,0.5634223222732544,0.4546032249927521,-0.013812047429382801,0.5452171564102173,0.4536798894405365,-0.006229925435036421,0.5510705709457397,0.4400079846382141,-0.01568661816418171,0.5557082891464233,0.4537299871444702,-0.01265322882682085,0.5685771107673645,0.38167449831962585,-0.013930914923548698,0.5276278257369995,0.4945332407951355,0.023960648104548454,0.5342031121253967,0.5027589201927185,0.01788545586168766,0.5492198467254639,0.5177780389785767,0.004827545490115881,0.5155069828033447,0.48129862546920776,0.05141489952802658,0.5513661503791809,0.38874804973602295,0.0017691748216748238,0.5573992729187012,0.40852683782577515,-0.01569489948451519,0.5599875450134277,0.5202237963676453,0.0026904321275651455,0.5423686504364014,0.5171080827713013,0.017595434561371803,0.5051152110099792,0.4410193860530853,0.04545474052429199,0.5518643856048584,0.4722842574119568,-0.003308658255264163,0.5504082441329956,0.475605309009552,-0.004011879209429026,0.5490404367446899,0.47987863421440125,-0.004838841501623392,0.5479356646537781,0.48490023612976074,-0.0037700871471315622,0.5462454557418823,0.48938384652137756,0.0010936519829556346,0.5422040820121765,0.46862852573394775,0.0021856778766959906,0.5409084558486938,0.46745434403419495,0.0023462800309062004,0.5398749113082886,0.46625879406929016,0.0022868788801133633,0.5345249176025391,0.4603300094604492,0.0032075997442007065,0.5129376649856567,0.44233086705207825,0.014323323033750057,0.5582423210144043,0.4000752866268158,-0.010646607726812363,0.556589663028717,0.3831288814544678,-0.002192093525081873,0.5536296963691711,0.3848196268081665,0.00045688397949561477,0.5435271859169006,0.4697505831718445,0.002644432010129094,0.5136187672615051,0.461629718542099,0.024439362809062004,0.5614277720451355,0.38243022561073303,-0.009809154085814953,0.5433973073959351,0.49678266048431396,0.004300919361412525,0.5657587051391602,0.412133127450943,-0.026658741757273674,0.5614628195762634,0.40472668409347534,-0.02017814666032791,0.5665847659111023,0.4035554528236389,-0.02192801609635353,0.5527392625808716,0.4209739565849304,-0.014949040487408638,0.5602481365203857,0.5135223269462585,-0.0007813072297722101,0.5608044266700745,0.5045480132102966,-0.0014182028826326132,0.5515233278274536,0.5027757883071899,0.0003229598805774003,0.5325627326965332,0.47907549142837524,0.010976104065775871,0.540367603302002,0.4398804306983948,-0.0021596464794129133,0.5376335978507996,0.4888782501220703,0.008034477941691875,0.5253956913948059,0.4369323253631592,0.0012372963828966022,0.5337852835655212,0.44665321707725525,0.00029667961644008756,0.5203168988227844,0.4487919509410858,0.007142070680856705,0.5496445298194885,0.5113493800163269,0.0014185576001182199,0.5494654774665833,0.4250401258468628,-0.010393680073320866,0.5285609364509583,0.4855152368545532,0.016862478107213974,0.5351017117500305,0.49519553780555725,0.012749939225614071,0.5277698636054993,0.46828189492225647,0.011063549667596817,0.5088627338409424,0.4515294134616852,0.029384668916463852,0.5209477543830872,0.4701969027519226,0.01695091649889946,0.5079343318939209,0.45797616243362427,0.04391014948487282,0.5287334322929382,0.45484066009521484,0.004458579700440168,0.5537142753601074,0.41360121965408325,-0.011086968705058098,0.5517706871032715,0.43777793645858765,-0.0227262731641531,0.5487465858459473,0.43879589438438416,-0.0161517895758152,0.5542787313461304,0.43256324529647827,-0.026920611038804054,0.5522384643554688,0.371753454208374,-0.00395479891449213,0.5429349541664124,0.36276280879974365,-0.004122522659599781,0.5345354080200195,0.3600457012653351,-0.0027247583493590355,0.5276063084602356,0.36133235692977905,0.000600017374381423,0.5227838158607483,0.3654983937740326,0.004817729350179434,0.5197244882583618,0.38352376222610474,0.014468757435679436,0.5035549998283386,0.4046640396118164,0.04326155409216881,0.523250162601471,0.39823439717292786,0.009881897829473019,0.5286853313446045,0.4022534191608429,0.006133392918854952,0.5361378788948059,0.4042354226112366,0.0032124591525644064,0.543597400188446,0.40350350737571716,0.0010329936631023884,0.5496442317962646,0.4010906517505646,0.0005191629752516747,0.5537658929824829,0.398510217666626,-0.00046160168130882084,0.5047672986984253,0.4048691689968109,0.0651690885424614,0.5488913655281067,0.4405151605606079,-0.013187071308493614,0.5566316246986389,0.41607755422592163,-0.019872207194566727,0.5553233623504639,0.43898242712020874,-0.027341162785887718,0.5581885576248169,0.4432506859302521,-0.024954022839665413,0.5554202198982239,0.4402816593647003,-0.02449154295027256,0.5501853227615356,0.44278866052627563,-0.011136947199702263,0.5590354204177856,0.44422486424446106,-0.02647361345589161,0.5597870945930481,0.44593727588653564,-0.01958630047738552,0.5547328591346741,0.39206576347351074,0.0016342002199962735,0.5570610165596008,0.3937128782272339,-0.0018656706670299172,0.5585899353027344,0.39511269330978394,-0.005575102288275957,0.5273861885070801,0.3831265866756439,0.0071223727427423,0.5233535766601562,0.37607085704803467,0.00771509762853384,0.5704933404922485,0.41384464502334595,-0.025058047845959663,0.610849142074585,0.39824149012565613,0.0022358414717018604,0.5688543319702148,0.44559818506240845,-0.0202377587556839,0.6387307643890381,0.3638077974319458,0.026755061000585556,0.5936610698699951,0.40476322174072266,-0.002935047959908843,0.5998944640159607,0.4062115252017975,-0.0025838816072791815,0.6057997941970825,0.40553200244903564,-0.0011183314491063356,0.613324761390686,0.4006231725215912,0.003432320896536112,0.5883821249008179,0.4013381600379944,-0.0017215607222169638,0.6038945913314819,0.3763759136199951,-0.006234321277588606,0.5967788696289062,0.3770260214805603,-0.005892251618206501,0.6104071140289307,0.37860655784606934,-0.004188705701380968,0.6144062280654907,0.38294166326522827,-0.0018027537735179067,0.6183003783226013,0.40521323680877686,0.006760304793715477,0.581089973449707,0.509339451789856,0.004375562537461519,0.612930178642273,0.3953905403614044,0.004204961005598307,0.6374584436416626,0.4017364978790283,0.03162670508027077,0.6254815459251404,0.3979684114456177,0.012152049690485,0.5955805778503418,0.43548867106437683,-0.006121352780610323,0.573591411113739,0.4633791446685791,-0.014125299639999866,0.5720736980438232,0.47255104780197144,-0.011076872237026691,0.5810481905937195,0.4664011001586914,-0.010967252776026726,0.5858409404754639,0.46904221177101135,-0.00643242197111249,0.5782026648521423,0.47267046570777893,-0.008992521092295647,0.5829384922981262,0.47287338972091675,-0.004809613339602947,0.5903943777084351,0.48090866208076477,0.0037290414329618216,0.5680645704269409,0.44159621000289917,-0.030703317373991013,0.5691801309585571,0.4331599771976471,-0.032930947840213776,0.624775230884552,0.37145018577575684,-0.00020424541435204446,0.5843336582183838,0.41439199447631836,-0.0072130607441067696,0.5820065140724182,0.43924325704574585,-0.01769983395934105,0.582786500453949,0.4346834123134613,-0.016269071027636528,0.6148867011070251,0.4359176754951477,0.0007545113912783563,0.5699068903923035,0.42263224720954895,-0.030138863250613213,0.6110457181930542,0.3605363965034485,-0.00968617107719183,0.6193540096282959,0.36394941806793213,-0.005269352812319994,0.6337887048721313,0.34703320264816284,0.01469480898231268,0.5825638175010681,0.3688693642616272,-0.013529809191823006,0.5903887152671814,0.38096827268600464,-0.0038819501642137766,0.5958192944526672,0.4728795289993286,0.003958054818212986,0.622407853603363,0.477740079164505,0.052982062101364136,0.5775396227836609,0.44373664259910583,-0.015127996914088726,0.5727870464324951,0.44592908024787903,-0.014632022008299828,0.5920050740242004,0.4728628993034363,0.0038837348110973835,0.5904226303100586,0.47311121225357056,0.0025077364407479763,0.623350203037262,0.3573169410228729,-0.003140965709462762,0.5823005437850952,0.44230490922927856,-0.014267057180404663,0.5991900563240051,0.36167192459106445,-0.012713602744042873,0.6005007028579712,0.35383373498916626,-0.014462816528975964,0.6096304059028625,0.32283133268356323,-0.007965740747749805,0.628334105014801,0.35436540842056274,0.004355506971478462,0.6043090224266052,0.33864346146583557,-0.011597970500588417,0.6288150548934937,0.3671674430370331,0.004205845762044191,0.6337278485298157,0.36825352907180786,0.014559310860931873,0.5729974508285522,0.4684136211872101,-0.013219461776316166,0.5796686410903931,0.46975627541542053,-0.01017728354781866,0.5844979882240295,0.47096705436706543,-0.006067485082894564,0.5762071013450623,0.4449225068092346,-0.013347897678613663,0.5911896228790283,0.4729985296726227,0.003201395971700549,0.5877912640571594,0.4759039878845215,0.0002588938514236361,0.5895740985870361,0.4732442796230316,0.002466143574565649,0.5747094750404358,0.44169798493385315,-0.02305317297577858,0.5816753506660461,0.4741985499858856,-0.0037326354067772627,0.5769038200378418,0.47459712624549866,-0.006502465344965458,0.5711768269538879,0.4750064015388489,-0.008476589806377888,0.5695425271987915,0.4966563582420349,-0.0021564047783613205,0.5712470412254333,0.49125972390174866,-0.007833026349544525,0.5714141726493835,0.48551738262176514,-0.008794715628027916,0.5713083744049072,0.47976967692375183,-0.00771514093503356,0.5709586143493652,0.4751977026462555,-0.007057142443954945,0.5815644264221191,0.4742031693458557,-0.002568652154877782,0.5827034115791321,0.4762927293777466,-0.003274050075560808,0.5838830471038818,0.4791104793548584,-0.004035457037389278,0.5846881866455078,0.4822360575199127,-0.0028867300134152174,0.5892390608787537,0.4617253243923187,-0.005161036737263203,0.6340809464454651,0.4386247992515564,0.05836263671517372,0.5852368474006653,0.47374752163887024,0.0005203491309657693,0.586527943611145,0.47474372386932373,0.00011452105536591262,0.5709245204925537,0.4488864839076996,-0.014573550783097744,0.58054518699646,0.446481853723526,-0.00942500401288271,0.5717765092849731,0.4474753141403198,-0.01473918091505766,0.5907714366912842,0.41962793469429016,-0.00526256300508976,0.6008511781692505,0.425602525472641,-0.003555153263732791,0.5838292241096497,0.43809571862220764,-0.012794546782970428,0.6246846914291382,0.33303624391555786,0.0025418715085834265,0.6191577911376953,0.3440476655960083,-0.00428319675847888,0.6137333512306213,0.3527083992958069,-0.009570551104843616,0.5847863554954529,0.4875078797340393,0.0013434994034469128,0.5849745273590088,0.35676512122154236,-0.016486622393131256,0.5890763401985168,0.3369791507720947,-0.015301480889320374,0.5932202935218811,0.3172569274902344,-0.013422281481325626,0.6105380058288574,0.40403032302856445,0.0012561362236738205,0.6242534518241882,0.4108772575855255,0.010013016872107983,0.5849377512931824,0.3983744978904724,-0.0010056480532512069,0.6203495264053345,0.3864845931529999,0.003440010128542781,0.5803080201148987,0.4085940420627594,-0.009275184012949467,0.5785295367240906,0.4364791214466095,-0.023319140076637268,0.630448043346405,0.4172496199607849,0.016681397333741188,0.6199948191642761,0.4169340431690216,0.005198362283408642,0.6122479438781738,0.4194158613681793,0.00023049399896990508,0.6007678508758545,0.41760432720184326,-0.0017078910022974014,0.5922154784202576,0.41362759470939636,-0.002907176036387682,0.5857471823692322,0.4089333713054657,-0.0042645628564059734,0.5728795528411865,0.3965049684047699,-0.015522299334406853,0.628332257270813,0.4343195855617523,0.016086263582110405,0.6254392266273499,0.3841582238674164,0.005840548779815435,0.566154420375824,0.4455800950527191,-0.027682960033416748,0.5828445553779602,0.42221128940582275,-0.009500045329332352,0.6401602625846863,0.4009057283401489,0.050933804363012314,0.580979585647583,0.40379253029823303,-0.005198134575039148,0.5847651958465576,0.43840110301971436,-0.007008118089288473,0.6159674525260925,0.3950424790382385,0.00544690852984786,0.5792481899261475,0.4308437705039978,-0.02145257033407688,0.6292763948440552,0.45823293924331665,0.0572538785636425,0.5847679376602173,0.39533519744873047,3.3925774914678186e-05,0.57468581199646,0.4259187579154968,-0.02692352421581745,0.6070748567581177,0.4940422475337982,0.023492049425840378,0.6053757667541504,0.5028936862945557,0.03493964672088623,0.6332669258117676,0.43720608949661255,0.03686774522066116,0.6160101294517517,0.4848373532295227,0.02958686836063862,0.635991096496582,0.38403233885765076,0.0245912317186594,0.5808839797973633,0.5163590312004089,0.008129456080496311,0.5656638741493225,0.4471546709537506,-0.019806772470474243,0.5881805419921875,0.4284179210662842,-0.0073294127359986305,0.6304632425308228,0.3995822072029114,0.01766892708837986,0.6052635312080383,0.4017783999443054,-0.0010893754661083221,0.6001062393188477,0.4023008346557617,-0.0023209366481751204,0.5888693928718567,0.4772877097129822,0.0011847306741401553,0.6258010864257812,0.4507921040058136,0.01899362914264202,0.5706461668014526,0.524605929851532,0.01089050155133009,0.5872835516929626,0.5170391201972961,0.02107442356646061,0.595273494720459,0.5114692449569702,0.02715902589261532,0.594815731048584,0.4009245038032532,-0.002290298230946064,0.589801013469696,0.398372083902359,-0.001263361074961722,0.5864962935447693,0.3967011570930481,1.5463547242688946e-05,0.6299724578857422,0.3819705843925476,0.011342665180563927,0.5909755229949951,0.38915568590164185,-0.002911160234361887,0.5964601039886475,0.3871743381023407,-0.004044242203235626,0.6017639636993408,0.38739508390426636,-0.0040116929449141026,0.6067731380462646,0.38926559686660767,-0.0025923450011759996,0.6098021864891052,0.39169254899024963,-0.0006918742437846959,0.6406537294387817,0.380793958902359,0.040028009563684464,0.6086108684539795,0.40017369389533997,0.0006907341885380447,0.5829444527626038,0.45765194296836853,-0.008614851161837578,0.5775163769721985,0.4427453577518463,-0.017250625416636467,0.5715835690498352,0.45546916127204895,-0.013674644753336906,0.5975897312164307,0.5029854774475098,0.019119402393698692,0.5892541408538818,0.5096371173858643,0.014040912501513958,0.5709977746009827,0.5205532312393188,0.003236760850995779,0.6140916347503662,0.49255967140197754,0.04455670341849327,0.5867480635643005,0.3927067220211029,-0.0011553486110642552,0.5756193995475769,0.41041693091392517,-0.016993479803204536,0.579291582107544,0.5217111706733704,0.014740433543920517,0.6291583180427551,0.4551071226596832,0.037231262773275375,0.5767303109169006,0.4747012257575989,-0.0051496075466275215,0.5776587724685669,0.47821858525276184,-0.005896175745874643,0.5783555507659912,0.4826304018497467,-0.006823725067079067,0.5786464810371399,0.4877392649650574,-0.005795699078589678,0.5779337882995605,0.49308258295059204,-0.001103868242353201,0.5868340730667114,0.4729079306125641,-0.0008983107400126755,0.5882450938224792,0.4719963073730469,-0.0009847254259511828,0.58944171667099,0.47102347016334534,-0.0012016870314255357,0.5940752625465393,0.46665921807289124,-0.0007892423309385777,0.6181859970092773,0.45413142442703247,0.0077306232415139675,0.5765172839164734,0.4019709527492523,-0.012045496143400669,0.5813006162643433,0.3864469528198242,-0.003936422523111105,0.5846331715583801,0.38865727186203003,-0.001982569694519043,0.5853428840637207,0.4737739562988281,-0.00027040098211728036,0.6159994006156921,0.4731445908546448,0.017831159755587578,0.5757694840431213,0.3847637176513672,-0.0108091551810503,0.5797718167304993,0.5011539459228516,0.0019249854376539588,0.5716516375541687,0.4057726263999939,-0.02087760530412197,0.5786665678024292,0.42369344830513,-0.016659321263432503,0.5703620314598083,0.5050829648971558,-0.0008378023048862815,0.5940003991127014,0.48604875802993774,0.006826356984674931,0.5897818803787231,0.44512665271759033,-0.005205125082284212,0.5872389078140259,0.49468129873275757,0.004760501906275749,0.6052832007408142,0.44577571749687195,-0.0035174237564206123,0.5957918167114258,0.45344653725624084,-0.003503535408526659,0.6095017194747925,0.45878368616104126,0.0016803380567580462,0.57110196352005,0.5140567421913147,-0.00010445195948705077,0.5819315314292908,0.4283568561077118,-0.012529033236205578,0.5974166989326477,0.4935819208621979,0.012209536507725716,0.5890398621559143,0.5016970038414001,0.009164346382021904,0.6002189517021179,0.47631019353866577,0.006089077331125736,0.6225624084472656,0.46434077620506287,0.02207973785698414,0.6070448160171509,0.4799572229385376,0.011332109570503235,0.6238663196563721,0.47109705209732056,0.03604370355606079,0.6004818677902222,0.46274158358573914,-0.00014857879432383925,0.5790713429450989,0.4162556529045105,-0.012912441976368427,0.5765126943588257,0.4403557777404785,-0.024340789765119553,0.5800425410270691,0.44204089045524597,-0.01803954318165779,0.5740922689437866,0.43461310863494873,-0.0282664243131876,0.5868939161300659,0.37737947702407837,-0.006322452798485756,0.5976005792617798,0.3712765574455261,-0.007548379711806774,0.6066447496414185,0.37062087655067444,-0.0072096302174031734,0.6138078570365906,0.37318795919418335,-0.004839395638555288,0.6185726523399353,0.37829503417015076,-0.0012589360121637583,0.6201754808425903,0.39630964398384094,0.007965907454490662,0.6361315250396729,0.41958364844322205,0.03449735417962074,0.6148408651351929,0.4090624153614044,0.003880527336150408,0.6086434125900269,0.41113683581352234,0.0008946599555201828,0.600569486618042,0.4111260771751404,-0.0011124592274427414,0.5928318500518799,0.40863877534866333,-0.0023755612783133984,0.5867691040039062,0.4047703742980957,-0.002048181602731347,0.5826956033706665,0.4011484384536743,-0.0025490059051662683,0.6375479698181152,0.4196690618991852,0.056488774716854095,0.5799495577812195,0.4436814486980438,-0.015039339661598206,0.5748258233070374,0.4179636538028717,-0.0212196484208107,0.5722101330757141,0.4407564699649811,-0.028355509042739868,0.5692235827445984,0.44449546933174133,-0.025527140125632286,0.5723714828491211,0.4421255886554718,-0.025539131835103035,0.5785682201385498,0.4456822872161865,-0.0127020962536335,0.5680174827575684,0.44519346952438354,-0.026935724541544914,0.567455530166626,0.4467325508594513,-0.020004447549581528,0.5827722549438477,0.39502644538879395,-0.0005203949403949082,0.579681396484375,0.39586836099624634,-0.003494626609608531,0.5776020288467407,0.3966429531574249,-0.0069539183750748634,0.6115370988845825,0.39357608556747437,0.0014625188196077943,0.6166574954986572,0.38805633783340454,0.0016914581647142768,0.5392439365386963,0.38838741183280945,0.0034661556128412485,0.545179009437561,0.3891986906528473,0.0034661556128412485,0.5398669242858887,0.38073021173477173,0.0034661556128412485,0.5332078337669373,0.38756340742111206,0.0034661556128412485,0.5386051535606384,0.3959782123565674,0.0034661556128412485,0.5983050465583801,0.39450666308403015,-0.0008579493151046336,0.6044573187828064,0.39508160948753357,-0.0008579493151046336,0.5986201763153076,0.3871005177497864,-0.0008579493151046336,0.5922449827194214,0.3939037024974823,-0.0008579493151046336,0.598017692565918,0.40185782313346863,-0.0008579493151046336
2666.6666666666674,0.5664034485816956,0.46617335081100464,-0.013636698015034199,0.5647839307785034,0.44250553846359253,-0.030433213338255882,0.5649581551551819,0.4497457444667816,-0.015231730416417122,0.5623407959938049,0.41401684284210205,-0.024194050580263138,0.5652891993522644,0.43387532234191895,-0.03287001699209213,0.5662192106246948,0.42252781987190247,-0.031209496781229973,0.5687310695648193,0.3949955403804779,-0.017639970406889915,0.5286504030227661,0.38950079679489136,0.007036509923636913,0.5706480741500854,0.37022027373313904,-0.014956182800233364,0.5715079307556152,0.35770756006240845,-0.017072662711143494,0.5749391317367554,0.31588131189346313,-0.015055435709655285,0.5660937428474426,0.46987032890319824,-0.01272927038371563,0.5657086968421936,0.47360366582870483,-0.010797180235385895,0.5654239654541016,0.4759806990623474,-0.008021696470677853,0.5652272701263428,0.4762410521507263,-0.0066656870767474174,0.5649465322494507,0.48078107833862305,-0.007181596476584673,0.5645283460617065,0.4860193133354187,-0.008060242049396038,0.5640455484390259,0.4911576211452484,-0.006837258115410805,0.5625749230384827,0.49626851081848145,-0.0009558838792145252,0.5647499561309814,0.4466734528541565,-0.027278335765004158,0.5601215362548828,0.4454821050167084,-0.019205639138817787,0.5102602243423462,0.35006922483444214,0.03355015814304352,0.5441663265228271,0.40045231580734253,6.538230081787333e-05,0.5380599498748779,0.40048733353614807,0.0011038441443815827,0.5326563119888306,0.398332417011261,0.003236478427425027,0.526404857635498,0.39086994528770447,0.0086124949157238,0.5495912432670593,0.39826932549476624,0.0005210500094108284,0.5381293892860413,0.36797451972961426,-0.002372851362451911,0.5449027419090271,0.37056007981300354,-0.003003191202878952,0.5316013693809509,0.3687349259853363,0.0003414653183426708,0.527206301689148,0.3723996877670288,0.0031228121370077133,0.5216307044029236,0.39416447281837463,0.012316708452999592,0.5425159335136414,0.5043846964836121,0.007967064157128334,0.5272607803344727,0.38574108481407166,0.009224559180438519,0.5060939788818359,0.38714563846588135,0.03900647535920143,0.5163009166717529,0.38477611541748047,0.01830359734594822,0.5374377369880676,0.42981278896331787,-0.00247317086905241,0.5586506128311157,0.4633185565471649,-0.012515407986938953,0.5585448145866394,0.47227543592453003,-0.009483846835792065,0.5506145358085632,0.46478989720344543,-0.008376889862120152,0.5450843572616577,0.466390460729599,-0.003227913286536932,0.5523398518562317,0.47125887870788574,-0.006574659608304501,0.5473814010620117,0.47058752179145813,-0.0019589022267609835,0.5385733842849731,0.4754597544670105,0.007720341440290213,0.5603362321853638,0.44175976514816284,-0.029733506962656975,0.5601618885993958,0.43330150842666626,-0.03191567212343216,0.5197931528091431,0.35807791352272034,0.00557706831023097,0.5509600043296814,0.411629319190979,-0.005052646622061729,0.548983097076416,0.43668651580810547,-0.015221700072288513,0.5490390062332153,0.43208709359169006,-0.013766014948487282,0.5194409489631653,0.42589521408081055,0.006520562339574099,0.5612699389457703,0.4228339195251465,-0.029102608561515808,0.5327867865562439,0.3498598039150238,-0.005945566575974226,0.525111198425293,0.35165274143218994,-0.00033340934896841645,0.5161178112030029,0.3348458707332611,0.020617982372641563,0.5577399730682373,0.3641509711742401,-0.012686144560575485,0.5504353046417236,0.3764004707336426,-0.0016652379417791963,0.5344754457473755,0.46672478318214417,0.008475345559418201,0.5116809606552124,0.46456480026245117,0.060324717313051224,0.5527524352073669,0.44199445843696594,-0.013127238489687443,0.5569362640380859,0.44505420327186584,-0.013370705768465996,0.5379033088684082,0.46887972950935364,0.007822738960385323,0.5394272804260254,0.46942582726478577,0.006046691909432411,0.5225082635879517,0.34412091970443726,0.0020573786459863186,0.5486934781074524,0.43963754177093506,-0.011822777800261974,0.5432587265968323,0.3532470464706421,-0.010289492085576057,0.5428482294082642,0.34530314803123474,-0.012047478929162025,0.540205717086792,0.31659168004989624,-0.00515350978821516,0.5190831422805786,0.3429136574268341,0.009833398275077343,0.5421051383018494,0.33292168378829956,-0.009093495085835457,0.5168783068656921,0.35268527269363403,0.010317404754459858,0.5130599737167358,0.3551889955997467,0.0209489855915308,0.5584195256233215,0.46816617250442505,-0.011581143364310265,0.5514464378356934,0.4681966006755829,-0.007644265424460173,0.5461598634719849,0.46850404143333435,-0.0030223247595131397,0.553914487361908,0.4434138536453247,-0.011692410334944725,0.538684070110321,0.4691658616065979,0.006899729836732149,0.541619062423706,0.4724122881889343,0.00356696848757565,0.5402555465698242,0.4697268009185791,0.0059107267297804356,0.5550028085708618,0.44051027297973633,-0.0211945790797472,0.5482950210571289,0.47207972407341003,-0.0009919732110574841,0.5531493425369263,0.47331780195236206,-0.004205190110951662,0.5588896870613098,0.4746980667114258,-0.0068358262069523335,0.5549083948135376,0.4947766065597534,-0.00016017611778806895,0.5559179186820984,0.489253968000412,-0.005872650071978569,0.5566649436950684,0.4841107726097107,-0.006856423337012529,0.5576508045196533,0.47896528244018555,-0.0059116133488714695,0.5586726665496826,0.47492724657058716,-0.0054007419385015965,0.548082709312439,0.4721205532550812,0.00017018507060129195,0.5466787219047546,0.4737357497215271,-0.000488956575281918,0.5450722575187683,0.4759969115257263,-0.0011407011188566685,0.5437459945678711,0.4786006212234497,0.00013850262621417642,0.5408172011375427,0.45707646012306213,-0.0017331023700535297,0.5064533948898315,0.42371708154678345,0.06588929146528244,0.5648400187492371,0.4482610523700714,-0.019555935636162758,0.5444554090499878,0.47101038694381714,0.0036676281597465277,0.5430509448051453,0.4716373383998871,0.003319825977087021,0.5583471655845642,0.4482562243938446,-0.013273299671709538,0.5501584410667419,0.44404658675193787,-0.007391999941319227,0.5577126145362854,0.4467039108276367,-0.013481488451361656,0.5442405939102173,0.41533759236335754,-0.002299759304150939,0.5338170528411865,0.418925404548645,0.0005683247582055628,0.5479477643966675,0.43516799807548523,-0.010233250446617603,0.5255650877952576,0.32327955961227417,0.0071054184809327126,0.5282243490219116,0.3348791301250458,-0.00010133840260095894,0.5311846733093262,0.34171029925346375,-0.0056365798227488995,0.5424484610557556,0.4827916920185089,0.004830286372452974,0.5568130016326904,0.3514249324798584,-0.0156592708081007,0.5565040707588196,0.3345780372619629,-0.014548557810485363,0.5561046004295349,0.31457018852233887,-0.012663873843848705,0.5284605026245117,0.39527803659439087,0.006168624386191368,0.5154798626899719,0.39850127696990967,0.016263596713542938,0.5532646775245667,0.39600682258605957,0.0009133823914453387,0.5217821002006531,0.37460100650787354,0.009000848047435284,0.5553715229034424,0.4068111479282379,-0.007603236939758062,0.5519788861274719,0.4346540570259094,-0.02122540958225727,0.5088853240013123,0.40391120314598083,0.02378102019429207,0.5184339880943298,0.4056260287761688,0.01116238348186016,0.5250874161720276,0.41018038988113403,0.00540881184861064,0.5359127521514893,0.4112204313278198,0.0022469041869044304,0.5443349480628967,0.40942326188087463,2.8060059776180424e-05,0.5508257150650024,0.40637335181236267,-0.0021496738772839308,0.5633368492126465,0.3965151906013489,-0.01497733499854803,0.5082971453666687,0.42110198736190796,0.02340366132557392,0.5177335143089294,0.37074077129364014,0.011942789889872074,0.5620720386505127,0.4460490047931671,-0.026780160143971443,0.5511254668235779,0.41968613862991333,-0.007290705107152462,0.5055676102638245,0.38590967655181885,0.05834343656897545,0.5557522177696228,0.40243804454803467,-0.00367523985914886,0.54742431640625,0.4352663457393646,-0.004563456401228905,0.524621307849884,0.3843623697757721,0.01070789061486721,0.5523567795753479,0.42902395129203796,-0.019409561529755592,0.5082196593284607,0.4438760578632355,0.06472133845090866,0.5539968013763428,0.3928508758544922,0.001953587168827653,0.5566704273223877,0.4250747561454773,-0.02532489411532879,0.5214188694953918,0.48388439416885376,0.02972683310508728,0.5228549838066101,0.4928143322467804,0.04107321798801422,0.5050647854804993,0.42260780930519104,0.04472595453262329,0.5145536661148071,0.47303852438926697,0.036650173366069794,0.5093486309051514,0.37017878890037537,0.03154434263706207,0.5419940948486328,0.511167049407959,0.012032214552164078,0.5627810955047607,0.44770196080207825,-0.01907586306333542,0.5454254150390625,0.42459648847579956,-0.004526255652308464,0.5118396878242493,0.3851621150970459,0.02445516176521778,0.5333350300788879,0.39492300152778625,0.0030766883864998817,0.5382221341133118,0.3967038094997406,0.0013484559021890163,0.540359377861023,0.4734165072441101,0.00470030028373003,0.5087558031082153,0.43771669268608093,0.02631360851228237,0.551180899143219,0.5218871831893921,0.013708780519664288,0.5371568202972412,0.5105007886886597,0.0257711298763752,0.5308294296264648,0.5032869577407837,0.03252233564853668,0.5731056332588196,0.33695968985557556,-0.016846533864736557,0.5612695217132568,0.524531364440918,0.011367561295628548,0.5435041189193726,0.39654040336608887,0.0007497376063838601,0.5486608147621155,0.3950817883014679,0.0012266837293282151,0.5521366000175476,0.39395689964294434,0.0021567067597061396,0.514177680015564,0.36745187640190125,0.0178555715829134,0.5489866733551025,0.3849005401134491,-0.000319939834298566,0.5438620448112488,0.3813154697418213,-0.0009183575748465955,0.538707971572876,0.38012564182281494,-0.0002627245266921818,0.5336701273918152,0.3808463215827942,0.0017510514007881284,0.5304667353630066,0.38261494040489197,0.0039353626780211926,0.5069741010665894,0.3662271797657013,0.04721969738602638,0.5303735733032227,0.3922523856163025,0.005270038265734911,0.5647778511047363,0.4554287791252136,-0.013267633505165577,0.5468775629997253,0.454476535320282,-0.005888679064810276,0.5526857376098633,0.44099873304367065,-0.01539642084389925,0.5572099089622498,0.4545636475086212,-0.012153775431215763,0.569771945476532,0.38278430700302124,-0.014348095282912254,0.5289734601974487,0.4944639801979065,0.024496404454112053,0.5355122089385986,0.5026789307594299,0.018687216565012932,0.5504506230354309,0.5176869034767151,0.006110559683293104,0.5167562961578369,0.4809134900569916,0.05150698125362396,0.5525150895118713,0.38970163464546204,0.001051121624186635,0.5587281584739685,0.40958791971206665,-0.015797462314367294,0.561113178730011,0.5201399326324463,0.004076207056641579,0.5435603260993958,0.5169637203216553,0.018670059740543365,0.5065706372261047,0.44099703431129456,0.04499531909823418,0.552915632724762,0.4734702408313751,-0.002848863136023283,0.5514706373214722,0.4764140844345093,-0.0034792309161275625,0.5501399636268616,0.48022177815437317,-0.004243428818881512,0.5490855574607849,0.4847243130207062,-0.003131849691271782,0.5477267503738403,0.4895629584789276,0.0018375152722001076,0.5432795286178589,0.469927042722702,0.002424146281555295,0.541991651058197,0.46878254413604736,0.0025595088955014944,0.5409620404243469,0.467624306678772,0.0024822261184453964,0.5362595319747925,0.46097567677497864,0.0033412505872547626,0.5145822763442993,0.44284024834632874,0.014180663041770458,0.5595057606697083,0.40109503269195557,-0.010916098952293396,0.5577889680862427,0.3840768039226532,-0.0028490861877799034,0.5547868013381958,0.3857665956020355,-0.0002629511000122875,0.5445712208747864,0.4710198640823364,0.00289636617526412,0.5151973366737366,0.4618585705757141,0.024445220828056335,0.5625844597816467,0.3832886517047882,-0.010321189649403095,0.5448057651519775,0.4968802332878113,0.005162976216524839,0.5670619010925293,0.4133317470550537,-0.026514125987887383,0.5627534985542297,0.4058624804019928,-0.020263895392417908,0.5678467750549316,0.404729962348938,-0.021981781348586082,0.5542135238647461,0.4220024645328522,-0.014906538650393486,0.5614022016525269,0.5135130882263184,0.0005241950275376439,0.5619725584983826,0.5045756697654724,-0.00021361367544159293,0.5528435707092285,0.5028033256530762,0.0014350315323099494,0.5340824723243713,0.47935399413108826,0.01134344469755888,0.541998028755188,0.4406880736351013,-0.002048059832304716,0.5390931367874146,0.4890516996383667,0.008647048845887184,0.5269745588302612,0.43765681982040405,0.0012264152755960822,0.5354028344154358,0.4473639130592346,0.00039945205207914114,0.5219455361366272,0.44937700033187866,0.007150330580770969,0.5509330034255981,0.5113186240196228,0.0026172399520874023,0.5510286092758179,0.42602112889289856,-0.010353091172873974,0.5299903750419617,0.4856467843055725,0.017299586907029152,0.5364798307418823,0.49525681138038635,0.01346002146601677,0.5293539762496948,0.46870824694633484,0.011268862523138523,0.510450005531311,0.4517258405685425,0.029208678752183914,0.52247554063797,0.47049200534820557,0.01712496392428875,0.5093929767608643,0.45786404609680176,0.04370685666799545,0.5303789973258972,0.455477774143219,0.004569909535348415,0.5551065802574158,0.4145902991294861,-0.011192765086889267,0.5533542037010193,0.4388253092765808,-0.02238713949918747,0.5504112243652344,0.43979424238204956,-0.015847619622945786,0.5558058619499207,0.43370094895362854,-0.02654290571808815,0.5535089373588562,0.3728492856025696,-0.004709952976554632,0.5442204475402832,0.3640406131744385,-0.004936644341796637,0.5358272790908813,0.36137068271636963,-0.0035776831209659576,0.5289182066917419,0.3625880479812622,-0.0002773373853415251,0.5240933299064636,0.36669743061065674,0.0038997596129775047,0.5209802389144897,0.3845521807670593,0.013588550500571728,0.5047858953475952,0.40478232502937317,0.04230773076415062,0.52413010597229,0.39896756410598755,0.009193917736411095,0.5294691920280457,0.4029269814491272,0.005533806513994932,0.5369278788566589,0.4050106406211853,0.0026798106264322996,0.5444388389587402,0.4044002294540405,0.0005087662138976157,0.5505556464195251,0.4019966423511505,1.4586769793822896e-05,0.5547456741333008,0.39937442541122437,-0.0009728202712722123,0.505837082862854,0.4046517312526703,0.06407660245895386,0.5505521297454834,0.4414772391319275,-0.012890852987766266,0.5580213069915771,0.4171733558177948,-0.0198079701513052,0.5568374395370483,0.44007131457328796,-0.026913128793239594,0.5596399307250977,0.44426074624061584,-0.024481507018208504,0.5569314360618591,0.44131550192832947,-0.024082234129309654,0.5518099665641785,0.44371017813682556,-0.010813436470925808,0.5604792237281799,0.4452568292617798,-0.025969916954636574,0.561211109161377,0.44691476225852966,-0.019115440547466278,0.5557802319526672,0.39296188950538635,0.0009888807544484735,0.5581373572349548,0.394582599401474,-0.002412007423117757,0.5596117377281189,0.3958931863307953,-0.006001589819788933,0.5286626219749451,0.3841407895088196,0.006305307149887085,0.5246316194534302,0.3771275579929352,0.006863053888082504,0.571749746799469,0.4150330722332001,-0.024899279698729515,0.6115965247154236,0.3996998071670532,0.001851204433478415,0.5701097249984741,0.4465945363044739,-0.019744137302041054,0.6395100951194763,0.36447417736053467,0.025776196271181107,0.5942030549049377,0.4064643085002899,-0.0032830210402607918,0.6005794405937195,0.40793377161026,-0.0028888885863125324,0.6065341830253601,0.4071372151374817,-0.0014104164438322186,0.6139951348304749,0.4019330143928528,0.003097866429015994,0.5887676477432251,0.40290796756744385,-0.0021047587506473064,0.6045935153961182,0.3778156638145447,-0.006692063063383102,0.5974271297454834,0.37840986251831055,-0.006417849566787481,0.611075222492218,0.38006657361984253,-0.004616248421370983,0.615020215511322,0.38437139987945557,-0.002225402742624283,0.6190285086631775,0.4064396321773529,0.006470639258623123,0.5819947719573975,0.5092304944992065,0.005527753382921219,0.6136464476585388,0.3966841399669647,0.0037917420268058777,0.6381481885910034,0.40222346782684326,0.031096454709768295,0.6262229084968567,0.3991434872150421,0.011754557490348816,0.5964475274085999,0.4363766014575958,-0.005879766773432493,0.5742924809455872,0.46504250168800354,-0.01348358578979969,0.5728096961975098,0.47384461760520935,-0.010415731929242611,0.581615686416626,0.46808820962905884,-0.010326121933758259,0.5863699913024902,0.4706571698188782,-0.005867264699190855,0.5787932276725769,0.4741274416446686,-0.008362667635083199,0.5834692716598511,0.4743773639202118,-0.0042497930116951466,0.5909836888313293,0.48117661476135254,0.004365631844848394,0.5694095492362976,0.4427546560764313,-0.030169252306222916,0.5705072283744812,0.43437716364860535,-0.03245172277092934,0.6254917979240417,0.3729616701602936,-0.0007332299719564617,0.585355818271637,0.41535672545433044,-0.007283112034201622,0.5829526782035828,0.44025540351867676,-0.017267681658267975,0.5837077498435974,0.43568670749664307,-0.015906725078821182,0.6155862212181091,0.4368166923522949,0.0009358117822557688,0.5711951851844788,0.42384591698646545,-0.029799221083521843,0.6119292974472046,0.3620710074901581,-0.010278953239321709,0.6201581358909607,0.36553749442100525,-0.00583669263869524,0.6346964836120605,0.34795427322387695,0.013590211980044842,0.5834317803382874,0.37014350295066833,-0.014091324992477894,0.5909159183502197,0.38232824206352234,-0.004432238172739744,0.5963413119316101,0.4733351767063141,0.0045053837820887566,0.6229881644248962,0.4774254858493805,0.05334484577178955,0.5785143971443176,0.4447096884250641,-0.014711685478687286,0.5738741159439087,0.44684216380119324,-0.014164269901812077,0.5925151109695435,0.4742441177368164,0.004354632459580898,0.5909448266029358,0.47450441122055054,0.002969185123220086,0.6241829991340637,0.35892254114151,-0.0038159044925123453,0.5831811428070068,0.4432263970375061,-0.01382606104016304,0.6000846028327942,0.36304715275764465,-0.013302537612617016,0.6014395952224731,0.3552747964859009,-0.015121551230549812,0.6106933355331421,0.32412189245224,-0.009205840528011322,0.6293010115623474,0.35540616512298584,0.0034381048753857613,0.605406641960144,0.33993691205978394,-0.012593163177371025,0.6295282244682312,0.36860984563827515,0.003584680613130331,0.6345953941345215,0.3690868318080902,0.013709149323403835,0.5737160444259644,0.46986129879951477,-0.012569068931043148,0.580245316028595,0.4713085889816284,-0.009543358348309994,0.5850211977958679,0.4725230932235718,-0.005502138752490282,0.5771952867507935,0.4458520710468292,-0.012915951199829578,0.5917068123817444,0.474384605884552,0.003667588345706463,0.5883575081825256,0.47707122564315796,0.0008062194683589041,0.5900833010673523,0.4746454954147339,0.002930378308519721,0.5758271813392639,0.44277340173721313,-0.02258436009287834,0.5822518467903137,0.4756428003311157,-0.0031528817489743233,0.5775554180145264,0.4759593605995178,-0.005852724891155958,0.571969211101532,0.4761497974395752,-0.007784338667988777,0.5705546140670776,0.4966748356819153,-0.0010556780034676194,0.5722412467002869,0.4909157156944275,-0.0068645840510725975,0.5723774433135986,0.4857189655303955,-0.007916539907455444,0.5722330808639526,0.48050305247306824,-0.006946559064090252,0.5718228816986084,0.4763338565826416,-0.0063881282694637775,0.5821957588195801,0.4756607413291931,-0.0020054858177900314,0.5833579301834106,0.477493554353714,-0.002641592873260379,0.584548830986023,0.47998300194740295,-0.0033444338478147984,0.5853809714317322,0.4827532172203064,-0.0021719790529459715,0.5899513959884644,0.46239006519317627,-0.00465829111635685,0.6345643401145935,0.4385444223880768,0.058154575526714325,0.5858145952224731,0.4752087891101837,0.0010111223673447967,0.5871023535728455,0.4760728180408478,0.0006480228039436042,0.5720718502998352,0.44975799322128296,-0.014037607237696648,0.581428587436676,0.4473053216934204,-0.008976015262305737,0.5728982090950012,0.4483661651611328,-0.014240593649446964,0.5917059779167175,0.4205681085586548,-0.00526341050863266,0.6017118096351624,0.42655929923057556,-0.0034711475018411875,0.5846995711326599,0.4390251934528351,-0.012419195845723152,0.6256861686706543,0.3341740369796753,0.0013570479350164533,0.6202011108398438,0.34523987770080566,-0.005245564971119165,0.6146434545516968,0.35428503155708313,-0.010270936414599419,0.5854961276054382,0.4876960515975952,0.0021231642458587885,0.5858879089355469,0.35809144377708435,-0.01716463267803192,0.5901928544044495,0.33829638361930847,-0.016334347426891327,0.5943096876144409,0.318588525056839,-0.014710018411278725,0.6112561225891113,0.4054989516735077,0.0009522009058855474,0.6251563429832458,0.41207006573677063,0.009775186888873577,0.5852194428443909,0.3998747169971466,-0.0014308724785223603,0.6209676265716553,0.3878312408924103,0.0029833989683538675,0.5813965201377869,0.4096037447452545,-0.009387877769768238,0.5796076655387878,0.4375842213630676,-0.02288203313946724,0.6311357021331787,0.4179477095603943,0.01649453490972519,0.6208754777908325,0.41811418533325195,0.00507797347381711,0.6131482720375061,0.4206720292568207,0.00016109133139252663,0.6016513109207153,0.41898417472839355,-0.0017836021725088358,0.5930532217025757,0.41506338119506836,-0.003046424360945821,0.5865388512611389,0.4103803336620331,-0.004460073541849852,0.5740694403648376,0.39764493703842163,-0.015729814767837524,0.6289229989051819,0.43499553203582764,0.01612631417810917,0.6261297464370728,0.3854615390300751,0.005346807185560465,0.5675056576728821,0.4466421604156494,-0.02713780105113983,0.5838350057601929,0.42317867279052734,-0.00941724143922329,0.6407303810119629,0.4010937511920929,0.05028834566473961,0.5817352533340454,0.4052686393260956,-0.0054612718522548676,0.5856026411056519,0.4392721951007843,-0.006701968144625425,0.6165725588798523,0.39628952741622925,0.0050337347202003,0.5802924036979675,0.4319291412830353,-0.021097417920827866,0.6297860145568848,0.4580456018447876,0.057306841015815735,0.5849753618240356,0.39686262607574463,-0.0004629671457223594,0.5758752226829529,0.42707377672195435,-0.026570353657007217,0.607785701751709,0.49397021532058716,0.024215947836637497,0.6061360836029053,0.5024537444114685,0.035732854157686234,0.6338137984275818,0.43752193450927734,0.03677205368876457,0.6166234016418457,0.48479515314102173,0.030175210908055305,0.6367638111114502,0.3846833109855652,0.02386927418410778,0.581809401512146,0.5161301493644714,0.00939476490020752,0.5669965147972107,0.4481443464756012,-0.019297758117318153,0.5890924334526062,0.4293299615383148,-0.00717487558722496,0.6312351226806641,0.40074795484542847,0.017245737835764885,0.605988085269928,0.40355756878852844,-0.001443565241061151,0.6007295250892639,0.4041826128959656,-0.002683308906853199,0.5894361734390259,0.4782785475254059,0.0017405161634087563,0.6263291835784912,0.45130836963653564,0.019226670265197754,0.5716354846954346,0.5243518948554993,0.01229475624859333,0.5881580114364624,0.516568660736084,0.022195855155587196,0.5961093902587891,0.5109908580780029,0.028112726286053658,0.5952956080436707,0.40274983644485474,-0.0026878276839852333,0.5901036262512207,0.40004125237464905,-0.00169737811665982,0.5867207050323486,0.39826780557632446,-0.00046270035090856254,0.6306574940681458,0.38319072127342224,0.01079508662223816,0.5914608836174011,0.3906075954437256,-0.003419918240979314,0.597118616104126,0.3886313736438751,-0.0045175193808972836,0.6024911999702454,0.3888593018054962,-0.004459441639482975,0.6075124144554138,0.39069435000419617,-0.0030147728975862265,0.6105377078056335,0.3930746018886566,-0.001106609241105616,0.6413246989250183,0.38123130798339844,0.03919202834367752,0.6093640923500061,0.40178918838500977,0.00032832814031280577,0.5837888121604919,0.4583870768547058,-0.008061233907938004,0.578513503074646,0.4437609016895294,-0.016833649948239326,0.5727225542068481,0.45627883076667786,-0.013085179962217808,0.5983902812004089,0.5028226971626282,0.020009523257613182,0.5901104807853699,0.5094023942947388,0.015122680924832821,0.5720363259315491,0.5203961133956909,0.004638695158064365,0.6147705912590027,0.4921582341194153,0.04516846314072609,0.5870447158813477,0.39419692754745483,-0.001661784714087844,0.5767817497253418,0.4115218222141266,-0.017000073567032814,0.5802146196365356,0.5213326811790466,0.01603160798549652,0.6296855211257935,0.4552837610244751,0.037373725324869156,0.5774680376052856,0.47605496644973755,-0.004519732668995857,0.5784468650817871,0.479210764169693,-0.005183593835681677,0.5791754722595215,0.4831547737121582,-0.00603451719507575,0.5794931650161743,0.48773708939552307,-0.004954064730554819,0.5787647366523743,0.49316757917404175,-0.00015578503371216357,0.5873376727104187,0.47437286376953125,-0.00040780327981337905,0.5887487530708313,0.4734763503074646,-0.0004940393264405429,0.5899529457092285,0.4725281596183777,-0.0007158121443353593,0.5946511030197144,0.46724197268486023,-0.000315335753839463,0.618769109249115,0.45478036999702454,0.008081771433353424,0.5776634812355042,0.40304917097091675,-0.012218756601214409,0.581818699836731,0.3878319561481476,-0.004477222450077534,0.5849923491477966,0.390082448720932,-0.002517582615837455,0.5858822464942932,0.47521018981933594,0.00023918238002806902,0.6165800094604492,0.4734492599964142,0.018333755433559418,0.5766156315803528,0.38615062832832336,-0.011244485154747963,0.5806496143341064,0.5011497735977173,0.0029892264865338802,0.5728747248649597,0.4069362282752991,-0.02091553807258606,0.5797384977340698,0.424744576215744,-0.016482405364513397,0.5713868141174316,0.505054235458374,0.0003664459800347686,0.5947211384773254,0.4862871766090393,0.007533097639679909,0.590590238571167,0.4459201395511627,-0.004842714406549931,0.5880314111709595,0.49476683139801025,0.005645753815770149,0.606037437915802,0.44661054015159607,-0.003160362597554922,0.596545398235321,0.4541826546192169,-0.0030906980391591787,0.6101552844047546,0.4594593942165375,0.002117600291967392,0.5721415281295776,0.5139750242233276,0.0012075337581336498,0.582886278629303,0.42933839559555054,-0.012317103333771229,0.5981838703155518,0.49367785453796387,0.013000558130443096,0.5898682475090027,0.5016630291938782,0.01014876738190651,0.6008722186088562,0.47673508524894714,0.0066920798271894455,0.6230946183204651,0.46466922760009766,0.022456560283899307,0.607711672782898,0.48028019070625305,0.0119328573346138,0.6244234442710876,0.47113069891929626,0.036425601691007614,0.6011199951171875,0.46339255571365356,0.0003254359762649983,0.5801547169685364,0.41728538274765015,-0.012876320630311966,0.5776154398918152,0.44145822525024414,-0.02387220971286297,0.5810126066207886,0.4430508017539978,-0.017581354826688766,0.5753012895584106,0.43578505516052246,-0.02780286781489849,0.5874847173690796,0.3787025511264801,-0.006925171706825495,0.5983160734176636,0.37266650795936584,-0.008138662204146385,0.6073794960975647,0.37211379408836365,-0.007748712785542011,0.6145223379135132,0.37473008036613464,-0.005331580527126789,0.6192183494567871,0.37977612018585205,-0.001744680805131793,0.6208139657974243,0.39751896262168884,0.007561714854091406,0.636745810508728,0.4199889600276947,0.034195609390735626,0.6155625581741333,0.41034820675849915,0.003646177938207984,0.6094239950180054,0.4125368595123291,0.0006912637618370354,0.6013379096984863,0.41263696551322937,-0.0013122922973707318,0.5935070514678955,0.4101801812648773,-0.002631646813824773,0.587332010269165,0.40625908970832825,-0.0023513773921877146,0.5832167267799377,0.4026194214820862,-0.0028943135403096676,0.6380546689033508,0.41971340775489807,0.05604434013366699,0.5808804631233215,0.4446258842945099,-0.014590810984373093,0.5760100483894348,0.4190933406352997,-0.021053509786725044,0.573445200920105,0.44189324975013733,-0.02784629911184311,0.570501983165741,0.4455360174179077,-0.025008410215377808,0.5735715627670288,0.443209171295166,-0.02504768781363964,0.5794985294342041,0.44655853509902954,-0.012250881642103195,0.5693305134773254,0.44625118374824524,-0.026394516229629517,0.5687457919120789,0.44771912693977356,-0.01950344443321228,0.5830324292182922,0.3965182602405548,-0.0009986383374780416,0.5801942348480225,0.39732444286346436,-0.0039123231545090675,0.5783469676971436,0.39811238646507263,-0.007282169070094824,0.6122630834579468,0.39490997791290283,0.0010543173411861062,0.6172343492507935,0.3894082307815552,0.0012642540968954563,0.5403813123703003,0.38946816325187683,0.002724049147218466,0.5462890267372131,0.3904324173927307,0.002724049147218466,0.5410639047622681,0.3819468915462494,0.002724049147218466,0.534377932548523,0.3885061740875244,0.002724049147218466,0.5396876335144043,0.3969418704509735,0.002724049147218466,0.5993057489395142,0.3957782983779907,-0.0012870125938206911,0.605472981929779,0.39631807804107666,-0.0012870125938206911,0.5996221303939819,0.38825446367263794,-0.0012870125938206911,0.5932199954986572,0.3952048122882843,-0.0012870125938206911,0.5990099906921387,0.4032425582408905,-0.0012870125938206911
2700.000000000001,0.5688208341598511,0.46657854318618774,-0.013512377627193928,0.5681120753288269,0.44341301918029785,-0.030345536768436432,0.5680858492851257,0.45045560598373413,-0.015185478143393993,0.5653755068778992,0.415085107088089,-0.02431090734899044,0.5685930252075195,0.4348205327987671,-0.03278978914022446,0.5693904161453247,0.4235094487667084,-0.031156478449702263,0.571501612663269,0.3960792124271393,-0.017623333260416985,0.530234694480896,0.39059847593307495,0.0058669960126280785,0.573266863822937,0.3709627389907837,-0.014927816577255726,0.5740987658500671,0.3583906590938568,-0.01704448275268078,0.5771431922912598,0.31716758012771606,-0.015194467268884182,0.568554699420929,0.4704068899154663,-0.012603243812918663,0.5682339668273926,0.47435539960861206,-0.010683315806090832,0.5679991245269775,0.4769006371498108,-0.007999442517757416,0.5679007172584534,0.47718560695648193,-0.006552765611559153,0.5676843523979187,0.4814746379852295,-0.007135362830013037,0.5673587918281555,0.4863297641277313,-0.0079966364428401,0.5669843554496765,0.49119409918785095,-0.006768204737454653,0.565615713596344,0.4961003065109253,-0.0009073711116798222,0.5680226683616638,0.44752952456474304,-0.027196129783988,0.5633198618888855,0.4463576078414917,-0.019262220710515976,0.5116904377937317,0.3515637516975403,0.03176584094762802,0.546546459197998,0.40121543407440186,-0.0007229606853798032,0.5402905344963074,0.4012652337551117,0.0002052065683528781,0.5347257852554321,0.3992975354194641,0.00223101070150733,0.5281503796577454,0.3921324610710144,0.007418016903102398,0.5520702004432678,0.3992004692554474,-0.00010332345118513331,0.5397712588310242,0.36933547258377075,-0.0033493556547909975,0.5467954874038696,0.3718327283859253,-0.00379391061142087,0.5330700874328613,0.3702060580253601,-0.0007393585401587188,0.5286227464675903,0.37394124269485474,0.0019684559665620327,0.5236241817474365,0.39556992053985596,0.011056286282837391,0.5455178618431091,0.5043522119522095,0.00763177452608943,0.5287564992904663,0.38696175813674927,0.008018136024475098,0.5077815055847168,0.3884897232055664,0.037237733602523804,0.5183179974555969,0.38652846217155457,0.016889160498976707,0.5401314496994019,0.4307708144187927,-0.003181230742484331,0.5610885620117188,0.46396368741989136,-0.01256794948130846,0.5610606074333191,0.4731980264186859,-0.00952267274260521,0.5530855655670166,0.46541398763656616,-0.008583281189203262,0.547642707824707,0.4668889343738556,-0.0035156002268195152,0.5548776388168335,0.47215020656585693,-0.006732176523655653,0.5499778985977173,0.4713134169578552,-0.002172785811126232,0.5412726402282715,0.47544246912002563,0.007348006125539541,0.5636486411094666,0.44272345304489136,-0.029733413830399513,0.5634777545928955,0.4342910051345825,-0.031943514943122864,0.5212627649307251,0.36057451367378235,0.004304465372115374,0.5535982847213745,0.4127218425273895,-0.005512859206646681,0.5520233511924744,0.43762174248695374,-0.015620439313352108,0.5520066618919373,0.4330298602581024,-0.014195779338479042,0.5219161510467529,0.42690885066986084,0.005406019277870655,0.5644453167915344,0.4238581955432892,-0.02919420786201954,0.534111738204956,0.3518829941749573,-0.006759001407772303,0.5264217257499695,0.3539915084838867,-0.0013674593064934015,0.5176977515220642,0.33638322353363037,0.01902550645172596,0.559881329536438,0.36511504650115967,-0.012956241145730019,0.5525884628295898,0.3775904178619385,-0.002350287279114127,0.5371286273002625,0.46673256158828735,0.007925350219011307,0.5136778950691223,0.4650358557701111,0.058833107352256775,0.5557931661605835,0.44287893176078796,-0.013433422893285751,0.5600268840789795,0.44588255882263184,-0.013474659994244576,0.5407564043998718,0.46900513768196106,0.007413708604872227,0.5422362685203552,0.4696351885795593,0.005722429603338242,0.5238351821899414,0.34686964750289917,0.0009041239973157644,0.5516711473464966,0.4404861629009247,-0.012216495350003242,0.5448190569877625,0.3546800911426544,-0.010849076323211193,0.5442771315574646,0.346915066242218,-0.0126346405595541,0.5422117114067078,0.318034291267395,-0.006104610860347748,0.5210093259811401,0.34442904591560364,0.008468860760331154,0.5443891882896423,0.33421996235847473,-0.009861938655376434,0.5184664726257324,0.3553782105445862,0.008915065787732601,0.5148423314094543,0.3567083775997162,0.019350288435816765,0.5608898401260376,0.46889808773994446,-0.011620279401540756,0.5539379119873047,0.4689183831214905,-0.007818211801350117,0.5487439632415771,0.4690991938114166,-0.003258915850892663,0.5569511651992798,0.44425463676452637,-0.01191256195306778,0.5415112972259521,0.4693276286125183,0.006550576072186232,0.5444811582565308,0.4727952778339386,0.003327301237732172,0.5430426597595215,0.4699910283088684,0.005612992215901613,0.5581613183021545,0.44149306416511536,-0.021433459594845772,0.5509086847305298,0.4729241132736206,-0.0012353743659332395,0.5557185411453247,0.4743640124797821,-0.004412220790982246,0.5614455938339233,0.4757606089115143,-0.006959442514926195,0.5578765273094177,0.49471622705459595,-0.00023807623074389994,0.5588729977607727,0.4893633723258972,-0.005943555850535631,0.5595018267631531,0.48453524708747864,-0.006940366234630346,0.5603711605072021,0.47977590560913086,-0.006014595739543438,0.5613210201263428,0.4760036766529083,-0.005436985287815332,0.550781786441803,0.47301578521728516,-4.849754873248457e-07,0.5494561195373535,0.47444948554039,-0.0006877166451886296,0.547944188117981,0.47648948431015015,-0.0013485748786479235,0.5467342734336853,0.4788823425769806,-8.124059968395159e-05,0.5436206459999084,0.45745471119880676,-0.002111785812303424,0.5080098509788513,0.42463937401771545,0.06410954892635345,0.5680478811264038,0.44905340671539307,-0.01950015500187874,0.5471911430358887,0.47164294123649597,0.0034493315033614635,0.5458434224128723,0.47214263677597046,0.003086975309997797,0.5614510774612427,0.44902926683425903,-0.013374404981732368,0.5530990362167358,0.4447888731956482,-0.007703842595219612,0.560814619064331,0.4475066363811493,-0.013574491254985332,0.5468345880508423,0.4164121448993683,-0.002910453360527754,0.5363811254501343,0.41998761892318726,-0.00022667042503599077,0.5508602857589722,0.43604931235313416,-0.010681397281587124,0.527340292930603,0.3247916102409363,0.0058074272237718105,0.5303162932395935,0.336320161819458,-0.0012032515369355679,0.5324344635009766,0.34399861097335815,-0.006551590748131275,0.5452279448509216,0.4828050136566162,0.004549120552837849,0.5586800575256348,0.35246920585632324,-0.015943702310323715,0.5588932037353516,0.3358040750026703,-0.014981472864747047,0.5582495331764221,0.3159474730491638,-0.01321779191493988,0.5303414463996887,0.39640137553215027,0.005054790526628494,0.517573356628418,0.3999599814414978,0.014868994243443012,0.5557906627655029,0.3970673382282257,0.00032878847559913993,0.5233862400054932,0.37645024061203003,0.007724039722234011,0.5580453276634216,0.4079267084598541,-0.007967866957187653,0.5551295876502991,0.43566328287124634,-0.021526802331209183,0.5110430717468262,0.40517768263816833,0.02222689613699913,0.5205478668212891,0.40688008069992065,0.009872863069176674,0.5273006558418274,0.41127750277519226,0.004311779979616404,0.5383126139640808,0.4122481644153595,0.001421988825313747,0.5468875169754028,0.41047975420951843,-0.0006243750103749335,0.5534785389900208,0.4074523448944092,-0.0026378026232123375,0.5661009550094604,0.39763161540031433,-0.015116103924810886,0.5105767846107483,0.4221910834312439,0.021900584921240807,0.519469678401947,0.37282225489616394,0.01055651530623436,0.565343976020813,0.4469461441040039,-0.026769252493977547,0.5538721084594727,0.420708566904068,-0.007751900237053633,0.506851315498352,0.3871197998523712,0.05641371011734009,0.558441698551178,0.4034944772720337,-0.004068523645401001,0.550230085849762,0.4361054599285126,-0.005046274047344923,0.5262362957000732,0.3858219385147095,0.00946065690368414,0.5554091334342957,0.43002957105636597,-0.01973836123943329,0.5099940896034241,0.4446253776550293,0.06306232511997223,0.5564837455749512,0.3939450681209564,0.0013176754582673311,0.5598053336143494,0.426107794046402,-0.025537436828017235,0.5241128206253052,0.4841049313545227,0.028719352558255196,0.5254697203636169,0.49287229776382446,0.0400499552488327,0.5070869326591492,0.42366236448287964,0.043034687638282776,0.5170109272003174,0.4734458327293396,0.03540757670998573,0.5110494494438171,0.3716254234313965,0.02983567677438259,0.5450856685638428,0.5110101699829102,0.011663922108709812,0.5659942626953125,0.44852951169013977,-0.01906248740851879,0.5481235384941101,0.42557236552238464,-0.00509666558355093,0.5140237808227539,0.3870152235031128,0.022880282253026962,0.5352023839950562,0.3957527279853821,0.002035859040915966,0.5402875542640686,0.3973828852176666,0.0004160813114140183,0.5432934761047363,0.4736860692501068,0.004423247184604406,0.5110618472099304,0.43863025307655334,0.024888474494218826,0.5542472004890442,0.5214234590530396,0.01356958132237196,0.5401121377944946,0.5103245377540588,0.025198815390467644,0.5336657762527466,0.5032138228416443,0.031747542321681976,0.575518786907196,0.3380885720252991,-0.01692044548690319,0.5642747282981873,0.5238200426101685,0.011497767642140388,0.5457420945167542,0.39723217487335205,-6.0626418417086825e-05,0.5510265827178955,0.39593636989593506,0.0005112384678795934,0.5545937418937683,0.3949824273586273,0.0014958143001422286,0.5160617232322693,0.3697391748428345,0.016334813088178635,0.5511036515235901,0.38604384660720825,-0.0010884614894166589,0.5457765460014343,0.3823809325695038,-0.001771671581082046,0.5404212474822998,0.38107460737228394,-0.0012329607270658016,0.5351904630661011,0.38179296255111694,0.0006797582609578967,0.5319177508354187,0.3836672306060791,0.00278963940218091,0.5083102583885193,0.36760857701301575,0.04532662034034729,0.5320705771446228,0.393238365650177,0.004152097273617983,0.5678889155387878,0.4559853971004486,-0.01319627184420824,0.5498160123825073,0.4549877643585205,-0.00619003688916564,0.5557615160942078,0.44193458557128906,-0.01567365974187851,0.5602942109107971,0.4551661014556885,-0.012242963537573814,0.5724139213562012,0.3837370276451111,-0.014354691840708256,0.5318437218666077,0.49453866481781006,0.023761041462421417,0.5385175347328186,0.5026261806488037,0.018143722787499428,0.5536056756973267,0.5173532366752625,0.0059829577803611755,0.5190722942352295,0.4811412990093231,0.05023985728621483,0.554855465888977,0.3908306658267975,0.00036766339326277375,0.5615862011909485,0.41068771481513977,-0.016034837812185287,0.5642326474189758,0.519563615322113,0.00421126140281558,0.5466022491455078,0.5166778564453125,0.01829223707318306,0.5086962580680847,0.4418572187423706,0.04340587928891182,0.5555729866027832,0.47454625368118286,-0.0029726147186011076,0.5542051792144775,0.4772421419620514,-0.0036539873108267784,0.5529866218566895,0.4807329475879669,-0.004420309327542782,0.5520638823509216,0.48492276668548584,-0.0033003969583660364,0.550602912902832,0.48957115411758423,0.0016422523185610771,0.5459668636322021,0.4703943133354187,0.002166308928281069,0.544691264629364,0.4691702127456665,0.00225893035531044,0.5436574220657349,0.4679490625858307,0.0021319501101970673,0.5389434695243835,0.4611475467681885,0.00284917582757771,0.5170243978500366,0.44368302822113037,0.013005769811570644,0.5622203946113586,0.4022197723388672,-0.011169682256877422,0.5603190064430237,0.38514792919158936,-0.0032717506401240826,0.5572173595428467,0.3868718147277832,-0.0008406528504565358,0.5472452640533447,0.47157737612724304,0.0026206832844763994,0.5176627039909363,0.46241241693496704,0.02327832579612732,0.5651623606681824,0.3842712938785553,-0.01056407205760479,0.5477344989776611,0.49686962366104126,0.0049000210128724575,0.5700905323028564,0.414370059967041,-0.02648102305829525,0.5656623840332031,0.4069754183292389,-0.020371152088046074,0.570749044418335,0.405815988779068,-0.02196420170366764,0.5571241974830627,0.4230240285396576,-0.015233146026730537,0.5645239353179932,0.5131257772445679,0.0006504664197564125,0.5650476813316345,0.5043137669563293,-0.0001397028099745512,0.5558609962463379,0.5026992559432983,0.0013331385562196374,0.5368804931640625,0.47943320870399475,0.010829991661012173,0.5447821021080017,0.4414660930633545,-0.0025828529614955187,0.5419592261314392,0.4890887141227722,0.008272117003798485,0.5296010971069336,0.43853405117988586,0.0003588529652915895,0.538138747215271,0.44802266359329224,-0.0001911504368763417,0.5245298147201538,0.4500720500946045,0.0061784894205629826,0.5540288686752319,0.5111420750617981,0.002490600571036339,0.5538627505302429,0.42698973417282104,-0.010772435925900936,0.5328315496444702,0.4857846200466156,0.01663399115204811,0.5394190549850464,0.49528923630714417,0.012973092496395111,0.5320774912834167,0.46889007091522217,0.010553434491157532,0.5127853155136108,0.4524432122707367,0.02786918729543686,0.5251566171646118,0.470832884311676,0.016219371929764748,0.5116424560546875,0.4585043787956238,0.042245347052812576,0.5330305695533752,0.4558771252632141,0.003894944442436099,0.5579047203063965,0.41566017270088196,-0.011546689085662365,0.5565214157104492,0.4398289620876312,-0.022648464888334274,0.5534787178039551,0.4407236874103546,-0.0161732230335474,0.559051513671875,0.43473148345947266,-0.026698146015405655,0.5557138323783875,0.37398654222488403,-0.005233709700405598,0.5459837913513184,0.36542844772338867,-0.005609241779893637,0.537308931350708,0.36298760771751404,-0.004429016727954149,0.530278742313385,0.36437010765075684,-0.0012975618010386825,0.5254840850830078,0.368618905544281,0.0027538633439689875,0.5228190422058105,0.38618016242980957,0.012284901924431324,0.5066515803337097,0.40599849820137024,0.04053730517625809,0.5261631608009338,0.40021467208862305,0.008004180155694485,0.5316672325134277,0.404013454914093,0.0045191324315965176,0.5392876267433167,0.4059494137763977,0.0018438505940139294,0.5469399690628052,0.4053329825401306,-0.0002094375086016953,0.5531589984893799,0.4030166268348694,-0.0005199200822971761,0.5574126839637756,0.4004296660423279,-0.0014435222838073969,0.5071926712989807,0.40570464730262756,0.06219608709216118,0.5535697937011719,0.4423362910747528,-0.013216616585850716,0.5610067248344421,0.41823482513427734,-0.020045973360538483,0.5601008534431458,0.441080778837204,-0.027032168582081795,0.5628659129142761,0.4451908469200134,-0.024519849568605423,0.5601292848587036,0.4422975182533264,-0.024221621453762054,0.5548039674758911,0.44450223445892334,-0.011082557961344719,0.5637344121932983,0.4461756646633148,-0.025977224111557007,0.5644168257713318,0.4477675259113312,-0.01913587749004364,0.5583340525627136,0.39405640959739685,0.0004497808695305139,0.5608251094818115,0.39564794301986694,-0.00281159277074039,0.5622946619987488,0.39692044258117676,-0.006287185940891504,0.5301176905632019,0.38527625799179077,0.005125777795910835,0.5261021852493286,0.3787119686603546,0.005645107012242079,0.57474285364151,0.4160006046295166,-0.024744218215346336,0.6136065125465393,0.4005814492702484,0.0026961704716086388,0.5732502341270447,0.4472764730453491,-0.019596243277192116,0.6407114863395691,0.3650505840778351,0.02701510675251484,0.5965585708618164,0.4074026346206665,-0.002781456569209695,0.6028598546981812,0.40885138511657715,-0.002234628889709711,0.6087350845336914,0.4079660475254059,-0.0006225872202776372,0.6160014271736145,0.4027552604675293,0.004031670745462179,0.5911281108856201,0.40378203988075256,-0.0017124565783888102,0.6065726280212402,0.37885212898254395,-0.006025228183716536,0.599555253982544,0.3794478476047516,-0.005913919769227505,0.6129408478736877,0.38102519512176514,-0.003802147228270769,0.6168395280838013,0.385223388671875,-0.001338350004516542,0.6210827827453613,0.4070783853530884,0.007500242441892624,0.5848463773727417,0.5084534287452698,0.006102892570197582,0.6155930757522583,0.3975882828235626,0.004694183357059956,0.639587938785553,0.4023829996585846,0.03246036916971207,0.6281377673149109,0.3997185528278351,0.012908308766782284,0.5991600751876831,0.43672817945480347,-0.005297957453876734,0.57667076587677,0.4654950499534607,-0.013203563168644905,0.5753481984138489,0.4745965301990509,-0.01014754083007574,0.5840844511985779,0.46839478611946106,-0.009850752539932728,0.5888779163360596,0.4707724153995514,-0.005204272456467152,0.581362783908844,0.4747249186038971,-0.007920262403786182,0.5860324501991272,0.4747411012649536,-0.0036601750180125237,0.5937351584434509,0.4803823232650757,0.005223413463681936,0.5727002024650574,0.4435804486274719,-0.029999565333127975,0.5737698078155518,0.4352334439754486,-0.03227267414331436,0.6272755861282349,0.37351900339126587,0.00041624612640589476,0.5879220962524414,0.4161061644554138,-0.006899294443428516,0.5859143137931824,0.44074201583862305,-0.01689562201499939,0.5865897536277771,0.436201274394989,-0.015538540668785572,0.6181159019470215,0.43688327074050903,0.00198308564722538,0.5743201971054077,0.42475301027297974,-0.02962557226419449,0.6137832403182983,0.36277762055397034,-0.009411012753844261,0.6219410300254822,0.3661675453186035,-0.0047644078731536865,0.6361203789710999,0.3487115502357483,0.014709193259477615,0.5856616497039795,0.3709736764431,-0.01381085254251957,0.5931548476219177,0.38329920172691345,-0.004073920659720898,0.5990802645683289,0.4725075364112854,0.005436806473881006,0.6243349313735962,0.4764576852321625,0.054608069360256195,0.5815235376358032,0.4452185332775116,-0.01446237601339817,0.5769279599189758,0.4474100172519684,-0.013986826874315739,0.5950450897216797,0.4739437997341156,0.005238194949924946,0.5935273766517639,0.47430601716041565,0.0037912551779299974,0.6258968114852905,0.3594450056552887,-0.002724043093621731,0.5861100554466248,0.4436239004135132,-0.013465969823300838,0.6020611524581909,0.3638152480125427,-0.012717243283987045,0.6033433079719543,0.35596221685409546,-0.014533791691064835,0.6126363277435303,0.3251868486404419,-0.008606167510151863,0.6310520768165588,0.3560517430305481,0.004547815304249525,0.6076458692550659,0.34076833724975586,-0.011995157226920128,0.6312588453292847,0.3690824508666992,0.004763555247336626,0.6361348032951355,0.36961179971694946,0.014921911992132664,0.5761737823486328,0.47040459513664246,-0.01228070817887783,0.5827687382698059,0.471727579832077,-0.009071702137589455,0.587550699710846,0.4727461040019989,-0.004869788885116577,0.5802185535430908,0.4463510513305664,-0.012675860896706581,0.5942665338516235,0.47413215041160583,0.004520847462117672,0.5909530520439148,0.47703176736831665,0.0015838005347177386,0.5926898717880249,0.4745105504989624,0.0037438340950757265,0.5789377093315125,0.4434320330619812,-0.02229669876396656,0.5848422050476074,0.47613924741744995,-0.002627298003062606,0.5801481604576111,0.4767264723777771,-0.0054924385622143745,0.5745616555213928,0.47704505920410156,-0.007591126952320337,0.5735829472541809,0.4963793456554413,-0.0008261602488346398,0.5751460790634155,0.49084988236427307,-0.00659560039639473,0.5751848220825195,0.48596468567848206,-0.00764659745618701,0.574961245059967,0.48114877939224243,-0.006702682934701443,0.5744906663894653,0.47725534439086914,-0.006094153504818678,0.5848267674446106,0.4761815071105957,-0.0013971616281196475,0.5860006809234619,0.47782307863235474,-0.002061775652691722,0.5872100591659546,0.48007094860076904,-0.002738989656791091,0.5880588889122009,0.48260608315467834,-0.0015203898074105382,0.5928659439086914,0.46218419075012207,-0.003942570649087429,0.6356713175773621,0.4381157159805298,0.059463124722242355,0.588420569896698,0.47544315457344055,0.0017640270525589585,0.5897138118743896,0.4761711359024048,0.00139284145552665,0.5751422047615051,0.4503302574157715,-0.013858434744179249,0.5843744277954102,0.4476390480995178,-0.008691363036632538,0.5759592056274414,0.44893738627433777,-0.014064180664718151,0.5942777395248413,0.42118239402770996,-0.004740566480904818,0.6043102145195007,0.42697203159332275,-0.0027289825957268476,0.5875548124313354,0.4394562542438507,-0.012044724076986313,0.6273764371871948,0.33509570360183716,0.002264549722895026,0.6221963167190552,0.34598100185394287,-0.004355823155492544,0.616410493850708,0.35487616062164307,-0.00940704345703125,0.5883424878120422,0.48705270886421204,0.00285521661862731,0.5880143046379089,0.35884565114974976,-0.016860395669937134,0.5925540328025818,0.3392760157585144,-0.016056200489401817,0.5964105725288391,0.3197669982910156,-0.014479981735348701,0.6133403778076172,0.4063115417957306,0.001841782359406352,0.6271986961364746,0.4126388430595398,0.010922673158347607,0.5875754356384277,0.4007141590118408,-0.0011100709671154618,0.622816801071167,0.3884769678115845,0.004038720391690731,0.5839889645576477,0.4104568064212799,-0.009077935479581356,0.5826595425605774,0.4382201135158539,-0.022554730996489525,0.6329934000968933,0.41800713539123535,0.01781293749809265,0.6230166554450989,0.4186844527721405,0.006175345275551081,0.6154225468635559,0.4212687611579895,0.0011002890532836318,0.6040753722190857,0.41969195008277893,-0.001054911408573389,0.5955826640129089,0.41582363843917847,-0.0025180710945278406,0.5890970230102539,0.4111389219760895,-0.004068344831466675,0.5767915844917297,0.39865195751190186,-0.015584709122776985,0.630947470664978,0.4348432123661041,0.017481015995144844,0.6279540657997131,0.3859950602054596,0.006506641861051321,0.5707634091377258,0.44744008779525757,-0.026987863704562187,0.5865263938903809,0.4238612949848175,-0.009071698412299156,0.6417948603630066,0.4011581838130951,0.05158247426152229,0.5842856168746948,0.4060051143169403,-0.005169372074306011,0.5883956551551819,0.4396681487560272,-0.006356074940413237,0.6184908747673035,0.39709994196891785,0.0059998612850904465,0.5832416415214539,0.43259087204933167,-0.02078605256974697,0.6309762001037598,0.4573664665222168,0.058591295033693314,0.587285041809082,0.39772096276283264,-0.0001530903682578355,0.578918993473053,0.4278686046600342,-0.026312828063964844,0.609865665435791,0.492824912071228,0.025311827659606934,0.6079414486885071,0.5010820031166077,0.036795493215322495,0.6353239417076111,0.4371992349624634,0.03818941488862038,0.6185290813446045,0.4838023781776428,0.03140522539615631,0.6382322311401367,0.3850647807121277,0.025160962715744972,0.5845580697059631,0.5151234269142151,0.01000729575753212,0.5701858997344971,0.448896586894989,-0.019202668219804764,0.5917797684669495,0.42985519766807556,-0.006743998732417822,0.6331117749214172,0.40131524205207825,0.01850246451795101,0.6081485152244568,0.40448451042175293,-0.0007183573325164616,0.6029657125473022,0.4051562547683716,-0.002052632160484791,0.5920108556747437,0.4780995845794678,0.0025548008270561695,0.6284022331237793,0.45094120502471924,0.020549004897475243,0.574459433555603,0.5233930945396423,0.012685156427323818,0.5904787182807922,0.5152555704116821,0.02295772358775139,0.598173975944519,0.5095919370651245,0.02902413345873356,0.5975872874259949,0.40372395515441895,-0.002171026077121496,0.5924139022827148,0.40095287561416626,-0.0012784593272954226,0.5890346765518188,0.3991299867630005,-0.00010759237920865417,0.632409393787384,0.38365283608436584,0.012018093839287758,0.5936646461486816,0.3917669653892517,-0.0030180735047906637,0.5992569923400879,0.39001020789146423,-0.0040067341178655624,0.6045308113098145,0.3902914524078369,-0.0038336911238729954,0.6094589829444885,0.39201951026916504,-0.002271705772727728,0.6124634742736816,0.39422160387039185,-0.0003066565841436386,0.6424291729927063,0.38158518075942993,0.040470123291015625,0.6114394068717957,0.40267178416252136,0.0011306597152724862,0.5867466330528259,0.4584418833255768,-0.0075392527505755424,0.5815442204475403,0.4443109333515167,-0.01656920649111271,0.5757949948310852,0.45667585730552673,-0.012836010195314884,0.6006426811218262,0.5016246438026428,0.020962022244930267,0.5925788283348083,0.5082380771636963,0.015908287838101387,0.5750216841697693,0.5195928812026978,0.005036761984229088,0.6163305640220642,0.49095162749290466,0.04636073857545853,0.5893123149871826,0.3951340317726135,-0.0013042471837252378,0.5795809030532837,0.41243255138397217,-0.016783729195594788,0.5828129053115845,0.520176887512207,0.016633160412311554,0.6312661170959473,0.45473188161849976,0.038749560713768005,0.5801233649253845,0.47684797644615173,-0.004062679596245289,0.5811478495597839,0.4797350764274597,-0.00475446367636323,0.5819214582443237,0.4833511412143707,-0.005572958383709192,0.5823048949241638,0.4876064956188202,-0.00445553008466959,0.5817116498947144,0.4926835000514984,0.0003886240301653743,0.5899174809455872,0.4744650721549988,0.0003351946361362934,0.591293215751648,0.47347238659858704,0.000302739383187145,0.5924680233001709,0.472450315952301,0.0001041326904669404,0.597502589225769,0.4667080044746399,0.0005612288950942457,0.6212143898010254,0.4545060396194458,0.00923286471515894,0.5803127288818359,0.40399131178855896,-0.011997570283710957,0.5841686725616455,0.3886374235153198,-0.004292035009711981,0.58729088306427,0.390959233045578,-0.0022186951246112585,0.5884966850280762,0.4754085838794708,0.0009356521186418831,0.6187978982925415,0.47274988889694214,0.01950184628367424,0.5790600180625916,0.3868861198425293,-0.011119871400296688,0.5835482478141785,0.5005174279212952,0.0035273341927677393,0.5757390856742859,0.40794023871421814,-0.02078106813132763,0.5825749635696411,0.425481379032135,-0.016217345371842384,0.5744324326515198,0.5046284794807434,0.0006399289122782648,0.5973107218742371,0.48542270064353943,0.008434967137873173,0.5933576822280884,0.4461435377597809,-0.0043317093513906,0.5907408595085144,0.4939771294593811,0.0063879527151584625,0.6087647080421448,0.4466724097728729,-0.002362264320254326,0.5993291735649109,0.45415669679641724,-0.0023641185835003853,0.6127802729606628,0.4591684937477112,0.0030597210861742496,0.5751954913139343,0.5133941769599915,0.0015734287444502115,0.5856578946113586,0.4299550950527191,-0.01199711300432682,0.60060054063797,0.49267086386680603,0.013947876170277596,0.5924700498580933,0.5007121562957764,0.010899104177951813,0.6034501791000366,0.4759308099746704,0.00768661592155695,0.6251463294029236,0.4640766680240631,0.023727545514702797,0.6100831627845764,0.4794349670410156,0.012992228381335735,0.6261093616485596,0.4703526198863983,0.037772152572870255,0.6038615107536316,0.4629792869091034,0.0012160612968727946,0.5828807950019836,0.4180881083011627,-0.01258817221969366,0.5807186365127563,0.44210633635520935,-0.023562388494610786,0.5840176939964294,0.44355008006095886,-0.017257507890462875,0.578461229801178,0.43654197454452515,-0.027508975937962532,0.5897203683853149,0.37958577275276184,-0.006617744453251362,0.6003794074058533,0.3735767602920532,-0.007581739686429501,0.609286367893219,0.3729858994483948,-0.006982785649597645,0.6163466572761536,0.37549737095832825,-0.004390801303088665,0.6210207939147949,0.3804730772972107,-0.0006989645771682262,0.6227383613586426,0.39815762639045715,0.008614358492195606,0.6382066011428833,0.4199099838733673,0.03562216833233833,0.6176870465278625,0.41103535890579224,0.0046154167503118515,0.6116765737533569,0.41323450207710266,0.0015529901720583439,0.603706955909729,0.41343072056770325,-0.0006039662403054535,0.5959548354148865,0.41101476550102234,-0.002136815106496215,0.5897886753082275,0.4070722162723541,-0.001971183344721794,0.5856760740280151,0.40340182185173035,-0.002617263700813055,0.6391309499740601,0.41952842473983765,0.05735698714852333,0.5838609933853149,0.44506511092185974,-0.01428246684372425,0.5789267420768738,0.41995400190353394,-0.020825497806072235,0.5766492486000061,0.4426407217979431,-0.02760152891278267,0.573678731918335,0.4462510645389557,-0.024836909025907516,0.5767320394515991,0.4439097046852112,-0.02481357380747795,0.5824897289276123,0.44697433710098267,-0.011989014223217964,0.5725579857826233,0.4470060169696808,-0.02623232640326023,0.571908175945282,0.44842758774757385,-0.019381234422326088,0.5853787064552307,0.39736106991767883,-0.0007538896752521396,0.5826402306556702,0.3981020152568817,-0.003723355708643794,0.5808563232421875,0.3988378047943115,-0.007085943128913641,0.61420077085495,0.3959217071533203,0.001905344775877893,0.6190875768661499,0.3901887834072113,0.0022000267636030912,0.5425896048545837,0.39074942469596863,0.0017889385344460607,0.548599123954773,0.39169707894325256,0.0017889385344460607,0.5431952476501465,0.38355717062950134,0.0017889385344460607,0.5364962816238403,0.3898162245750427,0.0017889385344460607,0.5419772863388062,0.3978939950466156,0.0017889385344460607,0.6010158061981201,0.3964765965938568,-0.0006747441948391497,0.6071094870567322,0.396879643201828,-0.0006747441948391497,0.6012431979179382,0.38896942138671875,-0.0006747441948391497,0.5949985980987549,0.3960486948490143,-0.0006747441948391497,0.6008079648017883,0.4039148688316345,-0.0006747441948391497
2733.3333333333344,0.5703811049461365,0.4664683938026428,-0.013147112913429737,0.5691146850585938,0.4432374835014343,-0.0300311166793108,0.5690556764602661,0.45019611716270447,-0.014880526810884476,0.5663130879402161,0.4151092767715454,-0.024218158796429634,0.569577157497406,0.4347477853298187,-0.03250694274902344,0.5703339576721191,0.4235076308250427,-0.030958140268921852,0.5723402500152588,0.3961801528930664,-0.01775369793176651,0.5315645933151245,0.3907504081726074,0.005593957845121622,0.574037492275238,0.37156105041503906,-0.01526294369250536,0.5748441219329834,0.3591787815093994,-0.017459746450185776,0.5777986645698547,0.3178887963294983,-0.01584106683731079,0.5701362490653992,0.4701632857322693,-0.012220367789268494,0.569796621799469,0.4739219844341278,-0.01028413139283657,0.5695245862007141,0.47633135318756104,-0.007554851938039064,0.5693923234939575,0.47663605213165283,-0.006261198315769434,0.5692236423492432,0.48094668984413147,-0.006774897687137127,0.5689221024513245,0.4858334958553314,-0.0076019736006855965,0.5685373544692993,0.4906904697418213,-0.006340130232274532,0.5667119026184082,0.4957006573677063,-0.00042484430014155805,0.569023847579956,0.4472763240337372,-0.02687489241361618,0.5643336176872253,0.4460863173007965,-0.01897011324763298,0.512870728969574,0.35175496339797974,0.030989475548267365,0.5476784110069275,0.4013034701347351,-0.0008802826050668955,0.5414904356002808,0.4014560580253601,2.9443173843901604e-05,0.5359780788421631,0.3994552195072174,0.0020217732526361942,0.529434859752655,0.39209040999412537,0.007134687155485153,0.5531182885169983,0.39914005994796753,-0.00029238214483484626,0.5408280491828918,0.3693216145038605,-0.003616172820329666,0.5477688908576965,0.37181025743484497,-0.00406358577311039,0.5342060923576355,0.37016820907592773,-0.0010422233026474714,0.5298156142234802,0.37384894490242004,0.0016513195587322116,0.524859607219696,0.39534449577331543,0.010760005563497543,0.5467251539230347,0.5040545463562012,0.008154726587235928,0.5300552845001221,0.38699403405189514,0.00769515847787261,0.5087974071502686,0.38839539885520935,0.036702416837215424,0.5193864107131958,0.3859330117702484,0.01648496463894844,0.5413482189178467,0.43067920207977295,-0.0030540942680090666,0.5626458525657654,0.46389874815940857,-0.012209688313305378,0.5626233220100403,0.47282010316848755,-0.009133445098996162,0.5546038746833801,0.46543633937835693,-0.008260722272098064,0.5490692257881165,0.4670019745826721,-0.003269830485805869,0.5563806295394897,0.4719063341617584,-0.00639345683157444,0.5513812899589539,0.47122427821159363,-0.0019079127814620733,0.5425975918769836,0.47534236311912537,0.007551048416644335,0.5646907091140747,0.44254258275032043,-0.02942299284040928,0.5644822716712952,0.43422621488571167,-0.0316646546125412,0.5221382975578308,0.3597347140312195,0.003827762557193637,0.5546274781227112,0.412616103887558,-0.005559884011745453,0.5530898571014404,0.4374764561653137,-0.01537985261529684,0.5530587434768677,0.43291667103767395,-0.01398675050586462,0.5232617855072021,0.42689669132232666,0.005399439483880997,0.5654115676879883,0.42385414242744446,-0.028998246416449547,0.5350630283355713,0.35156553983688354,-0.00721069797873497,0.5273365378379822,0.35337764024734497,-0.0018656958127394319,0.5188956260681152,0.3368009626865387,0.018233278766274452,0.5607489347457886,0.36556145548820496,-0.013293974101543427,0.5535002946853638,0.377544105052948,-0.002603718778118491,0.5384752750396729,0.46677160263061523,0.008110460825264454,0.5145263075828552,0.46452605724334717,0.058816153556108475,0.5568577647209167,0.4426500201225281,-0.013179008848965168,0.5610578060150146,0.44564321637153625,-0.013217505067586899,0.5419283509254456,0.4692699909210205,0.0075584701262414455,0.5434172749519348,0.4698491096496582,0.005864928942173719,0.5246001482009888,0.3458830714225769,0.00035236941766925156,0.5527463555335999,0.440337598323822,-0.011972623877227306,0.5457796454429626,0.3548373878002167,-0.011244380846619606,0.5452317595481873,0.34693872928619385,-0.013070233166217804,0.5431926250457764,0.3187645673751831,-0.006791307125240564,0.522189736366272,0.3449375033378601,0.007795135024935007,0.545386016368866,0.33497047424316406,-0.010448921471834183,0.5191763043403625,0.3542957603931427,0.00837073102593422,0.5160288214683533,0.3570058047771454,0.01869283989071846,0.5624678730964661,0.4686989188194275,-0.011248175986111164,0.5554591417312622,0.46882084012031555,-0.00749108986929059,0.5501588582992554,0.4691189229488373,-0.0030025693122297525,0.5580071210861206,0.44402986764907837,-0.011676624417304993,0.5426895618438721,0.46956947445869446,0.006687658838927746,0.545738160610199,0.47279196977615356,0.0034863173495978117,0.5442301630973816,0.4701686203479767,0.005746383685618639,0.5592248439788818,0.441241979598999,-0.021164240315556526,0.5522847771644592,0.47273916006088257,-0.0009374019573442638,0.5571914911270142,0.47399023175239563,-0.004036262631416321,0.5629690885543823,0.4752528667449951,-0.006530037149786949,0.5590856075286865,0.49434471130371094,0.00022704339062329382,0.5604099631309509,0.4889466464519501,-0.005536963231861591,0.5610443949699402,0.48410898447036743,-0.006567221600562334,0.5618921518325806,0.4793134033679962,-0.005677242763340473,0.5627939701080322,0.4755023717880249,-0.005162935703992844,0.5521050691604614,0.47276321053504944,0.0001784411579137668,0.5507962107658386,0.47422564029693604,-0.00046410542563535273,0.5492976903915405,0.4763002395629883,-0.001091322279535234,0.5480846762657166,0.47871389985084534,0.000178400834556669,0.5449271202087402,0.45743244886398315,-0.0019204628188163042,0.5088189840316772,0.42419320344924927,0.06375877559185028,0.5690345764160156,0.4487757086753845,-0.019192442297935486,0.5484291911125183,0.47156697511672974,0.003576386021450162,0.5471000671386719,0.4721064269542694,0.0032414367888122797,0.5624858736991882,0.44879525899887085,-0.013078535906970501,0.55418461561203,0.4446455240249634,-0.007456660736352205,0.5618450045585632,0.44726771116256714,-0.01330418698489666,0.547953188419342,0.41631054878234863,-0.0029313531704247,0.537613570690155,0.4199460744857788,-0.0002519504923839122,0.5519346594810486,0.43592289090156555,-0.01046931091696024,0.5284638404846191,0.3253926932811737,0.005046085454523563,0.53143709897995,0.3369825482368469,-0.0018355093197897077,0.5333213806152344,0.3434484601020813,-0.0070444014854729176,0.5465495586395264,0.4825928211212158,0.0048268940299749374,0.5595774054527283,0.3529527485370636,-0.016350096091628075,0.5597578883171082,0.3365330100059509,-0.015530764125287533,0.5590808987617493,0.3167029321193695,-0.013854092918336391,0.5316336750984192,0.39646777510643005,0.004805213771760464,0.5188685655593872,0.39955461025238037,0.014578068628907204,0.5567532181739807,0.3969061076641083,0.0001303364842897281,0.524498462677002,0.3760272264480591,0.007325917948037386,0.5590125322341919,0.4078528583049774,-0.008041671477258205,0.5561805367469788,0.43551957607269287,-0.021275140345096588,0.5121492147445679,0.4050978720188141,0.021918222308158875,0.5219331979751587,0.4067322611808777,0.009676620364189148,0.5286747217178345,0.41129764914512634,0.0041936058551073074,0.5395752787590027,0.4122690260410309,0.0013156963977962732,0.548037588596344,0.4104173481464386,-0.0007227526511996984,0.5545169711112976,0.40738269686698914,-0.002759422641247511,0.566977322101593,0.39770564436912537,-0.015244853682816029,0.5117640495300293,0.4220907688140869,0.021730482578277588,0.5204599499702454,0.3721504807472229,0.010107182897627354,0.5663649439811707,0.44669583439826965,-0.026447582989931107,0.5549108982086182,0.4205988943576813,-0.00768990209326148,0.5078024864196777,0.3869165778160095,0.055779196321964264,0.5594020485877991,0.403501957654953,-0.004215807653963566,0.5513220429420471,0.4359690845012665,-0.0048515684902668,0.5274613499641418,0.3856452405452728,0.009114000014960766,0.5564297437667847,0.42993399500846863,-0.019529126584529877,0.5107977390289307,0.4441165328025818,0.06286601722240448,0.5573908090591431,0.393751859664917,0.0010930881835520267,0.5607948303222656,0.4260638356208801,-0.025334207341074944,0.5251893997192383,0.48378679156303406,0.028971055522561073,0.526421070098877,0.49249202013015747,0.040307000279426575,0.508060097694397,0.42338308691978455,0.042750850319862366,0.5180847644805908,0.47307682037353516,0.035554323345422745,0.5121622085571289,0.37170344591140747,0.02921285480260849,0.5462033748626709,0.5107532739639282,0.012250660918653011,0.566994845867157,0.4482499957084656,-0.018757229670882225,0.5492400527000427,0.42546868324279785,-0.004997342824935913,0.5150172710418701,0.3861515522003174,0.022443577647209167,0.5365152955055237,0.3960645794868469,0.0018229514826089144,0.5415390729904175,0.3976828455924988,0.00022142702073324472,0.5445374250411987,0.4737084209918976,0.00458852294832468,0.5122968554496765,0.43844929337501526,0.024845430627465248,0.555374264717102,0.52120441198349,0.014217152260243893,0.5411356091499329,0.5100763440132141,0.025653885677456856,0.5346406698226929,0.502913236618042,0.03210148215293884,0.576233983039856,0.33877015113830566,-0.01746007427573204,0.5654284358024597,0.5235688090324402,0.012170274741947651,0.5469011664390564,0.39740610122680664,-0.00026087407604791224,0.5520914793014526,0.3959261476993561,0.0002993138914462179,0.5555669665336609,0.3948265016078949,0.001265650149434805,0.5169143080711365,0.36877697706222534,0.01583319716155529,0.5521414875984192,0.3858415186405182,-0.0013189989840611815,0.54688560962677,0.3822670876979828,-0.0020232954993844032,0.5416074991226196,0.3811101019382477,-0.001489753252826631,0.5364896655082703,0.3819141983985901,0.0004050934221595526,0.5332551002502441,0.3837781846523285,0.002512287115678191,0.5094031691551208,0.3675960898399353,0.044587135314941406,0.5334129333496094,0.39348456263542175,0.003908573184162378,0.5688652992248535,0.4557884633541107,-0.012884167954325676,0.5510165095329285,0.45491093397140503,-0.0059463526122272015,0.5568333268165588,0.4416959881782532,-0.015429227612912655,0.5613730549812317,0.45500612258911133,-0.011935141868889332,0.573210597038269,0.3840179145336151,-0.014584427699446678,0.5329029560089111,0.49424540996551514,0.02410462684929371,0.5395798087120056,0.5023784041404724,0.01861046999692917,0.5547499656677246,0.5170614719390869,0.006663547363132238,0.5199832916259766,0.4806758761405945,0.05036525800824165,0.5558104515075684,0.3906342387199402,0.00013092283916193992,0.5625301599502563,0.410676509141922,-0.016032803803682327,0.5653655529022217,0.5192584991455078,0.004917148966342211,0.547686755657196,0.5164573788642883,0.018857525661587715,0.5096864104270935,0.4415031969547272,0.04326943680644035,0.5569899082183838,0.47413867712020874,-0.0027385414578020573,0.5556541681289673,0.476872980594635,-0.0033703462686389685,0.5544519424438477,0.48039916157722473,-0.004102247301489115,0.5535284876823425,0.4846072196960449,-0.0029680770821869373,0.5518893003463745,0.4892600178718567,0.0020043880213052034,0.5472478866577148,0.4704741835594177,0.002341046929359436,0.5459791421890259,0.46931612491607666,0.0024242447689175606,0.5449515581130981,0.46815064549446106,0.002298551145941019,0.5403063297271729,0.4611932635307312,0.0030082326848059893,0.518380343914032,0.4435539245605469,0.013077560812234879,0.5631348490715027,0.40221840143203735,-0.01127602905035019,0.5611523985862732,0.3851539194583893,-0.0035175869707018137,0.5580880641937256,0.38678744435310364,-0.0010969332652166486,0.5485113859176636,0.4715832471847534,0.0028307519387453794,0.5189355611801147,0.46216723322868347,0.023415714502334595,0.5660109519958496,0.3844757080078125,-0.01077271532267332,0.5489854216575623,0.49656030535697937,0.005348981823772192,0.5709994435310364,0.4143942594528198,-0.026390356943011284,0.566566526889801,0.4070139527320862,-0.02039385586977005,0.5716263055801392,0.40586116909980774,-0.021988743916153908,0.5581326484680176,0.4229441285133362,-0.015117554925382137,0.5656580328941345,0.512764573097229,0.0012925363844260573,0.5661646127700806,0.5039193034172058,0.000438964314525947,0.5570723414421082,0.5023281574249268,0.0018881839932873845,0.5381211638450623,0.47928541898727417,0.01107835490256548,0.5459408760070801,0.4413360357284546,-0.002401098608970642,0.5432002544403076,0.48885852098464966,0.008616166189312935,0.5309461951255798,0.43846094608306885,0.0005110641359351575,0.5394170880317688,0.4479261636734009,-2.2873022317071445e-05,0.525905191898346,0.449970543384552,0.0063667576760053635,0.5552278757095337,0.5107925534248352,0.003112983191385865,0.5549041032791138,0.42687612771987915,-0.010637875646352768,0.534008264541626,0.4855666756629944,0.016929863020777702,0.5405800342559814,0.495060533285141,0.013391274027526379,0.5333681702613831,0.46883130073547363,0.010765179991722107,0.5140178799629211,0.45219171047210693,0.027915840968489647,0.526426374912262,0.47065287828445435,0.016424885019659996,0.5126577615737915,0.45811522006988525,0.04224925488233566,0.5343830585479736,0.45586636662483215,0.004063446074724197,0.5588902831077576,0.41558530926704407,-0.01151841040700674,0.5575936436653137,0.4396161735057831,-0.022381054237484932,0.5545527338981628,0.4405307173728943,-0.0159151591360569,0.5600840449333191,0.4346162974834442,-0.026458127424120903,0.5565898418426514,0.37411683797836304,-0.005527891684323549,0.5469674468040466,0.3654642105102539,-0.005955547094345093,0.5383740067481995,0.36291250586509705,-0.004795813001692295,0.5313887596130371,0.36419183015823364,-0.0016931371064856648,0.5266111493110657,0.3682838976383209,0.002335943980142474,0.523955225944519,0.38577109575271606,0.011906239204108715,0.5076300501823425,0.40579697489738464,0.040123146027326584,0.5274607539176941,0.4001418352127075,0.0077711972407996655,0.5329312682151794,0.40405672788619995,0.004321389365941286,0.5404909253120422,0.4060235023498535,0.0016773571260273457,0.5480626821517944,0.4053150415420532,-0.000333665608195588,0.5541789531707764,0.40291669964790344,-0.0006876422557979822,0.5583465099334717,0.4003337025642395,-0.001604236662387848,0.5080508589744568,0.40535634756088257,0.061683185398578644,0.5546419024467468,0.44215133786201477,-0.012963932007551193,0.5619790554046631,0.41821497678756714,-0.019944172352552414,0.5611612200737,0.4408716857433319,-0.02674279734492302,0.5638970732688904,0.44493088126182556,-0.024216286838054657,0.5611890554428101,0.44205132126808167,-0.023938028141856194,0.5558735728263855,0.44432389736175537,-0.010830026119947433,0.5647648572921753,0.44591978192329407,-0.0256612841039896,0.5654267072677612,0.44748929142951965,-0.018838312476873398,0.5592201948165894,0.39389926195144653,0.00023568813048768789,0.5616778135299683,0.3955880403518677,-0.0029975424986332655,0.5631853342056274,0.3969985842704773,-0.006466459948569536,0.5314404964447021,0.38536426424980164,0.004826262593269348,0.5273177027702332,0.37852954864501953,0.005310942884534597,0.5756213665008545,0.4159952402114868,-0.0246563870459795,0.6141993999481201,0.3999795615673065,0.00240357406437397,0.574187695980072,0.4469844698905945,-0.019304733723402023,0.6407470107078552,0.364820271730423,0.026263874024152756,0.5971763134002686,0.4068203866481781,-0.002950122579932213,0.6034104228019714,0.40828394889831543,-0.0024228524416685104,0.6092536449432373,0.40747228264808655,-0.0008420867379754782,0.6165046691894531,0.4020785093307495,0.0037328710313886404,0.5918409824371338,0.4033006429672241,-0.0019149869913235307,0.6073135733604431,0.3784026503562927,-0.006318099331110716,0.6002658605575562,0.3790682256221771,-0.006208063568919897,0.6136773228645325,0.3805581331253052,-0.004125629086047411,0.6175604462623596,0.3847404420375824,-0.0016750989016145468,0.621468722820282,0.4064568877220154,0.0071894763968884945,0.5857986211776733,0.5079981088638306,0.0066329119727015495,0.6161971688270569,0.39689934253692627,0.0043510738760232925,0.6397614479064941,0.40184810757637024,0.03192180022597313,0.6284356713294983,0.3988734185695648,0.012493285350501537,0.5997220277786255,0.43642672896385193,-0.0051880571991205215,0.5781033635139465,0.4652872681617737,-0.012847828678786755,0.5767630338668823,0.4740568995475769,-0.009759405627846718,0.5853427648544312,0.46803146600723267,-0.009534918703138828,0.5900580883026123,0.47028860449790955,-0.004975235089659691,0.5826531648635864,0.4741179943084717,-0.0075860777869820595,0.5872552990913391,0.4740939438343048,-0.003406956559047103,0.5943701863288879,0.48013633489608765,0.005402674898505211,0.5736604332923889,0.44337671995162964,-0.02968989871442318,0.5747132301330566,0.4351426064968109,-0.03199739009141922,0.6277196407318115,0.37290894985198975,-7.198127423180267e-05,0.5886303186416626,0.4158906638622284,-0.006956028752028942,0.5866786241531372,0.44051334261894226,-0.01665566861629486,0.5873393416404724,0.4360026717185974,-0.015329565852880478,0.6184371113777161,0.4365084171295166,0.00195278727915138,0.5752320289611816,0.42472174763679504,-0.029434606432914734,0.6145129799842834,0.36254656314849854,-0.009895183145999908,0.622540295124054,0.3657415211200714,-0.005284842569380999,0.6361501216888428,0.3487435579299927,0.013940136879682541,0.5865958333015442,0.3711613118648529,-0.01416805014014244,0.5938770771026611,0.38298556208610535,-0.004346570465713739,0.5996071696281433,0.4723668098449707,0.005596732255071402,0.6249369382858276,0.4754953682422638,0.05462152510881424,0.5823355913162231,0.44493287801742554,-0.014187992550432682,0.5777997970581055,0.44713231921195984,-0.013723714277148247,0.596233606338501,0.47321951389312744,0.005351439118385315,0.5946929454803467,0.4735827147960663,0.003902250435203314,0.626396656036377,0.3589778542518616,-0.003292141482234001,0.5868511199951172,0.44339051842689514,-0.013222647830843925,0.6029511094093323,0.3637956380844116,-0.013133716769516468,0.6042609810829163,0.35605424642562866,-0.014984788373112679,0.6128872632980347,0.32570308446884155,-0.009297574870288372,0.6311588287353516,0.356240451335907,0.003872639499604702,0.6079821586608887,0.34136396646499634,-0.012594589963555336,0.6316064596176147,0.3683701157569885,0.0042225331999361515,0.636226236820221,0.3695356547832489,0.014266782440245152,0.5776088237762451,0.4700554609298706,-0.011909347958862782,0.5840483903884888,0.47125691175460815,-0.008748384192585945,0.5887598395347595,0.472185879945755,-0.004626354668289423,0.581034779548645,0.4460752606391907,-0.012433499097824097,0.595443606376648,0.47341039776802063,0.004627705551683903,0.592161238193512,0.47625666856765747,0.0017162897856906056,0.5938520431518555,0.4737844467163086,0.0038490137085318565,0.5798079371452332,0.4431321620941162,-0.022026080638170242,0.5860651135444641,0.4754205346107483,-0.0023454998154193163,0.5814434885978699,0.4760136306285858,-0.005125436466187239,0.5759574174880981,0.4763847887516022,-0.007165544666349888,0.5745513439178467,0.49594569206237793,-0.00036800361704081297,0.5765766501426697,0.4902588725090027,-0.006196156609803438,0.5766327977180481,0.48537683486938477,-0.007280758582055569,0.5763878226280212,0.48052847385406494,-0.006372618023306131,0.5758786201477051,0.47660303115844727,-0.005823920015245676,0.5860472321510315,0.47541165351867676,-0.0012384705478325486,0.5872390270233154,0.4770624339580536,-0.0018601476913318038,0.5884478688240051,0.47932371497154236,-0.0025101047940552235,0.5892981886863708,0.48187556862831116,-0.0012906983029097319,0.5934527516365051,0.46198639273643494,-0.003778961021453142,0.6360556483268738,0.43722349405288696,0.05912375822663307,0.5896057486534119,0.47467470169067383,0.0018672860460355878,0.5909109711647034,0.4754006266593933,0.001522852573543787,0.576022207736969,0.45005688071250916,-0.01356293261051178,0.5851028561592102,0.4474133551120758,-0.008447527885437012,0.576837956905365,0.4486609697341919,-0.013788561336696148,0.5948951840400696,0.42092365026474,-0.004775175359100103,0.6048016548156738,0.42669060826301575,-0.0027686755638569593,0.5882763862609863,0.4392334222793579,-0.011835717596113682,0.6274594664573669,0.3353812098503113,0.0015143767232075334,0.6223719716072083,0.3463970422744751,-0.004994413815438747,0.6171327233314514,0.35471057891845703,-0.009922977536916733,0.5890661478042603,0.48669183254241943,0.003103552618995309,0.5889840722084045,0.3591955900192261,-0.01727948896586895,0.5930657386779785,0.33992114663124084,-0.016617506742477417,0.5968537330627441,0.3204127550125122,-0.015125416219234467,0.6138563752174377,0.4057309627532959,0.0015830836491659284,0.6274263858795166,0.41188669204711914,0.010620808228850365,0.5883747339248657,0.4003238081932068,-0.0013193649938330054,0.623344898223877,0.3878653049468994,0.0036220422480255365,0.5847428441047668,0.41030606627464294,-0.009156079962849617,0.583486795425415,0.4380088746547699,-0.022306112572550774,0.6332379579544067,0.41750568151474,0.017494795843958855,0.6233449578285217,0.41816794872283936,0.005965115036815405,0.6158141493797302,0.42096900939941406,0.0009607902611605823,0.6045234203338623,0.41941896080970764,-0.0011792808072641492,0.5961015820503235,0.4155595302581787,-0.0026339285541325808,0.5897260308265686,0.41098883748054504,-0.004198451526463032,0.5775981545448303,0.3987015187740326,-0.01571642979979515,0.6312012076377869,0.43429243564605713,0.017297789454460144,0.6283604502677917,0.3852604925632477,0.006054101511836052,0.5717344880104065,0.4471791386604309,-0.026668045669794083,0.5872509479522705,0.423650324344635,-0.009015768766403198,0.6419814825057983,0.4005313515663147,0.05095284432172775,0.5850207209587097,0.4060330092906952,-0.005325534846633673,0.5890865921974182,0.43942806124687195,-0.006178450770676136,0.6190436482429504,0.39637985825538635,0.005635352339595556,0.5840564966201782,0.4324253797531128,-0.020579693838953972,0.6314513087272644,0.45640090107917786,0.05842747911810875,0.5881386995315552,0.39728325605392456,-0.00038648745976388454,0.5797892212867737,0.42777517437934875,-0.026114610955119133,0.6106019020080566,0.49217548966407776,0.02557283639907837,0.6088333129882812,0.5003582835197449,0.037074871361255646,0.635614275932312,0.4364442229270935,0.03790360316634178,0.6191084980964661,0.48301762342453003,0.03156474977731705,0.638351321220398,0.38473382592201233,0.024544576182961464,0.585594654083252,0.5147209167480469,0.010607989504933357,0.5711529850959778,0.44861242175102234,-0.018898217007517815,0.5924296379089355,0.42960721254348755,-0.006656099110841751,0.6332399249076843,0.4001934826374054,0.01805695705115795,0.6087256073951721,0.40394720435142517,-0.0009472403326071799,0.6035666465759277,0.40457868576049805,-0.002260681474581361,0.5932232141494751,0.47732582688331604,0.0026924617122858763,0.6286802887916565,0.45028653740882874,0.02049374207854271,0.5756279230117798,0.5230914950370789,0.013344505801796913,0.5915871262550354,0.5148117542266846,0.02343514747917652,0.5992099046707153,0.509035587310791,0.0294045377522707,0.5982409119606018,0.4031238555908203,-0.0023772860877215862,0.5931411981582642,0.4003954529762268,-0.0014959861291572452,0.5898224711418152,0.39864468574523926,-0.0003428336640354246,0.6326901316642761,0.38274145126342773,0.011513730511069298,0.59444659948349,0.39111095666885376,-0.0032582853455096483,0.6000111699104309,0.3891898989677429,-0.004271887242794037,0.6053235530853271,0.3894367516040802,-0.004106486216187477,0.6102450489997864,0.39120784401893616,-0.0025638239458203316,0.6131985783576965,0.39347532391548157,-0.0006073560216464102,0.6425110101699829,0.381142258644104,0.0397535115480423,0.6120288968086243,0.4021196663379669,0.0008686890359967947,0.5874362587928772,0.4582417607307434,-0.007313491310924292,0.5823689103126526,0.4440159201622009,-0.016322443261742592,0.576657772064209,0.45646926760673523,-0.01253165677189827,0.6015321016311646,0.5010772347450256,0.021320756524801254,0.5935598015785217,0.5077913403511047,0.016393056139349937,0.576117753982544,0.519221842288971,0.00572675047442317,0.6170835494995117,0.4900793433189392,0.046525802463293076,0.5901461839675903,0.39464426040649414,-0.0015504930634051561,0.5803923010826111,0.4123660922050476,-0.01678699627518654,0.5839595794677734,0.5198203325271606,0.01721351034939289,0.6316199898719788,0.45388999581336975,0.038620468229055405,0.5814135670661926,0.4761131703853607,-0.0038418020121753216,0.5824615955352783,0.47902581095695496,-0.004484704229980707,0.5832439661026001,0.48266541957855225,-0.005272511392831802,0.5836199522018433,0.4869478642940521,-0.0041452194564044476,0.582546591758728,0.4922618269920349,0.0007270167698152363,0.5910946726799011,0.4737856090068817,0.0005011787870898843,0.5924661159515381,0.4728262424468994,0.0004537289496511221,0.5936324000358582,0.47184038162231445,0.00025107170222327113,0.598017692565918,0.46655362844467163,0.0006855016690678895,0.6215148568153381,0.4539569020271301,0.009287969209253788,0.5810979604721069,0.40393826365470886,-0.012103550136089325,0.5849908590316772,0.3885723352432251,-0.004546168260276318,0.5881049036979675,0.3906784653663635,-0.002496211091056466,0.5896654725074768,0.4746955931186676,0.0011235667625442147,0.6192326545715332,0.47208720445632935,0.01963772624731064,0.5798764228820801,0.3871476650238037,-0.011345120146870613,0.5844355821609497,0.5000642538070679,0.003967680968344212,0.5765854120254517,0.4079495072364807,-0.02080758847296238,0.5833737850189209,0.4253254234790802,-0.016105404123663902,0.575432538986206,0.5041781067848206,0.0011982874711975455,0.5980348587036133,0.48506903648376465,0.008663609623908997,0.5940011739730835,0.44586098194122314,-0.0041657742112874985,0.591551661491394,0.4935675263404846,0.006715262774378061,0.6091979146003723,0.44629308581352234,-0.0022321869619190693,0.5998892188072205,0.45383787155151367,-0.002223531249910593,0.6131880283355713,0.4587188959121704,0.003218154888600111,0.5762408971786499,0.5129578113555908,0.002205596538260579,0.5864087343215942,0.4297514855861664,-0.011866068467497826,0.6013914942741394,0.4922025203704834,0.014238947071135044,0.5933593511581421,0.5002791881561279,0.011321168392896652,0.604038417339325,0.47563016414642334,0.007875888608396053,0.6254943013191223,0.46335867047309875,0.023771286010742188,0.6106520295143127,0.47892847657203674,0.013190055266022682,0.626565158367157,0.46948644518852234,0.03778429329395294,0.6043521165847778,0.46270614862442017,0.0013608795125037432,0.5836606621742249,0.4179389774799347,-0.012565434910356998,0.5815736651420593,0.44183310866355896,-0.02329620160162449,0.584810197353363,0.44328537583351135,-0.01699889451265335,0.5793523192405701,0.4363771378993988,-0.02726002223789692,0.5905424356460571,0.37947410345077515,-0.006920863874256611,0.6011636853218079,0.3733946681022644,-0.007947002537548542,0.6100566983222961,0.37274259328842163,-0.007377524394541979,0.6170535087585449,0.3751790523529053,-0.004812305327504873,0.6216360926628113,0.38002318143844604,-0.0011370268184691668,0.6231783032417297,0.3974146842956543,0.008221002295613289,0.6384429931640625,0.4192477762699127,0.035201504826545715,0.6181157231330872,0.4104955196380615,0.004365208558738232,0.6121168732643127,0.4128425121307373,0.00133996841032058,0.6041852235794067,0.41300445795059204,-0.0007883778889663517,0.5965163707733154,0.4105709195137024,-0.002280572894960642,0.5904730558395386,0.40671858191490173,-0.00215441407635808,0.5864264965057373,0.40318572521209717,-0.0027954138349741697,0.6394280791282654,0.4187479019165039,0.05685218796133995,0.5846373438835144,0.44480985403060913,-0.014030685648322105,0.5797669291496277,0.4198773205280304,-0.02073037065565586,0.5775640606880188,0.4423874020576477,-0.027316104620695114,0.5746157169342041,0.44596007466316223,-0.024536004289984703,0.5776336789131165,0.44361379742622375,-0.024532195180654526,0.5832602977752686,0.4467275142669678,-0.011736519634723663,0.5735073685646057,0.4467291235923767,-0.02591826021671295,0.5728611946105957,0.44813644886016846,-0.019083445891737938,0.5862261652946472,0.3970491588115692,-0.000979580800049007,0.5834469795227051,0.39801618456840515,-0.003927526064217091,0.5816453099250793,0.3990013301372528,-0.007269572000950575,0.6148719787597656,0.39522096514701843,0.001583666424266994,0.6197189688682556,0.3896016776561737,0.0018491590162739158,0.5435395836830139,0.3904808461666107,0.001542610232718289,0.5494988560676575,0.3913581669330597,0.001542610232718289,0.544188916683197,0.3830612003803253,0.001542610232718289,0.5374831557273865,0.38960933685302734,0.001542610232718289,0.5428752303123474,0.39785677194595337,0.001542610232718289,0.6017969846725464,0.39606165885925293,-0.0009351152111776173,0.6078763604164124,0.3965394198894501,-0.0009351152111776173,0.6020805835723877,0.3885325491428375,-0.0009351152111776173,0.5957998633384705,0.39556774497032166,-0.0009351152111776173,0.6015310287475586,0.4035402238368988,-0.0009351152111776173
2766.666666666668,0.5703060626983643,0.4661034047603607,-0.013216770254075527,0.5692002773284912,0.44261202216148376,-0.029982810840010643,0.5691658854484558,0.44951340556144714,-0.014882783405482769,0.5664612054824829,0.41455596685409546,-0.02408735081553459,0.5696591138839722,0.43415695428848267,-0.032436810433864594,0.5704413652420044,0.42295071482658386,-0.03086087293922901,0.5725211501121521,0.3956567347049713,-0.017592264339327812,0.5319201350212097,0.3904203772544861,0.005878976080566645,0.5742267966270447,0.3713063597679138,-0.01504467986524105,0.5750269889831543,0.35901710391044617,-0.017197100445628166,0.5779597163200378,0.3177836537361145,-0.015386692248284817,0.570103645324707,0.4696204960346222,-0.012286866083741188,0.569818377494812,0.47315841913223267,-0.01034628413617611,0.5696003437042236,0.4754254221916199,-0.007618378847837448,0.5694342255592346,0.4756818115711212,-0.006583414040505886,0.5692651271820068,0.48011907935142517,-0.007118788082152605,0.5689767003059387,0.4851696193218231,-0.007988284341990948,0.5686242580413818,0.49009233713150024,-0.006805026438087225,0.5669624209403992,0.4943336546421051,-0.0009676433983258903,0.5691215991973877,0.4466251730918884,-0.02683856524527073,0.564410924911499,0.4454549252986908,-0.018932204693555832,0.5133213400840759,0.3515035808086395,0.031370483338832855,0.5479559302330017,0.4010510742664337,-0.0006114598945714533,0.5418093204498291,0.40123826265335083,0.0002893905038945377,0.5363313555717468,0.39919379353523254,0.0022779025603085756,0.5297627449035645,0.3916330635547638,0.007397679146379232,0.5533543229103088,0.398840993642807,-4.969066503690556e-05,0.5412870049476624,0.36868953704833984,-0.003316761925816536,0.5481533408164978,0.3712345361709595,-0.0037697521038353443,0.5347225069999695,0.36954566836357117,-0.0007561108795925975,0.5303301215171814,0.3732864558696747,0.0019333389354869723,0.5252322554588318,0.39480575919151306,0.011008827947080135,0.5470436215400696,0.5029692649841309,0.0076259165070950985,0.5303871035575867,0.38650596141815186,0.007973356172442436,0.5093024373054504,0.3880048096179962,0.03697874769568443,0.5195740461349487,0.38538384437561035,0.016748953610658646,0.5416316390037537,0.4300883710384369,-0.0029591380152851343,0.562538743019104,0.4634597897529602,-0.01227623876184225,0.5626829862594604,0.4719961881637573,-0.009195155464112759,0.5547138452529907,0.46489521861076355,-0.00833230558782816,0.5493625402450562,0.4664122760295868,-0.003384350100532174,0.5565398931503296,0.4710739850997925,-0.006466547958552837,0.5516685843467712,0.47044721245765686,-0.0020204621832817793,0.5427920818328857,0.47453773021698,0.0072335135191679,0.5647708773612976,0.44193148612976074,-0.029366973787546158,0.5645646452903748,0.43364548683166504,-0.03158677741885185,0.5226103663444519,0.35923832654953003,0.004102971870452166,0.5548758506774902,0.41204965114593506,-0.005406396463513374,0.5531703233718872,0.43688082695007324,-0.015283558517694473,0.5531594157218933,0.4323142468929291,-0.013874002732336521,0.5236806869506836,0.42634448409080505,0.005518792197108269,0.5655194520950317,0.4232991933822632,-0.028889518231153488,0.535723865032196,0.35115718841552734,-0.006943860556930304,0.5279309153556824,0.35292309522628784,-0.0016077987384051085,0.5193498134613037,0.3366446793079376,0.018644964322447777,0.5612236261367798,0.3654769957065582,-0.013049756176769733,0.5537897348403931,0.3770870566368103,-0.002308622468262911,0.5386309027671814,0.4661210775375366,0.007885695435106754,0.5149783492088318,0.4636974334716797,0.058751169592142105,0.5569415092468262,0.4420411288738251,-0.013100409880280495,0.5611340403556824,0.44498568773269653,-0.013195906765758991,0.5423693656921387,0.46879100799560547,0.007338999770581722,0.5438572764396667,0.46935606002807617,0.005643613636493683,0.5250908732414246,0.34547507762908936,0.0006436410476453602,0.5528253316879272,0.43971848487854004,-0.01189007330685854,0.5464214086532593,0.35460346937179565,-0.010981843806803226,0.5458827018737793,0.34679973125457764,-0.012774555943906307,0.5435232520103455,0.3187132477760315,-0.006321775261312723,0.522632360458374,0.3448448181152344,0.008147875778377056,0.545717716217041,0.3349244296550751,-0.010052443481981754,0.5195088982582092,0.3538283109664917,0.008670905604958534,0.5164754390716553,0.3568260073661804,0.01904921792447567,0.562452495098114,0.4680834710597992,-0.011310861445963383,0.5555991530418396,0.46813738346099854,-0.007568493951112032,0.5504404306411743,0.4684355854988098,-0.00311691383831203,0.5580921769142151,0.4434027075767517,-0.011628417298197746,0.5431293249130249,0.4690854847431183,0.006465862970799208,0.546038806438446,0.4722077548503876,0.0031880601309239864,0.5446680784225464,0.46965909004211426,0.00551548833027482,0.5593164563179016,0.4406665861606598,-0.021081238985061646,0.5525752305984497,0.4719139039516449,-0.0010467583779245615,0.557375431060791,0.47308066487312317,-0.0041091847233474255,0.5630876421928406,0.474325954914093,-0.006592026446014643,0.5593855977058411,0.4930427670478821,-0.00030575363780371845,0.5604901313781738,0.48838698863983154,-0.005990884266793728,0.5611129403114319,0.4834626317024231,-0.006960634607821703,0.5619643330574036,0.47849518060684204,-0.006020951550453901,0.5628870725631714,0.4745432734489441,-0.005483375862240791,0.5523455142974854,0.4719619154930115,-0.00012063420581398532,0.5509913563728333,0.4735042154788971,-0.0007849461399018764,0.5494769811630249,0.4756438732147217,-0.0014333665603771806,0.5482535362243652,0.47806915640830994,-0.00017673801630735397,0.5450705885887146,0.4567798972129822,-0.0020024932455271482,0.50926274061203,0.42361870408058167,0.06387941539287567,0.5691439509391785,0.44811153411865234,-0.01917031966149807,0.5487465262413025,0.4708941578865051,0.003296956419944763,0.5473988056182861,0.47148799896240234,0.0029482878744602203,0.5625765323638916,0.44811272621154785,-0.013081048615276814,0.5542888641357422,0.44400593638420105,-0.007412167731672525,0.5619248747825623,0.4465968608856201,-0.013293287716805935,0.5482361316680908,0.41575050354003906,-0.002786833792924881,0.5379629731178284,0.41940420866012573,-0.00013036615564487875,0.5520381331443787,0.43530362844467163,-0.010370777919888496,0.5288768410682678,0.32530713081359863,0.00548379123210907,0.5318527817726135,0.33694884181022644,-0.0014560839626938105,0.5339452624320984,0.34314361214637756,-0.006732356734573841,0.5468153357505798,0.48159170150756836,0.004436911083757877,0.5601367950439453,0.3529861569404602,-0.016069114208221436,0.5600161552429199,0.33641716837882996,-0.015137129463255405,0.5593274235725403,0.3166375756263733,-0.01337746437638998,0.5319730639457703,0.39613106846809387,0.005060317926108837,0.5191830396652222,0.39893701672554016,0.014821047894656658,0.5569490790367126,0.39658302068710327,0.0003792194474954158,0.5249218940734863,0.37551379203796387,0.007597010117024183,0.5592462420463562,0.40729647874832153,-0.00788432639092207,0.5562737584114075,0.4349469542503357,-0.021174419671297073,0.5126070976257324,0.40463998913764954,0.02213938720524311,0.5223987698554993,0.40614181756973267,0.009894627146422863,0.5292063355445862,0.410756379365921,0.004392403177917004,0.5400131344795227,0.4117876887321472,0.0014846783597022295,0.5483720302581787,0.40996867418289185,-0.0005430231103673577,0.5548107028007507,0.4069698750972748,-0.0025858718436211348,0.5671753883361816,0.3971831500530243,-0.015074663795530796,0.5122265219688416,0.4215625822544098,0.021887604147195816,0.5208112597465515,0.371639221906662,0.010386135429143906,0.5664539933204651,0.4460573196411133,-0.02640599198639393,0.5551133155822754,0.4200119376182556,-0.007544509135186672,0.5082821846008301,0.38649556040763855,0.05605892091989517,0.5596807599067688,0.4031592011451721,-0.0040291124023497105,0.5514459609985352,0.4353398382663727,-0.004750499501824379,0.5278159379959106,0.3851419687271118,0.009384519420564175,0.5565412640571594,0.4293534755706787,-0.019412633031606674,0.5112490653991699,0.44343751668930054,0.06289668381214142,0.5574936866760254,0.3934210538864136,0.0013649045722559094,0.5609123110771179,0.4255005717277527,-0.02521994709968567,0.5255690217018127,0.4828495681285858,0.028704596683382988,0.5268663763999939,0.4914596974849701,0.040034376084804535,0.5085434317588806,0.4228396713733673,0.042895521968603134,0.5185098052024841,0.47219884395599365,0.035401325672864914,0.5126364231109619,0.37140917778015137,0.02953227609395981,0.5465356111526489,0.5096414089202881,0.011695428751409054,0.5670890808105469,0.4475892186164856,-0.018730683252215385,0.5494665503501892,0.424882173538208,-0.00486731855198741,0.5150455832481384,0.3855859339237213,0.022713912650942802,0.5369004011154175,0.3959426283836365,0.002110346220433712,0.5418915748596191,0.3975558578968048,0.0005040917894802988,0.5448410511016846,0.47311490774154663,0.004293613135814667,0.5127604603767395,0.43783217668533325,0.024921230971813202,0.5557407140731812,0.5199857354164124,0.013590753078460693,0.5415342450141907,0.5089675188064575,0.025173205882310867,0.5350592732429504,0.5018355846405029,0.03171505406498909,0.5764131546020508,0.33859753608703613,-0.017081350088119507,0.565782904624939,0.522335946559906,0.011516861617565155,0.5471934676170349,0.3972088396549225,1.4333612853079103e-05,0.5523248910903931,0.39565756916999817,0.0005671687540598214,0.5557283163070679,0.39451321959495544,0.0015299515798687935,0.5171168446540833,0.3682648837566376,0.016128260642290115,0.5523107051849365,0.38525182008743286,-0.0010187797015532851,0.5471376776695251,0.38148805499076843,-0.0017248449148610234,0.5419718623161316,0.3803052008152008,-0.0011900883400812745,0.5369173288345337,0.38116955757141113,0.0006984451902098954,0.5336722135543823,0.383138507604599,0.002807727549225092,0.5098614692687988,0.36725547909736633,0.04492652416229248,0.533787727355957,0.39327308535575867,0.004192134831100702,0.5689669251441956,0.4550783336162567,-0.012921921908855438,0.5511382818222046,0.45423364639282227,-0.005990495439618826,0.5569212436676025,0.44110286235809326,-0.015347369015216827,0.5614815950393677,0.4543098509311676,-0.011982491239905357,0.5734061002731323,0.3836129903793335,-0.014384457841515541,0.5332444906234741,0.4932651221752167,0.02371278777718544,0.5399200320243835,0.501339316368103,0.01812826842069626,0.5550702214241028,0.5158796310424805,0.00603625038638711,0.5204330086708069,0.4797174632549286,0.050208717584609985,0.5559422373771667,0.3902307152748108,0.00041133849299512804,0.5627213716506958,0.410121351480484,-0.01588166318833828,0.5656833648681641,0.5180321931838989,0.00426461873576045,0.5480700135231018,0.5152912735939026,0.01829412393271923,0.5101721882820129,0.4408482611179352,0.04332899674773216,0.5571435689926147,0.47322165966033936,-0.0030440399423241615,0.5557812452316284,0.4760875999927521,-0.003707210998982191,0.5545552372932434,0.4797399342060089,-0.004467991180717945,0.5536220073699951,0.4840186834335327,-0.0033702014479786158,0.5521977543830872,0.48808127641677856,0.0015409139450639486,0.547642707824707,0.4698306918144226,0.0021694728638976812,0.5463818907737732,0.46870940923690796,0.002251512836664915,0.5453637838363647,0.46758806705474854,0.002135393675416708,0.5404468178749084,0.4605613946914673,0.0028689152095466852,0.5188023447990417,0.4429161548614502,0.013104133307933807,0.5633519887924194,0.40168139338493347,-0.011109406128525734,0.561380922794342,0.3848893642425537,-0.0032537756487727165,0.5582772493362427,0.38646161556243896,-0.0008224844932556152,0.5488935708999634,0.470905601978302,0.0026676650159060955,0.5193272233009338,0.4613940119743347,0.023319652304053307,0.5663490295410156,0.38431739807128906,-0.010540666058659554,0.5493100881576538,0.4954545497894287,0.00484568253159523,0.571136474609375,0.4138398766517639,-0.026270320639014244,0.5667382478713989,0.4064643085002899,-0.020244227722287178,0.5717877149581909,0.4053089916706085,-0.021845879033207893,0.5582964420318604,0.42236799001693726,-0.01498305331915617,0.5659582018852234,0.5115321278572083,0.0006407948676496744,0.5664432048797607,0.5026299953460693,-0.00016529900312889367,0.5573829412460327,0.5011030435562134,0.001301448792219162,0.5383543968200684,0.4784630239009857,0.010740208439528942,0.5460986495018005,0.4407007694244385,-0.0023565602023154497,0.5434896349906921,0.4878995418548584,0.00818580761551857,0.5312862396240234,0.4378446042537689,0.0005465433350764215,0.5396209955215454,0.44728735089302063,-4.2382001993246377e-05,0.5262207984924316,0.4493166208267212,0.006342769134789705,0.5555332899093628,0.5096197724342346,0.0024933016393333673,0.5550577640533447,0.4262757897377014,-0.01050967164337635,0.5342941284179688,0.484666645526886,0.01657136343419552,0.5408921837806702,0.4940677881240845,0.01293193083256483,0.5335857272148132,0.4681277573108673,0.010540230199694633,0.5144633650779724,0.45148277282714844,0.0279076024889946,0.5267446637153625,0.4698523283004761,0.01622365228831768,0.5131218433380127,0.45734161138534546,0.042209871113300323,0.5345821380615234,0.45523980259895325,0.003966855816543102,0.5590848922729492,0.4150138199329376,-0.011371149681508541,0.5576837062835693,0.4390452206134796,-0.022291040048003197,0.5546334981918335,0.4399367868900299,-0.01583259552717209,0.5601670145988464,0.4340420663356781,-0.026381440460681915,0.5569391250610352,0.3738340139389038,-0.005246532149612904,0.5474706888198853,0.3650139272212982,-0.0056831249967217445,0.5389678478240967,0.3623884618282318,-0.004528654273599386,0.5320048928260803,0.3636767268180847,-0.0014326131204143167,0.5271727442741394,0.36778026819229126,0.002593765500932932,0.5242637395858765,0.3852469325065613,0.012168711982667446,0.5081144571304321,0.4053364396095276,0.04034116491675377,0.5278905034065247,0.3996407389640808,0.008013644255697727,0.5333700776100159,0.4036453068256378,0.004538093227893114,0.5408543348312378,0.4056711196899414,0.0018804480787366629,0.5483635067939758,0.4049694836139679,-0.00010409135575173423,0.5544214844703674,0.40256446599960327,-0.00048346916446462274,0.558549702167511,0.3999979794025421,-0.0013858688762411475,0.5085132122039795,0.4048614501953125,0.06189071387052536,0.5547205209732056,0.4415407180786133,-0.012889864854514599,0.5621380805969238,0.4176566004753113,-0.019808003678917885,0.561240553855896,0.44028523564338684,-0.026670031249523163,0.5639759302139282,0.4443175494670868,-0.024167867377400398,0.5612713098526001,0.4414701759815216,-0.02386823110282421,0.555962860584259,0.44368940591812134,-0.010777556337416172,0.5648497939109802,0.4452919363975525,-0.02561696246266365,0.5655098557472229,0.44683852791786194,-0.01880660466849804,0.5593757629394531,0.39357027411460876,0.0004961552331224084,0.5618575215339661,0.39528536796569824,-0.0027614517603069544,0.5634586215019226,0.39672455191612244,-0.006270288955420256,0.5318279266357422,0.3848199248313904,0.005112049635499716,0.5277751684188843,0.3780176639556885,0.005589454434812069,0.5757669806480408,0.4154314398765564,-0.024544524028897285,0.6142922639846802,0.3994200825691223,0.002556746592745185,0.5743415355682373,0.44634154438972473,-0.019280502572655678,0.6407768130302429,0.3642551600933075,0.026463979855179787,0.5972613096237183,0.406088262796402,-0.002766036195680499,0.6034720540046692,0.40757831931114197,-0.002266922499984503,0.6093015074729919,0.40683475136756897,-0.0007047649123705924,0.6165913343429565,0.40145280957221985,0.0038579467218369246,0.5919511914253235,0.4026341438293457,-0.0017398525960743427,0.6074167490005493,0.3777986168861389,-0.006114403251558542,0.6003817915916443,0.378419429063797,-0.005984745919704437,0.6137300729751587,0.3800247311592102,-0.003955618944019079,0.6175881624221802,0.3842518925666809,-0.0015190978301689029,0.6215301752090454,0.4057596027851105,0.007286520674824715,0.5860692858695984,0.5068891048431396,0.00607368815690279,0.6163280010223389,0.3963293731212616,0.004491396248340607,0.63982093334198,0.40113115310668945,0.03198816627264023,0.6284487247467041,0.39809033274650574,0.012585356831550598,0.5998309254646301,0.43574976921081543,-0.005153159610927105,0.5781327486038208,0.4648132026195526,-0.012925500050187111,0.5768836736679077,0.47316688299179077,-0.00982603244483471,0.585450291633606,0.46737101674079895,-0.00963665172457695,0.5902645587921143,0.46946388483047485,-0.005124884657561779,0.582868754863739,0.4731408357620239,-0.007674951106309891,0.5875592231750488,0.47306758165359497,-0.003538719145581126,0.5944515466690063,0.47932103276252747,0.005053977482020855,0.5737601518630981,0.44274479150772095,-0.029646459966897964,0.574823260307312,0.4345577359199524,-0.031935110688209534,0.6275246143341064,0.3724483847618103,5.933153806836344e-05,0.588806688785553,0.41527771949768066,-0.0068528116680681705,0.5868424773216248,0.4399300515651703,-0.016609469428658485,0.5875079035758972,0.4354231357574463,-0.015270255506038666,0.6184868812561035,0.4357510209083557,0.0019605851266533136,0.5753515958786011,0.4241609573364258,-0.02934497781097889,0.6143178343772888,0.3622463345527649,-0.009713827632367611,0.6223348379135132,0.3653755187988281,-0.005139146465808153,0.6361494064331055,0.3482848107814789,0.014195130206644535,0.586621880531311,0.37102586030960083,-0.013944831676781178,0.5940181612968445,0.38234224915504456,-0.004110421519726515,0.599672794342041,0.4716879725456238,0.0053358557634055614,0.6251066327095032,0.4744569957256317,0.054393231868743896,0.5825067162513733,0.44433286786079407,-0.014140838757157326,0.5779784917831421,0.44650501012802124,-0.01371502410620451,0.5966871976852417,0.4722431004047394,0.005100395996123552,0.5951092839241028,0.47261369228363037,0.003654882311820984,0.6260957717895508,0.3585186302661896,-0.0031251120381057262,0.587024450302124,0.4427998960018158,-0.013188252225518227,0.6028273105621338,0.3635990023612976,-0.012921061366796494,0.6040599346160889,0.3558228611946106,-0.01474827527999878,0.6129118204116821,0.3254639506340027,-0.008917258121073246,0.6311858892440796,0.3558221757411957,0.0040819644927978516,0.6080442070960999,0.34112173318862915,-0.012277606874704361,0.6313576102256775,0.36770927906036377,0.00436939625069499,0.6362736821174622,0.36901238560676575,0.014451272785663605,0.5776801705360413,0.46938377618789673,-0.011982853524386883,0.5842165350914001,0.47043097019195557,-0.008846277371048927,0.5890150666236877,0.4712546169757843,-0.004768241662532091,0.5812121629714966,0.4454655051231384,-0.012414097785949707,0.5958789587020874,0.47244036197662354,0.0043771713972091675,0.5925923585891724,0.475271999835968,0.00138882827013731,0.5942649841308594,0.4728151261806488,0.0035917176865041256,0.5799520611763,0.4425230622291565,-0.021979622542858124,0.5864112377166748,0.47432848811149597,-0.0024751899763941765,0.5816963911056519,0.4749476909637451,-0.005213476717472076,0.576111912727356,0.4753907024860382,-0.007232201285660267,0.5747357606887817,0.49461618065834045,-0.0009007618646137416,0.5767489075660706,0.48962295055389404,-0.006654283031821251,0.5767629742622375,0.4846542179584503,-0.007680434733629227,0.5765004754066467,0.47962090373039246,-0.00672378484159708,0.5759905576705933,0.4755503535270691,-0.006148122251033783,0.5863721370697021,0.47430941462516785,-0.001558698364533484,0.5875852108001709,0.47604483366012573,-0.0022091299761086702,0.5888212323188782,0.4783758223056793,-0.0028790603391826153,0.5897085070610046,0.48094868659973145,-0.0016782759921625257,0.593541145324707,0.46130529046058655,-0.003911976236850023,0.636178195476532,0.4363690912723541,0.05904817208647728,0.5900056958198547,0.47362446784973145,0.0015651261201128364,0.5913200974464417,0.47439539432525635,0.0012010646751150489,0.576165497303009,0.4494057893753052,-0.013579344376921654,0.5852695107460022,0.44681254029273987,-0.008440593257546425,0.5769996643066406,0.4480213224887848,-0.01379191130399704,0.5950396060943604,0.4202881157398224,-0.004694036673754454,0.6048985123634338,0.42601627111434937,-0.0027230638079345226,0.5884449481964111,0.43864214420318604,-0.011789064854383469,0.6274501085281372,0.3350321054458618,0.0018238062039017677,0.6223950982093811,0.3460729420185089,-0.004728606902062893,0.6168543100357056,0.35435107350349426,-0.009705512784421444,0.589167594909668,0.485657662153244,0.002679831348359585,0.5889104008674622,0.3590485453605652,-0.01702534779906273,0.5931814908981323,0.3397056758403778,-0.016262885183095932,0.5969344973564148,0.32025057077407837,-0.014691130258142948,0.6139301061630249,0.40511995553970337,0.0017102808924391866,0.6274735927581787,0.4111262857913971,0.010694000869989395,0.5885144472122192,0.39972564578056335,-0.0011296385200694203,0.6232991814613342,0.38732969760894775,0.003740520216524601,0.5849355459213257,0.4097132384777069,-0.009039223194122314,0.5836418271064758,0.43742698431015015,-0.022248413413763046,0.6333012580871582,0.4167638123035431,0.01752595603466034,0.6234488487243652,0.41747963428497314,0.006025529000908136,0.615983247756958,0.42035916447639465,0.00103370554279536,0.6047589182853699,0.4188391864299774,-0.0011003433028236032,0.5963453650474548,0.41501179337501526,-0.0025266928132623434,0.5900094509124756,0.4105241000652313,-0.004078383091837168,0.5777864456176758,0.3981618285179138,-0.015560375526547432,0.6312508583068848,0.43348798155784607,0.017274318262934685,0.6282680630683899,0.3846398890018463,0.006169126834720373,0.5718470811843872,0.44652897119522095,-0.026635630056262016,0.5874170064926147,0.4230441451072693,-0.00891922414302826,0.6420643329620361,0.39980438351631165,0.05103082209825516,0.5853067636489868,0.40568122267723083,-0.005180205684155226,0.5892484784126282,0.4388265013694763,-0.006131664849817753,0.6191020011901855,0.3957834541797638,0.005761668086051941,0.5842170715332031,0.4318552017211914,-0.020505623891949654,0.6315849423408508,0.4554653763771057,0.05827872082591057,0.5883343815803528,0.39670681953430176,-0.00017652272072155029,0.5799341797828674,0.4272101819515228,-0.02603161893785,0.6107958555221558,0.49111995100975037,0.025206327438354492,0.6090577840805054,0.4992508888244629,0.036688122898340225,0.6356837749481201,0.4355839490890503,0.03785082697868347,0.6192710399627686,0.48195430636405945,0.03128118813037872,0.6384083032608032,0.38411009311676025,0.024677177891135216,0.5859012603759766,0.5136073231697083,0.010016773827373981,0.5712780952453613,0.4479514956474304,-0.018876759335398674,0.5925719141960144,0.4289841055870056,-0.006580573972314596,0.6332440972328186,0.3992284834384918,0.018140660598874092,0.6087294816970825,0.40331992506980896,-0.0007790207164362073,0.6035743951797485,0.4038669764995575,-0.0020813816227018833,0.593687117099762,0.4763312041759491,0.0023665449116379023,0.6287367343902588,0.44940030574798584,0.020411917939782143,0.5759682655334473,0.5219075679779053,0.012701896019279957,0.5918843746185303,0.5137393474578857,0.022899532690644264,0.5994677543640137,0.5079518556594849,0.02893865667283535,0.5982851386070251,0.40236783027648926,-0.0021880592685192823,0.593208909034729,0.39966800808906555,-0.0013016016455367208,0.5899445414543152,0.3979839086532593,-0.00014431137242354453,0.6325925588607788,0.3818923234939575,0.011632894165813923,0.5946760177612305,0.3903464078903198,-0.0030267322435975075,0.6002470254898071,0.38832658529281616,-0.004051425494253635,0.6055552363395691,0.38859137892723083,-0.003898192197084427,0.6104590892791748,0.3904576897621155,-0.0023789587430655956,0.6133910417556763,0.39283642172813416,-0.00043175253085792065,0.6425688862800598,0.38049066066741943,0.039899323135614395,0.6120671629905701,0.40155550837516785,0.0010280237765982747,0.5875381231307983,0.4575686752796173,-0.0073995450511574745,0.5825356841087341,0.4434157907962799,-0.016277441754937172,0.5767658352851868,0.45577049255371094,-0.012595134787261486,0.6017700433731079,0.5000364780426025,0.02085791900753975,0.5938351154327393,0.5067383050918579,0.01585700549185276,0.5764358639717102,0.518038272857666,0.005087114404886961,0.6172898411750793,0.4889781177043915,0.046226006001234055,0.5903558135032654,0.39402711391448975,-0.0013352088863030076,0.5805671215057373,0.4117908179759979,-0.016665734350681305,0.5842857956886292,0.5187050700187683,0.016616452485322952,0.631697416305542,0.4529375731945038,0.03850066289305687,0.5816333889961243,0.47500449419021606,-0.004162834491580725,0.5826994776725769,0.47805285453796387,-0.004841344431042671,0.5835037231445312,0.4818283021450043,-0.005657362751662731,0.5839236974716187,0.48619183897972107,-0.004570703022181988,0.5826774835586548,0.4910465478897095,0.0002425586135359481,0.5914509296417236,0.47276803851127625,0.0003110343823209405,0.5928071141242981,0.4718396067619324,0.00025558864581398666,0.5939499139785767,0.47089308500289917,5.427871292340569e-05,0.5980892181396484,0.465884268283844,0.0004977951175533235,0.6215740442276001,0.4530886113643646,0.009208595380187035,0.5812880396842957,0.40337324142456055,-0.011960708536207676,0.5851640701293945,0.38810476660728455,-0.004316064994782209,0.5882924199104309,0.390097975730896,-0.002278919331729412,0.5900513529777527,0.47364556789398193,0.000937402481213212,0.6193442344665527,0.4711187481880188,0.01943201944231987,0.580070436000824,0.3868483304977417,-0.011132576502859592,0.5846343040466309,0.4989277422428131,0.00343755423091352,0.5767562389373779,0.40738776326179504,-0.020671648904681206,0.5835341811180115,0.4247438609600067,-0.016009408980607986,0.5756728053092957,0.5029319524765015,0.0006046342314220965,0.5981833934783936,0.48420295119285583,0.008284729905426502,0.5941449403762817,0.4452171325683594,-0.004174723755568266,0.5917150974273682,0.4925776720046997,0.006249324884265661,0.6092827916145325,0.44552376866340637,-0.0022598430514335632,0.6000085473060608,0.45312976837158203,-0.00230187620036304,0.6132943630218506,0.4578975737094879,0.003122909227386117,0.5765326023101807,0.5117684006690979,0.0015774666098877788,0.5865722894668579,0.4291614890098572,-0.011784572154283524,0.6015936136245728,0.49123674631118774,0.013822712935507298,0.5935870409011841,0.49925491213798523,0.010821536183357239,0.6041613817214966,0.47485387325286865,0.007602175232023001,0.6255786418914795,0.4624089300632477,0.0236226674169302,0.6107921600341797,0.4779937267303467,0.01291652861982584,0.6266865134239197,0.46846115589141846,0.03758254647254944,0.6044638752937317,0.4619922935962677,0.0012170640984550118,0.5838354825973511,0.4173503816127777,-0.012458703480660915,0.5817193388938904,0.4412303566932678,-0.02324564754962921,0.5849743485450745,0.4426935911178589,-0.016959965229034424,0.5794907212257385,0.43579044938087463,-0.027211163192987442,0.5906330347061157,0.3790750205516815,-0.006684443913400173,0.6011655330657959,0.37298059463500977,-0.0077367667108774185,0.6100109219551086,0.3723159730434418,-0.00719757005572319,0.6169782280921936,0.3747660219669342,-0.004669474437832832,0.6215549111366272,0.3795819580554962,-0.0010169220622628927,0.6231810450553894,0.39672109484672546,0.008326908573508263,0.6385173797607422,0.41846150159835815,0.0352068692445755,0.6181944608688354,0.40983492136001587,0.004467079881578684,0.612221896648407,0.41220593452453613,0.0014360419008880854,0.604313850402832,0.41234371066093445,-0.0006828733603470027,0.5966775417327881,0.40991005301475525,-0.0021308152936398983,0.5906734466552734,0.4061218202114105,-0.0020089466124773026,0.5866613388061523,0.4026791453361511,-0.0026254900731146336,0.6395346522331238,0.4179551899433136,0.0568586029112339,0.5848079919815063,0.44421663880348206,-0.013997623696923256,0.5799190402030945,0.41930443048477173,-0.020625034347176552,0.5776956081390381,0.441769540309906,-0.027269847691059113,0.5747532844543457,0.4453209340572357,-0.02450213022530079,0.5777703523635864,0.4429929554462433,-0.024488573893904686,0.5834338665008545,0.44612354040145874,-0.01171677466481924,0.5736310482025146,0.4460819363594055,-0.025886915624141693,0.5730021595954895,0.44748395681381226,-0.019061215221881866,0.5864234566688538,0.3965158760547638,-0.0007738527492620051,0.5836918354034424,0.3975657522678375,-0.0037286384031176567,0.5819135904312134,0.39869609475135803,-0.007097979076206684,0.6150429248809814,0.3946496248245239,0.0017405409598723054,0.6197315454483032,0.3891056478023529,0.0019905935041606426,0.5438066124916077,0.3901416063308716,0.0018269444117322564,0.5497187376022339,0.39090028405189514,0.0018269444117322564,0.5444850921630859,0.38245871663093567,0.0018269444117322564,0.5377826690673828,0.38936689496040344,0.0018269444117322564,0.5431081056594849,0.39777034521102905,0.0018269444117322564,0.6021023988723755,0.39527055621147156,-0.0007485287496820092,0.6081582903862,0.39577609300613403,-0.0007485287496820092,0.6023723483085632,0.3877464234828949,-0.0007485287496820092,0.5961330533027649,0.3947243094444275,-0.0007485287496820092,0.6018497347831726,0.4027317762374878,-0.0007485287496820092
2800.0000000000014,0.5702133774757385,0.46547284722328186,-0.013251932337880135,0.5693284273147583,0.442051500082016,-0.030076889321208,0.5692592263221741,0.4488980770111084,-0.014914611354470253,0.5665623545646667,0.41408205032348633,-0.02418929524719715,0.5697913765907288,0.4336405396461487,-0.03254183754324913,0.570564866065979,0.42246466875076294,-0.030967937782406807,0.5726116299629211,0.39525043964385986,-0.01767534203827381,0.5321214199066162,0.39001262187957764,0.005755539983510971,0.5742830038070679,0.3710785508155823,-0.01514990534633398,0.5750775337219238,0.35886150598526,-0.017319850623607635,0.5779779553413391,0.3178296387195587,-0.015489470213651657,0.5700113773345947,0.4689703583717346,-0.01231472846120596,0.5697318911552429,0.47245875000953674,-0.010359739884734154,0.569511353969574,0.4746779203414917,-0.007597289048135281,0.569355845451355,0.4748847782611847,-0.006562685593962669,0.5691903233528137,0.4792262315750122,-0.007075760047882795,0.5689096450805664,0.48417720198631287,-0.007940491661429405,0.5685515403747559,0.4890535771846771,-0.006737954448908567,0.5669552683830261,0.4936773478984833,-0.0008607322815805674,0.5692373514175415,0.4460306465625763,-0.026919793337583542,0.5645068883895874,0.44484272599220276,-0.018992088735103607,0.5134272575378418,0.35134923458099365,0.031249986961483955,0.5481220483779907,0.4005966782569885,-0.0007036898750811815,0.5419690608978271,0.4007294476032257,0.000179142618435435,0.5364792346954346,0.3987065255641937,0.002154691144824028,0.5299018621444702,0.3913031816482544,0.007268274202942848,0.5535339713096619,0.3984708786010742,-0.000131307722767815,0.5414706468582153,0.3684142827987671,-0.00345794134773314,0.5483357310295105,0.370929479598999,-0.003888621460646391,0.534914493560791,0.3693121373653412,-0.0009095386485569179,0.5305207371711731,0.37308308482170105,0.0017841652734205127,0.5252782702445984,0.3945097327232361,0.0108783058822155,0.547012209892273,0.5021840929985046,0.007732222322374582,0.5305737853050232,0.38620784878730774,0.007845972664654255,0.5093374252319336,0.3876468539237976,0.036884963512420654,0.519620954990387,0.3852367103099823,0.016619045287370682,0.5417256951332092,0.4295485317707062,-0.0030220216140151024,0.5625025629997253,0.46284595131874084,-0.012316475622355938,0.5626394748687744,0.4713279604911804,-0.009219103492796421,0.5547508597373962,0.4643465280532837,-0.00837994460016489,0.5494089126586914,0.4659154713153839,-0.0034379158169031143,0.556538999080658,0.47046855092048645,-0.006502277217805386,0.5516619682312012,0.4699009954929352,-0.0020608629565685987,0.5428160429000854,0.47395026683807373,0.00721890339627862,0.5648868083953857,0.4413648843765259,-0.029467131942510605,0.5646762847900391,0.4331274628639221,-0.031700361520051956,0.5228485465049744,0.3591405153274536,0.003927277866750956,0.554948627948761,0.41155287623405457,-0.005485710687935352,0.5532056093215942,0.43632081151008606,-0.015359114855527878,0.5531917810440063,0.431768000125885,-0.013948983512818813,0.5238163471221924,0.4258330166339874,0.005414903163909912,0.5656234622001648,0.42280828952789307,-0.029002344235777855,0.5359838008880615,0.35085567831993103,-0.007126161828637123,0.5281999707221985,0.3527350425720215,-0.0018003485165536404,0.5194128751754761,0.3365780711174011,0.018493827432394028,0.5613834857940674,0.36506640911102295,-0.013173441402614117,0.5539829730987549,0.3767698109149933,-0.0024017454124987125,0.5386958718299866,0.465568870306015,0.007862730883061886,0.5149989724159241,0.4629133939743042,0.05883609130978584,0.5569866895675659,0.4414408206939697,-0.013154341839253902,0.561195433139801,0.4443788230419159,-0.013242794200778008,0.5423181056976318,0.46829289197921753,0.007303726859390736,0.5437866449356079,0.46885237097740173,0.005603703670203686,0.5253936648368835,0.345347136259079,0.0004542251117527485,0.5528481006622314,0.43915554881095886,-0.011951769702136517,0.5466440320014954,0.3542094826698303,-0.011139624752104282,0.5461375713348389,0.34641069173812866,-0.012943040579557419,0.5435304641723633,0.31875261664390564,-0.006487891543656588,0.5226428508758545,0.3447321355342865,0.00797504372894764,0.5457127094268799,0.3348890542984009,-0.010226217098534107,0.5197741389274597,0.35379260778427124,0.008501836098730564,0.5165237188339233,0.356636106967926,0.018902115523815155,0.562415599822998,0.46745678782463074,-0.011349386535584927,0.5556231141090393,0.4675673842430115,-0.007613644003868103,0.5504642724990845,0.4679161310195923,-0.0031673938501626253,0.5581397414207458,0.4428037703037262,-0.011677652597427368,0.5430662035942078,0.46858468651771545,0.006425950210541487,0.5460533499717712,0.4716491401195526,0.0031539520714432,0.5445955991744995,0.4691479802131653,0.005475035402923822,0.5593976378440857,0.4400659203529358,-0.021167270839214325,0.5525416135787964,0.4713338613510132,-0.0010672548087313771,0.5573460459709167,0.4724314510822296,-0.004115383606404066,0.5630292892456055,0.47361671924591064,-0.006582228001207113,0.5593892335891724,0.4923943281173706,-0.0002130598877556622,0.560545802116394,0.48741111159324646,-0.005940352566540241,0.5611439943313599,0.48251503705978394,-0.006927714683115482,0.5619552731513977,0.47766295075416565,-0.005990869365632534,0.5628461241722107,0.4737865924835205,-0.005474413279443979,0.552323043346405,0.4713574945926666,-0.00014266706421039999,0.5510108470916748,0.4728628098964691,-0.0007943680393509567,0.5495412349700928,0.47497978806495667,-0.0014395893085747957,0.5483534336090088,0.4774174392223358,-0.0001820298348320648,0.5451663732528687,0.4562219977378845,-0.0020661528687924147,0.5093191862106323,0.42301586270332336,0.06393654644489288,0.5692496299743652,0.4474945068359375,-0.01921878196299076,0.5487112402915955,0.47035568952560425,0.0032594308722764254,0.5473892092704773,0.4709325432777405,0.002916022902354598,0.5626431703567505,0.4474993348121643,-0.013119831681251526,0.5543197393417358,0.4434390366077423,-0.007446431554853916,0.5619882345199585,0.44598618149757385,-0.013337645679712296,0.5483119487762451,0.4152469038963318,-0.00286992103792727,0.538061797618866,0.4189058542251587,-0.00022748192714061588,0.5520650148391724,0.43475106358528137,-0.010432705283164978,0.5288993716239929,0.3253020644187927,0.005312042776495218,0.5318419933319092,0.3368819057941437,-0.0016366199124604464,0.5342369079589844,0.3428768515586853,-0.006913442630320787,0.5468350648880005,0.4809783101081848,0.004447998479008675,0.5603446960449219,0.352565199136734,-0.01621420308947563,0.5600367188453674,0.3363809287548065,-0.0152890058234334,0.559341549873352,0.3166951835155487,-0.01351848803460598,0.5321174263954163,0.3956950306892395,0.004930310416966677,0.5191652774810791,0.3986707329750061,0.014696459285914898,0.5571470856666565,0.39626601338386536,0.00030683420482091606,0.5250780582427979,0.3753589987754822,0.0074460566975176334,0.5593201518058777,0.40681660175323486,-0.00796872191131115,0.5563402771949768,0.43438926339149475,-0.02126724272966385,0.5126679539680481,0.404202401638031,0.022021831944584846,0.5223805904388428,0.40571093559265137,0.009768865071237087,0.5291822552680969,0.4102168083190918,0.004273681435734034,0.5400148034095764,0.41126200556755066,0.0013787377392873168,0.5484083890914917,0.40949809551239014,-0.0006311048055067658,0.5548654198646545,0.40653738379478455,-0.002667819382622838,0.5672537088394165,0.3967670798301697,-0.015165036544203758,0.5123372077941895,0.42105451226234436,0.021787116304039955,0.5209437012672424,0.37152570486068726,0.01023523136973381,0.5665652751922607,0.4454604685306549,-0.026490667834877968,0.5551860332489014,0.41949254274368286,-0.007612357847392559,0.5083521008491516,0.3861199915409088,0.056033555418252945,0.55975341796875,0.4027344882488251,-0.0041083539836108685,0.5514791011810303,0.4347824454307556,-0.0047881118953228,0.5279712080955505,0.38489830493927,0.009251858107745647,0.5565977096557617,0.4288179278373718,-0.019502343609929085,0.5112887024879456,0.44272997975349426,0.06297271698713303,0.5577247738838196,0.3931494951248169,0.0012953135883435607,0.5609966516494751,0.4249899089336395,-0.02532748505473137,0.5255712866783142,0.48208436369895935,0.028765883296728134,0.5268180966377258,0.4906313717365265,0.040134090930223465,0.5086163282394409,0.4222893714904785,0.042855992913246155,0.5185694694519043,0.4714429974555969,0.03544430434703827,0.5126931667327881,0.37113720178604126,0.02941281720995903,0.5464397668838501,0.5088262557983398,0.01182669959962368,0.5671898722648621,0.4469723403453827,-0.018781641498208046,0.5495343804359436,0.42435145378112793,-0.004928950220346451,0.5150571465492249,0.38555049896240234,0.02259288914501667,0.5371121764183044,0.395378440618515,0.001993258949369192,0.5421053767204285,0.3970048129558563,0.0003938453155569732,0.5448795557022095,0.47257447242736816,0.00425957515835762,0.512894868850708,0.4372437596321106,0.024861956015229225,0.5556113123893738,0.5190972089767456,0.013785340823233128,0.5413746237754822,0.5081467032432556,0.025314385071396828,0.5349315404891968,0.5010168552398682,0.031832754611968994,0.5764546394348145,0.3385408818721771,-0.017201125621795654,0.5656943321228027,0.5214114189147949,0.011738630943000317,0.5474096536636353,0.3967306315898895,-8.51791919558309e-05,0.5525479912757874,0.395281583070755,0.00047975912457332015,0.5559588670730591,0.39420410990715027,0.0014535292284563184,0.5172394514083862,0.3682103753089905,0.015986930578947067,0.5525041818618774,0.384987473487854,-0.0011141087161377072,0.5473025441169739,0.38123762607574463,-0.0018438035622239113,0.5421222448348999,0.38006260991096497,-0.0013210027245804667,0.5370684862136841,0.3809305429458618,0.0005602088058367372,0.5338274240493774,0.38288718461990356,0.002673205453902483,0.5099736452102661,0.36700311303138733,0.04484773054718971,0.5339983701705933,0.39277398586273193,0.004070202354341745,0.5690548419952393,0.45446375012397766,-0.012950122356414795,0.5512059330940247,0.45366138219833374,-0.006042863707989454,0.5569763779640198,0.4405006766319275,-0.015411552973091602,0.5615580677986145,0.4537007808685303,-0.012020652182400227,0.5734744668006897,0.38329410552978516,-0.014468426816165447,0.5331793427467346,0.492491751909256,0.02379494160413742,0.5398208498954773,0.5005621314048767,0.018237488344311714,0.5549978017807007,0.5150227546691895,0.006192459259182215,0.5204354524612427,0.47889888286590576,0.050292473286390305,0.5561601519584656,0.38996633887290955,0.0003284173726569861,0.5628071427345276,0.4096437990665436,-0.015971945598721504,0.5656293630599976,0.5171415209770203,0.004445549566298723,0.5479184985160828,0.5144488215446472,0.018458925187587738,0.5102571845054626,0.4402077794075012,0.04332314059138298,0.557125449180603,0.47253358364105225,-0.003052137326449156,0.5558043718338013,0.47534096240997314,-0.003696426982060075,0.5546363592147827,0.47893035411834717,-0.004455463029444218,0.5537395477294922,0.4831899106502533,-0.00335080293007195,0.5522035360336304,0.48744887113571167,0.0015831170603632927,0.5476154088973999,0.469320148229599,0.0021198142785578966,0.5463740229606628,0.4682161808013916,0.00219721719622612,0.5453804135322571,0.46711188554763794,0.002078656107187271,0.5405494570732117,0.4600220024585724,0.0028143080417066813,0.5189632177352905,0.44232264161109924,0.013042189180850983,0.5634279251098633,0.40123268961906433,-0.011197751387953758,0.5615357160568237,0.3845611810684204,-0.0033251603599637747,0.558474600315094,0.38616618514060974,-0.000903222884517163,0.5488542914390564,0.4703717827796936,0.0026343660429120064,0.519440770149231,0.460714727640152,0.023321645334362984,0.5664305686950684,0.38391655683517456,-0.01061890460550785,0.549314558506012,0.4947347044944763,0.004925681743770838,0.5712507963180542,0.4133698344230652,-0.026366736739873886,0.5668297410011292,0.4060088098049164,-0.02034137211740017,0.5718929767608643,0.40485846996307373,-0.02193608693778515,0.5583723783493042,0.4218500554561615,-0.015063872560858727,0.5659240484237671,0.510682225227356,0.0008001959067769349,0.5664253234863281,0.5018706917762756,-2.268764546897728e-05,0.5573831796646118,0.5003597140312195,0.0014235625276342034,0.5383689403533936,0.4778195917606354,0.01075583603233099,0.5461519360542297,0.44013160467147827,-0.0024022723082453012,0.5434832572937012,0.48721274733543396,0.00823054276406765,0.5314247012138367,0.43728625774383545,0.0004875101149082184,0.5397268533706665,0.44671347737312317,-9.963870979845524e-05,0.5263708829879761,0.4487228989601135,0.006306320428848267,0.5555104613304138,0.508796215057373,0.002628680318593979,0.5551140308380127,0.42574042081832886,-0.01057677436619997,0.5342789888381958,0.4839556813240051,0.016617335379123688,0.5408475995063782,0.4933319389820099,0.013014944270253181,0.5336486101150513,0.4675225019454956,0.010532891377806664,0.5145874619483948,0.45082882046699524,0.027891458943486214,0.5268123149871826,0.46918338537216187,0.016230082139372826,0.5132020115852356,0.4566289186477661,0.04223357513546944,0.5347075462341309,0.45467761158943176,0.003919501788914204,0.5591638684272766,0.41451287269592285,-0.01145089790225029,0.5577617287635803,0.43846064805984497,-0.02238384261727333,0.5546779036521912,0.4393554627895355,-0.01590241864323616,0.5602577328681946,0.4334993362426758,-0.026495622470974922,0.5571233630180359,0.37348413467407227,-0.005342072807252407,0.5476709604263306,0.3646720051765442,-0.005815810989588499,0.5391876697540283,0.362091064453125,-0.004689113236963749,0.5322268605232239,0.363442987203598,-0.0016058129258453846,0.5273804664611816,0.3675972819328308,0.002424518810585141,0.5243589878082275,0.3850671648979187,0.012031896971166134,0.5081653594970703,0.4048798084259033,0.04026858136057854,0.5279451608657837,0.3992525339126587,0.007887040264904499,0.5334298014640808,0.40317317843437195,0.0044145043939352036,0.5409277677536011,0.4051785171031952,0.0017684856429696083,0.5484547019004822,0.40452155470848083,-0.00018931014346890152,0.5545386075973511,0.4021770656108856,-0.0005640069139190018,0.5586735010147095,0.39964181184768677,-0.0014549308689311147,0.5085641741752625,0.40437161922454834,0.061909183859825134,0.5547541975975037,0.4409598410129547,-0.01294809952378273,0.5622291564941406,0.41716355085372925,-0.01990266889333725,0.5613421201705933,0.43970581889152527,-0.026771320030093193,0.564078688621521,0.44371503591537476,-0.024249035865068436,0.5613699555397034,0.44087278842926025,-0.02395821362733841,0.5560004115104675,0.443109393119812,-0.010821951553225517,0.5649564266204834,0.44469180703163147,-0.025701062753796577,0.5656068325042725,0.44622093439102173,-0.0188620463013649,0.5595763325691223,0.3932887017726898,0.0004318642313592136,0.5619895458221436,0.39493969082832336,-0.0028272762428969145,0.5635412931442261,0.39630547165870667,-0.006348798982799053,0.5319886207580566,0.38454514741897583,0.004978359676897526,0.5279540419578552,0.37781184911727905,0.005447211675345898,0.5758927464485168,0.4149547517299652,-0.024620670825242996,0.61430823802948,0.3986739218235016,0.0026481649838387966,0.574456512928009,0.445732057094574,-0.019319962710142136,0.6405110955238342,0.3639279901981354,0.0266500785946846,0.5972170233726501,0.40532752871513367,-0.0027189876418560743,0.6034287810325623,0.40684065222740173,-0.002210832666605711,0.609255313873291,0.4061422646045685,-0.0006362327840179205,0.6165800094604492,0.40070053935050964,0.003955606371164322,0.5919008255004883,0.40191012620925903,-0.0017132204957306385,0.6074370741844177,0.37711241841316223,-0.006079880520701408,0.6003639698028564,0.3777669370174408,-0.005968268029391766,0.6137649416923523,0.379316508769989,-0.003905131481587887,0.6176342368125916,0.3835277855396271,-0.0014506165171042085,0.6214447021484375,0.40505093336105347,0.007398040033876896,0.5860785841941833,0.5060107707977295,0.006256815977394581,0.6163430213928223,0.395534873008728,0.004587357863783836,0.6396358013153076,0.40058615803718567,0.03221004828810692,0.6283144354820251,0.39731869101524353,0.01272047683596611,0.5999069213867188,0.4351777136325836,-0.0050923945382237434,0.5780198574066162,0.4641276001930237,-0.012943369336426258,0.5768032670021057,0.47244003415107727,-0.009826995432376862,0.5853439569473267,0.4666687846183777,-0.009634528309106827,0.5901930332183838,0.4687643349170685,-0.005114718805998564,0.5827914476394653,0.47240394353866577,-0.007668474689126015,0.5875285267829895,0.4723247289657593,-0.003527591470628977,0.5944740176200867,0.47872209548950195,0.005118078086525202,0.5738989114761353,0.4421790540218353,-0.029730001464486122,0.5749722719192505,0.4340411126613617,-0.03202952444553375,0.6274681091308594,0.37181517481803894,0.0001388980308547616,0.5888975858688354,0.41476699709892273,-0.006845226511359215,0.5870102643966675,0.4393947124481201,-0.016613435000181198,0.5876716375350952,0.43490031361579895,-0.015268104150891304,0.6184876561164856,0.4351424276828766,0.0020735778380185366,0.5754887461662292,0.42366912961006165,-0.02943260408937931,0.61434006690979,0.36183834075927734,-0.009718419052660465,0.6223273873329163,0.3648388981819153,-0.005107345525175333,0.6359564661979675,0.3480611741542816,0.014321773312985897,0.5867033004760742,0.3707352876663208,-0.01401014905422926,0.5939791798591614,0.38170862197875977,-0.004096405114978552,0.5996881723403931,0.4711357355117798,0.005414735525846481,0.6250119209289551,0.47350767254829407,0.05474366620182991,0.5826600193977356,0.443761944770813,-0.014135518111288548,0.5781150460243225,0.4459155201911926,-0.013731764629483223,0.5967141389846802,0.4714258313179016,0.0051460652612149715,0.5951507687568665,0.4718058705329895,0.003681265516206622,0.6260335445404053,0.35800379514694214,-0.0030783931724727154,0.5871877074241638,0.4422711730003357,-0.013179309666156769,0.6028883457183838,0.36331185698509216,-0.012958486564457417,0.6041259765625,0.35559698939323425,-0.014794724993407726,0.6128543019294739,0.3254285752773285,-0.008917517960071564,0.631094753742218,0.35555192828178406,0.00416282843798399,0.6080479621887207,0.34101223945617676,-0.012310887686908245,0.6312389969825745,0.36707085371017456,0.004470426123589277,0.6361156105995178,0.36864951252937317,0.014589774422347546,0.5775835514068604,0.46869325637817383,-0.011996506713330746,0.5841155052185059,0.4697267413139343,-0.008844798430800438,0.5889567732810974,0.4705411195755005,-0.004760843235999346,0.5813570618629456,0.4448944330215454,-0.012419300153851509,0.5959101915359497,0.47162681818008423,0.0044100466184318066,0.592555820941925,0.47443845868110657,0.0014131400967016816,0.5943172574043274,0.47201043367385864,0.0036143148317933083,0.5800915360450745,0.4419344961643219,-0.022014683112502098,0.5864081382751465,0.4735546112060547,-0.0024481629952788353,0.5816518068313599,0.4741703271865845,-0.005183386150747538,0.576052725315094,0.47462040185928345,-0.007202232722193003,0.5747480392456055,0.4939550757408142,-0.0007902863435447216,0.5766105055809021,0.488576203584671,-0.0065864031203091145,0.5766531825065613,0.48364585638046265,-0.00762679148465395,0.5764153003692627,0.4787364602088928,-0.006673838477581739,0.5759308338165283,0.4747450649738312,-0.006119508761912584,0.5863677263259888,0.47354763746261597,-0.0015346298459917307,0.5875403881072998,0.4752213656902313,-0.0021738174837082624,0.5887249708175659,0.4774959683418274,-0.0028407778590917587,0.5895618796348572,0.4800592064857483,-0.0016359810251742601,0.593600869178772,0.4607475697994232,-0.0039003698620945215,0.6359894275665283,0.43559423089027405,0.059398941695690155,0.5900261402130127,0.47286686301231384,0.0015830531483516097,0.5913139581680298,0.47359222173690796,0.001223165774717927,0.5762909650802612,0.44880232214927673,-0.01359240896999836,0.5854048132896423,0.4462776482105255,-0.008422127924859524,0.5771304368972778,0.4474233090877533,-0.013808799907565117,0.5951201319694519,0.4197629392147064,-0.004659063648432493,0.6049529910087585,0.42546775937080383,-0.0026593890506774187,0.5886058211326599,0.4381159842014313,-0.011773264035582542,0.6273311376571655,0.33490628004074097,0.001883639837615192,0.6223610639572144,0.34588348865509033,-0.00470361951738596,0.6168627738952637,0.3539976477622986,-0.009701932780444622,0.5891930460929871,0.4850042164325714,0.002751744817942381,0.5890142321586609,0.3588901162147522,-0.017107153311371803,0.5932053923606873,0.3396298587322235,-0.016343839466571808,0.5969154834747314,0.3202701210975647,-0.014748793095350266,0.6139072775840759,0.40440642833709717,0.0017964827129617333,0.6273261308670044,0.41039636731147766,0.010831109248101711,0.5884525179862976,0.3990415632724762,-0.0011058789677917957,0.6232737302780151,0.38659802079200745,0.0038364764768630266,0.5850297808647156,0.40922442078590393,-0.009052480570971966,0.5837963819503784,0.4368817210197449,-0.02228078804910183,0.6332331895828247,0.41616982221603394,0.01770251803100109,0.6233351230621338,0.41683733463287354,0.006145506631582975,0.6158774495124817,0.419784814119339,0.0011255553690716624,0.6046727299690247,0.41823306679725647,-0.0010431751143187284,0.5962716341018677,0.41438600420951843,-0.0024899335112422705,0.5899565815925598,0.409932404756546,-0.004067014902830124,0.5778852105140686,0.39774051308631897,-0.01562080904841423,0.6311927437782288,0.4328266978263855,0.017462998628616333,0.6281766295433044,0.38394227623939514,0.006282986607402563,0.5719683766365051,0.44593545794487,-0.026707468554377556,0.5875229239463806,0.42252081632614136,-0.008907098323106766,0.6417866349220276,0.3992558717727661,0.05131762474775314,0.5852739214897156,0.4051387906074524,-0.0051889619790017605,0.5893887877464294,0.4382937252521515,-0.006095767952501774,0.6191030740737915,0.39499178528785706,0.005863871891051531,0.5843684077262878,0.43133121728897095,-0.020533865317702293,0.6314455270767212,0.4545931816101074,0.058638304471969604,0.5882704257965088,0.3960025906562805,-0.00014567836478818208,0.5800782442092896,0.42670100927352905,-0.02609175257384777,0.6107997298240662,0.49018043279647827,0.025464365258812904,0.6090627312660217,0.4982500374317169,0.03698379173874855,0.6355511546134949,0.434846967458725,0.038123659789562225,0.6192219853401184,0.4810153543949127,0.03156322240829468,0.638213038444519,0.3836604356765747,0.024862071499228477,0.5859209895133972,0.512674868106842,0.010235711000859737,0.5713884234428406,0.4473377466201782,-0.018919553607702255,0.5926762223243713,0.42844659090042114,-0.006544311996549368,0.6330269575119019,0.39835500717163086,0.018307657912373543,0.6087191700935364,0.40260326862335205,-0.0007074179011397064,0.6035544872283936,0.40311866998672485,-0.0020227369386702776,0.593616783618927,0.4754985570907593,0.002397604053840041,0.6286686658859253,0.4486526548862457,0.020624257624149323,0.5759406685829163,0.5209623575210571,0.012948057614266872,0.591925859451294,0.5127628445625305,0.023162756115198135,0.5995097756385803,0.5069617629051208,0.029212048277258873,0.5982562899589539,0.40159615874290466,-0.0021406055893749,0.5931612253189087,0.398913711309433,-0.0012633214937523007,0.5898765325546265,0.3972604274749756,-0.00011000527592841536,0.6324399709701538,0.3811676800251007,0.011771964840590954,0.5946367979049683,0.3896016776561737,-0.0029948388691991568,0.6002354621887207,0.38753315806388855,-0.004021735861897469,0.6055800318717957,0.38778573274612427,-0.003855919698253274,0.6105051636695862,0.3896598815917969,-0.002320700790733099,0.6134356260299683,0.39205050468444824,-0.0003576577582862228,0.6422670483589172,0.38005807995796204,0.04014086350798607,0.6120778918266296,0.40083909034729004,0.001111795543693006,0.587636411190033,0.45701128244400024,-0.007394587155431509,0.5826882719993591,0.4428388476371765,-0.016288943588733673,0.5768760442733765,0.45517486333847046,-0.012608363293111324,0.6018112897872925,0.49909573793411255,0.021095886826515198,0.5938732624053955,0.5058004856109619,0.016086596995592117,0.5764326453208923,0.5171260833740234,0.005292556248605251,0.6172415018081665,0.4879821240901947,0.04654783010482788,0.5902937054634094,0.3933179974555969,-0.0013041878119111061,0.5806800127029419,0.4113062918186188,-0.016709307208657265,0.5843012928962708,0.5177471041679382,0.01687075011432171,0.6315785050392151,0.45210960507392883,0.0387905053794384,0.5815876722335815,0.4742155373096466,-0.004135431721806526,0.5826219916343689,0.47718942165374756,-0.004795965272933245,0.5833757519721985,0.4808759093284607,-0.005608845502138138,0.5837462544441223,0.485209584236145,-0.004516686778515577,0.5827019214630127,0.49038025736808777,0.0003252607421018183,0.5914615988731384,0.47200074791908264,0.0003241724625695497,0.5927973985671997,0.4710872769355774,0.000269285956164822,0.5939247608184814,0.4701513648033142,7.267420005518943e-05,0.5981149077415466,0.4653417468070984,0.0005354593740776181,0.6215333342552185,0.45237067341804504,0.009369652718305588,0.5813853144645691,0.40291714668273926,-0.011996179819107056,0.5851470828056335,0.38755562901496887,-0.004328396171331406,0.5882514715194702,0.38945117592811584,-0.002273385412991047,0.5900799632072449,0.4728606045246124,0.0009593545692041516,0.6193034052848816,0.47029241919517517,0.019653474912047386,0.5800902843475342,0.3863934278488159,-0.011179262772202492,0.5846481323242188,0.49813830852508545,0.0035727606154978275,0.5768715739250183,0.40692779421806335,-0.02074265480041504,0.58365797996521,0.42422351241111755,-0.016030622646212578,0.5756700038909912,0.5021557807922363,0.0007570396992377937,0.5982317328453064,0.48348990082740784,0.008400279097259045,0.5942599177360535,0.44465047121047974,-0.004129262175410986,0.5917496085166931,0.491809606552124,0.006373056676238775,0.6093122959136963,0.4448974132537842,-0.002164751524105668,0.6000748872756958,0.4525245726108551,-0.0022533987648785114,0.6132938265800476,0.45720916986465454,0.0032535982318222523,0.5765281319618225,0.5109012126922607,0.0017574322409927845,0.5867017507553101,0.428632527589798,-0.011780078522861004,0.6016383171081543,0.49040165543556213,0.014002717100083828,0.5936177372932434,0.4983927607536316,0.01100715808570385,0.6041969060897827,0.4741906225681305,0.007725696079432964,0.6255139112472534,0.46159276366233826,0.02385932207107544,0.6108027100563049,0.4772058427333832,0.013092673383653164,0.6265954971313477,0.4675584137439728,0.03787950798869133,0.6044878959655762,0.46138107776641846,0.0012915870174765587,0.5839436650276184,0.41684234142303467,-0.012474305927753448,0.5818665027618408,0.4406574070453644,-0.02328452840447426,0.5851358771324158,0.4421376883983612,-0.01696966029703617,0.5796416997909546,0.43525221943855286,-0.02727592922747135,0.5906437039375305,0.37858888506889343,-0.006698036566376686,0.601186990737915,0.3724842369556427,-0.0077412365935742855,0.6100534796714783,0.3717784881591797,-0.007183833047747612,0.6170123219490051,0.37417712807655334,-0.004633946344256401,0.6215682029724121,0.3789198100566864,-0.0009526381618343294,0.6231248378753662,0.3959504961967468,0.008439977653324604,0.6383644342422485,0.4178156852722168,0.03545455262064934,0.6181282997131348,0.40915465354919434,0.004568004049360752,0.6121395826339722,0.4115658402442932,0.0015121137257665396,0.604234516620636,0.4116652309894562,-0.0006316664512269199,0.5966130495071411,0.40921053290367126,-0.0020896478090435266,0.5906200408935547,0.4054529070854187,-0.001994287595152855,0.5866163969039917,0.402058869600296,-0.002619461389258504,0.6393080949783325,0.41729339957237244,0.057181090116500854,0.584967851638794,0.44366955757141113,-0.013996385037899017,0.5800430178642273,0.41880539059638977,-0.020673532038927078,0.5778371095657349,0.4411945044994354,-0.027334801852703094,0.5748735666275024,0.44471946358680725,-0.024562586098909378,0.5779010057449341,0.4424009919166565,-0.024541864171624184,0.5835779309272766,0.44557541608810425,-0.011711777187883854,0.5737524628639221,0.44548434019088745,-0.025955025106668472,0.5731173157691956,0.4468710422515869,-0.019101997837424278,0.586367666721344,0.3958525061607361,-0.0007581911631859839,0.58365797996521,0.396983802318573,-0.003738665720447898,0.5818970203399658,0.3981935381889343,-0.007127048447728157,0.6150733232498169,0.3938644528388977,0.00182556442450732,0.6197536587715149,0.3883569538593292,0.0020783126819878817,0.5438580513000488,0.38968899846076965,0.001716469880193472,0.5497413873672485,0.39043954014778137,0.001716469880193472,0.5445442199707031,0.3820745050907135,0.001716469880193472,0.5378478765487671,0.38891831040382385,0.001716469880193472,0.5431471467018127,0.3972415626049042,0.001716469880193472,0.6022191047668457,0.39482614398002625,-0.000691995199304074,0.6082893013954163,0.39528965950012207,-0.000691995199304074,0.6024584770202637,0.38735640048980713,-0.000691995199304074,0.5962257981300354,0.3943120837211609,-0.000691995199304074,0.6019900441169739,0.40224483609199524,-0.000691995199304074
2833.333333333335,0.5702905654907227,0.46520277857780457,-0.013126307167112827,0.5694012641906738,0.4418674111366272,-0.030032405629754066,0.5693555474281311,0.44871440529823303,-0.014855261892080307,0.5665693879127502,0.4140034019947052,-0.02425207756459713,0.5698428153991699,0.43348026275634766,-0.03251572698354721,0.5705825686454773,0.42234471440315247,-0.030984334647655487,0.5725632309913635,0.3952069580554962,-0.01783670112490654,0.532090961933136,0.38998913764953613,0.005550711881369352,0.5741866230964661,0.37101122736930847,-0.015409926883876324,0.5749521851539612,0.35882100462913513,-0.017631644383072853,0.5777826905250549,0.3180367052555084,-0.0160029586404562,0.5700724720954895,0.46872785687446594,-0.012191004119813442,0.5697848796844482,0.4722398519515991,-0.010241131298244,0.5695661306381226,0.4744706153869629,-0.007496348116546869,0.5693778395652771,0.47473978996276855,-0.0062218536622822285,0.5692036747932434,0.47911137342453003,-0.0067234463058412075,0.568914532661438,0.48411035537719727,-0.007527728099375963,0.56855708360672,0.48903989791870117,-0.006227915175259113,0.5671187043190002,0.49419745802879333,-0.0002445341378916055,0.5693207383155823,0.445835679769516,-0.026871316134929657,0.5646384358406067,0.4446665346622467,-0.01895422674715519,0.5134810209274292,0.35159987211227417,0.03083791211247444,0.5480600595474243,0.40058964490890503,-0.0008788625709712505,0.5419019460678101,0.4007144272327423,9.239004612027202e-06,0.5364171862602234,0.39867082238197327,0.0019823273178189993,0.5298646688461304,0.39126989245414734,0.007078798487782478,0.5534719228744507,0.3984399139881134,-0.0003248311986681074,0.5414666533470154,0.3683512806892395,-0.003677164204418659,0.5483333468437195,0.37089231610298157,-0.004123791120946407,0.5349045991897583,0.36922508478164673,-0.0011226930655539036,0.5305036306381226,0.37299230694770813,0.0015725163975730538,0.525252103805542,0.3944631516933441,0.0106966532766819,0.547277569770813,0.5023308396339417,0.008371188305318356,0.5305570960044861,0.38619112968444824,0.007634548470377922,0.5094438791275024,0.3877595365047455,0.03661717474460602,0.5196425914764404,0.3852273225784302,0.016400020569562912,0.5418153405189514,0.4294958710670471,-0.003029631683602929,0.5625946521759033,0.46262845396995544,-0.012188240885734558,0.5626900792121887,0.47110965847969055,-0.009094218723475933,0.5547834634780884,0.4641405940055847,-0.008230244740843773,0.5493696928024292,0.46567514538764954,-0.0032329983077943325,0.55655837059021,0.4702358543872833,-0.0063547915779054165,0.5516366362571716,0.4696299731731415,-0.0018629106925800443,0.542992889881134,0.4739435315132141,0.00763368234038353,0.564983069896698,0.44118911027908325,-0.029422413557767868,0.5647477507591248,0.4329829514026642,-0.031672801822423935,0.5228524804115295,0.3590623736381531,0.003670274745672941,0.5549880862236023,0.4115062952041626,-0.005590651649981737,0.5533757209777832,0.43622153997421265,-0.01535771694034338,0.5533403158187866,0.4316837787628174,-0.013963907025754452,0.5239326357841492,0.425825297832489,0.005382851231843233,0.5656636357307434,0.4226987361907959,-0.02901892550289631,0.5359976887702942,0.35078632831573486,-0.007398692425340414,0.5282026529312134,0.35264721512794495,-0.0020764274522662163,0.5194444060325623,0.33687394857406616,0.018057625740766525,0.5613670945167542,0.3650558888912201,-0.013440826907753944,0.5539712905883789,0.3767356872558594,-0.0026452213060110807,0.5389097332954407,0.46542081236839294,0.008171810768544674,0.515406608581543,0.4627538323402405,0.058914121240377426,0.5571553707122803,0.4413137137889862,-0.013140489347279072,0.561346173286438,0.44424134492874146,-0.013209794647991657,0.542171061038971,0.4678911864757538,0.00761167798191309,0.5436650514602661,0.46844011545181274,0.005918704904615879,0.5254168510437012,0.345275342464447,0.00014163418381940573,0.5530358552932739,0.4390548765659332,-0.011944688856601715,0.5466542840003967,0.3541884422302246,-0.011414573527872562,0.5461543798446655,0.34637704491615295,-0.0132475970312953,0.5434534549713135,0.3190467357635498,-0.0069602723233401775,0.5226603746414185,0.34497305750846863,0.007596614304929972,0.5456345081329346,0.3350752890110016,-0.010632856748998165,0.5198015570640564,0.3537631630897522,0.008210846222937107,0.5165660381317139,0.3568524420261383,0.018542906269431114,0.5624781847000122,0.467242032289505,-0.011217975057661533,0.5556418895721436,0.4673488736152649,-0.0074599976651370525,0.5504295229911804,0.4676644504070282,-0.0029624924063682556,0.5583057403564453,0.44267749786376953,-0.011662706732749939,0.542934238910675,0.46817734837532043,0.006736770737916231,0.545976459980011,0.4712851047515869,0.003550360444933176,0.5444813370704651,0.46873652935028076,0.005794317927211523,0.5595418810844421,0.43990927934646606,-0.021148569881916046,0.5525332689285278,0.47104060649871826,-0.0008791342843323946,0.5573752522468567,0.47217345237731934,-0.003979895729571581,0.5630753636360168,0.47338205575942993,-0.006474011577665806,0.5594955086708069,0.4928676187992096,0.0004022793145850301,0.5605127215385437,0.48733454942703247,-0.005428175441920757,0.5611228942871094,0.4824044108390808,-0.0064929574728012085,0.561953067779541,0.47750335931777954,-0.0056235953234136105,0.5628541111946106,0.4736083745956421,-0.005123353563249111,0.5523157119750977,0.47103601694107056,0.00022582770907320082,0.550998866558075,0.47255265712738037,-0.0003967859083786607,0.5495049953460693,0.47470009326934814,-0.0009966741781681776,0.5482889413833618,0.47718316316604614,0.0002886716974899173,0.5453373193740845,0.45606765151023865,-0.0018898436101153493,0.5095760822296143,0.42296478152275085,0.06377284228801727,0.5693380236625671,0.44730663299560547,-0.019176941365003586,0.5486882925033569,0.4699802100658417,0.0036240098997950554,0.5473455190658569,0.4705583155155182,0.00330053991638124,0.5627773404121399,0.44735121726989746,-0.013053135946393013,0.5544984936714172,0.4433249235153198,-0.007416256237775087,0.5621325373649597,0.4458421766757965,-0.013293958269059658,0.5483711957931519,0.41520237922668457,-0.0029545435681939125,0.5381279587745667,0.4188756048679352,-0.0002921132545452565,0.5522276759147644,0.4346662163734436,-0.010440516285598278,0.5288861393928528,0.3256163001060486,0.004861474968492985,0.5318130254745483,0.3371150493621826,-0.002032453427091241,0.5342686772346497,0.34280943870544434,-0.007230423856526613,0.5469650030136108,0.481159508228302,0.0049538086168468,0.5603412389755249,0.3525550067424774,-0.016514776274561882,0.559913158416748,0.33652424812316895,-0.015702353790402412,0.5592020750045776,0.3169553279876709,-0.014010004699230194,0.5320669412612915,0.395658016204834,0.004751827567815781,0.5191527009010315,0.39863085746765137,0.01452671643346548,0.5570827722549438,0.39619916677474976,9.574332216288894e-05,0.5250649452209473,0.3752919137477875,0.00723089836537838,0.5593363642692566,0.4067758023738861,-0.008088169619441032,0.5564752817153931,0.43426674604415894,-0.021262500435113907,0.512809693813324,0.404253751039505,0.021867215633392334,0.5223155617713928,0.40563514828681946,0.00964197888970375,0.5290811061859131,0.4101146161556244,0.004172838758677244,0.5399093627929688,0.41117218136787415,0.0012750468449667096,0.5483112931251526,0.4094189405441284,-0.0007485452806577086,0.554783821105957,0.4064468443393707,-0.0028039852622896433,0.5672247409820557,0.39673152565956116,-0.015323436819016933,0.5125097632408142,0.42105337977409363,0.021707875654101372,0.5209628343582153,0.37149614095687866,0.01000195275992155,0.5666688680648804,0.4452722668647766,-0.026440950110554695,0.5552483797073364,0.41942691802978516,-0.007685529999434948,0.5084671378135681,0.3862222731113434,0.05569539591670036,0.5596756935119629,0.4026211202144623,-0.004270566627383232,0.5516349077224731,0.4346974492073059,-0.004800110589712858,0.5279446244239807,0.3848632872104645,0.009044050239026546,0.5567126274108887,0.42871856689453125,-0.019520651549100876,0.5116140842437744,0.4426122307777405,0.06292279064655304,0.5576716065406799,0.39308011531829834,0.0010632399935275316,0.5610666871070862,0.42488613724708557,-0.025341592729091644,0.5259990692138672,0.48200342059135437,0.029112759977579117,0.5272716879844666,0.49046650528907776,0.04046110808849335,0.5088250041007996,0.4222795367240906,0.042733028531074524,0.5189933180809021,0.47136056423187256,0.03566161170601845,0.5127559304237366,0.37130823731422424,0.02909046597778797,0.5467742681503296,0.5089452862739563,0.01248548086732626,0.5672993659973145,0.4467911124229431,-0.01873917132616043,0.5496216416358948,0.42428499460220337,-0.004980042576789856,0.515123724937439,0.3855861723423004,0.022361760959029198,0.5370617508888245,0.3953646719455719,0.0018005132442340255,0.5420495271682739,0.3969986140727997,0.00020294298883527517,0.544776201248169,0.4722404479980469,0.004657164216041565,0.5131251811981201,0.43719881772994995,0.024860944598913193,0.5559287667274475,0.5192831754684448,0.014471701346337795,0.5417698621749878,0.5080803632736206,0.025857675820589066,0.535365104675293,0.5008795857429504,0.03227851912379265,0.5762869715690613,0.33863338828086853,-0.01762392930686474,0.5659937262535095,0.5216390490531921,0.012434350326657295,0.5473549962043762,0.3967309296131134,-0.0002820011577568948,0.5524911284446716,0.3952668011188507,0.0002701107587199658,0.5558989644050598,0.3941585421562195,0.0012279489310458302,0.5172972679138184,0.36823928356170654,0.015726113691926003,0.5525003671646118,0.38495203852653503,-0.0013440767070278525,0.5473169088363647,0.3812086284160614,-0.0020718746818602085,0.5421445965766907,0.380021333694458,-0.0015444845193997025,0.5370866060256958,0.3808820843696594,0.0003452420933172107,0.5338337421417236,0.38284459710121155,0.002462390810251236,0.5100400447845459,0.3671961724758148,0.04446038976311684,0.5339561700820923,0.39275336265563965,0.0038726318161934614,0.5691572427749634,0.4542856514453888,-0.012854985892772675,0.5513663291931152,0.45351642370224,-0.005912839900702238,0.5571393370628357,0.4403693675994873,-0.015407227911055088,0.5616748929023743,0.45354586839675903,-0.011905993334949017,0.5734056830406189,0.3832399249076843,-0.014685558155179024,0.5335885882377625,0.49242833256721497,0.02427562326192856,0.5402032732963562,0.5005569458007812,0.0188151802867651,0.5552942156791687,0.5152555108070374,0.006917773280292749,0.5208896994590759,0.4787304699420929,0.05048757791519165,0.556124746799469,0.3899025619029999,9.568433597451076e-05,0.562816858291626,0.409590482711792,-0.016070641577243805,0.5659084320068359,0.5174325108528137,0.00518419686704874,0.5482639670372009,0.5145103931427002,0.01908903196454048,0.5105313062667847,0.44014984369277954,0.04329480975866318,0.5571306347846985,0.4722953140735626,-0.0026948065496981144,0.555799663066864,0.47510868310928345,-0.003309721127152443,0.5546101927757263,0.478725790977478,-0.004004115704447031,0.5536936521530151,0.48302704095840454,-0.0028448854573071003,0.5523028373718262,0.4878012239933014,0.002155888359993696,0.5475427508354187,0.46898406744003296,0.0023769179824739695,0.546282947063446,0.46789416670799255,0.002458196133375168,0.5452814102172852,0.46680060029029846,0.0023341283667832613,0.5407469868659973,0.45985737442970276,0.0030448115430772305,0.5191755294799805,0.4422876834869385,0.013094400055706501,0.56341952085495,0.40119668841362,-0.011339778080582619,0.5615012049674988,0.38448598980903625,-0.0035732199903577566,0.5584436655044556,0.3860994577407837,-0.0011506944429129362,0.5488030314445496,0.4700251817703247,0.00288850674405694,0.5197776556015015,0.460653156042099,0.02349017933011055,0.566376268863678,0.3838118016719818,-0.01084236241877079,0.5494985580444336,0.4949437379837036,0.005546816624701023,0.5712430477142334,0.41328170895576477,-0.02642977051436901,0.5668193697929382,0.40595752000808716,-0.020449591800570488,0.5718633532524109,0.40480008721351624,-0.022047393023967743,0.5584383010864258,0.421766996383667,-0.015121247619390488,0.5661699175834656,0.511017382144928,0.0015300854574888945,0.5666292905807495,0.5022835731506348,0.0006560177425853908,0.5575597882270813,0.5007076859474182,0.0021028262563049793,0.5386205911636353,0.4777638018131256,0.011183647438883781,0.5463182926177979,0.4400475323200226,-0.002360342536121607,0.5436973571777344,0.48727574944496155,0.008775168098509312,0.531557559967041,0.4372538924217224,0.0005443230038508773,0.5398993492126465,0.44662073254585266,1.95402553799795e-05,0.526599109172821,0.4486658573150635,0.006432069465517998,0.5557538270950317,0.5090656280517578,0.0033431106712669134,0.555213451385498,0.42565926909446716,-0.010623195208609104,0.5346092581748962,0.4839124083518982,0.017062779515981674,0.5411502718925476,0.4933604896068573,0.013573833741247654,0.5339210033416748,0.46739891171455383,0.010838535614311695,0.5148937106132507,0.4507577419281006,0.027968883514404297,0.5271368026733398,0.46911561489105225,0.01651330105960369,0.5135641098022461,0.4565459191799164,0.042313918471336365,0.5349311232566833,0.4545471668243408,0.004101297818124294,0.5592015981674194,0.41445404291152954,-0.011536992155015469,0.5579053163528442,0.4383167624473572,-0.022368235513567924,0.5548502802848816,0.43923911452293396,-0.015892095863819122,0.5603634119033813,0.4333622455596924,-0.02647770382463932,0.5571105480194092,0.373444139957428,-0.0055992999114096165,0.5476720333099365,0.36462247371673584,-0.006066959351301193,0.5391833186149597,0.3620058596134186,-0.004923318047076464,0.5322150588035583,0.3633407950401306,-0.0018296644557267427,0.527362048625946,0.3675021231174469,0.0022033897694200277,0.5243523716926575,0.3850250840187073,0.011822499334812164,0.5083262920379639,0.40492770075798035,0.040071357041597366,0.5278913974761963,0.3991920053958893,0.0077286348678171635,0.5333588719367981,0.403106689453125,0.004273474216461182,0.5408473014831543,0.4051342010498047,0.00163167342543602,0.5483810901641846,0.4044892489910126,-0.0003358461835887283,0.5544723272323608,0.402127206325531,-0.0007330269436351955,0.5586085319519043,0.3995630443096161,-0.0016391375102102757,0.5087478756904602,0.40439319610595703,0.06164616718888283,0.5549359321594238,0.4408459961414337,-0.012937003746628761,0.5622633695602417,0.41708582639694214,-0.019963793456554413,0.5614641308784485,0.43953967094421387,-0.026737287640571594,0.5642064809799194,0.44353291392326355,-0.024207470938563347,0.5615053772926331,0.44070199131965637,-0.023928629234433174,0.5561769604682922,0.44299283623695374,-0.01080118864774704,0.5650742053985596,0.444509357213974,-0.025653593242168427,0.5657322406768799,0.4460444748401642,-0.018821856006979942,0.5595245957374573,0.3932017385959625,0.00019863151828758419,0.5619305968284607,0.39484497904777527,-0.0030430485494434834,0.5634708404541016,0.3961808979511261,-0.006538090296089649,0.531984806060791,0.38451388478279114,0.004767744801938534,0.5279297232627869,0.37774714827537537,0.005238830111920834,0.5758680105209351,0.4148489832878113,-0.02469298616051674,0.6142727136611938,0.39859044551849365,0.002356953453272581,0.5744916200637817,0.445526123046875,-0.01928991638123989,0.6403163075447083,0.3638087809085846,0.026062363758683205,0.5971928238868713,0.4053938686847687,-0.002948087640106678,0.6034213900566101,0.4068523645401001,-0.0024451473727822304,0.6092458963394165,0.4060823917388916,-0.0008851562160998583,0.6165511608123779,0.40061482787132263,0.0036738403141498566,0.5918529033660889,0.40199559926986694,-0.0019476915476843715,0.6073059439659119,0.37713512778282166,-0.006367613095790148,0.6002305150032043,0.3778301179409027,-0.006257570348680019,0.6136521100997925,0.37929102778434753,-0.004197583068162203,0.6175362467765808,0.3834592401981354,-0.0017476227367296815,0.6214156150817871,0.4049229621887207,0.007119204383343458,0.5863053798675537,0.5061075687408447,0.006863701622933149,0.6162891983985901,0.39545172452926636,0.004285311792045832,0.6395223140716553,0.4003402590751648,0.03180767968297005,0.6282719373703003,0.39723333716392517,0.012392614036798477,0.5998944640159607,0.4349713623523712,-0.005151334684342146,0.5780614018440247,0.46390867233276367,-0.012820829637348652,0.5768072009086609,0.4722675681114197,-0.00970944482833147,0.5853614211082458,0.4665195047855377,-0.009501012973487377,0.590188205242157,0.4686889946460724,-0.004932403564453125,0.5827640295028687,0.47229331731796265,-0.007534881588071585,0.5874751806259155,0.47227850556373596,-0.003348147263750434,0.5946376919746399,0.4785950183868408,0.005501020234078169,0.5739445686340332,0.4419808089733124,-0.02969217114150524,0.5749911665916443,0.4338650107383728,-0.03200947865843773,0.6274064183235168,0.3717319667339325,-0.00022463324421551079,0.5888551473617554,0.4146225154399872,-0.006982894614338875,0.5869729518890381,0.4391576945781708,-0.01664142869412899,0.587631344795227,0.43467697501182556,-0.015312986448407173,0.6184455752372742,0.4349064826965332,0.0019502060022205114,0.5754867792129517,0.42352989315986633,-0.029458658769726753,0.6141995191574097,0.3618914783000946,-0.010062292218208313,0.6222197413444519,0.3648146092891693,-0.005473488010466099,0.6357442140579224,0.3480193018913269,0.01372501440346241,0.5865676999092102,0.37090426683425903,-0.01429807860404253,0.5938588976860046,0.38179418444633484,-0.004379807505756617,0.5997941493988037,0.47082841396331787,0.005685397889465094,0.6250165700912476,0.4731067717075348,0.05465893819928169,0.5826403498649597,0.4435287117958069,-0.014148901216685772,0.5781238079071045,0.44569864869117737,-0.013713455758988857,0.5966576337814331,0.47149309515953064,0.005421248264610767,0.5950939059257507,0.4718444347381592,0.003970653750002384,0.6259353160858154,0.357963889837265,-0.0034869760274887085,0.5871530771255493,0.44202494621276855,-0.013199567794799805,0.6027195453643799,0.3634437322616577,-0.013280120678246021,0.6039357781410217,0.3557147979736328,-0.01514831930398941,0.6126201748847961,0.32552698254585266,-0.009473198093473911,0.6308839321136475,0.3554458022117615,0.0036780298687517643,0.6078315377235413,0.34100350737571716,-0.0127725750207901,0.6311861872673035,0.3669999837875366,0.004066423512995243,0.6359267234802246,0.3684884011745453,0.014107814989984035,0.5776025652885437,0.46850061416625977,-0.01187291368842125,0.5841017961502075,0.46960151195526123,-0.00870630331337452,0.5889294743537903,0.4704853892326355,-0.004576192237436771,0.5813452005386353,0.4446667432785034,-0.012423471547663212,0.5958540439605713,0.47167909145355225,0.004693337716162205,0.5924880504608154,0.4744639992713928,0.0017868535360321403,0.5942496657371521,0.47203487157821655,0.003908566664904356,0.5800866484642029,0.4417124390602112,-0.02201669104397297,0.5863395929336548,0.4735100567340851,-0.002277939347550273,0.5816214680671692,0.4740530848503113,-0.005060958676040173,0.576063334941864,0.4744452238082886,-0.007101528346538544,0.5749682784080505,0.4944089353084564,-0.00018320295203011483,0.576633095741272,0.4885837137699127,-0.006084590218961239,0.5766631364822388,0.4836040735244751,-0.007201716769486666,0.5764152407646179,0.47864291071891785,-0.006316991988569498,0.5759264826774597,0.4746302366256714,-0.005780150182545185,0.5862857699394226,0.4734877645969391,-0.001184654887765646,0.5874732732772827,0.47518104314804077,-0.0017952490597963333,0.5886805653572083,0.47750312089920044,-0.0024159448221325874,0.5895403027534485,0.48012009263038635,-0.0011852248571813107,0.5936551094055176,0.4604504704475403,-0.0037524360232055187,0.635921061038971,0.43522873520851135,0.05905963107943535,0.5899243950843811,0.47283440828323364,0.0019258816028013825,0.5912249088287354,0.4735817015171051,0.001586157944984734,0.5763407349586487,0.4485935568809509,-0.013536610640585423,0.5854005217552185,0.4460275173187256,-0.00841324683278799,0.5771599411964417,0.44721055030822754,-0.013776980340480804,0.5950801968574524,0.4195839464664459,-0.004789625760167837,0.6049171090126038,0.4252654016017914,-0.002789882943034172,0.5885717272758484,0.43788212537765503,-0.011812819167971611,0.6271026730537415,0.33493632078170776,0.001305124256759882,0.6221405267715454,0.3458253741264343,-0.0051817819476127625,0.6167051792144775,0.3540271520614624,-0.010089397430419922,0.589398980140686,0.48511141538619995,0.0032322448678314686,0.5888482332229614,0.3590645492076874,-0.01743299700319767,0.593008816242218,0.3396727442741394,-0.01678428053855896,0.5966918468475342,0.3204253911972046,-0.015281050466001034,0.6138860583305359,0.4043216109275818,0.001529657281935215,0.6273019909858704,0.4102652072906494,0.010556035675108433,0.5883837938308716,0.39913514256477356,-0.0013531576842069626,0.623212993144989,0.38650014996528625,0.003520083148032427,0.584980309009552,0.4091093838214874,-0.009198784828186035,0.5837697982788086,0.4366611838340759,-0.022299552336335182,0.6331405639648438,0.4159162640571594,0.017425788566470146,0.6233149766921997,0.416646271944046,0.005919741000980139,0.6158732175827026,0.41956761479377747,0.0009422324365004897,0.6046751141548157,0.4180711507797241,-0.001209615613333881,0.5962676405906677,0.4142889380455017,-0.002653718227520585,0.5899367332458496,0.40986210107803345,-0.004238473251461983,0.5778228044509888,0.3976762294769287,-0.01579097844660282,0.631131649017334,0.4325411021709442,0.017261575907468796,0.6281174421310425,0.3838541805744171,0.005939661059528589,0.5720292329788208,0.44573330879211426,-0.02666359581053257,0.5874940156936646,0.42234984040260315,-0.009010273963212967,0.6416617631912231,0.3989928662776947,0.05080575868487358,0.5852384567260742,0.40507709980010986,-0.005377903580665588,0.5893688797950745,0.4380588233470917,-0.006136939860880375,0.6190537810325623,0.3949146866798401,0.005560394376516342,0.584335446357727,0.4311276376247406,-0.020575325936079025,0.6314221620559692,0.4541887640953064,0.05841260775923729,0.588172972202301,0.3961133658885956,-0.00041375370346941054,0.5800575613975525,0.42653441429138184,-0.026124441996216774,0.6108555793762207,0.4899374544620514,0.025734050199389458,0.6091470718383789,0.49794867634773254,0.03720465674996376,0.6355181336402893,0.4345272183418274,0.03786156699061394,0.6192315816879272,0.4807172417640686,0.03168029338121414,0.638058602809906,0.38346242904663086,0.02440597116947174,0.5861559510231018,0.512744665145874,0.010858391411602497,0.5714563131332397,0.44714200496673584,-0.018880967050790787,0.5926541090011597,0.42824608087539673,-0.006634034216403961,0.6330053806304932,0.3983200490474701,0.017956869676709175,0.6087100505828857,0.4025704264640808,-0.0009723092662170529,0.6035449504852295,0.4031520187854767,-0.002277757739648223,0.5935702919960022,0.4755641520023346,0.0027683270163834095,0.6286332607269287,0.4483392834663391,0.020506152883172035,0.5762271285057068,0.5211254358291626,0.013608628883957863,0.5921424627304077,0.5126460194587708,0.023641452193260193,0.5996715426445007,0.5067405104637146,0.029577238485217094,0.5982241630554199,0.4016847610473633,-0.002395297633484006,0.593101978302002,0.39903441071510315,-0.0015217551263049245,0.5897983908653259,0.39738407731056213,-0.00037594884634017944,0.632387638092041,0.3811168968677521,0.011392994783818722,0.5945249795913696,0.3896603584289551,-0.00327546545304358,0.6001182794570923,0.3875521421432495,-0.0043074288405478,0.60546875,0.38776832818984985,-0.00414628442376852,0.6104130148887634,0.3896062970161438,-0.0026124638970941305,0.6133577227592468,0.3919733166694641,-0.0006510094390250742,0.6421043872833252,0.3798717260360718,0.03957246616482735,0.612056314945221,0.4007699191570282,0.0008325072121806443,0.5876885652542114,0.45674702525138855,-0.00728622218593955,0.5826644897460938,0.44260740280151367,-0.01630626991391182,0.5769543051719666,0.45496782660484314,-0.01250249333679676,0.601936399936676,0.4989223778247833,0.021514229476451874,0.5940547585487366,0.5057240724563599,0.016615265980362892,0.5766977667808533,0.517327606678009,0.005997633095830679,0.6172761917114258,0.4876279830932617,0.046602606773376465,0.5901898741722107,0.3934100568294525,-0.0015791998011991382,0.5806369781494141,0.4112006723880768,-0.016824979335069656,0.584562361240387,0.5177753567695618,0.017452621832489967,0.6315807104110718,0.45177021622657776,0.03862999379634857,0.5815420746803284,0.47412556409835815,-0.00379358627833426,0.5825782418251038,0.47711893916130066,-0.004424135200679302,0.5833574533462524,0.48084956407546997,-0.005173556040972471,0.5837495923042297,0.48523205518722534,-0.0040251086466014385,0.5829346776008606,0.49068930745124817,0.0008804539684206247,0.5913999676704407,0.47200626134872437,0.0005560846184380352,0.5927548408508301,0.4710994362831116,0.0005024097044952214,0.5938956141471863,0.47016191482543945,0.00029744626954197884,0.5981806516647339,0.4650179445743561,0.0007306279148906469,0.6214963793754578,0.4520946145057678,0.009325731545686722,0.5813296437263489,0.40283116698265076,-0.012159938924014568,0.5850662589073181,0.3876577615737915,-0.004598219878971577,0.588151216506958,0.38956037163734436,-0.0025508066173642874,0.5899972319602966,0.47286295890808105,0.0011938500683754683,0.6192982792854309,0.47000813484191895,0.0197304580360651,0.5800310373306274,0.38646817207336426,-0.01141289621591568,0.5848758220672607,0.49830394983291626,0.004171805921941996,0.5768268704414368,0.40684813261032104,-0.02086067758500576,0.5836299657821655,0.42405638098716736,-0.016110196709632874,0.5759044289588928,0.5024812817573547,0.001422723289579153,0.5983591675758362,0.48331838846206665,0.008786973543465137,0.5942480564117432,0.4444103538990021,-0.004123820457607508,0.5919448733329773,0.49180009961128235,0.006885686423629522,0.6092854142189026,0.4446771442890167,-0.0021724023390561342,0.6000698208808899,0.4522700011730194,-0.002176240785047412,0.6132552623748779,0.456942617893219,0.003312785876914859,0.5767765045166016,0.5111393332481384,0.0024528279900550842,0.5866729617118835,0.42843639850616455,-0.01185364555567503,0.601751983165741,0.4902430772781372,0.01439429447054863,0.5937972068786621,0.49835190176963806,0.011523103341460228,0.6042569875717163,0.47390151023864746,0.00797942467033863,0.6254948377609253,0.46126702427864075,0.02382892370223999,0.6108370423316956,0.4769635796546936,0.013306139968335629,0.6265974640846252,0.46722233295440674,0.037841878831386566,0.6044900417327881,0.4610699415206909,0.0014231536770239472,0.5839080214500427,0.41670647263526917,-0.012583449482917786,0.5818518400192261,0.440434992313385,-0.023290755227208138,0.5851056575775146,0.44189947843551636,-0.016983214765787125,0.5796352624893188,0.4350546598434448,-0.027281008660793304,0.5905223488807678,0.3787084221839905,-0.006986497901380062,0.6010465025901794,0.3725610077381134,-0.008043413050472736,0.6099176406860352,0.3717997968196869,-0.007487399037927389,0.6168968677520752,0.37413734197616577,-0.004942106083035469,0.6214849948883057,0.37883469462394714,-0.0012678898638114333,0.6230835318565369,0.3958725035190582,0.008127732202410698,0.6382869482040405,0.41752907633781433,0.03512125834822655,0.6181092858314514,0.4090176522731781,0.004319461528211832,0.6121296882629395,0.41143426299095154,0.0012931028613820672,0.6042323112487793,0.4116002917289734,-0.0008311590645462275,0.5965975522994995,0.4092082381248474,-0.0022832758259028196,0.5905820727348328,0.4054777920246124,-0.00219820998609066,0.5865693688392639,0.4020821452140808,-0.002831809688359499,0.6392075419425964,0.4169798493385315,0.056744903326034546,0.5849412083625793,0.44342541694641113,-0.014009506441652775,0.5800150036811829,0.4186745285987854,-0.020751534029841423,0.5778465270996094,0.4409840404987335,-0.02731470577418804,0.5749034881591797,0.4445112645626068,-0.024529557675123215,0.5779096484184265,0.44218510389328003,-0.024526789784431458,0.5835666060447693,0.4453355073928833,-0.011710616759955883,0.5737953782081604,0.44528013467788696,-0.025913577526807785,0.573165774345398,0.4466695487499237,-0.01906832493841648,0.5862797498703003,0.39595091342926025,-0.001019581570290029,0.5835976600646973,0.39702731370925903,-0.003974065650254488,0.5818552374839783,0.39817124605178833,-0.007336057256907225,0.6150048971176147,0.3937750458717346,0.0015292312018573284,0.6196820735931396,0.3882683515548706,0.0017772462451830506,0.5438766479492188,0.38963407278060913,0.001503204577602446,0.5497953295707703,0.3903812766075134,0.001503204577602446,0.544580340385437,0.3819684386253357,0.001503204577602446,0.5378366112709045,0.3888709247112274,0.001503204577602446,0.5431499481201172,0.3972344994544983,0.001503204577602446,0.6021489500999451,0.39477553963661194,-0.000970291905105114,0.6082313656806946,0.3952310383319855,-0.000970291905105114,0.6023879647254944,0.3872651755809784,-0.000970291905105114,0.5961384177207947,0.39427536725997925,-0.000970291905105114,0.6019122004508972,0.4022294580936432,-0.000970291905105114
2866.6666666666683,0.569126546382904,0.4647132456302643,-0.01322577428072691,0.568783164024353,0.4415070414543152,-0.03000912070274353,0.5687220692634583,0.4482468068599701,-0.0148933045566082,0.565962016582489,0.41358599066734314,-0.02415606938302517,0.5692192316055298,0.43312564492225647,-0.03246941417455673,0.5699595212936401,0.42195937037467957,-0.03090829961001873,0.5719252824783325,0.3947153091430664,-0.017677435651421547,0.5314249396324158,0.3893364369869232,0.005703721195459366,0.5735242366790771,0.3706439733505249,-0.015173708088696003,0.574272871017456,0.3584848642349243,-0.017336636781692505,0.5769843459129333,0.3172937333583832,-0.015566234476864338,0.5689358115196228,0.46815386414527893,-0.012288441881537437,0.5687071084976196,0.47156205773353577,-0.01033871341496706,0.5685502290725708,0.47374090552330017,-0.007582925260066986,0.5683354139328003,0.47394081950187683,-0.006474724505096674,0.5681279897689819,0.4783475399017334,-0.006979196332395077,0.5678281784057617,0.48341280221939087,-0.007821580395102501,0.5674766302108765,0.48841607570648193,-0.006593445315957069,0.5664947628974915,0.49300557374954224,-0.0007096911431290209,0.5687031745910645,0.44544732570648193,-0.026861170306801796,0.5639816522598267,0.4442650079727173,-0.018960053101181984,0.5127964615821838,0.3507813811302185,0.03108437918126583,0.5474398732185364,0.3998304009437561,-0.0007313836831599474,0.5413415431976318,0.40006887912750244,0.0001467720721848309,0.5358922481536865,0.39810696244239807,0.002112981164827943,0.5292971730232239,0.3906106948852539,0.007206888869404793,0.5527805685997009,0.39756911993026733,-0.00016832593246363103,0.5406946539878845,0.36793002486228943,-0.00347051746211946,0.5475048422813416,0.37044697999954224,-0.003906875383108854,0.5341957211494446,0.36875203251838684,-0.0009320469107478857,0.5298579931259155,0.3724293112754822,0.0017519373213872313,0.5248500108718872,0.39389660954475403,0.010803788900375366,0.5467746257781982,0.5011747479438782,0.00786597654223442,0.5298749208450317,0.38547101616859436,0.007784695830196142,0.5088673830032349,0.38705384731292725,0.03671820089221001,0.519157886505127,0.3845868408679962,0.016525061801075935,0.5412561297416687,0.42898252606391907,-0.003030928550288081,0.5615063309669495,0.46214812994003296,-0.012295924127101898,0.5617237091064453,0.4704604148864746,-0.00920611061155796,0.5539897084236145,0.4636405408382416,-0.008356128819286823,0.5488206744194031,0.46521633863449097,-0.0033945648465305567,0.5557813048362732,0.4696272313594818,-0.006482607685029507,0.5510651469230652,0.4691084623336792,-0.0020238172728568316,0.5423144102096558,0.47327089309692383,0.0073237293399870396,0.5643660426139832,0.44084033370018005,-0.029400115832686424,0.5641348361968994,0.4326321482658386,-0.03163008391857147,0.5220831632614136,0.35852473974227905,0.003858501324430108,0.5544012188911438,0.4109756350517273,-0.005505942739546299,0.5527075529098511,0.435787558555603,-0.015341675840318203,0.5526766777038574,0.43122443556785583,-0.013936080038547516,0.5234265923500061,0.4252874553203583,0.005377495661377907,0.5650513172149658,0.42231985926628113,-0.028947804123163223,0.535055935382843,0.35025325417518616,-0.007168704178184271,0.5273454189300537,0.35217007994651794,-0.0018618195317685604,0.5187293887138367,0.3360821008682251,0.018360760062932968,0.5604222416877747,0.3641344904899597,-0.01320010144263506,0.5531132221221924,0.37619632482528687,-0.0024289279244840145,0.5382053256034851,0.46486717462539673,0.007928771898150444,0.5147771239280701,0.4620778262615204,0.058712657541036606,0.5564892888069153,0.44088080525398254,-0.013141697272658348,0.5606738924980164,0.4437794089317322,-0.013234630227088928,0.5420043468475342,0.46763360500335693,0.007378822658210993,0.5434468984603882,0.46816593408584595,0.00568431755527854,0.524416983127594,0.3448701500892639,0.00037804903695359826,0.5523450970649719,0.4385945498943329,-0.011943606659770012,0.5456503033638,0.3534631133079529,-0.011169696226716042,0.5450512766838074,0.3457657992839813,-0.012970729731023312,0.5427274703979492,0.3183321952819824,-0.006562050431966782,0.5220344066619873,0.3443237841129303,0.007880269549787045,0.5449997186660767,0.33454686403274536,-0.010262910276651382,0.5189087986946106,0.35328519344329834,0.008412327617406845,0.5159438848495483,0.3561513423919678,0.018778851255774498,0.561451256275177,0.4666859209537506,-0.011328663676977158,0.554859459400177,0.4668005406856537,-0.007592380046844482,0.5498631000518799,0.4671754240989685,-0.003124748822301626,0.5576322674751282,0.44222792983055115,-0.011671550571918488,0.5427367091178894,0.46791043877601624,0.0065050069242715836,0.545599102973938,0.4709649085998535,0.003267842112109065,0.5442392230033875,0.46844738721847534,0.0055589834228158,0.5589021444320679,0.43954387307167053,-0.021128784865140915,0.5519726276397705,0.4705086052417755,-0.0010314644314348698,0.5566204786300659,0.4715477228164673,-0.004098532721400261,0.5621738433837891,0.4727063775062561,-0.006572474259883165,0.558916449546814,0.49177086353302,-6.573100836249068e-05,0.5596247315406799,0.4868370294570923,-0.005804387852549553,0.5602148175239563,0.48180311918258667,-0.006812127772718668,0.5610343217849731,0.47683677077293396,-0.005896151997148991,0.5619500875473022,0.47288933396339417,-0.005390666425228119,0.5517244338989258,0.4705321490764618,-4.7226731112459674e-05,0.5504070520401001,0.472097784280777,-0.0006839006673544645,0.5489484667778015,0.4743058681488037,-0.0013126732083037496,0.5477697849273682,0.4768407940864563,-4.3922336772084236e-05,0.5446755886077881,0.455574631690979,-0.002026294358074665,0.5089778900146484,0.4222624599933624,0.06374072283506393,0.5687172412872314,0.44687551259994507,-0.01918734237551689,0.5482566952705383,0.4695751667022705,0.0033576637506484985,0.5469261407852173,0.47019070386886597,0.0030234134756028652,0.5621137022972107,0.44686856865882874,-0.013104181736707687,0.5538164377212524,0.4428395628929138,-0.00744886789470911,0.5614618062973022,0.4453713297843933,-0.013326257467269897,0.5478039979934692,0.41466274857521057,-0.0028939617332071066,0.5376034379005432,0.41834208369255066,-0.00026376621099188924,0.5515490770339966,0.43418794870376587,-0.01043075229972601,0.5281683206558228,0.3248622417449951,0.005213047377765179,0.5311948657035828,0.3365216553211212,-0.0017016069032251835,0.5331858396530151,0.34239158034324646,-0.00696082878857851,0.5463497042655945,0.48032447695732117,0.004583858884871006,0.5592840909957886,0.3518081605434418,-0.01623043604195118,0.5592421889305115,0.33598265051841736,-0.01530454307794571,0.5584525465965271,0.316240131855011,-0.013583758845925331,0.5315289497375488,0.39506796002388,0.0048750825226306915,0.5188806653022766,0.39812996983528137,0.014616669155657291,0.5563357472419739,0.395293653011322,0.0002647568180691451,0.5244587063789368,0.3746485710144043,0.007386462297290564,0.5587389469146729,0.40625762939453125,-0.007988420315086842,0.555841326713562,0.433880090713501,-0.02123004011809826,0.5122443437576294,0.40364953875541687,0.02192346192896366,0.5221394300460815,0.4051843285560608,0.009711095131933689,0.528964102268219,0.4096752107143402,0.004234799183905125,0.5396986603736877,0.410555362701416,0.0013386029750108719,0.5479315519332886,0.40866518020629883,-0.000663238053675741,0.5542833209037781,0.40564197301864624,-0.002700390061363578,0.566601574420929,0.39625006914138794,-0.015174859203398228,0.5119639039039612,0.4204767942428589,0.021702861413359642,0.520304799079895,0.3708580732345581,0.01016202848404646,0.5660385489463806,0.4448920786380768,-0.02643415704369545,0.5546476244926453,0.41891995072364807,-0.007620432414114475,0.5078842639923096,0.38542038202285767,0.05580935999751091,0.5591024160385132,0.40181824564933777,-0.004141569137573242,0.550964891910553,0.4341913163661957,-0.004796308930963278,0.5273485779762268,0.38412532210350037,0.009183580987155437,0.5560792684555054,0.42829903960227966,-0.019473815336823463,0.5109922289848328,0.44194772839546204,0.06280823796987534,0.5568285584449768,0.3921704888343811,0.001254021073691547,0.5604535937309265,0.42449572682380676,-0.025282112881541252,0.5254344940185547,0.48122480511665344,0.0287579745054245,0.5267434120178223,0.489654004573822,0.040121715515851974,0.5082352161407471,0.4216459393501282,0.04269377514719963,0.5183794498443604,0.4706622362136841,0.03537682816386223,0.5121601819992065,0.3705899119377136,0.029257463291287422,0.5462986826896667,0.5076164603233337,0.011936912313103676,0.5666629672050476,0.4463641047477722,-0.018750997260212898,0.5490248203277588,0.42376509308815,-0.004940648563206196,0.5146605968475342,0.385078489780426,0.022478291764855385,0.5364195704460144,0.3948058485984802,0.001957132015377283,0.5413931012153625,0.3963914215564728,0.0003623227239586413,0.5444437861442566,0.4719523787498474,0.004371050279587507,0.512565016746521,0.4366275668144226,0.024779634550213814,0.5554510354995728,0.5176125764846802,0.013890457339584827,0.5413281917572021,0.5068982839584351,0.02538149617612362,0.534893274307251,0.4998985826969147,0.031869009137153625,0.5755668878555298,0.3380550146102905,-0.017218880355358124,0.565418541431427,0.5198524594306946,0.011849608272314072,0.5466611385345459,0.396018385887146,-0.0001171347321360372,0.5517318248748779,0.3944135904312134,0.0004423299396876246,0.5550892949104309,0.39324891567230225,0.001409537042491138,0.5165597200393677,0.3676926791667938,0.01588894985616207,0.551639974117279,0.38442477583885193,-0.0011413883185014129,0.5464743971824646,0.3808692991733551,-0.0018634811276569963,0.5413563251495361,0.3797338902950287,-0.0013411263935267925,0.536348283290863,0.3804931342601776,0.000532657140865922,0.5331441760063171,0.38231223821640015,0.0026397868059575558,0.5094143152236938,0.36636900901794434,0.044642459601163864,0.5333017706871033,0.39215564727783203,0.004024889320135117,0.5685104131698608,0.4538135528564453,-0.01292918436229229,0.5506986975669861,0.4530249834060669,-0.006021689157932997,0.5564871430397034,0.439959853887558,-0.01539299264550209,0.5610153079032898,0.45306965708732605,-0.011999440379440784,0.5727556943893433,0.38277000188827515,-0.014484401792287827,0.5330726504325867,0.4915279746055603,0.023837236687541008,0.5397114157676697,0.4994666576385498,0.018315987661480904,0.5547864437103271,0.5137501358985901,0.006324779242277145,0.5202962756156921,0.4780128598213196,0.050214894115924835,0.5552731156349182,0.38913533091545105,0.0002914928481914103,0.5622165203094482,0.409128338098526,-0.015965808182954788,0.5653175711631775,0.5157616138458252,0.0045875185169279575,0.5478297472000122,0.5130708813667297,0.018549447879195213,0.5099225640296936,0.43952682614326477,0.04317278042435646,0.5563716292381287,0.47167161107063293,-0.002966870553791523,0.5550466775894165,0.47454947233200073,-0.003594910027459264,0.5538744926452637,0.4782436490058899,-0.00432908209040761,0.5529735684394836,0.48263442516326904,-0.003207051195204258,0.5517202019691467,0.4868168830871582,0.0017314008437097073,0.5471683144569397,0.46858304738998413,0.002177941147238016,0.5459287762641907,0.4675109088420868,0.0022599026560783386,0.5449457764625549,0.4664370119571686,0.0021408197935670614,0.5400654077529907,0.4593496024608612,0.0028708495665341616,0.5186333656311035,0.4417310357093811,0.013000920414924622,0.5628114342689514,0.40070077776908875,-0.01121798437088728,0.560693085193634,0.38373303413391113,-0.003362303599715233,0.5576179027557373,0.38536474108695984,-0.0009427678305655718,0.5484207272529602,0.4696025252342224,0.002695059636607766,0.5191807746887207,0.46003007888793945,0.023284072056412697,0.565646767616272,0.38308683037757874,-0.010641954839229584,0.5489616394042969,0.49391016364097595,0.0050725992769002914,0.5706180930137634,0.41285860538482666,-0.026327574625611305,0.5662072896957397,0.40550580620765686,-0.020326808094978333,0.5712346434593201,0.4043390452861786,-0.02191609889268875,0.5578277707099915,0.421315997838974,-0.015052868984639645,0.5655726194381714,0.509516179561615,0.0009598091128282249,0.5660204887390137,0.5009586811065674,0.0001360809401376173,0.5570047497749329,0.4995134472846985,0.0015777614898979664,0.5380205512046814,0.4770793914794922,0.010846612975001335,0.5456685423851013,0.4395362436771393,-0.0024061044678092003,0.543136477470398,0.4864181876182556,0.00836067646741867,0.5310289859771729,0.4367406368255615,0.0004821055044885725,0.5392881035804749,0.4461253881454468,-7.97295942902565e-05,0.5260323286056519,0.4481324255466461,0.006309262942522764,0.555225133895874,0.5077388286590576,0.0027786900755017996,0.5545875430107117,0.42517152428627014,-0.010576019994914532,0.5340617895126343,0.48312094807624817,0.016684675589203835,0.5406255722045898,0.4923846423625946,0.01311828289180994,0.533288300037384,0.4668247699737549,0.010580522939562798,0.5143007040023804,0.45016705989837646,0.027817271649837494,0.5265524983406067,0.468464195728302,0.01625072956085205,0.5129354596138,0.455905944108963,0.04210977256298065,0.5343062281608582,0.4540468752384186,0.0039446051232516766,0.5586006045341492,0.41397085785865784,-0.011453824117779732,0.55727219581604,0.4379481375217438,-0.022341566160321236,0.5541872978210449,0.4388183653354645,-0.015882719308137894,0.5597416758537292,0.43300172686576843,-0.02644549123942852,0.5562118887901306,0.3727395832538605,-0.005369983613491058,0.5467895865440369,0.36406368017196655,-0.005841313861310482,0.5383708477020264,0.36152929067611694,-0.004718646872788668,0.5314749479293823,0.36285123229026794,-0.0016381037421524525,0.5266901850700378,0.3669474720954895,0.0023776802700012922,0.5238187909126282,0.3843163251876831,0.011952855624258518,0.5077417492866516,0.40426844358444214,0.04010781645774841,0.5275382995605469,0.3986365497112274,0.007824770174920559,0.533016562461853,0.40257886052131653,0.004364609718322754,0.5404430627822876,0.40449050068855286,0.0017253007972612977,0.5478744506835938,0.4037281274795532,-0.00021707273845095187,0.5538589358329773,0.40127965807914734,-0.0006015310063958168,0.5579450726509094,0.3987135887145996,-0.001491451752372086,0.5081655979156494,0.4036363959312439,0.061689916998147964,0.5542560815811157,0.44039762020111084,-0.01293715089559555,0.5616597533226013,0.4166618883609772,-0.0198808740824461,0.5608342289924622,0.4391942322254181,-0.026711322367191315,0.5635516047477722,0.4431587755680084,-0.024198228493332863,0.5608606934547424,0.44034886360168457,-0.023908525705337524,0.5554938912391663,0.4425226151943207,-0.01081788633018732,0.5644338726997375,0.4441320598125458,-0.025645531713962555,0.5650826096534729,0.4456285238265991,-0.018830223008990288,0.5587309002876282,0.3923087418079376,0.0003875986731145531,0.5612196922302246,0.39401552081108093,-0.002867595525458455,0.5628303289413452,0.3954104781150818,-0.006386355962604284,0.5313161015510559,0.38387787342071533,0.004933094140142202,0.527320384979248,0.37707680463790894,0.005398409906774759,0.5752326250076294,0.4144088327884674,-0.02458764985203743,0.6133460402488708,0.3973917067050934,0.002588100964203477,0.5739100575447083,0.44510984420776367,-0.019289245828986168,0.6393205523490906,0.36260735988616943,0.02640790492296219,0.5965468287467957,0.40403032302856445,-0.002746827434748411,0.6026670932769775,0.40550950169563293,-0.0022480953484773636,0.6084375381469727,0.4048387408256531,-0.0006838507833890617,0.615689218044281,0.3994698226451874,0.0038821441121399403,0.5913124084472656,0.4006861448287964,-0.001753887627273798,0.6064943671226501,0.37636953592300415,-0.006093159783631563,0.599551260471344,0.377017080783844,-0.005986261181533337,0.6127402186393738,0.37849122285842896,-0.003930313978344202,0.6165821552276611,0.3825722932815552,-0.0014876293716952205,0.6206303238868713,0.4038030803203583,0.00730959651991725,0.5855664610862732,0.5047913789749146,0.006391493137925863,0.6153700947761536,0.39435574412345886,0.004513652063906193,0.6386533975601196,0.39924681186676025,0.032003674656152725,0.6274800300598145,0.39612266421318054,0.012603983283042908,0.5991916656494141,0.43432673811912537,-0.005088187754154205,0.5769767165184021,0.46325352787971497,-0.012912766076624393,0.575878918170929,0.47139349579811096,-0.009798839688301086,0.5844372510910034,0.465616911649704,-0.009598866105079651,0.5894550681114197,0.46753814816474915,-0.005053909961134195,0.5820068120956421,0.4712313413619995,-0.007627122104167938,0.5868917107582092,0.47104471921920776,-0.003466768655925989,0.5938801765441895,0.4778999984264374,0.005237129516899586,0.5733261704444885,0.44161343574523926,-0.02966540865600109,0.5743669867515564,0.43349936604499817,-0.03196009621024132,0.6263042092323303,0.37083107233047485,5.992003207211383e-05,0.5881879329681396,0.4140133261680603,-0.006860677618533373,0.586368978023529,0.4387143552303314,-0.01659545488655567,0.5870234370231628,0.4342067837715149,-0.01525320764631033,0.6176886558532715,0.4340990483760834,0.0020373633597046137,0.5748546719551086,0.4231322407722473,-0.029379775747656822,0.6131101250648499,0.3611401319503784,-0.00976437795907259,0.6211056113243103,0.3640139400959015,-0.0051749637350440025,0.6347050666809082,0.34687721729278564,0.01412976998835802,0.5857698917388916,0.370401531457901,-0.014033119194209576,0.5932928919792175,0.3808642327785492,-0.0041214581578969955,0.5990275144577026,0.4702412486076355,0.00549593148753047,0.6243722438812256,0.4719993472099304,0.05453485623002052,0.5820497870445251,0.44309693574905396,-0.014119028113782406,0.5775414705276489,0.44525623321533203,-0.013718875125050545,0.5963134765625,0.4698859751224518,0.005235292017459869,0.5947432518005371,0.4703095853328705,0.0037777400575578213,0.6247515082359314,0.3570399880409241,-0.003157232189550996,0.5865644216537476,0.441568523645401,-0.01316880714148283,0.6017060875892639,0.36280351877212524,-0.012989199720323086,0.6028698682785034,0.35498329997062683,-0.014827004633843899,0.6116640567779541,0.32461291551589966,-0.009011396206915379,0.6298924088478088,0.3544866740703583,0.004057611804455519,0.6069371700286865,0.3403150141239166,-0.012353194877505302,0.6300516128540039,0.36596277356147766,0.004370745737105608,0.634981095790863,0.36743369698524475,0.014445804059505463,0.5765845775604248,0.4677310883998871,-0.011964458040893078,0.5832625031471252,0.46860602498054504,-0.008802937343716621,0.5882642865180969,0.4692814350128174,-0.0046968013048172,0.5807622075080872,0.44422680139541626,-0.012413585558533669,0.5955060720443726,0.4701075851917267,0.004502660129219294,0.5919973254203796,0.4730507433414459,0.0015401695854961872,0.5939193367958069,0.47053882479667664,0.003712478093802929,0.5794856548309326,0.4413176476955414,-0.021978776901960373,0.5858261585235596,0.4722708463668823,-0.0023914482444524765,0.5809258818626404,0.47297635674476624,-0.005148530006408691,0.5751932263374329,0.473550021648407,-0.007178435567766428,0.5742833614349365,0.4932767450809479,-0.000628580863121897,0.5755541324615479,0.4878389239311218,-0.0064339484088122845,0.5756052732467651,0.4827686548233032,-0.007489671930670738,0.5754075050354004,0.4777408242225647,-0.0065633151680231094,0.5749939680099487,0.4736824035644531,-0.006017378531396389,0.5857315063476562,0.47225359082221985,-0.001418990083038807,0.5868537425994873,0.4739486873149872,-0.0020489448215812445,0.5879941582679749,0.47627946734428406,-0.002694650087505579,0.5887986421585083,0.4789254367351532,-0.0014859802322462201,0.5929519534111023,0.4599170982837677,-0.0038581076078116894,0.6352040767669678,0.43411460518836975,0.05909677594900131,0.5895178914070129,0.47149404883384705,0.0016996357589960098,0.590772271156311,0.4722026288509369,0.0013464675284922123,0.575730562210083,0.4481227695941925,-0.013575883582234383,0.5848036408424377,0.44555649161338806,-0.008423159830272198,0.576564610004425,0.446752667427063,-0.013795890845358372,0.5943917632102966,0.4189373850822449,-0.004677343647927046,0.6041839718818665,0.42455941438674927,-0.0026840942446142435,0.5879692435264587,0.43739962577819824,-0.01176807377487421,0.626072883605957,0.3338952660560608,0.0017481789691373706,0.6211579442024231,0.3449869751930237,-0.004775941837579012,0.6155512928962708,0.35315799713134766,-0.00975269265472889,0.5886440277099609,0.4842125177383423,0.002898610197007656,0.5879517197608948,0.3584640324115753,-0.01712738163769245,0.5922026038169861,0.33904844522476196,-0.01636483147740364,0.5958137512207031,0.31960415840148926,-0.014821917749941349,0.613043487071991,0.4031277596950531,0.0017363571096211672,0.6265868544578552,0.40917572379112244,0.0107315294444561,0.5879353284835815,0.39788398146629333,-0.001150529831647873,0.622277021408081,0.38549521565437317,0.0037593883462250233,0.5843219757080078,0.4085313081741333,-0.009069773368537426,0.5831623673439026,0.4362510144710541,-0.02224695309996605,0.6323390603065491,0.41495051980018616,0.01757420413196087,0.6225964426994324,0.41565069556236267,0.006072442512959242,0.6151873469352722,0.4186971187591553,0.0010831750696524978,0.604049801826477,0.41723400354385376,-0.0010785538470372558,0.5957109332084656,0.41340741515159607,-0.002519413596019149,0.5894521474838257,0.4089866280555725,-0.004096601624041796,0.5771744251251221,0.39716657996177673,-0.015628455206751823,0.6303739547729492,0.4315958321094513,0.01735183410346508,0.6271708011627197,0.382798969745636,0.006191980559378862,0.5714192986488342,0.4453442692756653,-0.02665267325937748,0.5868387222290039,0.42178839445114136,-0.008909039199352264,0.6407922506332397,0.3977978825569153,0.050999924540519714,0.5847858190536499,0.4042375087738037,-0.0052222562953829765,0.5887513756752014,0.43754610419273376,-0.006103104911744595,0.618171215057373,0.3938254117965698,0.005780593492090702,0.5837221741676331,0.430686354637146,-0.020505592226982117,0.6307580471038818,0.4530966877937317,0.0583748035132885,0.5877909064292908,0.39485806226730347,-0.00019112584413960576,0.5794328451156616,0.42611750960350037,-0.026048624888062477,0.6100711822509766,0.4887862801551819,0.025446003302931786,0.608406662940979,0.4967406690120697,0.03690144047141075,0.6347693800926208,0.4334740936756134,0.03792497515678406,0.6185054779052734,0.4796120822429657,0.031484320759773254,0.6371572017669678,0.3823758363723755,0.024682799354195595,0.5854024887084961,0.5112304091453552,0.010344197042286396,0.5708503723144531,0.4467129409313202,-0.018888715654611588,0.5919880270957947,0.42765235900878906,-0.006546253338456154,0.6322394013404846,0.39719581604003906,0.01816488616168499,0.6078279614448547,0.4011813998222351,-0.000753068714402616,0.6027376055717468,0.4016706943511963,-0.0020590510684996843,0.5930534601211548,0.4741344153881073,0.002520933747291565,0.6279102563858032,0.4473821520805359,0.020528430119156837,0.5755502581596375,0.5193644762039185,0.013045267201960087,0.5913698077201843,0.5112056732177734,0.02318466827273369,0.5988876223564148,0.5054318904876709,0.02919151447713375,0.5975331664085388,0.40018007159233093,-0.002175314584746957,0.5925389528274536,0.3975825607776642,-0.001305598532781005,0.5893431305885315,0.3960273265838623,-0.00015781045658513904,0.6314228773117065,0.3799368441104889,0.011656063608825207,0.5939928889274597,0.3885970413684845,-0.003020073054358363,0.5994663834571838,0.3866230845451355,-0.004041473381221294,0.604709267616272,0.3868967294692993,-0.0038753990083932877,0.6095600128173828,0.38872772455215454,-0.0023502784315496683,0.6124626398086548,0.3910277783870697,-0.00039811714668758214,0.6411616802215576,0.3786558210849762,0.03985023871064186,0.6111345291137695,0.39947062730789185,0.001058425521478057,0.5870175361633301,0.4562392830848694,-0.007370312232524157,0.5820700526237488,0.44218891859054565,-0.016271008178591728,0.5763019919395447,0.4544888436794281,-0.012584385462105274,0.6011291146278381,0.4977055490016937,0.02113274298608303,0.5932614803314209,0.5043754577636719,0.016159428283572197,0.5760157108306885,0.5157285928726196,0.005430755205452442,0.6166014671325684,0.48648399114608765,0.046397194266319275,0.5897703766822815,0.3922181725502014,-0.0013435998698696494,0.5799887180328369,0.41069528460502625,-0.01670103520154953,0.5838193893432617,0.5161583423614502,0.01693589612841606,0.630862295627594,0.4507124722003937,0.038616716861724854,0.5807808041572571,0.47302642464637756,-0.004027758724987507,0.5817527770996094,0.47605597972869873,-0.004674382042139769,0.5824597477912903,0.4798397123813629,-0.005461079999804497,0.582798421382904,0.48430538177490234,-0.004356516525149345,0.5822033882141113,0.4896472692489624,0.000488697609398514,0.5909683704376221,0.47061675786972046,0.0004059148486703634,0.5922688841819763,0.4696927070617676,0.00035040717921219766,0.5933666229248047,0.46876025199890137,0.00015022324805613607,0.5974414944648743,0.464466392993927,0.0006001237779855728,0.6207663416862488,0.45121151208877563,0.009339144453406334,0.5806714296340942,0.4022879898548126,-0.012009909376502037,0.5845345854759216,0.3866746723651886,-0.004362712148576975,0.5876830816268921,0.38845565915107727,-0.0023140492849051952,0.5896197557449341,0.4714975357055664,0.001039952621795237,0.6185600161552429,0.4690273404121399,0.019614074379205704,0.5794675350189209,0.38572439551353455,-0.011199822649359703,0.5841420888900757,0.4971510171890259,0.003727755043655634,0.5761874318122864,0.4063700735569,-0.020725984126329422,0.5829943418502808,0.4235655963420868,-0.01601804979145527,0.5752240419387817,0.5012283325195312,0.0009203334921039641,0.5975906848907471,0.4824841618537903,0.008500627242028713,0.5935969352722168,0.4438428282737732,-0.004123725462704897,0.5911793112754822,0.4908024072647095,0.0065102726221084595,0.6085515022277832,0.44394513964653015,-0.0021523653995245695,0.599366307258606,0.4516497552394867,-0.0022272940259426832,0.6125302910804749,0.45615342259407043,0.0032743550837039948,0.5760993361473083,0.509732186794281,0.0019146543927490711,0.5860390663146973,0.4279189109802246,-0.01177611667662859,0.6009659767150879,0.48919761180877686,0.01407066360116005,0.5930201411247253,0.4971580505371094,0.011113501153886318,0.6034938097000122,0.47317278385162354,0.007789344061166048,0.624775767326355,0.4602852463722229,0.023776637390255928,0.6100692749023438,0.476016640663147,0.01312221772968769,0.6258984804153442,0.46614566445350647,0.0377383716404438,0.6037575602531433,0.46042686700820923,0.0013363376492634416,0.5832565426826477,0.4161737859249115,-0.012473630718886852,0.5812476277351379,0.440036803483963,-0.023246658965945244,0.5845054984092712,0.441469669342041,-0.016950080171227455,0.5790221691131592,0.43466830253601074,-0.02722672000527382,0.589859664440155,0.37791725993156433,-0.006723584607243538,0.6002291440963745,0.3718494176864624,-0.007769065443426371,0.6089906096458435,0.3710530698299408,-0.0072178407572209835,0.61591637134552,0.3733328878879547,-0.004678205121308565,0.6204944252967834,0.3779412508010864,-0.0010142313549295068,0.6222487688064575,0.3947696387767792,0.008341965265572071,0.6374808549880981,0.41645970940589905,0.035250794142484665,0.617319643497467,0.4079481363296509,0.0044966829009354115,0.611387312412262,0.41038796305656433,0.0014582747826352715,0.6035428047180176,0.4105058014392853,-0.000674012175295502,0.5959973931312561,0.40806829929351807,-0.002118607982993126,0.5900754928588867,0.4043681025505066,-0.002034117467701435,0.586105227470398,0.4010308086872101,-0.0026574982330203056,0.6384218335151672,0.41581639647483826,0.056862518191337585,0.5843492746353149,0.4429839253425598,-0.013984297402203083,0.5793765783309937,0.4182114005088806,-0.02065114676952362,0.5772468447685242,0.44060829281806946,-0.02728024683892727,0.5743203163146973,0.4441176950931549,-0.024513637647032738,0.5773168802261353,0.44179973006248474,-0.024495746940374374,0.5829805731773376,0.44488248229026794,-0.011704293079674244,0.5731975436210632,0.444887638092041,-0.025903483852744102,0.5725749135017395,0.4462467432022095,-0.019071202725172043,0.5858832597732544,0.3947771191596985,-0.0008079102844931185,0.5831522345542908,0.39601778984069824,-0.003779582679271698,0.5813904404640198,0.3973369002342224,-0.007163028698414564,0.6140994429588318,0.39277711510658264,0.001768778427504003,0.6187483072280884,0.38727760314941406,0.0020205904729664326,0.5431151986122131,0.3893769085407257,0.001679534325376153,0.5489112138748169,0.3901120126247406,0.001679534325376153,0.5437130928039551,0.3820720911026001,0.001679534325376153,0.5371949672698975,0.3886070251464844,0.001679534325376153,0.5424928665161133,0.3966293931007385,0.001679534325376153,0.6011446714401245,0.39359334111213684,-0.0007338720606639981,0.6068918704986572,0.3939594328403473,-0.0007338720606639981,0.6013403534889221,0.386322945356369,-0.0007338720606639981,0.5955013632774353,0.393197625875473,-0.0007338720606639981,0.6009610295295715,0.4008561670780182,-0.0007338720606639981
2900.000000000002,0.5691409111022949,0.46451181173324585,-0.012891707010567188,0.5683546662330627,0.4415792226791382,-0.02985985018312931,0.5683485865592957,0.44825559854507446,-0.014668150804936886,0.5653418302536011,0.4137413501739502,-0.02427593246102333,0.5687322020530701,0.43322622776031494,-0.03237181529402733,0.5693733096122742,0.4220747649669647,-0.030910974368453026,0.5711313486099243,0.3948403596878052,-0.018028628081083298,0.530851423740387,0.38964754343032837,0.005164925940334797,0.5725865960121155,0.3708358407020569,-0.015780415385961533,0.5732731819152832,0.35874494910240173,-0.018083246424794197,0.5758034586906433,0.3177122473716736,-0.01678329147398472,0.5689196586608887,0.46812084317207336,-0.011957893148064613,0.5686520338058472,0.47172296047210693,-0.010009215213358402,0.5684602856636047,0.47400689125061035,-0.007278101984411478,0.5682368874549866,0.4742387533187866,-0.005819560959935188,0.5680230855941772,0.47862666845321655,-0.006297064479440451,0.5677129626274109,0.48367834091186523,-0.0070201740600168705,0.5673465132713318,0.4887121915817261,-0.005601722281426191,0.566413164138794,0.4940793216228485,0.0005313256988301873,0.5682956576347351,0.44548553228378296,-0.026689395308494568,0.5636758804321289,0.4443213939666748,-0.018803101032972336,0.5120574235916138,0.3514116406440735,0.03003600426018238,0.5467772483825684,0.3998776376247406,-0.001164104207418859,0.540729820728302,0.4001830220222473,-0.0002905672590713948,0.5352885127067566,0.3982796370983124,0.0016565026016905904,0.5286226868629456,0.39086613059043884,0.00669349730014801,0.5520605444908142,0.39756545424461365,-0.00062278046971187,0.5400492548942566,0.3683324456214905,-0.004025422036647797,0.5468069314956665,0.3707413375377655,-0.004481636919081211,0.533587634563446,0.36920246481895447,-0.0014945707516744733,0.5292612314224243,0.37285324931144714,0.001179573591798544,0.5241086483001709,0.39407163858413696,0.010302131995558739,0.5466983914375305,0.5020923018455505,0.009124130010604858,0.5292584896087646,0.38585975766181946,0.007217892911285162,0.5082376003265381,0.38755273818969727,0.03600331395864487,0.5182977318763733,0.3847271800041199,0.015915757045149803,0.540948748588562,0.42925095558166504,-0.003051863284781575,0.5615642666816711,0.4619563817977905,-0.011969264596700668,0.5616912841796875,0.4706246256828308,-0.008879327215254307,0.553974449634552,0.46354079246520996,-0.008021440356969833,0.5487514138221741,0.46513837575912476,-0.0030134348198771477,0.5557250380516052,0.4697476923465729,-0.006149557419121265,0.5509734749794006,0.46914613246917725,-0.0016421448672190309,0.5423598289489746,0.4737374484539032,0.008052539080381393,0.5639845728874207,0.4409463405609131,-0.02925904653966427,0.5636975169181824,0.43277788162231445,-0.03154177591204643,0.5213818550109863,0.35884252190589905,0.0031350066419690847,0.5538967847824097,0.41112473607063293,-0.005748753435909748,0.5525549650192261,0.43598827719688416,-0.015294516459107399,0.5524834990501404,0.43143782019615173,-0.013930868357419968,0.5231242775917053,0.42570674419403076,0.005239882972091436,0.5645178556442261,0.42247506976127625,-0.028960958123207092,0.534605860710144,0.3508216142654419,-0.007916015572845936,0.5267806053161621,0.3526580035686493,-0.0026307625230401754,0.5179372429847717,0.3367844223976135,0.017227163538336754,0.5599541068077087,0.36467403173446655,-0.013845046982169151,0.552354633808136,0.3763624131679535,-0.0029980929102748632,0.5382978916168213,0.4651470482349396,0.008453749120235443,0.5145781636238098,0.46248847246170044,0.05888313427567482,0.5563286542892456,0.4410288631916046,-0.01304570958018303,0.5604639649391174,0.4438892900943756,-0.013081228360533714,0.5418547987937927,0.4674242436885834,0.007894464768469334,0.5433191657066345,0.4679674506187439,0.006212437991052866,0.5237861275672913,0.3451879918575287,-0.00047977615031413734,0.5522395372390747,0.43878039717674255,-0.011873426847159863,0.5452837347984314,0.3541128635406494,-0.011878030374646187,0.5447287559509277,0.34632498025894165,-0.013756615109741688,0.5417328476905823,0.31900155544281006,-0.007761762477457523,0.5212442874908447,0.3449763357639313,0.006860126741230488,0.5440558791160583,0.3351272642612457,-0.011308464221656322,0.5181257128715515,0.3534601330757141,0.007609060499817133,0.515211284160614,0.35674360394477844,0.01781858503818512,0.5614595413208008,0.4666703939437866,-0.010998299345374107,0.5548174977302551,0.4668117165565491,-0.007253369782119989,0.5497865676879883,0.46715641021728516,-0.002737421076744795,0.5574696063995361,0.4423596262931824,-0.011569248512387276,0.5426002144813538,0.4677054286003113,0.007024883758276701,0.5455224514007568,0.47087860107421875,0.00393949868157506,0.54411381483078,0.4682641625404358,0.0060921539552509785,0.5586496591567993,0.43966618180274963,-0.021042516455054283,0.5518764853477478,0.4705757796764374,-0.0006589014665223658,0.5565512776374817,0.47172027826309204,-0.003782071638852358,0.562106192111969,0.4729502499103546,-0.00627285148948431,0.5587876439094543,0.49281585216522217,0.001158775296062231,0.559546947479248,0.4870927631855011,-0.004826621618121862,0.5601488351821899,0.48204267024993896,-0.005989439319819212,0.5609694719314575,0.47708791494369507,-0.00521046994253993,0.561863899230957,0.4731549024581909,-0.004737725481390953,0.5516456961631775,0.4705792963504791,0.0005910790059715509,0.5503621101379395,0.4721343517303467,9.33248611545423e-06,0.5489118099212646,0.47435206174850464,-0.0005319436313584447,0.5477290153503418,0.4769287705421448,0.0007842718041501939,0.5446558594703674,0.45575836300849915,-0.0017097550444304943,0.5085899829864502,0.422615110874176,0.06335516273975372,0.568318247795105,0.44690021872520447,-0.01900491863489151,0.5481736063957214,0.46951666474342346,0.003973904065787792,0.5468567609786987,0.4701109528541565,0.0036744645331054926,0.5618809461593628,0.44696366786956787,-0.012876789085566998,0.5536986589431763,0.44299107789993286,-0.007317451760172844,0.5612422823905945,0.4454728066921234,-0.013146563433110714,0.5473768711090088,0.41484692692756653,-0.003100432688370347,0.5372068881988525,0.41861972212791443,-0.00044374907156452537,0.551398515701294,0.43439626693725586,-0.010403713211417198,0.5272822380065918,0.3255833089351654,0.004036630503833294,0.5303257703781128,0.3371736407279968,-0.00275016063824296,0.5327575206756592,0.3428424298763275,-0.007810761220753193,0.5462843775749207,0.48106011748313904,0.0054997666738927364,0.5589175820350647,0.35230177640914917,-0.01698225550353527,0.5582290291786194,0.3364540934562683,-0.016333037987351418,0.5573591589927673,0.31681501865386963,-0.014790483750402927,0.5308899283409119,0.3952896296977997,0.004396508913487196,0.5180761218070984,0.39826643466949463,0.014136077836155891,0.5555635094642639,0.39526426792144775,-0.00021329912124201655,0.5237447619438171,0.37493211030960083,0.006767644081264734,0.5581558346748352,0.4063977003097534,-0.008259186521172523,0.5555879473686218,0.43406766653060913,-0.02118276059627533,0.5117933750152588,0.4041115939617157,0.021464109420776367,0.5214121341705322,0.4054361581802368,0.009333043359220028,0.5282884836196899,0.4099816083908081,0.003933935426175594,0.5390084981918335,0.41082337498664856,0.0010573317995294929,0.5472108721733093,0.40885820984840393,-0.0009582682396285236,0.5535439848899841,0.40579086542129517,-0.003021935233846307,0.5658627152442932,0.3963994085788727,-0.01552814431488514,0.5116417407989502,0.4209287762641907,0.0214250311255455,0.5195298194885254,0.3710919916629791,0.00949756521731615,0.565671443939209,0.44495174288749695,-0.02626664564013481,0.5542351603507996,0.4190889000892639,-0.007767068222165108,0.5072207450866699,0.38591599464416504,0.055008575320243835,0.5583545565605164,0.4019620716571808,-0.004509399179369211,0.5508034825325012,0.4343898296356201,-0.004779979586601257,0.5266676545143127,0.3844219744205475,0.008608470670878887,0.5557821393013,0.4284982681274414,-0.019479788839817047,0.5107102990150452,0.44229671359062195,0.06268642842769623,0.5560060143470764,0.3921535611152649,0.0007277739350683987,0.5600123405456543,0.42467227578163147,-0.025290068238973618,0.5253458619117737,0.4818733334541321,0.029417991638183594,0.5265747308731079,0.490276575088501,0.04081589728593826,0.5078519582748413,0.4220619797706604,0.042345594614744186,0.5182731747627258,0.4712402820587158,0.03578467667102814,0.5114627480506897,0.3711310625076294,0.028401797637343407,0.5462386608123779,0.5086458325386047,0.013265631161630154,0.5663051605224609,0.44640862941741943,-0.01857282593846321,0.548690915107727,0.4239586889743805,-0.005037512164562941,0.5137002468109131,0.385043203830719,0.02183985896408558,0.5358955264091492,0.3949969410896301,0.001462858752347529,0.5408457517623901,0.3964986503124237,-0.00011853348405566067,0.5443593859672546,0.47189223766326904,0.0050471569411456585,0.512348473072052,0.43707677721977234,0.02469835802912712,0.5553976893424988,0.5188284516334534,0.015370055101811886,0.5412018895149231,0.5077453851699829,0.02653277851641178,0.5347425937652588,0.5006208419799805,0.032804977148771286,0.5744735598564148,0.33837634325027466,-0.018225179985165596,0.5654488205909729,0.5210739374160767,0.013364756479859352,0.5460392236709595,0.39604851603507996,-0.0005977764376439154,0.5510415434837341,0.3943789601325989,-5.1313400035724044e-05,0.5543209910392761,0.39319297671318054,0.0008916773367673159,0.5156927108764648,0.36776861548423767,0.015161419287323952,0.5509019494056702,0.3846327066421509,-0.0016813140828162432,0.5457798838615417,0.3812858462333679,-0.002412127796560526,0.5407317876815796,0.38032427430152893,-0.001892451080493629,0.5357697606086731,0.38113778829574585,-2.0139928892604075e-05,0.5325701236724854,0.38289809226989746,0.002088027773424983,0.5086904764175415,0.366946816444397,0.04369031637907028,0.5327606797218323,0.392413854598999,0.003511192509904504,0.5682066679000854,0.4537851810455322,-0.012634264305233955,0.5506329536437988,0.4531822204589844,-0.0057326494716107845,0.5563046336174011,0.44010716676712036,-0.015326623804867268,0.5608115196228027,0.4531272053718567,-0.011686277575790882,0.5718862414360046,0.3828989863395691,-0.01496578473597765,0.5329983234405518,0.49223047494888306,0.024767642840743065,0.5396316647529602,0.500304102897644,0.019463133066892624,0.5547657608985901,0.514916718006134,0.007811237592250109,0.5201321840286255,0.47853076457977295,0.05064777657389641,0.5544824004173279,0.3891904950141907,-0.00024613403365947306,0.5616127848625183,0.40929022431373596,-0.016178540885448456,0.5653536319732666,0.5169925689697266,0.00611867243424058,0.5477234125137329,0.5141199827194214,0.01988987810909748,0.509650468826294,0.43994376063346863,0.043054137378931046,0.5562976598739624,0.4718424379825592,-0.0023253585677593946,0.5549993515014648,0.47470638155937195,-0.002900778315961361,0.5538416504859924,0.47839903831481934,-0.0035114861093461514,0.5529350638389587,0.48281773924827576,-0.0022866632789373398,0.551601231098175,0.4877617359161377,0.002812855876982212,0.5470502972602844,0.4685055613517761,0.0026289813686162233,0.5458145141601562,0.46741098165512085,0.002705042250454426,0.5448398590087891,0.4663097858428955,0.002571495482698083,0.5401192307472229,0.459563672542572,0.0032450356520712376,0.5184754133224487,0.44219329953193665,0.01304839737713337,0.5621433258056641,0.4008452594280243,-0.011534391902387142,0.5599225163459778,0.3838135004043579,-0.0039159501902759075,0.5568061470985413,0.38540318608283997,-0.0015067242784425616,0.5482993125915527,0.4695495069026947,0.003148159245029092,0.5191025137901306,0.4605512022972107,0.023568574339151382,0.5649365782737732,0.38329005241394043,-0.011141716502606869,0.5488530993461609,0.49478182196617126,0.006282988004386425,0.5699552297592163,0.41297754645347595,-0.02644050493836403,0.5655301213264465,0.4056619107723236,-0.02056284062564373,0.5705064535140991,0.40446069836616516,-0.022150574252009392,0.5574079155921936,0.42148762941360474,-0.01515292003750801,0.5655741691589355,0.5106608867645264,0.002434146124869585,0.5659767389297485,0.5020298957824707,0.0015055290423333645,0.5569139122962952,0.5005234479904175,0.0029337480664253235,0.5380174517631531,0.47756052017211914,0.011611294001340866,0.5455401539802551,0.4397686719894409,-0.002303249668329954,0.5430629849433899,0.4870983064174652,0.009379884228110313,0.5308037996292114,0.437120646238327,0.0005718155298382044,0.5391907095909119,0.4463982880115509,0.0001344023912679404,0.5259571075439453,0.4485445022583008,0.006513866130262613,0.5551804900169373,0.5087990760803223,0.004209217615425587,0.5542747378349304,0.4253597557544708,-0.010647189803421497,0.5340179204940796,0.4837399125099182,0.0175103098154068,0.540544867515564,0.4931488633155823,0.014197342097759247,0.5333278179168701,0.46719056367874146,0.011109300889074802,0.5141600966453552,0.45063516497612,0.027917778119444847,0.5265177488327026,0.468995064496994,0.016745826229453087,0.5127614140510559,0.45637720823287964,0.04223663732409477,0.5343057513237,0.45432788133621216,0.004253337625414133,0.5580906867980957,0.41413140296936035,-0.011635015718638897,0.5570240616798401,0.43810224533081055,-0.02226903662085533,0.5540338754653931,0.43899524211883545,-0.015806110575795174,0.5593900084495544,0.433172345161438,-0.02637595497071743,0.5555489659309387,0.37303221225738525,-0.005979175213724375,0.546220064163208,0.36450108885765076,-0.006481560878455639,0.5378353595733643,0.36201366782188416,-0.00535393925383687,0.5309149026870728,0.36333000659942627,-0.0022739681880921125,0.5260608792304993,0.3673495352268219,0.0017327810637652874,0.5230500102043152,0.38450050354003906,0.011366857215762138,0.5072447061538696,0.404715895652771,0.03956582397222519,0.5268533229827881,0.39887064695358276,0.007387255784124136,0.5323742032051086,0.40279996395111084,0.0039739166386425495,0.5397917032241821,0.40466925501823425,0.0013613663613796234,0.5471802353858948,0.4038332402706146,-0.0005820257356390357,0.5531153082847595,0.40133193135261536,-0.0009982803603634238,0.5571646690368652,0.39875528216362,-0.0019053930882364511,0.5076337456703186,0.4040500521659851,0.061073530465364456,0.5541322231292725,0.4405657947063446,-0.012851802632212639,0.561120867729187,0.41682878136634827,-0.01999664306640625,0.5605131983757019,0.43931806087493896,-0.026600074023008347,0.5632355213165283,0.44322285056114197,-0.02404968813061714,0.5605729818344116,0.4404487609863281,-0.023798761889338493,0.5553650856018066,0.4426736831665039,-0.010701283812522888,0.5640944242477417,0.44420379400253296,-0.025482820346951485,0.5647610425949097,0.4456815719604492,-0.01866207644343376,0.5579023957252502,0.3922874629497528,-0.00012751747271977365,0.560404896736145,0.3940510153770447,-0.0033392668701708317,0.5620728731155396,0.39554786682128906,-0.006803927011787891,0.5307279229164124,0.38438329100608826,0.004375810269266367,0.5266841053962708,0.37743520736694336,0.004823477007448673,0.5745466351509094,0.4144710302352905,-0.024698935449123383,0.6126865148544312,0.3974953293800354,0.002092526527121663,0.5734010338783264,0.44504213333129883,-0.019126109778881073,0.6383747458457947,0.36219343543052673,0.025304874405264854,0.5958077311515808,0.4043831527233124,-0.0031585977412760258,0.6019591093063354,0.4057815372943878,-0.0026537254452705383,0.6077347993850708,0.40497633814811707,-0.001104962662793696,0.6149846315383911,0.399435818195343,0.003406849689781666,0.5905482769012451,0.40106382966041565,-0.0021891165524721146,0.6056485176086426,0.3762070834636688,-0.00661767041310668,0.5986575484275818,0.3769543766975403,-0.006538144778460264,0.6119400858879089,0.3782970905303955,-0.004456473980098963,0.6158251166343689,0.3823928236961365,-0.002016917336732149,0.619849681854248,0.4036155939102173,0.006847260519862175,0.5855883955955505,0.5053969621658325,0.0076699815690517426,0.6146829128265381,0.3943360447883606,0.003990037366747856,0.6378968358039856,0.39866116642951965,0.031354870647192,0.6266284584999084,0.3958326578140259,0.012044417671859264,0.5985788106918335,0.43403634428977966,-0.005092439707368612,0.5769066214561462,0.4630511999130249,-0.012571326456964016,0.5756928324699402,0.47162628173828125,-0.009468359872698784,0.5842393636703491,0.46557801961898804,-0.00923959817737341,0.5890815854072571,0.46773216128349304,-0.0046409429050982,0.5816892981529236,0.4715396761894226,-0.007279723417013884,0.5864177942276001,0.471451997756958,-0.0030628484673798084,0.5936371684074402,0.4777686893939972,0.00599894393235445,0.5728460550308228,0.4416276216506958,-0.02951643615961075,0.5738183259963989,0.4335317313671112,-0.031863126903772354,0.6254721879959106,0.37059855461120605,-0.0006298444932326674,0.5874527096748352,0.4138282239437103,-0.007091469597071409,0.5856631398200989,0.4384775757789612,-0.01652325503528118,0.5862895846366882,0.43397682905197144,-0.015221712179481983,0.6170642375946045,0.4336962401866913,0.0019175533670932055,0.5742290616035461,0.4231816232204437,-0.029381701722741127,0.6122551560401917,0.36103925108909607,-0.010482131503522396,0.6202480792999268,0.363841712474823,-0.005911575630307198,0.6336642503738403,0.34661149978637695,0.012942001223564148,0.5849778056144714,0.37036678194999695,-0.014665409922599792,0.5923908948898315,0.3809552490711212,-0.0046683712862432,0.5986737608909607,0.4698161482810974,0.006059812381863594,0.6240493655204773,0.4715340733528137,0.05467333644628525,0.5814025402069092,0.44289323687553406,-0.014017397537827492,0.5769598484039307,0.4451051354408264,-0.013567944057285786,0.5955376625061035,0.470558226108551,0.0057874321937561035,0.5940067768096924,0.47093069553375244,0.004341497085988522,0.623895525932312,0.3569084107875824,-0.0039825523272156715,0.5858611464500427,0.4412941634654999,-0.01307411678135395,0.6009034514427185,0.3627159595489502,-0.013673998415470123,0.6020404696464539,0.354991614818573,-0.015585889108479023,0.6104658246040344,0.3247036337852478,-0.010226894170045853,0.6288403868675232,0.3542294502258301,0.003074987791478634,0.6057873964309692,0.3403492867946625,-0.01336267776787281,0.6292314529418945,0.36573946475982666,0.003604443743824959,0.6340211629867554,0.3670521080493927,0.013530503958463669,0.5764655470848083,0.4677523076534271,-0.011623210273683071,0.5829973816871643,0.4687597453594208,-0.008445373736321926,0.5878414511680603,0.4695942997932434,-0.004282194189727306,0.5801320672035217,0.4440281391143799,-0.012296712026000023,0.5947493314743042,0.4707528352737427,0.005061508156359196,0.5913294553756714,0.4736187160015106,0.0022492697462439537,0.5931824445724487,0.4711366295814514,0.004282671958208084,0.578879714012146,0.4411940276622772,-0.021875973790884018,0.5853049755096436,0.4727284014225006,-0.001994212158024311,0.580564022064209,0.4733574390411377,-0.004814963787794113,0.5749688744544983,0.4738709330558777,-0.006870375480502844,0.5742546319961548,0.4941816031932831,0.00059844262432307,0.5753098130226135,0.488135427236557,-0.005450909491628408,0.575369656085968,0.48305079340934753,-0.006662311032414436,0.5751821398735046,0.4780561327934265,-0.005867581814527512,0.574775218963623,0.4740339517593384,-0.005361216142773628,0.5852113366127014,0.47272035479545593,-0.0007542151142843068,0.5863156318664551,0.4743972718715668,-0.0013245767913758755,0.5874472260475159,0.4767339825630188,-0.0018809225875884295,0.5882447361946106,0.4793975055217743,-0.0006148986867628992,0.5925077199935913,0.45954427123069763,-0.003495569806545973,0.634615421295166,0.43342527747154236,0.058680541813373566,0.5888761878013611,0.4720131456851959,0.002346750581637025,0.5901126861572266,0.4727354645729065,0.0020331002306193113,0.575226366519928,0.44800499081611633,-0.0133438091725111,0.5841754674911499,0.44527387619018555,-0.008269865065813065,0.5760203003883362,0.4466196894645691,-0.013614808209240437,0.5936678647994995,0.4186703562736511,-0.004870925098657608,0.6035177707672119,0.42423272132873535,-0.002855697413906455,0.5872504115104675,0.43713298439979553,-0.01171573530882597,0.6249386668205261,0.3337920308113098,0.0005297629395499825,0.6200351715087891,0.34486261010169983,-0.005783787928521633,0.614693820476532,0.3531397581100464,-0.01056006457656622,0.5885245203971863,0.4845123291015625,0.003853985806927085,0.5871320962905884,0.35851162672042847,-0.01786632463335991,0.5910683274269104,0.33922430872917175,-0.017370298504829407,0.5945996046066284,0.3198602795600891,-0.01603333279490471,0.6123471856117249,0.40317022800445557,0.0012878174893558025,0.6257319450378418,0.40882325172424316,0.010297384113073349,0.5871362686157227,0.39827755093574524,-0.001610704930499196,0.6214846968650818,0.3853123188018799,0.003187288763001561,0.5835681557655334,0.4084209203720093,-0.009335099719464779,0.5824901461601257,0.43610259890556335,-0.022176891565322876,0.6316136717796326,0.41440263390541077,0.0171673484146595,0.6217992305755615,0.41529595851898193,0.0057418760843575,0.6144161820411682,0.41835764050483704,0.0008143854211084545,0.6032817959785461,0.417027086019516,-0.0013377281138673425,0.5949342846870422,0.41335606575012207,-0.0027957172133028507,0.5886613726615906,0.40904495120048523,-0.004406538791954517,0.5763716101646423,0.397217333316803,-0.015979206189513206,0.6297309398651123,0.43105676770210266,0.017121249809861183,0.6263472437858582,0.3825594186782837,0.005570429842919111,0.5709737539291382,0.445346474647522,-0.02648073062300682,0.586129903793335,0.42160582542419434,-0.009035958908498287,0.6400257349014282,0.3971646726131439,0.050160638988018036,0.5839940309524536,0.4043816030025482,-0.005581183359026909,0.5880548357963562,0.4372576177120209,-0.0060540176928043365,0.6174527406692505,0.3937406539916992,0.005249781534075737,0.5830108523368835,0.43054068088531494,-0.020490514114499092,0.630301296710968,0.4524754285812378,0.05821118876338005,0.5869372487068176,0.3952726423740387,-0.0006919052684679627,0.5787667036056519,0.42607662081718445,-0.02604179084300995,0.6099079251289368,0.4887564182281494,0.026153642684221268,0.6083426475524902,0.4967336654663086,0.03758187219500542,0.6341927647590637,0.4328781068325043,0.03763255476951599,0.6182194948196411,0.47938045859336853,0.03194034844636917,0.6362905502319336,0.38187915086746216,0.02387133613228798,0.5854775309562683,0.5119585394859314,0.011691602878272533,0.5704092979431152,0.44670620560646057,-0.018709609284996986,0.5913050770759583,0.4273916184902191,-0.006622823886573315,0.6313587427139282,0.3967958688735962,0.017582004889845848,0.6071507930755615,0.40150561928749084,-0.0012059208238497376,0.6020312905311584,0.40210193395614624,-0.0025056544691324234,0.592374324798584,0.4747447073459625,0.003234113333746791,0.6273571848869324,0.4468764662742615,0.020489783957600594,0.5756499171257019,0.5204076170921326,0.014515947550535202,0.5914725661277771,0.5116819739341736,0.024322694167494774,0.5989476442337036,0.5056768655776978,0.030117325484752655,0.5967866778373718,0.400667667388916,-0.0026372112333774567,0.5917554497718811,0.39807847142219543,-0.0017789953853935003,0.5885230898857117,0.39649367332458496,-0.0006531837861984968,0.630598247051239,0.37967821955680847,0.010977276600897312,0.5931154489517212,0.38867056369781494,-0.003541161771863699,0.5986112356185913,0.386478066444397,-0.004568235483020544,0.6039039492607117,0.38666048645973206,-0.004401554353535175,0.6088126301765442,0.3884877860546112,-0.002870358759537339,0.6117481589317322,0.39085453748703003,-0.0009121274342760444,0.6402978301048279,0.3781224191188812,0.03884647786617279,0.6104761362075806,0.39968955516815186,0.000583631219342351,0.5865486264228821,0.4559418857097626,-0.007046819664537907,0.5814180970191956,0.44200026988983154,-0.01618656888604164,0.5759148001670837,0.4543471932411194,-0.012259496375918388,0.6010826826095581,0.4978749454021454,0.02209475077688694,0.5932937860488892,0.5048068165779114,0.01733129657804966,0.5761009454727173,0.5167226791381836,0.006921626627445221,0.6164016723632812,0.48624029755592346,0.04679831862449646,0.5888926386833191,0.3925265371799469,-0.0018598954193294048,0.5792543292045593,0.4106796979904175,-0.01690472476184368,0.5839370489120483,0.5169231295585632,0.01826482079923153,0.6303986310958862,0.45017972588539124,0.038551438599824905,0.5804242491722107,0.4734271168708801,-0.0033696102909743786,0.5813629627227783,0.47641968727111816,-0.003957243170589209,0.582063615322113,0.48018020391464233,-0.004620320163667202,0.5823991298675537,0.48464110493659973,-0.0034010647796094418,0.5821524262428284,0.4902935028076172,0.0015981238102540374,0.59035724401474,0.4711356461048126,0.0008800121722742915,0.5916817784309387,0.47019192576408386,0.0008247665246017277,0.592799723148346,0.46921369433403015,0.000612960837315768,0.5970266461372375,0.46402639150619507,0.0010208772728219628,0.6202154159545898,0.4507993757724762,0.009405553340911865,0.5798938274383545,0.40226462483406067,-0.01233010832220316,0.5837201476097107,0.3869498372077942,-0.0049016475677490234,0.5868330001831055,0.38875412940979004,-0.0028512070421129465,0.5889829397201538,0.47202494740486145,0.0015270696021616459,0.6181590557098389,0.4687058925628662,0.01993951015174389,0.5786622166633606,0.3859398663043976,-0.011682022362947464,0.5841293931007385,0.49772125482559204,0.004962477367371321,0.5754427313804626,0.406428724527359,-0.02095923013985157,0.582292914390564,0.4234517514705658,-0.016102343797683716,0.5752312541007996,0.5020853281021118,0.0022769940551370382,0.5973783135414124,0.4823811650276184,0.009303344413638115,0.5929689407348633,0.44353175163269043,-0.0039901346899569035,0.5911002159118652,0.49103760719299316,0.007563066203147173,0.6079875230789185,0.44362983107566833,-0.002050105482339859,0.5988306999206543,0.45131877064704895,-0.00197851681150496,0.6119949221611023,0.45579198002815247,0.0035064839757978916,0.5761433839797974,0.5106227397918701,0.0033488424960523844,0.5853236317634583,0.42772647738456726,-0.011824371293187141,0.6008152961730957,0.48924219608306885,0.014930249191820621,0.5929820537567139,0.49749770760536194,0.012214453890919685,0.603142261505127,0.47282689809799194,0.008354494348168373,0.624308705329895,0.4598369002342224,0.023922637104988098,0.609746515750885,0.47581517696380615,0.013652711175382137,0.6255147457122803,0.46572551131248474,0.03792393580079079,0.6032750010490417,0.4600100815296173,0.001669212942942977,0.5825358033180237,0.41607213020324707,-0.012639150023460388,0.580617368221283,0.4399043023586273,-0.023153597488999367,0.583832859992981,0.44125086069107056,-0.016849283128976822,0.5784080028533936,0.4346160888671875,-0.02715522237122059,0.5890280604362488,0.37800145149230957,-0.007310094777494669,0.5993869304656982,0.37178897857666016,-0.008382972329854965,0.6081554889678955,0.3709377348423004,-0.007822519168257713,0.6150939464569092,0.3731805086135864,-0.005274159833788872,0.619692862033844,0.3777672052383423,-0.0016124675748869777,0.6214640736579895,0.39458781480789185,0.007798964157700539,0.6368094086647034,0.4158512353897095,0.03477678820490837,0.6165784597396851,0.4077715277671814,0.0040944963693618774,0.6106419563293457,0.4102715253829956,0.001099747489206493,0.6028013825416565,0.41053110361099243,-0.0010105903493240476,0.595242440700531,0.40822359919548035,-0.0024581144098192453,0.5893087387084961,0.4045877754688263,-0.0024111599195748568,0.5853275656700134,0.4012894630432129,-0.0030578826554119587,0.6377376317977905,0.4151429533958435,0.05621229112148285,0.5836783051490784,0.442739337682724,-0.013878784142434597,0.5786821842193604,0.4181949198246002,-0.020751187577843666,0.5766861438751221,0.4405516982078552,-0.027154983952641487,0.5738099217414856,0.44406232237815857,-0.024358265101909637,0.5767509341239929,0.44171467423439026,-0.02437230385839939,0.5823419690132141,0.4446396231651306,-0.011573119089007378,0.5727160573005676,0.44486162066459656,-0.025735028088092804,0.5720959901809692,0.4462030529975891,-0.01890028640627861,0.5850486755371094,0.3951561748981476,-0.001296772388741374,0.5823531150817871,0.3963165879249573,-0.004236569162458181,0.5805937051773071,0.3975685238838196,-0.007578620687127113,0.6133944392204285,0.3926628828048706,0.001254825503565371,0.6180078983306885,0.38713330030441284,0.0014889438170939684,0.542516827583313,0.38944923877716064,0.001151273143477738,0.5483235716819763,0.3901229500770569,0.001151273143477738,0.5430985689163208,0.3819938600063324,0.001151273143477738,0.536573052406311,0.3887491226196289,0.001151273143477738,0.5419023633003235,0.3968263268470764,0.001151273143477738,0.6006473302841187,0.3937072455883026,-0.0012315739877521992,0.6066702604293823,0.3940887153148651,-0.0012315739877521992,0.6008234620094299,0.38610145449638367,-0.0012315739877521992,0.5947141051292419,0.3932832181453705,-0.0012315739877521992,0.6004816889762878,0.40127119421958923,-0.0012315739877521992
2933.3333333333353,0.5684309005737305,0.4649592339992523,-0.0129781449213624,0.5676078796386719,0.4419915974140167,-0.03001057542860508,0.5676250457763672,0.44868043065071106,-0.014771252870559692,0.5646376609802246,0.41412851214408875,-0.024363627657294273,0.5679923892021179,0.43362677097320557,-0.03252848982810974,0.568668007850647,0.4224662184715271,-0.031052788719534874,0.5705112814903259,0.39522960782051086,-0.01808484084904194,0.5303857326507568,0.39024782180786133,0.005366174038499594,0.5719813704490662,0.37126657366752625,-0.01580030471086502,0.5726643204689026,0.3591485619544983,-0.018096715211868286,0.5752304792404175,0.31795990467071533,-0.016697419807314873,0.5682609677314758,0.46843770146369934,-0.012028846889734268,0.5680509209632874,0.4718726873397827,-0.010064552538096905,0.5679120421409607,0.47405311465263367,-0.007285630330443382,0.5676969289779663,0.4742871820926666,-0.00592734944075346,0.5675170421600342,0.4786013662815094,-0.006385842338204384,0.5672449469566345,0.48355644941329956,-0.00713998731225729,0.5669354796409607,0.4885166883468628,-0.005773162469267845,0.5656757354736328,0.4940694570541382,0.0003101012553088367,0.5675577521324158,0.4459039568901062,-0.02683250978589058,0.5628913640975952,0.4447381794452667,-0.01890178583562374,0.511425256729126,0.3519124388694763,0.030528564006090164,0.5463318824768066,0.40053462982177734,-0.0010437349556013942,0.540254533290863,0.40079396963119507,-0.00015151113620959222,0.5347994565963745,0.39887794852256775,0.0018221933860331774,0.5281774401664734,0.3915001451969147,0.006911741569638252,0.5516465902328491,0.3983195722103119,-0.0005186740309000015,0.5393944382667542,0.3688472807407379,-0.003924966789782047,0.5462210774421692,0.37125492095947266,-0.0043928129598498344,0.5329000353813171,0.3697720170021057,-0.0013584003318101168,0.5285854935646057,0.37349778413772583,0.0013521474320441484,0.5236393809318542,0.3947250545024872,0.010554344393312931,0.546058177947998,0.5020325779914856,0.008987938053905964,0.5287848711013794,0.3864382207393646,0.007439163513481617,0.5077172517776489,0.38809841871261597,0.03645680844783783,0.5178495645523071,0.3854033350944519,0.01622815802693367,0.5401501655578613,0.42966458201408386,-0.00297908135689795,0.5607588887214661,0.4624105989933014,-0.012033045291900635,0.5610116124153137,0.47078001499176025,-0.008911872282624245,0.5531885027885437,0.4639459550380707,-0.008044237270951271,0.5479837656021118,0.46553337574005127,-0.0030103649478405714,0.5550143718719482,0.46994712948799133,-0.006156607065349817,0.5502499341964722,0.4694136083126068,-0.0016320461872965097,0.5415461659431458,0.4739687740802765,0.00803770124912262,0.5632017254829407,0.4413525462150574,-0.02939685620367527,0.5629168748855591,0.4331715703010559,-0.031681351363658905,0.520727813243866,0.35952508449554443,0.003367084776982665,0.5531549453735352,0.411557674407959,-0.005692873615771532,0.5516359806060791,0.4363749921321869,-0.015321699902415276,0.5515842437744141,0.4318152070045471,-0.013943585567176342,0.5223608613014221,0.42612940073013306,0.0054304045625030994,0.5637741684913635,0.42286407947540283,-0.02907760813832283,0.5337429046630859,0.3513498604297638,-0.007792619522660971,0.5260119438171387,0.35323262214660645,-0.0024481152649968863,0.5172236561775208,0.3372317850589752,0.017644111067056656,0.5591086745262146,0.36507752537727356,-0.01382883545011282,0.5518535375595093,0.37693873047828674,-0.0029094284400343895,0.5374550819396973,0.4654747247695923,0.008501341566443443,0.5142271518707275,0.46274545788764954,0.05934719368815422,0.5554423928260803,0.44142279028892517,-0.01308272685855627,0.5596264004707336,0.44429275393486023,-0.013149432837963104,0.5411373376846313,0.467864066362381,0.007931030355393887,0.5425928831100464,0.46839258074760437,0.006232304032891989,0.5230597257614136,0.345859169960022,-0.0002594904217403382,0.5513220429420471,0.43916845321655273,-0.01188849750906229,0.5443613529205322,0.3545595407485962,-0.011812410317361355,0.5437717437744141,0.3468344509601593,-0.013685435056686401,0.5410109758377075,0.3193260729312897,-0.007542339153587818,0.5205015540122986,0.34546148777008057,0.00715247867628932,0.5433205962181091,0.33551687002182007,-0.011175425723195076,0.5175298452377319,0.3541773557662964,0.007886841893196106,0.5145313143730164,0.3572838008403778,0.018177222460508347,0.5607194304466248,0.46698784828186035,-0.01104961708188057,0.5540741682052612,0.46712127327919006,-0.007268290035426617,0.5490349531173706,0.4674890637397766,-0.0027357321232557297,0.5565961003303528,0.4427584409713745,-0.011609693989157677,0.5418797135353088,0.46813756227493286,0.007051256485283375,0.5448397994041443,0.471160888671875,0.00391027145087719,0.5433843731880188,0.4686766266822815,0.006108492612838745,0.5578039288520813,0.44006726145744324,-0.021117160096764565,0.5511694550514221,0.4707966446876526,-0.0006279409280978143,0.5558702349662781,0.4718436002731323,-0.0037521342746913433,0.5614749789237976,0.4730146527290344,-0.006257506087422371,0.5580523014068604,0.4928305149078369,0.0009578136377967894,0.5590800046920776,0.4869239032268524,-0.004977109842002392,0.559624433517456,0.48194658756256104,-0.006099451333284378,0.5603928565979004,0.47709792852401733,-0.0052805738523602486,0.5612484216690063,0.47322386503219604,-0.004823397379368544,0.5509345531463623,0.4707987904548645,0.0005408909055404365,0.5496797561645508,0.4723176062107086,-4.518864079727791e-05,0.5482765436172485,0.47448399662971497,-0.0006084459600970149,0.5471344590187073,0.4770158529281616,0.0007018680335022509,0.5437889695167542,0.45615100860595703,-0.001693010563030839,0.5081741213798523,0.42310836911201477,0.06395651400089264,0.5675910115242004,0.4473215937614441,-0.01911948248744011,0.5474357008934021,0.46982768177986145,0.003947199787944555,0.546141505241394,0.47040802240371704,0.0036474077496677637,0.5610696077346802,0.4473682641983032,-0.012956485152244568,0.5528220534324646,0.4433855712413788,-0.007329557556658983,0.5604175925254822,0.4458772540092468,-0.013220115564763546,0.5466078519821167,0.4152897894382477,-0.0030160974711179733,0.5364377498626709,0.41906407475471497,-0.0003210963914170861,0.5504984259605408,0.4347760081291199,-0.01040065661072731,0.5265424251556396,0.3259722590446472,0.004358998965471983,0.529568076133728,0.33761289715766907,-0.00253395177423954,0.5318763256072998,0.34344178438186646,-0.007660360541194677,0.5455256104469299,0.48117801547050476,0.0054201832972466946,0.5579901933670044,0.3527843654155731,-0.016962679103016853,0.5575506687164307,0.3367939293384552,-0.016267120838165283,0.5566939115524292,0.31708574295043945,-0.014651200734078884,0.5304266214370728,0.3958978056907654,0.0045900060795247555,0.5176196098327637,0.3988749384880066,0.014427238143980503,0.5551815032958984,0.39608070254325867,-0.00011552120122360066,0.5231598615646362,0.3756362199783325,0.007008468732237816,0.5574420690536499,0.40682336688041687,-0.008227769285440445,0.5547127723693848,0.4344494938850403,-0.02124668098986149,0.5111536383628845,0.4046148955821991,0.02181524783372879,0.5209338068962097,0.4059752821922302,0.009579905308783054,0.5277750492095947,0.4104507863521576,0.004121159203350544,0.5385000109672546,0.4112727642059326,0.0011925868457183242,0.5467297434806824,0.4093520939350128,-0.0008543556905351579,0.5530579686164856,0.4063381850719452,-0.0029456578195095062,0.5652031898498535,0.39680159091949463,-0.015556499361991882,0.5109817981719971,0.42138832807540894,0.021758977323770523,0.5189677476882935,0.3717884123325348,0.009771143086254597,0.5649105310440063,0.4453681707382202,-0.02639874443411827,0.5534530282020569,0.4194946587085724,-0.007729134522378445,0.506779670715332,0.38644424080848694,0.0556216798722744,0.5578544735908508,0.4025569260120392,-0.0044523621909320354,0.5499279499053955,0.4347701966762543,-0.004747361876070499,0.5261725187301636,0.38509321212768555,0.008848743513226509,0.5549254417419434,0.42887428402900696,-0.019528649747371674,0.5103166699409485,0.442693829536438,0.06323293596506119,0.5556668639183044,0.39296862483024597,0.0008334777085110545,0.5592214465141296,0.42505913972854614,-0.025377901270985603,0.5248762965202332,0.4819408655166626,0.02958768419921398,0.5262359976768494,0.49025848507881165,0.0410408116877079,0.5073516368865967,0.42255765199661255,0.042803362011909485,0.5178252458572388,0.47140762209892273,0.03606623038649559,0.5108734369277954,0.37168169021606445,0.0288180373609066,0.5456541776657104,0.5084740519523621,0.013148866593837738,0.5655538439750671,0.4468272030353546,-0.01867968961596489,0.5478867888450623,0.42437347769737244,-0.004979630000889301,0.5132972598075867,0.3857024610042572,0.022201912477612495,0.5354036092758179,0.39560288190841675,0.0016224603168666363,0.5403579473495483,0.3971375524997711,2.036354817391839e-05,0.5437030792236328,0.47216054797172546,0.005026036873459816,0.5117102265357971,0.4374812841415405,0.025019897148013115,0.554804801940918,0.5185372829437256,0.015209567733108997,0.5407281517982483,0.5075861811637878,0.026529019698500633,0.5343419313430786,0.5005172491073608,0.03290344774723053,0.5738800168037415,0.3386867046356201,-0.01820821687579155,0.5648012757301331,0.5207673907279968,0.013164856471121311,0.5455859899520874,0.3967403173446655,-0.00047652446664869785,0.5506324768066406,0.39516207575798035,6.059486622689292e-05,0.553965151309967,0.3940218985080719,0.0010027064708992839,0.5151879787445068,0.36847013235092163,0.015483841300010681,0.5504662990570068,0.38505375385284424,-0.0015805040020495653,0.545274019241333,0.38146576285362244,-0.002311679068952799,0.5401463508605957,0.3804316520690918,-0.0017769148107618093,0.5351691246032715,0.3813350200653076,0.0001255043171113357,0.5319989919662476,0.3832407593727112,0.002257815795019269,0.5081602931022644,0.36746540665626526,0.04425711929798126,0.5322852730751038,0.3930145800113678,0.0036924888845533133,0.5674567222595215,0.4542452394962311,-0.012740500271320343,0.5497679710388184,0.4535773694515228,-0.005751515738666058,0.5554201006889343,0.44050392508506775,-0.015371754765510559,0.5599957704544067,0.4535615146160126,-0.011773533187806606,0.5712846517562866,0.3833217918872833,-0.014999600127339363,0.5324887037277222,0.4922298192977905,0.024825358763337135,0.5391062498092651,0.5002137422561646,0.01942892000079155,0.554126501083374,0.5146864056587219,0.007615535520017147,0.5198043584823608,0.47863519191741943,0.05099903419613838,0.5541169047355652,0.38988107442855835,-0.00014121444837655872,0.560900092124939,0.4096851646900177,-0.016205286607146263,0.564678430557251,0.5167092680931091,0.005883385892957449,0.5471878051757812,0.5138904452323914,0.01979999430477619,0.5091756582260132,0.44036194682121277,0.04348272830247879,0.5556266903877258,0.4719708561897278,-0.0023907304275780916,0.5543665885925293,0.47478196024894714,-0.0029625368770211935,0.5532613396644592,0.4783971905708313,-0.003609949955716729,0.5524118542671204,0.4827471971511841,-0.0024071831721812487,0.5508590340614319,0.4878009855747223,0.00267124199308455,0.5463154315948486,0.4688606262207031,0.0026454764883965254,0.5450755953788757,0.4677976369857788,0.002727297367528081,0.5440987348556519,0.46672937273979187,0.002599226078018546,0.5392524600028992,0.4599400758743286,0.003293667221441865,0.5177567005157471,0.4425641596317291,0.013263804838061333,0.561457633972168,0.40125909447669983,-0.011532092466950417,0.5594074130058289,0.3844882547855377,-0.0038501534145325422,0.5563709735870361,0.38613054156303406,-0.0014147183392196894,0.5475726127624512,0.46987301111221313,0.0031726169399917126,0.5184895992279053,0.46081575751304626,0.023803986608982086,0.5643026232719421,0.3838399350643158,-0.011135433800518513,0.5481775403022766,0.49479150772094727,0.006125852465629578,0.5692833065986633,0.41336438059806824,-0.026554817333817482,0.5648490786552429,0.4060489237308502,-0.020626062527298927,0.5698610544204712,0.4048455059528351,-0.022234966978430748,0.5566176176071167,0.4218783974647522,-0.0151726258918643,0.5648751258850098,0.5104777216911316,0.0021836080122739077,0.5652585625648499,0.5019530653953552,0.0012613673461601138,0.5562138557434082,0.5004870295524597,0.002712921006605029,0.5372776985168457,0.47776761651039124,0.011615822091698647,0.5446780920028687,0.44015321135520935,-0.002264197450131178,0.5423760414123535,0.4871896505355835,0.009297856129705906,0.5300090909004211,0.43750786781311035,0.000667090411297977,0.5383443236351013,0.44677940011024475,0.0001818613091018051,0.5251649618148804,0.4489057958126068,0.006641303654760122,0.5545016527175903,0.5086796283721924,0.003996198531240225,0.5534438490867615,0.425743967294693,-0.010637846775352955,0.5333794951438904,0.483845978975296,0.01754859648644924,0.5399368405342102,0.4931521713733673,0.014141066931188107,0.5325474143028259,0.4674864411354065,0.011184287257492542,0.5135660171508789,0.45097121596336365,0.028223581612110138,0.525852382183075,0.4692070484161377,0.016879163682460785,0.5123118162155151,0.45668402314186096,0.04261992871761322,0.5334621667861938,0.45470309257507324,0.004322911612689495,0.5573440194129944,0.4145350158214569,-0.011625214479863644,0.5561609268188477,0.4384945034980774,-0.022344842553138733,0.5531245470046997,0.4393870532512665,-0.01584678888320923,0.5585649013519287,0.4335581362247467,-0.026479465886950493,0.5549297332763672,0.37356817722320557,-0.005907535087317228,0.5455029606819153,0.365022212266922,-0.006394325755536556,0.5370754599571228,0.3625732362270355,-0.005240949336439371,0.5301728844642639,0.36394354701042175,-0.0021192035637795925,0.5253885388374329,0.36801958084106445,0.0019370573572814465,0.5225650668144226,0.38521838188171387,0.011634260416030884,0.5067299008369446,0.4052499830722809,0.04003109037876129,0.5263715386390686,0.39946553111076355,0.007607635110616684,0.5318671464920044,0.4033520519733429,0.004153106361627579,0.5393016338348389,0.40520739555358887,0.001503392355516553,0.54671710729599,0.40440985560417175,-0.00046633914462290704,0.55267333984375,0.40198615193367004,-0.0009046556078828871,0.556723952293396,0.3994501829147339,-0.001828423817642033,0.5072160959243774,0.40457624197006226,0.061696961522102356,0.5532247424125671,0.44095751643180847,-0.012881984002888203,0.5603806376457214,0.4172205328941345,-0.02004840224981308,0.5596956014633179,0.4397175908088684,-0.026712259277701378,0.5624500513076782,0.4436410069465637,-0.024166351184248924,0.5597522854804993,0.44085660576820374,-0.02389862947165966,0.5544804930686951,0.44306761026382446,-0.010733295232057571,0.5633185505867004,0.4446178674697876,-0.025609901174902916,0.5639892816543579,0.4460984468460083,-0.018765628337860107,0.5575258731842041,0.39311832189559937,-3.482040483504534e-05,0.5599521398544312,0.3947657644748688,-0.003276542294770479,0.5615453720092773,0.39616745710372925,-0.00677116122096777,0.5301974415779114,0.38484346866607666,0.00456739729270339,0.5260804891586304,0.3781064450740814,0.005031085107475519,0.573908805847168,0.41486477851867676,-0.024819575250148773,0.6121940612792969,0.3978431522846222,0.0020659277215600014,0.5727394819259644,0.4454854428768158,-0.01924999989569187,0.6381068229675293,0.36256828904151917,0.02545894868671894,0.595177948474884,0.40461114048957825,-0.003181673586368561,0.601371705532074,0.40605390071868896,-0.002689310349524021,0.6071838736534119,0.40529003739356995,-0.0011437530629336834,0.6144959926605225,0.3998032808303833,0.0033864991273730993,0.5898762345314026,0.40127280354499817,-0.002196026034653187,0.605214536190033,0.37666600942611694,-0.006692970171570778,0.5981629490852356,0.37738797068595886,-0.006587119307368994,0.6115484833717346,0.37874719500541687,-0.004524827003479004,0.6154394745826721,0.38282084465026855,-0.0020708064548671246,0.6193642616271973,0.4039618670940399,0.006843168754130602,0.5849261283874512,0.5054113864898682,0.007429154589772224,0.6142120361328125,0.3947262167930603,0.003974312916398048,0.637535035610199,0.39909812808036804,0.03144460171461105,0.6262064576148987,0.39615508913993835,0.012063685804605484,0.5980595946311951,0.4345010817050934,-0.005161399021744728,0.5762856006622314,0.46347424387931824,-0.012681035324931145,0.5752217769622803,0.47172150015830994,-0.009537631645798683,0.5838192701339722,0.4658809006214142,-0.009351639077067375,0.5888943076133728,0.46785831451416016,-0.004758890718221664,0.5813923478126526,0.4715805947780609,-0.007362381089478731,0.5863238573074341,0.47142016887664795,-0.0031553334556519985,0.5930655002593994,0.4781563878059387,0.0058371019549667835,0.5721419453620911,0.4420468807220459,-0.02967628464102745,0.5731323957443237,0.43394041061401367,-0.0320291742682457,0.6251848340034485,0.37100937962532043,-0.0006602795911021531,0.5869346261024475,0.4142795503139496,-0.007129244972020388,0.5851792693138123,0.43895140290260315,-0.01665070466697216,0.585818350315094,0.4344417154788971,-0.01533785555511713,0.6165791749954224,0.4341472089290619,0.001878228154964745,0.5735697746276855,0.4235808551311493,-0.02953251451253891,0.6119682788848877,0.3614899516105652,-0.010530112311244011,0.6199856996536255,0.36428117752075195,-0.005947536788880825,0.6334062814712524,0.34693723917007446,0.013059191405773163,0.5844444036483765,0.3708032965660095,-0.014700766652822495,0.5918275713920593,0.3813347816467285,-0.004693265073001385,0.5981432199478149,0.4703122675418854,0.005938412621617317,0.623550295829773,0.4718516767024994,0.05479107052087784,0.5808748602867126,0.4433678388595581,-0.01412621233612299,0.5763797760009766,0.44557082653045654,-0.013669587671756744,0.5958558917045593,0.4702795743942261,0.005670764949172735,0.5942865014076233,0.47069215774536133,0.004222596995532513,0.6236589550971985,0.35731595754623413,-0.0039994921535253525,0.585391104221344,0.44178473949432373,-0.013186070136725903,0.6005153059959412,0.3631826639175415,-0.013724795542657375,0.6016873717308044,0.35542628169059753,-0.015639014542102814,0.610090434551239,0.32495224475860596,-0.01017743069678545,0.628571093082428,0.35454559326171875,0.003096969099715352,0.605377733707428,0.3406369388103485,-0.013379073701798916,0.628935694694519,0.3661119341850281,0.0035957093350589275,0.6337389945983887,0.36741524934768677,0.013572344556450844,0.5759180188179016,0.4680158495903015,-0.011718646623194218,0.5826383233070374,0.46892422437667847,-0.008543923497200012,0.5877012014389038,0.4696354269981384,-0.004391423426568508,0.579596221446991,0.44450512528419495,-0.012397496961057186,0.5950485467910767,0.47049346566200256,0.0049427710473537445,0.5914813876152039,0.47339412569999695,0.002088953973725438,0.5934579968452454,0.4709128737449646,0.004161619581282139,0.5782852172851562,0.44164007902145386,-0.02201775275170803,0.5852580666542053,0.4726468324661255,-0.002065005712211132,0.5803231000900269,0.47331783175468445,-0.004860114771872759,0.5745611190795898,0.4738719165325165,-0.006897614803165197,0.5735347270965576,0.4942294657230377,0.00036221439950168133,0.5749741792678833,0.4879322946071625,-0.0056466334499418736,0.5749939680099487,0.4829137921333313,-0.0068210093304514885,0.5747812390327454,0.4780080318450928,-0.0059889089316129684,0.5743563175201416,0.4740408957004547,-0.00549200177192688,0.5851462483406067,0.4726318120956421,-0.0009074736153706908,0.586266040802002,0.4742688536643982,-0.0014855451881885529,0.5874030590057373,0.476565420627594,-0.002069628331810236,0.5882144570350647,0.47919851541519165,-0.0008183541940525174,0.5919498801231384,0.4600633680820465,-0.0036196245346218348,0.6342061758041382,0.4338877201080322,0.05891198292374611,0.5889861583709717,0.47186923027038574,0.0021970663219690323,0.5902462005615234,0.47255271673202515,0.001878138747997582,0.5746099948883057,0.4484679698944092,-0.013457166031002998,0.5836693048477173,0.44577398896217346,-0.008360039442777634,0.5754234790802002,0.44708365201950073,-0.013721768744289875,0.5931718945503235,0.41913744807243347,-0.0049089486710727215,0.6030166149139404,0.4247005879878998,-0.002896072342991829,0.5867900848388672,0.4376123547554016,-0.011819467879831791,0.6246452331542969,0.3340725898742676,0.0006089971866458654,0.6197236180305481,0.34514594078063965,-0.0057846857234835625,0.6144324541091919,0.3535557985305786,-0.010600549168884754,0.5878837704658508,0.4847424328327179,0.0036449667531996965,0.5866608023643494,0.3589365780353546,-0.017904024571180344,0.590569019317627,0.3395215570926666,-0.017379144206643105,0.5941328406333923,0.3200981616973877,-0.015981405973434448,0.6118312478065491,0.40351203083992004,0.0012561280746012926,0.6252716183662415,0.40916895866394043,0.010300549678504467,0.5864447355270386,0.3984818160533905,-0.0016134754987433553,0.6211134195327759,0.38568753004074097,0.0031663309782743454,0.5830284953117371,0.40885496139526367,-0.009376687929034233,0.5819425582885742,0.4365426301956177,-0.02232169359922409,0.6312084197998047,0.41485464572906494,0.017190642654895782,0.621292769908905,0.4156799018383026,0.005715734325349331,0.6138649582862854,0.4187777042388916,0.0007758848369121552,0.6026793718338013,0.41742977499961853,-0.0013731007929891348,0.5942917466163635,0.4137192666530609,-0.002821063855662942,0.5879923701286316,0.40938451886177063,-0.004427221138030291,0.5757859349250793,0.3976172208786011,-0.016038144007325172,0.6292876601219177,0.4315051734447479,0.01713145710527897,0.625982940196991,0.3829135298728943,0.005556279793381691,0.5702616572380066,0.44577232003211975,-0.026630058884620667,0.5856137275695801,0.42205360531806946,-0.00909456703811884,0.6396890878677368,0.3976134955883026,0.05041069909930229,0.5833081007003784,0.40470895171165466,-0.0055967397056519985,0.5875909328460693,0.4377405643463135,-0.00612890999764204,0.6170074939727783,0.39412322640419006,0.005242743995040655,0.5824852585792542,0.4309768080711365,-0.020621243864297867,0.6298532485961914,0.4528805613517761,0.05840098112821579,0.5862605571746826,0.39546772837638855,-0.0006916621932759881,0.5781650543212891,0.4264904856681824,-0.026187971234321594,0.6093311905860901,0.4889351427555084,0.02608456090092659,0.6077537536621094,0.4968549311161041,0.03756353631615639,0.6337533593177795,0.4333164095878601,0.037723056972026825,0.6176820993423462,0.47963136434555054,0.03193381056189537,0.6359668970108032,0.38229045271873474,0.023946240544319153,0.5848190188407898,0.5118672847747803,0.011463942937552929,0.5697081089019775,0.447133868932724,-0.018826855346560478,0.590804934501648,0.42786160111427307,-0.006682499311864376,0.6309561729431152,0.3971075713634491,0.017619166523218155,0.6066210269927979,0.40178102254867554,-0.0012452410301193595,0.6014652848243713,0.40233755111694336,-0.0025426943320780993,0.5925391316413879,0.47448819875717163,0.0030751454178243876,0.6268846392631531,0.44730144739151,0.020496780052781105,0.5749930739402771,0.5201724767684937,0.014298167079687119,0.590836763381958,0.5116422772407532,0.024164898321032524,0.5983275175094604,0.5057106018066406,0.030022572726011276,0.5961824655532837,0.400863915681839,-0.0026613075751811266,0.5911073684692383,0.39825132489204407,-0.0017927935114130378,0.5878520607948303,0.3966679275035858,-0.0006553868297487497,0.6302293539047241,0.37999406456947327,0.010986783541738987,0.5925303101539612,0.38907530903816223,-0.003568369895219803,0.5980796813964844,0.38699620962142944,-0.004614321049302816,0.6034072041511536,0.3872162997722626,-0.004455211106687784,0.6083328723907471,0.3890257477760315,-0.0029225125908851624,0.6112762689590454,0.3913395404815674,-0.0009562536142766476,0.6399989128112793,0.3785395920276642,0.039056144654750824,0.6099685430526733,0.3999992609024048,0.0005492554628290236,0.5859808325767517,0.4564535617828369,-0.007173363585025072,0.5808818340301514,0.4424683749675751,-0.01630287617444992,0.5752478241920471,0.4548351466655731,-0.012391466647386551,0.6004779934883118,0.49798816442489624,0.021962454542517662,0.5926564335823059,0.5048234462738037,0.01714681275188923,0.575424313545227,0.51653653383255,0.006669174414128065,0.6158578991889954,0.4864580035209656,0.046846725046634674,0.5882512927055359,0.3927919566631317,-0.0018687094561755657,0.5786733627319336,0.4110855162143707,-0.016983825713396072,0.5832862257957458,0.5167883038520813,0.018061403185129166,0.629920244216919,0.4505781829357147,0.03862691670656204,0.5801603198051453,0.4733900725841522,-0.00351591850630939,0.581123411655426,0.47633859515190125,-0.004106307867914438,0.5818331241607666,0.4800413250923157,-0.004808875732123852,0.5821859240531921,0.4844619631767273,-0.0036186734214425087,0.5814715623855591,0.4904085695743561,0.001360578229650855,0.590472400188446,0.47100481390953064,0.0007733808015473187,0.5917747020721436,0.47007644176483154,0.0007126772543415427,0.5928690433502197,0.46913278102874756,0.0004990110173821449,0.5964846611022949,0.4645519256591797,0.0009019421995617449,0.6197187900543213,0.4512178599834442,0.009367448277771473,0.5793300867080688,0.4026779532432556,-0.01237691193819046,0.5830707550048828,0.387228786945343,-0.004904248286038637,0.5861840844154358,0.38902193307876587,-0.002859310479834676,0.5891048312187195,0.47188442945480347,0.0014289774699136615,0.6176445484161377,0.4690495729446411,0.019908802583813667,0.5780194401741028,0.38625502586364746,-0.011717124842107296,0.5834543704986572,0.4978092312812805,0.004708533640950918,0.5748320817947388,0.40682047605514526,-0.021049868315458298,0.581745445728302,0.4238806664943695,-0.01619580201804638,0.5745248198509216,0.5020857453346252,0.0020159310661256313,0.5968049168586731,0.4827216863632202,0.009143099188804626,0.5924862027168274,0.4440116882324219,-0.004080033395439386,0.5904654860496521,0.49124252796173096,0.0073486450128257275,0.607465386390686,0.4440707564353943,-0.002127277199178934,0.5983126163482666,0.4517899751663208,-0.0020848058629781008,0.6114909052848816,0.4562273323535919,0.0034313939977437258,0.5754532814025879,0.5105387568473816,0.003082472365349531,0.5848261117935181,0.42817553877830505,-0.011908763088285923,0.6002355813980103,0.48946458101272583,0.014788041822612286,0.5923508405685425,0.4976045489311218,0.012020290829241276,0.6026158332824707,0.47326207160949707,0.00823839008808136,0.6238186359405518,0.4602213501930237,0.02392677590250969,0.6092108488082886,0.47613704204559326,0.013565846718847752,0.6250126361846924,0.466060608625412,0.037970297038555145,0.6027604341506958,0.46050170063972473,0.001564474543556571,0.5819870233535767,0.41650035977363586,-0.012706238776445389,0.5800406336784363,0.44034770131111145,-0.02330191619694233,0.5833234786987305,0.4417239725589752,-0.01697639189660549,0.5777884721755981,0.43503525853157043,-0.027312247082591057,0.5884629487991333,0.37837570905685425,-0.007333565969020128,0.5989342331886292,0.37221473455429077,-0.008426173590123653,0.6077852845191956,0.37137579917907715,-0.00787887629121542,0.6147655844688416,0.3736203908920288,-0.005330564919859171,0.6193605661392212,0.3781818151473999,-0.0016501389909535646,0.6210365891456604,0.3949423134326935,0.007802278269082308,0.6364107728004456,0.41629818081855774,0.034869782626628876,0.6160602569580078,0.4081404507160187,0.004074639640748501,0.6100882887840271,0.4106405973434448,0.0010690883500501513,0.6021990776062012,0.4108637869358063,-0.0010412306291982532,0.5945983529090881,0.40851545333862305,-0.0024780186358839273,0.5886276960372925,0.4048597812652588,-0.0024188575334846973,0.5846297144889832,0.40155449509620667,-0.0030608067754656076,0.6373639106750488,0.4156115651130676,0.056466713547706604,0.5831810235977173,0.443223237991333,-0.013991563580930233,0.5780835151672363,0.41860219836235046,-0.02086149901151657,0.5760381817817688,0.44098109006881714,-0.027312321588397026,0.5731359720230103,0.44450250267982483,-0.024501413106918335,0.5761145353317261,0.4421549439430237,-0.02451934479176998,0.581828236579895,0.44513005018234253,-0.0116734579205513,0.5720247030258179,0.44529396295547485,-0.025882238522171974,0.5714166760444641,0.4466416537761688,-0.01902163028717041,0.584358274936676,0.3953710198402405,-0.001296024420298636,0.5816572904586792,0.39657914638519287,-0.004237585235387087,0.5799108743667603,0.3978787064552307,-0.007594090886414051,0.6129283905029297,0.3931043744087219,0.0012223260710015893,0.6176051497459412,0.38753148913383484,0.0014576331013813615,0.542018473148346,0.3899068236351013,0.0012938318541273475,0.5478871464729309,0.3905276954174042,0.0012938318541273475,0.5425972938537598,0.38220730423927307,0.0012938318541273475,0.5360087156295776,0.38925036787986755,0.0012938318541273475,0.5414113998413086,0.3975292146205902,0.0012938318541273475,0.60020911693573,0.3941219747066498,-0.001260165125131607,0.6062246561050415,0.39450693130493164,-0.001260165125131607,0.6003938317298889,0.38662004470825195,-0.001260165125131607,0.5942746996879578,0.3936878442764282,-0.001260165125131607,0.600029706954956,0.40157315135002136,-0.001260165125131607
2966.666666666669,0.5686940550804138,0.46643033623695374,-0.012458561919629574,0.5678058862686157,0.4432951509952545,-0.029834778979420662,0.5678924918174744,0.4498231112957001,-0.014524359256029129,0.5646580457687378,0.415378600358963,-0.024539334699511528,0.5681326985359192,0.4349414110183716,-0.03242290019989014,0.5687308311462402,0.42374423146247864,-0.03106909990310669,0.5703911185264587,0.3963501453399658,-0.018494030460715294,0.5299443602561951,0.3914695382118225,0.0046185716055333614,0.5717324614524841,0.3720230162143707,-0.016437936574220657,0.5723503828048706,0.35985684394836426,-0.018871797248721123,0.5746687054634094,0.31887224316596985,-0.018109392374753952,0.5685011148452759,0.46981391310691833,-0.011482498608529568,0.5682668089866638,0.47311222553253174,-0.009519826620817184,0.5681164264678955,0.47517356276512146,-0.006766652688384056,0.5679232478141785,0.47542616724967957,-0.005179551895707846,0.5677556991577148,0.47980719804763794,-0.005613463930785656,0.5674918293952942,0.4848328232765198,-0.006298670079559088,0.5671834349632263,0.4897664785385132,-0.004840849433094263,0.5663453936576843,0.49531179666519165,0.0013188087614253163,0.5677804350852966,0.44716790318489075,-0.02662939578294754,0.5631245374679565,0.4459696412086487,-0.01873776502907276,0.5110882520675659,0.35300278663635254,0.02908528968691826,0.5461165904998779,0.4016876220703125,-0.0016556070186197758,0.5399957299232483,0.40199214220046997,-0.0007625597645528615,0.5344910621643066,0.40004056692123413,0.0011926789302378893,0.5277687311172485,0.39263808727264404,0.006201990880072117,0.5514078140258789,0.39930590987205505,-0.0011145130265504122,0.5389227271080017,0.3702845573425293,-0.004686673171818256,0.545796811580658,0.37260380387306213,-0.0051512448117136955,0.5324003100395203,0.3711831271648407,-0.0021194987930357456,0.5280963778495789,0.37479355931282043,0.0005772268050350249,0.5233048796653748,0.3957495391368866,0.009866708889603615,0.546749472618103,0.5031785368919373,0.010097234509885311,0.5283457040786743,0.3876878619194031,0.006664258893579245,0.5076311230659485,0.3891412019729614,0.035492584109306335,0.5174558162689209,0.38642579317092896,0.015414751134812832,0.5402596592903137,0.43071335554122925,-0.003116557141765952,0.5609671473503113,0.4638715386390686,-0.011560264974832535,0.5611527562141418,0.4719592034816742,-0.008393559604883194,0.5533493757247925,0.4651254117488861,-0.007574810180813074,0.5480488538742065,0.4663779139518738,-0.0024854112416505814,0.5550768375396729,0.47093650698661804,-0.005637765396386385,0.5502303838729858,0.47016215324401855,-0.0010729964124038815,0.5420140624046326,0.4746648967266083,0.008828933350741863,0.563413679599762,0.4426782429218292,-0.029242010787129402,0.5630871653556824,0.43450549244880676,-0.0315982960164547,0.5199323892593384,0.36075782775878906,0.0024405501317232847,0.5531736612319946,0.41261154413223267,-0.006023268681019545,0.5519112944602966,0.43754950165748596,-0.015322663821280003,0.5518373847007751,0.4329741597175598,-0.013998831622302532,0.5224088430404663,0.42715051770210266,0.005177268758416176,0.5638620853424072,0.42415985465049744,-0.029127847403287888,0.5330196619033813,0.352876216173172,-0.008672166615724564,0.5251843929290771,0.35469019412994385,-0.003352902829647064,0.5167908668518066,0.33838874101638794,0.01613709144294262,0.558888852596283,0.3663361370563507,-0.014555810950696468,0.5514646768569946,0.37810084223747253,-0.003652774728834629,0.5378499031066895,0.4660656452178955,0.009104152210056782,0.5145025849342346,0.46353623270988464,0.0593532957136631,0.5557003617286682,0.4425795376300812,-0.013027357868850231,0.5598903298377991,0.445451945066452,-0.012987342663109303,0.5407946109771729,0.4681866765022278,0.008576599881052971,0.5423020720481873,0.46876704692840576,0.006903237663209438,0.5221110582351685,0.3471437692642212,-0.0012813715729862452,0.5516148805618286,0.4402678906917572,-0.011860007420182228,0.5438721776008606,0.35603010654449463,-0.012633582577109337,0.5431983470916748,0.3481866419315338,-0.014594893902540207,0.5404388308525085,0.32043352723121643,-0.009050698019564152,0.5201379656791687,0.3465943932533264,0.0059103649109601974,0.542841374874115,0.3365541398525238,-0.012397393584251404,0.5166683793067932,0.3552822470664978,0.006845696829259396,0.5142645835876465,0.358382910490036,0.016939587891101837,0.560894787311554,0.46830734610557556,-0.010543975979089737,0.5541755557060242,0.46818599104881287,-0.006759654730558395,0.5490575432777405,0.46827852725982666,-0.0021805227734148502,0.5568553805351257,0.44389018416404724,-0.011519035324454308,0.5415624380111694,0.468486487865448,0.007713062223047018,0.5445852279663086,0.47175443172454834,0.004695451352745295,0.5431026816368103,0.46907708048820496,0.006789740640670061,0.5580316185951233,0.4413314759731293,-0.021060440689325333,0.5511339902877808,0.4715419113636017,-7.774442929076031e-05,0.555917501449585,0.47279995679855347,-0.0032478226348757744,0.5616016387939453,0.4741060137748718,-0.005761992651969194,0.5586438775062561,0.4940597414970398,0.001954352017492056,0.5591457486152649,0.4881734549999237,-0.004060647450387478,0.5597085356712341,0.48322129249572754,-0.0052633765153586864,0.5605102181434631,0.4782845079898834,-0.004524529445916414,0.561382532119751,0.474341481924057,-0.0040963999927043915,0.5509086847305298,0.4715547263622284,0.001269379979930818,0.5495912432670593,0.4731341004371643,0.0007209499017335474,0.5481122732162476,0.47535425424575806,0.00021007673058193177,0.5469146370887756,0.47788795828819275,0.0015528604853898287,0.5440967679023743,0.45699965953826904,-0.0012918200809508562,0.5083085298538208,0.42390167713165283,0.06328878551721573,0.5678287744522095,0.44854655861854553,-0.018907010555267334,0.5473255515098572,0.47038671374320984,0.004677328281104565,0.5459545254707336,0.47099214792251587,0.004408078268170357,0.5613522529602051,0.44851770997047424,-0.012731853872537613,0.5530892014503479,0.44441384077072144,-0.007235277444124222,0.5606908202171326,0.4470345675945282,-0.01303060818463564,0.5466644167900085,0.41631752252578735,-0.003320466959849,0.5364825129508972,0.420085072517395,-0.0006042438908480108,0.5507685542106628,0.43587997555732727,-0.010432450100779533,0.5260201096534729,0.3271336853504181,0.0028515218291431665,0.5291211009025574,0.3387277126312256,-0.00378053798340261,0.5310721397399902,0.3448060154914856,-0.008668986149132252,0.5459992289543152,0.4821280241012573,0.0063205319456756115,0.5576594471931458,0.35391542315483093,-0.017801642417907715,0.5570828318595886,0.33778053522109985,-0.017440389841794968,0.5561116933822632,0.31811925768852234,-0.01611758954823017,0.5300620794296265,0.3970645070075989,0.003928130492568016,0.5173203349113464,0.3998773694038391,0.01375655923038721,0.5548931360244751,0.39694055914878845,-0.0007335830596275628,0.5225914120674133,0.3767491281032562,0.006179841235280037,0.5574169158935547,0.40790897607803345,-0.00857982225716114,0.5549439787864685,0.4357110261917114,-0.021242236718535423,0.5111908316612244,0.40568655729293823,0.021167397499084473,0.5206612348556519,0.40712350606918335,0.009030611254274845,0.5275680422782898,0.4117282032966614,0.0036602101754397154,0.5383609533309937,0.41260892152786255,0.0007874015136621892,0.5466360449790955,0.4106237292289734,-0.0012674115132540464,0.5530136227607727,0.407492458820343,-0.0033611885737627745,0.565106987953186,0.3979370594024658,-0.01598583161830902,0.5110624432563782,0.42240017652511597,0.0213354229927063,0.5183903574943542,0.37287357449531555,0.008879393339157104,0.5651448369026184,0.44664615392684937,-0.026209695264697075,0.5535421967506409,0.4205852448940277,-0.007965616881847382,0.5066702961921692,0.38735347986221313,0.054451871663331985,0.5577870607376099,0.4035989046096802,-0.004909117240458727,0.5501707196235657,0.4358128011226654,-0.004813856910914183,0.5257245302200317,0.38625797629356384,0.008068474940955639,0.5551239252090454,0.43009984493255615,-0.0195924062281847,0.5105311870574951,0.4434673488140106,0.06288527697324753,0.5553323030471802,0.3937813937664032,0.00015116340364329517,0.5593559145927429,0.4263317286968231,-0.02543620392680168,0.5252894759178162,0.4829437732696533,0.03016922064125538,0.5266535878181458,0.49118340015411377,0.041643258184194565,0.5074576139450073,0.42352503538131714,0.042272940278053284,0.5181268453598022,0.47239968180656433,0.036381881684064865,0.5106847286224365,0.3727510869503021,0.027688978239893913,0.5464189052581787,0.5096783638000488,0.01433536596596241,0.565798819065094,0.4480655789375305,-0.01847808063030243,0.5480067729949951,0.42541804909706116,-0.005174175836145878,0.5129633545875549,0.386584997177124,0.021337397396564484,0.5350284576416016,0.3968530595302582,0.000928967259824276,0.5400446057319641,0.39835384488105774,-0.0006489784573204815,0.5433986783027649,0.47273221611976624,0.005811847746372223,0.5118159055709839,0.4384680986404419,0.024827446788549423,0.5556368827819824,0.5197590589523315,0.016557354480028152,0.5414071679115295,0.5086052417755127,0.027568887919187546,0.5349097847938538,0.5014739036560059,0.03375503048300743,0.5734350681304932,0.33957159519195557,-0.019323276355862617,0.5656620860099792,0.5219625234603882,0.014583664946258068,0.5453089475631714,0.39788034558296204,-0.0011327436659485102,0.5503398776054382,0.3961474299430847,-0.0005963353323750198,0.5536354184150696,0.39488181471824646,0.00032998950337059796,0.5146308541297913,0.3694818317890167,0.014503308571875095,0.5502042174339294,0.3861997127532959,-0.0023077584337443113,0.545037031173706,0.38287240266799927,-0.003048455808311701,0.5398978590965271,0.3819355368614197,-0.0025245342403650284,0.5348628759384155,0.3828059732913971,-0.0006307926960289478,0.5316470861434937,0.38462033867836,0.0014872816391289234,0.5079134702682495,0.3684801757335663,0.04291009157896042,0.5318544507026672,0.3942481279373169,0.002973015885800123,0.5677841901779175,0.45526885986328125,-0.012399679981172085,0.5500907897949219,0.4545292258262634,-0.005428493954241276,0.5556689500808716,0.44169914722442627,-0.01534096896648407,0.5603171586990356,0.454603910446167,-0.011435488238930702,0.5710977911949158,0.38425731658935547,-0.015551607124507427,0.5330666303634644,0.493231862783432,0.025682814419269562,0.5397739410400391,0.5012922883033752,0.020469333976507187,0.5549629926681519,0.515957772731781,0.008946106769144535,0.5201382040977478,0.47949331998825073,0.051325492560863495,0.5537984371185303,0.3907645344734192,-0.0008424535626545548,0.5608983039855957,0.4108674228191376,-0.016493191942572594,0.5655353665351868,0.5179853439331055,0.0072844186797738075,0.5479526519775391,0.5150268077850342,0.021008159965276718,0.5093336701393127,0.4413073658943176,0.04321611672639847,0.5556859374046326,0.47295019030570984,-0.0016723242588341236,0.5543794631958008,0.47583043575286865,-0.002203888026997447,0.553212583065033,0.4795166254043579,-0.002785853575915098,0.5523175001144409,0.4838690161705017,-0.0015191545244306326,0.5513790249824524,0.48894810676574707,0.0036413075868040323,0.5461678504943848,0.4693971574306488,0.0032696339767426252,0.5449391603469849,0.46833378076553345,0.00334542547352612,0.54398113489151,0.4672798812389374,0.0031873048283159733,0.5395848751068115,0.4606369733810425,0.0037681213580071926,0.5178660750389099,0.4435705244541168,0.013227974995970726,0.5613897442817688,0.4023778438568115,-0.011926925741136074,0.5591711401939392,0.38535410165786743,-0.004528313875198364,0.5560491681098938,0.38701003789901733,-0.002123913960531354,0.5474337339401245,0.4704345166683197,0.003785393899306655,0.5187094807624817,0.4617912471294403,0.024019313976168633,0.5641470551490784,0.3847940266132355,-0.011749341152608395,0.5487695336341858,0.4958932399749756,0.007167438045144081,0.569281280040741,0.4145987629890442,-0.02670353278517723,0.5648160576820374,0.4072602093219757,-0.020931418985128403,0.5698022246360779,0.4060426354408264,-0.022524064406752586,0.5567299127578735,0.4230475127696991,-0.015345552936196327,0.5656803846359253,0.5117320418357849,0.003510154550895095,0.565992534160614,0.5031837224960327,0.0024362432304769754,0.5568925142288208,0.50169837474823,0.003858896205201745,0.5377857089042664,0.4785432815551758,0.012397311627864838,0.5449274182319641,0.4411577880382538,-0.0022345539182424545,0.5429219603538513,0.4881172478199005,0.010241309180855751,0.530113935470581,0.43855366110801697,0.0006335441139526665,0.5385841131210327,0.4477323591709137,0.00035440869396552444,0.5253559350967407,0.44987112283706665,0.006751316133886576,0.5552759766578674,0.509910523891449,0.005252953618764877,0.5536074042320251,0.4268672466278076,-0.010785391554236412,0.5339145660400391,0.48476916551589966,0.018343018367886543,0.5405428409576416,0.4941721558570862,0.015125448815524578,0.5329628586769104,0.4682111144065857,0.011734540574252605,0.5137267112731934,0.45194143056869507,0.028236566111445427,0.5261978507041931,0.47012901306152344,0.017346415668725967,0.5125397443771362,0.45764070749282837,0.04263751953840256,0.5337473154067993,0.45548856258392334,0.0046331570483744144,0.5573848485946655,0.41567379236221313,-0.011887341737747192,0.5563912391662598,0.43977123498916626,-0.022305162623524666,0.5533961653709412,0.4405723512172699,-0.015804892405867577,0.5587612390518188,0.43487879633903503,-0.026418469846248627,0.5545998811721802,0.37467092275619507,-0.006652745418250561,0.5450195670127869,0.36635860800743103,-0.0071724094450473785,0.53648442029953,0.364000141620636,-0.006032180972397327,0.5295140743255615,0.36533263325691223,-0.0029175877571105957,0.5247175097465515,0.36929091811180115,0.0011161391157656908,0.5221390724182129,0.38626497983932495,0.01085051242262125,0.5067649483680725,0.40626096725463867,0.03927290812134743,0.5260741114616394,0.4005983769893646,0.006981449201703072,0.5316422581672668,0.4045245349407196,0.0036038157995790243,0.5391303896903992,0.40644872188568115,0.0010028507094830275,0.5465894937515259,0.40560922026634216,-0.0009878204436972737,0.5525455474853516,0.40304744243621826,-0.001412932644598186,0.5565882921218872,0.4003973603248596,-0.0023608582559973,0.5072370171546936,0.4054097533226013,0.06074782460927963,0.5535091161727905,0.44208604097366333,-0.012830567546188831,0.5604369044303894,0.4184432625770569,-0.020232295617461205,0.5599157810211182,0.44104230403900146,-0.026610037311911583,0.5626798868179321,0.44491034746170044,-0.024006878957152367,0.5599746108055115,0.442143976688385,-0.023801984265446663,0.554751992225647,0.4441547393798828,-0.01064467616379261,0.5635531544685364,0.44590407609939575,-0.02542915567755699,0.5642355680465698,0.44733527302742004,-0.018581511452794075,0.5572206974029541,0.39391088485717773,-0.0006886731134727597,0.5597794651985168,0.39563867449760437,-0.0038638608530163765,0.5614355802536011,0.3971256911754608,-0.007271930109709501,0.5298160314559937,0.38615790009498596,0.0037949103862047195,0.5255822539329529,0.37931227684020996,0.004247932229191065,0.573905885219574,0.41603654623031616,-0.02495361492037773,0.6121897101402283,0.39852938055992126,0.0015943668549880385,0.5729293823242188,0.4466191232204437,-0.019052395597100258,0.6377131938934326,0.36274904012680054,0.024384796619415283,0.5953148603439331,0.4056328535079956,-0.003608953207731247,0.6015098690986633,0.40687257051467896,-0.003079730086028576,0.6072902679443359,0.4059732258319855,-0.0015267316484823823,0.614526629447937,0.4005530774593353,0.0029668305069208145,0.5899568796157837,0.4024655222892761,-0.002638345817103982,0.6049363613128662,0.3776855766773224,-0.00723400991410017,0.597920298576355,0.37850481271743774,-0.007163907401263714,0.6113002300262451,0.3796495199203491,-0.005036206915974617,0.6152380704879761,0.3836345076560974,-0.00257307686842978,0.619461178779602,0.4046703577041626,0.006476911250501871,0.5856612920761108,0.506228506565094,0.008673254400491714,0.6141619086265564,0.3955056965351105,0.003488893387839198,0.6373398303985596,0.39917105436325073,0.030907923355698586,0.6262497901916504,0.3970378637313843,0.011608128435909748,0.5982531905174255,0.4350801408290863,-0.005104904994368553,0.5765504240989685,0.4648020267486572,-0.012152843177318573,0.5754054188728333,0.4727945029735565,-0.008969571441411972,0.5838600993156433,0.46683189272880554,-0.008767934516072273,0.5887312889099121,0.468505322933197,-0.004077885765582323,0.5814602375030518,0.47242307662963867,-0.006745558697730303,0.5862006545066833,0.4720557928085327,-0.0024632459972053766,0.5936779975891113,0.47838613390922546,0.006820048205554485,0.5723171234130859,0.4432933032512665,-0.029495686292648315,0.573250949382782,0.4351833462715149,-0.0319131575524807,0.6249850988388062,0.37197673320770264,-0.0012674338649958372,0.5869197845458984,0.4150598347187042,-0.007335874252021313,0.5852634906768799,0.43980106711387634,-0.016528015956282616,0.5858671069145203,0.43526455760002136,-0.015267028473317623,0.6167891621589661,0.43445226550102234,0.001939908368512988,0.5736176371574402,0.4247910976409912,-0.029539579525589943,0.6115890145301819,0.3624769151210785,-0.011171371676027775,0.6196752786636353,0.36527422070503235,-0.006569396238774061,0.632997453212738,0.3472728729248047,0.0118716387078166,0.5841780304908752,0.371742844581604,-0.015337226912379265,0.5916527509689331,0.38252219557762146,-0.005283458158373833,0.5987101793289185,0.47035810351371765,0.0067726122215390205,0.6237752437591553,0.4717899560928345,0.05519155412912369,0.5810108780860901,0.4442741870880127,-0.014003604650497437,0.5765488743782043,0.4465409815311432,-0.013472438789904118,0.5954259634017944,0.47068941593170166,0.006520413793623447,0.593864917755127,0.4711318016052246,0.005077514331787825,0.6233397126197815,0.3584231436252594,-0.004731827415525913,0.5854952335357666,0.44253990054130554,-0.013035288080573082,0.6001242399215698,0.36409032344818115,-0.014384003356099129,0.6012526750564575,0.35639333724975586,-0.016384122893214226,0.6096275448799133,0.3255883455276489,-0.011496527120471,0.62823486328125,0.354907751083374,0.0021664476953446865,0.6050222516059875,0.3412337601184845,-0.014419503509998322,0.6287356019020081,0.36721861362457275,0.0028916154988110065,0.6334063410758972,0.3676590621471405,0.012700892053544521,0.5761326551437378,0.4692215025424957,-0.011156045831739902,0.5826928019523621,0.46980899572372437,-0.007927514612674713,0.5875635743141174,0.4702746868133545,-0.0036927470937371254,0.579751193523407,0.44540220499038696,-0.012237547896802425,0.5946279764175415,0.4709194302558899,0.0057963221333920956,0.5912688970565796,0.4739808738231659,0.003039652481675148,0.5930286645889282,0.47137290239334106,0.005021865479648113,0.5784180760383606,0.44272124767303467,-0.02187875099480152,0.5851497650146484,0.4733055830001831,-0.0013885967200621963,0.5803821682929993,0.47414469718933105,-0.0042607043869793415,0.5747208595275879,0.4748772382736206,-0.006348098628222942,0.574256420135498,0.4953342080116272,0.001408010721206665,0.5753000378608704,0.4890880882740021,-0.004677064251154661,0.575288712978363,0.4840909242630005,-0.005928853526711464,0.5750259160995483,0.47910746932029724,-0.005176117178052664,0.5745581984519958,0.47507843375205994,-0.004712724592536688,0.5850592851638794,0.47332563996315,-5.281467747408897e-05,0.5862264633178711,0.4750071167945862,-0.0005913706845603883,0.5874166488647461,0.4773419201374054,-0.0011115452507510781,0.588269829750061,0.4799678325653076,0.00018610306142363697,0.5923895835876465,0.4604814350605011,-0.0030313213355839252,0.6340700387954712,0.4336792528629303,0.058677297085523605,0.588735818862915,0.47243136167526245,0.003083733841776848,0.5900146961212158,0.473127543926239,0.002798072062432766,0.5748288035392761,0.44945889711380005,-0.013187638483941555,0.5838585495948792,0.44647839665412903,-0.008164492435753345,0.5756147503852844,0.44806623458862305,-0.013496612198650837,0.5931912660598755,0.41978704929351807,-0.005045583937317133,0.6031261682510376,0.4252026677131653,-0.0029552169144153595,0.5868661999702454,0.43835029006004333,-0.011719259433448315,0.6242220997810364,0.33455219864845276,-0.0006391548085957766,0.6193846464157104,0.3456171154975891,-0.0067748138681054115,0.6140063405036926,0.3546297252178192,-0.011362872086465359,0.5885658264160156,0.48533153533935547,0.004709132481366396,0.5863050222396851,0.35985636711120605,-0.018652411177754402,0.5901740789413452,0.34027326107025146,-0.018453607335686684,0.5936217308044434,0.32087382674217224,-0.01734989881515503,0.6118956804275513,0.40417468547821045,0.0008600417640991509,0.6254693269729614,0.4098789095878601,0.009988212957978249,0.586462140083313,0.39974820613861084,-0.0020966515876352787,0.6210142970085144,0.38652312755584717,0.002654672134667635,0.5829859375953674,0.4097342789173126,-0.009631592780351639,0.5820303559303284,0.43755245208740234,-0.022218680009245872,0.6311208605766296,0.41501468420028687,0.016946472227573395,0.6215218305587769,0.41621270775794983,0.005506953690201044,0.6141141057014465,0.4192546308040619,0.0006111132097430527,0.6028956770896912,0.41808104515075684,-0.001547336927615106,0.5944728255271912,0.41456395387649536,-0.0030546740163117647,0.5880940556526184,0.4103248715400696,-0.004714249633252621,0.5756762623786926,0.39866653084754944,-0.016424980014562607,0.6293522715568542,0.43161943554878235,0.017111865803599358,0.6259017586708069,0.3838408887386322,0.005000725854188204,0.5704728960990906,0.44699808955192566,-0.02641921117901802,0.5856432914733887,0.4228638708591461,-0.009207859635353088,0.6393963098526001,0.39750006794929504,0.0496772937476635,0.5833516120910645,0.4056492745876312,-0.00595089141279459,0.5876898169517517,0.43840861320495605,-0.00604646559804678,0.6169683933258057,0.3949316442012787,0.004766686353832483,0.5825307965278625,0.431941419839859,-0.020585661754012108,0.629875898361206,0.4527033567428589,0.05845307558774948,0.5862023234367371,0.3967762887477875,-0.001233091694302857,0.5782150030136108,0.4275915026664734,-0.026174554601311684,0.6098998785018921,0.48927152156829834,0.026966633275151253,0.6083058714866638,0.4971267580986023,0.03846318647265434,0.6337534189224243,0.4333164691925049,0.03762563318014145,0.6181491613388062,0.47985610365867615,0.032602742314338684,0.6356921195983887,0.38244789838790894,0.023204969242215157,0.5855861306190491,0.5127264261245728,0.012797825038433075,0.5699288845062256,0.44832900166511536,-0.018612006679177284,0.5908931493759155,0.4285351634025574,-0.006724901031702757,0.6310738325119019,0.3981141149997711,0.017142703756690025,0.6067119240760803,0.40243422985076904,-0.00169043755158782,0.6015862822532654,0.40313422679901123,-0.0029885214753448963,0.5923526287078857,0.4750523269176483,0.004034259356558323,0.6271100044250488,0.4474135637283325,0.020701507106423378,0.5758281350135803,0.5212014317512512,0.01572270132601261,0.5915514230728149,0.5122357606887817,0.025396818295121193,0.5989794731140137,0.5061439871788025,0.0311117023229599,0.5962944626808167,0.40187984704971313,-0.003132753074169159,0.5911803245544434,0.39946696162223816,-0.002286414848640561,0.5878647565841675,0.3979729413986206,-0.0011788227129727602,0.6301400661468506,0.3811013996601105,0.010373924858868122,0.5923797488212585,0.3903948962688446,-0.004140748642385006,0.5979009866714478,0.388273686170578,-0.005169013049453497,0.6032053232192993,0.3883836269378662,-0.004996056668460369,0.6081506609916687,0.39005276560783386,-0.003437919309362769,0.6111341118812561,0.39224889874458313,-0.0014633757527917624,0.639650821685791,0.3785727024078369,0.03811600059270859,0.6100077033042908,0.40063002705574036,9.361802221974358e-05,0.5863324999809265,0.45705729722976685,-0.006712102331221104,0.5810062885284424,0.44342371821403503,-0.016184840351343155,0.5755748152732849,0.45572835206985474,-0.011997495777904987,0.6010979413986206,0.4984361529350281,0.023056652396917343,0.5933483242988586,0.5054510831832886,0.018376564607024193,0.5762461423873901,0.5176124572753906,0.008078055456280708,0.6162694692611694,0.4865693151950836,0.047509003430604935,0.5881520509719849,0.39410412311553955,-0.002423091558739543,0.5786439180374146,0.4121215045452118,-0.017205776646733284,0.5840712189674377,0.5175983905792236,0.01941363699734211,0.630082368850708,0.4506061375141144,0.03877664729952812,0.5802517533302307,0.47426360845565796,-0.0027000014670193195,0.5812596678733826,0.4772651493549347,-0.003245965112000704,0.5820378661155701,0.4810248911380768,-0.003871043212711811,0.5824474096298218,0.48544228076934814,-0.0026092573534697294,0.5821951031684875,0.49129998683929443,0.0024496393743902445,0.5901607871055603,0.47151780128479004,0.0015467619523406029,0.59145188331604,0.4705665409564972,0.001497532706707716,0.5925255417823792,0.46961739659309387,0.0012670020805671811,0.597001314163208,0.4647490978240967,0.0016021098708733916,0.6200639009475708,0.4514538645744324,0.009660818614065647,0.5792531967163086,0.4036553204059601,-0.01271046232432127,0.5829777717590332,0.3884086608886719,-0.005497072823345661,0.586076557636261,0.390281081199646,-0.0034283411223441362,0.5888205170631409,0.47244471311569214,0.0021998994052410126,0.618111252784729,0.46927183866500854,0.02045738883316517,0.5779539346694946,0.3873002827167511,-0.012268895283341408,0.5841817855834961,0.49861955642700195,0.005874635186046362,0.574774980545044,0.40794849395751953,-0.021319784224033356,0.5817796587944031,0.42482760548591614,-0.01627850905060768,0.5752753019332886,0.5031442642211914,0.003214270109310746,0.5973677039146423,0.4829886555671692,0.010144480504095554,0.5926783084869385,0.44457903504371643,-0.0038792314007878304,0.5911266803741455,0.4917636215686798,0.008464035578072071,0.607784628868103,0.44452157616615295,-0.0019143121317029,0.5986408591270447,0.4522455334663391,-0.0017005399568006396,0.611884593963623,0.4565272629261017,0.0038306633941829205,0.5762373208999634,0.5115888714790344,0.004411009605973959,0.5848630666732788,0.4290037453174591,-0.011940091848373413,0.6008099317550659,0.48983824253082275,0.015816938132047653,0.5930183529853821,0.4981953501701355,0.013186140917241573,0.6031233668327332,0.4733924865722656,0.009047441184520721,0.6241671442985535,0.4603547751903534,0.024314183741807938,0.6097345948219299,0.47639894485473633,0.014316660352051258,0.6253160238265991,0.46616503596305847,0.03838847577571869,0.6031931638717651,0.460720956325531,0.0021120146848261356,0.5819864273071289,0.41742974519729614,-0.012870733626186848,0.5801573395729065,0.44141167402267456,-0.023172501474618912,0.5834366083145142,0.44261911511421204,-0.01682933233678341,0.5778820514678955,0.4361822009086609,-0.02720143459737301,0.588270366191864,0.3794606328010559,-0.007965846918523312,0.5986493229866028,0.37320876121520996,-0.009037647396326065,0.6074870228767395,0.37230077385902405,-0.008442365564405918,0.6145046949386597,0.3744683563709259,-0.005857130046933889,0.6191734075546265,0.37900304794311523,-0.002167599508538842,0.621030330657959,0.3957817256450653,0.007338182535022497,0.6362884640693665,0.4163295030593872,0.034559447318315506,0.6161977052688599,0.40877988934516907,0.0037564365193247795,0.6102548241615295,0.41126877069473267,0.0007864611106924713,0.6023870706558228,0.4116402268409729,-0.001318281632848084,0.5947546362876892,0.40948864817619324,-0.0028145958203822374,0.588711142539978,0.40597763657569885,-0.0027860314585268497,0.5846585035324097,0.4026990532875061,-0.003474834142252803,0.6371245384216309,0.41542649269104004,0.05595884844660759,0.5833058953285217,0.44404828548431396,-0.01383808720856905,0.578096866607666,0.41967490315437317,-0.02097327634692192,0.5761746168136597,0.4421597719192505,-0.027153369039297104,0.5733184814453125,0.44566935300827026,-0.02430918999016285,0.576262354850769,0.4432932436466217,-0.024363946169614792,0.5819942951202393,0.44592830538749695,-0.011498109437525272,0.5722215175628662,0.4464951753616333,-0.025673883035779,0.571620762348175,0.4477969706058502,-0.018815476447343826,0.5843045115470886,0.39664384722709656,-0.001823948696255684,0.5816371440887451,0.3977288007736206,-0.004727914463728666,0.5799076557159424,0.3988505005836487,-0.00802647415548563,0.6128260493278503,0.3939310312271118,0.0007269410416483879,0.6174863576889038,0.3883199393749237,0.0009599640616215765,0.5419036149978638,0.3910141587257385,0.0005760067142546177,0.5477287769317627,0.3916753828525543,0.0005760067142546177,0.5424309968948364,0.38358253240585327,0.0005760067142546177,0.5359538197517395,0.3903234601020813,0.0005760067142546177,0.5413479804992676,0.39837387204170227,0.0005760067142546177,0.6000023484230042,0.3947004973888397,-0.0017647766508162022,0.6060470342636108,0.39505812525749207,-0.0017647766508162022,0.600184440612793,0.38721776008605957,-0.0017647766508162022,0.5940313339233398,0.39428824186325073,-0.0017647766508162022,0.5998194813728333,0.4021165072917938,-0.0017647766508162022
3000.0000000000023,0.568371593952179,0.46645015478134155,-0.012731402181088924,0.5677587985992432,0.44296330213546753,-0.030002878978848457,0.5678040385246277,0.4495787024497986,-0.01470025721937418,0.564725399017334,0.4151264727115631,-0.02451879344880581,0.5681231021881104,0.434610515832901,-0.03255876898765564,0.5687757134437561,0.4234534800052643,-0.031139323487877846,0.5705655813217163,0.39621132612228394,-0.01835043542087078,0.5300549268722534,0.39136630296707153,0.0050038062036037445,0.571977972984314,0.3722032904624939,-0.016171887516975403,0.5726298689842224,0.36008065938949585,-0.018531329929828644,0.5751053690910339,0.31891900300979614,-0.017424659803509712,0.5681874752044678,0.4698144793510437,-0.011762851849198341,0.5679734945297241,0.4730866551399231,-0.009798632003366947,0.5678420066833496,0.4751521348953247,-0.0070167239755392075,0.5676246285438538,0.47535309195518494,-0.005535708740353584,0.5674415826797485,0.47970861196517944,-0.005976955872029066,0.5671684741973877,0.4846925139427185,-0.006718476768583059,0.566860556602478,0.48961499333381653,-0.005338738672435284,0.5660320520401001,0.4949086904525757,0.0007405993528664112,0.5677164196968079,0.44686344265937805,-0.026807552203536034,0.563008189201355,0.44569268822669983,-0.018879787996411324,0.5111368894577026,0.352980375289917,0.029861394315958023,0.5462837219238281,0.4016241133213043,-0.0013375031994655728,0.5401201248168945,0.4019169509410858,-0.000451701256679371,0.5345981121063232,0.3999755382537842,0.0015105006750673056,0.527911901473999,0.3926379382610321,0.0065629007294774055,0.5516279339790344,0.3993237316608429,-0.0008102372521534562,0.5390350818634033,0.36999231576919556,-0.004316573031246662,0.5459855794906616,0.372344046831131,-0.004773804452270269,0.5324819684028625,0.37096279859542847,-0.001751324045471847,0.5281686782836914,0.374685138463974,0.0009565200307406485,0.5234775543212891,0.39580342173576355,0.01021675206720829,0.5463855862617493,0.5029076933860779,0.009466159157454967,0.5284650325775146,0.38756921887397766,0.007060835137963295,0.5076345205307007,0.3891684412956238,0.03603280708193779,0.5177084803581238,0.38662946224212646,0.015835227444767952,0.5401778221130371,0.4305810034275055,-0.003065424272790551,0.5607573390007019,0.46401119232177734,-0.011813933029770851,0.5609917044639587,0.47202882170677185,-0.008656308986246586,0.5532842874526978,0.4654237627983093,-0.007818763144314289,0.5480843186378479,0.466830313205719,-0.0027420977130532265,0.5550359487533569,0.47115558385849,-0.005894033703953028,0.5502715110778809,0.4705237150192261,-0.0013383992481976748,0.5416550040245056,0.4746266305446625,0.008430065587162971,0.5633383393287659,0.44233956933021545,-0.02940017729997635,0.5630456805229187,0.43416664004325867,-0.03172265738248825,0.5202274918556213,0.36106839776039124,0.0028661186806857586,0.5531883239746094,0.4125017821788788,-0.005876546259969473,0.55171138048172,0.4372992515563965,-0.015367304906249046,0.5516537427902222,0.43273356556892395,-0.014008121564984322,0.5223518013954163,0.42706719040870667,0.005289394874125719,0.5638777613639832,0.4238624572753906,-0.029180703684687614,0.533222496509552,0.35298866033554077,-0.008294332772493362,0.5254421830177307,0.35485154390335083,-0.0029604961164295673,0.5169236660003662,0.3383415639400482,0.016920652240514755,0.5589473247528076,0.3663957715034485,-0.014245507307350636,0.5517274737358093,0.3779367506504059,-0.0032707075588405132,0.5375023484230042,0.4661070704460144,0.008809966966509819,0.5142180323600769,0.46363383531570435,0.059427037835121155,0.5555182099342346,0.4423425495624542,-0.013091065920889378,0.5597277879714966,0.4452004134654999,-0.013120176270604134,0.5410336852073669,0.4688408374786377,0.008275935426354408,0.5425161719322205,0.46937447786331177,0.0065949042327702045,0.5224767923355103,0.3474951982498169,-0.0008132789516821504,0.5513948798179626,0.44004902243614197,-0.011910916306078434,0.5439910292625427,0.356110155582428,-0.012277580797672272,0.5433229207992554,0.3483617305755615,-0.014193013310432434,0.5407646894454956,0.3204030990600586,-0.008308841846883297,0.5202813148498535,0.34663209319114685,0.006528560072183609,0.5431408286094666,0.33660295605659485,-0.011806953698396683,0.5170649290084839,0.35570740699768066,0.007344742305576801,0.5143293142318726,0.35842952132225037,0.01757798343896866,0.5607106685638428,0.46841666102409363,-0.010806344449520111,0.5541267395019531,0.4684515595436096,-0.007013923022896051,0.5490961670875549,0.4686889946460724,-0.0024477022234350443,0.5566765666007996,0.44366124272346497,-0.011607278138399124,0.5417908430099487,0.469119131565094,0.007405972573906183,0.5446889996528625,0.47221630811691284,0.004319589119404554,0.5433191061019897,0.4696594178676605,0.006475459784269333,0.5578938722610474,0.44104471802711487,-0.021151036024093628,0.5511576533317566,0.471865713596344,-0.00033206347143277526,0.5558613538742065,0.4729841947555542,-0.0034840137232095003,0.5614386200904846,0.4741595983505249,-0.005997603293508291,0.5583480596542358,0.49367794394493103,0.0013833062257617712,0.5589084029197693,0.48809224367141724,-0.004549434874206781,0.5594760775566101,0.4831492006778717,-0.00568575132638216,0.5602871179580688,0.4782635271549225,-0.004881750326603651,0.5611924529075623,0.4743439853191376,-0.004442125093191862,0.550905704498291,0.4718608856201172,0.0009258627542294562,0.5495641231536865,0.4734300971031189,0.00035411203862167895,0.548082172870636,0.4756298065185547,-0.00019369454821571708,0.5468752980232239,0.4781562089920044,0.0011244438355788589,0.5438404679298401,0.4569237232208252,-0.0014944035792723298,0.5081174373626709,0.42404410243034363,0.0637412890791893,0.5677577257156372,0.4482695162296295,-0.019073598086833954,0.5474066734313965,0.4708310067653656,0.004333381075412035,0.5460450649261475,0.4714467525482178,0.004046544432640076,0.5611940026283264,0.44826164841651917,-0.012896237894892693,0.5528897643089294,0.4442283809185028,-0.0073090787045657635,0.5605290532112122,0.44677799940109253,-0.0131790516898036,0.5466370582580566,0.4162224233150482,-0.0031864556949585676,0.5364548563957214,0.4199982285499573,-0.0004897172912023962,0.5505669116973877,0.435666024684906,-0.010445645079016685,0.526253879070282,0.32708972692489624,0.0036123530007898808,0.5293543338775635,0.33877357840538025,-0.003169877454638481,0.5313276052474976,0.34504449367523193,-0.00820776168256998,0.5456932783126831,0.48193493485450745,0.0058476682752370834,0.5576815605163574,0.35405296087265015,-0.01743626967072487,0.5574153661727905,0.33781367540359497,-0.016876261681318283,0.5564978122711182,0.31810981035232544,-0.015403485856950283,0.5301842093467712,0.3970256745815277,0.004261555150151253,0.5175306797027588,0.399959534406662,0.014106035232543945,0.555159330368042,0.39702656865119934,-0.00041530284215696156,0.5227916836738586,0.37690889835357666,0.006586164701730013,0.557479977607727,0.4077872335910797,-0.008430315181612968,0.5548012852668762,0.4354174733161926,-0.021305277943611145,0.5111539959907532,0.4056665599346161,0.02151581086218357,0.5208000540733337,0.4070247709751129,0.009311621077358723,0.5276345610618591,0.4114849865436554,0.003889226820319891,0.5384302735328674,0.4123399257659912,0.0009770976612344384,0.5467439889907837,0.41040077805519104,-0.0010688100010156631,0.5531129240989685,0.4073159098625183,-0.0031651388853788376,0.565248966217041,0.39779409766197205,-0.015825824812054634,0.5109767317771912,0.42238152027130127,0.021568195894360542,0.5186580419540405,0.37315893173217773,0.009317582473158836,0.5650573968887329,0.44633740186691284,-0.026380380615592003,0.5534928441047668,0.4204242527484894,-0.007864732295274734,0.5066342949867249,0.38741815090179443,0.05515759065747261,0.5578951239585876,0.4034656584262848,-0.004693866241723299,0.5499816536903381,0.435634046792984,-0.004788978490978479,0.5258724093437195,0.38630276918411255,0.008465108461678028,0.5550033450126648,0.42982757091522217,-0.01961359567940235,0.5102801322937012,0.4436006247997284,0.06316082924604416,0.5556449890136719,0.3938763737678528,0.000508903234731406,0.5593180060386658,0.42604532837867737,-0.02547653205692768,0.5249791741371155,0.482843279838562,0.029879488050937653,0.5263342261314392,0.4911441206932068,0.04136155545711517,0.5073404908180237,0.4235819876194,0.04259416088461876,0.5178598761558533,0.4723445177078247,0.036243781447410583,0.5107210278511047,0.3727802336215973,0.02829660102725029,0.546013355255127,0.5093958377838135,0.013658213429152966,0.565703272819519,0.44778093695640564,-0.018638763576745987,0.5479233264923096,0.4252821207046509,-0.0050891428254544735,0.5132376551628113,0.3868974447250366,0.02179691009223461,0.535127580165863,0.39674368500709534,0.0012848180485889316,0.5401662588119507,0.39826342463493347,-0.00030692655127495527,0.5435051321983337,0.473209947347641,0.005431735888123512,0.5116783380508423,0.438448041677475,0.02494616061449051,0.5552302598953247,0.5194718837738037,0.01581631600856781,0.5410100221633911,0.5084766745567322,0.02700945921242237,0.5345401763916016,0.5013960599899292,0.033321235328912735,0.5737943053245544,0.3396368622779846,-0.01878591626882553,0.5652768611907959,0.5216811299324036,0.01381524745374918,0.5454809665679932,0.39782291650772095,-0.0007980829104781151,0.5505747199058533,0.396176815032959,-0.00025725277373567224,0.5539301037788391,0.39498212933540344,0.0006783038261346519,0.5149610638618469,0.36984971165657043,0.014997676014900208,0.5504140853881836,0.385872483253479,-0.00192890758626163,0.5451899766921997,0.3822751045227051,-0.002676546573638916,0.539972722530365,0.3812286853790283,-0.0021497956477105618,0.5349041819572449,0.38218367099761963,-0.00025247628218494356,0.5316929817199707,0.3841848075389862,0.001877408823929727,0.507922887802124,0.3684844672679901,0.04367385059595108,0.5319628119468689,0.3941383957862854,0.003340519964694977,0.5676530599594116,0.45510077476501465,-0.012613094411790371,0.5498507022857666,0.45438793301582336,-0.005614148918539286,0.5554953217506409,0.4414466321468353,-0.015402190387248993,0.5601439476013184,0.45441895723342896,-0.011648759245872498,0.571311354637146,0.384278267621994,-0.015325713902711868,0.5326911807060242,0.4931069016456604,0.02522587962448597,0.5393866896629333,0.5011040568351746,0.019890422001481056,0.5545521974563599,0.5156059861183167,0.008178318850696087,0.5198394060134888,0.47951799631118774,0.051206350326538086,0.5540781021118164,0.3907306492328644,-0.00047652702778577805,0.5609647631645203,0.4106721580028534,-0.01639420911669731,0.5651406049728394,0.517608106136322,0.006485177204012871,0.5475469827651978,0.5148077011108398,0.020346691831946373,0.5091549158096313,0.4413549602031708,0.04339936375617981,0.5555927157402039,0.4730927646160126,-0.002010687720030546,0.5542489886283875,0.47595107555389404,-0.002566205570474267,0.5530665516853333,0.4796048402786255,-0.0031971971038728952,0.5521626472473145,0.4839397072792053,-0.0019796143751591444,0.5510860085487366,0.4886304438114166,0.0031086925882846117,0.5463081002235413,0.46989160776138306,0.002974639879539609,0.5450842976570129,0.46886956691741943,0.0030539415311068296,0.5441247820854187,0.4678483307361603,0.0029102852568030357,0.5392869710922241,0.46063947677612305,0.003541100537404418,0.5177360773086548,0.4434964060783386,0.013244107365608215,0.5614970922470093,0.4022422134876251,-0.011767711490392685,0.559394121170044,0.3854072093963623,-0.00418108282610774,0.5563338994979858,0.38702788949012756,-0.0017580260755494237,0.5475519299507141,0.470885694026947,0.0035014632157981396,0.5184886455535889,0.4617246091365814,0.023926492780447006,0.5642687678337097,0.38474729657173157,-0.011473617516458035,0.5484540462493896,0.495626300573349,0.006575241684913635,0.5693747997283936,0.4143548607826233,-0.026699302718043327,0.564919650554657,0.4070509672164917,-0.02083992399275303,0.5699362754821777,0.40583908557891846,-0.022443462163209915,0.5566827058792114,0.4228288233280182,-0.01529833022505045,0.5653122067451477,0.5113444328308105,0.0027443761937320232,0.5656558275222778,0.5027976632118225,0.0017564648296684027,0.5565637350082397,0.5013443231582642,0.0031931863632053137,0.5374301671981812,0.4784853756427765,0.011992405168712139,0.5447324514389038,0.4410068392753601,-0.0022619408555328846,0.5425899028778076,0.4879591763019562,0.009728231467306614,0.5300164818763733,0.4384235143661499,0.0006294373306445777,0.5383894443511963,0.4476194679737091,0.00025817748974077404,0.5251772999763489,0.44978511333465576,0.006694814655929804,0.5548986792564392,0.5095594525337219,0.004522315692156553,0.5534942746162415,0.4266613721847534,-0.010736270807683468,0.5335556864738464,0.4846535325050354,0.01792478933930397,0.5401902198791504,0.49398645758628845,0.01458347961306572,0.5326346158981323,0.46820297837257385,0.011457867920398712,0.5135372281074524,0.45191362500190735,0.028255339711904526,0.5259169936180115,0.4700469970703125,0.017118168994784355,0.5123071074485779,0.45764926075935364,0.04266735166311264,0.533500075340271,0.45546355843544006,0.004472819156944752,0.5573947429656982,0.4154955744743347,-0.011785650625824928,0.5562486052513123,0.4394742250442505,-0.022390084341168404,0.5532018542289734,0.4403208792209625,-0.015874117612838745,0.5586716532707214,0.434552401304245,-0.02652895450592041,0.5548089146614075,0.374680757522583,-0.006277247332036495,0.5451884865760803,0.36630702018737793,-0.006803195923566818,0.5366183519363403,0.36393246054649353,-0.005672475788742304,0.5296613574028015,0.3653029203414917,-0.0025542585644870996,0.524901807308197,0.36936143040657043,0.0015003507724031806,0.5223466157913208,0.38643160462379456,0.011248445138335228,0.5067042708396912,0.4063039720058441,0.03971263766288757,0.526188313961029,0.40054187178611755,0.007300078868865967,0.531724214553833,0.40440306067466736,0.003875555470585823,0.5392252206802368,0.4062941074371338,0.0012484840117394924,0.5467170476913452,0.40547314286231995,-0.0007194734644144773,0.552711009979248,0.4029710590839386,-0.001160025130957365,0.5567715764045715,0.40036138892173767,-0.0020920976530760527,0.5071292519569397,0.40552935004234314,0.06134939193725586,0.5533011555671692,0.44185760617256165,-0.012897721491754055,0.5604607462882996,0.4182036817073822,-0.020194804295897484,0.5598073601722717,0.440715491771698,-0.026736563071608543,0.5625670552253723,0.44461679458618164,-0.024157097563147545,0.559852123260498,0.44184374809265137,-0.023919230327010155,0.5545549988746643,0.44394052028656006,-0.010726219974458218,0.5634497404098511,0.44559553265571594,-0.025594286620616913,0.5641233921051025,0.4470534920692444,-0.018734434619545937,0.5575153231620789,0.3940287232398987,-0.00034645874984562397,0.5599870681762695,0.3956442177295685,-0.003569122403860092,0.5615619421005249,0.39703208208084106,-0.007043696939945221,0.5298833250999451,0.3858793377876282,0.004186198115348816,0.5256988406181335,0.379331111907959,0.0046400451101362705,0.5740166902542114,0.4158269166946411,-0.024949265643954277,0.6121899485588074,0.39852696657180786,0.0018753185868263245,0.5729166269302368,0.4463968873023987,-0.019208736717700958,0.6380457282066345,0.36313584446907043,0.025055306032299995,0.5952385663986206,0.4055459797382355,-0.003356149885803461,0.6014223694801331,0.4068508446216583,-0.0028478847816586494,0.6072297692298889,0.4060126543045044,-0.0012990524992346764,0.614522397518158,0.40052878856658936,0.0032216638792306185,0.589909553527832,0.40235239267349243,-0.0023881359957158566,0.6050987243652344,0.3778107464313507,-0.006945164408534765,0.5980856418609619,0.3785576820373535,-0.006854149047285318,0.6114321351051331,0.37982404232025146,-0.00476100156083703,0.6153329014778137,0.3837956190109253,-0.002293533179908991,0.6194769740104675,0.4047412872314453,0.006713246926665306,0.5854091048240662,0.5061177611351013,0.007999889552593231,0.6142078638076782,0.39547520875930786,0.0037774071097373962,0.6375131607055664,0.3995976746082306,0.03129080310463905,0.6263689994812012,0.3970882296562195,0.011898941360414028,0.5983086824417114,0.4351864159107208,-0.005118720233440399,0.5761739611625671,0.4648970663547516,-0.012430098839104176,0.5750699639320374,0.47280851006507874,-0.009252761490643024,0.5835033059120178,0.4670315682888031,-0.009060175158083439,0.588426947593689,0.46878525614738464,-0.004394881892949343,0.5811219215393066,0.47251656651496887,-0.007041226606816053,0.5859270691871643,0.472223162651062,-0.0027806630823761225,0.593507707118988,0.4785953462123871,0.0063592432998120785,0.5723022222518921,0.44299519062042236,-0.02966383658349514,0.5732784271240234,0.4348958432674408,-0.03205122798681259,0.6251744031906128,0.3721470534801483,-0.0009526004432700574,0.5870748162269592,0.4150983989238739,-0.007232326082885265,0.5853736996650696,0.43975120782852173,-0.016624819487333298,0.5859982371330261,0.4352349638938904,-0.015330723486840725,0.6168422698974609,0.43469372391700745,0.0019528550328686833,0.5736899375915527,0.42454060912132263,-0.029608314856886864,0.6118055582046509,0.3626915216445923,-0.010872364044189453,0.6198825836181641,0.3654784560203552,-0.006269968580454588,0.6333756446838379,0.3476003408432007,0.012565973214805126,0.5843268632888794,0.3718944191932678,-0.015057946555316448,0.5917994976043701,0.3824877440929413,-0.004958600737154484,0.5985931158065796,0.47068849205970764,0.006409309804439545,0.6238245964050293,0.4722810685634613,0.055136777460575104,0.5810770988464355,0.44419291615486145,-0.014097502455115318,0.5765795111656189,0.44640886783599854,-0.013617872260510921,0.5952548384666443,0.4709635078907013,0.006156688090413809,0.5937010645866394,0.47138696908950806,0.004708866123110056,0.6235976815223694,0.35855644941329956,-0.004361759405583143,0.5855962038040161,0.4425358772277832,-0.013138344511389732,0.600317120552063,0.36430948972702026,-0.014082587324082851,0.601486086845398,0.35657113790512085,-0.016039734706282616,0.6100595593452454,0.32578712701797485,-0.010816117748618126,0.6285839080810547,0.35526028275489807,0.0026724899653345346,0.6053750514984131,0.34147611260414124,-0.013896428979933262,0.6289888024330139,0.3673035800457001,0.003268739441409707,0.6337313055992126,0.36804890632629395,0.013208365067839622,0.575771152973175,0.46927401423454285,-0.011442841961979866,0.5823386907577515,0.469954252243042,-0.008225720375776291,0.587265133857727,0.4704984128475189,-0.0040167937986552715,0.5798045992851257,0.44532105326652527,-0.012355592101812363,0.5944555997848511,0.47118523716926575,0.005427153781056404,0.5910648703575134,0.47414055466651917,0.0026010137517005205,0.5928670763969421,0.47161588072776794,0.0046479408629238605,0.5784668326377869,0.44253823161125183,-0.022002948448061943,0.5849133729934692,0.47343289852142334,-0.0016942524816840887,0.5800907015800476,0.474200963973999,-0.0045357742346823215,0.574428141117096,0.47486910223960876,-0.006607136223465204,0.573943555355072,0.49500757455825806,0.0008175738039426506,0.5749721527099609,0.48895639181137085,-0.005193531978875399,0.5749595165252686,0.4839702546596527,-0.006380279548466206,0.5747057199478149,0.4790273606777191,-0.005563315469771624,0.5742388367652893,0.47501683235168457,-0.0050840238109230995,0.5848127603530884,0.4734184145927429,-0.00044714566320180893,0.5859996676445007,0.4750872254371643,-0.001013578730635345,0.5871862769126892,0.47739407420158386,-0.0015758592635393143,0.5880419611930847,0.4800129234790802,-0.00030707649420946836,0.5923111438751221,0.46064314246177673,-0.003305753692984581,0.6342019438743591,0.4342515766620636,0.058988045901060104,0.5885375738143921,0.4726061522960663,0.002683662809431553,0.5898175239562988,0.473299115896225,0.0023764721117913723,0.5748181939125061,0.4493071436882019,-0.01336854137480259,0.5839006304740906,0.44649434089660645,-0.008281617425382137,0.5756261944770813,0.44792234897613525,-0.013657469302415848,0.5933344960212708,0.41988664865493774,-0.004965796135365963,0.6032233834266663,0.42536309361457825,-0.002910328796133399,0.5869854092597961,0.4383629560470581,-0.011789010837674141,0.6246297359466553,0.33482927083969116,4.428335159900598e-05,0.6197366714477539,0.34593188762664795,-0.006256582215428352,0.6142706274986267,0.3547767996788025,-0.010990459471940994,0.5883283615112305,0.48531514406204224,0.0041741677559912205,0.586503267288208,0.3599926829338074,-0.018316812813282013,0.5905318260192871,0.34040844440460205,-0.017925584688782692,0.5940647125244141,0.3209938108921051,-0.016667848452925682,0.6118603944778442,0.40420544147491455,0.0010978642385452986,0.6254828572273254,0.41003626585006714,0.010211773216724396,0.5864589810371399,0.39964520931243896,-0.0018266987754032016,0.6211140155792236,0.3866211473941803,0.002948081586509943,0.5831494927406311,0.4097255766391754,-0.00951518677175045,0.5821236968040466,0.4374100863933563,-0.02232225239276886,0.6312779188156128,0.4153808355331421,0.01715220883488655,0.6214423775672913,0.4164506196975708,0.005667884834110737,0.613979697227478,0.4195280969142914,0.0007410549442283809,0.6027860641479492,0.4182520806789398,-0.0014340797206386924,0.5944115519523621,0.4146256446838379,-0.0029162424616515636,0.5880922079086304,0.4103491008281708,-0.004562112502753735,0.5758619904518127,0.398569256067276,-0.016279516741633415,0.6294620633125305,0.43199053406715393,0.017204320058226585,0.6260623335838318,0.3839312195777893,0.005316011141985655,0.5704320669174194,0.4467160105705261,-0.026598038151860237,0.5857774615287781,0.42286866903305054,-0.009154289029538631,0.6395752429962158,0.3980194926261902,0.05024314671754837,0.5833871364593506,0.4056816101074219,-0.005769873969256878,0.5877946615219116,0.43846216797828674,-0.006085478700697422,0.6170066595077515,0.39489614963531494,0.005052782129496336,0.5826507806777954,0.43183356523513794,-0.020647801458835602,0.6299790143966675,0.4532492458820343,0.05860143154859543,0.5862494707107544,0.39666277170181274,-0.0009294603951275349,0.5783119201660156,0.42740628123283386,-0.02624349668622017,0.6098363995552063,0.489508718252182,0.02658325992524624,0.6082366704940796,0.49741777777671814,0.03809593617916107,0.6338611841201782,0.4337678551673889,0.03779114410281181,0.6181410551071167,0.4801773428916931,0.03234455734491348,0.6359469890594482,0.38285350799560547,0.023672057315707207,0.5853278040885925,0.5126157402992249,0.01207481138408184,0.5698818564414978,0.44806843996047974,-0.01877739280462265,0.5909999012947083,0.4286060333251953,-0.006696471478790045,0.6312433481216431,0.39810651540756226,0.01746123842895031,0.6066474914550781,0.4024599492549896,-0.0014251116663217545,0.6014990210533142,0.40310975909233093,-0.002727682702243328,0.5921475887298584,0.47521376609802246,0.0035934222396463156,0.627178966999054,0.4477851092815399,0.020683759823441505,0.575499415397644,0.5210216045379639,0.014957747422158718,0.5913592576980591,0.5123316049575806,0.024788260459899902,0.5988454818725586,0.5063354969024658,0.03061310015618801,0.5962221622467041,0.4017840623855591,-0.002862638561055064,0.5911356210708618,0.3993183970451355,-0.002007325179874897,0.5878585577011108,0.39782509207725525,-0.0008865459822118282,0.6303712725639343,0.3810941278934479,0.010731195099651814,0.5924643278121948,0.3903169333934784,-0.0038213320076465607,0.5980123281478882,0.38826361298561096,-0.004865117836743593,0.6033212542533875,0.3884446620941162,-0.004697463009506464,0.6082398891448975,0.3901364803314209,-0.003148819087073207,0.6111999154090881,0.3923036456108093,-0.0011718026362359524,0.6399113535881042,0.3790215253829956,0.03875704109668732,0.6099750995635986,0.40065300464630127,0.0003649791469797492,0.5862769484519958,0.45712319016456604,-0.006955222692340612,0.5810781121253967,0.4433169364929199,-0.016285095363855362,0.5754885673522949,0.45563405752182007,-0.012235305272042751,0.6009852886199951,0.4985921382904053,0.02252802811563015,0.5931680202484131,0.505491316318512,0.017740648239850998,0.5759121775627136,0.5173578262329102,0.007286106701940298,0.6162577271461487,0.48696160316467285,0.04728692024946213,0.588214099407196,0.3940073549747467,-0.0021142459008842707,0.5787901282310486,0.4120081067085266,-0.017131347209215164,0.5838108062744141,0.5175579786300659,0.01871015690267086,0.6301617622375488,0.45104897022247314,0.03880923613905907,0.5799455642700195,0.4742673933506012,-0.003083210438489914,0.5809841156005859,0.477253258228302,-0.0036563624162226915,0.5817518830299377,0.4809805154800415,-0.004337051883339882,0.5821594595909119,0.485385537147522,-0.003127703443169594,0.5819130539894104,0.49109935760498047,0.0018661648500710726,0.5899374485015869,0.47173872590065,0.0012000869028270245,0.5912100672721863,0.4708252549171448,0.0011491634650155902,0.5922781825065613,0.4699108302593231,0.0009300726233050227,0.5968977808952332,0.46501821279525757,0.001300626783631742,0.6200751662254333,0.45173197984695435,0.009574292227625847,0.5794270634651184,0.4035961627960205,-0.012569965794682503,0.5830839276313782,0.3883431553840637,-0.00518562039360404,0.5861762166023254,0.39019620418548584,-0.003117935499176383,0.5886301398277283,0.4726291298866272,0.001855417969636619,0.6180961728096008,0.46957114338874817,0.020254800096154213,0.578064501285553,0.3873085081577301,-0.012018872424960136,0.5839164853096008,0.49849197268486023,0.005237895995378494,0.5749247670173645,0.40778371691703796,-0.021241353824734688,0.5819031596183777,0.4247453510761261,-0.016266774386167526,0.5749630928039551,0.5028608441352844,0.002532145706936717,0.5972447991371155,0.48319128155708313,0.009671892039477825,0.5927355885505676,0.44467872381210327,-0.003974587190896273,0.5909242630004883,0.4918113946914673,0.007891393266618252,0.607789158821106,0.4446723163127899,-0.001992186065763235,0.5986356139183044,0.45239150524139404,-0.0018702117959037423,0.6118702292442322,0.456753671169281,0.0036868818569928408,0.5759177207946777,0.5113226771354675,0.0036568527575582266,0.5849952101707458,0.42898550629615784,-0.01193994004279375,0.6007040143013,0.48999977111816406,0.015329900197684765,0.5928357243537903,0.4982266128063202,0.012587901204824448,0.6030511260032654,0.4736882150173187,0.008694150485098362,0.624207079410553,0.4607200026512146,0.024202531203627586,0.6096781492233276,0.47664353251457214,0.014001336880028248,0.6253690123558044,0.46656733751296997,0.03827295079827309,0.6031476855278015,0.4609803855419159,0.0018803634447976947,0.5821288824081421,0.4173744022846222,-0.012805959209799767,0.580224871635437,0.4412361979484558,-0.023294435814023018,0.583523690700531,0.442543089389801,-0.01694386638700962,0.5779475569725037,0.4359552264213562,-0.027330271899700165,0.5884112119674683,0.37949907779693604,-0.007637687027454376,0.5988070368766785,0.37335580587387085,-0.008730117231607437,0.60764080286026,0.3725076913833618,-0.008161637932062149,0.614643931388855,0.37469032406806946,-0.005588870495557785,0.6192887425422668,0.3791868984699249,-0.0018923586467280984,0.6210998296737671,0.39578700065612793,0.007622643373906612,0.6364267468452454,0.41676801443099976,0.03483465313911438,0.6161496043205261,0.4088875949382782,0.003966985736042261,0.6101743578910828,0.4114004075527191,0.0009652699809521437,0.6022949814796448,0.4116911292076111,-0.00115007848944515,0.5946915149688721,0.4094473719596863,-0.0026115463115274906,0.5886938571929932,0.40589824318885803,-0.002583601977676153,0.5846798419952393,0.40262943506240845,-0.003248214954510331,0.6372728943824768,0.4159887135028839,0.05641777440905571,0.5833871364593506,0.4440082013607025,-0.013949153013527393,0.5782148838043213,0.41952046751976013,-0.020963242277503014,0.5762037634849548,0.4419110417366028,-0.027303509414196014,0.5733069181442261,0.44542795419692993,-0.024473195895552635,0.5762882828712463,0.44307181239128113,-0.024505000561475754,0.5820491909980774,0.445895791053772,-0.011616254225373268,0.5721988677978516,0.4462299942970276,-0.025849513709545135,0.5715934038162231,0.4475604295730591,-0.018976403400301933,0.5843623876571655,0.3965611457824707,-0.0015325561398640275,0.5817030668258667,0.39766207337379456,-0.004469222389161587,0.5799728631973267,0.39886540174484253,-0.007820531725883484,0.6128814816474915,0.3939521014690399,0.0010151802562177181,0.6175565123558044,0.3883942663669586,0.0012477518757805228,0.5417452454566956,0.3905826807022095,0.0009433923987671733,0.5476964712142944,0.3911680579185486,0.0009433923987671733,0.5423349738121033,0.38286757469177246,0.0009433923987671733,0.5356864333152771,0.38996952772140503,0.0009433923987671733,0.5411360263824463,0.3982427418231964,0.0009433923987671733,0.6000139117240906,0.3947213888168335,-0.0014765411615371704,0.6060284972190857,0.39511972665786743,-0.0014765411615371704,0.6002094149589539,0.38734158873558044,-0.0014765411615371704,0.5940797924995422,0.3942752182483673,-0.0014765411615371704,0.599821925163269,0.40203461050987244,-0.0014765411615371704
3033.3333333333358,0.5679047107696533,0.4677979350090027,-0.01207058783620596,0.567798912525177,0.44538500905036926,-0.029515158385038376,0.5678614377975464,0.45154446363449097,-0.014222349971532822,0.564616858959198,0.4173700511455536,-0.024497341364622116,0.5681179165840149,0.4371115565299988,-0.03213707357645035,0.5686905980110168,0.425868958234787,-0.030865754932165146,0.5702697038650513,0.398160845041275,-0.01863783597946167,0.5296982526779175,0.3929938077926636,0.004024718888103962,0.5715727806091309,0.37375372648239136,-0.01677126996219158,0.5721842646598816,0.3616401255130768,-0.01928592100739479,0.5744609832763672,0.3204154372215271,-0.018863579258322716,0.5677475929260254,0.47120916843414307,-0.011078676208853722,0.567592442035675,0.47454124689102173,-0.009105464443564415,0.56752610206604,0.47666534781455994,-0.006302721798419952,0.5673432946205139,0.47694554924964905,-0.004722359590232372,0.5671553611755371,0.481487512588501,-0.005064959172159433,0.5669075846672058,0.48670780658721924,-0.005694579798728228,0.5666553974151611,0.49183234572410583,-0.004182668402791023,0.5663179755210876,0.496461421251297,0.0020146435126662254,0.5677645802497864,0.4491286873817444,-0.026305364444851875,0.5630711913108826,0.4478394091129303,-0.018486132845282555,0.5107060670852661,0.35371077060699463,0.02783810906112194,0.5458400845527649,0.4032106399536133,-0.0020783133804798126,0.5397711396217346,0.40352749824523926,-0.0012213407317176461,0.534299910068512,0.40156006813049316,0.0006807188619859517,0.5274965763092041,0.39400625228881836,0.005593924783170223,0.5510989427566528,0.4008311331272125,-0.00152257748413831,0.5389799475669861,0.37188318371772766,-0.005235990509390831,0.545752763748169,0.3743264079093933,-0.005676792468875647,0.5324873328208923,0.37262678146362305,-0.0027151911053806543,0.5281420946121216,0.3761260211467743,-5.0605489377630875e-05,0.5230594277381897,0.39697667956352234,0.009240889921784401,0.5469316244125366,0.5038589835166931,0.010663008317351341,0.5280603766441345,0.3891506791114807,0.0060224514454603195,0.5072948336601257,0.3897998332977295,0.03453628718852997,0.5171428918838501,0.3874852657318115,0.014659821055829525,0.540360689163208,0.4321959912776947,-0.00324109080247581,0.5602995753288269,0.46530815958976746,-0.011228946037590504,0.5606371164321899,0.4734634459018707,-0.008040051907300949,0.5529603958129883,0.466595858335495,-0.007329198531806469,0.5479093790054321,0.46794435381889343,-0.0023371439892798662,0.5547692775726318,0.47249725461006165,-0.005369163118302822,0.5501387715339661,0.4718032479286194,-0.0008972258074209094,0.5422618985176086,0.4760526716709137,0.00898038875311613,0.5634286999702454,0.4447682499885559,-0.028950775042176247,0.5631022453308105,0.4366568326950073,-0.031343862414360046,0.5198490023612976,0.3617073595523834,0.0016467660898342729,0.5531543493270874,0.4141078293323517,-0.006250958424061537,0.551995038986206,0.4393579959869385,-0.015219802968204021,0.5519117712974548,0.43473538756370544,-0.013941825367510319,0.5225552916526794,0.4285017251968384,0.004833093378692865,0.5638530254364014,0.42625635862350464,-0.028970669955015182,0.533185601234436,0.35431089997291565,-0.009346328675746918,0.5252552032470703,0.355859637260437,-0.004105289466679096,0.5164781212806702,0.33933013677597046,0.01490852516144514,0.5589373111724854,0.36850062012672424,-0.014973991550505161,0.55129075050354,0.3798816502094269,-0.004146433435380459,0.5381456613540649,0.4675801396369934,0.009161675348877907,0.5142661929130554,0.4636997580528259,0.05885414406657219,0.5557541847229004,0.4443732798099518,-0.012885255739092827,0.5598834156990051,0.4471900761127472,-0.012777324765920639,0.5410905480384827,0.46997910737991333,0.008609560318291187,0.542558491230011,0.470547080039978,0.006953573320060968,0.5221022963523865,0.34816670417785645,-0.002119912998750806,0.5516924858093262,0.44197213649749756,-0.011750128120183945,0.5440550446510315,0.3578687012195587,-0.013192231766879559,0.5434220433235168,0.35002201795578003,-0.015197532251477242,0.540243923664093,0.32182610034942627,-0.010064925998449326,0.5199405550956726,0.3478241562843323,0.004893273115158081,0.5427092909812927,0.33815017342567444,-0.013224958442151546,0.516450822353363,0.35615670680999756,0.0059655229561030865,0.5140001773834229,0.35938265919685364,0.015887301415205002,0.5602935552597046,0.4697742760181427,-0.010204223915934563,0.5538191199302673,0.46970134973526,-0.006502736359834671,0.5489302277565002,0.469882071018219,-0.0020144940353929996,0.5568868517875671,0.44563305377960205,-0.011362997815012932,0.541830837726593,0.47027191519737244,0.007753601763397455,0.5447055101394653,0.47358155250549316,0.004829185549169779,0.5433501601219177,0.47085079550743103,0.006845762953162193,0.5580651760101318,0.4433031678199768,-0.020879752933979034,0.5510880947113037,0.4732200801372528,0.0001310343504883349,0.5556646585464478,0.47441303730010986,-0.0029445569962263107,0.5611714720726013,0.4756672978401184,-0.0053683179430663586,0.5586958527565002,0.49523162841796875,0.0025833535473793745,0.5587802529335022,0.49030444025993347,-0.0034822539892047644,0.5592960119247437,0.48515981435775757,-0.0047377669252455235,0.5600845217704773,0.4800151288509369,-0.004056219477206469,0.560976505279541,0.4759344458580017,-0.0037100284826010466,0.5508663654327393,0.4732497036457062,0.0014686224749311805,0.5495411157608032,0.47491440176963806,0.0009785527363419533,0.5480683445930481,0.4772385060787201,0.000501754810102284,0.5469015836715698,0.47985950112342834,0.0018400150584056973,0.5443074703216553,0.4585815668106079,-0.0012285416014492512,0.5079794526100159,0.4240746796131134,0.06238182261586189,0.5678043961524963,0.45039036870002747,-0.018608611077070236,0.5474353432655334,0.47211188077926636,0.004776962101459503,0.5460619926452637,0.4727643132209778,0.004540914669632912,0.5613594651222229,0.4502108097076416,-0.012475822120904922,0.5531407594680786,0.44602587819099426,-0.007094540633261204,0.5606881380081177,0.44874921441078186,-0.01280105859041214,0.5467074513435364,0.41775739192962646,-0.0035632778890430927,0.5365864038467407,0.4215169847011566,-0.0008872132748365402,0.5508440732955933,0.4375593066215515,-0.010379426181316376,0.5257686972618103,0.3283082842826843,0.001707477611489594,0.528967022895813,0.34015265107154846,-0.004715122282505035,0.5312280058860779,0.34619805216789246,-0.009418907575309277,0.5461868643760681,0.48342493176460266,0.006603873334825039,0.5578219890594482,0.35618019104003906,-0.018283963203430176,0.5569412112236023,0.3394606113433838,-0.018151497468352318,0.5559306740760803,0.31962549686431885,-0.01699087955057621,0.5298337340354919,0.39850372076034546,0.003361178794875741,0.5170392990112305,0.4009486734867096,0.01310228742659092,0.5545717477798462,0.3984842002391815,-0.0011462076799944043,0.5225008130073547,0.37790387868881226,0.005456152372062206,0.5573625564575195,0.409480482339859,-0.008797229267656803,0.5549995303153992,0.4376680552959442,-0.021100519225001335,0.5110470056533813,0.4066641330718994,0.020468587055802345,0.5204624533653259,0.40831682085990906,0.008471038192510605,0.5274319648742676,0.41308602690696716,0.003205914283171296,0.5381824970245361,0.4140855371952057,0.00042075844248756766,0.546402096748352,0.4121667146682739,-0.0015887974295765162,0.5527701377868652,0.4091208279132843,-0.003664483083412051,0.5650169849395752,0.3997020721435547,-0.016177477315068245,0.5110146999359131,0.42341816425323486,0.02076815627515316,0.518239438533783,0.37391287088394165,0.008075607940554619,0.5651240944862366,0.44861504435539246,-0.02590734325349331,0.5535522103309631,0.42216917872428894,-0.008090125396847725,0.5062665939331055,0.3876727223396301,0.05329534411430359,0.5575559139251709,0.4053395092487335,-0.00520971417427063,0.5502385497093201,0.4373985826969147,-0.004802627023309469,0.5254929065704346,0.387546181678772,0.007403863128274679,0.5551704168319702,0.4319823682308197,-0.01950465515255928,0.5102214813232422,0.4436173737049103,0.062159400433301926,0.5549348592758179,0.39535412192344666,-0.00029906080453656614,0.5593662261962891,0.42833179235458374,-0.025312339887022972,0.5253412127494812,0.48357582092285156,0.03018333949148655,0.5265985131263733,0.4915153980255127,0.04159818962216377,0.507194995880127,0.42412611842155457,0.041558392345905304,0.5181016325950623,0.4729868769645691,0.036205001175403595,0.5103660225868225,0.37355226278305054,0.02665811777114868,0.5465749502182007,0.5101489424705505,0.014949161559343338,0.5657649636268616,0.4499107003211975,-0.01819411851465702,0.5480546355247498,0.42692407965660095,-0.005292138084769249,0.5125440955162048,0.38751792907714844,0.020512979477643967,0.534856915473938,0.3984560966491699,0.00041053694440051913,0.5398449301719666,0.3999314308166504,-0.0011269288370385766,0.5435464978218079,0.47459983825683594,0.005938612390309572,0.511818528175354,0.4393976330757141,0.024387329816818237,0.5556949377059937,0.5200617909431458,0.017293792217969894,0.5414848327636719,0.5088886618614197,0.027942826971411705,0.5349411368370056,0.501782238483429,0.03392944857478142,0.5732538104057312,0.3412606716156006,-0.01992912031710148,0.5656320452690125,0.5222637057304382,0.01542616542428732,0.5450445413589478,0.39942148327827454,-0.0015856883255764842,0.5500166416168213,0.3976650536060333,-0.0010420959442853928,0.5532642602920532,0.39640679955482483,-0.00012625112140085548,0.5143480896949768,0.3704140782356262,0.013627617619931698,0.5499093532562256,0.38806307315826416,-0.002789481543004513,0.5448444485664368,0.38486239314079285,-0.003545510582625866,0.5398253798484802,0.38395577669143677,-0.003053826978430152,0.5348211526870728,0.38470253348350525,-0.001195934833958745,0.5315443277359009,0.3863503336906433,0.0009028856293298304,0.5074853897094727,0.36898553371429443,0.04168521240353584,0.5316537022590637,0.3958246111869812,0.0024120109155774117,0.567759096622467,0.45689404010772705,-0.012074111960828304,0.5502176880836487,0.45612791180610657,-0.00529114855453372,0.555728554725647,0.4435536861419678,-0.01520146057009697,0.5603509545326233,0.4562445282936096,-0.01115946564823389,0.5709511637687683,0.38594818115234375,-0.01580497808754444,0.5331705212593079,0.4938041865825653,0.025898732244968414,0.539910614490509,0.5018032789230347,0.020892253145575523,0.55506432056427,0.5164462924003601,0.009730322286486626,0.5199878811836243,0.47975417971611023,0.051046788692474365,0.5534310936927795,0.3924559950828552,-0.0013140831142663956,0.5608518719673157,0.41266128420829773,-0.016593940556049347,0.5655355453491211,0.5184624195098877,0.00816719327121973,0.548045814037323,0.5153181552886963,0.021577322855591774,0.509114682674408,0.4418519139289856,0.042659349739551544,0.5554526448249817,0.47460252046585083,-0.0013786905910819769,0.554142415523529,0.47760817408561707,-0.0018417794490233064,0.5529776215553284,0.481448233127594,-0.0023844295646995306,0.5521136522293091,0.4859602451324463,-0.0011003417894244194,0.5515058636665344,0.4901832342147827,0.004082083702087402,0.5462685823440552,0.47111594676971436,0.003357655368745327,0.5450254082679749,0.47003665566444397,0.003414076054468751,0.5440559983253479,0.4689622223377228,0.0032457883935421705,0.5398702621459961,0.4622102379798889,0.003782325191423297,0.5180178880691528,0.4447247087955475,0.01295056939125061,0.5613139271736145,0.40405091643333435,-0.012136588804423809,0.5589320063591003,0.38720226287841797,-0.0049554952420294285,0.5557660460472107,0.38873040676116943,-0.002591655356809497,0.5475588440895081,0.4721667766571045,0.0038957062643021345,0.5188232064247131,0.46269699931144714,0.02383778989315033,0.5640356540679932,0.38687458634376526,-0.01207620371133089,0.548922598361969,0.4968302547931671,0.0076759736984968185,0.5692089796066284,0.4166218936443329,-0.026615601032972336,0.5647487640380859,0.40914490818977356,-0.021007085219025612,0.5697044730186462,0.40796270966529846,-0.022560903802514076,0.5567383170127869,0.4248217046260834,-0.015362624078989029,0.56568443775177,0.5123941898345947,0.004356482997536659,0.5659807920455933,0.5040843486785889,0.003228498622775078,0.5569871664047241,0.5026128888130188,0.004569496959447861,0.5379783511161804,0.47969919443130493,0.012570627965033054,0.5450281500816345,0.4426688253879547,-0.0022490511182695627,0.5430916547775269,0.4891248643398285,0.010579698719084263,0.5303053259849548,0.43999919295310974,0.0004997132928110659,0.5387664437294006,0.44923388957977295,0.0003137532330583781,0.5255811810493469,0.45118820667266846,0.006637366488575935,0.5553995966911316,0.5105884075164795,0.006006582174450159,0.5536473393440247,0.4285338819026947,-0.010812259279191494,0.5340746641159058,0.48564308881759644,0.01852789893746376,0.5407077670097351,0.49492502212524414,0.015517054125666618,0.5331894159317017,0.46951454877853394,0.011778470128774643,0.5137510299682617,0.4527747631072998,0.02790786698460579,0.5263610482215881,0.47116702795028687,0.01732816733419895,0.5123929381370544,0.4581594467163086,0.0422479547560215,0.5340117812156677,0.456962913274765,0.004596330225467682,0.557361900806427,0.41735774278640747,-0.012005455791950226,0.5564420819282532,0.44175827503204346,-0.022132785990834236,0.553474485874176,0.44240403175354004,-0.015662577003240585,0.5587899684906006,0.4369567632675171,-0.026233425363898277,0.5544871091842651,0.3765818774700165,-0.007151017896831036,0.545078694820404,0.3680732250213623,-0.007739913649857044,0.5366261601448059,0.365496963262558,-0.006644187495112419,0.5296496152877808,0.36666518449783325,-0.003582184901461005,0.5247617959976196,0.3704896867275238,0.0004003213543910533,0.5218852162361145,0.38739442825317383,0.01014737319201231,0.5064627528190613,0.40688908100128174,0.03842921555042267,0.5258637070655823,0.40191102027893066,0.006415126845240593,0.5314622521400452,0.4059506058692932,0.0031092199496924877,0.5389109253883362,0.4079490900039673,0.0005764980451203883,0.5463277101516724,0.40715107321739197,-0.0013622964033856988,0.5522460341453552,0.40462496876716614,-0.0017751312116160989,0.556280791759491,0.402046263217926,-0.0027099261060357094,0.5068807005882263,0.40563052892684937,0.059693023562431335,0.5535774230957031,0.44383659958839417,-0.01269370038062334,0.5604164004325867,0.42034202814102173,-0.020227719098329544,0.5599316954612732,0.443111389875412,-0.02637231908738613,0.5626356601715088,0.4468573033809662,-0.023735005408525467,0.5599759221076965,0.4441491961479187,-0.02357601933181286,0.5547974705696106,0.4458359479904175,-0.01048872247338295,0.5635262131690979,0.44786927103996277,-0.025137072429060936,0.5641918778419495,0.44918838143348694,-0.018314024433493614,0.5568881034851074,0.3954945206642151,-0.00110830448102206,0.5594801306724548,0.39737677574157715,-0.004221629351377487,0.5612289309501648,0.39899203181266785,-0.007572644390165806,0.5296291708946228,0.3877641260623932,0.0031860307790338993,0.5255104899406433,0.3805820345878601,0.003591998480260372,0.5737890601158142,0.41801613569259644,-0.024840164929628372,0.6118513941764832,0.39953067898750305,0.0014830065192654729,0.5729019045829773,0.44848090410232544,-0.018743446096777916,0.6372928023338318,0.3632689416408539,0.02396504394710064,0.5948609709739685,0.4069996476173401,-0.003720964305102825,0.6010982990264893,0.4082125127315521,-0.0031682054977864027,0.6069246530532837,0.40723562240600586,-0.0016045288648456335,0.6141853928565979,0.4014322757720947,0.002870654920116067,0.5894959568977356,0.403826504945755,-0.0028050977271050215,0.6045025587081909,0.3789158761501312,-0.007367502432316542,0.59749436378479,0.3798368573188782,-0.007356399670243263,0.6108303070068359,0.3807266056537628,-0.00515757966786623,0.6147533655166626,0.38457190990448,-0.002693435177206993,0.6191494464874268,0.405570387840271,0.0063902102410793304,0.5853625535964966,0.5068022012710571,0.009467189200222492,0.6138073801994324,0.39630046486854553,0.0033521975856274366,0.6369598507881165,0.3996692895889282,0.03069308027625084,0.6258735060691833,0.39775824546813965,0.011464282870292664,0.5978800058364868,0.43642953038215637,-0.004903447814285755,0.5757851004600525,0.46604612469673157,-0.011722911149263382,0.5748015642166138,0.47408801317214966,-0.008524784818291664,0.5832837820053101,0.467927485704422,-0.008323851972818375,0.588344931602478,0.46947428584098816,-0.0036655180156230927,0.5809926390647888,0.4735839366912842,-0.0063075232319533825,0.5858842134475708,0.47309359908103943,-0.002060634084045887,0.5932283401489258,0.4796176552772522,0.007293118163943291,0.5722706913948059,0.44536641240119934,-0.02915964461863041,0.5731921792030334,0.43731921911239624,-0.03160487115383148,0.6244370937347412,0.3727143108844757,-0.0014758440665900707,0.5866109132766724,0.4164904057979584,-0.0073431567288935184,0.585030198097229,0.4415479600429535,-0.01620887964963913,0.5856097936630249,0.4369601011276245,-0.014987621456384659,0.6162745356559753,0.4355907738208771,0.0021006441675126553,0.5735297203063965,0.4268733561038971,-0.02931399829685688,0.6111334562301636,0.36392879486083984,-0.011449472978711128,0.6191626191139221,0.3663049638271332,-0.0068260058760643005,0.6325439810752869,0.3480837941169739,0.01139338780194521,0.58387690782547,0.3740195333957672,-0.015628578141331673,0.5912103056907654,0.3838850259780884,-0.0055032228119671345,0.5981789827346802,0.47168728709220886,0.007210192270576954,0.6234456300735474,0.4718126654624939,0.05545676499605179,0.5808229446411133,0.44601988792419434,-0.01369419228285551,0.5764400362968445,0.44825249910354614,-0.013180321082472801,0.5953621864318848,0.47139933705329895,0.006890689022839069,0.593799889087677,0.4718986451625824,0.00543039059266448,0.6227504014968872,0.35923266410827637,-0.005031042266637087,0.585258424282074,0.44417718052864075,-0.0127163827419281,0.5997501611709595,0.36603838205337524,-0.014661145396530628,0.600862443447113,0.35826605558395386,-0.016694195568561554,0.6092889904975891,0.3269418776035309,-0.012075566686689854,0.6277455687522888,0.3560304343700409,0.0017508529126644135,0.6046847105026245,0.3428037762641907,-0.014909154735505581,0.6281371116638184,0.36774522066116333,0.002643981948494911,0.6329405307769775,0.3685080409049988,0.012326526455581188,0.5754337906837463,0.4704761505126953,-0.010718751698732376,0.5821672081947327,0.4709254503250122,-0.007485969457775354,0.5872031450271606,0.4712682068347931,-0.003283201949670911,0.5795895457267761,0.4471011161804199,-0.011954071931540966,0.5945634245872498,0.47165754437446594,0.0061524552293121815,0.591083824634552,0.47493723034858704,0.0034478623420000076,0.5929707288742065,0.47217145562171936,0.005372235551476479,0.5782809257507324,0.44465672969818115,-0.021553119644522667,0.5848747491836548,0.47439223527908325,-0.0009631379507482052,0.5799692869186401,0.47536563873291016,-0.0037938503082841635,0.5741963982582092,0.47623613476753235,-0.0058577521704137325,0.5741130113601685,0.4964628219604492,0.002123234560713172,0.5747796893119812,0.491018682718277,-0.004000035580247641,0.5747138857841492,0.48583611845970154,-0.0052976650185883045,0.5744447708129883,0.4806446433067322,-0.004605482332408428,0.5740145444869995,0.4764766991138458,-0.004230438265949488,0.5847712755203247,0.47441622614860535,0.0003609344130381942,0.5859093070030212,0.47615575790405273,-0.00011804083624156192,0.5870960354804993,0.4785679280757904,-0.0005997659172862768,0.5879602432250977,0.48127293586730957,0.0007036435999907553,0.5920115113258362,0.4619218111038208,-0.002670338610187173,0.6337072253227234,0.4337086081504822,0.0586075484752655,0.5885610580444336,0.47338244318962097,0.0034486595541238785,0.5898255109786987,0.47407791018486023,0.0031980329658836126,0.5747334957122803,0.4511272609233856,-0.012852716259658337,0.583652138710022,0.4480254054069519,-0.007860635407269001,0.5755177140235901,0.44975534081459045,-0.01318767573684454,0.5928149223327637,0.4211280047893524,-0.005010375287383795,0.6026867032051086,0.42648181319236755,-0.0028753047809004784,0.586597204208374,0.43995583057403564,-0.011436089873313904,0.6238042712211609,0.3356498181819916,-0.0011623993050307035,0.6189303994178772,0.3469841182231903,-0.007224964443594217,0.613519549369812,0.3559139668941498,-0.011682792566716671,0.588223934173584,0.4865056276321411,0.00525926286354661,0.5859897136688232,0.3621891140937805,-0.018997646868228912,0.5899316668510437,0.34194278717041016,-0.018986934795975685,0.5933625102043152,0.3223651647567749,-0.017996756359934807,0.6115520596504211,0.4052855372428894,0.000779868511017412,0.6252257823944092,0.4107884168624878,0.009936390444636345,0.5860267877578735,0.40112900733947754,-0.002288906369358301,0.6205329298973083,0.3872729241847992,0.002485963748767972,0.5827221274375916,0.411260724067688,-0.009674297645688057,0.5818508267402649,0.43946120142936707,-0.021905668079853058,0.6306760907173157,0.4158123731613159,0.016925714910030365,0.6213160753250122,0.41732415556907654,0.005517985206097364,0.6139337420463562,0.420581191778183,0.0006389767513610423,0.6026714444160461,0.41950321197509766,-0.001549706095829606,0.5942140221595764,0.41599082946777344,-0.0030936829280108213,0.5878476500511169,0.411812424659729,-0.004795779474079609,0.575497567653656,0.400420606136322,-0.016543501988053322,0.6288859248161316,0.43242838978767395,0.017218567430973053,0.6254185438156128,0.38453158736228943,0.004819471389055252,0.5704516768455505,0.4489591121673584,-0.0260794498026371,0.5853571891784668,0.42438453435897827,-0.009112185798585415,0.6390236020088196,0.397641122341156,0.049394719302654266,0.583120584487915,0.4072480797767639,-0.0060828388668596745,0.5874013304710388,0.43990853428840637,-0.0058151306584477425,0.6165816783905029,0.3956565260887146,0.00462169898673892,0.5823225975036621,0.4337750971317291,-0.02032109908759594,0.6295533180236816,0.45271262526512146,0.058537740260362625,0.5857530832290649,0.3981423079967499,-0.001452388009056449,0.5780714750289917,0.4295639991760254,-0.025925615802407265,0.6094754934310913,0.48972317576408386,0.02749726176261902,0.607943058013916,0.4973030090332031,0.03899923339486122,0.6334056258201599,0.4337577819824219,0.03765474632382393,0.6177324056625366,0.48025888204574585,0.03303850069642067,0.6352943778038025,0.3830867409706116,0.022895662114024162,0.585307240486145,0.5131032466888428,0.013658574782311916,0.5699062943458557,0.4501720368862152,-0.01830519735813141,0.5905637741088867,0.4299505054950714,-0.006579127162694931,0.6307108998298645,0.39875003695487976,0.016992326825857162,0.6063106060028076,0.4037398397922516,-0.0017908489098772407,0.6011245250701904,0.4045099914073944,-0.0030979658477008343,0.5921809673309326,0.47601985931396484,0.004450036678463221,0.6266393661499023,0.4481390714645386,0.020923912525177002,0.5756756067276001,0.5214587450027466,0.016607893630862236,0.5912222862243652,0.5124120116233826,0.026149529963731766,0.5986186265945435,0.5063188076019287,0.03176342695951462,0.5957966446876526,0.4032445251941681,-0.0032718125730752945,0.5906546711921692,0.4008070230484009,-0.0024634634610265493,0.5873681306838989,0.399310439825058,-0.0013891208218410611,0.6296367645263672,0.3816101849079132,0.010165208019316196,0.5919073820114136,0.3915349841117859,-0.004322746768593788,0.59746915102005,0.38930803537368774,-0.005321168806403875,0.6028198003768921,0.38936150074005127,-0.005121813155710697,0.6077868342399597,0.39097240567207336,-0.003551183268427849,0.6107763648033142,0.39312246441841125,-0.0015740761300548911,0.6392812728881836,0.3788837194442749,0.037749361246824265,0.6096476316452026,0.4018024802207947,-9.783733730728272e-06,0.5860707759857178,0.4585576057434082,-0.006342961452901363,0.5808151364326477,0.4452325105667114,-0.015892263501882553,0.5754708051681519,0.45733022689819336,-0.011622358113527298,0.6006935238838196,0.49885380268096924,0.02369564026594162,0.5930003523826599,0.5058389902114868,0.019132986664772034,0.5760876536369324,0.5180454850196838,0.008998500183224678,0.6159211993217468,0.4866752028465271,0.04792626574635506,0.5876879692077637,0.3953857123851776,-0.0026322915218770504,0.578449010848999,0.4138886630535126,-0.01718524657189846,0.5838139653205872,0.5178096890449524,0.020263031125068665,0.6297429800033569,0.4509921073913574,0.03894437476992607,0.5798120498657227,0.47551774978637695,-0.002243062714114785,0.5807930827140808,0.4786277413368225,-0.002713031368330121,0.5815743207931519,0.4825372099876404,-0.0032919589430093765,0.5820112228393555,0.48710888624191284,-0.0020101007539778948,0.581950843334198,0.49245473742485046,0.0030862835701555014,0.5899959802627563,0.47242558002471924,0.001915473723784089,0.5912638306617737,0.47142866253852844,0.0018686255207285285,0.5923231840133667,0.4704510271549225,0.0016432765405625105,0.5965129733085632,0.4661421775817871,0.0019778276327997446,0.6195495128631592,0.45238491892814636,0.00994893629103899,0.5790319442749023,0.40530356764793396,-0.012797952629625797,0.5826041102409363,0.39002180099487305,-0.005752069875597954,0.5856496691703796,0.3917064368724823,-0.003669942496344447,0.5886744260787964,0.4734017252922058,0.0025782508309930563,0.6176100373268127,0.46996256709098816,0.020853864029049873,0.5777174830436707,0.3891661763191223,-0.012495709583163261,0.5839084386825562,0.4994605779647827,0.006589251104742289,0.5746297240257263,0.4098212718963623,-0.02133120223879814,0.5815541744232178,0.4265555143356323,-0.016132449731230736,0.5751088857650757,0.5040067434310913,0.004023903049528599,0.5969476103782654,0.48398318886756897,0.010676161386072636,0.5923518538475037,0.4459723234176636,-0.003609539708122611,0.590783417224884,0.4926411211490631,0.009086920879781246,0.6073173880577087,0.44577693939208984,-0.0016372608952224255,0.5982256531715393,0.45358213782310486,-0.0013950226129963994,0.6113640069961548,0.457624226808548,0.004185504745692015,0.576062798500061,0.5122058987617493,0.005292737390846014,0.5845872163772583,0.4306086599826813,-0.011761743575334549,0.6003837585449219,0.4905446767807007,0.0164035577327013,0.5926699042320251,0.4988184869289398,0.013888074085116386,0.6026401519775391,0.4745047390460968,0.009524187073111534,0.6236914396286011,0.46098312735557556,0.02462705411016941,0.6092568635940552,0.47723308205604553,0.014791978523135185,0.6249465942382812,0.4665195643901825,0.038696374744176865,0.6026838421821594,0.4619913101196289,0.0024847551248967648,0.5817470550537109,0.41906923055648804,-0.012814410030841827,0.5800025463104248,0.44335418939590454,-0.02284407988190651,0.583225429058075,0.44439536333084106,-0.016504283994436264,0.5777682662010193,0.4382269084453583,-0.026887664571404457,0.5878623127937317,0.38116154074668884,-0.008229725994169712,0.5982434153556824,0.37477731704711914,-0.00929323397576809,0.6070556044578552,0.3736423850059509,-0.008666339330375195,0.6140519976615906,0.37556496262550354,-0.00605391850695014,0.618693470954895,0.37988540530204773,-0.002360534155741334,0.6206393837928772,0.39649784564971924,0.007190553471446037,0.6359190344810486,0.4168018400669098,0.03447748348116875,0.615902304649353,0.4098435938358307,0.0037035043351352215,0.6099623441696167,0.4125232994556427,0.0007367945509031415,0.6020601987838745,0.41298213601112366,-0.0013759084977209568,0.5943906307220459,0.4108581244945526,-0.0028954073786735535,0.5883541703224182,0.407376766204834,-0.0029261100571602583,0.5843191742897034,0.4041716158390045,-0.0036402633413672447,0.6367316842079163,0.4154890775680542,0.0557694211602211,0.5830962061882019,0.44574111700057983,-0.013522394001483917,0.5779288411140442,0.4215475916862488,-0.020842572674155235,0.5760948657989502,0.4442008435726166,-0.026818284764885902,0.5732956528663635,0.4476063549518585,-0.023980693891644478,0.5761805176734924,0.44527360796928406,-0.02404027245938778,0.5818102955818176,0.4475536346435547,-0.011193377897143364,0.5721963047981262,0.4484495520591736,-0.025335531681776047,0.5715954899787903,0.44964468479156494,-0.01850755512714386,0.5838943719863892,0.39808204770088196,-0.002047936199232936,0.5813037157058716,0.39928627014160156,-0.0049382601864635944,0.5796744227409363,0.4005506634712219,-0.008208975195884705,0.6124730110168457,0.39477095007896423,0.0006042422610335052,0.6170238256454468,0.389121949672699,0.0008267537923529744,0.5416033864021301,0.3926733136177063,5.498577593243681e-05,0.547378659248352,0.39339256286621094,5.498577593243681e-05,0.5421691536903381,0.38533085584640503,5.498577593243681e-05,0.5357256531715393,0.3919197916984558,5.498577593243681e-05,0.5410241484642029,0.39994436502456665,5.498577593243681e-05,0.5994511246681213,0.3958970308303833,-0.0019099509809166193,0.6054442524909973,0.39617490768432617,-0.0019099509809166193,0.5995602607727051,0.38841524720191956,-0.0019099509809166193,0.5935372710227966,0.39557403326034546,-0.0019099509809166193,0.5993449687957764,0.4033273160457611,-0.0019099509809166193
3066.6666666666692,0.5671448111534119,0.47089821100234985,-0.011619269847869873,0.5672987699508667,0.44895079731941223,-0.029461940750479698,0.567286491394043,0.4548281133174896,-0.013979402370750904,0.5639972686767578,0.42084160447120667,-0.024798555299639702,0.5676072835922241,0.44073647260665894,-0.032176610082387924,0.5681353807449341,0.42944711446762085,-0.031027330085635185,0.5695876479148865,0.40145742893218994,-0.01916293427348137,0.5288131833076477,0.3959648907184601,0.0032542378176003695,0.5708035826683044,0.37696608901023865,-0.017562389373779297,0.5713911652565002,0.36489591002464294,-0.02024734579026699,0.5735174417495728,0.3235369324684143,-0.020418956875801086,0.5669732689857483,0.47419464588165283,-0.010584679432213306,0.5668038129806519,0.47739177942276,-0.00857187993824482,0.5667448043823242,0.4794188439846039,-0.005709092598408461,0.5665556788444519,0.479599267244339,-0.004108854569494724,0.5663361549377441,0.4842948615550995,-0.004374288953840733,0.5660519003868103,0.4897141456604004,-0.004936223849654198,0.5657795667648315,0.49497559666633606,-0.00332739413715899,0.5657456517219543,0.49926167726516724,0.003031835425645113,0.5672406554222107,0.45258599519729614,-0.026201846078038216,0.5624603629112244,0.4511709213256836,-0.018364569172263145,0.5093457102775574,0.3562922775745392,0.026457874104380608,0.5453539490699768,0.4061450660228729,-0.002705884166061878,0.5391378998756409,0.40655070543289185,-0.0018704291433095932,0.5335559844970703,0.40464165806770325,3.934241249226034e-06,0.5267236232757568,0.39694881439208984,0.0048531824722886086,0.5507211089134216,0.4037344455718994,-0.0021391534246504307,0.5377777218818665,0.3747062385082245,-0.00610771169885993,0.54477459192276,0.37705090641975403,-0.0065225898288190365,0.5311955809593201,0.375632643699646,-0.003595057874917984,0.5268857479095459,0.3792434334754944,-0.0009197720792144537,0.5223158001899719,0.3999677002429962,0.008530676364898682,0.5463297367095947,0.506406307220459,0.01173926517367363,0.5271852612495422,0.39197638630867004,0.005218752659857273,0.5061547756195068,0.3922412097454071,0.033689647912979126,0.5163670182228088,0.3902989625930786,0.013838260434567928,0.5396546721458435,0.4352128505706787,-0.0033661050256341696,0.5595902800559998,0.46816182136535645,-0.01082954928278923,0.5599148869514465,0.4761204123497009,-0.007551923859864473,0.5523855686187744,0.46919605135917664,-0.00695607578381896,0.5474330186843872,0.4704042673110962,-0.00199299119412899,0.5541383028030396,0.4749699532985687,-0.004935828503221273,0.5495983362197876,0.4741787910461426,-0.0004950694856233895,0.5416632890701294,0.47872763872146606,0.009502965025603771,0.5629071593284607,0.4483119547367096,-0.02892165258526802,0.5625736713409424,0.4402540326118469,-0.03141004964709282,0.5186932682991028,0.36511605978012085,0.000588476425036788,0.5524183511734009,0.41716209053993225,-0.00662586186081171,0.5514339208602905,0.4425806403160095,-0.015242427587509155,0.5513532161712646,0.4379451870918274,-0.014013263396918774,0.5217784643173218,0.43143466114997864,0.004555096849799156,0.563277006149292,0.42980682849884033,-0.029159266501665115,0.5317348837852478,0.35759955644607544,-0.01044183038175106,0.5239303708076477,0.35924190282821655,-0.005215746816247702,0.5151052474975586,0.3421534299850464,0.013361007906496525,0.5577387809753418,0.3712473511695862,-0.015855925157666206,0.5505561828613281,0.3826064169406891,-0.0049308305606245995,0.5375515818595886,0.4702954888343811,0.009540248662233353,0.513505220413208,0.46543583273887634,0.059240590780973434,0.5551699995994568,0.44756045937538147,-0.012822853401303291,0.5592931509017944,0.45040059089660645,-0.012627682648599148,0.5407482981681824,0.4723506271839142,0.008983435109257698,0.5422077178955078,0.47292235493659973,0.0073364800773561,0.5208039283752441,0.35162144899368286,-0.0033131251111626625,0.551144540309906,0.44509071111679077,-0.011717232875525951,0.5425711274147034,0.36091309785842896,-0.014207008294761181,0.5418784618377686,0.3531608283519745,-0.016308819875121117,0.5390083193778992,0.32493892312049866,-0.01172718871384859,0.5186916589736938,0.35090184211730957,0.0035422267392277718,0.5416193008422852,0.3414496183395386,-0.01462037768214941,0.5153316259384155,0.35941094160079956,0.004835877101868391,0.5127308964729309,0.362210214138031,0.014635295607149601,0.5595784783363342,0.4725484848022461,-0.009763797745108604,0.5532212257385254,0.47225111722946167,-0.006097300443798304,0.5484272241592407,0.4723014235496521,-0.0016378236468881369,0.5562998652458191,0.44879263639450073,-0.011273820884525776,0.5414931178092957,0.4726492464542389,0.008131702430546284,0.544205904006958,0.47610753774642944,0.005292216781526804,0.5429899096488953,0.47322747111320496,0.007233888376504183,0.5574783086776733,0.4466494917869568,-0.020884474739432335,0.5505134463310242,0.4755796492099762,0.0005764396628364921,0.5550187826156616,0.4768473505973816,-0.002452768385410309,0.5604516863822937,0.4782674014568329,-0.004826474003493786,0.5581327080726624,0.4980102777481079,0.0035454602912068367,0.5579803586006165,0.49344828724861145,-0.002685537561774254,0.5585187673568726,0.48811909556388855,-0.004030556883662939,0.5593515038490295,0.48275381326675415,-0.00342130521312356,0.5602582097053528,0.47848746180534363,-0.003149820491671562,0.5502970814704895,0.47565415501594543,0.0019256697269156575,0.5489487648010254,0.47746407985687256,0.001497338991612196,0.547444224357605,0.47995826601982117,0.001061942777596414,0.546238124370575,0.48273801803588867,0.0024268794804811478,0.5437625646591187,0.4614733159542084,-0.0009900529403239489,0.5070123672485352,0.42597562074661255,0.06211734935641289,0.5672555565834045,0.4537666440010071,-0.01842820830643177,0.5469361543655396,0.4744972884654999,0.005187986884266138,0.5455623269081116,0.47522157430648804,0.004991217982023954,0.5607883930206299,0.4534199833869934,-0.01225882489234209,0.5525712370872498,0.4490494430065155,-0.0069623179733753204,0.5601081848144531,0.45196035504341125,-0.012624247930943966,0.5459777116775513,0.4207654297351837,-0.0038978029042482376,0.5358119010925293,0.42452743649482727,-0.0012091470416635275,0.5502920746803284,0.4406837821006775,-0.010400671511888504,0.5244309902191162,0.33131375908851624,7.088017446221784e-05,0.5277724266052246,0.3434036672115326,-0.006107267923653126,0.529734194278717,0.34955787658691406,-0.010615566745400429,0.5455964803695679,0.4861574172973633,0.00726326322183013,0.5564501881599426,0.3590605556964874,-0.019320238381624222,0.555963397026062,0.3427363932132721,-0.01949797011911869,0.5548259615898132,0.32276391983032227,-0.018611349165439606,0.5290476083755493,0.4015696942806244,0.0026566041633486748,0.5163089632987976,0.40393760800361633,0.012433583848178387,0.5542435050010681,0.4014114737510681,-0.0017676312709227204,0.521453857421875,0.38103142380714417,0.004552301950752735,0.55661940574646,0.4126009941101074,-0.009219051338732243,0.5544242858886719,0.4410393238067627,-0.021162064746022224,0.5100898742675781,0.4093170464038849,0.019848879426717758,0.5197404623031616,0.41143378615379333,0.007903410121798515,0.5267304182052612,0.41623634099960327,0.00271264067851007,0.5375823974609375,0.41705912351608276,-3.189818380633369e-05,0.5458647012710571,0.4150163531303406,-0.0020365803502500057,0.5522038340568542,0.41196051239967346,-0.004128298256546259,0.5643067955970764,0.40297049283981323,-0.016719866544008255,0.5102131366729736,0.426050066947937,0.020381033420562744,0.5172028541564941,0.3769577741622925,0.007117402274161577,0.5645851492881775,0.452067494392395,-0.025819553062319756,0.5528885722160339,0.42529070377349854,-0.008334910497069359,0.5050233602523804,0.38983866572380066,0.052428144961595535,0.5569704174995422,0.4082511067390442,-0.0057166386395692825,0.5496708750724792,0.44043731689453125,-0.00481167808175087,0.5246127843856812,0.3904486894607544,0.006591642741113901,0.554588258266449,0.43532073497772217,-0.01962530054152012,0.5093951225280762,0.44542643427848816,0.06221546605229378,0.5546143651008606,0.3982618749141693,-0.000975078612100333,0.5587748885154724,0.4317932426929474,-0.02548150345683098,0.5246762633323669,0.4857829511165619,0.03082338161766529,0.5259004831314087,0.4934329092502594,0.04244362935423851,0.5063636302947998,0.42636537551879883,0.04121139273047447,0.5174485445022583,0.47508811950683594,0.03666358441114426,0.5091336369514465,0.376158207654953,0.025585036724805832,0.5459630489349365,0.5125879645347595,0.01616428792476654,0.5651987195014954,0.4532778263092041,-0.01802578754723072,0.547385573387146,0.42997077107429504,-0.0054698241874575615,0.5118436813354492,0.3901500999927521,0.019681015983223915,0.5340232849121094,0.4016120135784149,-0.0003145050723105669,0.539146363735199,0.40306729078292847,-0.0018273098394274712,0.5430362820625305,0.4771858751773834,0.006407019682228565,0.5111262798309326,0.4419068694114685,0.02426929585635662,0.5551064610481262,0.5224136710166931,0.018760105594992638,0.5408406853675842,0.5110276341438293,0.029113229364156723,0.5342658162117004,0.503812849521637,0.03494248539209366,0.5723932981491089,0.3444996178150177,-0.021194016560912132,0.5650601387023926,0.5246315002441406,0.016984105110168457,0.5445089936256409,0.4024551510810852,-0.0022724689915776253,0.5496364235877991,0.4006054997444153,-0.0017186652403324842,0.5529676675796509,0.3993251323699951,-0.000804685871116817,0.5133618712425232,0.37324991822242737,0.01262053195387125,0.5492599010467529,0.3905494213104248,-0.0035494493786245584,0.5439158082008362,0.3871590197086334,-0.004349485971033573,0.5386641025543213,0.38627201318740845,-0.003876187140122056,0.5336048603057861,0.38716864585876465,-0.0020257679279893637,0.5304223895072937,0.3889768123626709,7.796761201461777e-05,0.5061706900596619,0.37136024236679077,0.04052512347698212,0.5307698249816895,0.39891019463539124,0.0016647817101329565,0.5671853423118591,0.4600505530834198,-0.011756236664950848,0.549688994884491,0.45910459756851196,-0.005047329235821962,0.5551398396492004,0.44679176807403564,-0.015184935182332993,0.5597901344299316,0.4593640863895416,-0.010866514407098293,0.5702134370803833,0.38911643624305725,-0.016462236642837524,0.5325084328651428,0.4960556626319885,0.026753969490528107,0.5392585396766663,0.5041401386260986,0.021943800151348114,0.5544848442077637,0.5189727544784546,0.011100470088422298,0.5192586779594421,0.4815386235713959,0.05168958380818367,0.5530213713645935,0.39522600173950195,-0.0020315966103225946,0.5601692199707031,0.4159771502017975,-0.016974717378616333,0.5649769306182861,0.5210493803024292,0.009642709977924824,0.5474327802658081,0.5175857543945312,0.02289762534201145,0.5083997249603271,0.4439736604690552,0.04260089620947838,0.5548200607299805,0.4770495295524597,-0.0008717469172552228,0.5534879565238953,0.4802524447441101,-0.0012670784490182996,0.5522791147232056,0.4843263030052185,-0.0017569041810929775,0.5513790845870972,0.4890626072883606,-0.0004202183918096125,0.5509347915649414,0.4929555356502533,0.00488415639847517,0.5458205938339233,0.4734838604927063,0.0037337993271648884,0.5446168780326843,0.4724188446998596,0.003765928093343973,0.5436732769012451,0.4713583290576935,0.0035743871703743935,0.5393184423446655,0.4650200307369232,0.004037383943796158,0.5173528790473938,0.44744357466697693,0.012919946573674679,0.5605791211128235,0.40725505352020264,-0.012623334303498268,0.5583286285400391,0.39004284143447876,-0.0056551075540483,0.5552583336830139,0.3915693461894989,-0.0033227482344955206,0.54707932472229,0.4745359420776367,0.004301066510379314,0.5181793570518494,0.4651337265968323,0.024107033386826515,0.5632776618003845,0.3896767199039459,-0.012751869857311249,0.5483240485191345,0.4994775056838989,0.008626975119113922,0.5686101317405701,0.42011556029319763,-0.02690042555332184,0.5640859007835388,0.4125300943851471,-0.021441185846924782,0.5690684914588928,0.4113699495792389,-0.02297983504831791,0.5561062097549438,0.42809510231018066,-0.01558004878461361,0.5651388764381409,0.5150922536849976,0.005708527751266956,0.5654263496398926,0.5068432688713074,0.004434510599821806,0.556421160697937,0.5053207874298096,0.00570291094481945,0.5373442769050598,0.4822816550731659,0.013152530416846275,0.544420599937439,0.4456288516521454,-0.0022077723406255245,0.5424591302871704,0.4917156994342804,0.011358188465237617,0.5296021103858948,0.44297096133232117,0.00045867814333178103,0.5381477475166321,0.45215386152267456,0.0004110917798243463,0.5249300003051758,0.4540039896965027,0.006728453561663628,0.5548391342163086,0.5132142305374146,0.007252818904817104,0.55303955078125,0.4317040741443634,-0.010965503752231598,0.5334148406982422,0.4881085455417633,0.019221162423491478,0.5400549173355103,0.49742773175239563,0.016437338665127754,0.5325585603713989,0.4721564054489136,0.01217317208647728,0.5131043195724487,0.45514652132987976,0.028019243851304054,0.5257067680358887,0.4736993610858917,0.017728252336382866,0.5117288827896118,0.46019935607910156,0.04246753081679344,0.5334067940711975,0.4597795009613037,0.004774675238877535,0.556679368019104,0.42057180404663086,-0.012318499386310577,0.5558575987815857,0.44512611627578735,-0.022165855392813683,0.5529031753540039,0.4456312954425812,-0.01564115658402443,0.5582288503646851,0.44046080112457275,-0.026305651292204857,0.5536019206047058,0.3793865144252777,-0.007963966578245163,0.5439087152481079,0.37103867530822754,-0.008655942976474762,0.5352962017059326,0.3686418831348419,-0.007607603911310434,0.5283102989196777,0.36993536353111267,-0.004553689621388912,0.5235345959663391,0.3737754225730896,-0.0005602604942396283,0.5210483074188232,0.39036035537719727,0.009329013526439667,0.5054824948310852,0.40922969579696655,0.03781977295875549,0.525140643119812,0.40496310591697693,0.005767315626144409,0.5307753682136536,0.40902090072631836,0.0025102419313043356,0.5383313894271851,0.4108943045139313,2.0879346266156062e-05,0.5458352565765381,0.4099826216697693,-0.001898408867418766,0.5517976880073547,0.40743160247802734,-0.002318244194611907,0.5558274984359741,0.40489596128463745,-0.003256340976804495,0.505750298500061,0.4076387286186218,0.05910962074995041,0.5530160665512085,0.4469907283782959,-0.012640413828194141,0.5597767233848572,0.423734188079834,-0.020499156787991524,0.5593750476837158,0.446593314409256,-0.02637956477701664,0.5620488524436951,0.45025381445884705,-0.02366325445473194,0.5593946576118469,0.4475543797016144,-0.023564500734210014,0.5542305707931519,0.44893497228622437,-0.010385528206825256,0.5629676580429077,0.45130500197410583,-0.02505379728972912,0.5636056065559387,0.45253443717956543,-0.018168076872825623,0.5565264225006104,0.3984552323818207,-0.0017492189072072506,0.5590015053749084,0.4002673327922821,-0.004820266272872686,0.560611367225647,0.40193504095077515,-0.008136196993291378,0.5286247730255127,0.3904860317707062,0.002370811766013503,0.5244295001029968,0.38364312052726746,0.0027471657376736403,0.5732085704803467,0.42147016525268555,-0.025076303631067276,0.6109467148780823,0.4024098813533783,0.001193564385175705,0.5723811984062195,0.45182308554649353,-0.018569285050034523,0.6365028023719788,0.36547529697418213,0.023278284817934036,0.5940027832984924,0.41003111004829407,-0.004033337812870741,0.6002128720283508,0.4110582172870636,-0.003441021777689457,0.6060078144073486,0.4100324809551239,-0.0018506215419620275,0.6132593750953674,0.4043657183647156,0.002641744678840041,0.5886478424072266,0.40712040662765503,-0.0031716187950223684,0.6036517024040222,0.3824518620967865,-0.007846036925911903,0.5966705083847046,0.3833557963371277,-0.007892816327512264,0.6099613308906555,0.3842499554157257,-0.005589757114648819,0.6138423681259155,0.3880378007888794,-0.003079851856455207,0.618200421333313,0.40845349431037903,0.006235593464225531,0.5847899913787842,0.5092401504516602,0.010787018574774265,0.6129170060157776,0.39932745695114136,0.003052838845178485,0.6360461711883545,0.4017433524131775,0.03058416023850441,0.6249781250953674,0.40093114972114563,0.011263319291174412,0.597200870513916,0.439303457736969,-0.004703877959400415,0.5750361680984497,0.4690874516963959,-0.01123755518347025,0.574019730091095,0.4768897294998169,-0.007955131120979786,0.5824115872383118,0.4708920121192932,-0.007778692990541458,0.5873802304267883,0.47237393260002136,-0.003087494522333145,0.5801627039909363,0.4763461947441101,-0.005718491971492767,0.5850054621696472,0.47586289048194885,-0.0014548333128914237,0.5924755930900574,0.48222407698631287,0.008119199424982071,0.5717779994010925,0.4489014446735382,-0.029091624543070793,0.5726892948150635,0.4409060478210449,-0.03162039816379547,0.6235684752464294,0.37668633460998535,-0.0019531261641532183,0.5859411954879761,0.4194708466529846,-0.007513544522225857,0.5843686461448669,0.44473791122436523,-0.016043927520513535,0.5849162936210632,0.44012582302093506,-0.014862525276839733,0.6155142784118652,0.43825507164001465,0.0023699961602687836,0.5729837417602539,0.4304100275039673,-0.029439425095915794,0.6102357506752014,0.3678441047668457,-0.012118279933929443,0.6182833909988403,0.37034308910369873,-0.007417159155011177,0.6318080425262451,0.3505697548389435,0.010461526922881603,0.583046019077301,0.3774287700653076,-0.016359034925699234,0.5904210805892944,0.3873826265335083,-0.006038629449903965,0.5973698496818542,0.47431838512420654,0.007968369871377945,0.6222102046012878,0.47311678528785706,0.056498099118471146,0.5801737904548645,0.4492025375366211,-0.013499172404408455,0.5758260488510132,0.4514561891555786,-0.012963348999619484,0.5943465828895569,0.4743160605430603,0.007580232340842485,0.592814028263092,0.4748007655143738,0.006088077090680599,0.6219464540481567,0.36341342329978943,-0.005684738513082266,0.584537923336029,0.4472561180591583,-0.012497931718826294,0.598825991153717,0.36968690156936646,-0.015388188883662224,0.5999715328216553,0.3619823455810547,-0.017515994608402252,0.6085331439971924,0.32986879348754883,-0.013387092389166355,0.6270666718482971,0.3587981164455414,0.0009836897952482104,0.6039896011352539,0.34589797258377075,-0.015981940552592278,0.6273142695426941,0.3717561960220337,0.0021305519621819258,0.6322083473205566,0.37101462483406067,0.011736646294593811,0.5746589303016663,0.4734117090702057,-0.010192188434302807,0.5813156962394714,0.4737873375415802,-0.00691655557602644,0.5862770676612854,0.47410085797309875,-0.002689929213374853,0.5789329409599304,0.45025238394737244,-0.01174879353493452,0.5935586094856262,0.4745703935623169,0.006821251008659601,0.5901602506637573,0.47786399722099304,0.004150963854044676,0.5919947624206543,0.4750601649284363,0.006027285475283861,0.5777297616004944,0.44800710678100586,-0.02142842300236225,0.5840206742286682,0.47713032364845276,-0.000328949186950922,0.5791448950767517,0.47806739807128906,-0.0031597174238413572,0.573401689529419,0.47896623611450195,-0.005234090145677328,0.5735394358634949,0.4992031455039978,0.003167066490277648,0.5738949179649353,0.49420419335365295,-0.003124030539765954,0.5738427042961121,0.48884907364845276,-0.004506741184741259,0.5735998749732971,0.4834383726119995,-0.003889070125296712,0.5732010006904602,0.47911569476127625,-0.003589810337871313,0.583919107913971,0.47709351778030396,0.001005273894406855,0.5850499272346497,0.4789562523365021,0.000584240653552115,0.5862231850624084,0.4815205931663513,0.00015384971629828215,0.5870834589004517,0.4843626916408539,0.0014961344422772527,0.5912657380104065,0.46472734212875366,-0.0021661275532096624,0.6325117349624634,0.4351590871810913,0.05904777720570564,0.5876736640930176,0.4761524498462677,0.004092568997293711,0.5889198780059814,0.4769279956817627,0.0038807641249150038,0.5741211175918579,0.45432189106941223,-0.012563931755721569,0.5829249024391174,0.4510079622268677,-0.007577620912343264,0.5749064683914185,0.4529567062854767,-0.01294454000890255,0.5921189785003662,0.42402511835098267,-0.005062728188931942,0.6020063161849976,0.4293181300163269,-0.0028040758334100246,0.5858637094497681,0.44302448630332947,-0.011255275458097458,0.6230756044387817,0.3383804261684418,-0.002296318067237735,0.618261456489563,0.34995242953300476,-0.008146953769028187,0.6126523613929749,0.35992950201034546,-0.012442581355571747,0.5875523090362549,0.48915034532546997,0.006164333783090115,0.5851653814315796,0.3655930757522583,-0.01987670548260212,0.5891719460487366,0.34511125087738037,-0.020167825743556023,0.5925377607345581,0.3254038691520691,-0.0194417592138052,0.610621452331543,0.40810343623161316,0.0005491776391863823,0.6243371963500977,0.4136660099029541,0.009881733916699886,0.5851881504058838,0.4045950174331665,-0.0026918454095721245,0.6196191310882568,0.3907492458820343,0.002140010939911008,0.5820698142051697,0.4143253266811371,-0.00992763601243496,0.5812763571739197,0.4428134858608246,-0.02181299962103367,0.6298137903213501,0.41813379526138306,0.01700323261320591,0.6203485727310181,0.41998329758644104,0.005527736619114876,0.6129504442214966,0.42319032549858093,0.0006409750203602016,0.6017519235610962,0.4222806394100189,-0.0016163636464625597,0.5933358669281006,0.41898322105407715,-0.0032479206565767527,0.5870031118392944,0.41496390104293823,-0.005042155273258686,0.574838399887085,0.4036601781845093,-0.017012672498822212,0.6279228925704956,0.43470391631126404,0.017527639865875244,0.624521791934967,0.38809943199157715,0.004463984165340662,0.5699434876441956,0.45240721106529236,-0.025960104539990425,0.5846731066703796,0.42744049429893494,-0.009163537062704563,0.6380456686019897,0.39936739206314087,0.049261339008808136,0.5823010206222534,0.41050073504447937,-0.006418449804186821,0.5866342782974243,0.4428797960281372,-0.0056137507781386375,0.6156294345855713,0.39878711104393005,0.004342521540820599,0.5817043781280518,0.4370788037776947,-0.020284166559576988,0.6282724142074585,0.4540631175041199,0.05927027761936188,0.5849598050117493,0.4016740322113037,-0.0018985625356435776,0.5775119662284851,0.4329983592033386,-0.025979148223996162,0.6085759401321411,0.491668164730072,0.02867552451789379,0.6070043444633484,0.49891817569732666,0.040354497730731964,0.6322623491287231,0.4355952739715576,0.038052648305892944,0.6166598796844482,0.48201945424079895,0.03412089869379997,0.6344819664955139,0.38535669445991516,0.02252812869846821,0.5847169160842896,0.51542729139328,0.015140453353524208,0.5693709850311279,0.4535423219203949,-0.01811733841896057,0.5898572206497192,0.4328979253768921,-0.006513097323477268,0.6298596858978271,0.4019537568092346,0.016835954040288925,0.6054132580757141,0.4065033495426178,-0.002087781671434641,0.6002522706985474,0.4073500335216522,-0.003418662352487445,0.5912424325942993,0.4790043830871582,0.005176549311727285,0.6255798935890198,0.4502655863761902,0.02148636244237423,0.5751072764396667,0.5237475037574768,0.01822071149945259,0.5905386209487915,0.5143572092056274,0.02765929326415062,0.5978379845619202,0.508115828037262,0.033195871859788895,0.594953715801239,0.40627944469451904,-0.003632479812949896,0.589836597442627,0.404092013835907,-0.0028591533191502094,0.586564838886261,0.4027579128742218,-0.001816866104491055,0.6287824511528015,0.38520246744155884,0.00981172639876604,0.5911576151847839,0.3949751555919647,-0.004804390482604504,0.5966916084289551,0.3926224112510681,-0.0057955593802034855,0.6020029187202454,0.3925647437572479,-0.005567707121372223,0.6069451570510864,0.39410415291786194,-0.003952176310122013,0.6099083423614502,0.3962205648422241,-0.0019345288164913654,0.6384128928184509,0.38085073232650757,0.03731739893555641,0.6087409853935242,0.4046018719673157,-0.00029695150442421436,0.5853468179702759,0.46147865056991577,-0.005899418611079454,0.5801973342895508,0.44847220182418823,-0.015739960595965385,0.5748739838600159,0.4604352116584778,-0.011245129629969597,0.5999285578727722,0.5009092688560486,0.024989021942019463,0.5923337936401367,0.5080183148384094,0.020534103736281395,0.5755506753921509,0.5205182433128357,0.010519811883568764,0.6148284077644348,0.4880952835083008,0.049157045781612396,0.5869214534759521,0.39892295002937317,-0.003100369591265917,0.5778316855430603,0.417167991399765,-0.01745724305510521,0.5832058191299438,0.519938588142395,0.021843580529093742,0.6285132765769958,0.4526974558830261,0.0396062508225441,0.578981339931488,0.4781377911567688,-0.0015947632491588593,0.5799413323402405,0.4814063608646393,-0.0019968897104263306,0.5807053446769714,0.4855242669582367,-0.002514064544811845,0.58113032579422,0.4902893304824829,-0.0011698818998411298,0.5813369154930115,0.4951564073562622,0.0040619857609272,0.5890606045722961,0.47525572776794434,0.0025346868205815554,0.5902803540229797,0.4742881953716278,0.00248726480640471,0.5912963151931763,0.47334620356559753,0.002256914274767041,0.5957229137420654,0.4688505232334137,0.0025706347078084946,0.6186274290084839,0.4547717273235321,0.010501015931367874,0.578382134437561,0.4084656536579132,-0.013166285119950771,0.581852912902832,0.39344483613967896,-0.006317714229226112,0.5848806500434875,0.39520227909088135,-0.004193178378045559,0.587769091129303,0.47622150182724,0.0032202373258769512,0.6166403889656067,0.47207510471343994,0.021709540858864784,0.5770113468170166,0.392539381980896,-0.01308557577431202,0.5833269953727722,0.5020128488540649,0.007747654803097248,0.5740144848823547,0.4131844937801361,-0.021706076338887215,0.5809267163276672,0.42978692054748535,-0.016208002343773842,0.5745669007301331,0.5066628456115723,0.005260764621198177,0.5962367653846741,0.4864481985569,0.011620284989476204,0.5916114449501038,0.44883424043655396,-0.0033067341428250074,0.590147078037262,0.4951266050338745,0.010147850960493088,0.6065972447395325,0.4485273063182831,-0.001250629429705441,0.5975002646446228,0.4563544690608978,-0.0009684577817097306,0.6105548143386841,0.46018117666244507,0.004768467508256435,0.575541615486145,0.5147791504859924,0.006683757994323969,0.5838918685913086,0.4337238669395447,-0.011735902167856693,0.5996672511100769,0.49284759163856506,0.017509179189801216,0.5920351147651672,0.5011885166168213,0.015130292624235153,0.6018728017807007,0.4770031273365021,0.010357383638620377,0.6226088404655457,0.46298035979270935,0.02539030648767948,0.6084325909614563,0.47954124212265015,0.0156947560608387,0.6237404942512512,0.4681641459465027,0.03960749879479408,0.6019076108932495,0.4646379053592682,0.0030590274836868048,0.5811062455177307,0.4222348928451538,-0.012972904369235039,0.5794490575790405,0.44672054052352905,-0.02273811772465706,0.582588255405426,0.44760704040527344,-0.016323141753673553,0.5772467851638794,0.4417140781879425,-0.02685748226940632,0.5870582461357117,0.38464391231536865,-0.008856154046952724,0.5973699688911438,0.3783549666404724,-0.009915200993418694,0.6061615347862244,0.37728995084762573,-0.009229484014213085,0.6131542921066284,0.3792494833469391,-0.006547464057803154,0.617775559425354,0.38354071974754333,-0.002792910672724247,0.6196889877319336,0.3996732234954834,0.00694049708545208,0.6348939538002014,0.41876116394996643,0.03462813049554825,0.6149102449417114,0.4126298427581787,0.0035794402938336134,0.608990490436554,0.4152837097644806,0.0005963252624496818,0.6011375784873962,0.41582998633384705,-0.0015554925194010139,0.5935167670249939,0.4138910174369812,-0.0031339656561613083,0.5875009894371033,0.41062241792678833,-0.003240108024328947,0.5834988355636597,0.40752536058425903,-0.0040016393177211285,0.6356562972068787,0.41705915331840515,0.055915798991918564,0.5824133157730103,0.44887101650238037,-0.013313811272382736,0.57734215259552,0.42490750551223755,-0.021003741770982742,0.5755901336669922,0.4476708173751831,-0.026738109067082405,0.5727939009666443,0.4509943127632141,-0.02385633811354637,0.5756608843803406,0.44866883754730225,-0.02393736131489277,0.5811145305633545,0.4506243169307709,-0.010955576784908772,0.571692705154419,0.45187777280807495,-0.0252110306173563,0.5710664987564087,0.4529944062232971,-0.018325921148061752,0.5830925107002258,0.4016144871711731,-0.0025006753858178854,0.5805332064628601,0.4026932418346405,-0.005391149781644344,0.5789086818695068,0.40387046337127686,-0.008647489361464977,0.611592710018158,0.39783939719200134,0.000274117715889588,0.6160903573036194,0.3924815058708191,0.0004906818503513932,0.5408719182014465,0.39522480964660645,-0.000697415554895997,0.5466704964637756,0.39587923884391785,-0.000697415554895997,0.5413576364517212,0.3879740536212921,-0.000697415554895997,0.5349539518356323,0.39455291628837585,-0.000697415554895997,0.5403589606285095,0.4024451971054077,-0.000697415554895997,0.5987898707389832,0.3990098237991333,-0.0022902917116880417,0.6047278642654419,0.3992737829685211,-0.0022902917116880417,0.598939061164856,0.39173248410224915,-0.0022902917116880417,0.5929411053657532,0.39869287610054016,-0.0022902917116880417,0.5986559391021729,0.40624675154685974,-0.0022902917116880417
3100.0000000000027,0.5666118264198303,0.47173258662223816,-0.011365551501512527,0.5663516521453857,0.44960710406303406,-0.029506849125027657,0.566338062286377,0.45543548464775085,-0.013874590396881104,0.5631858110427856,0.42151516675949097,-0.02500295825302601,0.5667003393173218,0.44141897559165955,-0.03228228539228439,0.5672895908355713,0.4301431179046631,-0.03120514377951622,0.5688861012458801,0.40226200222969055,-0.019530266523361206,0.5283688306808472,0.396175354719162,0.0030329583678394556,0.5701954960823059,0.3783921003341675,-0.01810825616121292,0.5708305835723877,0.3664702773094177,-0.02088877744972706,0.5731697678565979,0.32492315769195557,-0.021292222663760185,0.5664616227149963,0.47495609521865845,-0.010297207161784172,0.566286563873291,0.47807544469833374,-0.00825362466275692,0.5661893486976624,0.480059951543808,-0.005349013023078442,0.566044807434082,0.4802457094192505,-0.003861517645418644,0.5658907294273376,0.4847377836704254,-0.004104848951101303,0.565662145614624,0.489929735660553,-0.004669882357120514,0.5654134750366211,0.4949805736541748,-0.00308354408480227,0.5646360516548157,0.49903416633605957,0.003306054510176182,0.5662846565246582,0.45321446657180786,-0.02620518207550049,0.5614868998527527,0.4517429769039154,-0.01831217296421528,0.5085222721099854,0.3568364679813385,0.02595137618482113,0.544642984867096,0.40650326013565063,-0.002869224175810814,0.5385453104972839,0.4067651629447937,-0.0020412274170666933,0.5330115556716919,0.40483298897743225,-0.00017916988872457296,0.5261539816856384,0.3972233533859253,0.004646549466997385,0.5498991012573242,0.4043482542037964,-0.002335264114663005,0.53719162940979,0.375462144613266,-0.006444903090596199,0.544098436832428,0.3778746724128723,-0.006854405160993338,0.5306531190872192,0.3763010501861572,-0.003934595733880997,0.5263532400131226,0.3798162639141083,-0.0012352161575108767,0.5216278433799744,0.4002698063850403,0.008367100730538368,0.5451176166534424,0.5064834952354431,0.012195778079330921,0.5266945958137512,0.3922702372074127,0.004969043657183647,0.5051866769790649,0.39267390966415405,0.033605094999074936,0.5154440999031067,0.39078816771507263,0.013637212105095387,0.5388028621673584,0.43567800521850586,-0.0032722316682338715,0.5589773058891296,0.46911585330963135,-0.010584537871181965,0.5592394471168518,0.4768386781215668,-0.007221736945211887,0.5515958666801453,0.47011247277259827,-0.00666895043104887,0.5464574694633484,0.4711942970752716,-0.0016594320768490434,0.5532915592193604,0.4757302403450012,-0.004586874507367611,0.5485863089561462,0.4749171733856201,-0.00011180418368894607,0.540530264377594,0.4787711799144745,0.009943139739334583,0.5619399547576904,0.44892990589141846,-0.028961624950170517,0.5616408586502075,0.44089293479919434,-0.03150906786322594,0.5180413722991943,0.3658788800239563,0.00010582785762380809,0.5516621470451355,0.4177134335041046,-0.0067299348302185535,0.5504194498062134,0.4430932402610779,-0.015197927132248878,0.5503635406494141,0.43844860792160034,-0.01398105826228857,0.5209635496139526,0.43179044127464294,0.00465251412242651,0.5624073147773743,0.43046361207962036,-0.02931680902838707,0.5313801765441895,0.35859495401382446,-0.011016453616321087,0.5234468579292297,0.3601129949092865,-0.005789958871901035,0.5144517421722412,0.342872679233551,0.01268510241061449,0.5572565197944641,0.37266185879707336,-0.0163859985768795,0.549770176410675,0.3834681510925293,-0.0052282498218119144,0.5363805890083313,0.4704427123069763,0.009983539581298828,0.5122111439704895,0.46560442447662354,0.0598580427467823,0.5541574954986572,0.4480874538421631,-0.012744766660034657,0.5582801103591919,0.4509405493736267,-0.012550399638712406,0.5394557118415833,0.47287052869796753,0.009434144012629986,0.5409025549888611,0.4734717011451721,0.007774790283292532,0.5202121138572693,0.35252636671066284,-0.00391846988350153,0.5500988364219666,0.4455885887145996,-0.011627976782619953,0.542262613773346,0.36213716864585876,-0.014764371328055859,0.5415900945663452,0.35440436005592346,-0.016926875337958336,0.5386433005332947,0.3260335922241211,-0.012557598762214184,0.5180767774581909,0.3517936170101166,0.002920260187238455,0.5412312746047974,0.34261810779571533,-0.015342677012085915,0.5145354866981506,0.360241174697876,0.004337836988270283,0.5119795799255371,0.3629630208015442,0.014166416600346565,0.5589491128921509,0.4733576476573944,-0.009478084743022919,0.5524109601974487,0.47306638956069946,-0.0057755098678171635,0.547435998916626,0.4730566442012787,-0.0012799898395314813,0.5552808046340942,0.4493255317211151,-0.011192825622856617,0.5401886105537415,0.4731796383857727,0.008572681806981564,0.5431137084960938,0.4765655994415283,0.005682169459760189,0.5416802167892456,0.4737935960292816,0.007661412004381418,0.5565177798271179,0.4471934139728546,-0.0208772961050272,0.5494760870933533,0.4762994945049286,0.0009803747525438666,0.5541344881057739,0.4775649607181549,-0.0020653647370636463,0.5597327351570129,0.4789259433746338,-0.004453595262020826,0.557060718536377,0.4978078007698059,0.003841823898255825,0.5574923753738403,0.493389755487442,-0.0024367605801671743,0.5579856038093567,0.4882962107658386,-0.0037763745058327913,0.5587446093559265,0.48316696286201477,-0.003157954663038254,0.559585452079773,0.47912999987602234,-0.002899831859394908,0.5492728352546692,0.4763379991054535,0.0022424194030463696,0.5479872822761536,0.4779846668243408,0.0018118189182132483,0.5465535521507263,0.48029422760009766,0.0013942483346909285,0.5454133152961731,0.4828914999961853,0.0027797946240752935,0.5426784157752991,0.46190696954727173,-0.0006992583512328565,0.5057904720306396,0.42626118659973145,0.06244482472538948,0.566304087638855,0.4543727934360504,-0.018366804346442223,0.5457582473754883,0.4751485288143158,0.005561084020882845,0.5444363951683044,0.4757738411426544,0.0053696767427027225,0.55978924036026,0.45397573709487915,-0.012144054286181927,0.5515327453613281,0.4495677053928375,-0.006817148067057133,0.5590983033180237,0.4525066316127777,-0.012536668218672276,0.5452279448509216,0.42127367854118347,-0.003945725504308939,0.5350635051727295,0.4249882996082306,-0.0012259421637281775,0.549279510974884,0.44116589426994324,-0.010323402471840382,0.5239511728286743,0.3322119116783142,-0.0007143050315789878,0.5273037552833557,0.34442219138145447,-0.006790786050260067,0.5293505787849426,0.3505827784538269,-0.011226334609091282,0.5445277094841003,0.48610496520996094,0.007668030448257923,0.5560433268547058,0.3605172634124756,-0.019940854981541634,0.5555745363235474,0.3439713716506958,-0.020236477255821228,0.5544998645782471,0.32400283217430115,-0.01946094259619713,0.5285071134567261,0.4017692506313324,0.002456103218719363,0.515548050403595,0.4042176306247711,0.012338060885667801,0.5533506274223328,0.40219831466674805,-0.0019817741122096777,0.5207810401916504,0.3815935254096985,0.004223229829221964,0.5558727383613586,0.41320115327835083,-0.009385800920426846,0.5534570217132568,0.44157907366752625,-0.02117696963250637,0.5091842412948608,0.4096868932247162,0.019841056317090988,0.5191822052001953,0.4116290807723999,0.007849499583244324,0.5262792706489563,0.4164077043533325,0.0026713619008660316,0.5370805859565735,0.41733038425445557,-0.00010522952652536333,0.5452641844749451,0.41542598605155945,-0.0021300101652741432,0.5515345931053162,0.41252607107162476,-0.004273754078894854,0.5635819435119629,0.4037131071090698,-0.017049038782715797,0.5092675685882568,0.4263695478439331,0.020524688065052032,0.5164005756378174,0.37762734293937683,0.006767138373106718,0.5636182427406311,0.4526752233505249,-0.02581809088587761,0.5520459413528442,0.42582830786705017,-0.008351278491318226,0.5039917230606079,0.3901672959327698,0.05238156020641327,0.5562725067138672,0.4089411497116089,-0.005910483188927174,0.5486659407615662,0.4409131705760956,-0.0046755122020840645,0.524020254611969,0.39080268144607544,0.006339572370052338,0.5536440014839172,0.4358651638031006,-0.019660823047161102,0.5081204175949097,0.4456799328327179,0.06268235296010971,0.5536559820175171,0.39910417795181274,-0.0012062630848959088,0.5578778982162476,0.4323975443840027,-0.02559000998735428,0.5234371423721313,0.48588308691978455,0.031423475593328476,0.5246662497520447,0.4935005307197571,0.043112512677907944,0.5052621364593506,0.42672374844551086,0.041468147188425064,0.5162209868431091,0.4752163589000702,0.037256330251693726,0.5082883834838867,0.3767361342906952,0.02529907040297985,0.544676661491394,0.5126947164535522,0.01670202985405922,0.5642333626747131,0.4538673758506775,-0.01796037144958973,0.5465343594551086,0.43048033118247986,-0.005421677604317665,0.5107232928276062,0.39067062735557556,0.019518647342920303,0.5335550904273987,0.4017238914966583,-0.0005116866668686271,0.5385867357254028,0.403225839138031,-0.002026195637881756,0.5419774651527405,0.47754937410354614,0.006823311559855938,0.5100994110107422,0.4421846568584442,0.024577023461461067,0.5538129806518555,0.5225297212600708,0.019330115988850594,0.5395475625991821,0.5111979246139526,0.029698539525270462,0.5330005884170532,0.5039492249488831,0.03556599095463753,0.5719531774520874,0.3458414375782013,-0.021952295675873756,0.5638124346733093,0.5247617363929749,0.017553001642227173,0.5438054203987122,0.40277495980262756,-0.0024844175204634666,0.5488093495368958,0.4011792838573456,-0.0019418930169194937,0.552054226398468,0.4000769555568695,-0.0010398097801953554,0.5123696327209473,0.3739575743675232,0.01228830311447382,0.5484090447425842,0.3911816477775574,-0.003809388494119048,0.543179988861084,0.387594997882843,-0.004641781561076641,0.538050651550293,0.3866048753261566,-0.004174557514488697,0.5330785512924194,0.38746654987335205,-0.0023181294091045856,0.5299318432807922,0.38927048444747925,-0.00019066136155743152,0.5052468180656433,0.37177035212516785,0.040230341255664825,0.5303359031677246,0.39906105399131775,0.0014511243207380176,0.5662020444869995,0.4607599377632141,-0.011603794060647488,0.5486403703689575,0.45962971448898315,-0.004822657443583012,0.554146409034729,0.44732189178466797,-0.015139361843466759,0.5587905645370483,0.46001550555229187,-0.01071195863187313,0.5695633292198181,0.3902081549167633,-0.01689484529197216,0.5312299728393555,0.4961932599544525,0.027343513444066048,0.5379884839057922,0.5042848587036133,0.022509364411234856,0.5532058477401733,0.5190320014953613,0.011604376137256622,0.5180016160011292,0.4816206097602844,0.05234921723604202,0.5520995259284973,0.39602455496788025,-0.0022843938786536455,0.5593858957290649,0.4166150689125061,-0.017165986821055412,0.5637455582618713,0.5210897922515869,0.010122590698301792,0.5461335182189941,0.51774001121521,0.02346886321902275,0.5072370171546936,0.444275438785553,0.04300544783473015,0.5539671778678894,0.4777352809906006,-0.0005942368297837675,0.5526996850967407,0.48071831464767456,-0.000991743989288807,0.5515736937522888,0.4845474362373352,-0.0014697231817990541,0.5507543087005615,0.4890281558036804,-0.00011903866106877103,0.5498850345611572,0.49279507994651794,0.005230298265814781,0.5446357131004333,0.4741359353065491,0.004131992347538471,0.5434457063674927,0.4730628430843353,0.004163692705333233,0.5425102114677429,0.47201624512672424,0.003968058153986931,0.5381761789321899,0.46532899141311646,0.004401263780891895,0.5163701772689819,0.4477130174636841,0.01319546066224575,0.5598437190055847,0.4079267680644989,-0.012872999534010887,0.5574793815612793,0.3910346031188965,-0.0059555331245064735,0.5543444752693176,0.39248108863830566,-0.0036048502661287785,0.5458858609199524,0.4751906991004944,0.004724235273897648,0.5170484185218811,0.4653005301952362,0.024570588022470474,0.5625777840614319,0.39075416326522827,-0.013117579743266106,0.5472235083580017,0.49946874380111694,0.009023884311318398,0.567816436290741,0.4208272099494934,-0.027132336050271988,0.5633130073547363,0.41321703791618347,-0.0217190682888031,0.568318784236908,0.4120994508266449,-0.0232793428003788,0.5552430748939514,0.42866986989974976,-0.01564737968146801,0.5639444589614868,0.5150729417800903,0.006070262286812067,0.56428062915802,0.5067169666290283,0.004732993431389332,0.555294394493103,0.5052310824394226,0.006031395867466927,0.5361629724502563,0.4824140667915344,0.013614369556307793,0.543396532535553,0.44608238339424133,-0.002039734274148941,0.5413388013839722,0.49179524183273315,0.011803175322711468,0.5286937355995178,0.44332659244537354,0.0006357149686664343,0.5371039509773254,0.45254403352737427,0.000654438161291182,0.5238856077194214,0.45429202914237976,0.007045027334243059,0.5536162853240967,0.5132327079772949,0.0076528131030499935,0.5521294474601746,0.4322253167629242,-0.010957172140479088,0.5321924686431885,0.48823556303977966,0.01973949372768402,0.5388691425323486,0.4975399374961853,0.016938161104917526,0.5313796401023865,0.4723455309867859,0.012618809938430786,0.5119972825050354,0.4553651213645935,0.02844896726310253,0.5245542526245117,0.4738369882106781,0.01820523291826248,0.5105148553848267,0.4604222774505615,0.04300067573785782,0.5322723388671875,0.46009910106658936,0.0050955298356711864,0.5558681488037109,0.4211573898792267,-0.012419679202139378,0.5548951625823975,0.44566911458969116,-0.022176912054419518,0.5518911480903625,0.44615352153778076,-0.01558678038418293,0.5572777390480042,0.44104236364364624,-0.02638976275920868,0.5529159903526306,0.3804987967014313,-0.008332431316375732,0.543377161026001,0.37205472588539124,-0.00908591691404581,0.5348411798477173,0.36952584981918335,-0.008058266714215279,0.5278412699699402,0.37069979310035706,-0.004993116017431021,0.5229990482330322,0.37443724274635315,-0.0009699446964077652,0.5203024744987488,0.3907749056816101,0.009083089418709278,0.5044330358505249,0.40962108969688416,0.03791796788573265,0.5245646834373474,0.4051932394504547,0.005634430795907974,0.5302374958992004,0.4092569053173065,0.0023770099505782127,0.5377504825592041,0.4111734628677368,-0.00011135623935842887,0.5451492667198181,0.4103904664516449,-0.002009851159527898,0.5510206818580627,0.4080418050289154,-0.002486164914444089,0.5550012588500977,0.40564054250717163,-0.003438140731304884,0.5046243071556091,0.4079480767250061,0.05926002934575081,0.5519768595695496,0.447503000497818,-0.012557853013277054,0.5589489936828613,0.4243611693382263,-0.02063961885869503,0.5584096312522888,0.44716283679008484,-0.02641075663268566,0.5610812306404114,0.4508342444896698,-0.02365243434906006,0.5584314465522766,0.44810956716537476,-0.023571237921714783,0.5531927347183228,0.4494571089744568,-0.010278063826262951,0.5619982481002808,0.45189306139945984,-0.025046924129128456,0.5626295208930969,0.45310869812965393,-0.01811176910996437,0.5555821061134338,0.3993455767631531,-0.001980145461857319,0.5581302642822266,0.40111690759658813,-0.00505455257371068,0.5598804950714111,0.4027566909790039,-0.008404133841395378,0.5281456112861633,0.39079105854034424,0.002106314990669489,0.5238637924194336,0.3841288983821869,0.0024567861109972,0.5724255442619324,0.42221271991729736,-0.025289783254265785,0.6103415489196777,0.4030168056488037,0.0009179769549518824,0.571477472782135,0.4524597227573395,-0.01852462813258171,0.6358740329742432,0.3669663369655609,0.022853700444102287,0.5930889844894409,0.41073310375213623,-0.0042282151989638805,0.5993903875350952,0.4118523597717285,-0.003649849910289049,0.6052881479263306,0.4108603894710541,-0.0020734178833663464,0.6126734614372253,0.40492355823516846,0.002385528292506933,0.587688148021698,0.40773847699165344,-0.0033997332211583853,0.6029930710792542,0.38317131996154785,-0.008222048170864582,0.5959436297416687,0.3841727674007416,-0.008260533213615417,0.6093188524246216,0.38483792543411255,-0.005968098063021898,0.6132135391235352,0.3885124921798706,-0.003439489984884858,0.6176237463951111,0.409207820892334,0.0060156648978590965,0.5837141275405884,0.5095667839050293,0.011192568577826023,0.612328052520752,0.399770587682724,0.002747981809079647,0.6354176998138428,0.4030661880970001,0.030414437875151634,0.6243863105773926,0.4016096293926239,0.010995568707585335,0.5963760018348694,0.44018280506134033,-0.0046490514650940895,0.5744141340255737,0.470132052898407,-0.011000245809555054,0.5734753608703613,0.4776882231235504,-0.007628497667610645,0.5817782282829285,0.47193095088005066,-0.007507988717406988,0.5868182182312012,0.4733040928840637,-0.002788644516840577,0.5796012878417969,0.47722554206848145,-0.005381504539400339,0.584477424621582,0.47672340273857117,-0.0011001270031556487,0.5914764404296875,0.482586145401001,0.008491596207022667,0.5708577632904053,0.44958171248435974,-0.02913511171936989,0.5718168020248413,0.44161686301231384,-0.031728629022836685,0.6230419874191284,0.37673792243003845,-0.0024882557336241007,0.5851638913154602,0.42028531432151794,-0.007629008032381535,0.5835854411125183,0.4455144703388214,-0.01601811684668064,0.584148645401001,0.4409136176109314,-0.014847934246063232,0.6147136688232422,0.4392551779747009,0.0024000501725822687,0.5721601247787476,0.43113845586776733,-0.02960602566599846,0.6098237633705139,0.36846208572387695,-0.012766079045832157,0.6178447604179382,0.3705548048019409,-0.008051360957324505,0.6311931610107422,0.3521612286567688,0.009862767532467842,0.5824847221374512,0.37916499376296997,-0.01693088375031948,0.589596688747406,0.3882022500038147,-0.006364461034536362,0.59647136926651,0.47488006949424744,0.008318514563143253,0.6216304898262024,0.47417688369750977,0.05715297907590866,0.5793669819831848,0.44992145895957947,-0.013413251377642155,0.5749938488006592,0.4521300494670868,-0.012881550006568432,0.5939778685569763,0.4749356210231781,0.007953583262860775,0.5924277305603027,0.47545167803764343,0.0064660487696528435,0.6214632391929626,0.3634446859359741,-0.006345801521092653,0.5837699174880981,0.4480275511741638,-0.012430061586201191,0.598392128944397,0.37097233533859253,-0.015990527346730232,0.5995741486549377,0.3632097840309143,-0.018179507926106453,0.608036994934082,0.33150842785835266,-0.014196859672665596,0.6263958215713501,0.36045652627944946,0.0003070033562835306,0.603385865688324,0.34755805134773254,-0.016747156158089638,0.6267461180686951,0.37180453538894653,0.001580597017891705,0.6315516829490662,0.3725810647010803,0.011204210110008717,0.5740860104560852,0.4743124842643738,-0.009913399815559387,0.5807363390922546,0.4747319519519806,-0.0066074044443666935,0.5857473015785217,0.47498682141304016,-0.0023607986513525248,0.5781300663948059,0.45096564292907715,-0.011677894741296768,0.5931877493858337,0.47520193457603455,0.007194536738097668,0.5897210240364075,0.47850191593170166,0.004493518732488155,0.5916087627410889,0.47573012113571167,0.006394342053681612,0.5768498778343201,0.44868576526641846,-0.02143329754471779,0.5834827423095703,0.47797563672065735,4.5310898713069037e-05,0.5785903930664062,0.4789193868637085,-0.0027849338948726654,0.5728435516357422,0.4797172248363495,-0.004867964424192905,0.5723963379859924,0.49907711148262024,0.003444485366344452,0.5734805464744568,0.4943021237850189,-0.0028782826848328114,0.5734260678291321,0.4891729950904846,-0.004252145998179913,0.5731521844863892,0.4839973449707031,-0.003623898373916745,0.572704017162323,0.4798717796802521,-0.003336191875860095,0.5834408402442932,0.47795310616493225,0.001297642826102674,0.5845674872398376,0.479702889919281,0.0008715069270692766,0.5857455730438232,0.4821244478225708,0.00044982979306951165,0.586599588394165,0.4848184287548065,0.0018016161629930139,0.590355396270752,0.46549347043037415,-0.001930432626977563,0.6319463849067688,0.43639257550239563,0.05942400172352791,0.5872140526771545,0.4769347906112671,0.004420539364218712,0.5884742736816406,0.47764283418655396,0.004210356157273054,0.5732360482215881,0.4549858570098877,-0.012456266209483147,0.582119882106781,0.4517814815044403,-0.007456381339579821,0.5740480422973633,0.45362263917922974,-0.012855283915996552,0.5913068056106567,0.4248775243759155,-0.005131256766617298,0.601184070110321,0.4302470088005066,-0.0028606136329472065,0.5850986242294312,0.44380873441696167,-0.0111994668841362,0.622495174407959,0.3400322198867798,-0.0030298347119241953,0.6175907850265503,0.35164588689804077,-0.008883384987711906,0.6122676134109497,0.36043184995651245,-0.013117913156747818,0.5864717364311218,0.48934030532836914,0.006508698221296072,0.5846776366233826,0.3674860894680023,-0.020535994321107864,0.5886474251747131,0.3466058075428009,-0.0209331251680851,0.5921217799186707,0.32694628834724426,-0.020282553508877754,0.6099836230278015,0.40885281562805176,0.0003158295585308224,0.6237724423408508,0.4145819842815399,0.009719272144138813,0.5842248797416687,0.4051848351955414,-0.0029326099902391434,0.6190198659896851,0.39109665155410767,0.0017510746838524938,0.5813214182853699,0.41513389348983765,-0.010104809887707233,0.5804447531700134,0.44355830550193787,-0.02184135653078556,0.6291350722312927,0.4193165600299835,0.016909439116716385,0.6197835803031921,0.420991986989975,0.00541235925629735,0.6123673915863037,0.4242705702781677,0.0005530309863388538,0.6010758280754089,0.42320865392684937,-0.0017271842807531357,0.5925742387771606,0.4197438657283783,-0.003368981881067157,0.586215615272522,0.4156706631183624,-0.00520301004871726,0.5741428732872009,0.404499351978302,-0.017352476716041565,0.6272480487823486,0.43583354353904724,0.017588280141353607,0.6239326000213623,0.3884980082511902,0.004066449124366045,0.5690034031867981,0.45305126905441284,-0.025961576029658318,0.5838941931724548,0.4282369017601013,-0.009192122146487236,0.6374105215072632,0.40071555972099304,0.04926389455795288,0.5815218091011047,0.4112400710582733,-0.006629912182688713,0.5858666896820068,0.44367071986198425,-0.005517028737813234,0.615054726600647,0.3991718888282776,0.004029574804008007,0.5809062123298645,0.4378546476364136,-0.02033175155520439,0.6277220249176025,0.4552385210990906,0.05980031192302704,0.584003746509552,0.40226924419403076,-0.0021643969230353832,0.5766997337341309,0.4337496757507324,-0.02610030025243759,0.607828676700592,0.4924250841140747,0.02918984554708004,0.606234073638916,0.49968740344047546,0.041031137108802795,0.6316559910774231,0.4368116855621338,0.038227472454309464,0.6160071492195129,0.4829263389110565,0.0346246138215065,0.6338303685188293,0.386788010597229,0.0221803467720747,0.5836461186408997,0.5158020257949829,0.01562509685754776,0.5684366226196289,0.45416077971458435,-0.018053751438856125,0.5890575647354126,0.4337361454963684,-0.006485484074801207,0.629332423210144,0.4027068316936493,0.016604064032435417,0.6046739816665649,0.4073040187358856,-0.0023355274461209774,0.5993981957435608,0.40813398361206055,-0.003658462082967162,0.5908005237579346,0.47956711053848267,0.005536903627216816,0.6249196529388428,0.4513624608516693,0.021714428439736366,0.5739197731018066,0.5240083932876587,0.01878456026315689,0.5895277857780457,0.5149180889129639,0.02824479527771473,0.5969344973564148,0.508769154548645,0.03382357209920883,0.5940109491348267,0.4069709777832031,-0.00387803977355361,0.5888363718986511,0.4046943187713623,-0.0031166234984993935,0.5855614542961121,0.40332797169685364,-0.0020871483720839024,0.6281672716140747,0.38565778732299805,0.009417778812348843,0.5902833342552185,0.39569875597953796,-0.005086991935968399,0.5959277153015137,0.3934161067008972,-0.006119526922702789,0.601305365562439,0.39335793256759644,-0.0058953831903636456,0.6062892079353333,0.3948308527469635,-0.0042821005918085575,0.609291136264801,0.3968467116355896,-0.0022526991087943316,0.6377686262130737,0.3822638690471649,0.03709680587053299,0.6080906391143799,0.4053276777267456,-0.0005595883703790605,0.5844302773475647,0.46226564049720764,-0.005713689140975475,0.579372227191925,0.4491810202598572,-0.015707723796367645,0.5739117860794067,0.46119147539138794,-0.011101334355771542,0.5990692973136902,0.5015444159507751,0.025504598394036293,0.5913649201393127,0.5085437893867493,0.021042080596089363,0.5743867754936218,0.5207141637802124,0.010992136783897877,0.6141670346260071,0.4889993667602539,0.049860335886478424,0.5859901309013367,0.3995508849620819,-0.003379774047061801,0.577080249786377,0.4179439842700958,-0.017654161900281906,0.5820982456207275,0.5203695893287659,0.022401245310902596,0.62791508436203,0.453851580619812,0.039933573454618454,0.578490138053894,0.47900640964508057,-0.0013270302442833781,0.5794708728790283,0.4821038246154785,-0.0017319880425930023,0.5802497267723083,0.48601892590522766,-0.0022433591075241566,0.5806776285171509,0.49055835604667664,-0.0008992197690531611,0.5802085995674133,0.4951517879962921,0.0043710507452487946,0.5886082649230957,0.4760250151157379,0.0028991529252380133,0.5898362994194031,0.4750567376613617,0.0028413725085556507,0.5908452272415161,0.474126935005188,0.0025952744763344526,0.594825804233551,0.4695509970188141,0.0028560373466461897,0.617900550365448,0.45576998591423035,0.01070671807974577,0.5776610374450684,0.4092894494533539,-0.013419116847217083,0.5810050964355469,0.3943871259689331,-0.006624059751629829,0.5839622616767883,0.3959566056728363,-0.004510808270424604,0.5872848629951477,0.47698473930358887,0.003598248353227973,0.6159385442733765,0.47299104928970337,0.022092195227742195,0.5762900114059448,0.3936762809753418,-0.013469492085278034,0.5822218656539917,0.502217173576355,0.008096316829323769,0.5732773542404175,0.41394853591918945,-0.02199024148285389,0.5801292061805725,0.4305608868598938,-0.016280528157949448,0.5734193325042725,0.5066751837730408,0.005570070818066597,0.5953193306922913,0.4869786500930786,0.011997279711067677,0.5908173322677612,0.4496481716632843,-0.0031798982527107,0.589106559753418,0.495505690574646,0.010524166747927666,0.6058031320571899,0.4494270384311676,-0.001139902975410223,0.5966835021972656,0.4571705758571625,-0.0007891469285823405,0.6098079681396484,0.4610849916934967,0.004994697868824005,0.5743918418884277,0.5149200558662415,0.007050409447401762,0.5831086039543152,0.43451157212257385,-0.011739412322640419,0.5987907648086548,0.49343833327293396,0.01794842816889286,0.5910406112670898,0.5016503930091858,0.015568495728075504,0.6010383367538452,0.4776850640773773,0.010708875022828579,0.6219478845596313,0.46401602029800415,0.025736181065440178,0.6076512336730957,0.48028674721717834,0.016081666573882103,0.6231375336647034,0.4692239463329315,0.040054697543382645,0.6011132597923279,0.4654465913772583,0.0033077921252697706,0.5803390145301819,0.4230186641216278,-0.013082364574074745,0.5785881876945496,0.4474228322505951,-0.02276238426566124,0.5817813277244568,0.4483540952205658,-0.016283966600894928,0.5763936042785645,0.44243451952934265,-0.02693449705839157,0.5863078832626343,0.3857530355453491,-0.009236104786396027,0.5967686772346497,0.3792985677719116,-0.010379971005022526,0.6056281328201294,0.3779934048652649,-0.009737377054989338,0.6126328110694885,0.37974077463150024,-0.0070497398264706135,0.6172419190406799,0.38385796546936035,-0.0032667783088982105,0.6191005706787109,0.4001520574092865,0.00663727056235075,0.6342799067497253,0.42002201080322266,0.03463205695152283,0.614334762096405,0.4134680926799774,0.0033952745143324137,0.6083447933197021,0.41621091961860657,0.00041779011371545494,0.6003895401954651,0.4166794717311859,-0.0017242348985746503,0.5926719307899475,0.41461193561553955,-0.0032799430191516876,0.586622416973114,0.41126748919487,-0.0034375519026070833,0.5826131701469421,0.4081917703151703,-0.004207977559417486,0.6350471377372742,0.41833996772766113,0.056111279875040054,0.5816267728805542,0.4496208131313324,-0.013246579095721245,0.5765497088432312,0.4256664514541626,-0.021152205765247345,0.5746948719024658,0.4483508765697479,-0.026780249550938606,0.5718700885772705,0.45164644718170166,-0.023852447047829628,0.574760913848877,0.44933760166168213,-0.023955397307872772,0.5803177952766418,0.45137104392051697,-0.010861777700483799,0.5707602500915527,0.45252421498298645,-0.025208398699760437,0.5701488852500916,0.4536229968070984,-0.018272913992404938,0.5821486115455627,0.4022462069988251,-0.00276439031586051,0.5796493291854858,0.40343737602233887,-0.005649019498378038,0.5781319737434387,0.4047025740146637,-0.008927087299525738,0.6109940409660339,0.3983810544013977,-4.4349544623401016e-05,0.6154962182044983,0.3928578197956085,0.00015201553469523787,0.5400776863098145,0.39561861753463745,-0.0009418585104867816,0.5459348559379578,0.39627373218536377,-0.0009418585104867816,0.5406228303909302,0.3881135582923889,-0.0009418585104867816,0.5340843796730042,0.39491501450538635,-0.0009418585104867816,0.5394946336746216,0.4030587077140808,-0.0009418585104867816,0.5981846451759338,0.3994758725166321,-0.0025746659375727177,0.6041692495346069,0.39976853132247925,-0.0025746659375727177,0.5983338356018066,0.3920168876647949,-0.0025746659375727177,0.5922847986221313,0.3991439938545227,-0.0025746659375727177,0.5980480313301086,0.40690091252326965,-0.0025746659375727177
3133.333333333336,0.5653329491615295,0.47260844707489014,-0.011478175409138203,0.5653607249259949,0.44991499185562134,-0.029690932482481003,0.565391480922699,0.4557533860206604,-0.014054798521101475,0.5622656941413879,0.42188599705696106,-0.025076106190681458,0.5657245516777039,0.44172680377960205,-0.03245207294821739,0.5663456916809082,0.43049171566963196,-0.0313473679125309,0.5680358409881592,0.40276646614074707,-0.019560497254133224,0.5277843475341797,0.3966749608516693,0.003311457112431526,0.5694075226783752,0.37898990511894226,-0.01805165223777294,0.5700702667236328,0.3670947253704071,-0.020795045420527458,0.5725678205490112,0.325765460729599,-0.02110750414431095,0.5652044415473938,0.4758259057998657,-0.0104115791618824,0.5650613903999329,0.4789516031742096,-0.00838539656251669,0.564995527267456,0.4809377193450928,-0.005512433126568794,0.5648825168609619,0.4811108708381653,-0.003864870872348547,0.5647165775299072,0.4855947494506836,-0.004147357307374477,0.564496636390686,0.4907400608062744,-0.0047376761212944984,0.564274251461029,0.49573636054992676,-0.0031771291978657246,0.5636451244354248,0.4995928108692169,0.003153171157464385,0.5652984976768494,0.45353853702545166,-0.026394780725240707,0.5605050325393677,0.4520482122898102,-0.018469182774424553,0.5080249905586243,0.35743820667266846,0.026481343433260918,0.5440306067466736,0.4067671000957489,-0.0026828162372112274,0.5379243493080139,0.40704941749572754,-0.0018318274524062872,0.5323936343193054,0.4051854908466339,5.579778735409491e-05,0.5255798101425171,0.39786475896835327,0.004936888348311186,0.5493164658546448,0.4046482741832733,-0.002180068986490369,0.5364683270454407,0.3762928545475006,-0.0061921593733131886,0.5433745384216309,0.37863633036613464,-0.006628237199038267,0.5299611687660217,0.3771574795246124,-0.0036569046787917614,0.5257134437561035,0.38064566254615784,-0.0009399530827067792,0.5210774540901184,0.40085893869400024,0.008673382923007011,0.5440648794174194,0.5068110227584839,0.012197413481771946,0.5261194109916687,0.3929518163204193,0.0052700103260576725,0.504727303981781,0.393113374710083,0.034030817449092865,0.5150232315063477,0.3914746940135956,0.013993510976433754,0.5378282070159912,0.4359162449836731,-0.0031989009585231543,0.5575752258300781,0.4699397683143616,-0.01065885554999113,0.557922899723053,0.47768157720565796,-0.007300114259123802,0.5502443313598633,0.4707599878311157,-0.006668360438197851,0.5451810956001282,0.47165176272392273,-0.0015371048357337713,0.5519760847091675,0.4764198958873749,-0.0045789508149027824,0.5473124384880066,0.4754280149936676,-1.7066336113202851e-06,0.5394617915153503,0.4788725674152374,0.010188315995037556,0.5609422326087952,0.4492119550704956,-0.02912786975502968,0.5606563091278076,0.44117453694343567,-0.031657274812459946,0.5174048542976379,0.3666875958442688,0.00046209493302740157,0.5507726669311523,0.4181255102157593,-0.0066562010906636715,0.5493706464767456,0.4433341920375824,-0.01527042780071497,0.5493270754814148,0.4387035369873047,-0.014033220708370209,0.5200567245483398,0.4319111704826355,0.004869992844760418,0.5614578127861023,0.43078669905662537,-0.02943113073706627,0.5305106043815613,0.3593496084213257,-0.010728610679507256,0.5226774215698242,0.36090394854545593,-0.005461197812110186,0.5139343738555908,0.34349170327186584,0.013198251836001873,0.5563514828681946,0.3732587695121765,-0.016255009919404984,0.5490989089012146,0.3841078579425812,-0.005031483247876167,0.5353248119354248,0.4704087972640991,0.010244147852063179,0.5116803646087646,0.46585991978645325,0.060123320668935776,0.5531122088432312,0.4483479857444763,-0.012840884737670422,0.5572590827941895,0.45122119784355164,-0.012691175565123558,0.5381982922554016,0.47305092215538025,0.009722188115119934,0.5396515130996704,0.47371578216552734,0.008060437627136707,0.5195053815841675,0.35332056879997253,-0.003556649899110198,0.5490373373031616,0.4458247423171997,-0.011701412498950958,0.5413506627082825,0.36281314492225647,-0.014551408588886261,0.5406442880630493,0.3550678491592407,-0.016705960035324097,0.5380829572677612,0.3267207741737366,-0.012185977771878242,0.5174623727798462,0.3523162007331848,0.0033505132887512445,0.5405714511871338,0.34319615364074707,-0.01504131406545639,0.5140251517295837,0.36104893684387207,0.004724529106169939,0.5113956332206726,0.36348384618759155,0.01461491547524929,0.557588517665863,0.474177747964859,-0.009545675478875637,0.551069974899292,0.47371962666511536,-0.0057610394433140755,0.5461556911468506,0.4735339283943176,-0.0011603402672335505,0.55423504114151,0.4495929181575775,-0.011305348016321659,0.5389330983161926,0.4733927547931671,0.008859478868544102,0.5418532490730286,0.47693702578544617,0.005953923799097538,0.5404338240623474,0.47406357526779175,0.00794401578605175,0.555509090423584,0.44746917486190796,-0.020992456004023552,0.5482053756713867,0.47685566544532776,0.0010643319692462683,0.5528366565704346,0.4783018231391907,-0.0020828284323215485,0.5584535002708435,0.4797918200492859,-0.004555926658213139,0.5559854507446289,0.49829959869384766,0.003754350123926997,0.556243896484375,0.4941343069076538,-0.00245796050876379,0.5567165613174438,0.4890900254249573,-0.0037706608418375254,0.5574753880500793,0.4840107858181,-0.003128194948658347,0.5583385825157166,0.47997334599494934,-0.0028381950687617064,0.5480241179466248,0.4769028127193451,0.0024461159482598305,0.5467129945755005,0.47853463888168335,0.0019967076368629932,0.5452712178230286,0.4808155298233032,0.0015799091197550297,0.5441389679908752,0.48336201906204224,0.0029725423082709312,0.5415970683097839,0.46198222041130066,-0.0005715499864891171,0.5053931474685669,0.426655650138855,0.06283370405435562,0.5653332471847534,0.45470893383026123,-0.01855170540511608,0.5445175170898438,0.47556784749031067,0.005829920060932636,0.5431762337684631,0.4761730134487152,0.0056327818892896175,0.5587711334228516,0.45424923300743103,-0.012288729660212994,0.5504745841026306,0.4497978389263153,-0.0069028958678245544,0.5580793023109436,0.45278400182724,-0.012683231383562088,0.5443146824836731,0.4216260015964508,-0.0038462842348963022,0.5341479182243347,0.4252350628376007,-0.0010867814999073744,0.5482330322265625,0.4414135217666626,-0.01037073228508234,0.523418128490448,0.33285778760910034,-0.0002501928829587996,0.5266706347465515,0.3449648916721344,-0.006414363160729408,0.528498113155365,0.3513200283050537,-0.010916860774159431,0.5434378981590271,0.4863467812538147,0.007848530076444149,0.5550616979598999,0.36112940311431885,-0.019780533388257027,0.55489581823349,0.34460851550102234,-0.02000846527516842,0.553918719291687,0.3247509300708771,-0.019188672304153442,0.5279269218444824,0.4022396206855774,0.0027202125638723373,0.5150991082191467,0.4047376811504364,0.012663966976106167,0.5527933239936829,0.40254563093185425,-0.0018393556820228696,0.5202053189277649,0.3823804557323456,0.004569388926029205,0.5550037622451782,0.41365015506744385,-0.009328549727797508,0.5524386167526245,0.4418313801288605,-0.021272782236337662,0.5085793733596802,0.40996700525283813,0.020196784287691116,0.5185953974723816,0.41206029057502747,0.008138344623148441,0.5255522131919861,0.4167971611022949,0.002915301825851202,0.5363038182258606,0.41774123907089233,7.489719428122044e-05,0.5445131063461304,0.4158552587032318,-0.0019887639209628105,0.5507834553718567,0.4129581153392792,-0.004166202619671822,0.5627279281616211,0.4041970670223236,-0.017040131613612175,0.5085626244544983,0.4265322983264923,0.02084256336092949,0.5158756971359253,0.37838247418403625,0.007136427331715822,0.5626296401023865,0.45298275351524353,-0.0259932242333889,0.5510949492454529,0.42618072032928467,-0.008325783535838127,0.5036025643348694,0.3906850218772888,0.052875835448503494,0.555508553981781,0.4093530774116516,-0.005822161212563515,0.5476272702217102,0.441161572933197,-0.004695580806583166,0.523481547832489,0.39158231019973755,0.006659369450062513,0.5526410341262817,0.43613722920417786,-0.01973586715757847,0.5076754689216614,0.4459918737411499,0.06300848722457886,0.5531114339828491,0.3994602560997009,-0.0010445653460919857,0.5569124221801758,0.4326992928981781,-0.025684546679258347,0.5226501226425171,0.4860065281391144,0.03162360191345215,0.5239297151565552,0.4936906695365906,0.043272875249385834,0.504740834236145,0.4270053207874298,0.041807956993579865,0.5155069828033447,0.4753599464893341,0.0374736487865448,0.5077650547027588,0.37723392248153687,0.025745581835508347,0.5436506271362305,0.5130228400230408,0.016666624695062637,0.5632551312446594,0.4541928768157959,-0.018135881051421165,0.5455620288848877,0.43078044056892395,-0.00538282236084342,0.5104187726974487,0.3913749158382416,0.019903123378753662,0.5329354405403137,0.40193313360214233,-0.0002713439171202481,0.5379602313041687,0.40339308977127075,-0.0018090076046064496,0.5407285094261169,0.47787246108055115,0.0070962561294436455,0.5093331933021545,0.44230177998542786,0.024859720841050148,0.5527535080909729,0.5229336023330688,0.019179048016667366,0.5385990738868713,0.5114770531654358,0.029723089188337326,0.5321518778800964,0.5041695833206177,0.03567332401871681,0.5712632536888123,0.3465716242790222,-0.02180243469774723,0.5627378225326538,0.5252324342727661,0.017325490713119507,0.5431948304176331,0.40294960141181946,-0.0022906619124114513,0.5482302308082581,0.4014013707637787,-0.0017645747866481543,0.5515058636665344,0.40037447214126587,-0.0008718513417989016,0.5119724869728088,0.37471136450767517,0.012687033973634243,0.5477765202522278,0.39181140065193176,-0.0036093415692448616,0.5425260663032532,0.38842204213142395,-0.004425794817507267,0.5373830795288086,0.38748717308044434,-0.003937958274036646,0.5324118137359619,0.3883380591869354,-0.0020568063482642174,0.5292810797691345,0.39008647203445435,8.809626160655171e-05,0.5047945976257324,0.3723394274711609,0.040756046772003174,0.5297383666038513,0.3993922770023346,0.0017124059377238154,0.5652719140052795,0.4610576033592224,-0.011763909831643105,0.5475751161575317,0.4597781002521515,-0.0048143803142011166,0.5531104803085327,0.4475851058959961,-0.015240326523780823,0.5577823519706726,0.4602506160736084,-0.010820874013006687,0.5687482357025146,0.3907855153083801,-0.016881421208381653,0.530367910861969,0.49636003375053406,0.027493542060256004,0.5370512008666992,0.5045292377471924,0.022566387429833412,0.5521395802497864,0.5194351077079773,0.011481277644634247,0.5173653960227966,0.4818350374698639,0.05255018547177315,0.5515103936195374,0.39646002650260925,-0.0021043093875050545,0.5584867596626282,0.41702017188072205,-0.017172809690237045,0.5626783967018127,0.5215659141540527,0.009932520799338818,0.5451096296310425,0.5180809497833252,0.023406444117426872,0.5066688656806946,0.444503515958786,0.04329543188214302,0.5526949763298035,0.47845932841300964,-0.0004620644322130829,0.5514057874679565,0.4814366102218628,-0.0008795526227913797,0.550274670124054,0.4852358102798462,-0.0013579834485426545,0.5494683980941772,0.4896688759326935,-9.990782928070985e-06,0.5487798452377319,0.4931749105453491,0.005305110942572355,0.5433948636054993,0.47449439764022827,0.004343115724623203,0.5422055721282959,0.473386287689209,0.0043941098265349865,0.541274905204773,0.4723086357116699,0.004198628477752209,0.5370951294898987,0.46532583236694336,0.0046315304934978485,0.5154707431793213,0.44779396057128906,0.013424549251794815,0.5589881539344788,0.40839800238609314,-0.012837166897952557,0.5568141937255859,0.3915209174156189,-0.005830246489495039,0.5537540316581726,0.3929656147956848,-0.0034386187326163054,0.5446444749832153,0.47559529542922974,0.004918035119771957,0.516200065612793,0.46538710594177246,0.024805134162306786,0.5617304444313049,0.39123305678367615,-0.013051293790340424,0.5461522340774536,0.49980583786964417,0.009051674045622349,0.5669046640396118,0.4212234914302826,-0.027235571295022964,0.5624265670776367,0.41363903880119324,-0.021749859675765038,0.5674358606338501,0.4125482738018036,-0.023339398205280304,0.5542827844619751,0.42899802327156067,-0.015681663528084755,0.5628926753997803,0.5155683159828186,0.005907636601477861,0.5632586479187012,0.5072412490844727,0.004570324439555407,0.554219126701355,0.5056843757629395,0.005935384891927242,0.5351860523223877,0.48250025510787964,0.013840942643582821,0.5423789620399475,0.44629156589508057,-0.0020114907529205084,0.540316104888916,0.49200713634490967,0.011942770332098007,0.527713418006897,0.44346463680267334,0.0007673664949834347,0.5360925197601318,0.45267584919929504,0.0007725867908447981,0.5229214429855347,0.4543570578098297,0.0072406199760735035,0.552537739276886,0.5136544704437256,0.007557255681604147,0.5511370301246643,0.4325289726257324,-0.010976994410157204,0.5312716364860535,0.4883520007133484,0.01993449591100216,0.5378957986831665,0.49776116013526917,0.017033670097589493,0.5304121971130371,0.4723448157310486,0.012866227887570858,0.5112201571464539,0.45547154545783997,0.028704781085252762,0.5236494541168213,0.47388923168182373,0.018446555361151695,0.509896993637085,0.460610568523407,0.04325224831700325,0.5312668681144714,0.46010908484458923,0.005288907792419195,0.5549516677856445,0.4215450584888458,-0.012406439520418644,0.5538801550865173,0.4459301829338074,-0.02228679694235325,0.5508432984352112,0.44640079140663147,-0.015682730823755264,0.5562822818756104,0.4413062632083893,-0.026511497795581818,0.5521872639656067,0.3811004161834717,-0.008154316805303097,0.5425741672515869,0.3727693557739258,-0.0088532455265522,0.5340418815612793,0.37030547857284546,-0.007781417109072208,0.5270826816558838,0.3714950382709503,-0.004683423787355423,0.5223265886306763,0.3752395212650299,-0.0006332278135232627,0.5197937488555908,0.3914932608604431,0.009419459849596024,0.5039569139480591,0.4099779427051544,0.03831081837415695,0.5239543914794922,0.4057191014289856,0.005915631540119648,0.529556930065155,0.4096847176551819,0.002619935432448983,0.5370540618896484,0.4115433394908905,8.816687477519736e-05,0.54447340965271,0.41075339913368225,-0.0018436056561768055,0.5503756403923035,0.4084174931049347,-0.0023558607790619135,0.5543635487556458,0.40603190660476685,-0.003327692160382867,0.5042448043823242,0.4084131121635437,0.05971384793519974,0.5509207844734192,0.44774678349494934,-0.012650606222450733,0.5580184459686279,0.42471352219581604,-0.020688841119408607,0.5574105381965637,0.44743409752845764,-0.026550674811005592,0.5600989460945129,0.45113420486450195,-0.02381362020969391,0.5574389696121216,0.44839349389076233,-0.02370803989470005,0.5521343350410461,0.4497031569480896,-0.010381152853369713,0.5610108375549316,0.45219290256500244,-0.025217028334736824,0.5616500377655029,0.45342308282852173,-0.018278254196047783,0.5550218224525452,0.39974841475486755,-0.001847972976975143,0.5574851632118225,0.40152496099472046,-0.0049569206312298775,0.5591029524803162,0.40316033363342285,-0.00833642203360796,0.5275167226791382,0.39154624938964844,0.0023960138205438852,0.5232717394828796,0.3849290907382965,0.0027688562404364347,0.5715148448944092,0.42263951897621155,-0.025418594479560852,0.6096429824829102,0.40395310521125793,0.0007809845847077668,0.5705354809761047,0.45282772183418274,-0.01872497983276844,0.6351545453071594,0.3683205544948578,0.022748304530978203,0.5921598076820374,0.4112495481967926,-0.004313103388994932,0.5984795689582825,0.4124819040298462,-0.003763761604204774,0.6044183969497681,0.41159939765930176,-0.0022102724760770798,0.6119376420974731,0.40586215257644653,0.002237121108919382,0.5867656469345093,0.4081873595714569,-0.0034583585802465677,0.6024698615074158,0.38400644063949585,-0.008322411216795444,0.5953242182731628,0.3848368525505066,-0.008315899409353733,0.6088393330574036,0.38583341240882874,-0.006088191643357277,0.6127349138259888,0.3895973861217499,-0.0035668248310685158,0.616762638092041,0.4100825786590576,0.005854006856679916,0.582743227481842,0.5101502537727356,0.010988393798470497,0.611698567867279,0.4008028507232666,0.0026167938485741615,0.6344565153121948,0.4042731523513794,0.030229536816477776,0.6235479116439819,0.40256816148757935,0.010837542824447155,0.595569908618927,0.4407520592212677,-0.0048665935173630714,0.573351263999939,0.4707746207714081,-0.011155277490615845,0.5724480748176575,0.478379487991333,-0.007787870243191719,0.5809444189071655,0.47220516204833984,-0.007666283752769232,0.5861444473266602,0.4732907712459564,-0.002885312307626009,0.5787757635116577,0.4776100218296051,-0.005524472799152136,0.5837947726249695,0.4768209755420685,-0.0011870050802826881,0.590892493724823,0.48296698927879333,0.008456305600702763,0.5698814392089844,0.449920117855072,-0.029336193576455116,0.5708485841751099,0.4419560730457306,-0.03191844001412392,0.622512698173523,0.37807562947273254,-0.002625709865242243,0.5843299031257629,0.42090094089508057,-0.007738220971077681,0.5827727317810059,0.4459379315376282,-0.016255315393209457,0.5833473801612854,0.44135093688964844,-0.015070877969264984,0.6138911247253418,0.4399241805076599,0.0021578052546828985,0.5712250471115112,0.4315168559551239,-0.029774732887744904,0.6093763113021851,0.36953574419021606,-0.012836302630603313,0.6173920631408691,0.37184590101242065,-0.008160622790455818,0.6305354237556458,0.3534703850746155,0.009804803878068924,0.5818723440170288,0.3794529438018799,-0.01692737080156803,0.5888805985450745,0.38873031735420227,-0.006392261013388634,0.5959376096725464,0.47517141699790955,0.008244507014751434,0.6205779910087585,0.47510915994644165,0.0568256676197052,0.5785467624664307,0.45032286643981934,-0.013634194619953632,0.5741348266601562,0.4524996280670166,-0.01308469008654356,0.5935482978820801,0.4745406210422516,0.007949169725179672,0.5919787287712097,0.4751308262348175,0.006488335784524679,0.621036171913147,0.3648184835910797,-0.006447037681937218,0.582994282245636,0.4484439194202423,-0.012665441259741783,0.597895085811615,0.3716452717781067,-0.01602647826075554,0.5991492867469788,0.363932341337204,-0.01820841245353222,0.6074116826057434,0.3325877785682678,-0.014153730124235153,0.6256883144378662,0.3616577088832855,0.00023911823518574238,0.6026819348335266,0.3485332131385803,-0.016723066568374634,0.6262021064758301,0.37312233448028564,0.0014427527785301208,0.6307922601699829,0.373836487531662,0.011095738969743252,0.5730410814285278,0.4749695658683777,-0.010064712725579739,0.5799022912979126,0.4750584363937378,-0.006748753134161234,0.5850573778152466,0.4750247299671173,-0.0024493776727467775,0.5773093700408936,0.45135802030563354,-0.011889549903571606,0.592746913433075,0.4748454689979553,0.007204452063888311,0.5891746878623962,0.47840431332588196,0.004529252182692289,0.5911536812782288,0.47544947266578674,0.006419658660888672,0.5759493112564087,0.4490877091884613,-0.021658971905708313,0.5828294157981873,0.4781247079372406,-5.8482673921389505e-05,0.5777711868286133,0.47936561703681946,-0.00294200936332345,0.5718429088592529,0.48043912649154663,-0.00505191832780838,0.5715079307556152,0.4996691048145294,0.003271127585321665,0.572486400604248,0.494942307472229,-0.0029945713467895985,0.5724202394485474,0.48986709117889404,-0.004345121327787638,0.5721408128738403,0.4847373962402344,-0.0036882495041936636,0.5717108249664307,0.48060232400894165,-0.0033671362325549126,0.5827622413635254,0.47817671298980713,0.0013109460705891252,0.5838771462440491,0.47992026805877686,0.0008676761062815785,0.5850495100021362,0.482310950756073,0.0004381279868539423,0.5859013199806213,0.484965443611145,0.0017883103573694825,0.5897178053855896,0.4658329486846924,-0.0020403412636369467,0.6308926343917847,0.43754246830940247,0.05915946885943413,0.586672842502594,0.47691965103149414,0.004461485426872969,0.587924063205719,0.47758713364601135,0.0042452942579984665,0.5723715424537659,0.4553338289260864,-0.01266198419034481,0.5813484191894531,0.45216935873031616,-0.007671995088458061,0.573185920715332,0.453980952501297,-0.01306214276701212,0.5904887318611145,0.4255020320415497,-0.005279750097543001,0.6003602743148804,0.43088090419769287,-0.003059338079765439,0.5843270421028137,0.44424620270729065,-0.011424556374549866,0.621860921382904,0.34125083684921265,-0.0030345097184181213,0.6168923377990723,0.3527660071849823,-0.008911944925785065,0.6118693947792053,0.3615761697292328,-0.013181820511817932,0.5857911705970764,0.48982954025268555,0.0064523834735155106,0.5841819047927856,0.3677768111228943,-0.02050515078008175,0.5879454612731934,0.34744715690612793,-0.020847689360380173,0.5915086269378662,0.3279021382331848,-0.020174430683255196,0.6091803312301636,0.4096905291080475,0.0001663455623202026,0.6228023767471313,0.4154229760169983,0.009536086581647396,0.5833231806755066,0.4056002199649811,-0.002980506978929043,0.6184271574020386,0.3922373354434967,0.0016272326465696096,0.5804742574691772,0.41574177145957947,-0.010194357484579086,0.5795610547065735,0.4439662992954254,-0.022070039063692093,0.6281745433807373,0.4203091859817505,0.016695095226168633,0.618817150592804,0.42178502678871155,0.005218682810664177,0.6114070415496826,0.4249841272830963,0.0003758832172024995,0.6001009345054626,0.42385226488113403,-0.00187881279271096,0.5915893912315369,0.42033851146698,-0.0034807987976819277,0.585259735584259,0.4162233769893646,-0.005285454448312521,0.5732900500297546,0.4050503969192505,-0.017407331615686417,0.6263193488121033,0.43669337034225464,0.017334003001451492,0.6232798099517822,0.38963261246681213,0.003927798476070166,0.5680236220359802,0.4533942937850952,-0.026164552196860313,0.5830734372138977,0.4287744164466858,-0.009342444129288197,0.6364715099334717,0.4020129144191742,0.04907733574509621,0.5806201100349426,0.41177335381507874,-0.006687656044960022,0.5851196050643921,0.44411706924438477,-0.005718097556382418,0.6144086122512817,0.40024006366729736,0.003896928858011961,0.5800440311431885,0.4382806420326233,-0.02054251916706562,0.6266577243804932,0.456287682056427,0.059502504765987396,0.5831551551818848,0.4026777744293213,-0.0022031671833246946,0.5757861733436584,0.43415960669517517,-0.02629227750003338,0.6068623065948486,0.49309033155441284,0.02895844541490078,0.6051788330078125,0.5003896951675415,0.040740516036748886,0.6306257247924805,0.4378493130207062,0.03795409947633743,0.6150375604629517,0.48370060324668884,0.03433835133910179,0.63297438621521,0.38803645968437195,0.022035367786884308,0.5826102495193481,0.5163927674293518,0.01537716668099165,0.5674735307693481,0.4545123279094696,-0.01824711263179779,0.5882606506347656,0.43427836894989014,-0.00666898163035512,0.6283901333808899,0.40361225605010986,0.016426363959908485,0.6038666367530823,0.40804994106292725,-0.002458837814629078,0.5985427498817444,0.40875571966171265,-0.0037664854899048805,0.5902634859085083,0.4794296622276306,0.005560202058404684,0.6240264773368835,0.4521813988685608,0.021431179717183113,0.5728377103805542,0.524544358253479,0.018495852127671242,0.588465690612793,0.5155141949653625,0.027967946603894234,0.5958772301673889,0.5093955993652344,0.033556677401065826,0.5931363105773926,0.40749025344848633,-0.003963471855968237,0.5879572629928589,0.4051390290260315,-0.0031799788121134043,0.5846874713897705,0.4037438929080963,-0.0021347040310502052,0.6274502277374268,0.3867526054382324,0.009265425615012646,0.5895377397537231,0.3962114453315735,-0.0051408931612968445,0.5952339172363281,0.3940090835094452,-0.006197609473019838,0.6006647348403931,0.39404556155204773,-0.005997494328767061,0.6056958436965942,0.39564281702041626,-0.004401850514113903,0.6087061762809753,0.3977651596069336,-0.002381337806582451,0.636948823928833,0.38360852003097534,0.03695044293999672,0.6073416471481323,0.40616872906684875,-0.0006942508043721318,0.5837143659591675,0.4626072645187378,-0.00588581059128046,0.5785306096076965,0.44958820939064026,-0.015925953164696693,0.5730718374252319,0.46151378750801086,-0.011289059184491634,0.5980829000473022,0.5021559000015259,0.025301260873675346,0.5903534889221191,0.5091345906257629,0.02081766352057457,0.5733205080032349,0.5212613344192505,0.010745606385171413,0.6131107211112976,0.4898090362548828,0.049524933099746704,0.5851850509643555,0.4000042974948883,-0.0034232509788125753,0.5762065052986145,0.41845887899398804,-0.017757296562194824,0.5810267925262451,0.5209448933601379,0.022107157856225967,0.6269017457962036,0.4548170268535614,0.039631232619285583,0.5776538252830505,0.4795042872428894,-0.0013441196642816067,0.5786252617835999,0.4825989007949829,-0.001772911986336112,0.579400360584259,0.4864872694015503,-0.0022945981472730637,0.5798247456550598,0.4909887909889221,-0.0009570012334734201,0.5794346928596497,0.49572309851646423,0.0042615365236997604,0.5880560278892517,0.47588181495666504,0.0028687857557088137,0.5892825126647949,0.4748566448688507,0.002813548082485795,0.5903009176254272,0.4738825261592865,0.002560105174779892,0.5942685008049011,0.4698581397533417,0.002786707365885377,0.6170749664306641,0.4564669132232666,0.010431637987494469,0.5768080353736877,0.40987271070480347,-0.013490344397723675,0.5802072882652283,0.394762247800827,-0.006627492606639862,0.5831536650657654,0.3963674306869507,-0.004531935788691044,0.5867507457733154,0.4769029915332794,0.003560024546459317,0.6150985360145569,0.4737012982368469,0.02182912267744541,0.5755259394645691,0.39407631754875183,-0.013484290800988674,0.5813390612602234,0.5027762055397034,0.007932789623737335,0.5723909139633179,0.4144326448440552,-0.022073013707995415,0.5792712569236755,0.43103399872779846,-0.016441993415355682,0.5724617838859558,0.5072475075721741,0.005379611626267433,0.5945567488670349,0.4874095022678375,0.011903857812285423,0.5900617837905884,0.450112909078598,-0.0033877852838486433,0.5882874131202698,0.4960033893585205,0.010409337468445301,0.6050068140029907,0.45002129673957825,-0.0013848829548805952,0.5959424376487732,0.45764172077178955,-0.0009642986697144806,0.6090229749679565,0.4616656005382538,0.004763701464980841,0.5733705163002014,0.5154814124107361,0.006832795683294535,0.5822983980178833,0.4349886178970337,-0.01191890612244606,0.5979049801826477,0.49397093057632446,0.01779390126466751,0.5901124477386475,0.5021990537643433,0.01539245992898941,0.6003267765045166,0.4780822694301605,0.01056944765150547,0.6210731863975525,0.4648115634918213,0.02544661983847618,0.6068310141563416,0.4808528423309326,0.01589125767350197,0.6221370100975037,0.4701138734817505,0.03973802551627159,0.6004354953765869,0.4658466875553131,0.003145929193124175,0.5794866681098938,0.42355257272720337,-0.01320776529610157,0.5776906609535217,0.4478263854980469,-0.022991498932242393,0.580956220626831,0.4487668573856354,-0.016518430784344673,0.5754592418670654,0.4428129196166992,-0.027151744812726974,0.5856131315231323,0.38617753982543945,-0.00923566147685051,0.5962132215499878,0.3800038993358612,-0.010413199663162231,0.6051583886146545,0.3789539039134979,-0.009806554764509201,0.6121796369552612,0.3808717727661133,-0.007146676070988178,0.616756796836853,0.38506805896759033,-0.0033764562103897333,0.6183677911758423,0.4011767506599426,0.006498080212622881,0.6332576870918274,0.4211495518684387,0.03439953923225403,0.613459050655365,0.41429007053375244,0.003233167342841625,0.6074103116989136,0.41694316267967224,0.0002684035280253738,0.5994263291358948,0.4173211455345154,-0.0018498693825677037,0.5917064547538757,0.41515594720840454,-0.0033703481312841177,0.5856829285621643,0.41174447536468506,-0.0035006755497306585,0.5817008018493652,0.40864098072052,-0.004251945298165083,0.6340391635894775,0.41957345604896545,0.05588454753160477,0.5808274745941162,0.45002639293670654,-0.01347658596932888,0.5756556391716003,0.4261237382888794,-0.021299099549651146,0.5737477540969849,0.4487285912036896,-0.02699407748878002,0.5709140300750732,0.45202288031578064,-0.024056972935795784,0.5738289952278137,0.44973134994506836,-0.024169225245714188,0.5795249342918396,0.4517620801925659,-0.011079782620072365,0.5697906613349915,0.45288655161857605,-0.02541235275566578,0.5691958069801331,0.45398467779159546,-0.018469324335455894,0.5812796354293823,0.4026392102241516,-0.002796749584376812,0.5787842273712158,0.40385618805885315,-0.005674904212355614,0.5772829651832581,0.40519386529922485,-0.008964946493506432,0.6103954315185547,0.3993668556213379,-0.0001774104021023959,0.6149566173553467,0.3939736783504486,2.286671042384114e-05,0.5392138957977295,0.39596420526504517,-0.0007130145095288754,0.5450803637504578,0.3966015577316284,-0.0007130145095288754,0.5397318005561829,0.38861972093582153,-0.0007130145095288754,0.5332266688346863,0.3952755331993103,-0.0007130145095288754,0.5386617183685303,0.4032335579395294,-0.0007130145095288754,0.5975978970527649,0.4003283679485321,-0.0026701854076236486,0.6036958694458008,0.4006837010383606,-0.0026701854076236486,0.5977973937988281,0.3928169012069702,-0.0026701854076236486,0.5915637016296387,0.39992594718933105,-0.0026701854076236486,0.5973995923995972,0.40779224038124084,-0.0026701854076236486
3166.6666666666697,0.5647777318954468,0.4727918803691864,-0.011496863327920437,0.5648542046546936,0.4501904547214508,-0.029699569568037987,0.5648218393325806,0.45606890320777893,-0.01405292097479105,0.5616788268089294,0.4221912920475006,-0.025108980014920235,0.5652088522911072,0.4419979751110077,-0.03245914354920387,0.5657907128334045,0.43076324462890625,-0.03135983645915985,0.5673618912696838,0.40304651856422424,-0.019603144377470016,0.5269182324409485,0.39718642830848694,0.0031264638528227806,0.5686427354812622,0.379487007856369,-0.018146049231290817,0.5692716836929321,0.36762961745262146,-0.020902495831251144,0.5716010928153992,0.32600128650665283,-0.02120213583111763,0.5646273493766785,0.47609981894493103,-0.010440606623888016,0.5644546151161194,0.47932296991348267,-0.008417278528213501,0.5643631815910339,0.4813612699508667,-0.005551180802285671,0.5642231702804565,0.4815514087677002,-0.003762874286621809,0.5640496015548706,0.48614639043807983,-0.00404350645840168,0.5638105869293213,0.49141621589660645,-0.004606402479112148,0.563558042049408,0.4965246915817261,-0.0029857419431209564,0.5629526972770691,0.5006645917892456,0.0034104478545486927,0.5647785663604736,0.4538261592388153,-0.02640226110816002,0.559985876083374,0.45237767696380615,-0.01848687045276165,0.5070778131484985,0.3581290543079376,0.026159323751926422,0.5432093739509583,0.40719106793403625,-0.002787858247756958,0.5371200442314148,0.40751567482948303,-0.0019671849440783262,0.5315860509872437,0.40570297837257385,-0.00011042850383091718,0.5247278213500977,0.3983783721923828,0.004733181092888117,0.5484746098518372,0.4050615429878235,-0.0022795526310801506,0.5355761051177979,0.3768996298313141,-0.006347500719130039,0.5424772500991821,0.3792375922203064,-0.0067517138086259365,0.5290631055831909,0.37774765491485596,-0.0038421000353991985,0.5248150825500488,0.38121289014816284,-0.00113652553409338,0.5202521681785583,0.4014512300491333,0.00844172015786171,0.5433769226074219,0.507898211479187,0.012371989898383617,0.5252358317375183,0.393465131521225,0.005066953599452972,0.5037968754768372,0.39387843012809753,0.03373739495873451,0.5141773223876953,0.3921241760253906,0.013731616549193859,0.5372504591941833,0.43642204999923706,-0.0032918781507760286,0.5570436716079712,0.4700966477394104,-0.010693617165088654,0.5573338866233826,0.47805583477020264,-0.0073532783426344395,0.5496454834938049,0.47103163599967957,-0.006720653269439936,0.5445201396942139,0.47199273109436035,-0.0015865707537159324,0.5513631701469421,0.47681641578674316,-0.004642735235393047,0.54665607213974,0.4758349657058716,-5.5804070143494755e-05,0.5387499928474426,0.4797581434249878,0.010215343907475471,0.5604411363601685,0.449514240026474,-0.029145849868655205,0.5601426362991333,0.44148170948028564,-0.03167901560664177,0.5165072679519653,0.3673265278339386,0.00019169914594385773,0.5501456260681152,0.41849663853645325,-0.006744098849594593,0.5488166809082031,0.44372957944869995,-0.015327045693993568,0.5487478375434875,0.4390941858291626,-0.014090911485254765,0.5194721221923828,0.4325614273548126,0.004669183865189552,0.5609081983566284,0.4310925006866455,-0.02945917285978794,0.5296258330345154,0.3599311113357544,-0.010962218046188354,0.5217828154563904,0.36152079701423645,-0.005739809479564428,0.5130047798156738,0.3441391885280609,0.01290423795580864,0.5555350184440613,0.37368667125701904,-0.016387401148676872,0.5482051372528076,0.3846725821495056,-0.005128016229718924,0.5346505045890808,0.4711959660053253,0.010211141780018806,0.5108174681663513,0.4669199585914612,0.05989611893892288,0.5525712370872498,0.4487362205982208,-0.012874451465904713,0.5567241907119751,0.45158839225769043,-0.012721292674541473,0.5374468564987183,0.4734047055244446,0.009696713648736477,0.5389224886894226,0.4740845859050751,0.008047133684158325,0.5185914635658264,0.35398849844932556,-0.0038396106101572514,0.5484724640846252,0.4462352395057678,-0.011756151914596558,0.5404877066612244,0.36333757638931274,-0.014729360118508339,0.5397732257843018,0.35561928153038025,-0.016887079924345016,0.537165641784668,0.32718318700790405,-0.012377714738249779,0.5166288614273071,0.35304486751556396,0.003070014761760831,0.5397696495056152,0.3437635004520416,-0.015232039615511894,0.5131084322929382,0.36176183819770813,0.004443742334842682,0.5105340480804443,0.36423319578170776,0.014327180571854115,0.5570268630981445,0.4744535982608795,-0.00959032867103815,0.5504642724990845,0.4740581512451172,-0.0058200778439641,0.5455012917518616,0.47390812635421753,-0.0012125903740525246,0.5536938309669495,0.4499776363372803,-0.011344889178872108,0.5381965637207031,0.4737551212310791,0.008838286623358727,0.5411425828933716,0.47736042737960815,0.005987412296235561,0.5397125482559204,0.4744393527507782,0.007930988445878029,0.5549886226654053,0.4478108882904053,-0.02103048376739025,0.5475460886955261,0.4772794246673584,0.0010106461122632027,0.5522148013114929,0.4787270128726959,-0.0021488044876605272,0.5578377842903137,0.4802120327949524,-0.004615746438503265,0.5552789568901062,0.4993937313556671,0.003978959284722805,0.5555279850959778,0.4948938488960266,-0.002301469910889864,0.5560330748558044,0.4897456467151642,-0.003657681867480278,0.5568170547485352,0.4845436215400696,-0.0030469587072730064,0.5576912760734558,0.48040226101875305,-0.0027605819050222635,0.5473577976226807,0.4773142635822296,0.002495045540854335,0.5460357069969177,0.47898197174072266,0.0020586384925991297,0.5445699095726013,0.4813152253627777,0.0016651718178763986,0.5434107184410095,0.4839206039905548,0.0030651497654616833,0.5409963130950928,0.46256789565086365,-0.0006277280044741929,0.504439651966095,0.42755621671676636,0.06254440546035767,0.5647938251495361,0.45500972867012024,-0.01855873502790928,0.5438353419303894,0.4759734869003296,0.005857313983142376,0.542481541633606,0.4765869081020355,0.005664277821779251,0.5582207441329956,0.4546130895614624,-0.01230301521718502,0.5499045848846436,0.45021894574165344,-0.006937921512871981,0.5575389266014099,0.45314958691596985,-0.012709526345133781,0.5437042713165283,0.422040194272995,-0.0039602541364729404,0.533555805683136,0.4257371425628662,-0.0012480794684961438,0.5476482510566711,0.4418240785598755,-0.010428319685161114,0.5225032567977905,0.333424836397171,-0.0005046107689850032,0.5258637070655823,0.3456341624259949,-0.006656396668404341,0.5275907516479492,0.35194575786590576,-0.011146052740514278,0.542725682258606,0.4873203933238983,0.007943792268633842,0.5542301535606384,0.3616042137145996,-0.019921990111470222,0.5540687441825867,0.34504371881484985,-0.020148765295743942,0.5529829859733582,0.32510295510292053,-0.0193234384059906,0.5270986557006836,0.4027577340602875,0.0025301058776676655,0.5143041610717773,0.4053897261619568,0.012422158382833004,0.5519399046897888,0.4029542803764343,-0.0019305814057588577,0.51932692527771,0.3829707205295563,0.004335328470915556,0.5543658137321472,0.4139963686466217,-0.009407304227352142,0.5519060492515564,0.44219547510147095,-0.02131870575249195,0.5078052282333374,0.4106973111629486,0.01993134617805481,0.5178259015083313,0.4126467704772949,0.00791933387517929,0.5248031616210938,0.4173119366168976,0.0027340834494680166,0.5355647206306458,0.41817978024482727,-8.210090163629502e-05,0.5437642931938171,0.41625699400901794,-0.0021072246599942446,0.5500198602676392,0.41335228085517883,-0.0042661442421376705,0.5620633363723755,0.4045080244541168,-0.01710270717740059,0.507858395576477,0.4273008108139038,0.020590627565979958,0.5149981379508972,0.37903499603271484,0.006881942041218281,0.5621131062507629,0.4532848000526428,-0.026009662076830864,0.5504820346832275,0.4265596568584442,-0.008390519767999649,0.5025948286056519,0.3914726674556732,0.05254819244146347,0.5547435879707336,0.40974244475364685,-0.0059103392995893955,0.5470327138900757,0.44158342480659485,-0.004742317833006382,0.5225982666015625,0.3920871913433075,0.006437479518353939,0.5520768165588379,0.43650195002555847,-0.01978193409740925,0.5067477822303772,0.4469660520553589,0.06274423748254776,0.5522345304489136,0.399891197681427,-0.0011347789550200105,0.5563589930534363,0.433037132024765,-0.02572302520275116,0.5219404101371765,0.4870695471763611,0.03158513084053993,0.5231906771659851,0.4948302209377289,0.04318469017744064,0.5038867592811584,0.42785871028900146,0.0415412001311779,0.5147773027420044,0.47640085220336914,0.03735397383570671,0.5068671703338623,0.3779725432395935,0.025450555607676506,0.5429381728172302,0.5141803026199341,0.01683790050446987,0.5627231597900391,0.454506516456604,-0.01814732514321804,0.544961154460907,0.4312063455581665,-0.0054597631096839905,0.509577751159668,0.39210784435272217,0.0196284968405962,0.5321046113967896,0.4024372398853302,-0.0004239574773237109,0.5371336936950684,0.4038676917552948,-0.001945691299624741,0.5399951934814453,0.4783143401145935,0.007121431175619364,0.5086551308631897,0.4431403875350952,0.024633115157485008,0.5520185828208923,0.5241281986236572,0.01938309706747532,0.5378483533859253,0.5126788020133972,0.02979857660830021,0.5314046740531921,0.5053412318229675,0.03567028045654297,0.570391833782196,0.3468846380710602,-0.02190113253891468,0.5620360374450684,0.5263587236404419,0.017575962468981743,0.5423501133918762,0.40339377522468567,-0.0024103131145238876,0.5473623275756836,0.4018324017524719,-0.0018724334659054875,0.5506306886672974,0.40080031752586365,-0.0009720691596157849,0.511077880859375,0.37543627619743347,0.012414457276463509,0.5468727946281433,0.3924180865287781,-0.0037139321211725473,0.5416098237037659,0.38911083340644836,-0.0045576090924441814,0.5364832282066345,0.3881915509700775,-0.004088452085852623,0.5315264463424683,0.3889969289302826,-0.002227851189672947,0.5283983945846558,0.39068394899368286,-9.06123241293244e-05,0.5038220882415771,0.37306955456733704,0.04041866958141327,0.5288932919502258,0.3999081254005432,0.001539714983664453,0.5646831393241882,0.46139419078826904,-0.011756998486816883,0.5469893217086792,0.4602772295475006,-0.00486045191064477,0.552578330039978,0.44796061515808105,-0.015278670005500317,0.5572003126144409,0.46063655614852905,-0.01083115953952074,0.5680246353149414,0.39114925265312195,-0.016938982531428337,0.5296482443809509,0.49746090173721313,0.027534428983926773,0.5363240242004395,0.5056642293930054,0.022678567096590996,0.5514543056488037,0.5205746293067932,0.011711073108017445,0.5165873765945435,0.4829557240009308,0.05237133055925369,0.5506196618080139,0.39696019887924194,-0.002202205592766404,0.5578724145889282,0.41735249757766724,-0.01722192019224167,0.562004029750824,0.5226459503173828,0.010203229263424873,0.5443616509437561,0.5192980766296387,0.023548994213342667,0.5058404803276062,0.445426881313324,0.04305996745824814,0.552046000957489,0.47887733578681946,-0.0004030726558994502,0.550743579864502,0.4819263219833374,-0.0008066833252087235,0.5495871305465698,0.4858155846595764,-0.0012522266479209065,0.5487473011016846,0.49034711718559265,0.00012190316192572936,0.5480602979660034,0.49422749876976013,0.005456297658383846,0.5427044034004211,0.4748932719230652,0.00430025951936841,0.5415075421333313,0.47376832365989685,0.004347765352576971,0.5405703783035278,0.47267359495162964,0.004151156637817621,0.5364699363708496,0.46600884199142456,0.0045760637149214745,0.5148789286613464,0.4485718905925751,0.013234992511570454,0.5583366751670837,0.40872639417648315,-0.012910365127027035,0.5559700727462769,0.39197519421577454,-0.005903906654566526,0.5528813004493713,0.39345237612724304,-0.0035342995543032885,0.5439551472663879,0.4760096073150635,0.004883131477981806,0.5155566930770874,0.46630483865737915,0.024669984355568886,0.5609588623046875,0.391651451587677,-0.013115995563566685,0.5454639196395874,0.5008513331413269,0.009230958297848701,0.566310465335846,0.42149460315704346,-0.0272528026252985,0.561805248260498,0.4139450788497925,-0.021790197119116783,0.566804051399231,0.41281622648239136,-0.0233629010617733,0.5536920428276062,0.4293578565120697,-0.015728475525975227,0.5622228384017944,0.5166068077087402,0.0061809588223695755,0.5625824332237244,0.5082769989967346,0.00484138960018754,0.5535368919372559,0.506750762462616,0.006178151350468397,0.534511387348175,0.4834204912185669,0.013866082765161991,0.5417962074279785,0.44678789377212524,-0.0020698143634945154,0.5396239757537842,0.4929971694946289,0.012053094804286957,0.5271618962287903,0.4440937936306,0.0006568013923242688,0.5355281233787537,0.4532725214958191,0.0007051409338600934,0.5223748087882996,0.4550958573818207,0.007135689724236727,0.5518701672554016,0.5147397518157959,0.007789797615259886,0.5505357980728149,0.43290919065475464,-0.01103010680526495,0.5305923819541931,0.48935800790786743,0.019958900287747383,0.5371918082237244,0.4988153576850891,0.017144473269581795,0.5297768712043762,0.4731854498386383,0.012819371186196804,0.5105366706848145,0.45637786388397217,0.0285149198025465,0.5230178236961365,0.474811315536499,0.01838039606809616,0.5091058015823364,0.4616057872772217,0.04305649176239967,0.5306904911994934,0.46081027388572693,0.005209300667047501,0.5543378591537476,0.421896755695343,-0.01246371679008007,0.5533612370491028,0.44628357887268066,-0.022327419370412827,0.5503014326095581,0.44679075479507446,-0.015728909522294998,0.5557647943496704,0.4416407644748688,-0.02655895985662937,0.5513176918029785,0.38161274790763855,-0.008246560581028461,0.5416996479034424,0.3733426630496979,-0.008998536504805088,0.5331642627716064,0.37088772654533386,-0.007971477694809437,0.5262048840522766,0.3720863163471222,-0.004905438516288996,0.5214452743530273,0.37582704424858093,-0.0008703534840606153,0.5189299583435059,0.39205509424209595,0.009175469167530537,0.5030668377876282,0.4107811450958252,0.03802584484219551,0.5231459736824036,0.4062666594982147,0.005712047219276428,0.5287723541259766,0.41020917892456055,0.002437554532662034,0.5362765789031982,0.4120093584060669,-6.603451765840873e-05,0.5436809659004211,0.4111735224723816,-0.0019476162269711494,0.5495690107345581,0.4088239073753357,-0.00245624384842813,0.5535515546798706,0.40643244981765747,-0.003407093696296215,0.5032575130462646,0.4092523455619812,0.05939914658665657,0.5503698587417603,0.44814783334732056,-0.012696785852313042,0.5574347972869873,0.425050288438797,-0.020730536431074142,0.5569045543670654,0.44775643944740295,-0.026579130440950394,0.5595840811729431,0.4514528214931488,-0.023831795901060104,0.5569252371788025,0.44871965050697327,-0.023735716938972473,0.5515793561935425,0.45010676980018616,-0.010418256744742393,0.5604961514472961,0.4525051414966583,-0.02523399516940117,0.5611258745193481,0.45374661684036255,-0.018292581662535667,0.5541595816612244,0.40016067028045654,-0.0019294294761493802,0.556666910648346,0.4019283950328827,-0.005028716288506985,0.5583316683769226,0.40355613827705383,-0.008419472724199295,0.5266304612159729,0.39209312200546265,0.0022034961730241776,0.522380530834198,0.38547077775001526,0.0025614378973841667,0.5709124207496643,0.42288216948509216,-0.025415368378162384,0.6086594462394714,0.40410974621772766,0.0008715628064237535,0.5699760913848877,0.45309004187583923,-0.018716702237725258,0.6339765191078186,0.3681837022304535,0.02281707338988781,0.5913747549057007,0.41145893931388855,-0.0042387633584439754,0.5976454019546509,0.412684828042984,-0.0036841353867202997,0.6035435199737549,0.41180601716041565,-0.002128331456333399,0.6109986901283264,0.4059297442436218,0.0023219517897814512,0.5860122442245483,0.4084593951702118,-0.0034197233617305756,0.601505696773529,0.38405317068099976,-0.008246337994933128,0.5944496393203735,0.3849954605102539,-0.008260395377874374,0.607804536819458,0.3858175277709961,-0.00600999454036355,0.6116726398468018,0.38957279920578003,-0.0034847573842853308,0.6159078478813171,0.41009199619293213,0.005929905921220779,0.5821182727813721,0.5109281539916992,0.011276631616055965,0.6106958389282227,0.40084952116012573,0.0026978403329849243,0.6335483193397522,0.4042125344276428,0.030312903225421906,0.6226775646209717,0.40238282084465027,0.010906005278229713,0.5948859453201294,0.44092920422554016,-0.004775231704115868,0.5727477073669434,0.47093644738197327,-0.011144825257360935,0.571769118309021,0.4787779450416565,-0.007794749923050404,0.5802626013755798,0.47250843048095703,-0.00763366324827075,0.5853531956672668,0.47373026609420776,-0.0028113701846450567,0.5780134797096252,0.47806453704833984,-0.005502898711711168,0.5829488635063171,0.4773419499397278,-0.001128045842051506,0.5901167988777161,0.48358404636383057,0.008646667934954166,0.569363534450531,0.45016682147979736,-0.02933357283473015,0.570319414138794,0.4421982765197754,-0.03191440925002098,0.6214314699172974,0.3777177035808563,-0.0025776939000934362,0.5836442708969116,0.42105361819267273,-0.0077093434520065784,0.5822014808654785,0.4461367428302765,-0.016217945143580437,0.5827628970146179,0.4415450990200043,-0.01502868253737688,0.6131630539894104,0.4400302469730377,0.002249275567010045,0.5706601738929749,0.43175795674324036,-0.029768362641334534,0.6082785725593567,0.3694625794887543,-0.012832812033593655,0.6162697672843933,0.3715505599975586,-0.008148470893502235,0.6293323636054993,0.35333046317100525,0.009863989427685738,0.5810191631317139,0.3801417648792267,-0.01697447896003723,0.5880789756774902,0.38900378346443176,-0.006350064184516668,0.5951259136199951,0.47566455602645874,0.008406921289861202,0.6199800968170166,0.47541624307632446,0.056946463882923126,0.5779754519462585,0.45055919885635376,-0.013595294207334518,0.573555588722229,0.4527705907821655,-0.013077648356556892,0.5925624966621399,0.4751793146133423,0.008095234632492065,0.5909989476203918,0.4757608473300934,0.006627224385738373,0.6198509335517883,0.3643637001514435,-0.006425717379897833,0.5824142098426819,0.44867536425590515,-0.012629356235265732,0.5969055891036987,0.3719731271266937,-0.01604297198355198,0.5980815291404724,0.3641999065876007,-0.018230285495519638,0.6062938570976257,0.3325963020324707,-0.01413374487310648,0.6245739459991455,0.3615840673446655,0.0002738352050073445,0.6016524434089661,0.3486330211162567,-0.01673966646194458,0.6251190900802612,0.37259939312934875,0.0014955556252971292,0.6297100186347961,0.3737415671348572,0.011157550849020481,0.5724081993103027,0.47526004910469055,-0.010062803514301777,0.5791798233985901,0.4754459261894226,-0.006722249556332827,0.5842429995536804,0.4755092263221741,-0.002382333390414715,0.5767337679862976,0.45161402225494385,-0.011871022172272205,0.5917621850967407,0.4754805862903595,0.007345013320446014,0.5882521271705627,0.47903212904930115,0.004699149169027805,0.590171217918396,0.4760722517967224,0.0065565467812120914,0.5753952264785767,0.4492966830730438,-0.02163475751876831,0.5819544196128845,0.47866275906562805,-3.942720013583312e-06,0.576982319355011,0.4798482358455658,-0.0029288369696587324,0.5711380243301392,0.4808787405490875,-0.005065282806754112,0.5708473324775696,0.5006749033927917,0.003545830026268959,0.5717597007751465,0.495721697807312,-0.002780820243060589,0.5717114806175232,0.4905377924442291,-0.004174662753939629,0.5714331865310669,0.48528701066970825,-0.0035508309956640005,0.570988655090332,0.4810555875301361,-0.0032365673687309027,0.5818763971328735,0.47871163487434387,0.0014709100360050797,0.5830164551734924,0.48048925399780273,0.0010407151421532035,0.5842067003250122,0.4829334020614624,0.0006386701134033501,0.5850666165351868,0.4856412410736084,0.002003573114052415,0.5889935493469238,0.4661863148212433,-0.0019668489694595337,0.630155622959137,0.43763378262519836,0.05925705283880234,0.5857231020927429,0.47750338912010193,0.004619637504220009,0.586993932723999,0.47819241881370544,0.004411680158227682,0.5717933177947998,0.4556219279766083,-0.012641827575862408,0.5807573795318604,0.4524422585964203,-0.007635057903826237,0.5726065039634705,0.4542617201805115,-0.013052592985332012,0.5897902250289917,0.42563608288764954,-0.005230403039604425,0.5996429324150085,0.430998831987381,-0.002997345756739378,0.5837354063987732,0.4444631040096283,-0.011380265466868877,0.6206784248352051,0.3411557674407959,-0.0029943680856376886,0.615795373916626,0.35275009274482727,-0.008896451443433762,0.6107105016708374,0.3614083230495453,-0.013167445547878742,0.585064172744751,0.4905627369880676,0.006685527972877026,0.5832369923591614,0.3684636056423187,-0.020564259961247444,0.5869936347007751,0.3476446270942688,-0.0209011510014534,0.5904597043991089,0.32801729440689087,-0.020201707258820534,0.6082731485366821,0.4098500609397888,0.0002487282908987254,0.6219927072525024,0.4153174161911011,0.00961899384856224,0.5825960636138916,0.40593665838241577,-0.0029504639096558094,0.6173927187919617,0.3921304941177368,0.0016999655636027455,0.5797918438911438,0.4159124791622162,-0.010181203484535217,0.5789989233016968,0.4441615343093872,-0.022038640454411507,0.6274003982543945,0.4202781915664673,0.016785167157649994,0.6180159449577332,0.42181235551834106,0.005309848114848137,0.6106265187263489,0.4251517355442047,0.00046856587869115174,0.5993663668632507,0.4241023063659668,-0.0018138195155188441,0.5908750891685486,0.42063280940055847,-0.0034305930603295565,0.5845653414726257,0.4165976047515869,-0.005261887330561876,0.5726131796836853,0.40528860688209534,-0.017428701743483543,0.6256093978881836,0.43674013018608093,0.017435375601053238,0.6222684979438782,0.38938647508621216,0.003997142892330885,0.5674963593482971,0.4536648094654083,-0.02616424858570099,0.5824277400970459,0.4289543628692627,-0.009298252873122692,0.6354777812957764,0.4019777774810791,0.04915361478924751,0.5799168944358826,0.4122428297996521,-0.006681730505079031,0.5845059156417847,0.4443468451499939,-0.005659058224409819,0.6134224534034729,0.40021592378616333,0.003974492661654949,0.5794672966003418,0.43847376108169556,-0.020509177818894386,0.6260212659835815,0.45646750926971436,0.059609368443489075,0.5824241638183594,0.40302273631095886,-0.002165141049772501,0.5752121806144714,0.43437331914901733,-0.026270896196365356,0.6061995625495911,0.4935208559036255,0.029170390218496323,0.6045748591423035,0.5008847713470459,0.040907058864831924,0.6299280524253845,0.4379023611545563,0.03806024044752121,0.6143743395805359,0.48403704166412354,0.03451397269964218,0.6319589018821716,0.3879505395889282,0.022107159718871117,0.5820022225379944,0.5172053575515747,0.015660710632801056,0.5669269561767578,0.4548003077507019,-0.018248775973916054,0.5876021385192871,0.43446090817451477,-0.006605846807360649,0.6275972127914429,0.40331125259399414,0.016505325213074684,0.6029227375984192,0.40829524397850037,-0.002368476940318942,0.5976559519767761,0.40897637605667114,-0.0036843139678239822,0.58934086561203,0.4800800085067749,0.005732466466724873,0.6233413815498352,0.452305406332016,0.021548911929130554,0.5722028613090515,0.5255621075630188,0.018772166222333908,0.587883710861206,0.5162601470947266,0.028207894414663315,0.5952908992767334,0.5100157260894775,0.03376135975122452,0.5923057794570923,0.4076865613460541,-0.003897259710356593,0.5871593952178955,0.40536975860595703,-0.0031301183626055717,0.583921492099762,0.40403273701667786,-0.002096387557685375,0.6264951229095459,0.38633090257644653,0.009339478798210621,0.5887683629989624,0.39639338850975037,-0.005078475922346115,0.5944305658340454,0.39409008622169495,-0.006136106792837381,0.5998150706291199,0.39409422874450684,-0.005922709591686726,0.604771614074707,0.3956831991672516,-0.0043184952810406685,0.6077384948730469,0.3978153169155121,-0.00228875782340765,0.6358326077461243,0.38350510597229004,0.037020791321992874,0.6063662171363831,0.4063970744609833,-0.0006030610529705882,0.5830529928207397,0.4629319906234741,-0.00583539716899395,0.5779645442962646,0.4498059153556824,-0.015898237004876137,0.5724631547927856,0.4618207812309265,-0.011255323886871338,0.5974509716033936,0.5027064085006714,0.025542933493852615,0.5897377133369446,0.5098042488098145,0.021083295345306396,0.5727046132087708,0.522222638130188,0.011040662415325642,0.6125097870826721,0.49021899700164795,0.049657635390758514,0.5844390988349915,0.4002947509288788,-0.003378183115273714,0.5755606293678284,0.4186682105064392,-0.017744215205311775,0.5804304480552673,0.5218276381492615,0.02237142063677311,0.6262592077255249,0.4549625515937805,0.03975261002779007,0.5768528580665588,0.47998565435409546,-0.0011992433574050665,0.5778442025184631,0.4831501245498657,-0.0016120460350066423,0.5786314606666565,0.48711958527565,-0.0020934087224304676,0.5790543556213379,0.49171683192253113,-0.0007272336515597999,0.578750729560852,0.49659454822540283,0.00452393526211381,0.5871267318725586,0.47646525502204895,0.0029656062833964825,0.5883705019950867,0.4754312336444855,0.002916519995778799,0.5894022583961487,0.4744393229484558,0.0026646654587239027,0.5934789180755615,0.47027209401130676,0.0029006493277847767,0.6163558959960938,0.45663467049598694,0.010554149746894836,0.576125979423523,0.4100741446018219,-0.013491194695234299,0.579460084438324,0.3952232003211975,-0.006624694913625717,0.5824187397956848,0.3967370092868805,-0.004513555206358433,0.5858099460601807,0.47749364376068115,0.003658769652247429,0.6143759489059448,0.4739713668823242,0.021991269662976265,0.5747237205505371,0.3946160674095154,-0.013497870415449142,0.5806909203529358,0.503568172454834,0.008220838382840157,0.5717520117759705,0.41466742753982544,-0.02208009548485279,0.5786598920822144,0.4312310218811035,-0.01641065441071987,0.5718227028846741,0.508185863494873,0.005672829691320658,0.5938409566879272,0.48795437812805176,0.01211596466600895,0.589405357837677,0.4503566026687622,-0.003309390740469098,0.5876092314720154,0.4966660439968109,0.01066635176539421,0.6042855978012085,0.45020562410354614,-0.001262855832464993,0.5952278971672058,0.4579095244407654,-0.0008626277558505535,0.6082717776298523,0.4618947505950928,0.00491870054975152,0.5727499723434448,0.5164068937301636,0.007132037077099085,0.5816844701766968,0.4351816475391388,-0.011875921860337257,0.5972283482551575,0.4944911301136017,0.018019752576947212,0.5894644260406494,0.5028446316719055,0.0156557597219944,0.5995649099349976,0.4785158634185791,0.010749689303338528,0.6203794479370117,0.4650091826915741,0.025584740564227104,0.6060990691184998,0.48122429847717285,0.016080215573310852,0.6215008497238159,0.4703519940376282,0.03987865522503853,0.5996583104133606,0.46617749333381653,0.003275764174759388,0.5788398385047913,0.42374110221862793,-0.013180200010538101,0.5771366357803345,0.4480257034301758,-0.022964293137192726,0.580389678478241,0.4489767551422119,-0.0164873655885458,0.5749123096466064,0.4430225193500519,-0.027141088619828224,0.5848057270050049,0.3866382837295532,-0.009220301173627377,0.5952789187431335,0.38023918867111206,-0.010386763140559196,0.6041204929351807,0.3789860010147095,-0.009768779389560223,0.6110934615135193,0.3807966411113739,-0.007100393064320087,0.6156682968139648,0.3849456310272217,-0.0033209798857569695,0.6174300312995911,0.4010814130306244,0.00656710984185338,0.632466197013855,0.42112991213798523,0.034496571868658066,0.612603485584259,0.41439059376716614,0.003318211529403925,0.606594443321228,0.417117714881897,0.0003482392930891365,0.5986402630805969,0.4175240993499756,-0.0017849316354840994,0.590965986251831,0.4153902530670166,-0.0033033271320164204,0.5849735736846924,0.41205039620399475,-0.003476144513115287,0.5810055732727051,0.4090258777141571,-0.004234413616359234,0.6331791281700134,0.4195985794067383,0.05597352236509323,0.5802536606788635,0.450261652469635,-0.013444919139146805,0.5750455260276794,0.4263421595096588,-0.02127881348133087,0.5732088088989258,0.44894272089004517,-0.026979941874742508,0.5703628659248352,0.4522678852081299,-0.02405158430337906,0.5732768177986145,0.44994786381721497,-0.02415250986814499,0.5789452791213989,0.45202571153640747,-0.011051639914512634,0.5692512392997742,0.4531416893005371,-0.02541034109890461,0.5686427354812622,0.45425936579704285,-0.018466664478182793,0.5805752873420715,0.4030348062515259,-0.002777578542008996,0.578084409236908,0.40430495142936707,-0.005673058331012726,0.5765476226806641,0.4057232141494751,-0.00897954124957323,0.6094110012054443,0.39942631125450134,-8.852521568769589e-05,0.6139030456542969,0.3939525783061981,0.00010867868695640936,0.5383361577987671,0.39655783772468567,-0.0008564548334106803,0.5442232489585876,0.39716389775276184,-0.0008564548334106803,0.538810670375824,0.38928359746932983,-0.0008564548334106803,0.5323258638381958,0.39591124653816223,-0.0008564548334106803,0.5378294587135315,0.4037613570690155,-0.0008564548334106803,0.5963929295539856,0.40023496747016907,-0.002599162980914116,0.6024165153503418,0.4005306363105774,-0.002599162980914116,0.5965291261672974,0.39270323514938354,-0.002599162980914116,0.5904529690742493,0.3998940587043762,-0.002599162980914116,0.5962655544281006,0.4077445864677429,-0.002599162980914116
3200.000000000003,0.5648933053016663,0.4731646478176117,-0.011474188417196274,0.564939558506012,0.44998571276664734,-0.02973748929798603,0.5648748874664307,0.4559437036514282,-0.014080104418098927,0.5618041753768921,0.4219127595424652,-0.025144560262560844,0.5653148293495178,0.44176292419433594,-0.03250196948647499,0.5659173130989075,0.4304983615875244,-0.03139955550432205,0.5675221085548401,0.4027599096298218,-0.019606292247772217,0.5266889333724976,0.3970646858215332,0.003094908082857728,0.5688433647155762,0.37934720516204834,-0.018109504133462906,0.5694995522499084,0.3674794137477875,-0.020852258428931236,0.5719069838523865,0.32572147250175476,-0.0210808627307415,0.5647402405738831,0.4763505160808563,-0.010398774407804012,0.5645528435707092,0.47947362065315247,-0.008366907946765423,0.5644437670707703,0.48145368695259094,-0.005497523583471775,0.5642930269241333,0.4816322326660156,-0.003935572225600481,0.5641136169433594,0.48600324988365173,-0.004240887705236673,0.5638622045516968,0.4909948408603668,-0.004861685913056135,0.5635892748832703,0.4958328604698181,-0.003347646677866578,0.5628786087036133,0.5000224709510803,0.002939400263130665,0.5648499727249146,0.4536535143852234,-0.02643525041639805,0.5599912405014038,0.45220476388931274,-0.01851564832031727,0.5071149468421936,0.357883483171463,0.026145663112401962,0.543264627456665,0.40732529759407043,-0.0027732006274163723,0.5370700359344482,0.40750133991241455,-0.001973090460523963,0.531461775302887,0.4055761396884918,-0.000128961110021919,0.5245510339736938,0.39822930097579956,0.004700328689068556,0.548588216304779,0.4053255021572113,-0.0022573834285140038,0.5355415940284729,0.3765912353992462,-0.006379409227520227,0.5425871014595032,0.37908971309661865,-0.006748557556420565,0.528913140296936,0.37736976146698,-0.003890402615070343,0.5245946049690247,0.3808801770210266,-0.0011870396556332707,0.5201326608657837,0.4012453258037567,0.008410612121224403,0.5431907176971436,0.5078309774398804,0.011950058862566948,0.5250129103660583,0.39333030581474304,0.005027250852435827,0.5038626194000244,0.39376458525657654,0.03369066119194031,0.5141429901123047,0.3920612335205078,0.013687153346836567,0.5372430682182312,0.436246395111084,-0.0033203400671482086,0.5571169257164001,0.4705510139465332,-0.0106930797919631,0.5573885440826416,0.47824984788894653,-0.007301769685000181,0.5496842861175537,0.4713932275772095,-0.006721343379467726,0.5445514917373657,0.4722738564014435,-0.0015983449993655086,0.5514024496078491,0.47701165080070496,-0.0045965444296598434,0.5466949939727783,0.47602060437202454,-2.3493892513215542e-05,0.5385802984237671,0.47943806648254395,0.010054804384708405,0.5605003833770752,0.44930076599121094,-0.02919442020356655,0.5602250099182129,0.4412405788898468,-0.031731635332107544,0.516282856464386,0.36708012223243713,0.0001115314444177784,0.550188422203064,0.41828176379203796,-0.00673338770866394,0.5487217903137207,0.4434969127178192,-0.015363416634500027,0.5486639738082886,0.43884894251823425,-0.014117942191660404,0.5194516181945801,0.43237999081611633,0.0046354252845048904,0.5610116124153137,0.4308256506919861,-0.02950999327003956,0.529411256313324,0.3596875071525574,-0.011002597399055958,0.5215185284614563,0.36121317744255066,-0.005805489607155323,0.5131205916404724,0.3438358008861542,0.012890256009995937,0.5555472373962402,0.3737143576145172,-0.01637238822877407,0.5483987927436829,0.3846970200538635,-0.0051002479158341885,0.5344445109367371,0.4709682762622833,0.010114585049450397,0.5105960369110107,0.46691808104515076,0.059861280024051666,0.5524769425392151,0.4485180675983429,-0.012897893786430359,0.5566644668579102,0.45141205191612244,-0.01274801604449749,0.5375129580497742,0.47363099455833435,0.009645330719649792,0.538992166519165,0.47430574893951416,0.008009528741240501,0.5183663368225098,0.35379377007484436,-0.003901879070326686,0.5483507513999939,0.44602346420288086,-0.011787115596234798,0.5403587222099304,0.3632240295410156,-0.014740686863660812,0.5396099090576172,0.35553422570228577,-0.01690131053328514,0.537448525428772,0.3268485963344574,-0.012340285815298557,0.5167689919471741,0.3528062701225281,0.0030242728535085917,0.5400320291519165,0.3434850573539734,-0.015216733328998089,0.51295405626297,0.36164411902427673,0.004365471191704273,0.5106091499328613,0.36404967308044434,0.014273363165557384,0.5570953488349915,0.47475185990333557,-0.009563544765114784,0.5505050420761108,0.4743266701698303,-0.00579167902469635,0.545538604259491,0.47414037585258484,-0.0012000262504443526,0.5535989999771118,0.4497825801372528,-0.011372260749340057,0.5382642149925232,0.47398003935813904,0.008794673718512058,0.5411494970321655,0.4774485230445862,0.005868201609700918,0.5397851467132568,0.47465723752975464,0.007886828854680061,0.5549575090408325,0.4475748538970947,-0.021075526252388954,0.547576367855072,0.47743603587150574,0.0010468551190569997,0.5522409677505493,0.4788800776004791,-0.002094802912324667,0.5578793287277222,0.48034605383872986,-0.0045597064308822155,0.5552226901054382,0.4987843334674835,0.003525602864101529,0.55548495054245,0.4942699372768402,-0.0026457402855157852,0.5560132265090942,0.48938778042793274,-0.00392084289342165,0.5568159818649292,0.484455943107605,-0.0032458100467920303,0.5577049851417542,0.4805162847042084,-0.002930160379037261,0.547349750995636,0.47747600078582764,0.0023599648848176003,0.5460120439529419,0.4790538251399994,0.0018872687360271811,0.5445340871810913,0.48125648498535156,0.0014632763341069221,0.5433583855628967,0.48371022939682007,0.002844903152436018,0.540873110294342,0.46243998408317566,-0.0006611522985622287,0.5042770504951477,0.4275355637073517,0.06256745755672455,0.5648546814918518,0.45486950874328613,-0.018578331917524338,0.5438404679298401,0.47615352272987366,0.005757767707109451,0.5424873232841492,0.4767264723777771,0.005548197776079178,0.5581899881362915,0.4544684588909149,-0.012348692864179611,0.5497926473617554,0.45005083084106445,-0.006967160385102034,0.5574911236763,0.452988862991333,-0.012743770144879818,0.5437270998954773,0.42184877395629883,-0.003956557717174292,0.533583402633667,0.42556115984916687,-0.001265726750716567,0.5475469827651978,0.44159775972366333,-0.01045192964375019,0.5227082371711731,0.33309251070022583,-0.0004999719676561654,0.5260732769966125,0.3453670144081116,-0.006673972588032484,0.5273805856704712,0.3517730236053467,-0.011176196858286858,0.5426234006881714,0.4869031608104706,0.007687108591198921,0.5541784763336182,0.36163926124572754,-0.01991020143032074,0.5543494820594788,0.34476137161254883,-0.020100057125091553,0.5532926321029663,0.32477816939353943,-0.019242146983742714,0.5269261002540588,0.40260279178619385,0.002500217640772462,0.5141655206680298,0.40510791540145874,0.012381824664771557,0.5520784854888916,0.4032641351222992,-0.0019022850319743156,0.5191409587860107,0.38277575373649597,0.004271439742296934,0.5544415712356567,0.4137624502182007,-0.00939914956688881,0.5518788695335388,0.4419472813606262,-0.021365206688642502,0.5078633427619934,0.4105558395385742,0.019879914820194244,0.5176039338111877,0.41224581003189087,0.007881928235292435,0.5245770215988159,0.4168665409088135,0.0027122697792947292,0.5354714393615723,0.41786590218544006,-9.096781286643818e-05,0.5437980890274048,0.41610243916511536,-0.0020971018821001053,0.5501484274864197,0.4132802188396454,-0.00424654595553875,0.5622017979621887,0.404229074716568,-0.017107229679822922,0.5078465342521667,0.4271634817123413,0.020539138466119766,0.5149139761924744,0.378933846950531,0.006813736166805029,0.5621656775474548,0.45310816168785095,-0.026049097999930382,0.5504847168922424,0.42633047699928284,-0.008382471278309822,0.5025611519813538,0.3913496732711792,0.05257382243871689,0.554890513420105,0.4097082316875458,-0.005884207785129547,0.546930193901062,0.44136980175971985,-0.004748293664306402,0.522394061088562,0.39197486639022827,0.006397276185452938,0.5520567297935486,0.43624523282051086,-0.019818631932139397,0.5065653920173645,0.4469718039035797,0.06274328380823135,0.5524135828018188,0.4002162516117096,-0.001104659284465015,0.5564196109771729,0.43277907371520996,-0.025770777836441994,0.5217581391334534,0.48700496554374695,0.03139223903417587,0.5229695439338684,0.49487733840942383,0.043015435338020325,0.5038615465164185,0.42779985070228577,0.04149911180138588,0.5146040916442871,0.47631242871284485,0.03722700849175453,0.5069385170936584,0.37782496213912964,0.025404827669262886,0.5427147746086121,0.5142305493354797,0.016412923112511635,0.5627607703208923,0.45435863733291626,-0.018169842660427094,0.5449478626251221,0.431011438369751,-0.005459582433104515,0.5096617937088013,0.3920641839504242,0.019580064341425896,0.531937837600708,0.4023888409137726,-0.00044140120735391974,0.5370532274246216,0.40390175580978394,-0.0019512965809553862,0.5400007367134094,0.4783354699611664,0.007004932966083288,0.5085716843605042,0.44302764534950256,0.024587443098425865,0.5517946481704712,0.5242646336555481,0.01890716142952442,0.5376041531562805,0.5128838419914246,0.029441261664032936,0.5311739444732666,0.5054923295974731,0.035408079624176025,0.5706644654273987,0.34663474559783936,-0.02180791087448597,0.5618361234664917,0.5264282822608948,0.017108147963881493,0.5423738956451416,0.4035698473453522,-0.0024031002540141344,0.5474595427513123,0.40215152502059937,-0.0018540408927947283,0.5507699251174927,0.4011583924293518,-0.0009471654193475842,0.5111104846000671,0.37547019124031067,0.012349102646112442,0.5470543503761292,0.3924259543418884,-0.003691592486575246,0.5417629480361938,0.388822078704834,-0.00455982331186533,0.5365425944328308,0.38770735263824463,-0.004109022207558155,0.5314686298370361,0.38848182559013367,-0.0022616663482040167,0.528256893157959,0.3902832269668579,-0.0001286665501538664,0.5038283467292786,0.37287673354148865,0.04042499139904976,0.5286811590194702,0.3998158276081085,0.0015125612262636423,0.5647265315055847,0.4613608121871948,-0.011791889555752277,0.5469022989273071,0.46016445755958557,-0.0049050296656787395,0.5524970293045044,0.4477315843105316,-0.015306520275771618,0.5571970343589783,0.4605729579925537,-0.010890214703977108,0.5681931972503662,0.39093953371047974,-0.016920195892453194,0.5294399261474609,0.497467577457428,0.0272591020911932,0.5361042022705078,0.5057239532470703,0.022321542724967003,0.5512517690658569,0.5205430388450623,0.011240705847740173,0.5163576602935791,0.4829421639442444,0.052280817180871964,0.5508032441139221,0.39718249440193176,-0.002175072208046913,0.557970404624939,0.41708242893218994,-0.017232174053788185,0.5618301630020142,0.5225553512573242,0.009741182439029217,0.5441234707832336,0.5194927453994751,0.02311703935265541,0.5057640075683594,0.4453766942024231,0.04300845414400101,0.5520343780517578,0.4790198504924774,-0.0005564797320403159,0.5507102012634277,0.48191511631011963,-0.0010011645499616861,0.5495350956916809,0.4856041967868805,-0.0014950558543205261,0.5486725568771362,0.4898974895477295,-0.0001657592656556517,0.5479946136474609,0.493694543838501,0.005101295653730631,0.5427604913711548,0.47508862614631653,0.004300717264413834,0.5415626764297485,0.4739862382411957,0.004339752718806267,0.540619432926178,0.47290998697280884,0.004132426343858242,0.5362834930419922,0.46584317088127136,0.004525808151811361,0.5147657990455627,0.4484252631664276,0.013183526694774628,0.558445394039154,0.40846776962280273,-0.012903118506073952,0.5561597943305969,0.39213019609451294,-0.005849887151271105,0.5530881285667419,0.3936474621295929,-0.0034965130034834146,0.5440008044242859,0.476184606552124,0.004885118454694748,0.5153849124908447,0.4661768972873688,0.024572929367423058,0.5610842108726501,0.3916839361190796,-0.013087380677461624,0.5453406572341919,0.5005913972854614,0.008818910457193851,0.5664539933204651,0.421214759349823,-0.0272813830524683,0.5619375109672546,0.4136578142642975,-0.021811965852975845,0.5669575333595276,0.4125273525714874,-0.023378092795610428,0.5537159442901611,0.4291069805622101,-0.01573985628783703,0.5620798468589783,0.516402006149292,0.00568451127037406,0.5624721050262451,0.5078713297843933,0.004341532941907644,0.5534214973449707,0.506399393081665,0.005682129412889481,0.5343348979949951,0.48324206471443176,0.013660290278494358,0.5416970252990723,0.44660672545433044,-0.002102243946865201,0.5394879579544067,0.49279987812042236,0.0117381252348423,0.5270953178405762,0.4439055025577545,0.0005942413699813187,0.5354140400886536,0.45310449600219727,0.0006534084677696228,0.5222078561782837,0.45493820309638977,0.007062316406518221,0.5516995787620544,0.5145895481109619,0.0072966390289366245,0.5504941940307617,0.43266549706459045,-0.01103543397039175,0.5303993821144104,0.4892670512199402,0.019718263298273087,0.5370184779167175,0.4987677335739136,0.016803760081529617,0.5295778512954712,0.4730195999145508,0.012690214440226555,0.5104070901870728,0.45627567172050476,0.02845367230474949,0.5228349566459656,0.47466859221458435,0.018244268372654915,0.5089740753173828,0.4615391790866852,0.04298192262649536,0.5305002927780151,0.4606584310531616,0.005141581874340773,0.5543868541717529,0.4216480255126953,-0.012462738901376724,0.553330659866333,0.44603773951530457,-0.022377632558345795,0.5502079725265503,0.44656381011009216,-0.015763595700263977,0.5557976365089417,0.4413928985595703,-0.026617422699928284,0.5514535307884216,0.38162362575531006,-0.008204796351492405,0.541700541973114,0.3731796145439148,-0.008996186777949333,0.5330140590667725,0.37059396505355835,-0.008005128242075443,0.525965690612793,0.371743381023407,-0.004966982640326023,0.5211871266365051,0.3755306601524353,-0.000938981887884438,0.5188189148902893,0.39198845624923706,0.009132063016295433,0.5030838847160339,0.41069522500038147,0.037980467081069946,0.5229829549789429,0.40600281953811646,0.005685493815690279,0.5286551117897034,0.40994784235954285,0.002417266136035323,0.5362376570701599,0.41187235713005066,-7.35045614419505e-05,0.5437547564506531,0.4111965298652649,-0.0019288270268589258,0.549713134765625,0.40895503759384155,-0.002432117471471429,0.5537240505218506,0.4065845310688019,-0.0033724927343428135,0.5031477212905884,0.4091843068599701,0.059431448578834534,0.5502569675445557,0.44793784618377686,-0.012727608904242516,0.5575203895568848,0.4247831702232361,-0.02075589820742607,0.5569254755973816,0.4475253224372864,-0.026631716638803482,0.5596055388450623,0.4512695372104645,-0.02387254312634468,0.5569239258766174,0.4484981894493103,-0.023782193660736084,0.5514710545539856,0.4499228894710541,-0.010445469990372658,0.5605329275131226,0.45232367515563965,-0.025275280699133873,0.5611431002616882,0.4535881578922272,-0.01831955835223198,0.5543561577796936,0.4004549980163574,-0.0018904003081843257,0.5568601489067078,0.4021022617816925,-0.004984823055565357,0.5584884881973267,0.40357205271720886,-0.008389619179069996,0.5264432430267334,0.3918188214302063,0.0021630683913826942,0.5221471190452576,0.38525140285491943,0.0025110095739364624,0.5710660815238953,0.42262279987335205,-0.0254199355840683,0.6085874438285828,0.4041704535484314,0.001086298143491149,0.5700743794441223,0.45292603969573975,-0.01872267574071884,0.6338809728622437,0.3682746887207031,0.023233812302350998,0.5912712216377258,0.41148534417152405,-0.004069864749908447,0.5975321531295776,0.4127464294433594,-0.0034999591298401356,0.6034339666366577,0.41184380650520325,-0.0019278974505141377,0.6108505725860596,0.40598130226135254,0.0025522394571453333,0.5859384536743164,0.408372163772583,-0.003271391848102212,0.6015564203262329,0.3839985728263855,-0.008091747760772705,0.5944788455963135,0.3848797678947449,-0.00811212882399559,0.607847273349762,0.38580945134162903,-0.00583586934953928,0.6116673946380615,0.3895982503890991,-0.003289601067081094,0.6156768798828125,0.41014957427978516,0.006188746076077223,0.5820392966270447,0.5108202695846558,0.0109603526070714,0.610616147518158,0.40089088678359985,0.002923967782407999,0.6333233714103699,0.40432754158973694,0.030699221417307854,0.622391402721405,0.4024757444858551,0.011200093664228916,0.5949576497077942,0.44083428382873535,-0.004669201094657183,0.5729303359985352,0.47135740518569946,-0.011126255616545677,0.5719358921051025,0.4789375364780426,-0.007733096368610859,0.5805071592330933,0.4727763831615448,-0.007584845181554556,0.5856230854988098,0.47385358810424805,-0.002747451886534691,0.5782296061515808,0.4781767725944519,-0.005423728842288256,0.5831902623176575,0.4773828983306885,-0.0010459396289661527,0.5902383327484131,0.4832507371902466,0.0085984505712986,0.5694711208343506,0.4499630630016327,-0.029358727857470512,0.5704537034034729,0.44197165966033936,-0.03194241598248482,0.6213951110839844,0.37795311212539673,-0.0023476178757846355,0.5837436318397522,0.4209083020687103,-0.007605478633195162,0.5823855996131897,0.44596490263938904,-0.016170479357242584,0.5829387903213501,0.44136807322502136,-0.014970256015658379,0.6131734848022461,0.43997472524642944,0.002479768358170986,0.570806622505188,0.43150970339775085,-0.029787616804242134,0.6084292531013489,0.3695780038833618,-0.012670930474996567,0.6163375973701477,0.3717362582683563,-0.007953274063766003,0.6293494701385498,0.35335659980773926,0.010231387801468372,0.5812020301818848,0.37992510199546814,-0.01690138317644596,0.5880836844444275,0.38883429765701294,-0.006204078905284405,0.5953352451324463,0.47545188665390015,0.008454360067844391,0.619647741317749,0.475516676902771,0.05729667469859123,0.5781508684158325,0.45038777589797974,-0.013559899292886257,0.5737009644508362,0.45262572169303894,-0.013075175695121288,0.592841625213623,0.4750935733318329,0.008162043057382107,0.5912666916847229,0.4756883382797241,0.006683880928903818,0.6199160218238831,0.3646691143512726,-0.0062077343463897705,0.5825955867767334,0.44852152466773987,-0.01257926132529974,0.597103476524353,0.37193164229393005,-0.01592269167304039,0.5983363389968872,0.3642354905605316,-0.01810266077518463,0.6065039038658142,0.33247286081314087,-0.013897732831537724,0.6246577501296997,0.36164724826812744,0.0005501988925971091,0.6018578410148621,0.34854423999786377,-0.01654910482466221,0.6250768899917603,0.37294802069664,0.0017492525512352586,0.6297063827514648,0.3738643229007721,0.011483898386359215,0.5725895762443542,0.475525438785553,-0.010018152184784412,0.5794153213500977,0.47562453150749207,-0.006653488613665104,0.5844976305961609,0.4755876958370209,-0.0023104900028556585,0.5769019722938538,0.4514610469341278,-0.011847476474940777,0.5920364260673523,0.4754020869731903,0.007405394688248634,0.5885170698165894,0.4788746237754822,0.004656011238694191,0.5904389023780823,0.4760071635246277,0.006601598113775253,0.5755445957183838,0.44909021258354187,-0.021617703139781952,0.5821956396102905,0.4786749482154846,7.717705011600628e-05,0.5771900415420532,0.4799216687679291,-0.0028447555378079414,0.5712924003601074,0.4809770882129669,-0.004999175202101469,0.5707622766494751,0.5000505447387695,0.00310200615786016,0.5718761086463928,0.4950268864631653,-0.003121956717222929,0.5718491673469543,0.49012959003448486,-0.00443907780572772,0.5715830326080322,0.4851612150669098,-0.003746907226741314,0.5711366534233093,0.481138676404953,-0.003403459908440709,0.5821123123168945,0.4787381887435913,0.001378837856464088,0.5832557082176208,0.4804045557975769,0.0009145995718427002,0.5844367146492004,0.4826880693435669,0.0004823954659514129,0.5852855443954468,0.4852215647697449,0.001841686200350523,0.5891649723052979,0.4661009907722473,-0.0018952881218865514,0.6297663450241089,0.43779587745666504,0.05972439795732498,0.5859965682029724,0.47748246788978577,0.00458911107853055,0.5872658491134644,0.478110671043396,0.004366012755781412,0.5719051957130432,0.4555050730705261,-0.012656460516154766,0.580898106098175,0.45231908559799194,-0.007600190117955208,0.5727346539497375,0.45413148403167725,-0.013055944815278053,0.5898723006248474,0.4255247414112091,-0.005098799709230661,0.5996916890144348,0.4309200644493103,-0.00284137693233788,0.5839025974273682,0.44430047273635864,-0.011316930875182152,0.6207948923110962,0.3411175012588501,-0.0026942661497741938,0.6159437298774719,0.35275158286094666,-0.008658584207296371,0.6108916997909546,0.36160027980804443,-0.012984216213226318,0.5850780010223389,0.4901139736175537,0.006512290332466364,0.5835080742835999,0.3683469593524933,-0.020481444895267487,0.5872387886047363,0.3474566638469696,-0.020759817212820053,0.590730607509613,0.3278089463710785,-0.020025910809636116,0.6081426739692688,0.4099085032939911,0.00046646417467854917,0.6216046810150146,0.4153705835342407,0.009914481081068516,0.582542359828949,0.40575727820396423,-0.002808848163112998,0.6172894239425659,0.39221590757369995,0.0019417356234043837,0.5799042582511902,0.41573718190193176,-0.010096749290823936,0.5791652202606201,0.4439617693424225,-0.02201244793832302,0.6272462010383606,0.4203147292137146,0.01712438091635704,0.6177019476890564,0.4218602180480957,0.0055799465626478195,0.6103966236114502,0.42511481046676636,0.0006990738329477608,0.599199652671814,0.4239896833896637,-0.0016401830362156034,0.5907620787620544,0.42046669125556946,-0.0032839353661984205,0.5844976305961609,0.4163619577884674,-0.005141988396644592,0.5727711319923401,0.4050353765487671,-0.0174040999263525,0.6254820823669434,0.43676137924194336,0.017768943682312965,0.622137725353241,0.38954824209213257,0.004260425455868244,0.5675820708274841,0.4534900486469269,-0.026186728850007057,0.5825510025024414,0.42879626154899597,-0.009204941801726818,0.6351677179336548,0.40213334560394287,0.049633584916591644,0.5798940062522888,0.41196367144584656,-0.006573534104973078,0.5846524834632874,0.4441981613636017,-0.005579235032200813,0.6132843494415283,0.4002613127231598,0.004215538967400789,0.5796337723731995,0.43827587366104126,-0.020473048090934753,0.625627875328064,0.45661914348602295,0.06003100797533989,0.5823777318000793,0.40283432602882385,-0.0020183506421744823,0.5753676891326904,0.4341508746147156,-0.026266708970069885,0.6061117649078369,0.4934849739074707,0.02925793267786503,0.6043670177459717,0.5008718967437744,0.04104166477918625,0.6296268701553345,0.4380035698413849,0.038449447602033615,0.6142564415931702,0.48404327034950256,0.0347159281373024,0.6318470239639282,0.3880721926689148,0.022467831149697304,0.5818817019462585,0.5171988606452942,0.015359219163656235,0.5670040249824524,0.4546564519405365,-0.01826137863099575,0.5876990556716919,0.4343402683734894,-0.00650131655856967,0.6271974444389343,0.4033547639846802,0.016835574060678482,0.6028714179992676,0.40840089321136475,-0.002167059574276209,0.5975927710533142,0.4090999364852905,-0.0035009840503335,0.589599609375,0.47984039783477783,0.00570399546995759,0.6232375502586365,0.4523431956768036,0.02185894548892975,0.5720152854919434,0.5256359577178955,0.018356939777731895,0.5877063870429993,0.5163320302963257,0.028034133836627007,0.5951032638549805,0.5100431442260742,0.03373677283525467,0.5922529101371765,0.4077860116958618,-0.003728708019480109,0.587121844291687,0.40535271167755127,-0.002973751164972782,0.5838840007781982,0.4039086401462555,-0.001947893062606454,0.6263145208358765,0.3865739703178406,0.009630787186324596,0.5887153744697571,0.3962641656398773,-0.004926289431750774,0.5944007039070129,0.3940217196941376,-0.005983591079711914,0.5998075604438782,0.39406293630599976,-0.005759557243436575,0.6047708988189697,0.39567869901657104,-0.004139360040426254,0.6077063679695129,0.3978264033794403,-0.002094496041536331,0.6356310844421387,0.38362908363342285,0.03747575357556343,0.6063111424446106,0.40647462010383606,-0.0003934092237614095,0.5831899046897888,0.46285557746887207,-0.005803846754133701,0.5781395435333252,0.44962185621261597,-0.01586863026022911,0.5725498795509338,0.46178144216537476,-0.011287706904113293,0.5973609685897827,0.5026856660842896,0.025489991530776024,0.5896342992782593,0.5098026990890503,0.020900510251522064,0.5725600123405457,0.5221632122993469,0.010628457181155682,0.612253725528717,0.490235835313797,0.04991393908858299,0.5843860507011414,0.40011683106422424,-0.003229378955438733,0.575710117816925,0.4184415340423584,-0.017702510580420494,0.5802540183067322,0.5219147205352783,0.02206192910671234,0.6259811520576477,0.4550664722919464,0.04010274261236191,0.5770554542541504,0.4800570607185364,-0.0013307261979207397,0.5780543684959412,0.483045756816864,-0.0017826154362410307,0.578832745552063,0.4867863059043884,-0.002312422962859273,0.5792350172996521,0.49111923575401306,-0.0009854022646322846,0.5786975622177124,0.49602627754211426,0.004212645813822746,0.587391197681427,0.47643885016441345,0.0030360796954482794,0.5886420607566833,0.4754166305065155,0.0029939678497612476,0.5896855592727661,0.47443947196006775,0.0027480097487568855,0.5936964154243469,0.47014325857162476,0.0029876376502215862,0.6163712739944458,0.4566188454627991,0.010780777782201767,0.5762603878974915,0.4098588228225708,-0.0134329404681921,0.5794772505760193,0.3950057029724121,-0.006502507254481316,0.5823896527290344,0.39652925729751587,-0.004374695476144552,0.5860806703567505,0.47745347023010254,0.0037263708654791117,0.6143670678138733,0.47395646572113037,0.022183626890182495,0.5748058557510376,0.3943568468093872,-0.013434680178761482,0.580623209476471,0.5032668709754944,0.007882088422775269,0.5719130039215088,0.4144054651260376,-0.02207513339817524,0.578802764415741,0.4310382902622223,-0.01635752059519291,0.5717291235923767,0.507813572883606,0.005209522321820259,0.5938963294029236,0.48776954412460327,0.012055818922817707,0.5895358324050903,0.45024317502975464,-0.0032400451600551605,0.5875812768936157,0.49643275141716003,0.010462388396263123,0.6043705344200134,0.45011767745018005,-0.001144496025517583,0.5953751802444458,0.4578147530555725,-0.0007796678692102432,0.6083861589431763,0.461838960647583,0.005056029185652733,0.5726412534713745,0.5162351131439209,0.006687397602945566,0.5818313956260681,0.43501192331314087,-0.011804727837443352,0.5972119569778442,0.49439024925231934,0.01797240599989891,0.5894066691398621,0.5027503371238708,0.015462628565728664,0.5996942520141602,0.47838690876960754,0.010796644724905491,0.6203023195266724,0.4650525450706482,0.025853032246232033,0.6061360836029053,0.48113423585891724,0.016168901696801186,0.6212937235832214,0.47042620182037354,0.0401744581758976,0.599852979183197,0.4660927951335907,0.003363764612004161,0.5789748430252075,0.4235515892505646,-0.013107732869684696,0.5772976875305176,0.4478171467781067,-0.022947240620851517,0.5805715322494507,0.44880276918411255,-0.01645212061703205,0.5750635862350464,0.4428044855594635,-0.027146227657794952,0.5848678350448608,0.3864278495311737,-0.009091494604945183,0.5953776836395264,0.3801289200782776,-0.010243572294712067,0.6042229533195496,0.37896427512168884,-0.009611458517611027,0.6111506223678589,0.3808290958404541,-0.006917550228536129,0.6156518459320068,0.385039746761322,-0.0031083491630852222,0.6172329187393188,0.4011489450931549,0.006827783305197954,0.6321860551834106,0.42123374342918396,0.03489340469241142,0.6124172210693359,0.4144207239151001,0.003561098361387849,0.6064426898956299,0.4171140193939209,0.000554174417629838,0.5985128283500671,0.4174991250038147,-0.0016089164419099689,0.5908588171005249,0.4153137803077698,-0.003143025329336524,0.5848988890647888,0.41188451647758484,-0.0033422436099499464,0.5809570550918579,0.40880048274993896,-0.004107211716473103,0.6328175067901611,0.41976258158683777,0.05645684897899628,0.5804352760314941,0.4501027762889862,-0.013407045975327492,0.5751948356628418,0.42611414194107056,-0.02125176601111889,0.5733389854431152,0.4487323462963104,-0.026987722143530846,0.5704585909843445,0.452087938785553,-0.02406594529747963,0.5734022855758667,0.44974425435066223,-0.024152657017111778,0.5791060924530029,0.4518882632255554,-0.011022442020475864,0.5693452954292297,0.4529637098312378,-0.025429051369428635,0.5687307119369507,0.45410770177841187,-0.01847647689282894,0.5805286765098572,0.40280696749687195,-0.0026426080148667097,0.5780670642852783,0.40406087040901184,-0.005555542651563883,0.5765596032142639,0.4054356813430786,-0.008892000652849674,0.6093527674674988,0.3994469940662384,0.00011752154387068003,0.6138355731964111,0.39399453997612,0.00032641805591993034,0.5383694767951965,0.3962494134902954,-0.0008643573964945972,0.5444999933242798,0.39686959981918335,-0.0008643573964945972,0.5389439463615417,0.3884081542491913,-0.0008643573964945972,0.5321287512779236,0.39556512236595154,-0.0008643573964945972,0.5377722978591919,0.404050350189209,-0.0008643573964945972,0.5965133309364319,0.40050920844078064,-0.002420940203592181,0.6025758981704712,0.40079256892204285,-0.002420940203592181,0.5966417193412781,0.3929039239883423,-0.002420940203592181,0.5905283093452454,0.40019670128822327,-0.002420940203592181,0.5964034795761108,0.40806686878204346,-0.002420940203592181
3233.3333333333367,0.5646057724952698,0.47306472063064575,-0.01139349676668644,0.5641454458236694,0.45071566104888916,-0.02954092063009739,0.5641204118728638,0.45652705430984497,-0.013978781178593636,0.5609863996505737,0.4227645993232727,-0.024952663108706474,0.5645031929016113,0.442551851272583,-0.03228941559791565,0.5650922060012817,0.4313356280326843,-0.03118722140789032,0.5666728615760803,0.4036698043346405,-0.01946909725666046,0.5258418917655945,0.3974321782588959,0.0032113913912326097,0.5679689645767212,0.380258172750473,-0.01799940876662731,0.5686085224151611,0.36842072010040283,-0.020739883184432983,0.5709676742553711,0.32655495405197144,-0.021000852808356285,0.5644355416297913,0.47625595331192017,-0.010322339832782745,0.5642143487930298,0.47937852144241333,-0.008304527029395103,0.5640667676925659,0.4813542068004608,-0.005445156712085009,0.5639423727989197,0.4815123677253723,-0.003962250426411629,0.5637868642807007,0.4857772886753082,-0.004261236637830734,0.5635420680046082,0.49068376421928406,-0.0048870607279241085,0.5632576942443848,0.49549129605293274,-0.0033985981717705727,0.5622678399085999,0.5000145435333252,0.002821489470079541,0.5640711784362793,0.45433610677719116,-0.026256883516907692,0.5592297315597534,0.45285937190055847,-0.018374623730778694,0.5063084959983826,0.3584226965904236,0.02620413713157177,0.5424049496650696,0.40774789452552795,-0.002679629949852824,0.5362197756767273,0.40790224075317383,-0.001864455989561975,0.5306137204170227,0.40599507093429565,-1.3203556591179222e-05,0.5237184762954712,0.39861488342285156,0.004812853876501322,0.547726571559906,0.40579754114151,-0.0021733518224209547,0.5346091389656067,0.3772416114807129,-0.006231935229152441,0.5416509509086609,0.37975621223449707,-0.006628394592553377,0.5279969573020935,0.3779680132865906,-0.003737185848876834,0.5237103700637817,0.3814024329185486,-0.0010428440291434526,0.5193116664886475,0.4016529619693756,0.00851573795080185,0.5426210761070251,0.5079881548881531,0.011818106286227703,0.5241709351539612,0.39368095993995667,0.005139864049851894,0.5030642747879028,0.3942364752292633,0.03372066095471382,0.5133534073829651,0.3923993408679962,0.013780920766294003,0.5365184545516968,0.436820924282074,-0.003236728487536311,0.5568910241127014,0.4705674350261688,-0.010606584139168262,0.5570405125617981,0.47819778323173523,-0.0072388113476336,0.5493090152740479,0.4715280532836914,-0.006648178678005934,0.544002890586853,0.47249406576156616,-0.0015482185408473015,0.5509713292121887,0.4770832657814026,-0.004538700450211763,0.5461283922195435,0.4761820137500763,8.370626346732024e-06,0.538027822971344,0.47971946001052856,0.010019602254033089,0.5597245097160339,0.4500388503074646,-0.028991395607590675,0.5594373345375061,0.44202759861946106,-0.031512126326560974,0.5154761672019958,0.3675941824913025,0.00025463776546530426,0.5494318008422852,0.41899338364601135,-0.00663613760843873,0.5480186343193054,0.4441462755203247,-0.015215763822197914,0.5479685068130493,0.43951350450515747,-0.013977732509374619,0.5187177062034607,0.4328966438770294,0.004729994107037783,0.5602083206176758,0.4316543638706207,-0.02929425798356533,0.528489351272583,0.360311359167099,-0.010858912952244282,0.5206460356712341,0.3617951273918152,-0.005653051659464836,0.512253999710083,0.34447234869003296,0.01298447884619236,0.5546324253082275,0.3744058609008789,-0.01625296287238598,0.5474787354469299,0.38534101843833923,-0.005002545192837715,0.5338444709777832,0.47133347392082214,0.010110062547028065,0.5099246501922607,0.4671899378299713,0.059682779014110565,0.5517598390579224,0.44914233684539795,-0.01277528889477253,0.5559294819831848,0.4520115554332733,-0.0126348827034235,0.5367827415466309,0.47389358282089233,0.00963462982326746,0.5382557511329651,0.47452718019485474,0.007994838058948517,0.5175235867500305,0.35434794425964355,-0.0037554858718067408,0.5476559400558472,0.44660869240760803,-0.011662028729915619,0.5394008755683899,0.3638673424720764,-0.014605295844376087,0.5386572480201721,0.35617420077323914,-0.016752488911151886,0.5364762544631958,0.32764947414398193,-0.012219320051372051,0.5159206390380859,0.35347267985343933,0.0031423442997038364,0.5391017198562622,0.3443290591239929,-0.015080437995493412,0.5121938586235046,0.36211705207824707,0.004496471490710974,0.5097988843917847,0.36462005972862244,0.014363998547196388,0.5568133592605591,0.47472885251045227,-0.009484252892434597,0.5501048564910889,0.47443053126335144,-0.005726983305066824,0.5449854731559753,0.4743315279483795,-0.0011573132360354066,0.5528768301010132,0.45037809014320374,-0.011258391663432121,0.5375330448150635,0.4742182195186615,0.008782091550529003,0.5405111312866211,0.47759807109832764,0.005840750876814127,0.5390486717224121,0.4748675227165222,0.007871387526392937,0.5542231798171997,0.4482911229133606,-0.02090209163725376,0.5469958186149597,0.47756266593933105,0.001073933206498623,0.5517761707305908,0.47890856862068176,-0.002049960196018219,0.5574811100959778,0.48026683926582336,-0.004506313242018223,0.5546621084213257,0.4987911283969879,0.0034168327692896128,0.555151641368866,0.4939313530921936,-0.0026901988312602043,0.5556867122650146,0.4890870451927185,-0.003945897798985243,0.5564703345298767,0.48424482345581055,-0.003265939187258482,0.5573225021362305,0.4804229736328125,-0.0029546672012656927,0.5467697978019714,0.4775897264480591,0.0023316298611462116,0.545465886592865,0.4791135787963867,0.0018610755214467645,0.5440053939819336,0.48127979040145874,0.0014327940298244357,0.5428357124328613,0.48374107480049133,0.0028082968201488256,0.5402064919471741,0.46285808086395264,-0.0006079195300117135,0.5035592317581177,0.42787763476371765,0.06242140755057335,0.5640862584114075,0.4555010497570038,-0.018445773050189018,0.5431723594665527,0.4763249158859253,0.005728273652493954,0.5418437719345093,0.47687867283821106,0.005522293038666248,0.5574619770050049,0.4550437033176422,-0.012245609425008297,0.5490869283676147,0.45057523250579834,-0.006882687099277973,0.5567593574523926,0.4535764455795288,-0.012632341124117374,0.5429927110671997,0.4225030839443207,-0.0038648059125989676,0.5328498482704163,0.4261566996574402,-0.0011666578939184546,0.5468565821647644,0.4422079920768738,-0.010332338511943817,0.5217788219451904,0.3338161110877991,-0.0003804150619544089,0.5251827836036682,0.34611889719963074,-0.006542871706187725,0.526463508605957,0.35238656401634216,-0.01103221531957388,0.5420699715614319,0.4870987832546234,0.007626879028975964,0.553260326385498,0.36234408617019653,-0.0197735708206892,0.5534125566482544,0.34565407037734985,-0.01997438073158264,0.552321195602417,0.3256182074546814,-0.019136784598231316,0.5260889530181885,0.40301284193992615,0.002617049962282181,0.5133699178695679,0.4055049419403076,0.012479925528168678,0.5512147545814514,0.4037765860557556,-0.0018232724396511912,0.5183031558990479,0.38320040702819824,0.004395885858684778,0.5536584258079529,0.41453224420547485,-0.00929015502333641,0.5511484742164612,0.442679762840271,-0.021185221150517464,0.5070831775665283,0.4110794961452484,0.019959988072514534,0.5167707204818726,0.41271519660949707,0.007986952550709248,0.5236966609954834,0.4174087643623352,0.0028166796546429396,0.5345709323883057,0.41842877864837646,8.678179256094154e-06,0.5428860783576965,0.4166717231273651,-0.0020097759552299976,0.5492250323295593,0.41388845443725586,-0.00415980676189065,0.5613707304000854,0.4051230251789093,-0.016971686854958534,0.5070944428443909,0.4276413023471832,0.02060648612678051,0.5140844583511353,0.3793322443962097,0.006932062096893787,0.5613943934440613,0.45379650592803955,-0.025866728276014328,0.5497443675994873,0.4270275831222534,-0.008278978057205677,0.5018005967140198,0.3917573094367981,0.05251162871718407,0.5539713501930237,0.41035258769989014,-0.005796185694634914,0.5462424159049988,0.4419492781162262,-0.00467290636152029,0.5215703248977661,0.39233046770095825,0.006505761761218309,0.551329493522644,0.4369843602180481,-0.019647831097245216,0.5058688521385193,0.4472898542881012,0.06257795542478561,0.5515514612197876,0.40073052048683167,-0.001028069294989109,0.5556453466415405,0.43357282876968384,-0.025569811463356018,0.5210630893707275,0.48728927969932556,0.03128165751695633,0.5223079919815063,0.49512553215026855,0.042842455208301544,0.5031008124351501,0.42821386456489563,0.041478466242551804,0.5138839483261108,0.47661271691322327,0.03712957724928856,0.5061330199241638,0.3783377707004547,0.02545912191271782,0.5421425104141235,0.5144141316413879,0.0162575114518404,0.5619972348213196,0.4549943804740906,-0.01803682930767536,0.5442220568656921,0.43163856863975525,-0.005367887206375599,0.508942186832428,0.39238858222961426,0.019658835604786873,0.5310721397399902,0.4027523994445801,-0.0003246598644182086,0.5361906886100769,0.40426576137542725,-0.0018384442664682865,0.5393591523170471,0.4785148501396179,0.00697990832850337,0.5078304409980774,0.4434562623500824,0.024611692875623703,0.5512400269508362,0.5244123935699463,0.01870620809495449,0.537033200263977,0.5130758285522461,0.029270818457007408,0.5305619239807129,0.5057153701782227,0.03523880988359451,0.5697526335716248,0.3475150167942047,-0.02171161398291588,0.5612438917160034,0.5265717506408691,0.016882983967661858,0.5415093302726746,0.4039545953273773,-0.002301199594512582,0.5466069579124451,0.402574747800827,-0.0017640868900343776,0.549919605255127,0.40162813663482666,-0.0008675731951370835,0.510333776473999,0.3758309781551361,0.012449011206626892,0.546158492565155,0.392941951751709,-0.003589691361412406,0.5408406257629395,0.389337956905365,-0.004432198591530323,0.535605788230896,0.38820138573646545,-0.003969317767769098,0.530536949634552,0.3889409601688385,-0.0021202811039984226,0.5273504853248596,0.3907046914100647,6.397943252522964e-06,0.5030419230461121,0.3733452558517456,0.04042903706431389,0.5278221964836121,0.40018370747566223,0.0016313500236719847,0.563995897769928,0.4618074595928192,-0.011705277487635612,0.5462172627449036,0.46060463786125183,-0.004832430277019739,0.551773190498352,0.44838976860046387,-0.015169039368629456,0.5564900040626526,0.4610280394554138,-0.010800512507557869,0.5673375129699707,0.391842782497406,-0.016808195039629936,0.5288071632385254,0.4977152645587921,0.027127625420689583,0.5355055332183838,0.5059428215026855,0.022174056619405746,0.5506829023361206,0.5206910967826843,0.011071182787418365,0.5156858563423157,0.4831942915916443,0.05211371183395386,0.549928605556488,0.3976929187774658,-0.0020887693390250206,0.5571692585945129,0.41790708899497986,-0.01708519086241722,0.5612258315086365,0.5227163434028625,0.009546961635351181,0.5435710549354553,0.5196581482887268,0.02293609268963337,0.5050293803215027,0.4457452595233917,0.0429590567946434,0.5515795946121216,0.4790305197238922,-0.0005814852775074542,0.550279438495636,0.48183131217956543,-0.0010238440008834004,0.5491284132003784,0.4854477643966675,-0.0015247962437570095,0.5482771396636963,0.48970913887023926,-0.00020864374528173357,0.5474498271942139,0.4937985837459564,0.005022840574383736,0.5420688986778259,0.4752877652645111,0.004313701298087835,0.5408744812011719,0.4742136299610138,0.004357629921287298,0.5399366617202759,0.4731721878051758,0.004157179035246372,0.5356471538543701,0.46623295545578003,0.004558643791824579,0.5140209794044495,0.44886648654937744,0.013232477940618992,0.5576386451721191,0.40930646657943726,-0.012781308963894844,0.5552777647972107,0.39275434613227844,-0.005773965734988451,0.5521983504295349,0.3942396938800812,-0.003412647871300578,0.54330974817276,0.47635436058044434,0.004889173433184624,0.5146526098251343,0.4665362238883972,0.024540042504668236,0.5601862072944641,0.3923623263835907,-0.012988878414034843,0.5447719693183899,0.5007246136665344,0.008705266751348972,0.5656172633171082,0.422079473733902,-0.027088934555649757,0.5611131191253662,0.41452905535697937,-0.021646112203598022,0.566113293170929,0.4134124517440796,-0.023214183747768402,0.5529630780220032,0.429856538772583,-0.015596199780702591,0.5614641308784485,0.5165205001831055,0.00551275908946991,0.5618535280227661,0.5079275369644165,0.0041905418038368225,0.5528503656387329,0.5064636468887329,0.005544156301766634,0.5337424874305725,0.4835256338119507,0.013607832603156567,0.5410072207450867,0.44713300466537476,-0.002039488637819886,0.5389139652252197,0.49301019310951233,0.011650484055280685,0.5263619422912598,0.44442319869995117,0.0006648451089859009,0.5347186326980591,0.45359310507774353,0.0007040375494398177,0.5214750170707703,0.45538854598999023,0.007101660594344139,0.5511292219161987,0.5146999955177307,0.007149017881602049,0.5497794151306152,0.43335625529289246,-0.010918470099568367,0.5297788381576538,0.4895419776439667,0.019633276388049126,0.536422073841095,0.49898892641067505,0.016685426235198975,0.5289377570152283,0.4733788073062897,0.012678151950240135,0.5096728205680847,0.4566612243652344,0.02843335270881653,0.5221401453018188,0.4750126004219055,0.018211178481578827,0.508255660533905,0.46186891198158264,0.042900413274765015,0.5298190712928772,0.4610882103443146,0.005181434564292431,0.5536150336265564,0.42241016030311584,-0.012339133769273758,0.5525974631309509,0.4467620551586151,-0.02219369076192379,0.5494959950447083,0.4472089111804962,-0.015619078651070595,0.5550388097763062,0.442166805267334,-0.02640685811638832,0.5505451560020447,0.3822982609272003,-0.008115685544908047,0.54076087474823,0.37383222579956055,-0.008879415690898895,0.5320766568183899,0.37121835350990295,-0.00786902941763401,0.5250481963157654,0.3723078668117523,-0.004818911664187908,0.5203107595443726,0.3760388195514679,-0.0008014723425731063,0.5180033445358276,0.3923349678516388,0.009237519465386868,0.5023043751716614,0.41114920377731323,0.03799007460474968,0.522151529788971,0.4064497649669647,0.005791056901216507,0.5277940630912781,0.41043782234191895,0.0025248201563954353,0.5353642106056213,0.41234588623046875,3.026435115316417e-05,0.5428731441497803,0.4116828441619873,-0.0018446798203513026,0.5488297343254089,0.4094867408275604,-0.00235155550763011,0.552841305732727,0.40716689825057983,-0.0032987818121910095,0.5024181604385376,0.4095550775527954,0.05931994318962097,0.5495532155036926,0.44853702187538147,-0.01260142121464014,0.5567284822463989,0.425594300031662,-0.020583946257829666,0.5561710596084595,0.4482683837413788,-0.026433201506733894,0.5588428974151611,0.4519588053226471,-0.02369752526283264,0.5561773777008057,0.4492221474647522,-0.02359926886856556,0.5507600903511047,0.4504830241203308,-0.01033847127109766,0.5597664713859558,0.4530125856399536,-0.025094889104366302,0.5603816509246826,0.45422977209091187,-0.018181495368480682,0.5534773468971252,0.4010178744792938,-0.001818850520066917,0.5559805035591125,0.40271440148353577,-0.0049095735885202885,0.5575827956199646,0.4042326807975769,-0.008294646628201008,0.5255663394927979,0.39221060276031494,0.0022905301302671432,0.5213005542755127,0.3856850266456604,0.002638931619003415,0.5702167749404907,0.42346328496932983,-0.025251315906643867,0.6078699827194214,0.4045442044734955,0.001009770086966455,0.5693100094795227,0.4535695016384125,-0.018598929047584534,0.6333253979682922,0.36870989203453064,0.022970616817474365,0.5906290411949158,0.41200101375579834,-0.004102673847228289,0.5968899726867676,0.4132271707057953,-0.0035438600461930037,0.6027833223342896,0.41231268644332886,-0.0019867552910000086,0.6101973056793213,0.4063006639480591,0.002458982402458787,0.5852801203727722,0.4089646339416504,-0.003287845989689231,0.6007188558578491,0.38461410999298096,-0.00809318944811821,0.5936803221702576,0.38559627532958984,-0.00810602493584156,0.6070089936256409,0.3863024115562439,-0.005859082099050283,0.6108694672584534,0.3899850845336914,-0.0033379513770341873,0.6151114702224731,0.4104716181755066,0.00606707064434886,0.5813304781913757,0.510959267616272,0.010736284777522087,0.6098830103874207,0.40122243762016296,0.0028327449690550566,0.6327754855155945,0.4047330319881439,0.030410312116146088,0.6218493580818176,0.40272119641304016,0.01103873923420906,0.594171404838562,0.4413486421108246,-0.004702191334217787,0.5724406242370605,0.4715151786804199,-0.011059186421334743,0.5714162588119507,0.47903919219970703,-0.00768611254170537,0.5798364281654358,0.47322583198547363,-0.007556152995675802,0.5848393440246582,0.4745789170265198,-0.0027701116632670164,0.577531635761261,0.47855865955352783,-0.005406537093222141,0.5823767185211182,0.4780327081680298,-0.0010695921955630183,0.5895043611526489,0.4834897518157959,0.00845312513411045,0.5686630606651306,0.4506879150867462,-0.029172664508223534,0.5696215033531189,0.44274604320526123,-0.031741779297590256,0.6205514669418335,0.3781401813030243,-0.002441225340589881,0.582909345626831,0.42157894372940063,-0.007584179751574993,0.5815700888633728,0.4465649724006653,-0.016083596274256706,0.5821104645729065,0.44197413325309753,-0.0148942144587636,0.612431526184082,0.4404175281524658,0.0023622422013431787,0.5699616074562073,0.4323279857635498,-0.029595419764518738,0.6074824333190918,0.3700869679450989,-0.012683426961302757,0.6154196262359619,0.37206530570983887,-0.00800387654453516,0.6287158131599426,0.35389113426208496,0.01003951020538807,0.580344557762146,0.38083934783935547,-0.016828155145049095,0.5873229503631592,0.38959890604019165,-0.006200915202498436,0.5946058630943298,0.47576504945755005,0.008310605771839619,0.6191410422325134,0.475715696811676,0.056826647371053696,0.5773590207099915,0.4509786069393158,-0.013485917821526527,0.572930097579956,0.4532003402709961,-0.012985854409635067,0.5917770266532898,0.4762793779373169,0.008034229278564453,0.5902379155158997,0.4767831861972809,0.006571637000888586,0.6189714670181274,0.364912211894989,-0.006277337670326233,0.5817955732345581,0.4490581452846527,-0.012513503432273865,0.596177875995636,0.37267935276031494,-0.015890708193182945,0.5973540544509888,0.3649637997150421,-0.018061615526676178,0.6056914925575256,0.3331916332244873,-0.01393322553485632,0.623920738697052,0.36223453283309937,0.0004248260229360312,0.6010134220123291,0.34931695461273193,-0.016543742269277573,0.6242321729660034,0.3730636239051819,0.0016262308927252889,0.629033625125885,0.37436050176620483,0.011292790994048119,0.57208651304245,0.4756559133529663,-0.009959203191101551,0.5787334442138672,0.476044625043869,-0.006629792042076588,0.5837059617042542,0.4762815833091736,-0.002330213552340865,0.5761212110519409,0.4520249366760254,-0.011772175319492817,0.5909916162490845,0.47653883695602417,0.007288713939487934,0.5876045823097229,0.4797723889350891,0.004548775032162666,0.5894115567207336,0.4770600199699402,0.006492707412689924,0.5747347474098206,0.4497791528701782,-0.02148926816880703,0.5813442468643188,0.4792907238006592,5.2641553338617086e-05,0.5764771103858948,0.48026129603385925,-0.002835510764271021,0.5707418322563171,0.4810520112514496,-0.004961374215781689,0.5700929760932922,0.5000429749488831,0.0029767202213406563,0.5713954567909241,0.4948663115501404,-0.0031800856813788414,0.5713798403739929,0.48998960852622986,-0.00447537936270237,0.5711141228675842,0.48510515689849854,-0.0037799300625920296,0.570637583732605,0.48119285702705383,-0.003440604778006673,0.5813314914703369,0.47933635115623474,0.0012992859119549394,0.5824849009513855,0.48098868131637573,0.0008360499050468206,0.5836755633354187,0.4832840859889984,0.00039899913826957345,0.5845305323600769,0.48585548996925354,0.0017431576270610094,0.5884410738945007,0.46646997332572937,-0.0019285132875666022,0.6293267011642456,0.4380936026573181,0.05924602970480919,0.5850934386253357,0.47829943895339966,0.004485148936510086,0.5863595008850098,0.4789589047431946,0.004263211973011494,0.5711382627487183,0.45605531334877014,-0.0125765735283494,0.5801348090171814,0.45280176401138306,-0.007560316473245621,0.5719661712646484,0.45469391345977783,-0.012968936003744602,0.5890424847602844,0.4261278510093689,-0.005116144195199013,0.5988863110542297,0.4314519166946411,-0.0028932588174939156,0.5830905437469482,0.444854736328125,-0.011262363754212856,0.6200785636901855,0.34173914790153503,-0.002803163370117545,0.6151514053344727,0.3534207344055176,-0.008721213787794113,0.6099069714546204,0.3620791435241699,-0.01300326082855463,0.5843623280525208,0.4902772605419159,0.006370068062096834,0.5825552940368652,0.3692884147167206,-0.0203995518386364,0.5863586068153381,0.3483104407787323,-0.020702239125967026,0.5898514986038208,0.32860085368156433,-0.019993985071778297,0.6074967384338379,0.4102948307991028,0.0003877856070175767,0.6211763024330139,0.4156709313392639,0.009758228436112404,0.581869900226593,0.40640974044799805,-0.002820368390530348,0.6165629029273987,0.39249083399772644,0.0018348239827901125,0.5790638327598572,0.416476309299469,-0.010048856027424335,0.5783371329307556,0.44465354084968567,-0.021886562928557396,0.626582682132721,0.42077451944351196,0.016912808641791344,0.6172217130661011,0.42221295833587646,0.005449673626571894,0.6098611354827881,0.42559614777565,0.0006042590830475092,0.5986018180847168,0.4245412349700928,-0.0016915240557864308,0.5901272892951965,0.4210616946220398,-0.003308219136670232,0.5838294625282288,0.4170311987400055,-0.00513663562014699,0.5719144344329834,0.4059160649776459,-0.01729256473481655,0.6248130798339844,0.43716639280319214,0.017546750605106354,0.6214253902435303,0.3897659182548523,0.004127155989408493,0.5667985081672668,0.45417216420173645,-0.026017064228653908,0.5817241072654724,0.4294472932815552,-0.009170597419142723,0.6347181797027588,0.4024510979652405,0.04923463612794876,0.5791928768157959,0.4127045273780823,-0.006548613775521517,0.5838549733161926,0.4447173476219177,-0.005564730614423752,0.6126163005828857,0.40053707361221313,0.004105814266949892,0.578794538974762,0.4389696419239044,-0.020356420427560806,0.6251678466796875,0.456885427236557,0.05954490602016449,0.5816830992698669,0.4034906327724457,-0.0020355749875307083,0.5745209455490112,0.434920996427536,-0.026105353608727455,0.6054901480674744,0.4937095642089844,0.028924088925123215,0.6037585735321045,0.5010614395141602,0.0406305193901062,0.6290813684463501,0.43837085366249084,0.03810836374759674,0.6136624813079834,0.4842703938484192,0.0343637652695179,0.6312437057495117,0.388508141040802,0.022220727056264877,0.5811963677406311,0.5173669457435608,0.015101437456905842,0.5662350654602051,0.4552869498729706,-0.018135059624910355,0.5868914723396301,0.434911847114563,-0.006497131194919348,0.6267811059951782,0.4036172032356262,0.01662996970117092,0.602170467376709,0.40885013341903687,-0.0022245373111218214,0.596906304359436,0.4095703959465027,-0.003542299149557948,0.5886745452880859,0.48079612851142883,0.005586844403296709,0.6225947141647339,0.4526974856853485,0.02160782739520073,0.5713675618171692,0.5257652401924133,0.018105190247297287,0.5870198011398315,0.5164911150932312,0.027713865041732788,0.594443678855896,0.5102262496948242,0.03337506577372551,0.5915660858154297,0.4082784056663513,-0.003759640734642744,0.5864292979240417,0.40591639280319214,-0.00299789453856647,0.5831874012947083,0.4045267105102539,-0.0019691947381943464,0.6256449818611145,0.3867206871509552,0.009462402202188969,0.5879899859428406,0.3969636857509613,-0.004931848030537367,0.5936452746391296,0.3947114646434784,-0.005980782210826874,0.5990272164344788,0.39471256732940674,-0.005766674410551786,0.6039764285087585,0.3962344825267792,-0.004167511127889156,0.6069343090057373,0.39828628301620483,-0.002142526675015688,0.6351373195648193,0.3839934766292572,0.037142135202884674,0.6056005954742432,0.40688735246658325,-0.0004607778391800821,0.5824503302574158,0.4632491171360016,-0.00579161336645484,0.5773435831069946,0.4502468705177307,-0.01577245071530342,0.5718059539794922,0.46221086382865906,-0.011219827458262444,0.5966960191726685,0.5028948783874512,0.02517692744731903,0.5889491438865662,0.5099952816963196,0.020612496882677078,0.5719001889228821,0.5223015546798706,0.010408489964902401,0.6116938591003418,0.4904104471206665,0.049479227513074875,0.5836811065673828,0.4007960557937622,-0.003241925733163953,0.5748574733734131,0.41924169659614563,-0.017596617341041565,0.5795687437057495,0.5220537185668945,0.02178066410124302,0.625423789024353,0.4553734362125397,0.03975110501050949,0.5764148235321045,0.4803752899169922,-0.0013883901992812753,0.5774263143539429,0.4833010733127594,-0.0018378319218754768,0.578210175037384,0.4870048463344574,-0.0023757964372634888,0.5786201357841492,0.49132871627807617,-0.001065920921973884,0.5779920220375061,0.49610915780067444,0.004082375671714544,0.586482584476471,0.47732943296432495,0.0029674419201910496,0.587739884853363,0.4763597249984741,0.00291994190774858,0.5887793898582458,0.47542259097099304,0.0026704531628638506,0.5929791331291199,0.47047969698905945,0.0028987815603613853,0.6157018542289734,0.4569861888885498,0.01059722900390625,0.5754106044769287,0.4106755554676056,-0.013355500996112823,0.5787418484687805,0.3957940340042114,-0.006479013245552778,0.5816771388053894,0.397270143032074,-0.004368871450424194,0.5851461291313171,0.47829151153564453,0.0036565500777214766,0.6137414574623108,0.47424036264419556,0.021914804354310036,0.5740209817886353,0.3952144980430603,-0.013363360427320004,0.5799095034599304,0.5033794641494751,0.0076989708468317986,0.5710570216178894,0.415263295173645,-0.021930288523435593,0.5779660940170288,0.4317501485347748,-0.016263915225863457,0.5710459351539612,0.5078667402267456,0.005039185751229525,0.5931722521781921,0.4880029857158661,0.011868979781866074,0.5887622237205505,0.4507095515727997,-0.0032584229484200478,0.5868545770645142,0.49660539627075195,0.01027395948767662,0.6036344766616821,0.45057108998298645,-0.001232912065461278,0.5946313142776489,0.45824193954467773,-0.0008424078696407378,0.6077063083648682,0.4622252285480499,0.004910597577691078,0.5719617009162903,0.5163363814353943,0.006491918116807938,0.5810038447380066,0.43564677238464355,-0.011746956966817379,0.5965162515640259,0.49461880326271057,0.017721423879265785,0.588692307472229,0.5029381513595581,0.015219099819660187,0.5989857316017151,0.4786835312843323,0.010620547458529472,0.619678258895874,0.46535593271255493,0.02557194232940674,0.6054778099060059,0.48141470551490784,0.015939630568027496,0.6207152605056763,0.47068044543266296,0.03981364145874977,0.5991441607475281,0.4664585590362549,0.0032588953617960215,0.5781354308128357,0.4242783486843109,-0.01303941197693348,0.5764787793159485,0.4485091269016266,-0.02281242609024048,0.5797674655914307,0.44940659403800964,-0.01635827124118805,0.5742275714874268,0.44355130195617676,-0.02697921171784401,0.5840803384780884,0.3872430920600891,-0.009069855324923992,0.5945296287536621,0.3808591961860657,-0.010238450020551682,0.6033389568328857,0.37955453991889954,-0.009625808335840702,0.6102835536003113,0.3812921941280365,-0.006957372184842825,0.6148397326469421,0.38536179065704346,-0.003184001427143812,0.616621732711792,0.40141385793685913,0.006699744146317244,0.6316456198692322,0.4216374158859253,0.034579671919345856,0.6118295788764954,0.41479599475860596,0.0034565050154924393,0.6058351397514343,0.41758406162261963,0.0004784920020028949,0.59788578748703,0.41801145672798157,-0.0016546748811379075,0.590220034122467,0.41587260365486145,-0.0031736264936625957,0.584241509437561,0.41251441836357117,-0.0033473162911832333,0.5802813768386841,0.4094923138618469,-0.004102090373635292,0.6323758363723755,0.42006716132164,0.056009870022535324,0.5796405673027039,0.4506615996360779,-0.013330928049981594,0.5743469595909119,0.4269023537635803,-0.02112068422138691,0.5725249648094177,0.44945406913757324,-0.02682093344628811,0.5696826577186584,0.4527679681777954,-0.02390950173139572,0.5726025700569153,0.45044833421707153,-0.02400331012904644,0.5783303380012512,0.4524085819721222,-0.010957520455121994,0.5685630440711975,0.4536445736885071,-0.025264186784625053,0.5679638981819153,0.4547419846057892,-0.018350224941968918,0.5798451900482178,0.40350690484046936,-0.002645155880600214,0.5773646831512451,0.4048091471195221,-0.005533785093575716,0.5758295059204102,0.4062391221523285,-0.008844412863254547,0.6085993051528931,0.39983946084976196,5.042229167884216e-05,0.6130902171134949,0.3943060338497162,0.00024426798336207867,0.5374940633773804,0.39690783619880676,-0.0007527973502874374,0.5434252619743347,0.3975166082382202,-0.0007527973502874374,0.5380282402038574,0.3894842267036438,-0.0007527973502874374,0.5314533114433289,0.3962419629096985,-0.0007527973502874374,0.5369332432746887,0.4042769968509674,-0.0007527973502874374,0.5955673456192017,0.4008401930332184,-0.002458015689626336,0.6016085743904114,0.401117742061615,-0.002458015689626336,0.5956935286521912,0.393341988325119,-0.002458015689626336,0.5896009206771851,0.4005328416824341,-0.002458015689626336,0.5954538583755493,0.4083099961280823,-0.002458015689626336
3266.66666666667,0.5633038878440857,0.47404688596725464,-0.011354206129908562,0.5634710788726807,0.4523651599884033,-0.02940935268998146,0.5634939670562744,0.4581252336502075,-0.01386113278567791,0.5599820613861084,0.4243869483470917,-0.024855827912688255,0.5637346506118774,0.4442022144794464,-0.03216269239783287,0.5641939043998718,0.4329359829425812,-0.031063534319400787,0.5654557943344116,0.40507304668426514,-0.019348913803696632,0.5245065093040466,0.39956143498420715,0.0031536747701466084,0.566521942615509,0.38126951456069946,-0.017864499241113663,0.5670469999313354,0.3693363070487976,-0.020603526383638382,0.5689310431480408,0.3274920880794525,-0.020869320258498192,0.5631712079048157,0.47726842761039734,-0.010279613547027111,0.5630344748497009,0.4803888499736786,-0.00824358407407999,0.5629775524139404,0.48234879970550537,-0.005354500375688076,0.5628966093063354,0.48256924748420715,-0.004098216537386179,0.5627921223640442,0.4867567718029022,-0.0043701534159481525,0.5626314282417297,0.4915910065174103,-0.004993894603103399,0.562459409236908,0.49639391899108887,-0.0035194610245525837,0.5621582865715027,0.5008174180984497,0.002712902845814824,0.5634379982948303,0.4559595584869385,-0.026124674826860428,0.5586108565330505,0.4545809030532837,-0.018260227516293526,0.5044173002243042,0.3604735732078552,0.026088770478963852,0.5410854816436768,0.4095199704170227,-0.0027235005982220173,0.5348950028419495,0.40991100668907166,-0.0019071123097091913,0.5292968153953552,0.40811339020729065,-5.797899575554766e-05,0.522376298904419,0.40070104598999023,0.004752070643007755,0.5464277267456055,0.40728506445884705,-0.0021778440568596125,0.5331019759178162,0.37899231910705566,-0.00627483706921339,0.5401178598403931,0.38128647208213806,-0.00665630865842104,0.5265427827835083,0.3798929750919342,-0.0037877275608479977,0.5222946405410767,0.3834235668182373,-0.0011041129473596811,0.517928421497345,0.40383392572402954,0.008448868058621883,0.5426759123802185,0.509128212928772,0.011636978946626186,0.5228168964385986,0.39573055505752563,0.005080138798803091,0.5016415119171143,0.3963468372821808,0.033618103712797165,0.5118637084960938,0.3945082128047943,0.01370791345834732,0.5357412099838257,0.4388195276260376,-0.003261650912463665,0.5556591749191284,0.47161927819252014,-0.010583304800093174,0.5559568405151367,0.4793243408203125,-0.007213958539068699,0.5482258796691895,0.47272083163261414,-0.006682412698864937,0.5430410504341125,0.47385165095329285,-0.001705060712993145,0.5499646663665771,0.478322833776474,-0.00458828778937459,0.5451833009719849,0.47754085063934326,-0.00014779741468373686,0.537895143032074,0.48165246844291687,0.009685980156064034,0.5590511560440063,0.4517780542373657,-0.02886842004954815,0.5586614608764648,0.4437699317932129,-0.031394559890031815,0.5139498710632324,0.36965978145599365,0.00024302443489432335,0.5483981370925903,0.42072030901908875,-0.006630759220570326,0.5473685264587402,0.4461178183555603,-0.015136337839066982,0.5472590923309326,0.4414696991443634,-0.013914189301431179,0.5178931951522827,0.43516066670417786,0.004660427570343018,0.5593096613883972,0.43334484100341797,-0.029182514175772667,0.5269407033920288,0.36200281977653503,-0.010798636823892593,0.5191270112991333,0.36371663212776184,-0.005609538871794939,0.5101922154426575,0.34644368290901184,0.012898936867713928,0.5531930923461914,0.3754633069038391,-0.016135182231664658,0.5459891557693481,0.3867015838623047,-0.005022896453738213,0.5336213707923889,0.4735476076602936,0.0098160021007061,0.5093809366226196,0.4690662622451782,0.05952432379126549,0.551173985004425,0.4510505199432373,-0.01270416472107172,0.5553524494171143,0.45380449295043945,-0.012524562887847424,0.5359044671058655,0.4754767417907715,0.009297567419707775,0.5373712778091431,0.4760662913322449,0.007646304089576006,0.5159406661987305,0.35626929998397827,-0.0037261175457388163,0.5470567345619202,0.4485929608345032,-0.01158464327454567,0.5378663539886475,0.36525529623031616,-0.014522207900881767,0.5370898842811584,0.357562780380249,-0.016661671921610832,0.5343162417411804,0.32918092608451843,-0.012209580279886723,0.5140313506126404,0.3554452061653137,0.0031193713657557964,0.5371654033660889,0.34586119651794434,-0.015030290931463242,0.5105990171432495,0.364147812128067,0.004474433604627848,0.5080490112304688,0.3666784167289734,0.014304975979030132,0.5556385517120361,0.47583726048469543,-0.009468200616538525,0.5490501523017883,0.47565919160842896,-0.005780565086752176,0.5440263152122498,0.47569477558135986,-0.0013172720791772008,0.5523102283477783,0.452251672744751,-0.011162014678120613,0.5366435050964355,0.4757758378982544,0.008441071026027203,0.5397154092788696,0.4790975749492645,0.005474819336086512,0.5381673574447632,0.47639039158821106,0.007526432629674673,0.5535738468170166,0.45014896988868713,-0.020803559571504593,0.5461005568504333,0.4789111018180847,0.0009374635410495102,0.5508353114128113,0.48014554381370544,-0.002079880563542247,0.5564902424812317,0.48139768838882446,-0.004458328243345022,0.554649829864502,0.49979203939437866,0.0032675296533852816,0.554583728313446,0.49500852823257446,-0.0028566818218678236,0.5549758672714233,0.49015742540359497,-0.00410775002092123,0.5556303262710571,0.48538678884506226,-0.003427952527999878,0.5563899278640747,0.4816223084926605,-0.003137072315439582,0.5459259152412415,0.478972852230072,0.002029343508183956,0.5446954369544983,0.4804960787296295,0.0015644304221495986,0.543321430683136,0.4826843738555908,0.0011166506446897984,0.5422638058662415,0.4851904511451721,0.0024763394612818956,0.5398368239402771,0.46493464708328247,-0.000746700563468039,0.5026008486747742,0.42985454201698303,0.0622587613761425,0.5634626150131226,0.4570988118648529,-0.018317274749279022,0.5423404574394226,0.4777671694755554,0.005377134308218956,0.5410196185112,0.4783422648906708,0.005166132468730211,0.5568985342979431,0.456801176071167,-0.012144056148827076,0.5485346913337708,0.45252296328544617,-0.006814365740865469,0.5561906099319458,0.4553517997264862,-0.012519900687038898,0.5420102477073669,0.4243539273738861,-0.0038755794521421194,0.5319165587425232,0.4281892478466034,-0.0011798340128734708,0.5461956858634949,0.44417843222618103,-0.010275226086378098,0.5196259617805481,0.33561375737190247,-0.00042996127740480006,0.5232217311859131,0.34792405366897583,-0.006529319565743208,0.5248681902885437,0.35407555103302,-0.010986252687871456,0.5420089960098267,0.4886874258518219,0.007310257293283939,0.5517840385437012,0.36339709162712097,-0.019658055156469345,0.5515413880348206,0.3469580411911011,-0.019895881414413452,0.5502099394798279,0.3268769681453705,-0.019068202003836632,0.5247617363929749,0.4051517844200134,0.002566331997513771,0.5119390487670898,0.4078604280948639,0.012391841970384121,0.5499185919761658,0.4051041901111603,-0.0018128505907952785,0.5168840289115906,0.3852664828300476,0.004332363605499268,0.5525627732276917,0.41616734862327576,-0.009262208826839924,0.5504316687583923,0.44458988308906555,-0.02109408564865589,0.5059058666229248,0.41331303119659424,0.019855478778481483,0.5154362916946411,0.4151027202606201,0.007898246869444847,0.5224496126174927,0.4197255074977875,0.0027317351195961237,0.5333439111709595,0.42047977447509766,-3.230695801903494e-05,0.5416357517242432,0.41844433546066284,-0.002036023186519742,0.5479461550712585,0.4154611825942993,-0.004159160889685154,0.5601662397384644,0.40660831332206726,-0.01687440276145935,0.5061793327331543,0.4299517571926117,0.020496170967817307,0.5125812888145447,0.3813835084438324,0.006864782422780991,0.5607631206512451,0.4554741084575653,-0.025741197168827057,0.5488436818122864,0.4288242757320404,-0.00826684944331646,0.5003417730331421,0.3937952518463135,0.05236513540148735,0.5526891946792603,0.41180893778800964,-0.00576981483027339,0.5455802083015442,0.44391319155693054,-0.004649048671126366,0.5201804637908936,0.39436960220336914,0.006442574318498373,0.5505418181419373,0.43886667490005493,-0.01956765353679657,0.5051450133323669,0.4492328464984894,0.06241323798894882,0.5502350926399231,0.4020337760448456,-0.0010266699828207493,0.5547798871994019,0.4353466033935547,-0.025474432855844498,0.5207474827766418,0.48909318447113037,0.03107122890651226,0.5220628976821899,0.4967079162597656,0.04267217963933945,0.5021795034408569,0.4303581714630127,0.04137285053730011,0.5134286880493164,0.47857797145843506,0.036967683583498,0.5045266151428223,0.380417138338089,0.02537151612341404,0.5422611832618713,0.5153990387916565,0.0161155853420496,0.5613776445388794,0.45664069056510925,-0.017912505194544792,0.5433872938156128,0.433533638715744,-0.005369751714169979,0.5073962807655334,0.39456596970558167,0.01956932246685028,0.5297557711601257,0.40494486689567566,-0.00037261683610267937,0.5348703861236572,0.40634772181510925,-0.0018797700759023428,0.5386193990707397,0.48006826639175415,0.006612991914153099,0.5071327090263367,0.44573095440864563,0.02449065074324608,0.5514875054359436,0.5249826312065125,0.01863599568605423,0.5371252298355103,0.5140858888626099,0.029118889942765236,0.5305057764053345,0.5069880485534668,0.03505999967455864,0.5679466128349304,0.34855538606643677,-0.021596580743789673,0.5614779591560364,0.5269465446472168,0.016843771561980247,0.5401924252510071,0.4057888686656952,-0.002326033543795347,0.5452959537506104,0.4041086435317993,-0.0017739025643095374,0.5486109852790833,0.402984619140625,-0.0008657517610117793,0.5087550282478333,0.37785378098487854,0.012378026731312275,0.5447266101837158,0.39447033405303955,-0.0036250341217964888,0.539326548576355,0.3911251425743103,-0.004463326185941696,0.5340917110443115,0.39021414518356323,-0.004010745789855719,0.529094398021698,0.3910765051841736,-0.0021730060689151287,0.5259630680084229,0.39284011721611023,-5.7475710491416976e-05,0.5013445019721985,0.37541139125823975,0.040294211357831955,0.5265034437179565,0.40236830711364746,0.0015795473009347916,0.5634113550186157,0.4633706510066986,-0.011616166681051254,0.5457882881164551,0.46257483959198,-0.004859675653278828,0.5511698722839355,0.4503002166748047,-0.015081310644745827,0.5559757351875305,0.4627705216407776,-0.010740832425653934,0.5660000443458557,0.3930533528327942,-0.016684092581272125,0.5286547541618347,0.499247282743454,0.02690449357032776,0.5354837775230408,0.5071970224380493,0.02198961190879345,0.5508621335029602,0.5214641690254211,0.010966218076646328,0.515282154083252,0.48496371507644653,0.05196613445878029,0.5485749840736389,0.3990662693977356,-0.0020998052787035704,0.5561140179634094,0.4195399284362793,-0.017026081681251526,0.5614036917686462,0.5232579708099365,0.009460726752877235,0.5437756776809692,0.5204327702522278,0.022821329534053802,0.5043057799339294,0.4478554129600525,0.04284922778606415,0.5507099032402039,0.48033416271209717,-0.0008208255167119205,0.5495113134384155,0.4831103980541229,-0.0012564731296151876,0.5484840273857117,0.4867035150527954,-0.0017809291603043675,0.5477674007415771,0.490981787443161,-0.00048176286509260535,0.5474526882171631,0.4950791597366333,0.004764677491039038,0.5411408543586731,0.4767443537712097,0.004054500255733728,0.5399425029754639,0.47569403052330017,0.00408441387116909,0.5390135049819946,0.4746636152267456,0.0038884051609784365,0.5353526473045349,0.46841713786125183,0.004316342528909445,0.5134159922599792,0.45112359523773193,0.013119705952703953,0.5564786791801453,0.4108617901802063,-0.01271945983171463,0.5539155602455139,0.39395344257354736,-0.005746818147599697,0.550822377204895,0.3955039381980896,-0.003402837784960866,0.542433500289917,0.4777848720550537,0.004640876315534115,0.5141931772232056,0.4686582684516907,0.02437109872698784,0.5588542819023132,0.39351916313171387,-0.012908478267490864,0.5447788834571838,0.5019736289978027,0.008490558713674545,0.5646073818206787,0.42362016439437866,-0.026975924149155617,0.5600107908248901,0.41609814763069153,-0.021555999293923378,0.5650044679641724,0.41489407420158386,-0.02310897782444954,0.5520761013031006,0.4316366910934448,-0.015544019639492035,0.5615622997283936,0.5171812176704407,0.005411038640886545,0.5618462562561035,0.5086827278137207,0.004097253084182739,0.5528892874717712,0.5074387788772583,0.005411112681031227,0.5335404872894287,0.48539265990257263,0.013307291083037853,0.5403856635093689,0.4491417706012726,-0.002059146761894226,0.5388259291648865,0.4945656955242157,0.011370893567800522,0.5257014632225037,0.4465670585632324,0.0005943322321400046,0.5341720581054688,0.45566195249557495,0.0005984546733088791,0.5209589600563049,0.4575701355934143,0.006951394025236368,0.551244854927063,0.5156005024909973,0.0070196655578911304,0.5489721894264221,0.43521934747695923,-0.010880311951041222,0.5295822620391846,0.49126845598220825,0.019370773807168007,0.5363430380821228,0.5004072785377502,0.016457270830869675,0.5286282300949097,0.4755004644393921,0.012412453070282936,0.5090950727462769,0.45885396003723145,0.02829362452030182,0.5217970013618469,0.47704941034317017,0.017970392480492592,0.5076554417610168,0.463920533657074,0.042775943875312805,0.5293929576873779,0.46326327323913574,0.005002185702323914,0.5526315569877625,0.4241158962249756,-0.012307454831898212,0.5519314408302307,0.4486587643623352,-0.022093888372182846,0.548882246017456,0.44915956258773804,-0.015529187396168709,0.5542823076248169,0.44400206208229065,-0.026293497532606125,0.5490875840187073,0.3835430443286896,-0.00810704380273819,0.5392600297927856,0.3753230571746826,-0.008869816549122334,0.530593991279602,0.37295001745224,-0.007866684347391129,0.5236040353775024,0.3742344379425049,-0.0048376950435340405,0.5188916325569153,0.37806612253189087,-0.0008387081325054169,0.5165747404098511,0.3944273293018341,0.009172022342681885,0.5011385083198547,0.4132870137691498,0.0378800667822361,0.520817220211029,0.40866121649742126,0.005719516426324844,0.5264930725097656,0.4125841557979584,0.00246632331982255,0.5340756177902222,0.41432705521583557,-1.2284507647564169e-05,0.5415758490562439,0.41340652108192444,-0.0018909835489466786,0.5475317239761353,0.4109725058078766,-0.0023487734142690897,0.5515472888946533,0.40853169560432434,-0.0032848012633621693,0.5012102723121643,0.41155436635017395,0.05915965512394905,0.5489684343338013,0.4504880905151367,-0.012513511814177036,0.5557627081871033,0.4272884428501129,-0.02051013521850109,0.555492639541626,0.4500906765460968,-0.0263208094984293,0.5582042932510376,0.45369094610214233,-0.023577982559800148,0.5555173754692078,0.4510307013988495,-0.02349083498120308,0.5502033829689026,0.4524000585079193,-0.010253389365971088,0.559131383895874,0.45472586154937744,-0.02497084252536297,0.5597658157348633,0.45591720938682556,-0.018061678856611252,0.5521577000617981,0.4022686183452606,-0.001796166179701686,0.5546794533729553,0.4039750099182129,-0.004871740937232971,0.5562888979911804,0.40556082129478455,-0.008232234045863152,0.5241978168487549,0.3943053185939789,0.002228576922789216,0.5199071764945984,0.38771572709083557,0.0025688610039651394,0.5692269802093506,0.4249098598957062,-0.025131432339549065,0.6065675616264343,0.4047583043575287,0.0011294473661109805,0.5686416625976562,0.45506879687309265,-0.01846701093018055,0.6317356824874878,0.3684833347797394,0.023203175514936447,0.5894213318824768,0.4127211570739746,-0.004034462850540876,0.5956894159317017,0.41380271315574646,-0.0034533359576016665,0.601553201675415,0.41275638341903687,-0.0018722398672252893,0.6088794469833374,0.40658777952194214,0.0025873142294585705,0.5840393900871277,0.4097801744937897,-0.0032123790588229895,0.5992400050163269,0.38506487011909485,-0.007990333251655102,0.5921890735626221,0.38610684871673584,-0.00802239216864109,0.6055410504341125,0.3867201805114746,-0.005741330329328775,0.6094160676002502,0.3903507888317108,-0.003220223356038332,0.6138008236885071,0.4107804000377655,0.006198239047080278,0.5812617540359497,0.5113848447799683,0.01063175406306982,0.6085343956947327,0.4014014005661011,0.0029554436914622784,0.6316109895706177,0.4045538902282715,0.03056018054485321,0.620511531829834,0.4029742181301117,0.01117866300046444,0.5933234691619873,0.44227302074432373,-0.004599826410412788,0.5711075663566589,0.4723447263240814,-0.010995278134942055,0.5702550411224365,0.47993090748786926,-0.007620162796229124,0.5785420536994934,0.47404664754867554,-0.0075175282545387745,0.5835934281349182,0.47543153166770935,-0.002829555422067642,0.5764050483703613,0.47941112518310547,-0.00538176903501153,0.581266462802887,0.47888699173927307,-0.0011323371436446905,0.5888126492500305,0.4844294488430023,0.008237930946052074,0.5679799318313599,0.4522479176521301,-0.029036298394203186,0.5688544511795044,0.44429200887680054,-0.031607721000909805,0.6190187931060791,0.378785640001297,-0.002249164739623666,0.5818949937820435,0.42266714572906494,-0.007499424275010824,0.580753743648529,0.44785794615745544,-0.015934020280838013,0.5812476873397827,0.44324636459350586,-0.014755941927433014,0.6115978360176086,0.4409807324409485,0.002482426818460226,0.5690752863883972,0.43383029103279114,-0.029462510719895363,0.605850875377655,0.3708762228488922,-0.012494957074522972,0.6138351559638977,0.3728187084197998,-0.007790327537804842,0.626991868019104,0.3537822961807251,0.010258184745907784,0.5788068175315857,0.3818201720714569,-0.016675548627972603,0.5858749151229858,0.390209823846817,-0.0061354683712124825,0.5937830805778503,0.4768209457397461,0.008151143789291382,0.6187683343887329,0.47559094429016113,0.05698466673493385,0.5765872597694397,0.45234423875808716,-0.013351522386074066,0.5721976161003113,0.4546315670013428,-0.012846113182604313,0.5906212329864502,0.47715523838996887,0.007817304693162441,0.5891011953353882,0.4776498079299927,0.0063379062339663506,0.6173693537712097,0.3656582236289978,-0.006063253153115511,0.5809842944145203,0.4503551125526428,-0.012367690913379192,0.5945215821266174,0.37350142002105713,-0.01571946032345295,0.59566330909729,0.3657909035682678,-0.01788168027997017,0.6037969589233398,0.33350369334220886,-0.013755438849329948,0.6222906112670898,0.3622809946537018,0.0006086442153900862,0.5993115901947021,0.3497612178325653,-0.016390254721045494,0.6226687431335449,0.37365126609802246,0.001825705636292696,0.6275010704994202,0.3742794990539551,0.011464771814644337,0.5708233714103699,0.4765286445617676,-0.009903022088110447,0.577517032623291,0.4768882989883423,-0.006609464529901743,0.5825188755989075,0.47714439034461975,-0.002393831964582205,0.5753558278083801,0.45340827107429504,-0.011632280424237251,0.5898475646972656,0.47740811109542847,0.007064268924295902,0.5864583253860474,0.4805726110935211,0.004292798228561878,0.5882744789123535,0.47792723774909973,0.006261857692152262,0.5740129947662354,0.4512002170085907,-0.02134373039007187,0.5802758932113647,0.48013967275619507,7.604193797305925e-06,0.5753941535949707,0.4811093211174011,-0.002795394277200103,0.5696448683738708,0.4819541275501251,-0.0048694186843931675,0.5698540806770325,0.5007445812225342,0.0028673014603555202,0.5704629421234131,0.4956425428390503,-0.0032918378710746765,0.5703542232513428,0.4907657504081726,-0.0045795743353664875,0.5700433850288391,0.48596835136413574,-0.0038849003612995148,0.5695781707763672,0.48213908076286316,-0.003568051615729928,0.5802916884422302,0.4801487326622009,0.0010916185565292835,0.581396222114563,0.48174741864204407,0.0006356069934554398,0.58255934715271,0.48401549458503723,0.00017912029579747468,0.5834068059921265,0.4865998327732086,0.0015089167281985283,0.5876321792602539,0.4676170349121094,-0.0019698194228112698,0.6285202503204346,0.4377792477607727,0.05943116918206215,0.5840141177177429,0.4791215658187866,0.0042411391623318195,0.5852401852607727,0.47975605726242065,0.0040156967006623745,0.5704387426376343,0.45751798152923584,-0.01245025359094143,0.5793576836585999,0.45412909984588623,-0.007439706474542618,0.5712509155273438,0.4561406672000885,-0.012830221094191074,0.5880734324455261,0.42711636424064636,-0.005019012838602066,0.5979739427566528,0.4322725534439087,-0.0027629195246845484,0.5822376608848572,0.44610562920570374,-0.01112835668027401,0.6182637214660645,0.34179800748825073,-0.0026060333475470543,0.6134658455848694,0.35363975167274475,-0.00854765810072422,0.6082320809364319,0.3628416657447815,-0.01281608734279871,0.583827555179596,0.4910607933998108,0.006153094116598368,0.5809326171875,0.37019094824790955,-0.020247789099812508,0.5846167206764221,0.34903886914253235,-0.02057390846312046,0.5878840684890747,0.3291981518268585,-0.019838916137814522,0.6062326431274414,0.41063401103019714,0.0005165944457985461,0.6199078559875488,0.41595396399497986,0.009881168603897095,0.5805957317352295,0.40728309750556946,-0.002742599928751588,0.6151413321495056,0.3928583264350891,0.0019635113421827555,0.5780028700828552,0.41762393712997437,-0.009959990158677101,0.5775502920150757,0.44601255655288696,-0.02173866145312786,0.6256133317947388,0.4208546280860901,0.017039746046066284,0.6159772872924805,0.42263293266296387,0.0055634574964642525,0.6086196899414062,0.4261872172355652,0.0006953934207558632,0.597413182258606,0.4253418743610382,-0.0015928437933325768,0.5889579653739929,0.42198994755744934,-0.0032306653447449207,0.5826557874679565,0.41802331805229187,-0.0050568045116961,0.5707316994667053,0.40720170736312866,-0.017170676961541176,0.6239721179008484,0.43734750151634216,0.0176697950810194,0.6199991703033447,0.3901589512825012,0.0042807236313819885,0.5661595463752747,0.45573535561561584,-0.025879839435219765,0.580759584903717,0.4306167662143707,-0.00907944981008768,0.6335095763206482,0.40211570262908936,0.04944423586130142,0.578005313873291,0.4137284457683563,-0.006465757265686989,0.5829912424087524,0.4459405541419983,-0.00546747213229537,0.6112253069877625,0.4007907807826996,0.004230425227433443,0.5779416561126709,0.44030076265335083,-0.020217113196849823,0.6245543956756592,0.45663827657699585,0.05972285196185112,0.5803716778755188,0.40431660413742065,-0.001960484078153968,0.5736545324325562,0.43632352352142334,-0.025967564433813095,0.605262041091919,0.49395713210105896,0.02887859381735325,0.6036798357963562,0.5011668801307678,0.04068048298358917,0.6282474398612976,0.43824461102485657,0.038258038461208344,0.6133435964584351,0.4843996465206146,0.0344025082886219,0.6298827528953552,0.38836684823036194,0.022387923672795296,0.5812390446662903,0.5176393985748291,0.015034259296953678,0.5656023025512695,0.45684176683425903,-0.018003424629569054,0.5859779119491577,0.4359906315803528,-0.006396368145942688,0.6254065632820129,0.4037667214870453,0.01677575521171093,0.6009376049041748,0.4092106819152832,-0.0021222191862761974,0.5956818461418152,0.4100799858570099,-0.003447502152994275,0.5875126123428345,0.48161420226097107,0.005333794746547937,0.6218721866607666,0.4528781771659851,0.02172139100730419,0.5715481042861938,0.5259782671928406,0.018097909167408943,0.5870572924613953,0.5166222453117371,0.027709392830729485,0.5944283604621887,0.5103614926338196,0.0333787277340889,0.5903205871582031,0.40892302989959717,-0.003670985344797373,0.585159182548523,0.40666088461875916,-0.0029132897034287453,0.5818977952003479,0.4053437113761902,-0.0018856103997677565,0.6241930723190308,0.3870547413825989,0.009624903090298176,0.586624026298523,0.39743807911872864,-0.004858747590333223,0.5922372341156006,0.3949667811393738,-0.005890051834285259,0.5976271629333496,0.3948429822921753,-0.005665183067321777,0.6026082634925842,0.3963429927825928,-0.004057432059198618,0.6055744290351868,0.398424357175827,-0.002035240177065134,0.633712649345398,0.38370639085769653,0.03737165406346321,0.6043415665626526,0.4071512222290039,-0.0003464563633315265,0.5816887021064758,0.4645003080368042,-0.005742120090872049,0.5765780210494995,0.4516107439994812,-0.015633290633559227,0.5711321234703064,0.4636341631412506,-0.011124074459075928,0.5965589880943298,0.5031743049621582,0.02508610486984253,0.5889021754264832,0.5102726817131042,0.020529938861727715,0.5720316171646118,0.522681474685669,0.010345181450247765,0.6115115880966187,0.49042707681655884,0.049620430916547775,0.5823468565940857,0.40150296688079834,-0.00316520850174129,0.5738199949264526,0.4205324053764343,-0.017498398199677467,0.5796747207641602,0.5221953988075256,0.02177530713379383,0.624763011932373,0.4552881717681885,0.03989119827747345,0.5753665566444397,0.4812316596508026,-0.0015455740503966808,0.5763423442840576,0.48407936096191406,-0.0019860498141497374,0.5771270990371704,0.48772940039634705,-0.0025446778163313866,0.5775803923606873,0.4920461177825928,-0.0012537207221612334,0.577594518661499,0.49680495262145996,0.003907257691025734,0.5853658318519592,0.478201299905777,0.0028258315287530422,0.5865762829780579,0.47723957896232605,0.0027667442336678505,0.587576150894165,0.47630932927131653,0.002521046670153737,0.592129111289978,0.4715770184993744,0.0027772269677370787,0.6149917840957642,0.4573933184146881,0.01069708913564682,0.5742876529693604,0.41188952326774597,-0.013249056413769722,0.5773934721946716,0.3966655731201172,-0.006398285273462534,0.5803262591362,0.3980351984500885,-0.004294155165553093,0.5840498208999634,0.4791567325592041,0.0035159874241799116,0.6132088899612427,0.47453784942626953,0.021951166912913322,0.5727458596229553,0.39625832438468933,-0.013251982629299164,0.5796948075294495,0.503973126411438,0.007559164892882109,0.5699766278266907,0.41664135456085205,-0.02181917428970337,0.5770410299301147,0.4330334961414337,-0.016153329983353615,0.5709496736526489,0.5084981918334961,0.004944185726344585,0.5926938652992249,0.4887513816356659,0.011694141663610935,0.5879557132720947,0.45179954171180725,-0.0031760234851390123,0.5865210294723511,0.49725934863090515,0.010094443336129189,0.6028547286987305,0.45129746198654175,-0.0011480026878416538,0.5938587784767151,0.45918551087379456,-0.0008265465148724616,0.607005774974823,0.4628317952156067,0.00493215536698699,0.5720009803771973,0.5168489217758179,0.006407306995242834,0.5800881385803223,0.4368858337402344,-0.01163602527230978,0.5962170958518982,0.49510109424591064,0.017593106254935265,0.5885195136070251,0.5033935904502869,0.015093598514795303,0.5983676910400391,0.47949671745300293,0.010512853972613811,0.6190735697746277,0.46552783250808716,0.025661280378699303,0.6049914956092834,0.4819096624851227,0.015875698998570442,0.6202428936958313,0.47066742181777954,0.039925042539834976,0.5983758568763733,0.4673560559749603,0.003226515371352434,0.5771375298500061,0.42550215125083923,-0.012948348186910152,0.5757356882095337,0.44990599155426025,-0.022663023322820663,0.5789823532104492,0.4507320821285248,-0.0162097979336977,0.5734568238258362,0.44500088691711426,-0.026818644255399704,0.5826025605201721,0.38804224133491516,-0.008984275162220001,0.5929808020591736,0.38152748346328735,-0.01012235414236784,0.601808488368988,0.3801655173301697,-0.009490465745329857,0.608774721622467,0.3818545937538147,-0.006814324762672186,0.6133546233177185,0.38585174083709717,-0.003042831551283598,0.6152449250221252,0.40168431401252747,0.006834831088781357,0.630653977394104,0.42146870493888855,0.034721989184617996,0.6105414032936096,0.4151797890663147,0.0035729759838432074,0.6045840382575989,0.4181089997291565,0.0005856669158674777,0.5966795682907104,0.4186944365501404,-0.0015596931334584951,0.5890244245529175,0.41669273376464844,-0.003113644430413842,0.5830264091491699,0.4134206771850586,-0.003272331552579999,0.5790483355522156,0.4104461073875427,-0.0040334067307412624,0.6313744783401489,0.41971978545188904,0.056205108761787415,0.5788540244102478,0.4519956707954407,-0.01318691298365593,0.5733917355537415,0.4282544255256653,-0.021004287526011467,0.5718211531639099,0.4509385824203491,-0.026680774986743927,0.569021999835968,0.45426496863365173,-0.023773301392793655,0.5719066262245178,0.45190829038619995,-0.02386457659304142,0.5775551199913025,0.45376357436180115,-0.010822942480444908,0.567914605140686,0.4551694393157959,-0.025128288194537163,0.5673165321350098,0.45626088976860046,-0.018218660727143288,0.5785442590713501,0.4043864905834198,-0.002565904753282666,0.5761088132858276,0.40576791763305664,-0.005457545164972544,0.574617862701416,0.4072572588920593,-0.008743306621909142,0.6072369813919067,0.39999884366989136,0.00016630985192023218,0.6116645336151123,0.3946164548397064,0.000363066210411489,0.536259651184082,0.3986528813838959,-0.000789512530900538,0.5420881509780884,0.399211049079895,-0.000789512530900538,0.5367013812065125,0.3913257122039795,-0.000789512530900538,0.5303058624267578,0.3980605900287628,-0.000789512530900538,0.535784900188446,0.4059336483478546,-0.000789512530900538,0.5944372415542603,0.40131789445877075,-0.0023604505695402622,0.600428581237793,0.4014885723590851,-0.0023604505695402622,0.5945178270339966,0.39375680685043335,-0.0023604505695402622,0.5885394811630249,0.40110185742378235,-0.0023604505695402622,0.5943750143051147,0.4088752269744873,-0.0023604505695402622
3300.0000000000036,0.5631476044654846,0.47475552558898926,-0.011264731176197529,0.5631116628646851,0.45223745703697205,-0.029320184141397476,0.5631999969482422,0.45794978737831116,-0.013857703655958176,0.559568464756012,0.42429620027542114,-0.024795640259981155,0.5633457899093628,0.4440757632255554,-0.03205741569399834,0.5637741088867188,0.43281736969947815,-0.030969122424721718,0.5649682879447937,0.404996782541275,-0.019316839054226875,0.5242226123809814,0.3995901644229889,0.0030842318665236235,0.5659651756286621,0.38134297728538513,-0.01781935803592205,0.5664507746696472,0.36946821212768555,-0.020535176619887352,0.5682636499404907,0.3277711868286133,-0.020776700228452682,0.5630241632461548,0.4779025614261627,-0.010189278051257133,0.5628883242607117,0.48093196749687195,-0.008178205229341984,0.562825620174408,0.482845664024353,-0.0053360662423074245,0.5627512335777283,0.48306480050086975,-0.004014371894299984,0.5626469254493713,0.4872986674308777,-0.004322044551372528,0.5624867081642151,0.4921954274177551,-0.004967277403920889,0.562318742275238,0.4970257878303528,-0.003535132622346282,0.5620902180671692,0.5009798407554626,0.002593712881207466,0.563097357749939,0.45583251118659973,-0.02605411782860756,0.5582282543182373,0.45444995164871216,-0.018234634771943092,0.504314124584198,0.36092156171798706,0.025869062170386314,0.5410506129264832,0.40977048873901367,-0.0027281471993774176,0.5348310470581055,0.4099856913089752,-0.0019290718482807279,0.529180109500885,0.4081149995326996,-9.965306526282802e-05,0.5221444964408875,0.4007796347141266,0.004674756433814764,0.5463572144508362,0.40772294998168945,-0.002197553403675556,0.5328494906425476,0.3792422115802765,-0.00627934979274869,0.5399309396743774,0.3817051947116852,-0.0066450187005102634,0.5262391567230225,0.3800109326839447,-0.0038153373170644045,0.5219974517822266,0.38349655270576477,-0.0011497107334434986,0.5178256034851074,0.4039202928543091,0.008349491283297539,0.5427054166793823,0.509473443031311,0.011557214893400669,0.5225051641464233,0.39584439992904663,0.0049943518824875355,0.5016929507255554,0.3967396318912506,0.03332430496811867,0.5117160677909851,0.39484694600105286,0.01355724222958088,0.535473108291626,0.43878790736198425,-0.0032795239239931107,0.5555582046508789,0.4723316729068756,-0.010511172004044056,0.5558581352233887,0.47983458638191223,-0.007137926295399666,0.5482473969459534,0.4733232855796814,-0.0066077313385903835,0.5431267619132996,0.47433698177337646,-0.0015846968162804842,0.5499343872070312,0.4787727892398834,-0.004486960358917713,0.5452131032943726,0.47792941331863403,-1.1665131751215085e-05,0.5377271175384521,0.4815689027309418,0.009796308353543282,0.5586934685707092,0.45166945457458496,-0.02878858707845211,0.5582927465438843,0.443667471408844,-0.03129864111542702,0.5133472681045532,0.36977893114089966,0.00013577136269304901,0.5480402708053589,0.4206586182117462,-0.006625029258430004,0.5469409227371216,0.4459546208381653,-0.015135648660361767,0.5468236804008484,0.4413036108016968,-0.013910762965679169,0.5177667140960693,0.4352356791496277,0.004606523085385561,0.5589134097099304,0.43324413895606995,-0.02910495549440384,0.5262773633003235,0.36234572529792786,-0.010818244889378548,0.5184112191200256,0.3639043867588043,-0.005679909139871597,0.5100439190864563,0.3469032347202301,0.012762749567627907,0.5527223944664001,0.3762252628803253,-0.016107220202684402,0.5458235740661621,0.38722938299179077,-0.005016946699470282,0.5334310531616211,0.4733857810497284,0.009914997033774853,0.5095723867416382,0.46921393275260925,0.05912047624588013,0.5507357120513916,0.45086100697517395,-0.012703525833785534,0.5549373626708984,0.45362389087677,-0.012532064691185951,0.5360522270202637,0.4758230745792389,0.00944952666759491,0.5375098586082458,0.4764099717140198,0.007822656072676182,0.515116810798645,0.35650333762168884,-0.003816544311121106,0.5466238856315613,0.44840219616889954,-0.011600945144891739,0.537308931350708,0.3658599257469177,-0.01451091282069683,0.5363919138908386,0.358166366815567,-0.01665097288787365,0.5339677333831787,0.32962343096733093,-0.012180615216493607,0.5138049125671387,0.35584181547164917,0.0029973993077874184,0.5367630124092102,0.34619516134262085,-0.015021873638033867,0.5099394917488098,0.36442461609840393,0.0043313167989254,0.5078867673873901,0.36708518862724304,0.014110222458839417,0.5555530786514282,0.4764527976512909,-0.009383883327245712,0.5490524768829346,0.4761827290058136,-0.005679137073457241,0.5440922975540161,0.47613242268562317,-0.0011811332078650594,0.5518687963485718,0.452059805393219,-0.011178946122527122,0.536788821220398,0.4761213958263397,0.008606495335698128,0.539791464805603,0.47947001457214355,0.005648838821798563,0.538296103477478,0.4767327606678009,0.007699057459831238,0.5531662702560425,0.45000699162483215,-0.02077447436749935,0.5460875630378723,0.4792826771736145,0.0010491119464859366,0.5507663488388062,0.48056355118751526,-0.00201336364261806,0.5563653111457825,0.4818623661994934,-0.004425514955073595,0.5545326471328735,0.499961256980896,0.00317782792262733,0.554395854473114,0.49562475085258484,-0.0028415024280548096,0.5548052787780762,0.49075376987457275,-0.004056399688124657,0.555482804775238,0.485902339220047,-0.0033565217163413763,0.5562707185745239,0.4820862412452698,-0.0030350391753017902,0.5459271669387817,0.4793490171432495,0.002181871561333537,0.544677734375,0.4809049367904663,0.0016984997782856226,0.5432965755462646,0.4831105172634125,0.0012546932557597756,0.5422244071960449,0.4856104850769043,0.0026091544423252344,0.5395566821098328,0.46479660272598267,-0.0006689490401186049,0.5027177929878235,0.4301427900791168,0.061830468475818634,0.5631391406059265,0.4569770395755768,-0.01828942261636257,0.5423948764801025,0.4781257212162018,0.005550961010158062,0.5410909652709961,0.478709876537323,0.005334974266588688,0.5565218329429626,0.456617146730423,-0.012155524455010891,0.548116147518158,0.4523160755634308,-0.00684708496555686,0.5557903051376343,0.455168753862381,-0.012530856765806675,0.5416982769966125,0.42430827021598816,-0.0038834717124700546,0.5316926836967468,0.4282008707523346,-0.0012138941092416644,0.5457673668861389,0.4440059959888458,-0.010289580561220646,0.5193973779678345,0.3360840976238251,-0.00047225147136487067,0.5229188203811646,0.3483054041862488,-0.006583200767636299,0.5240833163261414,0.35445457696914673,-0.011012050323188305,0.54185950756073,0.48873600363731384,0.0073868948966264725,0.5511218309402466,0.3641670048236847,-0.01961258053779602,0.5510360598564148,0.3472216725349426,-0.01984141208231449,0.5497111082077026,0.32725125551223755,-0.018991049379110336,0.5245925188064575,0.40517938137054443,0.0025022467598319054,0.5119235515594482,0.40786370635032654,0.012265058234333992,0.5498115420341492,0.4055982828140259,-0.0018425023881718516,0.5165255665779114,0.3854035437107086,0.004237842746078968,0.5521807670593262,0.41611480712890625,-0.009249046444892883,0.5500333905220032,0.4444561302661896,-0.021064477041363716,0.505932092666626,0.41358768939971924,0.019678693264722824,0.5154291391372681,0.41503891348838806,0.00781001802533865,0.522426426410675,0.41965481638908386,0.0026933597400784492,0.5333287119865417,0.4205288290977478,-5.800118742627092e-05,0.5416398048400879,0.4186365306377411,-0.002047151094302535,0.5479882955551147,0.4157108962535858,-0.004162140190601349,0.5597191452980042,0.4065592586994171,-0.016848472878336906,0.5061802268028259,0.43013903498649597,0.020329462364315987,0.5122420787811279,0.38168638944625854,0.0067403982393443584,0.56041419506073,0.45535919070243835,-0.025677425786852837,0.5484435558319092,0.42871230840682983,-0.00825937557965517,0.5003952383995056,0.3941787779331207,0.05199045315384865,0.5526760220527649,0.4120437204837799,-0.0057708448730409145,0.545157790184021,0.4437327980995178,-0.004673130344599485,0.5199301242828369,0.3945122957229614,0.006349945440888405,0.5501294732093811,0.4387260675430298,-0.019541393965482712,0.505291223526001,0.44944676756858826,0.061989184468984604,0.5500880479812622,0.4025297164916992,-0.0010579627705737948,0.5543923377990723,0.4352429509162903,-0.025416510179638863,0.5209189653396606,0.489236444234848,0.030909469351172447,0.5222647190093994,0.4969038963317871,0.042384374886751175,0.5022671222686768,0.4306398630142212,0.041047144681215286,0.5136125087738037,0.47870779037475586,0.03673062101006508,0.5044671297073364,0.3808286488056183,0.02512245811522007,0.5423259735107422,0.515869140625,0.015987275168299675,0.5610362887382507,0.4565228521823883,-0.017887882888317108,0.5430315136909485,0.43343693017959595,-0.005378073081374168,0.5073358416557312,0.39490801095962524,0.019377082586288452,0.5295645594596863,0.4048883318901062,-0.0004122244718018919,0.5347299575805664,0.40634894371032715,-0.0019035101868212223,0.5386983156204224,0.48043397068977356,0.006780381314456463,0.5071320533752441,0.44587671756744385,0.024319645017385483,0.551513671875,0.5256316661834717,0.01838785782456398,0.537218451499939,0.5145522356033325,0.028877459466457367,0.5306585431098938,0.5073195099830627,0.034817732870578766,0.567312479019165,0.3487260043621063,-0.021513720974326134,0.5614979863166809,0.5275487303733826,0.01659916155040264,0.5400749444961548,0.4059867858886719,-0.002346011810004711,0.5451663732528687,0.40452778339385986,-0.0017966083250939846,0.5484549403190613,0.4034822881221771,-0.0008986092871055007,0.5084481239318848,0.37834030389785767,0.012213435024023056,0.544625997543335,0.3949332535266876,-0.0036224634386599064,0.5392853617668152,0.39142054319381714,-0.004468895494937897,0.5340570211410522,0.3903084993362427,-0.004025868605822325,0.5289628505706787,0.3910549283027649,-0.0022039052564650774,0.5257458090782166,0.3928355574607849,-0.00010221563570667058,0.5013047456741333,0.37583568692207336,0.03999103605747223,0.5262526273727417,0.4023382067680359,0.0015198977198451757,0.5631654858589172,0.4632086157798767,-0.011606937274336815,0.5454709529876709,0.46241188049316406,-0.0048384470865130424,0.5507377982139587,0.4501233398914337,-0.015075999312102795,0.5556818246841431,0.46261489391326904,-0.010733375325798988,0.565479576587677,0.39304211735725403,-0.016659900546073914,0.5287946462631226,0.499472975730896,0.026782110333442688,0.5355931520462036,0.5075453519821167,0.021861596032977104,0.5509014129638672,0.5219478011131287,0.010845396667718887,0.5154978632926941,0.48509085178375244,0.05160623416304588,0.5484322309494019,0.3995494842529297,-0.0021171101834625006,0.5557078123092651,0.4194667637348175,-0.01698848232626915,0.5614194869995117,0.5237159132957458,0.009353157132863998,0.5438213348388672,0.5210239291191101,0.022579509764909744,0.5044206380844116,0.4480694532394409,0.042524684220552444,0.5506384372711182,0.48075035214424133,-0.0006951104733161628,0.5494078397750854,0.48357290029525757,-0.0011535572120919824,0.5483561158180237,0.48721247911453247,-0.0016778855351731181,0.5476190447807312,0.49149829149246216,-0.0003930719685740769,0.5473067760467529,0.4952194392681122,0.0047791022807359695,0.5412334203720093,0.4771028757095337,0.004217042587697506,0.5400627255439758,0.47607165575027466,0.004249503370374441,0.5391461849212646,0.4750611186027527,0.004042651504278183,0.5351061820983887,0.4682731628417969,0.004424894694238901,0.5133422613143921,0.45121923089027405,0.013039717450737953,0.5560635924339294,0.4108150005340576,-0.012698061764240265,0.5537193417549133,0.39445748925209045,-0.005747194401919842,0.550676167011261,0.3960253596305847,-0.0034155736211687326,0.5424835681915283,0.47813481092453003,0.004786738194525242,0.514225423336029,0.46875283122062683,0.02424248307943344,0.5585726499557495,0.3939425051212311,-0.012891831807792187,0.5447384119033813,0.5021884441375732,0.008438837714493275,0.5641694068908691,0.4235098361968994,-0.026901522651314735,0.5595830678939819,0.4160235822200775,-0.021504497155547142,0.5645427107810974,0.41480234265327454,-0.02304859273135662,0.5516727566719055,0.43151551485061646,-0.015518506057560444,0.5615552067756653,0.5175365805625916,0.005317297764122486,0.5618060827255249,0.5089280009269714,0.003981728572398424,0.5528473258018494,0.5076965689659119,0.005310502834618092,0.5334969758987427,0.48539113998413086,0.013356410898268223,0.5400530099868774,0.44901174306869507,-0.002077313605695963,0.5387958288192749,0.4946744441986084,0.01137955766171217,0.5255150198936462,0.4465938210487366,0.0005700631882064044,0.5339366793632507,0.455594927072525,0.0006172258290462196,0.5208324790000916,0.4576123058795929,0.006938873790204525,0.5512582063674927,0.5159679651260376,0.006926211062818766,0.5485439300537109,0.43506452441215515,-0.010874096304178238,0.529639482498169,0.49139100313186646,0.019337309524416924,0.5364041328430176,0.5006511211395264,0.016397148370742798,0.5285519361495972,0.4754341244697571,0.012456302531063557,0.5091423988342285,0.4589787721633911,0.02811318263411522,0.5218087434768677,0.477102130651474,0.017945898696780205,0.5078248977661133,0.46408066153526306,0.04247082397341728,0.5292152166366577,0.4631927013397217,0.00504504656419158,0.5522325038909912,0.424028217792511,-0.012284133583307266,0.5515304207801819,0.44851940870285034,-0.02206108160316944,0.5484559535980225,0.4489908814430237,-0.015527058392763138,0.5539031624794006,0.44389432668685913,-0.02623610571026802,0.548818826675415,0.3840921223163605,-0.00808523315936327,0.5388888716697693,0.37570175528526306,-0.008856039494276047,0.5301368236541748,0.373157799243927,-0.007871713489294052,0.5230902433395386,0.3743371069431305,-0.004873012658208609,0.5184048414230347,0.3781580924987793,-0.0009046903578564525,0.5163785219192505,0.39462557435035706,0.009056879207491875,0.501215934753418,0.41363194584846497,0.0375685915350914,0.5207378268241882,0.4086858332157135,0.005645021330565214,0.5264517664909363,0.4126124978065491,0.0024182696361094713,0.5340513586997986,0.4144533574581146,-4.008599353255704e-05,0.5415892601013184,0.4136956036090851,-0.0018951023230329156,0.5475376844406128,0.41138437390327454,-0.0023668797221034765,0.5515175461769104,0.4089479446411133,-0.0032988633029162884,0.5013014078140259,0.4118961989879608,0.05875232070684433,0.5485355854034424,0.45030057430267334,-0.012526248581707478,0.5553672909736633,0.42719706892967224,-0.020466981455683708,0.5551146864891052,0.44997963309288025,-0.026259690523147583,0.5578295588493347,0.45357751846313477,-0.023528050631284714,0.5551294088363647,0.45091068744659424,-0.023444557562470436,0.5497733354568481,0.45220112800598145,-0.01027321070432663,0.5587732195854187,0.4546155035495758,-0.02491302415728569,0.5594047904014587,0.45579391717910767,-0.018037935718894005,0.5520517826080322,0.4027576148509979,-0.0018285415135324001,0.5545753240585327,0.4044002890586853,-0.004884088411927223,0.5561777949333191,0.40583252906799316,-0.008231258019804955,0.5239403247833252,0.3943677246570587,0.0021644614171236753,0.5195988416671753,0.3878374695777893,0.002501291921362281,0.5687695741653442,0.42477211356163025,-0.025058096274733543,0.6059839725494385,0.405121773481369,0.0011373378802090883,0.5683355331420898,0.4548974931240082,-0.018430104479193687,0.6306482553482056,0.3682326078414917,0.023129016160964966,0.5885469317436218,0.41276785731315613,-0.003992752637714148,0.5948396325111389,0.41393014788627625,-0.0034143184311687946,0.600749671459198,0.4129384756088257,-0.0018443989101797342,0.6081669330596924,0.40677452087402344,0.002594019751995802,0.5832034945487976,0.4098276197910309,-0.0031893495470285416,0.598818838596344,0.38513046503067017,-0.00793395284563303,0.5916981101036072,0.38621285557746887,-0.00796311441808939,0.6051251292228699,0.38677138090133667,-0.005695650819689035,0.608956515789032,0.3904595673084259,-0.00318170920945704,0.6128644347190857,0.4107483923435211,0.0061927130445837975,0.5812138915061951,0.5114656686782837,0.010589704848825932,0.6079643368721008,0.40168264508247375,0.0029578586108982563,0.6305863261222839,0.4041622281074524,0.03044259548187256,0.6193912029266357,0.40270742774009705,0.01115656178444624,0.5928837060928345,0.4418787360191345,-0.004585656803101301,0.5709202885627747,0.47300833463668823,-0.010917337611317635,0.5700821280479431,0.4804159104824066,-0.007548127323389053,0.5782612562179565,0.47457101941108704,-0.007421598304063082,0.5832525491714478,0.47581321001052856,-0.0026775430887937546,0.5761795043945312,0.47982093691825867,-0.005276855081319809,0.5809921622276306,0.4792156517505646,-0.000984774436801672,0.5889058709144592,0.48393771052360535,0.0083882175385952,0.5676132440567017,0.45208969712257385,-0.02894553728401661,0.5684521198272705,0.44412946701049805,-0.03150058537721634,0.6184442043304443,0.37857261300086975,-0.0022418424487113953,0.5813797116279602,0.4224255383014679,-0.007460643537342548,0.5804497003555298,0.44751328229904175,-0.015895282849669456,0.5809205770492554,0.4428967535495758,-0.014716191217303276,0.6110007762908936,0.44044506549835205,0.0025067066308110952,0.5686424970626831,0.43367865681648254,-0.029372159391641617,0.6056803464889526,0.3708701431751251,-0.012449861504137516,0.6135071516036987,0.37264350056648254,-0.007771561853587627,0.6259176135063171,0.3536430597305298,0.010253840126097202,0.5785759687423706,0.382100373506546,-0.016633130609989166,0.5853027701377869,0.39033761620521545,-0.006084298714995384,0.5938692688941956,0.4761867821216583,0.008302541449666023,0.618246853351593,0.4751672148704529,0.05673559010028839,0.5763378739356995,0.4520319700241089,-0.013333282433450222,0.5719538331031799,0.4543745815753937,-0.012844610027968884,0.5902575254440308,0.4773711562156677,0.008015468716621399,0.588769793510437,0.4778779447078705,0.006548233330249786,0.616943359375,0.3653797209262848,-0.006054449360817671,0.5807257890701294,0.4499744474887848,-0.012347238138318062,0.5944510698318481,0.3737015128135681,-0.015664787963032722,0.5956451296806335,0.3659694194793701,-0.017818240448832512,0.6028704643249512,0.3336079716682434,-0.013660476543009281,0.6212713718414307,0.3621708154678345,0.0006104375934228301,0.5984373688697815,0.34982985258102417,-0.016308799386024475,0.6219769716262817,0.37330687046051025,0.0018063236493617296,0.6264734268188477,0.37407732009887695,0.011421645060181618,0.5706411600112915,0.47710269689559937,-0.009814776480197906,0.577261209487915,0.47734713554382324,-0.006496038753539324,0.5822116732597351,0.4774954319000244,-0.002239241497591138,0.5751253366470337,0.45310690999031067,-0.011628027074038982,0.5895001292228699,0.4776323735713959,0.007268065586686134,0.5861769914627075,0.4808657467365265,0.004491055384278297,0.5879618525505066,0.47815781831741333,0.006466138642281294,0.5736895203590393,0.4509604871273041,-0.021285271272063255,0.5800397992134094,0.48046717047691345,0.00012746755965054035,0.5752077102661133,0.48150327801704407,-0.002723675686866045,0.5694897770881653,0.48240235447883606,-0.004838733002543449,0.5698384046554565,0.5007966756820679,0.0027671586722135544,0.5703916549682617,0.4962281882762909,-0.003293336369097233,0.5702586770057678,0.4913334250450134,-0.004546681419014931,0.5699205994606018,0.4864726662635803,-0.0038282996974885464,0.569418728351593,0.48259854316711426,-0.003482430474832654,0.5800389051437378,0.48050153255462646,0.0012493322137743235,0.5811800956726074,0.4821168780326843,0.0007768725627101958,0.5823654532432556,0.4843812584877014,0.000324306427501142,0.5832334756851196,0.4869416058063507,0.0016557732596993446,0.5875701308250427,0.4671361446380615,-0.0018393084174022079,0.6276448369026184,0.43732377886772156,0.059173475950956345,0.583728551864624,0.47941893339157104,0.004434072878211737,0.5849575996398926,0.4800558388233185,0.004207954276353121,0.5702049732208252,0.4572768211364746,-0.012447293847799301,0.5791317224502563,0.4537416994571686,-0.007443451322615147,0.5710141062736511,0.4558945894241333,-0.01282789371907711,0.587548017501831,0.4267970025539398,-0.004991117399185896,0.5974077582359314,0.4318619966506958,-0.0027584577910602093,0.581942081451416,0.4457271993160248,-0.011105048470199108,0.6172365546226501,0.34178125858306885,-0.0025497619062662125,0.6124873161315918,0.35362887382507324,-0.008500892668962479,0.6080734133720398,0.36277735233306885,-0.012765594758093357,0.5838886499404907,0.49078086018562317,0.0062560332007706165,0.580815851688385,0.3705589771270752,-0.020178500562906265,0.5838596820831299,0.3491474986076355,-0.02047530561685562,0.5870764255523682,0.32938751578330994,-0.019731206819415092,0.6054794192314148,0.4108584225177765,0.0005305936792865396,0.6186808943748474,0.41570213437080383,0.009880391880869865,0.5798119902610779,0.40735626220703125,-0.002728736959397793,0.6144421696662903,0.39284002780914307,0.0019840516615659,0.5774753093719482,0.4174429476261139,-0.009920360520482063,0.5771851539611816,0.4457377791404724,-0.021674862131476402,0.624695897102356,0.42039579153060913,0.017016790807247162,0.6149254441261292,0.422483891248703,0.005587128456681967,0.6077200770378113,0.42605137825012207,0.0007421235204674304,0.5965592861175537,0.4252244532108307,-0.0015683189267292619,0.5881065130233765,0.42190441489219666,-0.0031985631212592125,0.5818625688552856,0.4180261492729187,-0.005026134662330151,0.5702109932899475,0.4071054458618164,-0.0171393733471632,0.6232119798660278,0.43680161237716675,0.017651822417974472,0.619158148765564,0.3899703621864319,0.004284327384084463,0.5658230185508728,0.45559361577033997,-0.02580779604613781,0.5803323984146118,0.4303397536277771,-0.009039187803864479,0.6324570178985596,0.4017057716846466,0.0492350198328495,0.5772890448570251,0.41386157274246216,-0.006436681374907494,0.582704484462738,0.44554126262664795,-0.00545466598123312,0.6105517148971558,0.400945782661438,0.004231370519846678,0.5775596499443054,0.44002118706703186,-0.020156893879175186,0.6238545179367065,0.45619091391563416,0.05945826321840286,0.5796261429786682,0.40441903471946716,-0.0019515339517965913,0.5732291340827942,0.43612396717071533,-0.02588880993425846,0.6050458550453186,0.4936442971229553,0.02884582430124283,0.6034396886825562,0.5009337663650513,0.040528178215026855,0.6274159550666809,0.4377698302268982,0.03811013698577881,0.613019585609436,0.484004944562912,0.034311700612306595,0.6288607120513916,0.38806429505348206,0.022296888753771782,0.5811923146247864,0.517859697341919,0.014962838962674141,0.5652871131896973,0.456705242395401,-0.017974888905882835,0.5855550169944763,0.43564626574516296,-0.006373586133122444,0.6240443587303162,0.40322884917259216,0.01673026755452156,0.6002482771873474,0.40955883264541626,-0.0020896170753985643,0.594916582107544,0.4103093147277832,-0.003412705147638917,0.5872306823730469,0.48188674449920654,0.005530708935111761,0.621290922164917,0.4523438513278961,0.02168402075767517,0.5715382695198059,0.5264885425567627,0.017860136926174164,0.5869728326797485,0.5167785286903381,0.027546793222427368,0.5942872166633606,0.5103257894515991,0.03324107825756073,0.5895313024520874,0.4090503454208374,-0.0036444307770580053,0.5843556523323059,0.4067338705062866,-0.0028978753834962845,0.5811131000518799,0.40540894865989685,-0.0018790538888424635,0.6232295632362366,0.3867124617099762,0.009595776908099651,0.5859825015068054,0.3975362777709961,-0.004820713307708502,0.591709554195404,0.395041823387146,-0.0058520580641925335,0.5971760749816895,0.3949473798274994,-0.0056251767091453075,0.6021687984466553,0.3964971899986267,-0.004022768698632717,0.6051042079925537,0.3986499309539795,-0.002007922390475869,0.63264399766922,0.38335996866226196,0.03721854090690613,0.6037163138389587,0.40755322575569153,-0.00032853978336788714,0.5815629959106445,0.4640970826148987,-0.005683431401848793,0.5763006210327148,0.4513133466243744,-0.015603767707943916,0.5709458589553833,0.4633926749229431,-0.011105659417808056,0.5964152812957764,0.5030105710029602,0.02506415545940399,0.5888164639472961,0.5103024244308472,0.02048337459564209,0.5720093846321106,0.5230218172073364,0.01024404726922512,0.6111420392990112,0.49006494879722595,0.04939527064561844,0.581631064414978,0.4016202688217163,-0.003143825801089406,0.5733352303504944,0.42037564516067505,-0.017437255010008812,0.5796399116516113,0.5225512385368347,0.021579559892416,0.6241151690483093,0.4548296332359314,0.03973240405321121,0.5751711130142212,0.4816438555717468,-0.0014271336840465665,0.5761944651603699,0.484525591135025,-0.0018883206648752093,0.5770183801651001,0.48820045590400696,-0.0024492701049894094,0.5775070786476135,0.4925059974193573,-0.0011668514925986528,0.577631950378418,0.4967081844806671,0.003924069460481405,0.5850643515586853,0.4784684181213379,0.0030029378831386566,0.5862423777580261,0.4775081276893616,0.0029568637255579233,0.5872133374214172,0.4765816330909729,0.002713519148528576,0.592155396938324,0.47099536657333374,0.0029498031362891197,0.6145378351211548,0.45686015486717224,0.010700847022235394,0.5737571120262146,0.411761611700058,-0.013216144405305386,0.5767847895622253,0.3968382179737091,-0.006366136018186808,0.579660177230835,0.3981708288192749,-0.004263096954673529,0.5837963819503784,0.4794321060180664,0.003679766785353422,0.6129045486450195,0.47406652569770813,0.02192825637757778,0.5722083449363708,0.3964827060699463,-0.013220073655247688,0.5796805620193481,0.5039373636245728,0.007528333459049463,0.5694901943206787,0.41652074456214905,-0.02175913378596306,0.5766216516494751,0.43279117345809937,-0.016100021079182625,0.5709224939346313,0.5086244344711304,0.004846237599849701,0.5926383137702942,0.4883289337158203,0.011798782274127007,0.5876665711402893,0.45137038826942444,-0.003158365609124303,0.5864911079406738,0.49703139066696167,0.010141133330762386,0.6024370789527893,0.4508263170719147,-0.001128288102336228,0.5936053395271301,0.45872044563293457,-0.0007562221144326031,0.6066758632659912,0.46231549978256226,0.0049830651842057705,0.5719674229621887,0.5170677900314331,0.00632434943690896,0.5797162055969238,0.43657633662223816,-0.011598199605941772,0.5960805416107178,0.49480098485946655,0.01763777621090412,0.5884428024291992,0.5032987594604492,0.015092886053025723,0.5982858538627625,0.4789409637451172,0.010615778155624866,0.6186374425888062,0.4650334417819977,0.025604574009776115,0.6048034429550171,0.48145055770874023,0.01592818647623062,0.6197561025619507,0.47023704648017883,0.039779700338840485,0.5982292890548706,0.466789573431015,0.0033222101628780365,0.5766769051551819,0.4252958297729492,-0.012894848361611366,0.5753976702690125,0.44964855909347534,-0.022597892209887505,0.5786986351013184,0.45040762424468994,-0.01617465540766716,0.5730628371238708,0.4447932839393616,-0.026745183393359184,0.5821685791015625,0.38821759819984436,-0.008927764371037483,0.5926653146743774,0.3816503882408142,-0.010064679197967052,0.6015272736549377,0.38021424412727356,-0.00943906418979168,0.6084204316139221,0.3818509876728058,-0.006765205413103104,0.6128773093223572,0.3858555555343628,-0.003004043363034725,0.6143690347671509,0.4016396999359131,0.006824520882219076,0.6296865940093994,0.42102423310279846,0.034595850855112076,0.609686553478241,0.41520461440086365,0.0035870266146957874,0.6037272810935974,0.41811639070510864,0.0006061886087991297,0.5958083868026733,0.41868001222610474,-0.0015317011857405305,0.5881532430648804,0.4166550934314728,-0.003072235034778714,0.5822035074234009,0.4134238362312317,-0.0032481998205184937,0.5782760381698608,0.4105277359485626,-0.004008182790130377,0.6303794980049133,0.41928261518478394,0.05596441403031349,0.5786049365997314,0.451647013425827,-0.013166935183107853,0.5729363560676575,0.4280772805213928,-0.020937152206897736,0.5714567303657532,0.4507465064525604,-0.026597507297992706,0.5686889290809631,0.4541032612323761,-0.023710055276751518,0.5715644359588623,0.4517105519771576,-0.0237958412617445,0.5773309469223022,0.4534173309803009,-0.010817233473062515,0.5675801038742065,0.45501840114593506,-0.025057733058929443,0.5670063495635986,0.456107497215271,-0.018186436966061592,0.577810525894165,0.40449467301368713,-0.0025578802451491356,0.5753989815711975,0.4059216380119324,-0.005433266516774893,0.573960542678833,0.4074922502040863,-0.008723095990717411,0.6067262887954712,0.4002632796764374,0.000179247886990197,0.6110941767692566,0.3947473168373108,0.0003860036958940327,0.5360039472579956,0.3988032937049866,-0.0008245276403613389,0.5420826077461243,0.399286150932312,-0.0008245276403613389,0.5364966988563538,0.3909917175769806,-0.0008245276403613389,0.5298274755477905,0.39826008677482605,-0.0008245276403613389,0.5354853868484497,0.40657374262809753,-0.0008245276403613389,0.5941524505615234,0.40154576301574707,-0.002337611047551036,0.6002423763275146,0.40170812606811523,-0.002337611047551036,0.5941817760467529,0.3938090205192566,-0.002337611047551036,0.5881322622299194,0.40135183930397034,-0.002337611047551036,0.5941336750984192,0.40924543142318726,-0.002337611047551036
3333.333333333337,0.5634713768959045,0.47509926557540894,-0.011237550526857376,0.5634866952896118,0.4525865316390991,-0.02929832972586155,0.5635435581207275,0.4583683907985687,-0.013808135874569416,0.5598118901252747,0.4246599078178406,-0.024833327159285545,0.5636976957321167,0.4444149136543274,-0.032052621245384216,0.5640711188316345,0.4331519901752472,-0.03098277375102043,0.5651229619979858,0.40533530712127686,-0.01937749609351158,0.5241765975952148,0.4002419114112854,0.0029242620803415775,0.5660350322723389,0.38165807723999023,-0.017939668148756027,0.5664823055267334,0.3697562515735626,-0.020695079118013382,0.5681332945823669,0.3280166983604431,-0.021001748740673065,0.5633462071418762,0.4782932698726654,-0.010153745301067829,0.5632113814353943,0.4814111590385437,-0.008126006461679935,0.5631489753723145,0.4833942651748657,-0.005276856012642384,0.5630773901939392,0.48362353444099426,-0.004041700623929501,0.5629835724830627,0.48787131905555725,-0.004348513204604387,0.5628339648246765,0.49277615547180176,-0.004975910298526287,0.5626714825630188,0.4976431131362915,-0.0035290641244500875,0.5624672174453735,0.5014044046401978,0.002659121062606573,0.5634700059890747,0.4561985731124878,-0.026022808626294136,0.5586048364639282,0.4548651874065399,-0.018206048756837845,0.5042238235473633,0.3614625930786133,0.025645049288868904,0.5409860610961914,0.41033506393432617,-0.0028461513575166464,0.534768283367157,0.41060155630111694,-0.0020562896970659494,0.529120147228241,0.4087691903114319,-0.00023198941198643297,0.5221094489097595,0.40150460600852966,0.004524408373981714,0.5463058352470398,0.4082586467266083,-0.0023037814535200596,0.5327001810073853,0.37981662154197693,-0.006465494632720947,0.539802074432373,0.3821876645088196,-0.006818787660449743,0.5261086225509644,0.38069668412208557,-0.00399823160842061,0.5218889713287354,0.38424867391586304,-0.0013299104757606983,0.5177898406982422,0.4047378599643707,0.008208846673369408,0.543087363243103,0.5101930499076843,0.011592844501137733,0.5224540829658508,0.3965071737766266,0.004829923622310162,0.5017060041427612,0.39737898111343384,0.03315843641757965,0.511727511882782,0.39581117033958435,0.013398818671703339,0.5356841683387756,0.4393709897994995,-0.0033161721657961607,0.5559384226799011,0.4727264642715454,-0.0105045847594738,0.5562256574630737,0.48036420345306396,-0.007106398697942495,0.548650860786438,0.4737738370895386,-0.006612472236156464,0.5435706377029419,0.47482219338417053,-0.0016140448860824108,0.5503361821174622,0.4793134033679962,-0.004480660893023014,0.5456620454788208,0.47846856713294983,-2.2161175365909003e-05,0.5380213260650635,0.48219552636146545,0.009760387241840363,0.5590660572052002,0.4520416855812073,-0.028775420039892197,0.5586379766464233,0.4440380930900574,-0.03130283206701279,0.5133424997329712,0.37087199091911316,-7.019143959041685e-05,0.5481868982315063,0.4211214482784271,-0.006676800083369017,0.5472449064254761,0.44645950198173523,-0.015150782652199268,0.547093391418457,0.4418034553527832,-0.013932098634541035,0.5179303884506226,0.43591824173927307,0.004538908135145903,0.5592058300971985,0.43360990285873413,-0.029128985479474068,0.5262203812599182,0.363202303647995,-0.011018396355211735,0.5183798670768738,0.3649049997329712,-0.005887037143111229,0.5099332332611084,0.34738582372665405,0.012501447461545467,0.5526437163352966,0.3767286539077759,-0.016260504722595215,0.5457366704940796,0.38767167925834656,-0.005174063146114349,0.5336953401565552,0.47403961420059204,0.009856895543634892,0.5096760988235474,0.46988794207572937,0.05921938642859459,0.55106520652771,0.45134955644607544,-0.01269907969981432,0.5552902817726135,0.4541018009185791,-0.012500040233135223,0.536637008190155,0.47632792592048645,0.00939780380576849,0.5380772352218628,0.47691649198532104,0.0077745141461491585,0.5151559710502625,0.35757988691329956,-0.0040512774139642715,0.5469302535057068,0.4489380121231079,-0.011607063002884388,0.5372483730316162,0.3665216267108917,-0.014697248116135597,0.5363453030586243,0.3588273227214813,-0.0168603602796793,0.5338329076766968,0.3299926519393921,-0.01245834305882454,0.513737678527832,0.3563104271888733,0.002723859855905175,0.5366864800453186,0.3465738892555237,-0.015287205576896667,0.5100219249725342,0.36554694175720215,0.004106869455426931,0.5078366994857788,0.3676152229309082,0.01385966595262289,0.555922269821167,0.4769018590450287,-0.00936835166066885,0.5494529604911804,0.47667402029037476,-0.005681271199136972,0.5445407032966614,0.47664228081703186,-0.0012024969328194857,0.5522075891494751,0.45255863666534424,-0.01116076111793518,0.537366509437561,0.4766268730163574,0.00855740625411272,0.5403512120246887,0.4800211489200592,0.005594728048890829,0.5388529896736145,0.4772396683692932,0.007651520427316427,0.5535088777542114,0.45042774081230164,-0.020776843652129173,0.5465318560600281,0.47984349727630615,0.0010489053092896938,0.551173210144043,0.48114827275276184,-0.001996344653889537,0.5567304491996765,0.48244810104370117,-0.004388521891087294,0.5549235939979553,0.5004208087921143,0.0032202776055783033,0.5548201203346252,0.4962806701660156,-0.002862560097128153,0.5552191138267517,0.4913749396800995,-0.004096087999641895,0.5558772683143616,0.48650923371315,-0.003412113292142749,0.556641161441803,0.4826798141002655,-0.003087294287979603,0.5463888049125671,0.4799216687679291,0.0021178603637963533,0.5451783537864685,0.4814857244491577,0.0016327527118846774,0.5438262820243835,0.4837021231651306,0.0011948958272114396,0.5427793860435486,0.4862210154533386,0.0025588274002075195,0.5398615598678589,0.46539807319641113,-0.0006975266151130199,0.502703070640564,0.430820107460022,0.061836421489715576,0.5634983777999878,0.4573633670806885,-0.01824670284986496,0.542900562286377,0.47867023944854736,0.005493460688740015,0.5416288375854492,0.4792584180831909,0.0052791014313697815,0.5568775534629822,0.45710495114326477,-0.012120207771658897,0.5484408140182495,0.4528806507587433,-0.006830834783613682,0.5561463832855225,0.4556533098220825,-0.012496058829128742,0.5418440103530884,0.42482638359069824,-0.0039344788528978825,0.5318472981452942,0.42879459261894226,-0.0012675549369305372,0.5460396409034729,0.44453126192092896,-0.010303561575710773,0.5192710757255554,0.336512953042984,-0.0007536710472777486,0.5228394269943237,0.3487221896648407,-0.006861427798867226,0.5240780115127563,0.35533422231674194,-0.0112410644069314,0.5421992540359497,0.48931336402893066,0.007366863079369068,0.5510321855545044,0.36459898948669434,-0.01980152726173401,0.5509705543518066,0.3475567698478699,-0.02008667215704918,0.5495769381523132,0.3275643289089203,-0.01924792304635048,0.5245466232299805,0.4058765172958374,0.0023610529024153948,0.5119112730026245,0.4087814688682556,0.012127934955060482,0.5497744679450989,0.4061281681060791,-0.001951963291503489,0.5165013670921326,0.38632732629776,0.004059103783220053,0.552327036857605,0.4165397882461548,-0.009304516017436981,0.550351083278656,0.44490474462509155,-0.02107972651720047,0.506016194820404,0.4142555296421051,0.019550878554582596,0.5153809189796448,0.41585052013397217,0.007690912578254938,0.5223506689071655,0.4203563332557678,0.0025904146023094654,0.5332443714141846,0.4211733043193817,-0.00013925577513873577,0.5415787696838379,0.4192509949207306,-0.0021194389555603266,0.5479227900505066,0.41627994179725647,-0.004229177255183458,0.5598671436309814,0.4069272577762604,-0.016918551176786423,0.5063002109527588,0.4308464229106903,0.02024093270301819,0.5122577548027039,0.382702112197876,0.006552645470947027,0.560792088508606,0.45573872327804565,-0.02565300650894642,0.5486371517181396,0.42917969822883606,-0.0082923024892807,0.5003364086151123,0.39480435848236084,0.0518813282251358,0.5526111721992493,0.4125688672065735,-0.005841045640408993,0.5454145669937134,0.4442751407623291,-0.004681922495365143,0.5198968648910522,0.3952994644641876,0.006187086924910545,0.5504080653190613,0.4391780495643616,-0.01956508681178093,0.5053201913833618,0.45013490319252014,0.06204720214009285,0.5500673651695251,0.403042733669281,-0.0011840806109830737,0.5546779632568359,0.43564772605895996,-0.025440003722906113,0.521202564239502,0.48994743824005127,0.030948420986533165,0.5225472450256348,0.4975894093513489,0.04247507452964783,0.5023486614227295,0.43134039640426636,0.0409899540245533,0.5138338208198547,0.479405015707016,0.03678025305271149,0.5044484734535217,0.38141849637031555,0.024912482127547264,0.5427401661872864,0.5166285634040833,0.016061825677752495,0.5614047050476074,0.4569215476512909,-0.017849063500761986,0.5432329773902893,0.43396225571632385,-0.005410975310951471,0.5073854923248291,0.3959341049194336,0.01921253092586994,0.5295079946517944,0.40549397468566895,-0.000560951535589993,0.5346685647964478,0.40692251920700073,-0.0020437149796634912,0.5392820239067078,0.4809911847114563,0.0067307366989552975,0.5072824358940125,0.44659972190856934,0.024276437237858772,0.551959753036499,0.5264058113098145,0.018489858135581017,0.5376220345497131,0.5153001546859741,0.02894788794219494,0.5310184955596924,0.5080375671386719,0.03488871827721596,0.5672609210014343,0.34899115562438965,-0.021724268794059753,0.5619508028030396,0.5282576084136963,0.016729364171624184,0.54001784324646,0.4065200090408325,-0.0024771166499704123,0.5451260805130005,0.4050433039665222,-0.0019220287213101983,0.5484308004379272,0.4040040373802185,-0.0010218635434284806,0.508522629737854,0.379393994808197,0.012014889158308506,0.5445255041122437,0.39534640312194824,-0.003775181947275996,0.5391546487808228,0.39179426431655884,-0.004634352866560221,0.5339049696922302,0.39068603515625,-0.004201867152005434,0.5288186073303223,0.3915084898471832,-0.0023810958955436945,0.5256255865097046,0.39337998628616333,-0.0002776823821477592,0.5012319684028625,0.3764232397079468,0.03981772065162659,0.5262041091918945,0.4029676020145416,0.0013646389124915004,0.563498318195343,0.46367669105529785,-0.01156066358089447,0.5458011627197266,0.46298375725746155,-0.004837059415876865,0.5510666370391846,0.4505937993526459,-0.015073996968567371,0.5560322403907776,0.46312978863716125,-0.010710196569561958,0.5655823945999146,0.393370658159256,-0.016749264672398567,0.529127299785614,0.5001999735832214,0.026825478300452232,0.5359675288200378,0.5082889795303345,0.021919045597314835,0.551345944404602,0.5226724743843079,0.010941890068352222,0.5156957507133484,0.4857535660266876,0.05171450227499008,0.5483807325363159,0.40002936124801636,-0.002253967337310314,0.5559009313583374,0.41985616087913513,-0.017036447301506996,0.5618840456008911,0.524388313293457,0.009475301951169968,0.5442554354667664,0.5218014121055603,0.022657891735434532,0.504534900188446,0.44877490401268005,0.04252178221940994,0.5510498881340027,0.4813438057899475,-0.0007582321995869279,0.5498554706573486,0.48417752981185913,-0.0012226421386003494,0.5488312840461731,0.48783135414123535,-0.0017381736543029547,0.5481189489364624,0.4921422600746155,-0.0004375212884042412,0.5476855039596558,0.49573373794555664,0.004778821021318436,0.5417370796203613,0.4776207208633423,0.004188426770269871,0.540574848651886,0.4765796959400177,0.0042104474268853664,0.5396566987037659,0.47555574774742126,0.003996537532657385,0.5353806614875793,0.46890363097190857,0.0043652793392539024,0.5135310888290405,0.45193517208099365,0.012992599047720432,0.556208074092865,0.41120707988739014,-0.012761329300701618,0.5536713600158691,0.3949293792247772,-0.005867198575288057,0.5506269335746765,0.3964957594871521,-0.003551807953044772,0.5429778695106506,0.4786618947982788,0.00476790638640523,0.5144420266151428,0.46946144104003906,0.024231653660535812,0.5585052371025085,0.3943842649459839,-0.012997548095881939,0.5451136231422424,0.5028209686279297,0.00846385769546032,0.5644184947013855,0.4238448739051819,-0.026931051164865494,0.5597817897796631,0.41638922691345215,-0.02155846171081066,0.5647461414337158,0.4151392877101898,-0.02309424802660942,0.551903247833252,0.4319496154785156,-0.015547684393823147,0.5619993805885315,0.5181751847267151,0.005393493454903364,0.5622155666351318,0.5094701051712036,0.004037155769765377,0.5532459020614624,0.5082768201828003,0.005347794387489557,0.5337911248207092,0.4860725402832031,0.013319546356797218,0.5403109192848206,0.4495961666107178,-0.0020911209285259247,0.5391384959220886,0.495347797870636,0.011377796530723572,0.5257249474525452,0.4472336173057556,0.0005261343321762979,0.5341809988021851,0.4562050998210907,0.0005917588714510202,0.521043062210083,0.45829692482948303,0.006883807014673948,0.5516765117645264,0.5166489481925964,0.006978993769735098,0.5487698316574097,0.4355373680591583,-0.010899421758949757,0.5299452543258667,0.49210667610168457,0.01933068409562111,0.5367564558982849,0.5013771057128906,0.0164154302328825,0.5288121700286865,0.47612205147743225,0.012398693710565567,0.509321391582489,0.4596943259239197,0.028102369979023933,0.5220707654953003,0.4778077006340027,0.01791304722428322,0.5079802870750427,0.4647766947746277,0.04250771179795265,0.5294436812400818,0.46385157108306885,0.004994140472263098,0.5524231791496277,0.424451619386673,-0.012322936207056046,0.5518679022789001,0.44894981384277344,-0.022070979699492455,0.548775851726532,0.44948214292526245,-0.015528782270848751,0.5542376637458801,0.4442996680736542,-0.026246100664138794,0.5487460494041443,0.3845902979373932,-0.008236684836447239,0.5387797951698303,0.3763028383255005,-0.009031428955495358,0.5300238728523254,0.3738783001899719,-0.008055522106587887,0.5229989290237427,0.3751714527606964,-0.005061018280684948,0.5183468461036682,0.3790561258792877,-0.0010890548583120108,0.5163664221763611,0.3955281376838684,0.008898483589291573,0.5012626051902771,0.4143049120903015,0.03745262324810028,0.5206796526908875,0.40944355726242065,0.005516162607818842,0.5263783931732178,0.41329076886177063,0.0023039181251078844,0.5339809656143188,0.4150826930999756,-0.00013849884271621704,0.5415207147598267,0.41427820920944214,-0.0019882882479578257,0.5474801063537598,0.41192689538002014,-0.0024486263282597065,0.551468551158905,0.40946054458618164,-0.0033826082944869995,0.5012621879577637,0.4125478267669678,0.05869841203093529,0.5488566160202026,0.450816810131073,-0.0125241344794631,0.5556052327156067,0.4275917112827301,-0.020502230152487755,0.5554745197296143,0.45037323236465454,-0.02625570259988308,0.5582043528556824,0.4539772570133209,-0.02350718528032303,0.55548495054245,0.45131126046180725,-0.02343827113509178,0.5501068234443665,0.4527340531349182,-0.010258807800710201,0.5591503977775574,0.45500579476356506,-0.02488989382982254,0.5597777366638184,0.45620501041412354,-0.01800357550382614,0.5520179271697998,0.403271347284317,-0.0019416904542595148,0.5545347332954407,0.40488749742507935,-0.004976400639861822,0.5561201572418213,0.4063110947608948,-0.00830650795251131,0.5238435864448547,0.3949739933013916,0.0019938021432608366,0.5195320248603821,0.38864201307296753,0.0023262551985681057,0.5690194368362427,0.42509016394615173,-0.025069154798984528,0.605954110622406,0.4055503308773041,0.0011909990571439266,0.5686478614807129,0.45524320006370544,-0.01838088221848011,0.6304638385772705,0.36828795075416565,0.023230547085404396,0.588631808757782,0.41315868496894836,-0.003970054909586906,0.5949233770370483,0.41430482268333435,-0.003373260609805584,0.6008164882659912,0.41329920291900635,-0.0017847898416221142,0.6081644296646118,0.40721383690834045,0.0026718610897660255,0.5832683444023132,0.4102291464805603,-0.0031828866340219975,0.5987135171890259,0.38540908694267273,-0.007950441911816597,0.5916308164596558,0.3865063488483429,-0.008002015762031078,0.604993999004364,0.3870508670806885,-0.005683479364961386,0.6088296175003052,0.39077457785606384,-0.003151245880872011,0.6129345297813416,0.4111006259918213,0.006302551832050085,0.581640899181366,0.5119460225105286,0.010736770927906036,0.6079182624816895,0.4021141529083252,0.003019002266228199,0.6305541396141052,0.4042525589466095,0.030625876039266586,0.6194095015525818,0.4030124843120575,0.01127500832080841,0.5930940508842468,0.442207396030426,-0.004480927716940641,0.5711766481399536,0.47328484058380127,-0.010869592428207397,0.5703438520431519,0.48084285855293274,-0.00747887184843421,0.5784428715705872,0.4748024046421051,-0.007345664780586958,0.5833449959754944,0.47603240609169006,-0.0025882157497107983,0.5763598084449768,0.4801773428916931,-0.005193064920604229,0.5810827016830444,0.47952407598495483,-0.0008897222578525543,0.5891319513320923,0.4842943847179413,0.008514595218002796,0.567976176738739,0.45241501927375793,-0.028914565220475197,0.5687946081161499,0.44444721937179565,-0.03148414567112923,0.6183235049247742,0.37869760394096375,-0.0021945214830338955,0.5815524458885193,0.4227294623851776,-0.007423556409776211,0.580729603767395,0.4478324055671692,-0.015835007652640343,0.5811839699745178,0.4432106018066406,-0.014659219421446323,0.6112008094787598,0.4407399892807007,0.0026851086877286434,0.5689411759376526,0.4339950978755951,-0.02936880849301815,0.6054942011833191,0.3710460364818573,-0.012475972063839436,0.6133408546447754,0.37275174260139465,-0.007760962005704641,0.6257385015487671,0.3536840081214905,0.010281109251081944,0.5784697532653809,0.38252779841423035,-0.016732066869735718,0.5852749943733215,0.3906581997871399,-0.006131353788077831,0.5940713882446289,0.4765462279319763,0.008432223461568356,0.6183964014053345,0.4752912223339081,0.05713111162185669,0.5766152739524841,0.45237013697624207,-0.013273386284708977,0.5722381472587585,0.4547472596168518,-0.012783481739461422,0.5901595950126648,0.47757256031036377,0.008135056123137474,0.5887024998664856,0.478097528219223,0.006654966622591019,0.6167300939559937,0.36540839076042175,-0.006053186487406492,0.5809911489486694,0.45032191276550293,-0.012277542613446712,0.5942889451980591,0.3740040063858032,-0.015736306086182594,0.5954326391220093,0.3662286400794983,-0.01790834404528141,0.6027132272720337,0.33373090624809265,-0.013781355693936348,0.6212038397789001,0.362188458442688,0.0006014073151163757,0.5983827114105225,0.3499506115913391,-0.01643509790301323,0.6218331456184387,0.373373419046402,0.0018552489345893264,0.6263998746871948,0.3741159737110138,0.011474506929516792,0.5708986520767212,0.47743862867355347,-0.009758716449141502,0.5774399042129517,0.4776376783847809,-0.006418498698621988,0.5822982788085938,0.4777541160583496,-0.0021481849253177643,0.5753998756408691,0.4534668028354645,-0.011565225198864937,0.5894153714179993,0.47784358263015747,0.007380942348390818,0.586140513420105,0.4811374247074127,0.004574581515043974,0.5879104137420654,0.47838833928108215,0.006570140365511179,0.5739999413490295,0.45126429200172424,-0.021236395463347435,0.5801323056221008,0.4808146059513092,0.00022820143203716725,0.5753778219223022,0.4819220304489136,-0.002632973250001669,0.5697422623634338,0.4828944504261017,-0.004760801792144775,0.5701871514320374,0.5011729001998901,0.002853190992027521,0.5706474184989929,0.4967672824859619,-0.0032640183344483376,0.5705103874206543,0.4918365478515625,-0.004534109029918909,0.570169985294342,0.4869665205478668,-0.0038350410759449005,0.5696709156036377,0.48309075832366943,-0.003489372320473194,0.580125093460083,0.4808371365070343,0.001290174899622798,0.581242561340332,0.48244988918304443,0.0008197522256523371,0.5824081301689148,0.4847105145454407,0.0003761684347409755,0.5832566022872925,0.48728039860725403,0.001726122573018074,0.5877799987792969,0.46751868724823,-0.0017370696878060699,0.6276414394378662,0.4374191164970398,0.059531282633543015,0.5837429761886597,0.4797086715698242,0.0045082406140863895,0.5849452018737793,0.4803345799446106,0.004286125302314758,0.5705016851425171,0.45768335461616516,-0.012383922934532166,0.5793821811676025,0.4541330933570862,-0.007367232348769903,0.5713047385215759,0.45628660917282104,-0.012764960527420044,0.5877311825752258,0.42710497975349426,-0.004917013458907604,0.5975968837738037,0.4321747124195099,-0.002637675032019615,0.5821951031684875,0.44605863094329834,-0.011038804426789284,0.6170669198036194,0.34184545278549194,-0.0026030130684375763,0.6124312281608582,0.3536641299724579,-0.008569781668484211,0.6078346967697144,0.36288735270500183,-0.012810741551220417,0.5841400027275085,0.49113327264785767,0.0063728829845786095,0.5806432366371155,0.37095341086387634,-0.02031022496521473,0.5838055610656738,0.34934693574905396,-0.020650453865528107,0.5869290232658386,0.3295689821243286,-0.019912054762244225,0.6055057048797607,0.41126173734664917,0.0006039578001946211,0.618808925151825,0.41602084040641785,0.010023696348071098,0.579869270324707,0.40775957703590393,-0.0027359200175851583,0.6143584847450256,0.3931344449520111,0.002051122020930052,0.5776379704475403,0.41774365305900574,-0.009904926642775536,0.5774849653244019,0.4460364282131195,-0.021626759320497513,0.624794065952301,0.42054179310798645,0.01720937341451645,0.6151165962219238,0.422804594039917,0.005728407297283411,0.6079567074775696,0.42637330293655396,0.0008644925546832383,0.5967892408370972,0.4255923628807068,-0.0014758401084691286,0.5883039236068726,0.4222946763038635,-0.0031419408041983843,0.5820249915122986,0.4184210002422333,-0.004998916294425726,0.5703668594360352,0.40742310881614685,-0.017179692164063454,0.6233723759651184,0.4370063841342926,0.017881739884614944,0.619089663028717,0.3901969790458679,0.00436330446973443,0.5661811828613281,0.45594125986099243,-0.025770099833607674,0.5805371999740601,0.430651992559433,-0.008990022353827953,0.6323313117027283,0.40178361535072327,0.049486611038446426,0.5774124264717102,0.4142487347126007,-0.00643525505438447,0.5829392075538635,0.445889949798584,-0.005382760427892208,0.6104896068572998,0.4013770520687103,0.00430530309677124,0.5778380632400513,0.4403221905231476,-0.020116455852985382,0.623925507068634,0.4563002288341522,0.05984678864479065,0.5796613097190857,0.40482497215270996,-0.0019692094065248966,0.5735165476799011,0.43642717599868774,-0.025865735486149788,0.6053214073181152,0.4938965439796448,0.02911994233727455,0.6037143468856812,0.5011218190193176,0.04085717350244522,0.6275052428245544,0.437906950712204,0.03839998319745064,0.6132580041885376,0.48420947790145874,0.03463311493396759,0.628800094127655,0.38814088702201843,0.02241569012403488,0.5816354751586914,0.5183551907539368,0.015148277394473553,0.5656323432922363,0.45707571506500244,-0.017928291112184525,0.5857597589492798,0.4359726905822754,-0.006300231907516718,0.6240824460983276,0.40351614356040955,0.0168763380497694,0.6002671122550964,0.4099326729774475,-0.0020486770663410425,0.5949608087539673,0.41067391633987427,-0.0033847333397716284,0.5871670246124268,0.4821569621562958,0.005629941821098328,0.6214746236801147,0.4525635540485382,0.02194644883275032,0.5719971060752869,0.5271099209785461,0.01802120730280876,0.5873600244522095,0.5171687602996826,0.027769464999437332,0.5946208238601685,0.5106112360954285,0.03350678086280823,0.5895818471908569,0.409422367811203,-0.0036309114657342434,0.5843896865844727,0.4071170389652252,-0.002895933575928211,0.5811501145362854,0.4058040976524353,-0.0018877459224313498,0.6231517791748047,0.3868963122367859,0.009692942723631859,0.5859737992286682,0.39784038066864014,-0.004847660195082426,0.591685950756073,0.3953033983707428,-0.005872426554560661,0.5971476435661316,0.3952086865901947,-0.005632245913147926,0.6021332144737244,0.3968063294887543,-0.0040084621869027615,0.6050642728805542,0.3990192711353302,-0.0019784667529165745,0.6324770450592041,0.38343074917793274,0.03739360347390175,0.6037057638168335,0.4079602062702179,-0.0002786519762594253,0.5818014740943909,0.46449390053749084,-0.005587200168520212,0.5765870809555054,0.45163416862487793,-0.01555074192583561,0.5712291598320007,0.4638288915157318,-0.011043772101402283,0.5967475175857544,0.5033337473869324,0.025300173088908195,0.5891977548599243,0.5106992721557617,0.020694464445114136,0.5724897980690002,0.523604691028595,0.010400282219052315,0.6113621592521667,0.49020829796791077,0.049779221415519714,0.5816475749015808,0.40198153257369995,-0.0031654606573283672,0.5735429525375366,0.4206785261631012,-0.01743979938328266,0.5800766944885254,0.5230613946914673,0.021763136610388756,0.6242508888244629,0.4549877345561981,0.04005314037203789,0.5753421187400818,0.4820517301559448,-0.0014106017770245671,0.5763505101203918,0.4849313497543335,-0.0018735325429588556,0.5771629810333252,0.48861023783683777,-0.0024196740705519915,0.5776451230049133,0.492936372756958,-0.0011178557761013508,0.5779227018356323,0.497050940990448,0.004028570372611284,0.5850700736045837,0.478731632232666,0.003109934739768505,0.5862330198287964,0.4777461290359497,0.003063732758164406,0.5872014164924622,0.47679558396339417,0.002819645684212446,0.592353343963623,0.47136983275413513,0.003059119451791048,0.6147597432136536,0.4571397304534912,0.010924148373305798,0.5739151835441589,0.4120660722255707,-0.013226570561528206,0.5767834782600403,0.39723679423332214,-0.006424277555197477,0.5796722173690796,0.39855703711509705,-0.004303901456296444,0.5838147401809692,0.47972238063812256,0.003793423529714346,0.6131322979927063,0.47431817650794983,0.02218473330140114,0.5721992254257202,0.3968525826931,-0.013289888389408588,0.5800435543060303,0.5043637752532959,0.007657739799469709,0.5696981549263,0.4168381989002228,-0.02178948000073433,0.576863169670105,0.4330977499485016,-0.016069520264863968,0.5713340640068054,0.5090990662574768,0.004929053131490946,0.5929122567176819,0.4887017011642456,0.011941961944103241,0.5878971815109253,0.45172831416130066,-0.0030601813923567533,0.586804211139679,0.4974346160888672,0.010283708572387695,0.6026639938354492,0.45113956928253174,-0.0009817606769502163,0.5938383340835571,0.45906922221183777,-0.0006320138345472515,0.6069201231002808,0.4626302421092987,0.005152563564479351,0.5724329948425293,0.5176210999488831,0.0064348806627094746,0.5799514651298523,0.4368917942047119,-0.011549366638064384,0.5963919162750244,0.4951537549495697,0.017825961112976074,0.5887999534606934,0.5037144422531128,0.015261836349964142,0.5985264182090759,0.47929686307907104,0.010772030800580978,0.6188389658927917,0.4652542769908905,0.02588595636188984,0.6050534248352051,0.4817505478858948,0.016128767281770706,0.6199464201927185,0.4704103171825409,0.04012457653880119,0.5984605550765991,0.4671538472175598,0.0034613613970577717,0.5768828988075256,0.4255991280078888,-0.012868743389844894,0.5757081508636475,0.4499460756778717,-0.022550450637936592,0.5789837837219238,0.4507291615009308,-0.016114961355924606,0.5733851790428162,0.44509297609329224,-0.026707185432314873,0.582114040851593,0.38859832286834717,-0.008999397046864033,0.5925618410110474,0.38194170594215393,-0.01011463813483715,0.6013931035995483,0.3804439902305603,-0.009455832652747631,0.608278751373291,0.38204988837242126,-0.0067508933134377,0.6127511262893677,0.38608771562576294,-0.0029636749532073736,0.6143468022346497,0.40201157331466675,0.006917264778167009,0.6297218799591064,0.42113351821899414,0.03483828529715538,0.6097908020019531,0.4155738651752472,0.0036919720005244017,0.6038792729377747,0.4184581935405731,0.0006963167688809335,0.5959656834602356,0.4190453588962555,-0.0014624091563746333,0.5882948637008667,0.41704386472702026,-0.0030346084386110306,0.5823137164115906,0.4138292074203491,-0.0032327300868928432,0.5783632397651672,0.41093307733535767,-0.004013934638351202,0.6303102970123291,0.4193701148033142,0.05627333000302315,0.578880250453949,0.4519919753074646,-0.013102298602461815,0.5731847882270813,0.4283848702907562,-0.02092491276562214,0.5717898607254028,0.4510502815246582,-0.026558348909020424,0.5690091848373413,0.4544331431388855,-0.023668793961405754,0.5718854069709778,0.4520147442817688,-0.023752272129058838,0.5775955319404602,0.4537937045097351,-0.010749266482889652,0.5679216384887695,0.4553530812263489,-0.025017794221639633,0.5673336386680603,0.4564652442932129,-0.018138689920306206,0.5778504610061646,0.40490591526031494,-0.0025842469185590744,0.5754539966583252,0.40632307529449463,-0.005464254878461361,0.5740319490432739,0.40787196159362793,-0.008749280124902725,0.6066860556602478,0.40067610144615173,0.00022582002566196024,0.6109918355941772,0.39511674642562866,0.00043840266880579293,0.5359417796134949,0.39930233359336853,-0.000976329785771668,0.5420467257499695,0.39976242184638977,-0.000976329785771668,0.5364218354225159,0.39145293831825256,-0.000976329785771668,0.5297422409057617,0.39877668023109436,-0.000976329785771668,0.5354391932487488,0.4070970118045807,-0.000976329785771668,0.594094455242157,0.40171319246292114,-0.0023227978963404894,0.6001726984977722,0.4018695652484894,-0.0023227978963404894,0.5940814018249512,0.393837034702301,-0.0023227978963404894,0.588105320930481,0.4015216529369354,-0.0023227978963404894,0.5941233038902283,0.4095523953437805,-0.0023227978963404894
3366.6666666666706,0.5637274980545044,0.47542473673820496,-0.011005198583006859,0.5636293292045593,0.45343637466430664,-0.029195796698331833,0.5636857748031616,0.45912331342697144,-0.013677995651960373,0.5599337220191956,0.42534780502319336,-0.02484956942498684,0.5638353228569031,0.4452592730522156,-0.031980421394109726,0.5642030835151672,0.4339214265346527,-0.030954089015722275,0.5652341842651367,0.4058508574962616,-0.01948711834847927,0.5240888595581055,0.40077370405197144,0.002793805440887809,0.566131055355072,0.3821394145488739,-0.018129989504814148,0.5665764212608337,0.3702302575111389,-0.02094142511487007,0.5682173371315002,0.328228235244751,-0.021399766206741333,0.5635947585105896,0.4785761535167694,-0.009891259483993053,0.5634494423866272,0.4816710948944092,-0.007847066968679428,0.5633743405342102,0.4836244583129883,-0.004966290667653084,0.5633105039596558,0.48373785614967346,-0.004028464667499065,0.563211977481842,0.48784682154655457,-0.004317226354032755,0.5630602836608887,0.4925876557826996,-0.004974024370312691,0.5628857016563416,0.4973127841949463,-0.003597826696932316,0.5627172589302063,0.5011927485466003,0.0025257349479943514,0.563614010810852,0.45702195167541504,-0.025905897840857506,0.5586950182914734,0.4556604027748108,-0.01809086464345455,0.504341721534729,0.36163803935050964,0.02534550055861473,0.541010320186615,0.41069725155830383,-0.0029348444659262896,0.5347750186920166,0.4110560715198517,-0.0021500494331121445,0.529109537601471,0.4092887043952942,-0.00033288306440226734,0.5220332741737366,0.40204063057899475,0.0044059124775230885,0.5463516712188721,0.40855276584625244,-0.0023975579533725977,0.5326459407806396,0.38025030493736267,-0.0066400207579135895,0.5397813320159912,0.38256749510765076,-0.00699201226234436,0.5260431170463562,0.38118627667427063,-0.004172255750745535,0.5218117833137512,0.3847600817680359,-0.0014997783582657576,0.5178037881851196,0.40527093410491943,0.00811639055609703,0.5433120727539062,0.5104019045829773,0.01156369037926197,0.5223444104194641,0.39701715111732483,0.004686551168560982,0.5017878413200378,0.3976605236530304,0.03301321342587471,0.511829674243927,0.39630886912345886,0.01326664723455906,0.5357891917228699,0.43994465470314026,-0.0032726319041103125,0.5560970902442932,0.4730772376060486,-0.01029098592698574,0.556358277797699,0.4806523323059082,-0.006830506958067417,0.5487073063850403,0.4740813076496124,-0.0064044068567454815,0.5435540676116943,0.4750765264034271,-0.0014374585589393973,0.5503706932067871,0.4795902669429779,-0.0042225997895002365,0.5456286668777466,0.47872230410575867,0.00019796082051470876,0.5382208824157715,0.48249199986457825,0.009823107160627842,0.559192955493927,0.45289844274520874,-0.02867846190929413,0.5587626695632935,0.44488364458084106,-0.031235171481966972,0.5134838223457336,0.37147602438926697,-0.0003014974354300648,0.5482819080352783,0.4216271936893463,-0.006704133935272694,0.547298014163971,0.44717735052108765,-0.015063686296343803,0.5471580624580383,0.4424729347229004,-0.013858683407306671,0.5180082321166992,0.4364491403102875,0.004587703384459019,0.5593265295028687,0.4343818426132202,-0.029103029519319534,0.5263155102729797,0.3638468384742737,-0.011269193142652512,0.5185052752494812,0.36553841829299927,-0.006134395487606525,0.5100475549697876,0.34758302569389343,0.012139507569372654,0.5526466369628906,0.37725338339805603,-0.016463078558444977,0.5457531213760376,0.3879975974559784,-0.005329523701220751,0.5338274836540222,0.4745001196861267,0.009957859292626381,0.509629487991333,0.47011280059814453,0.05942850932478905,0.5511170625686646,0.4520801603794098,-0.01259534154087305,0.5553615689277649,0.4548342823982239,-0.012384210713207722,0.5365379452705383,0.4764844477176666,0.009517338126897812,0.5379798412322998,0.47710075974464417,0.007898152805864811,0.5153840184211731,0.3582044839859009,-0.004328178241848946,0.5469790101051331,0.4496158957481384,-0.01150601077824831,0.5372932553291321,0.3671393394470215,-0.014935853891074657,0.5364276170730591,0.35943299531936646,-0.017131909728050232,0.5339176654815674,0.3302468955516815,-0.012867745012044907,0.5138271450996399,0.35662293434143066,0.002386280335485935,0.5367628931999207,0.3469547629356384,-0.015650205314159393,0.5102677941322327,0.3661060929298401,0.003850597655400634,0.5079287886619568,0.36789998412132263,0.013562739826738834,0.5560688376426697,0.4772053062915802,-0.00912233255803585,0.5495007634162903,0.4769588112831116,-0.005445233546197414,0.544517457485199,0.4768902361392975,-0.0010005519725382328,0.5522599220275879,0.4532771408557892,-0.01105701457709074,0.5372674465179443,0.4767965078353882,0.008679639548063278,0.5402535200119019,0.48025083541870117,0.005653813015669584,0.5387594699859619,0.47743961215019226,0.007768346928060055,0.5535865426063538,0.4512339234352112,-0.020688021555542946,0.5464924573898315,0.48010164499282837,0.0012912998208776116,0.5512053966522217,0.4814218282699585,-0.0017101255943998694,0.5568642020225525,0.48272067308425903,-0.004082045052200556,0.5552194118499756,0.5002734065055847,0.003102273214608431,0.5550451874732971,0.4960874319076538,-0.00292176753282547,0.5554245710372925,0.4912903308868408,-0.0041058179922401905,0.556060254573822,0.48658496141433716,-0.0033890700433403254,0.5567967295646667,0.4828716516494751,-0.003074169624596834,0.5463324785232544,0.48022085428237915,0.002142587909474969,0.5451303720474243,0.48174506425857544,0.0016535810427740216,0.5437933802604675,0.48392510414123535,0.0012029700446873903,0.5427648425102234,0.48640888929367065,0.00256098760291934,0.5400029420852661,0.4660099744796753,-0.0005627541104331613,0.502692699432373,0.431014746427536,0.061893343925476074,0.563642144203186,0.45815855264663696,-0.018117234110832214,0.5427865386009216,0.4789455533027649,0.0055470853112638,0.5415152311325073,0.4795073866844177,0.005335588939487934,0.5569875836372375,0.457838237285614,-0.011998475529253483,0.5485036969184875,0.45354002714157104,-0.006718595512211323,0.556235134601593,0.4563867449760437,-0.012376713566482067,0.5419456362724304,0.42534157633781433,-0.003937010187655687,0.531958818435669,0.42933595180511475,-0.0012553887208923697,0.5461047887802124,0.445171982049942,-0.01021846104413271,0.5193677544593811,0.33674299716949463,-0.0011474612401798368,0.5229211449623108,0.34906622767448425,-0.007214770652353764,0.5242488980293274,0.35596734285354614,-0.011526104062795639,0.5424643158912659,0.48945075273513794,0.007368195801973343,0.5510542392730713,0.36512160301208496,-0.020058194175362587,0.5510544180870056,0.3479354977607727,-0.020445918664336205,0.5496586561203003,0.32780879735946655,-0.01965317316353321,0.5244990587234497,0.40642040967941284,0.002251892816275358,0.5120086073875427,0.409329354763031,0.012052702717483044,0.5498294234275818,0.406400203704834,-0.002054065465927124,0.516516923904419,0.38687074184417725,0.003879360156133771,0.5524243712425232,0.4170475900173187,-0.009350104257464409,0.5504246354103088,0.4456857144832611,-0.021005315706133842,0.5060753226280212,0.41466280817985535,0.019496487453579903,0.5154114961624146,0.4164080321788788,0.0076437401585280895,0.5223571062088013,0.42090731859207153,0.0025627969298511744,0.53324294090271,0.4216891825199127,-0.0001647027238504961,0.5415829420089722,0.4197244942188263,-0.0021532741375267506,0.5479052662849426,0.41672489047050476,-0.0042815133929252625,0.5599769353866577,0.40745222568511963,-0.01702142134308815,0.5063366293907166,0.43129032850265503,0.020264431834220886,0.5123578310012817,0.38323959708213806,0.0063551245257258415,0.5609197020530701,0.45656853914260864,-0.02553902380168438,0.5487288236618042,0.42973870038986206,-0.008275672793388367,0.5004094243049622,0.3949580192565918,0.05176698416471481,0.5525878667831421,0.41300585865974426,-0.005910864565521479,0.545483410358429,0.44487327337265015,-0.0045993635430932045,0.5198197364807129,0.3958248198032379,0.0060449689626693726,0.5504859089851379,0.43989643454551697,-0.019509242847561836,0.50528883934021,0.45035967230796814,0.062181003391742706,0.5501236319541931,0.4033014178276062,-0.0013047595275565982,0.5547813773155212,0.4363992512226105,-0.025403030216693878,0.5212450623512268,0.4902557134628296,0.03107171505689621,0.5226077437400818,0.4978363513946533,0.04266407713294029,0.5023727416992188,0.43167349696159363,0.04101606458425522,0.5138189196586609,0.47970813512802124,0.03693854436278343,0.5045400261878967,0.3816938102245331,0.02468286268413067,0.542954683303833,0.5168437957763672,0.01607833057641983,0.5615280866622925,0.45771726965904236,-0.01772167906165123,0.5433269143104553,0.4345211088657379,-0.0053714425303041935,0.5075555443763733,0.39641717076301575,0.01907743327319622,0.5294804573059082,0.40599003434181213,-0.0006751664914190769,0.5346814393997192,0.4073479473590851,-0.0021509788930416107,0.539193332195282,0.48119306564331055,0.006799934897571802,0.5072969794273376,0.4470349848270416,0.02437342144548893,0.5522235631942749,0.5265406370162964,0.01850075088441372,0.5378261208534241,0.5155497789382935,0.02902628481388092,0.5311672687530518,0.5082961320877075,0.03501996770501137,0.5673556327819824,0.3493310213088989,-0.022065462544560432,0.5622011423110962,0.5283352732658386,0.01673273742198944,0.5400615930557251,0.40685608983039856,-0.002583256457000971,0.5451906323432922,0.40530693531036377,-0.002030350035056472,0.548503577709198,0.4042567014694214,-0.0011389764258638024,0.5086976885795593,0.3798811435699463,0.011806369759142399,0.5445348620414734,0.39565345644950867,-0.0039147138595581055,0.5391320586204529,0.39216387271881104,-0.004781830590218306,0.5338338613510132,0.3911045789718628,-0.004354825243353844,0.5287092924118042,0.39197519421577454,-0.0025354335084557533,0.5255028605461121,0.3938773274421692,-0.00042738395859487355,0.5013338327407837,0.37658077478408813,0.03960247337818146,0.5261441469192505,0.403495728969574,0.0012429028283804655,0.5636593699455261,0.464399516582489,-0.011416511610150337,0.5459431409835815,0.46363911032676697,-0.004703348036855459,0.5511215329170227,0.4513499438762665,-0.014982428401708603,0.556190013885498,0.4638470709323883,-0.010579761117696762,0.5656817555427551,0.39382562041282654,-0.016902877017855644,0.5292441844940186,0.5005015730857849,0.02690906636416912,0.5361331105232239,0.5085659623146057,0.02196730673313141,0.5515852570533752,0.5228011012077332,0.010933688841760159,0.515677809715271,0.4859742522239685,0.05194487422704697,0.5484216809272766,0.40030723810195923,-0.002384532243013382,0.5560056567192078,0.4204503297805786,-0.017076758667826653,0.5621194839477539,0.5244424343109131,0.009465200826525688,0.5445023775100708,0.5220065116882324,0.022692091763019562,0.5045436024665833,0.4491046369075775,0.04262298718094826,0.5511013269424438,0.4816039502620697,-0.0007391027174890041,0.5499310493469238,0.4843684434890747,-0.0012092870892956853,0.5489346385002136,0.48794665932655334,-0.001750366878695786,0.5482491850852966,0.49218782782554626,-0.0004748323990497738,0.5479887127876282,0.4957111179828644,0.00472134118899703,0.5416514873504639,0.47784358263015747,0.004359498620033264,0.54050213098526,0.4767899215221405,0.004371314775198698,0.5395932793617249,0.47576457262039185,0.0041470956057310104,0.5355027914047241,0.4694575369358063,0.004482939839363098,0.5135504603385925,0.4524267613887787,0.013090643100440502,0.5563116073608398,0.4117245376110077,-0.012833936139941216,0.5536912083625793,0.39528584480285645,-0.006007417105138302,0.5506645441055298,0.3967844545841217,-0.0036942039150744677,0.5428934693336487,0.4788949191570282,0.004952873103320599,0.5144398212432861,0.4698600769042969,0.024357445538043976,0.5584789514541626,0.3948171138763428,-0.0131443552672863,0.5453674793243408,0.5029481053352356,0.008401993662118912,0.5645449161529541,0.4245297610759735,-0.026948383077979088,0.5598944425582886,0.4169977307319641,-0.02162683941423893,0.5648673176765442,0.41574183106422424,-0.023164400830864906,0.5519979000091553,0.4325888752937317,-0.01552564650774002,0.5622377991676331,0.5182039141654968,0.005317797884345055,0.5624556541442871,0.5093953013420105,0.0039239320904016495,0.5535096526145935,0.508280336856842,0.005239422433078289,0.5339497327804565,0.48643043637275696,0.013373146764934063,0.540392279624939,0.45018380880355835,-0.0020168551709502935,0.5393616557121277,0.4955981969833374,0.01136905886232853,0.5258006453514099,0.4477904140949249,0.000577451370190829,0.5342711806297302,0.4567812979221344,0.0006685632979497313,0.521064043045044,0.45882052183151245,0.006965408567339182,0.551920473575592,0.5167571902275085,0.006911378353834152,0.5488516688346863,0.43614616990089417,-0.01085519790649414,0.5300745964050293,0.4924471378326416,0.01939604990184307,0.5369437336921692,0.5016632080078125,0.016432233154773712,0.5289039015769958,0.47658246755599976,0.012488972395658493,0.5093197226524353,0.46010148525238037,0.02823629416525364,0.5221227407455444,0.4782097637653351,0.01801009476184845,0.5079629421234131,0.46509069204330444,0.04266541451215744,0.5295102000236511,0.4644060730934143,0.005084846168756485,0.552517294883728,0.4250253140926361,-0.01233263686299324,0.5519411563873291,0.4497579038143158,-0.021989842876791954,0.5488277673721313,0.45022469758987427,-0.015431390143930912,0.5543347001075745,0.4451259672641754,-0.0261795986443758,0.5487586855888367,0.385018527507782,-0.008416169323027134,0.5387845635414124,0.37680795788764954,-0.00923918653279543,0.5300215482711792,0.37441834807395935,-0.0082659050822258,0.5230062007904053,0.3757309913635254,-0.005271073430776596,0.5183553099632263,0.3796117901802063,-0.0012966280337423086,0.5163773894309998,0.39602750539779663,0.008761913515627384,0.5013086795806885,0.41461798548698425,0.03739676624536514,0.5206642746925354,0.40998753905296326,0.005438338033854961,0.5263758301734924,0.4138157069683075,0.0022346191108226776,0.5339912176132202,0.4155553877353668,-0.00020092185877729207,0.5415310859680176,0.41468098759651184,-0.002049232367426157,0.5474931001663208,0.41227349638938904,-0.0025223728734999895,0.551479160785675,0.40980392694473267,-0.003463504370301962,0.5012930035591125,0.4127090573310852,0.058671172708272934,0.5489057898521423,0.45152634382247925,-0.012420125305652618,0.5557129979133606,0.42826104164123535,-0.020501498132944107,0.5555744767189026,0.45121943950653076,-0.02616841532289982,0.5583032369613647,0.45479947328567505,-0.023399822413921356,0.5555745959281921,0.4521391987800598,-0.02334667183458805,0.5501626133918762,0.4534243047237396,-0.010148227214813232,0.5592652559280396,0.4558342695236206,-0.024778123944997787,0.5598841905593872,0.4569988548755646,-0.017882391810417175,0.5520613789558411,0.4035516083240509,-0.0020559777040034533,0.5545478463172913,0.40523406863212585,-0.005077785346657038,0.5560992956161499,0.4067317545413971,-0.008400698192417622,0.5237131118774414,0.39548027515411377,0.001848106854595244,0.5194609761238098,0.3891725242137909,0.0021646488457918167,0.5691521763801575,0.4257521331310272,-0.025077547878026962,0.6060335636138916,0.40610092878341675,0.0011322635691612959,0.5688321590423584,0.45600390434265137,-0.01825844682753086,0.630583643913269,0.3681635856628418,0.02303217351436615,0.588783323764801,0.4137541949748993,-0.004018083680421114,0.5950533747673035,0.41486823558807373,-0.0034168437123298645,0.6009243130683899,0.4138220548629761,-0.0018258802592754364,0.6082605719566345,0.4077185392379761,0.0026291469112038612,0.5834384560585022,0.41084280610084534,-0.003243412123993039,0.5987070798873901,0.38587015867233276,-0.00806446187198162,0.5916641354560852,0.3869745433330536,-0.00812505278736353,0.6049731373786926,0.3875182271003723,-0.0057870470918715,0.6088220477104187,0.39125490188598633,-0.003243745304644108,0.6130250692367554,0.4115060865879059,0.006290093529969454,0.5817997455596924,0.5120453834533691,0.010739228688180447,0.6079840660095215,0.40264594554901123,0.002953027607873082,0.6306204199790955,0.4041801691055298,0.03061586804687977,0.6195060610771179,0.4034325182437897,0.011241774074733257,0.5932086110115051,0.44260942935943604,-0.004407993983477354,0.571537971496582,0.47358107566833496,-0.010653167963027954,0.5707237720489502,0.4810449182987213,-0.0072029815055429935,0.5789220333099365,0.47496312856674194,-0.0071270358748734,0.5838965773582458,0.4760689437389374,-0.0023959497921168804,0.5768505930900574,0.48028862476348877,-0.004932620096951723,0.5816551446914673,0.4795449674129486,-0.0006633094744756818,0.5893491506576538,0.4844502806663513,0.00860198587179184,0.56812983751297,0.45324215292930603,-0.028810271993279457,0.5689474940299988,0.4452616274356842,-0.0314093679189682,0.6182559132575989,0.37922048568725586,-0.0023269562516361475,0.5816567540168762,0.42313435673713684,-0.007427587639540434,0.5809074640274048,0.44846251606941223,-0.015721706673502922,0.5813428163528442,0.4437904953956604,-0.014561164192855358,0.6112827658653259,0.44098377227783203,0.002793968887999654,0.569083034992218,0.4347391128540039,-0.029334690421819687,0.6053400039672852,0.37158310413360596,-0.012661883607506752,0.6132069230079651,0.3732989430427551,-0.007927387952804565,0.6258446574211121,0.3536250591278076,0.010014700703322887,0.5784608721733093,0.38298293948173523,-0.016912899911403656,0.58536297082901,0.3911621570587158,-0.006245307624340057,0.594322144985199,0.4768293499946594,0.008566649630665779,0.6184122562408447,0.4751664102077484,0.057428356260061264,0.576812207698822,0.4530346095561981,-0.013150263577699661,0.5724349617958069,0.4554402530193329,-0.012657924555242062,0.5908284783363342,0.47739025950431824,0.008280542679131031,0.5893744230270386,0.4779534637928009,0.006795761175453663,0.6166034936904907,0.3659599721431732,-0.006239449605345726,0.5811737179756165,0.4509110748767853,-0.012151902541518211,0.5941734910011292,0.374484658241272,-0.01592722162604332,0.5952789187431335,0.36672502756118774,-0.018127812072634697,0.6028062105178833,0.3338280916213989,-0.014139045029878616,0.6213276386260986,0.36226168274879456,0.0003733666962943971,0.5984992980957031,0.35018980503082275,-0.016734803095459938,0.6217992305755615,0.373867392539978,0.0017082953127101064,0.6265202760696411,0.3741241991519928,0.0112999202683568,0.5712758302688599,0.4776693880558014,-0.009510205127298832,0.5779358148574829,0.4777674078941345,-0.006175878923386335,0.5828583240509033,0.4777786135673523,-0.0019373027607798576,0.5756015181541443,0.45412692427635193,-0.011445840820670128,0.5900847315788269,0.47767823934555054,0.007523606531322002,0.5867435336112976,0.48101940751075745,0.00464750686660409,0.5885796546936035,0.4782682955265045,0.006704112980514765,0.5741823315620422,0.45200347900390625,-0.02112824283540249,0.5806921720504761,0.4808381497859955,0.00047518356586806476,0.5758454203605652,0.482031911611557,-0.0023441556841135025,0.5700997710227966,0.48307815194129944,-0.004453986883163452,0.5703676342964172,0.500978410243988,0.002734192181378603,0.5708752274513245,0.49642375111579895,-0.003326264675706625,0.5707732439041138,0.49162572622299194,-0.004550347104668617,0.5704746246337891,0.4869254529476166,-0.0038175322115421295,0.5700156688690186,0.4831792116165161,-0.003481347346678376,0.5807024836540222,0.48085522651672363,0.0013173437910154462,0.5817751884460449,0.4824119806289673,0.0008438242948614061,0.5829027891159058,0.4846019148826599,0.0003880663716699928,0.5837143063545227,0.4871065616607666,0.0017356775933876634,0.5879908800125122,0.467993825674057,-0.0015767993172630668,0.6276740431785583,0.4372606873512268,0.05968786031007767,0.5843895673751831,0.47967761754989624,0.004572976380586624,0.5855749249458313,0.48026221990585327,0.004354005213826895,0.5706704258918762,0.458389550447464,-0.012253197841346264,0.5795666575431824,0.4547126889228821,-0.007238420192152262,0.571488082408905,0.45698678493499756,-0.012636340223252773,0.5878229141235352,0.4274834096431732,-0.004892229568213224,0.5976810455322266,0.4325152337551117,-0.00258809607475996,0.5823526978492737,0.44660279154777527,-0.010928507894277573,0.6171600818634033,0.3418591618537903,-0.0029205542523413897,0.612550675868988,0.3538109064102173,-0.008835566230118275,0.6076629757881165,0.3634335696697235,-0.01302370149642229,0.5843114256858826,0.4911498427391052,0.006391121074557304,0.5805801749229431,0.3713884949684143,-0.020539412274956703,0.5839141607284546,0.3496444821357727,-0.02097323350608349,0.5870206356048584,0.3297233283519745,-0.02029135450720787,0.6056067943572998,0.4117710590362549,0.0005645037163048983,0.6189278960227966,0.41633355617523193,0.010042201727628708,0.5800477862358093,0.40838032960891724,-0.0028049626853317022,0.614375114440918,0.3936372399330139,0.0019635185599327087,0.5777475833892822,0.41817301511764526,-0.009931126609444618,0.5776597261428833,0.4467378854751587,-0.02153107337653637,0.6248319745063782,0.4206012189388275,0.017269188538193703,0.6152096390724182,0.42308709025382996,0.005765176843851805,0.6080511212348938,0.42665353417396545,0.0008995099342428148,0.596906840801239,0.4259679615497589,-0.0014609064674004912,0.5884413123130798,0.42275404930114746,-0.0031458954326808453,0.5821753144264221,0.41891956329345703,-0.005026922561228275,0.5704776644706726,0.4079137444496155,-0.01727353036403656,0.6234002113342285,0.43708962202072144,0.01801212504506111,0.6191098690032959,0.3906750977039337,0.004269283730536699,0.5663374662399292,0.4567524194717407,-0.0256500244140625,0.5806560516357422,0.43112149834632874,-0.008951151743531227,0.632429838180542,0.4015912413597107,0.04947304725646973,0.5775593519210815,0.41476649045944214,-0.0064847031608223915,0.5830874443054199,0.4463883936405182,-0.0052789184264838696,0.6105626225471497,0.4018939435482025,0.004246140364557505,0.5779974460601807,0.44096505641937256,-0.020040450617671013,0.6239290237426758,0.4561662971973419,0.06007906049489975,0.5798368453979492,0.4054695963859558,-0.002054085023701191,0.5736682415008545,0.4371265470981598,-0.025813881307840347,0.6054286360740662,0.4939429759979248,0.029326945543289185,0.6037715077400208,0.5011142492294312,0.04112251475453377,0.6275015473365784,0.4378606677055359,0.03855781629681587,0.6133370995521545,0.48419591784477234,0.03489181771874428,0.6289039850234985,0.3880961239337921,0.022315360605716705,0.5817865133285522,0.5184664130210876,0.015206866897642612,0.5657910704612732,0.4578592777252197,-0.01779688522219658,0.5858700275421143,0.43641120195388794,-0.006236463785171509,0.6242266297340393,0.40389737486839294,0.016853898763656616,0.6003597974777222,0.410520076751709,-0.002102616475895047,0.595072329044342,0.41128355264663696,-0.0034412089735269547,0.5877460241317749,0.4819963872432709,0.005717628635466099,0.6215069890022278,0.45263999700546265,0.022141188383102417,0.5721917152404785,0.5271908640861511,0.018048325553536415,0.5874671339988708,0.5172884464263916,0.027897488325834274,0.5946974754333496,0.5106895565986633,0.03370058536529541,0.5897165536880493,0.4100519120693207,-0.0036932106595486403,0.5845464468002319,0.40776756405830383,-0.0029656977858394384,0.5813263058662415,0.40646040439605713,-0.001967491814866662,0.6232115030288696,0.3873349726200104,0.009596536867320538,0.586097240447998,0.3983233869075775,-0.004944764543324709,0.5917646884918213,0.39570188522338867,-0.005970946978777647,0.5971994996070862,0.3955869674682617,-0.005729078780859709,0.602174699306488,0.39720699191093445,-0.004098199307918549,0.6051083207130432,0.3994636535644531,-0.0020593779627233744,0.6325988173484802,0.38326016068458557,0.037279777228832245,0.603786289691925,0.4085317850112915,-0.0003332421474624425,0.5819792747497559,0.46504878997802734,-0.005433699116110802,0.5767824649810791,0.45232242345809937,-0.015440213494002819,0.5714021325111389,0.46450674533843994,-0.010906844399869442,0.5968598127365112,0.503434419631958,0.0254521481692791,0.5893244743347168,0.5108294486999512,0.020798230543732643,0.5726752281188965,0.5236738324165344,0.01041206531226635,0.6114025115966797,0.4901202619075775,0.050091031938791275,0.5818040370941162,0.4025704562664032,-0.0032574546057730913,0.573670506477356,0.42122289538383484,-0.01746608130633831,0.5802216529846191,0.5231758952140808,0.021834783256053925,0.6242334246635437,0.454935759305954,0.040279388427734375,0.575802206993103,0.48211103677749634,-0.0013944098027423024,0.5767656564712524,0.48489224910736084,-0.0018610869301483035,0.5775262713432312,0.48846274614334106,-0.0024328974541276693,0.5779581665992737,0.4926854968070984,-0.001153533230535686,0.5780782699584961,0.4969418942928314,0.003975283820182085,0.5857114791870117,0.47867244482040405,0.003293021582067013,0.5868561863899231,0.4776761829853058,0.003241541562601924,0.5878064036369324,0.4767267405986786,0.0029921443201601505,0.5926042795181274,0.47176000475883484,0.0032084970735013485,0.6148616075515747,0.4573136270046234,0.011090910993516445,0.5740256309509277,0.41252776980400085,-0.01328619197010994,0.5769196152687073,0.39779672026634216,-0.006536959204822779,0.5798228979110718,0.3991340100765228,-0.004411084111779928,0.5844469666481018,0.479678750038147,0.003988517913967371,0.6132501363754272,0.474403977394104,0.02238938957452774,0.5722979307174683,0.39737018942832947,-0.013423147611320019,0.5801933407783508,0.504391610622406,0.007611047476530075,0.5698250532150269,0.41741880774497986,-0.02184995822608471,0.5770009160041809,0.4336695373058319,-0.016031108796596527,0.5715166330337524,0.509051501750946,0.004828477744013071,0.5930915474891663,0.4888792634010315,0.012030767276883125,0.5880617499351501,0.4521825909614563,-0.0029607245232909918,0.5869503021240234,0.4975435137748718,0.010301067493855953,0.602805495262146,0.4514624774456024,-0.0008893221965990961,0.5940306186676025,0.45947158336639404,-0.0005232317489571869,0.6071072220802307,0.46289271116256714,0.00528322160243988,0.5726220607757568,0.5176706910133362,0.00638471869751811,0.5800887942314148,0.4374169707298279,-0.011484983377158642,0.5965381860733032,0.4952906370162964,0.01794411987066269,0.5889398455619812,0.5038462281227112,0.015320231206715107,0.5987383127212524,0.4795401096343994,0.010904940776526928,0.618895947933197,0.46531224250793457,0.02611217461526394,0.6052117347717285,0.4818888008594513,0.016287125647068024,0.6199649572372437,0.4703589379787445,0.04039585962891579,0.5986999273300171,0.4675028622150421,0.003588422667235136,0.5770086050033569,0.42610394954681396,-0.012859324924647808,0.5758916735649109,0.4506780505180359,-0.022448603063821793,0.5791746973991394,0.4513922929763794,-0.015994887799024582,0.5735527276992798,0.44585999846458435,-0.026624422520399094,0.5821766257286072,0.38911426067352295,-0.009142087772488594,0.5925383567810059,0.3824368119239807,-0.010270146653056145,0.6013237237930298,0.3809353709220886,-0.009604118764400482,0.6082028746604919,0.3825475871562958,-0.006884678732603788,0.612707257270813,0.386592835187912,-0.0030836425721645355,0.6144236922264099,0.4024883508682251,0.0068679568357765675,0.6297546029090881,0.42107653617858887,0.0349179208278656,0.6098752617835999,0.4159785211086273,0.0036872278433293104,0.6039735674858093,0.418864905834198,0.0006857505650259554,0.5960900783538818,0.41951507329940796,-0.0014806652907282114,0.5884458422660828,0.41757452487945557,-0.0030616542790085077,0.5824819207191467,0.41439035534858704,-0.0032783551141619682,0.5785403847694397,0.4114999771118164,-0.004070464055985212,0.6303763389587402,0.41918399930000305,0.05634213611483574,0.5790721774101257,0.45262426137924194,-0.012976969592273235,0.573320746421814,0.42900538444519043,-0.020911049097776413,0.5719636082649231,0.4518391191959381,-0.026456328108906746,0.569186806678772,0.4552147090435028,-0.02355220727622509,0.5720661878585815,0.452782541513443,-0.023646211251616478,0.5777891874313354,0.45441514253616333,-0.010622277855873108,0.5680888295173645,0.4561503231525421,-0.024898985400795937,0.5675060749053955,0.4572344422340393,-0.018012449145317078,0.5780252814292908,0.40552812814712524,-0.0026664133183658123,0.5756264925003052,0.40689295530319214,-0.0055437758564949036,0.5741730332374573,0.4084043800830841,-0.008827999234199524,0.606738269329071,0.4011612832546234,0.00015245679242070764,0.6110146045684814,0.3956270217895508,0.0003569845575839281,0.535911500453949,0.3996836245059967,-0.0011069276370108128,0.5420152544975281,0.40012240409851074,-0.0011069276370108128,0.5363935232162476,0.3919232487678528,-0.0011069276370108128,0.5297194123268127,0.3991829454898834,-0.0011069276370108128,0.5354099869728088,0.40737617015838623,-0.0011069276370108128,0.5941063761711121,0.4022156298160553,-0.0023987265303730965,0.6001709699630737,0.4023401439189911,-0.0023987265303730965,0.5940783023834229,0.39429301023483276,-0.0023987265303730965,0.5881358981132507,0.4020492136478424,-0.0023987265303730965,0.5941498875617981,0.41008833050727844,-0.0023987265303730965
3400.000000000004,0.5641217231750488,0.4755297303199768,-0.010806472972035408,0.5640022158622742,0.454370379447937,-0.029149893671274185,0.5640314221382141,0.45988383889198303,-0.013599414378404617,0.5602360367774963,0.4262508153915405,-0.0249487292021513,0.5642028450965881,0.4462154507637024,-0.03195726126432419,0.5645392537117004,0.434861958026886,-0.030972210690379143,0.5654728412628174,0.4067073464393616,-0.019641341641545296,0.5241711735725403,0.4013700783252716,0.002329790499061346,0.566328227519989,0.3828689455986023,-0.018355710431933403,0.5667685270309448,0.37097713351249695,-0.021214023232460022,0.5683518648147583,0.32917436957359314,-0.021909667178988457,0.5639787316322327,0.4788142442703247,-0.009685717523097992,0.5638117790222168,0.4820922315120697,-0.007649917155504227,0.5637075304985046,0.48417460918426514,-0.004778329748660326,0.563640832901001,0.4842478036880493,-0.0036885568406432867,0.563529372215271,0.48859941959381104,-0.003962966613471508,0.5633643865585327,0.49362820386886597,-0.004595328122377396,0.563165009021759,0.49861183762550354,-0.003181089647114277,0.5630950331687927,0.5017698407173157,0.0029634449165314436,0.5639769434928894,0.4579106569290161,-0.025850126519799232,0.5590176582336426,0.4564937949180603,-0.01806764490902424,0.5043582320213318,0.3622938096523285,0.02455720491707325,0.5409485101699829,0.41110050678253174,-0.0032872287556529045,0.5347594618797302,0.4115022122859955,-0.0025280413683503866,0.5291169881820679,0.4097782075405121,-0.0007418221794068813,0.5220449566841125,0.4026835262775421,0.003942825365811586,0.5462548136711121,0.40892553329467773,-0.0027185380458831787,0.5327967405319214,0.3810099959373474,-0.007068292237818241,0.539872407913208,0.3833039104938507,-0.007389770820736885,0.5262099504470825,0.3819102346897125,-0.004626161884516478,0.5219516754150391,0.3854263126850128,-0.00197382690384984,0.5177768468856812,0.40587422251701355,0.007649122271686792,0.5436546802520752,0.5107343792915344,0.011944509111344814,0.522418200969696,0.39772912859916687,0.004205373581498861,0.5018599629402161,0.398200124502182,0.03237050399184227,0.5117849111557007,0.3969807028770447,0.012731137685477734,0.5360425710678101,0.4405600428581238,-0.0034655295312404633,0.5564224123954773,0.47309184074401855,-0.01013778243213892,0.5566498041152954,0.4810403287410736,-0.006668465677648783,0.5489341616630554,0.4741428792476654,-0.0062859742902219296,0.5437237620353699,0.47518640756607056,-0.0013155256165191531,0.550588846206665,0.47992953658103943,-0.0040835049003362656,0.5458056330680847,0.4790300130844116,0.0003386822063475847,0.5385349988937378,0.4827779531478882,0.010042505338788033,0.5595602989196777,0.45383420586586,-0.028655637055635452,0.5591307282447815,0.4458274245262146,-0.031239178031682968,0.5136208534240723,0.3719763159751892,-0.0008545123273506761,0.5485179424285889,0.42234015464782715,-0.006919820327311754,0.5476351380348206,0.44793960452079773,-0.015154590830206871,0.5474897027015686,0.44321995973587036,-0.013972682878375053,0.5182230472564697,0.43698805570602417,0.004275245126336813,0.5596656203269958,0.43531161546707153,-0.029156768694519997,0.5266953110694885,0.3644542098045349,-0.01173382718116045,0.5187777280807495,0.3660787045955658,-0.006647057831287384,0.5100498199462891,0.348338782787323,0.011356046423316002,0.5529694557189941,0.3779953420162201,-0.01676933653652668,0.5457663536071777,0.3886376917362213,-0.005700442939996719,0.5341329574584961,0.47475311160087585,0.010076266713440418,0.5097291469573975,0.4702545404434204,0.05914738401770592,0.5514369606971741,0.45284178853034973,-0.012645220384001732,0.5556782484054565,0.45558273792266846,-0.012369218282401562,0.5366129875183105,0.47665977478027344,0.009666701778769493,0.5380585789680481,0.4773094058036804,0.008070291951298714,0.5156573057174683,0.3587017059326172,-0.00489260395988822,0.5473071336746216,0.4503061771392822,-0.011583338491618633,0.5377227067947388,0.36785370111465454,-0.015331601724028587,0.5369231700897217,0.360098659992218,-0.01756238006055355,0.5339586734771729,0.33115512132644653,-0.013551210053265095,0.5138972997665405,0.357383131980896,0.0017181441653519869,0.5368621349334717,0.34781861305236816,-0.01621684990823269,0.5103965997695923,0.36665040254592896,0.003244926454499364,0.5080119371414185,0.3685818314552307,0.012862599454820156,0.5563819408416748,0.47740066051483154,-0.008960278704762459,0.5497260689735413,0.4771588444709778,-0.0053098974749445915,0.544693112373352,0.47709551453590393,-0.0008634773548692465,0.5525732040405273,0.4540083706378937,-0.011086102575063705,0.5373430252075195,0.4769882261753082,0.00884273648262024,0.5403340458869934,0.4806925058364868,0.005894554778933525,0.5388502478599548,0.47766655683517456,0.007948145270347595,0.5539260506629944,0.4521106779575348,-0.0207342691719532,0.5466634035110474,0.48049044609069824,0.0014302559429779649,0.5514214634895325,0.48186951875686646,-0.001574791269376874,0.5571378469467163,0.48323699831962585,-0.003929428290575743,0.5555557608604431,0.5008257627487183,0.0035075326450169086,0.5552595853805542,0.4973849058151245,-0.0025419772136956453,0.5556730031967163,0.49232217669487,-0.0037568870466202497,0.5563398599624634,0.487309068441391,-0.003069635946303606,0.5570937991142273,0.48337575793266296,-0.0027690771967172623,0.5465127229690552,0.4806303083896637,0.00239507295191288,0.5452799201011658,0.48227792978286743,0.0019238843815401196,0.5439003705978394,0.48461881279945374,0.0014915525680407882,0.5428372621536255,0.4872514009475708,0.0028529183473438025,0.5403038263320923,0.4664502441883087,-0.0005075743538327515,0.5027434825897217,0.4312798082828522,0.061338163912296295,0.5639941692352295,0.45899420976638794,-0.01805644854903221,0.5429234504699707,0.47927767038345337,0.005769968032836914,0.5416259169578552,0.4798896014690399,0.005572021938860416,0.5573171377182007,0.4585675001144409,-0.011952175758779049,0.5488079786300659,0.45416077971458435,-0.006753868423402309,0.5565581321716309,0.45712724328041077,-0.012348124757409096,0.5421890616416931,0.42600753903388977,-0.0041748275980353355,0.5321924090385437,0.4299542009830475,-0.0015233763260766864,0.5464282631874084,0.4458625316619873,-0.010326256975531578,0.5193692445755005,0.3375820517539978,-0.0018849802436307073,0.5229904055595398,0.34988656640052795,-0.007841301150619984,0.5246829390525818,0.35652780532836914,-0.012047180905938148,0.5427682399749756,0.48984381556510925,0.007655048742890358,0.5515066981315613,0.36587509512901306,-0.020403580740094185,0.5511909127235413,0.3488312065601349,-0.02093370631337166,0.5497454404830933,0.32875147461891174,-0.020254002884030342,0.5245119333267212,0.4069696068763733,0.0018131049582734704,0.5119581818580627,0.4099532663822174,0.011567731387913227,0.5497038960456848,0.40676063299179077,-0.0023716804571449757,0.5165860652923584,0.38747188448905945,0.0033617543522268534,0.5526527166366577,0.41780489683151245,-0.009553089737892151,0.5507678389549255,0.4465406835079193,-0.02107960358262062,0.5062298774719238,0.4152180254459381,0.01898721046745777,0.5153581500053406,0.41696566343307495,0.007209433242678642,0.5223084688186646,0.4214189946651459,0.002193104475736618,0.5331775546073914,0.4221736490726471,-0.000470273254904896,0.5414937734603882,0.4201698899269104,-0.002426490420475602,0.5478085279464722,0.4171484410762787,-0.004527853801846504,0.5602127909660339,0.40829405188560486,-0.017209799960255623,0.5065066814422607,0.4317673444747925,0.019829168915748596,0.5124172568321228,0.3838483691215515,0.00579390162602067,0.5612751841545105,0.457457959651947,-0.025501659139990807,0.5489968657493591,0.4304583668708801,-0.008460498414933681,0.5004279017448425,0.39539819955825806,0.05104834958910942,0.5525100231170654,0.41341039538383484,-0.00615210784599185,0.5457843542098999,0.4455133378505707,-0.004721494857221842,0.519849419593811,0.39650875329971313,0.005554139614105225,0.5508190989494324,0.44072091579437256,-0.019609324634075165,0.505354106426239,0.45054951310157776,0.061749402433633804,0.5499728322029114,0.40368056297302246,-0.0016480390913784504,0.5551133751869202,0.4372844696044922,-0.025482915341854095,0.5214712619781494,0.4904940128326416,0.031102357432246208,0.5227765440940857,0.49798518419265747,0.04268777370452881,0.5024837851524353,0.43206167221069336,0.040513183921575546,0.5140109062194824,0.4799555242061615,0.036816105246543884,0.5046156644821167,0.38230735063552856,0.023998146876692772,0.5432866215705872,0.5171571969985962,0.01647326350212097,0.5618723034858704,0.4585550129413605,-0.017673514783382416,0.5435890555381775,0.43517687916755676,-0.0055595459416508675,0.5074538588523865,0.39717668294906616,0.018498847261071205,0.5295450687408447,0.40644991397857666,-0.0010987415444105864,0.5347158908843994,0.4077632427215576,-0.0025471574626863003,0.5392488837242126,0.48167985677719116,0.007030675187706947,0.5074631571769714,0.4474327862262726,0.02402740903198719,0.5525369048118591,0.5268682241439819,0.018998699262738228,0.5380716919898987,0.515758752822876,0.02931901253759861,0.5313756465911865,0.5084633231163025,0.0351935550570488,0.567523717880249,0.35022154450416565,-0.022470183670520782,0.5625406503677368,0.5286757946014404,0.017308508977293968,0.5400448441505432,0.40723955631256104,-0.0029518543742597103,0.5451164841651917,0.4056658446788788,-0.002381078200414777,0.5483767986297607,0.4046153426170349,-0.001484119100496173,0.5087223649024963,0.38054928183555603,0.011198909021914005,0.5445037484169006,0.3963090777397156,-0.004291086457669735,0.5391730070114136,0.39300164580345154,-0.005175076890736818,0.5339512228965759,0.39203548431396484,-0.004775200039148331,0.5288653373718262,0.3928968012332916,-0.002978735836222768,0.5256505608558655,0.39472296833992004,-0.0008883173577487469,0.5013501644134521,0.3771357238292694,0.03883451595902443,0.5262280702590942,0.4040163457393646,0.0007963968091644347,0.5640191435813904,0.4650369882583618,-0.011294553056359291,0.5462543964385986,0.46416595578193665,-0.004661210812628269,0.5514472126960754,0.4521535336971283,-0.01504118088632822,0.556527853012085,0.4644686281681061,-0.010485715232789516,0.5658870339393616,0.39460551738739014,-0.017105484381318092,0.5295118689537048,0.5007303953170776,0.027097336947917938,0.5364345908164978,0.5088227987289429,0.022266926243901253,0.5519431829452515,0.5231579542160034,0.011432317085564137,0.515815258026123,0.4861111640930176,0.051813725382089615,0.5483108758926392,0.40077680349349976,-0.0027426204178482294,0.5562707781791687,0.42128750681877136,-0.017236804589629173,0.5624869465827942,0.5248221755027771,0.010039489716291428,0.5447845458984375,0.5222806334495544,0.02309071458876133,0.5046662092208862,0.44942083954811096,0.042224809527397156,0.5513442754745483,0.4820697605609894,-0.00046539181494154036,0.5501493215560913,0.4850296378135681,-0.0009153335704468191,0.5491098761558533,0.48885294795036316,-0.0014349695993587375,0.5483906269073486,0.4933403730392456,-0.0001404996874043718,0.5482977032661438,0.49620598554611206,0.005069459788501263,0.5417807698249817,0.4781116247177124,0.004513052757829428,0.5406262874603271,0.4769972264766693,0.004516417160630226,0.5397096276283264,0.47591790556907654,0.004278120584785938,0.5358051657676697,0.46979162096977234,0.004553156904876232,0.5137600898742676,0.45286041498184204,0.012844782322645187,0.5565406680107117,0.41253095865249634,-0.013030711561441422,0.553684651851654,0.39580389857292175,-0.006320999935269356,0.5505988597869873,0.39727646112442017,-0.00404016301035881,0.5430309176445007,0.47921961545944214,0.005104186944663525,0.5146425366401672,0.4701804220676422,0.0242140032351017,0.5585588216781616,0.3953702449798584,-0.013407851569354534,0.5456953048706055,0.5033271908760071,0.008769188076257706,0.564845860004425,0.4254460632801056,-0.027011152356863022,0.5601651072502136,0.4178774952888489,-0.02176859974861145,0.565137505531311,0.4166358411312103,-0.023276938125491142,0.5522950291633606,0.433381587266922,-0.015662075951695442,0.5626145005226135,0.5186106562614441,0.005878849886357784,0.562832236289978,0.5098689198493958,0.004432652611285448,0.5538676977157593,0.5087260007858276,0.005700697191059589,0.5342618823051453,0.4866829514503479,0.013574318028986454,0.5406852960586548,0.4507600665092468,-0.0021199004258960485,0.5396749973297119,0.4958968758583069,0.011661873199045658,0.5260481834411621,0.44834065437316895,0.0003942343464586884,0.5345592498779297,0.45728763937950134,0.0006009115604683757,0.5213184952735901,0.4592573046684265,0.006825885269790888,0.5522916913032532,0.5171376466751099,0.007398694287985563,0.549153208732605,0.43687939643859863,-0.010998586192727089,0.5303646326065063,0.4927038848400116,0.01957687921822071,0.5372593402862549,0.5019416809082031,0.016727430745959282,0.529205858707428,0.47684356570243835,0.012564223259687424,0.5094887614250183,0.4604325294494629,0.027979852631688118,0.5223736763000488,0.47850680351257324,0.01801665499806404,0.5081155896186829,0.4653584063053131,0.04238910600543022,0.5298039317131042,0.4647725522518158,0.005061744712293148,0.5527820587158203,0.4258060157299042,-0.012505530379712582,0.5522827506065369,0.45063722133636475,-0.022046424448490143,0.5491605997085571,0.45100438594818115,-0.015494796447455883,0.5546883940696716,0.4460456967353821,-0.026216842234134674,0.5488747358322144,0.38568738102912903,-0.008773505687713623,0.5390124917030334,0.37754225730895996,-0.009640097618103027,0.5302878022193909,0.3751157224178314,-0.008700967766344547,0.5232465863227844,0.37636318802833557,-0.005740427412092686,0.5185182094573975,0.38019299507141113,-0.0017970247427001595,0.5163663625717163,0.39666491746902466,0.008256546221673489,0.5014082193374634,0.415086030960083,0.036814745515584946,0.520633339881897,0.41055017709732056,0.005002130288630724,0.5263434052467346,0.41432157158851624,0.001849111053161323,0.5339386463165283,0.41602346301078796,-0.0005388119607232511,0.5414483547210693,0.41511020064353943,-0.002364572836086154,0.5473861694335938,0.4126737117767334,-0.002805402036756277,0.5513696670532227,0.4102018177509308,-0.003737994469702244,0.5013266205787659,0.4130575358867645,0.05802204832434654,0.5492331981658936,0.45224815607070923,-0.012478838674724102,0.5560107827186584,0.42912057042121887,-0.020625708624720573,0.5559276938438416,0.4521476626396179,-0.02618268132209778,0.5586376786231995,0.4556752145290375,-0.02337956801056862,0.555913507938385,0.45303627848625183,-0.023363709449768066,0.5504745244979858,0.45410144329071045,-0.010181342251598835,0.5596124529838562,0.45672285556793213,-0.02474617399275303,0.5602186918258667,0.45783331990242004,-0.017846178263425827,0.5519272089004517,0.40393275022506714,-0.0023755088914185762,0.5544601082801819,0.4056449830532074,-0.005354525521397591,0.5560635924339294,0.40714940428733826,-0.008635441772639751,0.5238284468650818,0.3962627351284027,0.0013780022272840142,0.519548773765564,0.38982173800468445,0.0016765157924965024,0.5694447159767151,0.4266410768032074,-0.0251128152012825,0.6061676740646362,0.40693315863609314,0.001122590503655374,0.5691900849342346,0.45682311058044434,-0.018186047673225403,0.6306988596916199,0.36871951818466187,0.02290251851081848,0.5890020132064819,0.4147520959377289,-0.004077850375324488,0.5952736139297485,0.4158459007740021,-0.0034436495043337345,0.6011351943016052,0.4147009551525116,-0.0018295628251507878,0.6083869338035583,0.4084721803665161,0.002644604304805398,0.5836426019668579,0.41177716851234436,-0.003331434214487672,0.5986815690994263,0.38655179738998413,-0.00811864249408245,0.5916804671287537,0.38766366243362427,-0.008224010467529297,0.6049318909645081,0.38820579648017883,-0.0058120074681937695,0.6087910532951355,0.39194783568382263,-0.0032560648396611214,0.6132000684738159,0.41217467188835144,0.006335440557450056,0.5821085572242737,0.5123042464256287,0.011323001235723495,0.6080842018127441,0.4033867418766022,0.0029475856572389603,0.6307415962219238,0.40456387400627136,0.03067263960838318,0.6196722984313965,0.40408530831336975,0.011283062398433685,0.593477189540863,0.4431265592575073,-0.004304509609937668,0.5719962120056152,0.47356605529785156,-0.010423004627227783,0.5711460709571838,0.48139452934265137,-0.00697212852537632,0.5794131755828857,0.47495174407958984,-0.006851079408079386,0.5843683481216431,0.47609713673591614,-0.0020572119392454624,0.577288031578064,0.4805663228034973,-0.004657876677811146,0.5820816159248352,0.4797765612602234,-0.0003415014944039285,0.589701771736145,0.4846116304397583,0.009092043153941631,0.5684978365898132,0.45416054129600525,-0.028746386989951134,0.5693033337593079,0.4461871087551117,-0.03136524558067322,0.6181883215904236,0.3799154460430145,-0.0023413265589624643,0.5818686485290527,0.4237963557243347,-0.007449791766703129,0.581203043460846,0.4491504728794098,-0.01562630943953991,0.581613302230835,0.44446277618408203,-0.014482464641332626,0.6115115284919739,0.44137462973594666,0.0029589380137622356,0.5694078803062439,0.4356522858142853,-0.02932683750987053,0.605137825012207,0.37229955196380615,-0.012748613022267818,0.6130346655845642,0.37400689721107483,-0.007972769439220428,0.6259852051734924,0.35430455207824707,0.009821418672800064,0.5784148573875427,0.38362598419189453,-0.017088500782847404,0.5854311585426331,0.39188238978385925,-0.006371736992150545,0.5946622490882874,0.4769377112388611,0.009012970142066479,0.6184648275375366,0.4751574695110321,0.057771358639001846,0.5771305561065674,0.45373642444610596,-0.013071696273982525,0.5727722644805908,0.4561496078968048,-0.01257888600230217,0.5912249684333801,0.47750791907310486,0.008713623508810997,0.5897775888442993,0.47809869050979614,0.0072189620696008205,0.6164427995681763,0.3666749596595764,-0.006308809854090214,0.5814694166183472,0.45151856541633606,-0.01204779464751482,0.5940061211585999,0.3751569390296936,-0.016061358153820038,0.5950724482536316,0.3674336075782776,-0.018289370462298393,0.6030079126358032,0.3347010314464569,-0.014477589167654514,0.6214945912361145,0.3629365563392639,0.0002514681254979223,0.5987293124198914,0.35100966691970825,-0.016992302611470222,0.6217949986457825,0.3745476305484772,0.001677307183854282,0.6266531348228455,0.3747020661830902,0.011220887303352356,0.5717223286628723,0.47783130407333374,-0.009271956980228424,0.5784065127372742,0.477904349565506,-0.005893026944249868,0.5833103656768799,0.47790709137916565,-0.0016023936914280057,0.5759307742118835,0.45480334758758545,-0.011364090256392956,0.5904861092567444,0.47780922055244446,0.007949934341013432,0.5871469378471375,0.4813547432422638,0.005114424508064985,0.588988721370697,0.4784283936023712,0.007128776516765356,0.5745111107826233,0.4528423845767975,-0.021048355847597122,0.5810858607292175,0.4811539351940155,0.0007870433619245887,0.5762485861778259,0.48242345452308655,-0.0020808519329875708,0.5704890489578247,0.48355939984321594,-0.004230426158756018,0.5707636475563049,0.5015058517456055,0.0032054847106337547,0.5712146162986755,0.49763932824134827,-0.002871342469006777,0.5711223483085632,0.49258843064308167,-0.004124131053686142,0.5708258748054504,0.48759323358535767,-0.0034203086979687214,0.5703737139701843,0.4836365580558777,-0.0031045819632709026,0.5810884833335876,0.48116156458854675,0.001743327477015555,0.5821623206138611,0.48283055424690247,0.0012892559170722961,0.5833084583282471,0.4851556122303009,0.0008599779685027897,0.5841206908226013,0.4877847135066986,0.0022250558249652386,0.5883579850196838,0.4683287441730499,-0.0012670374708250165,0.6277302503585815,0.437366783618927,0.059827521443367004,0.584769070148468,0.47991687059402466,0.005011844448745251,0.5859691500663757,0.4805494248867035,0.004807452205568552,0.5710169672966003,0.4590831398963928,-0.012141040526330471,0.5798942446708679,0.45525652170181274,-0.007129190489649773,0.5718297362327576,0.45769062638282776,-0.012546063400804996,0.5880324244499207,0.4280761182308197,-0.0048723830841481686,0.5979097485542297,0.4330295920372009,-0.002514144405722618,0.5826260447502136,0.44720906019210815,-0.010837908834218979,0.617344081401825,0.342641144990921,-0.0031747128814458847,0.6127540469169617,0.35456258058547974,-0.00902077928185463,0.607438862323761,0.3641663193702698,-0.01314429473131895,0.584692120552063,0.49145638942718506,0.006905184127390385,0.5804575085639954,0.37205061316490173,-0.02074645645916462,0.5841299891471863,0.35051995515823364,-0.021298343315720558,0.5872064828872681,0.33064818382263184,-0.020715201273560524,0.6057764291763306,0.41259199380874634,0.0005738416803069413,0.6191531419754028,0.4169405996799469,0.010124276392161846,0.5802376866340637,0.4092627167701721,-0.0029150177724659443,0.6143888831138611,0.3943394422531128,0.0019707907922565937,0.5779653787612915,0.41889438033103943,-0.009980827569961548,0.577971339225769,0.44753795862197876,-0.021455377340316772,0.6249647736549377,0.4209902882575989,0.017400873824954033,0.6154395937919617,0.42368659377098083,0.005866639316082001,0.6082903146743774,0.4272531569004059,0.0009845891036093235,0.5971608757972717,0.42664432525634766,-0.0014177492121234536,0.5887114405632019,0.4234844744205475,-0.0031503408681601286,0.5824329257011414,0.4196486473083496,-0.00507418904453516,0.5707086324691772,0.4087432026863098,-0.017395740374922752,0.6235508322715759,0.43739134073257446,0.01821405068039894,0.6191657185554504,0.39135000109672546,0.004278391599655151,0.5667030215263367,0.45763149857521057,-0.02557947300374508,0.5808929204940796,0.4317851662635803,-0.008944481611251831,0.6325196623802185,0.40188008546829224,0.04947119951248169,0.5777866244316101,0.41549304127693176,-0.006569524761289358,0.5833563804626465,0.446941614151001,-0.0051962146535515785,0.6106317639350891,0.4026152491569519,0.004253091290593147,0.5782812833786011,0.44173353910446167,-0.019988421350717545,0.6239855885505676,0.4561987519264221,0.06030694395303726,0.5799998641014099,0.40635502338409424,-0.0021772475447505713,0.5739750266075134,0.4379768669605255,-0.025783652439713478,0.6056015491485596,0.49403610825538635,0.02982816845178604,0.6039068698883057,0.5011417865753174,0.04161497950553894,0.6276046633720398,0.43808048963546753,0.03875335678458214,0.6134563684463501,0.48428094387054443,0.03532607480883598,0.6290343999862671,0.3885822594165802,0.022294793277978897,0.5820803046226501,0.518710196018219,0.015824146568775177,0.5661455988883972,0.45869016647338867,-0.01772892102599144,0.5861156582832336,0.43698999285697937,-0.006190567743033171,0.62445068359375,0.4045022130012512,0.016907406970858574,0.6005438566207886,0.4115242063999176,-0.0021265908144414425,0.5952602028846741,0.4123591482639313,-0.003483108477666974,0.5881534218788147,0.4823724627494812,0.006189770996570587,0.6216655969619751,0.45286163687705994,0.022411301732063293,0.5725152492523193,0.5274842381477356,0.018666965886950493,0.5877108573913574,0.5174174904823303,0.028490522876381874,0.5948939323425293,0.5107569098472595,0.03425309807062149,0.5899038910865784,0.41113078594207764,-0.0037627159617841244,0.5847281217575073,0.40877920389175415,-0.003058135975152254,0.5815028548240662,0.40740078687667847,-0.0020794738084077835,0.6233227252960205,0.38797205686569214,0.009604784660041332,0.5861996412277222,0.3989923596382141,-0.0050532096065580845,0.59183669090271,0.3962872624397278,-0.006054489873349667,0.5972594022750854,0.39615386724472046,-0.005788663402199745,0.6022395491600037,0.39778926968574524,-0.004131830297410488,0.6051778793334961,0.40008965134620667,-0.0020796488970518112,0.6327102184295654,0.3836899697780609,0.03720732778310776,0.6039485931396484,0.4094477593898773,-0.0003466176858637482,0.5823488235473633,0.4654928743839264,-0.00519932247698307,0.5771015882492065,0.45307010412216187,-0.015367294661700726,0.5717792510986328,0.4650930166244507,-0.010733436793088913,0.5970668196678162,0.5035412907600403,0.02601688914000988,0.589569091796875,0.5109913349151611,0.021395795047283173,0.5730082988739014,0.5239902138710022,0.011027853935956955,0.6114790439605713,0.49011993408203125,0.05050797015428543,0.5819376707077026,0.4033714532852173,-0.0033748692367225885,0.5739240646362305,0.4220334589481354,-0.017519962042570114,0.5805119872093201,0.5233919620513916,0.022458391264081,0.6243329048156738,0.45508092641830444,0.040549375116825104,0.5761772990226746,0.4824937582015991,-0.0009911700617522001,0.5771396160125732,0.48544973134994507,-0.0014314970467239618,0.5779106020927429,0.48923954367637634,-0.001971718156710267,0.5783433318138123,0.49368131160736084,-0.0006660091457888484,0.5784783959388733,0.49738287925720215,0.004487765021622181,0.586123526096344,0.4788673520088196,0.003666667500510812,0.5872825980186462,0.47781509160995483,0.0036300227511674166,0.5882437229156494,0.47680985927581787,0.0033817910589277744,0.592963457107544,0.4719654619693756,0.003588499501347542,0.6150808930397034,0.45758339762687683,0.011357730254530907,0.5742504596710205,0.4133113622665405,-0.013377577066421509,0.5770416855812073,0.39857277274131775,-0.0067068831995129585,0.579952597618103,0.3999408185482025,-0.00454785767942667,0.5848392844200134,0.4799294173717499,0.004356076940894127,0.6134403347969055,0.4745582342147827,0.02276761271059513,0.5724024176597595,0.39807945489883423,-0.013595348224043846,0.580537736415863,0.5047062039375305,0.008156132884323597,0.5700880885124207,0.41828423738479614,-0.021935781463980675,0.577263593673706,0.4344163239002228,-0.016027376055717468,0.5718809366226196,0.5094637870788574,0.005372987594455481,0.5933820605278015,0.4890040159225464,0.012546664103865623,0.5883448719978333,0.45265889167785645,-0.002817510161548853,0.587270200252533,0.4977441728115082,0.01084265485405922,0.6030803322792053,0.45188531279563904,-0.0007000864716246724,0.5943290591239929,0.45986413955688477,-0.0002870749740395695,0.6073626279830933,0.46318191289901733,0.005570937879383564,0.5729670524597168,0.5180100798606873,0.006983025930821896,0.5803365707397461,0.438086599111557,-0.011450391262769699,0.596781849861145,0.4954165816307068,0.018482396379113197,0.5892161130905151,0.5040270686149597,0.015890194103121758,0.5990190505981445,0.4796532392501831,0.011358631774783134,0.6190489530563354,0.4654693007469177,0.02644215151667595,0.6054480671882629,0.48203304409980774,0.016731539741158485,0.6200506687164307,0.4704565405845642,0.040753599256277084,0.5989965796470642,0.46773460507392883,0.003915322478860617,0.5772512555122375,0.4268440306186676,-0.012880831025540829,0.5762177109718323,0.4515104591846466,-0.02236773632466793,0.5794856548309326,0.45210444927215576,-0.015900708734989166,0.5738877654075623,0.4467431306838989,-0.02656189352273941,0.582201361656189,0.3898370563983917,-0.0093025341629982,0.592479944229126,0.38315272331237793,-0.010388130322098732,0.6012115478515625,0.3816492259502411,-0.00966961495578289,0.6080846190452576,0.38324692845344543,-0.006910224445164204,0.6126269102096558,0.38729652762413025,-0.0030897462274879217,0.6145373582839966,0.40318742394447327,0.006891186349093914,0.6298600435256958,0.42137962579727173,0.035051848739385605,0.6100574731826782,0.41666537523269653,0.003735115984454751,0.6041903495788574,0.4195888340473175,0.0007226901943795383,0.5963349938392639,0.4203273355960846,-0.0014700198080390692,0.5886951684951782,0.4184304475784302,-0.003098208224400878,0.5827178955078125,0.41521933674812317,-0.0033506376203149557,0.5787594318389893,0.41229817271232605,-0.004170977044850588,0.630439281463623,0.4193727374076843,0.05640406161546707,0.579382061958313,0.45327332615852356,-0.012881442904472351,0.5735992193222046,0.4298359155654907,-0.020925939083099365,0.5723152756690979,0.4527360796928406,-0.02638346515595913,0.5695486068725586,0.4560728073120117,-0.023481855168938637,0.5724133849143982,0.453651487827301,-0.023574858903884888,0.5781165361404419,0.45502397418022156,-0.010527828708291054,0.5684526562690735,0.45702269673347473,-0.02482634223997593,0.5678622722625732,0.45805519819259644,-0.017942357808351517,0.5781907439231873,0.40639013051986694,-0.0027994371484965086,0.5758168697357178,0.40768274664878845,-0.0056802621111273766,0.5743549466133118,0.40913528203964233,-0.008953533135354519,0.6068183779716492,0.4018356204032898,0.0001413842401234433,0.6110194325447083,0.3963433802127838,0.0003535934956744313,0.5358788967132568,0.4002460241317749,-0.0015157789457589388,0.5418815612792969,0.4006842076778412,-0.0015157789457589388,0.5363652110099792,0.3926490545272827,-0.0015157789457589388,0.5297806859016418,0.3997385501861572,-0.0015157789457589388,0.535371720790863,0.4077749252319336,-0.0015157789457589388,0.5941393375396729,0.40303289890289307,-0.002456564921885729,0.6001708507537842,0.4031214118003845,-0.002456564921885729,0.5940809845924377,0.3950731158256531,-0.002456564921885729,0.5882112383842468,0.40290719270706177,-0.002456564921885729,0.5942214131355286,0.41093042492866516,-0.002456564921885729
3433.3333333333376,0.5644556283950806,0.4756225645542145,-0.01087409071624279,0.5639873147010803,0.45435380935668945,-0.02924092672765255,0.5640059113502502,0.45987147092819214,-0.013627451844513416,0.5602094531059265,0.4263361394405365,-0.025020623579621315,0.5641859173774719,0.4462312161922455,-0.03205614164471626,0.5645198225975037,0.4349171221256256,-0.031068583950400352,0.56545090675354,0.40685006976127625,-0.019716555252671242,0.5241854786872864,0.4012591242790222,0.002374400617554784,0.5662928819656372,0.3832056224346161,-0.018455125391483307,0.5667262673377991,0.3713662922382355,-0.02132786251604557,0.5682797431945801,0.32945409417152405,-0.022003034129738808,0.5643215179443359,0.47888049483299255,-0.009757570922374725,0.5641438364982605,0.48212093114852905,-0.0077093252912163734,0.5640223622322083,0.4841752350330353,-0.0048161884769797325,0.5639762878417969,0.48429355025291443,-0.0036754021421074867,0.5638976693153381,0.488524466753006,-0.003934405744075775,0.5637472867965698,0.49339383840560913,-0.00454864464700222,0.5635446310043335,0.49825161695480347,-0.0030920293647795916,0.5630815625190735,0.5020147562026978,0.0031317993998527527,0.5639599561691284,0.45788609981536865,-0.025929467752575874,0.5590069890022278,0.4564889669418335,-0.01810985989868641,0.5040695071220398,0.36250317096710205,0.024653904139995575,0.5411103367805481,0.4110800623893738,-0.003265389474108815,0.5349145531654358,0.4114620089530945,-0.002507335040718317,0.529242217540741,0.4097641706466675,-0.0007176147191785276,0.5220847129821777,0.40258166193962097,0.003982412628829479,0.5463974475860596,0.4089885354042053,-0.0027066597249358892,0.5326913595199585,0.38094285130500793,-0.00706147076562047,0.5398221611976624,0.383250892162323,-0.007389564998447895,0.5260757803916931,0.3818768262863159,-0.004617653321474791,0.5218334197998047,0.38541847467422485,-0.0019567147828638554,0.5178077220916748,0.4058617055416107,0.007691452279686928,0.5436350107192993,0.5109286308288574,0.012118461541831493,0.5224005579948425,0.3975467085838318,0.004248778335750103,0.5015579462051392,0.3983756899833679,0.032507844269275665,0.5116472840309143,0.39691993594169617,0.012789283879101276,0.5360044240951538,0.4406595826148987,-0.0034349316265434027,0.5567666292190552,0.47325676679611206,-0.010191543959081173,0.5569721460342407,0.48113226890563965,-0.006723818834871054,0.5492497086524963,0.47441303730010986,-0.006328614428639412,0.5440036058425903,0.47549009323120117,-0.0013541339430958033,0.5508913397789001,0.48010700941085815,-0.00413875887170434,0.5460674166679382,0.4792587459087372,0.0002915416262112558,0.5385020971298218,0.48299193382263184,0.010073509067296982,0.5595423579216003,0.45382118225097656,-0.028740957379341125,0.5591050982475281,0.4458528459072113,-0.031330402940511703,0.5133681893348694,0.372183233499527,-0.0008551189093850553,0.5484758019447327,0.4224345088005066,-0.006934213452041149,0.5476095080375671,0.4479939937591553,-0.015172012150287628,0.5474523305892944,0.4432866871356964,-0.013985038734972477,0.5181586146354675,0.43713241815567017,0.004308233503252268,0.55963534116745,0.43537044525146484,-0.02923908643424511,0.526469349861145,0.36467185616493225,-0.011792978271842003,0.5185191631317139,0.3663046956062317,-0.006692114751785994,0.5097989439964294,0.34859031438827515,0.011403565295040607,0.5528934001922607,0.3782723546028137,-0.01684567518532276,0.5457595586776733,0.3886484205722809,-0.005693505983799696,0.5341088771820068,0.4749625325202942,0.010097227990627289,0.509471595287323,0.4703824520111084,0.05939590185880661,0.5514376759529114,0.45287609100341797,-0.012657774612307549,0.555675208568573,0.4555986523628235,-0.012395731173455715,0.5368384122848511,0.47688546776771545,0.009661261923611164,0.5382654070854187,0.4775424897670746,0.00805385410785675,0.515300452709198,0.35897374153137207,-0.004925285466015339,0.5472872257232666,0.4503641426563263,-0.01158816833049059,0.5375588536262512,0.3680957853794098,-0.015400637872517109,0.5366939902305603,0.36042511463165283,-0.01763727143406868,0.5337944626808167,0.33145350217819214,-0.013591025024652481,0.5136656761169434,0.3576768934726715,0.0017245023045688868,0.5367252230644226,0.34815701842308044,-0.016275309026241302,0.5100493431091309,0.36685335636138916,0.0032651927322149277,0.5077439546585083,0.36883142590522766,0.01292672473937273,0.5567188262939453,0.47753259539604187,-0.00902002863585949,0.5500341057777405,0.4773775041103363,-0.0053637404926121235,0.5449622273445129,0.47735849022865295,-0.0009112303960137069,0.5525784492492676,0.45404165983200073,-0.011099799536168575,0.5375596880912781,0.4772178828716278,0.008827997371554375,0.5406327843666077,0.480801522731781,0.005889856722205877,0.5390466451644897,0.47789907455444336,0.007929407060146332,0.5539168119430542,0.45211514830589294,-0.02077789418399334,0.5469152331352234,0.480685293674469,0.0013956878101453185,0.5517078042030334,0.4820019602775574,-0.0016114379977807403,0.5574398636817932,0.48329031467437744,-0.00396456103771925,0.5555459856987,0.5010662078857422,0.003668112913146615,0.5556672215461731,0.4970436990261078,-0.0024614972062408924,0.5560628771781921,0.49210450053215027,-0.0037101109046489,0.5566911101341248,0.48727285861968994,-0.0030415563378483057,0.5574008822441101,0.4834505021572113,-0.0027570161037147045,0.5467687249183655,0.48079943656921387,0.0023957251105457544,0.5455817580223083,0.4823560118675232,0.0019383266335353255,0.5442526936531067,0.48459693789482117,0.001518229953944683,0.5432328581809998,0.48715516924858093,0.00289013865403831,0.5402835607528687,0.46657508611679077,-0.0005286959931254387,0.5024144649505615,0.4314064383506775,0.061594076454639435,0.5639762878417969,0.4589740037918091,-0.018103843554854393,0.5431520342826843,0.4794844388961792,0.005760583095252514,0.5418903827667236,0.480045348405838,0.0055673192255198956,0.5573046803474426,0.45856648683547974,-0.011968857608735561,0.5487974882125854,0.4542197287082672,-0.006741627119481564,0.5565493702888489,0.45713359117507935,-0.01237289048731327,0.5421439409255981,0.42610296607017517,-0.004174463450908661,0.5321404337882996,0.43007156252861023,-0.0015160100301727653,0.546396017074585,0.44593125581741333,-0.010324864648282528,0.5191570520401001,0.3378635346889496,-0.0018898603739216924,0.5228024125099182,0.3502076268196106,-0.007869550958275795,0.524364709854126,0.3568200469017029,-0.012096436694264412,0.5427482724189758,0.4900664985179901,0.0077211568132042885,0.5513400435447693,0.3662434220314026,-0.02049812488257885,0.5510952472686768,0.3491489589214325,-0.021015239879488945,0.5496275424957275,0.32904744148254395,-0.020323187112808228,0.524592936038971,0.40693530440330505,0.0018430007621645927,0.5119824409484863,0.40993422269821167,0.011628784239292145,0.549834132194519,0.4068838655948639,-0.002357024233788252,0.5164476037025452,0.38749510049819946,0.0033893065992742777,0.5526125431060791,0.4179058074951172,-0.00958230346441269,0.5507410764694214,0.4465777575969696,-0.021122470498085022,0.5060067772865295,0.41538166999816895,0.019074058160185814,0.5155230164527893,0.417085736989975,0.007256960496306419,0.5225813388824463,0.42161890864372253,0.002222843933850527,0.5334761738777161,0.4223151206970215,-0.0004625926958397031,0.5417593121528625,0.42026886343955994,-0.002423464320600033,0.5480267405509949,0.41727933287620544,-0.00454125739634037,0.5601773262023926,0.4084300100803375,-0.01727212965488434,0.5063341856002808,0.4319241940975189,0.019919130951166153,0.5121996402740479,0.38391053676605225,0.005829221569001675,0.561258852481842,0.4574374258518219,-0.02557717077434063,0.5489590764045715,0.43054404854774475,-0.008463616482913494,0.5000962018966675,0.39555174112319946,0.05125546455383301,0.5526937246322632,0.4135972857475281,-0.006172582972794771,0.5457548499107361,0.44558843970298767,-0.004690625239163637,0.5198217034339905,0.3963662385940552,0.005595200229436159,0.5507808327674866,0.44077807664871216,-0.019646495580673218,0.5050403475761414,0.450674831867218,0.06200733780860901,0.5500723123550415,0.4037957787513733,-0.0016240270342677832,0.5550786256790161,0.4373442232608795,-0.02554633654654026,0.5213707685470581,0.49064889550209045,0.03127160295844078,0.5226434469223022,0.49813562631607056,0.04289242997765541,0.5022098422050476,0.4322080910205841,0.04068215936422348,0.5138821005821228,0.4800923764705658,0.036994460970163345,0.5043326020240784,0.3825152516365051,0.0241016186773777,0.5432395935058594,0.5173690319061279,0.01667027361690998,0.5618551969528198,0.4585363566875458,-0.017717480659484863,0.5435531139373779,0.43526774644851685,-0.005544505547732115,0.5072632431983948,0.39697062969207764,0.018582040444016457,0.5296209454536438,0.4064059853553772,-0.001062661875039339,0.5348169207572937,0.4077249765396118,-0.0025203097611665726,0.5395714044570923,0.4817619025707245,0.007029484026134014,0.5073298215866089,0.4475780427455902,0.02413365989923477,0.5525088906288147,0.5271205306053162,0.01922053098678589,0.5379862189292908,0.5159671902656555,0.029519621282815933,0.5312678813934326,0.5086439847946167,0.03538717329502106,0.5674661993980408,0.3505133390426636,-0.022570179775357246,0.562558114528656,0.5289382338523865,0.01752900891005993,0.5401541590690613,0.4072234630584717,-0.0029319555032998323,0.5452316403388977,0.40570729970932007,-0.0023613297380506992,0.5484910011291504,0.4047068953514099,-0.001463665277697146,0.5084126591682434,0.38054588437080383,0.011258572340011597,0.5445224046707153,0.396152526140213,-0.004274897277355194,0.5391344428062439,0.39265209436416626,-0.0051660542376339436,0.5338732004165649,0.3916258215904236,-0.004760495852679014,0.528769850730896,0.39252451062202454,-0.002958287252113223,0.5255796313285828,0.3944290578365326,-0.0008545691380277276,0.5010406970977783,0.3773139715194702,0.038985200226306915,0.526272177696228,0.4039534032344818,0.0008361857035197318,0.5639861226081848,0.4650390148162842,-0.011323537677526474,0.5462289452552795,0.4642454981803894,-0.004672599025070667,0.5514461994171143,0.45217928290367126,-0.015062092803418636,0.5565040707588196,0.4644838273525238,-0.010504750534892082,0.5658599734306335,0.3948310613632202,-0.017176883295178413,0.5294182300567627,0.5009043216705322,0.027264950796961784,0.5363597273826599,0.509016752243042,0.02245047688484192,0.551925003528595,0.5233867764472961,0.011630968190729618,0.5156316161155701,0.48624685406684875,0.05203331261873245,0.5483856201171875,0.4008183777332306,-0.0027253928128629923,0.5562399625778198,0.4213881194591522,-0.0172856654971838,0.5625037550926208,0.5250669717788696,0.010234352201223373,0.5447257161140442,0.5225132703781128,0.023302774876356125,0.5044243931770325,0.44955456256866455,0.0424039363861084,0.5516340136528015,0.4821919798851013,-0.0004578668740577996,0.5504807829856873,0.48503434658050537,-0.0008925272850319743,0.5494931936264038,0.48871245980262756,-0.0013926953542977571,0.5488100647926331,0.4930824637413025,-7.944232493173331e-05,0.5482851266860962,0.49643832445144653,0.0051744841039180756,0.5420138835906982,0.4783517122268677,0.004468774423003197,0.54086834192276,0.477256715297699,0.004475193563848734,0.5399641394615173,0.47620123624801636,0.004242600407451391,0.5357916951179504,0.4699689745903015,0.004540782887488604,0.5137048363685608,0.4529968500137329,0.012909780256450176,0.5565013885498047,0.41264796257019043,-0.013078046962618828,0.5537083745002747,0.3959786891937256,-0.00633299769833684,0.5506335496902466,0.3973931670188904,-0.004033575765788555,0.5432485342025757,0.47944095730781555,0.005076034925878048,0.5145743489265442,0.47032028436660767,0.024333655834197998,0.5585969686508179,0.3956342339515686,-0.013446402736008167,0.5456908345222473,0.503530740737915,0.0089224549010396,0.5648274421691895,0.425528347492218,-0.027096806094050407,0.5601358413696289,0.41798537969589233,-0.021837564185261726,0.5651189088821411,0.41674184799194336,-0.02335524745285511,0.5522602200508118,0.43345892429351807,-0.015691788867115974,0.5626302361488342,0.51883465051651,0.006059770938009024,0.5628390908241272,0.5100966691970825,0.004615484736859798,0.5538733005523682,0.508939802646637,0.00588297750800848,0.5342144966125488,0.4868773818016052,0.013643243350088596,0.5406498908996582,0.45084694027900696,-0.0020895933266729116,0.5396411418914795,0.496093213558197,0.011775298975408077,0.5260242819786072,0.44845977425575256,0.0004413453279994428,0.5345354080200195,0.45740222930908203,0.0006228223210200667,0.5213032364845276,0.45939522981643677,0.006892554461956024,0.5522915720939636,0.5173439383506775,0.00758361304178834,0.5491148233413696,0.4369525909423828,-0.011004529893398285,0.5303001403808594,0.4928860068321228,0.019693320617079735,0.5372095704078674,0.5021343231201172,0.016879979521036148,0.529171347618103,0.4770321547985077,0.01261709351092577,0.5093736052513123,0.4605695307254791,0.028106940910220146,0.5223279595375061,0.4786735475063324,0.018110278993844986,0.5079201459884644,0.465488076210022,0.042574070394039154,0.5297927856445312,0.4649357497692108,0.005080081056803465,0.5527459979057312,0.4258953332901001,-0.012531658634543419,0.5522695183753967,0.450652539730072,-0.022093867883086205,0.5491491556167603,0.4510447382926941,-0.015515727922320366,0.5546603202819824,0.4460706114768982,-0.02629607915878296,0.5488393902778625,0.3858320415019989,-0.008794832974672318,0.5389165878295898,0.37764209508895874,-0.009671462699770927,0.5301379561424255,0.3752187192440033,-0.008729590103030205,0.5230706334114075,0.3764919340610504,-0.005759235471487045,0.5183570981025696,0.38030165433883667,-0.0018002045108005404,0.5162819027900696,0.396609365940094,0.00829865038394928,0.5011143684387207,0.4152444899082184,0.03696958348155022,0.5207515358924866,0.41058114171028137,0.005043337121605873,0.5265309810638428,0.41440436244010925,0.0018704126123338938,0.534159243106842,0.41606205701828003,-0.0005299815675243735,0.5416557788848877,0.41513291001319885,-0.0023478984367102385,0.5475593209266663,0.4127576947212219,-0.002807117532938719,0.5515120625495911,0.4103424847126007,-0.0037372007500380278,0.5009931921958923,0.4131973683834076,0.05825691670179367,0.5492242574691772,0.45229554176330566,-0.012489314191043377,0.5559799671173096,0.42920318245887756,-0.02067742869257927,0.5559104084968567,0.4521416127681732,-0.0262520220130682,0.5586224794387817,0.4556628465652466,-0.02344273217022419,0.5559021234512329,0.45303013920783997,-0.02342182584106922,0.5504721403121948,0.45414796471595764,-0.010185398161411285,0.5595962405204773,0.45670539140701294,-0.024816619232296944,0.5602035522460938,0.4578196406364441,-0.017889533191919327,0.55202317237854,0.4040878713130951,-0.0023584398441016674,0.5545570850372314,0.40582576394081116,-0.005360514856874943,0.5561922788619995,0.4073803126811981,-0.008669818751513958,0.5237898826599121,0.3960288465023041,0.0014157741097733378,0.519468367099762,0.38977348804473877,0.0017067637527361512,0.5694425702095032,0.42672351002693176,-0.025196410715579987,0.6061424016952515,0.4069887399673462,0.0010871272534132004,0.5691642761230469,0.45681172609329224,-0.018237197771668434,0.6305875778198242,0.3688076138496399,0.022922085598111153,0.588937520980835,0.4146859049797058,-0.0041036359034478664,0.5952233076095581,0.4157882034778595,-0.003481160616502166,0.6011021137237549,0.4146919846534729,-0.0018715563928708434,0.6083853244781494,0.40850019454956055,0.00260209571570158,0.5835663676261902,0.4117684066295624,-0.0033624086063355207,0.598787784576416,0.3867630958557129,-0.008173104375600815,0.5917647480964661,0.387907475233078,-0.008275282569229603,0.6050456762313843,0.38837388157844543,-0.005873518064618111,0.6088931560516357,0.39208510518074036,-0.0033146843779832125,0.6132361888885498,0.41220274567604065,0.006289227399975061,0.5821906328201294,0.5124878287315369,0.011462978087365627,0.6080830097198486,0.403486967086792,0.0029067944269627333,0.6307247281074524,0.40465033054351807,0.030674850568175316,0.6197344660758972,0.40405815839767456,0.0112388851121068,0.5935034155845642,0.4432254731655121,-0.0043197995983064175,0.5722252130508423,0.47366926074028015,-0.010487202554941177,0.5713685154914856,0.4814281463623047,-0.007033161353319883,0.5795329213142395,0.4750574827194214,-0.006920748855918646,0.5844308733940125,0.47616878151893616,-0.0021355492062866688,0.5774250626564026,0.48059529066085815,-0.004728417377918959,0.5821631550788879,0.47978752851486206,-0.0004169268358964473,0.5896368026733398,0.4848535358905792,0.00907127745449543,0.5684860348701477,0.4541468620300293,-0.028838660567998886,0.5692989826202393,0.4462115168571472,-0.03146648779511452,0.618389368057251,0.3798165023326874,-0.0024323570542037487,0.581898033618927,0.42389214038848877,-0.007491793949157,0.5811892151832581,0.4492238759994507,-0.015677521005272865,0.5816094279289246,0.4445555508136749,-0.014528000727295876,0.611563503742218,0.44149237871170044,0.002913147211074829,0.5694024562835693,0.4357088804244995,-0.02942051738500595,0.6054307222366333,0.37231922149658203,-0.01287283655256033,0.6132959127426147,0.3739374279975891,-0.008091996423900127,0.625893235206604,0.35443204641342163,0.009802314452826977,0.5785993933677673,0.38393792510032654,-0.017188986763358116,0.5854699611663818,0.39212432503700256,-0.006408622954040766,0.5945746302604675,0.47718754410743713,0.008972718380391598,0.6186213493347168,0.4752309322357178,0.057936713099479675,0.5770993828773499,0.4537847936153412,-0.013096298091113567,0.5727410316467285,0.4561729431152344,-0.012611580081284046,0.591253399848938,0.4774109721183777,0.008652396500110626,0.5898183584213257,0.47802257537841797,0.007152649573981762,0.6167003512382507,0.366566926240921,-0.006419622339308262,0.5814462304115295,0.45160555839538574,-0.012086468748748302,0.5942895412445068,0.375336229801178,-0.016171269118785858,0.5953752994537354,0.3676294684410095,-0.018408440053462982,0.6029451489448547,0.3349360227584839,-0.014559445902705193,0.6214417219161987,0.3631124794483185,0.00016675895312801003,0.5986781120300293,0.3512948751449585,-0.01710643619298935,0.6219784617424011,0.3744182884693146,0.0016009175451472402,0.6266024708747864,0.3748258948326111,0.01117385271936655,0.5719557404518127,0.47790706157684326,-0.009340453892946243,0.5785354375839233,0.47797197103500366,-0.005967657081782818,0.5833858847618103,0.4779454469680786,-0.0016823208425194025,0.575894832611084,0.45485034584999084,-0.011396174319088459,0.5905190706253052,0.47772297263145447,0.007883574813604355,0.5871928334236145,0.48124146461486816,0.005063587799668312,0.5890321731567383,0.47836288809776306,0.007061767391860485,0.5744920969009399,0.45284533500671387,-0.02111494541168213,0.5811668038368225,0.4811432957649231,0.0007240437553264201,0.5763851404190063,0.48242276906967163,-0.0021347254514694214,0.5706985592842102,0.48355913162231445,-0.004273111931979656,0.570761501789093,0.5017388463020325,0.003357364796102047,0.5714524388313293,0.49729225039482117,-0.0028002795297652483,0.5713837742805481,0.492355614900589,-0.004085186403244734,0.5710912942886353,0.48753124475479126,-0.0033994961995631456,0.5706225633621216,0.4836786389350891,-0.0030988508369773626,0.5811878442764282,0.48116767406463623,0.0017147638136520982,0.5822544097900391,0.48276615142822266,0.001271711545996368,0.5833800435066223,0.48501694202423096,0.0008498972747474909,0.5841729640960693,0.4875990152359009,0.0022194040939211845,0.5882917046546936,0.46847864985466003,-0.0013434728607535362,0.627770721912384,0.43741124868392944,0.05997585505247116,0.5848298072814941,0.47989511489868164,0.004959835670888424,0.5860275626182556,0.480477511882782,0.004759402479976416,0.5709854960441589,0.45908933877944946,-0.012168304063379765,0.5798557996749878,0.4553487300872803,-0.00714492704719305,0.5717983841896057,0.45770373940467834,-0.012577462941408157,0.5880632400512695,0.42817404866218567,-0.004908792208880186,0.597954273223877,0.43313729763031006,-0.0025555973406881094,0.582615852355957,0.4473113417625427,-0.010872192680835724,0.6172686815261841,0.3428232669830322,-0.0032341203186661005,0.6126992106437683,0.3547920882701874,-0.009123031049966812,0.6077476143836975,0.3641926348209381,-0.01326120924204588,0.5846642255783081,0.4916815757751465,0.006924580316990614,0.5806832313537598,0.37242913246154785,-0.02086596004664898,0.5840780735015869,0.35080841183662415,-0.021410411223769188,0.5871421694755554,0.3309125304222107,-0.02080560475587845,0.6057577729225159,0.4125954806804657,0.0005315521848388016,0.6192142367362976,0.416939914226532,0.010082651861011982,0.5801652073860168,0.40931081771850586,-0.002938531106337905,0.6144893765449524,0.39436599612236023,0.0019066445529460907,0.5779917240142822,0.4189954400062561,-0.010032459162175655,0.5779680609703064,0.44758284091949463,-0.021523647010326385,0.6250253319740295,0.42108505964279175,0.017367001622915268,0.615485429763794,0.42371267080307007,0.005819783546030521,0.6083247065544128,0.42732179164886475,0.000939036370255053,0.5971575379371643,0.42669594287872314,-0.0014634319813922048,0.5886725783348083,0.42353326082229614,-0.003190229879692197,0.5823885202407837,0.41975095868110657,-0.005115925334393978,0.5707114934921265,0.4088795781135559,-0.01746719516813755,0.6236343383789062,0.4374968707561493,0.018186205998063087,0.619278609752655,0.39130452275276184,0.00421600416302681,0.5666885375976562,0.45761123299598694,-0.025659989565610886,0.5809062123298645,0.4318779706954956,-0.008976461365818977,0.6324340105056763,0.4019499719142914,0.04956768453121185,0.5777507424354553,0.41566839814186096,-0.006614557933062315,0.583341121673584,0.44705283641815186,-0.00521010160446167,0.6106694936752319,0.40266507863998413,0.004206418059766293,0.5782841444015503,0.44180378317832947,-0.02005022019147873,0.6240928769111633,0.4562459886074066,0.060474637895822525,0.5799540281295776,0.4064248502254486,-0.0021942846942692995,0.5739805698394775,0.4380367398262024,-0.025865573436021805,0.60575270652771,0.4941861033439636,0.029916714876890182,0.6041043400764465,0.5012784004211426,0.041762739419937134,0.6276918053627014,0.43814682960510254,0.038789939135313034,0.6136046648025513,0.48439884185791016,0.0354074127972126,0.6289860010147095,0.3886828124523163,0.022279057651758194,0.5821972489356995,0.5189144611358643,0.01598251797258854,0.5661252737045288,0.4586717188358307,-0.01777670532464981,0.586130678653717,0.4370923340320587,-0.006211292929947376,0.6245394349098206,0.4044581651687622,0.01687658205628395,0.6004957556724548,0.41149553656578064,-0.002160250674933195,0.5952127575874329,0.4122910499572754,-0.00351548520848155,0.5881825089454651,0.48223546147346497,0.006140241399407387,0.6217586398124695,0.45296356081962585,0.022409576922655106,0.5726006627082825,0.5277384519577026,0.018876662477850914,0.587881326675415,0.5176215767860413,0.028658296912908554,0.595086395740509,0.5109297633171082,0.03440246358513832,0.5898476839065552,0.4110545217990875,-0.0037920507602393627,0.5846591591835022,0.4087420701980591,-0.0030833103228360415,0.5814357399940491,0.40741321444511414,-0.0021004960872232914,0.6234350800514221,0.3878921568393707,0.009554818272590637,0.5862009525299072,0.3992662727832794,-0.005076876375824213,0.5918779373168945,0.3966512680053711,-0.006092862691730261,0.5973110198974609,0.3965417742729187,-0.00582945765927434,0.6022698879241943,0.3981298506259918,-0.004176483955234289,0.6051954030990601,0.4003452658653259,-0.002121945144608617,0.6325910091400146,0.38376373052597046,0.03726774826645851,0.6039049029350281,0.4094636142253876,-0.0003818273253273219,0.5823013186454773,0.4656015634536743,-0.005252825561910868,0.5770741701126099,0.4531044661998749,-0.015412374399602413,0.571740984916687,0.4651166796684265,-0.010766739957034588,0.597221314907074,0.5037096738815308,0.02612224407494068,0.5897132158279419,0.5111791491508484,0.021529540419578552,0.5730876326560974,0.5242134928703308,0.011210964061319828,0.6116666793823242,0.4902258813381195,0.05066555365920067,0.581911027431488,0.4035225510597229,-0.003397963708266616,0.5739346742630005,0.4221291244029999,-0.01758500747382641,0.5806487202644348,0.5236250162124634,0.02264498732984066,0.6244567036628723,0.4551519453525543,0.04060789570212364,0.576342761516571,0.48252278566360474,-0.001001729047857225,0.5773040056228638,0.48538410663604736,-0.001428502961061895,0.5780575275421143,0.4890570342540741,-0.001955441664904356,0.5784674882888794,0.49341368675231934,-0.0006358219543471932,0.5784698724746704,0.49760594964027405,0.004561667796224356,0.5861700177192688,0.47883883118629456,0.0035911183804273605,0.5873228311538696,0.4777950942516327,0.0035485276021063328,0.5882730484008789,0.4768062233924866,0.0032986621372401714,0.5928696393966675,0.4721733331680298,0.0035120872780680656,0.6151309609413147,0.45769429206848145,0.01134378183633089,0.5742664337158203,0.41342753171920776,-0.013435769826173782,0.5770455002784729,0.398782342672348,-0.006742180325090885,0.5799311399459839,0.40011435747146606,-0.004585077054798603,0.584883451461792,0.4798961877822876,0.004288024734705687,0.6135215163230896,0.47468364238739014,0.022803328931331635,0.5724212527275085,0.3983628451824188,-0.013652248308062553,0.580581545829773,0.504900336265564,0.008276956155896187,0.5700883865356445,0.4183887541294098,-0.022013721987605095,0.5772740840911865,0.43449780344963074,-0.01607826165854931,0.5719108581542969,0.5096689462661743,0.00554343406111002,0.5934125185012817,0.48920735716819763,0.012556602247059345,0.5883344411849976,0.4527670443058014,-0.002832819474861026,0.5873152017593384,0.49794018268585205,0.010906284675002098,0.6031087040901184,0.4519908130168915,-0.0007118709618225694,0.5943183898925781,0.45998427271842957,-0.0003235967888031155,0.6073827147483826,0.46330446004867554,0.005564863793551922,0.5730241537094116,0.5182070732116699,0.007152751088142395,0.5803412795066833,0.4381784200668335,-0.011485248804092407,0.5968820452690125,0.49559661746025085,0.01853729784488678,0.5893158316612244,0.5042145252227783,0.01599380187690258,0.5990207195281982,0.47985729575157166,0.011346124112606049,0.6191494464874268,0.4655768573284149,0.026470499113202095,0.605514645576477,0.48219814896583557,0.016753654927015305,0.6201989650726318,0.47054216265678406,0.040825389325618744,0.5989614725112915,0.4679059684276581,0.003874556627124548,0.5772668719291687,0.42693406343460083,-0.012929764576256275,0.5762056708335876,0.4515252709388733,-0.022440209984779358,0.5794640779495239,0.45215871930122375,-0.015950337052345276,0.5738862752914429,0.44676703214645386,-0.026650603860616684,0.5822983980178833,0.39006730914115906,-0.009354094043374062,0.5926424264907837,0.3833334147930145,-0.010464262217283249,0.601398766040802,0.38177362084388733,-0.009760447777807713,0.6082682013511658,0.3833315670490265,-0.007005657069385052,0.6127793788909912,0.3873389959335327,-0.003178542945533991,0.6145968437194824,0.40320372581481934,0.006842114496976137,0.6298990845680237,0.4214496910572052,0.03506580367684364,0.6100810766220093,0.41669467091560364,0.0036910339258611202,0.6041973829269409,0.4196259081363678,0.0006756781949661672,0.5963037014007568,0.4203246831893921,-0.0015170485712587833,0.5886393189430237,0.4184175133705139,-0.0031286294106394053,0.5826543569564819,0.4152560234069824,-0.0033893296495079994,0.5787001848220825,0.4124034643173218,-0.004203071352094412,0.6304128170013428,0.41943007707595825,0.05652928724884987,0.5793537497520447,0.4533426761627197,-0.012919568456709385,0.5736072063446045,0.4299149215221405,-0.020994476974010468,0.5723052620887756,0.45272618532180786,-0.026470225304365158,0.5695275068283081,0.45605432987213135,-0.02355494350194931,0.5723937749862671,0.4536393880844116,-0.023648938164114952,0.5780811309814453,0.45509496331214905,-0.010554816573858261,0.5684347748756409,0.4570021331310272,-0.02490486204624176,0.5678403973579407,0.4580395221710205,-0.017991799861192703,0.5781406164169312,0.406490296125412,-0.002821149304509163,0.5757739543914795,0.40784838795661926,-0.00571493711322546,0.5743288397789001,0.4093717336654663,-0.009002530947327614,0.6068314909934998,0.40201887488365173,9.962903277482837e-05,0.6110976934432983,0.3964219093322754,0.0003039692237507552,0.5359649658203125,0.4000898003578186,-0.001489281770773232,0.5420517921447754,0.40049466490745544,-0.001489281770773232,0.5364379286766052,0.39227864146232605,-0.001489281770773232,0.5297830104827881,0.3996260464191437,-0.001489281770773232,0.535467803478241,0.40782296657562256,-0.001489281770773232,0.5941159129142761,0.4031978249549866,-0.0024893591180443764,0.6001503467559814,0.40329042077064514,-0.0024893591180443764,0.5940452814102173,0.3952757716178894,-0.0024893591180443764,0.5881879329681396,0.40307775139808655,-0.0024893591180443764,0.5942097902297974,0.41106438636779785,-0.0024893591180443764
3466.666666666671,0.5646374821662903,0.4767897129058838,-0.010573599487543106,0.5641397833824158,0.4555671513080597,-0.028829775750637054,0.564216136932373,0.46095994114875793,-0.013360283337533474,0.5604686141014099,0.4275730550289154,-0.024761654436588287,0.5643450617790222,0.447485089302063,-0.03164299577474594,0.5647070407867432,0.4361816346645355,-0.03070666454732418,0.565715491771698,0.4080597460269928,-0.01961701363325119,0.5246241092681885,0.40237540006637573,0.002247621538117528,0.5665847659111023,0.38401955366134644,-0.018466763198375702,0.5670220851898193,0.3721199631690979,-0.021371731534600258,0.5686213374137878,0.3305702805519104,-0.022273588925600052,0.5645099878311157,0.48001953959465027,-0.009458135813474655,0.5643547177314758,0.483254075050354,-0.007423341739922762,0.5642567276954651,0.48534461855888367,-0.004539967980235815,0.5642359852790833,0.48553264141082764,-0.00338210491463542,0.5641542673110962,0.4898005723953247,-0.003598084906116128,0.5640114545822144,0.49470841884613037,-0.004168632905930281,0.5638372302055359,0.49959656596183777,-0.0026884321123361588,0.5631824731826782,0.5027201771736145,0.003503961954265833,0.5641231536865234,0.45906054973602295,-0.025544166564941406,0.5592227578163147,0.4576168358325958,-0.017809433862566948,0.5047815442085266,0.3633037805557251,0.02422354929149151,0.5414651036262512,0.4122866690158844,-0.0033821100369095802,0.535301685333252,0.41267651319503784,-0.002592903096228838,0.5296695232391357,0.4109583795070648,-0.0007888928521424532,0.5225875377655029,0.4036109149456024,0.003879379481077194,0.5467482805252075,0.41018083691596985,-0.002832187106832862,0.5331500172615051,0.3822310268878937,-0.007166041526943445,0.5401825904846191,0.38456088304519653,-0.007529057562351227,0.526622474193573,0.38306868076324463,-0.004697746131569147,0.522438108921051,0.38650423288345337,-0.0020436423365026712,0.5184085369110107,0.4068472385406494,0.007591872476041317,0.5439728498458862,0.5114189386367798,0.012467501685023308,0.5228582620620728,0.39858484268188477,0.004112741444259882,0.502307653427124,0.3990536630153656,0.032177045941352844,0.5124322772026062,0.39773985743522644,0.012637940235435963,0.5364677906036377,0.44163113832473755,-0.0033244220539927483,0.5570959448814392,0.4743189811706543,-0.00987317319959402,0.557303786277771,0.48212140798568726,-0.0064308797009289265,0.5497568249702454,0.47523584961891174,-0.00603259215131402,0.5446304678916931,0.4760838449001312,-0.0011040412355214357,0.5513486862182617,0.4809262752532959,-0.0038629507180303335,0.5466345548629761,0.4799027740955353,0.0005184559267945588,0.5390853881835938,0.48371660709381104,0.010287195444107056,0.5597395300865173,0.45502325892448425,-0.028326455503702164,0.5593195557594299,0.4470895230770111,-0.030912136659026146,0.5140916705131531,0.3728598356246948,-0.0009123692871071398,0.5488702058792114,0.4235127866268158,-0.006895106751471758,0.5479850769042969,0.4490652084350586,-0.014911236241459846,0.5478495359420776,0.44436025619506836,-0.013760237954556942,0.5187343955039978,0.4380189776420593,0.004387134686112404,0.5598758459091187,0.4366146922111511,-0.028885068371891975,0.5268892645835876,0.36556944251060486,-0.011799939908087254,0.5191080570220947,0.36708736419677734,-0.006693459115922451,0.5104538798332214,0.34945133328437805,0.011037795804440975,0.5531252026557922,0.3792397379875183,-0.016867302358150482,0.5460779070854187,0.3899168074131012,-0.0058741262182593346,0.5347573757171631,0.4757530689239502,0.010285874828696251,0.5101553797721863,0.47074511647224426,0.059083614498376846,0.5517534017562866,0.45393314957618713,-0.012429403141140938,0.5559454560279846,0.4566725492477417,-0.012137768790125847,0.5375811457633972,0.47707441449165344,0.009816115722060204,0.5389626622200012,0.47778192162513733,0.008207743987441063,0.5159687399864197,0.3595445454120636,-0.004982299637049437,0.547670304775238,0.4513922929763794,-0.011355836875736713,0.5378214120864868,0.36902326345443726,-0.01541423611342907,0.5369776487350464,0.3612065613269806,-0.017658529803156853,0.5342724919319153,0.3324653208255768,-0.013860024511814117,0.5142704844474792,0.35846036672592163,0.001510737231001258,0.5371211171150208,0.34905582666397095,-0.01644541695713997,0.5108609199523926,0.3673206865787506,0.003146554110571742,0.5084249973297119,0.3695886731147766,0.012635618448257446,0.5570470690727234,0.4785363972187042,-0.008710294030606747,0.5505116581916809,0.47818660736083984,-0.005075850524008274,0.5455585718154907,0.4779711961746216,-0.0006688625435344875,0.5528759360313416,0.4550897479057312,-0.010867184959352016,0.5382788181304932,0.47742798924446106,0.008982629515230656,0.5413467884063721,0.48124122619628906,0.006096250377595425,0.5397258996963501,0.4781726598739624,0.008089608512818813,0.5541825890541077,0.45326006412506104,-0.020455440506339073,0.5474750995635986,0.4813757538795471,0.0016179324593394995,0.5521655082702637,0.4828680455684662,-0.001353491679765284,0.5577792525291443,0.4843214750289917,-0.0036824760027229786,0.5557618141174316,0.5017375946044922,0.004047963302582502,0.5560752749443054,0.49821463227272034,-0.0020495520438998938,0.5564491748809814,0.49327725172042847,-0.0033217105083167553,0.5570645928382874,0.48840266466140747,-0.0026981125120073557,0.5577695369720459,0.4845627248287201,-0.0024566827341914177,0.5473611354827881,0.4814985990524292,0.002625648397952318,0.546209990978241,0.48304662108421326,0.0021966896019876003,0.5449134111404419,0.4852806627750397,0.001791700953617692,0.5439282059669495,0.4878278970718384,0.003162340261042118,0.5407916903495789,0.4674619436264038,-0.0003109169192612171,0.5032145380973816,0.43187206983566284,0.06109561026096344,0.5641562938690186,0.4601099193096161,-0.01780395582318306,0.543813943862915,0.4799831211566925,0.005943849217146635,0.5425808429718018,0.4805128276348114,0.00576956570148468,0.5575667023658752,0.4596349000930786,-0.0116957426071167,0.5491463541984558,0.4552154541015625,-0.006548132281750441,0.5568137764930725,0.4582079350948334,-0.012104570865631104,0.5425751805305481,0.42714062333106995,-0.004127680789679289,0.5326288938522339,0.431056946516037,-0.0014332326827570796,0.5468043684959412,0.44696760177612305,-0.010129012167453766,0.5197271704673767,0.3387909531593323,-0.00218925136141479,0.5233009457588196,0.35103100538253784,-0.008054820820689201,0.5248187780380249,0.3575279712677002,-0.012152240611612797,0.5432037115097046,0.4907568693161011,0.007985858246684074,0.5515798330307007,0.36706238985061646,-0.020520031452178955,0.5514345765113831,0.3501627743244171,-0.021190421655774117,0.5500306487083435,0.330127477645874,-0.02058318443596363,0.525066077709198,0.4080449044704437,0.001763155567459762,0.512645959854126,0.4108976423740387,0.011519094929099083,0.5501704812049866,0.40808945894241333,-0.0025100240018218756,0.5171490907669067,0.38837963342666626,0.003285323502495885,0.5529806017875671,0.41902434825897217,-0.009531899355351925,0.5510601997375488,0.44772350788116455,-0.020807722583413124,0.5067209601402283,0.4161677658557892,0.018946891650557518,0.5160796046257019,0.4180848300457001,0.007207903079688549,0.5230045914649963,0.4227027893066406,0.0022091541904956102,0.5338048934936523,0.42350393533706665,-0.0004541220550891012,0.5420538783073425,0.4215123653411865,-0.002442731987684965,0.5483103394508362,0.4185549318790436,-0.004560475237667561,0.560494065284729,0.40962204337120056,-0.01718621701002121,0.5070058107376099,0.43268662691116333,0.019861789420247078,0.5129777193069458,0.38463568687438965,0.0057084341533482075,0.5614434480667114,0.45860573649406433,-0.025187881663441658,0.5493439435958862,0.43161505460739136,-0.00837978720664978,0.5008975267410278,0.3961430788040161,0.050709646195173264,0.5529666543006897,0.41490182280540466,-0.006208615377545357,0.546173095703125,0.4465941786766052,-0.00458395853638649,0.5203919410705566,0.39733386039733887,0.005467948038130999,0.551128625869751,0.44191697239875793,-0.019376521930098534,0.5057745575904846,0.4510776102542877,0.06158619746565819,0.5503944158554077,0.40498846769332886,-0.0018176635494455695,0.555371880531311,0.4385448098182678,-0.025218944996595383,0.5219398736953735,0.49112021923065186,0.03135983645915985,0.523170530796051,0.4985053837299347,0.04284254461526871,0.5029425621032715,0.43282267451286316,0.04043974354863167,0.5145065188407898,0.4805750548839569,0.03699672222137451,0.5050398111343384,0.3832421898841858,0.02377423085272312,0.5435424447059631,0.5178155899047852,0.017032844945788383,0.5620507597923279,0.45966777205467224,-0.01741855777800083,0.5439732670783997,0.4362831711769104,-0.005460970103740692,0.5081599354743958,0.39782288670539856,0.018384510651230812,0.5300310850143433,0.4076225757598877,-0.001178484526462853,0.5352050065994263,0.40894001722335815,-0.0026344251818954945,0.5403112173080444,0.4821786880493164,0.007231508381664753,0.5079808235168457,0.44826793670654297,0.024105697870254517,0.5526378750801086,0.5275799036026001,0.019549796357750893,0.5383438467979431,0.5163412690162659,0.029689818620681763,0.5317131280899048,0.5090013742446899,0.035457201302051544,0.5677772164344788,0.351567804813385,-0.022770103067159653,0.5625501871109009,0.5294339656829834,0.017852291464805603,0.5405160784721375,0.4084111452102661,-0.003059829119592905,0.5455763936042786,0.4068743586540222,-0.002513939281925559,0.5488277077674866,0.40587735176086426,-0.0016405265778303146,0.5092998147010803,0.3811492919921875,0.011081604287028313,0.5448257923126221,0.39751091599464417,-0.004453234374523163,0.5394711494445801,0.3941154479980469,-0.005308606196194887,0.5342503190040588,0.3930848240852356,-0.00488435011357069,0.5291980504989624,0.3938700556755066,-0.003069209400564432,0.5260202288627625,0.395645409822464,-0.0009770970791578293,0.5017843246459961,0.3780190646648407,0.03848506510257721,0.5266944766044617,0.40512582659721375,0.0007168951560743153,0.5642017126083374,0.466052770614624,-0.011054223403334618,0.5466430187225342,0.46517956256866455,-0.0044252160005271435,0.5517546534538269,0.45326173305511475,-0.014812876470386982,0.5567927956581116,0.46547943353652954,-0.010212446562945843,0.5661466717720032,0.39586198329925537,-0.01717670075595379,0.5299252867698669,0.5013407468795776,0.02744356542825699,0.53676837682724,0.5094542503356934,0.022719450294971466,0.5520949959754944,0.5238450765609741,0.012065554969012737,0.5162400603294373,0.4866124093532562,0.05186097323894501,0.548691987991333,0.40206295251846313,-0.0029094680212438107,0.5565553903579712,0.4225640892982483,-0.017145926132798195,0.562515139579773,0.5255638957023621,0.010650847107172012,0.5449770092964172,0.5229301452636719,0.02357475459575653,0.5051150321960449,0.45010966062545776,0.04222627356648445,0.5521220564842224,0.4831180274486542,-0.00018817065574694425,0.5509927868843079,0.48596084117889404,-0.0005832463502883911,0.5500224828720093,0.4896462857723236,-0.001065047923475504,0.5493686199188232,0.4940069913864136,0.00025572761660441756,0.5486215949058533,0.49712061882019043,0.0055052489042282104,0.54265296459198,0.478799045085907,0.004667265806347132,0.5415392518043518,0.47766974568367004,0.004678296856582165,0.5406586527824402,0.47659075260162354,0.004444705322384834,0.5363882780075073,0.4708060622215271,0.004730977583676577,0.514306366443634,0.4537549316883087,0.012998317368328571,0.5568435788154602,0.4138074219226837,-0.013018808327615261,0.5540347099304199,0.3971397876739502,-0.006500663235783577,0.5509637594223022,0.3986060619354248,-0.0042156497947871685,0.5438722372055054,0.4799394905567169,0.00525929918512702,0.5152013301849365,0.47092729806900024,0.024397101253271103,0.5589038133621216,0.39679697155952454,-0.01350808423012495,0.5460284948348999,0.5041027069091797,0.009250152856111526,0.5650431513786316,0.4267857074737549,-0.02682812511920929,0.5604220032691956,0.41920900344848633,-0.02166564203798771,0.5653584003448486,0.4179900288581848,-0.023180082440376282,0.5526056289672852,0.43458497524261475,-0.01551674772053957,0.5626599788665771,0.5193720459938049,0.006491156294941902,0.5629024505615234,0.5107137560844421,0.005013488233089447,0.5540844798088074,0.5095219612121582,0.00628221221268177,0.5347670912742615,0.4875054955482483,0.013861610554158688,0.5411117076873779,0.4517952501773834,-0.001954462146386504,0.5400921702384949,0.4966709017753601,0.012042896822094917,0.526553213596344,0.4493573009967804,0.00058421038556844,0.5350521802902222,0.45829224586486816,0.000783577561378479,0.5218859314918518,0.4601858854293823,0.007021768018603325,0.5524945855140686,0.5178402662277222,0.008023710921406746,0.5495017766952515,0.4380267858505249,-0.010861391201615334,0.5308370590209961,0.493417888879776,0.01989884302020073,0.5376428961753845,0.502640962600708,0.017149440944194794,0.5297764539718628,0.4777359664440155,0.012808415107429028,0.5100244283676147,0.46118560433387756,0.02809973619878292,0.5229166746139526,0.47929492592811584,0.01825825497508049,0.5085887908935547,0.4659886658191681,0.04247337579727173,0.5303797125816345,0.4657525420188904,0.005262619815766811,0.553098738193512,0.4270203709602356,-0.01242167316377163,0.5525551438331604,0.4517967402935028,-0.02175874635577202,0.5494919419288635,0.4521150588989258,-0.01524381898343563,0.5549280047416687,0.4472731947898865,-0.02590416930615902,0.549138069152832,0.38698112964630127,-0.008947131223976612,0.5392621159553528,0.3787766396999359,-0.009767072275280952,0.5305942893028259,0.3763171136379242,-0.008784450590610504,0.5236324071884155,0.3774917721748352,-0.005796799436211586,0.5190058350563049,0.3812273442745209,-0.001850239234045148,0.5169659852981567,0.39746958017349243,0.008172397501766682,0.5018717050552368,0.4158950746059418,0.03668440505862236,0.5212844014167786,0.4116392433643341,0.004963388200849295,0.5269743204116821,0.4155408442020416,0.0018262905068695545,0.5345281958580017,0.4172585606575012,-0.0005628692451864481,0.5419883131980896,0.4163531959056854,-0.0024301265366375446,0.5478845834732056,0.4139833450317383,-0.0028869514353573322,0.5518380999565125,0.41158536076545715,-0.003846601117402315,0.5018199682235718,0.41372087597846985,0.057714346796274185,0.5495742559432983,0.4533345401287079,-0.012248645536601543,0.5562810897827148,0.43039169907569885,-0.020457061007618904,0.5561463236808777,0.4533297121524811,-0.025866368785500526,0.5588315725326538,0.45681852102279663,-0.023081989958882332,0.5561403036117554,0.4541964828968048,-0.023069685325026512,0.5507993698120117,0.45517003536224365,-0.00996315572410822,0.5597960948944092,0.4578690528869629,-0.02443612553179264,0.5604133605957031,0.4589495360851288,-0.017589382827281952,0.5523499846458435,0.4052998125553131,-0.0025414361152797937,0.5548840165138245,0.4070560336112976,-0.005491082556545734,0.5564765930175781,0.40866297483444214,-0.008709036745131016,0.5242260098457336,0.39715370535850525,0.001290871063247323,0.5200825929641724,0.39076748490333557,0.001597716473042965,0.5696090459823608,0.42797356843948364,-0.02497156336903572,0.6061956882476807,0.4079478979110718,0.0007060584030114114,0.5693148374557495,0.45796912908554077,-0.01796325296163559,0.6311143040657043,0.36986440420150757,0.02213897369801998,0.589126706123352,0.4159195125102997,-0.004374544136226177,0.5953715443611145,0.4169901907444,-0.003756554564461112,0.6012046337127686,0.41580870747566223,-0.002168511739000678,0.6083691716194153,0.4094451069831848,0.0022348107304424047,0.5838213562965393,0.4129461348056793,-0.003604247933253646,0.5988719463348389,0.38765949010849,-0.008486773818731308,0.5919138789176941,0.3887782692909241,-0.008576062507927418,0.6050429344177246,0.3892991542816162,-0.00619670283049345,0.6088153123855591,0.393013596534729,-0.003664606250822544,0.6131705045700073,0.41314896941185,0.005913058761507273,0.5820145010948181,0.5130273699760437,0.011671274900436401,0.6080837845802307,0.4043121039867401,0.0025099627673625946,0.6310951709747314,0.4056193232536316,0.029959555715322495,0.6196409463882446,0.40492528676986694,0.010771640576422215,0.5935189723968506,0.4442715048789978,-0.004385007545351982,0.5722601413726807,0.4749734401702881,-0.010220283642411232,0.5714576840400696,0.48265695571899414,-0.006789251696318388,0.5793900489807129,0.4764324724674225,-0.006722585763782263,0.5841913819313049,0.477544367313385,-0.0020216687116771936,0.5773691534996033,0.48191124200820923,-0.004547617398202419,0.5820055603981018,0.48114845156669617,-0.000311633397359401,0.5895258188247681,0.4856175482273102,0.009108250960707664,0.5685995817184448,0.4553705155849457,-0.028447424992918968,0.5694069862365723,0.4474634826183319,-0.031074557453393936,0.6182606816291809,0.380954384803772,-0.002795732580125332,0.5820128917694092,0.42500704526901245,-0.007556764874607325,0.581250786781311,0.450330913066864,-0.015524028800427914,0.5816750526428223,0.44564613699913025,-0.014414582401514053,0.6115295886993408,0.44253939390182495,0.002727147424593568,0.569541335105896,0.4369677007198334,-0.029101161286234856,0.6054123640060425,0.37351179122924805,-0.013091258704662323,0.6131999492645264,0.3751378059387207,-0.008363704197108746,0.6263501048088074,0.3555143475532532,0.009110179729759693,0.578782856464386,0.38492628931999207,-0.01727880910038948,0.5856814980506897,0.39300620555877686,-0.0067157745361328125,0.5944562554359436,0.4780366122722626,0.008942696265876293,0.618785560131073,0.47586461901664734,0.05731257423758507,0.5771918892860413,0.4548878073692322,-0.012958638370037079,0.5728656649589539,0.45727065205574036,-0.012397495098412037,0.590913712978363,0.4787600040435791,0.00862299557775259,0.5895251035690308,0.4793676733970642,0.007142618298530579,0.6166191697120667,0.3677590489387512,-0.006768226623535156,0.5815132260322571,0.45266130566596985,-0.011956414207816124,0.5943648815155029,0.3764386773109436,-0.01633640006184578,0.5954549312591553,0.36870694160461426,-0.01858591102063656,0.6032741069793701,0.33604195713996887,-0.015017425641417503,0.6217795014381409,0.3641018867492676,-0.0003687950666062534,0.5989869832992554,0.3522745668888092,-0.017455337569117546,0.6218697428703308,0.3755054175853729,0.0011490096803754568,0.6269513368606567,0.3758327066898346,0.01052547711879015,0.5720048546791077,0.4791511297225952,-0.009080949239432812,0.5784393548965454,0.47930389642715454,-0.0057761166244745255,0.5831936597824097,0.4793112874031067,-0.0015678949421271682,0.5760014653205872,0.45593589544296265,-0.011232890188694,0.590205729007721,0.4790688753128052,0.007866176776587963,0.5869656801223755,0.4826226830482483,0.00512676453217864,0.5887601375579834,0.47970256209373474,0.007062227930873632,0.5745903253555298,0.45404258370399475,-0.020864611491560936,0.5810273885726929,0.4825202524662018,0.0008322524954564869,0.5763581991195679,0.48375263810157776,-0.001962782582268119,0.5708110928535461,0.48481279611587524,-0.004039570223540068,0.5707786679267883,0.5024373531341553,0.003689457895234227,0.571643590927124,0.49871110916137695,-0.00244054920040071,0.5715512037277222,0.49375179409980774,-0.0037489612586796284,0.5712369084358215,0.48887771368026733,-0.0031095389276742935,0.5707573294639587,0.484997034072876,-0.0028499106410890818,0.5810758471488953,0.48252320289611816,0.001830839435569942,0.5821489095687866,0.48413997888565063,0.001421095454134047,0.5832856893539429,0.4864247739315033,0.001015045796521008,0.5840813517570496,0.4890144169330597,0.002374188043177128,0.5882670283317566,0.46942466497421265,-0.0012716336641460657,0.6281223297119141,0.43818914890289307,0.059132225811481476,0.5846087336540222,0.48122909665107727,0.005002861842513084,0.5858057141304016,0.4818349778652191,0.004823820199817419,0.5711185932159424,0.4601767957210541,-0.011933968402445316,0.5799421668052673,0.4563657343387604,-0.007033014670014381,0.5719279050827026,0.4587987959384918,-0.012350259348750114,0.5881441831588745,0.42926710844039917,-0.005003316793590784,0.5979695320129395,0.43421849608421326,-0.0026656235568225384,0.5826807022094727,0.4483613967895508,-0.010788796469569206,0.6176691055297852,0.34391146898269653,-0.0038047332782298326,0.6130407452583313,0.35576602816581726,-0.009571215137839317,0.6077368259429932,0.3653500974178314,-0.01354790385812521,0.5845818519592285,0.4924145042896271,0.007049063686281443,0.5808535814285278,0.3733963966369629,-0.02096300572156906,0.5843741297721863,0.3518575429916382,-0.02167796716094017,0.5874603986740112,0.33203333616256714,-0.021159712225198746,0.6057958006858826,0.4136459529399872,0.0001997641520574689,0.6190894842147827,0.417874276638031,0.009668588638305664,0.5804582834243774,0.41044193506240845,-0.0031956168822944164,0.6143703460693359,0.3953196704387665,0.0015114389825612307,0.5781314373016357,0.42013853788375854,-0.010063712485134602,0.5780355334281921,0.44876575469970703,-0.021295106038451195,0.6251601576805115,0.42211732268333435,0.016896028071641922,0.6153974533081055,0.4247412383556366,0.005481707397848368,0.6082886457443237,0.4283943772315979,0.0006822084542363882,0.5972115993499756,0.4277879595756531,-0.0016411102842539549,0.5888023972511292,0.42462143301963806,-0.0033462694846093655,0.5825755000114441,0.4208115041255951,-0.005240872502326965,0.5709123015403748,0.4100766181945801,-0.01741650328040123,0.6236955523490906,0.43849867582321167,0.017783397808670998,0.6191743612289429,0.39227473735809326,0.003771418472751975,0.566831111907959,0.4587947726249695,-0.025289427489042282,0.5810156464576721,0.43297675251960754,-0.00900297798216343,0.6329670548439026,0.40284019708633423,0.048670150339603424,0.5779660940170288,0.4167103171348572,-0.0067300088703632355,0.5834197402000427,0.4480701684951782,-0.0052083381451666355,0.6105901002883911,0.4035409688949585,0.003804634092375636,0.5783617496490479,0.4429582357406616,-0.01986685022711754,0.6243776679039001,0.45695552229881287,0.05972011759877205,0.5802415013313293,0.40752050280570984,-0.002500413917005062,0.574082612991333,0.4392566978931427,-0.025600159540772438,0.6056426167488098,0.49480924010276794,0.029708707705140114,0.6040463447570801,0.5017916560173035,0.041477032005786896,0.6279144287109375,0.4390546381473541,0.03816318139433861,0.6135752201080322,0.4850960671901703,0.03507369011640549,0.6293715238571167,0.38967975974082947,0.021569781005382538,0.5820047855377197,0.5194006562232971,0.016196345910429955,0.5662906169891357,0.459811270236969,-0.01748836040496826,0.5862066745758057,0.4381474256515503,-0.006263825576752424,0.6243544816970825,0.40523430705070496,0.01632877252995968,0.600619912147522,0.4126770496368408,-0.0024942911695688963,0.5953692197799683,0.41355007886886597,-0.003821261925622821,0.5879398584365845,0.483620285987854,0.006190361455082893,0.6217823624610901,0.4538947641849518,0.0220345389097929,0.5724822878837585,0.5282310247421265,0.019133107736706734,0.5877103209495544,0.5180417895317078,0.028663352131843567,0.5949531197547913,0.5113709568977356,0.0342726893723011,0.590042769908905,0.4123269319534302,-0.004081665072590113,0.5849090218544006,0.40995872020721436,-0.0033708857372403145,0.5817244648933411,0.4085629880428314,-0.0023983027786016464,0.6233434677124023,0.3887937664985657,0.009032228030264378,0.5864035487174988,0.3999980390071869,-0.005404164548963308,0.5920026898384094,0.39720824360847473,-0.006406224798411131,0.5974041223526001,0.39704129099845886,-0.0061577376909554005,0.6023427844047546,0.39867323637008667,-0.004517392721027136,0.6052296161651611,0.4009925425052643,-0.002487146994099021,0.6331662535667419,0.38474902510643005,0.03640913963317871,0.6040012240409851,0.41054511070251465,-0.0007401359616778791,0.5823382139205933,0.46657073497772217,-0.005116165149956942,0.5771608352661133,0.4542401432991028,-0.015239039435982704,0.5718685388565063,0.46613287925720215,-0.01052175834774971,0.5970597267150879,0.5042519569396973,0.026053303852677345,0.5895175933837891,0.5116659998893738,0.02159968949854374,0.5729668140411377,0.5247078537940979,0.011558961123228073,0.6117081642150879,0.49079403281211853,0.05020883306860924,0.5821694135665894,0.4044830799102783,-0.003708316246047616,0.574087917804718,0.4233265221118927,-0.017500441521406174,0.5804811716079712,0.5240761041641235,0.02278999425470829,0.6246243715286255,0.45599591732025146,0.040046095848083496,0.5763545632362366,0.48388415575027466,-0.0008178591961041093,0.5773258805274963,0.4867699146270752,-0.0012054634280502796,0.5781003832817078,0.49048084020614624,-0.001715347170829773,0.5785368084907532,0.4948446750640869,-0.0003904562909156084,0.578423023223877,0.49832528829574585,0.004787962418049574,0.5859374403953552,0.48020586371421814,0.0036311070434749126,0.5870643854141235,0.4791643023490906,0.0035824584774672985,0.5879819393157959,0.47817838191986084,0.0033268891274929047,0.5927962064743042,0.4730742275714874,0.0035128281451761723,0.6150937676429749,0.458645761013031,0.011124836280941963,0.5744386315345764,0.4146008789539337,-0.01343369111418724,0.5773191452026367,0.39978790283203125,-0.006988795008510351,0.5802198052406311,0.4011079967021942,-0.00486754672601819,0.5846679210662842,0.4812667667865753,0.0043286713771522045,0.6134597063064575,0.47549179196357727,0.02254250831902027,0.5726966261863708,0.3993554413318634,-0.013760245405137539,0.5804662704467773,0.5055131316184998,0.008487222716212273,0.5702733993530273,0.4196254312992096,-0.021870706230401993,0.5773841738700867,0.43564480543136597,-0.015982050448656082,0.571857213973999,0.51027911901474,0.005880489479750395,0.5932806730270386,0.4899216890335083,0.012569970451295376,0.5883653163909912,0.4537540376186371,-0.0028397957794368267,0.5871846675872803,0.4985748827457428,0.011014733463525772,0.6030551791191101,0.4530143141746521,-0.0007977081695571542,0.5942850708961487,0.4609539806842804,-0.00034389030770398676,0.6072985529899597,0.46424630284309387,0.005430756602436304,0.5729174017906189,0.5187428593635559,0.007508303038775921,0.5804360508918762,0.4392676055431366,-0.011441842652857304,0.596720278263092,0.4962415099143982,0.018505828455090523,0.589138925075531,0.5047826766967773,0.016079476103186607,0.5988969802856445,0.48067086935043335,0.011287610046565533,0.619154691696167,0.4664289951324463,0.026114828884601593,0.6053996682167053,0.482971727848053,0.01661718636751175,0.6202856302261353,0.47131335735321045,0.040357138961553574,0.5988763570785522,0.46882063150405884,0.003831895999610424,0.5773956775665283,0.42808130383491516,-0.01290189754217863,0.5762852430343628,0.4527249336242676,-0.022183500230312347,0.5795351266860962,0.45327532291412354,-0.01576985791325569,0.5739681124687195,0.44800421595573425,-0.026325901970267296,0.5824944972991943,0.39104387164115906,-0.009623332880437374,0.5927474498748779,0.3843408226966858,-0.010726130567491055,0.6014223098754883,0.382818341255188,-0.010020602494478226,0.6082132458686829,0.3843727707862854,-0.00728991674259305,0.6126588582992554,0.38836294412612915,-0.0035081831738352776,0.6145009994506836,0.4040934443473816,0.006423892918974161,0.6301844120025635,0.42240026593208313,0.03439094498753548,0.6100404262542725,0.4176962971687317,0.0033543745521456003,0.6042340993881226,0.42068246006965637,0.00040483532939106226,0.5964080095291138,0.42144978046417236,-0.0017363959923386574,0.588804304599762,0.4195685088634491,-0.0033544572070240974,0.5828767418861389,0.4163774251937866,-0.003574536181986332,0.5789576768875122,0.41348782181739807,-0.004394237417727709,0.630843997001648,0.4202639162540436,0.05563462898135185,0.579433262348175,0.45441946387290955,-0.012766513973474503,0.5737404227256775,0.43112435936927795,-0.020834363996982574,0.5723984837532043,0.45396143198013306,-0.026131251826882362,0.5696659088134766,0.45724645256996155,-0.023222165182232857,0.5725066065788269,0.4548575282096863,-0.023345954716205597,0.5781742930412292,0.4561465382575989,-0.010405456647276878,0.5685722827911377,0.4581930339336395,-0.024546509608626366,0.5679953694343567,0.4591880440711975,-0.01771094650030136,0.5784428119659424,0.4075876772403717,-0.0030937197152525187,0.5760528445243835,0.40890541672706604,-0.005908372811973095,0.5745829939842224,0.41039544343948364,-0.009101423434913158,0.6068441867828369,0.40275394916534424,-0.0002774714375846088,0.6109796762466431,0.3973420560359955,-8.24644448584877e-05,0.5363366603851318,0.40148618817329407,-0.001629919046536088,0.5423249006271362,0.4019179344177246,-0.001629919046536088,0.5367649793624878,0.3939107656478882,-0.001629919046536088,0.5302607417106628,0.4009954631328583,-0.001629919046536088,0.5358957052230835,0.40901005268096924,-0.001629919046536088,0.5944118499755859,0.4042648673057556,-0.0028218368533998728,0.6003217101097107,0.40434932708740234,-0.0028218368533998728,0.5943383574485779,0.3963555097579956,-0.0028218368533998728,0.5886113047599792,0.40413135290145874,-0.0028218368533998728,0.5945166945457458,0.41211122274398804,-0.0028218368533998728
3500.0000000000045,0.5653186440467834,0.4764794111251831,-0.010582680813968182,0.5641635060310364,0.4553500711917877,-0.02898435853421688,0.564303994178772,0.46081382036209106,-0.013429922983050346,0.5605413913726807,0.42722654342651367,-0.02487863041460514,0.5643667578697205,0.44722840189933777,-0.03181763365864754,0.5647528767585754,0.43587395548820496,-0.030888037756085396,0.565851628780365,0.40765535831451416,-0.01975495181977749,0.5252363681793213,0.4023546278476715,0.0025127127300947905,0.5667648911476135,0.3838040232658386,-0.018579356372356415,0.5672149062156677,0.37194275856018066,-0.021489085629582405,0.5689215064048767,0.3302522599697113,-0.022396504878997803,0.5651829242706299,0.479767769575119,-0.00945245660841465,0.5649925470352173,0.48309648036956787,-0.0074050226248800755,0.5648539066314697,0.48522597551345825,-0.004519158508628607,0.5648033618927002,0.48533302545547485,-0.003422094974666834,0.564724862575531,0.4895651340484619,-0.0036607354413717985,0.5645664930343628,0.494411438703537,-0.004256162326782942,0.5643582940101624,0.49925458431243896,-0.002806056058034301,0.5633302927017212,0.5025556683540344,0.003385741962119937,0.564167320728302,0.45886290073394775,-0.025677872821688652,0.5593026876449585,0.45741015672683716,-0.01786983385682106,0.5055245161056519,0.3629871606826782,0.024675747379660606,0.5418647527694702,0.41226378083229065,-0.003199781756848097,0.5358169078826904,0.4126250147819519,-0.002384161576628685,0.5302571058273315,0.4108819365501404,-0.0005528161418624222,0.5231778025627136,0.40352582931518555,0.004162937868386507,0.5470108985900879,0.4102230370044708,-0.0026919059455394745,0.5337048768997192,0.3818157911300659,-0.006962070241570473,0.5406374931335449,0.38422316312789917,-0.0073616295121610165,0.527237057685852,0.38268375396728516,-0.004471000283956528,0.5230583548545837,0.38622066378593445,-0.001794840325601399,0.5190376043319702,0.40667209029197693,0.00791112519800663,0.5440813302993774,0.5113404989242554,0.012608185410499573,0.5234706997871399,0.39851608872413635,0.004387598019093275,0.5029236674308777,0.39877745509147644,0.032680269330739975,0.5129717588424683,0.3976227641105652,0.01299660000950098,0.5366441011428833,0.4414016902446747,-0.0031402786262333393,0.5576493144035339,0.4740636944770813,-0.009838842786848545,0.5577970147132874,0.4820290505886078,-0.006354874931275845,0.5501128435134888,0.4750840663909912,-0.005915878806263208,0.544876754283905,0.4759908616542816,-0.000910372007638216,0.55170738697052,0.48086366057395935,-0.003722279565408826,0.5468956828117371,0.4798562824726105,0.000721425807569176,0.5391753315925598,0.48356011509895325,0.010561023838818073,0.5597638487815857,0.4547875225543976,-0.02845676988363266,0.5593274235725403,0.4468216896057129,-0.03105681948363781,0.5147083401679993,0.3726436197757721,-0.000655369192827493,0.5490792989730835,0.42318421602249146,-0.00680956244468689,0.548069179058075,0.4488600492477417,-0.014876074157655239,0.5479416251182556,0.44414013624191284,-0.013713562861084938,0.5189786553382874,0.4377564489841461,0.004726469982415438,0.5599110722541809,0.43630480766296387,-0.029021482914686203,0.5275556445121765,0.36538463830947876,-0.01166775356978178,0.5197803974151611,0.36683833599090576,-0.006505726370960474,0.511143684387207,0.34914469718933105,0.01138872466981411,0.5534186959266663,0.37935319542884827,-0.016888422891497612,0.5463912487030029,0.389740914106369,-0.005726241506636143,0.5348387956619263,0.4755803048610687,0.010609306395053864,0.5106858611106873,0.47071927785873413,0.059801265597343445,0.5518561005592346,0.4537440836429596,-0.012406454421579838,0.5560365319252014,0.4565005898475647,-0.012162544764578342,0.5377432703971863,0.47705042362213135,0.010132703930139542,0.5391339063644409,0.4777751564979553,0.008500157855451107,0.5165659785270691,0.3593229353427887,-0.004775546956807375,0.5477671027183533,0.4512295722961426,-0.011301962658762932,0.538390576839447,0.36901405453681946,-0.015352204442024231,0.5375469326972961,0.36124831438064575,-0.01761123724281788,0.5347718000411987,0.3321678042411804,-0.013739426620304585,0.514812171459198,0.3581553101539612,0.001783422427251935,0.5375279188156128,0.348768413066864,-0.016356348991394043,0.5113292336463928,0.36712491512298584,0.003431570716202259,0.5090200901031494,0.36927419900894165,0.013001274317502975,0.5575727224349976,0.47835662961006165,-0.008652571588754654,0.5508741140365601,0.4780794382095337,-0.004942969419062138,0.5458146333694458,0.47790098190307617,-0.0004702225560322404,0.5529798269271851,0.45492321252822876,-0.010861039161682129,0.5384509563446045,0.47741469740867615,0.009284871630370617,0.5415387749671936,0.4812041223049164,0.0063302950002253056,0.5398990511894226,0.4781690835952759,0.008373118005692959,0.554265558719635,0.45300716161727905,-0.020490173250436783,0.5477126240730286,0.481333464384079,0.0018133207922801375,0.5525043606758118,0.4828169643878937,-0.0012112698750570416,0.5582401752471924,0.4842510223388672,-0.003601417411118746,0.5558831691741943,0.501593828201294,0.00399548327550292,0.5565292239189148,0.4979514479637146,-0.0020995542872697115,0.5569173693656921,0.49303722381591797,-0.003345872974023223,0.5575344562530518,0.4882293939590454,-0.002697188872843981,0.5582155585289001,0.48441261053085327,-0.0024350935127586126,0.5475826859474182,0.4814630448818207,0.0027806172147393227,0.5464485883712769,0.48299098014831543,0.0023335653822869062,0.5451611280441284,0.48520100116729736,0.0019294421654194593,0.5441746711730957,0.48773491382598877,0.0033133975230157375,0.5408890247344971,0.46737033128738403,-0.00011051268666051328,0.5038888454437256,0.4317220151424408,0.06180454418063164,0.5642204880714417,0.4599345624446869,-0.01789116859436035,0.5439701080322266,0.4799765646457672,0.006175070069730282,0.5427566766738892,0.4804916977882385,0.005993368569761515,0.5576550960540771,0.4594840407371521,-0.011720714159309864,0.5492688417434692,0.4550950825214386,-0.006497408729046583,0.5569029450416565,0.45804423093795776,-0.012132059782743454,0.5428006649017334,0.4268338084220886,-0.00397886848077178,0.5328563451766968,0.43076789379119873,-0.001219706842675805,0.5469120144844055,0.4467780888080597,-0.010056586004793644,0.5203403830528259,0.3384968042373657,-0.0019524231320247054,0.523787796497345,0.3507373332977295,-0.007869516499340534,0.5254571437835693,0.35738492012023926,-0.012009713798761368,0.5433155298233032,0.49060600996017456,0.008175897412002087,0.5518810153007507,0.36721980571746826,-0.02055777795612812,0.5517663955688477,0.34984761476516724,-0.021193576976656914,0.550430178642273,0.3298139274120331,-0.020581351593136787,0.5256692171096802,0.4079728126525879,0.0020279500167816877,0.5133334994316101,0.41067126393318176,0.011894064024090767,0.5503426790237427,0.4081774652004242,-0.0023803510703146458,0.5177468061447144,0.3882324695587158,0.003566476982086897,0.5531702637672424,0.4186679720878601,-0.009494193829596043,0.5511227250099182,0.4474622309207916,-0.020831460133194923,0.5071429014205933,0.41586610674858093,0.019391199573874474,0.5168660879135132,0.41779714822769165,0.007557693403214216,0.5238165259361267,0.4223605692386627,0.0025088549591600895,0.5345004200935364,0.4231892228126526,-0.00023799783957656473,0.5426174998283386,0.4212622344493866,-0.0022823845501989126,0.5487487316131592,0.4183574616909027,-0.004458100069314241,0.5606326460838318,0.4092176854610443,-0.017264150083065033,0.5073714256286621,0.4324278235435486,0.020333506166934967,0.5135518312454224,0.3845151960849762,0.006025501061230898,0.5614898204803467,0.45839428901672363,-0.025301527231931686,0.549513041973114,0.4313305616378784,-0.008297684602439404,0.5016551613807678,0.39590251445770264,0.0513247475028038,0.5533129572868347,0.41475483775138855,-0.006144963204860687,0.5463061332702637,0.44641584157943726,-0.004471620544791222,0.5209634900093079,0.3972562849521637,0.0057553863152861595,0.5512032508850098,0.4416479468345642,-0.019390065222978592,0.5064020156860352,0.4509943425655365,0.06230730935931206,0.5505048036575317,0.40511077642440796,-0.0016742937732487917,0.5554206371307373,0.4382435381412506,-0.025301778689026833,0.5222254991531372,0.49103957414627075,0.03181206434965134,0.5235578417778015,0.4984666705131531,0.043399836868047714,0.5034484267234802,0.4326162040233612,0.041015952825546265,0.5148359537124634,0.48050054907798767,0.03752344101667404,0.5056683421134949,0.3829449713230133,0.024214603006839752,0.5436787605285645,0.5177091360092163,0.017201969400048256,0.5621168613433838,0.4594840109348297,-0.017492001876235008,0.5441558361053467,0.43603792786598206,-0.005328743252903223,0.5086055397987366,0.3976408541202545,0.01879916526377201,0.5306138396263123,0.4076424241065979,-0.0009391641360707581,0.5357086062431335,0.4089519679546356,-0.0024211336858570576,0.540506899356842,0.4821211099624634,0.007486442103981972,0.508325457572937,0.44806933403015137,0.024610823020339012,0.5527914762496948,0.5274447798728943,0.019666731357574463,0.5385931730270386,0.5162767171859741,0.030018651857972145,0.5320302248001099,0.5089522004127502,0.035896461457014084,0.5680273175239563,0.3512617349624634,-0.022868145257234573,0.5627062320709229,0.5292981863021851,0.017873752862215042,0.5409042835235596,0.40844106674194336,-0.0028771008364856243,0.5458244681358337,0.4069643020629883,-0.0023515820503234863,0.5489830374717712,0.40599867701530457,-0.0014910747995600104,0.5097365379333496,0.3810165226459503,0.011441830545663834,0.5450792908668518,0.3972799479961395,-0.004283674992620945,0.5398735404014587,0.3936278522014618,-0.005127099808305502,0.5347753167152405,0.3925168216228485,-0.004678073339164257,0.529800295829773,0.39336711168289185,-0.002839920809492469,0.5266473889350891,0.3952946960926056,-0.0007273657247424126,0.5025584697723389,0.3777325451374054,0.03902185335755348,0.5273048877716064,0.4051361083984375,0.0009732226026244462,0.5643019080162048,0.4660254120826721,-0.011110009625554085,0.5467486381530762,0.46511542797088623,-0.00431205565109849,0.5518585443496704,0.4530501961708069,-0.014809458516538143,0.5568878650665283,0.4654396176338196,-0.010217403061687946,0.5663135647773743,0.39553332328796387,-0.01728251576423645,0.5301623940467834,0.5012689232826233,0.027809815481305122,0.5369647145271301,0.5093687772750854,0.02299075573682785,0.552200436592102,0.523737907409668,0.012126337736845016,0.5166815519332886,0.4865954518318176,0.052517686039209366,0.5488461256027222,0.40208566188812256,-0.0027570275124162436,0.5566807389259338,0.4222094416618347,-0.01718693971633911,0.5626437067985535,0.5254307985305786,0.010623914189636707,0.5451639890670776,0.5228288769721985,0.02379407174885273,0.5055885910987854,0.4499630331993103,0.04281039163470268,0.5524510741233826,0.48302316665649414,-9.708660218166187e-05,0.5513414144515991,0.48584678769111633,-0.0005148126510903239,0.5503857731819153,0.48950037360191345,-0.0010001936461776495,0.5497366786003113,0.49385011196136475,0.0003192179137840867,0.5487360954284668,0.4969620406627655,0.005587833933532238,0.5428547859191895,0.4787694215774536,0.004921124782413244,0.5417445302009583,0.4776257574558258,0.004943257197737694,0.5408617854118347,0.47653481364250183,0.004713008645921946,0.5364720225334167,0.470684677362442,0.005013518501073122,0.5145581364631653,0.4535588026046753,0.013414126820862293,0.5570077896118164,0.41342371702194214,-0.013035573065280914,0.5541766285896301,0.3971744775772095,-0.006424780935049057,0.5511131882667542,0.3986268937587738,-0.0040920190513134,0.5440596342086792,0.4799148440361023,0.0055119674652814865,0.5154669284820557,0.47080445289611816,0.0248629841953516,0.5591310262680054,0.39678505063056946,-0.013523194007575512,0.5461461544036865,0.5040048360824585,0.009357458911836147,0.5651198625564575,0.4264376163482666,-0.026996666565537453,0.5605248212814331,0.4188283681869507,-0.0217722337692976,0.5654641389846802,0.41760721802711487,-0.023331627249717712,0.552720844745636,0.4342927932739258,-0.015513746999204159,0.5627807974815369,0.5192551016807556,0.006422204896807671,0.5630363821983337,0.5105783939361572,0.004920618142932653,0.5541863441467285,0.5094136595726013,0.006265745963901281,0.5349006056785583,0.4873981177806854,0.014159725047647953,0.541246771812439,0.4516373574733734,-0.0017991362838074565,0.5402275919914246,0.4965819716453552,0.012252491898834705,0.5267257690429688,0.44913673400878906,0.0008437703945674002,0.5351825952529907,0.4581320285797119,0.0010067197727039456,0.522061824798584,0.46000295877456665,0.00736556900665164,0.552574872970581,0.5177596807479858,0.008045453578233719,0.5496373176574707,0.4377724230289459,-0.010804791003465652,0.5310199856758118,0.49332401156425476,0.020235059782862663,0.5378020405769348,0.5025539398193359,0.017391981557011604,0.5299093723297119,0.47759371995925903,0.013158521614968777,0.5103520154953003,0.46104368567466736,0.028613921254873276,0.523125171661377,0.47916287183761597,0.01865573227405548,0.5089983344078064,0.46589919924736023,0.04305844381451607,0.5305010080337524,0.46559959650039673,0.0055568888783454895,0.5532471537590027,0.4266994893550873,-0.01239856332540512,0.5526291131973267,0.4515424370765686,-0.02179698459804058,0.5495840311050415,0.4519139230251312,-0.015229212120175362,0.5549604296684265,0.44699180126190186,-0.025993790477514267,0.5494086146354675,0.3869497776031494,-0.008854267187416553,0.5397526621818542,0.378567636013031,-0.009642425924539566,0.5312038660049438,0.37600672245025635,-0.008617542684078217,0.5243008732795715,0.3771900236606598,-0.005592425353825092,0.5196551084518433,0.38099128007888794,-0.0016149311559274793,0.5175410509109497,0.3974014222621918,0.008482804521918297,0.5024247169494629,0.4156472384929657,0.037234269082546234,0.5219510793685913,0.41143691539764404,0.005267232656478882,0.527650773525238,0.4153314530849457,0.0020820351783186197,0.5351255536079407,0.4170835018157959,-0.0003578366304282099,0.5424530506134033,0.41622644662857056,-0.0022576989140361547,0.5482044219970703,0.41391703486442566,-0.00276930071413517,0.5520645976066589,0.4115382730960846,-0.003748076967895031,0.502540647983551,0.41352033615112305,0.05838962271809578,0.5496701002120972,0.45316430926322937,-0.012218003161251545,0.5563706159591675,0.4300650656223297,-0.020513253286480904,0.5561912059783936,0.45306485891342163,-0.02595895156264305,0.5589035153388977,0.4565871059894562,-0.023174501955509186,0.5562124848365784,0.4539370834827423,-0.023142853751778603,0.5509074926376343,0.4550293982028961,-0.009936126880347729,0.5598528981208801,0.457645446062088,-0.024540919810533524,0.5604855418205261,0.4587532877922058,-0.017656946554780006,0.5524704456329346,0.40539121627807617,-0.0024252759758383036,0.555030882358551,0.4070433974266052,-0.005420026369392872,0.5567309260368347,0.40858423709869385,-0.008691112510859966,0.5248610973358154,0.39695078134536743,0.001550837536342442,0.5206934809684753,0.39061474800109863,0.001865263213403523,0.5697089433670044,0.42764151096343994,-0.025161128491163254,0.6066816449165344,0.40808188915252686,0.00045047729508951306,0.5694069862365723,0.45778244733810425,-0.018079129979014397,0.6315549612045288,0.36965957283973694,0.02174493670463562,0.5891730189323425,0.41562575101852417,-0.0045379213988780975,0.5954724550247192,0.41681385040283203,-0.003957701381295919,0.6013939380645752,0.41578757762908936,-0.0024021139834076166,0.6088488101959229,0.40946856141090393,0.001959427958354354,0.583858847618103,0.41270506381988525,-0.003737479681149125,0.5994532704353333,0.3875047266483307,-0.00871446542441845,0.592380702495575,0.3886288106441498,-0.008754796348512173,0.6056931018829346,0.3891866207122803,-0.0064630452543497086,0.6094988584518433,0.3929808437824249,-0.003945212811231613,0.6135658621788025,0.4130917489528656,0.005622071214020252,0.5822829604148865,0.5130689144134521,0.011560017243027687,0.6086772084236145,0.4044107496738434,0.0022373523097485304,0.6315715909004211,0.40549081563949585,0.029638035222887993,0.6201401352882385,0.4047028422355652,0.010451816953718662,0.5938073396682739,0.44411906599998474,-0.004559413995593786,0.5730192065238953,0.4745912551879883,-0.010283148847520351,0.5721806287765503,0.4824497103691101,-0.006808152887970209,0.580269455909729,0.475956529378891,-0.006804215721786022,0.5851133465766907,0.4769990146160126,-0.002099136123433709,0.5781726241111755,0.4815870225429535,-0.004584786482155323,0.5828617811203003,0.4807130992412567,-0.0003454391844570637,0.5899672508239746,0.4855491518974304,0.009033294394612312,0.5686439871788025,0.45515337586402893,-0.02862025611102581,0.569455087184906,0.4472123384475708,-0.03127337247133255,0.6190517544746399,0.3806134760379791,-0.003175049787387252,0.5822691321372986,0.42472654581069946,-0.007705354131758213,0.5814322829246521,0.45016807317733765,-0.015694634988904,0.5818840861320496,0.4454748034477234,-0.01458049938082695,0.6118813753128052,0.4423971176147461,0.002466402482241392,0.5696151852607727,0.43667149543762207,-0.02930697239935398,0.6061927676200867,0.3732959032058716,-0.01340863760560751,0.6140270829200745,0.37480926513671875,-0.008730011992156506,0.626713216304779,0.35528501868247986,0.008711461909115314,0.5792474150657654,0.38496577739715576,-0.017453216016292572,0.586037278175354,0.39288216829299927,-0.0068484460934996605,0.5949452519416809,0.4779495596885681,0.008849557489156723,0.6194759607315063,0.47606027126312256,0.05722513049840927,0.5773670673370361,0.4547252357006073,-0.013081089593470097,0.5730215907096863,0.45711377263069153,-0.012498282827436924,0.5918599367141724,0.47806909680366516,0.008573256433010101,0.5904625058174133,0.47872862219810486,0.007110099773854017,0.6174921989440918,0.36729851365089417,-0.00715015921741724,0.5817268490791321,0.4525364637374878,-0.012105599045753479,0.5950543284416199,0.376407265663147,-0.01658124476671219,0.5961894989013672,0.3686324656009674,-0.01884780451655388,0.6035342216491699,0.33576545119285583,-0.015317029319703579,0.6220849752426147,0.3639387786388397,-0.000741337426006794,0.599181592464447,0.35206782817840576,-0.01771710067987442,0.6227073669433594,0.375000536441803,0.0007557100616395473,0.6273448467254639,0.37567979097366333,0.010158060118556023,0.572763204574585,0.47885003685951233,-0.00912333931773901,0.5792856812477112,0.4789062738418579,-0.005832918919622898,0.5840779542922974,0.4788163900375366,-0.0016224761493504047,0.5761769413948059,0.45579099655151367,-0.0113446693867445,0.5911422967910767,0.47840356826782227,0.00782707892358303,0.5878128409385681,0.4820564389228821,0.0050714206881821156,0.5896906852722168,0.47909146547317505,0.007028806488960981,0.5747033357620239,0.4538162648677826,-0.021038681268692017,0.5818688869476318,0.4821189343929291,0.0008040260290727019,0.5771275162696838,0.4834727644920349,-0.001988335745409131,0.5714949369430542,0.4846363663673401,-0.0040555186569690704,0.5709754228591919,0.5023214221000671,0.0035418469924479723,0.5721685886383057,0.4983047842979431,-0.0025926039088517427,0.5721234679222107,0.4933922290802002,-0.003882527118548751,0.5718502402305603,0.48859113454818726,-0.003212917596101761,0.5713971257209778,0.48475009202957153,-0.0029280222952365875,0.5818824172019958,0.4821400046348572,0.0017613866366446018,0.5829152464866638,0.4837176203727722,0.0013335990952327847,0.5840133428573608,0.485947847366333,0.0009167432435788214,0.584772527217865,0.4885011911392212,0.002277085790410638,0.5886138677597046,0.4693834185600281,-0.001376722357235849,0.628788411617279,0.4382197856903076,0.0589602068066597,0.5854923725128174,0.48076045513153076,0.004955820739269257,0.5866734385490417,0.4813212752342224,0.004767518024891615,0.5712627172470093,0.46003252267837524,-0.012038234621286392,0.5801591873168945,0.4562733769416809,-0.007143376860767603,0.5720778107643127,0.4586451053619385,-0.012452795170247555,0.5884167551994324,0.4290212094783783,-0.0051715481095016,0.5982641577720642,0.4340144097805023,-0.002884402871131897,0.582913339138031,0.44822096824645996,-0.010937904007732868,0.6179513931274414,0.34366098046302795,-0.00417393259704113,0.6132639646530151,0.35558846592903137,-0.009899633936583996,0.6085823774337769,0.36506831645965576,-0.013874081894755363,0.584932267665863,0.49234217405319214,0.006953991483896971,0.5814184546470642,0.37347662448883057,-0.02116043120622635,0.5845819711685181,0.3515847325325012,-0.02186153456568718,0.587725043296814,0.33173125982284546,-0.021371860057115555,0.6061397790908813,0.4136818051338196,-6.0220674640731886e-05,0.619461178779602,0.41773751378059387,0.0093621127307415,0.5805148482322693,0.41028013825416565,-0.003309049643576145,0.6150127053260803,0.3952193260192871,0.0011872837785631418,0.5783671736717224,0.419824481010437,-0.010213972069323063,0.5781667828559875,0.4485456645488739,-0.02148495241999626,0.6255993247032166,0.42197418212890625,0.016570357605814934,0.6156443357467651,0.42466920614242554,0.0051933471113443375,0.6084216237068176,0.42833957076072693,0.0004273248778190464,0.5972375869750977,0.42765113711357117,-0.0018537602154538035,0.5887827277183533,0.4244420826435089,-0.0035142621491104364,0.5825849771499634,0.4206992983818054,-0.005380722694098949,0.5710814595222473,0.4096944332122803,-0.017573624849319458,0.6241520643234253,0.43839889764785767,0.01748444326221943,0.6198148131370544,0.39203399419784546,0.00342332711443305,0.5668821334838867,0.45859819650650024,-0.025438295677304268,0.5812575221061707,0.4327358901500702,-0.009139971807599068,0.6335251331329346,0.4027441143989563,0.04836646467447281,0.5780059695243835,0.4167116582393646,-0.006853782571852207,0.5836817026138306,0.44793960452079773,-0.005321796052157879,0.6111940145492554,0.4035515785217285,0.003516831435263157,0.5785262584686279,0.44273385405540466,-0.020051922649145126,0.6250552535057068,0.45708250999450684,0.059595417231321335,0.5803797841072083,0.40740278363227844,-0.0026070501189678907,0.5741952657699585,0.438988596200943,-0.025807218626141548,0.6061390042304993,0.4949421286582947,0.029596716165542603,0.6045764684677124,0.5020012259483337,0.04142239689826965,0.6284588575363159,0.4390318691730499,0.037909381091594696,0.6141493320465088,0.4852263033390045,0.034930270165205,0.6297985315322876,0.3895277976989746,0.02122478187084198,0.5822652578353882,0.5194399952888489,0.016096750274300575,0.5663601756095886,0.4596377909183502,-0.017585039138793945,0.5864713788032532,0.4379594326019287,-0.006405694410204887,0.6248959898948669,0.4048709273338318,0.015995780006051064,0.6008656620979309,0.4127005636692047,-0.0027152858674526215,0.5955166816711426,0.4133966267108917,-0.004018506966531277,0.5887696146965027,0.483018159866333,0.00613551726564765,0.6222774982452393,0.4538666605949402,0.021791966632008553,0.5726768970489502,0.5281667113304138,0.019085051491856575,0.5880460739135742,0.5181739926338196,0.028594713658094406,0.5953736305236816,0.5115579962730408,0.03421527519822121,0.5901458859443665,0.41204893589019775,-0.0042503164149820805,0.5849766731262207,0.40968504548072815,-0.003511975519359112,0.5818054676055908,0.40836092829704285,-0.002519444329664111,0.6240536570549011,0.38837528228759766,0.008670185692608356,0.5867313146591187,0.39986130595207214,-0.0055433474481105804,0.5924569964408875,0.3970404267311096,-0.006585058756172657,0.5979413390159607,0.3969293534755707,-0.006368190515786409,0.6029229760169983,0.3986371159553528,-0.004762626718729734,0.6058305501937866,0.40103253722190857,-0.002744941506534815,0.6336485147476196,0.3845862150192261,0.03604906424880028,0.604364275932312,0.4106709659099579,-0.0009836513781920075,0.5826050639152527,0.4665428400039673,-0.005232594907283783,0.5773156881332397,0.45405611395835876,-0.015380176715552807,0.5720238089561462,0.46610692143440247,-0.010624312795698643,0.5974758267402649,0.5043875575065613,0.025963367894291878,0.5898651480674744,0.5117751955986023,0.021508991718292236,0.573148250579834,0.5246745944023132,0.011468330398201942,0.6123418211936951,0.49100932478904724,0.05013710632920265,0.5823716521263123,0.4043918550014496,-0.0038321097381412983,0.5742560029029846,0.423002153635025,-0.017665119841694832,0.580737292766571,0.5241158604621887,0.022715946659445763,0.6252022385597229,0.45604512095451355,0.039839085191488266,0.5770711302757263,0.48357445001602173,-0.0008978222613222897,0.5780041217803955,0.4864174425601959,-0.001312041305936873,0.5787264704704285,0.4900684356689453,-0.0018389694159850478,0.5791028738021851,0.494396835565567,-0.00052025041077286,0.5786925554275513,0.4982272982597351,0.004659079015254974,0.58683842420578,0.47966375946998596,0.003597258124500513,0.5879769325256348,0.4785803258419037,0.0035347838420420885,0.5889120697975159,0.4775616228580475,0.0032665671315044165,0.593228280544281,0.4730176031589508,0.003411996876820922,0.6155228614807129,0.4585966169834137,0.010896551422774792,0.5746415257453918,0.4142511487007141,-0.013586152344942093,0.577548623085022,0.3997388184070587,-0.007070977706462145,0.5804473161697388,0.4010152220726013,-0.004980316385626793,0.585556149482727,0.48076072335243225,0.004300491884350777,0.613964855670929,0.47554048895835876,0.022371921688318253,0.5728754997253418,0.3993857502937317,-0.013871495611965656,0.5807378888130188,0.5055064558982849,0.008369102142751217,0.5704075694084167,0.419263631105423,-0.022043373435735703,0.5775662660598755,0.4353909194469452,-0.0161414984613657,0.5720528960227966,0.51021808385849,0.005754648242145777,0.5936930179595947,0.4899347126483917,0.012471863068640232,0.5886693000793457,0.45365679264068604,-0.0029749295208603144,0.5875267386436462,0.4985996186733246,0.010913831181824207,0.6033944487571716,0.4529012441635132,-0.0010037178872153163,0.5946352481842041,0.4608769118785858,-0.0004875720478594303,0.6077036261558533,0.4641941487789154,0.00524153932929039,0.5731031894683838,0.518724262714386,0.0073882536962628365,0.5806665420532227,0.439055860042572,-0.011585741303861141,0.5971238613128662,0.49631232023239136,0.018402356654405594,0.5894807577133179,0.5048478245735168,0.015982836484909058,0.5993444323539734,0.48064738512039185,0.011158071458339691,0.6196824312210083,0.46646592020988464,0.025918683037161827,0.605851411819458,0.4830033481121063,0.016472920775413513,0.6208873391151428,0.47142040729522705,0.04018126055598259,0.5992991924285889,0.46876412630081177,0.0036823609843850136,0.5776036381721497,0.4277994632720947,-0.013054195791482925,0.5764009356498718,0.4525012671947479,-0.022371362894773483,0.5797017812728882,0.4531100392341614,-0.01592697948217392,0.57405686378479,0.4477560520172119,-0.02653363347053528,0.5828960537910461,0.39100319147109985,-0.009744902141392231,0.5932982563972473,0.3842598795890808,-0.01092236302793026,0.6020780205726624,0.3826962113380432,-0.010283932089805603,0.6089200377464294,0.3842485845088959,-0.007599069271236658,0.6133798956871033,0.3882503807544708,-0.00383862410672009,0.615041971206665,0.40399232506752014,0.006118171848356724,0.6307008266448975,0.42231494188308716,0.03409002348780632,0.6103441119194031,0.4176763594150543,0.003078934969380498,0.6043856143951416,0.42062896490097046,0.00015587301459163427,0.59645676612854,0.4212759733200073,-0.0019476923625916243,0.5888186097145081,0.41931289434432983,-0.0035120092798024416,0.5829086899757385,0.41617047786712646,-0.0037040929310023785,0.5790200233459473,0.4133732318878174,-0.004498261958360672,0.6314780116081238,0.42021897435188293,0.05539300665259361,0.5796236395835876,0.45428168773651123,-0.012906162068247795,0.5738748908042908,0.4308258593082428,-0.0210158359259367,0.5724742412567139,0.4537275433540344,-0.026317453011870384,0.569742739200592,0.45704415440559387,-0.023370373994112015,0.5725932121276855,0.4546293020248413,-0.023516075685620308,0.5783684849739075,0.4560312032699585,-0.01052320096641779,0.5686314702033997,0.45799338817596436,-0.02469603344798088,0.5680792331695557,0.4590096175670624,-0.017817191779613495,0.5785654783248901,0.4074890613555908,-0.0031854952685534954,0.5761666297912598,0.408850759267807,-0.005996360909193754,0.5746678113937378,0.4104622006416321,-0.009213706478476524,0.6074506044387817,0.40283992886543274,-0.0005468841991387308,0.611638069152832,0.3973444104194641,-0.00036863447166979313,0.5366851687431335,0.401211678981781,-0.0014214462134987116,0.5426939725875854,0.4016440212726593,-0.0014214462134987116,0.5372138619422913,0.39327067136764526,-0.0014214462134987116,0.5305948257446289,0.4007251560688019,-0.0014214462134987116,0.5361459255218506,0.409100204706192,-0.0014214462134987116,0.5949065685272217,0.4041605591773987,-0.003018847666680813,0.6009411215782166,0.4043705463409424,-0.003018847666680813,0.5949331521987915,0.3961845636367798,-0.003018847666680813,0.5889829397201538,0.40390849113464355,-0.003018847666680813,0.594909131526947,0.41206490993499756,-0.003018847666680813
3533.333333333338,0.5660111308097839,0.4760574996471405,-0.010562872514128685,0.5645626783370972,0.4551645517349243,-0.028934959322214127,0.5647761225700378,0.46059301495552063,-0.013384416699409485,0.5609601140022278,0.42716604471206665,-0.024851037189364433,0.564752459526062,0.447066068649292,-0.03176990523934364,0.5651432871818542,0.4357634484767914,-0.030848843976855278,0.5662651658058167,0.40767550468444824,-0.019782336428761482,0.5258356928825378,0.40213659405708313,0.002529717516154051,0.5671619176864624,0.3837825655937195,-0.018659044057130814,0.5675932765007019,0.3719184994697571,-0.021588345989584923,0.5692577362060547,0.3302636742591858,-0.022575508803129196,0.565876305103302,0.4793793261051178,-0.009447854943573475,0.5656895041465759,0.4827454388141632,-0.007407160941511393,0.5655611157417297,0.4848956763744354,-0.004523258190602064,0.5654937028884888,0.48500582575798035,-0.0032463655807077885,0.5654224157333374,0.4891974627971649,-0.0034610647708177567,0.5652692914009094,0.49399974942207336,-0.00400872016325593,0.5650660395622253,0.49882376194000244,-0.0024805401917546988,0.5639201998710632,0.5025886297225952,0.0037970454432070255,0.5645862221717834,0.4586697816848755,-0.025632476434111595,0.5597860217094421,0.45723289251327515,-0.017826758325099945,0.5059133768081665,0.3630431294441223,0.024677429348230362,0.5425612330436707,0.41212108731269836,-0.003227666951715946,0.5364805459976196,0.41245055198669434,-0.0023891504388302565,0.5308906435966492,0.4107048511505127,-0.0005399144138209522,0.5238050818443298,0.4033166170120239,0.0041911406442523,0.5477185249328613,0.41014376282691956,-0.0027339691296219826,0.5341361165046692,0.3818891644477844,-0.0069740451872348785,0.5411258935928345,0.3843148350715637,-0.007406712509691715,0.5276399254798889,0.3827027380466461,-0.0044579701498150826,0.5234895348548889,0.386166512966156,-0.001773107796907425,0.5196390748023987,0.4064903259277344,0.007947447709739208,0.5447501540184021,0.5111026763916016,0.012974540702998638,0.5240712761878967,0.3983188271522522,0.004411265254020691,0.5034443736076355,0.3987590968608856,0.03273496404290199,0.5135338306427002,0.3973338007926941,0.013040727935731411,0.5371989607810974,0.44130390882492065,-0.0030866661109030247,0.5583696961402893,0.47371843457221985,-0.009792896918952465,0.5585238337516785,0.4817521572113037,-0.006346913054585457,0.5508267283439636,0.47485122084617615,-0.00586438924074173,0.5456051826477051,0.47588345408439636,-0.0008502602577209473,0.5524527430534363,0.4806741178035736,-0.00370598491281271,0.5476559996604919,0.4797585904598236,0.0007490832940675318,0.5399346351623535,0.4834112823009491,0.010734797455370426,0.5601861476898193,0.4546126127243042,-0.02839813008904457,0.5597493648529053,0.4466692805290222,-0.030997667461633682,0.5149211883544922,0.37234458327293396,-0.0006111529073677957,0.549572229385376,0.42315173149108887,-0.006810135208070278,0.5486648678779602,0.44871625304222107,-0.014822708442807198,0.5485404133796692,0.4440218508243561,-0.013668789528310299,0.5195370316505432,0.43769291043281555,0.0047875139862298965,0.5603306889533997,0.4361996054649353,-0.02897200919687748,0.5276457071304321,0.3652884364128113,-0.011676449328660965,0.519895613193512,0.3666316866874695,-0.006481746677309275,0.5114931464195251,0.3492155075073242,0.011370222084224224,0.5537092685699463,0.3793701231479645,-0.01694956049323082,0.5469452738761902,0.38980478048324585,-0.005791836883872747,0.5356249809265137,0.47539812326431274,0.010736119002103806,0.51146000623703,0.4705111086368561,0.05986456573009491,0.5524424314498901,0.45358437299728394,-0.012361221946775913,0.5565943717956543,0.456321120262146,-0.012116769328713417,0.5386133790016174,0.4771919250488281,0.0102249626070261,0.5399886965751648,0.4778859615325928,0.0085819773375988,0.5166245698928833,0.35901954770088196,-0.004755542613565922,0.548393189907074,0.45106956362724304,-0.011249917559325695,0.5385307669639587,0.3690115511417389,-0.015386133454740047,0.537613034248352,0.36121419072151184,-0.017649274319410324,0.5350742936134338,0.3322266936302185,-0.013835988938808441,0.515182375907898,0.3582088053226471,0.0017822673544287682,0.5378674864768982,0.34881335496902466,-0.016437537968158722,0.511532187461853,0.3667486906051636,0.003476021345704794,0.5094161033630371,0.3693133592605591,0.013019977137446404,0.5582924485206604,0.47804686427116394,-0.008627314120531082,0.5516029000282288,0.4778707027435303,-0.004911824595183134,0.5465578436851501,0.47779932618141174,-0.000427771097747609,0.5535680651664734,0.454750657081604,-0.010815049521625042,0.5393151044845581,0.4775415360927582,0.009370691142976284,0.5423799157142639,0.4812171757221222,0.006473477929830551,0.5407352447509766,0.4782616198062897,0.008460604585707188,0.5547727346420288,0.4528663754463196,-0.02043265849351883,0.548487663269043,0.4812268018722534,0.001837217016145587,0.5532606244087219,0.482627809047699,-0.0012019240530207753,0.5589760541915894,0.48398035764694214,-0.0035980071406811476,0.5564859509468079,0.5016027688980103,0.004400699399411678,0.5573186278343201,0.4975704252719879,-0.001777895144186914,0.5576906204223633,0.49267491698265076,-0.0030851056799292564,0.5582840442657471,0.48792004585266113,-0.0024883116129785776,0.5589417219161987,0.48413851857185364,-0.0022526264656335115,0.548358678817749,0.4813757538795471,0.002936259377747774,0.5472562313079834,0.4828889071941376,0.0025150938890874386,0.5460000038146973,0.48507875204086304,0.0021340306848287582,0.545032262802124,0.48760271072387695,0.0035307288635522127,0.5415639877319336,0.4671436548233032,-3.8795409636804834e-05,0.5045857429504395,0.43161091208457947,0.06181919202208519,0.5646618604660034,0.459727942943573,-0.01785692200064659,0.5447602868080139,0.4799796938896179,0.006301905028522015,0.5435709357261658,0.4805009067058563,0.006132923066616058,0.5581952333450317,0.4592796862125397,-0.011655080132186413,0.5498911142349243,0.45490676164627075,-0.006441633682698011,0.5574514865875244,0.4578535854816437,-0.012078355997800827,0.5433076024055481,0.42678409814834595,-0.003966761752963066,0.5333684086799622,0.4307057857513428,-0.0011812490411102772,0.5475309491157532,0.446645051240921,-0.010012323968112469,0.5206632018089294,0.33857136964797974,-0.002002691151574254,0.524141252040863,0.35079285502433777,-0.007908957079052925,0.5254725813865662,0.35722115635871887,-0.012027684599161148,0.5440015196800232,0.49051398038864136,0.00842210091650486,0.5520675182342529,0.36727967858314514,-0.020623829215765,0.5521059036254883,0.34987854957580566,-0.021312525495886803,0.5507369637489319,0.3298516869544983,-0.020723095163702965,0.5262981653213501,0.40777459740638733,0.0020532610360533,0.5139226317405701,0.41045600175857544,0.011942698620259762,0.5510499477386475,0.40814971923828125,-0.002434898167848587,0.5181772708892822,0.38800859451293945,0.0036066239699721336,0.5536443591117859,0.41865187883377075,-0.009500882588326931,0.5516515970230103,0.4473329186439514,-0.02077386900782585,0.5076905488967896,0.4158366620540619,0.019459428265690804,0.5174663066864014,0.41771337389945984,0.007609005086123943,0.5244297981262207,0.42238035798072815,0.002545795403420925,0.5351594686508179,0.4231838285923004,-0.00021638772159349173,0.5432929992675781,0.4212249219417572,-0.0022849582601338625,0.5494139194488525,0.4183398485183716,-0.004474519286304712,0.5610631704330444,0.4092349708080292,-0.017285412177443504,0.5079624652862549,0.4323691129684448,0.020413750782608986,0.5139525532722473,0.38422325253486633,0.006072200834751129,0.5619250535964966,0.45820802450180054,-0.0252491757273674,0.5500402450561523,0.4312683045864105,-0.00828868430107832,0.5022092461585999,0.39588460326194763,0.051338255405426025,0.5539448857307434,0.4147748649120331,-0.006177474744617939,0.5469271540641785,0.4462866485118866,-0.004440878517925739,0.5215404629707336,0.3970232903957367,0.005785136017948389,0.5517426133155823,0.44154107570648193,-0.019344130530953407,0.5071394443511963,0.4508247673511505,0.06234227493405342,0.5512126684188843,0.4050745964050293,-0.00173730228561908,0.5558895468711853,0.4381384551525116,-0.02524932660162449,0.5229564905166626,0.4908324182033539,0.03202221915125847,0.5242798924446106,0.49821221828460693,0.04356635734438896,0.5040844082832336,0.43253129720687866,0.04109358787536621,0.5155841708183289,0.48032256960868835,0.03768794238567352,0.5061138868331909,0.3829614520072937,0.024251744151115417,0.5443540215492249,0.5174346566200256,0.01757761836051941,0.562574565410614,0.45928525924682617,-0.017454184591770172,0.5447058081626892,0.4359504282474518,-0.005306426435709,0.5092277526855469,0.39724624156951904,0.018851585686206818,0.5312156081199646,0.4074397385120392,-0.0009398580295965075,0.5363332033157349,0.40877413749694824,-0.002435164526104927,0.5413655042648315,0.4821440279483795,0.007627385202795267,0.5089713335037231,0.44796910881996155,0.02469494566321373,0.5534290671348572,0.5271781086921692,0.020053071901202202,0.539268970489502,0.5159536004066467,0.030319593846797943,0.5327270030975342,0.5086466670036316,0.036132872104644775,0.5683816075325012,0.351270467042923,-0.023027170449495316,0.5633247494697571,0.529063880443573,0.01825045235455036,0.5415627360343933,0.4082969129085541,-0.0029077196959406137,0.5465123653411865,0.406863272190094,-0.0023963358253240585,0.5496886372566223,0.4059343636035919,-0.0015469391364604235,0.5101647973060608,0.38064736127853394,0.0114893252030015,0.5457316040992737,0.3973158597946167,-0.004335833713412285,0.5404630303382874,0.39370468258857727,-0.0051597836427390575,0.5353170037269592,0.39260709285736084,-0.004693851340562105,0.5303330421447754,0.3934106230735779,-0.0028363049495965242,0.5272067785263062,0.39525091648101807,-0.0007153771002776921,0.5030072331428528,0.3777594268321991,0.03903263062238693,0.5279017090797424,0.4049202501773834,0.000983565580099821,0.5648064613342285,0.4657362699508667,-0.011052681133151054,0.5473757386207581,0.46487727761268616,-0.004231015685945749,0.552424430847168,0.45289966464042664,-0.014766087755560875,0.5574429631233215,0.4651681184768677,-0.010133099742233753,0.5667299032211304,0.3955420255661011,-0.017342912033200264,0.5308821201324463,0.5010058283805847,0.028077535331249237,0.5376648902893066,0.5090836882591248,0.023314528167247772,0.5528451800346375,0.5234957933425903,0.012535256333649158,0.5174446702003479,0.4863746464252472,0.05262744799256325,0.5495373010635376,0.40207377076148987,-0.002816026797518134,0.5571361184120178,0.4221782386302948,-0.017182333394885063,0.5632544755935669,0.5252313613891602,0.011019726283848286,0.5458201766014099,0.5225222706794739,0.02415040321648121,0.506269633769989,0.44983771443367004,0.04290560260415077,0.5532058477401733,0.48283371329307556,7.442812056979164e-05,0.5521296262741089,0.48562678694725037,-0.0003122718189842999,0.551207423210144,0.48924148082733154,-0.0007616960792802274,0.5505793690681458,0.49357056617736816,0.0005918709794059396,0.5493733882904053,0.49693185091018677,0.005915549583733082,0.5436466336250305,0.47876664996147156,0.004975826013833284,0.5425336956977844,0.4776352345943451,0.005005034618079662,0.5416465401649475,0.4765510559082031,0.004781604278832674,0.5372123718261719,0.4704708158969879,0.005098311230540276,0.5152055025100708,0.45345476269721985,0.013504035770893097,0.5574580430984497,0.4134256839752197,-0.013054045848548412,0.5547504425048828,0.39717990159988403,-0.0065076095052063465,0.5517464876174927,0.39864489436149597,-0.004162610042840242,0.5448481440544128,0.47989240288734436,0.0055626025423407555,0.5161839723587036,0.47065597772598267,0.024997517466545105,0.5595978498458862,0.3968271315097809,-0.013588246889412403,0.5467973947525024,0.5038503408432007,0.009717367589473724,0.565518319606781,0.4263777732849121,-0.026977606117725372,0.5609522461891174,0.41881027817726135,-0.021769462153315544,0.565869927406311,0.41759127378463745,-0.023337529972195625,0.5532291531562805,0.43421679735183716,-0.015493836253881454,0.5633832216262817,0.5190969109535217,0.006836244836449623,0.5636336803436279,0.5105078816413879,0.005337672308087349,0.5548074245452881,0.5093053579330444,0.006685981992632151,0.5356336832046509,0.48719680309295654,0.01436686608940363,0.5418789982795715,0.4514933228492737,-0.001736704376526177,0.5409165620803833,0.496387243270874,0.012541301548480988,0.5273232460021973,0.44903823733329773,0.0009359294199384749,0.5358297824859619,0.4579809904098511,0.0010925069218501449,0.5227377414703369,0.45987576246261597,0.007471941411495209,0.5532129406929016,0.5175568461418152,0.008466484025120735,0.5501986742019653,0.43768617510795593,-0.010782845318317413,0.531740128993988,0.49309760332107544,0.0204731747508049,0.5384954214096069,0.5023075938224792,0.0176986251026392,0.5306587219238281,0.47740674018859863,0.013313965871930122,0.5110445022583008,0.46090584993362427,0.028719525784254074,0.5238507390022278,0.4789961874485016,0.01882135681807995,0.5097285509109497,0.46573975682258606,0.04318052530288696,0.5312129259109497,0.4654251039028168,0.005661192815750837,0.5537378787994385,0.4266539216041565,-0.012391903437674046,0.5531426072120667,0.45140260457992554,-0.021736687049269676,0.5501679182052612,0.45175987482070923,-0.015175971202552319,0.5554299354553223,0.44685590267181396,-0.02592604234814644,0.5498707890510559,0.3869565725326538,-0.008929092437028885,0.5400984883308411,0.3786098062992096,-0.009686962701380253,0.5314784646034241,0.37603500485420227,-0.008630823343992233,0.5245580673217773,0.3771548569202423,-0.00557428365573287,0.519974410533905,0.3808571994304657,-0.001579351257532835,0.5180929899215698,0.397151917219162,0.008521872572600842,0.503010094165802,0.41559773683547974,0.037304822355508804,0.5225733518600464,0.41130685806274414,0.005300187040120363,0.5282875895500183,0.41524314880371094,0.00210968847386539,0.5357993841171265,0.41698142886161804,-0.00034463961492292583,0.5431529879570007,0.4161244332790375,-0.0022756909020245075,0.5489050149917603,0.4138578772544861,-0.002801387570798397,0.5527496337890625,0.4115254580974579,-0.0037980955094099045,0.5031801462173462,0.41346389055252075,0.05840397626161575,0.5502791404724121,0.4529983699321747,-0.012167883105576038,0.5568256378173828,0.42999783158302307,-0.02048862911760807,0.5566518902778625,0.452913761138916,-0.02589694783091545,0.5593653321266174,0.45641517639160156,-0.023123301565647125,0.556689441204071,0.4537871181964874,-0.023086290806531906,0.5515159368515015,0.4548466205596924,-0.009886421263217926,0.5603011250495911,0.4574671983718872,-0.024487603455781937,0.5609580874443054,0.4585649073123932,-0.017616141587495804,0.5531616806983948,0.4053933918476105,-0.002494010142982006,0.5556780695915222,0.40705862641334534,-0.005489058792591095,0.5573166608810425,0.408631831407547,-0.008739246055483818,0.5254442691802979,0.39682644605636597,0.001569262589327991,0.5211774110794067,0.39043954014778137,0.0018944807816296816,0.5701029300689697,0.4275727868080139,-0.025164058431982994,0.6073797345161438,0.4078142046928406,0.0002345261164009571,0.5698117613792419,0.45759180188179016,-0.0180612001568079,0.6323375105857849,0.369613915681839,0.021424436941742897,0.5897698402404785,0.41541430354118347,-0.004711876157671213,0.5961152911186218,0.41655558347702026,-0.004141053184866905,0.6020779013633728,0.41550639271736145,-0.002598644932731986,0.6095575094223022,0.4092404246330261,0.0017416905611753464,0.5844038128852844,0.4125179946422577,-0.0038928331341594458,0.6000553965568542,0.38739168643951416,-0.008913046680390835,0.5929027795791626,0.3885294795036316,-0.008942695334553719,0.6063829064369202,0.38903969526290894,-0.0066682412289083,0.6102418899536133,0.3927900493144989,-0.004160458222031593,0.6142925024032593,0.41286662220954895,0.005396245513111353,0.5828476548194885,0.512830376625061,0.011815983802080154,0.6093788743019104,0.40421223640441895,0.0020178533159196377,0.6323800086975098,0.40540480613708496,0.029330143705010414,0.6208451986312866,0.4045146405696869,0.010198562406003475,0.5943113565444946,0.4439736604690552,-0.004653142765164375,0.5736457705497742,0.4741756319999695,-0.010272379964590073,0.5728191137313843,0.4820966422557831,-0.0068308948539197445,0.5808688998222351,0.47556817531585693,-0.006824078503996134,0.5856922268867493,0.476632297039032,-0.0021391771733760834,0.5787757635116577,0.4812418222427368,-0.004631270654499531,0.5834389328956604,0.48037832975387573,-0.0004008261312264949,0.5904632806777954,0.48532360792160034,0.009071050211787224,0.5690286159515381,0.454971045255661,-0.028583373874425888,0.5698255300521851,0.44705039262771606,-0.0312388613820076,0.6197921633720398,0.38046014308929443,-0.0034125105012208223,0.5827341079711914,0.4246664047241211,-0.0078017814084887505,0.5817822813987732,0.44999024271965027,-0.015731533989310265,0.5822399258613586,0.4453185200691223,-0.014629131183028221,0.6124820113182068,0.4422755241394043,0.002286633476614952,0.5699914693832397,0.43655574321746826,-0.029288018122315407,0.6068636178970337,0.37310054898262024,-0.013605295680463314,0.6147511601448059,0.3746638596057892,-0.008947867900133133,0.6274019479751587,0.35524076223373413,0.008401886560022831,0.579692542552948,0.3846038579940796,-0.01757330447435379,0.586509108543396,0.39276450872421265,-0.007027728948742151,0.5954099893569946,0.47767671942710876,0.008806515485048294,0.6202682256698608,0.4758666455745697,0.05700893700122833,0.5777294635772705,0.45453590154647827,-0.013108137995004654,0.5734032392501831,0.4569115936756134,-0.012486955150961876,0.5923362374305725,0.47773006558418274,0.00852149073034525,0.5909369587898254,0.4784020781517029,0.007069021463394165,0.6181980967521667,0.3672197759151459,-0.007390848360955715,0.5820795297622681,0.45233583450317383,-0.012140754610300064,0.5956346392631531,0.37609079480171204,-0.016744960099458694,0.5967809557914734,0.36834803223609924,-0.019020231440663338,0.6040115356445312,0.3357311189174652,-0.015577605925500393,0.6226940155029297,0.3638772666454315,-0.0010355961276218295,0.5996243357658386,0.35201823711395264,-0.01795901358127594,0.6234071254730225,0.3749176561832428,0.0004973465693183243,0.6280398368835449,0.3756186068058014,0.009845195338129997,0.5733956098556519,0.47846296429634094,-0.009132259525358677,0.5798850655555725,0.4785342216491699,-0.005867865402251482,0.5846536159515381,0.4784599840641022,-0.001670274417847395,0.5765480399131775,0.45558786392211914,-0.011355092748999596,0.5916186571121216,0.47807028889656067,0.007780168671160936,0.5883234143257141,0.481711208820343,0.00510849105194211,0.5901758670806885,0.47877201437950134,0.0069962069392204285,0.5750762224197388,0.4536578357219696,-0.02104511484503746,0.5824538469314575,0.4817917048931122,0.0007511029834859073,0.5777384638786316,0.4831402003765106,-0.002035462064668536,0.5721409320831299,0.4842984676361084,-0.004081426188349724,0.5715656876564026,0.5023224353790283,0.003917330410331488,0.5727762579917908,0.4978550374507904,-0.0022991446312516928,0.5727375149726868,0.49295884370803833,-0.0036475902888923883,0.5724774599075317,0.4882074296474457,-0.0030314410105347633,0.5720369219779968,0.4844038486480713,-0.0027714259922504425,0.5824533104896545,0.4818335771560669,0.001841531484387815,0.5834641456604004,0.48337990045547485,0.001439977204427123,0.584535539150238,0.4855772852897644,0.0010455924784764647,0.5852826237678528,0.48811739683151245,0.002410478424280882,0.5890787839889526,0.46909940242767334,-0.0014199959114193916,0.6296278834342957,0.4380764663219452,0.05866452306509018,0.5860480666160583,0.4804665446281433,0.004981702193617821,0.5872037410736084,0.4810011386871338,0.004806224722415209,0.5716698169708252,0.4598121643066406,-0.012006445787847042,0.5805445909500122,0.45604100823402405,-0.007155775558203459,0.5724703669548035,0.4584348797798157,-0.012433807365596294,0.5889052748680115,0.428937166929245,-0.005287425126880407,0.598804235458374,0.4339073896408081,-0.0030188020318746567,0.583280086517334,0.4480466842651367,-0.010988150723278522,0.6185389161109924,0.3436206579208374,-0.004460757598280907,0.6137871742248535,0.3555275797843933,-0.010173650458455086,0.6092483401298523,0.36491891741752625,-0.014094564132392406,0.5854800939559937,0.49220705032348633,0.007094511296600103,0.5818817019462585,0.3730908930301666,-0.021291522309184074,0.5849754810333252,0.35156500339508057,-0.022061871364712715,0.5881254076957703,0.33171671628952026,-0.02159375324845314,0.6068457961082458,0.41340067982673645,-0.00026905181584879756,0.6201962232589722,0.4175286591053009,0.00912007037550211,0.5810200572013855,0.4100935161113739,-0.0034647593274712563,0.6157775521278381,0.39499950408935547,0.0009543529013171792,0.5788192749023438,0.4197852313518524,-0.010296513326466084,0.5785251259803772,0.4483891427516937,-0.021502165123820305,0.6263028979301453,0.42188122868537903,0.016309503465890884,0.6164251565933228,0.4244365692138672,0.004972373601049185,0.6091839671134949,0.4281201958656311,0.0002351196453673765,0.5979141592979431,0.4274716377258301,-0.0020051593892276287,0.5893847346305847,0.42429330945014954,-0.0036462354473769665,0.5831144452095032,0.4205503463745117,-0.005495665594935417,0.5715006589889526,0.40969905257225037,-0.01762617565691471,0.6248433589935303,0.43828433752059937,0.01723926141858101,0.6205593347549438,0.39184170961380005,0.003170817391946912,0.5672919750213623,0.45840635895729065,-0.025402706116437912,0.5816903114318848,0.4326440989971161,-0.009224042296409607,0.6344030499458313,0.4026523232460022,0.04805241897702217,0.5784974694252014,0.4165334105491638,-0.006962304003536701,0.5840710401535034,0.447767049074173,-0.005381456110626459,0.6119331121444702,0.4033443331718445,0.0032899111974984407,0.5788847804069519,0.44259798526763916,-0.02008078433573246,0.6258848309516907,0.45690906047821045,0.05932950600981712,0.5808574557304382,0.4072011113166809,-0.002777272602543235,0.5745680928230286,0.43886440992355347,-0.025809023529291153,0.6067934632301331,0.4947410821914673,0.029549425467848778,0.6052946448326111,0.5017722249031067,0.04136163368821144,0.6292506456375122,0.4389062225818634,0.037628863006830215,0.6148444414138794,0.4850538671016693,0.03479901701211929,0.6305664777755737,0.3894595801830292,0.020910901948809624,0.582840621471405,0.5191681981086731,0.01634955033659935,0.56678706407547,0.45943135023117065,-0.01755680702626705,0.5869283080101013,0.43783310055732727,-0.006497870199382305,0.625546395778656,0.40473103523254395,0.015720482915639877,0.6015552282333374,0.4123747944831848,-0.0029212746303528547,0.5961670279502869,0.4131010174751282,-0.004212245345115662,0.5892674922943115,0.48266100883483887,0.006160580553114414,0.6229681372642517,0.4537278115749359,0.02156475931406021,0.5732784867286682,0.5279110670089722,0.01940956525504589,0.5886708498001099,0.5178611874580383,0.028739724308252335,0.5960403084754944,0.5112738013267517,0.034258220344781876,0.5907511711120605,0.411809504032135,-0.00443274388089776,0.585540771484375,0.4094831943511963,-0.0036859135143458843,0.5823211669921875,0.40816840529441833,-0.0026922407560050488,0.6247243285179138,0.38825592398643494,0.008398250676691532,0.5871930718421936,0.3998326361179352,-0.005728174466639757,0.5929467678070068,0.3970935344696045,-0.006771869957447052,0.5984833240509033,0.3969707787036896,-0.006565984804183245,0.6035292744636536,0.39861559867858887,-0.0049669924192130566,0.6064846515655518,0.400932252407074,-0.0029556467197835445,0.6345006227493286,0.38452455401420593,0.0357290543615818,0.6050658226013184,0.4103512763977051,-0.0011955065419897437,0.5830550193786621,0.46625614166259766,-0.005240313243120909,0.5776774287223816,0.45387890934944153,-0.015401437878608704,0.5724854469299316,0.4658152461051941,-0.010577577166259289,0.5980936288833618,0.5041354298591614,0.026018653064966202,0.5904552340507507,0.5114927887916565,0.021665949374437332,0.5737327337265015,0.5244383811950684,0.011812561191618443,0.6130938529968262,0.4908057153224945,0.04998486861586571,0.5828440189361572,0.40424448251724243,-0.004008789546787739,0.5746718049049377,0.422952264547348,-0.017712226137518883,0.5813406109809875,0.5238189101219177,0.02295839414000511,0.6259852647781372,0.4558998942375183,0.03958949074149132,0.5776721835136414,0.48324084281921387,-0.0007786653586663306,0.5785825252532959,0.4860494136810303,-0.0011635641567409039,0.5792794227600098,0.4896608293056488,-0.0016546481056138873,0.5796412825584412,0.4939771592617035,-0.0003078242007177323,0.5792678594589233,0.49817368388175964,0.0049139694310724735,0.5873716473579407,0.47933027148246765,0.0035422106739133596,0.5885084867477417,0.47823143005371094,0.0034759175032377243,0.5894428491592407,0.4772029519081116,0.0032055419869720936,0.5936902165412903,0.47272688150405884,0.003345645032823086,0.6161484122276306,0.45844805240631104,0.010720956139266491,0.5750774145126343,0.41423317790031433,-0.013657547533512115,0.5779688954353333,0.39952993392944336,-0.007222918327897787,0.5808861255645752,0.4008370637893677,-0.005145194008946419,0.5861023664474487,0.48043885827064514,0.004248901270329952,0.6146041750907898,0.475368857383728,0.0222306028008461,0.5732837319374084,0.3991581201553345,-0.013976186513900757,0.581313967704773,0.5053414106369019,0.008639809675514698,0.5708114504814148,0.4192343056201935,-0.022067230194807053,0.5779671669006348,0.43528908491134644,-0.016189007088541985,0.5726357698440552,0.5101082921028137,0.0061308895237743855,0.5942306518554688,0.48969101905822754,0.012515179812908173,0.5890984535217285,0.4534611999988556,-0.0030286740511655807,0.588092029094696,0.4983798861503601,0.011074874550104141,0.6039410829544067,0.452750563621521,-0.0011048709275200963,0.5951164960861206,0.46066927909851074,-0.000550601165741682,0.6082531809806824,0.46401605010032654,0.005127511918544769,0.5736786127090454,0.5185267329216003,0.007748052477836609,0.5810590982437134,0.4389372766017914,-0.011647713370621204,0.5977000594139099,0.4960736632347107,0.018445195630192757,0.5900537371635437,0.5045949220657349,0.016139179468154907,0.599861204624176,0.4804005026817322,0.011114254593849182,0.6203712821006775,0.46630552411079407,0.025722011923789978,0.606438159942627,0.48280563950538635,0.01640455052256584,0.6216375231742859,0.4712589383125305,0.03997731953859329,0.5997908711433411,0.4685235619544983,0.0036068970803171396,0.5780273079872131,0.4277286231517792,-0.01312052272260189,0.5767664313316345,0.4523419439792633,-0.022378992289304733,0.5800558924674988,0.45292460918426514,-0.015951454639434814,0.5744180679321289,0.4476015269756317,-0.0265228021889925,0.583357572555542,0.3907620310783386,-0.009915321134030819,0.5938555598258972,0.3840535879135132,-0.011108046397566795,0.6027377247810364,0.3825187385082245,-0.010478690266609192,0.60965496301651,0.38406887650489807,-0.007805468514561653,0.6141500473022461,0.3880541920661926,-0.004058948718011379,0.6157724261283875,0.40378260612487793,0.005882876925170422,0.6314999461174011,0.4222092926502228,0.033793069422245026,0.6110899448394775,0.4174317717552185,0.002866701688617468,0.6051015853881836,0.42039352655410767,-3.075613494729623e-05,0.5971141457557678,0.421069860458374,-0.0021088947542011738,0.5894081592559814,0.41913968324661255,-0.0036644393112510443,0.5834337472915649,0.4160084128379822,-0.003836788237094879,0.5794958472251892,0.41320115327835083,-0.004628936294466257,0.6323325634002686,0.42010390758514404,0.0550834983587265,0.579979658126831,0.4540805220603943,-0.01293104887008667,0.5742738842964172,0.4307410418987274,-0.02104320004582405,0.5728469491004944,0.4535631239414215,-0.026298873126506805,0.5701452493667603,0.4568651020526886,-0.023343876004219055,0.5729779005050659,0.45446765422821045,-0.023504335433244705,0.5787421464920044,0.455811470746994,-0.010535946115851402,0.5690377354621887,0.45780667662620544,-0.024663278833031654,0.5684934258460999,0.45881161093711853,-0.0177935678511858,0.5790258646011353,0.4072873592376709,-0.003341460134834051,0.5766000747680664,0.40866515040397644,-0.006128758192062378,0.5751118659973145,0.4102579355239868,-0.009317048825323582,0.6081315279006958,0.40268322825431824,-0.0007608879241161048,0.6124077439308167,0.3971226215362549,-0.0005911503685638309,0.5373698472976685,0.4009524881839752,-0.0014391678851097822,0.5434390306472778,0.40135857462882996,-0.0014391678851097822,0.5378566980361938,0.3929590880870819,-0.0014391678851097822,0.5312302112579346,0.40049535036087036,-0.0014391678851097822,0.536873459815979,0.408888578414917,-0.0014391678851097822,0.5952871441841125,0.4039413332939148,-0.0032139478716999292,0.6013801097869873,0.40412670373916626,-0.0032139478716999292,0.5953041911125183,0.3959992825984955,-0.0032139478716999292,0.5892989635467529,0.403717041015625,-0.0032139478716999292,0.5952959060668945,0.4118223488330841,-0.0032139478716999292
3566.6666666666715,0.5666767358779907,0.47578755021095276,-0.010549568571150303,0.5652332305908203,0.4548182785511017,-0.028891531750559807,0.5654476284980774,0.46021080017089844,-0.01336923148483038,0.5616483688354492,0.4266529977321625,-0.02475590445101261,0.5654272437095642,0.44670650362968445,-0.03171691671013832,0.5658277869224548,0.4353335499763489,-0.030783584341406822,0.5669848918914795,0.40703150629997253,-0.019669555127620697,0.5265921354293823,0.4016452431678772,0.0027472551446408033,0.5678958296775818,0.3831089735031128,-0.018497345969080925,0.5683285593986511,0.3712458908557892,-0.021393166854977608,0.5699813961982727,0.32964542508125305,-0.022248104214668274,0.5665503740310669,0.47899937629699707,-0.00942239724099636,0.5663751363754272,0.48220741748809814,-0.007374514825642109,0.5662508606910706,0.484250009059906,-0.004476199857890606,0.56620192527771,0.48440706729888916,-0.0034353798255324364,0.5661589503288269,0.48854318261146545,-0.0036570094525814056,0.5660310387611389,0.49329760670661926,-0.004255765583366156,0.5658463835716248,0.49809160828590393,-0.0028204824775457382,0.5645095109939575,0.5017151236534119,0.0033460266422480345,0.5652589201927185,0.45830971002578735,-0.02559199370443821,0.5604122281074524,0.45683106780052185,-0.017776036635041237,0.5065630674362183,0.36226603388786316,0.025006385520100594,0.5434426665306091,0.41158005595207214,-0.0030366764403879642,0.5373523831367493,0.4119223952293396,-0.0021941158920526505,0.5317481160163879,0.4102022349834442,-0.00033879451802931726,0.5245794653892517,0.4027729034423828,0.004402129445225,0.5486083030700684,0.4096073806285858,-0.0025533908046782017,0.5349383354187012,0.38118234276771545,-0.006752412766218185,0.5419117212295532,0.38362717628479004,-0.0071830772794783115,0.528464138507843,0.3820050358772278,-0.004240653943270445,0.5243196487426758,0.3855080008506775,-0.0015541920438408852,0.5204530954360962,0.4059240520000458,0.008155525662004948,0.5453304648399353,0.5106093287467957,0.012614576146006584,0.5247970819473267,0.39775925874710083,0.004625292960554361,0.5041252374649048,0.3979865312576294,0.03299049660563469,0.5142642855644226,0.39674633741378784,0.013266181573271751,0.5379208326339722,0.44076278805732727,-0.002975114854052663,0.5589989423751831,0.47350943088531494,-0.009770923294126987,0.5591441988945007,0.48122718930244446,-0.006300908513367176,0.5514016151428223,0.4746028184890747,-0.005835592746734619,0.5460847616195679,0.4755619764328003,-0.0008514351211488247,0.5529879331588745,0.48019564151763916,-0.0036639280151575804,0.5481007695198059,0.479298859834671,0.0007572978502139449,0.5405555367469788,0.4829519987106323,0.01056193932890892,0.5608370304107666,0.4542525112628937,-0.028344707563519478,0.5603962540626526,0.44629669189453125,-0.030933987349271774,0.515673041343689,0.3717235326766968,-0.00037206269917078316,0.5503183603286743,0.4225238561630249,-0.00668288441374898,0.5492756962776184,0.4482700228691101,-0.014717694371938705,0.5491672158241272,0.44354644417762756,-0.013556445017457008,0.5203102827072144,0.43710318207740784,0.004945095628499985,0.5609984993934631,0.4357624351978302,-0.02889242023229599,0.5284453630447388,0.3646358251571655,-0.011441534385085106,0.5206719040870667,0.36598679423332214,-0.00624609412625432,0.5121534466743469,0.3484809398651123,0.011715352535247803,0.5545772910118103,0.3788295388221741,-0.016748664900660515,0.5477407574653625,0.3891690969467163,-0.005574391223490238,0.5362297296524048,0.4750535190105438,0.010665441863238811,0.5121923685073853,0.46986478567123413,0.05991886183619499,0.55305016040802,0.45314157009124756,-0.012282362207770348,0.5572007894515991,0.45589447021484375,-0.012070451863110065,0.5388257503509521,0.4766696095466614,0.010147487744688988,0.5402103662490845,0.4773642420768738,0.008495214395225048,0.5173333287239075,0.3583834767341614,-0.004494721069931984,0.5489991903305054,0.4506196975708008,-0.011153665371239185,0.5393562316894531,0.3684072494506836,-0.015159647911787033,0.5384156703948975,0.3606037497520447,-0.01740107499063015,0.5357818007469177,0.33157598972320557,-0.013468451797962189,0.5158538222312927,0.35751670598983765,0.002088585402816534,0.5385674238204956,0.3481608033180237,-0.01611926034092903,0.512197732925415,0.36614057421684265,0.0037358638364821672,0.5100922584533691,0.3685878813266754,0.0133216492831707,0.5589221119880676,0.47768551111221313,-0.008593278005719185,0.5521575808525085,0.4775044322013855,-0.004876298829913139,0.5470176339149475,0.4774077534675598,-0.0004254072846379131,0.5541717410087585,0.45431166887283325,-0.010748293250799179,0.5395297408103943,0.47701746225357056,0.00928744301199913,0.5427156090736389,0.4806719124317169,0.006308777257800102,0.5409723520278931,0.4777439534664154,0.008365579880774021,0.555401086807251,0.45244354009628296,-0.020349765196442604,0.5489249229431152,0.48071974515914917,0.001852481858804822,0.5537800788879395,0.48206380009651184,-0.0011507170274853706,0.5595861077308655,0.48335346579551697,-0.0035362227354198694,0.5571410655975342,0.5007631182670593,0.003975164610892534,0.5580307245254517,0.4968554675579071,-0.0020945079158991575,0.5583857893943787,0.49199509620666504,-0.00332929496653378,0.5589507818222046,0.48728495836257935,-0.002675088355317712,0.5595831274986267,0.48356619477272034,-0.0024288203567266464,0.5488048791885376,0.4808564782142639,0.0027723521925508976,0.5476989150047302,0.4823381006717682,0.0023311630357056856,0.546451210975647,0.4845055937767029,0.0019200295209884644,0.5454949140548706,0.4870155453681946,0.0032981736585497856,0.5422008633613586,0.46679550409317017,-3.166971146129072e-05,0.5053269267082214,0.4308624267578125,0.06200927123427391,0.5653368234634399,0.45935559272766113,-0.017820673063397408,0.5451202988624573,0.4794594943523407,0.0061551714316010475,0.5439170598983765,0.47996386885643005,0.005973072722554207,0.5588244199752808,0.4588741362094879,-0.011631554923951626,0.5505026578903198,0.454473614692688,-0.0063800816424191,0.5580673217773438,0.4574373960494995,-0.012040681205689907,0.5440644025802612,0.4261746406555176,-0.0038322797045111656,0.5341324806213379,0.4301190674304962,-0.0010403366759419441,0.548158586025238,0.44617006182670593,-0.009905295446515083,0.5213425755500793,0.3378719687461853,-0.0016487794928252697,0.5248188376426697,0.35012179613113403,-0.00759069062769413,0.52623051404953,0.3565780222415924,-0.011759917251765728,0.5446651577949524,0.48990944027900696,0.008159165270626545,0.5529107451438904,0.3667263686656952,-0.020399877801537514,0.5528260469436646,0.34924864768981934,-0.021012375131249428,0.5514612197875977,0.3292284607887268,-0.02036457695066929,0.5271096229553223,0.4072740077972412,0.002258717082440853,0.5147206783294678,0.4098869562149048,0.01215477753430605,0.5519275069236755,0.4076062738895416,-0.0022503610234707594,0.518969714641571,0.3873977065086365,0.0038249054923653603,0.5543832778930664,0.4180136024951935,-0.009377483278512955,0.5522753596305847,0.4469054937362671,-0.020678801462054253,0.5084181427955627,0.4151385724544525,0.01967288739979267,0.5183484554290771,0.41714945435523987,0.007805359084159136,0.5253601670265198,0.42181456089019775,0.0027227408718317747,0.5360892415046692,0.42261773347854614,-6.145342194940895e-05,0.5442081689834595,0.42065897583961487,-0.0021382023114711046,0.5503367781639099,0.4177807569503784,-0.004335619974881411,0.5617860555648804,0.40858572721481323,-0.017156725749373436,0.5087355375289917,0.4317200183868408,0.020601484924554825,0.5146979093551636,0.38361793756484985,0.006305130664259195,0.5625767111778259,0.4578385353088379,-0.025201108306646347,0.5507489442825317,0.43070098757743835,-0.0081635108217597,0.5028823614120483,0.3950697183609009,0.051613934338092804,0.5548758506774902,0.4142259955406189,-0.006032316479831934,0.547575831413269,0.44579386711120605,-0.004337563645094633,0.5223109722137451,0.39644238352775574,0.005998958367854357,0.5523806214332581,0.44107985496520996,-0.019239619374275208,0.5078957676887512,0.45013466477394104,0.062463656067848206,0.552034318447113,0.4045478403568268,-0.001539275050163269,0.5565440058708191,0.4376901388168335,-0.025158653035759926,0.523573100566864,0.490305632352829,0.0319136418402195,0.5249099731445312,0.4977094233036041,0.043448999524116516,0.5048537254333496,0.4318224787712097,0.0412827767431736,0.5162676572799683,0.479721337556839,0.03767309710383415,0.5067877769470215,0.3821990489959717,0.024532750248908997,0.5448718070983887,0.517033040523529,0.01721482165157795,0.5632270574569702,0.45890510082244873,-0.017412755638360977,0.5454180240631104,0.43540212512016296,-0.0051820408552885056,0.5098905563354492,0.3966861069202423,0.019090743735432625,0.5320625305175781,0.4069797694683075,-0.0007254640222527087,0.5372058153152466,0.40826794505119324,-0.002227563876658678,0.5416951179504395,0.48159825801849365,0.007467580493539572,0.5097602009773254,0.4473477602005005,0.024846680462360382,0.5539403557777405,0.5268071889877319,0.019616585224866867,0.5397971272468567,0.5156093239784241,0.030016908422112465,0.5332869291305542,0.5082500576972961,0.03591514751315117,0.5691130757331848,0.3506576418876648,-0.02275766059756279,0.5638715624809265,0.5286673307418823,0.017769526690244675,0.5424313545227051,0.40776342153549194,-0.002706685336306691,0.5473811626434326,0.4063248932361603,-0.0022001229226589203,0.5505353808403015,0.40539368987083435,-0.0013514412567019463,0.51082444190979,0.3800605535507202,0.01174208428710699,0.546477198600769,0.39670416712760925,-0.004124436993151903,0.5411962270736694,0.39300113916397095,-0.004946576897054911,0.5360751152038574,0.3918638527393341,-0.004474756307899952,0.5311052203178406,0.3926825523376465,-0.002617561025545001,0.5279606580734253,0.39458951354026794,-0.0004964190302416682,0.5036627054214478,0.37695199251174927,0.03933839127421379,0.5287019610404968,0.4044657349586487,0.0011990980710834265,0.5654577016830444,0.46538180112838745,-0.011061623692512512,0.5480139255523682,0.4645138382911682,-0.004215828143060207,0.5530381202697754,0.45245957374572754,-0.01467925775796175,0.5580776929855347,0.4648056924343109,-0.010137287899851799,0.5674607753753662,0.39486899971961975,-0.01720118522644043,0.5314366817474365,0.5005636811256409,0.027861492708325386,0.5381922125816345,0.5086924433708191,0.02301894873380661,0.5533707141876221,0.5230563879013062,0.012104661203920841,0.5181304812431335,0.48578354716300964,0.05260432884097099,0.5503275394439697,0.4015302360057831,-0.0026119165122509003,0.5578400492668152,0.42160195112228394,-0.017068879678845406,0.5638050436973572,0.5247664451599121,0.010546917095780373,0.5463318824768066,0.5221822261810303,0.023777348920702934,0.5070577263832092,0.4491596221923828,0.0430423878133297,0.5537525415420532,0.4822971224784851,-9.295671043219045e-05,0.5526845455169678,0.4850414991378784,-0.000499484536703676,0.551782488822937,0.48861855268478394,-0.0009940421441569924,0.5511776804924011,0.4929092526435852,0.000312536460114643,0.550050675868988,0.4961908757686615,0.005567972082644701,0.5439733266830444,0.47829514741897583,0.004934586118906736,0.5428635478019714,0.4771890640258789,0.004965425468981266,0.541987419128418,0.4761384427547455,0.004748289007693529,0.5378350019454956,0.470144122838974,0.005083833821117878,0.5159672498703003,0.45287060737609863,0.013623690232634544,0.5581896305084229,0.4127832353115082,-0.012926868163049221,0.5556275844573975,0.3966202735900879,-0.006311042234301567,0.5525802969932556,0.3980778157711029,-0.003954777494072914,0.545189380645752,0.479400634765625,0.005525096319615841,0.5168920755386353,0.4700767993927002,0.025031596422195435,0.5605316758155823,0.39627066254615784,-0.013414325192570686,0.5474450588226318,0.5032485127449036,0.009344073943793774,0.566216230392456,0.42586749792099,-0.026899095624685287,0.5616523623466492,0.41822725534439087,-0.021662911400198936,0.56657874584198,0.41700705885887146,-0.023243311792612076,0.5539132356643677,0.433698832988739,-0.01538193691521883,0.5639454126358032,0.5185132622718811,0.006355136167258024,0.5642126798629761,0.5097743272781372,0.004872568417340517,0.555433452129364,0.5086135864257812,0.006246583070605993,0.5362371206283569,0.4867486357688904,0.014190062880516052,0.5425252914428711,0.45101067423820496,-0.0016649630852043629,0.5415449142456055,0.4958798587322235,0.01225069910287857,0.5280482172966003,0.44849297404289246,0.0010262533323839307,0.5364925861358643,0.4575166404247284,0.0011298483004793525,0.5234318375587463,0.4593530595302582,0.00753930164501071,0.5537866353988647,0.5170065760612488,0.008030672557651997,0.5508738160133362,0.4371660053730011,-0.010666129179298878,0.5323219299316406,0.49263888597488403,0.020287342369556427,0.5390724539756775,0.5018610954284668,0.017411917448043823,0.5312635898590088,0.47699183225631714,0.013249975629150867,0.5118058919906616,0.4603005647659302,0.028815962374210358,0.5244890451431274,0.47848647832870483,0.018775152042508125,0.5104799866676331,0.4650912880897522,0.043254442512989044,0.5318537354469299,0.465013712644577,0.005675699561834335,0.5544456839561462,0.42607879638671875,-0.012272598221898079,0.5537692308425903,0.4509839415550232,-0.02164888195693493,0.5507763624191284,0.45132389664649963,-0.01508396863937378,0.5560600757598877,0.4464558959007263,-0.025852881371974945,0.550713062286377,0.3863804042339325,-0.008713329210877419,0.5409216284751892,0.37793439626693726,-0.009464838542044163,0.532316267490387,0.37532854080200195,-0.008410470560193062,0.5253909230232239,0.37645918130874634,-0.005357381422072649,0.5207887887954712,0.3802144229412079,-0.0013625704450532794,0.5188729166984558,0.3965446650981903,0.008735301904380322,0.5037306547164917,0.41485342383384705,0.037531398236751556,0.5234367251396179,0.41076281666755676,0.005500407423824072,0.5291849374771118,0.41470983624458313,0.0022901364136487246,0.5366986989974976,0.4164365530014038,-0.00017890943854581565,0.5440581440925598,0.4155758321285248,-0.002107813023030758,0.5498088598251343,0.4133188724517822,-0.0026429935824126005,0.5536512732505798,0.4109877645969391,-0.003634979482740164,0.5038877725601196,0.4126715064048767,0.05864081531763077,0.5508822798728943,0.4525592625141144,-0.012080982327461243,0.5575125217437744,0.42948293685913086,-0.020382996648550034,0.5572822690010071,0.4525231719017029,-0.025828784331679344,0.5599982142448425,0.456021249294281,-0.0230697151273489,0.5573214292526245,0.4533802270889282,-0.023017577826976776,0.552123486995697,0.4544127881526947,-0.009818038903176785,0.5609418153762817,0.45708662271499634,-0.024437135085463524,0.5615943074226379,0.4581716060638428,-0.017570072785019875,0.5540224313735962,0.40484702587127686,-0.0023012300953269005,0.5565729141235352,0.406512975692749,-0.005314111243933439,0.5582454204559326,0.40808287262916565,-0.00858834758400917,0.5261841416358948,0.39622989296913147,0.0017847405979409814,0.5219839215278625,0.38983654975891113,0.0021099711302667856,0.5708093643188477,0.4270625412464142,-0.025096453726291656,0.6080536842346191,0.4073966145515442,0.0002644857740961015,0.5705600380897522,0.45721110701560974,-0.018030861392617226,0.6330108642578125,0.3687831461429596,0.021468032151460648,0.5904582142829895,0.414740651845932,-0.004646715708076954,0.5967851281166077,0.4159254729747772,-0.004092936869710684,0.6027378439903259,0.4149421155452728,-0.002562962705269456,0.6102702617645264,0.40877559781074524,0.0017552730860188603,0.5851107239723206,0.4118764400482178,-0.0038165145087987185,0.6007852554321289,0.3869249224662781,-0.008846213109791279,0.5936596393585205,0.3880239725112915,-0.00884912721812725,0.6070892810821533,0.3886125981807709,-0.00662683229893446,0.6109446287155151,0.39239516854286194,-0.004130280576646328,0.615031361579895,0.412310928106308,0.005386812146753073,0.583497941493988,0.5123099684715271,0.011362705379724503,0.6100814938545227,0.4038330018520355,0.0020360511261969805,0.6330834031105042,0.40463772416114807,0.029277589172124863,0.621624767780304,0.40394842624664307,0.010179586708545685,0.5949832797050476,0.4434308111667633,-0.004674166440963745,0.5742810368537903,0.47397008538246155,-0.010283980518579483,0.5734909772872925,0.4815756678581238,-0.006815033964812756,0.5814701914787292,0.4753333330154419,-0.0068679130636155605,0.5863150954246521,0.47637471556663513,-0.0022414957638829947,0.5794416069984436,0.4807845950126648,-0.004649025853723288,0.5841141939163208,0.47998112440109253,-0.0004771560779772699,0.5910866856575012,0.48488593101501465,0.008768119849264622,0.569725513458252,0.4546229839324951,-0.028547171503305435,0.5705238580703735,0.44668638706207275,-0.03119529038667679,0.6205267310142517,0.37997233867645264,-0.0033956398256123066,0.5834458470344543,0.42404210567474365,-0.0077560110948979855,0.5825667381286621,0.44956785440444946,-0.015707463026046753,0.5830162763595581,0.4448646008968353,-0.014599001966416836,0.6131085753440857,0.4416699707508087,0.0022296032402664423,0.5706949830055237,0.4361235499382019,-0.029234133660793304,0.6075233221054077,0.37264418601989746,-0.013535670004785061,0.6154409646987915,0.3741890788078308,-0.008907084353268147,0.6280536651611328,0.354451447725296,0.008495490998029709,0.5803865790367126,0.3841525912284851,-0.017435776069760323,0.5872842073440552,0.39222779870033264,-0.006920965854078531,0.5960625410079956,0.47737517952919006,0.008579476736485958,0.6211332082748413,0.4751927852630615,0.056772783398628235,0.5785227417945862,0.454120010137558,-0.013077870011329651,0.5741804838180542,0.45650559663772583,-0.012465503066778183,0.5930712819099426,0.47741934657096863,0.00830733310431242,0.5916745066642761,0.47807228565216064,0.006860719062387943,0.6189051866531372,0.3666739761829376,-0.007336183451116085,0.582871675491333,0.4519151747226715,-0.012125097215175629,0.5962771773338318,0.37568187713623047,-0.01663355715572834,0.5973876118659973,0.3678753972053528,-0.018891608342528343,0.6046783328056335,0.33505794405937195,-0.01535698864609003,0.6233426332473755,0.3631857931613922,-0.0009559661848470569,0.600313663482666,0.35138875246047974,-0.01777491346001625,0.6241674423217773,0.3743242919445038,0.0005187010392546654,0.628697395324707,0.37488508224487305,0.009887494146823883,0.5740431547164917,0.47810685634613037,-0.009130667895078659,0.5805153250694275,0.4781914949417114,-0.005899519193917513,0.5853034853935242,0.47813594341278076,-0.0017600181745365262,0.5773351192474365,0.45517638325691223,-0.011334004811942577,0.592357873916626,0.4777478575706482,0.007570423185825348,0.5890396237373352,0.48132389783859253,0.00483613321557641,0.5908995270729065,0.47843480110168457,0.0067827291786670685,0.5758374333381653,0.45325735211372375,-0.021013621240854263,0.5831412076950073,0.48134684562683105,0.0006846285541541874,0.5784289836883545,0.48259806632995605,-0.002042107516899705,0.5728327035903931,0.4836774468421936,-0.004051853436976671,0.5721194744110107,0.5014699101448059,0.003457956248894334,0.5735454559326172,0.49717259407043457,-0.0026517475489526987,0.5734812021255493,0.4923015236854553,-0.00392936309799552,0.5731958150863647,0.48758548498153687,-0.0032531300093978643,0.5727342963218689,0.4838348925113678,-0.002981760771945119,0.5831460952758789,0.4813769459724426,0.001597168855369091,0.5841706991195679,0.4829168915748596,0.0011741372290998697,0.5852606296539307,0.48512178659439087,0.0007441065972670913,0.5860258936882019,0.4876718521118164,0.0020816554315388203,0.5897381901741028,0.4687676429748535,-0.001538179232738912,0.6304469108581543,0.4373070001602173,0.058515649288892746,0.5867350697517395,0.48005518317222595,0.004731255583465099,0.5879073143005371,0.4805953800678253,0.004543374292552471,0.5724066495895386,0.45941558480262756,-0.012010886333882809,0.5813116431236267,0.4556385576725006,-0.0071600270457565784,0.5732295513153076,0.4580334722995758,-0.012418822385370731,0.5895942449569702,0.4283270835876465,-0.005263947416096926,0.5994531512260437,0.4333122968673706,-0.0030285015236586332,0.5840559601783752,0.4475935697555542,-0.010967767797410488,0.6191916465759277,0.34288251399993896,-0.004310582298785448,0.6144512891769409,0.35487791895866394,-0.01004239171743393,0.6098942160606384,0.36440256237983704,-0.013999016024172306,0.5860657691955566,0.4915931820869446,0.006721111014485359,0.5825237035751343,0.37262868881225586,-0.02113441191613674,0.5856815576553345,0.3509443998336792,-0.021835636347532272,0.5888155698776245,0.3310827612876892,-0.021310288459062576,0.6075281500816345,0.4128907322883606,-0.0002456225629430264,0.6209989786148071,0.4169282019138336,0.009085651487112045,0.5817436575889587,0.40949559211730957,-0.0033744394313544035,0.6164961457252502,0.3945619463920593,0.0009553965064696968,0.5795360803604126,0.4191525876522064,-0.01023638155311346,0.5792818665504456,0.44798675179481506,-0.021467871963977814,0.6269940137863159,0.42117634415626526,0.016239505261182785,0.6171667575836182,0.423794686794281,0.004934567026793957,0.6099032163619995,0.42743968963623047,0.00021381642727646977,0.5986374020576477,0.4267628490924835,-0.002001719316467643,0.5901120901107788,0.42359039187431335,-0.003615954192355275,0.5838636755943298,0.41988781094551086,-0.005440378095954657,0.5722191333770752,0.40905505418777466,-0.01752638816833496,0.6255183815956116,0.4376164972782135,0.01714356429874897,0.6212937831878662,0.39133399724960327,0.0031693815253674984,0.5679885745048523,0.4580482244491577,-0.025368578732013702,0.582415759563446,0.43208107352256775,-0.00918048806488514,0.6351472735404968,0.4018300175666809,0.0479794442653656,0.5792436599731445,0.415923535823822,-0.006884807255119085,0.5848389267921448,0.44729289412498474,-0.0053721643052995205,0.6126641631126404,0.4029346704483032,0.0032966500148177147,0.5796399116516113,0.4421548545360565,-0.02003793604671955,0.6267179250717163,0.45618849992752075,0.05914222449064255,0.5816011428833008,0.40664494037628174,-0.002680670702829957,0.5752926468849182,0.4384267330169678,-0.02576359733939171,0.6076037287712097,0.4942004978656769,0.02923475205898285,0.6061534285545349,0.5012455582618713,0.04103226587176323,0.6299785375595093,0.4381846487522125,0.0375102274119854,0.6156498193740845,0.48443689942359924,0.034540895372629166,0.6312446594238281,0.38869190216064453,0.020909151062369347,0.5835300087928772,0.5187454223632812,0.01588650606572628,0.567489743232727,0.4590604603290558,-0.017523767426609993,0.5876399874687195,0.43728896975517273,-0.006474573165178299,0.6264172792434692,0.40412113070487976,0.015688464045524597,0.6021896600723267,0.41184818744659424,-0.0028723247814923525,0.5968160629272461,0.4124913513660431,-0.004152272827923298,0.5899947881698608,0.4822908639907837,0.005886476021260023,0.6236565113067627,0.45308294892311096,0.021440623328089714,0.5738983750343323,0.5275346636772156,0.018917135894298553,0.5894373655319214,0.5174819827079773,0.02830689586699009,0.5968616008758545,0.5108402371406555,0.03387392684817314,0.5914227962493896,0.41115060448646545,-0.004359796643257141,0.586225152015686,0.40884625911712646,-0.0036049361806362867,0.5830345749855042,0.40756896138191223,-0.002601873828098178,0.6255240440368652,0.38764768838882446,0.008391807787120342,0.5879606008529663,0.3992723524570465,-0.0056293499656021595,0.5937118530273438,0.396550714969635,-0.0066879927180707455,0.5992259383201599,0.3964914381504059,-0.006493723951280117,0.6042425632476807,0.39818739891052246,-0.004915006458759308,0.6071874499320984,0.40053483843803406,-0.002918500453233719,0.6352035999298096,0.3836824297904968,0.03571759909391403,0.6057087182998657,0.4098958671092987,-0.0011581180151551962,0.5837376713752747,0.4659115672111511,-0.00531857181340456,0.5784668922424316,0.4534643888473511,-0.015369798056781292,0.5731596946716309,0.46546027064323425,-0.010617618449032307,0.5988924503326416,0.5036662817001343,0.025640204548835754,0.5912117958068848,0.5110700130462646,0.02124025672674179,0.5743533372879028,0.5239893198013306,0.011326267383992672,0.6139715313911438,0.4901892840862274,0.04971664771437645,0.5835980772972107,0.4036973714828491,-0.003911800682544708,0.575390100479126,0.42238080501556396,-0.01764187589287758,0.5820350646972656,0.5234570503234863,0.022484494373202324,0.626729428768158,0.45520269870758057,0.039434999227523804,0.5783635973930359,0.4827282130718231,-0.0010044982191175222,0.5792971253395081,0.4855077266693115,-0.0014120195992290974,0.5800177454948425,0.48910579085350037,-0.0019557347986847162,0.5804083943367004,0.49340587854385376,-0.0006605956587009132,0.5798227190971375,0.4974145293235779,0.004485612269490957,0.5880700349807739,0.4789833426475525,0.0033997944556176662,0.5891950130462646,0.4779195189476013,0.003323085606098175,0.5901108980178833,0.47693106532096863,0.003049650462344289,0.5943417549133301,0.47242701053619385,0.0031809976790100336,0.6168097257614136,0.45784831047058105,0.010609733872115612,0.5757943987846375,0.4135972261428833,-0.01357214618474245,0.5787339210510254,0.3989746570587158,-0.007088581100106239,0.5816605091094971,0.40028730034828186,-0.005037697497755289,0.586789608001709,0.48006343841552734,0.004105482716113329,0.615342378616333,0.47477972507476807,0.02203180454671383,0.5740172266960144,0.3986070454120636,-0.01384512148797512,0.581916868686676,0.5047124028205872,0.008181233890354633,0.5715288519859314,0.41865554451942444,-0.021983277052640915,0.5786942839622498,0.4347793757915497,-0.016134608536958694,0.5732080936431885,0.5093971490859985,0.0056515890173614025,0.5949302315711975,0.48925113677978516,0.012190554291009903,0.5898405909538269,0.45299023389816284,-0.0030699714552611113,0.5887422561645508,0.4978550672531128,0.010666429996490479,0.604590892791748,0.4521983563899994,-0.0011863501276820898,0.5958102941513062,0.4602088928222656,-0.0006573881837539375,0.6089414954185486,0.4634895324707031,0.004995447117835283,0.5742788910865784,0.5179591774940491,0.007259577978402376,0.5818068385124207,0.43842634558677673,-0.011606639251112938,0.5984547734260559,0.4956052899360657,0.018098721280694008,0.5907601714134216,0.5041214227676392,0.015728602185845375,0.6005752086639404,0.4800117611885071,0.010873062536120415,0.6210931539535522,0.465680330991745,0.025557512417435646,0.6071832776069641,0.48230138421058655,0.01615932211279869,0.6224195957183838,0.4705900549888611,0.03977029025554657,0.6004814505577087,0.46812573075294495,0.003456403035670519,0.5787520408630371,0.42715954780578613,-0.013064555823802948,0.5775272846221924,0.45194676518440247,-0.022348733618855476,0.5808433294296265,0.4525139331817627,-0.015926271677017212,0.5751513838768005,0.4472211003303528,-0.026486122980713844,0.584105908870697,0.3902803957462311,-0.009785430505871773,0.5945596694946289,0.3836119771003723,-0.011007929220795631,0.6034165620803833,0.38208770751953125,-0.010419010184705257,0.6103295683860779,0.3836520314216614,-0.007776238024234772,0.6148444414138794,0.38763976097106934,-0.004047451075166464,0.6165210008621216,0.40329551696777344,0.005876414943486452,0.6322234869003296,0.4214605689048767,0.033701155334711075,0.6117900609970093,0.41686078906059265,0.0028612578753381968,0.6057827472686768,0.41976386308670044,-2.8723146897391416e-05,0.597798764705658,0.42039617896080017,-0.002090901369228959,0.5901147723197937,0.41845008730888367,-0.0036174790002405643,0.5841638445854187,0.415353387594223,-0.0037711397744715214,0.580247700214386,0.4125823676586151,-0.004544154740869999,0.6331233382225037,0.4193015396595001,0.05497218295931816,0.5807713270187378,0.45367032289505005,-0.012910645455121994,0.5749889016151428,0.43023091554641724,-0.02098218724131584,0.5735806226730347,0.45319467782974243,-0.02626653201878071,0.5708802342414856,0.45649096369743347,-0.023310912773013115,0.5737204551696777,0.45408448576927185,-0.023472266271710396,0.5795208811759949,0.4554072618484497,-0.010522064752876759,0.5697519183158875,0.45744338631629944,-0.024630917236208916,0.5692225694656372,0.4584352970123291,-0.01776217855513096,0.5797814130783081,0.4067268669605255,-0.0032370667904615402,0.5773640275001526,0.40807589888572693,-0.0060184430330991745,0.5758621096611023,0.40968799591064453,-0.009211180731654167,0.6088359951972961,0.4023045003414154,-0.0007347892387770116,0.6131128072738647,0.3967406153678894,-0.0005744873196817935,0.5382159352302551,0.40049538016319275,-0.0012291144812479615,0.5442761778831482,0.40086787939071655,-0.0012291144812479615,0.5386648178100586,0.39250561594963074,-0.0012291144812479615,0.532086968421936,0.40007346868515015,-0.0012291144812479615,0.537763237953186,0.40846505761146545,-0.0012291144812479615,0.5961671471595764,0.40329626202583313,-0.0031512887217104435,0.6022703647613525,0.40352901816368103,-0.0031512887217104435,0.5961920619010925,0.3953472971916199,-0.0031512887217104435,0.5901662707328796,0.40300750732421875,-0.0031512887217104435,0.5961645841598511,0.41116905212402344,-0.0031512887217104435
3600.000000000005,0.5666112899780273,0.4758146405220032,-0.010500452481210232,0.5657237768173218,0.4546531140804291,-0.028929809108376503,0.5658852458000183,0.4600238800048828,-0.013362915255129337,0.5620948672294617,0.4267297387123108,-0.024889782071113586,0.5659247636795044,0.44658711552619934,-0.0317688025534153,0.5663080811500549,0.43530911207199097,-0.030857780948281288,0.567394495010376,0.4072704315185547,-0.019829822704195976,0.5265873670578003,0.4018491804599762,0.0023015630431473255,0.5682761669158936,0.38348767161369324,-0.018737008795142174,0.5687057375907898,0.3716675043106079,-0.02167409285902977,0.5702839493751526,0.3299819231033325,-0.022703511640429497,0.566479504108429,0.4789729416370392,-0.009381497278809547,0.5663132071495056,0.4820678234100342,-0.007339444477111101,0.5662151575088501,0.48402655124664307,-0.004441562108695507,0.5661597847938538,0.4842371940612793,-0.003093089908361435,0.5660932064056396,0.48839816451072693,-0.003289342625066638,0.5659515261650085,0.4931733012199402,-0.003835084615275264,0.5657700896263123,0.49797797203063965,-0.0022963285446166992,0.56488037109375,0.5021623969078064,0.003969716373831034,0.56573086977005,0.45813143253326416,-0.025623323395848274,0.5608913898468018,0.4566918611526489,-0.01782713271677494,0.5065097808837891,0.3626866936683655,0.024264182895421982,0.5436840653419495,0.41164204478263855,-0.003376692533493042,0.5375447273254395,0.4119749665260315,-0.002564256777986884,0.5318634510040283,0.4103041887283325,-0.0007443900685757399,0.5245500802993774,0.4030085504055023,0.00394412549212575,0.5488669872283936,0.4097212553024292,-0.0028639957308769226,0.5348802208900452,0.3817176818847656,-0.0071706646122038364,0.541936993598938,0.38416606187820435,-0.007564788218587637,0.5283287763595581,0.3824855089187622,-0.004687981214374304,0.524155855178833,0.3859160840511322,-0.002018159721046686,0.5203968286514282,0.4061616063117981,0.007670500315725803,0.5456634759902954,0.5106639862060547,0.013082640245556831,0.5247347354888916,0.39808952808380127,0.004163050092756748,0.5040347576141357,0.3983535170555115,0.032381266355514526,0.5141065716743469,0.39699119329452515,0.012728909961879253,0.5382145643234253,0.4408038556575775,-0.0032042046077549458,0.5589603781700134,0.4735097587108612,-0.00975627638399601,0.5591449737548828,0.4810733497142792,-0.0063032591715455055,0.5514314770698547,0.474552720785141,-0.0058533442206680775,0.5461398959159851,0.47549188137054443,-0.0008546540047973394,0.5530495643615723,0.4800494313240051,-0.003685207571834326,0.5481869578361511,0.47915971279144287,0.0007546333945356309,0.5408507585525513,0.48295867443084717,0.010737599804997444,0.561332643032074,0.454109787940979,-0.02840481512248516,0.5609056949615479,0.44619619846343994,-0.031012551859021187,0.5153154730796814,0.3718462884426117,-0.000927825050894171,0.5506263375282288,0.42267438769340515,-0.006920463405549526,0.5497347116470337,0.4482070207595825,-0.014868510887026787,0.549601674079895,0.44352349638938904,-0.013722734525799751,0.520495593547821,0.4372241497039795,0.004552177619189024,0.5614764094352722,0.43574944138526917,-0.02900015376508236,0.5281912088394165,0.3648110330104828,-0.01193386409431696,0.5203261971473694,0.366140753030777,-0.0067868479527533054,0.5121412873268127,0.34892719984054565,0.010986478067934513,0.5547047853469849,0.3790302574634552,-0.017074640840291977,0.5478429794311523,0.3896329402923584,-0.005919380579143763,0.5365597009658813,0.47494664788246155,0.010702853091061115,0.5120896697044373,0.4700222611427307,0.05957997590303421,0.553524374961853,0.4530569016933441,-0.012389692477881908,0.5576814413070679,0.45577237010002136,-0.012125099077820778,0.5389021039009094,0.47659674286842346,0.010202299803495407,0.5403199791908264,0.477281779050827,0.00857128482311964,0.516909658908844,0.35851407051086426,-0.005064249504357576,0.5494518876075745,0.45053553581237793,-0.011291450820863247,0.5392516851425171,0.36859333515167236,-0.015573885291814804,0.5382596850395203,0.3608001470565796,-0.01783572882413864,0.5359104871749878,0.3319820463657379,-0.014099621213972569,0.5159679055213928,0.3580268621444702,0.0014659155858680606,0.5388257503509521,0.3486172556877136,-0.01664240099489689,0.5117998719215393,0.36629718542099,0.003146172733977437,0.5101318955421448,0.36905908584594727,0.012677482329308987,0.5588980913162231,0.4776281714439392,-0.008586632087826729,0.5521986484527588,0.4774133265018463,-0.004893818870186806,0.5470842123031616,0.477308064699173,-0.00042643785127438605,0.5546503067016602,0.4542076289653778,-0.010837653651833534,0.5396227836608887,0.4769420027732849,0.009354384616017342,0.5427563190460205,0.4805440604686737,0.006499243434518576,0.5410891771316528,0.4776536822319031,0.008453547023236752,0.5558826327323914,0.4523550868034363,-0.020462961867451668,0.5490356087684631,0.4805459678173065,0.001851451932452619,0.5538607835769653,0.4818694591522217,-0.001169272349216044,0.5596135854721069,0.48313432931900024,-0.0035404402296990156,0.557448148727417,0.5011783242225647,0.00454466650262475,0.557936429977417,0.49674028158187866,-0.0016235136426985264,0.5583030581474304,0.49186402559280396,-0.0029369445983320475,0.5588964223861694,0.48713284730911255,-0.0023430860601365566,0.5595718026161194,0.48338818550109863,-0.0021249742712825537,0.5488904118537903,0.4806840717792511,0.003000563010573387,0.5477402806282043,0.4821770489215851,0.002595157828181982,0.5464476346969604,0.4843546152114868,0.0022170934826135635,0.545453667640686,0.48687660694122314,0.003605505684390664,0.5425683856010437,0.46662962436676025,-7.62311028665863e-05,0.5051303505897522,0.43111497163772583,0.06145383045077324,0.5657933950424194,0.45917290449142456,-0.017839930951595306,0.5452371835708618,0.4793119728565216,0.006324727553874254,0.5439907908439636,0.479829877614975,0.0061623165383934975,0.5592797994613647,0.4587170481681824,-0.011655231937766075,0.5509359836578369,0.4543430209159851,-0.006467421073466539,0.5585383772850037,0.4572966694831848,-0.012084193527698517,0.5443496704101562,0.42629656195640564,-0.004105465952306986,0.5343790054321289,0.4302239716053009,-0.0013666717568412423,0.548581063747406,0.44613027572631836,-0.01006291527301073,0.5213900804519653,0.33831536769866943,-0.0023370422422885895,0.525010347366333,0.3506331145763397,-0.008175167255103588,0.5259000658988953,0.35676515102386475,-0.01228050421923399,0.5449364185333252,0.49008506536483765,0.008469715714454651,0.5529763698577881,0.3669876456260681,-0.020757876336574554,0.5531250238418579,0.349631667137146,-0.02145642600953579,0.5516690611839294,0.329598993062973,-0.020913874730467796,0.5271524786949158,0.4074261486530304,0.0018239530036225915,0.5146575570106506,0.4100751578807831,0.011648368090391159,0.552186906337738,0.40775299072265625,-0.0025491381529718637,0.5187487006187439,0.3876568377017975,0.0033179542515426874,0.5547112822532654,0.4181961417198181,-0.009600850753486156,0.5527489185333252,0.4468439817428589,-0.020814809948205948,0.5084484815597534,0.4154214560985565,0.019139045849442482,0.5183206796646118,0.41734233498573303,0.007341260090470314,0.5253945589065552,0.4220040738582611,0.0023132541682571173,0.5362476110458374,0.42276617884635925,-0.00040703825652599335,0.5444443225860596,0.42078906297683716,-0.0024347826838493347,0.5506157279014587,0.41794249415397644,-0.004597965627908707,0.5621693134307861,0.4088275730609894,-0.01735694706439972,0.5087880492210388,0.4319288730621338,0.02011295221745968,0.5144331455230713,0.38383668661117554,0.005758565850555897,0.5630593299865723,0.4576762020587921,-0.02524927444756031,0.5510929822921753,0.4307875335216522,-0.00837332010269165,0.502726137638092,0.395427942276001,0.05092143267393112,0.5551704168319702,0.41441428661346436,-0.006283572409301996,0.5479658246040344,0.4457610547542572,-0.004491365980356932,0.5222082138061523,0.39672067761421204,0.005516761913895607,0.5528250932693481,0.44106030464172363,-0.019389551132917404,0.5077142119407654,0.4503318667411804,0.062006983906030655,0.5522568225860596,0.4047214388847351,-0.0018519579898566008,0.5570088028907776,0.4376782476902008,-0.025290369987487793,0.5237356424331665,0.4904077351093292,0.0319158211350441,0.5249922871589661,0.49778011441230774,0.04343340918421745,0.5047467947006226,0.4320785701274872,0.04077082872390747,0.5163536071777344,0.4798748195171356,0.037504903972148895,0.5067585706710815,0.3826122581958771,0.02389708161354065,0.5452032089233398,0.5170498490333557,0.017682893201708794,0.5636945962905884,0.458735853433609,-0.017443137243390083,0.5457397699356079,0.4354577660560608,-0.0054010809399187565,0.5097537636756897,0.3969014286994934,0.01852034404873848,0.5321616530418396,0.40702420473098755,-0.0011363138910382986,0.5373709201812744,0.408294141292572,-0.0026122063864022493,0.5417073965072632,0.4814837872982025,0.007643679156899452,0.5098089575767517,0.44751694798469543,0.024429604411125183,0.5542643070220947,0.5268122553825378,0.020253947004675865,0.5400161147117615,0.5155712366104126,0.0303672906011343,0.5334436893463135,0.5082478523254395,0.03609493374824524,0.5694587826728821,0.35097745060920715,-0.02311767265200615,0.5642234086990356,0.5286787152290344,0.018507855013012886,0.542631208896637,0.4078230857849121,-0.0030650116968899965,0.5476102232933044,0.4064267873764038,-0.0025379988364875317,0.5507659316062927,0.4055233299732208,-0.0016765045002102852,0.510552167892456,0.3802841007709503,0.01115529052913189,0.5466495156288147,0.3972366452217102,-0.004477472975850105,0.5413001775741577,0.39373815059661865,-0.005328006111085415,0.5361359119415283,0.3926619589328766,-0.004880744498223066,0.5311161875724792,0.39340099692344666,-0.003048467915505171,0.5279427766799927,0.39516299962997437,-0.0009397158864885569,0.5035657286643982,0.37734752893447876,0.03860563039779663,0.5287507772445679,0.4045819640159607,0.0007678056135773659,0.5658913254737854,0.46513280272483826,-0.011020033620297909,0.5483993291854858,0.46432924270629883,-0.004261779598891735,0.5535121560096741,0.4523827135562897,-0.014794980175793171,0.5585020780563354,0.46457958221435547,-0.010121546685695648,0.5678462386131287,0.39518433809280396,-0.017401238903403282,0.5316646695137024,0.5005987882614136,0.02804902195930481,0.5384712219238281,0.5086954236030579,0.023358838632702827,0.55375075340271,0.5231067538261414,0.012704674154520035,0.5181341767311096,0.48591092228889465,0.05240197479724884,0.550529956817627,0.4018302857875824,-0.0029442859813570976,0.5582369565963745,0.4217454791069031,-0.017248356714844704,0.5641918182373047,0.5248382687568665,0.01124325580894947,0.5466065406799316,0.5221537351608276,0.024281300604343414,0.5069563388824463,0.44937628507614136,0.042617663741111755,0.5537903308868408,0.48212170600891113,0.00017052533803507686,0.5526756644248962,0.48488104343414307,-0.00019648164743557572,0.5517325401306152,0.48847344517707825,-0.0006421403377316892,0.5510879158973694,0.4927848279476166,0.0007071024738252163,0.5503198504447937,0.4965178370475769,0.006008352618664503,0.5440859198570251,0.4781787693500519,0.004962395876646042,0.5429491996765137,0.4770926535129547,0.004985792562365532,0.5420575737953186,0.47605353593826294,0.004759565461426973,0.53819739818573,0.46998855471611023,0.005057625472545624,0.5161306262016296,0.4529823958873749,0.01329175103455782,0.5585436224937439,0.4129999577999115,-0.013140884228050709,0.5558418035507202,0.39690473675727844,-0.006594579666852951,0.5527793765068054,0.39839106798171997,-0.004274969454854727,0.5453211069107056,0.4792657494544983,0.005556575953960419,0.5170497894287109,0.4701967239379883,0.0248260460793972,0.5607911348342896,0.3965599536895752,-0.013662638142704964,0.5477432012557983,0.5034024119377136,0.009817094542086124,0.566670298576355,0.4259379804134369,-0.026996076107025146,0.5620740652084351,0.4183855354785919,-0.02182118408381939,0.567011296749115,0.4171615242958069,-0.023371292278170586,0.5543115139007568,0.43374842405319214,-0.01555169653147459,0.5643410086631775,0.5186520218849182,0.007063946221023798,0.5645976662635803,0.5100554823875427,0.005553951021283865,0.5557792782783508,0.5088551044464111,0.006860184483230114,0.5365347266197205,0.48674505949020386,0.01436315942555666,0.5428928732872009,0.4509652554988861,-0.001805212115868926,0.541823148727417,0.49593430757522583,0.012589036487042904,0.5283191800117493,0.4485560357570648,0.0007946746191009879,0.5368398427963257,0.45747682452201843,0.001005752943456173,0.5237102508544922,0.45940569043159485,0.007342018187046051,0.5541703701019287,0.5171111822128296,0.008640052750706673,0.551254391670227,0.4371976852416992,-0.010843670926988125,0.5325918793678284,0.4926706552505493,0.02045147307217121,0.5393581390380859,0.501883327960968,0.01775168441236019,0.5315805077552795,0.4769551455974579,0.013259854167699814,0.5118715167045593,0.46044841408729553,0.028490914031863213,0.5247292518615723,0.4785556197166443,0.01872728019952774,0.5104487538337708,0.46528077125549316,0.04293118417263031,0.5322075486183167,0.46494781970977783,0.005576283670961857,0.5548135042190552,0.4261944591999054,-0.012469099834561348,0.5542498826980591,0.45090460777282715,-0.021770639345049858,0.5512477159500122,0.45124560594558716,-0.015212095342576504,0.5565571188926697,0.4463779926300049,-0.025963861495256424,0.5508198142051697,0.38670283555984497,-0.009042209014296532,0.5408830046653748,0.3783215582370758,-0.009856553748250008,0.5321689248085022,0.3757140040397644,-0.008857774548232555,0.5251619815826416,0.3768051266670227,-0.005836987402290106,0.5205386281013489,0.3805012106895447,-0.0018618955509737134,0.5187283158302307,0.39677712321281433,0.00822931993752718,0.5036380887031555,0.4151661992073059,0.03695908188819885,0.523430585861206,0.4109646677970886,0.005048760678619146,0.5292609333992004,0.4148796498775482,0.001884852652437985,0.536870002746582,0.4165482819080353,-0.0005347043625079095,0.5443019866943359,0.4156770408153534,-0.002423086203634739,0.5500860810279846,0.41345274448394775,-0.002926901914179325,0.5539379715919495,0.411163330078125,-0.0039011300541460514,0.5036962628364563,0.4129849672317505,0.05800675228238106,0.5513490438461304,0.45246678590774536,-0.012200145050883293,0.5579372048377991,0.42955148220062256,-0.02054024487733841,0.5577817559242249,0.45241373777389526,-0.025918317958712578,0.5604811906814575,0.455884724855423,-0.023128418251872063,0.557807445526123,0.4532743990421295,-0.023105870932340622,0.5525809526443481,0.45429328083992004,-0.009910104796290398,0.5614250898361206,0.4569375813007355,-0.024489130824804306,0.5620681643486023,0.45801761746406555,-0.01761070266366005,0.554265558719635,0.40504568815231323,-0.0025917040184140205,0.5568505525588989,0.40672656893730164,-0.005576598457992077,0.5585414171218872,0.4083135724067688,-0.008831346407532692,0.5261436104774475,0.3966841995716095,0.001330719911493361,0.5218242406845093,0.3901573717594147,0.001638519810512662,0.5712673664093018,0.4271121621131897,-0.025160333141684532,0.6081013679504395,0.4070281982421875,0.00033704921952448785,0.5709732174873352,0.4570268988609314,-0.01803089864552021,0.6330899000167847,0.3688863515853882,0.021507300436496735,0.5908581614494324,0.41483065485954285,-0.004647565074265003,0.5971868634223938,0.41586875915527344,-0.004060272127389908,0.603091835975647,0.4147186577320099,-0.002505263313651085,0.6103968620300293,0.4084431231021881,0.0018453348893672228,0.5854442715644836,0.41198477149009705,-0.0038588601164519787,0.6007327437400818,0.387022465467453,-0.008838887326419353,0.5936712622642517,0.38823404908180237,-0.008893042802810669,0.6070359945297241,0.3885330259799957,-0.0065862033516168594,0.6109015941619873,0.3921552896499634,-0.004068495240062475,0.6153396964073181,0.4120660424232483,0.005498845130205154,0.5838915109634399,0.5122252106666565,0.012066341005265713,0.6100456714630127,0.403502494096756,0.0021131846588104963,0.6332864165306091,0.4046517312526703,0.029465388506650925,0.6218504905700684,0.4038543999195099,0.010303692892193794,0.5954301357269287,0.4433490037918091,-0.004555919673293829,0.5742581486701965,0.473998486995697,-0.010188027285039425,0.5734354257583618,0.4814428389072418,-0.006738985888659954,0.5814567804336548,0.47536414861679077,-0.006719314958900213,0.5863388180732727,0.47639650106430054,-0.002018286380916834,0.5794194340705872,0.4806895852088928,-0.004522944334894419,0.5841233730316162,0.4799203872680664,-0.00028445839416235685,0.5914490222930908,0.4847896993160248,0.009238308295607567,0.5702027678489685,0.45444515347480774,-0.02856522612273693,0.5710148215293884,0.4465552568435669,-0.031222159042954445,0.6204820275306702,0.3798316717147827,-0.003332961117848754,0.5838555097579956,0.4241112470626831,-0.007772504352033138,0.5829590559005737,0.44941097497940063,-0.01566142588853836,0.583406388759613,0.44475290179252625,-0.014560015872120857,0.6135711073875427,0.44158634543418884,0.0024096600245684385,0.5711663961410522,0.43608224391937256,-0.029274996370077133,0.607434093952179,0.372600793838501,-0.01358182355761528,0.6153348684310913,0.3740828037261963,-0.008899406529963017,0.6282485723495483,0.3546149432659149,0.00846258644014597,0.5805560946464539,0.38434165716171265,-0.017604852095246315,0.5873400568962097,0.3924715220928192,-0.006994606927037239,0.5963959693908691,0.47715112566947937,0.0089839156717062,0.6212448477745056,0.47499674558639526,0.0571514293551445,0.5788893699645996,0.45395299792289734,-0.013048199936747551,0.5745542049407959,0.45632803440093994,-0.012451193295419216,0.5931918621063232,0.4774596095085144,0.008667678572237492,0.5917567014694214,0.478098601102829,0.007205936126410961,0.6187671422958374,0.36672526597976685,-0.007328066974878311,0.5832371115684509,0.451742559671402,-0.012072126381099224,0.5962526798248291,0.3757280707359314,-0.01674143224954605,0.5973262786865234,0.3680601418018341,-0.01901831291615963,0.6050330400466919,0.33532384037971497,-0.01558737549930811,0.6236362457275391,0.36331602931022644,-0.0009536491124890745,0.6007016897201538,0.3516269326210022,-0.017951669171452522,0.6241207122802734,0.3744000196456909,0.0005877387593500316,0.6289138197898865,0.3749556839466095,0.009950772859156132,0.5739920735359192,0.47807586193084717,-0.009043795056641102,0.5804887413978577,0.47816064953804016,-0.005760372616350651,0.585319995880127,0.47811970114707947,-0.0015504651237279177,0.5777007341384888,0.4549991488456726,-0.011307916603982449,0.5924608111381531,0.47778311371803284,0.007921027950942516,0.5891394019126892,0.4812818467617035,0.005260400474071503,0.5909692049026489,0.47845256328582764,0.0071309772320091724,0.5762500166893005,0.45309528708457947,-0.020996462553739548,0.5831562280654907,0.48124969005584717,0.0008680282044224441,0.5784178376197815,0.4824451208114624,-0.0019255473744124174,0.5727999806404114,0.483476459980011,-0.003978250082582235,0.572555661201477,0.5018582344055176,0.00410557072609663,0.5735551714897156,0.49706733226776123,-0.0021013482473790646,0.5734779834747314,0.49218183755874634,-0.003454031888395548,0.5731886625289917,0.4874464273452759,-0.0028423175681382418,0.5727224946022034,0.4836672842502594,-0.0026010789442807436,0.5831728577613831,0.48126378655433655,0.00200662505812943,0.5842284560203552,0.4828045964241028,0.0016136877238750458,0.5853425860404968,0.48501938581466675,0.0012252323795109987,0.5861448645591736,0.48758259415626526,0.0025871973484754562,0.5901387333869934,0.46851614117622375,-0.001321013318374753,0.6305179595947266,0.43720537424087524,0.05876753851771355,0.5867878794670105,0.4799976348876953,0.00512812240049243,0.5879803895950317,0.48054319620132446,0.004957385826855898,0.5728134512901306,0.45922112464904785,-0.011963041499257088,0.5816892981529236,0.455437034368515,-0.007094585802406073,0.5736181139945984,0.4578470289707184,-0.012395747005939484,0.590009331703186,0.42834603786468506,-0.005233790259808302,0.5999098420143127,0.43327561020851135,-0.002937536220997572,0.58443284034729,0.44746682047843933,-0.010915212333202362,0.6194895505905151,0.3431060016155243,-0.004430613946169615,0.6148052215576172,0.3550589680671692,-0.010123436339199543,0.6097584366798401,0.364505410194397,-0.014057094231247902,0.586483895778656,0.49167969822883606,0.007269138935953379,0.5826297998428345,0.37295177578926086,-0.0213282760232687,0.5860676765441895,0.35122358798980713,-0.022100677713751793,0.5891680717468262,0.3313859701156616,-0.021653808653354645,0.6077617406845093,0.41256728768348694,-0.00016804796177893877,0.6214349269866943,0.4167322516441345,0.009238340891897678,0.5820062756538391,0.40957826375961304,-0.003437748411670327,0.6165436506271362,0.3943159580230713,0.0010457305470481515,0.5799536108970642,0.4192676246166229,-0.010284192860126495,0.5797134041786194,0.4478406012058258,-0.021447883918881416,0.6273453235626221,0.4211457371711731,0.016444912180304527,0.6176925897598267,0.4235225021839142,0.005090310238301754,0.6104973554611206,0.42719706892967224,0.00033831081236712635,0.5992334485054016,0.4265974462032318,-0.001933028339408338,0.5906791090965271,0.4234921336174011,-0.0035986697766929865,0.5843551158905029,0.4197971522808075,-0.005471611861139536,0.5726473927497864,0.4092647433280945,-0.017649322748184204,0.6258965730667114,0.4375327229499817,0.017393050715327263,0.6213750243186951,0.39121004939079285,0.0032696344424039125,0.5684537291526794,0.45786166191101074,-0.02538270130753517,0.5828206539154053,0.4320920407772064,-0.009179209358990192,0.6351535320281982,0.4018409550189972,0.04813091456890106,0.579674482345581,0.4158017933368683,-0.0069562396965920925,0.585200309753418,0.44717806577682495,-0.00530930096283555,0.6127200126647949,0.4025925397872925,0.0033833342604339123,0.5800623297691345,0.4420616030693054,-0.020028110593557358,0.6268251538276672,0.4560207426548004,0.05945258587598801,0.5817626118659973,0.40673866868019104,-0.002746612299233675,0.5757501125335693,0.4383598268032074,-0.025777390226721764,0.6078646183013916,0.4939875304698944,0.029776660725474358,0.6063592433929443,0.5009934306144714,0.04154932498931885,0.6302487254142761,0.43808868527412415,0.03778937831521034,0.6158735156059265,0.4842495918273926,0.03500891104340553,0.6314277052879333,0.3887433111667633,0.021031400188803673,0.5839028358459473,0.518596887588501,0.01660986617207527,0.567931592464447,0.4588744342327118,-0.017533253878355026,0.5880500078201294,0.4372503161430359,-0.0064292955212295055,0.6267048120498657,0.4042122960090637,0.015842042863368988,0.6024265885353088,0.4116153419017792,-0.002826001262292266,0.5971270799636841,0.4124544560909271,-0.004129368811845779,0.5901281237602234,0.4822600185871124,0.006312562618404627,0.6240131855010986,0.4529549181461334,0.02173713594675064,0.5742629766464233,0.5274563431739807,0.019701166078448296,0.5897472500801086,0.5172180533409119,0.028997361660003662,0.5971284508705139,0.5105566382408142,0.0344817191362381,0.5917340517044067,0.41127192974090576,-0.00436880998313427,0.5865105986595154,0.40902191400527954,-0.003640370909124613,0.5832623243331909,0.40771353244781494,-0.0026572293136268854,0.6255784034729004,0.3877350091934204,0.008503764867782593,0.5880102515220642,0.3996445834636688,-0.00567918736487627,0.5937197804450989,0.39703369140625,-0.0067139845341444016,0.5991808772087097,0.39688733220100403,-0.006488957908004522,0.6041586399078369,0.39836999773979187,-0.004877996630966663,0.6071001887321472,0.4004790782928467,-0.0028596059419214725,0.6352153420448303,0.3837461471557617,0.03581227734684944,0.6058469414710999,0.40954071283340454,-0.001094689010642469,0.5841535925865173,0.4656613767147064,-0.005163202527910471,0.5788483619689941,0.45330020785331726,-0.015348713845014572,0.5735964179039001,0.4652046859264374,-0.010518607683479786,0.599185049533844,0.5034254789352417,0.02625858038663864,0.591541051864624,0.510841965675354,0.021917715668678284,0.5747522115707397,0.523951530456543,0.012071656063199043,0.6141147017478943,0.4899783432483673,0.05015237629413605,0.5837172865867615,0.4038747251033783,-0.003971828613430262,0.5758209228515625,0.4224728047847748,-0.017704995349049568,0.5823837518692017,0.5232685804367065,0.023245060816407204,0.6269952654838562,0.45506322383880615,0.03976643085479736,0.578374981880188,0.4825776219367981,-0.0006081823376007378,0.5793238282203674,0.4853692054748535,-0.0009765013819560409,0.5800645351409912,0.4889809489250183,-0.0014606983168050647,0.580480694770813,0.49329933524131775,-0.00011587225890252739,0.5802735090255737,0.4976770877838135,0.00509680574759841,0.5881127715110779,0.4789608418941498,0.003665733616799116,0.5892512202262878,0.47791630029678345,0.00360409845598042,0.5901806950569153,0.4769449532032013,0.0033372780308127403,0.5946957468986511,0.4721733331680298,0.0034857657738029957,0.6172037720680237,0.4577130973339081,0.01088822539895773,0.5762186050415039,0.41376185417175293,-0.013660258613526821,0.5789260268211365,0.39910951256752014,-0.007223326712846756,0.5817727446556091,0.40043893456459045,-0.005128943361341953,0.5868327021598816,0.4800262749195099,0.004368804395198822,0.6156405806541443,0.4746108949184418,0.022434430196881294,0.5743287205696106,0.3986680805683136,-0.013998273760080338,0.5823436975479126,0.5047631859779358,0.008853939361870289,0.5719649791717529,0.41878169775009155,-0.02207915298640728,0.5791220664978027,0.43476390838623047,-0.016153043136000633,0.5736352801322937,0.5095884203910828,0.006368940230458975,0.5952850580215454,0.4890725016593933,0.012713155709207058,0.590215265750885,0.45284414291381836,-0.0029395497404038906,0.5891410112380981,0.49776628613471985,0.01127756480127573,0.6050375699996948,0.45208871364593506,-0.0009703111718408763,0.5962018370628357,0.46003833413124084,-0.00044364709174260497,0.6093148589134216,0.4633289873600006,0.005302856210619211,0.5746951699256897,0.5179909467697144,0.008007720112800598,0.5822001695632935,0.4383833110332489,-0.011593205854296684,0.5987820029258728,0.49539732933044434,0.01866910606622696,0.5911229848861694,0.5039529204368591,0.016377607360482216,0.6009107828140259,0.47978347539901733,0.011315073817968369,0.6214006543159485,0.46551713347435,0.025910548865795135,0.6075022220611572,0.4821152985095978,0.016618313267827034,0.6226451992988586,0.47042325139045715,0.04016578570008278,0.6008274555206299,0.4679054319858551,0.0037565049715340137,0.579168975353241,0.4272105395793915,-0.01309528760612011,0.5779482126235962,0.45178547501564026,-0.022329382598400116,0.5812302231788635,0.45234382152557373,-0.015889791771769524,0.5756083130836487,0.4470768868923187,-0.02648782543838024,0.5842031240463257,0.3904169499874115,-0.009900626726448536,0.5945764183998108,0.3836653232574463,-0.011078793555498123,0.6033772230148315,0.38201767206192017,-0.010433630086481571,0.6102952361106873,0.3834720551967621,-0.007743397261947393,0.6148231625556946,0.38738539814949036,-0.003982499707490206,0.6166845560073853,0.4030786454677582,0.005978562869131565,0.6324608325958252,0.4214198589324951,0.03394421935081482,0.6121690273284912,0.41657570004463196,0.0029710622038692236,0.606268584728241,0.4195559620857239,5.819817670271732e-05,0.5983156561851501,0.42030245065689087,-0.00204061740078032,0.5905942320823669,0.4184674620628357,-0.0036110009532421827,0.5845699310302734,0.41538724303245544,-0.0038152309134602547,0.5805999040603638,0.4125942587852478,-0.004615460522472858,0.633154571056366,0.41926467418670654,0.05517268180847168,0.5811394453048706,0.45349156856536865,-0.01287018321454525,0.5754364728927612,0.4302498400211334,-0.021020986139774323,0.5740290284156799,0.45302093029022217,-0.026267245411872864,0.5713120698928833,0.4563021957874298,-0.023318210616707802,0.5741484761238098,0.45391014218330383,-0.02346925437450409,0.5798927545547485,0.45521438121795654,-0.010480649769306183,0.5702037215232849,0.4572535753250122,-0.024640383198857307,0.5696477890014648,0.45824843645095825,-0.01776653714478016,0.5799660682678223,0.40679311752319336,-0.003325237426906824,0.5776525735855103,0.4081100523471832,-0.006130996625870466,0.5762348771095276,0.4095998704433441,-0.009327865205705166,0.6087660789489746,0.4020841121673584,-0.0006662597297690809,0.613118052482605,0.39640527963638306,-0.0004947868292219937,0.5382158160209656,0.4006275534629822,-0.001620971830561757,0.5442489385604858,0.4010075628757477,-0.001620971830561757,0.5386236310005188,0.3927995264530182,-0.001620971830561757,0.532109797000885,0.4001791775226593,-0.001620971830561757,0.5378016233444214,0.40841278433799744,-0.001620971830561757,0.5961026549339294,0.4033995568752289,-0.003141916822642088,0.6020628809928894,0.40350106358528137,-0.003141916822642088,0.5959950089454651,0.39561793208122253,-0.003141916822642088,0.5902495384216309,0.40326252579689026,-0.003141916822642088,0.5962346196174622,0.4111170470714569,-0.003141916822642088
3633.3333333333385,0.5682583451271057,0.4756290316581726,-0.010769091546535492,0.5668398141860962,0.45451444387435913,-0.029043497517704964,0.5670371651649475,0.4599546790122986,-0.013575002551078796,0.5633183717727661,0.42612484097480774,-0.024732152000069618,0.5670431852340698,0.4463299810886383,-0.031832605600357056,0.567467987537384,0.434869647026062,-0.030840391293168068,0.5687041282653809,0.40634608268737793,-0.01951058954000473,0.5280693769454956,0.40083977580070496,0.0030685693491250277,0.5696842670440674,0.38198229670524597,-0.018177524209022522,0.5701521635055542,0.3699852228164673,-0.02098879963159561,0.5719164609909058,0.3285323679447174,-0.02168670855462551,0.5681217312812805,0.4788495898246765,-0.009655597619712353,0.5679334402084351,0.4820595979690552,-0.007634192705154419,0.5677945613861084,0.48410695791244507,-0.004780398216098547,0.5677492618560791,0.48421698808670044,-0.003658635076135397,0.5676833987236023,0.4882916510105133,-0.003935570362955332,0.5675303339958191,0.4929450750350952,-0.004575825296342373,0.5673321485519409,0.49767792224884033,-0.0031998048070818186,0.5659860372543335,0.5017317533493042,0.0028578315395861864,0.5668668746948242,0.45804619789123535,-0.02576291374862194,0.5620002746582031,0.4565503001213074,-0.017942728474736214,0.5083392858505249,0.361320823431015,0.025667566806077957,0.5447489023208618,0.41084444522857666,-0.0028027514927089214,0.538629412651062,0.4112382233142853,-0.0019442340126261115,0.5330526828765869,0.40948396921157837,-6.712676986353472e-05,0.5260393619537354,0.40201088786125183,0.004726897459477186,0.5499856472015381,0.4086977243423462,-0.0023150332272052765,0.5366465449333191,0.38021326065063477,-0.006408740300685167,0.5436047911643982,0.3825732171535492,-0.006850364618003368,0.5301631689071655,0.38110196590423584,-0.0038785128854215145,0.5259901285171509,0.38463467359542847,-0.0011854417389258742,0.5218743681907654,0.4052092134952545,0.00850259605795145,0.5468518733978271,0.5104712247848511,0.01214203704148531,0.5263317823410034,0.3969206213951111,0.004982969257980585,0.5059157609939575,0.3972979187965393,0.033471424132585526,0.5159845352172852,0.39592480659484863,0.013687754049897194,0.5394622087478638,0.4403247535228729,-0.00298096495680511,0.5605385899543762,0.4732446074485779,-0.009976696223020554,0.5606318116188049,0.4809463918209076,-0.0065331123769283295,0.5529264211654663,0.47419407963752747,-0.0059980228543281555,0.5475690364837646,0.4749031662940979,-0.000931640388444066,0.554415225982666,0.47972679138183594,-0.0038396641612052917,0.5494639873504639,0.47858700156211853,0.0006565772346220911,0.5418272018432617,0.48258671164512634,0.010485289618372917,0.5624350905418396,0.4539361894130707,-0.02848835103213787,0.5619998574256897,0.445907324552536,-0.031036900356411934,0.5177982449531555,0.3709453046321869,0.000125416656374,0.5520051717758179,0.42201951146125793,-0.006563050206750631,0.5507994294166565,0.4478851854801178,-0.014825417660176754,0.5507014393806458,0.44311538338661194,-0.013637807220220566,0.5218499898910522,0.4365732967853546,0.005082977935671806,0.562637209892273,0.4352949559688568,-0.028937529772520065,0.5304394364356995,0.36363351345062256,-0.010929984040558338,0.5227706432342529,0.3651246726512909,-0.005717224441468716,0.5139750242233276,0.34738215804100037,0.012408730573952198,0.5562894344329834,0.37744107842445374,-0.01638057269155979,0.549419105052948,0.3880396783351898,-0.00527613889425993,0.5374678373336792,0.47456103563308716,0.010634754784405231,0.5139011740684509,0.46961501240730286,0.059966035187244415,0.5545698404312134,0.45280638337135315,-0.012430270202457905,0.5587221384048462,0.4555816352367401,-0.01223689503967762,0.5400676727294922,0.4753802716732025,0.010153178125619888,0.5414612293243408,0.4761372208595276,0.008505993522703648,0.519697368144989,0.3575192093849182,-0.003933082800358534,0.5504879355430603,0.4502415657043457,-0.011275745928287506,0.5411849021911621,0.3671436905860901,-0.014720517210662365,0.540359377861023,0.3592928647994995,-0.01692824438214302,0.5377038717269897,0.330374151468277,-0.012818067334592342,0.5176306366920471,0.35625770688056946,0.002724990714341402,0.5403899550437927,0.3468570113182068,-0.015518926084041595,0.5145708918571472,0.3652809262275696,0.004274657927453518,0.5118688941001892,0.36751046776771545,0.013935494236648083,0.5604314208030701,0.47740983963012695,-0.008803714998066425,0.5536271929740906,0.4770556092262268,-0.005037094932049513,0.5484433770179749,0.47672006487846375,-0.0005150033393874764,0.5556771159172058,0.4539862871170044,-0.010889536701142788,0.5407775044441223,0.4757572114467621,0.009299204684793949,0.544024646282196,0.47956207394599915,0.006279670633375645,0.5422331690788269,0.476556658744812,0.008374199271202087,0.5569835901260376,0.4521212875843048,-0.020474974066019058,0.5502506494522095,0.48001307249069214,0.0017235275590792298,0.5551801919937134,0.4815957248210907,-0.0013567619025707245,0.5610502362251282,0.48308417201042175,-0.003803419880568981,0.5585360527038574,0.5007455348968506,0.003528519533574581,0.5594375133514404,0.4963005781173706,-0.002431834815070033,0.5597984194755554,0.4915120303630829,-0.003614247776567936,0.560376763343811,0.4869178235530853,-0.0029146347660571337,0.5610167980194092,0.48324254155158997,-0.002619586419314146,0.5501199960708618,0.480069637298584,0.002699041273444891,0.5490249991416931,0.48148566484451294,0.0022219792008399963,0.5477989912033081,0.4835866689682007,0.0017870664596557617,0.546858012676239,0.48606932163238525,0.0031635023187845945,0.5435118675231934,0.46642589569091797,-6.0838232457172126e-05,0.5070739984512329,0.43047401309013367,0.062338124960660934,0.5669412016868591,0.4591071605682373,-0.018011465668678284,0.5464131832122803,0.4784722328186035,0.006147247273474932,0.5452148914337158,0.47891050577163696,0.005947438534349203,0.5603402853012085,0.45857757329940796,-0.011824335902929306,0.5519781708717346,0.45412206649780273,-0.006525011267513037,0.5595855116844177,0.4571307301521301,-0.01221928745508194,0.5457018613815308,0.42568355798721313,-0.0037206970155239105,0.5357353091239929,0.42961111664772034,-0.0009160026675090194,0.5496628284454346,0.44575658440589905,-0.00999908521771431,0.5232095718383789,0.33668816089630127,-0.0009541605249978602,0.5265976190567017,0.34877094626426697,-0.006963311228901148,0.5284002423286438,0.3555333614349365,-0.011225380003452301,0.5459879040718079,0.4896594285964966,0.007986537180840969,0.5547471642494202,0.36519062519073486,-0.0199599452316761,0.554678738117218,0.3480660319328308,-0.02044929377734661,0.553399920463562,0.32806211709976196,-0.01977284997701645,0.5284966826438904,0.40653786063194275,0.002553071826696396,0.5161331295967102,0.40919193625450134,0.012496122159063816,0.5533908605575562,0.4065704047679901,-0.002020822139456868,0.520723819732666,0.3865813612937927,0.004254173953086138,0.5560981631278992,0.4174712300300598,-0.009241514839231968,0.553849458694458,0.44651252031326294,-0.020781468600034714,0.5101304054260254,0.4145282804965973,0.020020028576254845,0.519527792930603,0.41653871536254883,0.008080030791461468,0.526412844657898,0.4212528467178345,0.0029494110494852066,0.5371590256690979,0.42210108041763306,0.0001380466273985803,0.5453659296035767,0.42011332511901855,-0.0019558195490390062,0.5515876412391663,0.417122483253479,-0.004159741569310427,0.5635193586349487,0.40791699290275574,-0.01698359102010727,0.510337769985199,0.4311821460723877,0.020840615034103394,0.516595184803009,0.38275471329689026,0.006763894576579332,0.5641735196113586,0.4575679302215576,-0.02536528743803501,0.5523744821548462,0.43021637201309204,-0.008132102899253368,0.5046515464782715,0.3944191634654999,0.05216396972537041,0.5561988353729248,0.4134370982646942,-0.005843836348503828,0.5490742325782776,0.4453735947608948,-0.00441705621778965,0.5238760709762573,0.3956556022167206,0.006378334015607834,0.5539678931236267,0.44063806533813477,-0.019311776384711266,0.5096001029014587,0.4498351514339447,0.06264793127775192,0.5536199808120728,0.40342363715171814,-0.0012906620977446437,0.5581650733947754,0.43723949790000916,-0.025212347507476807,0.5252362489700317,0.489959180355072,0.03171725943684578,0.5266920328140259,0.49738362431526184,0.04324524104595184,0.5065353512763977,0.4313707947731018,0.0415358766913414,0.5178927183151245,0.4794035255908966,0.03755307197570801,0.5085687041282654,0.3813437223434448,0.02509065717458725,0.546466588973999,0.5168497562408447,0.016667833551764488,0.564821183681488,0.4586483836174011,-0.01759924739599228,0.546994686126709,0.43493345379829407,-0.005177892744541168,0.5117385983467102,0.3958273231983185,0.019528008997440338,0.5334073305130005,0.40618523955345154,-0.00044221506686881185,0.5385181307792664,0.40750569105148315,-0.0019588908180594444,0.5430187582969666,0.4804590940475464,0.007436463143676519,0.5112917423248291,0.4468953013420105,0.024964673444628716,0.5555365681648254,0.5266755819320679,0.018920427188277245,0.5415564179420471,0.5153430104255676,0.029560744762420654,0.5350882411003113,0.5079344511032104,0.035592641681432724,0.5709912180900574,0.3495568335056305,-0.02223942242562771,0.5653842687606812,0.5286157131195068,0.017026452347636223,0.5437838435173035,0.4069560170173645,-0.0024449818301945925,0.5487940311431885,0.405377060174942,-0.0019394435221329331,0.552043080329895,0.4043484330177307,-0.001091962680220604,0.5129309892654419,0.3791201412677765,0.012243174947798252,0.548164427280426,0.39559054374694824,-0.0038479871582239866,0.5429145097732544,0.3920172452926636,-0.004639791790395975,0.5377277731895447,0.39093270897865295,-0.004158490803092718,0.5326811671257019,0.3917962312698364,-0.002284309593960643,0.5294984579086304,0.3937261998653412,-0.0001570152526255697,0.5054133534431458,0.3761495053768158,0.03995925933122635,0.5301118493080139,0.4036559462547302,0.0015020404243841767,0.567012369632721,0.4651934504508972,-0.0112763037905097,0.5494003891944885,0.46419036388397217,-0.004323736764490604,0.5545798540115356,0.4521239101886749,-0.014803771860897541,0.5595533847808838,0.4645747244358063,-0.010332047939300537,0.5692111849784851,0.39400163292884827,-0.01697024144232273,0.5331100821495056,0.5002655982971191,0.02756243757903576,0.5398647785186768,0.508419394493103,0.02258477918803692,0.554885983467102,0.5229629874229431,0.011456802487373352,0.5198643207550049,0.48550474643707275,0.05251109227538109,0.55195552110672,0.4003688395023346,-0.002344792941585183,0.5595276355743408,0.42105185985565186,-0.01698504202067852,0.5652703046798706,0.5247002243995667,0.009850950911641121,0.5480140447616577,0.5219805240631104,0.023190539330244064,0.5086907744407654,0.4488026201725006,0.043154411017894745,0.5551199913024902,0.4817584156990051,-0.00022955065651331097,0.5540454387664795,0.4844418168067932,-0.0006772292545065284,0.5531517267227173,0.48793190717697144,-0.0012011475628241897,0.5525504946708679,0.4921730160713196,8.308827818837017e-05,0.5514018535614014,0.4960586428642273,0.005272712558507919,0.5452895760536194,0.477326363325119,0.004901989828795195,0.5442261099815369,0.4762161374092102,0.004951248876750469,0.5433990359306335,0.47517576813697815,0.004740818869322538,0.5390797853469849,0.46970516443252563,0.005096615757793188,0.5174322128295898,0.4524279832839966,0.013667319901287556,0.5599222183227539,0.412172794342041,-0.012769998051226139,0.5572385787963867,0.39546775817871094,-0.006063248496502638,0.5542094707489014,0.39690566062927246,-0.0036738100461661816,0.5464828014373779,0.4784638285636902,0.005476462654769421,0.5183838605880737,0.46969982981681824,0.02497679740190506,0.5620583295822144,0.39515161514282227,-0.013181877322494984,0.5488978028297424,0.5031096339225769,0.008946161717176437,0.5678852796554565,0.42533817887306213,-0.026885060593485832,0.5633507966995239,0.4176439046859741,-0.02155972272157669,0.5682722926139832,0.41642022132873535,-0.023149549961090088,0.5555359721183777,0.4332233965396881,-0.015389827080070972,0.5654120445251465,0.5184769630432129,0.005718396045267582,0.5656864047050476,0.5097602605819702,0.00428900308907032,0.5568729043006897,0.5085758566856384,0.005710860714316368,0.5376725196838379,0.4863835275173187,0.014060758985579014,0.543999433517456,0.45062190294265747,-0.001732604461722076,0.5430071949958801,0.49562230706214905,0.011990401893854141,0.5295314192771912,0.44805747270584106,0.001013688393868506,0.537912130355835,0.4571361243724823,0.0011044949060305953,0.5248667001724243,0.4589267075061798,0.007514365017414093,0.5552557706832886,0.5169641971588135,0.0074442122131586075,0.5524571537971497,0.4367005228996277,-0.010693531483411789,0.533886194229126,0.49229463934898376,0.02008102275431156,0.540654718875885,0.5015841722488403,0.017052140086889267,0.5326545834541321,0.4765393137931824,0.01318103913217783,0.5133214592933655,0.4599089026451111,0.02883332595229149,0.5259832739830017,0.4780716300010681,0.018685583025217056,0.5121047496795654,0.46478626132011414,0.043248359113931656,0.5332047939300537,0.4645693898200989,0.005661276169121265,0.5561135411262512,0.4255731999874115,-0.01221095584332943,0.5553449988365173,0.45063725113868713,-0.02176574431359768,0.5523028373718262,0.4509735703468323,-0.015211585909128189,0.5576547980308533,0.4460654854774475,-0.02595141902565956,0.552402913570404,0.38516244292259216,-0.008405854925513268,0.5426531434059143,0.3768284320831299,-0.009083779528737068,0.5340854525566101,0.37432292103767395,-0.007978241890668869,0.5271944403648376,0.3755358159542084,-0.004908639471977949,0.5226057767868042,0.37935516238212585,-0.000910323578864336,0.5204793810844421,0.3957415819168091,0.009138585068285465,0.5054733753204346,0.41429755091667175,0.037914715707302094,0.5247257351875305,0.41009610891342163,0.00580037385225296,0.5303667187690735,0.4140571355819702,0.0025605540722608566,0.5378723740577698,0.4158271849155426,6.044007386662997e-05,0.5452827215194702,0.41492700576782227,-0.0018987883813679218,0.551137387752533,0.4125249981880188,-0.0024291393347084522,0.555060625076294,0.4100804030895233,-0.0034327073954045773,0.5056759119033813,0.4121590554714203,0.05909828096628189,0.5523805022239685,0.45220381021499634,-0.012215678580105305,0.5591690540313721,0.42898237705230713,-0.020370805636048317,0.558872640132904,0.4521947205066681,-0.025953490287065506,0.5615888237953186,0.4557393193244934,-0.023224329575896263,0.5589100122451782,0.4530673027038574,-0.023150430992245674,0.5536084175109863,0.4540708363056183,-0.009964974597096443,0.5625346899032593,0.4568098485469818,-0.024599626660346985,0.5631834268569946,0.4579069912433624,-0.017748389393091202,0.5555726885795593,0.40372979640960693,-0.0020700767636299133,0.558082103729248,0.4055075943470001,-0.005101197864860296,0.559665858745575,0.40714240074157715,-0.008386419154703617,0.5277021527290344,0.3953600823879242,0.002134757349267602,0.5236181020736694,0.38900530338287354,0.002480618190020323,0.572471022605896,0.42656493186950684,-0.025105861946940422,0.6101288795471191,0.40652957558631897,0.0003600651689339429,0.5721936821937561,0.45696914196014404,-0.018221482634544373,0.6351615190505981,0.3682224750518799,0.021800151094794273,0.5927274227142334,0.4136975407600403,-0.004565366078168154,0.5990272760391235,0.41492217779159546,-0.004022457171231508,0.6049441695213318,0.41403159499168396,-0.0024919703137129545,0.6124105453491211,0.40807241201400757,0.001843703561462462,0.587395191192627,0.41081270575523376,-0.003705240087583661,0.60281902551651,0.3858124911785126,-0.008678925223648548,0.5956690311431885,0.38681238889694214,-0.00866032112389803,0.6091461181640625,0.3876582980155945,-0.006463455501943827,0.61302649974823,0.3915691673755646,-0.003978228196501732,0.6171672940254211,0.41165152192115784,0.005465985741466284,0.5849670767784119,0.5124115347862244,0.01078258827328682,0.612138569355011,0.40306103229522705,0.002157374517992139,0.6349723935127258,0.40430495142936707,0.029406217858195305,0.6236158013343811,0.40334630012512207,0.010306126438081264,0.5966866612434387,0.4431593120098114,-0.004834468942135572,0.5759289264678955,0.4738214612007141,-0.01052010990679264,0.5751010179519653,0.4814645051956177,-0.007074763532727957,0.5831355452537537,0.4752119183540344,-0.007101029623299837,0.5880093574523926,0.47627902030944824,-0.002418963937088847,0.5811053514480591,0.4806693196296692,-0.004879113752394915,0.5858348608016968,0.479861319065094,-0.0006629662238992751,0.5928407311439514,0.4847691059112549,0.008555605076253414,0.5713444352149963,0.4543367922306061,-0.028707867488265038,0.5721376538276672,0.4463283121585846,-0.03132113441824913,0.6221790909767151,0.37942641973495483,-0.0031601963564753532,0.5851357579231262,0.4236471652984619,-0.00772800762206316,0.5842754244804382,0.44931116700172424,-0.01589866168797016,0.584740936756134,0.4445679187774658,-0.014766872860491276,0.6148432493209839,0.44138628244400024,0.0020998907275497913,0.5723397135734558,0.4356886148452759,-0.029308177530765533,0.609030544757843,0.37189239263534546,-0.013235659338533878,0.6170160174369812,0.3735402226448059,-0.008619421161711216,0.6301660537719727,0.3537290394306183,0.008889812976121902,0.5820661187171936,0.38338330388069153,-0.017149560153484344,0.5893145799636841,0.3910200595855713,-0.006737593095749617,0.5978676080703735,0.4771302342414856,0.008379329927265644,0.622785210609436,0.47531452775001526,0.056502602994441986,0.5802295804023743,0.45388829708099365,-0.013269192539155483,0.5758703351020813,0.45627105236053467,-0.012655887752771378,0.5949189066886902,0.47736960649490356,0.008171308785676956,0.5935335159301758,0.4779963791370392,0.006744974758476019,0.6203055381774902,0.3660140931606293,-0.007018761709332466,0.5846117734909058,0.4516737461090088,-0.012326676398515701,0.5977811813354492,0.3749200105667114,-0.016330309212207794,0.598739743232727,0.3669622838497162,-0.018553264439105988,0.6066772937774658,0.3340781331062317,-0.01488812267780304,0.6253559589385986,0.3623712360858917,-0.0005773447919636965,0.6022676229476929,0.3503824472427368,-0.01731926016509533,0.6256741285324097,0.37371084094047546,0.0007791700190864503,0.6307181715965271,0.37423211336135864,0.010200446471571922,0.5756726264953613,0.4779859781265259,-0.009371981956064701,0.5821786522865295,0.4780808985233307,-0.006121447775512934,0.5870072841644287,0.478038489818573,-0.0019392583053559065,0.5790476202964783,0.45495131611824036,-0.011521557345986366,0.5942100882530212,0.4776837229728699,0.007448945660144091,0.5908154845237732,0.4811910092830658,0.004698208067566156,0.592744767665863,0.4783446788787842,0.006669910624623299,0.5774993300437927,0.45299971103668213,-0.02119048312306404,0.5848668813705444,0.4812260866165161,0.00047276465920731425,0.5800866484642029,0.4824841618537903,-0.0023034033365547657,0.5744336247444153,0.4835702180862427,-0.004353061784058809,0.5736591815948486,0.5015252828598022,0.002976842690259218,0.5750869512557983,0.4968205392360687,-0.0030234898440539837,0.5750550031661987,0.49201178550720215,-0.004247698932886124,0.5747967958450317,0.4874023199081421,-0.003524314146488905,0.5743532180786133,0.48369190096855164,-0.003203677013516426,0.5848881006240845,0.4812055826187134,0.0014439296210184693,0.5859032273292542,0.48272705078125,0.0009835547534748912,0.5869693756103516,0.4849165976047516,0.0005244309431873262,0.5877020359039307,0.4874562621116638,0.0018457155674695969,0.5914885401725769,0.4685728847980499,-0.0016929047415032983,0.6322916150093079,0.43725985288619995,0.058475375175476074,0.5885190963745117,0.47990095615386963,0.004618317354470491,0.589692234992981,0.48044881224632263,0.004409948363900185,0.5740730166435242,0.4591812193393707,-0.012232626788318157,0.5830456018447876,0.4554191827774048,-0.007374286185950041,0.5749092102050781,0.4577961564064026,-0.012619665823876858,0.5913110375404358,0.42797085642814636,-0.005284464918076992,0.6011673212051392,0.43298131227493286,-0.0030957148410379887,0.5857974886894226,0.44732511043548584,-0.011150135658681393,0.6212579011917114,0.3420143127441406,-0.003871374297887087,0.6164473295211792,0.3539432883262634,-0.009625059552490711,0.6112228035926819,0.3635498583316803,-0.013669585809111595,0.5877403616905212,0.49156543612480164,0.0064330389723181725,0.5840244293212891,0.37170907855033875,-0.020773494616150856,0.587598443031311,0.34990429878234863,-0.021349376067519188,0.5907715559005737,0.3300292193889618,-0.020804237574338913,0.6097119450569153,0.4120921194553375,-0.0001672223152127117,0.6231288909912109,0.4163062572479248,0.009130354970693588,0.5840063095092773,0.40841352939605713,-0.0032517993822693825,0.6184800267219543,0.3939458131790161,0.0011273184791207314,0.5812133550643921,0.4186984598636627,-0.01017298735678196,0.5809518098831177,0.44769003987312317,-0.021634820848703384,0.6287480592727661,0.4208875894546509,0.016247250139713287,0.6194172501564026,0.42318788170814514,0.004930261522531509,0.612247884273529,0.4268185496330261,0.00019821540627162904,0.6010259389877319,0.42609113454818726,-0.001992882927879691,0.5924659967422485,0.4228605628013611,-0.0035783029161393642,0.5861945152282715,0.4190959632396698,-0.005367430858314037,0.57390958070755,0.40842679142951965,-0.017388541251420975,0.6272805333137512,0.43739253282546997,0.017044391483068466,0.6231260299682617,0.3907443583011627,0.003359467489644885,0.569598376750946,0.4577956795692444,-0.02554652839899063,0.5841221213340759,0.43170616030693054,-0.009231331758201122,0.6371744871139526,0.40152937173843384,0.04815453290939331,0.5815171599388123,0.41505444049835205,-0.006777780596166849,0.5866020917892456,0.44701912999153137,-0.005552488379180431,0.6147482395172119,0.40232422947883606,0.0034288503229618073,0.5813271999359131,0.44181257486343384,-0.020174438133835793,0.6284871697425842,0.45624375343322754,0.05899358168244362,0.5838285684585571,0.40548864006996155,-0.002543830079957843,0.5769473314285278,0.43804264068603516,-0.025866951793432236,0.6090844869613647,0.49425581097602844,0.028799697756767273,0.6075626015663147,0.5013868808746338,0.04060781002044678,0.631767988204956,0.4380822777748108,0.03741278126835823,0.6172268390655518,0.48450610041618347,0.03414038196206093,0.6332247257232666,0.3882066309452057,0.02114497870206833,0.5849349498748779,0.5188475251197815,0.015226135961711407,0.5691030025482178,0.45881766080856323,-0.017719324678182602,0.5893629193305969,0.43695804476737976,-0.006580102723091841,0.6283183097839355,0.4034903943538666,0.01580730639398098,0.6043088436126709,0.4107726216316223,-0.0027911739889532328,0.5989879369735718,0.4113215208053589,-0.004065860994160175,0.5917539000511169,0.4821754992008209,0.005739280954003334,0.6254206299781799,0.4529525637626648,0.021237416192889214,0.5753313899040222,0.5275862812995911,0.018165118992328644,0.5908082127571106,0.5176534056663513,0.027720946818590164,0.5982163548469543,0.5109983682632446,0.03338261693716049,0.5936217308044434,0.4099498987197876,-0.004254914820194244,0.5884504914283752,0.4076578915119171,-0.003486503381282091,0.5852625966072083,0.40640997886657715,-0.0024664667434990406,0.6272345781326294,0.38697293400764465,0.008592195808887482,0.590135395526886,0.39779606461524963,-0.005474906414747238,0.5958034992218018,0.3949214816093445,-0.006529647391289473,0.6013214588165283,0.3948720693588257,-0.006345747038722038,0.6063793897628784,0.3967816233634949,-0.004777326248586178,0.6093288064002991,0.3994070887565613,-0.002796504646539688,0.6373379230499268,0.38325491547584534,0.035983581095933914,0.6078100204467773,0.40893369913101196,-0.0010702692670747638,0.5854465961456299,0.4657319188117981,-0.005519944708794355,0.5801569819450378,0.4532269239425659,-0.015551477670669556,0.5747830867767334,0.4652904272079468,-0.010846481658518314,0.6003111600875854,0.5037554502487183,0.025152966380119324,0.5926066040992737,0.5111715197563171,0.0206607598811388,0.5757616758346558,0.5240412354469299,0.010614356026053429,0.615488588809967,0.49033185839653015,0.049360182136297226,0.5858258008956909,0.4024294912815094,-0.0037616577465087175,0.5770693421363831,0.42189159989356995,-0.017605531960725784,0.5834354162216187,0.5235964059829712,0.021797295659780502,0.6284788250923157,0.4551991820335388,0.03921639546751976,0.5800466537475586,0.4825707674026489,-0.001196977449581027,0.5809649229049683,0.48531368374824524,-0.0016452341806143522,0.5816525220870972,0.48885253071784973,-0.002230827696621418,0.5820074081420898,0.49310538172721863,-0.000962873746175319,0.5814383029937744,0.4974476397037506,0.004108015447854996,0.5898625254631042,0.47888287901878357,0.0032681443262845278,0.5909676551818848,0.47784656286239624,0.0031988797709345818,0.5918673276901245,0.47687825560569763,0.002918564947322011,0.5961408615112305,0.47219812870025635,0.0030354734044522047,0.6185551881790161,0.45768898725509644,0.010383502580225468,0.5774754285812378,0.41305455565452576,-0.013468634337186813,0.5808073282241821,0.39789795875549316,-0.0068916575983166695,0.5838208794593811,0.39909496903419495,-0.00485936040058732,0.5885762572288513,0.4799492657184601,0.0039475406520068645,0.6170159578323364,0.47473591566085815,0.021711964160203934,0.5760161876678467,0.3976270258426666,-0.01365443505346775,0.5834431648254395,0.5047826170921326,0.007688616868108511,0.5732095837593079,0.41810721158981323,-0.021908186376094818,0.5803799033164978,0.43439456820487976,-0.016200633719563484,0.5747005939483643,0.5094611644744873,0.005068832542747259,0.5965307354927063,0.48917195200920105,0.011899106204509735,0.5915718078613281,0.45276203751564026,-0.0032579293474555016,0.5902987122535706,0.4978707730770111,0.0102750388905406,0.6062957048416138,0.45197734236717224,-0.001402548630721867,0.5975183248519897,0.4600181579589844,-0.0008359772036783397,0.6106539964675903,0.4633200764656067,0.004738153424113989,0.57572340965271,0.5180339813232422,0.006611020769923925,0.5835309624671936,0.4380767047405243,-0.011712669394910336,0.5999593734741211,0.49560362100601196,0.017714031040668488,0.5922277569770813,0.5041635036468506,0.015229315496981144,0.6022405624389648,0.47984009981155396,0.010612602345645428,0.6228167414665222,0.4656286835670471,0.02527659758925438,0.6087963581085205,0.48221737146377563,0.015845926478505135,0.6240971684455872,0.47064995765686035,0.03944631293416023,0.6022118926048279,0.46790599822998047,0.003262715879827738,0.5804384350776672,0.42673808336257935,-0.013069769367575645,0.5791928768157959,0.4516774117946625,-0.0225239098072052,0.5825409293174744,0.45227524638175964,-0.01612086594104767,0.5767958760261536,0.4468991458415985,-0.026622246950864792,0.585992157459259,0.38930943608283997,-0.009555468335747719,0.5963752865791321,0.3826819360256195,-0.010758102871477604,0.6052407026290894,0.38120386004447937,-0.01018502190709114,0.6121945977210999,0.3828692138195038,-0.007553643546998501,0.6167640089988708,0.38695845007896423,-0.0038404634688049555,0.6185756325721741,0.4026954770088196,0.0060153622180223465,0.6340491771697998,0.4212491810321808,0.033712126314640045,0.6139891743659973,0.41618332266807556,0.0029105579014867544,0.6080354452133179,0.4190004765987396,2.2176309357746504e-05,0.600084662437439,0.4195716977119446,-0.002034276258200407,0.5924169421195984,0.41757798194885254,-0.00355598540045321,0.5864708423614502,0.41442304849624634,-0.0036700847558677197,0.5825414657592773,0.41160833835601807,-0.004434657748788595,0.6350403428077698,0.4191285967826843,0.05504854395985603,0.5824921727180481,0.45343920588493347,-0.013109292834997177,0.5766552686691284,0.4297887682914734,-0.02101839892566204,0.5752224326133728,0.4529174268245697,-0.026430116966366768,0.5725098848342896,0.45624619722366333,-0.023487376049160957,0.5753684639930725,0.45382529497146606,-0.023641658946871758,0.5812491178512573,0.4551865756511688,-0.010724334977567196,0.5713703036308289,0.45719656348228455,-0.02481112815439701,0.570845901966095,0.45819729566574097,-0.0179554745554924,0.5820275545120239,0.40561509132385254,-0.0030974242836236954,0.5795868039131165,0.40704983472824097,-0.005872623063623905,0.5780613422393799,0.40873199701309204,-0.009062920697033405,0.6109419465065002,0.4013848304748535,-0.0006107903318479657,0.6151854395866394,0.3960627615451813,-0.0004334823170211166,0.5399032235145569,0.39963337779045105,-0.0009320129174739122,0.5459460616111755,0.4000420868396759,-0.0009320129174739122,0.5403851270675659,0.3917284607887268,-0.0009320129174739122,0.5337948799133301,0.3991958200931549,-0.0009320129174739122,0.5394197702407837,0.40750059485435486,-0.0009320129174739122,0.5982018113136292,0.40208062529563904,-0.003028634935617447,0.6043691635131836,0.40233683586120605,-0.003028634935617447,0.5982289910316467,0.39380499720573425,-0.003028634935617447,0.5921476483345032,0.40177011489868164,-0.003028634935617447,0.5982080101966858,0.4103109538555145,-0.003028634935617447
3666.666666666672,0.5698506236076355,0.4751534163951874,-0.010867862962186337,0.5683881044387817,0.45365604758262634,-0.029117006808519363,0.5685330629348755,0.45918986201286316,-0.013638067990541458,0.5647452473640442,0.4255234897136688,-0.024810971692204475,0.568580687046051,0.44549474120140076,-0.03190495818853378,0.5689586997032166,0.43414121866226196,-0.03090113401412964,0.5700502395629883,0.4059767723083496,-0.019523711875081062,0.5290898680686951,0.4004549980163574,0.0028231763280928135,0.5709724426269531,0.38206279277801514,-0.018189605325460434,0.5714244246482849,0.3701435923576355,-0.021003495901823044,0.5730815529823303,0.3283226788043976,-0.021609893068671227,0.5696940422058105,0.4783869683742523,-0.00975590106099844,0.5694688558578491,0.4815997779369354,-0.007730935234576464,0.5692908763885498,0.4836390018463135,-0.0048820143565535545,0.5692035555839539,0.4838450849056244,-0.003778492333367467,0.5691301822662354,0.4880843758583069,-0.004072656389325857,0.5689554810523987,0.4929323196411133,-0.004715447314083576,0.5687161684036255,0.49778610467910767,-0.0033241119235754013,0.5676522254943848,0.5013372302055359,0.0027569751255214214,0.5683982968330383,0.4572158753871918,-0.02583353966474533,0.5635133385658264,0.45580631494522095,-0.018034491688013077,0.5094308853149414,0.36128562688827515,0.025309909135103226,0.5460512638092041,0.41065239906311035,-0.002935545751824975,0.5398630499839783,0.41094112396240234,-0.002121648285537958,0.534216046333313,0.4091346859931946,-0.00028711403138004243,0.5270992517471313,0.4016539752483368,0.004450174979865551,0.5513229966163635,0.4086569547653198,-0.002412548055872321,0.5377662181854248,0.379820853471756,-0.006600672844797373,0.5448530316352844,0.38232651352882385,-0.0069847446866333485,0.5311731696128845,0.38066449761390686,-0.004113145172595978,0.5269432067871094,0.3842247724533081,-0.0014426176203414798,0.5229771137237549,0.4048576056957245,0.008174952119588852,0.5483054518699646,0.5102699995040894,0.011904512532055378,0.5273556709289551,0.3965340852737427,0.0047147199511528015,0.5067963004112244,0.3972618579864502,0.03303513675928116,0.5169826149940491,0.3957301080226898,0.013314822688698769,0.5406804084777832,0.43979397416114807,-0.003196732373908162,0.5620854496955872,0.47272607684135437,-0.010132698342204094,0.5621563792228699,0.48050469160079956,-0.006682824809104204,0.5544226169586182,0.473734050989151,-0.00620641652494669,0.5490213632583618,0.474504292011261,-0.001163377659395337,0.5559163093566895,0.47930946946144104,-0.0040276795625686646,0.5509459972381592,0.4782172441482544,0.00045331433648243546,0.5431607961654663,0.4821810722351074,0.010229676961898804,0.5639725923538208,0.45310693979263306,-0.028588291257619858,0.5635404586791992,0.44509974122047424,-0.03114326111972332,0.5186331868171692,0.37070828676223755,-0.00023775463341735303,0.5532264113426208,0.42158007621765137,-0.006681887898594141,0.5521823763847351,0.44720935821533203,-0.014994208700954914,0.5520447492599487,0.44248059391975403,-0.013800355605781078,0.5228842496871948,0.43613728880882263,0.004719038959592581,0.5641171932220459,0.43458372354507446,-0.029036516323685646,0.5314329266548157,0.3634437322616577,-0.011207995004951954,0.5236459374427795,0.36486560106277466,-0.00605425238609314,0.5151379704475403,0.34731897711753845,0.012102244421839714,0.5575662851333618,0.3775605857372284,-0.016481366008520126,0.5507408976554871,0.38796061277389526,-0.005360396113246679,0.5387448072433472,0.4741010069847107,0.010331413708627224,0.5143713355064392,0.46982353925704956,0.05954274907708168,0.5559911131858826,0.45213234424591064,-0.012552606873214245,0.5602079033851624,0.45488956570625305,-0.012335344217717648,0.541372537612915,0.47516071796417236,0.00989562924951315,0.5428215265274048,0.4759124517440796,0.008272247388958931,0.5204775333404541,0.3573508858680725,-0.0042764367535710335,0.5518538355827332,0.44958770275115967,-0.011442354880273342,0.5423287153244019,0.3671363294124603,-0.014907988719642162,0.5414637923240662,0.35935458540916443,-0.017117448151111603,0.5389057397842407,0.33021780848503113,-0.012953563593327999,0.5188863277435303,0.3562786281108856,0.0023892472963780165,0.5417085886001587,0.3468225300312042,-0.015692967921495438,0.5153326988220215,0.3651777505874634,0.0038884899113327265,0.5130131244659424,0.3675075173377991,0.013556976802647114,0.5619704723358154,0.47694092988967896,-0.008960955776274204,0.5551251173019409,0.47662094235420227,-0.005239077843725681,0.549912691116333,0.4763406217098236,-0.0007312316447496414,0.5571191906929016,0.45331302285194397,-0.011007276363670826,0.5421071648597717,0.47553783655166626,0.009057802148163319,0.5453192591667175,0.4793420732021332,0.006059940904378891,0.5436190962791443,0.4763222932815552,0.008145332336425781,0.5584341287612915,0.45139262080192566,-0.020613493397831917,0.5517370700836182,0.47964581847190857,0.001525297062471509,0.5566819906234741,0.4811868965625763,-0.001540898927487433,0.562554657459259,0.48264726996421814,-0.003960100002586842,0.5601240396499634,0.5003609657287598,0.0033773777540773153,0.5607016086578369,0.49643003940582275,-0.0026091821491718292,0.5611301064491272,0.4915165901184082,-0.0038036000914871693,0.561773955821991,0.4867110550403595,-0.003103339346125722,0.5624697804450989,0.4828827977180481,-0.002789897145703435,0.5515691637992859,0.4797114431858063,0.002497489098459482,0.5503928661346436,0.48121488094329834,0.002015599748119712,0.5490694642066956,0.48341748118400574,0.0015802861889824271,0.5480491518974304,0.4859549403190613,0.0029547750018537045,0.54484623670578,0.46579593420028687,-0.0003100863832514733,0.5076417326927185,0.43059393763542175,0.06191554293036461,0.568453848361969,0.4583078622817993,-0.018072977662086487,0.5478523373603821,0.4781501293182373,0.005932737607508898,0.5465856194496155,0.47864440083503723,0.005729067139327526,0.5618325471878052,0.45786556601524353,-0.01193408202379942,0.5533542633056641,0.4534723460674286,-0.006667063105851412,0.5610780715942383,0.4564310610294342,-0.012321537360548973,0.546894907951355,0.42522090673446655,-0.0038920878432691097,0.5368960499763489,0.4291299283504486,-0.00117278634570539,0.5509864687919617,0.44513410329818726,-0.01016328763216734,0.5244169235229492,0.3365883231163025,-0.0011914061615243554,0.5279226303100586,0.3487902581691742,-0.007229302544146776,0.529330849647522,0.35543498396873474,-0.01149455551058054,0.5473812818527222,0.4892842769622803,0.00776356877759099,0.5559658408164978,0.36540454626083374,-0.02007281221449375,0.555954098701477,0.3479344844818115,-0.02052360586822033,0.5545849800109863,0.3278683125972748,-0.01979638822376728,0.5295872092247009,0.4061802327632904,0.002299817046150565,0.5172264575958252,0.4088505208492279,0.012123340740799904,0.5547530651092529,0.40662673115730286,-0.0020909442100673914,0.5216509103775024,0.386294960975647,0.003932159394025803,0.557353138923645,0.4170554280281067,-0.009337692521512508,0.5552845597267151,0.44580596685409546,-0.020931458100676537,0.5110284090042114,0.41431987285614014,0.019589891657233238,0.5207109451293945,0.4160829782485962,0.007729573640972376,0.5276800990104675,0.42072129249572754,0.002647874876856804,0.5384937524795532,0.42158472537994385,-9.459487773710862e-05,0.5467376708984375,0.4196815490722656,-0.0021187569946050644,0.5529755353927612,0.4167860746383667,-0.00427097687497735,0.5648398399353027,0.4075532853603363,-0.01703803613781929,0.5111685395240784,0.4309249520301819,0.020396675914525986,0.5175020098686218,0.38257622718811035,0.006404407322406769,0.5657084584236145,0.45675355195999146,-0.02545766718685627,0.5536337494850159,0.4297100305557251,-0.008254319429397583,0.5054744482040405,0.3944925367832184,0.05173886567354202,0.5576022267341614,0.41316846013069153,-0.005922340787947178,0.550360381603241,0.44478970766067505,-0.004564127419143915,0.5248944163322449,0.39531078934669495,0.006081725005060434,0.5553539991378784,0.4399819076061249,-0.019451329484581947,0.5100935101509094,0.4499932527542114,0.06223706156015396,0.55499267578125,0.4035215675830841,-0.0013521956279873848,0.5596141815185547,0.43655556440353394,-0.02533450908958912,0.5260921716690063,0.4899943768978119,0.03134585916996002,0.5274498462677002,0.4975886940956116,0.04286893457174301,0.5071872472763062,0.43131089210510254,0.0410928912460804,0.518541693687439,0.47946810722351074,0.037140388041734695,0.5095964670181274,0.3813077509403229,0.02468135952949524,0.5479491353034973,0.5167107582092285,0.016413293778896332,0.5663400888442993,0.4578636586666107,-0.017674429342150688,0.548229992389679,0.43441736698150635,-0.0053356415592134,0.5126993060112,0.39572304487228394,0.019122514873743057,0.5345061421394348,0.4058636724948883,-0.0006458145217038691,0.5397183299064636,0.4072502851486206,-0.0021317661739885807,0.5442510843276978,0.4802595376968384,0.007207677699625492,0.5120264887809753,0.44669222831726074,0.024525366723537445,0.5571720600128174,0.5265042185783386,0.018741684034466743,0.5428245067596436,0.515339732170105,0.029283538460731506,0.5361212491989136,0.5080434083938599,0.03526618331670761,0.5722153782844543,0.34937459230422974,-0.02220330759882927,0.5671136379241943,0.5283979177474976,0.016930371522903442,0.5450645089149475,0.40681254863739014,-0.0025810846127569675,0.5501359701156616,0.4053826630115509,-0.002045891946181655,0.5534079670906067,0.4044315814971924,-0.001173961441963911,0.5137879252433777,0.37907060980796814,0.011844049207866192,0.5494267344474792,0.3954288363456726,-0.003941620234400034,0.5440945029258728,0.3916005790233612,-0.0047769686207175255,0.5388429760932922,0.39036834239959717,-0.00432940199971199,0.5337257385253906,0.391190767288208,-0.002496160799637437,0.5305154323577881,0.3931754231452942,-0.00038977316580712795,0.5064043998718262,0.3761636018753052,0.039560139179229736,0.531151533126831,0.40329447388648987,0.0012716843048110604,0.5685335993766785,0.4643951952457428,-0.011346569284796715,0.5507807731628418,0.4635009467601776,-0.004535543266683817,0.5559986233711243,0.4514361321926117,-0.014930658973753452,0.5610471367835999,0.46380719542503357,-0.010466371662914753,0.5705152153968811,0.3938424587249756,-0.016967369243502617,0.5342037081718445,0.5002458691596985,0.02724018134176731,0.5411361455917358,0.5083490014076233,0.022304611280560493,0.5565415620803833,0.5227612257003784,0.011253364384174347,0.5204359889030457,0.48573780059814453,0.052099790424108505,0.5532957315444946,0.4003961384296417,-0.0024204212240874767,0.5608760118484497,0.42055144906044006,-0.017060736194252968,0.5670304894447327,0.5244756937026978,0.009737459011375904,0.5494894981384277,0.5218722820281982,0.02295307070016861,0.5092480778694153,0.4487881064414978,0.042720966041088104,0.5565665364265442,0.48139622807502747,-0.0004220169212203473,0.555416464805603,0.48420754075050354,-0.0008810203289613128,0.5544260144233704,0.48785296082496643,-0.0014031288446858525,0.5537360906600952,0.49220168590545654,-0.000111595873022452,0.552886962890625,0.49569404125213623,0.005077969282865524,0.546733021736145,0.47702866792678833,0.004684809595346451,0.5456310510635376,0.47591131925582886,0.00471466826274991,0.5447723269462585,0.4748515188694,0.004491802770644426,0.540371298789978,0.4691355228424072,0.004811083897948265,0.5183159112930298,0.45210570096969604,0.013270405121147633,0.5612104535102844,0.41178545355796814,-0.012840423732995987,0.5585795640945435,0.3955020308494568,-0.006079638376832008,0.555556058883667,0.3969622850418091,-0.0037372400984168053,0.547943651676178,0.4781629145145416,0.005262844264507294,0.5191842317581177,0.46956005692481995,0.024573754519224167,0.5634385347366333,0.3950769603252411,-0.013207625597715378,0.5503278970718384,0.5028392672538757,0.008739289827644825,0.5693223476409912,0.42472508549690247,-0.026925373822450638,0.5647317171096802,0.4171473979949951,-0.02161583863198757,0.5696641206741333,0.4159150719642639,-0.023169683292508125,0.5568743944168091,0.4326435327529907,-0.015497598797082901,0.5671533346176147,0.5182275772094727,0.005597373005002737,0.5673845410346985,0.5094597339630127,0.0041779763996601105,0.5584555268287659,0.5082826018333435,0.00553975161164999,0.5389311909675598,0.4861016273498535,0.013768602162599564,0.5452794432640076,0.45004719495773315,-0.0019242753041908145,0.5443389415740967,0.4953671991825104,0.01175033301115036,0.5306641459465027,0.44756293296813965,0.0007169440505094826,0.5391579866409302,0.45658260583877563,0.0008524348377250135,0.5259196758270264,0.4585145115852356,0.007169308606535196,0.5568781495094299,0.5167196989059448,0.007241536397486925,0.5537452697753906,0.4361341893672943,-0.01082422211766243,0.5350612998008728,0.49214500188827515,0.0197600107640028,0.54194575548172,0.5014281272888184,0.016787953674793243,0.5338495969772339,0.4762047231197357,0.012840162962675095,0.5140113234519958,0.4597931504249573,0.028408650308847427,0.526995062828064,0.47788432240486145,0.018317811191082,0.5126422047615051,0.46483302116394043,0.04280824214220047,0.5344071984291077,0.46407321095466614,0.005352094303816557,0.5574107766151428,0.42506566643714905,-0.012312539853155613,0.5567944645881653,0.44990870356559753,-0.021910956129431725,0.5537087917327881,0.45028236508369446,-0.015365161001682281,0.5591519474983215,0.44531288743019104,-0.02608482539653778,0.5536990165710449,0.38517874479293823,-0.008460051380097866,0.5438443422317505,0.37668418884277344,-0.009224149398505688,0.5351473093032837,0.37405306100845337,-0.00820461381226778,0.5281583666801453,0.375217080116272,-0.0051877619698643684,0.5235090851783752,0.379036545753479,-0.0012186228996142745,0.5214920043945312,0.3955169916152954,0.008808054029941559,0.50624018907547,0.4142381548881531,0.03745940700173378,0.5258736610412598,0.4096795618534088,0.005500245373696089,0.5316052436828613,0.41363662481307983,0.002301799599081278,0.5391672849655151,0.4154333770275116,-0.0001444662775611505,0.5466260313987732,0.41463202238082886,-0.0020384558010846376,0.5525006055831909,0.41235169768333435,-0.0025260616093873978,0.5564301013946533,0.40997084975242615,-0.0034956764429807663,0.5063470005989075,0.4122581481933594,0.058666013181209564,0.5537803769111633,0.45153555274009705,-0.012363364920020103,0.5605604648590088,0.42838969826698303,-0.02046707458794117,0.5603794455528259,0.4514172077178955,-0.02607712522149086,0.563103973865509,0.4549717307090759,-0.02332267165184021,0.5603929758071899,0.45231667160987854,-0.023267915472388268,0.5550179481506348,0.45340606570243835,-0.010098050348460674,0.5640591382980347,0.45601511001586914,-0.024696199223399162,0.5646981000900269,0.4571426808834076,-0.01782921515405178,0.5569488406181335,0.40382447838783264,-0.002114620292559266,0.5594497323036194,0.40545541048049927,-0.005137152969837189,0.5610637664794922,0.406965970993042,-0.008435220457613468,0.5287299752235413,0.39488399028778076,0.0018830196931958199,0.5245804190635681,0.38864651322364807,0.0022072489373385906,0.5739136338233948,0.4259481132030487,-0.025091880932450294,0.6112319231033325,0.40636491775512695,0.0007720869616605341,0.5736520886421204,0.45616573095321655,-0.01823975145816803,0.6358312964439392,0.36813658475875854,0.02240058407187462,0.5937570929527283,0.41371479630470276,-0.004269563127309084,0.6000726819038391,0.414930522441864,-0.003690095618367195,0.6060154438018799,0.41397997736930847,-0.002126246690750122,0.6134564280509949,0.4078596234321594,0.0022621226962655783,0.5884180665016174,0.4107954502105713,-0.00345899211242795,0.6040024757385254,0.385778546333313,-0.008339865133166313,0.5968912243843079,0.3868417739868164,-0.008368012495338917,0.6102782487869263,0.3875139653682709,-0.006090807728469372,0.6141095757484436,0.39135047793388367,-0.003577228868380189,0.6182510256767273,0.41152024269104004,0.00590124586597085,0.58671635389328,0.5120909810066223,0.01088511012494564,0.6132383942604065,0.4028301239013672,0.0025780254509299994,0.6359823942184448,0.40417078137397766,0.030024118721485138,0.6247305274009705,0.4031752943992615,0.010791320353746414,0.598181962966919,0.442587286233902,-0.004596747923642397,0.5775781869888306,0.4731862246990204,-0.0105556920170784,0.5766315460205078,0.4809088408946991,-0.0071138422936201096,0.5847052931785583,0.47449034452438354,-0.00705723324790597,0.5894663333892822,0.47553014755249023,-0.0023056543432176113,0.5825775265693665,0.4800306260585785,-0.0048495130613446236,0.5872015953063965,0.4791773855686188,-0.0005661381292156875,0.5944565534591675,0.4842545986175537,0.00875097792595625,0.5728810429573059,0.4534754455089569,-0.028750423341989517,0.5736739635467529,0.44549673795700073,-0.031357087194919586,0.623524010181427,0.37898778915405273,-0.002729998668655753,0.5865187644958496,0.4231705069541931,-0.00756702059879899,0.5857416987419128,0.4485691487789154,-0.015795905143022537,0.5861943960189819,0.443872332572937,-0.01465041097253561,0.6163883209228516,0.4409015476703644,0.0024817809462547302,0.5738235116004944,0.4349580705165863,-0.02931719645857811,0.610581636428833,0.37147456407546997,-0.012938558124005795,0.6184729337692261,0.37308600544929504,-0.00826101191341877,0.6309311389923096,0.3536303639411926,0.009443266317248344,0.5835310816764832,0.3831305205821991,-0.017051439732313156,0.5905200839042664,0.3910369575023651,-0.006476632319390774,0.5994631052017212,0.47655409574508667,0.008624332025647163,0.6241394877433777,0.4753550887107849,0.05701270326972008,0.5816648006439209,0.45314159989356995,-0.013208659365773201,0.5772894024848938,0.45551925897598267,-0.012660461477935314,0.5962091684341431,0.4766777753829956,0.00838898029178381,0.5947858095169067,0.4773120582103729,0.006933765951544046,0.621832549571991,0.3655502498149872,-0.006624575704336166,0.5860596299171448,0.4509539306163788,-0.012229278683662415,0.5993828177452087,0.3745490312576294,-0.016129568219184875,0.6004611253738403,0.3666682541370392,-0.018343787640333176,0.607690155506134,0.3339133858680725,-0.0145313935354352,0.6262974739074707,0.362266480922699,-0.00010258148540742695,0.6033599972724915,0.35024458169937134,-0.017041252925992012,0.6270819902420044,0.3733576238155365,0.0012459255522117019,0.6316146850585938,0.37412160634994507,0.010749497450888157,0.5772676467895508,0.4774036407470703,-0.00940852239727974,0.5837026834487915,0.47740763425827026,-0.0060880440287292,0.5884262919425964,0.47732555866241455,-0.0018356102518737316,0.5804731845855713,0.4542089104652405,-0.011482044123113155,0.5954797863960266,0.477000892162323,0.007650068029761314,0.5921348333358765,0.4805581867694855,0.004847582895308733,0.5939798951148987,0.4776632785797119,0.0068518053740262985,0.5789799094200134,0.45220667123794556,-0.02114907279610634,0.5861956477165222,0.48055288195610046,0.0005600661388598382,0.5815099477767944,0.48186421394348145,-0.002282061381265521,0.5759139657020569,0.4830269515514374,-0.004390598274767399,0.5753528475761414,0.5011138916015625,0.002939611440524459,0.5765875577926636,0.49681714177131653,-0.003077300265431404,0.5765604972839355,0.4918959140777588,-0.004308820236474276,0.5762775540351868,0.4870888590812683,-0.0035904862452298403,0.5758046507835388,0.48323047161102295,-0.0032546883448958397,0.586189866065979,0.4805453419685364,0.0015234475722536445,0.5872595310211182,0.4821337163448334,0.0010583504335954785,0.5883800387382507,0.4843938946723938,0.0006127095548436046,0.5891507267951965,0.4869767725467682,0.001957734813913703,0.5930643081665039,0.46788036823272705,-0.0015403464203700423,0.6333192586898804,0.4372590184211731,0.05909617617726326,0.5897541642189026,0.4792052209377289,0.0047624181024730206,0.5909712910652161,0.47978758811950684,0.004552714992314577,0.5755311846733093,0.458430677652359,-0.012244491837918758,0.5845005512237549,0.45470598340034485,-0.007301862817257643,0.5763440132141113,0.4570463299751282,-0.012631664983928204,0.5927188992500305,0.42747387290000916,-0.005072586238384247,0.6026334762573242,0.4324605464935303,-0.0028191469609737396,0.5872457027435303,0.4466431438922882,-0.01102716289460659,0.6221356987953186,0.3418971300125122,-0.0034018205478787422,0.6174516677856445,0.3538307249546051,-0.00923745147883892,0.6128825545310974,0.3631773293018341,-0.013340282253921032,0.589400053024292,0.4911058247089386,0.006579260341823101,0.5856369733810425,0.371494859457016,-0.020678222179412842,0.5887650847434998,0.3497222661972046,-0.021187499165534973,0.5918743014335632,0.3298313617706299,-0.02058510296046734,0.6107645034790039,0.41196367144584656,0.00022835975687485188,0.6241628527641296,0.41620030999183655,0.009613697417080402,0.5850522518157959,0.4083626866340637,-0.003019775031134486,0.6196025013923645,0.39363858103752136,0.0015686643309891224,0.582582414150238,0.41824665665626526,-0.0100483363494277,0.5824429392814636,0.4469207227230072,-0.021570181474089622,0.6300486922264099,0.4205950200557709,0.016791921108961105,0.6204777359962463,0.4231148362159729,0.005382460542023182,0.6133139133453369,0.4267544746398926,0.0005844352999702096,0.602063000202179,0.42604032158851624,-0.0016985459951683879,0.5935060977935791,0.4227910339832306,-0.003343684831634164,0.5872297883033752,0.4190061390399933,-0.005185317248106003,0.5752747654914856,0.40804317593574524,-0.017345871776342392,0.6287199258804321,0.4370642602443695,0.01757504977285862,0.6243526339530945,0.39045897126197815,0.00383179122582078,0.5711243748664856,0.456952840089798,-0.025593245401978493,0.5855371952056885,0.43116500973701477,-0.009082420729100704,0.6379151940345764,0.4015060365200043,0.04878482595086098,0.5825885534286499,0.4149554967880249,-0.006627687253057957,0.5880297422409058,0.4463830590248108,-0.005403305869549513,0.6157861948013306,0.40201660990715027,0.0038556142244488,0.5827980637550354,0.4411059021949768,-0.020096974447369576,0.6296721696853638,0.4562600255012512,0.05956663936376572,0.5849024057388306,0.405460000038147,-0.002290718024596572,0.5784263014793396,0.4373202323913574,-0.025832941755652428,0.6107096076011658,0.4940640926361084,0.02917231246829033,0.609134316444397,0.5013208389282227,0.04092806577682495,0.6330580711364746,0.43791452050209045,0.038028471171855927,0.618821918964386,0.4843805432319641,0.034601129591464996,0.634140133857727,0.38808268308639526,0.021732620894908905,0.5866930484771729,0.5185514092445374,0.015336227603256702,0.5706014633178711,0.45801153779029846,-0.01776447333395481,0.5907968282699585,0.4364037811756134,-0.006394180003553629,0.6294077634811401,0.40333351492881775,0.01634744182229042,0.6054267287254333,0.41075512766838074,-0.0024166516959667206,0.6000826358795166,0.4113774597644806,-0.0037259862292557955,0.5931146740913391,0.48155346512794495,0.005905202589929104,0.6269493699073792,0.4526643455028534,0.021748250350356102,0.5770862102508545,0.5273046493530273,0.018174491822719574,0.5924761891365051,0.5174248218536377,0.02789713442325592,0.5998390316963196,0.5108426809310913,0.03362182527780533,0.5947039127349854,0.41001662611961365,-0.003953608684241772,0.5895166993141174,0.40767884254455566,-0.0032099445816129446,0.5863287448883057,0.4063888490200043,-0.002205511787906289,0.6284928321838379,0.38679027557373047,0.009106154553592205,0.591248631477356,0.3980567455291748,-0.005193715915083885,0.59698885679245,0.39533960819244385,-0.00622651819139719,0.602491021156311,0.39529162645339966,-0.0060081821866333485,0.6074967980384827,0.397052139043808,-0.0044052330777049065,0.6104207038879395,0.3994724452495575,-0.0023967998567968607,0.637985348701477,0.3831961154937744,0.036603596061468124,0.6089181900024414,0.4088314175605774,-0.0006751894252374768,0.5869917869567871,0.46498480439186096,-0.005427124444395304,0.5816077589988708,0.45246732234954834,-0.015488961711525917,0.5763100385665894,0.464491605758667,-0.01085890457034111,0.6019514799118042,0.5035116076469421,0.02543436363339424,0.5943087935447693,0.5109018683433533,0.020860858261585236,0.5775488018989563,0.5237482786178589,0.010614671744406223,0.6169736385345459,0.4903508424758911,0.04977798834443092,0.5868982076644897,0.4024842381477356,-0.003497548634186387,0.5784701108932495,0.421365886926651,-0.017533496022224426,0.5851558446884155,0.5233071446418762,0.0219016931951046,0.6298849582672119,0.45506101846694946,0.03980189561843872,0.5814422965049744,0.48200052976608276,-0.0011809852439910173,0.5824063420295715,0.48485246300697327,-0.001638218411244452,0.5831475257873535,0.48851990699768066,-0.002202217932790518,0.5835288166999817,0.4928644001483917,-0.0009159221081063151,0.5831246376037598,0.49701976776123047,0.0041794246062636375,0.591128945350647,0.4781903624534607,0.003416355000808835,0.5922843217849731,0.47713547945022583,0.0033628311939537525,0.5932298302650452,0.47613877058029175,0.003097956534475088,0.597739040851593,0.4715534746646881,0.0032582185231149197,0.6201679110527039,0.4572935402393341,0.01079512294381857,0.5788378119468689,0.4126364588737488,-0.013382524251937866,0.5819548964500427,0.3978298306465149,-0.006716910749673843,0.5849168300628662,0.3990992605686188,-0.004624624270945787,0.5898170471191406,0.47926637530326843,0.0040990388952195644,0.618633508682251,0.47445785999298096,0.02212936244904995,0.5772396922111511,0.39751651883125305,-0.013555159792304039,0.5851708054542542,0.5044237375259399,0.0077765630558133125,0.5746064782142639,0.41759175062179565,-0.021884310990571976,0.5818250775337219,0.43377888202667236,-0.0161096453666687,0.5764448642730713,0.5091267824172974,0.005042683333158493,0.5981439352035522,0.48873794078826904,0.012127167545258999,0.5930345058441162,0.45213833451271057,-0.003076204564422369,0.5919686555862427,0.4974849224090576,0.01044362410902977,0.6078797578811646,0.4514283537864685,-0.0011051764013245702,0.5990617871284485,0.45940640568733215,-0.0006105378270149231,0.6122705340385437,0.46282899379730225,0.005079576279968023,0.577501118183136,0.5177266597747803,0.006601076107472181,0.5849628448486328,0.4374704360961914,-0.011589357629418373,0.6015875935554504,0.4952574670314789,0.017971614375710487,0.5939239859580994,0.5038464069366455,0.015413623303174973,0.6038377285003662,0.47935688495635986,0.010894807986915112,0.6243867874145508,0.4653913080692291,0.02576015144586563,0.6104136109352112,0.4818570613861084,0.01618228666484356,0.62559574842453,0.47054582834243774,0.03999030590057373,0.6038032174110413,0.4673314094543457,0.003526263637468219,0.5818442702293396,0.42620182037353516,-0.012957585044205189,0.5806787014007568,0.4508843421936035,-0.022474130615592003,0.5840051174163818,0.45151787996292114,-0.016047537326812744,0.578301727771759,0.4460909962654114,-0.02661091648042202,0.5872851014137268,0.38915547728538513,-0.009340111166238785,0.5977346897125244,0.38246390223503113,-0.010494762100279331,0.6065731644630432,0.3809445798397064,-0.009866035543382168,0.6134642362594604,0.38254278898239136,-0.007185144815593958,0.6179578900337219,0.3866084814071655,-0.003431585617363453,0.619644284248352,0.4024559557437897,0.006458665244281292,0.635201096534729,0.4210926592350006,0.03434726595878601,0.615077555179596,0.4160749614238739,0.00332641345448792,0.6091269850730896,0.41895443201065063,0.0003852315421681851,0.6011523008346558,0.4195471405982971,-0.0017258062725886703,0.5934559106826782,0.4175432324409485,-0.0032872960437089205,0.5874949097633362,0.4143708050251007,-0.0034601495135575533,0.5835589170455933,0.41154783964157104,-0.004247264005243778,0.6359229683876038,0.4191215932369232,0.05568285286426544,0.5839386582374573,0.45269775390625,-0.013036535121500492,0.5780995488166809,0.42917168140411377,-0.02095985598862171,0.576730489730835,0.4520796239376068,-0.026432285085320473,0.5739939212799072,0.4554183781147003,-0.02351485751569271,0.5768606066703796,0.45300549268722534,-0.023634355515241623,0.5826917886734009,0.45445460081100464,-0.010670753195881844,0.5728821158409119,0.4563539922237396,-0.024849433451890945,0.5723242163658142,0.45739004015922546,-0.01798650063574314,0.5830785036087036,0.4055611491203308,-0.0028783672023564577,0.5806429386138916,0.4069809913635254,-0.00571318669244647,0.5791615843772888,0.40863168239593506,-0.008956738747656345,0.6120354533195496,0.4012850522994995,-0.0002031931362580508,0.6162527799606323,0.39576900005340576,-1.0149448826268781e-05,0.5410594940185547,0.3994154632091522,-0.00109952874481678,0.5472328662872314,0.3998526930809021,-0.00109952874481678,0.5415169596672058,0.39141222834587097,-0.00109952874481678,0.5348060131072998,0.39893707633018494,-0.00109952874481678,0.5405933260917664,0.407364159822464,-0.00109952874481678,0.5992644429206848,0.4022250771522522,-0.0026911678723990917,0.6053493022918701,0.4024191200733185,-0.0026911678723990917,0.5992639660835266,0.39411696791648865,-0.0026911678723990917,0.593294620513916,0.40198656916618347,-0.0026911678723990917,0.5992969870567322,0.41026222705841064,-0.0026911678723990917
3700.0000000000055,0.5710338950157166,0.47535014152526855,-0.010831004939973354,0.5697425603866577,0.4540214538574219,-0.02906757965683937,0.5697908997535706,0.459613174200058,-0.013604403473436832,0.5660127401351929,0.425847589969635,-0.024806378409266472,0.5699439644813538,0.44584429264068604,-0.03185577690601349,0.5702885389328003,0.4344737231731415,-0.03085317835211754,0.571269154548645,0.40628311038017273,-0.019481943920254707,0.5298762321472168,0.40039658546447754,0.002541258232668042,0.5721509456634521,0.38246452808380127,-0.018164845183491707,0.5726083517074585,0.3705405592918396,-0.020991437137126923,0.5742532014846802,0.3284037113189697,-0.021529067307710648,0.5708981156349182,0.4785316288471222,-0.009707469493150711,0.5706930160522461,0.4817110300064087,-0.007681144867092371,0.5705278515815735,0.4837431311607361,-0.00482639204710722,0.5704528093338013,0.4838888943195343,-0.003992749378085136,0.5703877210617065,0.4880598485469818,-0.004302386660128832,0.5702279806137085,0.4928528070449829,-0.004987804684787989,0.5700069069862366,0.4976457357406616,-0.003674470353871584,0.568983256816864,0.5013298988342285,0.0023325940128415823,0.5697234272956848,0.45760080218315125,-0.02578294649720192,0.5647591352462769,0.45619404315948486,-0.018024632707238197,0.5101944804191589,0.3614311218261719,0.024857645854353905,0.5469384789466858,0.4108503460884094,-0.003083719639107585,0.5407013297080994,0.41101670265197754,-0.002318362705409527,0.5350044965744019,0.4091827869415283,-0.0005289844120852649,0.5278792977333069,0.40170347690582275,0.004148935433477163,0.5522564649581909,0.40899723768234253,-0.0025152908638119698,0.5386475324630737,0.380028635263443,-0.00683439290151,0.5457900762557983,0.38268333673477173,-0.007153314538300037,0.5319913029670715,0.3807339668273926,-0.00439249025657773,0.5277382135391235,0.3842238187789917,-0.0017469440354034305,0.5237040519714355,0.40507346391677856,0.007858715020120144,0.549456775188446,0.5108859539031982,0.011379596777260303,0.5281535983085632,0.39653635025024414,0.004412369802594185,0.5075792670249939,0.3975958526134491,0.032564129680395126,0.5177408456802368,0.39606189727783203,0.012938134372234344,0.5417625308036804,0.4401964545249939,-0.003359087510034442,0.563174307346344,0.4729004204273224,-0.010165774263441563,0.563319206237793,0.48058587312698364,-0.006684490945190191,0.5554600358009338,0.47381243109703064,-0.006302077788859606,0.5500636100769043,0.4746330976486206,-0.0013171047903597355,0.5570474863052368,0.4793804883956909,-0.004083333071321249,0.5520785450935364,0.4783472418785095,0.0003487881913315505,0.5442646145820618,0.48251667618751526,0.009893260896205902,0.5652970671653748,0.4534738063812256,-0.028572656214237213,0.564869225025177,0.44545233249664307,-0.03113379515707493,0.5193453431129456,0.37062644958496094,-0.0006407027249224484,0.5543096661567688,0.4219170808792114,-0.006757855415344238,0.5532630085945129,0.447547972202301,-0.01508422289043665,0.5531162619590759,0.4428119659423828,-0.013890190981328487,0.5238904356956482,0.4365587532520294,0.004439775366336107,0.565416693687439,0.4349198043346405,-0.02903462015092373,0.5322157740592957,0.36329537630081177,-0.011494058184325695,0.5243637561798096,0.3646946847438812,-0.006415023934096098,0.5159740447998047,0.3473972678184509,0.01169766578823328,0.558620810508728,0.3778593838214874,-0.01655946858227253,0.5517131090164185,0.38841140270233154,-0.005474690813571215,0.5397634506225586,0.47450944781303406,0.01001678965985775,0.5149694681167603,0.4704922139644623,0.05907389894127846,0.5570846199989319,0.4524790346622467,-0.01260874792933464,0.5613690614700317,0.45527201890945435,-0.012344956398010254,0.5425809025764465,0.47556671500205994,0.00964600220322609,0.5440212488174438,0.476261705160141,0.008050586096942425,0.5211852788925171,0.3572123944759369,-0.004659251309931278,0.5529069304466248,0.44994038343429565,-0.011529378592967987,0.5432214140892029,0.36716538667678833,-0.015101386234164238,0.5423543453216553,0.3593277931213379,-0.017320124432444572,0.5399574637413025,0.3302547335624695,-0.013145282864570618,0.5197959542274475,0.3564261496067047,0.001974256709218025,0.5427983999252319,0.34699535369873047,-0.015912925824522972,0.5160651206970215,0.3652647137641907,0.003456283360719681,0.5138626098632812,0.36769384145736694,0.013103206641972065,0.5630991458892822,0.4770619571208954,-0.008978750556707382,0.5562217831611633,0.4767080247402191,-0.0053144884295761585,0.5510011911392212,0.47647523880004883,-0.0008577354601584375,0.5582226514816284,0.45367592573165894,-0.011045480147004128,0.5433110594749451,0.47591519355773926,0.008826480247080326,0.5464980602264404,0.4796297550201416,0.005777118727564812,0.5448182225227356,0.4766445755958557,0.007919353432953358,0.5596225261688232,0.45173391699790955,-0.020662479102611542,0.5528985857963562,0.4797669053077698,0.001439009211026132,0.557844340801239,0.48125213384628296,-0.0015795029466971755,0.5637526512145996,0.48272421956062317,-0.003956256899982691,0.5614537596702576,0.5003948211669922,0.0029236888512969017,0.5619634389877319,0.4963260889053345,-0.0029951122123748064,0.5623756051063538,0.4914618134498596,-0.004134779330343008,0.563008725643158,0.4867013096809387,-0.003389054676517844,0.5636899471282959,0.48293155431747437,-0.0030513345263898373,0.5527292490005493,0.47986578941345215,0.0022132147569209337,0.5515652894973755,0.4813917577266693,0.0017105649458244443,0.5502498149871826,0.48360422253608704,0.0012510939268395305,0.5492313504219055,0.4861431121826172,0.002609472954645753,0.5459409356117249,0.4662226438522339,-0.0004844453651458025,0.5082141757011414,0.43111565709114075,0.06144406273961067,0.5697470307350159,0.45871230959892273,-0.01802399568259716,0.5490132570266724,0.478376567363739,0.005665798671543598,0.547760009765625,0.47890058159828186,0.005453889258205891,0.5630303025245667,0.45828038454055786,-0.011961123906075954,0.5544216632843018,0.4538591802120209,-0.006734974682331085,0.5622578859329224,0.45682966709136963,-0.01233589742332697,0.547962486743927,0.4255788326263428,-0.0040110028348863125,0.5379703640937805,0.4295206069946289,-0.0013595175696536899,0.5520378947257996,0.4454773962497711,-0.010256663896143436,0.5253543257713318,0.3366311192512512,-0.001507936860434711,0.5289183855056763,0.3489364981651306,-0.0075606005266308784,0.5301067233085632,0.35527998208999634,-0.01179575826972723,0.5485872030258179,0.48953020572662354,0.007379729300737381,0.5570082068443298,0.3656224012374878,-0.0201718769967556,0.5571035742759705,0.34812307357788086,-0.020626965910196304,0.5557156205177307,0.327919602394104,-0.019852621480822563,0.5303584933280945,0.4062124788761139,0.002020227024331689,0.5178903937339783,0.40916797518730164,0.01176860649138689,0.5557200312614441,0.407021701335907,-0.0021754989866167307,0.5224143266677856,0.38632380962371826,0.0035749562084674835,0.5584645867347717,0.4173802435398102,-0.009388614445924759,0.5564541816711426,0.44614747166633606,-0.02099641039967537,0.5119143724441528,0.41471052169799805,0.019178804010152817,0.5213151574134827,0.41632282733917236,0.0074058291502296925,0.5282745957374573,0.42093485593795776,0.0023903129622340202,0.5392025709152222,0.42182937264442444,-0.0002782214432954788,0.5475450158119202,0.4199802279472351,-0.002244307193905115,0.5538896918296814,0.4171264171600342,-0.004353418480604887,0.5660298466682434,0.40786534547805786,-0.017039600759744644,0.5120551586151123,0.4313703775405884,0.019992172718048096,0.5182605981826782,0.3827264904975891,0.006003482732921839,0.5670204162597656,0.45714038610458374,-0.025434084236621857,0.5547186732292175,0.4300479292869568,-0.00831887498497963,0.506111204624176,0.39483797550201416,0.05126525089144707,0.5585897564888,0.41348421573638916,-0.00597117654979229,0.5513972640037537,0.445138543844223,-0.004648070782423019,0.5256938338279724,0.3953167498111725,0.0057593341916799545,0.5564968585968018,0.44031861424446106,-0.019513271749019623,0.51068115234375,0.4506005346775055,0.061766497790813446,0.5559828281402588,0.40392836928367615,-0.0014434632612392306,0.5608500242233276,0.436897337436676,-0.025366824120283127,0.5268838405609131,0.49067527055740356,0.030871883034706116,0.5282034873962402,0.4983718991279602,0.04238658770918846,0.5079545378684998,0.43179580569267273,0.04063083603978157,0.5192530751228333,0.4800996780395508,0.0366814024746418,0.5104176998138428,0.38155704736709595,0.024214372038841248,0.5490773320198059,0.5174594521522522,0.01586858741939068,0.567619800567627,0.4582642912864685,-0.017642125487327576,0.549296498298645,0.4347839653491974,-0.005436208099126816,0.5135365724563599,0.39626455307006836,0.018703985959291458,0.5352970361709595,0.4057789146900177,-0.0008819298236630857,0.5405527949333191,0.407235324382782,-0.0023311441764235497,0.5454270839691162,0.4805699586868286,0.006919462233781815,0.5128607749938965,0.4471973180770874,0.02413128688931465,0.5584248900413513,0.5272710919380188,0.018203452229499817,0.5438399910926819,0.5162057876586914,0.02873595803976059,0.5370117425918579,0.5089012980461121,0.03475019335746765,0.5734028220176697,0.349575936794281,-0.022177161648869514,0.5684337615966797,0.5291048884391785,0.01646481081843376,0.5459468960762024,0.40694549679756165,-0.002740426454693079,0.5510677099227905,0.4056713581085205,-0.0021693010348826647,0.5543659329414368,0.40480461716651917,-0.0012782971607521176,0.51460200548172,0.3794345557689667,0.011410938575863838,0.5503718256950378,0.39594340324401855,-0.004076342098414898,0.544996976852417,0.3920712471008301,-0.004949792288243771,0.5397422313690186,0.3907250761985779,-0.004546410869807005,0.5346012711524963,0.39140671491622925,-0.0027541154995560646,0.5313596725463867,0.3932853937149048,-0.0006652151932939887,0.5071151256561279,0.3763948976993561,0.039091140031814575,0.5319304466247559,0.40320995450019836,0.0010093506425619125,0.5697901844978333,0.46484315395355225,-0.011327777989208698,0.5519229173660278,0.4639248847961426,-0.004662349354475737,0.5571088194847107,0.45177268981933594,-0.014978536404669285,0.5622798800468445,0.4642452299594879,-0.010525348596274853,0.5716974139213562,0.39419519901275635,-0.016930291429162025,0.5350967049598694,0.5009878277778625,0.026736915111541748,0.5421324968338013,0.5091264247894287,0.021774081513285637,0.5577844977378845,0.5234296321868896,0.010734206065535545,0.5210866928100586,0.4864424169063568,0.05163145065307617,0.554269552230835,0.4008399546146393,-0.002530498430132866,0.5620600581169128,0.4208723306655884,-0.01707938127219677,0.5683562755584717,0.5250920057296753,0.00929614994674921,0.5506389141082764,0.522700309753418,0.022387288510799408,0.5099881887435913,0.449334979057312,0.042269617319107056,0.5577517747879028,0.4814758896827698,-0.0007033884758129716,0.5566221475601196,0.48427534103393555,-0.0011914049973711371,0.5556416511535645,0.4879046082496643,-0.0017505628056824207,0.5549622178077698,0.4922230839729309,-0.0004892743309028447,0.5541782379150391,0.49582114815711975,0.004650705028325319,0.547880232334137,0.4772597551345825,0.004519928712397814,0.546754777431488,0.4761611223220825,0.0045277574099600315,0.5458651781082153,0.47511038184165955,0.004289688542485237,0.5414092540740967,0.46955302357673645,0.004565705545246601,0.519212007522583,0.4525936543941498,0.012932226993143559,0.5623626112937927,0.4121023416519165,-0.012864219024777412,0.5596339702606201,0.39591294527053833,-0.0061193183064460754,0.5565739870071411,0.3974161744117737,-0.003819442354142666,0.5491154789924622,0.4783647954463959,0.005114355124533176,0.519977331161499,0.4701186716556549,0.024166874587535858,0.5645315647125244,0.39542174339294434,-0.013220777735114098,0.5515310764312744,0.5032529234886169,0.00825351569801569,0.5706146955490112,0.42504236102104187,-0.026876436546444893,0.5659615993499756,0.417459100484848,-0.021609198302030563,0.5709212422370911,0.4162197709083557,-0.02312161959707737,0.558021068572998,0.432980477809906,-0.015536874532699585,0.5684872269630432,0.518714427947998,0.0051267994567751884,0.568713903427124,0.5097163319587708,0.003709563985466957,0.5597361326217651,0.5085952877998352,0.005025932099670172,0.5399613976478577,0.48659995198249817,0.013367021456360817,0.5463217496871948,0.4504404067993164,-0.0020673521794378757,0.5454652309417725,0.49585551023483276,0.011301999911665916,0.5316900610923767,0.44798997044563293,0.0004702965961769223,0.5401958227157593,0.457010418176651,0.0006487321807071567,0.5268431305885315,0.4589938521385193,0.006862201262265444,0.5581337809562683,0.5172562003135681,0.006704815663397312,0.5548222661018372,0.4364704489707947,-0.010890161618590355,0.5360180735588074,0.4927675724029541,0.019300438463687897,0.5430027842521667,0.5020804405212402,0.016288921236991882,0.5348125100135803,0.47670692205429077,0.012472142465412617,0.5147956013679504,0.4603440761566162,0.028003307059407234,0.5278760194778442,0.47843945026397705,0.017911314964294434,0.513343870639801,0.4654262065887451,0.04235243797302246,0.5353783369064331,0.46453410387039185,0.005080000497400761,0.5585411787033081,0.4253941774368286,-0.012354444712400436,0.5579784512519836,0.45024725794792175,-0.0219675675034523,0.5548012852668762,0.45062270760536194,-0.015434525907039642,0.5604087114334106,0.4456622004508972,-0.026124563068151474,0.5547053813934326,0.3855523467063904,-0.008554687723517418,0.5447646379470825,0.376865416765213,-0.009404045529663563,0.5359810590744019,0.37407225370407104,-0.008456929586827755,0.5289240479469299,0.3751443922519684,-0.0055016339756548405,0.5242514610290527,0.3789621591567993,-0.0015711892629042268,0.5222686529159546,0.39565497636795044,0.008465106599032879,0.5070131421089172,0.41465312242507935,0.03698384016752243,0.5265893936157227,0.4098430275917053,0.005209424067288637,0.5323397517204285,0.41381558775901794,0.0020560144912451506,0.5399556159973145,0.4156341850757599,-0.00033501541474834085,0.5474966168403625,0.41491925716400146,-0.002169362036511302,0.5534483790397644,0.4127359986305237,-0.0026099674869328737,0.5574273467063904,0.41037604212760925,-0.003548909444361925,0.5069337487220764,0.412693589925766,0.05818602815270424,0.5548540353775024,0.4518885314464569,-0.012429807335138321,0.5617784261703491,0.4287221431732178,-0.020488519221544266,0.5616496205329895,0.4517718255519867,-0.026095634326338768,0.5643748641014099,0.4553579092025757,-0.02331393025815487,0.5616340041160583,0.4526765048503876,-0.02328859642148018,0.5561015009880066,0.45378121733665466,-0.010150730609893799,0.5653520822525024,0.4564012289047241,-0.024680299684405327,0.5659606456756592,0.4575366973876953,-0.01780763454735279,0.5579560995101929,0.40423092246055603,-0.0021774237975478172,0.56048983335495,0.40585288405418396,-0.005164486821740866,0.5621048808097839,0.4072759747505188,-0.008454535156488419,0.5295522212982178,0.3949349522590637,0.0015948408981785178,0.5253720879554749,0.3886249363422394,0.001886753598228097,0.5752028226852417,0.42626887559890747,-0.024985790252685547,0.6122137308120728,0.4065222144126892,0.0012271956074982882,0.5749473571777344,0.45654523372650146,-0.018147600814700127,0.6365653276443481,0.3684002161026001,0.023044127970933914,0.5949070453643799,0.41391608119010925,-0.003948108293116093,0.6011713743209839,0.4151651859283447,-0.0033207477536052465,0.6070560812950134,0.4142080247402191,-0.0017089874017983675,0.6143847107887268,0.4080055356025696,0.0027445745654404163,0.5896084904670715,0.4109213352203369,-0.003194112330675125,0.6050065755844116,0.3857668936252594,-0.007972966879606247,0.5979374051094055,0.3868262469768524,-0.008065877482295036,0.6112399697303772,0.3875308036804199,-0.005673501640558243,0.6150401830673218,0.39139634370803833,-0.003128096228465438,0.619121253490448,0.4117085635662079,0.006425092928111553,0.5880280137062073,0.5126407146453857,0.010699179023504257,0.6141809225082397,0.4029131829738617,0.0030493265949189663,0.6365678310394287,0.40450793504714966,0.03071777895092964,0.6254845261573792,0.4032936990261078,0.011370181106030941,0.599309504032135,0.44295600056648254,-0.004295404069125652,0.5788767337799072,0.4734545946121216,-0.010466668754816055,0.577983021736145,0.4810388386249542,-0.0070072319358587265,0.5861749053001404,0.4747345447540283,-0.006899494212120771,0.5910632014274597,0.47577038407325745,-0.0021185034420341253,0.5840433835983276,0.4801720082759857,-0.004691673442721367,0.5887749195098877,0.47933587431907654,-0.00038860930362716317,0.5957240462303162,0.4845620095729828,0.008845760487020016,0.5742438435554504,0.4538312554359436,-0.028667520731687546,0.5750430822372437,0.44584235548973083,-0.031268246471881866,0.6242707371711731,0.37905341386795044,-0.0022234702482819557,0.5876482129096985,0.4234965443611145,-0.007328953593969345,0.5870733261108398,0.44889503717422485,-0.015584993176162243,0.5874956250190735,0.4441906213760376,-0.014430590905249119,0.6173936128616333,0.44126418232917786,0.002982489764690399,0.5751574635505676,0.4352904260158539,-0.029216552153229713,0.611484706401825,0.37151533365249634,-0.012599394656717777,0.6192820072174072,0.37313270568847656,-0.007835568860173225,0.6317739486694336,0.35385045409202576,0.010024755261838436,0.5846849083900452,0.3831076920032501,-0.0169272031635046,0.5916075706481934,0.3910459578037262,-0.006213233340531588,0.6007537841796875,0.47694021463394165,0.008836571127176285,0.6247776746749878,0.4759521782398224,0.057557281106710434,0.5829979181289673,0.45348384976387024,-0.013034972362220287,0.5785976648330688,0.4558999836444855,-0.012555183842778206,0.5979098081588745,0.4769487679004669,0.008590121753513813,0.5964701175689697,0.47754523158073425,0.007102837786078453,0.6225475072860718,0.3656442165374756,-0.006168046034872532,0.5873753428459167,0.45129621028900146,-0.012024074792861938,0.6004189252853394,0.37455683946609497,-0.015893520787358284,0.6014594435691833,0.36674708127975464,-0.018101103603839874,0.6087367534637451,0.3340637683868408,-0.01417012419551611,0.6272161602973938,0.3625359535217285,0.0004132844915147871,0.6044542193412781,0.3504942059516907,-0.016745172441005707,0.6277538537979126,0.3734586536884308,0.0017879307270050049,0.6324208974838257,0.3744158446788788,0.011348373256623745,0.5785951614379883,0.477590948343277,-0.009305400773882866,0.5851752161979675,0.4776005744934082,-0.005929696839302778,0.5900142192840576,0.4775278568267822,-0.0016531888395547867,0.5817955732345581,0.45457109808921814,-0.011338341981172562,0.5971736907958984,0.47725141048431396,0.007832467555999756,0.5937942266464233,0.4807526767253876,0.004911318887025118,0.5956687927246094,0.47787588834762573,0.007008668500930071,0.580316424369812,0.45253312587738037,-0.02098793350160122,0.5877417325973511,0.4806804358959198,0.0007375464192591608,0.5829588770866394,0.48197752237319946,-0.0021222326904535294,0.5772595405578613,0.48314133286476135,-0.004274922423064709,0.5766345262527466,0.5011218190193176,0.0025844669435173273,0.5779521465301514,0.4967220723628998,-0.0033561938907951117,0.5779085159301758,0.4918519854545593,-0.004528245888650417,0.5776166319847107,0.487088680267334,-0.0037651334423571825,0.5771448612213135,0.48328930139541626,-0.003410621779039502,0.58774334192276,0.48065346479415894,0.0015002769650891423,0.5888156890869141,0.4822622835636139,0.0010141039965674281,0.5899525880813599,0.48453110456466675,0.0005505149601958692,0.5907401442527771,0.4871169924736023,0.001900547300465405,0.5943225622177124,0.46828633546829224,-0.0013196932850405574,0.6337804794311523,0.43774136900901794,0.059740275144577026,0.5913829803466797,0.4793539047241211,0.0048263417556881905,0.5926085710525513,0.4799617826938629,0.004609972704201937,0.5768221020698547,0.45884448289871216,-0.012160859070718288,0.5857852101325989,0.45508119463920593,-0.007142617832869291,0.5776421427726746,0.4574440121650696,-0.012534099631011486,0.5938221216201782,0.4278120696544647,-0.004778600763529539,0.6036987900733948,0.43281370401382446,-0.0024516137782484293,0.588528573513031,0.44696953892707825,-0.010805604979395866,0.6230743527412415,0.3420836925506592,-0.002918119076639414,0.6184554100036621,0.354094922542572,-0.008818778209388256,0.6137290000915527,0.3632858097553253,-0.012974105775356293,0.5906497240066528,0.4913082718849182,0.006538372486829758,0.5867411494255066,0.37154117226600647,-0.020553721114993095,0.5899179577827454,0.34994202852249146,-0.02102324366569519,0.5929993391036987,0.3299417197704315,-0.020364737138152122,0.6117433309555054,0.4121657609939575,0.0006875237450003624,0.6249375343322754,0.41641366481781006,0.010198650881648064,0.5862587094306946,0.40843015909194946,-0.0027761931996792555,0.6204281449317932,0.3937143385410309,0.0020775673910975456,0.5837246179580688,0.4185671806335449,-0.009846105240285397,0.5837767720222473,0.4472481608390808,-0.021387798711657524,0.6307690739631653,0.42093637585639954,0.01744680665433407,0.6213464736938477,0.42340022325515747,0.005937595386058092,0.6142739057540894,0.42706742882728577,0.0010661148699000478,0.6031257510185242,0.42628857493400574,-0.0013240851694718003,0.5946438312530518,0.42297327518463135,-0.003041560063138604,0.5884131789207458,0.41914212703704834,-0.004941445775330067,0.5764773488044739,0.40835434198379517,-0.01724409870803356,0.6294911503791809,0.43743687868118286,0.018226753920316696,0.6251029968261719,0.3905419707298279,0.004388502333313227,0.5724486708641052,0.4573312997817993,-0.02551557868719101,0.586721658706665,0.4314945936203003,-0.008846470154821873,0.6384230256080627,0.4018777310848236,0.049463916569948196,0.583797812461853,0.4150695204734802,-0.006423143669962883,0.589275598526001,0.44671571254730225,-0.00518399104475975,0.6166797280311584,0.402107298374176,0.0043489024974405766,0.5841055512428284,0.4414314329624176,-0.019908495247364044,0.6301677227020264,0.4568004906177521,0.06017475575208664,0.5860744714736938,0.40548381209373474,-0.0020430544391274452,0.5797440409660339,0.43765324354171753,-0.02568631060421467,0.6118261218070984,0.4946877658367157,0.029490942135453224,0.6101637482643127,0.5020507574081421,0.041216056793928146,0.6336157321929932,0.4383399784564972,0.03873303532600403,0.6197854280471802,0.48496171832084656,0.0350787416100502,0.6348353624343872,0.38838616013526917,0.02238677814602852,0.5880048274993896,0.5192299485206604,0.015170992352068424,0.5719010233879089,0.45841091871261597,-0.017698239535093307,0.5919543504714966,0.4367508590221405,-0.006128982175141573,0.6300889253616333,0.4034745693206787,0.016982177272439003,0.6064848899841309,0.41100600361824036,-0.0020072413608431816,0.6011906266212463,0.4116384983062744,-0.003357928479090333,0.5947904586791992,0.48176178336143494,0.005994379986077547,0.6277710199356079,0.4530983567237854,0.022367417812347412,0.5784029960632324,0.5280150175094604,0.01783127337694168,0.5937014818191528,0.5182142853736877,0.0278540700674057,0.6009966731071472,0.5116302371025085,0.03373730927705765,0.5958463549613953,0.41024425625801086,-0.0036309880670160055,0.5906923413276672,0.4078279733657837,-0.0029232525266706944,0.5875057578086853,0.40646395087242126,-0.0019423729972913861,0.629172146320343,0.38689789175987244,0.009699719026684761,0.5923364758491516,0.3980318605899811,-0.004901134874671698,0.5980314612388611,0.3952990472316742,-0.005902807228267193,0.603513777256012,0.3952596187591553,-0.005643779877573252,0.6085015535354614,0.3970499038696289,-0.0039985645562410355,0.611401379108429,0.39950641989707947,-0.001963926013559103,0.6386099457740784,0.3835022449493408,0.03727438673377037,0.6099398136138916,0.40903982520103455,-0.0002359138015890494,0.5882397890090942,0.4653928577899933,-0.005250881426036358,0.5829485654830933,0.45279890298843384,-0.015321760438382626,0.57757568359375,0.4649241864681244,-0.010788269340991974,0.6031518578529358,0.5041759014129639,0.025573624297976494,0.5955787301063538,0.5116084814071655,0.020841730758547783,0.5788779854774475,0.5243666172027588,0.010296705178916454,0.6178199648857117,0.4910074770450592,0.05022933706641197,0.5880378484725952,0.4024899899959564,-0.003230572445318103,0.5796915888786316,0.42168089747428894,-0.01738150231540203,0.5864343643188477,0.5240607261657715,0.02170392870903015,0.6304934024810791,0.4555386006832123,0.04047058895230293,0.5828883647918701,0.48207592964172363,-0.0012685663532465696,0.5838510394096375,0.48491230607032776,-0.0017499385867267847,0.5846025943756104,0.4885678291320801,-0.002343138214200735,0.5850003957748413,0.49288681149482727,-0.001079910434782505,0.5843775272369385,0.4971067011356354,0.003991519100964069,0.5927991271018982,0.47837769985198975,0.0036040402483195066,0.5939660668373108,0.47735846042633057,0.0035640245769172907,0.5949227213859558,0.4763854742050171,0.0033111954107880592,0.5990287661552429,0.47195106744766235,0.0035044201649725437,0.6211708188056946,0.4577232599258423,0.01130017638206482,0.5800075531005859,0.4129519462585449,-0.01322655938565731,0.5831333994865417,0.3978782892227173,-0.00652950769290328,0.5860751867294312,0.39912503957748413,-0.0043908655643463135,0.5914607644081116,0.4794171154499054,0.004284163936972618,0.6196845173835754,0.4749624729156494,0.022583380341529846,0.5784412622451782,0.39757153391838074,-0.013438877649605274,0.5864535570144653,0.5047893524169922,0.007570453453809023,0.5758547186851501,0.41790032386779785,-0.02178819105029106,0.5830721259117126,0.4341074824333191,-0.015921641141176224,0.5777589678764343,0.5094079971313477,0.004663120489567518,0.5993838906288147,0.4891742765903473,0.012231266126036644,0.5942484140396118,0.4525068402290344,-0.002835167571902275,0.593214750289917,0.49791163206100464,0.010387083515524864,0.6090096235275269,0.4518110454082489,-0.0007563938852399588,0.6002756953239441,0.4597979187965393,-0.0003376835666131228,0.6134309768676758,0.4632599353790283,0.005452876910567284,0.5788357257843018,0.5182191133499146,0.0062495749443769455,0.5862043499946594,0.437796950340271,-0.011374133639037609,0.6028164625167847,0.49580103158950806,0.018103910610079765,0.5951966047286987,0.5044288039207458,0.015370641835033894,0.6050831079483032,0.4798070192337036,0.01113626454025507,0.6252751350402832,0.46587929129600525,0.026323048397898674,0.6115919351577759,0.48235219717025757,0.016492579132318497,0.6263410449028015,0.4710748791694641,0.0406017079949379,0.6050587892532349,0.46775275468826294,0.0038184626027941704,0.5830453038215637,0.4265245199203491,-0.012758299708366394,0.5820224285125732,0.4512064456939697,-0.02230456843972206,0.5853475332260132,0.45184892416000366,-0.015861690044403076,0.5796537399291992,0.44642582535743713,-0.026466818526387215,0.588413417339325,0.3891548812389374,-0.009121443144977093,0.5987921953201294,0.3824652433395386,-0.010219489224255085,0.6075555682182312,0.38097527623176575,-0.00952592771500349,0.6143709421157837,0.382594496011734,-0.006774805020540953,0.6188108921051025,0.3866710364818573,-0.0029694722034037113,0.6204777956008911,0.4025542736053467,0.0069869509898126125,0.6357544660568237,0.42147520184516907,0.035064466297626495,0.6160199642181396,0.4162929356098175,0.0038262505549937487,0.6101405620574951,0.419203519821167,0.0008229388040490448,0.6022393703460693,0.4197768270969391,-0.001357580884359777,0.5946048498153687,0.417721688747406,-0.002977439435198903,0.5886887311935425,0.4144863188266754,-0.0032100884709507227,0.584773600101471,0.4116339087486267,-0.004030081909149885,0.636381983757019,0.4195479452610016,0.05635356158018112,0.5852694511413574,0.4530417323112488,-0.012855194509029388,0.5793671011924744,0.4294973313808441,-0.020804772153496742,0.5780787467956543,0.4524133801460266,-0.026308629661798477,0.5752981901168823,0.45578375458717346,-0.023421920835971832,0.578187882900238,0.4533424377441406,-0.023506401106715202,0.5840009450912476,0.45482346415519714,-0.010515487752854824,0.5742006897926331,0.4567248821258545,-0.024765510112047195,0.5736204981803894,0.4577784836292267,-0.017907675355672836,0.5842792391777039,0.40559351444244385,-0.0026575755327939987,0.5818548798561096,0.40705153346061707,-0.005528193432837725,0.580376923084259,0.40872862935066223,-0.008796794340014458,0.612995445728302,0.4013431966304779,0.00025020097382366657,0.6171483397483826,0.3958316445350647,0.0004650169867090881,0.5419531464576721,0.39976316690444946,-0.0013005697401240468,0.5480466485023499,0.40026354789733887,-0.0013005697401240468,0.5423890352249146,0.3919970691204071,-0.0013005697401240468,0.535762369632721,0.39921143651008606,-0.0013005697401240468,0.541496217250824,0.407444030046463,-0.0013005697401240468,0.6002670526504517,0.4024270474910736,-0.0023284258786588907,0.6062630414962769,0.4025828540325165,-0.0023284258786588907,0.6002248525619507,0.3943437933921814,-0.0023284258786588907,0.5943658351898193,0.4022321105003357,-0.0023284258786588907,0.6003319621086121,0.410461962223053,-0.0023284258786588907
3733.333333333339,0.5711435675621033,0.4756477475166321,-0.011022481136023998,0.5704934597015381,0.4539971947669983,-0.029170159250497818,0.5705118775367737,0.45964840054512024,-0.01372684445232153,0.5668654441833496,0.4258165955543518,-0.024784047156572342,0.5707237124443054,0.4457884728908539,-0.031932707875967026,0.5711113810539246,0.43441516160964966,-0.03088480792939663,0.5721900463104248,0.4062482416629791,-0.01936335302889347,0.5307373404502869,0.4008576273918152,0.002737216418609023,0.5731396675109863,0.38215455412864685,-0.017954085022211075,0.5736127495765686,0.37015974521636963,-0.020729519426822662,0.5752897262573242,0.32835155725479126,-0.021121667698025703,0.5710289478302002,0.4787900745868683,-0.009921377524733543,0.5708759427070618,0.4818950295448303,-0.007908579893410206,0.5707806348800659,0.4838823080062866,-0.005078767891973257,0.5707358121871948,0.484014630317688,-0.0040647536516189575,0.5706887245178223,0.4881792664527893,-0.004394853953272104,0.570560872554779,0.49297431111335754,-0.005072646774351597,0.5703967809677124,0.49778392910957336,-0.0037312256172299385,0.5693690180778503,0.5019235610961914,0.0022957404144108295,0.570462167263031,0.4576074182987213,-0.025896748527884483,0.5655251145362854,0.4562125504016876,-0.01812700927257538,0.5108953714370728,0.36171820759773254,0.025359366089105606,0.5476204752922058,0.4109887182712555,-0.002960947575047612,0.5414620041847229,0.41131752729415894,-0.0021792182233184576,0.5358287692070007,0.4095529019832611,-0.0003673064347822219,0.5286760330200195,0.40209710597991943,0.004347645677626133,0.5529024600982666,0.408922404050827,-0.0023870591539889574,0.5395901203155518,0.3802918493747711,-0.00663113035261631,0.5466101169586182,0.3827570676803589,-0.006960800848901272,0.5329955220222473,0.3811073899269104,-0.004169599153101444,0.5287196040153503,0.38463228940963745,-0.0015169918769970536,0.5244876146316528,0.405458927154541,0.008053691126406193,0.549881637096405,0.5112860798835754,0.011270442977547646,0.5289800763130188,0.3969632387161255,0.004632442723959684,0.5082777738571167,0.39787596464157104,0.03288570046424866,0.5185198783874512,0.396363765001297,0.013197728432714939,0.5424986481666565,0.44030842185020447,-0.003372898092493415,0.5633072257041931,0.47328177094459534,-0.010329073294997215,0.563525915145874,0.4808310270309448,-0.0068986015394330025,0.5556858777999878,0.47423696517944336,-0.006447077728807926,0.5503351092338562,0.47507959604263306,-0.0014371047727763653,0.5573106408119202,0.47970154881477356,-0.004271557554602623,0.5523731112480164,0.47871914505958557,0.00018858144176192582,0.5447375178337097,0.48280802369117737,0.009810085408389568,0.5660510063171387,0.45344939827919006,-0.028663799166679382,0.565657377243042,0.44540005922317505,-0.031198658049106598,0.52049320936203,0.3710947036743164,-0.00030641997000202537,0.5551559329032898,0.42203113436698914,-0.00669604679569602,0.5541155338287354,0.44760259985923767,-0.015134315937757492,0.5539785623550415,0.4428757131099701,-0.013926500454545021,0.5245693922042847,0.4367086589336395,0.004473294131457806,0.5662463903427124,0.4348721206188202,-0.029056241735816002,0.5334467887878418,0.36361080408096313,-0.011189783923327923,0.5256147384643555,0.3651621341705322,-0.006082541309297085,0.5167468190193176,0.3475952744483948,0.012220987118780613,0.559609591960907,0.37748289108276367,-0.016337545588612556,0.5524416565895081,0.388319730758667,-0.005305479280650616,0.540306568145752,0.4746968150138855,0.00993290077894926,0.5157313346862793,0.47097548842430115,0.059088826179504395,0.5579161643981934,0.45253491401672363,-0.012681699357926846,0.5621650815010071,0.45531874895095825,-0.01243566907942295,0.5429579019546509,0.47601038217544556,0.00954736303538084,0.5443754196166992,0.4766966998577118,0.007947833277285099,0.5224931836128235,0.3576851785182953,-0.004294229671359062,0.553760290145874,0.45000961422920227,-0.0115896575152874,0.544355571269989,0.36713361740112305,-0.014829111285507679,0.5435630083084106,0.359343022108078,-0.017012810334563255,0.5408551692962646,0.3302788734436035,-0.012681420892477036,0.5206103324890137,0.3565249443054199,0.0024083233438432217,0.5436884760856628,0.3468976318836212,-0.0155181884765625,0.5172078609466553,0.36562585830688477,0.0038295260164886713,0.5146220922470093,0.36788928508758545,0.013527976348996162,0.5632609724998474,0.47738316655158997,-0.009167739190161228,0.5564618110656738,0.47707998752593994,-0.00548161007463932,0.5512753129005432,0.4768834710121155,-0.0010002866620197892,0.5590478777885437,0.4537341892719269,-0.01111827977001667,0.5436789989471436,0.4763551950454712,0.008725984022021294,0.5468761324882507,0.48000940680503845,0.0057038008235394955,0.5451558828353882,0.47707369923591614,0.007823353633284569,0.5604203343391418,0.45175957679748535,-0.02072668820619583,0.5532198548316956,0.4801141619682312,0.0012579438043758273,0.5581293702125549,0.4815324544906616,-0.0017910425085574389,0.5640078186988831,0.48291513323783875,-0.004191836807876825,0.5618175864219666,0.5009571313858032,0.002882617525756359,0.562368631362915,0.4964922070503235,-0.003045667428523302,0.5627186894416809,0.4916088879108429,-0.0042000324465334415,0.5633071660995483,0.48686325550079346,-0.003460714826360345,0.5639721751213074,0.4831016957759857,-0.0031077994499355555,0.5530638694763184,0.4801984131336212,0.002165005775168538,0.5519112944602966,0.4817073345184326,0.001655423897318542,0.5506228804588318,0.4839048683643341,0.0011886588763445616,0.5496364235877991,0.48644521832466125,0.0025462815538048744,0.5465604662895203,0.4663197100162506,-0.0005610466469079256,0.5089421272277832,0.4315398335456848,0.061646513640880585,0.5704808235168457,0.45873239636421204,-0.018148018047213554,0.5493603348731995,0.47876182198524475,0.0056050666607916355,0.5481144785881042,0.47928401827812195,0.005384835414588451,0.5637868642807007,0.45832133293151855,-0.01206292025744915,0.5552488565444946,0.45393669605255127,-0.006809421349316835,0.5630357265472412,0.45687347650527954,-0.012431258335709572,0.5487561821937561,0.42570874094963074,-0.003964589908719063,0.5386934280395508,0.4296448528766632,-0.0013113545719534159,0.5528888702392578,0.445557564496994,-0.010301249101758003,0.5261874794960022,0.33673542737960815,-0.0009990265825763345,0.5297679305076599,0.34893763065338135,-0.007145152427256107,0.53139728307724,0.35562628507614136,-0.011458189226686954,0.5489997863769531,0.48991692066192627,0.007308159954845905,0.5581007599830627,0.3652426600456238,-0.019895879551768303,0.5580415725708008,0.3479999303817749,-0.020259791985154152,0.5566732883453369,0.3278980851173401,-0.019426478073000908,0.5311816334724426,0.4066023528575897,0.0022034230642020702,0.5186656713485718,0.4095982611179352,0.011960539035499096,0.5563618540763855,0.4068308174610138,-0.0020460612140595913,0.5233705043792725,0.3867383599281311,0.003846970619633794,0.5593411922454834,0.41746529936790466,-0.009311804547905922,0.5572828650474548,0.4461677372455597,-0.021045075729489326,0.5126376152038574,0.41493961215019226,0.019375037401914597,0.522179126739502,0.41675373911857605,0.007550376001745462,0.529216468334198,0.42131930589675903,0.0024914005771279335,0.5400857329368591,0.4220984876155853,-0.0001888070401037112,0.5483646988868713,0.4201248288154602,-0.002162092598155141,0.5546748638153076,0.41715046763420105,-0.004260611720383167,0.5669488906860352,0.4078530967235565,-0.016921019181609154,0.5127568244934082,0.4316006898880005,0.02011054754257202,0.5192065238952637,0.3830792307853699,0.006312370300292969,0.5677586793899536,0.4571414291858673,-0.025540919974446297,0.5555621385574341,0.4301452040672302,-0.008306796662509441,0.5067743062973022,0.3952099084854126,0.05163825675845146,0.5593829154968262,0.4134482145309448,-0.00586726563051343,0.5522372722625732,0.44524046778678894,-0.0046966117806732655,0.5264912247657776,0.39573806524276733,0.005989779718220234,0.5573527812957764,0.440346896648407,-0.019543591886758804,0.5114240050315857,0.45105743408203125,0.06187978759407997,0.5566193461418152,0.4037266671657562,-0.0013039751211181283,0.5616862773895264,0.4368831515312195,-0.025391338393092155,0.527534544467926,0.49105337262153625,0.03078482672572136,0.5288664102554321,0.49882772564888,0.04228275641798973,0.5086724758148193,0.43212923407554626,0.04079626128077507,0.5199710726737976,0.4804938733577728,0.036625299602746964,0.5111297965049744,0.3818019926548004,0.02460450492799282,0.5494945645332336,0.5178878903388977,0.015726273879408836,0.568362832069397,0.4582820534706116,-0.017759518697857857,0.5500984787940979,0.4348887503147125,-0.005441324319690466,0.5141484141349792,0.39648786187171936,0.018983030691742897,0.5361748337745667,0.40619197487831116,-0.0007182663539424539,0.5413591265678406,0.4075714945793152,-0.0021816701628267765,0.5458292365074158,0.4809575378894806,0.006836306303739548,0.5135630369186401,0.4474600851535797,0.02416982315480709,0.5587679147720337,0.5277748703956604,0.018039869144558907,0.5443220734596252,0.5166528224945068,0.02861722558736801,0.5375781059265137,0.5093396902084351,0.034637272357940674,0.5744114518165588,0.34943997859954834,-0.02183893881738186,0.5687592029571533,0.5296369791030884,0.016277670860290527,0.5466630458831787,0.40711578726768494,-0.002597000217065215,0.5517057180404663,0.40563952922821045,-0.00202719634398818,0.5549945831298828,0.40465226769447327,-0.0011348295956850052,0.5154661536216736,0.37965404987335205,0.011748908087611198,0.551101803779602,0.3959575295448303,-0.003919033799320459,0.5458113551139832,0.3923334777355194,-0.004775156266987324,0.5405990481376648,0.3911626636981964,-0.004360188264399767,0.535485565662384,0.39192938804626465,-0.0025539856869727373,0.5322300791740417,0.3937931954860687,-0.0004625835863407701,0.5077676773071289,0.3767302632331848,0.039547767490148544,0.5328191518783569,0.4036601483821869,0.0011909519089385867,0.570458710193634,0.46489188075065613,-0.011455639265477657,0.5525928735733032,0.46399927139282227,-0.004744709935039282,0.5579343438148499,0.4518226981163025,-0.015043423511087894,0.5629510879516602,0.46429187059402466,-0.01062894705682993,0.5726620554924011,0.39406275749206543,-0.016767442226409912,0.5356656312942505,0.5013707280158997,0.026632750406861305,0.542637825012207,0.5095181465148926,0.021651405841112137,0.5581492781639099,0.5238956212997437,0.010566214099526405,0.521828830242157,0.4869319796562195,0.05157918110489845,0.5549335479736328,0.40070870518684387,-0.002379650715738535,0.5629281997680664,0.4208946228027344,-0.01702485978603363,0.56868976354599,0.5255749821662903,0.009105361066758633,0.5510362386703491,0.5231707692146301,0.022252999246120453,0.5107141733169556,0.44970402121543884,0.04235226288437843,0.558056652545929,0.4817303717136383,-0.0007531235460191965,0.5569434762001038,0.4845084846019745,-0.0012479452416300774,0.5560002326965332,0.4881218671798706,-0.001806820509955287,0.555374026298523,0.4924474358558655,-0.0005425394629128277,0.5545473694801331,0.49630796909332275,0.004592414479702711,0.5482068061828613,0.4776639938354492,0.00439634220674634,0.5470753908157349,0.4765864312648773,0.004415441304445267,0.5461850762367249,0.4755576550960541,0.00418591033667326,0.5419860482215881,0.4696810245513916,0.00449441559612751,0.5198888182640076,0.45280441641807556,0.012917189858853817,0.563263475894928,0.4121384024620056,-0.012768322601914406,0.5603700280189514,0.39569777250289917,-0.005964958108961582,0.5572456121444702,0.3972055912017822,-0.0036574038676917553,0.5494500994682312,0.4787546396255493,0.004972679540514946,0.5206639766693115,0.47041308879852295,0.024119628593325615,0.5654116868972778,0.3952215015888214,-0.013071932829916477,0.5519485473632812,0.5036693811416626,0.008174990303814411,0.5714693665504456,0.42500069737434387,-0.026859572157263756,0.5668439865112305,0.41744571924209595,-0.021535202860832214,0.5718059539794922,0.41619250178337097,-0.02305196225643158,0.5588691234588623,0.43302828073501587,-0.01553663332015276,0.5688327550888062,0.5191797614097595,0.004994360264390707,0.5690823197364807,0.5102272629737854,0.0036262478679418564,0.5601164698600769,0.5090771913528442,0.004951376933604479,0.5404918789863586,0.4868714213371277,0.013288972899317741,0.5471003651618958,0.45055410265922546,-0.002106626285240054,0.5459284782409668,0.496192991733551,0.011221494525671005,0.5323718190193176,0.4481296241283417,0.0004445670056156814,0.5408879518508911,0.4571376442909241,0.0006056083948351443,0.527512788772583,0.4591750502586365,0.00680813193321228,0.558509349822998,0.5177017450332642,0.006587517447769642,0.5556755661964417,0.4365527629852295,-0.010903112590312958,0.5365687012672424,0.49308329820632935,0.019212467595934868,0.5434927344322205,0.5024257302284241,0.016186198219656944,0.5354015827178955,0.4769134521484375,0.012396696023643017,0.5155013799667358,0.4606427550315857,0.027991002425551414,0.5285009145736694,0.4787122309207916,0.017841150984168053,0.514086902141571,0.46581995487213135,0.04235747829079628,0.5360168218612671,0.4646737575531006,0.005026050377637148,0.5594021081924438,0.4254591464996338,-0.012320863083004951,0.558784008026123,0.45026928186416626,-0.022024773061275482,0.5556387305259705,0.45067548751831055,-0.015499035827815533,0.5612140893936157,0.4456424415111542,-0.026169423013925552,0.5555241703987122,0.38535404205322266,-0.008364154025912285,0.5457285642623901,0.3769233822822571,-0.009173447266221046,0.5370736718177795,0.37433671951293945,-0.008205458521842957,0.5300647020339966,0.3755284249782562,-0.00522788567468524,0.5253368020057678,0.37938737869262695,-0.0012836289824917912,0.523059070110321,0.39603590965270996,0.008709162473678589,0.5077195167541504,0.4149593412876129,0.037227049469947815,0.5273904800415039,0.4102364778518677,0.005374222062528133,0.5331498980522156,0.41415220499038696,0.002199561335146427,0.5407343506813049,0.4158934950828552,-0.00021085901244077832,0.5482052564620972,0.4150342047214508,-0.0020684711635112762,0.5541276335716248,0.4126787781715393,-0.0024956383276730776,0.5581214427947998,0.410238116979599,-0.0034405067563056946,0.5076321959495544,0.41309449076652527,0.05848013609647751,0.5556966662406921,0.45194971561431885,-0.012498804368078709,0.5626280307769775,0.4287244975566864,-0.020475687459111214,0.5624217391014099,0.45176222920417786,-0.02617001347243786,0.5651301741600037,0.45536139607429504,-0.02341022901237011,0.5624082684516907,0.4526825547218323,-0.023364346474409103,0.5569330453872681,0.4538477659225464,-0.010227597318589687,0.5660966038703918,0.4564005732536316,-0.024782836437225342,0.5667137503623962,0.45755669474601746,-0.017917977645993233,0.5585998892784119,0.40399059653282166,-0.0020429976284503937,0.5612146854400635,0.4056740701198578,-0.005043655633926392,0.5629262924194336,0.4071783721446991,-0.008334334939718246,0.5303878784179688,0.39539432525634766,0.0018051883671432734,0.5262677073478699,0.3890441656112671,0.00212051160633564,0.5760493278503418,0.42623695731163025,-0.02498810738325119,0.6132384538650513,0.4065292775630951,0.0012615801533684134,0.575685977935791,0.45658954977989197,-0.018276238813996315,0.6379412412643433,0.3685448169708252,0.023221192881464958,0.5962746143341064,0.4140443503856659,-0.003925441764295101,0.6024457812309265,0.4151495695114136,-0.003303672419860959,0.6082504391670227,0.4141482412815094,-0.0016948542324826121,0.6154799461364746,0.4081833064556122,0.0027659106999635696,0.5910466909408569,0.411187082529068,-0.003142059314996004,0.6059660315513611,0.38601061701774597,-0.007884327322244644,0.5990006923675537,0.3870667815208435,-0.007962453179061413,0.6121656894683838,0.38779205083847046,-0.005590881686657667,0.615972638130188,0.39166006445884705,-0.003055896842852235,0.6202678680419922,0.41188573837280273,0.006430466193705797,0.588481068611145,0.5130636096000671,0.010505462996661663,0.6151754856109619,0.40310224890708923,0.003098589600995183,0.6378971338272095,0.4047483801841736,0.030747801065444946,0.6266757845878601,0.40372434258461,0.011398944072425365,0.6001508235931396,0.44311586022377014,-0.004411712754517794,0.5789724588394165,0.47375133633613586,-0.01066435407847166,0.5781896710395813,0.4811892509460449,-0.007248319685459137,0.5863509774208069,0.4749980866909027,-0.007118168752640486,0.5913710594177246,0.47593945264816284,-0.002328614704310894,0.5843271613121033,0.4803098440170288,-0.004936376586556435,0.589168906211853,0.47943878173828125,-0.0006199433119036257,0.5962457060813904,0.48494860529899597,0.008669313043355942,0.574994683265686,0.4538211226463318,-0.02877769246697426,0.5758126974105835,0.44579869508743286,-0.03135427460074425,0.6251896619796753,0.3796263635158539,-0.0020938783418387175,0.5885269641876221,0.42361152172088623,-0.007337147835642099,0.5878041982650757,0.44896358251571655,-0.015727302059531212,0.5882455110549927,0.4442656636238098,-0.014561744406819344,0.6183450818061829,0.44148170948028564,0.002845457522198558,0.5759688019752502,0.43524429202079773,-0.029262209311127663,0.6121373176574707,0.3718973696231842,-0.012404237873852253,0.6200385093688965,0.37364494800567627,-0.007654505781829357,0.6331232190132141,0.35387998819351196,0.010264085605740547,0.5854803323745728,0.38330337405204773,-0.01672581396996975,0.5928178429603577,0.3913011848926544,-0.006116060074418783,0.6013140082359314,0.4772398769855499,0.00863519124686718,0.6258224844932556,0.47646886110305786,0.057219378650188446,0.5837152004241943,0.4535605311393738,-0.013184239156544209,0.5793164372444153,0.45597386360168457,-0.012681921944022179,0.5984820127487183,0.47686293721199036,0.008395751006901264,0.597044825553894,0.47749900817871094,0.006915721110999584,0.6233505010604858,0.36620956659317017,-0.005970300640910864,0.5880987048149109,0.4513911008834839,-0.012172638438642025,0.6010198593139648,0.3748272955417633,-0.01569162867963314,0.6019887924194336,0.3668990433216095,-0.017878299579024315,0.6099250316619873,0.3339778780937195,-0.013842398300766945,0.6285098195075989,0.36237582564353943,0.0006391027709469199,0.6056089997291565,0.3502439856529236,-0.016460087150335312,0.6287053227424622,0.3740956485271454,0.0019311829237267375,0.6337381601333618,0.37437471747398376,0.011517535895109177,0.5787323713302612,0.47781819105148315,-0.00952762272208929,0.5853962898254395,0.4777905344963074,-0.006163042038679123,0.5903570652008057,0.47765257954597473,-0.0018777557415887713,0.582510232925415,0.4546501338481903,-0.011468182317912579,0.5977460741996765,0.4771850109100342,0.007643676362931728,0.5943304300308228,0.48076310753822327,0.004759554285556078,0.5962401628494263,0.47785136103630066,0.006829321384429932,0.5810559391975403,0.4525849521160126,-0.021117890253663063,0.5881956815719604,0.4807683527469635,0.0004928615526296198,0.5833131074905396,0.4820774793624878,-0.0023863071110099554,0.5775405168533325,0.48324668407440186,-0.00453966436907649,0.5770754814147949,0.501707911491394,0.0025333415251225233,0.5783431529998779,0.4968668818473816,-0.003427933668717742,0.5782596468925476,0.4919610023498535,-0.004616765771061182,0.577948808670044,0.48719343543052673,-0.0038632291834801435,0.5774670243263245,0.48338937759399414,-0.003492415649816394,0.5882232785224915,0.4807582199573517,0.0013917526230216026,0.589295506477356,0.48234865069389343,0.0008970393682830036,0.5904322862625122,0.4846172034740448,0.0004303527530282736,0.5912412405014038,0.4872284233570099,0.001775100245140493,0.5949680805206299,0.46847009658813477,-0.0015019695274531841,0.6350467205047607,0.4381977617740631,0.05958389490842819,0.5919326543807983,0.47942283749580383,0.004689706489443779,0.5931480526924133,0.479995995759964,0.00446462444961071,0.5775323510169983,0.4589153826236725,-0.012293634936213493,0.5865001082420349,0.4551970362663269,-0.00728389760479331,0.578357994556427,0.457517147064209,-0.012663568370044231,0.5947200655937195,0.4279594421386719,-0.004820795264095068,0.6046205759048462,0.432981938123703,-0.0025193430483341217,0.5892763137817383,0.4470749497413635,-0.010944090783596039,0.624371349811554,0.342032253742218,-0.0026284041814506054,0.619713544845581,0.3538524806499481,-0.008564273826777935,0.6143333911895752,0.36361050605773926,-0.012763611041009426,0.5911602973937988,0.4917624890804291,0.006397077348083258,0.5874112248420715,0.37156495451927185,-0.020309820771217346,0.590988278388977,0.3497629761695862,-0.020712202414870262,0.5941010117530823,0.32987040281295776,-0.020001886412501335,0.6128810048103333,0.41217219829559326,0.000702552089933306,0.6261314153671265,0.41661643981933594,0.010166934691369534,0.5877187252044678,0.40876537561416626,-0.002713913330808282,0.6214678883552551,0.3941110670566559,0.002152911387383938,0.5846090912818909,0.41864219307899475,-0.009825089015066624,0.5845233201980591,0.44728052616119385,-0.021511631086468697,0.6319583654403687,0.42117270827293396,0.01738324761390686,0.6224992275238037,0.42340949177742004,0.005875555332750082,0.6154204607009888,0.4269535541534424,0.0010031763231381774,0.6043435335159302,0.4262687563896179,-0.0013510959688574076,0.5959091782569885,0.42309027910232544,-0.003047879785299301,0.5896745920181274,0.4192899167537689,-0.004919521976262331,0.5773889422416687,0.4083312451839447,-0.017144637182354927,0.6306041479110718,0.43772178888320923,0.018084052950143814,0.6261588335037231,0.39103084802627563,0.004465044010430574,0.5731879472732544,0.4573473334312439,-0.025637170299887657,0.5875517129898071,0.4315967857837677,-0.008911632932722569,0.639797568321228,0.4022204875946045,0.04950394853949547,0.585029125213623,0.41516634821891785,-0.006372620351612568,0.5900373458862305,0.4468516409397125,-0.005316082388162613,0.6177194714546204,0.402439147233963,0.004398650024086237,0.5848666429519653,0.44146767258644104,-0.020014841109514236,0.6313673257827759,0.45728883147239685,0.05992382392287254,0.5875515937805176,0.40583640336990356,-0.0019694247748702765,0.5805341601371765,0.4376428723335266,-0.025758808478713036,0.6125374436378479,0.49509623646736145,0.029193947091698647,0.6109058856964111,0.5025263428688049,0.040856946259737015,0.6348520517349243,0.4386966824531555,0.038588494062423706,0.6206356287002563,0.4853929579257965,0.03476491570472717,0.636165201663971,0.3885048031806946,0.02249128930270672,0.5884475111961365,0.5196611881256104,0.01492183655500412,0.5726323127746582,0.4584391713142395,-0.017826970666646957,0.5927898287773132,0.43688440322875977,-0.006223718635737896,0.6313139796257019,0.4040012061595917,0.017000636085867882,0.60764080286026,0.410830557346344,-0.001983506139367819,0.6024501323699951,0.4115212559700012,-0.0033288798294961452,0.5953336358070374,0.4817690849304199,0.005829641595482826,0.6288171410560608,0.4534212052822113,0.022150306031107903,0.5787749290466309,0.5285388231277466,0.01760680601000786,0.5942234992980957,0.5186702013015747,0.027562791481614113,0.6016097664833069,0.512079656124115,0.033413395285606384,0.5972022414207458,0.4102879762649536,-0.0035876610781997442,0.5921486020088196,0.40805619955062866,-0.0028659834060817957,0.5890037417411804,0.4067985415458679,-0.0018717513885349035,0.630268931388855,0.38747912645339966,0.00978656206279993,0.5936396718025208,0.39818039536476135,-0.004827267490327358,0.5991442203521729,0.3953157067298889,-0.005822408944368362,0.6045252084732056,0.3951946198940277,-0.005569178611040115,0.6094886064529419,0.3969983458518982,-0.00393228605389595,0.6123840808868408,0.3995285928249359,-0.0019072307040914893,0.640002429485321,0.38375401496887207,0.037393223494291306,0.6110163331031799,0.4089260399341583,-0.00020856817718595266,0.5889118313789368,0.46553555130958557,-0.005416629370301962,0.5836717486381531,0.4528683125972748,-0.015454159118235111,0.5782379508018494,0.46499791741371155,-0.010927355848252773,0.6037642359733582,0.5045816898345947,0.025296209380030632,0.5960946083068848,0.5120049715042114,0.020575005561113358,0.5792620182037354,0.5248404145240784,0.01007776241749525,0.6186975240707397,0.491514652967453,0.049855660647153854,0.5894697308540344,0.4027670919895172,-0.0031530114356428385,0.5805515646934509,0.4216979742050171,-0.017367055639624596,0.5868750810623169,0.5245429873466492,0.021445058286190033,0.6316549181938171,0.45594480633735657,0.0402434766292572,0.5832748413085938,0.482183575630188,-0.0013652067864313722,0.584248960018158,0.4850168824195862,-0.0018545303028076887,0.5850121378898621,0.48868438601493835,-0.0024476968683302402,0.5854345560073853,0.493047833442688,-0.0011778438929468393,0.5848613977432251,0.4976367950439453,0.003896014066413045,0.5932838916778564,0.4784103035926819,0.003394397208467126,0.5944185256958008,0.47738099098205566,0.003356227185577154,0.5953502058982849,0.47642192244529724,0.0031061323825269938,0.5996282696723938,0.4721841514110565,0.003312330227345228,0.6220811605453491,0.45800459384918213,0.01109505258500576,0.5809053778648376,0.4129756689071655,-0.013167074881494045,0.5843925476074219,0.3981175422668457,-0.006425013300031424,0.5874493718147278,0.39941418170928955,-0.0042908149771392345,0.5919824242591858,0.47946876287460327,0.00406570453196764,0.6205114722251892,0.47531646490097046,0.022321810945868492,0.5795395970344543,0.39771440625190735,-0.013309963047504425,0.5869208574295044,0.50523841381073,0.007435685954988003,0.5767315030097961,0.41788414120674133,-0.021733593195676804,0.5838751196861267,0.4341581165790558,-0.015987303107976913,0.5781728625297546,0.5099065899848938,0.004558449611067772,0.5999503135681152,0.48952609300613403,0.012038643471896648,0.5950008630752563,0.4526764154434204,-0.0029731178656220436,0.5937331914901733,0.4983082413673401,0.010222353972494602,0.6098356246948242,0.45201364159584045,-0.0009056504350155592,0.6010030508041382,0.4599984884262085,-0.0004949333379045129,0.6142042875289917,0.46350619196891785,0.005256645381450653,0.5792322754859924,0.518679141998291,0.006086503155529499,0.5869919657707214,0.43788832426071167,-0.011469373479485512,0.6034092903137207,0.4961709678173065,0.017872154712677002,0.5957069993019104,0.5048061013221741,0.015151550062000751,0.6056987047195435,0.48010653257369995,0.01092549879103899,0.6262444853782654,0.4662367105484009,0.02606276422739029,0.6122820377349854,0.4826917350292206,0.01625456102192402,0.6273720860481262,0.4715109169483185,0.040309835225343704,0.6057289242744446,0.46798574924468994,0.003635467030107975,0.583885908126831,0.42658358812332153,-0.012785041704773903,0.5827634930610657,0.45124781131744385,-0.022431543096899986,0.586068868637085,0.4519151747226715,-0.01600511558353901,0.5804163217544556,0.4464200735092163,-0.0265664029866457,0.5894840359687805,0.38944393396377563,-0.008995371870696545,0.5996569395065308,0.38276004791259766,-0.010072275064885616,0.6083489656448364,0.3812650442123413,-0.009381731040775776,0.6151852607727051,0.3829057514667511,-0.006646348163485527,0.6197121143341064,0.38703644275665283,-0.002857637358829379,0.6216006278991699,0.4029618501663208,0.007031782064586878,0.6370449066162109,0.42177894711494446,0.03500697761774063,0.6171497702598572,0.4163534641265869,0.0038144681602716446,0.6113088726997375,0.4191637337207794,0.0008199975127354264,0.6034841537475586,0.4198096990585327,-0.0013494769809767604,0.5959218144416809,0.41789138317108154,-0.002969195367768407,0.590038537979126,0.4147456884384155,-0.003167560091242194,0.5861263871192932,0.41187605261802673,-0.003978641238063574,0.6377006769180298,0.4199637472629547,0.0563056580722332,0.5859848260879517,0.45312532782554626,-0.012999888509511948,0.580197274684906,0.4294978082180023,-0.020838454365730286,0.5788302421569824,0.45242926478385925,-0.026423385366797447,0.5760437250137329,0.45581740140914917,-0.02354346215724945,0.5789361596107483,0.45338064432144165,-0.02362636849284172,0.5847123265266418,0.45491689443588257,-0.010655051097273827,0.5749428868293762,0.4567500948905945,-0.02488819509744644,0.5743541717529297,0.4578174352645874,-0.01803574152290821,0.5857279896736145,0.4059324562549591,-0.002582340035587549,0.5831900238990784,0.40727344155311584,-0.0054503027349710464,0.5815941095352173,0.4088008999824524,-0.008710560388863087,0.6139767169952393,0.40144628286361694,0.0003046185302082449,0.618132472038269,0.3961610794067383,0.0005260960897430778,0.5427944660186768,0.3999359905719757,-0.0011279835598543286,0.5488835573196411,0.40039926767349243,-0.0011279835598543286,0.5432444214820862,0.39217978715896606,-0.0011279835598543286,0.5366107225418091,0.3994380235671997,-0.0011279835598543286,0.5423251390457153,0.4076306223869324,-0.0011279835598543286,0.6012133955955505,0.402588427066803,-0.002272648038342595,0.6070955395698547,0.40275728702545166,-0.002272648038342595,0.6011922359466553,0.3945838212966919,-0.002272648038342595,0.5954551100730896,0.40237975120544434,-0.002272648038342595,0.6012629270553589,0.4105396270751953,-0.002272648038342595
3766.6666666666724,0.5725139379501343,0.4756491184234619,-0.010928643867373466,0.5718018412590027,0.45427316427230835,-0.029190054163336754,0.5717390179634094,0.4599573612213135,-0.013657274655997753,0.5680835843086243,0.42592576146125793,-0.024914084002375603,0.5720277428627014,0.4460279643535614,-0.03199148550629616,0.5723819136619568,0.4345804750919342,-0.0309741273522377,0.5733450055122375,0.4062115550041199,-0.01950697973370552,0.5317883491516113,0.4005460739135742,0.0024329996667802334,0.574261486530304,0.3820570111274719,-0.018160102888941765,0.574736475944519,0.37000393867492676,-0.020994635298848152,0.5763620734214783,0.32768943905830383,-0.02151419408619404,0.5724024176597595,0.4788108766078949,-0.00980848167091608,0.5722329020500183,0.4819852411746979,-0.0077680558897554874,0.5720998048782349,0.48402151465415955,-0.004910361021757126,0.5720470547676086,0.4841501712799072,-0.004159363452345133,0.5720231533050537,0.4882465898990631,-0.00448720995336771,0.5719106197357178,0.4929766058921814,-0.005175487603992224,0.5717372894287109,0.4977338910102844,-0.0038621434941887856,0.5706900954246521,0.5016356706619263,0.0021985156927257776,0.5717546939849854,0.45789146423339844,-0.025890685617923737,0.5667968988418579,0.4565054774284363,-0.018112745136022568,0.5115661025047302,0.3612450361251831,0.024873116984963417,0.5488075017929077,0.41068363189697266,-0.0031895097345113754,0.5426544547080994,0.41102781891822815,-0.0024304448161274195,0.5369858741760254,0.409341037273407,-0.0006392408977262676,0.5297092795372009,0.40194937586784363,0.004048886708915234,0.5540571212768555,0.40870654582977295,-0.002577312057837844,0.5405471920967102,0.37976449728012085,-0.00697212852537632,0.5476139187812805,0.3822941482067108,-0.00726794870570302,0.5339246392250061,0.38063639402389526,-0.004520415794104338,0.5296525359153748,0.3842623233795166,-0.0018681950168684125,0.5255264043807983,0.40544813871383667,0.007775768171995878,0.5511910915374756,0.5114316940307617,0.011143562383949757,0.5299785733222961,0.396662175655365,0.00431926641613245,0.5089256763458252,0.39775773882865906,0.03259560093283653,0.5193859338760376,0.39642512798309326,0.012884605675935745,0.543550968170166,0.44054147601127625,-0.0034892160911113024,0.5646145939826965,0.47331926226615906,-0.010294516570866108,0.5648114085197449,0.48095905780792236,-0.0068091340363025665,0.5568670034408569,0.4743383824825287,-0.006456772796809673,0.5514463186264038,0.4752795696258545,-0.0015095254639163613,0.5585041642189026,0.4798752963542938,-0.004242542665451765,0.5535045266151428,0.4789651930332184,0.0001669152406975627,0.5458658933639526,0.4829123914241791,0.00965441856533289,0.5673547983169556,0.4537316858768463,-0.02870737761259079,0.5669519901275635,0.4456455707550049,-0.031281936913728714,0.5212084054946899,0.37082839012145996,-0.0007308517815545201,0.5562251806259155,0.422104150056839,-0.0068253567442297935,0.5553351044654846,0.44787612557411194,-0.015207088552415371,0.5551747679710388,0.44311821460723877,-0.014011653140187263,0.5254488587379456,0.4369603097438812,0.004300023429095745,0.5675008296966553,0.43504783511161804,-0.02917010709643364,0.5342880487442017,0.36313918232917786,-0.011594602838158607,0.5263772010803223,0.36473289132118225,-0.0065072872675955296,0.5175020694732666,0.34703415632247925,0.011661716736853123,0.5605760216712952,0.3774358630180359,-0.016612451523542404,0.5534819960594177,0.38797926902770996,-0.005564901512116194,0.5413448810577393,0.4749186038970947,0.009767805226147175,0.516316831111908,0.4712264835834503,0.05920710787177086,0.5591610670089722,0.4528217315673828,-0.012710867449641228,0.563424289226532,0.4556218087673187,-0.012405207380652428,0.5440052151679993,0.4764227867126465,0.009413105435669422,0.5454110503196716,0.47707927227020264,0.007822079584002495,0.5231126546859741,0.35725903511047363,-0.004753376357257366,0.5549749732017517,0.4502987265586853,-0.011634222231805325,0.5452878475189209,0.36684632301330566,-0.015187889337539673,0.5444256067276001,0.3590013086795807,-0.017408337444067,0.5418223738670349,0.3296407461166382,-0.013242095708847046,0.5214380621910095,0.3561065196990967,0.0018998230807483196,0.5447155833244324,0.3464764356613159,-0.015997981652617455,0.5178114175796509,0.36545148491859436,0.0033809493761509657,0.515363335609436,0.36753079295158386,0.013064324855804443,0.5645622611045837,0.4774519205093384,-0.009111057035624981,0.5576550960540771,0.47721952199935913,-0.005476405378431082,0.5524009466171265,0.477107971906662,-0.0010503943776711822,0.5602983236312866,0.45403268933296204,-0.011114445514976978,0.5447195768356323,0.4767513871192932,0.008599331602454185,0.5480015873908997,0.48034021258354187,0.0055349464528262615,0.5461949110031128,0.47744208574295044,0.007696808781474829,0.5616825819015503,0.452021062374115,-0.02078816294670105,0.5543487071990967,0.4803655743598938,0.0012627241667360067,0.5593193769454956,0.481724351644516,-0.00172783387824893,0.5652716755867004,0.4830783009529114,-0.004078795667737722,0.5631729364395142,0.5007286667823792,0.0027484819293022156,0.5637201070785522,0.49647629261016846,-0.0032220399007201195,0.5640667080879211,0.49165263772010803,-0.004365649539977312,0.5646324753761292,0.48696887493133545,-0.0036129760555922985,0.5652600526809692,0.48327288031578064,-0.003254235489293933,0.554209291934967,0.4804726243019104,0.0019844225607812405,0.5530968308448792,0.4819663166999817,0.001466357265599072,0.5518420934677124,0.4841463267803192,0.0009899437427520752,0.5508812069892883,0.48665812611579895,0.002348734764382243,0.5476906299591064,0.4666483402252197,-0.0006469147047027946,0.509488046169281,0.43158966302871704,0.06162295490503311,0.5717465281486511,0.4590299129486084,-0.018097808584570885,0.5504392981529236,0.4790862798690796,0.005436780396848917,0.5492244362831116,0.47960883378982544,0.005216067656874657,0.565048336982727,0.45864367485046387,-0.012031170539557934,0.5564714670181274,0.45424795150756836,-0.006804995238780975,0.5642972588539124,0.45718690752983093,-0.012397543527185917,0.5498049855232239,0.42582380771636963,-0.004096216522157192,0.5396885275840759,0.4298191964626312,-0.0014593425439670682,0.5540786385536194,0.4458131492137909,-0.010362873785197735,0.527050256729126,0.33612391352653503,-0.0015874545788392425,0.5306968092918396,0.3484961688518524,-0.007653422653675079,0.5321447849273682,0.35512775182724,-0.01190814096480608,0.5502344369888306,0.4899251461029053,0.007138888351619244,0.5589787364006042,0.3651477098464966,-0.020234009250998497,0.5591205954551697,0.3475647270679474,-0.02068469300866127,0.5577050447463989,0.32724258303642273,-0.01991376467049122,0.532279372215271,0.4064389169216156,0.0019154479959979653,0.5197194218635559,0.4096563160419464,0.0116887791082263,0.5574864149093628,0.4066845178604126,-0.002225057454779744,0.5242477655410767,0.3865731954574585,0.0034825385082513094,0.5604267120361328,0.4175014793872833,-0.009448396041989326,0.5585261583328247,0.44641995429992676,-0.021133871749043465,0.5133557915687561,0.4149906039237976,0.01911880448460579,0.5233408212661743,0.41681987047195435,0.007298355456441641,0.5304520726203918,0.42135968804359436,0.002264855895191431,0.5413641929626465,0.42208099365234375,-0.0003731640463229269,0.5496293902397156,0.42007023096084595,-0.002321999752894044,0.555891752243042,0.4170791208744049,-0.0044067976996302605,0.5680807828903198,0.4078338146209717,-0.017085842788219452,0.5134799480438232,0.4317963123321533,0.01991632767021656,0.5199896693229675,0.38300609588623047,0.005923071410506964,0.5690565705299377,0.4574315547943115,-0.0255526565015316,0.5566816926002502,0.4302813410758972,-0.008406443521380424,0.5073493123054504,0.3949965238571167,0.05140715837478638,0.5605598092079163,0.41334420442581177,-0.006008919794112444,0.55340176820755,0.44549262523651123,-0.004735326860100031,0.5274730920791626,0.39554932713508606,0.005671905819326639,0.5585654973983765,0.4405665397644043,-0.019643733277916908,0.5119788646697998,0.45124250650405884,0.06193944066762924,0.5576667189598083,0.4035661816596985,-0.001499064383096993,0.5629220604896545,0.4370768070220947,-0.025504639372229576,0.528417706489563,0.49138134717941284,0.030731474980711937,0.5297563076019287,0.4990883767604828,0.04235844314098358,0.5092880129814148,0.432275652885437,0.040679026395082474,0.520684003829956,0.4808330237865448,0.036613281816244125,0.5118243098258972,0.3815530240535736,0.024220095947384834,0.5508413910865784,0.5180003643035889,0.0156569741666317,0.5696377754211426,0.4585829973220825,-0.01771991327404976,0.5512017011642456,0.43507495522499084,-0.0055351462215185165,0.5149835348129272,0.39665281772613525,0.01866547018289566,0.5373066067695618,0.4058045744895935,-0.0010028171818703413,0.5425196290016174,0.4071439504623413,-0.0024466956965625286,0.5469670295715332,0.4812844395637512,0.006676830351352692,0.5142707824707031,0.4477563500404358,0.0240467581897974,0.5602005124092102,0.5277352929115295,0.018046244978904724,0.545616865158081,0.5167624950408936,0.0285940058529377,0.5387068390846252,0.5095340609550476,0.034642528742551804,0.5755140781402588,0.34898239374160767,-0.02217818610370159,0.5701595544815063,0.5295575261116028,0.016358375549316406,0.5478180050849915,0.406700998544693,-0.0028369007632136345,0.5528297424316406,0.4053167402744293,-0.002244920004159212,0.5560798645019531,0.4044341742992401,-0.0013365396298468113,0.5161437392234802,0.37968710064888,0.011352338828146458,0.5520777702331543,0.39554929733276367,-0.004176515154540539,0.5467793345451355,0.39174020290374756,-0.005060283932834864,0.5415860414505005,0.3905036449432373,-0.0046706353314220905,0.536465585231781,0.3913290500640869,-0.0028801204171031713,0.533215343952179,0.3933163285255432,-0.0007900133496150374,0.5083896517753601,0.37637510895729065,0.03917495906352997,0.5339157581329346,0.40331703424453735,0.0008960227714851499,0.5716623663902283,0.46524742245674133,-0.011380381882190704,0.553790271282196,0.4643404185771942,-0.004778316244482994,0.5591843128204346,0.4521017074584961,-0.015079843811690807,0.5641899108886719,0.4646558463573456,-0.010615008883178234,0.5737823247909546,0.3939661383628845,-0.01693471521139145,0.5367406606674194,0.5016465187072754,0.02656247653067112,0.5438610315322876,0.5097115635871887,0.021582670509815216,0.5595439076423645,0.5239474177360535,0.010512764565646648,0.5225256085395813,0.4871964752674103,0.05170956626534462,0.5559508800506592,0.40047526359558105,-0.002602442167699337,0.5640849471092224,0.42096397280693054,-0.01716303639113903,0.5700889229774475,0.5255643129348755,0.009117186069488525,0.552439272403717,0.5231961011886597,0.022219063714146614,0.5113263130187988,0.4499533176422119,0.04230311140418053,0.5592776536941528,0.48194319009780884,-0.000922103354241699,0.5582099556922913,0.4846811592578888,-0.001433216268196702,0.5573003888130188,0.48824942111968994,-0.002011191798374057,0.5567014813423157,0.49251773953437805,-0.0007485091337002814,0.5558777451515198,0.49618297815322876,0.004424962680786848,0.5492685437202454,0.47798335552215576,0.004315846133977175,0.5481387376785278,0.4769067168235779,0.004314419347792864,0.5472427010536194,0.4758757948875427,0.004071468487381935,0.54304438829422,0.46996834874153137,0.0043464177288115025,0.5206805467605591,0.45314422249794006,0.012774712406098843,0.5643714666366577,0.41214102506637573,-0.012918227352201939,0.5614010095596313,0.3955761194229126,-0.00615856796503067,0.5582979321479797,0.3970387876033783,-0.003873641137033701,0.5505133271217346,0.47905799746513367,0.004915226716548204,0.52142733335495,0.4707755148410797,0.024021415039896965,0.5664210915565491,0.39512839913368225,-0.013264709152281284,0.5532472133636475,0.5037376880645752,0.008029503747820854,0.5727015733718872,0.42509517073631287,-0.026969635859131813,0.5680211782455444,0.4174932837486267,-0.02168896421790123,0.5730014443397522,0.41622307896614075,-0.02318381518125534,0.5600414276123047,0.4331887364387512,-0.015638399869203568,0.5702207088470459,0.5191839337348938,0.004928053356707096,0.570437490940094,0.5101230144500732,0.003532216651365161,0.5614690184593201,0.5090388655662537,0.0048104445450007915,0.5415797233581543,0.48712390661239624,0.013121683150529861,0.5482116341590881,0.4508325159549713,-0.0021734111942350864,0.547138512134552,0.496367484331131,0.011065871454775333,0.5333197116851807,0.44842007756233215,0.0002945231681223959,0.5419169664382935,0.45744243264198303,0.0004931998555548489,0.5283796191215515,0.45952048897743225,0.006641922052949667,0.5598762631416321,0.5177766680717468,0.0064631314016878605,0.5568315982818604,0.43673646450042725,-0.010987870395183563,0.5376434326171875,0.4933750629425049,0.019078072160482407,0.5447019934654236,0.5026418566703796,0.016062693670392036,0.5363837480545044,0.47722914814949036,0.012220557779073715,0.5161976218223572,0.46098724007606506,0.02791125513613224,0.5294089913368225,0.47905445098876953,0.017690254375338554,0.5147039294242859,0.46613258123397827,0.042358603328466415,0.536967396736145,0.4650033712387085,0.00487005989998579,0.5605354309082031,0.4255581200122833,-0.012437606230378151,0.5600441098213196,0.4505322575569153,-0.022104166448116302,0.5568767786026001,0.45095837116241455,-0.015548428520560265,0.5624853372573853,0.4458882510662079,-0.026259470731019974,0.5565444231033325,0.385177880525589,-0.008628766052424908,0.5467075705528259,0.376529335975647,-0.009500757791101933,0.5380021929740906,0.3738599419593811,-0.008569043129682541,0.530949056148529,0.37510597705841064,-0.005610748194158077,0.5262102484703064,0.37907493114471436,-0.0016720357816666365,0.5239887833595276,0.3959665298461914,0.008393928408622742,0.5083439946174622,0.41497957706451416,0.03702150657773018,0.528518795967102,0.41020667552948,0.005107912700623274,0.5343466997146606,0.4141048192977905,0.001956033054739237,0.5419641137123108,0.4157653748989105,-0.0004246959288138896,0.5494266748428345,0.4148750305175781,-0.0022588837891817093,0.5553078651428223,0.4125535786151886,-0.0026533931959420443,0.5592570900917053,0.41013607382774353,-0.0035887924022972584,0.5081863403320312,0.41300448775291443,0.058353450149297714,0.5569280982017517,0.4522439241409302,-0.012528174556791782,0.5638219118118286,0.4288555979728699,-0.020597971975803375,0.563710629940033,0.4520321786403656,-0.026233183220028877,0.566412627696991,0.4556470513343811,-0.023427598178386688,0.5636829733848572,0.4529503285884857,-0.023413874208927155,0.5581712126731873,0.45415422320365906,-0.010229085572063923,0.5673890709877014,0.4566918611526489,-0.024796506389975548,0.5679864883422852,0.4578554630279541,-0.01789087802171707,0.5596831440925598,0.40387198328971863,-0.002214203355833888,0.5622938275337219,0.4055599272251129,-0.0051959543488919735,0.5640326738357544,0.40703845024108887,-0.008481604047119617,0.531381368637085,0.3950181305408478,0.0014837628696113825,0.5272203087806702,0.38878750801086426,0.0017786102835088968,0.5772852301597595,0.42633137106895447,-0.025045746937394142,0.6143773794174194,0.4061112403869629,0.0014870717423036695,0.5768974423408508,0.45683979988098145,-0.018203262239694595,0.6387958526611328,0.3678986430168152,0.023647835478186607,0.5971583127975464,0.41351571679115295,-0.0038129163440316916,0.6033614873886108,0.4146275520324707,-0.0031461960170418024,0.6092022061347961,0.41368916630744934,-0.001490544993430376,0.6165690422058105,0.40779149532318115,0.003028827952221036,0.5919191837310791,0.4107188582420349,-0.003064948134124279,0.6071727871894836,0.38567623496055603,-0.00778802577406168,0.6001108884811401,0.3867119252681732,-0.00792171061038971,0.6134423017501831,0.3874689042568207,-0.005442728288471699,0.617272675037384,0.39134007692337036,-0.0028703673742711544,0.6212367415428162,0.41151493787765503,0.006754203233867884,0.5897659063339233,0.5131468772888184,0.010652270168066025,0.6163584589958191,0.4027520716190338,0.0033395658247172832,0.638795793056488,0.4043830931186676,0.031272053718566895,0.6276689171791077,0.40334826707839966,0.011762559413909912,0.6013074517250061,0.44325587153434753,-0.004159777890890837,0.5803288817405701,0.4737341105937958,-0.01052727922797203,0.5795433521270752,0.48126736283302307,-0.007059686351567507,0.5877141952514648,0.4749677777290344,-0.006920528598129749,0.5927104353904724,0.47594431042671204,-0.002119968645274639,0.5856589078903198,0.480372816324234,-0.004716853145509958,0.5904752612113953,0.47950589656829834,-0.0003951539983972907,0.5973154306411743,0.4849722981452942,0.008868971839547157,0.5762900710105896,0.4540754556655884,-0.028773855417966843,0.5771102905273438,0.44602522253990173,-0.03138193488121033,0.6265220046043396,0.3793136179447174,-0.0018782283877953887,0.5896706581115723,0.4236332178115845,-0.007235008757561445,0.5889267325401306,0.449180543422699,-0.015576782636344433,0.5893577337265015,0.4444633722305298,-0.014413957484066486,0.6195431351661682,0.4415658712387085,0.003255849238485098,0.5772389769554138,0.4354040324687958,-0.029305320233106613,0.6136177778244019,0.3715556263923645,-0.012364687398076057,0.6214923858642578,0.37334489822387695,-0.007522433530539274,0.6340442895889282,0.3531907796859741,0.010523772798478603,0.5867881774902344,0.3828003704547882,-0.016853423789143562,0.5938431620597839,0.39093130826950073,-0.006097983568906784,0.6023777723312378,0.47736191749572754,0.008906485512852669,0.6266971826553345,0.4764520823955536,0.0581996887922287,0.5848303437232971,0.45378947257995605,-0.013038489036262035,0.5804505944252014,0.4562365412712097,-0.012563584372401237,0.5997084379196167,0.4769406020641327,0.008633136749267578,0.5982837677001953,0.4775708019733429,0.007122899405658245,0.6248278617858887,0.36594682931900024,-0.0058386740274727345,0.5891809463500977,0.4516240656375885,-0.01199883222579956,0.6024719476699829,0.37437427043914795,-0.015740802511572838,0.6035303473472595,0.3665015995502472,-0.01795775443315506,0.6109839677810669,0.33329570293426514,-0.013945353217422962,0.6295467019081116,0.3618161678314209,0.0007842526538297534,0.6067302823066711,0.34975749254226685,-0.016582010313868523,0.6299960613250732,0.3737870454788208,0.002173053566366434,0.6347289085388184,0.3738424479961395,0.011794338934123516,0.5801011919975281,0.47783198952674866,-0.009368373081088066,0.5867512822151184,0.47781020402908325,-0.005959808826446533,0.5916815996170044,0.47769060730934143,-0.001663025002926588,0.5836173892021179,0.45489513874053955,-0.011327925138175488,0.5989803075790405,0.47725775837898254,0.00786519329994917,0.5955438613891602,0.48084092140197754,0.00488234730437398,0.5974889397621155,0.4779209494590759,0.007025572005659342,0.5822572708129883,0.45278605818748474,-0.02102651447057724,0.589470386505127,0.48085492849349976,0.0007283250452019274,0.5846127867698669,0.48217809200286865,-0.0021475867833942175,0.578856348991394,0.4833691716194153,-0.0043254392221570015,0.578308641910553,0.5014395713806152,0.002490482060238719,0.5796193480491638,0.49680405855178833,-0.003501378232613206,0.5795451998710632,0.4919601082801819,-0.004675719887018204,0.5792303681373596,0.48725661635398865,-0.0039104437455534935,0.5787537693977356,0.48351770639419556,-0.00353784067556262,0.5894747376441956,0.48087263107299805,0.0014390007127076387,0.5905201435089111,0.4824489951133728,0.0009345846483483911,0.591639518737793,0.48468831181526184,0.00045856667566113174,0.5924212336540222,0.4872683882713318,0.001820781733840704,0.5960366725921631,0.46870461106300354,-0.0012794060166925192,0.6357999444007874,0.43793436884880066,0.06049790233373642,0.5931758880615234,0.4795176088809967,0.004807847086340189,0.5943746566772461,0.4800848960876465,0.004578043706715107,0.5786833763122559,0.4592023491859436,-0.01217830739915371,0.5875645875930786,0.4554558992385864,-0.007108251564204693,0.5795004367828369,0.4577932059764862,-0.012546226382255554,0.595862090587616,0.42800265550613403,-0.00463893823325634,0.6058022975921631,0.4330465793609619,-0.0022436948493123055,0.5903560519218445,0.44728124141693115,-0.010768353939056396,0.6253566741943359,0.3413364887237549,-0.002553163794800639,0.6207873821258545,0.35330238938331604,-0.008548137731850147,0.615888774394989,0.3633255362510681,-0.01274236012250185,0.592269241809845,0.49169597029685974,0.006511199753731489,0.5888634324073792,0.37108269333839417,-0.020492641255259514,0.5921192765235901,0.3492957353591919,-0.020950298756361008,0.5951831340789795,0.3291963040828705,-0.02026272378861904,0.6138977408409119,0.4117414951324463,0.0009476193808950484,0.627083420753479,0.41628485918045044,0.010562831535935402,0.5886017084121704,0.4083425998687744,-0.0026556006632745266,0.622702956199646,0.3937597870826721,0.002398814307525754,0.5857629179954529,0.4186389446258545,-0.009775299578905106,0.5857197046279907,0.4474796950817108,-0.021418040618300438,0.6330163478851318,0.4209909439086914,0.017879929393529892,0.6233841776847839,0.4231041669845581,0.006251800339668989,0.616247296333313,0.4267202317714691,0.0013151448220014572,0.6051296591758728,0.42601972818374634,-0.0011181292356923223,0.5966886281967163,0.42281782627105713,-0.0028932082932442427,0.5904923677444458,0.4190335273742676,-0.004826247226446867,0.5785544514656067,0.40829935669898987,-0.017230723053216934,0.6316916346549988,0.4376789331436157,0.018644442781805992,0.6273288726806641,0.390680193901062,0.004751354455947876,0.5744649767875671,0.4576139450073242,-0.025611279532313347,0.5886781811714172,0.43168899416923523,-0.008779913187026978,0.6405549049377441,0.4017571210861206,0.05022832751274109,0.5859202146530151,0.4149160087108612,-0.006329620722681284,0.5910903811454773,0.447055459022522,-0.005124204326421022,0.6189061999320984,0.40207579731941223,0.004660687875002623,0.5860428810119629,0.44164660573005676,-0.019928349182009697,0.6321340203285217,0.45716047286987305,0.06089675799012184,0.5884644985198975,0.40540623664855957,-0.0019172780448570848,0.5817723870277405,0.4378041625022888,-0.0257429126650095,0.6136816740036011,0.4952681064605713,0.029737159609794617,0.6119844317436218,0.502649188041687,0.04159678518772125,0.6357804536819458,0.43855488300323486,0.03929727151989937,0.6217412352561951,0.48552465438842773,0.035446252673864365,0.6370995044708252,0.38805270195007324,0.022899776697158813,0.5897350907325745,0.5197304487228394,0.015147979371249676,0.573883056640625,0.4587254524230957,-0.017762256786227226,0.593900203704834,0.4370066523551941,-0.006031840108335018,0.6322801113128662,0.40361300110816956,0.01742887869477272,0.6086687445640564,0.41030028462409973,-0.001804535393603146,0.6034183502197266,0.4109514057636261,-0.0031834652181714773,0.5965265035629272,0.4818336069583893,0.005980249028652906,0.6298980712890625,0.45346641540527344,0.022770237177610397,0.5801112055778503,0.5284807682037354,0.017800740897655487,0.5954035520553589,0.5187479853630066,0.027990953996777534,0.6027277708053589,0.5122005343437195,0.03397376090288162,0.5981277823448181,0.40971630811691284,-0.0034778581466525793,0.5930597186088562,0.40753045678138733,-0.002783343894407153,0.5899065732955933,0.40633293986320496,-0.001804234809242189,0.6313731670379639,0.3871188461780548,0.010118071921169758,0.5946130752563477,0.39785200357437134,-0.00477091409265995,0.6001729369163513,0.3950093686580658,-0.00574237247928977,0.6056142449378967,0.3948860168457031,-0.005456255748867989,0.6106275916099548,0.3967025876045227,-0.0037781051360070705,0.6135556101799011,0.3992310166358948,-0.0017232437385246158,0.6408007144927979,0.383191853761673,0.037975866347551346,0.6121066808700562,0.4084518551826477,7.178945793384628e-08,0.589977502822876,0.4658115804195404,-0.005213125143200159,0.5848096609115601,0.45308661460876465,-0.015332233160734177,0.5793818235397339,0.4653230309486389,-0.01081201434135437,0.6049161553382874,0.5047435164451599,0.025721056386828423,0.5973097681999207,0.5121417045593262,0.0209007877856493,0.5806127190589905,0.5248542428016663,0.010190167464315891,0.619705855846405,0.4915893077850342,0.05076855421066284,0.5904083847999573,0.40238964557647705,-0.003099844790995121,0.5817423462867737,0.42174041271209717,-0.017380185425281525,0.5881353616714478,0.5245543122291565,0.02175235003232956,0.632587194442749,0.4559011459350586,0.04099980369210243,0.5845397710800171,0.482308030128479,-0.0013603528495877981,0.5854960680007935,0.4851008355617523,-0.0018642088398337364,0.5862486958503723,0.4887201189994812,-0.002467348938807845,0.586654007434845,0.4930264949798584,-0.001196335069835186,0.5860159397125244,0.497450590133667,0.003933417610824108,0.5945698618888855,0.47848597168922424,0.0036232690326869488,0.5957138538360596,0.4774499535560608,0.0035876354668289423,0.5966522693634033,0.4764774441719055,0.003338180249556899,0.6006990671157837,0.47236961126327515,0.0035580310504883528,0.623261034488678,0.4581368565559387,0.011600538156926632,0.5820668339729309,0.41295307874679565,-0.0131831681355834,0.5854095220565796,0.39771509170532227,-0.0064505767077207565,0.5884122848510742,0.39900511503219604,-0.004276133142411709,0.5932480096817017,0.4795430898666382,0.004297484643757343,0.6216633915901184,0.4754715859889984,0.022884713485836983,0.5806483030319214,0.3973640501499176,-0.013403703458607197,0.588151216506958,0.5052504539489746,0.00752051267772913,0.5779336094856262,0.417915403842926,-0.021821295842528343,0.585045337677002,0.4342832565307617,-0.01591729372739792,0.5794721245765686,0.5098313689231873,0.0045347996056079865,0.6010754108428955,0.4896748960018158,0.012284769676625729,0.5960832834243774,0.452883780002594,-0.002741048811003566,0.5948947668075562,0.49840736389160156,0.010386044159531593,0.6110517978668213,0.4521627426147461,-0.0005775683093816042,0.6021467447280884,0.4601996839046478,-0.00022903087665326893,0.6154294610023499,0.46368956565856934,0.005636055953800678,0.5805771946907043,0.5187076926231384,0.006121642421931028,0.5881080031394958,0.43803638219833374,-0.011340472847223282,0.6045710444450378,0.49634265899658203,0.018208829686045647,0.5969194769859314,0.5049502849578857,0.015393552370369434,0.6068348288536072,0.4802962839603424,0.0112508749589324,0.627327024936676,0.46633678674697876,0.026707597076892853,0.6134507656097412,0.48287463188171387,0.016673848032951355,0.6283726096153259,0.4715591073036194,0.04108072817325592,0.606888473033905,0.46819671988487244,0.003939647693186998,0.5850478410720825,0.4266495406627655,-0.012722000479698181,0.5839675664901733,0.45144981145858765,-0.02234554849565029,0.5871981382369995,0.45214056968688965,-0.01586575247347355,0.5816714763641357,0.44662243127822876,-0.0265231654047966,0.5906142592430115,0.3889942765235901,-0.009030073881149292,0.6009177565574646,0.3823438286781311,-0.010065309703350067,0.6097124218940735,0.3809066116809845,-0.009316103532910347,0.6165886521339417,0.3825957477092743,-0.006516105029731989,0.6210710406303406,0.3867192268371582,-0.00267173838801682,0.6226837635040283,0.402566134929657,0.007331660483032465,0.6379668712615967,0.42152145504951477,0.03563284873962402,0.6180853247642517,0.4159983694553375,0.004115945193916559,0.6121827960014343,0.41882824897766113,0.0010728910565376282,0.604321300983429,0.41942712664604187,-0.0011552044888958335,0.596747100353241,0.41748785972595215,-0.0028383901808410883,0.5908800959587097,0.4143717288970947,-0.0030824500136077404,0.5869994759559631,0.411537230014801,-0.003931061830371618,0.6384506225585938,0.419586718082428,0.057131946086883545,0.5870841145515442,0.4533611834049225,-0.012844602577388287,0.5814148187637329,0.42960259318351746,-0.020831504836678505,0.5800862312316895,0.4526422619819641,-0.02638586424291134,0.577278733253479,0.45604875683784485,-0.02350090630352497,0.5801621675491333,0.4535847008228302,-0.023569723591208458,0.5857985615730286,0.4551715850830078,-0.010500816628336906,0.5762001276016235,0.45699942111968994,-0.024854520335793495,0.5755810737609863,0.4580858051776886,-0.017967425286769867,0.5866409540176392,0.40551677346229553,-0.002550249919295311,0.5841149687767029,0.4069284498691559,-0.00544879911467433,0.5825661420822144,0.4085248112678528,-0.008724281564354897,0.6151572465896606,0.40113136172294617,0.0005158805288374424,0.619411289691925,0.39580705761909485,0.000750977429561317,0.5435993671417236,0.3994975686073303,-0.0014009310398250818,0.5496525764465332,0.3999006152153015,-0.0014009310398250818,0.5440444946289062,0.3915451467037201,-0.0014009310398250818,0.5374318361282349,0.3990449607372284,-0.0014009310398250818,0.5431258082389832,0.40736326575279236,-0.0014009310398250818,0.6023985743522644,0.40207692980766296,-0.0021374288480728865,0.6084628105163574,0.40230703353881836,-0.0021374288480728865,0.6024831533432007,0.39422860741615295,-0.0021374288480728865,0.5964429378509521,0.4017998278141022,-0.0021374288480728865,0.6023437976837158,0.40989214181900024,-0.0021374288480728865
3800.000000000006,0.5722605586051941,0.47558701038360596,-0.011102612130343914,0.5717515349388123,0.45382994413375854,-0.029277991503477097,0.5717212557792664,0.45954591035842896,-0.01374176237732172,0.5680170059204102,0.42557621002197266,-0.024880563840270042,0.5719683766365051,0.44560205936431885,-0.03205808252096176,0.5723201036453247,0.4341996908187866,-0.031002184376120567,0.5732951760292053,0.4059579372406006,-0.019419856369495392,0.5317708253860474,0.4004966616630554,0.0027330948505550623,0.5741977095603943,0.3820657730102539,-0.018006443977355957,0.5746639966964722,0.3700731694698334,-0.020799683406949043,0.576310932636261,0.3276336193084717,-0.02113315463066101,0.5721516013145447,0.47870272397994995,-0.009994379244744778,0.5720128417015076,0.4817825257778168,-0.007953199557960033,0.5719296932220459,0.48375770449638367,-0.005084836855530739,0.5718905329704285,0.4839490056037903,-0.0043114847503602505,0.5718510746955872,0.48810040950775146,-0.004637712147086859,0.5717361569404602,0.4928797483444214,-0.0053305658511817455,0.5715821385383606,0.4976613521575928,-0.004003438632935286,0.5707613229751587,0.5015323758125305,0.0020808244589716196,0.5717114806175232,0.4574490189552307,-0.025982698425650597,0.5667592883110046,0.45607662200927734,-0.01817220076918602,0.5116140246391296,0.36112046241760254,0.02539117820560932,0.5487746596336365,0.4106099307537079,-0.002955580363050103,0.5425589680671692,0.41090020537376404,-0.002191759180277586,0.5368598103523254,0.4091495871543884,-0.0003911130770575255,0.5296580791473389,0.40184953808784485,0.004331593401730061,0.5541008710861206,0.40862706303596497,-0.0023699661251157522,0.5404995679855347,0.37997153401374817,-0.00667619751766324,0.5476322174072266,0.3824506998062134,-0.006987476255744696,0.533839225769043,0.3808070719242096,-0.00422642519697547,0.5295526385307312,0.3843616545200348,-0.0015675351023674011,0.5253725051879883,0.4052078425884247,0.008035250939428806,0.5511632561683655,0.51128751039505,0.011020902544260025,0.5299761891365051,0.396706759929657,0.00462436955422163,0.5089397430419922,0.39755433797836304,0.03296159580349922,0.5192587971687317,0.39622142910957336,0.013187830336391926,0.5435813665390015,0.4401993453502655,-0.0034083304926753044,0.5644428133964539,0.47329023480415344,-0.01043673511594534,0.564680278301239,0.4807671308517456,-0.0069754901342093945,0.5568189024925232,0.4742851257324219,-0.006589809432625771,0.5514705777168274,0.4751831889152527,-0.0016540715005248785,0.5584759712219238,0.47971028089523315,-0.004401080776005983,0.5535456538200378,0.47880250215530396,1.0106581385116442e-06,0.5459851622581482,0.4828207492828369,0.009483924135565758,0.5672995448112488,0.4532875418663025,-0.02877981774508953,0.5668835639953613,0.4452221989631653,-0.03133351355791092,0.5210583209991455,0.3708128035068512,-0.00039061595452949405,0.5562118291854858,0.4217875599861145,-0.00672041904181242,0.5553126335144043,0.4474857747554779,-0.015186509117484093,0.5551587343215942,0.4427541494369507,-0.013972019776701927,0.5255218148231506,0.43665242195129395,0.004406158812344074,0.5674299597740173,0.43466320633888245,-0.02917584776878357,0.5341867804527283,0.363315612077713,-0.011307699605822563,0.5262244939804077,0.36484429240226746,-0.006202444434165955,0.5175318717956543,0.3469589948654175,0.012192688882350922,0.5607050061225891,0.3774527311325073,-0.016399066895246506,0.5535597801208496,0.38803234696388245,-0.0052923839539289474,0.5414904356002808,0.4748145043849945,0.009641946293413639,0.5164294242858887,0.47093313932418823,0.05926872417330742,0.5591490864753723,0.45242568850517273,-0.012705542147159576,0.5634097456932068,0.45521897077560425,-0.01245846040546894,0.5441213250160217,0.4762229323387146,0.009249210357666016,0.5455417633056641,0.4768854081630707,0.007642691023647785,0.52298903465271,0.357342004776001,-0.0043963417410850525,0.5549713373184204,0.4499247968196869,-0.011622059158980846,0.5452816486358643,0.3669915199279785,-0.01492700818926096,0.5444300174713135,0.35913512110710144,-0.017116015776991844,0.5417671799659729,0.32958370447158813,-0.012748243287205696,0.521466851234436,0.3561263680458069,0.002348456298932433,0.544698178768158,0.34648722410202026,-0.015598023310303688,0.5176963806152344,0.36540931463241577,0.0037663858383893967,0.5153829455375671,0.3674796521663666,0.013526835478842258,0.5644038915634155,0.47735482454299927,-0.00926998257637024,0.5576073527336121,0.477110892534256,-0.005628562532365322,0.5524274706840515,0.4769793748855591,-0.0012098795268684626,0.5602924823760986,0.4536370635032654,-0.01113737653940916,0.544843316078186,0.4765559136867523,0.008424545638263226,0.5480810403823853,0.48011642694473267,0.005348616279661655,0.5463256239891052,0.4772486686706543,0.00751377921551466,0.5616438984870911,0.45159924030303955,-0.02080151066184044,0.554411768913269,0.4801785349845886,0.0010970623698085546,0.5593085885047913,0.48151981830596924,-0.0018837584648281336,0.5651724934577942,0.4828261733055115,-0.004237894434481859,0.563245415687561,0.5006062984466553,0.002631385112181306,0.5635495781898499,0.4963623583316803,-0.003356287954375148,0.5638965964317322,0.49152806401252747,-0.00450493860989809,0.5644828081130981,0.48679181933403015,-0.0037478068843483925,0.5651534199714661,0.48305609822273254,-0.0033928134944289923,0.5542821288108826,0.480258971452713,0.0018326874123886228,0.5531302690505981,0.4817499816417694,0.001316323527134955,0.5518430471420288,0.4839141368865967,0.0008373758173547685,0.5508632659912109,0.4864000380039215,0.002189381280913949,0.5477778315544128,0.46634340286254883,-0.0007555056363344193,0.5095619559288025,0.4313198924064636,0.061865877360105515,0.5717126131057739,0.4585970640182495,-0.01818106509745121,0.5505679249763489,0.47887757420539856,0.0052629499696195126,0.5493214130401611,0.47940075397491455,0.005036888178437948,0.5650326013565063,0.4582383930683136,-0.012093385681509972,0.5564817786216736,0.45387783646583557,-0.006814826279878616,0.5642830729484558,0.45678406953811646,-0.012457460165023804,0.5498151183128357,0.42550167441368103,-0.0039924136362969875,0.539715051651001,0.42949703335762024,-0.0013616083888337016,0.554077684879303,0.4454570710659027,-0.010328258387744427,0.52704256772995,0.33607250452041626,-0.0010734384413808584,0.5307182669639587,0.348548948764801,-0.007220589555799961,0.5320661067962646,0.3552793860435486,-0.011565802618861198,0.5503191947937012,0.489815890789032,0.00697421794757247,0.5591269731521606,0.36518800258636475,-0.019988643005490303,0.5590779185295105,0.34751635789871216,-0.020326940342783928,0.5576358437538147,0.3271782398223877,-0.019468631595373154,0.5321851968765259,0.40626150369644165,0.002180728130042553,0.5194817781448364,0.40933963656425476,0.011946801096200943,0.5575786828994751,0.406584769487381,-0.0020087442826479673,0.5241330862045288,0.38651221990585327,0.0037983956281095743,0.560397207736969,0.4171954393386841,-0.009346140548586845,0.5584829449653625,0.4460189938545227,-0.02112511917948723,0.5133751034736633,0.41471633315086365,0.019370974972844124,0.5230283737182617,0.4164590835571289,0.007518393453210592,0.5301046371459961,0.420986145734787,0.0024457054678350687,0.541079580783844,0.42177248001098633,-0.00023156078532338142,0.5494471192359924,0.4198157489299774,-0.002181916031986475,0.5558077096939087,0.4168553352355957,-0.004274385049939156,0.568021833896637,0.4075656831264496,-0.016979428008198738,0.5135616064071655,0.43149951100349426,0.02009406127035618,0.5198742151260376,0.3828981816768646,0.006263474002480507,0.569010317325592,0.4569900631904602,-0.025632834061980247,0.5566750168800354,0.42995625734329224,-0.008321992121636868,0.5073907971382141,0.39481428265571594,0.05181024596095085,0.5605447292327881,0.4131493866443634,-0.0058701373636722565,0.5534172058105469,0.4451526701450348,-0.004686794709414244,0.527432918548584,0.39553555846214294,0.005972288083285093,0.5585278868675232,0.4401942491531372,-0.01961289532482624,0.5120980739593506,0.45094290375709534,0.06209283322095871,0.5578223466873169,0.4034709334373474,-0.0012537986040115356,0.5628610849380493,0.43669408559799194,-0.025493260473012924,0.5284344553947449,0.49117347598075867,0.030680200085043907,0.5297301411628723,0.49890413880348206,0.042309410870075226,0.5093669891357422,0.43197423219680786,0.04090096056461334,0.5207739472389221,0.48056554794311523,0.036611542105674744,0.5118315815925598,0.38141050934791565,0.024646485224366188,0.550779402256012,0.5179009437561035,0.015520420856773853,0.5695983171463013,0.45814844965934753,-0.017795346677303314,0.5512159466743469,0.43474847078323364,-0.005451174918562174,0.5148542523384094,0.3964078724384308,0.018994629383087158,0.5372405648231506,0.4057105779647827,-0.000725553254596889,0.5424656867980957,0.40708062052726746,-0.0021857458632439375,0.5470369458198547,0.48104384541511536,0.006490656640380621,0.5144015550613403,0.44744405150413513,0.024158023297786713,0.5601734519004822,0.5277206301689148,0.017919261008501053,0.5455012321472168,0.5166724920272827,0.02851523458957672,0.5386058688163757,0.5094079971313477,0.03457222506403923,0.5754597187042236,0.34893378615379333,-0.021868765354156494,0.5702266693115234,0.5295661687850952,0.016193844377994537,0.547814130783081,0.4066764712333679,-0.0025909924879670143,0.5529054403305054,0.40529099106788635,-0.0020087433513253927,0.5562034845352173,0.40437036752700806,-0.0010986252455040812,0.5160717368125916,0.3795568346977234,0.011723731644451618,0.5522312521934509,0.3955896198749542,-0.0038996271323412657,0.5468668341636658,0.39189741015434265,-0.004782082978636026,0.5416069626808167,0.3907230794429779,-0.004379607737064362,0.5364657044410706,0.3915380835533142,-0.002582740969955921,0.5332121849060059,0.3934638202190399,-0.00048387868446297944,0.5084344148635864,0.37621867656707764,0.03964831680059433,0.5338677763938904,0.4032253623008728,0.00118490110617131,0.5716730952262878,0.4647934138774872,-0.011487931944429874,0.5538291931152344,0.4639776945114136,-0.004861166700720787,0.5591596364974976,0.4516946077346802,-0.015079635195434093,0.5641981959342957,0.46421483159065247,-0.010702190920710564,0.5737327933311462,0.39383310079574585,-0.016797194257378578,0.5366944074630737,0.5014762878417969,0.02646179310977459,0.5437821745872498,0.5095845460891724,0.02146267332136631,0.5595358610153198,0.5238815546035767,0.010348469018936157,0.5225830078125,0.48695170879364014,0.05169922113418579,0.5561153292655945,0.40041157603263855,-0.002346003195270896,0.5640369653701782,0.42064228653907776,-0.017085907980799675,0.5701555013656616,0.5255537629127502,0.008925322443246841,0.55234694480896,0.5231432318687439,0.02212490141391754,0.5114439725875854,0.4496324956417084,0.04244967922568321,0.5592541098594666,0.48173248767852783,-0.0010608879383653402,0.5581402778625488,0.4844847321510315,-0.0015680927317589521,0.5571980476379395,0.4880600571632385,-0.0021454906091094017,0.5565769076347351,0.4923151135444641,-0.0008897251100279391,0.5559502243995667,0.4960680603981018,0.004278731532394886,0.5493764877319336,0.47780853509902954,0.004137104377150536,0.5482292771339417,0.47674378752708435,0.004138208460062742,0.5473252534866333,0.47572222352027893,0.0039090123027563095,0.5431798100471497,0.469761461019516,0.004230881575495005,0.5208181142807007,0.4528316259384155,0.01283763162791729,0.564324140548706,0.4118545651435852,-0.012810463085770607,0.5615487098693848,0.395477294921875,-0.005927840247750282,0.5584326386451721,0.396965354681015,-0.003627154277637601,0.5506356954574585,0.4788762032985687,0.004736491944640875,0.5215539932250977,0.4704974293708801,0.02403738908469677,0.5665583610534668,0.39500337839126587,-0.01307451818138361,0.5532590746879578,0.5036002993583679,0.007903539575636387,0.5726428627967834,0.424751877784729,-0.026956813409924507,0.5679588317871094,0.41717538237571716,-0.021619096398353577,0.5729476809501648,0.41591084003448486,-0.023131776601076126,0.5600113868713379,0.43284469842910767,-0.015581022948026657,0.5702829360961914,0.5191289186477661,0.004765585996210575,0.570501446723938,0.5100418329238892,0.003408228512853384,0.5615051984786987,0.5089197158813477,0.004697555210441351,0.541623592376709,0.48697802424430847,0.012987595982849598,0.5482416152954102,0.45049145817756653,-0.002146214945241809,0.547149121761322,0.49622902274131775,0.010925598442554474,0.5333999395370483,0.4480920433998108,0.0003591160348150879,0.5419868230819702,0.45712006092071533,0.00047847695532254875,0.5285017490386963,0.45922204852104187,0.00667967926710844,0.5598885416984558,0.5176628828048706,0.00632418692111969,0.5568245053291321,0.43640127778053284,-0.010926901362836361,0.5376355648040771,0.4932071268558502,0.018969975411891937,0.5446569919586182,0.5025014281272888,0.015944790095090866,0.5364701747894287,0.47706151008605957,0.01213531568646431,0.5163393616676331,0.4606805741786957,0.027973508462309837,0.5294837951660156,0.4788421392440796,0.017643187195062637,0.5148257613182068,0.4658176302909851,0.04242580756545067,0.5370877981185913,0.4647573232650757,0.0048227435909211636,0.560505211353302,0.42523103952407837,-0.012358462437987328,0.5600021481513977,0.4501138925552368,-0.022110944613814354,0.5568535327911377,0.4505559504032135,-0.015547499060630798,0.5624270439147949,0.44547173380851746,-0.026289045810699463,0.556647539138794,0.38518476486206055,-0.00836590863764286,0.5467082858085632,0.3766931891441345,-0.009230035357177258,0.5379201173782349,0.37406232953071594,-0.008295780047774315,0.5308221578598022,0.37524497509002686,-0.005329441744834185,0.5260679721832275,0.3791249990463257,-0.0013731541112065315,0.5239039063453674,0.39584875106811523,0.008688860572874546,0.5083841681480408,0.41471636295318604,0.03731377050280571,0.5283200740814209,0.4099438786506653,0.005352391395717859,0.5341216921806335,0.4138133227825165,0.002164161065593362,0.5417847037315369,0.415541410446167,-0.00024430337361991405,0.549336850643158,0.41470274329185486,-0.0020680127199739218,0.5553044080734253,0.41239818930625916,-0.0024874850641936064,0.5593148469924927,0.4099794328212738,-0.003412460908293724,0.508230984210968,0.41278231143951416,0.05868414416909218,0.5569190382957458,0.4518571197986603,-0.012527494691312313,0.5637656450271606,0.42850610613822937,-0.020548924803733826,0.5636600852012634,0.4515988826751709,-0.02627795748412609,0.5663726925849915,0.4552123248577118,-0.02349301613867283,0.5636423826217651,0.45252323150634766,-0.023451488465070724,0.5581730604171753,0.45377182960510254,-0.010243653319776058,0.5673437714576721,0.4562514126300812,-0.0248721893876791,0.5679478049278259,0.4574239253997803,-0.01795927807688713,0.5598167181015015,0.403766006231308,-0.0019864230416715145,0.5624076128005981,0.4054192006587982,-0.00500608840957284,0.5640945434570312,0.4068794846534729,-0.008336813189089298,0.5313828587532043,0.3951185345649719,0.0017874807817861438,0.5271331667900085,0.38881611824035645,0.0020884049590677023,0.5772500038146973,0.4259919226169586,-0.02504720352590084,0.6144828200340271,0.40618377923965454,0.0015335273928940296,0.5768828988075256,0.4564233422279358,-0.018291672691702843,0.6389702558517456,0.36790719628334045,0.02375762164592743,0.5970781445503235,0.4136568009853363,-0.0037437027785927057,0.6033592224121094,0.4148308038711548,-0.003104978706687689,0.609257161617279,0.4138340353965759,-0.0014705092180520296,0.616657018661499,0.4078092575073242,0.003043664852157235,0.5917699933052063,0.4106824994087219,-0.0029888725839555264,0.607263445854187,0.38577800989151,-0.0077091725543141365,0.6001315116882324,0.3867899179458618,-0.007812435273081064,0.6135884523391724,0.3875337541103363,-0.0053941914811730385,0.6174403429031372,0.391340047121048,-0.0028315528761595488,0.6213361620903015,0.411548912525177,0.006731036584824324,0.5899149179458618,0.5130544900894165,0.010428635403513908,0.6164647936820984,0.4027727544307709,0.0033783288672566414,0.6389931440353394,0.4043002128601074,0.03127267584204674,0.6278349757194519,0.4033610224723816,0.01174782495945692,0.6013681888580322,0.4429832100868225,-0.004239219706505537,0.5800473690032959,0.47374212741851807,-0.010711279697716236,0.5792942047119141,0.48111531138420105,-0.007264191750437021,0.587431013584137,0.4750235676765442,-0.007138947956264019,0.5924829840660095,0.47599250078201294,-0.002380319405347109,0.5854316353797913,0.48030009865760803,-0.004950496833771467,0.5902916789054871,0.4794826805591583,-0.000655843410640955,0.597378134727478,0.48493942618370056,0.00855838879942894,0.5762532353401184,0.4536421597003937,-0.02886912226676941,0.577072262763977,0.44561561942100525,-0.03145961835980415,0.6268551349639893,0.37932005524635315,-0.0018504939507693052,0.5897231698036194,0.42335477471351624,-0.007244835142046213,0.5889449715614319,0.4488365948200226,-0.015659915283322334,0.5893794894218445,0.4441438317298889,-0.014482049271464348,0.6196257472038269,0.44136980175971985,0.0031069484539330006,0.5771967768669128,0.4350312650203705,-0.02934526838362217,0.6139657497406006,0.3715091347694397,-0.012298443354666233,0.6218573451042175,0.37335890531539917,-0.0074912989512085915,0.6341784000396729,0.3532295525074005,0.010682773776352406,0.5868313908576965,0.3825432062149048,-0.016717134043574333,0.5937723517417908,0.39093121886253357,-0.005965692922472954,0.6024057865142822,0.4773235321044922,0.008609326556324959,0.6268323063850403,0.476260781288147,0.057897910475730896,0.5848351716995239,0.4534241855144501,-0.013110972940921783,0.5804459452629089,0.45585203170776367,-0.012656907550990582,0.5996728539466858,0.4769326150417328,0.008319378830492496,0.5982316136360168,0.4775685667991638,0.006811995059251785,0.6252660751342773,0.36601001024246216,-0.0057703061029314995,0.5891947150230408,0.45129427313804626,-0.012087460607290268,0.6027149558067322,0.3742074966430664,-0.015634438022971153,0.6038540005683899,0.3663979172706604,-0.017824605107307434,0.6110097765922546,0.33329784870147705,-0.01367280725389719,0.6296301484107971,0.3619266152381897,0.0009205562528222799,0.6067008376121521,0.3498081564903259,-0.016360241919755936,0.6303727626800537,0.3738882839679718,0.002234063344076276,0.6348693370819092,0.37390661239624023,0.011909770779311657,0.5798192620277405,0.477769672870636,-0.009568888694047928,0.5864841341972351,0.47779494524002075,-0.006191772408783436,0.5914732813835144,0.47769930958747864,-0.001926621189340949,0.5836159586906433,0.4545261263847351,-0.011413210071623325,0.5989363789558411,0.47725409269332886,0.007552158087491989,0.5954846739768982,0.4807989001274109,0.004580946639180183,0.5974319577217102,0.4779207110404968,0.00671389838680625,0.5822522044181824,0.45239147543907166,-0.0211132001131773,0.5893292427062988,0.4808124303817749,0.0004731823573820293,0.5844358205795288,0.48206135630607605,-0.002373902127146721,0.5786706805229187,0.48315802216529846,-0.004523269832134247,0.578387439250946,0.5013390779495239,0.0023416492622345686,0.5795464515686035,0.4967517554759979,-0.003670747857540846,0.5794345140457153,0.4918883442878723,-0.004853334743529558,0.5790961384773254,0.4871296286582947,-0.004083313513547182,0.578601062297821,0.48334550857543945,-0.003710724413394928,0.5893504619598389,0.48080840706825256,0.0011973680229857564,0.5904302000999451,0.4823765158653259,0.0006940326420590281,0.5915790796279907,0.484608918428421,0.00021467167243827134,0.5924003720283508,0.4871710538864136,0.001563423778861761,0.5960679650306702,0.4684538245201111,-0.0015207407996058464,0.6359918713569641,0.43780359625816345,0.06034417077898979,0.5930831432342529,0.47949230670928955,0.004521708004176617,0.5942976474761963,0.48005175590515137,0.004286704119294882,0.5786803960800171,0.4588140547275543,-0.01227923296391964,0.5875788331031799,0.45512235164642334,-0.007195937447249889,0.579497218132019,0.4574076235294342,-0.012645219452679157,0.5959219336509705,0.4277327060699463,-0.004681756719946861,0.6058792471885681,0.43280306458473206,-0.0023327739909291267,0.5903791189193726,0.4469716548919678,-0.010842574760317802,0.6254320740699768,0.34137535095214844,-0.0023463561665266752,0.6208053827285767,0.35341933369636536,-0.00837178435176611,0.6163172721862793,0.36333131790161133,-0.012632914818823338,0.592345654964447,0.49163779616355896,0.0062335217371582985,0.5890101194381714,0.37087079882621765,-0.020327536389231682,0.5920707583427429,0.34926819801330566,-0.02068638801574707,0.5951692461967468,0.32916250824928284,-0.019931171089410782,0.6139745116233826,0.4118225574493408,0.0009581101476214826,0.6271494030952454,0.4163222908973694,0.01051222626119852,0.5884031057357788,0.4081760346889496,-0.0025568713899701834,0.6229161620140076,0.3937120735645294,0.0024170803371816874,0.5858011841773987,0.4183626174926758,-0.009766913950443268,0.5857253670692444,0.44711530208587646,-0.021497033536434174,0.6331911087036133,0.4208506643772125,0.017791345715522766,0.6234367489814758,0.42315518856048584,0.006181191653013229,0.6162616610527039,0.4267492890357971,0.0012458181008696556,0.6050852537155151,0.4260317087173462,-0.0011705252109095454,0.5966017842292786,0.42277389764785767,-0.0029059811495244503,0.5903531908988953,0.41889938712120056,-0.004813270177692175,0.5785398483276367,0.4080415964126587,-0.017164094373583794,0.6318155527114868,0.43751317262649536,0.018488025292754173,0.6276006102561951,0.3906777799129486,0.004767957143485546,0.5744345784187317,0.45717841386795044,-0.02571108750998974,0.5887163281440735,0.4314033091068268,-0.008804596960544586,0.6407650709152222,0.40170544385910034,0.05021694675087929,0.5857621431350708,0.4147114157676697,-0.006287537980824709,0.5911151170730591,0.44676291942596436,-0.005181837826967239,0.6190428733825684,0.40202420949935913,0.004683480132371187,0.5860539674758911,0.44131210446357727,-0.019987404346466064,0.6322802901268005,0.4569914937019348,0.060664787888526917,0.5882338881492615,0.40522369742393494,-0.0017928798915818334,0.5817580819129944,0.4374469518661499,-0.025794800370931625,0.6138372421264648,0.4951227903366089,0.02944251149892807,0.6121825575828552,0.5025076866149902,0.041264258325099945,0.635923445224762,0.43838098645210266,0.03915603086352348,0.6218492388725281,0.4853275418281555,0.035159721970558167,0.6372696757316589,0.388031929731369,0.02296530082821846,0.5899240970611572,0.5196738839149475,0.01489899680018425,0.5738585591316223,0.45829686522483826,-0.01784910261631012,0.5939502716064453,0.43673011660575867,-0.006077854428440332,0.6324477791786194,0.4036610424518585,0.017414608970284462,0.6087505221366882,0.41051965951919556,-0.001750483177602291,0.6034319400787354,0.41122370958328247,-0.0031202740501612425,0.5964901447296143,0.4817754924297333,0.005666717421263456,0.629978358745575,0.453274667263031,0.022562745958566666,0.5802690982818604,0.5284748673439026,0.017605934292078018,0.5956436991691589,0.5186796188354492,0.027723943814635277,0.6029699444770813,0.512104332447052,0.03366982191801071,0.5980668067932129,0.4099297821521759,-0.0033987758215516806,0.5929247736930847,0.407575398683548,-0.0026878206990659237,0.5897183418273926,0.40622955560684204,-0.0016936499159783125,0.6316561102867126,0.3872104287147522,0.010147123597562313,0.5944680571556091,0.398009717464447,-0.004648836329579353,0.6001359820365906,0.39540401101112366,-0.005645503289997578,0.6056230664253235,0.395351767539978,-0.00537490239366889,0.6106632351875305,0.39708563685417175,-0.003716642502695322,0.613612174987793,0.3994559645652771,-0.0016654435312375426,0.6409890055656433,0.383169561624527,0.03803275525569916,0.6122130751609802,0.4085783362388611,4.7920904762577266e-05,0.5900154113769531,0.46548429131507874,-0.005397648084908724,0.5848163366317749,0.4527120292186737,-0.01540589053183794,0.5794036984443665,0.46490225195884705,-0.010944774374365807,0.6051245927810669,0.5046354532241821,0.025421639904379845,0.5975231528282166,0.5120636820793152,0.020625688135623932,0.5807597637176514,0.524817943572998,0.009967038407921791,0.6198645234107971,0.49140992760658264,0.05043062940239906,0.5901986956596375,0.40229517221450806,-0.0029792580753564835,0.5817415118217468,0.42144080996513367,-0.017367426306009293,0.588342010974884,0.5245156288146973,0.02152235247194767,0.6326923370361328,0.45569202303886414,0.040800828486680984,0.5844005942344666,0.4821912348270416,-0.0015657899202778935,0.5853898525238037,0.4850047528743744,-0.0020692036487162113,0.5861772894859314,0.4886385202407837,-0.002672918839380145,0.5866256952285767,0.49294182658195496,-0.0014099866384640336,0.5860944986343384,0.49737420678138733,0.0037083951756358147,0.5944382548332214,0.47848284244537354,0.003326612524688244,0.5955719947814941,0.4774521589279175,0.003282268065959215,0.5965022444725037,0.47649359703063965,0.003038404043763876,0.600716233253479,0.47222763299942017,0.0032786065712571144,0.6233057975769043,0.45793506503105164,0.011391682550311089,0.5820798277854919,0.4126846492290497,-0.013144364580512047,0.5852450132369995,0.39752379059791565,-0.006311418954282999,0.5882077217102051,0.3988676965236664,-0.004147856961935759,0.5931442975997925,0.47954052686691284,0.004008063580840826,0.6217271089553833,0.4752819538116455,0.02263275347650051,0.5805414319038391,0.39712780714035034,-0.013267508707940578,0.5882682204246521,0.5051559805870056,0.00730782700702548,0.5779052376747131,0.4176080822944641,-0.0217853095382452,0.5850619077682495,0.4339703917503357,-0.015943948179483414,0.579570472240448,0.5097370147705078,0.004383634310215712,0.6011976003646851,0.4895935654640198,0.011988015845417976,0.5961286425590515,0.45260319113731384,-0.002845794428139925,0.5950285196304321,0.4983222782611847,0.010121039114892483,0.6111026406288147,0.45192641019821167,-0.0007121154339984059,0.6021912693977356,0.4599493741989136,-0.0004065258544869721,0.6154674291610718,0.46349072456359863,0.005451096687465906,0.5806967616081238,0.5186270475387573,0.005931756924837828,0.5881362557411194,0.43774011731147766,-0.011378995142877102,0.6047387719154358,0.49624308943748474,0.017911987379193306,0.597091555595398,0.5048671960830688,0.015133623965084553,0.6069157123565674,0.4802001714706421,0.010967926122248173,0.6273947358131409,0.46613049507141113,0.026467660441994667,0.613544762134552,0.4827388525009155,0.016400033608078957,0.6284668445587158,0.47133469581604004,0.040821440517902374,0.6069189310073853,0.4680311977863312,0.003705453360453248,0.5850714445114136,0.4263538718223572,-0.012732773087918758,0.5839648842811584,0.4510633945465088,-0.022430596873164177,0.5872114300727844,0.4517797827720642,-0.015952574089169502,0.5816553831100464,0.446230411529541,-0.026614228263497353,0.5905645489692688,0.3888261020183563,-0.00888505857437849,0.6010281443595886,0.3822633922100067,-0.009960931725800037,0.6099123954772949,0.3808947205543518,-0.009251128882169724,0.6168385744094849,0.382601261138916,-0.006484499666839838,0.6213230490684509,0.38669660687446594,-0.0026538516394793987,0.6228377223014832,0.4025267958641052,0.007332436740398407,0.6381503939628601,0.4213895797729492,0.03555764630436897,0.6181756854057312,0.4160398840904236,0.004090783651918173,0.612240195274353,0.4189033508300781,0.0010445074876770377,0.6043208241462708,0.4195220172405243,-0.0011699552414938807,0.5966709852218628,0.41752785444259644,-0.002805139170959592,0.5907350182533264,0.4142813980579376,-0.0030394282657653093,0.5868104100227356,0.4113599359989166,-0.003858256619423628,0.6386735439300537,0.419498473405838,0.05705445632338524,0.5870929956436157,0.4530133903026581,-0.01293076854199171,0.581405758857727,0.42927443981170654,-0.020847072824835777,0.5800676941871643,0.452229380607605,-0.02647884003818035,0.5772620439529419,0.4556281566619873,-0.023595523089170456,0.5801493525505066,0.4531770944595337,-0.023658791556954384,0.5858028531074524,0.45482030510902405,-0.010587833821773529,0.576177716255188,0.4565703570842743,-0.024953069165349007,0.5755650401115417,0.45766404271125793,-0.018055032938718796,0.586400032043457,0.40529245138168335,-0.0024261053185909986,0.5839071273803711,0.40671196579933167,-0.005344814620912075,0.5823984742164612,0.4082857370376587,-0.00865119881927967,0.6152353882789612,0.4012318253517151,0.0005615267436951399,0.6195855140686035,0.3957478702068329,0.0007853349088691175,0.5436469912528992,0.39973509311676025,-0.0011254721321165562,0.5497947335243225,0.4002074897289276,-0.0011254721321165562,0.5441110730171204,0.391941100358963,-0.0011254721321165562,0.5374094247817993,0.399211049079895,-0.0011254721321165562,0.5431651473045349,0.4074569046497345,-0.0011254721321165562,0.6024074554443359,0.402059406042099,-0.0020595730748027563,0.6086346507072449,0.4022930860519409,-0.0020595730748027563,0.6024686694145203,0.39402660727500916,-0.0020595730748027563,0.5962733626365662,0.4017750024795532,-0.0020595730748027563,0.6023693084716797,0.4100457727909088,-0.0020595730748027563
3833.3333333333394,0.57452392578125,0.47273463010787964,-0.0116666154935956,0.5735476613044739,0.4530729651451111,-0.029733015224337578,0.5734200477600098,0.4588756859302521,-0.014228267595171928,0.5698373317718506,0.42406541109085083,-0.024903684854507446,0.5737859010696411,0.4445788264274597,-0.03243307024240494,0.5741481781005859,0.43286892771720886,-0.03121401183307171,0.5751453042030334,0.40396958589553833,-0.019021883606910706,0.5333821177482605,0.39830926060676575,0.003336312249302864,0.5761153101921082,0.37931033968925476,-0.01717163808643818,0.5766221880912781,0.3670242130756378,-0.019766047596931458,0.5783928632736206,0.3241034746170044,-0.019417110830545425,0.5744009613990784,0.4761046767234802,-0.010607889853417873,0.5741738677024841,0.47948917746543884,-0.008621550165116787,0.5739756226539612,0.481670618057251,-0.0058636232279241085,0.5738714933395386,0.4816952049732208,-0.0051075005903840065,0.5738255977630615,0.48617738485336304,-0.005599715281277895,0.5736742615699768,0.4913896322250366,-0.006426642183214426,0.5734342336654663,0.4966290593147278,-0.005261239595711231,0.5722160339355469,0.5009912848472595,0.0006256728083826602,0.5734898447990417,0.45681262016296387,-0.026463758200407028,0.5684263110160828,0.4554213285446167,-0.018625589087605476,0.5128588080406189,0.35878047347068787,0.026903193444013596,0.5499378442764282,0.408598393201828,-0.0024694607127457857,0.5437647104263306,0.4090871810913086,-0.0017259202431887388,0.5381726622581482,0.40724238753318787,8.877950313035399e-05,0.5312106609344482,0.399601012468338,0.004895614460110664,0.5552530288696289,0.4060904383659363,-0.0018162725027650595,0.5424385666847229,0.3766666352748871,-0.00593356741592288,0.5494199991226196,0.3789656162261963,-0.006205331534147263,0.5358327031135559,0.3777473270893097,-0.003501112572848797,0.5315042734146118,0.38151997327804565,-0.0008639185689389706,0.5267513990402222,0.4030734598636627,0.008591962978243828,0.552429735660553,0.5111570358276367,0.009445825591683388,0.5317144989967346,0.39427053928375244,0.005294595845043659,0.5100212693214417,0.3960380554199219,0.033828254789114,0.5205938220024109,0.39378905296325684,0.013896489515900612,0.5448828935623169,0.439096599817276,-0.00361697468906641,0.5665223598480225,0.4702082872390747,-0.01102890819311142,0.5667365789413452,0.4783795475959778,-0.0076517341658473015,0.5586358904838562,0.4715314507484436,-0.007187838666141033,0.5531811714172363,0.4729006886482239,-0.0021947515197098255,0.5603697896003723,0.47737446427345276,-0.005041548050940037,0.555334210395813,0.47667196393013,-0.0005711974808946252,0.5468724370002747,0.4821590483188629,0.008738779462873936,0.5690470337867737,0.4525374174118042,-0.029239652678370476,0.5686560869216919,0.44418615102767944,-0.031715068966150284,0.5232729315757751,0.36821529269218445,0.0005337015609256923,0.5578594207763672,0.4203464686870575,-0.0065457019954919815,0.5568826794624329,0.4465844929218292,-0.015561195090413094,0.5567323565483093,0.4417131543159485,-0.014281430281698704,0.5264970660209656,0.4355033040046692,0.004358670208603144,0.5692387223243713,0.4333644211292267,-0.029394596815109253,0.5366758108139038,0.3600568473339081,-0.01029424648731947,0.5286820530891418,0.3619934022426605,-0.005194530822336674,0.5189378261566162,0.3441179096698761,0.013839667662978172,0.5628157258033752,0.3735021948814392,-0.015516464598476887,0.5551838278770447,0.38457393646240234,-0.004533806350082159,0.5422602295875549,0.47396400570869446,0.00901818834245205,0.5172134041786194,0.4714048206806183,0.05892639234662056,0.5607215762138367,0.451679527759552,-0.013113566674292088,0.5650089383125305,0.4544733166694641,-0.012893294915556908,0.545856237411499,0.47486773133277893,0.008732039481401443,0.5473012924194336,0.4754013419151306,0.0071508921682834625,0.5254822969436646,0.3545752763748169,-0.0032849563285708427,0.5564814805984497,0.4490361213684082,-0.012016733177006245,0.5476763844490051,0.3632012903690338,-0.013966187834739685,0.5469708442687988,0.35544493794441223,-0.01607169397175312,0.5436089038848877,0.3261374235153198,-0.011048071086406708,0.5228922963142395,0.3531174659729004,0.0036810177844017744,0.5464641451835632,0.34310030937194824,-0.014211046509444714,0.5198361873626709,0.3627746105194092,0.004800304304808378,0.5166997313499451,0.3649276793003082,0.014767329208552837,0.5664944648742676,0.4746542274951935,-0.009891551919281483,0.5594950914382935,0.4746146500110626,-0.006242214702069759,0.55419921875,0.4747912883758545,-0.001768680289387703,0.5618493556976318,0.45287641882896423,-0.011532904580235481,0.5465976595878601,0.4751397371292114,0.007928329519927502,0.5497807860374451,0.4785994589328766,0.004736353177577257,0.5481122136116028,0.47570186853408813,0.007021617144346237,0.5632810592651367,0.450909286737442,-0.021212873980402946,0.5561773180961609,0.4780745804309845,0.000470466329716146,0.5611883997917175,0.47927117347717285,-0.0025925361551344395,0.5671588182449341,0.4806262254714966,-0.005005692597478628,0.5645557045936584,0.5001662373542786,0.001210075686685741,0.5653486251831055,0.4953007996082306,-0.004588763695210218,0.5658000111579895,0.4899894893169403,-0.005593635141849518,0.5664399266242981,0.48481112718582153,-0.004695598501712084,0.5670963525772095,0.48072826862335205,-0.004181178752332926,0.5560192465782166,0.4781718850135803,0.0012007035547867417,0.554875373840332,0.4799097776412964,0.0005753956502303481,0.5535567998886108,0.4823664426803589,7.910917702247389e-06,0.5524994134902954,0.48518458008766174,0.0013307675253599882,0.5488024950027466,0.46551162004470825,-0.0011851891176775098,0.5104527473449707,0.4309394955635071,0.06233671307563782,0.5734621286392212,0.45797544717788696,-0.018653636798262596,0.5522616505622864,0.4770338833332062,0.004737289156764746,0.5510454177856445,0.47770875692367554,0.004444477614015341,0.5666368007659912,0.45750540494918823,-0.012592391110956669,0.557937502861023,0.4530223309993744,-0.007235102821141481,0.5658835172653198,0.4560455083847046,-0.012916936539113522,0.5513083934783936,0.4241426885128021,-0.0038919963408261538,0.5410048961639404,0.4281841516494751,-0.0013145016273483634,0.5555915236473083,0.4444558918476105,-0.010659311898052692,0.5286620855331421,0.33285999298095703,0.0006395423552021384,0.5322893857955933,0.34523189067840576,-0.005845967680215836,0.5346539616584778,0.35210299491882324,-0.010455374605953693,0.551345705986023,0.48925232887268066,0.006022786255925894,0.5615082383155823,0.3611125349998474,-0.018962347880005836,0.5609703063964844,0.3442055284976959,-0.018938902765512466,0.5596246719360352,0.32365649938583374,-0.017778707668185234,0.5336122512817383,0.40423792600631714,0.002691115252673626,0.5207668542861938,0.4074592590332031,0.012447774410247803,0.5587730407714844,0.4036831259727478,-0.0014111042255535722,0.5259395837783813,0.38391754031181335,0.004565570503473282,0.562130868434906,0.41561275720596313,-0.009101235307753086,0.5601183176040649,0.4451046586036682,-0.02149820886552334,0.5143944621086121,0.4133925139904022,0.019826125353574753,0.5243470072746277,0.41480308771133423,0.007855328731238842,0.5315096378326416,0.4193706512451172,0.0026932694017887115,0.5424504280090332,0.41999855637550354,1.3961710465082433e-05,0.5507442355155945,0.41779348254203796,-0.0019011313561350107,0.5570999979972839,0.41451865434646606,-0.003943403251469135,0.5698622465133667,0.4056366980075836,-0.0165848471224308,0.5144102573394775,0.4305061995983124,0.0202478114515543,0.5215566754341125,0.38026827573776245,0.007088363170623779,0.57073575258255,0.4563341736793518,-0.026122761890292168,0.5582871437072754,0.42866551876068115,-0.00834848452359438,0.5084227919578552,0.393500953912735,0.052958596497774124,0.5618895888328552,0.41054093837738037,-0.005451074801385403,0.55488121509552,0.4441526532173157,-0.004973342642188072,0.5290963053703308,0.3930593729019165,0.006650113500654697,0.560178816318512,0.43910956382751465,-0.0198967382311821,0.512897789478302,0.451016366481781,0.062171563506126404,0.559144914150238,0.40045687556266785,-0.0005793562158942223,0.5645931959152222,0.43548330664634705,-0.025745924562215805,0.5293881297111511,0.4913657009601593,0.029736176133155823,0.5307469367980957,0.49945032596588135,0.04129229113459587,0.5102130770683289,0.43129152059555054,0.04117271676659584,0.5215481519699097,0.480808287858963,0.03590178117156029,0.5130336880683899,0.37939971685409546,0.025730635970830917,0.5521153211593628,0.517805814743042,0.013767723925411701,0.5713142156600952,0.4575260281562805,-0.018267204985022545,0.5526905655860901,0.43354135751724243,-0.005566478706896305,0.5158975124359131,0.3940442204475403,0.01972460001707077,0.5386321544647217,0.4038863182067871,-0.00017761476919986308,0.543742835521698,0.4053298532962799,-0.0016451855190098286,0.5486841201782227,0.4797075092792511,0.005858211312443018,0.515140950679779,0.4468425512313843,0.024017073214054108,0.561566948890686,0.5273938179016113,0.0158980842679739,0.5468382835388184,0.5168602466583252,0.026951799169182777,0.5398257374763489,0.5097949504852295,0.03327714651823044,0.5774533748626709,0.34569060802459717,-0.020480390638113022,0.5715717673301697,0.5291470289230347,0.014135054312646389,0.5490619540214539,0.4047037661075592,-0.0020143042784184217,0.5541298389434814,0.4028398394584656,-0.0013787111965939403,0.5574557781219482,0.40155884623527527,-0.0004258743720129132,0.5175443887710571,0.37688761949539185,0.012631583027541637,0.553776204586029,0.3924095034599304,-0.0032055785413831472,0.5485013723373413,0.3888191878795624,-0.004059461411088705,0.5432966351509094,0.38780826330184937,-0.00367934862151742,0.538192629814148,0.38881829380989075,-0.0018999221501871943,0.5349695086479187,0.39086776971817017,0.0001829621323850006,0.5095655918121338,0.37437182664871216,0.04102197661995888,0.5353689193725586,0.40122613310813904,0.0017579817213118076,0.573310911655426,0.46406152844429016,-0.011991697363555431,0.5551067590713501,0.46316057443618774,-0.0053320396691560745,0.560759425163269,0.450971782207489,-0.015454617328941822,0.5657054781913757,0.46344316005706787,-0.011234422214329243,0.5756033658981323,0.3914743959903717,-0.016165275126695633,0.5378461480140686,0.5016471147537231,0.025256359949707985,0.5450467467308044,0.5096406936645508,0.01996687240898609,0.5609067678451538,0.5236510038375854,0.008392587304115295,0.5234413146972656,0.4875767230987549,0.05100119858980179,0.5575283765792847,0.39729180932044983,-0.0016501251375302672,0.5658125281333923,0.4190768301486969,-0.01695985719561577,0.5715251564979553,0.5251244306564331,0.00692002521827817,0.5537433624267578,0.5230565071105957,0.020295681431889534,0.512209415435791,0.44937965273857117,0.042373232543468475,0.5611050724983215,0.4794384837150574,-0.0017844400135800242,0.559988260269165,0.48252785205841064,-0.002426777733489871,0.5590049028396606,0.48649588227272034,-0.003108129370957613,0.5582905411720276,0.4912213683128357,-0.0019305272726342082,0.5571104884147644,0.49558690190315247,0.0030951034277677536,0.5511223077774048,0.47598060965538025,0.0036310190334916115,0.5499697327613831,0.474942147731781,0.0036465758457779884,0.5490396618843079,0.4739192724227905,0.0034209461882710457,0.5439932346343994,0.4688924551010132,0.0037750147748738527,0.521569013595581,0.4521459937095642,0.01252498384565115,0.5661262273788452,0.4100845456123352,-0.012477543205022812,0.5630453824996948,0.3921975791454315,-0.00522106047719717,0.5598501563072205,0.3936810791492462,-0.002883374225348234,0.5523802638053894,0.47700709104537964,0.004201976582407951,0.5222789645195007,0.47028303146362305,0.023453909903764725,0.568195641040802,0.39173784852027893,-0.012448230758309364,0.554470956325531,0.5033320188522339,0.0065181017853319645,0.5744785070419312,0.4232099652290344,-0.0269694272428751,0.5697861909866333,0.4154939651489258,-0.021429745480418205,0.5747885704040527,0.4141821265220642,-0.022928649559617043,0.5616825819015503,0.4315813481807709,-0.015688318759202957,0.5716807246208191,0.5186803936958313,0.0029002586379647255,0.5719352960586548,0.5095424652099609,0.0017287764931097627,0.5628157258033752,0.5085898041725159,0.0030594614800065756,0.5426675081253052,0.4865111708641052,0.01211383193731308,0.5495680570602417,0.44956979155540466,-0.0024842245038598776,0.5482972860336304,0.49590811133384705,0.00978841632604599,0.5344376564025879,0.44712701439857483,1.8126582290278748e-05,0.5430960059165955,0.45626580715179443,9.567129745846614e-05,0.5293713212013245,0.45847776532173157,0.006203656084835529,0.5612180233001709,0.5174379348754883,0.0045101577416062355,0.5584235787391663,0.4352356493473053,-0.011085443198680878,0.5387498736381531,0.4930199980735779,0.017935654148459435,0.5458744764328003,0.5023400187492371,0.014599170535802841,0.5373792052268982,0.47641757130622864,0.011419697664678097,0.5170264840126038,0.46040260791778564,0.027591262012720108,0.530376672744751,0.47849711775779724,0.016901833936572075,0.5155603289604187,0.46592023968696594,0.042028818279504776,0.5379654765129089,0.46390700340270996,0.00434379605576396,0.5622110962867737,0.42381641268730164,-0.01230139285326004,0.5616337656974792,0.4493642747402191,-0.02251448668539524,0.5584262609481812,0.4497644305229187,-0.015952998772263527,0.5641247034072876,0.44452711939811707,-0.02665954828262329,0.5584223866462708,0.3815538287162781,-0.007561450358480215,0.5487368106842041,0.3731127977371216,-0.00835571438074112,0.5401040315628052,0.37074947357177734,-0.00740831671282649,0.5330331921577454,0.37223878502845764,-0.004471661522984505,0.5281623601913452,0.37634795904159546,-0.0005486810696311295,0.5254226326942444,0.3933938443660736,0.009389427490532398,0.5093421936035156,0.41362613439559937,0.037898968905210495,0.52968430519104,0.40795642137527466,0.005815641023218632,0.5354127883911133,0.411917507648468,0.002575723920017481,0.5430132746696472,0.4136737287044525,0.00013701034185942262,0.550508439540863,0.4126388430595398,-0.0016822185134515166,0.556481122970581,0.40993160009384155,-0.002026593778282404,0.5605384111404419,0.4072360694408417,-0.002917520236223936,0.5092103481292725,0.41194063425064087,0.05953302979469299,0.5584544539451599,0.45104196667671204,-0.01293457206338644,0.5655268430709839,0.4271049499511719,-0.020610598847270012,0.5653364658355713,0.45086321234703064,-0.02670719474554062,0.5680330395698547,0.4545438587665558,-0.023954186588525772,0.5652852654457092,0.45183271169662476,-0.02388031780719757,0.5596765875816345,0.452953964471817,-0.010658279992640018,0.5690339803695679,0.45559120178222656,-0.025352759286761284,0.5696336627006531,0.45678478479385376,-0.018420813605189323,0.5610969662666321,0.40064361691474915,-0.001331688603386283,0.5637302398681641,0.4024525582790375,-0.004425009246915579,0.5655214786529541,0.40400323271751404,-0.00783237162977457,0.5331528782844543,0.39257508516311646,0.0024575593415647745,0.5289793610572815,0.38616713881492615,0.002775832312181592,0.5790722370147705,0.4244796931743622,-0.025048276409506798,0.6170346140861511,0.4027515649795532,0.002325422363355756,0.5787147283554077,0.4557759463787079,-0.018724525347352028,0.6410640478134155,0.36547502875328064,0.02554178424179554,0.6000717282295227,0.41049766540527344,-0.003148596500977874,0.6062089204788208,0.41148582100868225,-0.0025007983203977346,0.6119667291641235,0.4106042981147766,-0.0008211798849515617,0.6192869544029236,0.4048067629337311,0.003799316007643938,0.5948396921157837,0.40784913301467896,-0.0023581646382808685,0.6097696423530579,0.3828912377357483,-0.006816095672547817,0.6027002930641174,0.3840886354446411,-0.006922667846083641,0.6161633133888245,0.38449519872665405,-0.004490254912525415,0.6201001405715942,0.3882274925708771,-0.0019350912189111114,0.6240032315254211,0.40898528695106506,0.007472493685781956,0.5914207696914673,0.5128703117370605,0.008915796875953674,0.6190209984779358,0.399617075920105,0.0042327167466282845,0.6410786509513855,0.40273988246917725,0.03235859423875809,0.6304473280906677,0.4009665548801422,0.012662571854889393,0.6033368706703186,0.44181859493255615,-0.0043387459591031075,0.5824359655380249,0.47082945704460144,-0.011254029348492622,0.5815083384513855,0.47889474034309387,-0.007895165123045444,0.5898894667625427,0.4725455045700073,-0.007653671316802502,0.594871997833252,0.47405532002449036,-0.002800753340125084,0.5876346230506897,0.47825485467910767,-0.005500172730535269,0.5924775004386902,0.4776967763900757,-0.0011266140500083566,0.5991607308387756,0.484144002199173,0.00794406421482563,0.5780869126319885,0.45289701223373413,-0.029309485107660294,0.5788873434066772,0.44457679986953735,-0.031820666044950485,0.6292603611946106,0.37613624334335327,-0.0007037699688225985,0.5915892720222473,0.4219098687171936,-0.00698490347713232,0.5907890200614929,0.4479144215583801,-0.01594454050064087,0.5912213325500488,0.4430919885635376,-0.014697899110615253,0.6218131184577942,0.4401122033596039,0.0032013021409511566,0.5790298581123352,0.433728963136673,-0.029534414410591125,0.6162620186805725,0.3679298460483551,-0.011160152964293957,0.6242226362228394,0.36995068192481995,-0.00630692346021533,0.6362349987030029,0.35033994913101196,0.012582430616021156,0.5891567468643188,0.37930774688720703,-0.015800127759575844,0.5964729189872742,0.38840779662132263,-0.005118315573781729,0.6043099761009216,0.4763082265853882,0.008124502375721931,0.628980815410614,0.4765465557575226,0.05778652802109718,0.5866830348968506,0.452659547328949,-0.013440911658108234,0.582264244556427,0.4551076889038086,-0.013052084483206272,0.6017409563064575,0.4759771525859833,0.007943474687635899,0.6002717018127441,0.4764673113822937,0.0064543746411800385,0.6275590658187866,0.3627079725265503,-0.004453643225133419,0.5910621285438538,0.45038625597953796,-0.01239283848553896,0.6049681901931763,0.3706524074077606,-0.014582047238945961,0.6060045957565308,0.36280664801597595,-0.016680266708135605,0.6130875945091248,0.32987409830093384,-0.011813309043645859,0.6316257119178772,0.3590298295021057,0.0024777171202003956,0.608720064163208,0.3465907573699951,-0.014850805513560772,0.6326504349708557,0.3709634244441986,0.003497340017929673,0.6369065642356873,0.37139859795570374,0.013392720371484756,0.582153856754303,0.475240021944046,-0.010144065134227276,0.5888331532478333,0.47558361291885376,-0.006718025077134371,0.5937741994857788,0.47586241364479065,-0.0023710879031568766,0.5854628086090088,0.4537528157234192,-0.011751428246498108,0.6009872555732727,0.47622501850128174,0.0071922363713383675,0.59754878282547,0.4796343147754669,0.004100526217371225,0.5994579792022705,0.47673505544662476,0.00635786447674036,0.5841277837753296,0.451700896024704,-0.02146069146692753,0.5913922190666199,0.47905033826828003,-4.9880480219144374e-05,0.5865152478218079,0.4801045060157776,-0.0029989583417773247,0.5807454586029053,0.4811180830001831,-0.005246382672339678,0.5799332857131958,0.5008431077003479,0.0009572753333486617,0.5814310312271118,0.4957605004310608,-0.004842269234359264,0.5813673734664917,0.4904458522796631,-0.005877384915947914,0.581066370010376,0.4852641522884369,-0.004961958155035973,0.5805901885032654,0.4811666011810303,-0.004443880170583725,0.5913670063018799,0.47904887795448303,0.0006812465144321322,0.5924532413482666,0.4808524250984192,7.293592352652922e-05,0.5936050415039062,0.4833383560180664,-0.0004907749244011939,0.5944118499755859,0.4861793518066406,0.0008282967028208077,0.5979844331741333,0.46749433875083923,-0.0018312580650672317,0.6382615566253662,0.4372331500053406,0.06101956218481064,0.5950928330421448,0.4779903292655945,0.004121980629861355,0.5963350534439087,0.4787274897098541,0.003822533180937171,0.5804603099822998,0.45805883407592773,-0.012747684493660927,0.5894492268562317,0.45424923300743103,-0.007550164125859737,0.5812984704971313,0.4566589891910553,-0.013068996369838715,0.5978726744651794,0.4263574481010437,-0.004481074865907431,0.6079077124595642,0.4314348101615906,-0.002173845889046788,0.5922442078590393,0.4459611475467682,-0.011077843606472015,0.6275012493133545,0.3381536900997162,-0.0004227222525514662,0.6228029131889343,0.35028380155563354,-0.006813941523432732,0.6185070872306824,0.3598189353942871,-0.011374172754585743,0.5940567851066589,0.4909679591655731,0.005401502829045057,0.5911930203437805,0.3674124777317047,-0.0192672498524189,0.5940930247306824,0.34604352712631226,-0.0192421842366457,0.5972458124160767,0.3256528973579407,-0.018158461898565292,0.6166256070137024,0.4086286723613739,0.001657341606914997,0.6300194263458252,0.4141359031200409,0.011201777495443821,0.591468334197998,0.40552008152008057,-0.0018896555993705988,0.6255525946617126,0.3907333016395569,0.003397104563191533,0.5876306295394897,0.41678929328918457,-0.009455925785005093,0.5875780582427979,0.44620272517204285,-0.021792152896523476,0.6353427767753601,0.4194430410861969,0.018441788852214813,0.6262518763542175,0.42089417576789856,0.006702604237943888,0.6189842820167542,0.4245222508907318,0.0016546295955777168,0.6077520251274109,0.42370012402534485,-0.0008000850793905556,0.5992892980575562,0.42040812969207764,-0.0025303817819803953,0.5930169224739075,0.4165332317352295,-0.004402657970786095,0.5803675651550293,0.40613192319869995,-0.016746588051319122,0.6341019868850708,0.4364003539085388,0.018829140812158585,0.6300852298736572,0.3879067301750183,0.005824660416692495,0.5762437582015991,0.4565337002277374,-0.026182472705841064,0.5905745625495911,0.43009206652641296,-0.008740024641156197,0.6429210901260376,0.40026330947875977,0.05158159136772156,0.5883833765983582,0.41224339604377747,-0.005804788786917925,0.5930173397064209,0.4457433819770813,-0.005382501520216465,0.6217280626296997,0.39904773235321045,0.005564241204410791,0.5878934860229492,0.4402177035808563,-0.02019418776035309,0.6345441937446594,0.4568650424480438,0.06096954643726349,0.5912774801254272,0.4025084972381592,-0.0010481980862095952,0.5835927724838257,0.4362334609031677,-0.02599274553358555,0.6156502366065979,0.49521803855895996,0.0286369938403368,0.613881528377533,0.5030120611190796,0.040418509393930435,0.6382207274436951,0.4375940263271332,0.03964739665389061,0.6239147186279297,0.4854428768157959,0.03461277484893799,0.6393409371376038,0.38599997758865356,0.02429373562335968,0.5913136005401611,0.5195572376251221,0.013203965499997139,0.5756385922431946,0.4576749801635742,-0.018311776220798492,0.5958639979362488,0.43549931049346924,-0.006089262664318085,0.6351006627082825,0.40169060230255127,0.018371889367699623,0.6114503145217896,0.406751811504364,-0.0010450711706653237,0.6062996983528137,0.4075114130973816,-0.0024401459377259016,0.5985591411590576,0.4807841181755066,0.00517811207100749,0.632326066493988,0.45252615213394165,0.022605333477258682,0.5815430283546448,0.5281786918640137,0.015622753649950027,0.5969940423965454,0.5189113616943359,0.02629445679485798,0.6044245362281799,0.5125060677528381,0.03252510726451874,0.6010510325431824,0.40646782517433167,-0.002713211812078953,0.5960320234298706,0.40449437499046326,-0.001980586675927043,0.5928202867507935,0.4034159481525421,-0.000952988222707063,0.6340150237083435,0.3847300708293915,0.011289817281067371,0.5973000526428223,0.3956100642681122,-0.0038442525546997786,0.6027508974075317,0.39303359389305115,-0.004801199771463871,0.6081069707870483,0.3928264081478119,-0.004526895005255938,0.6131267547607422,0.3943575322628021,-0.002864495851099491,0.6161020398139954,0.39653900265693665,-0.0008208986255340278,0.643121063709259,0.3812085688114166,0.03966356813907623,0.6148170828819275,0.4049273133277893,0.0007998654036782682,0.5918415784835815,0.46459195017814636,-0.0057818996720016,0.5866771936416626,0.4519738554954529,-0.015716323629021645,0.5811273455619812,0.46408724784851074,-0.01143816951662302,0.6066998839378357,0.5047391057014465,0.024337399750947952,0.5989828705787659,0.5120925903320312,0.01922435127198696,0.5820959210395813,0.5245610475540161,0.008036171086132526,0.6218034029006958,0.49190399050712585,0.04993274807929993,0.5931940674781799,0.39971163868904114,-0.002201623050495982,0.5835633277893066,0.41987407207489014,-0.017193911597132683,0.5896316170692444,0.5244815349578857,0.019785812124609947,0.6350079774856567,0.45531535148620605,0.04094407707452774,0.5864108800888062,0.48016417026519775,-0.002191375009715557,0.5873814821243286,0.48328208923339844,-0.0028205029666423798,0.5881409049034119,0.48726290464401245,-0.003532091621309519,0.5885598063468933,0.49197396636009216,-0.0023434895556420088,0.5877285003662109,0.4968091547489166,0.0026240127626806498,0.5965770483016968,0.4770148694515228,0.0029523703269660473,0.5977745652198792,0.47603362798690796,0.0029285019263625145,0.5987647771835327,0.4750690460205078,0.002689087763428688,0.6026920676231384,0.47119438648223877,0.0029539698734879494,0.6255940794944763,0.45709913969039917,0.01124217826873064,0.5838972330093384,0.4109378159046173,-0.012763985432684422,0.5879634022712708,0.39491361379623413,-0.005529977381229401,0.5910874009132385,0.3963007926940918,-0.003336929949000478,0.5951798558235168,0.4780067205429077,0.003587259678170085,0.6238895654678345,0.47492215037345886,0.022211456671357155,0.5829960107803345,0.3944856524467468,-0.012597301043570042,0.5898426175117493,0.5048195123672485,0.005989990197122097,0.5797325372695923,0.4159303903579712,-0.021573740988969803,0.586895227432251,0.43269461393356323,-0.015978794544935226,0.5810761451721191,0.5093622803688049,0.0027673766016960144,0.6028735041618347,0.48902785778045654,0.011243936605751514,0.5980377793312073,0.4516304135322571,-0.003082034643739462,0.5966322422027588,0.4979252219200134,0.009087136946618557,0.6131894588470459,0.45085087418556213,-0.0009338599629700184,0.6041470170021057,0.4590000510215759,-0.0006709254812449217,0.6176039576530457,0.4626117944717407,0.005108842626214027,0.5821223855018616,0.5183587074279785,0.0041375732980668545,0.5899897813796997,0.4365566670894623,-0.011455369181931019,0.6063763499259949,0.49597859382629395,0.017011694610118866,0.5986295342445374,0.504647970199585,0.013886617496609688,0.6087453365325928,0.4794292151927948,0.010398789308965206,0.6296764612197876,0.4657056927680969,0.026272788643836975,0.6154646873474121,0.48227494955062866,0.015806788578629494,0.630700945854187,0.47129422426223755,0.040624916553497314,0.6089186668395996,0.46704745292663574,0.003358416259288788,0.5869017243385315,0.4249284267425537,-0.012606450356543064,0.5858426094055176,0.4503079950809479,-0.022768286988139153,0.5890599489212036,0.4509665369987488,-0.016281064599752426,0.5835092663764954,0.4452894330024719,-0.026931019499897957,0.5931671261787415,0.3860554099082947,-0.00799249392002821,0.6034905314445496,0.3792264759540558,-0.008977106772363186,0.6123669147491455,0.3776955008506775,-0.008243496529757977,0.6193764209747314,0.3793722689151764,-0.005469738505780697,0.6239142417907715,0.38347676396369934,-0.001636240049265325,0.6254814267158508,0.399776428937912,0.00823849905282259,0.640346109867096,0.4202110171318054,0.036346618086099625,0.620843768119812,0.4133846163749695,0.004729195032268763,0.6149202585220337,0.41625046730041504,0.001616990426555276,0.6070608496665955,0.41675424575805664,-0.0006561122718267143,0.5994930267333984,0.41483059525489807,-0.00231676222756505,0.5935941338539124,0.4117470681667328,-0.0025018565356731415,0.5896424055099487,0.4088677763938904,-0.003301652381196618,0.6408782601356506,0.41849514842033386,0.05810699984431267,0.5889437794685364,0.45218324661254883,-0.013257447630167007,0.5832338929176331,0.42786645889282227,-0.020854955539107323,0.5819414854049683,0.4514980912208557,-0.026873072609305382,0.5791192650794983,0.4549730122089386,-0.024032624438405037,0.582032322883606,0.45249295234680176,-0.024043895304203033,0.5876668691635132,0.45399221777915955,-0.010940509848296642,0.578011155128479,0.45591792464256287,-0.025418022647500038,0.5773717761039734,0.45703038573265076,-0.018503867089748383,0.5894141793251038,0.40267282724380493,-0.001710138050839305,0.5866777896881104,0.40418359637260437,-0.004708221182227135,0.5849950313568115,0.4057268798351288,-0.008096521720290184,0.6177610754966736,0.39818674325942993,0.001419493812136352,0.6222772002220154,0.3926318883895874,0.0016768244095146656,0.5452398657798767,0.3975788950920105,-0.00048037944361567497,0.5511804819107056,0.39803004264831543,-0.00048037944361567497,0.5456881523132324,0.3900073170661926,-0.00048037944361567497,0.5391799211502075,0.3971008360385895,-0.00048037944361567497,0.5447662472724915,0.4050961136817932,-0.00048037944361567497,0.6046856641769409,0.39911317825317383,-0.0012788792373612523,0.6107520461082458,0.39935022592544556,-0.0012788792373612523,0.6048153638839722,0.39159834384918213,-0.0012788792373612523,0.598697304725647,0.3988327383995056,-0.0012788792373612523,0.6045834422111511,0.40662404894828796,-0.0012788792373612523
3866.666666666673,0.5755757689476013,0.46990305185317993,-0.012696078978478909,0.5749946236610413,0.4500345289707184,-0.03006286919116974,0.57476407289505,0.45625847578048706,-0.014768446795642376,0.5711781978607178,0.421068012714386,-0.024546021595597267,0.5752420425415039,0.4414506256580353,-0.032603636384010315,0.5755800008773804,0.429759681224823,-0.03112749382853508,0.5764853358268738,0.4010965824127197,-0.01810835488140583,0.534388542175293,0.396601140499115,0.004542995244264603,0.5774385333061218,0.3765363395214081,-0.015730736777186394,0.5779448747634888,0.3642027974128723,-0.01801828108727932,0.5797234177589417,0.32160836458206177,-0.01644853502511978,0.5754485130310059,0.47339874505996704,-0.01170226652175188,0.5752230286598206,0.476934015750885,-0.009744687005877495,0.5750186443328857,0.479215532541275,-0.006997575983405113,0.5748515725135803,0.4795166552066803,-0.00647228118032217,0.5747860670089722,0.48414409160614014,-0.007050249259918928,0.574622631072998,0.48955321311950684,-0.008014130406081676,0.5743705034255981,0.49498865008354187,-0.007009448949247599,0.5735035538673401,0.49914783239364624,-0.001323419390246272,0.5749146938323975,0.4539147913455963,-0.02686217799782753,0.5697543025016785,0.4526679217815399,-0.01901540532708168,0.513756513595581,0.35721415281295776,0.029384087771177292,0.5509015321731567,0.4066630005836487,-0.001468959846533835,0.5447245240211487,0.40722665190696716,-0.0007352366228587925,0.5391325354576111,0.40540459752082825,0.001100711990147829,0.5321736335754395,0.3979088068008423,0.006022348068654537,0.55625319480896,0.4039614796638489,-0.0007857801392674446,0.5436608195304871,0.37459877133369446,-0.0045858160592615604,0.5505877137184143,0.37674373388290405,-0.004828284960240126,0.537055492401123,0.37577974796295166,-0.0021709499415010214,0.532663106918335,0.3796394169330597,0.000458684895420447,0.5276405811309814,0.40141761302948,0.009626033715903759,0.5534224510192871,0.5098170638084412,0.007165396586060524,0.5327343940734863,0.3926108181476593,0.006560332607477903,0.5106794834136963,0.39462000131607056,0.03520297631621361,0.521484911441803,0.3922819197177887,0.01514614187180996,0.5459267497062683,0.4368656873703003,-0.0036098372656852007,0.5675857663154602,0.4673578441143036,-0.012023679912090302,0.5678601264953613,0.4758596122264862,-0.008772156201303005,0.5596836805343628,0.4689425528049469,-0.008231652900576591,0.554273784160614,0.4706486463546753,-0.0033398207742720842,0.5615262985229492,0.4750070571899414,-0.006182786542922258,0.556549608707428,0.474535197019577,-0.0017838156782090664,0.5478935837745667,0.48084089159965515,0.007087782956659794,0.5704314112663269,0.44953468441963196,-0.02955458126962185,0.570033848285675,0.44110333919525146,-0.03187458589673042,0.5246222615242004,0.3665389120578766,0.0021829847246408463,0.5589664578437805,0.4179360866546631,-0.006016188766807318,0.5579677224159241,0.44396013021469116,-0.015733130276203156,0.5578036308288574,0.43912145495414734,-0.014351815916597843,0.5273942947387695,0.43356549739837646,0.004493513144552708,0.5706112384796143,0.43030545115470886,-0.02929404191672802,0.5381454229354858,0.3579355478286743,-0.008597271516919136,0.5301452875137329,0.36012381315231323,-0.003485080087557435,0.5199223160743713,0.34221550822257996,0.01659233123064041,0.5641670227050781,0.3707050085067749,-0.014001380652189255,0.5563235282897949,0.38222837448120117,-0.0031878279987722635,0.5432600975036621,0.47270992398262024,0.007644135504961014,0.517667293548584,0.47096773982048035,0.05817041173577309,0.5618781447410583,0.44907569885253906,-0.013377189636230469,0.5662434697151184,0.45188823342323303,-0.013296670280396938,0.547149121761322,0.47327226400375366,0.00733641954138875,0.5486111640930176,0.4737306237220764,0.005744340363889933,0.5270348787307739,0.3528482913970947,-0.0013670456828549504,0.5575637221336365,0.4465615153312683,-0.012264814227819443,0.5490953326225281,0.3607198894023895,-0.012324614450335503,0.5484508275985718,0.35302355885505676,-0.01424161996692419,0.5447828769683838,0.3237796127796173,-0.008071846328675747,0.5238621830940247,0.3509007692337036,0.005979818757623434,0.5475966334342957,0.3404983580112457,-0.011778988875448704,0.5211988091468811,0.3612300753593445,0.006634108256548643,0.5175949931144714,0.36301177740097046,0.016908854246139526,0.5675854682922363,0.47198396921157837,-0.010962818749248981,0.5605988502502441,0.4721572995185852,-0.007357132621109486,0.5553539991378784,0.47260990738868713,-0.002962713595479727,0.563031017780304,0.4503189027309418,-0.011837203986942768,0.5478948354721069,0.4735076427459717,0.006527329329401255,0.5510110259056091,0.47685956954956055,0.0031855159904807806,0.5494335889816284,0.47399336099624634,0.00561112305149436,0.5645157694816589,0.44810032844543457,-0.021435435861349106,0.5574418306350708,0.4759451150894165,-0.0007552025490440428,0.5623877048492432,0.4769483208656311,-0.003752002026885748,0.568297266960144,0.47819095849990845,-0.006140294950455427,0.5657959580421448,0.49835172295570374,-0.0007512327865697443,0.5663104057312012,0.49363648891448975,-0.006333937868475914,0.5668100714683533,0.4881446063518524,-0.007191007025539875,0.567491352558136,0.4827618896961212,-0.006141750607639551,0.5681972503662109,0.4785550534725189,-0.005540837533771992,0.5572841763496399,0.4761691391468048,-0.0001996985520236194,0.5560870170593262,0.477986603975296,-0.00090672547230497,0.5547118186950684,0.480540931224823,-0.0015862933360040188,0.5536009669303894,0.48345285654067993,-0.00034058006713166833,0.5498847365379333,0.4636365473270416,-0.0021303941030055285,0.5108975172042847,0.43028050661087036,0.06286147236824036,0.5748544931411743,0.45520004630088806,-0.019109096378087997,0.5535807013511658,0.4751603603363037,0.003300832351669669,0.5523243546485901,0.47590067982673645,0.0029415700118988752,0.567894697189331,0.4549694061279297,-0.013132975436747074,0.5590770244598389,0.45068594813346863,-0.007610960863530636,0.5671348571777344,0.4534858167171478,-0.013373899273574352,0.5523396134376526,0.4218653440475464,-0.0034719263203442097,0.5419942140579224,0.4260205626487732,-0.000990079715847969,0.5566514134407043,0.44199246168136597,-0.010799601674079895,0.5297262072563171,0.3306867778301239,0.0035245083272457123,0.5333216190338135,0.3427843451499939,-0.003458703402429819,0.5361865162849426,0.3500790596008301,-0.00852260459214449,0.5524252653121948,0.4877123236656189,0.0042070066556334496,0.5629247426986694,0.3583175837993622,-0.017192233353853226,0.5621941685676575,0.3415527641773224,-0.016517668962478638,0.5608822703361511,0.3212149441242218,-0.01480026077479124,0.5345731973648071,0.4024713933467865,0.0037492846604436636,0.5215457677841187,0.405948668718338,0.013380412012338638,0.5598313212394714,0.40140289068222046,-0.0003238764184061438,0.5270370841026306,0.3822326958179474,0.005957754794508219,0.563302755355835,0.41307759284973145,-0.008476868271827698,0.5612985491752625,0.44230082631111145,-0.021625686436891556,0.5150644183158875,0.41173824667930603,0.020632196217775345,0.5252124667167664,0.413067102432251,0.008576431311666965,0.5324885845184326,0.4173908233642578,0.003285985207185149,0.5434982776641846,0.4178641140460968,0.0005874486523680389,0.5518381595611572,0.4155769348144531,-0.0012719014193862677,0.5582501888275146,0.41214483976364136,-0.003234966192394495,0.5711501240730286,0.40283337235450745,-0.01568884216248989,0.5150876045227051,0.42893877625465393,0.020577063784003258,0.5226386189460754,0.37866711616516113,0.008580510504543781,0.5721182823181152,0.453451931476593,-0.026514798402786255,0.5594037771224976,0.4261895716190338,-0.00805235281586647,0.509055495262146,0.3925356864929199,0.05457194149494171,0.5631057620048523,0.40800097584724426,-0.004623365122824907,0.555955708026886,0.44182145595550537,-0.005092637147754431,0.5300905704498291,0.3914391100406647,0.007912516593933105,0.561347246170044,0.4363538920879364,-0.01989358849823475,0.5133064389228821,0.45048773288726807,0.062088996171951294,0.5602845549583435,0.3981834650039673,0.0006239609210751951,0.5658726096153259,0.4325586259365082,-0.02568548358976841,0.52997225522995,0.49042177200317383,0.028156954795122147,0.5312677025794983,0.4989279806613922,0.03960607945919037,0.5107389092445374,0.43011459708213806,0.041575852781534195,0.5221152901649475,0.4798726737499237,0.034714922308921814,0.5138306617736816,0.3777477443218231,0.027544070035219193,0.5530217289924622,0.5167094469070435,0.011278088204562664,0.5726823806762695,0.45475801825523376,-0.018717173486948013,0.5537567138671875,0.431213915348053,-0.005404073279350996,0.5165883898735046,0.39271280169487,0.021010098978877068,0.5396069288253784,0.4021175801753998,0.0009452506783418357,0.544713020324707,0.4035463333129883,-0.0005461662076413631,0.5498768091201782,0.4780353307723999,0.004278441891074181,0.515813946723938,0.4454289376735687,0.023856664076447487,0.5626926422119141,0.5265395045280457,0.013214288279414177,0.5475748777389526,0.5162086486816406,0.024681735783815384,0.5404183864593506,0.50922691822052,0.03125952184200287,0.5787698030471802,0.34301552176475525,-0.018079401925206184,0.5729377865791321,0.5282666087150574,0.011387955397367477,0.5500495433807373,0.40285414457321167,-0.0009046154445968568,0.5551334023475647,0.40084654092788696,-0.00024107586068566889,0.5585240125656128,0.3994113802909851,0.0007568551227450371,0.5185254216194153,0.37542736530303955,0.014234884642064571,0.5549086928367615,0.3902417719364166,-0.0019242300186306238,0.5496315360069275,0.3868049681186676,-0.002761885989457369,0.5444095134735107,0.38587185740470886,-0.0023780723568052053,0.5392794013023376,0.3869481086730957,-0.0006117631564848125,0.5360288023948669,0.38905394077301025,0.0014621642185375094,0.5103541016578674,0.37310075759887695,0.043142665177583694,0.536357581615448,0.39947813749313354,0.002921109786257148,0.574623167514801,0.4615641236305237,-0.012702461332082748,0.5562048554420471,0.4610218405723572,-0.006123191677033901,0.5619124174118042,0.44829437136650085,-0.015658007934689522,0.5669370889663696,0.46101266145706177,-0.011977726593613625,0.5769250988960266,0.38872629404067993,-0.014958349987864494,0.5384661555290222,0.5007156133651733,0.02327321656048298,0.5457850098609924,0.5086496472358704,0.01769944466650486,0.5620056390762329,0.5224593281745911,0.005712047219276428,0.5239461064338684,0.48710766434669495,0.04972878471016884,0.558671236038208,0.39503026008605957,-0.00040337623795494437,0.5670618414878845,0.4162849485874176,-0.016421204432845116,0.5728417038917542,0.5239037275314331,0.004190017469227314,0.5546579957008362,0.5222823619842529,0.017798127606511116,0.5127248764038086,0.4483465254306793,0.04223895072937012,0.5622857809066772,0.4773213267326355,-0.003152139950543642,0.5611199140548706,0.48052141070365906,-0.003884481033310294,0.560075581073761,0.48463261127471924,-0.004701327998191118,0.5592967867851257,0.4894994795322418,-0.003647154662758112,0.558263897895813,0.49387598037719727,0.0011773547157645226,0.5523972511291504,0.47408413887023926,0.0023241648450493813,0.5511882901191711,0.47304609417915344,0.002342604799196124,0.5502055883407593,0.47200292348861694,0.002157848095521331,0.5450459718704224,0.4673418402671814,0.002668328583240509,0.5223768949508667,0.45049965381622314,0.012173697352409363,0.5673635601997375,0.4074050784111023,-0.01170788612216711,0.5642325282096863,0.3896717429161072,-0.003938533831387758,0.5609847903251648,0.391265332698822,-0.0015897988341748714,0.553678572177887,0.47507932782173157,0.002880983054637909,0.5229877829551697,0.46900737285614014,0.022557333111763,0.5695160627365112,0.38897815346717834,-0.0112247159704566,0.5555328726768494,0.5018205642700195,0.00440907571464777,0.5758756399154663,0.4201638698577881,-0.02660883404314518,0.571094810962677,0.4125713109970093,-0.020784899592399597,0.5761552453041077,0.41120150685310364,-0.022273356094956398,0.5628718733787537,0.42889532446861267,-0.015458702109754086,0.5729851126670837,0.5171822905540466,0.0003818318946287036,0.5732212066650391,0.5078570246696472,-0.0005072165513411164,0.5640082955360413,0.5069464445114136,0.0008244924829341471,0.5435274839401245,0.4852481186389923,0.01042080670595169,0.5506222248077393,0.44739043712615967,-0.002787490841001272,0.5492381453514099,0.49454426765441895,0.007833631709218025,0.5354228615760803,0.4450869560241699,-0.00023768267419654876,0.5441195964813232,0.4542791545391083,-0.0004935089382342994,0.5302552580833435,0.4567464292049408,0.00560735585168004,0.5623634457588196,0.5159780979156494,0.00203513540327549,0.559535562992096,0.432705819606781,-0.010965481400489807,0.5394750237464905,0.49186137318611145,0.016141314059495926,0.5467125177383423,0.5011181831359863,0.01250547170639038,0.5382302403450012,0.47512269020080566,0.010084773413836956,0.517678439617157,0.45916110277175903,0.027022050693631172,0.5311098694801331,0.4772215783596039,0.01564112864434719,0.5160817503929138,0.46498262882232666,0.041338786482810974,0.5389348864555359,0.46227920055389404,0.003475333098322153,0.5633974075317383,0.42117905616760254,-0.011889859102666378,0.5628445744514465,0.4465368390083313,-0.022699039429426193,0.5595405697822571,0.44711834192276,-0.016194093972444534,0.565412163734436,0.44156399369239807,-0.026805754750967026,0.5596352219581604,0.3790191411972046,-0.006131426896899939,0.5499990582466125,0.37079399824142456,-0.006861157715320587,0.5414196848869324,0.36860957741737366,-0.00592749984934926,0.5343554615974426,0.37024804949760437,-0.003010976128280163,0.5293931365013123,0.37450170516967773,0.0009114867425523698,0.5263639688491821,0.39187532663345337,0.010641314089298248,0.5099049210548401,0.4123249650001526,0.038784366101026535,0.5305693745613098,0.40619146823883057,0.006734578404575586,0.5363349318504333,0.40998029708862305,0.003403717651963234,0.5439773201942444,0.4116773009300232,0.0009195920429192483,0.551501452922821,0.4105587601661682,-0.0008624873007647693,0.5575328469276428,0.40767985582351685,-0.00114625773858279,0.561659038066864,0.40482449531555176,-0.0019812467508018017,0.5097277760505676,0.4111633598804474,0.060632430016994476,0.5595726370811462,0.4485034644603729,-0.013204618357121944,0.5668019652366638,0.4242405593395233,-0.02030239813029766,0.5666429996490479,0.44792455434799194,-0.026961538940668106,0.5693709850311279,0.45171546936035156,-0.02430962771177292,0.5665769577026367,0.4489801824092865,-0.024141017347574234,0.5608330368995667,0.4504988491535187,-0.01099364273250103,0.5703881978988647,0.452725887298584,-0.025737782940268517,0.5709772706031799,0.4540320038795471,-0.018840355798602104,0.562218189239502,0.3982534408569336,-0.00016551725275348872,0.5649216771125793,0.39993736147880554,-0.0033537549898028374,0.5667869448661804,0.4013598561286926,-0.006864051800221205,0.5341898202896118,0.3908124566078186,0.0037312523927539587,0.5300513505935669,0.38443854451179504,0.004086703527718782,0.5804893374443054,0.42147478461265564,-0.02469733916223049,0.6183483600616455,0.4009316861629486,0.0034590777941048145,0.5801511406898499,0.45300590991973877,-0.01911994256079197,0.6423017978668213,0.3637189269065857,0.027796035632491112,0.6016030311584473,0.408378928899765,-0.0021998872980475426,0.6076629757881165,0.4094579517841339,-0.0015715832123532891,0.6133803725242615,0.40860727429389954,0.00012387301831040531,0.6206616163253784,0.40306732058525085,0.0048451414331793785,0.596449613571167,0.4055556356906891,-0.001374327577650547,0.6110270619392395,0.3805476427078247,-0.005524514243006706,0.604072093963623,0.38159802556037903,-0.005590667948126793,0.617347240447998,0.38231581449508667,-0.003224295098334551,0.62127286195755,0.3861958980560303,-0.0006824183510616422,0.6254050731658936,0.4072292149066925,0.00841920729726553,0.5928781628608704,0.5115776062011719,0.006641469895839691,0.6203258633613586,0.3978852331638336,0.005417754873633385,0.6423759460449219,0.401142954826355,0.03364203870296478,0.6318687200546265,0.39941954612731934,0.013822225853800774,0.6046635508537292,0.4395396113395691,-0.004367415327578783,0.5835252404212952,0.4680287837982178,-0.01225289050489664,0.5825276374816895,0.47643038630485535,-0.009018111042678356,0.5910425782203674,0.4700678884983063,-0.008703924715518951,0.5960071086883545,0.47197622060775757,-0.003952163737267256,0.5886490941047668,0.4760013222694397,-0.006647673901170492,0.5934556126594543,0.4757159352302551,-0.002342571970075369,0.6004646420478821,0.4828808307647705,0.00630005681887269,0.5795766711235046,0.4498812258243561,-0.02962764911353588,0.5803743600845337,0.44148802757263184,-0.03198414668440819,0.6304582953453064,0.37432876229286194,0.0008685208158567548,0.5929503440856934,0.41945943236351013,-0.006486406084150076,0.5923053622245789,0.44526219367980957,-0.016135528683662415,0.592711865901947,0.4404737949371338,-0.014791283756494522,0.6231176257133484,0.43807071447372437,0.00326637108810246,0.5804919004440308,0.4306618571281433,-0.02944161556661129,0.6172168254852295,0.3656863272190094,-0.009514667093753815,0.6252732872962952,0.3679373562335968,-0.004665218759328127,0.6375284194946289,0.34828025102615356,0.015143790282309055,0.5902423858642578,0.3765735328197479,-0.014303762465715408,0.5979529023170471,0.3858105540275574,-0.0038122711703181267,0.6055877208709717,0.47506433725357056,0.00676117604598403,0.6303898096084595,0.4759482145309448,0.05682089552283287,0.5881649255752563,0.4500296711921692,-0.013711187057197094,0.5836964249610901,0.45251402258872986,-0.013458328321576118,0.6026249527931213,0.47464314103126526,0.006559873465448618,0.6011204123497009,0.47503867745399475,0.005052896216511726,0.6286365985870361,0.36072447896003723,-0.0025971843861043453,0.5925487875938416,0.4478887617588043,-0.01266009733080864,0.6059081554412842,0.36814403533935547,-0.012973373755812645,0.6069015860557556,0.36021316051483154,-0.014881368726491928,0.614454448223114,0.32741570472717285,-0.00895138643682003,0.6329894661903381,0.3566977381706238,0.004719003103673458,0.6101096272468567,0.34394264221191406,-0.012450728565454483,0.6339043974876404,0.36922845244407654,0.005255089141428471,0.6382226347923279,0.36932721734046936,0.015459180809557438,0.5832102298736572,0.47262197732925415,-0.011219545267522335,0.5899107456207275,0.47323936223983765,-0.007840994745492935,0.5948326587677002,0.4738440215587616,-0.0035734809935092926,0.5869101881980896,0.45117422938346863,-0.012069028802216053,0.6018545031547546,0.47484472393989563,0.005799478385597467,0.5984302163124084,0.4780946373939514,0.002547470387071371,0.6002963185310364,0.47525641322135925,0.004953480791300535,0.5856381058692932,0.4488668441772461,-0.021693583577871323,0.5923063158988953,0.47706374526023865,-0.001276238588616252,0.5874859690666199,0.47788184881210327,-0.0041653430089354515,0.5817450881004333,0.478733092546463,-0.006384748965501785,0.5812018513679504,0.49904507398605347,-0.0010006856173276901,0.5824006795883179,0.49414336681365967,-0.00659381365403533,0.5823084712028503,0.48864826560020447,-0.007481483742594719,0.5819938778877258,0.48326364159584045,-0.006418466567993164,0.5815171599388123,0.47904038429260254,-0.0058101811446249485,0.5922223925590515,0.4771929383277893,-0.0007256971439346671,0.5933305621147156,0.479070782661438,-0.0014184684259817004,0.5945217609405518,0.4816494584083557,-0.002097218995913863,0.5953678488731384,0.4845728874206543,-0.0008556277025490999,0.5992887020111084,0.4656064808368683,-0.0027885979507118464,0.6396365165710449,0.4364285171031952,0.06130159646272659,0.5959152579307556,0.47629982233047485,0.0026866074185818434,0.5971808433532715,0.47711166739463806,0.0023182251024991274,0.5818687081336975,0.4555222988128662,-0.013293372467160225,0.5908659100532532,0.4518941342830658,-0.007941140793263912,0.5827208757400513,0.45409685373306274,-0.013529469259083271,0.599253237247467,0.4240313470363617,-0.004107232671231031,0.6092565655708313,0.42919954657554626,-0.0019073371076956391,0.5937131643295288,0.4434766173362732,-0.011240234598517418,0.6288543939590454,0.3358553349971771,0.00231499457731843,0.6242108345031738,0.34776556491851807,-0.004472100641578436,0.6194403767585754,0.35752299427986145,-0.009492361918091774,0.5953500866889954,0.48947885632514954,0.0035825723316520452,0.5922046303749084,0.36449122428894043,-0.017516016960144043,0.5954457521438599,0.3433600962162018,-0.016837598755955696,0.5985979437828064,0.32314878702163696,-0.01524339523166418,0.6180059313774109,0.40676867961883545,0.0026461740490049124,0.6313454508781433,0.41246113181114197,0.012045552022755146,0.5931290984153748,0.40308356285095215,-0.0008409146685153246,0.6268315315246582,0.3889498710632324,0.004705185070633888,0.5889706611633301,0.41422271728515625,-0.008854999206960201,0.5890908241271973,0.44337254762649536,-0.021937258541584015,0.6367253661155701,0.41765066981315613,0.019158946350216866,0.6276193857192993,0.4190700948238373,0.007338595110923052,0.6203715205192566,0.42247679829597473,0.002169791143387556,0.6091923713684082,0.4215732216835022,-0.0002957215765491128,0.6007649898529053,0.4181918799877167,-0.0019566069822758436,0.5944958329200745,0.4141392707824707,-0.0037303627468645573,0.5817127823829651,0.4033155143260956,-0.015858761966228485,0.6354580521583557,0.43469804525375366,0.01907326839864254,0.6314191222190857,0.3862163722515106,0.00723582087084651,0.5776882171630859,0.45364099740982056,-0.026577375829219818,0.5919514298439026,0.4275866746902466,-0.008471968583762646,0.644171416759491,0.39910638332366943,0.05295099690556526,0.5898482799530029,0.40965431928634644,-0.005007996689528227,0.5944405794143677,0.44339001178741455,-0.005534271709620953,0.6230500936508179,0.39738088846206665,0.0067434110678732395,0.5893772840499878,0.437438428401947,-0.020211592316627502,0.6359658241271973,0.45617660880088806,0.06065582484006882,0.5929555296897888,0.40004196763038635,0.00011400947551010177,0.5850562453269958,0.43329212069511414,-0.025946853682398796,0.6171587705612183,0.4942280054092407,0.02703269198536873,0.6154285073280334,0.5024531483650208,0.03858713060617447,0.6395937204360962,0.4362674355506897,0.03995704650878906,0.6253389120101929,0.48439687490463257,0.03338360786437988,0.6406357884407043,0.3841691017150879,0.02602492831647396,0.5928902626037598,0.5185203552246094,0.010716602206230164,0.5770569443702698,0.45489946007728577,-0.01876259595155716,0.5972338318824768,0.4331373870372772,-0.00596080394461751,0.6364855766296387,0.4003225862979889,0.01956542395055294,0.6128175258636475,0.40475890040397644,1.0077920705953147e-05,0.6077377796173096,0.40543311834335327,-0.0014063450507819653,0.599484384059906,0.47931548953056335,0.0036004269495606422,0.6336703896522522,0.45097440481185913,0.022367166355252266,0.5830947160720825,0.5273544788360596,0.012915195897221565,0.5986815690994263,0.5183518528938293,0.023947756737470627,0.6060817837715149,0.5119863152503967,0.03040160797536373,0.6025745272636414,0.40431222319602966,-0.001656641368754208,0.5976569056510925,0.402224600315094,-0.0008910167962312698,0.5945039391517639,0.4010367691516876,0.0001882061769720167,0.6353824734687805,0.38317930698394775,0.012810641899704933,0.5988317728042603,0.3930774927139282,-0.002609074115753174,0.6041527390480042,0.39054712653160095,-0.0035586555022746325,0.6094135046005249,0.3904343545436859,-0.0032836426980793476,0.6143873929977417,0.3921365439891815,-0.0016417771112173796,0.6173632740974426,0.39449289441108704,0.00038792501436546445,0.6443461179733276,0.37974289059638977,0.04153960943222046,0.6161440014839172,0.4030211865901947,0.0018914182437583804,0.593205451965332,0.46244943141937256,-0.0065793730318546295,0.5881881713867188,0.44927164912223816,-0.01593192107975483,0.5824822783470154,0.4616503119468689,-0.012185689061880112,0.6083097457885742,0.5038323998451233,0.022348349913954735,0.6005968451499939,0.5111727714538574,0.016958091408014297,0.5835626125335693,0.5233923196792603,0.005361946765333414,0.6232444047927856,0.4913293719291687,0.04849229007959366,0.5948270559310913,0.39719194173812866,-0.0009989711688831449,0.5849390029907227,0.41706523299217224,-0.016672352328896523,0.5912789106369019,0.5237825512886047,0.017239566892385483,0.6363916397094727,0.45412755012512207,0.04072919115424156,0.5873122215270996,0.47814321517944336,-0.0035719003062695265,0.5882862210273743,0.48137331008911133,-0.004292070399969816,0.5890806317329407,0.48548853397369385,-0.005144751630723476,0.5895441770553589,0.4903288781642914,-0.00407980103045702,0.5890110731124878,0.4951440691947937,0.0007048832485452294,0.5974851846694946,0.47531694173812866,0.0016517085023224354,0.5987575650215149,0.4743552505970001,0.001631921506486833,0.5998205542564392,0.4733741283416748,0.0014343730872496963,0.603959321975708,0.4696294069290161,0.0018476593540981412,0.6268703937530518,0.4553263485431671,0.010839701630175114,0.5852356553077698,0.40823549032211304,-0.01200872752815485,0.5894302725791931,0.3922397196292877,-0.0042680660262703896,0.5926565527915955,0.3937036991119385,-0.0020760747138410807,0.5960504412651062,0.4762537479400635,0.0022686710581183434,0.6252436637878418,0.47352638840675354,0.021273810416460037,0.584320068359375,0.39166513085365295,-0.011386854574084282,0.5911824107170105,0.5033524036407471,0.0038847802206873894,0.5811151266098022,0.41299787163734436,-0.020936641842126846,0.5883095264434814,0.429986834526062,-0.01577100157737732,0.5823811888694763,0.5077388882637024,0.0005421016830950975,0.6042801141738892,0.4877898693084717,0.009555449709296227,0.5994219779968262,0.4494381546974182,-0.003410806879401207,0.5980254411697388,0.49661675095558167,0.007134357001632452,0.614459753036499,0.4487245976924896,-0.0012170742265880108,0.6054635643959045,0.45697513222694397,-0.001274279784411192,0.6189017295837402,0.4607865512371063,0.004488791339099407,0.5835057497024536,0.5169171094894409,0.0016723303124308586,0.5914173722267151,0.43400296568870544,-0.011361724697053432,0.6079011559486389,0.4948351979255676,0.01521461084485054,0.6001336574554443,0.503476619720459,0.011793512850999832,0.6101129055023193,0.4781121611595154,0.009066184051334858,0.6310380697250366,0.4643184542655945,0.025642750784754753,0.6168739199638367,0.4809369444847107,0.014536063186824322,0.6320974230766296,0.47020578384399414,0.03987732157111168,0.6102128624916077,0.46537214517593384,0.002493561478331685,0.5882765650749207,0.42226895689964294,-0.012216310948133469,0.5873665809631348,0.4474543333053589,-0.022967424243688583,0.5905776023864746,0.44829416275024414,-0.01653853803873062,0.5850191712379456,0.4423085153102875,-0.027078595012426376,0.5944941639900208,0.3834090828895569,-0.006582133937627077,0.6046832203865051,0.37673521041870117,-0.007518541067838669,0.6134748458862305,0.375358521938324,-0.0068162670359015465,0.6204646825790405,0.3771834075450897,-0.004077321384102106,0.6250752210617065,0.38150712847709656,-0.0002550066274125129,0.6268677711486816,0.3981844186782837,0.00940228532999754,0.6416887640953064,0.4187464416027069,0.03714170679450035,0.622262179851532,0.4115389883518219,0.005565059371292591,0.6163565516471863,0.41422632336616516,0.0023716052528470755,0.6085470914840698,0.4146881401538849,6.181991193443537e-05,0.6010255813598633,0.41267576813697815,-0.0015533175319433212,0.5951593518257141,0.4094233512878418,-0.0016652194317430258,0.5912078619003296,0.4063768982887268,-0.002402700250968337,0.6421903371810913,0.4175574779510498,0.05897323787212372,0.5904291868209839,0.4496206045150757,-0.013544801622629166,0.5846548080444336,0.4249872863292694,-0.02056529000401497,0.583454430103302,0.4485354423522949,-0.0271359421312809,0.5805730819702148,0.4521220326423645,-0.02439388819038868,0.583526611328125,0.4496127963066101,-0.024313490837812424,0.5891011357307434,0.4515136182308197,-0.011291636154055595,0.5794674158096313,0.45303940773010254,-0.025808708742260933,0.5788036584854126,0.45426544547080994,-0.018926989287137985,0.5910528302192688,0.4001314043998718,-0.0005774277378804982,0.5882203578948975,0.4015547037124634,-0.0036661135964095592,0.5864313840866089,0.40297672152519226,-0.007149985991418362,0.619038462638855,0.39629682898521423,0.0026132166385650635,0.6235195994377136,0.3908114731311798,0.002912511583417654,0.5463560819625854,0.3960001468658447,0.000735795998480171,0.5523345470428467,0.3965262174606323,0.000735795998480171,0.5467954874038696,0.38859108090400696,0.000735795998480171,0.5402677059173584,0.3954654633998871,0.000735795998480171,0.545907735824585,0.40334734320640564,0.000735795998480171,0.605758011341095,0.3970341384410858,-0.0001227773609571159,0.6118154525756836,0.39727991819381714,-0.0001227773609571159,0.6058257818222046,0.38941800594329834,-0.0001227773609571159,0.5997847318649292,0.39676377177238464,-0.0001227773609571159,0.6057170629501343,0.40462425351142883,-0.0001227773609571159
3900.0000000000064,0.5770118236541748,0.4669843316078186,-0.01286634523421526,0.5761908292770386,0.44723913073539734,-0.030161695554852486,0.5759044289588928,0.4537104070186615,-0.0148114413022995,0.5723971128463745,0.41827791929244995,-0.024577202275395393,0.576460063457489,0.43859922885894775,-0.03270544856786728,0.5768046975135803,0.42691510915756226,-0.03120509535074234,0.5777328610420227,0.3984389305114746,-0.018045699223876,0.5354658365249634,0.3940812647342682,0.004586576484143734,0.5787227153778076,0.37397345900535583,-0.015637647360563278,0.5792675614356995,0.3616220951080322,-0.01792117953300476,0.5811440944671631,0.31901276111602783,-0.016202379018068314,0.5768550634384155,0.4705699682235718,-0.01188031118363142,0.5765963196754456,0.4742300510406494,-0.009904975071549416,0.5763612389564514,0.47657841444015503,-0.007172639947384596,0.5761743783950806,0.47696930170059204,-0.006799319293349981,0.5760892629623413,0.48157691955566406,-0.007423229981213808,0.5758935809135437,0.48698940873146057,-0.008401520550251007,0.5755872130393982,0.4924720525741577,-0.00739392451941967,0.5745328664779663,0.4973565936088562,-0.0016339864814653993,0.5760847926139832,0.45118579268455505,-0.026946982368826866,0.5709497928619385,0.4499560296535492,-0.01906747743487358,0.5149034261703491,0.3547790050506592,0.029554497450590134,0.5520613193511963,0.4040606617927551,-0.0014083310961723328,0.5458342432975769,0.40464964509010315,-0.0006893012905493379,0.5402013659477234,0.4028734564781189,0.0011366155231371522,0.533247172832489,0.39549288153648376,0.006052835378795862,0.5574739575386047,0.40134379267692566,-0.0006958685698918998,0.5446090698242188,0.3721763491630554,-0.004540766589343548,0.5516102910041809,0.3742634057998657,-0.004750145133584738,0.5379688739776611,0.3734022080898285,-0.002144050085917115,0.5335781574249268,0.37728816270828247,0.00048447493463754654,0.5286468863487244,0.3990689218044281,0.009648899547755718,0.5541337132453918,0.5086429119110107,0.006839918438345194,0.5338121652603149,0.39016708731651306,0.006601790431886911,0.5115818381309509,0.3923141658306122,0.03532120957970619,0.5224839448928833,0.38993749022483826,0.015185344964265823,0.5470728278160095,0.43443524837493896,-0.003625005716457963,0.5689984560012817,0.46448609232902527,-0.012204148806631565,0.5692187547683716,0.4732626974582672,-0.008944585919380188,0.5609067678451538,0.46626871824264526,-0.008434670977294445,0.5554025769233704,0.46827632188796997,-0.003590534208342433,0.5628191828727722,0.472582072019577,-0.006383868865668774,0.5577918291091919,0.4723226726055145,-0.002017627004534006,0.5489295721054077,0.47892823815345764,0.006743883714079857,0.5716207027435303,0.44671109318733215,-0.029660439118742943,0.5712488889694214,0.4382477402687073,-0.03198452666401863,0.5255110263824463,0.3642067313194275,0.0022004754282534122,0.5601555109024048,0.41538679599761963,-0.005976379383355379,0.5592001080513,0.44125717878341675,-0.01578676700592041,0.5590348243713379,0.43647414445877075,-0.014391500502824783,0.5284186005592346,0.4312787652015686,0.004444444552063942,0.5718206763267517,0.4274607300758362,-0.029372813180088997,0.5389284491539001,0.35527360439300537,-0.008565811440348625,0.5309616923332214,0.35764509439468384,-0.003476143581792712,0.5211706757545471,0.33967986702919006,0.016742587089538574,0.5652622580528259,0.36771705746650696,-0.013922159560024738,0.557449221611023,0.37968963384628296,-0.0030791808385401964,0.5443041920661926,0.4707360863685608,0.007345547899603844,0.5180671215057373,0.4694882035255432,0.05825681611895561,0.563103199005127,0.4463694095611572,-0.013419423252344131,0.5674781799316406,0.4492717385292053,-0.013328229077160358,0.5483806729316711,0.47153136134147644,0.0070266639813780785,0.54985511302948,0.47193774580955505,0.005422831047326326,0.527855634689331,0.35042184591293335,-0.001343005569651723,0.5587992072105408,0.44395989179611206,-0.012308221310377121,0.5499501824378967,0.35783371329307556,-0.012266788631677628,0.5492749810218811,0.3501226305961609,-0.014182915911078453,0.546170175075531,0.3211340308189392,-0.007903420366346836,0.5250965356826782,0.3482452929019928,0.006061433814466,0.5489686727523804,0.3378066122531891,-0.011663420125842094,0.5221468210220337,0.3589116334915161,0.006670462433248758,0.5187333822250366,0.36042317748069763,0.017023446038365364,0.5689666271209717,0.46924129128456116,-0.011149467900395393,0.5618600249290466,0.46962085366249084,-0.007569087203592062,0.5565401911735535,0.47032520174980164,-0.0032113876659423113,0.5642698407173157,0.4476720690727234,-0.011863312683999538,0.549127459526062,0.4717409610748291,0.006213498767465353,0.5522215962409973,0.4749907851219177,0.0028082639910280704,0.5506852269172668,0.47217312455177307,0.005285602528601885,0.5657057762145996,0.4452533423900604,-0.02150665409862995,0.558722198009491,0.47375181317329407,-0.0009927843930199742,0.5636962056159973,0.47456759214401245,-0.003958270885050297,0.5696449875831604,0.475654274225235,-0.006329398136585951,0.5668506026268005,0.49650728702545166,-0.001076559885405004,0.5675672292709351,0.49122631549835205,-0.00672941654920578,0.5681219696998596,0.4856782555580139,-0.007592283189296722,0.5688334703445435,0.4802902042865753,-0.006527611520141363,0.56954425573349,0.4761195778846741,-0.005884147714823484,0.5585646033287048,0.4740900695323944,-0.0005510754999704659,0.5573630332946777,0.4759208858013153,-0.0012869758065789938,0.555950403213501,0.47851085662841797,-0.0019792027305811644,0.5548064112663269,0.48147252202033997,-0.0007323598838411272,0.5510615110397339,0.4613984227180481,-0.002345084212720394,0.5115864276885986,0.4283978343009949,0.06306905299425125,0.5760071873664856,0.45254403352737427,-0.019155751913785934,0.5548338890075684,0.4732181131839752,0.002953991526737809,0.5535629391670227,0.47399064898490906,0.0025744035374373198,0.5691066384315491,0.45242926478385925,-0.013187705539166927,0.560310423374176,0.44820114970207214,-0.007639969699084759,0.5683593153953552,0.45091214776039124,-0.013412338681519032,0.5535043478012085,0.41936537623405457,-0.0034477259032428265,0.5431040525436401,0.42358914017677307,-0.000990330590866506,0.5578837394714355,0.4394190311431885,-0.010828612372279167,0.531056821346283,0.3280784487724304,0.003658137284219265,0.5346279144287109,0.3400886654853821,-0.0033665744122117758,0.5369397401809692,0.3474249541759491,-0.008475328795611858,0.553455114364624,0.4858591556549072,0.003841702826321125,0.5639495253562927,0.355273962020874,-0.017124636098742485,0.563593327999115,0.3388760983943939,-0.016375988721847534,0.5622993111610413,0.31857702136039734,-0.014596636407077312,0.5356385111808777,0.39998966455459595,0.0037823165766894817,0.5225210785865784,0.40366411209106445,0.013397062197327614,0.5611026287078857,0.39879730343818665,-0.00021327209833543748,0.5279871225357056,0.3798842430114746,0.0059761409647762775,0.564513087272644,0.410479873418808,-0.008433682844042778,0.5625225305557251,0.43950629234313965,-0.021694308146834373,0.515978217124939,0.40939074754714966,0.020644094794988632,0.5261669754981995,0.4107683300971985,0.008571511134505272,0.5334547162055969,0.4150702953338623,0.003279374446719885,0.5445451140403748,0.4154874086380005,0.0006040332373231649,0.5529634356498718,0.4131477475166321,-0.0012345841387286782,0.5594294667243958,0.4096778333187103,-0.0031775091774761677,0.5723876357078552,0.4001701772212982,-0.0156297255307436,0.5159822106361389,0.42673832178115845,0.020556436851620674,0.5235719084739685,0.3762996196746826,0.00860920175909996,0.5732988715171814,0.45070528984069824,-0.02660701423883438,0.5606092214584351,0.4236322045326233,-0.008026682771742344,0.5099192261695862,0.3904305100440979,0.05478900298476219,0.5643322467803955,0.40549907088279724,-0.0045438501983881,0.557174563407898,0.43933331966400146,-0.005085708573460579,0.5311256051063538,0.3890596330165863,0.007941544987261295,0.5625692009925842,0.4336312413215637,-0.01994260586798191,0.5138832926750183,0.44878798723220825,0.0622495599091053,0.5616009831428528,0.3955720067024231,0.0007480610511265695,0.5670878291130066,0.42976343631744385,-0.025754587724804878,0.5303621888160706,0.4891020357608795,0.027971630915999413,0.531501293182373,0.4978587329387665,0.03952007740736008,0.5115106105804443,0.4280364215373993,0.04166185110807419,0.5225274562835693,0.47838377952575684,0.03461229056119919,0.5148592591285706,0.3752967417240143,0.0276679378002882,0.5535978078842163,0.5158556699752808,0.010977010242640972,0.5738505721092224,0.45208603143692017,-0.018768327310681343,0.5549464225769043,0.42873138189315796,-0.005390797276049852,0.5176031589508057,0.3904291093349457,0.021069934591650963,0.5406710505485535,0.3994923532009125,0.0009927951032295823,0.5458114147186279,0.4009080231189728,-0.000492980470880866,0.5510618090629578,0.4762096107006073,0.003909813705831766,0.5166275501251221,0.4433991014957428,0.023819558322429657,0.5633537173271179,0.5260341763496399,0.012967015616595745,0.547967791557312,0.5154460668563843,0.024486100301146507,0.5407072901725769,0.5083409547805786,0.031099608168005943,0.5801616907119751,0.34038543701171875,-0.01789698749780655,0.573793888092041,0.5278497934341431,0.011151284910738468,0.5512053966522217,0.40019655227661133,-0.0008383251260966063,0.556358814239502,0.3981798589229584,-0.00015339184028562158,0.5598084926605225,0.39677274227142334,0.0008660716703161597,0.5195125341415405,0.3730790317058563,0.014290837571024895,0.5560842156410217,0.3878122568130493,-0.0018306807614862919,0.5506830811500549,0.38453641533851624,-0.0026953343767672777,0.545381486415863,0.3836827576160431,-0.0023236286360770464,0.5402314066886902,0.3847537636756897,-0.0005729373078793287,0.537011981010437,0.38677823543548584,0.0014975350350141525,0.5113811492919922,0.3708236813545227,0.043336398899555206,0.5374249815940857,0.39689406752586365,0.0029655727557837963,0.5757583975791931,0.4591497778892517,-0.01278228871524334,0.5574100613594055,0.45868563652038574,-0.006267826538532972,0.5631250739097595,0.4455205202102661,-0.015694592148065567,0.5681443810462952,0.45859241485595703,-0.012084351852536201,0.5781806707382202,0.3861423134803772,-0.014853068627417088,0.5388790369033813,0.4995436370372772,0.023026764392852783,0.5462450981140137,0.5076606273651123,0.017427194863557816,0.5627270340919495,0.5216991305351257,0.005390470381826162,0.5242239832878113,0.48584142327308655,0.04973612725734711,0.5599430799484253,0.3924652338027954,-0.00029351538978517056,0.568282961845398,0.4135913550853729,-0.016401857137680054,0.5737403631210327,0.5232924222946167,0.0038849017582833767,0.5551762580871582,0.5216487050056458,0.017563125118613243,0.5133830308914185,0.44644373655319214,0.04228619113564491,0.5636087656021118,0.4750581681728363,-0.00349857984110713,0.5624369382858276,0.47824999690055847,-0.004272183403372765,0.5613618493080139,0.4823819100856781,-0.005102650262415409,0.5605402588844299,0.4872976243495941,-0.004048770759254694,0.5593212246894836,0.4920300841331482,0.0008145834435708821,0.5536094307899475,0.4720815122127533,0.002041696337983012,0.5523504614830017,0.4710277318954468,0.002046101726591587,0.5513240098953247,0.46995076537132263,0.001861836644820869,0.546164870262146,0.46522772312164307,0.0023973912466317415,0.5232684016227722,0.4484362006187439,0.012088633142411709,0.5685844421386719,0.40476346015930176,-0.011652637273073196,0.5654881596565247,0.38702133297920227,-0.003798122052103281,0.5622342228889465,0.3886713981628418,-0.0014607129851356149,0.5549302697181702,0.4730595052242279,0.0026064894627779722,0.5236489772796631,0.46725353598594666,0.022429093718528748,0.5707392692565918,0.3862874507904053,-0.01110389456152916,0.5563976168632507,0.5003353953361511,0.004077876918017864,0.5771063566207886,0.41736727952957153,-0.0266401469707489,0.5723215937614441,0.40983742475509644,-0.020769430324435234,0.5773966312408447,0.4084621071815491,-0.02225559391081333,0.5640882253646851,0.42623481154441833,-0.015461448580026627,0.5739290118217468,0.5162439346313477,4.045919195050374e-05,0.574212372303009,0.5064924359321594,-0.0008367560221813619,0.5649382472038269,0.5054916143417358,0.000482800358440727,0.5443539619445801,0.4835468530654907,0.010096238926053047,0.5517880916595459,0.44499582052230835,-0.0028205455746501684,0.5500604510307312,0.4929955005645752,0.007497991435229778,0.5364730358123779,0.442782461643219,-0.00030259587219916284,0.5452277660369873,0.451982706785202,-0.0006076038698665798,0.5311967134475708,0.45464012026786804,0.0054810564033687115,0.5631824731826782,0.5148841142654419,0.0016819665906950831,0.5607477426528931,0.4301254451274872,-0.010966229252517223,0.5400973558425903,0.49041587114334106,0.015850095078349113,0.5473449230194092,0.49986881017684937,0.012201229110360146,0.5390994548797607,0.4732735753059387,0.009814483113586903,0.5183653235435486,0.4573081433773041,0.02695399709045887,0.5318078398704529,0.47553551197052,0.015415814705193043,0.5165928602218628,0.4632807970046997,0.04132852703332901,0.5399542450904846,0.4601711630821228,0.0032872152514755726,0.5646078586578369,0.4185470938682556,-0.011868197470903397,0.5640469789505005,0.44368934631347656,-0.02277720905840397,0.5607634782791138,0.44437944889068604,-0.016248665750026703,0.5666273832321167,0.43871811032295227,-0.02690056897699833,0.5607669353485107,0.37630242109298706,-0.0060150413773953915,0.5509669780731201,0.3681586682796478,-0.006782162468880415,0.542301595211029,0.36608394980430603,-0.00589011562988162,0.5352123379707336,0.36779773235321045,-0.0029993492644280195,0.5302752256393433,0.3721279799938202,0.0009209650452248752,0.5273759961128235,0.38952377438545227,0.010665872134268284,0.510746955871582,0.41011860966682434,0.03888079524040222,0.5315715670585632,0.403818279504776,0.006754640955477953,0.5373494029045105,0.4075586497783661,0.003421584377065301,0.5450553894042969,0.4091883599758148,0.0009502043249085546,0.5526466965675354,0.40802958607673645,-0.0008104615844786167,0.5587481260299683,0.40513351559638977,-0.0010651693446561694,0.5629247426986694,0.4022761881351471,-0.0018800809048116207,0.5104900598526001,0.4091714024543762,0.06085696443915367,0.5608025193214417,0.4458509087562561,-0.013245110400021076,0.5680128335952759,0.4214998185634613,-0.020320015028119087,0.5678438544273376,0.44506216049194336,-0.027058880776166916,0.5705704689025879,0.44894590973854065,-0.02439207211136818,0.5677738785743713,0.4461323916912079,-0.02422243356704712,0.5620778203010559,0.44793039560317993,-0.011024526320397854,0.5715750455856323,0.449962854385376,-0.025827055796980858,0.5721552968025208,0.45134130120277405,-0.01889136992394924,0.563508152961731,0.39565595984458923,-3.13870441459585e-05,0.5662194490432739,0.3973643183708191,-0.0032256837002933025,0.568041205406189,0.39879870414733887,-0.006764475256204605,0.5352138876914978,0.3884507119655609,0.0037655201740562916,0.531013011932373,0.38206127285957336,0.004115384072065353,0.5817440748214722,0.4187241196632385,-0.024698562920093536,0.6196904182434082,0.39880993962287903,0.00376138836145401,0.5812699198722839,0.45032936334609985,-0.01914573460817337,0.6436992287635803,0.3618287742137909,0.028362859040498734,0.6031435132026672,0.4060930609703064,-0.001981528243049979,0.6091752052307129,0.4072277247905731,-0.0013321697479113936,0.6148486733436584,0.4063646197319031,0.00039188031223602593,0.6220458745956421,0.4010480046272278,0.005154020618647337,0.5979815125465393,0.4030888080596924,-0.0011661095777526498,0.6122059226036072,0.37842339277267456,-0.005279498174786568,0.6053517460823059,0.3794082701206207,-0.0053605493158102036,0.6185283660888672,0.3801822364330292,-0.002961112651973963,0.6225007772445679,0.38404637575149536,-0.00039944148738868535,0.6268388032913208,0.4052829146385193,0.00873389933258295,0.5941333770751953,0.510599672794342,0.006438883487135172,0.6216424703598022,0.3959113657474518,0.005732497666031122,0.6438470482826233,0.39934805035591125,0.03416740894317627,0.6333621144294739,0.39771366119384766,0.014195146970450878,0.6059455275535583,0.43734753131866455,-0.004237603861838579,0.5849578380584717,0.46517592668533325,-0.012396389618515968,0.583893358707428,0.4738154709339142,-0.009159587323665619,0.5925144553184509,0.4674016833305359,-0.008831759914755821,0.5974634885787964,0.4695378839969635,-0.004105669446289539,0.5900083184242249,0.4735325574874878,-0.006788148544728756,0.5948034524917603,0.47340020537376404,-0.0024984164629131556,0.601545512676239,0.4811481237411499,0.0060814181342720985,0.580784797668457,0.447099894285202,-0.029712198302149773,0.5816038250923157,0.4386763870716095,-0.03206903859972954,0.6317808628082275,0.37230202555656433,0.0012003674637526274,0.5942202806472778,0.41705891489982605,-0.00634781876578927,0.593431830406189,0.4427286982536316,-0.01609347201883793,0.5938578844070435,0.4380015730857849,-0.01473183836787939,0.6245419979095459,0.4361613392829895,0.0034771545324474573,0.5817269086837769,0.4278590679168701,-0.02949018031358719,0.6183197498321533,0.3631313443183899,-0.009274548850953579,0.6264538168907166,0.3656810224056244,-0.004381304606795311,0.6389369964599609,0.34622663259506226,0.015647999942302704,0.5913051962852478,0.37339845299720764,-0.014169902540743351,0.5993170738220215,0.38347968459129333,-0.003590949345380068,0.6067002415657043,0.47332364320755005,0.006618870887905359,0.6318902373313904,0.4749828577041626,0.057288698852062225,0.5892631411552429,0.4474487006664276,-0.013666956685483456,0.5847646594047546,0.4499613046646118,-0.013449775986373425,0.6038994789123535,0.47259196639060974,0.006374997086822987,0.6023738980293274,0.47296491265296936,0.004840026143938303,0.6298984289169312,0.3586658239364624,-0.00228439480997622,0.5936188697814941,0.4454529583454132,-0.012611203826963902,0.6069363951683044,0.36525020003318787,-0.012780955992639065,0.6079109311103821,0.3573734760284424,-0.014679360203444958,0.615871787071228,0.3250449299812317,-0.008591515012085438,0.6344254612922668,0.35452061891555786,0.005122516304254532,0.6115341782569885,0.34148281812667847,-0.012163410894572735,0.6352941989898682,0.3675248324871063,0.0056303320452570915,0.6396621465682983,0.36729633808135986,0.015934458002448082,0.5846139788627625,0.4698781371116638,-0.011372075416147709,0.5913257598876953,0.4706789553165436,-0.007985473610460758,0.5962346196174622,0.471469908952713,-0.0037337716203182936,0.5879751443862915,0.4486315846443176,-0.01203200127929449,0.6031234860420227,0.47278112173080444,0.005599280819296837,0.5996859073638916,0.47596216201782227,0.002268510637804866,0.6015527248382568,0.4731757640838623,0.004730444401502609,0.5868114233016968,0.4461253881454468,-0.021698197349905968,0.5935981869697571,0.4747704565525055,-0.001440054620616138,0.5887998342514038,0.47545722126960754,-0.0043173241429030895,0.583069920539856,0.4761779308319092,-0.006544176954776049,0.5822443962097168,0.49724557995796204,-0.0013029198162257671,0.5835785269737244,0.49165359139442444,-0.006959663238376379,0.5835338830947876,0.4861190915107727,-0.00784916989505291,0.5832592844963074,0.48073676228523254,-0.006772139109671116,0.582815408706665,0.4765561521053314,-0.006121242884546518,0.5935071110725403,0.4749617576599121,-0.0010021229973062873,0.5945810675621033,0.47681939601898193,-0.0017253222176805139,0.59574955701828,0.4794005751609802,-0.002418812830001116,0.5965644717216492,0.48234689235687256,-0.0011698832968249917,0.6003819704055786,0.463545560836792,-0.0028901754412800074,0.6410633325576782,0.43503662943840027,0.06192256137728691,0.5971924662590027,0.474159836769104,0.0024275199975818396,0.5984470248222351,0.4749695062637329,0.0020412039011716843,0.5829420685768127,0.4530262053012848,-0.013314370065927505,0.5918910503387451,0.4495426118373871,-0.00790248904377222,0.583789050579071,0.4515756070613861,-0.01353191863745451,0.6005408763885498,0.421738862991333,-0.003946726676076651,0.6106223464012146,0.4270467162132263,-0.001722364453598857,0.5948185920715332,0.4410807490348816,-0.01116969808936119,0.6302592754364014,0.3336447775363922,0.002734343521296978,0.6256416440010071,0.3454437255859375,-0.004125147592276335,0.6205576062202454,0.35509294271469116,-0.009221596643328667,0.5964524149894714,0.4877696633338928,0.0033157553989440203,0.5931951999664307,0.3613104522228241,-0.017380379140377045,0.5968573093414307,0.34080037474632263,-0.016610566526651382,0.6000111699104309,0.32065650820732117,-0.014948354102671146,0.6194205284118652,0.40460947155952454,0.0029410014394670725,0.6328087449073792,0.4106764793395996,0.012386907823383808,0.5946280360221863,0.40046706795692444,-0.0006260068039409816,0.6282009482383728,0.3869146406650543,0.005025722086429596,0.5902405381202698,0.4117361307144165,-0.008730876259505749,0.5902666449546814,0.44071125984191895,-0.021925466135144234,0.63821941614151,0.41577938199043274,0.019538557156920433,0.6290063858032227,0.4170391857624054,0.007634209934622049,0.6216936707496643,0.4202026128768921,0.002408345229923725,0.6105631589889526,0.4191568195819855,-9.31042231968604e-05,0.6021876931190491,0.41567742824554443,-0.0017782513750717044,0.595880389213562,0.4114581346511841,-0.003566134488210082,0.5829843878746033,0.40069812536239624,-0.01576855406165123,0.6369262337684631,0.4329696595668793,0.019415128976106644,0.6328421831130981,0.3843531608581543,0.007599577307701111,0.5788611173629761,0.4509158730506897,-0.02665245532989502,0.593184769153595,0.42517778277397156,-0.008352991193532944,0.6455809473991394,0.39752423763275146,0.05357426777482033,0.5911772847175598,0.40677395462989807,-0.004849606659263372,0.5955370664596558,0.4410819411277771,-0.005439664702862501,0.6244248151779175,0.39541947841644287,0.007063934579491615,0.5905614495277405,0.43485015630722046,-0.02017958089709282,0.6373813152313232,0.4549853801727295,0.06122451275587082,0.5944390892982483,0.3974390923976898,0.00034236261853948236,0.586279034614563,0.4305807650089264,-0.02595883421599865,0.6187699437141418,0.49335813522338867,0.0271273422986269,0.6170809268951416,0.5018308758735657,0.0387820266187191,0.6410306692123413,0.434704452753067,0.040449824184179306,0.626931369304657,0.48340052366256714,0.03361178934574127,0.6420735716819763,0.3822571635246277,0.026544325053691864,0.5941857099533081,0.5178923606872559,0.010555689223110676,0.5781974792480469,0.4522450268268585,-0.018801897764205933,0.5984547734260559,0.4308447241783142,-0.0058312201872467995,0.6380539536476135,0.398924857378006,0.019990649074316025,0.614272952079773,0.4025087058544159,0.0002836115600075573,0.6092461347579956,0.403202623128891,-0.0011572660878300667,0.600723922252655,0.47720393538475037,0.00333707919344306,0.6351205706596375,0.4494192600250244,0.022676456719636917,0.5841750502586365,0.5269652605056763,0.012742815539240837,0.6000979542732239,0.5178636908531189,0.023934129625558853,0.6076444387435913,0.511462390422821,0.030470674857497215,0.6041073799133301,0.40205949544906616,-0.0014232420362532139,0.5992199778556824,0.39985066652297974,-0.0006613103323616087,0.5960507988929749,0.3985242247581482,0.0004214984946884215,0.636867344379425,0.3816511929035187,0.013220913708209991,0.6002187728881836,0.39106905460357666,-0.0023714944254606962,0.6054638028144836,0.388901025056839,-0.003325031604617834,0.6106140613555908,0.3888876438140869,-0.0030338410288095474,0.615548312664032,0.39049792289733887,-0.0013753403909504414,0.6185535192489624,0.39267826080322266,0.0006689840229228139,0.6457293629646301,0.3780076205730438,0.042150791734457016,0.6175330877304077,0.4007990062236786,0.0021822084672749043,0.5942765474319458,0.4602517783641815,-0.00663504796102643,0.5893163681030273,0.4466284215450287,-0.015898162499070168,0.5835666060447693,0.4592846632003784,-0.012253034859895706,0.6098419427871704,0.5030382871627808,0.022330692037940025,0.6020500659942627,0.510492205619812,0.016869714483618736,0.5846788287162781,0.5227558016777039,0.005114901810884476,0.6248517632484436,0.4905513525009155,0.04884299635887146,0.5962712168693542,0.3947688341140747,-0.000765250704716891,0.5862048864364624,0.4144485294818878,-0.0166024100035429,0.5925396084785461,0.5233471989631653,0.017140623182058334,0.637826681137085,0.45274338126182556,0.04117078706622124,0.5886037349700928,0.47578251361846924,-0.0038601441774517298,0.5895400047302246,0.4789769947528839,-0.004622835665941238,0.5902974605560303,0.4830874502658844,-0.005487714894115925,0.5907112956047058,0.4879566729068756,-0.004424144979566336,0.5900782346725464,0.4933893084526062,0.00040754437213763595,0.5988013744354248,0.47313690185546875,0.00147531449329108,0.6001181602478027,0.4721568822860718,0.0014518965035676956,0.601219654083252,0.4711485505104065,0.0012619124026969075,0.6050691604614258,0.4677272439002991,0.001717803068459034,0.6283107995986938,0.45367908477783203,0.011037948541343212,0.5865118503570557,0.40567150712013245,-0.011896057985723019,0.590746283531189,0.3894692659378052,-0.004064873326569796,0.5940390229225159,0.39113789796829224,-0.0018593667773529887,0.5973286032676697,0.47407039999961853,0.0020857802592217922,0.6267383694648743,0.4722147583961487,0.021440906450152397,0.5855140686035156,0.38863715529441833,-0.011238056235015392,0.5923805832862854,0.5020201206207275,0.00364339048974216,0.5823794007301331,0.4103030562400818,-0.020896634086966515,0.5895299315452576,0.4274398982524872,-0.01570357196033001,0.583476722240448,0.5063616633415222,0.00024687827681191266,0.6055629849433899,0.48634880781173706,0.009389330632984638,0.6005648970603943,0.4472477436065674,-0.003328353399410844,0.5992769598960876,0.4952771067619324,0.006919787265360355,0.6158360242843628,0.4467315077781677,-0.0010968854185193777,0.606695294380188,0.454917848110199,-0.0012478773714974523,0.620295524597168,0.45903757214546204,0.00457475520670414,0.5846179127693176,0.5159298777580261,0.0013888675021007657,0.5926098227500916,0.43157243728637695,-0.011272459290921688,0.6093326210975647,0.4937203824520111,0.01512513030320406,0.6015067100524902,0.5024937391281128,0.011645668186247349,0.6114135980606079,0.4765649139881134,0.008988351561129093,0.6325089335441589,0.46293970942497253,0.0259080957621336,0.6183339357376099,0.4796450734138489,0.014548642560839653,0.6336022615432739,0.46901625394821167,0.040237486362457275,0.6114762425422668,0.4635387063026428,0.002474292414262891,0.5895279049873352,0.41974711418151855,-0.012122302316129208,0.5885446071624756,0.44472846388816833,-0.022969651967287064,0.5917021036148071,0.4457099735736847,-0.016508109867572784,0.5862284302711487,0.43955090641975403,-0.027105435729026794,0.59575355052948,0.3806937336921692,-0.006372345145791769,0.6058577299118042,0.3741913437843323,-0.00729242991656065,0.6145911812782288,0.3729384243488312,-0.006578432396054268,0.6216096878051758,0.3748757839202881,-0.0038154444191604853,0.6263139247894287,0.3793131709098816,3.606511018006131e-05,0.6283220052719116,0.396331787109375,0.009737680666148663,0.6431561708450317,0.41704684495925903,0.037649933248758316,0.623680591583252,0.40944188833236694,0.005855084862560034,0.6177955865859985,0.411984384059906,0.002625892171636224,0.6100292205810547,0.4123908281326294,0.00028190240846015513,0.602523684501648,0.41030755639076233,-0.0013571573654189706,0.5966207981109619,0.4068894386291504,-0.001477675512433052,0.5926198363304138,0.4036791920661926,-0.0022207472939044237,0.6436344385147095,0.41605913639068604,0.059606317430734634,0.5915094017982483,0.44711482524871826,-0.013506023213267326,0.5859001874923706,0.4223227798938751,-0.020529642701148987,0.5846467614173889,0.4457481801509857,-0.027184709906578064,0.5817221999168396,0.449388712644577,-0.024447700008749962,0.584697425365448,0.4468439221382141,-0.02434578537940979,0.5901407599449158,0.449067085981369,-0.011258291080594063,0.5806331634521484,0.45031028985977173,-0.02587619051337242,0.5799311995506287,0.4516045153141022,-0.018959352746605873,0.5924949049949646,0.3974248766899109,-0.00036053068470209837,0.5895755290985107,0.39874210953712463,-0.0034816255792975426,0.587711751461029,0.3999714255332947,-0.006992959883064032,0.6202800273895264,0.39436933398246765,0.0029095872305333614,0.6248458623886108,0.38871899247169495,0.0032201914582401514,0.5474651455879211,0.3935108482837677,0.0008014455670490861,0.5533854365348816,0.39407169818878174,0.0008014455670490861,0.5478836894035339,0.3862977623939514,0.0008014455670490861,0.5414324402809143,0.39294400811195374,0.0008014455670490861,0.5470348000526428,0.4006514251232147,0.0008014455670490861,0.6072203516960144,0.3952445387840271,0.0001368350931443274,0.613187313079834,0.395526260137558,0.0001368350931443274,0.6073252558708191,0.3878428339958191,0.0001368350931443274,0.601337730884552,0.3949257433414459,0.0001368350931443274,0.6071415543556213,0.40260815620422363,0.0001368350931443274
3933.33333333334,0.5786964893341064,0.4642694592475891,-0.013784395530819893,0.5773894786834717,0.4429992139339447,-0.03063938394188881,0.5770204663276672,0.4500035345554352,-0.015451840125024319,0.5735939145088196,0.4144060015678406,-0.024437179788947105,0.5776751041412354,0.4342477321624756,-0.03304489701986313,0.5780196785926819,0.42271867394447327,-0.031307995319366455,0.5789112448692322,0.395004540681839,-0.017398975789546967,0.5365355014801025,0.3916652202606201,0.005467539187520742,0.5798738598823547,0.3709850013256073,-0.014512193389236927,0.5804101824760437,0.3586021661758423,-0.016527695581316948,0.5822104811668396,0.31596553325653076,-0.013805770315229893,0.5785209536552429,0.467941552400589,-0.012872929684817791,0.5781936049461365,0.47171539068222046,-0.010964427143335342,0.5778738260269165,0.4741135537624359,-0.008350866846740246,0.5777180194854736,0.4740240275859833,-0.00779334269464016,0.5776933431625366,0.4783862233161926,-0.008591287769377232,0.5775163769721985,0.48351776599884033,-0.009707431308925152,0.5771933794021606,0.4887407422065735,-0.008855482563376427,0.5756001472473145,0.4945821762084961,-0.0033272423315793276,0.5772624015808105,0.44715937972068787,-0.027488093823194504,0.5721641778945923,0.4461304843425751,-0.019609473645687103,0.5155519843101501,0.3533882200717926,0.03147606551647186,0.5530821681022644,0.4013883173465729,-0.0006879714201204479,0.5468587875366211,0.4019868075847626,1.5667079424019903e-05,0.5412172079086304,0.40027469396591187,0.0018585547804832458,0.5342454314231873,0.39320817589759827,0.006871667690575123,0.558515727519989,0.39867106080055237,7.341738091781735e-05,0.5457415580749512,0.369721919298172,-0.0035096684005111456,0.552724301815033,0.37172991037368774,-0.0036729578860104084,0.539104700088501,0.3709897994995117,-0.0011242390610277653,0.5346876382827759,0.374917596578598,0.001490823575295508,0.5295552015304565,0.3968384861946106,0.0104000149294734,0.5550107955932617,0.5067470073699951,0.004812866449356079,0.5348761677742004,0.3879115581512451,0.007547034882009029,0.5122556090354919,0.39112550020217896,0.036387115716934204,0.5233533382415771,0.3880050778388977,0.01612248457968235,0.5478665828704834,0.4315113425254822,-0.0037999614141881466,0.5706645250320435,0.4617903232574463,-0.013114070519804955,0.5707659125328064,0.4707672595977783,-0.009997934103012085,0.5623698234558105,0.4638015925884247,-0.009346375241875648,0.5566986799240112,0.46592801809310913,-0.004436777904629707,0.5642478466033936,0.47014495730400085,-0.007380760740488768,0.5590605735778809,0.4699082672595978,-0.002934761345386505,0.5494832396507263,0.4760906398296356,0.0056587266735732555,0.5728111267089844,0.44251424074172974,-0.03013547509908676,0.5724724531173706,0.4339587986469269,-0.03232512250542641,0.5266215205192566,0.36203113198280334,0.0034539366606622934,0.5611364841461182,0.4125492572784424,-0.0056407698430120945,0.5602517127990723,0.43763571977615356,-0.016175976023077965,0.5600658059120178,0.43296074867248535,-0.014684748835861683,0.5289360284805298,0.42869481444358826,0.004397494252771139,0.5730366110801697,0.4233381450176239,-0.029481180012226105,0.5401871204376221,0.3526596128940582,-0.007243713829666376,0.5321649312973022,0.3552687168121338,-0.002160550793632865,0.5218868255615234,0.3377951681613922,0.01889587566256523,0.5665680170059204,0.36459606885910034,-0.012768351472914219,0.5585641860961914,0.377070814371109,-0.0020196742843836546,0.5447418689727783,0.4676920175552368,0.006412921939045191,0.5186753273010254,0.46951529383659363,0.05743600055575371,0.5641899704933167,0.4427568316459656,-0.013876703567802906,0.5686194896697998,0.4456493556499481,-0.013874104246497154,0.5495082139968872,0.4692487120628357,0.0061978683806955814,0.5509880185127258,0.4696006178855896,0.004621698521077633,0.529035747051239,0.3481678366661072,0.00014732764975633472,0.5598024725914001,0.44046953320503235,-0.01275577861815691,0.5512580871582031,0.3549436926841736,-0.010990345850586891,0.550588846206665,0.34718048572540283,-0.012755570001900196,0.5471185445785522,0.3183753788471222,-0.005557370372116566,0.5259155631065369,0.3459610939025879,0.007894216105341911,0.550033688545227,0.3348545432090759,-0.009708029218018055,0.5232070684432983,0.35694420337677,0.008067007176578045,0.5194516777992249,0.3585779666900635,0.018712950870394707,0.570583164691925,0.46665018796920776,-0.012125430628657341,0.5633249282836914,0.46717512607574463,-0.00852455198764801,0.5578452348709106,0.4679488241672516,-0.004100164398550987,0.5653667449951172,0.4440937042236328,-0.01233628112822771,0.5502670407295227,0.46943071484565735,0.005405792500823736,0.5535054802894592,0.4723118245601654,0.0019121019868180156,0.551809549331665,0.4698069989681244,0.0044885664246976376,0.566850483417511,0.44139233231544495,-0.021931258961558342,0.5599323511123657,0.47129663825035095,-0.001978321699425578,0.5650508999824524,0.47211405634880066,-0.00504200579598546,0.5710897445678711,0.4731718599796295,-0.007487297058105469,0.5678196549415588,0.4937628507614136,-0.0027578927110880613,0.5691171288490295,0.4874248802661896,-0.008163400925695896,0.5696632266044617,0.48215916752815247,-0.008879712782800198,0.5703323483467102,0.47708335518836975,-0.007665105629712343,0.5710062980651855,0.4731365442276001,-0.0068586734123528,0.5598081946372986,0.47137096524238586,-0.0013958177296444774,0.5586583614349365,0.4730483293533325,-0.0022503116633743048,0.5573239326477051,0.47541260719299316,-0.0030374135822057724,0.5562196373939514,0.478184312582016,-0.0018406574381515384,0.5516749620437622,0.45813053846359253,-0.0030241641215980053,0.5121297240257263,0.4283478856086731,0.0633576363325119,0.5771601796150208,0.4486739933490753,-0.019743474200367928,0.5559889674186707,0.4706898331642151,0.002165367128327489,0.554793119430542,0.47140100598335266,0.001711421413347125,0.5702059864997864,0.44880780577659607,-0.01383995357900858,0.5613040328025818,0.44479548931121826,-0.008164512924849987,0.5694859623908997,0.4472884237766266,-0.014002696610987186,0.5543437004089355,0.4166153073310852,-0.0032323410268872976,0.5438128709793091,0.42082998156547546,-0.0008776633185334504,0.5588616132736206,0.4360247254371643,-0.011172446422278881,0.5318986177444458,0.32573139667510986,0.005936861969530582,0.5355767011642456,0.33743613958358765,-0.001457895734347403,0.5381958484649658,0.34485024213790894,-0.006959972437471151,0.5541452169418335,0.4831094741821289,0.0025715946685522795,0.565284252166748,0.35206401348114014,-0.01574758067727089,0.5646836757659912,0.3357364535331726,-0.014417944476008415,0.5633174777030945,0.31560540199279785,-0.012230532243847847,0.536641001701355,0.3975343406200409,0.004542092327028513,0.5233235359191895,0.4016197621822357,0.014064178802073002,0.5621790885925293,0.39611855149269104,0.0006079160957597196,0.5290118455886841,0.3776805102825165,0.0070508732460439205,0.5655776858329773,0.40751442313194275,-0.008010662160813808,0.5636565685272217,0.43565794825553894,-0.022043678909540176,0.5166165232658386,0.4076302647590637,0.02120605669915676,0.5270230174064636,0.4084301292896271,0.009060217998921871,0.5343762636184692,0.41245874762535095,0.003668153192847967,0.5455246567726135,0.4127430319786072,0.0009783885907381773,0.5539756417274475,0.41035744547843933,-0.0008045038557611406,0.5604974031448364,0.4068164825439453,-0.0026691164821386337,0.5735415816307068,0.39684513211250305,-0.015003975480794907,0.5165001749992371,0.42491039633750916,0.02070607990026474,0.5245426297187805,0.37425240874290466,0.009755265899002552,0.574494481086731,0.44669049978256226,-0.027150658890604973,0.5616027116775513,0.42055413126945496,-0.007930286228656769,0.5105170011520386,0.38991469144821167,0.05602424591779709,0.5654677152633667,0.4025334119796753,-0.003930159844458103,0.5581086874008179,0.436116099357605,-0.005379890091717243,0.5321577787399292,0.38688188791275024,0.008892670273780823,0.5636871457099915,0.429925799369812,-0.020167740061879158,0.5144447684288025,0.44884994626045227,0.062001533806324005,0.5627027153968811,0.392945259809494,0.0016676783561706543,0.5682777166366577,0.4258412718772888,-0.02591390535235405,0.5310351848602295,0.48785361647605896,0.02658959850668907,0.5322838425636292,0.4972693920135498,0.03794952481985092,0.512081503868103,0.42709705233573914,0.041868314146995544,0.5230963230133057,0.4773995280265808,0.033496588468551636,0.5155686140060425,0.3738163709640503,0.02909141406416893,0.5545345544815063,0.5142485499382019,0.008684997446835041,0.5750296115875244,0.44822826981544495,-0.019355157390236855,0.5558404326438904,0.4257560670375824,-0.0054305498488247395,0.5183704495429993,0.38883456587791443,0.022032491862773895,0.5417307019233704,0.3968450725078583,0.001794786541722715,0.5468648076057434,0.39820238947868347,0.0002924209402408451,0.5523714423179626,0.47347337007522583,0.002978795673698187,0.5170518159866333,0.44177114963531494,0.023537809029221535,0.5644047260284424,0.5245311260223389,0.01043632160872221,0.5489181876182556,0.5143975019454956,0.022387146949768066,0.5415852069854736,0.5075035095214844,0.029261233285069466,0.581268310546875,0.3371909558773041,-0.015942666679620743,0.5748452544212341,0.5262821912765503,0.008602503687143326,0.5522528290748596,0.39750492572784424,-3.4763077565003186e-05,0.5574132800102234,0.3955309987068176,0.0006907280185259879,0.5608793497085571,0.39414578676223755,0.001761163235642016,0.5204002261161804,0.3713172674179077,0.015515756793320179,0.5571343302726746,0.38538995385169983,-0.0008560160640627146,0.5517304539680481,0.38221433758735657,-0.001711738994345069,0.5464739203453064,0.38139262795448303,-0.0013477886095643044,0.5413404107093811,0.38246792554855347,0.00038976871292106807,0.5381103754043579,0.38449302315711975,0.0024500887375324965,0.5120226144790649,0.3698659837245941,0.04496992379426956,0.5384944081306458,0.39434903860092163,0.003804837353527546,0.5768422484397888,0.4555296003818512,-0.013502728193998337,0.5582048296928406,0.45528140664100647,-0.006962780840694904,0.5642161965370178,0.44183552265167236,-0.016094939783215523,0.5691553950309753,0.45499828457832336,-0.01283115241676569,0.5793430805206299,0.38305455446243286,-0.013946257531642914,0.539659857749939,0.49820807576179504,0.021321594715118408,0.5471169948577881,0.5062008500099182,0.015405825339257717,0.5637569427490234,0.5199131965637207,0.002895583864301443,0.5249232053756714,0.48559460043907166,0.04848325625061989,0.5610255599021912,0.389898419380188,0.0006612405995838344,0.5694277286529541,0.41014930605888367,-0.016077451407909393,0.5748141407966614,0.5214141011238098,0.0013656029477715492,0.5561876893043518,0.5203365087509155,0.015214299783110619,0.5139194130897522,0.4456603527069092,0.04201985523104668,0.5649588108062744,0.472159206867218,-0.00441216304898262,0.5638269782066345,0.47513505816459656,-0.005324594676494598,0.562825083732605,0.4789764881134033,-0.006270390469580889,0.5620508193969727,0.483605295419693,-0.005309875588864088,0.5601529479026794,0.48929697275161743,-0.0006531294202432036,0.5547937750816345,0.4696781039237976,0.0012020195135846734,0.5535536408424377,0.46867644786834717,0.0012307718861848116,0.5525237321853638,0.4676341712474823,0.0010642841225489974,0.5466238856315613,0.462035208940506,0.0016779514262452722,0.5236566066741943,0.4462853968143463,0.011640000157058239,0.5697067379951477,0.40160927176475525,-0.011114886030554771,0.5666674971580505,0.38415682315826416,-0.0027857969980686903,0.5633615255355835,0.3859643340110779,-0.0004404286446515471,0.5560561418533325,0.4706062972545624,0.0017239194130524993,0.5240859985351562,0.46561199426651,0.02156858891248703,0.5719919204711914,0.3831593990325928,-0.01018664613366127,0.5572503805160522,0.49807149171829224,0.0023208744823932648,0.5783100128173828,0.41342270374298096,-0.026487410068511963,0.5735076069831848,0.4062156081199646,-0.020359784364700317,0.5785881876945496,0.40475720167160034,-0.021830804646015167,0.565178632736206,0.42278000712394714,-0.015446648001670837,0.5750100016593933,0.5141065120697021,-0.0022607792634516954,0.5752905011177063,0.5040515661239624,-0.002874926198273897,0.5659036636352539,0.5031228065490723,-0.0015331025933846831,0.5450401902198792,0.4811480641365051,0.008860542438924313,0.55264812707901,0.44192707538604736,-0.0032109986059367657,0.5508414506912231,0.49072903394699097,0.005990090314298868,0.5370590090751648,0.43998467922210693,-0.0006760663236491382,0.5459059476852417,0.449010968208313,-0.0011098496615886688,0.5316534042358398,0.4521213471889496,0.004880245309323072,0.5641668438911438,0.51284259557724,-0.000595638295635581,0.5617576241493225,0.42684322595596313,-0.011052885092794895,0.5408301949501038,0.48852819204330444,0.014399994164705276,0.5481771230697632,0.4979964792728424,0.010415729135274887,0.5396644473075867,0.470683217048645,0.008797742426395416,0.5187776684761047,0.4558872580528259,0.026330193504691124,0.5323680639266968,0.4735078811645508,0.014370252378284931,0.5171350836753845,0.46253541111946106,0.04060101509094238,0.5404460430145264,0.45727452635765076,0.0026168066542595625,0.5656912326812744,0.4153074622154236,-0.011653999797999859,0.5651860237121582,0.4397985339164734,-0.02317322976887226,0.5618320107460022,0.44071727991104126,-0.01669292524456978,0.5678226351737976,0.4346235692501068,-0.02724427543580532,0.5619641542434692,0.37348049879074097,-0.004869652912020683,0.5521514415740967,0.36548709869384766,-0.0055851987563073635,0.543496310710907,0.3635198175907135,-0.004722710698843002,0.5363863706588745,0.36531656980514526,-0.0018533761613070965,0.5313704609870911,0.36977747082710266,0.002061396138742566,0.5283383727073669,0.3874281644821167,0.011615964584052563,0.5113687515258789,0.40906450152397156,0.03952251374721527,0.5324941277503967,0.4014281630516052,0.007412576116621494,0.538305938243866,0.4049663841724396,0.004018798936158419,0.546039879322052,0.40650278329849243,0.0015147433150559664,0.5536544322967529,0.4053223133087158,-0.00022048833488952368,0.5597930550575256,0.4023977816104889,-0.0004053344309795648,0.5640262961387634,0.39948520064353943,-0.0011716452427208424,0.5110411643981934,0.4089479148387909,0.06165778636932373,0.561849057674408,0.4422847628593445,-0.013709417544305325,0.5691752433776855,0.4178161919116974,-0.02023010142147541,0.5690367221832275,0.44097819924354553,-0.027494380250573158,0.5717849731445312,0.4450209140777588,-0.024907520040869713,0.5689533948898315,0.442181795835495,-0.024666408076882362,0.5631171464920044,0.44442230463027954,-0.011529366485774517,0.5727756023406982,0.44597575068473816,-0.02636607736349106,0.5733505487442017,0.4475056529045105,-0.019454555585980415,0.5646254420280457,0.3929470181465149,0.0008638608851470053,0.5673779845237732,0.39449286460876465,-0.002403963590040803,0.5692396759986877,0.39574888348579407,-0.006041073240339756,0.5363017916679382,0.38617634773254395,0.0047137015499174595,0.532070517539978,0.37978753447532654,0.005107953678816557,0.5829417705535889,0.41484323143959045,-0.02453659661114216,0.6205316185951233,0.39603450894355774,0.004828226752579212,0.5823411345481873,0.4464917778968811,-0.0196706410497427,0.6446384191513062,0.3604316711425781,0.03059222549200058,0.6041567325592041,0.40353524684906006,-0.0011365190148353577,0.6101972460746765,0.40459302067756653,-0.00047974404878914356,0.6158474087715149,0.4036693274974823,0.0012849364429712296,0.6229251027107239,0.39838287234306335,0.006175537593662739,0.5989591479301453,0.40052592754364014,-0.00029903327231295407,0.6129942536354065,0.37579792737960815,-0.00409909849986434,0.6061949133872986,0.37684568762779236,-0.004170927684754133,0.6192999482154846,0.37745553255081177,-0.0017707583028823137,0.6232787370681763,0.3812604546546936,0.0007918539922684431,0.6278228163719177,0.40280893445014954,0.009710663929581642,0.5953893065452576,0.5086816549301147,0.004509890452027321,0.622427761554718,0.3931955099105835,0.006873311474919319,0.6447970271110535,0.3981584310531616,0.03552627936005592,0.6343306303024292,0.3954324722290039,0.01537978183478117,0.6072536110877991,0.4344533681869507,-0.004279422573745251,0.5864431262016296,0.46262070536613464,-0.013281386345624924,0.5852029919624329,0.471505343914032,-0.01018594391644001,0.5936671495437622,0.4652465581893921,-0.009691985324025154,0.5982739329338074,0.46776047348976135,-0.0048805889673531055,0.5910035967826843,0.47144192457199097,-0.0077339056879282,0.5954967737197876,0.47156116366386414,-0.0033524134196341038,0.6029301881790161,0.4784029424190521,0.005103426985442638,0.5819845795631409,0.44290387630462646,-0.030173184350132942,0.5828012824058533,0.43438228964805603,-0.03239161893725395,0.6327483057975769,0.3695559501647949,0.002682217163965106,0.595410943031311,0.4142226576805115,-0.005933315027505159,0.594612181186676,0.4391273558139801,-0.016416002064943314,0.5950444340705872,0.43450748920440674,-0.014955902472138405,0.6260182857513428,0.4336245656013489,0.003653363324701786,0.5829251408576965,0.42372992634773254,-0.02957781031727791,0.6193026304244995,0.3601852059364319,-0.007784601300954819,0.6274017691612244,0.36280956864356995,-0.0028587598353624344,0.6399341821670532,0.34431663155555725,0.018081530928611755,0.5923123359680176,0.3703085780143738,-0.012959540821611881,0.6001942753791809,0.38091593980789185,-0.0024453012738376856,0.6081790924072266,0.47041112184524536,0.005823460873216391,0.6328781843185425,0.4749388098716736,0.05672662332653999,0.5903984904289246,0.4438532590866089,-0.014067218638956547,0.5858471989631653,0.44634777307510376,-0.013965028338134289,0.6039854288101196,0.4715104401111603,0.005660403985530138,0.6025229692459106,0.47174105048179626,0.004134004935622215,0.6309168934822083,0.35593903064727783,-0.0005751085700467229,0.5947931408882141,0.4419984817504883,-0.012994138523936272,0.6079495549201965,0.3622114658355713,-0.011396083980798721,0.6089762449264526,0.35440516471862793,-0.013144254684448242,0.6168622970581055,0.32225051522254944,-0.006100413389503956,0.6355100274085999,0.35217130184173584,0.007190746255218983,0.6125621795654297,0.3384680449962616,-0.010088764131069183,0.6363115906715393,0.36507102847099304,0.007271444890648127,0.6407177448272705,0.3654018044471741,0.017887834459543228,0.5860320925712585,0.4674665927886963,-0.012321569956839085,0.5924000144004822,0.4685766100883484,-0.008891011588275433,0.596991240978241,0.4696747064590454,-0.004556507803499699,0.5890843272209167,0.4450715184211731,-0.012463429011404514,0.6032328605651855,0.4716314673423767,0.004891085904091597,0.6000798940658569,0.47429561614990234,0.0014449531445279717,0.601695716381073,0.47187626361846924,0.004023660905659199,0.5879664421081543,0.442265123128891,-0.022077349945902824,0.5942491292953491,0.4728667140007019,-0.0023687067441642284,0.5897486805915833,0.4733448326587677,-0.005358841735869646,0.5843021869659424,0.4738774001598358,-0.0076792286708951,0.5834291577339172,0.4945029020309448,-0.0029528446029871702,0.5849642157554626,0.48814627528190613,-0.008369055576622486,0.5849507451057434,0.48285871744155884,-0.009111294522881508,0.5846620202064514,0.47777611017227173,-0.007887596264481544,0.5841192007064819,0.4737829566001892,-0.007072866428643465,0.5941876173019409,0.47288793325424194,-0.0017921843100339174,0.5953192710876465,0.4746842682361603,-0.002637139754369855,0.5964969992637634,0.4771404564380646,-0.003425831440836191,0.5973197221755981,0.47996786236763,-0.0022214960772544146,0.6017968058586121,0.4603647291660309,-0.003488705726340413,0.6419702768325806,0.43492409586906433,0.06251059472560883,0.5976133942604065,0.47245678305625916,0.0017127778846770525,0.598865807056427,0.4732958972454071,0.0012479268480092287,0.5840575695037842,0.4494120478630066,-0.013940372504293919,0.5930328965187073,0.446183443069458,-0.008376708254218102,0.5848823189735413,0.4479590952396393,-0.014095334336161613,0.6018185615539551,0.41900649666786194,-0.003614987013861537,0.6119905710220337,0.4243212342262268,-0.0014424168039113283,0.5960171222686768,0.43771955370903015,-0.011442831717431545,0.6312578916549683,0.33126071095466614,0.005237841047346592,0.6267133355140686,0.342713862657547,-0.0020322350319474936,0.6215946674346924,0.35225656628608704,-0.007539644837379456,0.5977909564971924,0.48505696654319763,0.0021222911309450865,0.5942568778991699,0.35826048254966736,-0.01594172976911068,0.5979108810424805,0.33763235807418823,-0.014596503227949142,0.6010214686393738,0.31766587495803833,-0.01251742523163557,0.6203527450561523,0.40189510583877563,0.003892834298312664,0.6338491439819336,0.40837886929512024,0.013300200924277306,0.5955550074577332,0.3978654444217682,0.00027902115834876895,0.6290910840034485,0.38422664999961853,0.0063187126070261,0.5913984179496765,0.408761203289032,-0.008241715840995312,0.5914422869682312,0.43686413764953613,-0.0222212765365839,0.639398992061615,0.4140121638774872,0.02037694677710533,0.6300673484802246,0.4145851135253906,0.008349152281880379,0.6227468252182007,0.41760125756263733,0.0029937652871012688,0.6115896701812744,0.41644471883773804,0.0004364830965641886,0.6032026410102844,0.41292259097099304,-0.0012331014731898904,0.5968323945999146,0.4086323082447052,-0.0029721378814429045,0.5841660499572754,0.397362619638443,-0.015113789588212967,0.6382403373718262,0.4311607778072357,0.019839610904455185,0.6338075399398804,0.38186511397361755,0.008983767591416836,0.5800207853317261,0.44689780473709106,-0.027184195816516876,0.594372570514679,0.42210623621940613,-0.008187178522348404,0.6464256048202515,0.3970021903514862,0.05512257292866707,0.5921024084091187,0.40383628010749817,-0.004169546067714691,0.5967361927032471,0.4379086196422577,-0.00566813675686717,0.6252599954605103,0.3927282392978668,0.00822445284575224,0.591729998588562,0.4311455190181732,-0.020350102335214615,0.6383093595504761,0.45496198534965515,0.061271265149116516,0.5953017473220825,0.39485448598861694,0.0013469852274283767,0.5874563455581665,0.42664507031440735,-0.026077380403876305,0.6200050711631775,0.49210217595100403,0.025948453694581985,0.6181718111038208,0.5011948347091675,0.037409935146570206,0.6420985460281372,0.4337334930896759,0.040947090834379196,0.6281735897064209,0.4824134111404419,0.03273279219865799,0.6430400609970093,0.3807615637779236,0.028253182768821716,0.5953726172447205,0.5162509083747864,0.00836922787129879,0.5793203115463257,0.4483852684497833,-0.019380824640393257,0.5996887683868408,0.4278925657272339,-0.005777712911367416,0.6389889717102051,0.3969312310218811,0.021222127601504326,0.6152406930923462,0.3997512459754944,0.0012517531868070364,0.6102551221847534,0.4005559980869293,-0.00022274319780990481,0.6010953783988953,0.4755468964576721,0.002489514881744981,0.6365194916725159,0.4478050470352173,0.022656626999378204,0.5852459073066711,0.5254440307617188,0.010274185799062252,0.6011965274810791,0.5167475342750549,0.021972564980387688,0.6087327003479004,0.5105595588684082,0.028791533783078194,0.6051149964332581,0.3995262086391449,-0.0004868890973739326,0.6002054810523987,0.39735856652259827,0.0002966824104078114,0.5969851016998291,0.39599689841270447,0.0014153864467516541,0.6378423571586609,0.37950021028518677,0.014703839085996151,0.6010222434997559,0.38878875970840454,-0.0012885447358712554,0.606239378452301,0.3867607116699219,-0.0022132382728159428,0.6113314032554626,0.3867165744304657,-0.001911538070999086,0.6162309646606445,0.38816651701927185,-0.0002457086811773479,0.6192513108253479,0.39015766978263855,0.0017998495604842901,0.646589457988739,0.3770585060119629,0.04410857334733009,0.6184358596801758,0.3980015814304352,0.0032016776967793703,0.5955590605735779,0.456915944814682,-0.007267320528626442,0.5904715657234192,0.44295355677604675,-0.016251659020781517,0.5847132802009583,0.4557092487812042,-0.012972244061529636,0.6110376119613647,0.5016730427742004,0.02079801633954048,0.6032204031944275,0.5089905261993408,0.014983365312218666,0.5858237743377686,0.52094966173172,0.002686835592612624,0.6259039640426636,0.4902588427066803,0.047829519957304,0.597105085849762,0.39227190613746643,0.00028359692078083754,0.587374210357666,0.4109923839569092,-0.0162424985319376,0.5936378240585327,0.5219864845275879,0.014897959306836128,0.6389327049255371,0.45191535353660583,0.04118030145764351,0.5896223187446594,0.47330811619758606,-0.004732193425297737,0.5906293988227844,0.47637760639190674,-0.005637945141643286,0.5914028286933899,0.48026272654533386,-0.006617373321205378,0.5918219685554504,0.48490601778030396,-0.005646175239235163,0.5913516879081726,0.49066323041915894,-0.001006295089609921,0.5991716384887695,0.4715743362903595,0.0007189454627223313,0.6005110144615173,0.47067928314208984,0.0007279026904143393,0.6016499996185303,0.469712495803833,0.0005660591414198279,0.606576681137085,0.4646596908569336,0.0011149811325594783,0.6298430562019348,0.4515742361545563,0.01082867756485939,0.587670087814331,0.4025037884712219,-0.011306670494377613,0.5916509628295898,0.386739045381546,-0.003009463893249631,0.5948976278305054,0.38854119181632996,-0.0007682486902922392,0.5977022051811218,0.47240403294563293,0.0012752850307151675,0.6281917691230774,0.47060713171958923,0.020812220871448517,0.5864711999893188,0.38568589091300964,-0.010299007408320904,0.5936480164527893,0.49974673986434937,0.001961398171260953,0.5835587978363037,0.40666964650154114,-0.020466342568397522,0.5907089710235596,0.4239811301231384,-0.015638958662748337,0.5846827626228333,0.5039887428283691,-0.0017255538841709495,0.6068627834320068,0.48398786783218384,0.008285433985292912,0.6017961502075195,0.44422829151153564,-0.003626777557656169,0.6005386114120483,0.49302005767822266,0.005513197276741266,0.617298424243927,0.4439760148525238,-0.001290934975259006,0.6080802083015442,0.45200449228286743,-0.0016260623233392835,0.6218293309211731,0.4565718173980713,0.004171627573668957,0.5858213901519775,0.5138751268386841,-0.0008283060742542148,0.5937986969947815,0.4283030331134796,-0.01129946019500494,0.6106016039848328,0.4918294847011566,0.013840223662555218,0.602727472782135,0.5005994439125061,0.009983483701944351,0.6128103733062744,0.4740508794784546,0.0081395348533988,0.6339198350906372,0.4615340232849121,0.025537261739373207,0.619727611541748,0.4776585102081299,0.01370224542915821,0.6347540020942688,0.4682397246360779,0.03976674750447273,0.6129807829856873,0.46073126792907715,0.0019601210951805115,0.5906920433044434,0.4164985120296478,-0.011856515891849995,0.5897157192230225,0.4408387839794159,-0.02331727370619774,0.5928723812103271,0.4420626163482666,-0.016897078603506088,0.5874032974243164,0.43544793128967285,-0.027402516454458237,0.5966864824295044,0.3778640627861023,-0.0051652491092681885,0.6067739129066467,0.3713412284851074,-0.005987072363495827,0.6154723763465881,0.3700750768184662,-0.005256088450551033,0.6224721074104309,0.3719961941242218,-0.00248446105979383,0.6271771192550659,0.3764740824699402,0.0013807779178023338,0.6292527318000793,0.3938486576080322,0.010914339683949947,0.644172191619873,0.41597211360931396,0.03858860954642296,0.624692976474762,0.40686100721359253,0.006720745470374823,0.6188473701477051,0.40935105085372925,0.00340607319958508,0.6110821962356567,0.4097473919391632,0.0009945955825969577,0.6035415530204773,0.40768691897392273,-0.0006538878078572452,0.5975766777992249,0.4042437672615051,-0.0007342304452322423,0.5935300588607788,0.40096139907836914,-0.001446218928322196,0.6445107460021973,0.41580554842948914,0.06071816012263298,0.5926632881164551,0.4435760974884033,-0.013915883377194405,0.587086021900177,0.4186256527900696,-0.02040291577577591,0.585817277431488,0.44165804982185364,-0.02759045548737049,0.5828266739845276,0.44544950127601624,-0.02494429238140583,0.5858402848243713,0.4428875148296356,-0.024758046492934227,0.5912728309631348,0.44559308886528015,-0.01171709131449461,0.581773042678833,0.4463161528110504,-0.026401743292808533,0.5810264945030212,0.4477619230747223,-0.019510572776198387,0.5933574438095093,0.3947674334049225,0.000599669583607465,0.5904579162597656,0.39597150683403015,-0.002613013843074441,0.5886276364326477,0.39699918031692505,-0.006218757946044207,0.6210137009620667,0.3917158544063568,0.004045374225825071,0.6256598234176636,0.38593581318855286,0.0044122482649981976,0.5484006404876709,0.39111125469207764,0.0017056675860658288,0.5543179512023926,0.39162448048591614,0.0017056675860658288,0.5487747192382812,0.3839374780654907,0.0017056675860658288,0.5423663258552551,0.39060133695602417,0.0017056675860658288,0.5480207204818726,0.3982040584087372,0.0017056675860658288,0.608127236366272,0.3927873969078064,0.0011858863290399313,0.6140984892845154,0.39303672313690186,0.0011858863290399313,0.608158528804779,0.3854674696922302,0.0011858863290399313,0.6022223234176636,0.3924885392189026,0.0011858863290399313,0.6081188917160034,0.40004295110702515,0.0011858863290399313
3966.6666666666733,0.5794599056243896,0.46133843064308167,-0.014440997503697872,0.5785799026489258,0.43992239236831665,-0.031047416850924492,0.5782136917114258,0.44729188084602356,-0.015906943008303642,0.5747208595275879,0.411431223154068,-0.024411093443632126,0.5788644552230835,0.4310714304447174,-0.03337431699037552,0.5791924595832825,0.41958746314048767,-0.031486768275499344,0.5800400972366333,0.39219456911087036,-0.01703811250627041,0.5377592444419861,0.38973334431648254,0.006173398811370134,0.5809472799301147,0.3681246042251587,-0.013837942853569984,0.5814597606658936,0.3556743860244751,-0.015692925080657005,0.5831970572471619,0.3135319650173187,-0.012354058213531971,0.5793089866638184,0.4651767611503601,-0.013568440452218056,0.5790266990661621,0.4691961109638214,-0.011689807288348675,0.5787525773048401,0.4717845320701599,-0.009147915989160538,0.5786263346672058,0.4716716706752777,-0.008444759994745255,0.5785945057868958,0.47613757848739624,-0.009357551112771034,0.5784252882003784,0.48140087723731995,-0.010541492141783237,0.5781447291374207,0.48677682876586914,-0.009743951261043549,0.5766453146934509,0.49320900440216064,-0.004283799324184656,0.5784462094306946,0.44421783089637756,-0.027921153232455254,0.5733343958854675,0.44330552220344543,-0.01999436505138874,0.5164838433265686,0.35201629996299744,0.03298395872116089,0.5540872812271118,0.39909282326698303,-0.00014360449858941138,0.547877848148346,0.39976203441619873,0.0005750833079218864,0.5422574877738953,0.39809495210647583,0.002451245905831456,0.5354109406471252,0.3913944363594055,0.00755705451592803,0.5595236420631409,0.3962060511112213,0.0006314938073046505,0.5467743873596191,0.3676338791847229,-0.0027614489663392305,0.5537372827529907,0.3694317638874054,-0.002918631536886096,0.5401580333709717,0.3690519630908966,-0.0003597992763388902,0.5357522368431091,0.37306493520736694,0.0022702401038259268,0.5306148529052734,0.39500701427459717,0.011069879867136478,0.5557317137718201,0.5057860612869263,0.0038086650893092155,0.5361233949661255,0.3861997127532959,0.00830682460218668,0.5132109522819519,0.3898589015007019,0.03738916665315628,0.5244461894035339,0.3863779306411743,0.016951099038124084,0.5487874150276184,0.4292626678943634,-0.0037960156332701445,0.5712233185768127,0.458890825510025,-0.01373272854834795,0.5714852809906006,0.46829232573509216,-0.010690686292946339,0.5628388524055481,0.46114370226860046,-0.009915507398545742,0.5572308301925659,0.4635262191295624,-0.004922111053019762,0.564917802810669,0.46774056553840637,-0.008002827875316143,0.5597483515739441,0.4676004946231842,-0.0034709947649389505,0.5501352548599243,0.4744526743888855,0.005133225116878748,0.5739601850509644,0.4394611418247223,-0.030523352324962616,0.5736188888549805,0.4308296740055084,-0.03263334929943085,0.527576208114624,0.36028003692626953,0.004444216378033161,0.5621775984764099,0.4102124869823456,-0.005374906584620476,0.5612467527389526,0.43495798110961914,-0.01640838384628296,0.5610458254814148,0.4303329885005951,-0.014848860912024975,0.5297710299491882,0.42669442296028137,0.0045820847153663635,0.5741759538650513,0.4202587306499481,-0.029631488025188446,0.5411680936813354,0.3504723608493805,-0.006274859420955181,0.5331377387046814,0.35333186388015747,-0.0011560285929590464,0.5228124260902405,0.33611005544662476,0.020501120015978813,0.5675005912780762,0.36168429255485535,-0.012020417489111423,0.5595712661743164,0.37455669045448303,-0.0012981302570551634,0.5453624725341797,0.4658464789390564,0.00599575275555253,0.5195287466049194,0.4691174328327179,0.05738743394613266,0.5652206540107727,0.44007694721221924,-0.014165284112095833,0.5697100162506104,0.44298675656318665,-0.01423371210694313,0.5503263473510742,0.46726229786872864,0.005802046973258257,0.5518430471420288,0.46755608916282654,0.004215689841657877,0.530009925365448,0.34635353088378906,0.001262450823560357,0.5607703924179077,0.43791434168815613,-0.01301624346524477,0.5522422790527344,0.35239651799201965,-0.010115031152963638,0.5515548586845398,0.3446546196937561,-0.01179743092507124,0.5480846166610718,0.3161579966545105,-0.003973889164626598,0.5268039107322693,0.3438633680343628,0.009252619929611683,0.5509717464447021,0.3323015570640564,-0.008404518477618694,0.5241712331771851,0.3553585410118103,0.009164202958345413,0.520369291305542,0.3567911684513092,0.020036550238728523,0.5712003111839294,0.46394866704940796,-0.012780838645994663,0.5638776421546936,0.46465128660202026,-0.009123201481997967,0.5584462881088257,0.46560123562812805,-0.0046180738136172295,0.5664113759994507,0.44145792722702026,-0.012631221674382687,0.5511040091514587,0.4674176871776581,0.005006818100810051,0.5543272495269775,0.47021040320396423,0.0014367569237947464,0.5526859760284424,0.46773236989974976,0.004080493468791246,0.5679283142089844,0.4385242760181427,-0.022225014865398407,0.5607076287269592,0.4690185785293579,-0.0025635180063545704,0.5658237934112549,0.469796359539032,-0.005721757188439369,0.5718949437141418,0.4708535075187683,-0.008243797346949577,0.5687220692634583,0.4923839867115021,-0.003682553768157959,0.5699402093887329,0.48542603850364685,-0.00901241134852171,0.5704748630523682,0.48003247380256653,-0.009672167710959911,0.5711525678634644,0.474831223487854,-0.008383350446820259,0.5718445181846619,0.47077736258506775,-0.007474098354578018,0.5606396794319153,0.4690912961959839,-0.0018724414985626936,0.5594761967658997,0.47082826495170593,-0.0027988036163151264,0.5581191182136536,0.4732493758201599,-0.0036335343029350042,0.5569996237754822,0.4760788083076477,-0.0024439494591206312,0.5524475574493408,0.4559272527694702,-0.003382788971066475,0.5130515694618225,0.427778422832489,0.06396907567977905,0.5783473253250122,0.44583410024642944,-0.0201779343187809,0.5568367838859558,0.46850013732910156,0.001751527888700366,0.555631697177887,0.4692562222480774,0.0012506514322012663,0.57129967212677,0.44617778062820435,-0.014266702346503735,0.5622822642326355,0.4423450529575348,-0.008471189066767693,0.5705801844596863,0.4446438252925873,-0.014391358010470867,0.5553001761436462,0.41437971591949463,-0.00300250924192369,0.5447069406509399,0.4186519682407379,-0.0006610011332668364,0.5598135590553284,0.43350616097450256,-0.011357897892594337,0.5328356623649597,0.32375815510749817,0.007556143682450056,0.5364540219306946,0.3350748121738434,-0.00011154836101923138,0.5391779541969299,0.3427124321460724,-0.00588110601529479,0.5548436641693115,0.4815760850906372,0.0019242074340581894,0.5661916732788086,0.34913355112075806,-0.0148661769926548,0.5656713247299194,0.3331085443496704,-0.013173128478229046,0.5642989873886108,0.3132580518722534,-0.010721836239099503,0.5377591848373413,0.3955163061618805,0.005177866201847792,0.5243286490440369,0.3998603820800781,0.014713866636157036,0.5631933212280273,0.39349934458732605,0.0011855743359774351,0.530073881149292,0.37594130635261536,0.007918925024569035,0.5666602253913879,0.40506184101104736,-0.007711948361247778,0.5647071003913879,0.4328020215034485,-0.022280635312199593,0.5175496339797974,0.4060428738594055,0.02184239588677883,0.5279717445373535,0.40654605627059937,0.0095764035359025,0.5352686643600464,0.41041478514671326,0.004083115141838789,0.5464116930961609,0.4105670750141144,0.0013447343371808529,0.5548988580703735,0.40804868936538696,-0.00044150816393084824,0.561448872089386,0.4043191373348236,-0.00228463695384562,0.5746520161628723,0.3941105008125305,-0.014622003771364689,0.5173938274383545,0.4233350455760956,0.021095946431159973,0.5255906581878662,0.37259843945503235,0.010696022771298885,0.5756625533103943,0.4437572658061981,-0.027571195736527443,0.5626276731491089,0.41811123490333557,-0.007827958092093468,0.5114343166351318,0.38908037543296814,0.05716053023934364,0.5664200782775879,0.3998391926288605,-0.0035011828877031803,0.5590496063232422,0.43371400237083435,-0.005516514647752047,0.533316969871521,0.38520875573158264,0.009671630337834358,0.5647286176681519,0.4271427392959595,-0.020322095602750778,0.5153417587280273,0.4483731687068939,0.06229865178465843,0.5637580156326294,0.39030054211616516,0.0023086396977305412,0.5693763494491577,0.4228955805301666,-0.026064114645123482,0.5317456722259521,0.4869724214076996,0.02608593925833702,0.5330067276954651,0.4968148469924927,0.03739180043339729,0.5130376219749451,0.42600810527801514,0.04237620532512665,0.5238679647445679,0.476544588804245,0.03318418562412262,0.5165209770202637,0.37232109904289246,0.030291471630334854,0.5552235245704651,0.5135590434074402,0.007563145365566015,0.5762087106704712,0.445398211479187,-0.019780531525611877,0.5568040609359741,0.4234265089035034,-0.005385479889810085,0.5194457769393921,0.3872825801372528,0.02291349694132805,0.5428357124328613,0.3946414887905121,0.00242989300750196,0.5479117035865784,0.39595258235931396,0.0008983843144960701,0.5531809329986572,0.4714084565639496,0.0024971363600343466,0.5178946256637573,0.4403459429740906,0.023682525381445885,0.5651916861534119,0.5240678191184998,0.009143978357315063,0.5495651960372925,0.5139866471290588,0.021451592445373535,0.5422433614730835,0.5070762634277344,0.028511736541986465,0.5823048949241638,0.3345184624195099,-0.014762872830033302,0.575788676738739,0.5257910490036011,0.007229649927467108,0.5532775521278381,0.39520758390426636,0.0005646223435178399,0.5584287643432617,0.3931106626987457,0.001299993833526969,0.5619004368782043,0.3915936350822449,0.002397300908342004,0.5214735269546509,0.3698173761367798,0.016538584604859352,0.558312714099884,0.3830052614212036,-0.00017315732839051634,0.5529428124427795,0.38012397289276123,-0.0010174656054005027,0.5477039813995361,0.3795190453529358,-0.0006372848874889314,0.542589008808136,0.3807453513145447,0.0011164195602759719,0.5393686890602112,0.3827962875366211,0.0031832484528422356,0.5129584074020386,0.36876845359802246,0.04633154347538948,0.5396710634231567,0.39225685596466064,0.0044730715453624725,0.5780318379402161,0.4529448449611664,-0.014010906219482422,0.5590865612030029,0.452934205532074,-0.007361210882663727,0.5652493834495544,0.43909141421318054,-0.016352854669094086,0.5702194571495056,0.4524703621864319,-0.013317623175680637,0.5804488658905029,0.3803255558013916,-0.013410121202468872,0.5403268337249756,0.49740225076675415,0.0206033643335104,0.5477738380432129,0.5054742693901062,0.01447516493499279,0.5645644068717957,0.5191885828971863,0.001611088402569294,0.5257237553596497,0.4851815104484558,0.04814999923110008,0.5621265769004822,0.3872983157634735,0.001328628626652062,0.570525050163269,0.4074149429798126,-0.01588706113398075,0.5757681727409363,0.5206719636917114,1.2389950825308915e-05,0.556870698928833,0.5199056267738342,0.014089310541749,0.5148357152938843,0.44470328092575073,0.04224634915590286,0.5657755732536316,0.4698093831539154,-0.004961501806974411,0.5646206140518188,0.4728813171386719,-0.005957943852990866,0.5635982155799866,0.4768081605434418,-0.006956746336072683,0.5628209114074707,0.4815415143966675,-0.00602660421282053,0.5609243512153625,0.4878559112548828,-0.0014362370129674673,0.5555758476257324,0.46749147772789,0.0007470091222785413,0.5542775392532349,0.4665030837059021,0.0007963011739775538,0.5531979203224182,0.4654563367366791,0.0006511923857033253,0.5472949147224426,0.4599882960319519,0.001343501964583993,0.5244461297988892,0.44459623098373413,0.011625770479440689,0.5708067417144775,0.39900562167167664,-0.010766987688839436,0.567656397819519,0.3813699781894684,-0.0021293177269399166,0.564391016960144,0.38327038288116455,0.0002518056135158986,0.5568886995315552,0.46839770674705505,0.0012391640339046717,0.5248217582702637,0.4643188714981079,0.021352315321564674,0.5728743076324463,0.3802441656589508,-0.009609964676201344,0.5580095052719116,0.4968611001968384,0.0014291132101789117,0.5794668793678284,0.41039377450942993,-0.026484781876206398,0.5746267437934875,0.40335097908973694,-0.02014348842203617,0.5797308683395386,0.4018317759037018,-0.021631119772791862,0.5662384033203125,0.42010733485221863,-0.015439395792782307,0.575992226600647,0.5131248235702515,-0.0035072548780590296,0.5763095617294312,0.5028518438339233,-0.003997583407908678,0.5667710304260254,0.5019322633743286,-0.002601430518552661,0.545741617679596,0.4796651005744934,0.008301935158669949,0.5535571575164795,0.43966108560562134,-0.003372218692675233,0.5515562891960144,0.48942992091178894,0.005261496640741825,0.5379015207290649,0.43788161873817444,-0.0007360723102465272,0.5467438101768494,0.44685789942741394,-0.00130121607799083,0.5324286818504333,0.4502551257610321,0.0047203972935676575,0.5649979114532471,0.5118721723556519,-0.001775815966539085,0.5627648234367371,0.42431390285491943,-0.011084462516009808,0.5415154099464417,0.4873463213443756,0.013776110485196114,0.5488675236701965,0.4969610869884491,0.009579533711075783,0.5403538346290588,0.46899476647377014,0.008382768370211124,0.5195685029029846,0.4546365737915039,0.02627962827682495,0.5330715179443359,0.4721032381057739,0.013990502804517746,0.5179963707923889,0.4616807997226715,0.040548671036958694,0.5411773324012756,0.45527225732803345,0.002358402591198683,0.5667652487754822,0.41272756457328796,-0.011505032889544964,0.5662513971328735,0.43691393733024597,-0.02344949170947075,0.5628423094749451,0.43800824880599976,-0.016971373930573463,0.5689259171485901,0.431607186794281,-0.027512066066265106,0.5629547834396362,0.37075531482696533,-0.004111899994313717,0.5531408786773682,0.3630733788013458,-0.004750226158648729,0.5444883108139038,0.36135685443878174,-0.0038626689929515123,0.5373877286911011,0.36331361532211304,-0.0009765872964635491,0.5323806405067444,0.3679181933403015,0.002965581603348255,0.5294550657272339,0.385739803314209,0.012414219789206982,0.5123347043991089,0.40788736939430237,0.04028050974011421,0.5335125923156738,0.39949944615364075,0.008005641400814056,0.5392536520957947,0.4028664529323578,0.00454755499958992,0.5469841957092285,0.40430957078933716,0.0019939271733164787,0.5546217560768127,0.4030221104621887,0.00023843924282118678,0.5607815980911255,0.39992430806159973,7.75639055063948e-05,0.5650210380554199,0.39685043692588806,-0.0006776989903301001,0.511953592300415,0.4082801640033722,0.06255567073822021,0.5628487467765808,0.43966594338417053,-0.013992526568472385,0.5702767968177795,0.41497358679771423,-0.020204102620482445,0.570154070854187,0.4379800260066986,-0.027829935774207115,0.5729492902755737,0.44212961196899414,-0.02529505081474781,0.5700722336769104,0.43926215171813965,-0.02499557100236416,0.5641252994537354,0.441874623298645,-0.011839606799185276,0.5739353895187378,0.4430543780326843,-0.026777513325214386,0.574522852897644,0.4446864128112793,-0.01985887996852398,0.565653383731842,0.39022818207740784,0.00147403369192034,0.5683783292770386,0.391737699508667,-0.0018563736230134964,0.5701809525489807,0.3929101228713989,-0.005562921985983849,0.5375603437423706,0.38447344303131104,0.005456184968352318,0.5331637859344482,0.3780320882797241,0.005898475181311369,0.5841293334960938,0.41184601187705994,-0.024547161534428596,0.6217659115791321,0.3935507833957672,0.005284941289573908,0.5835674405097961,0.44365420937538147,-0.020085172727704048,0.6459828019142151,0.35884934663772583,0.03156517073512077,0.6054521799087524,0.40081554651260376,-0.0007571520400233567,0.6115036010742188,0.40190500020980835,-0.00011653117690002546,0.6171553730964661,0.4010603129863739,0.0016547066625207663,0.6242342591285706,0.39606302976608276,0.006600886583328247,0.6002170443534851,0.39779579639434814,0.00012387073365971446,0.6142728328704834,0.3733299970626831,-0.003563988720998168,0.6074647903442383,0.37431609630584717,-0.0035912194289267063,0.6206081509590149,0.37502825260162354,-0.001244287588633597,0.6246005892753601,0.37887734174728394,0.00131551967933774,0.6292023658752441,0.4005471169948578,0.01009434275329113,0.5966569185256958,0.5076002478599548,0.0033949119970202446,0.6236745715141296,0.3908984363079071,0.007373844739049673,0.6462215781211853,0.39660337567329407,0.036142271012067795,0.6357362270355225,0.3933449983596802,0.01588178612291813,0.6086769700050354,0.43206843733787537,-0.004455091897398233,0.5874664187431335,0.4596055746078491,-0.013931476511061192,0.5862199068069458,0.4689989984035492,-0.010910206474363804,0.5950586199760437,0.4624110460281372,-0.010336637496948242,0.5998579263687134,0.4652525782585144,-0.00546993175521493,0.5922478437423706,0.4689900875091553,-0.008419761434197426,0.5969151854515076,0.46925801038742065,-0.003973471466451883,0.6043661236763,0.47661083936691284,0.004442344885319471,0.5832211375236511,0.43984147906303406,-0.030584130436182022,0.5840259194374084,0.4312320947647095,-0.03272730112075806,0.6341004371643066,0.3674195408821106,0.003368176519870758,0.5967051386833191,0.4118106961250305,-0.005784742068499327,0.5960322022438049,0.436364084482193,-0.01675695739686489,0.5964677929878235,0.43179312348365784,-0.01523376815021038,0.6275380849838257,0.43140214681625366,0.003554766532033682,0.58413165807724,0.42062947154045105,-0.02976503036916256,0.6205462217330933,0.35763463377952576,-0.007043090183287859,0.6287087202072144,0.3604803681373596,-0.002123689977452159,0.6411727070808411,0.3424166142940521,0.01920364797115326,0.593390703201294,0.3674158453941345,-0.012298207730054855,0.6014351844787598,0.3783243000507355,-0.001866364968009293,0.6096672415733337,0.468394935131073,0.005231007467955351,0.6343182325363159,0.47424936294555664,0.05618538334965706,0.5917903780937195,0.4411080479621887,-0.014424971304833889,0.5871542096138,0.4436350464820862,-0.014360202476382256,0.6056332588195801,0.4697157144546509,0.005123349837958813,0.604132890701294,0.4698728024959564,0.003607687773182988,0.6322302222251892,0.35370492935180664,0.000258241401752457,0.5962240099906921,0.43935626745224,-0.013358757831156254,0.6090893745422363,0.3594546318054199,-0.010680731385946274,0.610127329826355,0.35160839557647705,-0.012346677482128143,0.6179144978523254,0.31987446546554565,-0.004799733869731426,0.6367936730384827,0.3498661518096924,0.008243250660598278,0.6136937141418457,0.3357786238193512,-0.00896462146192789,0.6376533508300781,0.36302992701530457,0.008045066148042679,0.6420648694038391,0.3634026050567627,0.018860798329114914,0.5870636105537415,0.4646921455860138,-0.013010505586862564,0.5937125086784363,0.4659484624862671,-0.009560439735651016,0.5984787940979004,0.4672800302505493,-0.0051665897481143475,0.5904456973075867,0.44236958026885986,-0.01282169483602047,0.6048620343208313,0.46980106830596924,0.004364204127341509,0.601631224155426,0.4723703861236572,0.0008725629886612296,0.6032862067222595,0.4699682891368866,0.00350056029856205,0.5892953872680664,0.43936002254486084,-0.022445714101195335,0.5956178307533264,0.47062745690345764,-0.0030302663799375296,0.5909444093704224,0.4710223376750946,-0.006094989832490683,0.5853241682052612,0.47154250741004944,-0.008467856794595718,0.5846245288848877,0.4930897355079651,-0.0039073629304766655,0.5860996842384338,0.4861893057823181,-0.009241429157555103,0.5860242247581482,0.48076072335243225,-0.009927578270435333,0.5856996774673462,0.4755352735519409,-0.008632862940430641,0.5851521492004395,0.47142988443374634,-0.007712699472904205,0.5955432653427124,0.4706902801990509,-0.0023415167815983295,0.5967015624046326,0.47257912158966064,-0.0032554396893829107,0.5979330539703369,0.47512611746788025,-0.0040939790196716785,0.5988106727600098,0.47803229093551636,-0.0029104468412697315,0.6032609939575195,0.45802372694015503,-0.003977868240326643,0.6434807777404785,0.4340725243091583,0.06258043646812439,0.5991066694259644,0.4703926146030426,0.0011996668763458729,0.6003730893135071,0.4713028073310852,0.0006920906016603112,0.5853463411331177,0.4467417597770691,-0.014406210742890835,0.5944222807884216,0.4436434805393219,-0.008768299594521523,0.5861773490905762,0.4452696442604065,-0.014519662596285343,0.603206217288971,0.4166647493839264,-0.0035413415171205997,0.6134316921234131,0.4219919741153717,-0.0014317022869363427,0.5974568724632263,0.4351091682910919,-0.01174289919435978,0.6323966383934021,0.3290836811065674,0.006460320670157671,0.6279333233833313,0.340175062417984,-0.0009397757821716368,0.6228317022323608,0.34972622990608215,-0.006692852359265089,0.5991737246513367,0.48340079188346863,0.0013732879888266325,0.5953471064567566,0.35525840520858765,-0.015150051563978195,0.5989860892295837,0.3349234163761139,-0.013451465405523777,0.602025032043457,0.31522196531295776,-0.011153984814882278,0.6216605305671692,0.3994099795818329,0.004285156726837158,0.6352633833885193,0.40617653727531433,0.013627965934574604,0.596773087978363,0.39509931206703186,0.0007382297771982849,0.6304535865783691,0.38202381134033203,0.006891376804560423,0.5926284193992615,0.40625086426734924,-0.008036808110773563,0.592786431312561,0.4339480996131897,-0.022547762840986252,0.6408993601799011,0.4121469259262085,0.020650191232562065,0.6314786076545715,0.41228187084198,0.00855982955545187,0.6241514682769775,0.41519400477409363,0.003145133377984166,0.6129514575004578,0.41399383544921875,0.000597990641836077,0.6045065522193909,0.41042497754096985,-0.001029454288072884,0.598066508769989,0.4060569107532501,-0.0027094734832644463,0.5853193402290344,0.3946002721786499,-0.01477082446217537,0.6397932171821594,0.42930081486701965,0.019864263013005257,0.635176956653595,0.3797549605369568,0.009604357182979584,0.5812247395515442,0.44395744800567627,-0.027624383568763733,0.5957115888595581,0.4195879101753235,-0.008200389333069324,0.6478760242462158,0.39589518308639526,0.055692803114652634,0.5932806730270386,0.40113741159439087,-0.00383855146355927,0.598188042640686,0.43541088700294495,-0.005925231147557497,0.6265761852264404,0.39051222801208496,0.008730222471058369,0.593072772026062,0.4282960891723633,-0.02059672586619854,0.6397979259490967,0.4542000889778137,0.06104906275868416,0.5964950323104858,0.3920724093914032,0.0018629186088219285,0.5887095332145691,0.42365604639053345,-0.02629157155752182,0.6214069724082947,0.490946888923645,0.02516905777156353,0.6195321083068848,0.500487744808197,0.03647230938076973,0.643608808517456,0.43234696984291077,0.04106589034199715,0.6295994520187378,0.4812464416027069,0.032097071409225464,0.6444150805473328,0.3790223300457001,0.02908053807914257,0.5966150760650635,0.5154285430908203,0.007119355257600546,0.580520749092102,0.44554403424263,-0.019817760214209557,0.601092517375946,0.42546364665031433,-0.0058746421709656715,0.6404234766960144,0.3949972689151764,0.021746767684817314,0.616509199142456,0.3969774842262268,0.0016668654279783368,0.6115474104881287,0.39770761132240295,0.00018700097280088812,0.6026949286460876,0.4736781418323517,0.0018995094578713179,0.6380804181098938,0.4460836350917816,0.02244589850306511,0.586334228515625,0.5249253511428833,0.008892389014363289,0.602486789226532,0.516171395778656,0.02079574204981327,0.6100713610649109,0.5099238157272339,0.02773425541818142,0.6064053773880005,0.3966735899448395,-5.3529995057033375e-05,0.6014751195907593,0.3945426642894745,0.0007635322981514037,0.5982188582420349,0.3932107985019684,0.0019205339485779405,0.6392039060592651,0.37750405073165894,0.015381209552288055,0.6022840142250061,0.38634252548217773,-0.0007563436520285904,0.6075092554092407,0.38447949290275574,-0.0016930236015468836,0.612572431564331,0.3844769299030304,-0.001401283429004252,0.6174522638320923,0.3859215974807739,0.0002561720903031528,0.6204811930656433,0.3878917694091797,0.002292162273079157,0.6479898691177368,0.37572506070137024,0.044909246265888214,0.6196768879890442,0.39535534381866455,0.0036356979981064796,0.5969756245613098,0.4544670879840851,-0.007765157613903284,0.5918635725975037,0.44014889001846313,-0.01658547669649124,0.5859989523887634,0.45313167572021484,-0.013498771004378796,0.6124123930931091,0.5006459951400757,0.01985963247716427,0.6045347452163696,0.508071780204773,0.01388123445212841,0.5869393944740295,0.5201660394668579,0.001333415973931551,0.6272870302200317,0.48956170678138733,0.047059230506420135,0.5983282923698425,0.3896014094352722,0.0008160928264260292,0.5885839462280273,0.40821895003318787,-0.016116872429847717,0.5948454737663269,0.5214357972145081,0.013595766387879848,0.6404272317886353,0.45064762234687805,0.041029930114746094,0.5908228158950806,0.470994770526886,-0.0053312224335968494,0.5918487310409546,0.4741824269294739,-0.006320768501609564,0.5926637053489685,0.4781855344772339,-0.007354335393756628,0.5931472182273865,0.4829528331756592,-0.00641910033300519,0.5926636457443237,0.48913657665252686,-0.0018550293752923608,0.6007146239280701,0.46947452425956726,0.0001651387574383989,0.6021112203598022,0.46857401728630066,0.0001815038558561355,0.6033132076263428,0.46757233142852783,2.5836798158707097e-05,0.6080787181854248,0.46245047450065613,0.0006162507925182581,0.6313986778259277,0.4496222138404846,0.010517623275518417,0.5888548493385315,0.39985817670822144,-0.011023088358342648,0.5927934646606445,0.38392046093940735,-0.002436797833070159,0.5960836410522461,0.3857957124710083,-0.0001983047550311312,0.5992017984390259,0.4702986776828766,0.0006915807025507092,0.6296930313110352,0.46903008222579956,0.020293831825256348,0.5875768065452576,0.38277822732925415,-0.009776507504284382,0.5949297547340393,0.49842220544815063,0.0009806259768083692,0.5847300887107849,0.4037822484970093,-0.020282965153455734,0.5920067429542542,0.42124709486961365,-0.01571890339255333,0.5858550667762756,0.5027450919151306,-0.0028390437364578247,0.6082592010498047,0.48234498500823975,0.007557247299700975,0.6032434105873108,0.4418433606624603,-0.003928627818822861,0.6018832325935364,0.4915739595890045,0.0046568261459469795,0.6187754273414612,0.4416872262954712,-0.0015773342456668615,0.609541654586792,0.4497057795524597,-0.001990645658224821,0.6233428120613098,0.4544915556907654,0.0037607396952807903,0.5869708061218262,0.5128492116928101,-0.002072871895506978,0.5951803922653198,0.4256925582885742,-0.011436697095632553,0.6119949817657471,0.49046003818511963,0.013018067926168442,0.6040492653846741,0.49939143657684326,0.00899357907474041,0.6142562627792358,0.47217857837677,0.007517213001847267,0.6354483962059021,0.4599803686141968,0.02514992281794548,0.6211832761764526,0.4760205149650574,0.013077125884592533,0.6362070441246033,0.4670664668083191,0.03935272991657257,0.6144720911979675,0.4585604667663574,0.0015097829746082425,0.5919559001922607,0.41386088728904724,-0.011802093125879765,0.591058075428009,0.4379088282585144,-0.023673661053180695,0.5942823886871338,0.43927663564682007,-0.017266176640987396,0.5886846780776978,0.43239662051200867,-0.02772451750934124,0.5978525876998901,0.3751191794872284,-0.004523204639554024,0.6079989075660706,0.36869412660598755,-0.005321342032402754,0.6167445778846741,0.36750170588493347,-0.004613290540874004,0.623790442943573,0.36953598260879517,-0.0018609242979437113,0.6285293698310852,0.3741488754749298,0.001999590313062072,0.6306172609329224,0.3917037546634674,0.011418791487812996,0.6456611752510071,0.4145010709762573,0.038949303328990936,0.6260636448860168,0.40451234579086304,0.007041493430733681,0.620205283164978,0.40688231587409973,0.0036974241957068443,0.6124169826507568,0.4072045683860779,0.0012735303025692701,0.6048359274864197,0.40510353446006775,-0.0003570645931176841,0.5988107323646545,0.4016185700893402,-0.00037946304655633867,0.5947216749191284,0.3982642889022827,-0.0010599408997222781,0.6460123062133789,0.4148523211479187,0.0610622800886631,0.5940746068954468,0.4408799111843109,-0.014287051744759083,0.5883151888847351,0.41574162244796753,-0.020444266498088837,0.5870934128761292,0.43863755464553833,-0.027975892648100853,0.5840502381324768,0.44254299998283386,-0.025361889973282814,0.5871202945709229,0.4399479627609253,-0.025138795375823975,0.5926502346992493,0.44296640157699585,-0.012100501917302608,0.5829916000366211,0.4433848559856415,-0.026838215067982674,0.5822431445121765,0.44492703676223755,-0.01993512734770775,0.5945415496826172,0.39196276664733887,0.001103523769415915,0.5916134119033813,0.39318516850471497,-0.002151641296222806,0.5897704362869263,0.39418256282806396,-0.005809555761516094,0.6222550272941589,0.38943368196487427,0.004538787063211203,0.6269925236701965,0.3836485743522644,0.0049352203495800495,0.5498142242431641,0.38897842168807983,0.002381793921813369,0.5557917952537537,0.38949814438819885,0.002381793921813369,0.5501730442047119,0.3817303478717804,0.002381793921813369,0.5437242388725281,0.3884545862674713,0.002381793921813369,0.5494534969329834,0.3961308002471924,0.002381793921813369,0.6094281673431396,0.3905879557132721,0.0016683980356901884,0.6153885722160339,0.3908420205116272,0.0016683980356901884,0.6094292998313904,0.38338685035705566,0.0016683980356901884,0.6035171151161194,0.3902932107448578,0.0016683980356901884,0.6094357967376709,0.39772093296051025,0.0016683980356901884
4000.000000000007,0.5800483226776123,0.4593437612056732,-0.01512974500656128,0.5797150731086731,0.43712159991264343,-0.03140969201922417,0.5794336199760437,0.44484028220176697,-0.016308503225445747,0.5757673978805542,0.40863552689552307,-0.024268610402941704,0.5799722075462341,0.42815715074539185,-0.03365486487746239,0.5802913904190063,0.4166649878025055,-0.03158930316567421,0.5811272263526917,0.3895363509654999,-0.016517186537384987,0.5390423536300659,0.3878500759601593,0.0071983542293310165,0.5819850564002991,0.36570701003074646,-0.012939018197357655,0.5824670195579529,0.3532230854034424,-0.014618638902902603,0.5841584205627441,0.311295747756958,-0.010515236295759678,0.5799539685249329,0.4631056785583496,-0.014283329248428345,0.57977694272995,0.46704357862472534,-0.012412277981638908,0.5796124339103699,0.46961459517478943,-0.009895605966448784,0.5795233845710754,0.469605028629303,-0.009585060179233551,0.5795170068740845,0.47405970096588135,-0.010613467544317245,0.5794148445129395,0.4792943596839905,-0.011943042278289795,0.5792354941368103,0.4846464693546295,-0.011335267685353756,0.5781505107879639,0.4906596541404724,-0.006037447135895491,0.5796142220497131,0.44154295325279236,-0.02830466628074646,0.574449360370636,0.44073328375816345,-0.020300012081861496,0.5174703001976013,0.35121873021125793,0.03494125232100487,0.5551896691322327,0.397218257188797,0.0006528663798235357,0.5490099191665649,0.3978513777256012,0.0013927762629464269,0.5433983206748962,0.3962101638317108,0.0033149830996990204,0.5366213917732239,0.38967323303222656,0.008551253005862236,0.5606011152267456,0.3943871259689331,0.0014427902642637491,0.5478906631469727,0.3656657636165619,-0.0017173538217321038,0.5548292398452759,0.36743617057800293,-0.0018780195387080312,0.5412949323654175,0.36716365814208984,0.0006998850149102509,0.5369099974632263,0.37127673625946045,0.003344280179589987,0.5316581726074219,0.3934837281703949,0.012051424011588097,0.5568804144859314,0.5045416951179504,0.002079216530546546,0.5374240279197693,0.3844234347343445,0.009385588578879833,0.5142377614974976,0.3891252875328064,0.03880571573972702,0.5253986120223999,0.38511332869529724,0.018119359388947487,0.5497699975967407,0.42734023928642273,-0.0036536471452564,0.5717677474021912,0.4571375846862793,-0.01437136996537447,0.5722596645355225,0.46633824706077576,-0.011370547115802765,0.5634886622428894,0.45955953001976013,-0.010528286918997765,0.5579931139945984,0.46207424998283386,-0.005556334741413593,0.5657486915588379,0.4660007357597351,-0.008649354800581932,0.5606459379196167,0.46604058146476746,-0.00412905914708972,0.5513643026351929,0.47281578183174133,0.004126560874283314,0.5750213861465454,0.4366973340511322,-0.030862191691994667,0.5746521949768066,0.42796942591667175,-0.03288589417934418,0.5285994410514832,0.35863322019577026,0.005758756771683693,0.5631853938102722,0.4081033766269684,-0.004938242491334677,0.5621415972709656,0.43253573775291443,-0.01650509610772133,0.5619518160820007,0.4279614984989166,-0.014869743958115578,0.5306684970855713,0.42514777183532715,0.00496960524469614,0.575209379196167,0.41740450263023376,-0.029691139236092567,0.5422018766403198,0.348399817943573,-0.005028455518186092,0.5341781973838806,0.3514394760131836,0.00014963536523282528,0.5236769318580627,0.33496254682540894,0.02251899056136608,0.5685218572616577,0.35937070846557617,-0.011017492972314358,0.560660183429718,0.3725816011428833,-0.0002843899419531226,0.5464511513710022,0.4643632769584656,0.005269087851047516,0.5205358266830444,0.4691482484340668,0.05749405920505524,0.5661894679069519,0.43763500452041626,-0.014333706349134445,0.5707783699035645,0.4405553340911865,-0.0145038440823555,0.551233172416687,0.4660190939903259,0.005078248213976622,0.5527717471122742,0.4662695825099945,0.00346181308850646,0.530989944934845,0.3445287346839905,0.002717247698456049,0.5616849660873413,0.4356148838996887,-0.013140019029378891,0.5532823801040649,0.35020649433135986,-0.008975798264145851,0.5525617599487305,0.3424099385738373,-0.010553639382123947,0.5489076375961304,0.314309686422348,-0.002031655516475439,0.5275554060935974,0.34229493141174316,0.011004735715687275,0.5517563819885254,0.3301845192909241,-0.006746051367372274,0.5251218676567078,0.3538532257080078,0.010625659488141537,0.5212270617485046,0.3555587828159332,0.02178938314318657,0.5718513131141663,0.4620884656906128,-0.013447943143546581,0.5646060109138489,0.4629814028739929,-0.00976607110351324,0.5592629909515381,0.46409499645233154,-0.00527519965544343,0.5674188733100891,0.43905121088027954,-0.012813301756978035,0.5520143508911133,0.46615245938301086,0.004268381278961897,0.555235743522644,0.468789279460907,0.00046702969120815396,0.5536441206932068,0.46641823649406433,0.003311024745926261,0.5689142346382141,0.4359065294265747,-0.02241777628660202,0.5616894364356995,0.46743345260620117,-0.0032386870589107275,0.5667415857315063,0.4680314362049103,-0.0063893431797623634,0.5727742910385132,0.4688744843006134,-0.008946089074015617,0.5702313780784607,0.48994070291519165,-0.0053768884390592575,0.5709561109542847,0.4834376275539398,-0.010530014522373676,0.5714210867881775,0.4780852496623993,-0.011033795773983002,0.5720500349998474,0.472907692193985,-0.009585527703166008,0.5727609395980835,0.4688797891139984,-0.008562213741242886,0.5616211295127869,0.46750783920288086,-0.002834025304764509,0.5604051351547241,0.4692543148994446,-0.0038625418674200773,0.5590235590934753,0.47166338562965393,-0.004793653264641762,0.5579211115837097,0.47443798184394836,-0.003643990959972143,0.553512692451477,0.45410504937171936,-0.0038619094993919134,0.51417076587677,0.4277569651603699,0.06494881212711334,0.5795380473136902,0.4432561695575714,-0.020540205761790276,0.5578418374061584,0.46701517701148987,0.0008739064214751124,0.5565723776817322,0.4678092300891876,0.000306236237520352,0.5724236369132996,0.44380223751068115,-0.014641917310655117,0.5632849335670471,0.4401549994945526,-0.00867343507707119,0.5716764330863953,0.44224417209625244,-0.01470225304365158,0.5562607645988464,0.41242751479148865,-0.0025926847010850906,0.545642614364624,0.41684141755104065,-0.0002501676499377936,0.5607345104217529,0.43124693632125854,-0.011396784335374832,0.533646285533905,0.322248250246048,0.009541881270706654,0.5371799468994141,0.33321017026901245,0.0016126601258292794,0.5401725769042969,0.34064024686813354,-0.004486470483243465,0.5561745166778564,0.4796667993068695,0.0006649256101809442,0.5671608448028564,0.3467307388782501,-0.013730394653975964,0.5665439963340759,0.3308343291282654,-0.011595886200666428,0.5651801824569702,0.3111887574195862,-0.008846797980368137,0.5389394760131836,0.39369574189186096,0.006105631589889526,0.5252109169960022,0.3985386788845062,0.015677379444241524,0.5642691850662231,0.39170366525650024,0.002034394536167383,0.5311835408210754,0.374356210231781,0.009086710400879383,0.5676945447921753,0.4028066098690033,-0.00724495854228735,0.5656418204307556,0.43021807074546814,-0.02240430749952793,0.5184599161148071,0.4049655497074127,0.022793471813201904,0.528927206993103,0.4050448536872864,0.010364429093897343,0.5362527370452881,0.40873730182647705,0.004730484448373318,0.5474634766578674,0.4087521433830261,0.0019206992583349347,0.55598384141922,0.40615135431289673,0.00011950130283366889,0.5625553727149963,0.4023362398147583,-0.0017078197561204433,0.5756955742835999,0.3915492296218872,-0.014066589064896107,0.518304705619812,0.42228999733924866,0.021747365593910217,0.526613712310791,0.37116286158561707,0.011958788149058819,0.5767946243286133,0.4410937428474426,-0.02793707139790058,0.5636277794837952,0.41590937972068787,-0.007558319717645645,0.5125913023948669,0.3888498842716217,0.05878670886158943,0.5675421357154846,0.39775651693344116,-0.002865417627617717,0.5600045323371887,0.4315841495990753,-0.005502200219780207,0.5345356464385986,0.38355904817581177,0.010767164640128613,0.5656696557998657,0.4246217906475067,-0.02034664712846279,0.5164340138435364,0.4484120309352875,0.06286885589361191,0.5648350119590759,0.3885146379470825,0.003242922481149435,0.5703675150871277,0.42019417881965637,-0.026108313351869583,0.5325163006782532,0.4863418936729431,0.02531532198190689,0.5338290929794312,0.49659135937690735,0.03663516789674759,0.5140706300735474,0.4254494905471802,0.04321298748254776,0.5246796011924744,0.476017564535141,0.032811764627695084,0.5174949765205383,0.37136781215667725,0.031920768320560455,0.5562875866889954,0.5126712918281555,0.005723629612475634,0.5773667097091675,0.44282832741737366,-0.020130718126893044,0.5577815175056458,0.42138707637786865,-0.00517193553969264,0.5202842950820923,0.3862457871437073,0.02416197583079338,0.5440274477005005,0.3926395773887634,0.0033607943914830685,0.5490553379058838,0.3939864933490753,0.00178749009501189,0.5540780425071716,0.4699806869029999,0.0015358616365119815,0.5187934637069702,0.4394283890724182,0.024030426517128944,0.5664719343185425,0.5233154296875,0.007133581675589085,0.5505059957504272,0.5135460495948792,0.019976431503891945,0.543087899684906,0.5067529082298279,0.02736121043562889,0.5832741260528564,0.3321237564086914,-0.013255510479211807,0.5773136019706726,0.524964451789856,0.005109623074531555,0.5543811917304993,0.3933132290840149,0.0014415162149816751,0.559495210647583,0.3912993371486664,0.0021913207601755857,0.5629574656486511,0.38981956243515015,0.003321549156680703,0.5224176645278931,0.36856698989868164,0.017926935106515884,0.5594152808189392,0.38115227222442627,0.0008046469883993268,0.5540943741798401,0.3782406449317932,-1.5780919056851417e-05,0.5489000082015991,0.37764772772789,0.0003816124808508903,0.543832540512085,0.3789060115814209,0.0021470356732606888,0.5406370759010315,0.3809838891029358,0.004226949531584978,0.5140604972839355,0.36826422810554504,0.048176735639572144,0.5409193634986877,0.39029279351234436,0.005453231278806925,0.579291820526123,0.4506193697452545,-0.014517242088913918,0.5601688027381897,0.4509108364582062,-0.007792893797159195,0.5662001371383667,0.4365842342376709,-0.016488345339894295,0.5714173913002014,0.45021459460258484,-0.013821193017065525,0.5815163850784302,0.3778756856918335,-0.01266542449593544,0.541143536567688,0.4967217743396759,0.019411535933613777,0.5486828684806824,0.504736602306366,0.012940620072185993,0.5658371448516846,0.5181092619895935,-0.0004959653597325087,0.5266174674034119,0.4850834608078003,0.04783124104142189,0.5632063150405884,0.3854832351207733,0.0022886982187628746,0.5715548992156982,0.40485918521881104,-0.015554258599877357,0.577284574508667,0.5195148587226868,-0.002210671314969659,0.5579557418823242,0.5192928314208984,0.012312233448028564,0.5158520340919495,0.4442329704761505,0.04272110015153885,0.5667077898979187,0.4680863618850708,-0.005981904920190573,0.565519392490387,0.47114795446395874,-0.007094680331647396,0.5644994974136353,0.4750451445579529,-0.008221505209803581,0.5637579560279846,0.4797070622444153,-0.0073906173929572105,0.5623654127120972,0.48564842343330383,-0.002920460421591997,0.5565137267112732,0.4660809338092804,5.283937571221031e-05,0.5551430583000183,0.4651307761669159,0.00011204082693438977,0.5540103912353516,0.46411392092704773,-7.421313512168126e-06,0.5483464002609253,0.4583579897880554,0.0007956888293847442,0.5253117680549622,0.4433571994304657,0.011735493317246437,0.5718487501144409,0.3965843617916107,-0.010241111740469933,0.568723738193512,0.3793286085128784,-0.0011927344603464007,0.5654705762863159,0.3813636302947998,0.0012359301326796412,0.5579079389572144,0.4669519364833832,0.0005348403938114643,0.5256341695785522,0.4634118676185608,0.02110954560339451,0.5739609003067017,0.3779739439487457,-0.0087903942912817,0.5592986345291138,0.49520111083984375,-0.00019167677965015173,0.5805668830871582,0.40752413868904114,-0.026380104944109917,0.5756700038909912,0.4006394147872925,-0.019793909043073654,0.5808289051055908,0.3990352749824524,-0.02130667120218277,0.5672430992126465,0.4176647365093231,-0.015286272391676903,0.5774984955787659,0.5115684866905212,-0.0056547787971794605,0.5778133273124695,0.5008039474487305,-0.005971305537968874,0.5681806802749634,0.5000029802322388,-0.004498730879276991,0.5467873811721802,0.4783329367637634,0.007265570107847452,0.5545274615287781,0.43769824504852295,-0.003455747151747346,0.5527293086051941,0.4879973232746124,0.0038978303782641888,0.5388197302818298,0.4361438453197479,-0.0007161314715631306,0.5477064847946167,0.4450514614582062,-0.0015276542399078608,0.5332643985748291,0.44879692792892456,0.004560647066682577,0.5663164854049683,0.5104064345359802,-0.0038058951031416655,0.5637350678443909,0.4220360517501831,-0.010960803367197514,0.5424069166183472,0.4863152801990509,0.012691343203186989,0.5498853921890259,0.4958803355693817,0.008129491470754147,0.541297197341919,0.46768510341644287,0.0076856003142893314,0.5204318165779114,0.4538511037826538,0.026343045756220818,0.5339003205299377,0.4710191488265991,0.013387243263423443,0.5189220309257507,0.46124735474586487,0.04063241556286812,0.5420908331871033,0.45371657609939575,0.001986269373446703,0.5677861571311951,0.4103514850139618,-0.011202269233763218,0.5672093033790588,0.434292197227478,-0.02362397499382496,0.5637580156326294,0.43554913997650146,-0.017126625403761864,0.5699025392532349,0.4288704991340637,-0.027699418365955353,0.5640179514884949,0.3686704933643341,-0.0030855212826281786,0.5542157292366028,0.36101314425468445,-0.003654010593891144,0.5455781817436218,0.3593534827232361,-0.0027422322891652584,0.5384913682937622,0.36141782999038696,0.0001615754736121744,0.5334975719451904,0.3661700487136841,0.004134745337069035,0.530547559261322,0.3842935562133789,0.01353500597178936,0.5133627653121948,0.40724995732307434,0.0414133295416832,0.53458571434021,0.3978637456893921,0.008885670453310013,0.5403224229812622,0.4011245667934418,0.0053232591599226,0.5480719804763794,0.40248194336891174,0.002694958820939064,0.5557160377502441,0.4011594355106354,0.0009188245167024434,0.5618748068809509,0.3980470895767212,0.0007849131943657994,0.5661211013793945,0.39491569995880127,5.20706526003778e-05,0.5130915641784668,0.40818992257118225,0.06390105187892914,0.5637874007225037,0.43729597330093384,-0.01414712518453598,0.5712983012199402,0.4123329520225525,-0.020045937970280647,0.5711685419082642,0.4352608323097229,-0.02809607982635498,0.5740532875061035,0.4395004212856293,-0.025618737563490868,0.5711061358451843,0.4366053640842438,-0.025246474891901016,0.5651242733001709,0.43956804275512695,-0.012036922387778759,0.5750440955162048,0.4404011070728302,-0.027132781222462654,0.5756552219390869,0.44211894273757935,-0.020186522975564003,0.5667358636856079,0.3883861303329468,0.002373965922743082,0.569475531578064,0.3897285461425781,-0.0010494145099073648,0.5712984204292297,0.3907439410686493,-0.0048586297780275345,0.5388497114181519,0.3826732933521271,0.006516037508845329,0.5343519449234009,0.37633225321769714,0.006990585941821337,0.5853006839752197,0.40899643301963806,-0.024450359866023064,0.6231939792633057,0.3914980888366699,0.005998195149004459,0.5848233699798584,0.44104182720184326,-0.020423680543899536,0.6474972367286682,0.35723742842674255,0.03321228176355362,0.6068542003631592,0.3987133502960205,-0.00016206434520427138,0.6129257082939148,0.39980801939964294,0.00045790389413014054,0.6185875535011292,0.39896637201309204,0.002245830139145255,0.6256833672523499,0.3940640091896057,0.007270540576428175,0.6015864610671997,0.39566895365715027,0.0007734390674158931,0.6155744791030884,0.37117132544517517,-0.0027744739782065153,0.6087735891342163,0.3721798062324524,-0.002756912261247635,0.6219450831413269,0.37284722924232483,-0.0004726260667666793,0.6259809136390686,0.3767224848270416,0.002080196514725685,0.6306630373001099,0.3985964357852936,0.010727283544838428,0.5985391139984131,0.5062159895896912,0.0014989636838436127,0.6251032948493958,0.38887739181518555,0.008126997388899326,0.6477894186973572,0.39507752656936646,0.03708624839782715,0.6372464895248413,0.3915395736694336,0.01666375808417797,0.6102011203765869,0.4297836422920227,-0.004531688056886196,0.5881995558738708,0.4574905335903168,-0.014638662338256836,0.5871154069900513,0.4666944146156311,-0.011659092269837856,0.5961033701896667,0.46013763546943665,-0.011088592931628227,0.6011579036712646,0.46288958191871643,-0.006310830358415842,0.593363881111145,0.4665958285331726,-0.009201456792652607,0.5982200503349304,0.4668213129043579,-0.004818209446966648,0.6061235070228577,0.47468847036361694,0.003162883687764406,0.5844416618347168,0.43703365325927734,-0.03094800002872944,0.5852205157279968,0.42831891775131226,-0.03301465883851051,0.6355025768280029,0.36546629667282104,0.004315313883125782,0.5980574488639832,0.4094947874546051,-0.005478999111801386,0.5975142121315002,0.4337710440158844,-0.01697448082268238,0.5979381203651428,0.4292375147342682,-0.015379296615719795,0.629202127456665,0.42925992608070374,0.0035852156579494476,0.5853092074394226,0.4177224636077881,-0.029870398342609406,0.6217570304870605,0.3553768992424011,-0.006072088144719601,0.6300107836723328,0.3583667576313019,-0.0011493248166516423,0.6426177024841309,0.3405298590660095,0.020944591611623764,0.5944762825965881,0.36488065123558044,-0.011394744738936424,0.6027471423149109,0.3761826753616333,-0.0010211161570623517,0.6114966869354248,0.466569185256958,0.004180788062512875,0.6363883018493652,0.4736974239349365,0.05598505958914757,0.5932408571243286,0.4385443329811096,-0.01466301828622818,0.5885092616081238,0.4411228597164154,-0.014669282361865044,0.6072961688041687,0.4672139585018158,0.004106554668396711,0.6057567596435547,0.46738001704216003,0.002583323512226343,0.6335628628730774,0.35171955823898315,0.0013659049291163683,0.5977306962013245,0.4368778467178345,-0.013604109175503254,0.6102160215377808,0.3570684790611267,-0.009725933894515038,0.6112352013587952,0.34923055768013,-0.011288287118077278,0.6190862655639648,0.31758493185043335,-0.0030249105766415596,0.6382375955581665,0.34766843914985657,0.009630288928747177,0.6148915886878967,0.3333054184913635,-0.007511373609304428,0.6391026377677917,0.36123815178871155,0.00912011694163084,0.643560528755188,0.3614606559276581,0.020189736038446426,0.5878598690032959,0.46246472001075745,-0.013747166842222214,0.5947794914245605,0.4636037051677704,-0.010343440808355808,0.5997691750526428,0.46487683057785034,-0.00601953687146306,0.5918644070625305,0.43985241651535034,-0.013075428083539009,0.6065053939819336,0.4673057198524475,0.0033463514409959316,0.6031910181045532,0.4698883891105652,-0.0003350040060468018,0.6048805713653564,0.46748483180999756,0.002469022059813142,0.5906599164009094,0.43664979934692383,-0.022718947380781174,0.5969595909118652,0.4681840240955353,-0.0038878158666193485,0.5921040177345276,0.46862632036209106,-0.006895199418067932,0.5863129496574402,0.4692341387271881,-0.009241733700037003,0.5861529111862183,0.4905555844306946,-0.0056793042458593845,0.5873410105705261,0.48393726348876953,-0.0108438516035676,0.5871451497077942,0.47853806614875793,-0.01137608289718628,0.5867359042167664,0.4733238220214844,-0.009920459240674973,0.5861503481864929,0.46923309564590454,-0.008879917673766613,0.5968834757804871,0.4682775139808655,-0.0034858910366892815,0.598091185092926,0.4701765477657318,-0.004502846859395504,0.5993981957435608,0.47270768880844116,-0.005453050602227449,0.6003659963607788,0.47558605670928955,-0.0043233963660895824,0.6049262285232544,0.4559115469455719,-0.0046828193590044975,0.6452865600585938,0.4333019554615021,0.06322422623634338,0.6005733609199524,0.46792498230934143,9.324141137767583e-05,0.6018763780593872,0.4688299596309662,-0.00048390161828137934,0.5866732597351074,0.44429752230644226,-0.014828418381512165,0.5958844423294067,0.4412907361984253,-0.009074699133634567,0.5875167846679688,0.4427933394908905,-0.014869915321469307,0.6046460866928101,0.4144277572631836,-0.003309621475636959,0.6149570345878601,0.4197606146335602,-0.001269904081709683,0.5989590287208557,0.43264859914779663,-0.01191360130906105,0.6337185502052307,0.32695093750953674,0.008219609037041664,0.629274308681488,0.33779823780059814,0.0004819812311325222,0.6240347623825073,0.34754014015197754,-0.005579510238021612,0.6008751392364502,0.48125195503234863,-0.00011822880333056673,0.5964017510414124,0.35270577669143677,-0.014112557284533978,0.6000654697418213,0.33245307207107544,-0.011983232572674751,0.6030810475349426,0.3129085302352905,-0.009365197271108627,0.6231076717376709,0.39736008644104004,0.004912830889225006,0.6367441415786743,0.4042999744415283,0.014205926097929478,0.5980993509292603,0.3929438292980194,0.0014432378811761737,0.6318941712379456,0.38003844022750854,0.0077071413397789,0.5939104557037354,0.40383896231651306,-0.007671685423702002,0.5941664576530457,0.43122532963752747,-0.02276799827814102,0.6425161957740784,0.4103366434574127,0.02116921730339527,0.6328971982002258,0.4102497696876526,0.00898323766887188,0.6255033612251282,0.41301754117012024,0.003469906747341156,0.6142784357070923,0.41175904870033264,0.0009236439364030957,0.6058230996131897,0.4081763029098511,-0.0006567881791852415,0.5993310809135437,0.4037582278251648,-0.0022680717520415783,0.5864804983139038,0.39197471737861633,-0.014262272976338863,0.6414953470230103,0.4275311231613159,0.020076483488082886,0.6366453170776367,0.37788209319114685,0.010495471768081188,0.5824347734451294,0.44126805663108826,-0.028012363240122795,0.5970845222473145,0.417193740606308,-0.00805642083287239,0.6494820713996887,0.39482274651527405,0.05696289986371994,0.5944876670837402,0.3987652063369751,-0.003311257343739271,0.59969162940979,0.4330645501613617,-0.006061074789613485,0.6280197501182556,0.3885297179222107,0.009488210082054138,0.5944415926933289,0.42562589049339294,-0.02072199620306492,0.6417064666748047,0.4535638689994812,0.061314769089221954,0.5978054404258728,0.3899359703063965,0.0026470108423382044,0.5899720788002014,0.42085084319114685,-0.026411758735775948,0.6236717104911804,0.48995494842529297,0.024052519351243973,0.6218031048774719,0.4999590516090393,0.0354640856385231,0.645317554473877,0.4310448467731476,0.04143289476633072,0.6317957639694214,0.48022592067718506,0.031333718448877335,0.6459230780601501,0.37729713320732117,0.030265765264630318,0.5985903739929199,0.5144456624984741,0.005116453859955072,0.5817407965660095,0.44295817613601685,-0.02018056996166706,0.6025430560112,0.4231632351875305,-0.005822889972478151,0.6419863700866699,0.3933631181716919,0.022568512707948685,0.6179524064064026,0.39488306641578674,0.0023229578509926796,0.6129873991012573,0.3956097364425659,0.0008323848014697433,0.6043286919593811,0.4711761176586151,0.0006868019700050354,0.6399182677268982,0.4444824159145355,0.022358093410730362,0.5880903005599976,0.5241429805755615,0.006803375203162432,0.604579508304596,0.5156137943267822,0.019150400534272194,0.6122918128967285,0.5094184875488281,0.026371166110038757,0.6078262329101562,0.3945796489715576,0.0006186510436236858,0.6028708815574646,0.392452597618103,0.001482255756855011,0.5995755791664124,0.3910996615886688,0.0026897036004811525,0.6407485008239746,0.3757978081703186,0.016357693821191788,0.6036386489868164,0.38432541489601135,4.628080932889134e-05,0.608870267868042,0.38249504566192627,-0.0009025075123645365,0.6139206290245056,0.38245975971221924,-0.0006272443570196629,0.6188150644302368,0.3838503062725067,0.0010094121098518372,0.621868371963501,0.38580694794654846,0.003033638698980212,0.6495274305343628,0.3743732273578644,0.04642229527235031,0.6211103200912476,0.3932771682739258,0.004318820312619209,0.5985157489776611,0.45223039388656616,-0.008357614278793335,0.5933091640472412,0.43752485513687134,-0.0168038010597229,0.5873550176620483,0.45078781247138977,-0.014065773226320744,0.6146427989006042,0.4997234344482422,0.018388958647847176,0.6066663861274719,0.5071820020675659,0.01212294865399599,0.5887007713317871,0.5190384387969971,-0.0008644600748084486,0.6294888854026794,0.4890099763870239,0.046469468623399734,0.5996506810188293,0.38750433921813965,0.0016163378022611141,0.5898162722587585,0.4055578410625458,-0.015856491401791573,0.5967810153961182,0.5207601189613342,0.011687260121107101,0.6422543525695801,0.44948795437812805,0.041055139154195786,0.5919825434684753,0.46868574619293213,-0.006487955339252949,0.5930750966072083,0.4718705713748932,-0.007602670229971409,0.5939728617668152,0.47586458921432495,-0.008777876384556293,0.5945739150047302,0.48059743642807007,-0.00795317068696022,0.5942690968513489,0.4867570996284485,-0.0035203821025788784,0.6021808981895447,0.46701687574386597,-0.0007545246626250446,0.603587806224823,0.46612071990966797,-0.0007480812491849065,0.6048138737678528,0.4651303291320801,-0.0008882980910129845,0.6098615527153015,0.4604755640029907,-0.00022272218484431505,0.6332579255104065,0.4477675259113312,0.010240528732538223,0.5900705456733704,0.3973281979560852,-0.010570152662694454,0.5940137505531311,0.3816262483596802,-0.001592914224602282,0.5973693132400513,0.3836134076118469,0.0006405569729395211,0.6006805896759033,0.4678415358066559,-0.0002449659805279225,0.6317852735519409,0.46757742762565613,0.019661977887153625,0.5886873602867126,0.3802943527698517,-0.009023024700582027,0.5966760516166687,0.49660518765449524,-0.0008136643446050584,0.5858981609344482,0.40101173520088196,-0.019975045695900917,0.5933277606964111,0.4186590909957886,-0.015658941119909286,0.5874733328819275,0.5007388591766357,-0.004811758641153574,0.610196053981781,0.4807111620903015,0.006223795935511589,0.6048226356506348,0.4395975172519684,-0.004198496695607901,0.6037288308143616,0.48991236090660095,0.0030561613384634256,0.6204811930656433,0.4394650161266327,-0.0018530054949223995,0.6112589836120605,0.4475344121456146,-0.002464102813974023,0.625260055065155,0.45252275466918945,0.0032451169099658728,0.5886785984039307,0.5113149881362915,-0.0041934116743505,0.5965914726257324,0.4232330322265625,-0.011427698656916618,0.6141079664230347,0.48913389444351196,0.011636385694146156,0.6060518622398376,0.4981071352958679,0.007313136477023363,0.6162306666374207,0.4704875349998474,0.006473561283200979,0.6374396085739136,0.4585683345794678,0.024793310090899467,0.6232938170433044,0.4745101034641266,0.012120475061237812,0.6382178664207458,0.46601784229278564,0.03899901360273361,0.6163627505302429,0.45659253001213074,0.0008281273185275495,0.5932530760765076,0.41133755445480347,-0.011600400321185589,0.5924361944198608,0.43517255783081055,-0.023934315890073776,0.595757246017456,0.43667152523994446,-0.01752018742263317,0.5899736881256104,0.429561048746109,-0.02796844020485878,0.5990707278251648,0.37282952666282654,-0.003619544208049774,0.6092225909233093,0.36644619703292847,-0.004415035713464022,0.6179801225662231,0.3652491867542267,-0.003749459283426404,0.6250797510147095,0.36732056736946106,-0.0010270585771650076,0.6298999786376953,0.37203577160835266,0.0028342977166175842,0.6321011781692505,0.3898390233516693,0.012184112332761288,0.6472978591918945,0.41308265924453735,0.039596475660800934,0.6275004148483276,0.40247291326522827,0.007590875960886478,0.6216110587120056,0.4047560393810272,0.004183059558272362,0.6138062477111816,0.4050520062446594,0.001731982920318842,0.6062053442001343,0.40294885635375977,0.0001285983162233606,0.6001302599906921,0.3994349241256714,0.00017893417680170387,0.5959919095039368,0.3960256576538086,-0.0004536441992968321,0.6477229595184326,0.4139564037322998,0.0620504692196846,0.595556914806366,0.4383613169193268,-0.01454260852187872,0.5895552635192871,0.41299885511398315,-0.020361129194498062,0.5883871912956238,0.43584245443344116,-0.028299765661358833,0.5852990746498108,0.4398654103279114,-0.02571811154484749,0.5884268879890442,0.43721914291381836,-0.025446616113185883,0.5940941572189331,0.44052281975746155,-0.012383965775370598,0.5842293500900269,0.4406915009021759,-0.02721956931054592,0.583487331867218,0.442329078912735,-0.02028570882976055,0.5958266854286194,0.3897726833820343,0.0018770386232063174,0.5928396582603455,0.39089763164520264,-0.0014456553617492318,0.5909308791160583,0.3917592465877533,-0.005183682311326265,0.6236579418182373,0.38736191391944885,0.005282679107040167,0.6284093260765076,0.38159143924713135,0.005701553076505661,0.550895094871521,0.38701266050338745,0.003358247922733426,0.5568854212760925,0.38749945163726807,0.003358247922733426,0.5512557625770569,0.3796207010746002,0.003358247922733426,0.5447936058044434,0.38651204109191895,0.003358247922733426,0.5505304932594299,0.39430296421051025,0.003358247922733426,0.6108679175376892,0.3889153003692627,0.002405973384156823,0.6168870329856873,0.38915836811065674,0.002405973384156823,0.6108527779579163,0.38178151845932007,0.002405973384156823,0.6048907041549683,0.3886463940143585,0.002405973384156823,0.6108934879302979,0.3959815800189972,0.002405973384156823
4033.3333333333403,0.5805532932281494,0.4591255486011505,-0.015234271995723248,0.5798624157905579,0.4364711046218872,-0.03139107674360275,0.5795425176620483,0.4443780779838562,-0.016307925805449486,0.5759119391441345,0.40816086530685425,-0.024205677211284637,0.5801325440406799,0.42753851413726807,-0.033625297248363495,0.5804648995399475,0.41613146662712097,-0.031548939645290375,0.5813342332839966,0.3891455829143524,-0.01644997112452984,0.5388386249542236,0.38751357793807983,0.007348475977778435,0.5822122693061829,0.36525094509124756,-0.012873602099716663,0.5826923251152039,0.35270750522613525,-0.014541732147336006,0.5844200849533081,0.3104016184806824,-0.01047192420810461,0.5804094076156616,0.4629712402820587,-0.014395018108189106,0.5801547169685364,0.46697384119033813,-0.01251568179577589,0.5799214839935303,0.46953651309013367,-0.009963267482817173,0.5798144340515137,0.4694564938545227,-0.0095543647184968,0.5798031687736511,0.4738442301750183,-0.010525478981435299,0.5796667337417603,0.47902143001556396,-0.011821987107396126,0.579425573348999,0.4843332767486572,-0.011152882128953934,0.5780419707298279,0.49105212092399597,-0.005807843059301376,0.5797555446624756,0.4409286379814148,-0.02829001657664776,0.5745964646339417,0.4402000606060028,-0.02026369236409664,0.5178606510162354,0.35047340393066406,0.035186391323804855,0.5550007224082947,0.39681166410446167,0.0007391836843453348,0.548877477645874,0.39761409163475037,0.001499500940553844,0.5433050990104675,0.39599281549453735,0.0034401388838887215,0.5364025235176086,0.38914790749549866,0.00869853887706995,0.5603821873664856,0.3937177062034607,0.0015131920808926225,0.548062264919281,0.3650059998035431,-0.0015664610546082258,0.5548737049102783,0.36676734685897827,-0.0017610612558200955,0.5415259003639221,0.3664434552192688,0.0008646748610772192,0.5370907187461853,0.3705085217952728,0.003512715455144644,0.5315409302711487,0.39299964904785156,0.0121842622756958,0.55680251121521,0.504574179649353,0.0023008945863693953,0.5371801257133484,0.38389408588409424,0.009540153667330742,0.5143398642539978,0.3885766565799713,0.03898235410451889,0.5252661108970642,0.3845168948173523,0.01828433945775032,0.5497838854789734,0.4269840121269226,-0.0035704581532627344,0.5722565054893494,0.4568178653717041,-0.014429374597966671,0.572625994682312,0.46624380350112915,-0.011452938430011272,0.5638158917427063,0.4593149721622467,-0.01057048887014389,0.5582071542739868,0.46192410588264465,-0.005608981009572744,0.566035807132721,0.46588969230651855,-0.008725205436348915,0.5608348250389099,0.46592116355895996,-0.0042182463221251965,0.5512961149215698,0.47300174832344055,0.004122360143810511,0.5751721262931824,0.4360405206680298,-0.030827650800347328,0.5747816562652588,0.4273633062839508,-0.03284090757369995,0.5289242267608643,0.35797056555747986,0.0059722838923335075,0.5632277131080627,0.40768638253211975,-0.004874309524893761,0.5621616244316101,0.432096004486084,-0.016417400911450386,0.561939001083374,0.42755499482154846,-0.014777706936001778,0.530695378780365,0.42484569549560547,0.005058038514107466,0.5753436088562012,0.4168683588504791,-0.029632018879055977,0.542772114276886,0.34788039326667786,-0.0048690056428313255,0.53468257188797,0.3509039580821991,0.00034678480005823076,0.5240234732627869,0.3341864347457886,0.022765804082155228,0.5687857866287231,0.35899046063423157,-0.0109296515583992,0.5605810880661011,0.37189310789108276,-0.00018799393728841096,0.5464457869529724,0.46450668573379517,0.0052607012912631035,0.5204659104347229,0.4689013957977295,0.05767504498362541,0.5662623047828674,0.43719878792762756,-0.014266320504248142,0.5708791017532349,0.4401286542415619,-0.014467618428170681,0.5513140559196472,0.4660434126853943,0.004999955650418997,0.5528783202171326,0.4662584960460663,0.0033612928818911314,0.5315135717391968,0.3440040946006775,0.002934269141405821,0.5617055296897888,0.4352545738220215,-0.01306374091655016,0.5538010001182556,0.349747896194458,-0.008846103213727474,0.5531676411628723,0.34206366539001465,-0.010398988611996174,0.5490755438804626,0.3134690523147583,-0.0018629232654348016,0.5277668833732605,0.34160280227661133,0.011249283328652382,0.5518543720245361,0.32949090003967285,-0.006555660627782345,0.525413990020752,0.35319218039512634,0.010855894535779953,0.5214548707008362,0.3548729419708252,0.022025998681783676,0.5722745656967163,0.461893767118454,-0.013525906018912792,0.5649158358573914,0.4628172814846039,-0.009830247610807419,0.5594733953475952,0.4639703035354614,-0.0053498768247663975,0.5675032734870911,0.4386516213417053,-0.012759815901517868,0.5521097183227539,0.4661617875099182,0.004174887668341398,0.5553807616233826,0.46869245171546936,0.00041603815043345094,0.553747296333313,0.46638619899749756,0.003213842399418354,0.5690180659294128,0.43531692028045654,-0.02234613709151745,0.5618640780448914,0.4672927260398865,-0.0033156874123960733,0.5670020580291748,0.4679151475429535,-0.00644648727029562,0.5730879306793213,0.46878454089164734,-0.00899490900337696,0.5701221823692322,0.49028387665748596,-0.005157057661563158,0.5711662769317627,0.48311781883239746,-0.01034980546683073,0.5716784000396729,0.4777976870536804,-0.010893234051764011,0.5723350048065186,0.4726859927177429,-0.009483272209763527,0.5730356574058533,0.4687025547027588,-0.008514204062521458,0.5618054866790771,0.46734917163848877,-0.00284346635453403,0.5606117844581604,0.46907252073287964,-0.003835486713796854,0.5592250227928162,0.4714551568031311,-0.004757257644087076,0.5580986142158508,0.47422292828559875,-0.003607291029766202,0.5535537600517273,0.45394831895828247,-0.003894746769219637,0.514159083366394,0.42728981375694275,0.06514827162027359,0.5796691179275513,0.44270873069763184,-0.02052777260541916,0.5579765439033508,0.4669296145439148,0.0008107916219159961,0.5567241907119751,0.46772146224975586,0.000258513173321262,0.5724981427192688,0.4433767795562744,-0.014619715511798859,0.5633291602134705,0.43985286355018616,-0.008629167452454567,0.5717664361000061,0.4418156147003174,-0.01467225793749094,0.5562889575958252,0.4120221436023712,-0.0025255701038986444,0.5456746220588684,0.41646647453308105,-0.00017086815205402672,0.5607232451438904,0.43089422583580017,-0.011315218172967434,0.5339062809944153,0.3214542269706726,0.009761535562574863,0.537345826625824,0.3325328230857849,0.0018355640349909663,0.5408022403717041,0.34022849798202515,-0.004296233877539635,0.556099534034729,0.47989293932914734,0.0007207875605672598,0.5675941109657288,0.3464536666870117,-0.01362583227455616,0.566665768623352,0.3301234841346741,-0.011450056917965412,0.5653522610664368,0.31030791997909546,-0.008736801333725452,0.538780689239502,0.39336445927619934,0.006245546508580446,0.5251792669296265,0.3981359302997589,0.01582108810544014,0.5640411972999573,0.3908621370792389,0.0021087408531457186,0.531252384185791,0.373653382062912,0.009250754490494728,0.5677621364593506,0.4023864269256592,-0.007183145731687546,0.5656910538673401,0.4296768307685852,-0.02232026308774948,0.5184586048126221,0.4045265018939972,0.022942421957850456,0.5289693474769592,0.40470072627067566,0.010494501329958439,0.5364214777946472,0.40839049220085144,0.004825879819691181,0.5475663542747498,0.40833404660224915,0.0019937059842050076,0.5559789538383484,0.4056784510612488,0.0001803955528885126,0.5625061392784119,0.40179985761642456,-0.001650061341933906,0.5758433938026428,0.3911515176296234,-0.01399080641567707,0.5182783007621765,0.4219549596309662,0.02187039889395237,0.5266786217689514,0.37050116062164307,0.012153361923992634,0.5769372582435608,0.44047683477401733,-0.02790946140885353,0.5636516213417053,0.4154968559741974,-0.00748818414285779,0.5128291249275208,0.3882455825805664,0.058984965085983276,0.5674806833267212,0.3971887528896332,-0.0028113345615565777,0.560005784034729,0.4312678873538971,-0.005439757835119963,0.534356415271759,0.3828941583633423,0.010915473103523254,0.5656877160072327,0.42412883043289185,-0.02025972120463848,0.5163570046424866,0.44802844524383545,0.06306833773851395,0.5645794868469238,0.3876587450504303,0.0033268691040575504,0.5704473853111267,0.41966918110847473,-0.026035020127892494,0.5325043201446533,0.4863007664680481,0.02542242407798767,0.5338153839111328,0.49649378657341003,0.036817003041505814,0.5140123963356018,0.42506295442581177,0.04334697499871254,0.5246736407279968,0.47590816020965576,0.03291766718029976,0.5176661610603333,0.370732843875885,0.03213009983301163,0.5562143921852112,0.512672483921051,0.005959253758192062,0.5775033235549927,0.44228047132492065,-0.020109737291932106,0.5577937960624695,0.42102134227752686,-0.00509636988863349,0.5201023817062378,0.3856966495513916,0.02434076927602291,0.5439454317092896,0.3925287425518036,0.003493409138172865,0.548958420753479,0.39381566643714905,0.0019057743484154344,0.5542121529579163,0.469890296459198,0.0014862802345305681,0.5187745690345764,0.439167857170105,0.02413838915526867,0.5663977861404419,0.523372232913971,0.007501496467739344,0.5504553318023682,0.513495683670044,0.020266851410269737,0.5430571436882019,0.5066784024238586,0.027589451521635056,0.5834962129592896,0.33139726519584656,-0.013161958195269108,0.5772401094436646,0.5250551700592041,0.0054524741135537624,0.5542325973510742,0.39295074343681335,0.0015404572477564216,0.5592929124832153,0.3906773626804352,0.002277138875797391,0.5627155900001526,0.3890225887298584,0.0034055619034916162,0.5223752856254578,0.3679238557815552,0.01813332922756672,0.5592080950737,0.38058456778526306,0.000908533635083586,0.5539432168006897,0.37781816720962524,0.00010538110655033961,0.5488561987876892,0.3772552013397217,0.0005301614874042571,0.5438100099563599,0.37845826148986816,0.002307047601789236,0.5405598282814026,0.3804866075515747,0.004384510684758425,0.5144103169441223,0.3675774931907654,0.048397794365882874,0.5407789945602417,0.39010047912597656,0.0055976626463234425,0.5793612599372864,0.4502215087413788,-0.014551096595823765,0.5601670145988464,0.4506611227989197,-0.007800194434821606,0.566283106803894,0.43609514832496643,-0.016417725011706352,0.5714585185050964,0.44983693957328796,-0.013824827037751675,0.5817365646362305,0.37747296690940857,-0.012602502480149269,0.5410980582237244,0.4966999888420105,0.019536327570676804,0.5486158132553101,0.5047120451927185,0.013121609576046467,0.5657562017440796,0.5181611776351929,-0.0002305874804733321,0.526584804058075,0.48493635654449463,0.04800525680184364,0.5629665851593018,0.3847459554672241,0.0023814085870981216,0.5716601610183716,0.4044215977191925,-0.01548618171364069,0.5771864652633667,0.5196096301078796,-0.0019621793180704117,0.5578924417495728,0.5192914009094238,0.012660740874707699,0.515753984451294,0.44393017888069153,0.04284726828336716,0.5669490694999695,0.4678947925567627,-0.0059539140202105045,0.5657716393470764,0.4709191620349884,-0.0070170327089726925,0.5647400617599487,0.47476786375045776,-0.008124726824462414,0.5639654397964478,0.47940874099731445,-0.007283201441168785,0.5622642040252686,0.4859336316585541,-0.002790074562653899,0.5566328763961792,0.46598464250564575,-4.5534459786722437e-05,0.5552775263786316,0.46505510807037354,2.1536765416385606e-05,0.5541470050811768,0.46403586864471436,-8.540637645637617e-05,0.5484120845794678,0.4583582282066345,0.0007636554073542356,0.5253480672836304,0.4431292414665222,0.01183244027197361,0.5719545483589172,0.3961716592311859,-0.010174917057156563,0.5686035752296448,0.3786773085594177,-0.0011187803465873003,0.5652881860733032,0.3805891275405884,0.001317231566645205,0.5580148100852966,0.4668251872062683,0.0004382145998533815,0.5256847739219666,0.4632822871208191,0.021212438121438026,0.5739790201187134,0.3775053918361664,-0.00871032290160656,0.5591954588890076,0.49534517526626587,-1.0027127245848533e-05,0.5807503461837769,0.4070529341697693,-0.02633083611726761,0.5758212804794312,0.40020763874053955,-0.019722426310181618,0.5810239911079407,0.39861103892326355,-0.021246731281280518,0.5672784447669983,0.41721057891845703,-0.015209318138659,0.5773935914039612,0.5117145776748657,-0.005375206004828215,0.5777052044868469,0.5010787844657898,-0.0056958505883812904,0.5680794715881348,0.5002190470695496,-0.004228466656059027,0.5467117428779602,0.47842392325401306,0.0073155565187335014,0.5545315742492676,0.43740314245224,-0.0033960745204240084,0.552619457244873,0.4880920946598053,0.004002460744231939,0.5388622283935547,0.435863733291626,-0.000625260581728071,0.5477467775344849,0.44481515884399414,-0.0014969793846830726,0.5333356857299805,0.44861966371536255,0.004643351770937443,0.5662351846694946,0.5104960203170776,-0.003521106904372573,0.5637328624725342,0.42162007093429565,-0.010883081704378128,0.5423519015312195,0.48633477091789246,0.012787899933755398,0.549785852432251,0.4958985149860382,0.008287694305181503,0.5412817597389221,0.46772879362106323,0.007735055405646563,0.5204410552978516,0.45365652441978455,0.026448246091604233,0.5339066982269287,0.4709925353527069,0.013471185229718685,0.5188533067703247,0.4610355496406555,0.04074574634432793,0.5421825647354126,0.4536418318748474,0.00201995437964797,0.5678429007530212,0.40991657972335815,-0.01113642193377018,0.5672974586486816,0.4337075352668762,-0.023545976728200912,0.5638116598129272,0.4350835978984833,-0.01705203577876091,0.5700064301490784,0.42826637625694275,-0.02763170748949051,0.5640486478805542,0.3680562973022461,-0.0029987164307385683,0.5544490814208984,0.3603553771972656,-0.003542985301464796,0.5459548234939575,0.3586568832397461,-0.0026094524655491114,0.5388841032981873,0.36073434352874756,0.00032233301317319274,0.5337660908699036,0.36544105410575867,0.004301910754293203,0.5303947329521179,0.3836729824542999,0.013685137964785099,0.5133833885192871,0.4067818522453308,0.041563067585229874,0.5344969034194946,0.39743903279304504,0.009006463922560215,0.5402994751930237,0.40076395869255066,0.00542497867718339,0.5480089783668518,0.40212443470954895,0.0027765780687332153,0.5555779337882996,0.40070900321006775,0.000983058474957943,0.561694324016571,0.39742690324783325,0.0008395974873565137,0.5659240484237671,0.39422285556793213,0.00010940122592728585,0.5131980180740356,0.4076477885246277,0.06409065425395966,0.5638344883918762,0.43690162897109985,-0.014078676700592041,0.5713956952095032,0.4118588864803314,-0.019975032657384872,0.5713033676147461,0.43461570143699646,-0.028042785823345184,0.5742011070251465,0.4389050006866455,-0.02558165043592453,0.5712385177612305,0.4359871745109558,-0.025192515924572945,0.5651843547821045,0.4392188489437103,-0.011983740143477917,0.575187623500824,0.4397900700569153,-0.02710299752652645,0.5757966041564941,0.4415833353996277,-0.020157862454652786,0.5665081739425659,0.3874885141849518,0.0024496170226484537,0.5692905187606812,0.38902556896209717,-0.0009851653594523668,0.5712433457374573,0.3901824653148651,-0.004798197187483311,0.5386870503425598,0.38215142488479614,0.006673499941825867,0.5343772172927856,0.37560269236564636,0.007150887977331877,0.5855172872543335,0.4085371792316437,-0.02442946285009384,0.6233649849891663,0.39202970266342163,0.005851111840456724,0.5849572420120239,0.44053879380226135,-0.020425794646143913,0.6478301286697388,0.35653796792030334,0.03287404775619507,0.6069143414497375,0.3994545042514801,-0.00026114576030522585,0.6130860447883606,0.400443434715271,0.000339057354722172,0.6187981367111206,0.3994600176811218,0.0021017715334892273,0.6258535981178284,0.3945067226886749,0.007097482681274414,0.6015313863754272,0.39641445875167847,0.0007040230557322502,0.6156748533248901,0.3715476095676422,-0.0028709801845252514,0.6088019013404846,0.3725275993347168,-0.002838735468685627,0.6221122741699219,0.3732514977455139,-0.0005940545233897865,0.6261882185935974,0.3771457374095917,0.001934794127009809,0.630944550037384,0.39889654517173767,0.010527277365326881,0.5985286235809326,0.5063154697418213,0.001592331798747182,0.6252474784851074,0.3893948495388031,0.007966973818838596,0.6482155323028564,0.39463499188423157,0.036788225173950195,0.637570321559906,0.3917912244796753,0.016438858583569527,0.6104376912117004,0.42957550287246704,-0.004637181758880615,0.5886361002922058,0.45727723836898804,-0.014761621132493019,0.587358832359314,0.4667028486728668,-0.011795164085924625,0.5963128209114075,0.4600808024406433,-0.011251959949731827,0.6011021137237549,0.46303215622901917,-0.0065211462788283825,0.5934162139892578,0.46667852997779846,-0.009380154311656952,0.5980609655380249,0.46699637174606323,-0.005034204572439194,0.6061318516731262,0.47509270906448364,0.002991268178448081,0.5845924615859985,0.4364013075828552,-0.030943362042307854,0.5854057669639587,0.4277392327785492,-0.03300268203020096,0.6359539031982422,0.36584651470184326,0.0041557373479008675,0.598369300365448,0.40914908051490784,-0.005551070440560579,0.5977762341499329,0.43342745304107666,-0.017032310366630554,0.5982433557510376,0.4289199411869049,-0.015440280549228191,0.6294687390327454,0.42917323112487793,0.0033887994941323996,0.5855141878128052,0.4172059893608093,-0.029851865023374557,0.622134268283844,0.35553061962127686,-0.00612987345084548,0.630426824092865,0.35870522260665894,-0.0012455582618713379,0.6430095434188843,0.3397573232650757,0.020667683333158493,0.5946921706199646,0.3644312024116516,-0.011367151513695717,0.6026959419250488,0.3765334486961365,-0.0010905888630077243,0.6115065217018127,0.46695464849472046,0.003977257292717695,0.6369038224220276,0.4736235737800598,0.05561321973800659,0.5934222340583801,0.4381899833679199,-0.014708737842738628,0.5886602401733398,0.4407568871974945,-0.014688304625451565,0.6067065596580505,0.4677394926548004,0.003858741372823715,0.6051579117774963,0.4678403437137604,0.0023255932610481977,0.6340747475624084,0.3521520495414734,0.0012565739452838898,0.5979759097099304,0.43662190437316895,-0.01366894505918026,0.6105372905731201,0.3568611443042755,-0.009752120822668076,0.6116091012954712,0.3490810990333557,-0.011303392238914967,0.6194865107536316,0.31672796607017517,-0.003142658853903413,0.6386943459510803,0.3469063639640808,0.009490896947681904,0.6152719855308533,0.33256077766418457,-0.007533980533480644,0.6396564841270447,0.36163800954818726,0.008944886736571789,0.6439886093139648,0.3607413172721863,0.019989848136901855,0.5882115364074707,0.4623876214027405,-0.013884271495044231,0.5949141383171082,0.4636429250240326,-0.010519800707697868,0.5996623635292053,0.46505141258239746,-0.006238033063709736,0.5920297503471375,0.43952855467796326,-0.013107027858495712,0.6059120893478394,0.46780046820640564,0.0030926016625016928,0.6027299165725708,0.4701582193374634,-0.0005357253830879927,0.6042826771736145,0.46790841221809387,0.0022173188626766205,0.5908496379852295,0.4361228942871094,-0.022749295458197594,0.5967464447021484,0.46831849217414856,-0.004084363579750061,0.5920820236206055,0.4686850309371948,-0.007052029017359018,0.5864647626876831,0.4692310392856598,-0.009348790161311626,0.5860804319381714,0.490957111120224,-0.00549489026889205,0.5873956680297852,0.48365992307662964,-0.010717872530221939,0.5872805118560791,0.4783029854297638,-0.011296248063445091,0.586915135383606,0.47316133975982666,-0.00987909734249115,0.5863355994224548,0.4691201448440552,-0.00888709258288145,0.5966761112213135,0.468375027179718,-0.003617446171119809,0.5978498458862305,0.4702451229095459,-0.004601932130753994,0.5991096496582031,0.472741961479187,-0.005541340447962284,0.6000250577926636,0.4755973517894745,-0.004414458759129047,0.6049741506576538,0.45594334602355957,-0.0048933434300124645,0.645804762840271,0.4330430328845978,0.06282449513673782,0.600190281867981,0.46818113327026367,-0.00011150124919367954,0.6014527678489685,0.46909239888191223,-0.0006779903778806329,0.5868242979049683,0.44393131136894226,-0.014855250716209412,0.5960896015167236,0.44109904766082764,-0.009131775237619877,0.5876694917678833,0.4424248933792114,-0.014890141785144806,0.6049476265907288,0.41412198543548584,-0.003409475553780794,0.6152170300483704,0.41953766345977783,-0.0013942280784249306,0.5992440581321716,0.43239718675613403,-0.011982856318354607,0.6341363787651062,0.32613447308540344,0.008015657775104046,0.6297299265861511,0.3370206356048584,0.000401469471398741,0.6244789958000183,0.3477634787559509,-0.005643845535814762,0.6008332371711731,0.48163843154907227,-0.00020120512635912746,0.5966769456863403,0.3522300124168396,-0.014073153026401997,0.6003640294075012,0.33173274993896484,-0.011952074244618416,0.6034243106842041,0.3120270371437073,-0.009401439689099789,0.6233022212982178,0.39779263734817505,0.004749200772494078,0.6371449828147888,0.4045431911945343,0.013974210247397423,0.5979499220848083,0.3936675190925598,0.0013887155801057816,0.6321856379508972,0.3803977072238922,0.007522583473473787,0.5942134857177734,0.4034690856933594,-0.007717020343989134,0.5944187641143799,0.43075504899024963,-0.02280472218990326,0.6429827213287354,0.4100828468799591,0.02089296095073223,0.6332717537879944,0.4103982448577881,0.00876016914844513,0.6258268356323242,0.4131052792072296,0.0032763115596026182,0.6145012974739075,0.4119252860546112,0.0007842211634851992,0.605974555015564,0.40845316648483276,-0.0007646553567610681,0.599406898021698,0.40407341718673706,-0.002345603657886386,0.5867368578910828,0.39159122109413147,-0.014228908345103264,0.6419353485107422,0.4274173974990845,0.019785260781645775,0.6370452046394348,0.37817487120628357,0.01028453465551138,0.5825732350349426,0.4406695067882538,-0.02800995483994484,0.5973891019821167,0.41685914993286133,-0.008128977380692959,0.6498316526412964,0.394353449344635,0.056573230773210526,0.5945234298706055,0.3990597128868103,-0.003360120113939047,0.5999647378921509,0.43285468220710754,-0.006137798074632883,0.6282148361206055,0.3889472484588623,0.009314754977822304,0.594741702079773,0.42520520091056824,-0.020758047699928284,0.6422683000564575,0.45338329672813416,0.06092650815844536,0.5975860953330994,0.3906893730163574,0.0025981746148318052,0.5902207493782043,0.4203719198703766,-0.02641957625746727,0.6238702535629272,0.49002182483673096,0.02384348399937153,0.6220901608467102,0.4999634623527527,0.03525454178452492,0.6458472609519958,0.43082424998283386,0.04108620434999466,0.6321065425872803,0.48025038838386536,0.031057732179760933,0.6463252305984497,0.3767130672931671,0.03000905178487301,0.5985984206199646,0.5144689679145813,0.005203226115554571,0.5818710327148438,0.4424246549606323,-0.02017437294125557,0.6028243899345398,0.4229000210762024,-0.005912980530411005,0.6423482894897461,0.3936496675014496,0.022314121946692467,0.618137538433075,0.39556190371513367,0.0022001394536346197,0.6131196022033691,0.396411269903183,0.0007271248614415526,0.6038280725479126,0.4714629650115967,0.0004775783745571971,0.6403075456619263,0.4444284439086914,0.022060927003622055,0.5880805850028992,0.5242124199867249,0.0070715430192649364,0.6046960353851318,0.5156075954437256,0.01918710768222809,0.612476110458374,0.509412407875061,0.026288090273737907,0.6078631281852722,0.3954767882823944,0.0005342362564988434,0.6027889847755432,0.3933529555797577,0.001418369822204113,0.5994146466255188,0.39193230867385864,0.0026354584842920303,0.6412400603294373,0.3761136829853058,0.01613089069724083,0.6034480929374695,0.3849642872810364,-2.885895264626015e-05,0.6087849140167236,0.3831377327442169,-0.0009828819893300533,0.6139240860939026,0.38312453031539917,-0.0007205067086033523,0.6188685297966003,0.38448408246040344,0.0008956651436164975,0.6219485998153687,0.3863827884197235,0.0029044265393167734,0.6498330235481262,0.37377846240997314,0.04605083912611008,0.6212927103042603,0.393858939409256,0.004181377589702606,0.5986471176147461,0.45212867856025696,-0.008505420759320259,0.5934982895851135,0.43711262941360474,-0.01683840900659561,0.5874556303024292,0.45047926902770996,-0.014128620736300945,0.6147835850715637,0.49978065490722656,0.0182627122849226,0.606744647026062,0.5072013139724731,0.01210072822868824,0.5886707305908203,0.5191101431846619,-0.0006753611378371716,0.6299028992652893,0.4890064597129822,0.046148043125867844,0.5994247794151306,0.38820087909698486,0.0015552362892776728,0.5900720357894897,0.40515345335006714,-0.015865040943026543,0.5968316793441772,0.5207759737968445,0.011848123744130135,0.6427929401397705,0.4493556618690491,0.040709201246500015,0.5919976234436035,0.4686461389064789,-0.0065560368821024895,0.5930505394935608,0.4717837870121002,-0.007628328632563353,0.5939010381698608,0.4757130444049835,-0.008786486461758614,0.5944306254386902,0.48040804266929626,-0.007951410487294197,0.5942074656486511,0.48715072870254517,-0.0034847017377614975,0.6017835140228271,0.4673125147819519,-0.0010076874168589711,0.6032233238220215,0.4664458930492401,-0.0010054842568933964,0.6044804453849792,0.46546053886413574,-0.0011401206720620394,0.6098421812057495,0.460702121257782,-0.0004542861133813858,0.6334887146949768,0.4477539658546448,0.010017422959208488,0.5903584361076355,0.39694496989250183,-0.010577765293419361,0.5939918160438538,0.381919801235199,-0.0016348310746252537,0.5972306728363037,0.3841143846511841,0.0005853318725712597,0.6002551913261414,0.4680812656879425,-0.0004823159542866051,0.6319912672042847,0.46763163805007935,0.019428471103310585,0.5888037085533142,0.3803041875362396,-0.009009052999317646,0.596656322479248,0.4968370497226715,-0.0007318923017010093,0.5861287713050842,0.4005972743034363,-0.019940150901675224,0.5936205983161926,0.4182654619216919,-0.015696221962571144,0.5874165296554565,0.5010011792182922,-0.004587714094668627,0.6102824211120605,0.4809848964214325,0.006085530389100313,0.6050546169281006,0.439450204372406,-0.004309165757149458,0.6037747859954834,0.490146666765213,0.0030155263375490904,0.6206404566764832,0.4393734037876129,-0.0019788737408816814,0.611381471157074,0.44748303294181824,-0.0026305504143238068,0.6253654956817627,0.45254337787628174,0.0030784436967223883,0.5886269211769104,0.5114424824714661,-0.003975300118327141,0.5969098210334778,0.4228949546813965,-0.011487052775919437,0.6142197847366333,0.4892926514148712,0.011505288071930408,0.6061152219772339,0.4982212483882904,0.007296252064406872,0.6163178086280823,0.4707499146461487,0.006297697778791189,0.6377785205841064,0.458560049533844,0.02450805902481079,0.6234273910522461,0.47466540336608887,0.01192979235202074,0.6386933326721191,0.4659620225429535,0.03866414725780487,0.6163837313652039,0.4567313492298126,0.0006427275366149843,0.5935434103012085,0.41096019744873047,-0.01164807379245758,0.5926437973976135,0.4346546232700348,-0.02396618202328682,0.5959782004356384,0.4362955689430237,-0.017567966133356094,0.5901848077774048,0.42901039123535156,-0.027984099462628365,0.5991196036338806,0.372881680727005,-0.003681085305288434,0.6093652844429016,0.366576611995697,-0.004489234182983637,0.6181914210319519,0.3655167818069458,-0.0038342459592968225,0.625359296798706,0.36765584349632263,-0.0011443097610026598,0.6301999092102051,0.3724214732646942,0.002681909827515483,0.6323447227478027,0.39013808965682983,0.011989213526248932,0.6477723717689514,0.41275888681411743,0.039266083389520645,0.6277706623077393,0.40274888277053833,0.007395261432975531,0.6218820810317993,0.40501129627227783,0.004015136510133743,0.614014208316803,0.40543606877326965,0.0015933894319459796,0.6063156723976135,0.4034450352191925,1.809379318729043e-05,0.6001404523849487,0.3999674618244171,0.00010105103137902915,0.5959502458572388,0.39652585983276367,-0.0005097535322420299,0.6481568217277527,0.41359642148017883,0.06164736673235893,0.5957692861557007,0.4380595088005066,-0.014593375846743584,0.5898077487945557,0.4125605523586273,-0.02037312462925911,0.588555634021759,0.43524369597435,-0.028311366215348244,0.585438072681427,0.4393067955970764,-0.02572052925825119,0.5885888934135437,0.43664950132369995,-0.025459544733166695,0.5942801833152771,0.4402642250061035,-0.012428143061697483,0.5843679308891296,0.4401094317436218,-0.027217190712690353,0.5836209058761597,0.44181597232818604,-0.02028278447687626,0.5956223011016846,0.3904319107532501,0.001836284063756466,0.5927760004997253,0.3913366496562958,-0.0014742324128746986,0.5909543037414551,0.3920077383518219,-0.0051948209293186665,0.6237625479698181,0.38788366317749023,0.005140721332281828,0.6286279559135437,0.3819994628429413,0.005540227051824331,0.5506494641304016,0.38716572523117065,0.003482877742499113,0.5566675066947937,0.3875996768474579,0.003482877742499113,0.550984799861908,0.37990686297416687,0.003482877742499113,0.5445225238800049,0.3867347538471222,0.003482877742499113,0.5503180623054504,0.3943285346031189,0.003482877742499113,0.6107910871505737,0.38882312178611755,0.0023047979921102524,0.616918683052063,0.38903123140335083,0.0023047979921102524,0.6107604503631592,0.3815394341945648,0.0023047979921102524,0.6046974062919617,0.38856109976768494,0.0023047979921102524,0.6108314394950867,0.39601317048072815,0.0023047979921102524
4066.666666666674,0.5820900201797485,0.4548637270927429,-0.016340816393494606,0.5810287594795227,0.43295490741729736,-0.03217751532793045,0.5808883905410767,0.4413076341152191,-0.017087068408727646,0.5771391987800598,0.40485715866088867,-0.024234771728515625,0.581275463104248,0.42389559745788574,-0.03429777920246124,0.5816478729248047,0.4125671684741974,-0.031984612345695496,0.5826525092124939,0.386156290769577,-0.01600467599928379,0.5405320525169373,0.38526564836502075,0.00887867622077465,0.5835337042808533,0.3628273010253906,-0.011941096745431423,0.5839887857437134,0.3503674566745758,-0.013359994627535343,0.5856940150260925,0.3088439106941223,-0.008215682581067085,0.5819445848464966,0.4590321481227875,-0.015565256588160992,0.5817163586616516,0.46338120102882385,-0.013715765438973904,0.5815274715423584,0.466183602809906,-0.011276590637862682,0.5814706683158875,0.46625638008117676,-0.010672423988580704,0.5814542770385742,0.4708223342895508,-0.011851821094751358,0.5813080668449402,0.4762718975543976,-0.013248172588646412,0.5810559988021851,0.4819861650466919,-0.012652183882892132,0.5795940160751343,0.489176869392395,-0.007325882092118263,0.5809803009033203,0.43757739663124084,-0.02910248003900051,0.5759291648864746,0.43700283765792847,-0.020920518785715103,0.519428551197052,0.35038667917251587,0.03818267211318016,0.5568982362747192,0.39475613832473755,0.0018835524097085,0.550656259059906,0.3953862190246582,0.0027021956630051136,0.5449988842010498,0.3937428593635559,0.004734518472105265,0.5381765961647034,0.38712364435195923,0.01021138671785593,0.5623549222946167,0.39187926054000854,0.002602670341730118,0.5493022203445435,0.36296147108078003,-9.568007226334885e-05,0.556344211101532,0.36468613147735596,-0.00033203043858520687,0.5426589846611023,0.36452215909957886,0.0024040439166128635,0.5382923483848572,0.36869150400161743,0.005114460829645395,0.5332729816436768,0.391169011592865,0.013704965822398663,0.5580412149429321,0.5032402276992798,0.0008974822121672332,0.5389130115509033,0.3817961513996124,0.011166192591190338,0.5160729289054871,0.388117253780365,0.04127399995923042,0.5269931554794312,0.38296744227409363,0.0201089046895504,0.551110565662384,0.42476511001586914,-0.003307316917926073,0.5736851692199707,0.45274120569229126,-0.01540521439164877,0.574087917804718,0.462896466255188,-0.012532155029475689,0.5649449229240417,0.45600566267967224,-0.01137432549148798,0.5591725707054138,0.4593527317047119,-0.006205993238836527,0.5673561692237854,0.4630018174648285,-0.00962177012115717,0.5620291233062744,0.463515043258667,-0.004907070659101009,0.5525103807449341,0.4711933732032776,0.003559274133294821,0.5762990117073059,0.43257370591163635,-0.031547725200653076,0.5759020447731018,0.4237956702709198,-0.033439408987760544,0.5299145579338074,0.356455534696579,0.007911106571555138,0.5646705031394958,0.4053945541381836,-0.004323833622038364,0.5634426474571228,0.4291783571243286,-0.016695352271199226,0.56324303150177,0.4247255325317383,-0.014936697669327259,0.532025158405304,0.4230010211467743,0.005768896546214819,0.5765198469161987,0.4133908748626709,-0.029958821833133698,0.5433850884437561,0.34583157300949097,-0.0031585688702762127,0.5353965759277344,0.3491007089614868,0.0021787795703858137,0.5255443453788757,0.33377692103385925,0.025784995406866074,0.5699401497840881,0.3563399314880371,-0.009757885709404945,0.562295138835907,0.36984747648239136,0.0011651794193312526,0.5476111769676208,0.46247509121894836,0.004924158565700054,0.522711455821991,0.46893590688705444,0.05829121544957161,0.5675921440124512,0.43424609303474426,-0.014652683399617672,0.5722413659095764,0.43715110421180725,-0.015050748363137245,0.5523025989532471,0.46449708938598633,0.0046719759702682495,0.5538912415504456,0.46457815170288086,0.0029899636283516884,0.5321973562240601,0.34240224957466125,0.004989450331777334,0.5630216002464294,0.4324672818183899,-0.013367748819291592,0.5545224547386169,0.3473857641220093,-0.007368607446551323,0.5537264347076416,0.3396574854850769,-0.008791727013885975,0.550542414188385,0.31231528520584106,0.0008445936837233603,0.5292194485664368,0.3406083881855011,0.01379071082919836,0.5533224940299988,0.32780367136001587,-0.004333224147558212,0.5264692902565002,0.351940393447876,0.013026255182921886,0.5229400992393494,0.3542015552520752,0.02466374635696411,0.573703408241272,0.45821109414100647,-0.014551396481692791,0.5661298632621765,0.4597518742084503,-0.010685867629945278,0.5605518221855164,0.4614986479282379,-0.006008063908666372,0.5688604712486267,0.4357255697250366,-0.013189899735152721,0.5531119108200073,0.46454715728759766,0.0038230621721595526,0.5565307140350342,0.46685922145843506,-0.00012076931307092309,0.5547972917556763,0.4646439850330353,0.002828015945851803,0.5702720284461975,0.43212687969207764,-0.022800730541348457,0.5631552934646606,0.46491163969039917,-0.0040841493755578995,0.5683931112289429,0.46511027216911316,-0.007429861929267645,0.5745811462402344,0.4656120538711548,-0.01017171423882246,0.571520984172821,0.4884646534919739,-0.0065576666966080666,0.5726874470710754,0.4808705151081085,-0.011712956242263317,0.5732343196868896,0.4751732349395752,-0.01217608992010355,0.5738951563835144,0.4698038697242737,-0.010655274614691734,0.5746103525161743,0.46567609906196594,-0.009501591324806213,0.5631465315818787,0.46499311923980713,-0.0034663965925574303,0.5619378089904785,0.4668238162994385,-0.0045849354937672615,0.560514509677887,0.4693740904331207,-0.005558714736253023,0.5593499541282654,0.47238296270370483,-0.004395530559122562,0.5547142624855042,0.45156803727149963,-0.004246887285262346,0.5162434577941895,0.4276028871536255,0.06692761927843094,0.5809534192085266,0.439468652009964,-0.021305162459611893,0.5592201352119446,0.464861661195755,0.00036787771387025714,0.5579232573509216,0.46575480699539185,-0.0002654471609275788,0.5738372802734375,0.4404260218143463,-0.015292387455701828,0.5647037625312805,0.4371621012687683,-0.009005884639918804,0.573118269443512,0.4388520121574402,-0.015300516039133072,0.5576551556587219,0.40987730026245117,-0.001962297363206744,0.5469684600830078,0.4144109785556793,0.0004430478438735008,0.5620385408401489,0.4281919002532959,-0.011476744897663593,0.5354194641113281,0.32067418098449707,0.012651010416448116,0.5388097763061523,0.33119043707847595,0.004247534088790417,0.5412988066673279,0.3382163941860199,-0.002375627402216196,0.5573300123214722,0.4780804216861725,-8.023409463930875e-05,0.568472146987915,0.34374362230300903,-0.01225520484149456,0.5680659413337708,0.32818329334259033,-0.009443572722375393,0.5667380690574646,0.30891716480255127,-0.0062718624249100685,0.5405085682868958,0.39119812846183777,0.007648186292499304,0.5268747806549072,0.39638951420783997,0.017370451241731644,0.5660552978515625,0.389100044965744,0.003206876805052161,0.5326251983642578,0.3719704747200012,0.011058082804083824,0.5692166686058044,0.39992639422416687,-0.006640723906457424,0.5669311881065369,0.4265359938144684,-0.02266952022910118,0.5200427174568176,0.40343010425567627,0.02454935759305954,0.5305879712104797,0.40279245376586914,0.011792117729783058,0.537921130657196,0.40634310245513916,0.005893475376069546,0.5491774082183838,0.40619322657585144,0.0028654944617301226,0.5577289462089539,0.403497576713562,0.0009807775495573878,0.5643332600593567,0.3995984196662903,-0.0008954107761383057,0.5771878957748413,0.3882772624492645,-0.013443713076412678,0.5198826789855957,0.42071983218193054,0.023093456402420998,0.5280721783638,0.369003564119339,0.014114017598330975,0.5781627297401428,0.43714439868927,-0.028676990419626236,0.5650559067726135,0.4130275547504425,-0.007185734808444977,0.5146074891090393,0.38854140043258667,0.06160629913210869,0.5693165063858032,0.39492475986480713,-0.002035886514931917,0.5613505244255066,0.42874228954315186,-0.005470635369420052,0.5360451340675354,0.3809666335582733,0.012590688653290272,0.5669741034507751,0.42111000418663025,-0.0204644612967968,0.5185783505439758,0.448278546333313,0.06429281085729599,0.5666654109954834,0.3858952224254608,0.00454423762857914,0.5716715455055237,0.41640493273735046,-0.026300720870494843,0.5342246890068054,0.48519450426101685,0.02513270080089569,0.5357690453529358,0.4958975315093994,0.036416277289390564,0.5159531235694885,0.42450180649757385,0.044889647513628006,0.5265675783157349,0.47499218583106995,0.033030010759830475,0.5192892551422119,0.37022438645362854,0.03466559946537018,0.5575115084648132,0.5114973187446594,0.004388741217553616,0.5787960886955261,0.4390590488910675,-0.020853102207183838,0.5591611862182617,0.41869112849235535,-0.004830438178032637,0.5219871997833252,0.38427987694740295,0.02632303163409233,0.5455676317214966,0.3901740610599518,0.004863448906689882,0.5506543517112732,0.3915703594684601,0.0031882072798907757,0.5553122162818909,0.4682365655899048,0.0009602400823496282,0.5204557776451111,0.43797045946121216,0.024971749633550644,0.5678136348724365,0.5223566293716431,0.005450319964438677,0.5519935488700867,0.5127046704292297,0.018995853140950203,0.5447689294815063,0.5059658288955688,0.02673376351594925,0.5847891569137573,0.32936084270477295,-0.011380728334188461,0.578766405582428,0.5240039229393005,0.003178204409778118,0.5560452938079834,0.39093053340911865,0.002765732118859887,0.5612302422523499,0.3888837397098541,0.0034814418759196997,0.5647379755973816,0.38730552792549133,0.004625973757356405,0.5239329934120178,0.36667776107788086,0.020288823172450066,0.5611590147018433,0.37853533029556274,0.00223398394882679,0.555743396282196,0.3755779564380646,0.0014678870793431997,0.5504676103591919,0.3749557137489319,0.001947806915268302,0.5453519821166992,0.3762223720550537,0.003792410483583808,0.5421383380889893,0.378318727016449,0.005924843717366457,0.5160810947418213,0.3677104115486145,0.05128318443894386,0.5424244999885559,0.38776859641075134,0.0070505691692233086,0.5807490944862366,0.4473656415939331,-0.01539839431643486,0.5614186525344849,0.4480976164340973,-0.008279843255877495,0.5675784349441528,0.43307340145111084,-0.016781983897089958,0.5727778673171997,0.44706419110298157,-0.014571000821888447,0.5830919742584229,0.3748563826084137,-0.011848902329802513,0.5426373481750488,0.4955863952636719,0.01880762167274952,0.5500380396842957,0.5035728812217712,0.011956188827753067,0.5670785307884216,0.5169250965118408,-0.0021829744800925255,0.528741180896759,0.48464328050613403,0.04807513952255249,0.5650008916854858,0.3828679025173187,0.0036525570321828127,0.5729929804801941,0.40151458978652954,-0.015187554061412811,0.5786790251731873,0.5183366537094116,-0.004139598459005356,0.5593031644821167,0.518378496170044,0.01097248587757349,0.51780104637146,0.4433497190475464,0.04392261058092117,0.5684221386909485,0.46518275141716003,-0.006762954872101545,0.5672168135643005,0.46833696961402893,-0.007976274006068707,0.5661628246307373,0.4723951518535614,-0.009137899614870548,0.5653445720672607,0.4773481488227844,-0.008319204673171043,0.5635536313056946,0.4841049611568451,-0.003875800408422947,0.5577187538146973,0.46397799253463745,-0.0005473078927025199,0.5562715530395508,0.46307462453842163,-0.0004342039464972913,0.5550681352615356,0.462049663066864,-0.0004987380816601217,0.5495213270187378,0.45612847805023193,0.0005157077102921903,0.5268048048019409,0.44153672456741333,0.012287226505577564,0.5733650326728821,0.3934939205646515,-0.009618595242500305,0.5704142451286316,0.376518189907074,3.9171580283436924e-05,0.5672127604484558,0.37864476442337036,0.002585991518571973,0.5592126250267029,0.46477553248405457,-0.000102766185591463,0.5272917151451111,0.4619824290275574,0.021395444869995117,0.5755813717842102,0.3749803304672241,-0.0077776541002094746,0.5604856610298157,0.49378347396850586,-0.001235186937265098,0.581986129283905,0.4036633372306824,-0.026465188711881638,0.5771022439002991,0.39708906412124634,-0.01945582590997219,0.5822994112968445,0.3953942358493805,-0.02105817012488842,0.568626880645752,0.4143817722797394,-0.015148886479437351,0.5788763165473938,0.5102607607841492,-0.007423166651278734,0.5792233943939209,0.4993942677974701,-0.007519537582993507,0.5694132447242737,0.4985977113246918,-0.005869957152754068,0.5480248332023621,0.47678273916244507,0.006736344657838345,0.5558631420135498,0.43506765365600586,-0.0034268770832568407,0.5539318919181824,0.48656079173088074,0.0031116302125155926,0.540152907371521,0.4337782859802246,-0.00037750942283309996,0.548999547958374,0.4426054060459137,-0.001511795911937952,0.5346529483795166,0.4467478096485138,0.0048070382326841354,0.5675063133239746,0.5091036558151245,-0.005344732198864222,0.5651046633720398,0.41898804903030396,-0.01081832405179739,0.5437456369400024,0.4849359393119812,0.012161402963101864,0.5511369705200195,0.4945477843284607,0.007241697516292334,0.5425687432289124,0.4659198522567749,0.007437771651893854,0.522169828414917,0.4525267779827118,0.02696370705962181,0.5353744029998779,0.4694552421569824,0.013300743885338306,0.5209028124809265,0.46036645770072937,0.041350603103637695,0.5433546304702759,0.45155617594718933,0.0019405493512749672,0.5692366361618042,0.4072491228580475,-0.010827641934156418,0.568527102470398,0.4305116534233093,-0.02397417463362217,0.5650930404663086,0.4321129620075226,-0.017428148537874222,0.5711725354194641,0.42488405108451843,-0.028108958154916763,0.5655744075775146,0.36580437421798706,-0.0016504261875525117,0.5556093454360962,0.35821449756622314,-0.002046796027570963,0.546870768070221,0.35668322443962097,-0.0010255989618599415,0.5397822856903076,0.3588946759700775,0.0019918554462492466,0.5348413586616516,0.36373358964920044,0.006079414859414101,0.5320988893508911,0.38188591599464417,0.015413904562592506,0.515195369720459,0.4062647521495819,0.043513063341379166,0.5361993908882141,0.3954656422138214,0.010387983173131943,0.5419593453407288,0.39869338274002075,0.006629825569689274,0.5497482419013977,0.3999965488910675,0.0038294359110295773,0.5574415922164917,0.39861249923706055,0.0019798034336417913,0.5636489987373352,0.3954354226589203,0.0017771463608369231,0.5679089426994324,0.39221280813217163,0.0010340593289583921,0.5151024460792542,0.4080021381378174,0.06636491417884827,0.5651529431343079,0.43401843309402466,-0.01444929838180542,0.5726732611656189,0.40876710414886475,-0.01993890479207039,0.572478711605072,0.4312398135662079,-0.02862781099975109,0.5754850506782532,0.43563467264175415,-0.02626967616379261,0.5724817514419556,0.4327083230018616,-0.02575187012553215,0.5665446519851685,0.4363958239555359,-0.012406481429934502,0.5764353275299072,0.436476469039917,-0.027842745184898376,0.5771095752716064,0.4383794963359833,-0.020860984921455383,0.5685506463050842,0.38568294048309326,0.0035807222593575716,0.5712513327598572,0.38694143295288086,-1.8026248653768562e-05,0.5730389952659607,0.38783636689186096,-0.004005645401775837,0.5403451323509216,0.3800138235092163,0.00824704673141241,0.5357871055603027,0.37377655506134033,0.008815709501504898,0.5867941975593567,0.4051946997642517,-0.02461700513958931,0.6253882646560669,0.38924098014831543,0.006287912838160992,0.5862541198730469,0.43729016184806824,-0.021207405254244804,0.6501049995422363,0.35600587725639343,0.034350886940956116,0.6088379621505737,0.39613810181617737,0.00017336950986646116,0.6149313449859619,0.39741072058677673,0.0006924235494807363,0.6206232309341431,0.3966623544692993,0.0024241383653134108,0.6278784275054932,0.39179527759552,0.007464020978659391,0.6035839915275574,0.39290541410446167,0.0012207269901409745,0.6178390979766846,0.3681899905204773,-0.0022823391482234,0.6109617352485657,0.36909323930740356,-0.0021087429486215115,0.6242601275444031,0.3700636327266693,-6.805956218158826e-05,0.6283155679702759,0.37414100766181946,0.002443281700834632,0.6327804923057556,0.3964006304740906,0.010799571871757507,0.6004550457000732,0.5049325823783875,-0.0003472286625765264,0.6273508667945862,0.38651958107948303,0.008450638502836227,0.6506294012069702,0.393855482339859,0.037399936467409134,0.6395637392997742,0.389313280582428,0.01686454936861992,0.612273097038269,0.42714250087738037,-0.005113761872053146,0.5902767181396484,0.45309847593307495,-0.015920761972665787,0.5890445113182068,0.46327418088912964,-0.013044712133705616,0.5983040928840637,0.4566267430782318,-0.012451550923287868,0.6033056378364563,0.4602477550506592,-0.007657988928258419,0.595293402671814,0.4636567234992981,-0.010611466132104397,0.6001259088516235,0.46439599990844727,-0.00617902772501111,0.6082088351249695,0.473043829202652,0.0017314337892457843,0.585827112197876,0.4328990578651428,-0.031762052327394485,0.5866007804870605,0.4241233170032501,-0.033723145723342896,0.6378662586212158,0.36315304040908813,0.004794486798346043,0.59996497631073,0.40671756863594055,-0.005472553428262472,0.5993021726608276,0.4303446412086487,-0.01776457577943802,0.599793016910553,0.4259340167045593,-0.01606171391904354,0.6315887570381165,0.4270300269126892,0.002888703951612115,0.5867472290992737,0.4136867821216583,-0.030334042385220528,0.6240476369857788,0.35249996185302734,-0.0053611635230481625,0.632331371307373,0.3558061420917511,-0.0005540556740015745,0.6449742317199707,0.3388787508010864,0.02232489548623562,0.5965113639831543,0.3614254593849182,-0.010517925955355167,0.6048658490180969,0.37312936782836914,-0.00030277727637439966,0.6136329770088196,0.46466508507728577,0.002775793196633458,0.6393428444862366,0.47337567806243896,0.054770153015851974,0.5949457287788391,0.43509599566459656,-0.015405355021357536,0.5901005864143372,0.4376891553401947,-0.015428895130753517,0.6090038418769836,0.46578437089920044,0.002792170736938715,0.6074169278144836,0.4657939374446869,0.001309990999288857,0.6359944343566895,0.3493567109107971,0.0021113657858222723,0.59957355260849,0.43367859721183777,-0.014416811056435108,0.6124545931816101,0.35385197401046753,-0.00890805758535862,0.6134990453720093,0.34616154432296753,-0.010343331843614578,0.6208636164665222,0.31521937251091003,-0.0012205693637952209,0.6404483318328857,0.34553593397140503,0.010731421411037445,0.6165629625320435,0.33059319853782654,-0.006041433196514845,0.6416190266609192,0.35908734798431396,0.009733579121530056,0.6460354328155518,0.359699010848999,0.02112969383597374,0.5898706316947937,0.458604633808136,-0.015097693540155888,0.5968277454376221,0.46043235063552856,-0.011744000017642975,0.6017854809761047,0.4623718559741974,-0.007386850658804178,0.5935354232788086,0.4364831745624542,-0.013809585943818092,0.608191728591919,0.4657956659793854,0.002059828955680132,0.6049202084541321,0.4680258631706238,-0.001629378879442811,0.6065084338188171,0.4658222794532776,0.0012064105831086636,0.5922340750694275,0.432818204164505,-0.023510945960879326,0.5987890958786011,0.4657458961009979,-0.00528334267437458,0.5939751267433167,0.4657343029975891,-0.008346820250153542,0.5882121324539185,0.4659811556339264,-0.010700988583266735,0.5878356695175171,0.48908233642578125,-0.0070655690506100655,0.5891667008399963,0.4813591241836548,-0.012246883474290371,0.5890344977378845,0.4756070375442505,-0.012753567658364773,0.5886803269386292,0.4701971411705017,-0.011222556233406067,0.5880993008613586,0.4660245478153229,-0.010038855485618114,0.598706066608429,0.4658617079257965,-0.004657407756894827,0.5999090671539307,0.46781325340270996,-0.005764959845691919,0.6012011170387268,0.4704626500606537,-0.00678086094558239,0.6021465063095093,0.47354578971862793,-0.005682966206222773,0.6068923473358154,0.4533517062664032,-0.005878237076103687,0.6485021710395813,0.433013379573822,0.06299571692943573,0.6023021936416626,0.4658963084220886,-0.0010967868147417903,0.6036053895950317,0.466861367225647,-0.0017409296706318855,0.5882498025894165,0.4409134089946747,-0.015695711597800255,0.5976738929748535,0.4382724463939667,-0.00987132079899311,0.5890978574752808,0.43938082456588745,-0.015675337985157967,0.6067094802856445,0.4118027687072754,-0.003481491468846798,0.6171489357948303,0.4172510504722595,-0.0016448642127215862,0.600873589515686,0.42954105138778687,-0.012626631185412407,0.635784924030304,0.32490724325180054,0.009790698066353798,0.6312204599380493,0.3353392481803894,0.0017545584123581648,0.6264079809188843,0.3448636531829834,-0.004692725837230682,0.602855920791626,0.4796474874019623,-0.001568593317642808,0.5985089540481567,0.3493698835372925,-0.013047432526946068,0.6016132831573486,0.32963159680366516,-0.01032873522490263,0.6046875715255737,0.31042253971099854,-0.007329277228564024,0.6252332329750061,0.3951212167739868,0.005078746937215328,0.6387887001037598,0.402096152305603,0.014131971634924412,0.6000833511352539,0.39005523920059204,0.0019838805310428143,0.6342098712921143,0.37772688269615173,0.008063104003667831,0.5957129597663879,0.40089836716651917,-0.007550842594355345,0.5958085656166077,0.4274744391441345,-0.023516472429037094,0.6452608108520508,0.40863096714019775,0.02093273401260376,0.6347686648368835,0.40803948044776917,0.008749360218644142,0.6272218823432922,0.41063782572746277,0.003220225451514125,0.6159673929214478,0.40913915634155273,0.0007930307765491307,0.6075277328491211,0.4053981900215149,-0.0006220489740371704,0.601049542427063,0.4008633494377136,-0.0020825834944844246,0.58809494972229,0.38866469264030457,-0.013839609920978546,0.6442241668701172,0.4258407950401306,0.01943480595946312,0.639030933380127,0.37564200162887573,0.010882613249123096,0.5838174223899841,0.4373134672641754,-0.0288558229804039,0.5989667177200317,0.41424331068992615,-0.008286040276288986,0.6525213718414307,0.3942897319793701,0.057521507143974304,0.5961986184120178,0.3957939147949219,-0.002971789799630642,0.6016630530357361,0.43017762899398804,-0.006668624933809042,0.6302859783172607,0.3861987292766571,0.00978452805429697,0.596147894859314,0.42205095291137695,-0.021329930052161217,0.6448485851287842,0.45330917835235596,0.06061643362045288,0.5998239517211914,0.3870440423488617,0.003291826695203781,0.5915209650993347,0.41701605916023254,-0.026954255998134613,0.6259992718696594,0.48878201842308044,0.022358525544404984,0.6242058873176575,0.4992048144340515,0.03368920460343361,0.6482678651809692,0.4299682676792145,0.04094814136624336,0.6343255639076233,0.4791615605354309,0.029774285852909088,0.648563802242279,0.3758481442928314,0.03094683215022087,0.6004806756973267,0.5132836699485779,0.0030490546487271786,0.5831558108329773,0.4391792416572571,-0.020968889817595482,0.6045458912849426,0.420403391122818,-0.006215875037014484,0.6444399356842041,0.39108508825302124,0.0227668359875679,0.6200368404388428,0.3926687240600586,0.0026041348464787006,0.6150359511375427,0.39329850673675537,0.0011548006441444159,0.6060530543327332,0.4694786071777344,-0.000647179433144629,0.6426166892051697,0.4429401457309723,0.02137327566742897,0.5897510051727295,0.5231930017471313,0.004715021699666977,0.6066194176673889,0.5147143602371216,0.017151953652501106,0.6144899725914001,0.508568286895752,0.024467915296554565,0.6098594069480896,0.3921068608760834,0.001028584549203515,0.6049096584320068,0.38978639245033264,0.001987220486626029,0.6016106605529785,0.38829466700553894,0.003286256454885006,0.6433170437812805,0.37366846203804016,0.016811611130833626,0.6057483553886414,0.3814009130001068,0.0006742432015016675,0.6110296249389648,0.3795704245567322,-0.00035538722295314074,0.6161211729049683,0.3796114921569824,-0.0001533487084088847,0.6210508942604065,0.38114261627197266,0.0014072525082156062,0.6241083145141602,0.3832358717918396,0.003392797661945224,0.6523179411888123,0.3735074996948242,0.047315772622823715,0.6232491731643677,0.3910720944404602,0.004591535776853561,0.6003708243370056,0.4493943750858307,-0.009461941197514534,0.5949927568435669,0.43394163250923157,-0.017522715032100677,0.5889382362365723,0.4476121664047241,-0.015071941539645195,0.616858959197998,0.49857762455940247,0.01655227690935135,0.608711302280426,0.5060034394264221,0.0101606585085392,0.5903805494308472,0.517876923084259,-0.0029448014684021473,0.632148265838623,0.488468199968338,0.044901542365550995,0.6016938090324402,0.38460561633110046,0.0022621750831604004,0.5914603471755981,0.4021674394607544,-0.015819799154996872,0.5986413955688477,0.5198196768760681,0.009587489999830723,0.6451533436775208,0.4485006332397461,0.04016708955168724,0.5938926935195923,0.4658142924308777,-0.007668399251997471,0.5949825048446655,0.4690741300582886,-0.008897935971617699,0.5958353877067566,0.4732089340686798,-0.01013422105461359,0.5963836908340454,0.4782319962978363,-0.00934251956641674,0.5961281061172485,0.4852009415626526,-0.0049730404280126095,0.603954553604126,0.465028315782547,-0.0020627020858228207,0.6054577231407166,0.4641660749912262,-0.002070843940600753,0.6067716479301453,0.4631620943546295,-0.002214926527813077,0.6119177937507629,0.458229660987854,-0.0014975344529375434,0.6357200145721436,0.44589003920555115,0.009181876666843891,0.5917696952819824,0.3941862881183624,-0.01027998048812151,0.5960006713867188,0.37859952449798584,-0.0007955798646435142,0.5994210839271545,0.38062864542007446,0.0013664120342582464,0.6023654937744141,0.46577930450439453,-0.0015704738907516003,0.6342290043830872,0.4661036431789398,0.018293997272849083,0.5904672741889954,0.37713512778282166,-0.008274540305137634,0.598565399646759,0.49518850445747375,-0.00242143333889544,0.5874449014663696,0.3974349796772003,-0.0198103915899992,0.5950517058372498,0.4153170585632324,-0.015970846638083458,0.5891621708869934,0.4993434548377991,-0.0064553734846413136,0.612331748008728,0.4791450500488281,0.004682960920035839,0.6068444848060608,0.4369264841079712,-0.004948319401592016,0.6057543754577637,0.4884641468524933,0.0014734800206497312,0.6226673722267151,0.4370429515838623,-0.002695399336516857,0.6133343577384949,0.44505491852760315,-0.003412884660065174,0.6275278925895691,0.4504355192184448,0.002140327589586377,0.5903725624084473,0.5100374221801758,-0.006097849924117327,0.598459780216217,0.4201207458972931,-0.011848942376673222,0.616297721862793,0.4877462089061737,0.009951501153409481,0.6080837249755859,0.4967619776725769,0.0055273049511015415,0.618411660194397,0.4687054455280304,0.005014695227146149,0.6400763988494873,0.4571816027164459,0.023570217192173004,0.625562846660614,0.47291645407676697,0.010642883367836475,0.6409871578216553,0.4650632441043854,0.03771296143531799,0.6185068488121033,0.45441871881484985,-0.00034094610600732267,0.5950037837028503,0.4081748425960541,-0.0117031279951334,0.5940320491790771,0.4313337504863739,-0.024724483489990234,0.5974915623664856,0.43316343426704407,-0.018327096477150917,0.5914729833602905,0.4255346655845642,-0.02870718389749527,0.6011892557144165,0.36967891454696655,-0.0027734534814953804,0.6114393472671509,0.3633458912372589,-0.0036531712394207716,0.6202425956726074,0.3623310625553131,-0.003144870512187481,0.6273549795150757,0.3646530508995056,-0.0005449124146252871,0.6321961283683777,0.3695761263370514,0.0032580893021076918,0.6343751549720764,0.3875684440135956,0.012437207624316216,0.6502351760864258,0.41193005442619324,0.03947918862104416,0.6295309066772461,0.4002135396003723,0.007600775454193354,0.623532772064209,0.4023873209953308,0.0041962373070418835,0.6156798601150513,0.402528315782547,0.0017989827319979668,0.608073890209198,0.4002598524093628,0.00033587217330932617,0.6020176410675049,0.3965874910354614,0.0005176451522856951,0.5978783369064331,0.39309442043304443,-7.772104254399892e-06,0.6509208679199219,0.4135999083518982,0.06226402893662453,0.5973225831985474,0.43503469228744507,-0.015338245779275894,0.5911468267440796,0.40939027070999146,-0.020601864904165268,0.5898506045341492,0.43179386854171753,-0.02910842001438141,0.5867055058479309,0.43598708510398865,-0.026530247181653976,0.5899074077606201,0.43329599499702454,-0.026234332472085953,0.5958256125450134,0.4373188316822052,-0.013167240656912327,0.5856282711029053,0.4367571771144867,-0.02806089073419571,0.5849133133888245,0.4385737478733063,-0.021069804206490517,0.5978168249130249,0.38680627942085266,0.0025259125977754593,0.5947274565696716,0.3879014849662781,-0.0008396193152293563,0.5926674008369446,0.3887317478656769,-0.004671178758144379,0.6258975863456726,0.3848937451839447,0.005617491435259581,0.630715548992157,0.3791768252849579,0.006041945889592171,0.5524340867996216,0.38458219170570374,0.004864438436925411,0.5585492849349976,0.3849753737449646,0.004864438436925411,0.5526886582374573,0.3772040605545044,0.004864438436925411,0.5462247133255005,0.3841792345046997,0.004864438436925411,0.5521674156188965,0.3918500244617462,0.004864438436925411,0.6132177114486694,0.3862805664539337,0.0028455082792788744,0.619408369064331,0.3866010308265686,0.0028455082792788744,0.6132469177246094,0.37888363003730774,0.0028455082792788744,0.607077956199646,0.38593968749046326,0.0028455082792788744,0.6132028102874756,0.3936189115047455,0.0028455082792788744
4100.000000000007,0.5818518400192261,0.45491814613342285,-0.016613759100437164,0.5812857747077942,0.4320414364337921,-0.03204096853733063,0.5811062455177307,0.4407080113887787,-0.017124950885772705,0.5774108171463013,0.4040437638759613,-0.02386314794421196,0.5815421342849731,0.4229677617549896,-0.034090664237737656,0.5819234848022461,0.41168931126594543,-0.031684037297964096,0.5829401016235352,0.38538870215415955,-0.01548617985099554,0.5402678847312927,0.38519519567489624,0.009487183764576912,0.5838021636009216,0.36207690834999084,-0.011251507326960564,0.5842399597167969,0.3495286703109741,-0.012552976608276367,0.5859366059303284,0.3075145483016968,-0.006943948101252317,0.5817188024520874,0.459090918302536,-0.01586446724832058,0.5815183520317078,0.4634324312210083,-0.014027060009539127,0.5813658833503723,0.4662248492240906,-0.011568557471036911,0.5813280344009399,0.46613872051239014,-0.011230647563934326,0.5813087224960327,0.47072887420654297,-0.012394742108881474,0.581191897392273,0.47617149353027344,-0.013850482180714607,0.5809850096702576,0.4817969501018524,-0.013345727697014809,0.5797561407089233,0.48861822485923767,-0.00816873088479042,0.5812329053878784,0.4367559850215912,-0.029010441154241562,0.5761929750442505,0.43628990650177,-0.0208499263972044,0.5197360515594482,0.34974250197410583,0.0392778106033802,0.5566524267196655,0.39432814717292786,0.0023749154061079025,0.5504034161567688,0.3951278328895569,0.003206828609108925,0.5447595715522766,0.39355558156967163,0.005262031685560942,0.5379070043563843,0.38697510957717896,0.0107872998341918,0.562147855758667,0.3912111520767212,0.0030886612366884947,0.5493491888046265,0.3626442551612854,0.000589596398640424,0.556332528591156,0.36425864696502686,0.000328349182382226,0.5427314043045044,0.3642234206199646,0.0030882381834089756,0.5383226871490479,0.3683929443359375,0.005784985609352589,0.5330524444580078,0.39095979928970337,0.01423123199492693,0.558268129825592,0.5032577514648438,-7.099043432390317e-05,0.5386401414871216,0.38171422481536865,0.011790207587182522,0.5162123441696167,0.3878643810749054,0.04185761138796806,0.5268793106079102,0.3828200101852417,0.0207098126411438,0.5513766407966614,0.4243256151676178,-0.0031586831901222467,0.5736108422279358,0.4527997076511383,-0.015629399567842484,0.5740952491760254,0.46295008063316345,-0.012825436890125275,0.5651450157165527,0.4559590518474579,-0.011641467921435833,0.5595641732215881,0.45922356843948364,-0.00659381877630949,0.5675734281539917,0.46299228072166443,-0.009948047809302807,0.5623977780342102,0.46341946721076965,-0.005341955926269293,0.5528660416603088,0.4712122976779938,0.002804887481033802,0.5765789151191711,0.43167397379875183,-0.03139428421854973,0.5761660933494568,0.4229006767272949,-0.0332149863243103,0.5301072597503662,0.3562815189361572,0.008749699220061302,0.5648847818374634,0.40480589866638184,-0.00399212259799242,0.5636646747589111,0.42857035994529724,-0.01651150919497013,0.5634568929672241,0.424142062664032,-0.01472500991076231,0.5322597026824951,0.42272424697875977,0.00595154007896781,0.5767855048179626,0.41253647208213806,-0.029647910967469215,0.5437285900115967,0.34549880027770996,-0.0023150101769715548,0.5356936454772949,0.34892117977142334,0.0030501384753733873,0.5258315801620483,0.3329427242279053,0.0270250141620636,0.5702601671218872,0.35539618134498596,-0.009020163677632809,0.562248706817627,0.3692828416824341,0.0017941731493920088,0.5479857325553894,0.4626517593860626,0.004338548518717289,0.5227866172790527,0.4694567024707794,0.057896558195352554,0.5678333044052124,0.4336462914943695,-0.014533372595906258,0.5724930763244629,0.4365660846233368,-0.015013202093541622,0.5528489947319031,0.4643474817276001,0.0040318313986063,0.5544446110725403,0.46442949771881104,0.0023356787860393524,0.5325191020965576,0.34226444363594055,0.005947515834122896,0.5632570385932922,0.4319675862789154,-0.013238630257546902,0.5548776984214783,0.3467215299606323,-0.006555415689945221,0.5541213750839233,0.339030385017395,-0.007881524972617626,0.5507186055183411,0.3111529052257538,0.0021927356719970703,0.5294210910797119,0.33985230326652527,0.014853185974061489,0.5534448623657227,0.32681816816329956,-0.003217305289581418,0.5266887545585632,0.3517734706401825,0.01392656471580267,0.5231525301933289,0.3535928726196289,0.025620948523283005,0.5736751556396484,0.45826786756515503,-0.014819650910794735,0.5663405060768127,0.45972058176994324,-0.010998127050697803,0.5609331130981445,0.4613856077194214,-0.006426841951906681,0.5691128373146057,0.4351673424243927,-0.01311002392321825,0.553659975528717,0.46440085768699646,0.003172521945089102,0.5569455623626709,0.46671804785728455,-0.000846296374220401,0.5553534626960754,0.46449199318885803,0.0021687571424990892,0.5705223679542542,0.43135306239128113,-0.022623389959335327,0.5635091066360474,0.464834064245224,-0.0045132446102797985,0.5685973167419434,0.46512073278427124,-0.007753710262477398,0.5746044516563416,0.4656646251678467,-0.010448196902871132,0.5718154311180115,0.48794499039649963,-0.0073931715451180935,0.5727061629295349,0.4806787967681885,-0.012384404428303242,0.5732181668281555,0.4750811755657196,-0.012766466476023197,0.5738746523857117,0.4697158932685852,-0.011180682107806206,0.5746229290962219,0.4655759632587433,-0.010038317181169987,0.5634814500808716,0.46486908197402954,-0.0040916986763477325,0.5622279644012451,0.46671515703201294,-0.005224118009209633,0.5607782602310181,0.46924275159835815,-0.006256141699850559,0.5595976114273071,0.4721736013889313,-0.005143741611391306,0.5550733208656311,0.45138734579086304,-0.004560444504022598,0.5163457989692688,0.42778366804122925,0.06705514341592789,0.5811915397644043,0.4387548863887787,-0.02127424255013466,0.5596654415130615,0.46470698714256287,-0.00031412619864568114,0.5583435297012329,0.4656223952770233,-0.0009674770990386605,0.5740814805030823,0.43986231088638306,-0.015322195366024971,0.5649644136428833,0.43674910068511963,-0.008984379470348358,0.5733687877655029,0.4382765591144562,-0.015286680310964584,0.5578758120536804,0.409361332654953,-0.001675272360444069,0.5472109317779541,0.4139696955680847,0.0006999720353633165,0.5622713565826416,0.42768946290016174,-0.011315851472318172,0.5356540083885193,0.3196702301502228,0.013966085389256477,0.5389795303344727,0.3303240239620209,0.0053512463346123695,0.5416781902313232,0.337948203086853,-0.0014219750883057714,0.5577040910720825,0.4779062569141388,-0.0009067184873856604,0.5688781142234802,0.34278133511543274,-0.011407040990889072,0.5682142376899719,0.3271261155605316,-0.008367059752345085,0.5669180154800415,0.307645708322525,-0.0049449605867266655,0.5402505397796631,0.39104220271110535,0.00820212159305811,0.5266619920730591,0.3963097929954529,0.01785288378596306,0.5658785700798035,0.3882888853549957,0.0037206693086773157,0.5326305627822876,0.3717525005340576,0.011734738945960999,0.5694342851638794,0.3992784917354584,-0.006262899376451969,0.5671612024307251,0.42579492926597595,-0.02244703657925129,0.5201691389083862,0.4031911790370941,0.024963531643152237,0.5303293466567993,0.40256184339523315,0.012205777689814568,0.5377132296562195,0.40596580505371094,0.0062491269782185555,0.5490000247955322,0.40574324131011963,0.003202965948730707,0.5575664639472961,0.40300172567367554,0.0013271303614601493,0.564225435256958,0.3990163803100586,-0.0005200980813242495,0.5774421691894531,0.38753604888916016,-0.012931706383824348,0.5200271010398865,0.42062854766845703,0.02331634610891342,0.5281135439872742,0.3687918782234192,0.014843829907476902,0.5784247517585754,0.43632346391677856,-0.02856873907148838,0.5652779340744019,0.41243675351142883,-0.006913629826158285,0.5148520469665527,0.3883526623249054,0.062226634472608566,0.569267749786377,0.39424803853034973,-0.0016127951676025987,0.5616124272346497,0.428298681974411,-0.005360187962651253,0.5358477830886841,0.3808528184890747,0.013206252828240395,0.567192792892456,0.4204070270061493,-0.020205704495310783,0.5186630487442017,0.44861769676208496,0.06417661160230637,0.56646728515625,0.38506925106048584,0.005098510533571243,0.5719184279441833,0.4156116247177124,-0.026007963344454765,0.534324049949646,0.48563864827156067,0.02443716861307621,0.5358181595802307,0.4965178072452545,0.03563950955867767,0.5160471200942993,0.42457130551338196,0.04506196826696396,0.5266789197921753,0.4754108190536499,0.032524555921554565,0.519464910030365,0.3697670102119446,0.03544941917061806,0.5576672554016113,0.5117051601409912,0.003342061536386609,0.5790439248085022,0.4383397698402405,-0.020815357565879822,0.5594041347503662,0.41820523142814636,-0.0046110148541629314,0.521901547908783,0.3843875825405121,0.02692738175392151,0.5453395843505859,0.39006325602531433,0.005433650221675634,0.5504195094108582,0.3913315236568451,0.0037392224185168743,0.5557125806808472,0.4680524468421936,0.0002243205381091684,0.5206255316734314,0.43803662061691284,0.024977685883641243,0.5679923295974731,0.5225748419761658,0.004363887943327427,0.5520732998847961,0.5131986737251282,0.0180283784866333,0.5448111891746521,0.5065514445304871,0.025839300826191902,0.5850215554237366,0.32825201749801636,-0.010351719334721565,0.5789779424667358,0.524158239364624,0.002042856765910983,0.5558154582977295,0.39049676060676575,0.0033052449580281973,0.5610122084617615,0.3882322311401367,0.004016682971268892,0.5645313262939453,0.38652756810188293,0.0051719993352890015,0.5239773988723755,0.36657285690307617,0.0210481695830822,0.5609545111656189,0.3780791461467743,0.002841836540028453,0.5555546879768372,0.3753291070461273,0.0021057904232293367,0.5503289103507996,0.3747766315937042,0.002609440591186285,0.5452219843864441,0.3760434687137604,0.004449854604899883,0.5419623255729675,0.37815943360328674,0.006571158301085234,0.5163723826408386,0.3672676384449005,0.052165910601615906,0.5421765446662903,0.38769304752349854,0.007642792072147131,0.5809502005577087,0.4467777609825134,-0.015536993741989136,0.5617135763168335,0.4477732181549072,-0.008468241430819035,0.5678172707557678,0.43241146206855774,-0.016630329191684723,0.5730276107788086,0.4465113580226898,-0.014706235378980637,0.5833712220191956,0.37413644790649414,-0.01125002559274435,0.5427242517471313,0.4960234761238098,0.017915356904268265,0.5501314401626587,0.503940761089325,0.010969243012368679,0.5672758221626282,0.5169723033905029,-0.0032905901316553354,0.5287999510765076,0.48524588346481323,0.04748145863413811,0.5647940039634705,0.3821656405925751,0.0042334250174462795,0.5732421278953552,0.4007793068885803,-0.01479795016348362,0.578875720500946,0.5183072090148926,-0.005293573718518019,0.5594453811645508,0.5187212824821472,0.009950518608093262,0.5178967714309692,0.4435777962207794,0.04387746751308441,0.5685955882072449,0.46508508920669556,-0.007325483486056328,0.5673493146896362,0.46825507283210754,-0.00854644924402237,0.5662763714790344,0.4722892642021179,-0.009780969470739365,0.565457820892334,0.47714415192604065,-0.00904198456555605,0.5639129877090454,0.48373544216156006,-0.004717416595667601,0.5582081079483032,0.4638345539569855,-0.0010937988990917802,0.5567620992660522,0.46292397379875183,-0.0009743849514052272,0.5555619597434998,0.4618853032588959,-0.0010139208752661943,0.5499173998832703,0.4561467468738556,8.096227975329384e-05,0.5270392894744873,0.441481351852417,0.012249748222529888,0.5736011266708374,0.3927922248840332,-0.009171501733362675,0.5704541206359863,0.3757319748401642,0.000634005933534354,0.5671412944793701,0.3778938055038452,0.003179592080414295,0.5596894025802612,0.4646419286727905,-0.0006563230999745429,0.5275123119354248,0.4621812701225281,0.021062366664409637,0.5757888555526733,0.37420615553855896,-0.007170728407800198,0.5607632398605347,0.4936485290527344,-0.002159501425921917,0.5822670459747314,0.40282371640205383,-0.026095638051629066,0.5773707628250122,0.3963054418563843,-0.019010471180081367,0.5825864672660828,0.39458197355270386,-0.020615624263882637,0.5688545107841492,0.4137033224105835,-0.014851835556328297,0.5790619850158691,0.5100443363189697,-0.00847333949059248,0.5793932676315308,0.4990251660346985,-0.008454414084553719,0.569669783115387,0.4982930123806,-0.00680417800322175,0.548277735710144,0.476923406124115,0.005982240196317434,0.5561438202857971,0.43470028042793274,-0.0034165214747190475,0.554188072681427,0.4865788221359253,0.002223030896857381,0.5404293537139893,0.43346720933914185,-0.00035383549402467906,0.5493105053901672,0.44234421849250793,-0.0016701065469533205,0.5349242091178894,0.44665655493736267,0.004653420299291611,0.567745566368103,0.508955180644989,-0.0063576712273061275,0.5653234720230103,0.41839760541915894,-0.010579018853604794,0.5439206957817078,0.48519471287727356,0.011367945931851864,0.5513029098510742,0.4947265684604645,0.0063204215839505196,0.542849063873291,0.4660874009132385,0.006894517224282026,0.52236008644104,0.45273369550704956,0.026780806481838226,0.5355908870697021,0.46966350078582764,0.012790965847671032,0.5209975242614746,0.4607207179069519,0.041068002581596375,0.5437037348747253,0.45154690742492676,0.001649092766456306,0.5694631338119507,0.4065767228603363,-0.010501696728169918,0.5687754154205322,0.4297342598438263,-0.023770863190293312,0.565324604511261,0.43148112297058105,-0.01727760024368763,0.5714325308799744,0.4240392744541168,-0.027879677712917328,0.5656706094741821,0.36507827043533325,-0.0009893826209008694,0.5557497143745422,0.3576902747154236,-0.0013397667789831758,0.5470780730247498,0.3562934994697571,-0.00030709028942510486,0.5399844646453857,0.3585769534111023,0.0027178116142749786,0.534954845905304,0.36346378922462463,0.006792290601879358,0.5319536924362183,0.3817216455936432,0.016021709889173508,0.5153052806854248,0.4061741530895233,0.04388481751084328,0.5359466075897217,0.3952174186706543,0.010872012935578823,0.541729748249054,0.39836159348487854,0.0070723481476306915,0.5495161414146423,0.3996295928955078,0.0042436267249286175,0.5572307109832764,0.398161381483078,0.002389352535828948,0.5634772777557373,0.39481478929519653,0.0022013667039573193,0.5677899122238159,0.3914838433265686,0.0014860850060358644,0.515272319316864,0.40800741314888,0.06673497706651688,0.5653936266899109,0.4334757924079895,-0.014330418780446053,0.5729278326034546,0.4080062508583069,-0.019597426056861877,0.5727536082267761,0.4303746819496155,-0.02845076285302639,0.5757584571838379,0.43484875559806824,-0.026155129075050354,0.5727552175521851,0.43189987540245056,-0.025590995326638222,0.566801130771637,0.43591344356536865,-0.012340429238975048,0.5767019391059875,0.4356672763824463,-0.027737587690353394,0.5773661136627197,0.43766650557518005,-0.020806310698390007,0.5684162974357605,0.38480857014656067,0.004122233483940363,0.5712100267410278,0.3861463665962219,0.0004955705371685326,0.5730788707733154,0.38708871603012085,-0.0035139257088303566,0.5401125550270081,0.3798869252204895,0.00888802669942379,0.5357190370559692,0.3735659420490265,0.009464182890951633,0.5870798230171204,0.40436792373657227,-0.024284932762384415,0.6254439353942871,0.38928186893463135,0.00658700754866004,0.5864779949188232,0.43659546971321106,-0.02117210440337658,0.6504252552986145,0.3551653027534485,0.03489575907588005,0.6089956760406494,0.39667198061943054,0.00047189841279760003,0.6151256561279297,0.3976041376590729,0.0009620076743885875,0.6208353638648987,0.39669016003608704,0.002674414310604334,0.6280258893966675,0.3919580280780792,0.007709509693086147,0.603654682636261,0.39375191926956177,0.0015648416010662913,0.6178504824638367,0.36899223923683167,-0.0018606442026793957,0.6109933257102966,0.3699878454208374,-0.0016616125358268619,0.6243191957473755,0.37066876888275146,0.00031330029014497995,0.6284183263778687,0.3745768666267395,0.0027859259862452745,0.633185088634491,0.3966275751590729,0.010995056480169296,0.6006540060043335,0.504889726638794,-0.0014505346771329641,0.6273801326751709,0.3868373930454254,0.00875124428421259,0.650907576084137,0.3933706283569336,0.03752005100250244,0.6400064826011658,0.3898153305053711,0.01708928495645523,0.6124169826507568,0.42669180035591125,-0.005160021595656872,0.5899767875671387,0.45315366983413696,-0.01622389815747738,0.5887775421142578,0.46328607201576233,-0.01340931374579668,0.5979560017585754,0.4565759599208832,-0.012857395224273205,0.6029523015022278,0.4600841999053955,-0.00823616236448288,0.5949970483779907,0.4635760486125946,-0.011068470776081085,0.5998278856277466,0.46421128511428833,-0.006779000628739595,0.6082613468170166,0.4731656312942505,0.0007591065368615091,0.5860719680786133,0.43200039863586426,-0.03163724020123482,0.5868669748306274,0.4232276380062103,-0.033531103283166885,0.6383731961250305,0.3635210394859314,0.005258562043309212,0.6002565622329712,0.40610459446907043,-0.005275165196508169,0.5995460152626038,0.4297499656677246,-0.01772003434598446,0.6000441312789917,0.42535242438316345,-0.015995575115084648,0.6317253708839417,0.42669498920440674,0.0027834405191242695,0.5870242118835449,0.4128265380859375,-0.03006237931549549,0.6244167685508728,0.35271158814430237,-0.004744003526866436,0.6327836513519287,0.35611000657081604,8.478999006911181e-06,0.6453409790992737,0.3378258943557739,0.023070644587278366,0.5967023968696594,0.36128494143486023,-0.009847879409790039,0.6048914194107056,0.37400513887405396,0.00014687808288726956,0.6136833429336548,0.46494778990745544,0.0019472773419693112,0.6397336721420288,0.4737679064273834,0.05388050153851509,0.5951581597328186,0.4345299005508423,-0.015396053902804852,0.5903039574623108,0.43714651465415955,-0.015446551144123077,0.608765721321106,0.46551400423049927,0.0019282784778624773,0.6071714162826538,0.4655211269855499,0.0004378369776532054,0.6365412473678589,0.3497239947319031,0.0027293614111840725,0.5997878313064575,0.43320420384407043,-0.014424104243516922,0.6127041578292847,0.3538413643836975,-0.008266070857644081,0.6138160824775696,0.34603404998779297,-0.009616541676223278,0.6211726069450378,0.3138912618160248,-0.00015184629592113197,0.6408575177192688,0.34450408816337585,0.011403185315430164,0.6168831586837769,0.32942986488342285,-0.00514635443687439,0.6421698927879333,0.359587699174881,0.010231115855276585,0.6464001536369324,0.35882529616355896,0.02165837399661541,0.5895741581916809,0.45863857865333557,-0.015435939654707909,0.5965072512626648,0.4603612422943115,-0.012188415043056011,0.601456880569458,0.46219611167907715,-0.007984071969985962,0.5937309265136719,0.43596184253692627,-0.013813427649438381,0.607949435710907,0.4655279219150543,0.0011914572678506374,0.6047250628471375,0.4677565097808838,-0.00256087607704103,0.6062608361244202,0.4655473530292511,0.0003340771945659071,0.5924792289733887,0.43205708265304565,-0.023428328335285187,0.5985355377197266,0.46556124091148376,-0.0058702449314296246,0.5937176942825317,0.46565961837768555,-0.008801243267953396,0.5879842638969421,0.46599024534225464,-0.011052705347537994,0.5879027843475342,0.48857104778289795,-0.007962594740092754,0.589088499546051,0.48112913966178894,-0.01301028486341238,0.5889084339141846,0.4754841923713684,-0.013437441550195217,0.5885094404220581,0.4700840413570404,-0.011843333952128887,0.5878998637199402,0.46588829159736633,-0.010661864653229713,0.5984790325164795,0.46562910079956055,-0.0054536983370780945,0.5997105836868286,0.4675962030887604,-0.006578723434358835,0.6010335683822632,0.4702158272266388,-0.007651889231055975,0.6020231246948242,0.473219096660614,-0.006609933916479349,0.6069624423980713,0.45324021577835083,-0.0063926829025149345,0.6488432288169861,0.4330756366252899,0.06259264051914215,0.6020844578742981,0.46562451124191284,-0.0019736322574317455,0.6033918261528015,0.46660566329956055,-0.0026408026460558176,0.5884549021720886,0.44039279222488403,-0.0157731045037508,0.5978575348854065,0.4379040598869324,-0.009949511848390102,0.5893021821975708,0.43884900212287903,-0.01571052148938179,0.606955349445343,0.41125598549842834,-0.003361885203048587,0.6173180341720581,0.4167757034301758,-0.0015922915190458298,0.6010940670967102,0.4290466606616974,-0.012611954472959042,0.6361398100852966,0.3236841559410095,0.010702741332352161,0.6316244006156921,0.3342079818248749,0.0025464710779488087,0.6268323659896851,0.3450152575969696,-0.00400775671005249,0.6028700470924377,0.479514479637146,-0.002585956361144781,0.5987509489059448,0.3489881753921509,-0.012269492261111736,0.601870596408844,0.3284907639026642,-0.009371212683618069,0.6049555540084839,0.30907142162323,-0.006148106884211302,0.6254051327705383,0.39510515332221985,0.005318057257682085,0.6394091248512268,0.40243077278137207,0.014250792562961578,0.6000616550445557,0.391048789024353,0.002363226842135191,0.634515106678009,0.3780747056007385,0.00839019101113081,0.5960174202919006,0.4002266824245453,-0.007278077770024538,0.596072793006897,0.4267346262931824,-0.02340863272547722,0.6455259919166565,0.4082433581352234,0.020941002294421196,0.6353603601455688,0.408042311668396,0.008813987486064434,0.6277611255645752,0.41047942638397217,0.0032852732110768557,0.6163560152053833,0.4091579020023346,0.0009125307551585138,0.6078141927719116,0.40566664934158325,-0.00044612123747356236,0.6012179255485535,0.4012661874294281,-0.0018393729114905,0.5884022116661072,0.3879079818725586,-0.013371419161558151,0.6444430947303772,0.425628662109375,0.019256632775068283,0.6394721269607544,0.37610167264938354,0.01121255848556757,0.5840573906898499,0.4365023672580719,-0.02877213805913925,0.5992273092269897,0.41364508867263794,-0.008156036026775837,0.6528061628341675,0.39393115043640137,0.057604238390922546,0.5963058471679688,0.3961716294288635,-0.002650113543495536,0.6018537878990173,0.42974427342414856,-0.006696180906146765,0.6304423809051514,0.3864808678627014,0.010071964003145695,0.5964269042015076,0.4213436543941498,-0.021188847720623016,0.6452093720436096,0.45353981852531433,0.05997736379504204,0.5997394919395447,0.38811588287353516,0.0037061269395053387,0.5918005704879761,0.416219025850296,-0.026739370077848434,0.6263484954833984,0.48907166719436646,0.02135331928730011,0.6246538162231445,0.49968987703323364,0.03257264941930771,0.6485340595245361,0.4298402667045593,0.040654491633176804,0.6346583366394043,0.47940075397491455,0.028903916478157043,0.6488717198371887,0.3751542568206787,0.03127593174576759,0.6007670760154724,0.5133869051933289,0.0018647736869752407,0.5833877921104431,0.4384753406047821,-0.020944198593497276,0.6047484874725342,0.4199022352695465,-0.006166406441479921,0.6449136734008789,0.3918990194797516,0.022950390353798866,0.6202023029327393,0.3925911486148834,0.002912366995587945,0.615231990814209,0.39345210790634155,0.0014760390622541308,0.6058921217918396,0.46916842460632324,-0.0015966215869411826,0.642810583114624,0.442865252494812,0.020977085456252098,0.5900318026542664,0.5233762860298157,0.0035410462878644466,0.6070223450660706,0.515112042427063,0.015964169055223465,0.6149277687072754,0.5090384483337402,0.02330428548157215,0.6100237369537354,0.3926275372505188,0.001379792345687747,0.6049935817718506,0.3906722366809845,0.002371676731854677,0.6016024351119995,0.3893323540687561,0.0036922739818692207,0.6438120007514954,0.37433817982673645,0.017149556428194046,0.605614960193634,0.3827304244041443,0.0010893415892496705,0.6109338402748108,0.38105157017707825,6.661430961685255e-05,0.6159850358963013,0.38103774189949036,0.00024915620451793075,0.6208971738815308,0.3822753131389618,0.0017764527583494782,0.6240032911300659,0.38402047753334045,0.0037383532617241144,0.652600884437561,0.37287649512290955,0.04765034466981888,0.623346209526062,0.39097923040390015,0.004893310368061066,0.6005017757415771,0.4491268992424011,-0.009806597605347633,0.5952250957489014,0.43330833315849304,-0.017469633370637894,0.5891095995903015,0.447099506855011,-0.015273353084921837,0.6172316074371338,0.4988780915737152,0.015418180264532566,0.6090583205223083,0.506236732006073,0.008977769874036312,0.5906305313110352,0.5178840160369873,-0.004120886325836182,0.6325875520706177,0.4889377951622009,0.04386778548359871,0.6015819907188416,0.3857510983943939,0.002676900941878557,0.5917491912841797,0.40141206979751587,-0.015506491996347904,0.5989809036254883,0.520089328289032,0.008408032357692719,0.6454339027404785,0.44854116439819336,0.03966289758682251,0.5936695337295532,0.46563830971717834,-0.008370306342840195,0.5947957634925842,0.46891164779663086,-0.009616544470191002,0.5956883430480957,0.4730162024497986,-0.010931913740932941,0.596286952495575,0.47793978452682495,-0.01022174023091793,0.596133291721344,0.484851211309433,-0.005962601862847805,0.6036776900291443,0.46478036046028137,-0.0028168733697384596,0.605155348777771,0.46391692757606506,-0.002832728438079357,0.6064562201499939,0.4629124402999878,-0.0029528839513659477,0.6119557023048401,0.45833805203437805,-0.0021678924094885588,0.6358326077461243,0.4457440972328186,0.008803372271358967,0.5920830368995667,0.3934610188007355,-0.009905724786221981,0.5960531234741211,0.3791879415512085,-0.00032524706330150366,0.599376380443573,0.3815382719039917,0.001816185424104333,0.6021275520324707,0.46553006768226624,-0.0023184882011264563,0.6344316601753235,0.4661828577518463,0.01761358231306076,0.5906699299812317,0.3773532807826996,-0.007744346745312214,0.5986788272857666,0.49502360820770264,-0.0034754492808133364,0.587739884853363,0.3966372013092041,-0.019400974735617638,0.5953379273414612,0.4146306812763214,-0.01578332856297493,0.5892926454544067,0.49902814626693726,-0.007444409187883139,0.6125140190124512,0.4792991578578949,0.003699938300997019,0.6070078611373901,0.4365848898887634,-0.005117867141962051,0.6059061884880066,0.48847225308418274,0.0004080358485225588,0.6227521896362305,0.4366960823535919,-0.0029018677305430174,0.6134498119354248,0.4448161721229553,-0.0037838134448975325,0.6276257038116455,0.4502904713153839,0.0017114547081291676,0.5905627608299255,0.5098653435707092,-0.00717902509495616,0.598728358745575,0.4195246994495392,-0.011744191870093346,0.6165761351585388,0.4879362881183624,0.00891189742833376,0.6083330512046814,0.49686235189437866,0.004420393146574497,0.6185712814331055,0.4689024090766907,0.004199749790132046,0.6402990818023682,0.45723775029182434,0.022991696372628212,0.6257680058479309,0.4730578660964966,0.009831717237830162,0.6413141489028931,0.46522483229637146,0.03700011968612671,0.6185925602912903,0.4544307291507721,-0.0008835102780722082,0.5952925682067871,0.4074893891811371,-0.011487599462270737,0.5942842364311218,0.430561363697052,-0.024626124650239944,0.5977280139923096,0.43255361914634705,-0.01829559914767742,0.5917340517044067,0.4246913194656372,-0.028558241203427315,0.6012608408927917,0.3701014220714569,-0.0022756948601454496,0.6115357279777527,0.36379337310791016,-0.0031489506363868713,0.6203809976577759,0.36276406049728394,-0.0026545149739831686,0.627583920955658,0.36497753858566284,-0.00010847584053408355,0.6324846744537354,0.36988115310668945,0.0036459791008383036,0.634659469127655,0.3878866136074066,0.012702328152954578,0.6505039930343628,0.4116254448890686,0.03938976675271988,0.629914402961731,0.4002830386161804,0.00776573596522212,0.6239081621170044,0.4023820757865906,0.004363498650491238,0.6159936189651489,0.40269866585731506,0.0019825822673738003,0.6082974076271057,0.4007164239883423,0.0005642112228088081,0.6021192669868469,0.3972824811935425,0.0008110295166261494,0.597916305065155,0.39381861686706543,0.0003300861280877143,0.6512278914451599,0.41346535086631775,0.06210003048181534,0.5975380539894104,0.43451884388923645,-0.015336234122514725,0.5914393067359924,0.4086131453514099,-0.020339874550700188,0.5900925397872925,0.4309309422969818,-0.028993193060159683,0.5869329571723938,0.43521741032600403,-0.02645459957420826,0.590143620967865,0.43249160051345825,-0.026137789711356163,0.5960120558738708,0.436871737241745,-0.013196846470236778,0.5858598351478577,0.4359627962112427,-0.02798248827457428,0.5851413011550903,0.43787968158721924,-0.02104034461081028,0.5977434515953064,0.3877972960472107,0.0029485332779586315,0.5947503447532654,0.388573557138443,-0.0004219124966766685,0.5927681922912598,0.3890780210494995,-0.004253566265106201,0.6258546710014343,0.3854067325592041,0.005944900680333376,0.630882740020752,0.37949618697166443,0.006354890298098326,0.5522575974464417,0.38458359241485596,0.005461564287543297,0.5583512783050537,0.38490596413612366,0.005461564287543297,0.5524998307228088,0.37723103165626526,0.005461564287543297,0.5460616946220398,0.38425377011299133,0.005461564287543297,0.5520195960998535,0.3918275535106659,0.005461564287543297,0.6132349371910095,0.386456698179245,0.0032069722656160593,0.6193891763687134,0.3867366313934326,0.0032069722656160593,0.613259494304657,0.37922579050064087,0.0032069722656160593,0.6071100831031799,0.38613107800483704,0.0032069722656160593,0.6132140159606934,0.3935941457748413,0.0032069722656160593
4133.33333333334,0.5823978781700134,0.4546383321285248,-0.016829460859298706,0.582028329372406,0.4315965175628662,-0.03226175531744957,0.5818294286727905,0.4402987062931061,-0.017300143837928772,0.5782123804092407,0.40348145365715027,-0.023994632065296173,0.5823107361793518,0.42248496413230896,-0.03430121764540672,0.5827212333679199,0.4111712872982025,-0.031858835369348526,0.5838169455528259,0.38478174805641174,-0.015495327301323414,0.5411605834960938,0.38471993803977966,0.009456955827772617,0.5847501754760742,0.3614133596420288,-0.01117816474288702,0.5852282643318176,0.3488450050354004,-0.012441578321158886,0.5870746970176697,0.30687958002090454,-0.006720239762216806,0.582248866558075,0.4588458240032196,-0.016088468953967094,0.5820493102073669,0.46321967244148254,-0.014252533204853535,0.5819079279899597,0.4660370349884033,-0.01180914044380188,0.5818639397621155,0.46596962213516235,-0.011336296796798706,0.5817960500717163,0.47070011496543884,-0.012530679814517498,0.5816378593444824,0.47634953260421753,-0.013983705081045628,0.5814074873924255,0.4821934700012207,-0.01345288660377264,0.5803626775741577,0.4887351393699646,-0.008233399130403996,0.5819602608680725,0.4363328814506531,-0.029226552695035934,0.5768899917602539,0.4358487129211426,-0.02104579098522663,0.5205005407333374,0.3489130139350891,0.03940232843160629,0.5574772357940674,0.3937895894050598,0.0023605693131685257,0.5512669682502747,0.3947022259235382,0.0031731855124235153,0.5456590056419373,0.39311298727989197,0.00521601689979434,0.5388044714927673,0.3863565921783447,0.010745968669652939,0.5629493594169617,0.3904550075531006,0.003094767453148961,0.5502734184265137,0.36219626665115356,0.000585487112402916,0.5571460127830505,0.3637147545814514,0.00035108381416648626,0.54373699426651,0.3637569844722748,0.0030674971640110016,0.5393548011779785,0.3678506314754486,0.005759344901889563,0.5339616537094116,0.3902694284915924,0.014182128943502903,0.5587390661239624,0.5030117034912109,-0.00018819711112882942,0.5395386815071106,0.3811480402946472,0.011768190190196037,0.5169950127601624,0.3870883882045746,0.041867878288030624,0.5277396440505981,0.38199877738952637,0.02068622037768364,0.5520325899124146,0.4237630367279053,-0.0032942015677690506,0.574242115020752,0.45246344804763794,-0.015856081619858742,0.5746778249740601,0.46267998218536377,-0.013056596741080284,0.5658628940582275,0.45562925934791565,-0.011854934506118298,0.5603383183479309,0.4588982164859772,-0.006761502008885145,0.5682372450828552,0.4627074599266052,-0.010160890407860279,0.5631402134895325,0.4631333649158478,-0.005503882188349962,0.5533254742622375,0.4709494113922119,0.002728421241044998,0.5772930383682251,0.43121153116226196,-0.03162432834506035,0.5769098997116089,0.4223959445953369,-0.03343706205487251,0.5311192870140076,0.3557151257991791,0.008731004782021046,0.5656371116638184,0.4042269289493561,-0.00405522994697094,0.5642960667610168,0.4280437231063843,-0.01671574078500271,0.5640929341316223,0.42359641194343567,-0.01491097453981638,0.5329481959342957,0.4220644533634186,0.005805893801152706,0.5775573253631592,0.4120006263256073,-0.029833229258656502,0.5447539687156677,0.3450345993041992,-0.0023014808539301157,0.5367458462715149,0.3484785556793213,0.0030408238526433706,0.5266730785369873,0.3321031928062439,0.027153220027685165,0.5711089968681335,0.35483473539352417,-0.008968683890998363,0.5629996061325073,0.3686016798019409,0.001833380782045424,0.5484898090362549,0.46223825216293335,0.004231628961861134,0.5234590768814087,0.4688665270805359,0.05782662704586983,0.5684677362442017,0.43316587805747986,-0.014723245985805988,0.5731474757194519,0.43611985445022583,-0.01519448310136795,0.5537480711936951,0.46403801441192627,0.003946046810597181,0.5553336143493652,0.4641268849372864,0.0022582602687180042,0.5335524082183838,0.3417845368385315,0.00595448212698102,0.5638655424118042,0.43146270513534546,-0.013431884348392487,0.5558401942253113,0.34621211886405945,-0.006525730714201927,0.5550987124443054,0.3385602831840515,-0.007840339094400406,0.5517479777336121,0.31037232279777527,0.0023448471911251545,0.5302806496620178,0.3390008807182312,0.014925630763173103,0.5544423460960388,0.32603567838668823,-0.0030980848241597414,0.5276598930358887,0.35112839937210083,0.013932733796536922,0.5239478349685669,0.35274672508239746,0.025692064315080643,0.5742834806442261,0.4579714834690094,-0.015048468485474586,0.5670312643051147,0.45941442251205444,-0.011210920289158821,0.5616919994354248,0.4610782563686371,-0.006591731682419777,0.5697509050369263,0.4347042143344879,-0.013286170549690723,0.5545538067817688,0.46409347653388977,0.003093457082286477,0.557722270488739,0.4665362238883972,-0.0009090827079489827,0.5562374591827393,0.46419650316238403,0.0020933281630277634,0.5712043642997742,0.4308707118034363,-0.022839142009615898,0.5642396211624146,0.46456724405288696,-0.0046840328723192215,0.5692429542541504,0.4648534655570984,-0.007972567342221737,0.5751810669898987,0.46541792154312134,-0.010691666975617409,0.5723248720169067,0.48802000284194946,-0.007466039154678583,0.5731321573257446,0.4810198247432709,-0.012500016950070858,0.5736833214759827,0.47520339488983154,-0.012900539673864841,0.574393630027771,0.46962058544158936,-0.011315803043544292,0.5751986503601074,0.4653642177581787,-0.010148255154490471,0.5642058849334717,0.4646398425102234,-0.004163021687418222,0.5629146695137024,0.46655744314193726,-0.005304725840687752,0.5614294409751892,0.46918484568595886,-0.006333779543638229,0.5602146983146667,0.47223392128944397,-0.005212703719735146,0.5556192994117737,0.45090821385383606,-0.004706026520580053,0.5170822143554688,0.42713069915771484,0.06707422435283661,0.5819142460823059,0.43833839893341064,-0.021463343873620033,0.5604726672172546,0.4644584357738495,-0.0003655212349258363,0.5591337084770203,0.46540048718452454,-0.0010276578832417727,0.5747379064559937,0.4394306540489197,-0.015507034957408905,0.5655779838562012,0.4362764358520508,-0.009152437560260296,0.5740242004394531,0.43783995509147644,-0.015471122227609158,0.5585942268371582,0.40876656770706177,-0.001759555540047586,0.547910749912262,0.4133462607860565,0.0005879959207959473,0.5628827810287476,0.4271657168865204,-0.011494195088744164,0.5365915298461914,0.3188464641571045,0.01410091295838356,0.539911150932312,0.32948869466781616,0.005439388565719128,0.5426969528198242,0.3374960422515869,-0.001392003963701427,0.5581672787666321,0.4777561128139496,-0.0009726990829221904,0.569786548614502,0.34227511286735535,-0.011332998052239418,0.5692518353462219,0.32639601826667786,-0.008213239721953869,0.5680078864097595,0.3069252371788025,-0.004768136888742447,0.5411496758460999,0.39053601026535034,0.008152518421411514,0.527587354183197,0.3955313563346863,0.017789101228117943,0.566659688949585,0.38740450143814087,0.003736762795597315,0.5335864424705505,0.3710763454437256,0.011715641245245934,0.5702238082885742,0.3986973762512207,-0.006315839476883411,0.5678442716598511,0.42526736855506897,-0.022661326453089714,0.5209394693374634,0.40244701504707336,0.024886928498744965,0.5313103795051575,0.4019334316253662,0.012115506455302238,0.5387283563613892,0.40542763471603394,0.006158589385449886,0.5499442219734192,0.40520375967025757,0.0031303486321121454,0.5584306716918945,0.4023891091346741,0.0012797106755897403,0.5650496482849121,0.39833325147628784,-0.000550349650438875,0.578296422958374,0.38692063093185425,-0.012953554280102253,0.5207765698432922,0.4199017584323883,0.023190444335341454,0.5290173888206482,0.36807405948638916,0.014829716645181179,0.5791383385658264,0.435891330242157,-0.02879396080970764,0.565990149974823,0.4118761122226715,-0.007016193587332964,0.515569269657135,0.38761022686958313,0.06232980266213417,0.5700595378875732,0.3935500979423523,-0.0016234366921707988,0.5622148513793945,0.4277792274951935,-0.005498821847140789,0.5367591977119446,0.38018202781677246,0.013182750903069973,0.5678834915161133,0.41986215114593506,-0.02039741538465023,0.5193774700164795,0.4480052590370178,0.06414381414651871,0.567236065864563,0.3841787278652191,0.005131416022777557,0.5726579427719116,0.41507211327552795,-0.026200581341981888,0.5349933505058289,0.48506879806518555,0.02429206669330597,0.5364622473716736,0.49595558643341064,0.035529330372810364,0.5168435573577881,0.423852801322937,0.04498014971613884,0.5273857116699219,0.4747875928878784,0.03236549347639084,0.5202450752258301,0.3689573109149933,0.0355011485517025,0.5581594109535217,0.5113848447799683,0.0031903227791190147,0.5797522664070129,0.43791478872299194,-0.021008912473917007,0.5600718259811401,0.4176420569419861,-0.004730351269245148,0.5226768255233765,0.38338059186935425,0.026907043531537056,0.5462583303451538,0.3897240459918976,0.005404981784522533,0.5513134598731995,0.3909789025783539,0.003717031329870224,0.5564851760864258,0.46792224049568176,0.0001566653372719884,0.52134770154953,0.43733736872673035,0.024827158078551292,0.56846684217453,0.5223461389541626,0.004227020777761936,0.5526036620140076,0.5127701163291931,0.01790637895464897,0.5454022288322449,0.5060461163520813,0.025728344917297363,0.5860850214958191,0.32759812474250793,-0.010153082199394703,0.5794808268547058,0.5240118503570557,0.0019311298383399844,0.5566703677177429,0.3900071382522583,0.0033010016195476055,0.5618321299552917,0.3875263035297394,0.004029000177979469,0.5653162598609924,0.38567081093788147,0.0051974025554955006,0.524814784526825,0.36573874950408936,0.021054094657301903,0.5617677569389343,0.377494215965271,0.002867027884349227,0.5563780069351196,0.375023752450943,0.0021177756134420633,0.5512194037437439,0.3746042251586914,0.0026034661568701267,0.5461623072624207,0.37583690881729126,0.004431664012372494,0.5429136157035828,0.37781623005867004,0.006551347207278013,0.5170995593070984,0.36647218465805054,0.05228881537914276,0.5430867671966553,0.38729700446128845,0.007610918954014778,0.5816622972488403,0.4463895857334137,-0.015712330117821693,0.5622857213020325,0.4473060965538025,-0.008638021536171436,0.56846022605896,0.43192240595817566,-0.016819367185235023,0.573670506477356,0.44609448313713074,-0.014892063103616238,0.5842829942703247,0.3735058307647705,-0.0112037044018507,0.5433156490325928,0.4955350160598755,0.01778442971408367,0.5506876707077026,0.5035083293914795,0.010829201899468899,0.5677490234375,0.5167828798294067,-0.003437212435528636,0.5294578075408936,0.48467200994491577,0.0473736897110939,0.5655859112739563,0.3813638389110565,0.0042645917274057865,0.5740374326705933,0.40020447969436646,-0.014882673509418964,0.5794068574905396,0.5181928277015686,-0.005411121994256973,0.559928297996521,0.5183931589126587,0.009811291471123695,0.5186694264411926,0.4428921639919281,0.04375811293721199,0.5692362189292908,0.4648614823818207,-0.0074223666451871395,0.56793212890625,0.46813690662384033,-0.008658229373395443,0.5668090581893921,0.47233477234840393,-0.00988046545535326,0.5659482479095459,0.47737836837768555,-0.009126480668783188,0.5643830299377441,0.4837084412574768,-0.00478639779612422,0.5590307712554932,0.4635395407676697,-0.00121084856800735,0.557591438293457,0.46261048316955566,-0.001093500410206616,0.5564034581184387,0.46155980229377747,-0.0011390066938474774,0.5504487156867981,0.45567938685417175,-4.170284228166565e-05,0.5277368426322937,0.44083309173583984,0.01208129245787859,0.5744263529777527,0.39219677448272705,-0.009207603521645069,0.5712014436721802,0.3749554753303528,0.0006835940293967724,0.5678847432136536,0.37706926465034485,0.0032234354875981808,0.5605037212371826,0.46436938643455505,-0.0007724007009528577,0.5281854867935181,0.4615658223628998,0.020904311910271645,0.576516330242157,0.37357285618782043,-0.007134516257792711,0.5612438917160034,0.4934860169887543,-0.0022369667422026396,0.5830910205841064,0.4022771418094635,-0.02621428295969963,0.5781957507133484,0.3957185745239258,-0.019081154838204384,0.5834352970123291,0.39400970935821533,-0.020672231912612915,0.5695803165435791,0.41315361857414246,-0.014987627044320107,0.579616367816925,0.5099913477897644,-0.008573236875236034,0.5799756646156311,0.4990474581718445,-0.008537166751921177,0.5701665282249451,0.49825385212898254,-0.006896026898175478,0.5487938523292542,0.4765528738498688,0.005890787113457918,0.5567399859428406,0.43419480323791504,-0.0035550128668546677,0.5546753406524658,0.4863083064556122,0.0021477879490703344,0.5410908460617065,0.432888001203537,-0.0005043759010732174,0.5499132871627808,0.4418380856513977,-0.0017989763291552663,0.53558349609375,0.44607749581336975,0.0045026326552033424,0.5682145953178406,0.5088387727737427,-0.0064825271256268024,0.5659986138343811,0.4178444445133209,-0.010718697682023048,0.544468343257904,0.4847531318664551,0.01125119999051094,0.5518267750740051,0.49435552954673767,0.0062100645154714584,0.5434104800224304,0.4656136631965637,0.006768767721951008,0.5230570435523987,0.4520602524280548,0.02662234753370285,0.5362120866775513,0.46911823749542236,0.012651937082409859,0.5217341184616089,0.4600612223148346,0.04092002287507057,0.5442984700202942,0.4510239362716675,0.0015136472648009658,0.5702194571495056,0.4060162901878357,-0.010596129111945629,0.5694531202316284,0.4292333722114563,-0.023991579189896584,0.5659595131874084,0.4309759736061096,-0.017482100054621696,0.5721442103385925,0.42352405190467834,-0.028106436133384705,0.5664624571800232,0.36436766386032104,-0.0009406799799762666,0.5566427707672119,0.3570858836174011,-0.0013105402467772365,0.5480772256851196,0.355751097202301,-0.0002997842966578901,0.5410201549530029,0.35806143283843994,0.002705170540139079,0.5359761714935303,0.36288097500801086,0.006774453446269035,0.5328274369239807,0.3810069262981415,0.015996476635336876,0.5161027908325195,0.4054286479949951,0.043844666332006454,0.5368801355361938,0.39462554454803467,0.010812822729349136,0.5426501035690308,0.39782944321632385,0.007013761438429356,0.5503970980644226,0.3991104066371918,0.004192747641354799,0.5580630302429199,0.3975602090358734,0.0023643437307327986,0.5642736554145813,0.39407724142074585,0.00219730450771749,0.5685597658157349,0.3907000720500946,0.0014955458464100957,0.5159987211227417,0.407315194606781,0.06680990755558014,0.5660138130187988,0.4329841136932373,-0.01452336460351944,0.5736963748931885,0.407450407743454,-0.019733930006623268,0.57345050573349,0.42989733815193176,-0.02867761254310608,0.5764614343643188,0.43440699577331543,-0.02637164480984211,0.5734469890594482,0.4314311146736145,-0.02580922283232212,0.5674257278442383,0.43544429540634155,-0.01251970138400793,0.5774094462394714,0.43522825837135315,-0.027960114181041718,0.5780651569366455,0.4372362196445465,-0.021000957116484642,0.569168210029602,0.3839000165462494,0.004155319184064865,0.5719557404518127,0.3853566348552704,0.0005224975757300854,0.57384192943573,0.38639476895332336,-0.00350650935433805,0.5410425066947937,0.3794248104095459,0.008866216987371445,0.5367016196250916,0.3729284405708313,0.009438535198569298,0.587918758392334,0.4038529694080353,-0.024379149079322815,0.6261635422706604,0.3889322578907013,0.0068279714323580265,0.5872411727905273,0.4361909031867981,-0.021339448168873787,0.6515477895736694,0.3549607992172241,0.03539475426077843,0.6096088886260986,0.39621713757514954,0.0006258924258872867,0.6157755851745605,0.3971855342388153,0.0011310040717944503,0.6215198636054993,0.39630022644996643,0.002867545001208782,0.6287621259689331,0.3915960490703583,0.007954118773341179,0.604233980178833,0.39325153827667236,0.0016997173661366105,0.618614137172699,0.3685375452041626,-0.0016367863863706589,0.6117268800735474,0.36945247650146484,-0.0014577214606106281,0.6251057982444763,0.3702844977378845,0.000557978346478194,0.6292195320129395,0.3742333948612213,0.003045485820621252,0.633983314037323,0.39627334475517273,0.011243431828916073,0.6013163328170776,0.5048770308494568,-0.001452741795219481,0.6281245350837708,0.38649797439575195,0.009013939648866653,0.651807427406311,0.3932318687438965,0.03795859217643738,0.6409086585044861,0.3894346058368683,0.017406228929758072,0.613287627696991,0.42639315128326416,-0.005136869847774506,0.5905166864395142,0.45290523767471313,-0.016409382224082947,0.5893226265907288,0.4631201922893524,-0.0136059345677495,0.5985081791877747,0.4564608633518219,-0.012987075373530388,0.6035420894622803,0.4600929319858551,-0.00828609149903059,0.5955612659454346,0.46350783109664917,-0.011210737749934196,0.6004239320755005,0.46425291895866394,-0.006849169731140137,0.6091174483299255,0.4731384515762329,0.0008301860652863979,0.586840808391571,0.43157708644866943,-0.03184180334210396,0.587663471698761,0.4227713644504547,-0.03372392803430557,0.6393206715583801,0.3631261885166168,0.005573073867708445,0.6011136174201965,0.4056788980960846,-0.005227625370025635,0.6004108786582947,0.42937806248664856,-0.017818471416831017,0.600924015045166,0.4249676764011383,-0.016072656959295273,0.632569432258606,0.4264644682407379,0.002900840248912573,0.5878412127494812,0.41233906149864197,-0.03021179512143135,0.6253393888473511,0.35220521688461304,-0.004504771437495947,0.6337125897407532,0.3556809723377228,0.00028470411780290306,0.6465413570404053,0.3375624418258667,0.02354210428893566,0.5975441336631775,0.36050960421562195,-0.009725894778966904,0.6055765151977539,0.37340542674064636,0.0003309663734398782,0.614555835723877,0.4648113548755646,0.0020191497169435024,0.6402643918991089,0.47379130125045776,0.05414267256855965,0.595994234085083,0.43415698409080505,-0.015501083806157112,0.5911082029342651,0.43676304817199707,-0.015586316585540771,0.6094061136245728,0.46580952405929565,0.0019973868038505316,0.6078338027000427,0.4657875597476959,0.0004963896353729069,0.6375488638877869,0.3492621183395386,0.0030477396212518215,0.6006563305854797,0.432849258184433,-0.014517118223011494,0.6136093139648438,0.35320615768432617,-0.008075053803622723,0.6147779822349548,0.34539321064949036,-0.009408392943441868,0.6223928928375244,0.3134560286998749,0.00020129760378040373,0.6420043706893921,0.3442150056362152,0.011825701221823692,0.6180199980735779,0.3289700150489807,-0.0048299869522452354,0.643197238445282,0.35913288593292236,0.010595962405204773,0.6474916934967041,0.35859113931655884,0.022116510197520256,0.5901027917861938,0.45843958854675293,-0.01562737673521042,0.5970555543899536,0.46027153730392456,-0.012324156239628792,0.6020447015762329,0.4622204899787903,-0.008044800721108913,0.5945603251457214,0.4355901777744293,-0.01392735168337822,0.6085999011993408,0.4658087491989136,0.001253654481843114,0.6053506135940552,0.46806201338768005,-0.0025040660984814167,0.6069279909133911,0.4658001661300659,0.00039029240724630654,0.5932806134223938,0.43166598677635193,-0.02356877736747265,0.5991443395614624,0.46561864018440247,-0.005951761733740568,0.594307005405426,0.46560555696487427,-0.00895486120134592,0.5885500907897949,0.4658503830432892,-0.011262123472988605,0.5885989665985107,0.48872292041778564,-0.008003820665180683,0.589567244052887,0.48158925771713257,-0.013089774176478386,0.5893935561180115,0.47571688890457153,-0.013530406169593334,0.5890236496925354,0.47009459137916565,-0.011940568685531616,0.5884479284286499,0.4657756984233856,-0.010734776966273785,0.599090039730072,0.46570590138435364,-0.0054321568459272385,0.6003141403198242,0.46777045726776123,-0.00656874617561698,0.6016398668289185,0.4705219268798828,-0.007638401817530394,0.6026372313499451,0.473667711019516,-0.006582132074981928,0.6078354716300964,0.45298531651496887,-0.006401597522199154,0.6495000123977661,0.4330333471298218,0.06299794465303421,0.6027225852012634,0.4657836854457855,-0.0019112004665657878,0.6040205359458923,0.4668310880661011,-0.0025865884963423014,0.5892464518547058,0.44001537561416626,-0.015922456979751587,0.5987071990966797,0.4375583529472351,-0.010041819885373116,0.5900996923446655,0.43846872448921204,-0.015855923295021057,0.6078205108642578,0.4108676314353943,-0.003303751815110445,0.6181938648223877,0.4164491295814514,-0.0015178568428382277,0.6019773483276367,0.42868781089782715,-0.012681492604315281,0.637372612953186,0.32334980368614197,0.011118465103209019,0.6327835917472839,0.33385059237480164,0.002917463192716241,0.6278290152549744,0.34448879957199097,-0.0037321136333048344,0.6036930680274963,0.47956782579421997,-0.0025332137010991573,0.5996676087379456,0.34822091460227966,-0.012116276659071445,0.6029775142669678,0.32792526483535767,-0.009111829102039337,0.6061431765556335,0.30853545665740967,-0.005864040460437536,0.6261141300201416,0.39473503828048706,0.005539550445973873,0.640293300151825,0.40214085578918457,0.014519711025059223,0.6006287932395935,0.390519380569458,0.0024977584835141897,0.635366678237915,0.3777097165584564,0.00868869200348854,0.5968777537345886,0.39976340532302856,-0.00724357133731246,0.5969036817550659,0.42633509635925293,-0.023534445092082024,0.6463775634765625,0.4080639183521271,0.0212414488196373,0.6361634731292725,0.4077800214290619,0.00903383456170559,0.6284856796264648,0.41021063923835754,0.0034524225629866123,0.6170201301574707,0.4087909460067749,0.0010305165778845549,0.6084527373313904,0.40522301197052,-0.00034785905154421926,0.6018524169921875,0.4007755517959595,-0.0017586024478077888,0.5892879366874695,0.3873426020145416,-0.013356026262044907,0.6452212333679199,0.4254628121852875,0.01950232870876789,0.6404039859771729,0.37570083141326904,0.011549782007932663,0.584805965423584,0.43608927726745605,-0.028976913541555405,0.600087583065033,0.41323357820510864,-0.008149982430040836,0.6536914706230164,0.3938193619251251,0.058096643537282944,0.5969544649124146,0.39565348625183105,-0.0025758896954357624,0.6027339100837708,0.42939579486846924,-0.006736466195434332,0.6312216520309448,0.3861258924007416,0.01034519448876381,0.5972713828086853,0.420929491519928,-0.021290302276611328,0.6457897424697876,0.4535311460494995,0.060316380113363266,0.600304901599884,0.38756996393203735,0.0038643802981823683,0.5926295518875122,0.41577041149139404,-0.026867754757404327,0.6269285678863525,0.4890345335006714,0.02149060182273388,0.6251504421234131,0.49969160556793213,0.03271528705954552,0.6492189168930054,0.42974457144737244,0.04099664464592934,0.6352319121360779,0.4793813228607178,0.029078299179673195,0.6498792171478271,0.37496742606163025,0.031740136444568634,0.6013656258583069,0.5133235454559326,0.0018427661852911115,0.5841275453567505,0.43806618452072144,-0.021126028150320053,0.6056198477745056,0.41953426599502563,-0.006155421491712332,0.6458825469017029,0.39151978492736816,0.023311113938689232,0.6208671927452087,0.3922240436077118,0.0031163813546299934,0.6158610582351685,0.3930630087852478,0.0016587288118898869,0.606523334980011,0.4695538580417633,-0.001532639842480421,0.6435300707817078,0.44274476170539856,0.021184902638196945,0.5905557870864868,0.5232819318771362,0.003462847089394927,0.6075376868247986,0.5150501132011414,0.016004880890250206,0.6154314279556274,0.5089937448501587,0.023397190496325493,0.6106253266334534,0.39219820499420166,0.001548072206787765,0.6055631041526794,0.3901892602443695,0.0025308995973318815,0.6021613478660583,0.38880831003189087,0.003851058427244425,0.6448256373405457,0.37387582659721375,0.01752978004515171,0.6062363386154175,0.3822135329246521,0.001277741277590394,0.6116035580635071,0.38059547543525696,0.0002641281171236187,0.6166859865188599,0.3806530237197876,0.000462941883597523,0.6216112375259399,0.38194119930267334,0.0020073980558663607,0.6247255802154541,0.38369622826576233,0.003980137407779694,0.6536216139793396,0.37272167205810547,0.04815627634525299,0.6240401268005371,0.3906221389770508,0.005117672961205244,0.6013587117195129,0.44882839918136597,-0.009873808361589909,0.5960540771484375,0.4329315721988678,-0.017584050074219704,0.5898981690406799,0.4467489719390869,-0.015417714603245258,0.6178202629089355,0.4988274574279785,0.015512941405177116,0.6096495389938354,0.5061708688735962,0.009014550596475601,0.5912084579467773,0.5178261995315552,-0.004202360287308693,0.6330839395523071,0.48897066712379456,0.044061001390218735,0.602165162563324,0.3852165639400482,0.00285028712823987,0.5926080346107483,0.4009234309196472,-0.015529247932136059,0.5995094180107117,0.5200133323669434,0.008386554196476936,0.6460548043251038,0.4484827518463135,0.039949238300323486,0.5942478179931641,0.46561285853385925,-0.00839979387819767,0.595356285572052,0.4690091907978058,-0.009658226743340492,0.596243679523468,0.47329840064048767,-0.010961657389998436,0.5968443751335144,0.47841858863830566,-0.01023595966398716,0.5969098210334778,0.4849702715873718,-0.005948330275714397,0.6043264269828796,0.4649336040019989,-0.002811310812830925,0.6057929396629333,0.4640697240829468,-0.002815822372213006,0.6070881485939026,0.46306005120277405,-0.002930302172899246,0.6128279566764832,0.4581317901611328,-0.002120245946571231,0.6365854144096375,0.4455973505973816,0.008933208882808685,0.5929540991783142,0.3929503858089447,-0.009880789555609226,0.5967393517494202,0.3785321116447449,-0.0001839811448007822,0.6000086069107056,0.3809368312358856,0.0019806346390396357,0.6027808785438538,0.46568697690963745,-0.002321279840543866,0.6351137161254883,0.46611160039901733,0.01776316948235035,0.5914232134819031,0.3766770362854004,-0.0076559605076909065,0.5993906855583191,0.49506568908691406,-0.0034604042302817106,0.5886014103889465,0.3960990905761719,-0.019439727067947388,0.5961806178092957,0.4142017662525177,-0.015837060287594795,0.5899548530578613,0.49909350275993347,-0.007489449344575405,0.6132813096046448,0.47923916578292847,0.003778039710596204,0.6078794598579407,0.43629539012908936,-0.005127729382365942,0.6066529750823975,0.48846858739852905,0.00046245442354120314,0.6235898733139038,0.4364783465862274,-0.0028516496531665325,0.6143001914024353,0.44458675384521484,-0.003751190146431327,0.6284039616584778,0.45013198256492615,0.0017930365866050124,0.5911880135536194,0.5098686218261719,-0.007242392748594284,0.5995903611183167,0.4191219210624695,-0.011782313697040081,0.61726313829422,0.4878823459148407,0.0090032322332263,0.6090100407600403,0.4968166947364807,0.004462975077331066,0.6193598508834839,0.4687780439853668,0.004286537412554026,0.6409806609153748,0.45715436339378357,0.023177945986390114,0.6264822483062744,0.47297346591949463,0.009945944882929325,0.6418999433517456,0.46519747376441956,0.03723207488656044,0.6194197535514832,0.4542348086833954,-0.0008237881702370942,0.5961442589759827,0.4070453941822052,-0.011495093815028667,0.5950953960418701,0.43016988039016724,-0.024765383452177048,0.5985732078552246,0.43218478560447693,-0.018410155549645424,0.5925474166870117,0.4242648482322693,-0.028713883832097054,0.6019962430000305,0.36941519379615784,-0.002097169402986765,0.6123398542404175,0.36322158575057983,-0.0029408482369035482,0.6212141513824463,0.36229848861694336,-0.0024274575989693403,0.6284374594688416,0.3645919859409332,0.0001476297329645604,0.633341372013092,0.3695283532142639,0.003927978686988354,0.6354938745498657,0.3875042200088501,0.012990615330636501,0.6512854695320129,0.4115104675292969,0.03978278115391731,0.6306565403938293,0.39994415640830994,0.007985793985426426,0.6246153712272644,0.4020228683948517,0.004546458832919598,0.6166557669639587,0.40229135751724243,0.002130389679223299,0.60892653465271,0.4002479314804077,0.0006931594107300043,0.6027294993400574,0.39676451683044434,0.0009195340680889785,0.5985304713249207,0.39327096939086914,0.000430806539952755,0.6519943475723267,0.4133913516998291,0.06256414949893951,0.598388671875,0.43415671586990356,-0.015443324111402035,0.5922783613204956,0.40814530849456787,-0.02041086181998253,0.5908855199813843,0.43052467703819275,-0.02916782908141613,0.5876956582069397,0.43481507897377014,-0.02663959003984928,0.590929388999939,0.43209508061408997,-0.02630213275551796,0.5968546867370605,0.4365159571170807,-0.013305527158081532,0.5866177678108215,0.43555715680122375,-0.028181081637740135,0.5858935117721558,0.4374774098396301,-0.021215690299868584,0.5983241200447083,0.3872372508049011,0.0030852421186864376,0.5953863859176636,0.38798701763153076,-0.00032041181111708283,0.5934436917304993,0.3885139524936676,-0.004185803234577179,0.6265888214111328,0.3850772976875305,0.006195439025759697,0.6316898465156555,0.3791494369506836,0.006626370828598738,0.5532894134521484,0.38404226303100586,0.005457437131553888,0.5593834519386292,0.3844100534915924,0.005457437131553888,0.5535134077072144,0.37673845887184143,0.005457437131553888,0.5470759868621826,0.38367706537246704,0.005457437131553888,0.5530654191970825,0.39124229550361633,0.005457437131553888,0.6138404607772827,0.385994553565979,0.0034104485530406237,0.6199699640274048,0.3862854242324829,0.0034104485530406237,0.6138718128204346,0.3788207471370697,0.0034104485530406237,0.6077437996864319,0.38564595580101013,0.0034104485530406237,0.6138144135475159,0.39307427406311035,0.0034104485530406237
4166.666666666673,0.5832746624946594,0.45511969923973083,-0.016909316182136536,0.5829825401306152,0.4316587746143341,-0.032272882759571075,0.5828012824058533,0.44039666652679443,-0.017328636720776558,0.579070508480072,0.4035146236419678,-0.023951860144734383,0.583245038986206,0.42253297567367554,-0.03430252894759178,0.5836287140846252,0.4112047851085663,-0.03183988481760025,0.5846521854400635,0.38475728034973145,-0.015394872054457664,0.5416707396507263,0.38483360409736633,0.009560187347233295,0.5855482220649719,0.3611256182193756,-0.011027982458472252,0.5860123634338379,0.34850290417671204,-0.012271372601389885,0.5877817869186401,0.3067232370376587,-0.006485866382718086,0.5831357836723328,0.45929837226867676,-0.01616959273815155,0.5829614996910095,0.4635818302631378,-0.014329810626804829,0.5828518271446228,0.4663192629814148,-0.011884991079568863,0.5828136205673218,0.466185599565506,-0.011456942185759544,0.5827435255050659,0.47089317440986633,-0.012651900760829449,0.5825872421264648,0.4764806926250458,-0.014110943302512169,0.5823734998703003,0.4822487533092499,-0.01358813513070345,0.5814801454544067,0.4888187646865845,-0.008384190499782562,0.5829285979270935,0.4364088177680969,-0.029240233823657036,0.577843964099884,0.43597468733787537,-0.02105713076889515,0.5211835503578186,0.34890472888946533,0.03961106017231941,0.558068573474884,0.3940325677394867,0.002432638080790639,0.5518600940704346,0.3949158489704132,0.003255631774663925,0.5462437868118286,0.3932930827140808,0.005307693034410477,0.5393133759498596,0.3864918053150177,0.010850870050489902,0.5635267496109009,0.39071670174598694,0.003180415602400899,0.5509516000747681,0.36211225390434265,0.0006946090725250542,0.5578564405441284,0.36369287967681885,0.00045509974006563425,0.5443413257598877,0.36366918683052063,0.0031849031802266836,0.5398885011672974,0.3677942752838135,0.005875076167285442,0.5345423817634583,0.39042767882347107,0.014288870617747307,0.559779942035675,0.5030949115753174,-0.00034633156610652804,0.54004967212677,0.3812267482280731,0.011881868354976177,0.5176082253456116,0.3871264159679413,0.04201466590166092,0.5282954573631287,0.3821709156036377,0.020814334973692894,0.5528135299682617,0.42391058802604675,-0.00328981620259583,0.5750899910926819,0.4528957009315491,-0.015928348526358604,0.5755859017372131,0.46299880743026733,-0.013129795901477337,0.5668076872825623,0.45592615008354187,-0.01192962285131216,0.5613414645195007,0.4590607285499573,-0.006856424733996391,0.5691729187965393,0.4629095792770386,-0.010242843069136143,0.5640987753868103,0.4632178246974945,-0.005605708807706833,0.5543290972709656,0.47121551632881165,0.002581741428002715,0.5782284736633301,0.43130242824554443,-0.03163401409983635,0.5778157711029053,0.4224710464477539,-0.03343505784869194,0.5317530035972595,0.35585886240005493,0.008903025649487972,0.5664160847663879,0.40429747104644775,-0.00400062371045351,0.5651577115058899,0.42823007702827454,-0.016713349148631096,0.5649296045303345,0.42376580834388733,-0.014904875308275223,0.5336636304855347,0.4222484230995178,0.005842558108270168,0.5784389972686768,0.4120556116104126,-0.029811233282089233,0.5455344915390015,0.3451997637748718,-0.002115085255354643,0.537451982498169,0.3486255705356598,0.003239833517000079,0.5273377895355225,0.3320639729499817,0.027378391474485397,0.5719515085220337,0.3549858331680298,-0.008815485052764416,0.5636938214302063,0.3686729669570923,0.0019276925595477223,0.5494605898857117,0.4625568389892578,0.0041109188459813595,0.5241161584854126,0.4689294099807739,0.05781795457005501,0.5693742632865906,0.43335944414138794,-0.014736123383045197,0.5740818381309509,0.43628352880477905,-0.015202070586383343,0.5547258853912354,0.46395373344421387,0.0038070296868681908,0.5563405156135559,0.4640614688396454,0.0021101459860801697,0.5342675447463989,0.34199297428131104,0.006159154698252678,0.5647390484809875,0.4316664934158325,-0.013435084372758865,0.5566709637641907,0.34639233350753784,-0.006358633749186993,0.5559411644935608,0.3387790322303772,-0.007661913521587849,0.5523920655250549,0.31028443574905396,0.002574275014922023,0.530920147895813,0.33886122703552246,0.015135991387069225,0.5550844073295593,0.3258519768714905,-0.002896520309150219,0.5282873511314392,0.3513199985027313,0.014115271158516407,0.5246099829673767,0.352653443813324,0.02588672749698162,0.5751510262489319,0.45837053656578064,-0.015123585239052773,0.5679681301116943,0.45966896414756775,-0.011291373521089554,0.5626720786094666,0.46120306849479675,-0.006691580172628164,0.5706706047058105,0.43489372730255127,-0.013289252296090126,0.5555471181869507,0.4640219211578369,0.0029509563464671373,0.5587084889411926,0.466464638710022,-0.001067437115125358,0.5572533011436462,0.4641377329826355,0.0019465894438326359,0.5721133351325989,0.43103137612342834,-0.02284146100282669,0.5651952028274536,0.46462368965148926,-0.004787071608006954,0.5701904296875,0.4650183618068695,-0.008057531900703907,0.5761257410049438,0.465676486492157,-0.010765078477561474,0.5734153389930725,0.48812592029571533,-0.007613943889737129,0.5740926861763,0.4810742735862732,-0.012631330639123917,0.5746182799339294,0.4753221273422241,-0.013022168539464474,0.575322151184082,0.46980011463165283,-0.011435198597609997,0.5761279463768005,0.4655408561229706,-0.010264096781611443,0.5651721358299255,0.4646465480327606,-0.004299877677112818,0.563883364200592,0.46655187010765076,-0.00544759863987565,0.5624063611030579,0.4691494107246399,-0.006487295497208834,0.5611996650695801,0.4721614718437195,-0.0053733233362436295,0.556551456451416,0.45115146040916443,-0.00478689931333065,0.5176841020584106,0.42715713381767273,0.06716472655534744,0.5828893184661865,0.4384205937385559,-0.021479984745383263,0.561460018157959,0.46442851424217224,-0.000516070518642664,0.5601178407669067,0.46535682678222656,-0.0011835529003292322,0.5756871104240417,0.43958115577697754,-0.015533818863332272,0.5664750337600708,0.43648719787597656,-0.00916962418705225,0.5749667882919312,0.4379965662956238,-0.015484166331589222,0.5593550801277161,0.4088697135448456,-0.0017100267577916384,0.5486539602279663,0.4134836494922638,0.0006447919295169413,0.5637273192405701,0.42735037207603455,-0.011493452824652195,0.5372301340103149,0.3187813460826874,0.014330350793898106,0.5405322313308716,0.32931166887283325,0.005648218095302582,0.5434945225715637,0.33770981431007385,-0.0012048110365867615,0.5591978430747986,0.47795164585113525,-0.0011317430762574077,0.5706253051757812,0.34242385625839233,-0.0111619271337986,0.5699421763420105,0.3262319266796112,-0.00801796279847622,0.5686764717102051,0.30681687593460083,-0.004540902096778154,0.5416938066482544,0.39069780707359314,0.008253204636275768,0.528211236000061,0.3956654965877533,0.017888255417346954,0.5672420263290405,0.38766202330589294,0.003827701322734356,0.5340941548347473,0.37115293741226196,0.011842554435133934,0.5710113644599915,0.39873966574668884,-0.006250433623790741,0.5687099099159241,0.4254187345504761,-0.022657446563243866,0.521559476852417,0.40256187319755554,0.024984652176499367,0.531981348991394,0.4021168649196625,0.012190387584269047,0.5394793152809143,0.40562552213668823,0.00621475325897336,0.5507289171218872,0.40541064739227295,0.0031963565852493048,0.5592228174209595,0.4026033580303192,0.0013431011466309428,0.565854549407959,0.39852598309516907,-0.0004789163067471236,0.5791101455688477,0.38691258430480957,-0.012855070643126965,0.5214092135429382,0.4200659692287445,0.02325086109340191,0.5295783877372742,0.3682205379009247,0.014969210140407085,0.5800937414169312,0.4359845519065857,-0.028806567192077637,0.5667948722839355,0.4119705855846405,-0.006992029957473278,0.5162011981010437,0.3876253366470337,0.06248721480369568,0.570866584777832,0.39369112253189087,-0.0015427879989147186,0.5630531311035156,0.42796844244003296,-0.005507961381226778,0.5372357368469238,0.38028475642204285,0.013298863545060158,0.5687233805656433,0.4199897050857544,-0.020386286079883575,0.5199813842773438,0.44804495573043823,0.06418779492378235,0.5678129196166992,0.38440942764282227,0.0052248029969632626,0.573513388633728,0.41515403985977173,-0.026182662695646286,0.5358065962791443,0.48520350456237793,0.024187302216887474,0.53728187084198,0.4960130751132965,0.03541635349392891,0.5174329280853271,0.4239475131034851,0.04506372660398483,0.5281200408935547,0.4749293625354767,0.03230702504515648,0.5208898782730103,0.3689417243003845,0.03567811846733093,0.5592039227485657,0.5114462971687317,0.003032035194337368,0.5807191133499146,0.43801331520080566,-0.021024830639362335,0.560864269733429,0.41777148842811584,-0.004715398419648409,0.5232373476028442,0.38348114490509033,0.027038266882300377,0.5467840433120728,0.3898948132991791,0.005497765727341175,0.5518561601638794,0.3911852538585663,0.003806489985436201,0.5574774742126465,0.4678232669830322,-8.711546684025961e-07,0.5220082402229309,0.4375079572200775,0.024852046743035316,0.5695929527282715,0.5224146842956543,0.004031166434288025,0.5536064505577087,0.5127981901168823,0.017741380259394646,0.5463260412216187,0.5060809850692749,0.025582587346434593,0.5868334174156189,0.32740163803100586,-0.009959925897419453,0.580665647983551,0.5240801572799683,0.001724576810374856,0.5572183132171631,0.390253484249115,0.0033921331632882357,0.5623586773872375,0.38780197501182556,0.004122813232243061,0.5658625364303589,0.38594478368759155,0.005296004470437765,0.5253689885139465,0.3659071624279022,0.02120686136186123,0.5624194741249084,0.3775610625743866,0.002958941739052534,0.5570846199989319,0.37497296929359436,0.0022218190133571625,0.5519047379493713,0.3744795322418213,0.002711205743253231,0.5467806458473206,0.37570279836654663,0.004543010611087084,0.5434848070144653,0.37773963809013367,0.0066584134474396706,0.517761766910553,0.3664849102497101,0.05247678607702255,0.5435975193977356,0.3874324858188629,0.0077105555683374405,0.5826531648635864,0.4464813470840454,-0.015760712325572968,0.5632023811340332,0.44751906394958496,-0.008697109296917915,0.5693636536598206,0.4321118891239166,-0.016821330413222313,0.5746392011642456,0.4462399482727051,-0.014939585700631142,0.5850923657417297,0.3733735680580139,-0.01108274981379509,0.5442132949829102,0.49564051628112793,0.017650537192821503,0.5516649484634399,0.5035762786865234,0.010681268759071827,0.5688483119010925,0.5168501138687134,-0.0036045073065906763,0.5301896929740906,0.4847402274608612,0.04731734097003937,0.5661874413490295,0.3815365135669708,0.004360261373221874,0.5748586058616638,0.4002406597137451,-0.0148283950984478,0.5805615186691284,0.5182479619979858,-0.005589504726231098,0.560996413230896,0.5184361338615417,0.009627907536923885,0.519277036190033,0.4430049657821655,0.043799128383398056,0.5701737403869629,0.464952290058136,-0.00754542788490653,0.5688747763633728,0.4682210683822632,-0.00878694374114275,0.5677675604820251,0.47237759828567505,-0.010023304261267185,0.5669199228286743,0.47737711668014526,-0.009279933758080006,0.5654448866844177,0.48385271430015564,-0.004943553823977709,0.5600347518920898,0.46353626251220703,-0.0013330905931070447,0.5586155652999878,0.4626244008541107,-0.0012159650214016438,0.5574417114257812,0.4615859389305115,-0.001258523785509169,0.5514057874679565,0.4559673070907593,-0.00014402360829990357,0.5284603238105774,0.4410228729248047,0.01208400633186102,0.5752266645431519,0.39221063256263733,-0.009123356081545353,0.5718940496444702,0.3751154839992523,0.0007809427916072309,0.5685197710990906,0.37723785638809204,0.0033253005240112543,0.561505913734436,0.4643609821796417,-0.0008988029439933598,0.5289425849914551,0.46174368262290955,0.020859157666563988,0.5773401260375977,0.3736611604690552,-0.007027572486549616,0.5622854828834534,0.4935983717441559,-0.002397025702521205,0.583973228931427,0.40229567885398865,-0.026171786710619926,0.5790310502052307,0.3957373797893524,-0.019010154530405998,0.584294319152832,0.3940122425556183,-0.020601732656359673,0.5704068541526794,0.4132407307624817,-0.014964316040277481,0.5807601809501648,0.5100452899932861,-0.008743738755583763,0.5811032652854919,0.499114990234375,-0.008694106712937355,0.5712577104568481,0.4983418583869934,-0.0070500560104846954,0.5497366786003113,0.47677046060562134,0.00575408386066556,0.5575728416442871,0.4343900978565216,-0.0035748628433793783,0.5556656122207642,0.48646628856658936,0.0019905492663383484,0.5418708920478821,0.433064728975296,-0.000516995438374579,0.550757646560669,0.44204017519950867,-0.0018508307402953506,0.536376416683197,0.4462754726409912,0.004456726834177971,0.5693086385726929,0.5089102983474731,-0.006642434746026993,0.5668200254440308,0.4179685711860657,-0.01070455089211464,0.5453778505325317,0.48491448163986206,0.011118460446596146,0.5528045296669006,0.4944661259651184,0.00605911435559392,0.5443100333213806,0.46587005257606506,0.006665828637778759,0.5237484574317932,0.45222926139831543,0.026612741872668266,0.5370436310768127,0.46931853890419006,0.012558680959045887,0.5223858952522278,0.46018993854522705,0.04091772064566612,0.5451817512512207,0.45126959681510925,0.0014478215016424656,0.5710301399230957,0.40607917308807373,-0.010557645931839943,0.5703455209732056,0.4293975830078125,-0.023991692811250687,0.5668445229530334,0.4311682879924774,-0.017485275864601135,0.5730278491973877,0.4236382246017456,-0.02809227630496025,0.5671812891960144,0.36449599266052246,-0.000838518375530839,0.5573694705963135,0.35714924335479736,-0.0011829504510387778,0.5487579703330994,0.35576319694519043,-0.00015507634088862687,0.5416472554206848,0.3580794334411621,0.0028544531669467688,0.5365351438522339,0.3629143238067627,0.006919501814991236,0.533333420753479,0.3811773955821991,0.01611999049782753,0.5166969895362854,0.40549591183662415,0.043961212038993835,0.5374748110771179,0.39479050040245056,0.010901318863034248,0.5433144569396973,0.3980173170566559,0.00709731038659811,0.5510818958282471,0.39932453632354736,0.00427226023748517,0.5587434768676758,0.39779379963874817,0.0024243646766990423,0.5649535655975342,0.39430665969848633,0.0022773456294089556,0.5692507028579712,0.3908897042274475,0.0015734251355752349,0.5166175365447998,0.40733322501182556,0.06693979352712631,0.5669061541557312,0.4331856071949005,-0.01452790480107069,0.5745358467102051,0.4075036644935608,-0.019700342789292336,0.5743641257286072,0.4300258755683899,-0.028681345283985138,0.5774044990539551,0.43452662229537964,-0.026381591334939003,0.5743663311004639,0.43157026171684265,-0.02581406943500042,0.5683329701423645,0.4356441795825958,-0.012529508210718632,0.5783560872077942,0.4353366494178772,-0.027971653267741203,0.5790255665779114,0.4373510777950287,-0.021013103425502777,0.5697750449180603,0.38412198424339294,0.004249233286827803,0.5726548433303833,0.3855203688144684,0.0006127586821094155,0.5746421217918396,0.38650789856910706,-0.0034070529509335756,0.5415883660316467,0.37941184639930725,0.008976844139397144,0.5371918678283691,0.3729528784751892,0.009553449228405952,0.5888256430625916,0.4038527309894562,-0.02434181235730648,0.6271345615386963,0.3886924982070923,0.006885509938001633,0.5882282853126526,0.43625354766845703,-0.021354347467422485,0.6524878740310669,0.3546395003795624,0.03554338216781616,0.6105960011482239,0.3961362838745117,0.0006622642395086586,0.6167489886283875,0.3970453143119812,0.0011726306984201074,0.6224938631057739,0.3961062729358673,0.002914952114224434,0.6297385096549988,0.3913339078426361,0.008007846772670746,0.6052425503730774,0.3932225704193115,0.0017573292134329677,0.6195480227470398,0.3683065176010132,-0.0015656487084925175,0.6126624941825867,0.36928418278694153,-0.001382399001158774,0.6260567307472229,0.3700166940689087,0.0006324573187157512,0.6301817893981934,0.37395113706588745,0.00311561138369143,0.6349542140960693,0.3959803879261017,0.011289154179394245,0.6024717092514038,0.5048434734344482,-0.001635063672438264,0.6290885806083679,0.3862272799015045,0.009079103358089924,0.6528972387313843,0.3929266035556793,0.038037803024053574,0.6418728828430176,0.38909435272216797,0.017473990097641945,0.6143295168876648,0.42633119225502014,-0.00517179723829031,0.5914936065673828,0.4533041715621948,-0.01649160124361515,0.5903385877609253,0.46341899037361145,-0.013692581094801426,0.5995787382125854,0.4566987156867981,-0.013082808814942837,0.6047112345695496,0.460161030292511,-0.008406982757151127,0.5966935753822327,0.46367576718330383,-0.01131365355104208,0.6016606092453003,0.4642730951309204,-0.006974691059440374,0.6102558970451355,0.47316864132881165,0.0006529876845888793,0.5878130197525024,0.4316200315952301,-0.0318528413772583,0.5886238217353821,0.42280125617980957,-0.03372641280293465,0.6403406858444214,0.3627762794494629,0.005688850302249193,0.6020660996437073,0.4056304395198822,-0.005198913626372814,0.601418137550354,0.42940014600753784,-0.01782873645424843,0.6019250154495239,0.42497947812080383,-0.01607983559370041,0.6336570978164673,0.42633330821990967,0.002863614819943905,0.5887767672538757,0.4123552441596985,-0.030194589868187904,0.6262542605400085,0.35195401310920715,-0.004363775718957186,0.6346866488456726,0.3553510010242462,0.0004296481783967465,0.64743572473526,0.337246298789978,0.02371382899582386,0.5984213352203369,0.36043083667755127,-0.009588753804564476,0.6065410375595093,0.37329432368278503,0.0004023320216219872,0.6156837344169617,0.4648423194885254,0.0018638910260051489,0.6414692401885986,0.47353243827819824,0.05408667027950287,0.5969985723495483,0.43420663475990295,-0.015522121451795101,0.5921072959899902,0.436834454536438,-0.015598352067172527,0.6108717918395996,0.4655553996562958,0.0018262005178257823,0.609271764755249,0.4655688405036926,0.000319518381729722,0.6385364532470703,0.3488595187664032,0.0031962634529918432,0.601671576499939,0.4328843355178833,-0.0145339947193861,0.6144844889640808,0.3530593812465668,-0.007935603149235249,0.6156439185142517,0.3451647162437439,-0.009252413176000118,0.6232286095619202,0.3131974935531616,0.00040293566416949034,0.6429523825645447,0.3438464403152466,0.011984776705503464,0.6189215183258057,0.3286534249782562,-0.004651284776628017,0.6442328691482544,0.35870927572250366,0.010719871148467064,0.6484652161598206,0.3582302927970886,0.022254474461078644,0.5910962224006653,0.45880967378616333,-0.01571437157690525,0.5981528759002686,0.4604783058166504,-0.012426546774804592,0.6032425165176392,0.4622671902179718,-0.008170360699295998,0.5955658555030823,0.43565094470977783,-0.013936212286353111,0.6100471019744873,0.4655739665031433,0.0010829860111698508,0.6067025065422058,0.4678468704223633,-0.002687005326151848,0.6083515286445618,0.4655962288379669,0.00021801554248668253,0.594277560710907,0.43170830607414246,-0.02357758767902851,0.6004254221916199,0.46561986207962036,-0.0060784174129366875,0.5954661965370178,0.46573707461357117,-0.009059558622539043,0.5895991325378418,0.4660836160182953,-0.011348609812557697,0.5897176265716553,0.4887737035751343,-0.008167493157088757,0.5906317830085754,0.48156899213790894,-0.013236316852271557,0.590449333190918,0.4757809340953827,-0.013671698980033398,0.5900837182998657,0.47023361921310425,-0.01207572128623724,0.589511513710022,0.4659295082092285,-0.010868673212826252,0.6003584861755371,0.4656583070755005,-0.005593231413513422,0.6015835404396057,0.4676702618598938,-0.006735134869813919,0.6028918027877808,0.470350444316864,-0.007818789221346378,0.6038809418678284,0.4734225869178772,-0.006767416838556528,0.6089195609092712,0.45301344990730286,-0.006505976431071758,0.6506703495979309,0.43271616101264954,0.06302894651889801,0.6040810942649841,0.4656620919704437,-0.002085018204525113,0.6053735017776489,0.46666982769966125,-0.0027674497105181217,0.5902476906776428,0.4400973320007324,-0.015954311937093735,0.5997406244277954,0.43761566281318665,-0.01007077656686306,0.5910998582839966,0.43854594230651855,-0.015873383730649948,0.6088078618049622,0.4108099341392517,-0.003294234862551093,0.619223415851593,0.41636112332344055,-0.0015182443894445896,0.6029862761497498,0.4287058711051941,-0.012696564197540283,0.638245165348053,0.32305270433425903,0.011305281892418861,0.6337172389030457,0.33348923921585083,0.0030882766004651785,0.6287457346916199,0.3441556394100189,-0.0035846952814608812,0.6048254370689392,0.4795979857444763,-0.0027194838039577007,0.6005290746688843,0.3480643928050995,-0.011960347183048725,0.603814959526062,0.3276810944080353,-0.008926231414079666,0.6069234013557434,0.3083283305168152,-0.00564828934147954,0.6270906329154968,0.39450523257255554,0.005591297056525946,0.6412114500999451,0.40178078413009644,0.01455047819763422,0.601647138595581,0.39052024483680725,0.0025642807595431805,0.6363576650619507,0.37742191553115845,0.008764158934354782,0.5978040099143982,0.39971640706062317,-0.007197930011898279,0.5979042649269104,0.42635199427604675,-0.02353883534669876,0.64748615026474,0.4078250527381897,0.021265044808387756,0.6370850205421448,0.40746554732322693,0.009044148027896881,0.6294034719467163,0.4099467396736145,0.003444954054430127,0.6179468631744385,0.40862610936164856,0.0010441468330100179,0.6093795895576477,0.4051300287246704,-0.00032740033930167556,0.6027769446372986,0.4007190465927124,-0.0017157241236418486,0.5901500582695007,0.3872988522052765,-0.013263780623674393,0.6463640332221985,0.42525461316108704,0.019486038014292717,0.6413888931274414,0.37537410855293274,0.011636113747954369,0.5857827067375183,0.43615031242370605,-0.02899242751300335,0.6010556221008301,0.4132055342197418,-0.008143945597112179,0.6547627449035645,0.39348164200782776,0.05818353220820427,0.5978854894638062,0.3956149220466614,-0.0025149278808385134,0.6037495732307434,0.4294140636920929,-0.006763989105820656,0.6321929097175598,0.3858574330806732,0.010410645045340061,0.5982620716094971,0.42093443870544434,-0.021288296207785606,0.6469934582710266,0.45323607325553894,0.06031062826514244,0.6013179421424866,0.387554407119751,0.003936863504350185,0.5935930013656616,0.4157736897468567,-0.026858026161789894,0.628096878528595,0.48889851570129395,0.021337484940886497,0.6263297200202942,0.49953150749206543,0.03256933391094208,0.6504004001617432,0.42947474122047424,0.041009899228811264,0.6364036798477173,0.47919589281082153,0.02896137908101082,0.6509084105491638,0.37464115023612976,0.03185360133647919,0.602540135383606,0.5132830142974854,0.0016608798177912831,0.5851088166236877,0.43813660740852356,-0.02114293724298477,0.606620728969574,0.41950151324272156,-0.006167902145534754,0.6468453407287598,0.39107754826545715,0.023379435762763023,0.621856689453125,0.39203861355781555,0.0031649391166865826,0.6168575286865234,0.3929199278354645,0.0017078338423743844,0.6078765988349915,0.46928805112838745,-0.0017169740749523044,0.6446847319602966,0.44254329800605774,0.021132802590727806,0.5917590856552124,0.5233060121536255,0.0032521323300898075,0.6087284088134766,0.5149874091148376,0.015824029222130775,0.6166098117828369,0.5088870525360107,0.02323106676340103,0.6116335391998291,0.39210349321365356,0.0016016107983887196,0.6065905094146729,0.39014455676078796,0.002592632779851556,0.6031861901283264,0.3887893855571747,0.0039226762019097805,0.6458240151405334,0.37346604466438293,0.017623450607061386,0.6072077751159668,0.3819916248321533,0.0013427074300125241,0.6125429272651672,0.38025006651878357,0.0003354640502948314,0.6176332235336304,0.38024401664733887,0.000534310529474169,0.6225787401199341,0.3815264105796814,0.0020776200108230114,0.6256972551345825,0.3833252489566803,0.004042872227728367,0.6546245217323303,0.3723958730697632,0.04827575385570526,0.6250241994857788,0.3904109597206116,0.005171454511582851,0.6024322509765625,0.44887301325798035,-0.009949201717972755,0.5970590114593506,0.4329759180545807,-0.017594046890735626,0.5909213423728943,0.4468170404434204,-0.015472587198019028,0.6189857721328735,0.49872639775276184,0.015341496095061302,0.61081862449646,0.5060963034629822,0.008837379515171051,0.5923757553100586,0.5178285837173462,-0.00438730651512742,0.6342692375183105,0.4887593388557434,0.04396206513047218,0.6031652092933655,0.38512924313545227,0.002922595012933016,0.5935245156288147,0.4008970260620117,-0.015485596843063831,0.6007151007652283,0.5199941396713257,0.00818889681249857,0.6472585201263428,0.4482274353504181,0.03992489352822304,0.5954160690307617,0.46566855907440186,-0.008546642027795315,0.5965226292610168,0.46902257204055786,-0.00980928260833025,0.5973955392837524,0.4732310175895691,-0.011128781363368034,0.5979841947555542,0.4782675504684448,-0.010411656461656094,0.598036527633667,0.485008180141449,-0.0061316583305597305,0.605659008026123,0.46482089161872864,-0.0029580635018646717,0.6070995926856995,0.4639562964439392,-0.002963332226499915,0.6083779335021973,0.4629526734352112,-0.0030767538119107485,0.6139281988143921,0.45815980434417725,-0.0022519466001540422,0.6377140283584595,0.44544634222984314,0.008862313814461231,0.5938501358032227,0.39290279150009155,-0.009810931980609894,0.5977140069007874,0.37846627831459045,-9.43579216254875e-05,0.6010155081748962,0.3808814287185669,0.0020644692704081535,0.6041384339332581,0.4655783176422119,-0.0024736279156059027,0.6362539529800415,0.4659508466720581,0.017655523493885994,0.5923328399658203,0.3766044080257416,-0.007553450763225555,0.6005266308784485,0.49506521224975586,-0.003646470606327057,0.5894896388053894,0.3960835039615631,-0.019373733550310135,0.5971442461013794,0.41418835520744324,-0.015824241563677788,0.5910841822624207,0.4991223216056824,-0.007657635025680065,0.6144274473190308,0.47921890020370483,0.003606974147260189,0.6089364290237427,0.43629372119903564,-0.005174058955162764,0.6078028082847595,0.4884531795978546,0.00027507529011927545,0.6246702075004578,0.4363878071308136,-0.0029172247741371393,0.6153825521469116,0.44456008076667786,-0.0038338634185492992,0.6295168399810791,0.45003262162208557,0.0016887824749574065,0.5923346281051636,0.5098744630813599,-0.007418917026370764,0.6005736589431763,0.4191139042377472,-0.011781826615333557,0.6184197068214417,0.48781055212020874,0.008833489380776882,0.6101714968681335,0.49676162004470825,0.004282887559384108,0.6204967498779297,0.4687454402446747,0.004139492753893137,0.6421359777450562,0.45695894956588745,0.023099273443222046,0.6276285648345947,0.4728749096393585,0.009803867898881435,0.6430931091308594,0.4649668335914612,0.03716469183564186,0.6205189824104309,0.45421087741851807,-0.000932372931856662,0.5970889329910278,0.40701764822006226,-0.011470251716673374,0.5960966944694519,0.4302031099796295,-0.024772150442004204,0.5995813608169556,0.4322192370891571,-0.018422679975628853,0.5935299396514893,0.42428621649742126,-0.028707273304462433,0.6029360890388489,0.36933189630508423,-0.0020046881400048733,0.6132493615150452,0.363064169883728,-0.0028363624587655067,0.6221297979354858,0.36206501722335815,-0.002323699649423361,0.6293834447860718,0.3643108010292053,0.0002499056572560221,0.6343216300010681,0.36923670768737793,0.004024066962301731,0.6364747881889343,0.3872232437133789,0.013057420030236244,0.6524283289909363,0.41122105717658997,0.039824750274419785,0.6316142082214355,0.3996833562850952,0.008014854975044727,0.6255598068237305,0.401802659034729,0.004574982915073633,0.6176003813743591,0.4021432101726532,0.0021621151827275753,0.6098882555961609,0.4001655578613281,0.0007169702439568937,0.6037012934684753,0.39672577381134033,0.000973372720181942,0.5995084643363953,0.3932434916496277,0.0004884661175310612,0.6531174182891846,0.4130570590496063,0.06262116134166718,0.5994002223014832,0.43420034646987915,-0.015458398498594761,0.5932148098945618,0.4081325829029083,-0.02038636989891529,0.5918735265731812,0.4305625557899475,-0.029176810756325722,0.5886814594268799,0.4348689913749695,-0.026652801781892776,0.5919214487075806,0.43213772773742676,-0.0263117253780365,0.5978714227676392,0.43657347559928894,-0.01332585047930479,0.587601363658905,0.4356115758419037,-0.02819487266242504,0.5868810415267944,0.43754300475120544,-0.02123173326253891,0.5993442535400391,0.38723596930503845,0.0031644150149077177,0.5963688492774963,0.3879583477973938,-0.00024242904328275472,0.594376266002655,0.3884749412536621,-0.004100284539163113,0.6275548934936523,0.38475361466407776,0.006259286776185036,0.6326661109924316,0.37888380885124207,0.006693453993648291,0.5539253950119019,0.3840547800064087,0.005557694472372532,0.5601529479026794,0.3843677043914795,0.005557694472372532,0.5541597604751587,0.3766396939754486,0.005557694472372532,0.547588586807251,0.38373997807502747,0.005557694472372532,0.5536907911300659,0.39135611057281494,0.005557694472372532,0.6147627234458923,0.3860088288784027,0.0034735924564301968,0.6209184527397156,0.3862552046775818,0.0034735924564301968,0.6147776246070862,0.3788667917251587,0.0034735924564301968,0.6086323857307434,0.38570788502693176,0.0034735924564301968,0.6147474050521851,0.3930642008781433,0.0034735924564301968
4200.000000000006,0.586380124092102,0.45511868596076965,-0.016743838787078857,0.5854063034057617,0.4326174855232239,-0.03224772959947586,0.5853021740913391,0.44120702147483826,-0.01722586713731289,0.5813421010971069,0.4044826328754425,-0.024073418229818344,0.5856140851974487,0.42350101470947266,-0.034314073622226715,0.5859407782554626,0.41215693950653076,-0.0319092720746994,0.5868417024612427,0.385649174451828,-0.015636421740055084,0.544585645198822,0.3855791985988617,0.009257389232516289,0.5876208543777466,0.3616322875022888,-0.011409194208681583,0.5880177617073059,0.34894871711730957,-0.01274045929312706,0.5895382761955261,0.30756279826164246,-0.007263590581715107,0.5862289071083069,0.4594464600086212,-0.016003146767616272,0.5860045552253723,0.463976114988327,-0.014156377874314785,0.5858327150344849,0.466907262802124,-0.01169478241354227,0.5857663154602051,0.4668508470058441,-0.011037533171474934,0.5857023000717163,0.471745103597641,-0.012185917235910892,0.5855201482772827,0.47755885124206543,-0.013564938679337502,0.5852611660957336,0.4835430979728699,-0.012908012606203556,0.5841414332389832,0.4900091886520386,-0.007531281094998121,0.5853795409202576,0.43732064962387085,-0.029194088652729988,0.580306887626648,0.43688368797302246,-0.021005384624004364,0.5230456590652466,0.3502820134162903,0.03904758766293526,0.561054527759552,0.39502033591270447,0.0021290848962962627,0.5547671914100647,0.39561763405799866,0.0029758154414594173,0.5490806698799133,0.3939960300922394,0.00504283094778657,0.5421739220619202,0.3875342011451721,0.010585027746856213,0.5665856599807739,0.3921908140182495,0.0028807739727199078,0.5535921454429626,0.3626990020275116,0.00030456858803518116,0.5606426000595093,0.36444464325904846,4.4592085032491013e-05,0.5468943119049072,0.36433541774749756,0.0028293803334236145,0.5424501299858093,0.36868274211883545,0.005542338825762272,0.5371918082237244,0.391684889793396,0.014064266346395016,0.5626125931739807,0.5037031769752502,0.0005400225054472685,0.5429812669754028,0.3821403980255127,0.011584563180804253,0.5198562145233154,0.3883393108844757,0.04179011657834053,0.5307947993278503,0.38361600041389465,0.020572422072291374,0.5552371740341187,0.4249534010887146,-0.0033006295561790466,0.5780747532844543,0.45273616909980774,-0.015757113695144653,0.5785467028617859,0.4633636474609375,-0.012961241416633129,0.5696252584457397,0.45599573850631714,-0.011742916889488697,0.5641224384307861,0.4593885838985443,-0.00663670664653182,0.5720440745353699,0.46330374479293823,-0.010068943724036217,0.5669507384300232,0.4637129306793213,-0.005401118192821741,0.5570321083068848,0.47218427062034607,0.0030554034747183323,0.5806403160095215,0.43229347467422485,-0.031607355922460556,0.5801831483840942,0.4234786629676819,-0.033441655337810516,0.5340629816055298,0.35654187202453613,0.008557031862437725,0.568727970123291,0.4052965044975281,-0.004157116170972586,0.5676459074020386,0.42922890186309814,-0.016708511859178543,0.5673984289169312,0.4247705936431885,-0.014928609132766724,0.5361230373382568,0.4234149158000946,0.005831901915371418,0.5807551145553589,0.41304102540016174,-0.02987506054341793,0.5477023720741272,0.3454676866531372,-0.0025111078284680843,0.539648175239563,0.3488927483558655,0.002870439551770687,0.5290433764457703,0.33343517780303955,0.026739435270428658,0.5742983222007751,0.3558375835418701,-0.00922092329710722,0.5666142106056213,0.3697220981121063,0.0015098305884748697,0.5521721839904785,0.46349480748176575,0.004470986779779196,0.5270841717720032,0.4694216549396515,0.05806559696793556,0.5718734860420227,0.43429988622665405,-0.01471877470612526,0.5765804052352905,0.4371739625930786,-0.01512802205979824,0.5576041340827942,0.46467527747154236,0.004127326421439648,0.5592246651649475,0.4647655785083771,0.002418281976133585,0.5364071130752563,0.34233129024505615,0.005736397113651037,0.5672528147697449,0.43261903524398804,-0.013406536541879177,0.5588455200195312,0.34694385528564453,-0.006778554059565067,0.5580595135688782,0.3392518162727356,-0.008129932917654514,0.5540104508399963,0.31142711639404297,0.0018117200816050172,0.5326982736587524,0.3401515781879425,0.01462080143392086,0.5568124055862427,0.32687079906463623,-0.003529919544234872,0.5304937958717346,0.3521730303764343,0.013737115077674389,0.5265218019485474,0.353974312543869,0.02543201483786106,0.5781183838844299,0.4584659934043884,-0.014955694787204266,0.5708103179931641,0.4599144160747528,-0.011110092513263226,0.565486490726471,0.46162155270576477,-0.006478998344391584,0.573171854019165,0.4358002543449402,-0.013239162042737007,0.5584301948547363,0.4647361636161804,0.0032639596611261368,0.5615971684455872,0.46719154715538025,-0.0006644308450631797,0.56014084815979,0.4648304581642151,0.0022634456399828196,0.5745519995689392,0.4320157766342163,-0.022826777771115303,0.5680639743804932,0.46515965461730957,-0.004574513528496027,0.5730892419815063,0.4655069410800934,-0.007874717935919762,0.5790768265724182,0.4662145972251892,-0.010583759285509586,0.5760312080383301,0.4893302321434021,-0.0067871795035898685,0.5769878029823303,0.48235905170440674,-0.011976814828813076,0.5775542855262756,0.47637513279914856,-0.012475290335714817,0.5782818794250488,0.4706234931945801,-0.010980123654007912,0.5790643095970154,0.4661582410335541,-0.00985765177756548,0.5680530667304993,0.4652148187160492,-0.003913846332579851,0.5667811632156372,0.4672200679779053,-0.005016904789954424,0.5653034448623657,0.4699491858482361,-0.006008598953485489,0.5640870928764343,0.4731016755104065,-0.004857172723859549,0.5591299533843994,0.45210468769073486,-0.004587892908602953,0.5203408598899841,0.42798706889152527,0.06709422171115875,0.5853637456893921,0.4392814636230469,-0.021416865289211273,0.5643250346183777,0.46504852175712585,-0.00015173552674241364,0.5630061030387878,0.466023325920105,-0.0007919073686935008,0.5781933069229126,0.4404461085796356,-0.015415593050420284,0.5689876079559326,0.43737471103668213,-0.00909404456615448,0.577470064163208,0.4388735592365265,-0.015392393805086613,0.5616884827613831,0.4099062383174896,-0.0018314422341063619,0.551002562046051,0.4145897924900055,0.0005790174473077059,0.5662183165550232,0.4283252954483032,-0.011495087295770645,0.5388410091400146,0.3200666904449463,0.013631035573780537,0.5422261357307434,0.33049485087394714,0.00507309241220355,0.5455947518348694,0.3379319906234741,-0.0016744417371228337,0.5618396997451782,0.478984534740448,-0.0005391113227233291,0.572807788848877,0.34322166442871094,-0.011625979095697403,0.5717421174049377,0.327137291431427,-0.008676387369632721,0.5703458189964294,0.3078264892101288,-0.005331091117113829,0.5445359349250793,0.3915422558784485,0.007992689497768879,0.5306439399719238,0.3971169888973236,0.017702892422676086,0.5703710913658142,0.3894410729408264,0.0034980340860784054,0.5366471409797668,0.37223586440086365,0.011546449735760689,0.5732883810997009,0.3997167944908142,-0.0064285327680408955,0.5711374282836914,0.42643508315086365,-0.02266678772866726,0.5239365696907043,0.4037807583808899,0.024863017722964287,0.5345271229743958,0.40336543321609497,0.012036669999361038,0.5420790910720825,0.4067024886608124,0.006065396126359701,0.5534598231315613,0.4063662588596344,0.003046539146453142,0.5620520710945129,0.40359845757484436,0.001161264139227569,0.5687207579612732,0.39961910247802734,-0.0006798355607315898,0.5813145041465759,0.38783887028694153,-0.013095071539282799,0.5239307284355164,0.4212109446525574,0.023238474503159523,0.5320069193840027,0.3693558871746063,0.014661299996078014,0.582537829875946,0.4369218051433563,-0.028762441128492355,0.5691691637039185,0.4129639267921448,-0.007103853393346071,0.5184602737426758,0.3887607455253601,0.06215132400393486,0.5737634897232056,0.3948360085487366,-0.0017812550067901611,0.5655447244644165,0.42892271280288696,-0.005517677403986454,0.5400588512420654,0.3813834488391876,0.013017685152590275,0.5711351633071899,0.4209997355937958,-0.02042887546122074,0.5227933526039124,0.44869908690452576,0.06426829099655151,0.5710152387619019,0.38626617193222046,0.00485888822004199,0.5758619904518127,0.4161556661128998,-0.0262359157204628,0.5387969613075256,0.48576638102531433,0.024759216234087944,0.5403343439102173,0.4963364005088806,0.03595399856567383,0.5200220346450806,0.42495256662368774,0.04508419707417488,0.5311000943183899,0.47558099031448364,0.03275924175977707,0.522954523563385,0.3702332079410553,0.03533078357577324,0.5621078610420227,0.5118650197982788,0.004007927607744932,0.5831891894340515,0.4388968348503113,-0.020959876477718353,0.5632712841033936,0.4187656044960022,-0.004790851380676031,0.5255963802337646,0.3851371705532074,0.02680211514234543,0.5496423244476318,0.3904059827327728,0.005187635309994221,0.5547493100166321,0.39178866147994995,0.003492053598165512,0.5603598356246948,0.46861326694488525,0.00040928326779976487,0.5246764421463013,0.438516765832901,0.024958845227956772,0.5724551677703857,0.5226967930793762,0.0050118304789066315,0.5565778017044067,0.5130183100700378,0.018531594425439835,0.5493524670600891,0.5063198208808899,0.02625099942088127,0.5887179970741272,0.3281673491001129,-0.010630540549755096,0.5834941864013672,0.5243313908576965,0.0027229045517742634,0.5601903796195984,0.39120879769325256,0.0030677265021950006,0.565435528755188,0.38924989104270935,0.003785116830840707,0.5690270066261292,0.3877112567424774,0.004944867920130491,0.5277147889137268,0.3672389090061188,0.02088974229991436,0.5654017925262451,0.37869274616241455,0.0025592034216970205,0.5599483847618103,0.3755654990673065,0.0018292032182216644,0.5546476244926453,0.37486693263053894,0.0023295730352401733,0.5494879484176636,0.376168817281723,0.004188822582364082,0.5462430715560913,0.3783871531486511,0.006317684892565012,0.519792377948761,0.36778250336647034,0.052018240094184875,0.5464802980422974,0.3880390524864197,0.007405806332826614,0.5851824879646301,0.44729921221733093,-0.015612933784723282,0.5657411813735962,0.4484407603740692,-0.008521492592990398,0.5718470215797424,0.4330752193927765,-0.016812652349472046,0.5771588087081909,0.4471260905265808,-0.014766908250749111,0.5872324705123901,0.3741072416305542,-0.011412568390369415,0.5471936464309692,0.4960900843143463,0.01838517375290394,0.5546191930770874,0.503974437713623,0.011547483503818512,0.5717021822929382,0.5173112154006958,-0.00254591996781528,0.5332348346710205,0.4851486384868622,0.047716572880744934,0.5693324208259583,0.38317424058914185,0.003978853113949299,0.577130138874054,0.4012126624584198,-0.01499093510210514,0.5833712816238403,0.5186767578125,-0.004517596680670977,0.5639030933380127,0.5186949372291565,0.010527534410357475,0.5220088958740234,0.4438638687133789,0.04395692050457001,0.5730813145637512,0.4655119776725769,-0.007152314763516188,0.5718010663986206,0.46894875168800354,-0.008337481878697872,0.5706784725189209,0.47330042719841003,-0.009508686140179634,0.5698054432868958,0.478527307510376,-0.00869541335850954,0.5680501461029053,0.48498454689979553,-0.004236701410263777,0.5629046559333801,0.4641467034816742,-0.0010781461605802178,0.5614661574363708,0.4632137417793274,-0.0009588866378180683,0.5602627992630005,0.46214091777801514,-0.0010025881929323077,0.5540534853935242,0.4569248557090759,0.00010383068001829088,0.5311166048049927,0.44207051396369934,0.012208763509988785,0.5774596333503723,0.39316150546073914,-0.009339912794530392,0.574793815612793,0.3764692544937134,0.00038066471461206675,0.5715638399124146,0.3787410259246826,0.002934454707428813,0.564373254776001,0.46497172117233276,-0.000642860250081867,0.5317822098731995,0.4625914990901947,0.021173767745494843,0.5800726413726807,0.3746224045753479,-0.007385431323200464,0.5650193691253662,0.4944297671318054,-0.0015824924921616912,0.5862433314323425,0.40323176980018616,-0.026297729462385178,0.5812710523605347,0.3966962397098541,-0.019190490245819092,0.5865239500999451,0.3949381113052368,-0.020789343863725662,0.572770893573761,0.4142284393310547,-0.015062086284160614,0.583529531955719,0.5106756091117859,-0.007713885046541691,0.5838237404823303,0.5000123381614685,-0.007750892546027899,0.5739781856536865,0.4992542862892151,-0.006115695461630821,0.5525022745132446,0.47757962346076965,0.006289712153375149,0.5600811243057251,0.4353516399860382,-0.003511975985020399,0.5584176778793335,0.4872477352619171,0.002684037433937192,0.5443910360336304,0.43415793776512146,-0.0004280411812942475,0.5533136129379272,0.4430328905582428,-0.0017049704911187291,0.5390415787696838,0.4472964107990265,0.004627324640750885,0.5721113681793213,0.5095690488815308,-0.005637724418193102,0.5692408084869385,0.41895896196365356,-0.010775940492749214,0.5482405424118042,0.48557040095329285,0.011736932210624218,0.5556589961051941,0.49505630135536194,0.006837581750005484,0.5470585227012634,0.4667488634586334,0.007057273760437965,0.5265341997146606,0.45310720801353455,0.026831597089767456,0.5398676991462708,0.4701409339904785,0.012965059839189053,0.525267481803894,0.46092087030410767,0.04122256860136986,0.5478298664093018,0.4522360563278198,0.00166882888879627,0.5733563303947449,0.4070630967617035,-0.010692968033254147,0.5727789402008057,0.4304053485393524,-0.023986706510186195,0.5693376064300537,0.4321504831314087,-0.017463983967900276,0.575415849685669,0.4246578812599182,-0.02808775193989277,0.5698940753936768,0.3655511140823364,-0.0012685874244198203,0.5599032044410706,0.3578803241252899,-0.0015919461147859693,0.5511499047279358,0.3563562333583832,-0.0005285218940116465,0.5440163016319275,0.35868608951568604,0.00251525966450572,0.5389753580093384,0.36375075578689575,0.006611987482756376,0.5360264182090759,0.3824758231639862,0.015858080238103867,0.5191305875778198,0.4066145122051239,0.043860841542482376,0.5401785969734192,0.3958987295627594,0.010685796849429607,0.5460593700408936,0.39898166060447693,0.00689222477376461,0.5539308190345764,0.4002026319503784,0.004066694062203169,0.5616694688796997,0.39880508184432983,0.002174526685848832,0.5679411888122559,0.39562761783599854,0.0020253066904842854,0.5722752213478088,0.39234212040901184,0.0012886079493910074,0.5190935134887695,0.40831780433654785,0.06673015654087067,0.5694171190261841,0.43412885069847107,-0.014496220275759697,0.57683926820755,0.4084874093532562,-0.019810961559414864,0.5767764449119568,0.43103325366973877,-0.028662167489528656,0.5798442363739014,0.4354693293571472,-0.02634061500430107,0.576792299747467,0.4325464367866516,-0.025793185457587242,0.5708432197570801,0.4365440011024475,-0.012475123628973961,0.5807985067367554,0.4362815320491791,-0.02792361192405224,0.5814942121505737,0.4382490813732147,-0.020955756306648254,0.5729332566261292,0.3859573006629944,0.0038904594257473946,0.57567298412323,0.3869822919368744,0.0002814727777149528,0.5775250792503357,0.38766345381736755,-0.0036863931454718113,0.5444445013999939,0.38019970059394836,0.008654339239001274,0.5398600101470947,0.3739963173866272,0.009246383793652058,0.5911189913749695,0.4047341048717499,-0.024473901838064194,0.6301422119140625,0.3890463709831238,0.006500537507236004,0.5906985402107239,0.43707388639450073,-0.0213111974298954,0.654910683631897,0.35480600595474243,0.034899577498435974,0.613368570804596,0.39613914489746094,0.0003092984843533486,0.6195295453071594,0.3973303437232971,0.000833309895824641,0.625282883644104,0.39651745557785034,0.002579233841970563,0.6326336860656738,0.3915490508079529,0.0076596480794250965,0.6080455780029297,0.3930138349533081,0.0014125030720606446,0.6223695874214172,0.36778688430786133,-0.00200668815523386,0.6154407858848572,0.36881500482559204,-0.0018272576853632927,0.6288837790489197,0.36955082416534424,0.00021473379456438124,0.6330116987228394,0.37362951040267944,0.002711039036512375,0.6375751495361328,0.3960275650024414,0.010962883941829205,0.6052117347717285,0.5051166415214539,-0.0007931802538223565,0.6321188807487488,0.38629642128944397,0.008694999851286411,0.6554868221282959,0.3929245173931122,0.037654340267181396,0.6443464756011963,0.3887496590614319,0.01710907556116581,0.6168686747550964,0.42684394121170044,-0.005225031170994043,0.5946153998374939,0.4531235694885254,-0.016315028071403503,0.5933572053909302,0.46376726031303406,-0.013515232130885124,0.6026157140731812,0.4566921293735504,-0.012901131063699722,0.6075964570045471,0.46036842465400696,-0.008191190659999847,0.5996199250221252,0.46403512358665466,-0.011134627275168896,0.6044541001319885,0.4646996855735779,-0.006762413308024406,0.6127991080284119,0.4736434817314148,0.0011154133826494217,0.590246319770813,0.43253231048583984,-0.031836237758398056,0.5910067558288574,0.42371129989624023,-0.033745743334293365,0.642600953578949,0.36233219504356384,0.005236533936113119,0.6044481992721558,0.40632370114326477,-0.0053816549479961395,0.6038756966590881,0.4300624132156372,-0.017862193286418915,0.6043696403503418,0.42564326524734497,-0.016140596941113472,0.6362635493278503,0.4266621470451355,0.0027661018539220095,0.5911097526550293,0.4132477939128876,-0.030271539464592934,0.6285507678985596,0.3517899513244629,-0.0048284512013196945,0.6369739770889282,0.35495954751968384,-1.9114169845124707e-05,0.6497395038604736,0.3375042974948883,0.022990010678768158,0.6008419990539551,0.361025333404541,-0.010011537931859493,0.6093193292617798,0.3729639947414398,-4.0642200474394485e-05,0.618161678314209,0.4652133584022522,0.002192505169659853,0.6442497372627258,0.4730861485004425,0.05427417531609535,0.5994736552238464,0.43489211797714233,-0.015529760159552097,0.5945885181427002,0.43755006790161133,-0.01553566288203001,0.6134646534919739,0.4661029577255249,0.002131674438714981,0.6118620038032532,0.4661248028278351,0.0006277589709497988,0.6406393647193909,0.3482993245124817,0.002684986451640725,0.6041521430015564,0.4334971010684967,-0.014542090706527233,0.6168361902236938,0.3533135652542114,-0.008391240611672401,0.617866575717926,0.3453807532787323,-0.009762268513441086,0.6252673268318176,0.31369858980178833,-0.0003980893816333264,0.6452182531356812,0.3440288305282593,0.011361059732735157,0.621017575263977,0.3290332853794098,-0.005341933574527502,0.646370530128479,0.35805824398994446,0.010223066434264183,0.6508370041847229,0.35834789276123047,0.02166026458144188,0.5941949486732483,0.4588860273361206,-0.015544183552265167,0.6011509895324707,0.46066921949386597,-0.012246103025972843,0.606092095375061,0.4625905752182007,-0.00795656070113182,0.5980512499809265,0.4363289475440979,-0.01390907447785139,0.6126397252082825,0.46612808108329773,0.0013904717052355409,0.6093199253082275,0.4684278070926666,-0.0022749064955860376,0.6109506487846375,0.46614938974380493,0.0005361811490729451,0.5967345237731934,0.43250134587287903,-0.023594267666339874,0.6031460762023926,0.4661201238632202,-0.005858046002686024,0.5983124375343323,0.4662300944328308,-0.008864376693964005,0.5925272107124329,0.46661874651908875,-0.011159840039908886,0.592437744140625,0.4898543953895569,-0.00732814846560359,0.5934596061706543,0.4827609062194824,-0.012556275352835655,0.5933225750923157,0.47676730155944824,-0.013103240169584751,0.5929749011993408,0.4710080623626709,-0.011596483178436756,0.5924085974693298,0.4665237367153168,-0.010442014783620834,0.6030594706535339,0.46615132689476013,-0.0051924362778663635,0.6042771339416504,0.4682285487651825,-0.0062865084037184715,0.6055651903152466,0.4710022807121277,-0.007323720492422581,0.6065168976783752,0.4741660952568054,-0.006242043804377317,0.6114352345466614,0.4535180330276489,-0.006330857519060373,0.6533547639846802,0.4324045777320862,0.06287851929664612,0.6067100763320923,0.4661698043346405,-0.0017180241411551833,0.608000636100769,0.4672148823738098,-0.002368272515013814,0.592751145362854,0.44081777334213257,-0.015848184004426003,0.6022542119026184,0.4381972551345825,-0.010024026036262512,0.5935941934585571,0.43926388025283813,-0.01579432375729084,0.6112578511238098,0.4114266335964203,-0.003452593693509698,0.6217519640922546,0.4168677031993866,-0.0016412384575232863,0.6054565906524658,0.42932528257369995,-0.012734713032841682,0.6404334902763367,0.3234090805053711,0.010538819245994091,0.6358954906463623,0.3337450623512268,0.0024206917732954025,0.6308921575546265,0.3439028263092041,-0.0041215792298316956,0.6074737310409546,0.4802530109882355,-0.0021246164105832577,0.6028110384941101,0.34871426224708557,-0.0124525036662817,0.6058197617530823,0.32825562357902527,-0.00961192324757576,0.6088242530822754,0.30898651480674744,-0.006447815336287022,0.6299603581428528,0.3949225842952728,0.005253354553133249,0.6436723470687866,0.40166836977005005,0.014244106598198414,0.6044884920120239,0.3902215361595154,0.002202283125370741,0.638961136341095,0.37718307971954346,0.008360614068806171,0.6001377105712891,0.40045925974845886,-0.007399199530482292,0.6003416180610657,0.4271051585674286,-0.02358061820268631,0.650087833404541,0.40794602036476135,0.020999809727072716,0.6396434903144836,0.40766701102256775,0.008785342797636986,0.6320351362228394,0.41033560037612915,0.0032138805836439133,0.6206183433532715,0.40901389718055725,0.00083923403872177,0.612067699432373,0.4054073393344879,-0.0005481541738845408,0.6055066585540771,0.4009413719177246,-0.0019491886487230659,0.5923665165901184,0.38812509179115295,-0.013510352000594139,0.6490381956100464,0.4253486096858978,0.019337724894285202,0.6437816023826599,0.37497201561927795,0.01121271587908268,0.5882434844970703,0.4370367228984833,-0.028953537344932556,0.6034679412841797,0.41389399766921997,-0.008284104987978935,0.6573271155357361,0.393372118473053,0.057769276201725006,0.6006007790565491,0.39589428901672363,-0.0027800032403320074,0.6062410473823547,0.4300048053264618,-0.006805830635130405,0.6350500583648682,0.3858913481235504,0.01003292016685009,0.6006766557693481,0.4216749966144562,-0.021361954510211945,0.649753749370575,0.4528307020664215,0.06031441316008568,0.6042282581329346,0.38721275329589844,0.0035362523049116135,0.5959633588790894,0.4165904223918915,-0.02693144418299198,0.6308271288871765,0.48874741792678833,0.02180342748761177,0.6291234493255615,0.49917858839035034,0.0330512598156929,0.6531659960746765,0.4293650984764099,0.04087774455547333,0.6391540765762329,0.4790037274360657,0.029282622039318085,0.653393030166626,0.3747240900993347,0.031355928629636765,0.6053014993667603,0.5133651494979858,0.0025687955785542727,0.58758544921875,0.4389764070510864,-0.021082982420921326,0.6090995073318481,0.42009949684143066,-0.006273399107158184,0.6492154598236084,0.3904361426830292,0.023006362840533257,0.6247348189353943,0.3925221860408783,0.002781924791634083,0.6196690797805786,0.39318346977233887,0.0013281356077641249,0.6104688048362732,0.46990156173706055,-0.001303790952078998,0.6474043726921082,0.44256049394607544,0.021119659766554832,0.594569742679596,0.5234261155128479,0.004215520340949297,0.6115221977233887,0.5147650241851807,0.016564706340432167,0.6194103360176086,0.5085830688476562,0.023845354095101357,0.6144411563873291,0.3920609951019287,0.0012196128955110908,0.609413206577301,0.38984522223472595,0.0022056475281715393,0.6060531139373779,0.3884265124797821,0.003528999164700508,0.6480935215950012,0.37280529737472534,0.01717541553080082,0.6102617979049683,0.381370484828949,0.0009125425713136792,0.6156063079833984,0.3794138431549072,-9.465747280046344e-05,0.6207408905029297,0.3793782889842987,0.00010719380952650681,0.6257328987121582,0.3808496296405792,0.0016657988307997584,0.6288320422172546,0.3829488158226013,0.0036334677133709192,0.6571317315101624,0.3724561035633087,0.047732796519994736,0.6279819011688232,0.3909054398536682,0.004790032282471657,0.6049731969833374,0.44945019483566284,-0.00979208666831255,0.5995204448699951,0.43368273973464966,-0.01761365681886673,0.5934522747993469,0.44755151867866516,-0.015301801264286041,0.6217173933982849,0.4986032545566559,0.01597919873893261,0.6135605573654175,0.506030797958374,0.009623320773243904,0.5951623916625977,0.518112301826477,-0.0033627282828092575,0.6370493173599243,0.48835068941116333,0.04430142045021057,0.6061309576034546,0.3847135007381439,0.0025122356601059437,0.5958369970321655,0.40170425176620483,-0.015661675482988358,0.6035187244415283,0.5199368000030518,0.009046904742717743,0.650081992149353,0.44805291295051575,0.03993573784828186,0.5982289910316467,0.46618586778640747,-0.008134579285979271,0.5993207097053528,0.4696708619594574,-0.009338115341961384,0.6001768708229065,0.4740362763404846,-0.010588334873318672,0.6007246375083923,0.4792484939098358,-0.00980102363973856,0.6007538437843323,0.4858814477920532,-0.005404687486588955,0.6083269119262695,0.46532222628593445,-0.0026931094471365213,0.6098058819770813,0.4644206464290619,-0.0027014610823243856,0.6111133098602295,0.46336501836776733,-0.002828753786161542,0.6164050102233887,0.4585856795310974,-0.0020346916280686855,0.640388011932373,0.4456074833869934,0.008908400312066078,0.5961235761642456,0.39368805289268494,-0.010041708126664162,0.6003907322883606,0.3785029351711273,-0.0005066518788225949,0.603833794593811,0.3806251585483551,0.0016467825043946505,0.606764018535614,0.46610769629478455,-0.0022071602288633585,0.6389309763908386,0.465952068567276,0.01787671446800232,0.5948271751403809,0.3769712448120117,-0.00791131891310215,0.6032642722129822,0.49559545516967773,-0.002843239111825824,0.5917465090751648,0.3969489634037018,-0.019563624635338783,0.5995312333106995,0.4149339199066162,-0.015942931175231934,0.593822181224823,0.4998781681060791,-0.006737775169312954,0.6170507073402405,0.4795054793357849,0.004111030604690313,0.6114610433578491,0.43679746985435486,-0.005142674315720797,0.6104979515075684,0.48881104588508606,0.0009437402477487922,0.6272557973861694,0.4367924630641937,-0.002887593349441886,0.6179178357124329,0.44499796628952026,-0.00372814922593534,0.6321110725402832,0.4502958059310913,0.0018014287343248725,0.5950928330421448,0.5103543996810913,-0.0064382231794297695,0.602996289730072,0.4197990596294403,-0.011881249956786633,0.6210964322090149,0.4878961741924286,0.009390564635396004,0.6128906011581421,0.49690428376197815,0.00500559201464057,0.6230642795562744,0.46900516748428345,0.0044882106594741344,0.6448599696159363,0.45690029859542847,0.02321017161011696,0.6302818059921265,0.47298210859298706,0.010143090970814228,0.6458989381790161,0.4647517204284668,0.037333566695451736,0.623036801815033,0.4545517861843109,-0.0007486522081308067,0.5994462966918945,0.4077673852443695,-0.011628757230937481,0.5985459685325623,0.4309864044189453,-0.024795779958367348,0.6020451784133911,0.43289798498153687,-0.018433578312397003,0.5959419012069702,0.4251253008842468,-0.028724275529384613,0.6055699586868286,0.3694431483745575,-0.0024497590493410826,0.6158554553985596,0.3629677891731262,-0.0032809276599437,0.6247360110282898,0.3617841303348541,-0.002759164199233055,0.6319645643234253,0.36398056149482727,-0.00016661737754475325,0.6369085311889648,0.3689248561859131,0.003615256631746888,0.6391393542289734,0.3871389329433441,0.012688876129686832,0.6551080942153931,0.41116195917129517,0.03956567123532295,0.6342934370040894,0.39993539452552795,0.0077102878130972385,0.6282228231430054,0.40216755867004395,0.004299621097743511,0.6202878952026367,0.4024287462234497,0.0019046957604587078,0.6126046776771545,0.4002736508846283,0.0004270891658961773,0.6064675450325012,0.39670008420944214,0.0006862076697871089,0.6022822260856628,0.39322465658187866,0.00017593661323189735,0.655727207660675,0.41283780336380005,0.062334027141332626,0.6018795371055603,0.4348452389240265,-0.015455830842256546,0.595551609992981,0.4089483916759491,-0.020516090095043182,0.594312846660614,0.431426465511322,-0.02917560376226902,0.5911479592323303,0.43571725487709045,-0.02662321925163269,0.5943781733512878,0.432975709438324,-0.02631186507642269,0.6003726720809937,0.43720170855522156,-0.01329539529979229,0.5900670289993286,0.43647974729537964,-0.028156321495771408,0.589358389377594,0.43836870789527893,-0.021180668845772743,0.602196216583252,0.38696402311325073,0.002775315660983324,0.5991157293319702,0.3879862129688263,-0.0005923452554270625,0.5970372557640076,0.38878217339515686,-0.004395815543830395,0.6306475400924683,0.3846289813518524,0.005864159669727087,0.6354564428329468,0.3787565529346466,0.006299233064055443,0.5567790865898132,0.3844347298145294,0.005215107928961515,0.562924325466156,0.38482770323753357,0.005215107928961515,0.5570735931396484,0.37678924202919006,0.005215107928961515,0.5505480170249939,0.3840363025665283,0.005215107928961515,0.556479811668396,0.3920117914676666,0.005215107928961515,0.6179013848304749,0.3860614597797394,0.0030741801019757986,0.6240741610527039,0.38639035820961,0.0030741801019757986,0.6179822087287903,0.37872716784477234,0.0030741801019757986,0.6117866635322571,0.3857283592224121,0.0030741801019757986,0.617835283279419,0.3933405876159668,0.0030741801019757986
4233.333333333339,0.5860293507575989,0.4554685056209564,-0.01663033850491047,0.585771381855011,0.4321039915084839,-0.032204605638980865,0.5856027603149414,0.44081926345825195,-0.017146246507763863,0.5817810893058777,0.40388986468315125,-0.02407822757959366,0.5860011577606201,0.42297524213790894,-0.03429381549358368,0.586348831653595,0.4116043150424957,-0.031907811760902405,0.5873029232025146,0.38502761721611023,-0.01571398414671421,0.544676661491394,0.38518279790878296,0.009349082596600056,0.5881308317184448,0.36142030358314514,-0.011537930928170681,0.5885601043701172,0.34876275062561035,-0.01289606373757124,0.5902165174484253,0.3064430356025696,-0.007444096263498068,0.5859004259109497,0.4596872329711914,-0.01586766727268696,0.5857210755348206,0.46407556533813477,-0.014001842588186264,0.5855984687805176,0.4669061005115509,-0.01149438414722681,0.5855367183685303,0.4668009579181671,-0.011102614924311638,0.5854812860488892,0.47159355878829956,-0.012226317077875137,0.5853408575057983,0.47728750109672546,-0.013649356551468372,0.5851427316665649,0.4831082224845886,-0.013084940612316132,0.58443284034729,0.489115446805954,-0.007790003437548876,0.5857298970222473,0.43683668971061707,-0.02914043515920639,0.5806785821914673,0.43640753626823425,-0.020925667136907578,0.5236226916313171,0.34907668828964233,0.03919779881834984,0.5609757900238037,0.39423152804374695,0.0022133460734039545,0.5547465085983276,0.39503583312034607,0.003055377397686243,0.5491073131561279,0.3934624195098877,0.005121879279613495,0.5422363877296448,0.38699203729629517,0.010673527605831623,0.5664695501327515,0.3910563290119171,0.002932571806013584,0.5539010763168335,0.3624826967716217,0.0003603852237574756,0.5608262419700623,0.36403176188468933,8.738664473639801e-05,0.5472798347473145,0.36409804224967957,0.002882657339796424,0.5428241491317749,0.3682982921600342,0.005600753705948591,0.5372923612594604,0.39096829295158386,0.01415908895432949,0.5629652142524719,0.5034811496734619,0.00034507736563682556,0.5430555939674377,0.381752610206604,0.011663651093840599,0.5201772451400757,0.3875209093093872,0.041939299553632736,0.5310572385787964,0.3828658163547516,0.020656520500779152,0.5556856989860535,0.4244309067726135,-0.003186676884070039,0.5777426958084106,0.4531221389770508,-0.015643753111362457,0.578323483467102,0.4634588360786438,-0.012803836725652218,0.5694267153739929,0.45622748136520386,-0.011635933071374893,0.5640026926994324,0.459510862827301,-0.0065757534466683865,0.5718840956687927,0.46337029337882996,-0.009929502382874489,0.5668283104896545,0.4637516736984253,-0.005309173837304115,0.55739825963974,0.4716989994049072,0.002975580282509327,0.5810388922691345,0.4317530691623688,-0.03155965730547905,0.580586850643158,0.42292916774749756,-0.033416420221328735,0.5345861315727234,0.35637933015823364,0.008553490974009037,0.5691862106323242,0.40466031432151794,-0.004109404049813747,0.568044126033783,0.42871302366256714,-0.016602758318185806,0.5678090453147888,0.42424485087394714,-0.014821595512330532,0.5364943742752075,0.4228667914867401,0.005962203722447157,0.5811731219291687,0.4124719798564911,-0.029863322153687477,0.5484217405319214,0.34549281001091003,-0.002599467523396015,0.5403088331222534,0.3489835858345032,0.0028086439706385136,0.5297136306762695,0.3321554362773895,0.026803670451045036,0.5748875141143799,0.3552015721797943,-0.009313832968473434,0.5666831731796265,0.36900705099105835,0.001566616352647543,0.5524893403053284,0.46314185857772827,0.004465734586119652,0.5270860195159912,0.4694446921348572,0.05846772342920303,0.5722655653953552,0.4338158667087555,-0.014594081789255142,0.5769513249397278,0.4367278516292572,-0.01504310593008995,0.557445764541626,0.46473294496536255,0.004126904997974634,0.5590720176696777,0.4648091197013855,0.002411192050203681,0.5371333956718445,0.34239035844802856,0.005692749284207821,0.5676469802856445,0.4321589171886444,-0.01329230796545744,0.5595850348472595,0.3466254472732544,-0.006860709749162197,0.5588914155960083,0.33896130323410034,-0.008222335018217564,0.5547464489936829,0.3101916015148163,0.0017471765168011189,0.5333499312400818,0.33912673592567444,0.014601740054786205,0.5575248003005981,0.32598501443862915,-0.003620114643126726,0.5311012864112854,0.35189762711524963,0.013746420852839947,0.5270698666572571,0.35296452045440674,0.025471683591604233,0.5778430104255676,0.45870354771614075,-0.014824692159891129,0.5706326961517334,0.4600594639778137,-0.010991477407515049,0.5653623938560486,0.46170374751091003,-0.006406312808394432,0.5735577940940857,0.4353509545326233,-0.01314525306224823,0.5582700967788696,0.46478766202926636,0.0032573984935879707,0.561417281627655,0.4671896696090698,-0.0007456358289346099,0.5600016713142395,0.4648641049861908,0.0022472902201116085,0.5749664902687073,0.4314587712287903,-0.022745296359062195,0.5679566860198975,0.4651712477207184,-0.004457290284335613,0.5729510188102722,0.4655264914035797,-0.007696649990975857,0.5788953900337219,0.4662310481071472,-0.010382400825619698,0.5764523148536682,0.4884604215621948,-0.007032553665339947,0.5768653750419617,0.4819483757019043,-0.012142903171479702,0.5773872137069702,0.47612863779067993,-0.012576501816511154,0.578088641166687,0.47049200534820557,-0.011027698405086994,0.5788812041282654,0.4661303758621216,-0.009919559583067894,0.5679295063018799,0.46520867943763733,-0.003998380620032549,0.5666254758834839,0.4671919345855713,-0.005107683129608631,0.5651217699050903,0.4698794186115265,-0.006127103231847286,0.5639070868492126,0.4729408919811249,-0.0049978033639490604,0.5595406293869019,0.45178651809692383,-0.004542612005025148,0.5204681754112244,0.42758709192276,0.06749846041202545,0.5856917500495911,0.4388440251350403,-0.021338224411010742,0.5642146468162537,0.46504056453704834,-0.00022976630134508014,0.5628545880317688,0.46602535247802734,-0.0008707225206308067,0.5785447359085083,0.4400317370891571,-0.01533610187470913,0.5693919658660889,0.4369806945323944,-0.0089839743450284,0.5778309106826782,0.43844056129455566,-0.015309088863432407,0.5621621012687683,0.4092864394187927,-0.0017570828786119819,0.5514716506004333,0.41398945450782776,0.0006582123460248113,0.5666314363479614,0.42783552408218384,-0.01137686800211668,0.5395773649215698,0.3187878131866455,0.013616488315165043,0.5429556369781494,0.32952597737312317,0.005014484282582998,0.5464134812355042,0.33797502517700195,-0.0017407749546691775,0.5622824430465698,0.47838377952575684,-0.0006891980301588774,0.5735838413238525,0.342578649520874,-0.011752990074455738,0.5724025964736938,0.3262738287448883,-0.008797462098300457,0.5710592269897461,0.30662649869918823,-0.0054415506310760975,0.5445818901062012,0.39101698994636536,0.0080784996971488,0.530825138092041,0.3963330090045929,0.01782209612429142,0.5702188611030579,0.388090580701828,0.0035605309531092644,0.5369855761528015,0.371737539768219,0.011586496606469154,0.5737427473068237,0.3990665674209595,-0.006407647393643856,0.5715527534484863,0.42587077617645264,-0.022584274411201477,0.524213433265686,0.40305817127227783,0.02500661462545395,0.5345478653907776,0.40261057019233704,0.01216061133891344,0.542008101940155,0.4059598445892334,0.006178641691803932,0.5533249378204346,0.40567612648010254,0.0031237173825502396,0.5619024634361267,0.4028898775577545,0.001226233784109354,0.5685920715332031,0.3988187611103058,-0.0006434781244024634,0.5817674994468689,0.38720154762268066,-0.013147403486073017,0.524150550365448,0.42066478729248047,0.023414412513375282,0.5323994755744934,0.3688344359397888,0.01470614317804575,0.5829113721847534,0.4364190995693207,-0.028700072318315506,0.5696129202842712,0.4123772978782654,-0.0070162988267838955,0.5188302397727966,0.3879318833351135,0.06246607005596161,0.5736681222915649,0.3939729630947113,-0.0017617245903238654,0.5659748911857605,0.42844903469085693,-0.0053859795443713665,0.5401960015296936,0.3808867037296295,0.013089546002447605,0.5715557336807251,0.42043694853782654,-0.02034890651702881,0.5228490829467773,0.44852152466773987,0.06469191610813141,0.5708615779876709,0.3848845660686493,0.004928458947688341,0.5762858390808105,0.41558265686035156,-0.026195207610726357,0.5388620495796204,0.48577865958213806,0.024833140894770622,0.5403944849967957,0.49650436639785767,0.03619364649057388,0.5201337933540344,0.42448651790618896,0.04531378298997879,0.5310984253883362,0.4755522310733795,0.03292353078722954,0.5233972668647766,0.3692795932292938,0.03542187064886093,0.5624221563339233,0.5117847919464111,0.0038290023803710938,0.5835369229316711,0.43844208121299744,-0.020879097282886505,0.5637268424034119,0.4182272255420685,-0.004675230011343956,0.5259444713592529,0.38435661792755127,0.026913827285170555,0.5497488975524902,0.3899734318256378,0.00527804484590888,0.554816484451294,0.3912305235862732,0.0035754714626818895,0.5601689219474792,0.46857574582099915,0.0003366206947248429,0.5248404145240784,0.4381621181964874,0.02515931986272335,0.57281094789505,0.5226101279258728,0.004940425045788288,0.5568419098854065,0.5131314396858215,0.018568428233265877,0.5495147705078125,0.5064882636070251,0.02637428790330887,0.5893219709396362,0.3273608386516571,-0.010779167525470257,0.58381187915802,0.5242297053337097,0.0026318118907511234,0.5601995587348938,0.39040058851242065,0.003139943815767765,0.5653800368309021,0.3881087899208069,0.003851911285892129,0.5689011216163635,0.38636618852615356,0.005007111467421055,0.5281621217727661,0.3666468560695648,0.02094547264277935,0.5654227137565613,0.37790852785110474,0.0026375935412943363,0.560043454170227,0.3752324879169464,0.0018995407735928893,0.5548477172851562,0.37474286556243896,0.0024063943419605494,0.5497209429740906,0.37605592608451843,0.00426255539059639,0.5464385151863098,0.37818390130996704,0.006401351653039455,0.5202850699424744,0.36672019958496094,0.05224648863077164,0.5465866923332214,0.38763725757598877,0.007499501574784517,0.5854573249816895,0.4470110833644867,-0.015540816821157932,0.566162109375,0.4481198787689209,-0.008454940281808376,0.5722512006759644,0.4325592517852783,-0.016712980344891548,0.5775087475776672,0.4467993378639221,-0.014708468690514565,0.5877097845077515,0.37363553047180176,-0.011497645638883114,0.5473509430885315,0.4961288571357727,0.018340473994612694,0.5548457503318787,0.5039939284324646,0.011431170627474785,0.5720416307449341,0.5171253085136414,-0.002782717812806368,0.5332325100898743,0.4852609634399414,0.04806059971451759,0.5692284107208252,0.3819655776023865,0.004048229660838842,0.5775822997093201,0.4005889892578125,-0.01498359628021717,0.5836795568466187,0.5184601545333862,-0.004772900138050318,0.5642489194869995,0.5186959505081177,0.010500091128051281,0.5220679044723511,0.4435963034629822,0.044199563562870026,0.5729332566261292,0.46549955010414124,-0.007220243103802204,0.571637749671936,0.4688716232776642,-0.008412305265665054,0.5705102682113647,0.47313812375068665,-0.009628526866436005,0.569652795791626,0.4782162308692932,-0.008861307986080647,0.5685217976570129,0.48422640562057495,-0.004439853597432375,0.5627796053886414,0.46418076753616333,-0.001043720287270844,0.5613264441490173,0.4632679224014282,-0.0009303892147727311,0.5601222515106201,0.4622124433517456,-0.0009731038007885218,0.5544176697731018,0.45661038160324097,0.0001290225045522675,0.5313441157341003,0.4417043924331665,0.012370076961815357,0.5779159069061279,0.392510324716568,-0.009352365508675575,0.5748842358589172,0.3754371702671051,0.0004166602448094636,0.571527898311615,0.3776155412197113,0.0029776408337056637,0.5642747282981873,0.4649866223335266,-0.0005931988125666976,0.5319114923477173,0.4624128043651581,0.02132425829768181,0.580255389213562,0.37385210394859314,-0.007411059457808733,0.5654132962226868,0.4940025210380554,-0.001799452700652182,0.5866693258285522,0.40264827013015747,-0.026321617886424065,0.5817202925682068,0.39606910943984985,-0.019231250509619713,0.5869699716567993,0.3943210244178772,-0.020844923332333565,0.5732071399688721,0.4136546552181244,-0.014994359575212002,0.5838316679000854,0.5103073120117188,-0.008007568307220936,0.584114670753479,0.49941286444664,-0.00802783016115427,0.574353814125061,0.498688280582428,-0.006388932000845671,0.5527999401092529,0.4773097634315491,0.006211023777723312,0.5605021715164185,0.43490898609161377,-0.003410496050491929,0.5587794184684753,0.4869241714477539,0.0025216478388756514,0.5447575449943542,0.43368247151374817,-0.00032694468973204494,0.5536931157112122,0.44263237714767456,-0.0016431978438049555,0.5393040776252747,0.4469464421272278,0.00474108150228858,0.5724670886993408,0.5092343688011169,-0.005905158817768097,0.5696733593940735,0.41840675473213196,-0.010678249411284924,0.5484820604324341,0.4854429364204407,0.011687842197716236,0.5559496879577637,0.4949187636375427,0.006703467108309269,0.547320544719696,0.466492235660553,0.007068841252475977,0.526654839515686,0.452899694442749,0.02703562006354332,0.5400623679161072,0.4699525535106659,0.01302438136190176,0.5252693891525269,0.4608083665370941,0.041451845318078995,0.5481418967247009,0.4519319236278534,0.0017196951666846871,0.5738003849983215,0.4064493775367737,-0.010645338334143162,0.5731996297836304,0.4298372268676758,-0.02390751615166664,0.5697357058525085,0.43163877725601196,-0.017361264675855637,0.5758352875709534,0.42408329248428345,-0.02804519049823284,0.5701664686203003,0.36479923129081726,-0.0012531847460195422,0.5603203773498535,0.35747432708740234,-0.001609786762855947,0.5516788959503174,0.35612690448760986,-0.000562390370760113,0.5445427894592285,0.3584650456905365,0.002492966130375862,0.5394177436828613,0.3634187877178192,0.00659723486751318,0.536210298538208,0.3817960321903229,0.015929972752928734,0.5193272829055786,0.4059661328792572,0.04405407980084419,0.5402084589004517,0.395220547914505,0.010786295868456364,0.5460217595100403,0.39828842878341675,0.006973023992031813,0.5538361072540283,0.3995353877544403,0.004132783506065607,0.5615491271018982,0.3980465829372406,0.0022564686369150877,0.5678063631057739,0.3946482539176941,0.002066870918497443,0.5721448063850403,0.39125922322273254,0.0013357083080336452,0.5193361043930054,0.40770235657691956,0.0670904740691185,0.5698047280311584,0.4336647391319275,-0.014385662972927094,0.5772807002067566,0.40789541602134705,-0.019781261682510376,0.5771934986114502,0.4304629862308502,-0.028605112805962563,0.5802350044250488,0.434954434633255,-0.026275640353560448,0.5772077441215515,0.43199631571769714,-0.025725234299898148,0.5712343454360962,0.4361238181591034,-0.012367179617285728,0.5811814665794373,0.43577122688293457,-0.027863945811986923,0.581854522228241,0.4377826750278473,-0.02087530680000782,0.5727813243865967,0.3845730423927307,0.003952277824282646,0.5755979418754578,0.38587796688079834,0.00031792352092452347,0.5775068998336792,0.3867628872394562,-0.003692039754241705,0.5445706248283386,0.3799125850200653,0.008739914745092392,0.5401319265365601,0.3735349178314209,0.009308872744441032,0.5915284752845764,0.40418946743011475,-0.024494320154190063,0.6300626993179321,0.38875576853752136,0.006472668144851923,0.5909760594367981,0.43665963411331177,-0.021239882335066795,0.6553181409835815,0.3541540503501892,0.0348181314766407,0.6134732365608215,0.3962216377258301,0.0003193957672920078,0.6196145415306091,0.39716780185699463,0.0008229571394622326,0.62535560131073,0.3962520360946655,0.0025523703079670668,0.6326679587364197,0.3913894295692444,0.0076160551980137825,0.6081292033195496,0.3932945132255554,0.0014143268344923854,0.6224058866500854,0.36831676959991455,-0.002062336541712284,0.6155232191085815,0.3693487048149109,-0.0018779992824420333,0.6289200782775879,0.36997953057289124,0.00013819921878166497,0.6330651044845581,0.3738977015018463,0.0026326312217861414,0.637859582901001,0.3960598409175873,0.010935761965811253,0.6054501533508301,0.505109429359436,-0.0010093454038724303,0.6320524215698242,0.3862479031085968,0.008647472597658634,0.6557847857475281,0.39264896512031555,0.03762635216116905,0.6447921395301819,0.38906779885292053,0.01705791987478733,0.6170726418495178,0.4266117811203003,-0.005163195077329874,0.5943463444709778,0.453488290309906,-0.016223492100834846,0.5931484699249268,0.463820219039917,-0.01337389461696148,0.602472186088562,0.45688581466674805,-0.012825984507799149,0.6075630784034729,0.46043750643730164,-0.008182637393474579,0.5995140671730042,0.46401238441467285,-0.011024816893041134,0.6044456958770752,0.4646171033382416,-0.0067158043384552,0.6129565238952637,0.473504900932312,0.0009680783841758966,0.590580940246582,0.43204185366630554,-0.031796883791685104,0.5913654565811157,0.4232228100299835,-0.033727001398801804,0.6431568264961243,0.3627018332481384,0.005095553584396839,0.6048081517219543,0.40585780143737793,-0.005379727575927973,0.6040953397750854,0.429778516292572,-0.017782140523195267,0.6046004891395569,0.42534545063972473,-0.01606297679245472,0.6364719867706299,0.4265308976173401,0.00280614010989666,0.5914937257766724,0.4127342104911804,-0.030270906165242195,0.6289675831794739,0.3519721031188965,-0.005003317724913359,0.6374541521072388,0.35530227422714233,-0.00020483181288000196,0.6501795053482056,0.33673715591430664,0.022857723757624626,0.6011068224906921,0.36081138253211975,-0.010130408219993114,0.6094150543212891,0.37340617179870605,-6.128789391368628e-05,0.6183507442474365,0.46523377299308777,0.0021258408669382334,0.6446187496185303,0.47355592250823975,0.0544704794883728,0.5996768474578857,0.43459442257881165,-0.015434806235134602,0.5948169231414795,0.43723151087760925,-0.015465307049453259,0.6136107444763184,0.4660336971282959,0.0020630196668207645,0.6119968891143799,0.4660257399082184,0.0005514761433005333,0.6412932872772217,0.34874457120895386,0.0025054647121578455,0.6043399572372437,0.43327391147613525,-0.014451805502176285,0.6171528100967407,0.3532428741455078,-0.008547227829694748,0.6182765960693359,0.3453175723552704,-0.009929976426064968,0.6257987022399902,0.3127577006816864,-0.0005850957822985947,0.6456428170204163,0.3435323238372803,0.011188715696334839,0.6214763522148132,0.3284626603126526,-0.005518596153706312,0.6470473408699036,0.3585895895957947,0.010084472596645355,0.6512486934661865,0.35790732502937317,0.021542450413107872,0.5939467549324036,0.459089994430542,-0.015428598038852215,0.6010204553604126,0.46075332164764404,-0.01215618196874857,0.6060670018196106,0.4625883102416992,-0.007929805666208267,0.5982499122619629,0.4360487759113312,-0.01383033487945795,0.612779438495636,0.4660450518131256,0.0013147701974958181,0.6094487309455872,0.46829667687416077,-0.0024280634243041277,0.6110715270042419,0.46603792905807495,0.00045019123353995383,0.5969949960708618,0.43207547068595886,-0.0235306266695261,0.6031572818756104,0.46598124504089355,-0.005786840338259935,0.5982262492179871,0.4661356508731842,-0.008722199127078056,0.5923541188240051,0.46658453345298767,-0.010975420475006104,0.5926020741462708,0.48905932903289795,-0.007593579590320587,0.5934193134307861,0.4823628067970276,-0.0127582848072052,0.5932138562202454,0.47651728987693787,-0.013236314058303833,0.5928177833557129,0.47085922956466675,-0.011677548289299011,0.5922371745109558,0.4664541780948639,-0.010531234554946423,0.6030710935592651,0.4659996032714844,-0.005332051310688257,0.6043161749839783,0.46808815002441406,-0.006437838077545166,0.605653703212738,0.470844566822052,-0.007499848958104849,0.6066583395004272,0.473956823348999,-0.006438832264393568,0.6115768551826477,0.45347127318382263,-0.006339271552860737,0.6537107229232788,0.43253567814826965,0.06303639709949493,0.6067836880683899,0.4660114049911499,-0.0018564818892627954,0.6080914735794067,0.46707409620285034,-0.0025140969082713127,0.5929853916168213,0.44049885869026184,-0.015777576714754105,0.6024122834205627,0.4380193054676056,-0.009928632527589798,0.5938249230384827,0.438943475484848,-0.01572307199239731,0.6115540266036987,0.41103267669677734,-0.003432538826018572,0.6219902038574219,0.4165782630443573,-0.001626413082703948,0.6056594848632812,0.42907363176345825,-0.012645486742258072,0.6408941745758057,0.3225547671318054,0.010364552028477192,0.636322021484375,0.33321601152420044,0.0022448936942964792,0.6314244866371155,0.3441281318664551,-0.004293431527912617,0.6075785160064697,0.4799060821533203,-0.002339727245271206,0.603166401386261,0.34839901328086853,-0.012605495750904083,0.6063398122787476,0.327560156583786,-0.009781702421605587,0.6094286441802979,0.30795714259147644,-0.006632803473621607,0.6299877762794495,0.3946166932582855,0.005214355885982513,0.6441126465797424,0.40185901522636414,0.014234554953873158,0.604540228843689,0.39058589935302734,0.002209409372881055,0.6392430067062378,0.3773685097694397,0.008270079270005226,0.6005347967147827,0.3999425768852234,-0.007414456456899643,0.6006133556365967,0.42671817541122437,-0.023522645235061646,0.6503683924674988,0.40775755047798157,0.020996684208512306,0.6399644017219543,0.40765586495399475,0.008786040358245373,0.632254958152771,0.41022515296936035,0.0032262082677334547,0.6207854151725769,0.40892744064331055,0.0008389913127757609,0.6122271418571472,0.4054098427295685,-0.0005424567498266697,0.6056310534477234,0.40099939703941345,-0.0019564665853977203,0.5928235650062561,0.38754814863204956,-0.013582205399870872,0.649278998374939,0.42531073093414307,0.019371317699551582,0.6442608833312988,0.3753111660480499,0.01110853161662817,0.5885637402534485,0.43656986951828003,-0.02889914996922016,0.6037744879722595,0.41348791122436523,-0.008235120214521885,0.657680332660675,0.39311137795448303,0.05783459171652794,0.6007195115089417,0.39590394496917725,-0.002792395418509841,0.606421947479248,0.429768443107605,-0.006696444004774094,0.6351380348205566,0.3858417868614197,0.009978272952139378,0.6009665131568909,0.4212891161441803,-0.021308688446879387,0.6500961184501648,0.45315587520599365,0.060504019260406494,0.6042347550392151,0.3876030147075653,0.003544779261574149,0.5963110327720642,0.41613301634788513,-0.02691345289349556,0.6311656832695007,0.4891410171985626,0.02179560624063015,0.6294978260993958,0.4997018575668335,0.033156618475914,0.6534140706062317,0.42941123247146606,0.04093330726027489,0.6394920349121094,0.4793758690357208,0.029348718002438545,0.6537471413612366,0.37432366609573364,0.0312793105840683,0.6055935621261597,0.5135095715522766,0.002380006480962038,0.5878925919532776,0.43855375051498413,-0.021005120128393173,0.6093385219573975,0.4197880029678345,-0.006204793695360422,0.6498017311096191,0.3910118043422699,0.02296260930597782,0.6247323155403137,0.3921276032924652,0.0027727873530238867,0.6197277903556824,0.3929853141307831,0.0013243961147964,0.6106422543525696,0.46975648403167725,-0.0014523945283144712,0.6476346850395203,0.442661851644516,0.021187296137213707,0.5948795676231384,0.5234529972076416,0.004128139000386,0.6118643879890442,0.5151708722114563,0.016536766663193703,0.6197616457939148,0.5090803503990173,0.02387499436736107,0.6145170331001282,0.39213308691978455,0.0012203193036839366,0.6094828844070435,0.390158087015152,0.0022108799312263727,0.6060914397239685,0.3888143002986908,0.0035339794121682644,0.6487048268318176,0.37336260080337524,0.017079897224903107,0.6101333498954773,0.382119357585907,0.0009019746212288737,0.6154757738113403,0.38040173053741455,-0.00012073112884536386,0.6205554008483887,0.38039231300354004,6.989746179897338e-05,0.6255006790161133,0.38163939118385315,0.0016162609681487083,0.628633439540863,0.3833993077278137,0.0035934182815253735,0.6575051546096802,0.37195277214050293,0.04772729426622391,0.6279189586639404,0.39049094915390015,0.0047692228108644485,0.605103611946106,0.4493494927883148,-0.00976649671792984,0.5997399091720581,0.4333517551422119,-0.01753145083785057,0.5936585068702698,0.44732916355133057,-0.015262775123119354,0.622045636177063,0.4989853501319885,0.015887917950749397,0.6138816475868225,0.5063514113426208,0.009476851671934128,0.5954487919807434,0.5180472135543823,-0.0035985391587018967,0.6374501585960388,0.4888705015182495,0.04446619376540184,0.6060823798179626,0.3852092921733856,0.0025045787915587425,0.5962330102920532,0.40117406845092773,-0.01568291150033474,0.6038310527801514,0.520162045955658,0.008984401822090149,0.6503193974494934,0.44825470447540283,0.04002489894628525,0.5981428623199463,0.46607255935668945,-0.008245001547038555,0.5992591381072998,0.46952319145202637,-0.009464086033403873,0.6001659035682678,0.4738334119319916,-0.010759727098047733,0.6007833480834961,0.4789358377456665,-0.010020243935286999,0.6008481383323669,0.48529377579689026,-0.005665401462465525,0.6083978414535522,0.46522265672683716,-0.00272719981148839,0.6098748445510864,0.46436256170272827,-0.0027452227659523487,0.6111811995506287,0.46334174275398254,-0.0028678104281425476,0.6165783405303955,0.45859503746032715,-0.0020745948422700167,0.6405973434448242,0.44565579295158386,0.008953859098255634,0.5965564250946045,0.39313310384750366,-0.01008228212594986,0.6005334258079529,0.3786698579788208,-0.0005240212194621563,0.6038901209831238,0.3809965252876282,0.0016293606022372842,0.6068453788757324,0.46596625447273254,-0.0022200769744813442,0.6392143964767456,0.4661734402179718,0.017920073121786118,0.5950751900672913,0.3769383728504181,-0.00797082670032978,0.603434145450592,0.4953620731830597,-0.0030954289250075817,0.5921769738197327,0.3963751196861267,-0.019618233665823936,0.5998621582984924,0.41450750827789307,-0.0159055907279253,0.594034731388092,0.4994114637374878,-0.007016684859991074,0.6172645092010498,0.47957491874694824,0.00397465331479907,0.6116307377815247,0.4366377294063568,-0.005081653594970703,0.6106733679771423,0.4887731671333313,0.0007376893772743642,0.6274531483650208,0.4366617798805237,-0.0028453960549086332,0.6181057095527649,0.44490838050842285,-0.0037178820930421352,0.6323426365852356,0.4503175616264343,0.0018386926967650652,0.5953459739685059,0.5101344585418701,-0.006709919311106205,0.6032735705375671,0.4194384515285492,-0.011817360296845436,0.6213708519935608,0.4881180226802826,0.00927768461406231,0.6131402850151062,0.4970583915710449,0.0048383926041424274,0.6232985854148865,0.4691222906112671,0.004427042324095964,0.645116925239563,0.4571174085140228,0.023287316784262657,0.6305434703826904,0.4731787145137787,0.01011252123862505,0.6461879014968872,0.46506646275520325,0.037429872900247574,0.6232557892799377,0.4545862078666687,-0.0007663877331651747,0.5998098850250244,0.4072917401790619,-0.011614094488322735,0.5988089442253113,0.4305700957775116,-0.024741079658269882,0.6022595167160034,0.4326005280017853,-0.018353484570980072,0.5962569713592529,0.42466723918914795,-0.028710875660181046,0.6057370901107788,0.3695499897003174,-0.002509278943762183,0.6160276532173157,0.36317914724349976,-0.003389808116480708,0.6249159574508667,0.3620832562446594,-0.0028837244026362896,0.6321901082992554,0.36427032947540283,-0.0003063931071665138,0.6371667385101318,0.36917001008987427,0.003481657011434436,0.6393955945968628,0.38721439242362976,0.012630659155547619,0.6553798913955688,0.4110433757305145,0.0395810566842556,0.6345131993293762,0.39982667565345764,0.007692963816225529,0.6284231543540955,0.40201181173324585,0.0042750039137899876,0.6204602122306824,0.4023435115814209,0.0018816147930920124,0.6127550601959229,0.4003421664237976,0.00044104710104875267,0.6065782308578491,0.3968973457813263,0.0006831797072663903,0.6023765802383423,0.3934280276298523,0.00018548904336057603,0.6560832262039185,0.41277652978897095,0.062443848699331284,0.6020746231079102,0.43459463119506836,-0.015367845073342323,0.5959298610687256,0.4084527790546417,-0.020510783419013023,0.594612181186676,0.43094971776008606,-0.029135901480913162,0.5914397239685059,0.4352674186229706,-0.026566477492451668,0.5946567058563232,0.43251341581344604,-0.026258796453475952,0.600549578666687,0.4369758069515228,-0.013205289840698242,0.5903688073158264,0.4360211193561554,-0.028102831915020943,0.589645504951477,0.4379561245441437,-0.02110518142580986,0.6022366881370544,0.38731780648231506,0.002788776531815529,0.5992196202278137,0.3881557583808899,-0.000590758805628866,0.597184419631958,0.3887656033039093,-0.004425812978297472,0.6305074095726013,0.3848016858100891,0.005818340461701155,0.6355699300765991,0.3788354992866516,0.006230528466403484,0.5569692850112915,0.3844606280326843,0.005293047055602074,0.5631222128868103,0.3848453760147095,0.005293047055602074,0.557269275188446,0.3771379590034485,0.005293047055602074,0.5507278442382812,0.3840717077255249,0.005293047055602074,0.5566677451133728,0.391684353351593,0.005293047055602074,0.6177937984466553,0.3861438035964966,0.0030550153460353613,0.6240598559379578,0.3864113688468933,0.0030550153460353613,0.6178149580955505,0.3788602352142334,0.0030550153460353613,0.611542820930481,0.3858327567577362,0.0030550153460353613,0.6177663207054138,0.3933371305465698,0.0030550153460353613
4266.666666666672,0.5888497829437256,0.45538103580474854,-0.016765287145972252,0.5874986052513123,0.43212854862213135,-0.03235148265957832,0.5873972773551941,0.4407888352870941,-0.01728813163936138,0.5832988619804382,0.40389779210090637,-0.024134643375873566,0.5876792073249817,0.42296767234802246,-0.03442329168319702,0.5879558324813843,0.411573201417923,-0.03200113773345947,0.5887244939804077,0.3849676847457886,-0.015632206574082375,0.5461985468864441,0.38571950793266296,0.00931780319660902,0.5894189476966858,0.36105915904045105,-0.011339492164552212,0.5897848606109619,0.3483561873435974,-0.0126539571210742,0.5912186503410339,0.3065149784088135,-0.007076877169311047,0.5887393355369568,0.45958244800567627,-0.01601102575659752,0.5885422825813293,0.4639265239238739,-0.014159297570586205,0.5883784294128418,0.4667063355445862,-0.011701424606144428,0.5882927775382996,0.46662428975105286,-0.011266498826444149,0.5882874727249146,0.471328467130661,-0.012451720423996449,0.5881696343421936,0.476905882358551,-0.013893607072532177,0.587957501411438,0.4826667308807373,-0.01333670038729906,0.5865030884742737,0.4891687035560608,-0.008061246015131474,0.5874821543693542,0.43686458468437195,-0.029287876561284065,0.5823755264282227,0.4364544153213501,-0.021077480167150497,0.5245718955993652,0.34973999857902527,0.03928687423467636,0.5627689957618713,0.3948395848274231,0.0022013047710061073,0.5564948320388794,0.3956734836101532,0.0030309194698929787,0.5507926344871521,0.3940909802913666,0.005091365426778793,0.5437840819358826,0.3875199854373932,0.010637850500643253,0.5682727694511414,0.3917025327682495,0.0029645622707903385,0.5551470518112183,0.36254698038101196,0.0003702266840264201,0.5621774196624756,0.36411064863204956,0.00013655677321366966,0.5484676361083984,0.3642842173576355,0.0028817495331168175,0.5440366864204407,0.36864081025123596,0.005589611828327179,0.53888338804245,0.39147523045539856,0.014115366153419018,0.5648140907287598,0.503716766834259,6.035068872733973e-05,0.5445421934127808,0.382188618183136,0.011645857244729996,0.5213776230812073,0.38807040452957153,0.04189753159880638,0.532392680644989,0.383212685585022,0.020628219470381737,0.5571081042289734,0.4246079623699188,-0.0033374535851180553,0.5804663300514221,0.45311227440834045,-0.015800587832927704,0.5810104608535767,0.4633772373199463,-0.012968871742486954,0.5719778537750244,0.456277996301651,-0.0117958914488554,0.5663928389549255,0.4595765173435211,-0.006702898070216179,0.5744284391403198,0.46335941553115845,-0.010082973167300224,0.569235622882843,0.46378272771835327,-0.0054302457720041275,0.5591599941253662,0.47177302837371826,0.002842518500983715,0.5827161073684692,0.43183019757270813,-0.03171791881322861,0.5822300314903259,0.42297446727752686,-0.0335594080388546,0.535563588142395,0.3564086854457855,0.00859562586992979,0.5705822706222534,0.40478554368019104,-0.00413893535733223,0.5696130990982056,0.4288260340690613,-0.016777141019701958,0.5693527460098267,0.42435115575790405,-0.01498386450111866,0.5378144979476929,0.4231581389904022,0.005806510336697102,0.5827531814575195,0.41249293088912964,-0.029971234500408173,0.5492951273918152,0.34541916847229004,-0.0024597058072686195,0.5412017107009888,0.3488868772983551,0.002916433149948716,0.5305726528167725,0.33276551961898804,0.026946892961859703,0.5759948492050171,0.3555113673210144,-0.009144449606537819,0.5681430101394653,0.3692208230495453,0.001624036580324173,0.5541912913322449,0.4631691575050354,0.004327624104917049,0.5286756753921509,0.4697743058204651,0.058188486844301224,0.5738754868507385,0.4339008927345276,-0.014769245870411396,0.578629732131958,0.43677034974098206,-0.015186229720711708,0.55966717004776,0.4647754430770874,0.004027463961392641,0.5612836480140686,0.4648600220680237,0.002325716894119978,0.537873387336731,0.34212225675582886,0.005803258623927832,0.5692299604415894,0.4322364032268524,-0.013466333970427513,0.5605093240737915,0.34679263830184937,-0.006711828522384167,0.5596970915794373,0.33897197246551514,-0.008064338937401772,0.55558842420578,0.3105553388595581,0.001986686373129487,0.5342531204223633,0.33952468633651733,0.014727549627423286,0.5584521293640137,0.32612383365631104,-0.0034169189166277647,0.5319049954414368,0.3517773747444153,0.013793017715215683,0.5280617475509644,0.3534429967403412,0.025542667135596275,0.5805631875991821,0.4586719572544098,-0.014981036074459553,0.5731954574584961,0.46008172631263733,-0.011142080649733543,0.5677707195281982,0.46174949407577515,-0.006525981239974499,0.5751897692680359,0.43540579080581665,-0.013292497955262661,0.5604908466339111,0.4648319184780121,0.0031709151808172464,0.5637842416763306,0.4671635925769806,-0.0008410422597080469,0.562201201915741,0.4649220108985901,0.002164434175938368,0.5765767097473145,0.4315875768661499,-0.02291482873260975,0.5703375935554504,0.46518465876579285,-0.004603126086294651,0.5754604339599609,0.46547576785087585,-0.007885482162237167,0.5815340280532837,0.4660925567150116,-0.01059239637106657,0.5783966183662415,0.4885697364807129,-0.007298977579921484,0.57960444688797,0.48156383633613586,-0.012388329021632671,0.5801123380661011,0.47580674290657043,-0.012811086140573025,0.5807659029960632,0.47029247879981995,-0.01124576572328806,0.5815036296844482,0.4660148620605469,-0.010081972926855087,0.5702975392341614,0.46522876620292664,-0.0041040824726223946,0.5690557956695557,0.4671381413936615,-0.005243719555437565,0.567624568939209,0.46975135803222656,-0.0062720864079892635,0.5664529800415039,0.47278231382369995,-0.00514134531840682,0.5611792206764221,0.4517861604690552,-0.004665916785597801,0.521853506565094,0.4280639886856079,0.06733957678079605,0.5874610543251038,0.4388484060764313,-0.021480243653059006,0.5664852857589722,0.465101957321167,-0.0003053555847145617,0.5651777386665344,0.46603769063949585,-0.0009647698025219142,0.5802710652351379,0.4400536119937897,-0.015491146594285965,0.5709975957870483,0.43701210618019104,-0.009145542047917843,0.5795332789421082,0.4384762644767761,-0.015456258319318295,0.5635290741920471,0.4094562530517578,-0.001820916193537414,0.5528008937835693,0.4142123758792877,0.0005688894307240844,0.56818026304245,0.42792943120002747,-0.011541575193405151,0.5403870344161987,0.31929391622543335,0.013814340345561504,0.5438212752342224,0.3298010528087616,0.005180991720408201,0.5471361875534058,0.3377235531806946,-0.0016046027885749936,0.5640648603439331,0.47849389910697937,-0.0008525472949258983,0.5744709968566895,0.34275728464126587,-0.0115556875243783,0.5734227895736694,0.3263232111930847,-0.00855190772563219,0.5719720125198364,0.30686163902282715,-0.005149798933416605,0.5461995601654053,0.39162641763687134,0.008041061460971832,0.532448410987854,0.39677223563194275,0.01774267666041851,0.5720230937004089,0.3887885808944702,0.0036007568705826998,0.5381960868835449,0.3720833361148834,0.011589274741709232,0.575144350528717,0.3991549015045166,-0.006410398054867983,0.5731268525123596,0.42600324749946594,-0.022752858698368073,0.5255051851272583,0.4035305082798004,0.024897586554288864,0.5363983511924744,0.4032011032104492,0.012057614512741566,0.5439937114715576,0.40660253167152405,0.006081738043576479,0.5553269982337952,0.4062694311141968,0.003071883460506797,0.5638765096664429,0.40341559052467346,0.0012000666465610266,0.5705122351646423,0.39930883049964905,-0.0006345973815768957,0.5831754207611084,0.38719499111175537,-0.013084065169095993,0.5255155563354492,0.4210657477378845,0.023247165605425835,0.533498227596283,0.36905238032341003,0.014705847948789597,0.5846301317214966,0.4364762008190155,-0.028860272839665413,0.5710683465003967,0.4124896824359894,-0.007105731870979071,0.5199645757675171,0.3885509669780731,0.06243917718529701,0.5755283236503601,0.39445987343788147,-0.001723074121400714,0.5675013661384583,0.4285377860069275,-0.00553718488663435,0.5416315197944641,0.38134628534317017,0.0130728455260396,0.5731009244918823,0.4205467104911804,-0.020499110221862793,0.5243520140647888,0.448923796415329,0.06446456164121628,0.5726049542427063,0.38556548953056335,0.004975225776433945,0.5778433680534363,0.4156522750854492,-0.02632548101246357,0.5405598282814026,0.4860333800315857,0.024558058008551598,0.5420974493026733,0.49679672718048096,0.03585168346762657,0.5215749740600586,0.42491862177848816,0.045152436941862106,0.5327432155609131,0.4758325219154358,0.03264322876930237,0.524492621421814,0.36982136964797974,0.03544508293271065,0.5642989873886108,0.5120790004730225,0.003512573428452015,0.5852793455123901,0.4384720027446747,-0.021025851368904114,0.5651615858078003,0.418358713388443,-0.004797471221536398,0.5271585583686829,0.3845096826553345,0.02686813846230507,0.5513424277305603,0.39061397314071655,0.005248707719147205,0.5564702749252319,0.3918747901916504,0.0035577190574258566,0.5625613331794739,0.46854323148727417,0.00023408532433677465,0.5262721180915833,0.43850177526474,0.024948567152023315,0.57478928565979,0.5229250192642212,0.00454086484387517,0.558650553226471,0.513446033000946,0.01821213588118553,0.5512770414352417,0.5067892074584961,0.026032580062747,0.5904395580291748,0.32729125022888184,-0.010483875870704651,0.5859166383743286,0.5244404673576355,0.002241519745439291,0.5619006752967834,0.39102309942245483,0.0031457163859158754,0.5671128034591675,0.3887519836425781,0.0038799105677753687,0.570661723613739,0.38704636693000793,0.0050542401149868965,0.5291156768798828,0.36667290329933167,0.020949341356754303,0.5669820308685303,0.3781508505344391,0.002667246153578162,0.5615217685699463,0.3752807080745697,0.0019196707289665937,0.5562435388565063,0.37477928400039673,0.002406009705737233,0.5510883927345276,0.3761909306049347,0.0042511774227023125,0.5478402972221375,0.3784380853176117,0.006377627141773701,0.521318793296814,0.367391437292099,0.05228583514690399,0.5481359958648682,0.3882348835468292,0.007465451490134001,0.5873183012008667,0.44686776399612427,-0.01567622274160385,0.5678297877311707,0.44809916615486145,-0.00860205851495266,0.5738468766212463,0.4326701760292053,-0.016873212531208992,0.5792900323867798,0.4467266798019409,-0.014855162240564823,0.589061975479126,0.37345749139785767,-0.01136052142828703,0.5491104125976562,0.4963727593421936,0.018080484122037888,0.5566601753234863,0.5042575597763062,0.011144652962684631,0.5740275979042053,0.5173864364624023,-0.0031046587973833084,0.5348860025405884,0.48556309938430786,0.0477372407913208,0.5709159970283508,0.38249748945236206,0.0040921419858932495,0.5790329575538635,0.40063875913619995,-0.015009159222245216,0.5857992172241211,0.5186402797698975,-0.0050757452845573425,0.5661237835884094,0.5190335512161255,0.010115239769220352,0.5235967636108398,0.4439614415168762,0.04398729279637337,0.5754259824752808,0.4654585123062134,-0.007360778748989105,0.5741875767707825,0.46873918175697327,-0.008591310121119022,0.5731325745582581,0.47290149331092834,-0.009816775098443031,0.5723202228546143,0.4779167175292969,-0.009046915918588638,0.5703674554824829,0.48436465859413147,-0.004647835157811642,0.5650618672370911,0.464224636554718,-0.0011336726602166891,0.5636197328567505,0.46331268548965454,-0.0010222761193290353,0.5624158382415771,0.46226856112480164,-0.0010757633717730641,0.5560599565505981,0.45660775899887085,8.325688213517424e-06,0.5327709317207336,0.4419863820075989,0.012161128222942352,0.579318106174469,0.39255374670028687,-0.009318835102021694,0.5763998627662659,0.3758702874183655,0.0005044189747422934,0.5731266736984253,0.3781092166900635,0.0030532628297805786,0.566535472869873,0.4650307893753052,-0.0006980425678193569,0.5334502458572388,0.4626705050468445,0.02107599936425686,0.5817643404006958,0.3741706907749176,-0.007310418877750635,0.5672579407691956,0.49416765570640564,-0.0020456123165786266,0.5882134437561035,0.40261203050613403,-0.026357922703027725,0.5831829309463501,0.3960793912410736,-0.019223026931285858,0.5884542465209961,0.3942842483520508,-0.02081940695643425,0.5747085213661194,0.413737952709198,-0.01509509515017271,0.5859381556510925,0.5104479789733887,-0.008290517143905163,0.5862006545066833,0.49949508905410767,-0.00830614473670721,0.576305091381073,0.49884018301963806,-0.006668424233794212,0.5545515418052673,0.4774141311645508,0.006043566856533289,0.5620366334915161,0.43501925468444824,-0.0035608476027846336,0.5605725049972534,0.48707273602485657,0.002319076331332326,0.5461784601211548,0.4338962733745575,-0.0005087602767162025,0.5552381277084351,0.4427468478679657,-0.0017895528580993414,0.540787935256958,0.4471477270126343,0.004533050581812859,0.5744305849075317,0.5094461441040039,-0.0062047564424574375,0.5711737871170044,0.41851386427879333,-0.010800826363265514,0.5502101182937622,0.48563507199287415,0.011464715003967285,0.5577455163002014,0.49513620138168335,0.006449593231081963,0.5490015149116516,0.4665859639644623,0.00688914954662323,0.5281475186347961,0.4531947374343872,0.026793384924530983,0.5416885018348694,0.47015345096588135,0.012799164280295372,0.5268664360046387,0.46112358570098877,0.041198138147592545,0.5497210621833801,0.45200151205062866,0.0015640484634786844,0.5752536654472351,0.406534343957901,-0.010702082887291908,0.5747911930084229,0.4299788475036621,-0.024079512804746628,0.5713213086128235,0.4317518472671509,-0.017534110695123672,0.5774341225624084,0.4241935610771179,-0.028195509687066078,0.5714939832687378,0.36511629819869995,-0.001152378972619772,0.5614979267120361,0.35762545466423035,-0.0015030751237645745,0.5527626872062683,0.3562285900115967,-0.00047090501175262034,0.5456163883209229,0.3586273193359375,0.002554087433964014,0.5405356287956238,0.36367902159690857,0.006642449647188187,0.5376031398773193,0.38224804401397705,0.01591426692903042,0.5206559300422668,0.40646466612815857,0.04394814372062683,0.5419308543205261,0.39581334590911865,0.010729447938501835,0.547845721244812,0.3989163637161255,0.006932548247277737,0.5557151436805725,0.40014293789863586,0.004109679255634546,0.5634278655052185,0.3985988199710846,0.0022356631234288216,0.5696642398834229,0.3951997756958008,0.0020968548487871885,0.5739667415618896,0.39180728793144226,0.001373845967464149,0.520586371421814,0.4082544147968292,0.0670071542263031,0.5714090466499329,0.4337431490421295,-0.014554936438798904,0.5787845253944397,0.4079447388648987,-0.019860364496707916,0.5788248777389526,0.4305850863456726,-0.028769362717866898,0.5819141268730164,0.4350302815437317,-0.026433581486344337,0.5788374543190002,0.4321097433567047,-0.025889040902256966,0.5728560090065002,0.4361658990383148,-0.012528874911367893,0.582878053188324,0.43584275245666504,-0.02802145481109619,0.5835741758346558,0.4378238618373871,-0.021023500710725784,0.5745277404785156,0.3852590024471283,0.004008150659501553,0.5773202776908875,0.3863949179649353,0.00038308536750264466,0.5792483687400818,0.3872205913066864,-0.003617249894887209,0.5460217595100403,0.38026073575019836,0.008715742267668247,0.541425883769989,0.3739522695541382,0.009295104071497917,0.5931017994880676,0.40409988164901733,-0.02451115846633911,0.6320030093193054,0.3883763551712036,0.00674555916339159,0.5927851796150208,0.43658873438835144,-0.021362219005823135,0.6567192673683167,0.35375428199768066,0.035382941365242004,0.6152576804161072,0.39580991864204407,0.000494168431032449,0.6214584708213806,0.3967767059803009,0.001025581848807633,0.6272414922714233,0.3958253562450409,0.002789329970255494,0.6345537900924683,0.39092323184013367,0.007905269041657448,0.6098809838294983,0.39286237955093384,0.0015895827673375607,0.6240883469581604,0.367625892162323,-0.0018113215919584036,0.6171497106552124,0.3687158226966858,-0.0016381338937208056,0.630650520324707,0.36928126215934753,0.00042081810534000397,0.6348293423652649,0.37324485182762146,0.0029317312873899937,0.639585554599762,0.3953841030597687,0.011230840347707272,0.6076493263244629,0.5048377513885498,-0.0011812540469691157,0.6339460015296936,0.3857514560222626,0.008949448354542255,0.657412588596344,0.39207085967063904,0.03809123858809471,0.646331787109375,0.3883073329925537,0.017421970143914223,0.618949294090271,0.42616188526153564,-0.005160897504538298,0.5970981121063232,0.45341017842292786,-0.016338994726538658,0.5959237217903137,0.4636746048927307,-0.013510323129594326,0.6051376461982727,0.4567670524120331,-0.01290205866098404,0.6102024912834167,0.4602331519126892,-0.008190151304006577,0.6022178530693054,0.46386560797691345,-0.011113977059721947,0.6071076989173889,0.46443089842796326,-0.006746029481291771,0.6152098774909973,0.472885400056839,0.0009868795750662684,0.5923473238945007,0.4320136606693268,-0.03192866966128349,0.5930778980255127,0.42314931750297546,-0.03384106233716011,0.6446141004562378,0.3619455397129059,0.005503663327544928,0.6064134836196899,0.40562936663627625,-0.005294930189847946,0.6059394478797913,0.4294705390930176,-0.017848271876573563,0.6064019203186035,0.4250287413597107,-0.01611349731683731,0.6384161710739136,0.4258687198162079,0.0029291431419551373,0.5931347012519836,0.41264528036117554,-0.030342720448970795,0.6304368376731873,0.3513631224632263,-0.0046395668759942055,0.638919472694397,0.3545909821987152,0.00020319454779382795,0.6515191793441772,0.3363882005214691,0.023425374180078506,0.6025443077087402,0.36028751730918884,-0.009898283518850803,0.6110272407531738,0.3728533089160919,0.00015291306772269309,0.6205986142158508,0.4644746780395508,0.002159992465749383,0.6464971899986267,0.47276073694229126,0.05463453009724617,0.6015497446060181,0.4343453347682953,-0.01552581787109375,0.5966671109199524,0.4370517134666443,-0.015566985122859478,0.6162521243095398,0.46564027667045593,0.002120364224538207,0.6146335005760193,0.46568354964256287,0.0006055708508938551,0.6426279544830322,0.348008394241333,0.002945397747680545,0.6062204241752625,0.43291419744491577,-0.014521993696689606,0.618637204170227,0.3526955842971802,-0.008241613395512104,0.6196854710578918,0.3447490334510803,-0.009601673111319542,0.6270065903663635,0.31255316734313965,-0.00010557021596468985,0.6470330953598022,0.34308671951293945,0.01170211099088192,0.6227777004241943,0.3281114101409912,-0.0051068807952106,0.6483832001686096,0.3577764928340912,0.01053109671920538,0.6526820063591003,0.3574320375919342,0.0220579095184803,0.596721351146698,0.45899125933647156,-0.015548747032880783,0.6037128567695618,0.46061766147613525,-0.012234003283083439,0.6087313294410706,0.4623847007751465,-0.00794744212180376,0.6001258492469788,0.4357988238334656,-0.013915576040744781,0.6154196262359619,0.46567633748054504,0.0013736941618844867,0.6120732426643372,0.46794426441192627,-0.0023917320650070906,0.613707423210144,0.4657208025455475,0.0005056266090832651,0.5988191962242126,0.43195271492004395,-0.023623453453183174,0.6058064699172974,0.4657943844795227,-0.005843391641974449,0.6009246706962585,0.465965211391449,-0.00884529110044241,0.5951012969017029,0.4663911461830139,-0.011152287945151329,0.5947602987289429,0.4889853596687317,-0.00783347338438034,0.5961667895317078,0.48187965154647827,-0.012964220717549324,0.5959910750389099,0.4761008620262146,-0.01343232486397028,0.5955923795700073,0.47057947516441345,-0.011855822056531906,0.5949710011482239,0.46627750992774963,-0.010662117041647434,0.6057146191596985,0.46582579612731934,-0.005344762466847897,0.6069608330726624,0.4678131937980652,-0.006474911235272884,0.6082826852798462,0.4704733192920685,-0.0075463177636265755,0.6092668175697327,0.4735272526741028,-0.006474395748227835,0.6137247085571289,0.45287737250328064,-0.006317113060504198,0.6554207801818848,0.431806355714798,0.06338929384946823,0.6094040274620056,0.465789258480072,-0.001813849899917841,0.6107252836227417,0.46678662300109863,-0.0024829544126987457,0.594840943813324,0.44034361839294434,-0.01589650847017765,0.6043358445167542,0.43764528632164,-0.010013110004365444,0.5956770777702332,0.4387800097465515,-0.015831803902983665,0.613250732421875,0.41071686148643494,-0.003350068349391222,0.623805582523346,0.41611555218696594,-0.0015267550479620695,0.6074991226196289,0.428713321685791,-0.012697853147983551,0.6421873569488525,0.32226020097732544,0.010904397815465927,0.6376788020133972,0.33280664682388306,0.0027141340542584658,0.6327986717224121,0.34350693225860596,-0.0039042404387146235,0.6098315715789795,0.4794662892818451,-0.0023755605798214674,0.6045182943344116,0.34788450598716736,-0.012333962135016918,0.6075614094734192,0.3273366391658783,-0.009425947442650795,0.6105397343635559,0.30787160992622375,-0.006216619163751602,0.6318960189819336,0.3941994905471802,0.005481941159814596,0.6457481384277344,0.40099960565567017,0.014535568654537201,0.6062713861465454,0.39015576243400574,0.002383978571742773,0.6409016847610474,0.37673020362854004,0.008628266863524914,0.6020761728286743,0.3997657299041748,-0.007324736099690199,0.6024038791656494,0.4265214800834656,-0.02359878644347191,0.6521033048629761,0.4070897698402405,0.021328741684556007,0.6417419910430908,0.4068043828010559,0.009034515358507633,0.6341246366500854,0.4093976616859436,0.0034137340262532234,0.6226401925086975,0.4082326889038086,0.0009929564548656344,0.614011287689209,0.40481385588645935,-0.0004134611808694899,0.6073500514030457,0.40044689178466797,-0.0018302422249689698,0.594272792339325,0.3874310255050659,-0.01348117832094431,0.6511327624320984,0.4245547652244568,0.019630633294582367,0.6457594037055969,0.3745712637901306,0.011506874114274979,0.5903451442718506,0.4365600347518921,-0.02903774194419384,0.6054515242576599,0.41324129700660706,-0.008215502835810184,0.6592614650726318,0.39254507422447205,0.058307550847530365,0.6023908257484436,0.3954031467437744,-0.0026623213198035955,0.6082780957221985,0.4293910264968872,-0.00674657616764307,0.636939287185669,0.38537174463272095,0.010296568274497986,0.6027047634124756,0.42106860876083374,-0.021366426721215248,0.6518795490264893,0.45237916707992554,0.06076977401971817,0.6059544682502747,0.38718393445014954,0.0037345828022807837,0.5979904532432556,0.41598397493362427,-0.02697634883224964,0.6332529783248901,0.4884161055088043,0.02181832119822502,0.631527304649353,0.49901923537254333,0.033129435032606125,0.6551766395568848,0.42866411805152893,0.041270911693573,0.6415202021598816,0.4786020815372467,0.029429947957396507,0.6552773118019104,0.37382009625434875,0.031781475991010666,0.607771098613739,0.5132705569267273,0.0021905561443418264,0.5896831750869751,0.4385298490524292,-0.02114010974764824,0.611110508441925,0.4194442927837372,-0.006198408547788858,0.6511965394020081,0.3901168704032898,0.02335951291024685,0.6266564726829529,0.39182981848716736,0.0030043236911296844,0.6215886473655701,0.39264869689941406,0.0015353381168097258,0.6132456660270691,0.46936511993408203,-0.0014115580124780536,0.6495873928070068,0.4418748915195465,0.02137560211122036,0.5970186591148376,0.5234730839729309,0.003785453736782074,0.613959014415741,0.5147742033004761,0.016365554183721542,0.6218307018280029,0.5085280537605286,0.023774798959493637,0.6163219213485718,0.3917578458786011,0.0014173808740451932,0.6112531423568726,0.3897520899772644,0.0024040418211370707,0.6078380346298218,0.38840073347091675,0.0037297592498362064,0.6500647068023682,0.3725501596927643,0.01751008816063404,0.6118977665901184,0.3813711106777191,0.0011079577961936593,0.6172311902046204,0.3794114589691162,9.929212683346123e-05,0.62237948179245,0.3792760670185089,0.0003070309176109731,0.6274141669273376,0.3805861175060272,0.0018763575935736299,0.6305701732635498,0.38254299759864807,0.0038592233322560787,0.6589891910552979,0.3714878261089325,0.04825509339570999,0.6298784017562866,0.390183687210083,0.0050248755142092705,0.6071670651435852,0.44886788725852966,-0.009802613407373428,0.601603627204895,0.4331328570842743,-0.017615539953112602,0.5956012606620789,0.4470561742782593,-0.015367044135928154,0.6241609454154968,0.49837279319763184,0.01585661806166172,0.6160180568695068,0.5058941841125488,0.009371042251586914,0.5976213216781616,0.518017590045929,-0.003863165620714426,0.6393997669219971,0.4881121516227722,0.04453693702816963,0.6078260540962219,0.3846825957298279,0.0027075139805674553,0.5977916121482849,0.4010380804538727,-0.015642626211047173,0.605964720249176,0.5199681520462036,0.008723821491003036,0.6521673798561096,0.44746676087379456,0.040276676416397095,0.600836455821991,0.46591246128082275,-0.008319768123328686,0.6019664406776428,0.4692499339580536,-0.009568298235535622,0.6028595566749573,0.4734375774860382,-0.01087077148258686,0.6034508943557739,0.47846361994743347,-0.010125530883669853,0.6030724048614502,0.4850476384162903,-0.0057862019166350365,0.6110380291938782,0.464959979057312,-0.002694998634979129,0.6125209331512451,0.46407023072242737,-0.0027003472205251455,0.6138179302215576,0.46303021907806396,-0.0028220079839229584,0.6188026070594788,0.457882285118103,-0.00202162959612906,0.6426486372947693,0.44491589069366455,0.009053915739059448,0.5980421900749207,0.3929935693740845,-0.009984910488128662,0.602103054523468,0.37822526693344116,-0.0003378740802872926,0.605543315410614,0.380524218082428,0.0018386426381766796,0.6094668507575989,0.4657265841960907,-0.002209556056186557,0.6413031816482544,0.4653990566730499,0.017992090433835983,0.5965592861175537,0.3764724135398865,-0.00781587790697813,0.6056411266326904,0.495072603225708,-0.0032495735213160515,0.5936917662620544,0.39628148078918457,-0.019576478749513626,0.6015303730964661,0.4143071472644806,-0.015922555699944496,0.5962003469467163,0.4993317723274231,-0.007259103935211897,0.6194465160369873,0.4789115786552429,0.003975176252424717,0.6135662794113159,0.4361746609210968,-0.005103623028844595,0.6128771305084229,0.4882831275463104,0.0006666239933110774,0.6294631958007812,0.43607035279273987,-0.0028377179987728596,0.6201494336128235,0.4443378448486328,-0.003704567439854145,0.6344380378723145,0.44961118698120117,0.0018545114435255527,0.597525954246521,0.510076642036438,-0.006956961005926132,0.6050009727478027,0.4191742539405823,-0.01183650828897953,0.623517632484436,0.48747122287750244,0.009262776002287865,0.6153130531311035,0.4965824484825134,0.00473991921171546,0.6254701614379883,0.4683600962162018,0.0044504618272185326,0.6471325755119324,0.4563171863555908,0.02342073619365692,0.6326814293861389,0.47242873907089233,0.010143683291971684,0.6481149196624756,0.46427008509635925,0.03760260343551636,0.6254057288169861,0.453864187002182,-0.0007365067140199244,0.6014163494110107,0.40710878372192383,-0.011581816710531712,0.600629448890686,0.4304223954677582,-0.024827418848872185,0.6041248440742493,0.4323286712169647,-0.018433766439557076,0.5980080962181091,0.4245487153530121,-0.02878781594336033,0.6072837114334106,0.36905452609062195,-0.0022765682078897953,0.6176092624664307,0.3626227378845215,-0.003102445276454091,0.6265353560447693,0.36145755648612976,-0.0025669457390904427,0.6338247656822205,0.3635895252227783,4.241862552589737e-05,0.6388247013092041,0.3684988021850586,0.003851815592497587,0.6410943269729614,0.3866596817970276,0.012970448471605778,0.6570767164230347,0.4103742837905884,0.039987217634916306,0.6363246440887451,0.3991919159889221,0.00795289408415556,0.6302474737167358,0.4013894200325012,0.004502411000430584,0.6222737431526184,0.40179842710494995,0.00207494106143713,0.614520788192749,0.39984577894210815,0.0005893693305552006,0.6082972288131714,0.3964163661003113,0.0008372581796720624,0.6040583252906799,0.3929636776447296,0.0003269717562943697,0.6577382683753967,0.4121224284172058,0.06286533176898956,0.6039566993713379,0.4342838525772095,-0.01544898934662342,0.5975441932678223,0.40831130743026733,-0.020523350685834885,0.5964044332504272,0.4308792054653168,-0.02924533560872078,0.593239963054657,0.4352146089076996,-0.026691662147641182,0.5964664816856384,0.43243563175201416,-0.026366911828517914,0.6024508476257324,0.436659038066864,-0.013294415548443794,0.5921655893325806,0.43598753213882446,-0.028236065059900284,0.5914501547813416,0.4379023313522339,-0.0212335754185915,0.6039231419563293,0.38689643144607544,0.0029653883539140224,0.6008464694023132,0.38772180676460266,-0.00044066229020245373,0.5987860560417175,0.3883097469806671,-0.004288683645427227,0.6324304342269897,0.3841286301612854,0.006102245766669512,0.6373333930969238,0.378286212682724,0.006542710587382317,0.5584378242492676,0.3843899369239807,0.0052950154058635235,0.564469039440155,0.38472041487693787,0.0052950154058635235,0.5586766600608826,0.37682831287384033,0.0052950154058635235,0.5522969961166382,0.3840458393096924,0.0052950154058635235,0.5581915378570557,0.3918825089931488,0.0052950154058635235,0.6195572018623352,0.3859237730503082,0.003287808271124959,0.6257379651069641,0.38614732027053833,0.003287808271124959,0.6195896863937378,0.37879490852355957,0.003287808271124959,0.613422691822052,0.385680615901947,0.003287808271124959,0.6195377707481384,0.39298364520072937,0.003287808271124959
4300.0000000000055,0.5906279683113098,0.4555274248123169,-0.016639603301882744,0.5893456339836121,0.43289873003959656,-0.03233538568019867,0.5892469882965088,0.44132310152053833,-0.017256204038858414,0.5849831700325012,0.4045364260673523,-0.024181172251701355,0.5894871950149536,0.4237382709980011,-0.03441993147134781,0.5896962285041809,0.41227686405181885,-0.03201454505324364,0.5902970433235168,0.3854444921016693,-0.015705108642578125,0.5477133989334106,0.3858130872249603,0.009150698781013489,0.5908699035644531,0.3613719344139099,-0.011428678408265114,0.5911837220191956,0.34864574670791626,-0.012761935591697693,0.5924233198165894,0.3066073954105377,-0.007231871131807566,0.5905303955078125,0.4596937894821167,-0.015875276178121567,0.5903449058532715,0.4640134572982788,-0.014025638811290264,0.5901829600334167,0.4667874276638031,-0.011566544882953167,0.5901207327842712,0.46670061349868774,-0.011194502003490925,0.5901297926902771,0.47131478786468506,-0.01237889938056469,0.5900301933288574,0.47682318091392517,-0.013841248117387295,0.5898330807685852,0.48251262307167053,-0.013319260440766811,0.5885167121887207,0.4891865849494934,-0.008100306615233421,0.5893346667289734,0.4375770390033722,-0.02926519326865673,0.5841334462165833,0.4371238946914673,-0.021067162975668907,0.525780975818634,0.3500029146671295,0.039007265120744705,0.5643045902252197,0.3950755298137665,0.0020861474331468344,0.5580034852027893,0.39581555128097534,0.002900749212130904,0.5522796511650085,0.39423006772994995,0.004943591542541981,0.5452873706817627,0.38771992921829224,0.010465718805789948,0.5698261260986328,0.3920867145061493,0.0028658623341470957,0.5565513968467712,0.36264359951019287,0.00021247111726552248,0.5636318922042847,0.36427104473114014,-2.0360309918032726e-06,0.549851655960083,0.36440804600715637,0.0027071009390056133,0.5454270243644714,0.36883485317230225,0.005409007426351309,0.5403040647506714,0.3918335735797882,0.013941901735961437,0.5668861865997314,0.5038970112800598,2.8157855922472663e-05,0.5460614562034607,0.3823080062866211,0.011469339951872826,0.5227377414703369,0.38839223980903625,0.04165637493133545,0.533751368522644,0.38370147347450256,0.020425014197826385,0.5587583780288696,0.4250190258026123,-0.0034242961555719376,0.5822258591651917,0.453416109085083,-0.01571398600935936,0.5827719569206238,0.46354231238365173,-0.012861903756856918,0.5737070441246033,0.45664888620376587,-0.011737657710909843,0.5680993795394897,0.45992162823677063,-0.006657609716057777,0.5761542916297913,0.4635966420173645,-0.009998655878007412,0.5709376335144043,0.4640469551086426,-0.005362607538700104,0.5609763264656067,0.47193893790245056,0.0028456400614231825,0.5845418572425842,0.43262171745300293,-0.031713441014289856,0.5840258002281189,0.4237563908100128,-0.03356899321079254,0.5368946194648743,0.3567189872264862,0.008360449224710464,0.572207510471344,0.40517863631248474,-0.0042176940478384495,0.5713098049163818,0.42941468954086304,-0.01681317202746868,0.5710335373878479,0.42489245533943176,-0.015026997774839401,0.5394185781478882,0.4235675632953644,0.005678381770849228,0.5844887495040894,0.41321060061454773,-0.030002037063241005,0.5506076812744141,0.34555554389953613,-0.0026640489231795073,0.5425080060958862,0.34905320405960083,0.0026895881164819,0.5317419171333313,0.3330831527709961,0.0266733355820179,0.5774016976356506,0.35575252771377563,-0.00926757138222456,0.5696590542793274,0.3694915771484375,0.0015055894618853927,0.5559227466583252,0.4633987545967102,0.004324233625084162,0.5302459001541138,0.469876229763031,0.05806660279631615,0.5755786895751953,0.4344865679740906,-0.014788515865802765,0.5803541541099548,0.43732544779777527,-0.015180405229330063,0.5613135695457458,0.4649907052516937,0.004049607086926699,0.5629432201385498,0.4650784432888031,0.0023578882683068514,0.5391672253608704,0.34239718317985535,0.00555739551782608,0.5709092020988464,0.4327443540096283,-0.013495405204594135,0.5618410110473633,0.34697291254997253,-0.0068823667243123055,0.5610138773918152,0.33919578790664673,-0.008250177837908268,0.5567358732223511,0.31085625290870667,0.001753348740749061,0.5355151891708374,0.339959979057312,0.014450203627347946,0.5597018599510193,0.3265228271484375,-0.0036493302322924137,0.5332196950912476,0.3522246181964874,0.013535668142139912,0.5293551683425903,0.35382524132728577,0.025261105969548225,0.5823261141777039,0.45888397097587585,-0.01488094124943018,0.5749219059944153,0.46036750078201294,-0.011066119186580181,0.5694751739501953,0.4620462954044342,-0.006467460189014673,0.576888382434845,0.4359544813632965,-0.013304445892572403,0.5621415972709656,0.4650457501411438,0.003200068138539791,0.5654828548431396,0.46739083528518677,-0.0008195670670829713,0.5638652443885803,0.46514397859573364,0.002197970636188984,0.5783190727233887,0.43231749534606934,-0.022935066372156143,0.5720464587211609,0.4654357433319092,-0.004532339982688427,0.5771839618682861,0.46569493412971497,-0.007795060519129038,0.5832951664924622,0.4662424921989441,-0.010482491925358772,0.5804016590118408,0.48863622546195984,-0.007352957036346197,0.5814754366874695,0.4814789593219757,-0.012393326498568058,0.5819568037986755,0.47579726576805115,-0.01279127411544323,0.5825818777084351,0.4703555703163147,-0.011204060167074203,0.5833010673522949,0.4661622941493988,-0.010039346292614937,0.5720254778862,0.4654819071292877,-0.004081211052834988,0.5707903504371643,0.4673601984977722,-0.005225039552897215,0.5693652033805847,0.46994462609291077,-0.006261731032282114,0.5682041049003601,0.4729366600513458,-0.005137226544320583,0.5628834962844849,0.45212966203689575,-0.004657446872442961,0.5232939124107361,0.4281814694404602,0.06714507192373276,0.5893118381500244,0.4394923150539398,-0.021451463922858238,0.5681942105293274,0.4653540849685669,-0.00028343586018308997,0.5668830275535583,0.466273695230484,-0.0009425109019502997,0.5820407271385193,0.44057634472846985,-0.015478993766009808,0.5726684927940369,0.43744948506355286,-0.00916045717895031,0.5812793970108032,0.43901771306991577,-0.015447573736310005,0.56516432762146,0.40983569622039795,-0.0019106271211057901,0.554434597492218,0.41460898518562317,0.0004578614607453346,0.5698516368865967,0.42841240763664246,-0.01158145908266306,0.5415279269218445,0.3196302652359009,0.013561820611357689,0.5450552105903625,0.3302443325519562,0.00492221349850297,0.5484288334846497,0.33792614936828613,-0.00183064432349056,0.5659547448158264,0.47864097356796265,-0.0008675923454575241,0.5758454203605652,0.3430466651916504,-0.011700723320245743,0.5747041702270508,0.3266480565071106,-0.008746754378080368,0.5731405019760132,0.30708086490631104,-0.005346706137061119,0.5476942658424377,0.3917829394340515,0.007878011092543602,0.5337696671485901,0.3972550332546234,0.017563000321388245,0.5736001133918762,0.38926103711128235,0.0035069379955530167,0.5396100878715515,0.3724038600921631,0.011385539546608925,0.5767567753791809,0.39957764744758606,-0.006484432145953178,0.5748522877693176,0.42670220136642456,-0.022786514833569527,0.5269829034805298,0.40393391251564026,0.024707406759262085,0.5377486348152161,0.4035782217979431,0.011894055642187595,0.5453651547431946,0.4069092273712158,0.00593992043286562,0.5567657351493835,0.4065113365650177,0.00295474985614419,0.5653606653213501,0.4036516547203064,0.001102664740756154,0.5720147490501404,0.3995871841907501,-0.0007193329511210322,0.5847575068473816,0.3876854181289673,-0.0131692448630929,0.5270410180091858,0.4214495122432709,0.023083632811903954,0.5348774194717407,0.36946824193000793,0.014476031064987183,0.5864536166191101,0.4372034966945648,-0.02884717658162117,0.5727105736732483,0.4129265248775482,-0.007172164041548967,0.5212765336036682,0.38870465755462646,0.06218723580241203,0.5770488381385803,0.39476388692855835,-0.001801833393983543,0.5691529512405396,0.42895644903182983,-0.005580160301178694,0.5431085228919983,0.3815518915653229,0.012890549376606941,0.5747981667518616,0.4211741089820862,-0.020540602505207062,0.5258456468582153,0.4490368366241455,0.06430310755968094,0.5742133855819702,0.38606321811676025,0.004874992184340954,0.5795628428459167,0.41633814573287964,-0.026363683864474297,0.5423245429992676,0.48626554012298584,0.02450321428477764,0.543891191482544,0.4969291090965271,0.03577839583158493,0.5230416655540466,0.4252242147922516,0.04497396945953369,0.5343849658966064,0.4760909676551819,0.03256075456738472,0.525808572769165,0.37015944719314575,0.03517784923315048,0.5663915872573853,0.5122721791267395,0.0034955183509737253,0.5870968699455261,0.4391288459300995,-0.02100261300802231,0.5668050646781921,0.41876134276390076,-0.004868100862950087,0.5284745097160339,0.3851316571235657,0.026647664606571198,0.55284184217453,0.3906974494457245,0.005102549679577351,0.5579813122749329,0.3920086622238159,0.003425318980589509,0.5642544031143188,0.46875298023223877,0.0002547201293054968,0.5278107523918152,0.4388635754585266,0.024815239012241364,0.5769222378730774,0.5230445861816406,0.004483225755393505,0.560689389705658,0.5135850310325623,0.018150463700294495,0.5532246828079224,0.5069188475608826,0.02597036026418209,0.5917477011680603,0.3274923264980316,-0.010635380633175373,0.588035523891449,0.5245031714439392,0.0022167067509144545,0.563432514667511,0.39127081632614136,0.0030272991862148046,0.5686749219894409,0.38914158940315247,0.003771557006984949,0.5722507238388062,0.3875229060649872,0.004949611611664295,0.5304820537567139,0.36721891164779663,0.0207015760242939,0.5685195922851562,0.3783986568450928,0.0025482692290097475,0.5630092024803162,0.37534022331237793,0.0017885308479890227,0.557689368724823,0.37477827072143555,0.0022597082424908876,0.5525347590446472,0.37621331214904785,0.0040915366262197495,0.5493065118789673,0.3785073161125183,0.0062123131938278675,0.5225602388381958,0.36759883165359497,0.052015144377946854,0.5496407747268677,0.3883178234100342,0.007306971587240696,0.5891923904418945,0.44725561141967773,-0.015622875653207302,0.5695523619651794,0.4484717845916748,-0.00859932228922844,0.5755559802055359,0.4333081543445587,-0.016895420849323273,0.5810988545417786,0.4471301734447479,-0.014828469604253769,0.5905671715736389,0.37381941080093384,-0.011445245705544949,0.5510212779045105,0.4965740740299225,0.018049001693725586,0.5586686134338379,0.5044528245925903,0.011121352203190327,0.5761693120002747,0.5175381898880005,-0.0031098071485757828,0.5365576148033142,0.48567742109298706,0.047647640109062195,0.5725044012069702,0.38292813301086426,0.003982885740697384,0.580674946308136,0.4011780619621277,-0.015074504539370537,0.5879217982292175,0.5187312364578247,-0.005046766716986895,0.5682232975959778,0.5191779136657715,0.010050232522189617,0.52510005235672,0.4442427158355713,0.04384170100092888,0.5771872997283936,0.4656769037246704,-0.007331125903874636,0.5759643316268921,0.4688988924026489,-0.008567350916564465,0.5749263167381287,0.47300782799720764,-0.00980830006301403,0.5741367340087891,0.4779510200023651,-0.009053939022123814,0.5723221898078918,0.48448970913887024,-0.0046844882890582085,0.56673663854599,0.4644787609577179,-0.0010872812708839774,0.565290629863739,0.4635838568210602,-0.000981885357759893,0.564089298248291,0.46256548166275024,-0.001041676732711494,0.5577570199966431,0.4569040834903717,1.2890365724160802e-05,0.534356951713562,0.44237521290779114,0.012048107571899891,0.5809129476547241,0.39301642775535583,-0.009395314380526543,0.5779330134391785,0.37625592947006226,0.00040827927296049893,0.5746863484382629,0.3785150647163391,0.0029500483069568872,0.5682283639907837,0.46527576446533203,-0.0006496832938864827,0.5350684523582458,0.46298423409461975,0.02098698355257511,0.5832681059837341,0.37445589900016785,-0.0074105896055698395,0.5692744255065918,0.4943123459815979,-0.0020927665755152702,0.5898955464363098,0.4032401740550995,-0.026388654485344887,0.5848192572593689,0.39665326476097107,-0.019289007410407066,0.5900840163230896,0.39484408497810364,-0.020873554050922394,0.5763790011405945,0.4142807722091675,-0.015146974474191666,0.5880418419837952,0.5105226039886475,-0.008281534537672997,0.588262140750885,0.49954256415367126,-0.008318276144564152,0.5783780217170715,0.4989454448223114,-0.006703164894133806,0.5564137697219849,0.4776020646095276,0.0060293544083833694,0.5636951923370361,0.43540480732917786,-0.0036155616398900747,0.5625215768814087,0.48723241686820984,0.0022872881963849068,0.547819972038269,0.43432050943374634,-0.000610130955465138,0.5569120049476624,0.4431244730949402,-0.0018448837799951434,0.5424283742904663,0.44752854108810425,0.004444468766450882,0.5765565633773804,0.509584903717041,-0.006226082798093557,0.5728327631950378,0.41899481415748596,-0.010852104984223843,0.5521007180213928,0.4858449697494507,0.011435704305768013,0.5597319006919861,0.49532604217529297,0.006422920618206263,0.5507605075836182,0.46683287620544434,0.006857241503894329,0.5297064781188965,0.4535282254219055,0.026680901646614075,0.5434163808822632,0.4704282581806183,0.012744472362101078,0.5284246802330017,0.46139031648635864,0.04108402878046036,0.5513995289802551,0.45232275128364563,0.00151650863699615,0.5768958926200867,0.4070226550102234,-0.010765875689685345,0.5765317678451538,0.43071654438972473,-0.024106252938508987,0.5730276107788086,0.4323681592941284,-0.017560312524437904,0.5791934132575989,0.42496514320373535,-0.028220171108841896,0.5729694962501526,0.3654111325740814,-0.001275215414352715,0.5629084706306458,0.3578091859817505,-0.0016574487090110779,0.5541179776191711,0.3563787043094635,-0.0006449384381994605,0.5469635725021362,0.35880157351493835,0.002360943239182234,0.5419155359268188,0.3639247417449951,0.006435739807784557,0.5390409231185913,0.3826116621494293,0.015723099932074547,0.5220800042152405,0.4067879617214203,0.04373758286237717,0.5433618426322937,0.396095871925354,0.010566816665232182,0.549290120601654,0.39916566014289856,0.00678775180131197,0.5571954846382141,0.40034812688827515,0.003986354451626539,0.5649405121803284,0.39883628487586975,0.002130062784999609,0.5711975693702698,0.3955387473106384,0.002007553819566965,0.5755154490470886,0.3921968638896942,0.001291264547035098,0.5219746828079224,0.40837621688842773,0.06678241491317749,0.573102593421936,0.43429186940193176,-0.014577238820493221,0.5804652571678162,0.40855318307876587,-0.019912080839276314,0.5806030631065369,0.43137896060943604,-0.028780687600374222,0.5836808085441589,0.4357535243034363,-0.026426469907164574,0.580592691898346,0.43286582827568054,-0.025898439809679985,0.5745418667793274,0.4366614520549774,-0.012541418895125389,0.5846738815307617,0.43657341599464417,-0.02801063284277916,0.5853597521781921,0.4384843111038208,-0.02100713923573494,0.5761207938194275,0.3857457637786865,0.0039182924665510654,0.5788760781288147,0.38679754734039307,0.00030119027360342443,0.5807735323905945,0.387541264295578,-0.003696656320244074,0.5475183725357056,0.38035616278648376,0.008544011041522026,0.5428692698478699,0.3741758465766907,0.009109015576541424,0.5947934985160828,0.40466639399528503,-0.024523606523871422,0.6335235238075256,0.38818687200546265,0.006822219118475914,0.5946925282478333,0.4371771216392517,-0.02132481336593628,0.6580569744110107,0.35297518968582153,0.03544524312019348,0.6170297265052795,0.3953424096107483,0.0005342881777323782,0.6231215596199036,0.3963913023471832,0.0010810064850375056,0.6288347244262695,0.3955075442790985,0.002857381710782647,0.6360964179039001,0.3906620144844055,0.007988706231117249,0.6117618680000305,0.3923860490322113,0.0016115130856633186,0.6256232261657715,0.36718878149986267,-0.0017639127327129245,0.6187909245491028,0.36828863620758057,-0.0016118497587740421,0.6321011185646057,0.3688706159591675,0.0004811377148143947,0.6362579464912415,0.3728797435760498,0.003002235433086753,0.6410766839981079,0.3949291408061981,0.011328541673719883,0.609667181968689,0.5047409534454346,-0.0010900484630838037,0.6354723572731018,0.3855549395084381,0.009028224274516106,0.658947229385376,0.3913264870643616,0.03821913152933121,0.6476845741271973,0.3876672387123108,0.017521657049655914,0.6207788586616516,0.4261188805103302,-0.005079112481325865,0.5989111661911011,0.45359888672828674,-0.016198787838220596,0.597771406173706,0.46376219391822815,-0.013351286761462688,0.6070334911346436,0.4569340646266937,-0.012739893049001694,0.6121216416358948,0.4603930413722992,-0.008005478419363499,0.6041080951690674,0.4639778733253479,-0.010934969410300255,0.6090148091316223,0.464564710855484,-0.006554407998919487,0.6171628832817078,0.472647488117218,0.0011628367938101292,0.5942046642303467,0.4327389895915985,-0.031902819871902466,0.5948939323425293,0.4238552749156952,-0.03382430225610733,0.6456729173660278,0.36125242710113525,0.005555191542953253,0.6080882549285889,0.4057627022266388,-0.005266938824206591,0.6078220009803772,0.42980217933654785,-0.017779739573597908,0.6082500219345093,0.4253070056438446,-0.016049135476350784,0.6402351260185242,0.4255293309688568,0.003062125761061907,0.5948848724365234,0.41328713297843933,-0.030338356271386147,0.6315165162086487,0.35082077980041504,-0.004641095642000437,0.6399628520011902,0.353926420211792,0.00022987289412412792,0.6528092622756958,0.3357616662979126,0.02345525473356247,0.6040317416191101,0.3604348301887512,-0.009954826906323433,0.6128040552139282,0.37247198820114136,0.000168353202752769,0.6225482225418091,0.464218407869339,0.0023600729182362556,0.6483469009399414,0.47199010848999023,0.05483807250857353,0.6034588813781738,0.43473318219184875,-0.015467564575374126,0.5985772013664246,0.4374667704105377,-0.015522445552051067,0.6181487441062927,0.46583083271980286,0.00232155853882432,0.6165266036987305,0.4658637046813965,0.0008021661196835339,0.6435449719429016,0.3471551835536957,0.0029709397349506617,0.608120858669281,0.4331567585468292,-0.014448778703808784,0.6198545694351196,0.3524683117866516,-0.008267991244792938,0.620780885219574,0.3444189429283142,-0.009640862233936787,0.6282685995101929,0.31231504678726196,-0.00016149712610058486,0.6483861804008484,0.34261271357536316,0.011718966998159885,0.6241276264190674,0.32800382375717163,-0.005173833575099707,0.6493876576423645,0.35688814520835876,0.01058398187160492,0.6540734767913818,0.3568183183670044,0.02210719883441925,0.5985629558563232,0.45910826325416565,-0.01539628952741623,0.6056125164031982,0.4607481360435486,-0.012058029882609844,0.6106472611427307,0.46253103017807007,-0.007757382467389107,0.6020448803901672,0.43616366386413574,-0.013862613588571548,0.6173169612884521,0.4658600986003876,0.00157230778131634,0.6139873266220093,0.4681130647659302,-0.002219985704869032,0.6155946254730225,0.46589696407318115,0.000697588489856571,0.600704550743103,0.4325273931026459,-0.023574916645884514,0.6076898574829102,0.46592044830322266,-0.00565460417419672,0.6028011441230774,0.4660651981830597,-0.008665574714541435,0.5969486832618713,0.4664674401283264,-0.010990922339260578,0.5967646241188049,0.48893529176712036,-0.007837134413421154,0.598058819770813,0.4817288815975189,-0.01290842518210411,0.5978699326515198,0.47602394223213196,-0.013350842520594597,0.597458004951477,0.47057631611824036,-0.01175183616578579,0.596825122833252,0.4663658142089844,-0.01056007482111454,0.6076054573059082,0.4659883975982666,-0.005201030522584915,0.6088616847991943,0.4679501950740814,-0.006335388403385878,0.6102080941200256,0.47058165073394775,-0.0074097393080592155,0.6112108826637268,0.4735959768295288,-0.00634122546762228,0.6156948804855347,0.4528367221355438,-0.006156907882541418,0.6570670008659363,0.4308973252773285,0.06354855000972748,0.6112847328186035,0.4659695625305176,-0.0016484835650771856,0.6126234531402588,0.4669564664363861,-0.002317009726539254,0.5967457294464111,0.4407505393028259,-0.01584622822701931,0.6062656044960022,0.437838613986969,-0.009946220554411411,0.5975869297981262,0.43919360637664795,-0.015786493197083473,0.6149522066116333,0.41073107719421387,-0.003300121985375881,0.6255495548248291,0.41598522663116455,-0.0014496158109977841,0.6093633770942688,0.42891550064086914,-0.012626330368220806,0.6434572339057922,0.3218124806880951,0.010899603366851807,0.6390125155448914,0.3324945569038391,0.0026917520444840193,0.6337589025497437,0.34281784296035767,-0.003911364823579788,0.6118066906929016,0.47929415106773376,-0.0022448657546192408,0.6058194637298584,0.3479640483856201,-0.012407291680574417,0.6089070439338684,0.32739657163619995,-0.009532861411571503,0.6117836236953735,0.3078046441078186,-0.0063217999413609505,0.6334601640701294,0.3939322531223297,0.0055596185848116875,0.6471498608589172,0.4003496766090393,0.014655129052698612,0.6082464456558228,0.3897002339363098,0.0023989833425730467,0.6422263383865356,0.37629634141921997,0.00870064739137888,0.6037223935127258,0.39999276399612427,-0.007315968628972769,0.6042645573616028,0.42701366543769836,-0.023550525307655334,0.6537570953369141,0.40653008222579956,0.021474918350577354,0.643264651298523,0.40627533197402954,0.009154913946986198,0.6357755064964294,0.40896934270858765,0.003515521762892604,0.6244046688079834,0.40793389081954956,0.0010641840053722262,0.6158409118652344,0.40456873178482056,-0.0003677130152937025,0.6092610359191895,0.4002588093280792,-0.0018078477587550879,0.5958560109138489,0.38784170150756836,-0.013528387062251568,0.6529059410095215,0.42399361729621887,0.019806981086730957,0.646977424621582,0.37394005060195923,0.011580617167055607,0.5922231078147888,0.43724536895751953,-0.029006190598011017,0.6071975827217102,0.4134296178817749,-0.008174261078238487,0.6607191562652588,0.3915938138961792,0.05842600017786026,0.6043330430984497,0.3953043520450592,-0.0026584158185869455,0.6101435422897339,0.4295172691345215,-0.006676400545984507,0.6384264230728149,0.3851214051246643,0.010377956554293633,0.6045289635658264,0.4214867949485779,-0.02132408320903778,0.6536325812339783,0.4515225887298584,0.060950037091970444,0.607988715171814,0.3867345452308655,0.0037502977065742016,0.5997709035873413,0.4165250360965729,-0.026954293251037598,0.6352534890174866,0.48801082372665405,0.022028708830475807,0.6335030198097229,0.49855661392211914,0.033302199095487595,0.6569215059280396,0.42795076966285706,0.04146488755941391,0.6434956789016724,0.47807320952415466,0.02965683490037918,0.6567347049713135,0.3731268346309662,0.03186698630452156,0.6098185181617737,0.5131998658180237,0.0022992840968072414,0.5915586948394775,0.4391513466835022,-0.02110542729496956,0.6128970980644226,0.41951215267181396,-0.006136080250144005,0.6525101661682129,0.3892582654953003,0.023471906781196594,0.6281936168670654,0.3915209174156189,0.003068599384278059,0.6231962442398071,0.392203688621521,0.0015887621557340026,0.6151736378669739,0.4695194661617279,-0.0012347298907116055,0.6514601707458496,0.4413183033466339,0.021580245345830917,0.5991050601005554,0.523466169834137,0.0037995376624166965,0.6159771084785461,0.5145949125289917,0.01646752469241619,0.6238276958465576,0.508228600025177,0.023915445432066917,0.6180388331413269,0.39121130108833313,0.0014571725623682141,0.6130966544151306,0.38917601108551025,0.0024310213048011065,0.609793484210968,0.3878788948059082,0.003749478841200471,0.6512207984924316,0.37168630957603455,0.017589379101991653,0.613847553730011,0.3808065354824066,0.0011373951565474272,0.6190543174743652,0.3787679672241211,0.00014088707393966615,0.6241044998168945,0.3786466717720032,0.00036111733061261475,0.6290639042854309,0.38007330894470215,0.0019420376047492027,0.6321730613708496,0.3821789622306824,0.003931297454982996,0.6603845953941345,0.3706074357032776,0.048345934599637985,0.631399929523468,0.38996317982673645,0.005096837412565947,0.6091236472129822,0.4489556849002838,-0.009684080258011818,0.6035067439079285,0.43357565999031067,-0.017563970759510994,0.5975222587585449,0.44733893871307373,-0.015289517119526863,0.6261560916900635,0.4980875849723816,0.016041699796915054,0.6180339455604553,0.5057252049446106,0.009518438950181007,0.5997019410133362,0.5180227160453796,-0.003796396777033806,0.6413276791572571,0.4874836504459381,0.044734787195920944,0.6098443269729614,0.3842085003852844,0.0027282137889415026,0.5994619727134705,0.4014410376548767,-0.01565120741724968,0.6080184578895569,0.5198900103569031,0.008783610537648201,0.6540030837059021,0.44677796959877014,0.04049526900053024,0.6027140021324158,0.46604180335998535,-0.008194624446332455,0.6038587689399719,0.4693143963813782,-0.009444556199014187,0.6047689318656921,0.47344982624053955,-0.010756890289485455,0.6053769588470459,0.4784053862094879,-0.010023378767073154,0.6050668358802795,0.48494452238082886,-0.005709935445338488,0.6129481792449951,0.46512043476104736,-0.0024968276266008615,0.6144452691078186,0.4642406702041626,-0.002497771056368947,0.6157423853874207,0.4632112383842468,-0.0026209992356598377,0.6207765340805054,0.45771992206573486,-0.0018304074183106422,0.6445825099945068,0.44448962807655334,0.009234735742211342,0.5996544361114502,0.3933204412460327,-0.010004744865000248,0.603967547416687,0.3780158460140228,-0.0003539334866218269,0.6074796915054321,0.3801555037498474,0.0018455196404829621,0.6113502383232117,0.4658767282962799,-0.002017249586060643,0.643284022808075,0.4649280607700348,0.018203945830464363,0.5983185768127441,0.3765181601047516,-0.007865415886044502,0.6076422333717346,0.4949628710746765,-0.0031828416977077723,0.5953332185745239,0.3967781364917755,-0.0196111798286438,0.6032934784889221,0.41465654969215393,-0.015896081924438477,0.5982252359390259,0.49930235743522644,-0.007239139173179865,0.6213932037353516,0.47865206003189087,0.004153700545430183,0.6154621839523315,0.43618443608283997,-0.005014797672629356,0.6148479580879211,0.4880930781364441,0.0007894344162195921,0.6313629150390625,0.435880571603775,-0.00272494088858366,0.6220757365226746,0.44424155354499817,-0.00358215207234025,0.6363990902900696,0.44930750131607056,0.002017031656578183,0.5995784997940063,0.5100612044334412,-0.0069083054549992085,0.6067967414855957,0.419413685798645,-0.01178828440606594,0.625482439994812,0.48718929290771484,0.009447078220546246,0.6173014640808105,0.4964040517807007,0.004876494873315096,0.6274222731590271,0.46805933117866516,0.004651362542062998,0.649060845375061,0.4557691514492035,0.023639565333724022,0.6346641182899475,0.47206005454063416,0.010347343049943447,0.6500157713890076,0.4636351466178894,0.037837907671928406,0.6273601651191711,0.4536336362361908,-0.0005715829902328551,0.6031246781349182,0.4074070453643799,-0.011562328785657883,0.6025091409683228,0.4309772253036499,-0.02477923035621643,0.6060258150100708,0.4327124357223511,-0.01837112382054329,0.5998474955558777,0.42517393827438354,-0.028754444792866707,0.6089709997177124,0.3689114451408386,-0.00228503393009305,0.6190872192382812,0.36234280467033386,-0.003099707653746009,0.6278823614120483,0.36106419563293457,-0.002543379319831729,0.6350914239883423,0.3631502389907837,8.670839451951906e-05,0.6400901675224304,0.3680471181869507,0.003906854894012213,0.6425043344497681,0.38620829582214355,0.013059016317129135,0.6587144732475281,0.4096446931362152,0.040156155824661255,0.6378611922264099,0.39881226420402527,0.008046777918934822,0.6318450570106506,0.40103381872177124,0.004582761321216822,0.6239604353904724,0.4014502465724945,0.002140044467523694,0.6163178086280823,0.39948076009750366,0.0006316447397693992,0.610203742980957,0.39606478810310364,0.0008586823241785169,0.6060208678245544,0.3926718533039093,0.00033482827711850405,0.6592743396759033,0.41117337346076965,0.06300359964370728,0.6058656573295593,0.4345986843109131,-0.015383967198431492,0.5992641448974609,0.40878280997276306,-0.02051484026014805,0.5982803106307983,0.4315474331378937,-0.029208162799477577,0.5951424837112427,0.43585294485092163,-0.026658693328499794,0.5983594655990601,0.4330664277076721,-0.026328405365347862,0.6043753623962402,0.43693697452545166,-0.01323370635509491,0.5940571427345276,0.4366503059864044,-0.028202686458826065,0.5933465957641602,0.4385010898113251,-0.021198250353336334,0.6059471964836121,0.38650161027908325,0.0029706743080168962,0.6028189063072205,0.3874930441379547,-0.0004509709542617202,0.600703239440918,0.3882654309272766,-0.004309447947889566,0.6339970827102661,0.3838796019554138,0.006177976261824369,0.6387614011764526,0.3779875636100769,0.006617714185267687,0.560073733329773,0.38441941142082214,0.005156599450856447,0.5661625862121582,0.38473474979400635,0.005156599450856447,0.5602865219116211,0.37680545449256897,0.005156599450856447,0.5538813471794128,0.38410264253616333,0.005156599450856447,0.5598506331443787,0.39197614789009094,0.005156599450856447,0.6213552951812744,0.3855215311050415,0.003338221227750182,0.6273809671401978,0.3857256770133972,0.003338221227750182,0.6213598847389221,0.37843596935272217,0.003338221227750182,0.6154001951217651,0.38531050086021423,0.003338221227750182,0.6213729977607727,0.39254331588745117,0.003338221227750182
4333.3333333333385,0.5922626256942749,0.4555942416191101,-0.016571616753935814,0.5907100439071655,0.43346258997917175,-0.032409075647592545,0.5906472206115723,0.44183140993118286,-0.0172612052410841,0.5863088369369507,0.4050730764865875,-0.02432388626039028,0.5908384323120117,0.424302339553833,-0.03451933339238167,0.5910395979881287,0.4128247797489166,-0.03214194253087044,0.5916278958320618,0.3859403133392334,-0.01589566469192505,0.549067497253418,0.3863711357116699,0.008995055221021175,0.5921752452850342,0.3617038130760193,-0.01166878454387188,0.5924693942070007,0.34894007444381714,-0.013046693988144398,0.5936527848243713,0.30698323249816895,-0.007722054608166218,0.5921505689620972,0.4598153829574585,-0.015796126797795296,0.5919477343559265,0.4642355740070343,-0.013939882628619671,0.5917642712593079,0.46710237860679626,-0.011478587985038757,0.5916373133659363,0.46721452474594116,-0.010974655859172344,0.5916439294815063,0.47197484970092773,-0.012148920446634293,0.5915340185165405,0.47760769724845886,-0.013581668958067894,0.5913186073303223,0.4834003150463104,-0.013009198941290379,0.5899808406829834,0.48983651399612427,-0.007723463699221611,0.5907109975814819,0.4381309151649475,-0.029322516173124313,0.5854997038841248,0.4376745820045471,-0.021103480830788612,0.5270254611968994,0.35054484009742737,0.038746800273656845,0.5655739903450012,0.3955687880516052,0.0019228857709094882,0.5593035221099854,0.3962768316268921,0.0027503131423145533,0.5536072254180908,0.3947124183177948,0.004802458453923464,0.5466294288635254,0.38832634687423706,0.01033297460526228,0.5710803270339966,0.39265790581703186,0.002699901582673192,0.557908296585083,0.3632031977176666,9.848872650763951e-06,0.564957857131958,0.3648475408554077,-0.00021893584926147014,0.5512187480926514,0.3649885058403015,0.0025248511228710413,0.5467906594276428,0.36945369839668274,0.005237807985395193,0.5416430234909058,0.39243385195732117,0.013833866454660892,0.5683413147926331,0.5043188333511353,0.0004910381976515055,0.5474191308021545,0.3829402029514313,0.011318494565784931,0.5241453051567078,0.3889223337173462,0.04156024008989334,0.535080075263977,0.3844164311885834,0.020309461280703545,0.5600451231002808,0.425525963306427,-0.0034465112257748842,0.5838793516159058,0.4535421133041382,-0.015638960525393486,0.5843943357467651,0.46382808685302734,-0.012765427120029926,0.575290322303772,0.45689457654953003,-0.011628367006778717,0.5696277022361755,0.4602442681789398,-0.0064903562888503075,0.5777665972709656,0.4639589190483093,-0.009872094728052616,0.5725409388542175,0.46446099877357483,-0.0051859039813280106,0.5623401403427124,0.47235238552093506,0.0031874303240329027,0.5858960151672363,0.43319573998451233,-0.031786322593688965,0.5853641629219055,0.4243287444114685,-0.03366560488939285,0.5383111238479614,0.35743218660354614,0.008175614289939404,0.5734987258911133,0.40568551421165466,-0.004322866443544626,0.5726137161254883,0.4299548268318176,-0.016868706792593002,0.5723318457603455,0.42542487382888794,-0.015092330984771252,0.5407100915908813,0.4240729510784149,0.0056843324564397335,0.5858197212219238,0.41376546025276184,-0.030125224962830544,0.5520304441452026,0.34609007835388184,-0.0028868827503174543,0.543938159942627,0.3496677875518799,0.0024920685682445765,0.532919704914093,0.3336170017719269,0.02634947933256626,0.5787514448165894,0.3563075065612793,-0.00951168779283762,0.5709519982337952,0.37010303139686584,0.0012855661334469914,0.5572771430015564,0.4637574553489685,0.004597376566380262,0.5318068265914917,0.4701460897922516,0.05834168195724487,0.5768985748291016,0.43501847982406616,-0.014827615581452847,0.5816983580589294,0.4378511309623718,-0.015196147374808788,0.5628888607025146,0.4653370976448059,0.004329476971179247,0.5645325183868408,0.46545466780662537,0.00263684568926692,0.5406028628349304,0.3430721163749695,0.0053301118314266205,0.5722146034240723,0.4332675337791443,-0.013531900011003017,0.5632518529891968,0.3474903702735901,-0.007128248456865549,0.562431275844574,0.33970335125923157,-0.008529339917004108,0.5578763484954834,0.31132417917251587,0.0013139235088601708,0.5366919636726379,0.34046459197998047,0.014180667698383331,0.560854971408844,0.3269631266593933,-0.004010507371276617,0.5346473455429077,0.35298192501068115,0.013334345072507858,0.5305894613265991,0.35435372591018677,0.025028707459568977,0.5839551091194153,0.4590756595134735,-0.014794102869927883,0.576507031917572,0.46066614985466003,-0.01094440184533596,0.5710328221321106,0.4624117314815521,-0.006291931960731745,0.5782132744789124,0.4364798367023468,-0.013330561108887196,0.5637242197990417,0.4654093384742737,0.0034797517582774162,0.5670355558395386,0.4677899479866028,-0.0004985100822523236,0.5654624104499817,0.46553343534469604,0.002480197697877884,0.5796526670455933,0.4328790009021759,-0.022999899461865425,0.5736936926841736,0.4658816158771515,-0.0043567996472120285,0.578829288482666,0.4661080241203308,-0.007666008546948433,0.5849177241325378,0.4665989279747009,-0.01038278453052044,0.5818014144897461,0.4892827868461609,-0.006965583190321922,0.5828930735588074,0.48235440254211426,-0.012069670483469963,0.5834062099456787,0.4765740633010864,-0.012508856132626534,0.5840781331062317,0.4709998071193695,-0.010956589132547379,0.5848308205604553,0.46668532490730286,-0.009804840199649334,0.5736032128334045,0.4659327268600464,-0.0038038326893001795,0.5723375082015991,0.46783068776130676,-0.004931741394102573,0.5708748698234558,0.4704440236091614,-0.0059457942843437195,0.5696805119514465,0.4734654724597931,-0.004800819326192141,0.5642058849334717,0.4525585174560547,-0.004516300279647112,0.524813711643219,0.4285540282726288,0.06721287965774536,0.5906988382339478,0.440033882856369,-0.021481899544596672,0.5697867274284363,0.4657599925994873,1.236154366779374e-05,0.5684555172920227,0.46667712926864624,-0.000633446907158941,0.5833979845046997,0.44109129905700684,-0.015474566258490086,0.573981523513794,0.4379469156265259,-0.009165744297206402,0.5826308131217957,0.4395384192466736,-0.01545574702322483,0.5664516091346741,0.41033968329429626,-0.001986970193684101,0.5557159185409546,0.4151158034801483,0.00041445984970778227,0.5711499452590942,0.42893171310424805,-0.011628209613263607,0.542667031288147,0.32013773918151855,0.013183782808482647,0.5462023019790649,0.33072012662887573,0.004603715147823095,0.5498602390289307,0.33848661184310913,-0.00209467438980937,0.5673091411590576,0.4791461229324341,-0.0004892197903245687,0.5772119164466858,0.3435646891593933,-0.011984547600150108,0.5758976936340332,0.32706648111343384,-0.00912934448570013,0.5743139386177063,0.30750805139541626,-0.005824505817145109,0.5490355491638184,0.3923099637031555,0.007745109964162111,0.5350930094718933,0.3978424370288849,0.017478255555033684,0.5748432874679565,0.3898825943470001,0.0033279573544859886,0.5409795641899109,0.3731118440628052,0.011233681812882423,0.5780506134033203,0.4000893533229828,-0.006609611678868532,0.5761659145355225,0.42725732922554016,-0.022862903773784637,0.5283535718917847,0.4044647216796875,0.024662122130393982,0.539101779460907,0.4040604531764984,0.01182462740689516,0.5467092394828796,0.4073319435119629,0.00586880836635828,0.5580776333808899,0.40697240829467773,0.0028743480797857046,0.5666480660438538,0.4041619896888733,0.0009997959714382887,0.5732976198196411,0.4001253545284271,-0.0008396487100981176,0.5860711336135864,0.38819408416748047,-0.013349592685699463,0.528404712677002,0.4219411611557007,0.023102540522813797,0.536260724067688,0.37020882964134216,0.01432147528976202,0.5878248810768127,0.4377651810646057,-0.028902871534228325,0.5740066170692444,0.413435161113739,-0.007262593135237694,0.5227136015892029,0.3891751170158386,0.062080711126327515,0.5783253312110901,0.39529961347579956,-0.0019470921251922846,0.5704500675201416,0.42945587635040283,-0.0056182583793997765,0.5444549322128296,0.3822352886199951,0.012749574147164822,0.5761057734489441,0.4217158257961273,-0.02062981203198433,0.5273920297622681,0.4493483304977417,0.06447339057922363,0.575441837310791,0.38670292496681213,0.004681658931076527,0.5808826684951782,0.4168880879878998,-0.02647259645164013,0.5438363552093506,0.4866172671318054,0.0248664952814579,0.5454424619674683,0.49719539284706116,0.036190781742334366,0.5244916081428528,0.4256826341152191,0.045023322105407715,0.5358960032463074,0.47645655274391174,0.03286101296544075,0.5271276831626892,0.3707014322280884,0.03501152619719505,0.5678959488868713,0.5126311779022217,0.003995266743004322,0.5884784460067749,0.43967652320861816,-0.021032262593507767,0.5680956244468689,0.41926151514053345,-0.004930575378239155,0.5297914147377014,0.3859047293663025,0.02653903141617775,0.5541672706604004,0.3911375403404236,0.004938898608088493,0.5592712163925171,0.39243268966674805,0.00325770303606987,0.565788745880127,0.46915048360824585,0.0005795417819172144,0.529190719127655,0.4393153786659241,0.024914298206567764,0.578454315662384,0.5233274698257446,0.005039819050580263,0.5622227191925049,0.5138369202613831,0.018654590472579002,0.5547688007354736,0.5071706771850586,0.026436205953359604,0.5930036902427673,0.3278695344924927,-0.011027142405509949,0.5895681381225586,0.524766743183136,0.002770655322819948,0.564690113067627,0.3917336165904999,0.002853760961443186,0.5699091553688049,0.38969266414642334,0.0035914392210543156,0.5734773278236389,0.38813966512680054,0.0047636814415454865,0.5318629145622253,0.36800625920295715,0.020542100071907043,0.5697417855262756,0.3790205121040344,0.0023418916389346123,0.5642703771591187,0.375911682844162,0.001586071914061904,0.5589854717254639,0.37530723214149475,0.0020633204840123653,0.5538581013679504,0.37674251198768616,0.003908881451934576,0.5506424307823181,0.37907084822654724,0.006037282757461071,0.5238924026489258,0.3681209981441498,0.051826100796461105,0.5509852766990662,0.38881272077560425,0.0071491762064397335,0.5906041860580444,0.4477401375770569,-0.015595837496221066,0.5708816051483154,0.4489336609840393,-0.008512523025274277,0.5768780708312988,0.43385106325149536,-0.016948938369750977,0.5824618935585022,0.4476199746131897,-0.014782764948904514,0.5918899774551392,0.3742482662200928,-0.011667882092297077,0.5525418519973755,0.4969012141227722,0.01848517172038555,0.5601798295974731,0.5047839879989624,0.011596348136663437,0.5776730179786682,0.5179219841957092,-0.0025893968995660543,0.5381168127059937,0.48594236373901367,0.04799701273441315,0.5737187266349792,0.3835682272911072,0.00378469773568213,0.5819828510284424,0.4017016291618347,-0.015216109342873096,0.5894339084625244,0.519103467464447,-0.004523958079516888,0.5697519183158875,0.5194506049156189,0.0105859050527215,0.5265699028968811,0.44465458393096924,0.04397527873516083,0.5787327289581299,0.46617841720581055,-0.007078016176819801,0.5774738192558289,0.4694638252258301,-0.008295544423162937,0.5763843059539795,0.4736495614051819,-0.009506127797067165,0.5755566954612732,0.4786757230758667,-0.008717105723917484,0.5736832022666931,0.4850822687149048,-0.004290496464818716,0.5683459639549255,0.46489250659942627,-0.0008529253536835313,0.5668655037879944,0.4639647603034973,-0.0007453581783920527,0.5656220316886902,0.4629144072532654,-0.0008128904737532139,0.5590919852256775,0.4572925567626953,0.0002121299330610782,0.5356987714767456,0.44284588098526,0.012150933966040611,0.5822150707244873,0.39352846145629883,-0.009550116024911404,0.5792114734649658,0.3768680989742279,0.0001881901698652655,0.5759478807449341,0.3791508078575134,0.0027378362137824297,0.5698539018630981,0.4657183885574341,-0.00041861060890369117,0.5364857316017151,0.46340030431747437,0.021209992468357086,0.584567129611969,0.37500569224357605,-0.00763340899720788,0.5706796050071716,0.4948005676269531,-0.0016598341753706336,0.5912351608276367,0.4037705361843109,-0.026537343859672546,0.5861409306526184,0.39717981219291687,-0.019453104585409164,0.5914191007614136,0.3953634202480316,-0.02104460820555687,0.5776845216751099,0.41480332612991333,-0.015252676792442799,0.5895377397537231,0.5109807252883911,-0.0077877771109342575,0.5897397994995117,0.5000936985015869,-0.00788194127380848,0.5798089504241943,0.4994928240776062,-0.0062582241371273994,0.5578219294548035,0.4779858887195587,0.0063852788880467415,0.5650022625923157,0.43588998913764954,-0.0036001584958285093,0.563925564289093,0.4876559376716614,0.002698382828384638,0.5491169691085815,0.4348257780075073,-0.000567325041629374,0.5582298636436462,0.443591833114624,-0.0017569949850440025,0.543765664100647,0.4479926526546478,0.004560610745102167,0.5780254602432251,0.5100464224815369,-0.0057367319241166115,0.5741326212882996,0.4195084571838379,-0.010932487435638905,0.5535554885864258,0.4862142503261566,0.011822962202131748,0.5611873269081116,0.49570703506469727,0.006862516049295664,0.5521497130393982,0.46720802783966064,0.007132404949516058,0.5311238765716553,0.4539461135864258,0.026856353506445885,0.5448290109634399,0.4708314836025238,0.013021989725530148,0.5299248695373535,0.4617702066898346,0.04130754619836807,0.5527441501617432,0.45273128151893616,0.0016727683832868934,0.5781978368759155,0.4075400233268738,-0.01088063046336174,0.5778574347496033,0.4312799870967865,-0.02417793497443199,0.5743407607078552,0.43291059136390686,-0.01760929450392723,0.5805215239524841,0.42553186416625977,-0.028300471603870392,0.5742950439453125,0.3660282492637634,-0.0015073646791279316,0.5642787218093872,0.3583728075027466,-0.001878845039755106,0.5555169582366943,0.3569294214248657,-0.000845485192257911,0.5483705997467041,0.3593921661376953,0.0021827055606991053,0.5433146953582764,0.36457812786102295,0.006272695492953062,0.5403791666030884,0.3833360970020294,0.015596115030348301,0.5235174298286438,0.4072892367839813,0.04371332749724388,0.5447090268135071,0.3966318666934967,0.01046052947640419,0.5506300330162048,0.39965322613716125,0.006684322375804186,0.5585026144981384,0.4008338749408722,0.003876366186887026,0.5662177801132202,0.39935702085494995,0.0019949034322053194,0.5724670886993408,0.3961082398891449,0.0018648329423740506,0.5767778158187866,0.39277851581573486,0.0011296893935650587,0.5234630107879639,0.40879732370376587,0.06675761938095093,0.5744155645370483,0.4348197281360626,-0.014614484272897243,0.5817800760269165,0.4090862572193146,-0.020038584247231483,0.5819452404975891,0.4319555461406708,-0.02885372005403042,0.58504319190979,0.43631500005722046,-0.02648119069635868,0.5819383859634399,0.4334341883659363,-0.025964757427573204,0.575857400894165,0.43717557191848755,-0.012563126161694527,0.5860407948493958,0.4371391832828522,-0.028064938262104988,0.5867353677749634,0.43903470039367676,-0.021039927378296852,0.577366828918457,0.38638150691986084,0.0037216648925095797,0.58013516664505,0.38738441467285156,0.00011064018326578662,0.58204585313797,0.3880791664123535,-0.003869927255436778,0.5488649606704712,0.3809555172920227,0.008381286635994911,0.5442246198654175,0.37484318017959595,0.008953000418841839,0.5961465835571289,0.4051770269870758,-0.024671707302331924,0.6350995898246765,0.38826125860214233,0.006621475797146559,0.596084713935852,0.4376959800720215,-0.021366003900766373,0.6594603061676025,0.3531467914581299,0.03508983924984932,0.6184587478637695,0.39548003673553467,0.0003459311556071043,0.6245901584625244,0.3964858949184418,0.0008978543919511139,0.6303314566612244,0.3956032991409302,0.0026755593717098236,0.6376492381095886,0.3907325267791748,0.0078073227778077126,0.6131587624549866,0.39258527755737305,0.0014281836338341236,0.6272238492965698,0.3674629330635071,-0.002005928661674261,0.6203041672706604,0.3685721457004547,-0.0018556996947154403,0.6337713599205017,0.3691190779209137,0.0002542896254453808,0.6379519104957581,0.3730911910533905,0.0027852102648466825,0.6426216959953308,0.3950004577636719,0.011172587983310223,0.6111830472946167,0.5050399303436279,-0.0006494632689282298,0.6370668411254883,0.3856402635574341,0.008831261657178402,0.6603080034255981,0.39146217703819275,0.03807035833597183,0.6492828726768494,0.38768458366394043,0.017355946823954582,0.6222357153892517,0.42644497752189636,-0.005132628139108419,0.6004751920700073,0.4536585807800293,-0.016136225312948227,0.5992928147315979,0.46397900581359863,-0.013268521055579185,0.6085149049758911,0.4570251703262329,-0.012652456760406494,0.6135396361351013,0.4604928195476532,-0.007862815633416176,0.6055412888526917,0.4641988277435303,-0.010831671766936779,0.6103577613830566,0.46477705240249634,-0.006402750499546528,0.6187440156936646,0.4728943109512329,0.001479854341596365,0.595578134059906,0.4332849979400635,-0.031979527324438095,0.5962591767311096,0.424396812915802,-0.03392550349235535,0.6474305391311646,0.3615550398826599,0.005319202318787575,0.6094853281974792,0.40616491436958313,-0.005392418242990971,0.6092599630355835,0.43023553490638733,-0.017855938524007797,0.6096841096878052,0.4257298409938812,-0.016136329621076584,0.6416972875595093,0.42574259638786316,0.0030262647196650505,0.5962435603141785,0.4138137996196747,-0.030466610565781593,0.6333048939704895,0.3511950373649597,-0.004897382576018572,0.6417589783668518,0.35430651903152466,-1.3782258065475617e-05,0.6542202234268188,0.3359638750553131,0.023045089095830917,0.6055782437324524,0.3605745732784271,-0.010206169448792934,0.614240825176239,0.3727608621120453,-6.953832053113729e-05,0.6241256594657898,0.4643741250038147,0.002603856148198247,0.6497191190719604,0.47191375494003296,0.05503275990486145,0.6048949956893921,0.43518388271331787,-0.015530429780483246,0.6000012755393982,0.43793776631355286,-0.01554895844310522,0.6194194555282593,0.46582674980163574,0.0025767965707927942,0.6177775263786316,0.4659131169319153,0.0010591200552880764,0.6453560590744019,0.34760192036628723,0.002693231450393796,0.6095758676528931,0.4335673451423645,-0.014505756087601185,0.6215804815292358,0.3527163863182068,-0.00853712484240532,0.6225468516349792,0.34475165605545044,-0.00994381494820118,0.62962406873703,0.3125913143157959,-0.0006479414878413081,0.649814248085022,0.3427954912185669,0.011396054178476334,0.6254982352256775,0.32827115058898926,-0.0055604781955480576,0.651120662689209,0.3571769893169403,0.010326618328690529,0.6554938554763794,0.3569810688495636,0.021819554269313812,0.6001076698303223,0.4592301845550537,-0.015321878716349602,0.607077956199646,0.4608946144580841,-0.011958722025156021,0.6120365262031555,0.46267861127853394,-0.007608396466821432,0.603485107421875,0.4366149306297302,-0.013904208317399025,0.6185756325721741,0.46588394045829773,0.0018288996070623398,0.6152502298355103,0.4682055711746216,-0.0019210231257602572,0.6168396472930908,0.4659745693206787,0.0009584581130184233,0.6021068692207336,0.43302449584007263,-0.023653503507375717,0.6089850068092346,0.46619153022766113,-0.0055023981258273125,0.604193389415741,0.4663642346858978,-0.008556966669857502,0.5984402298927307,0.4667651653289795,-0.010904138907790184,0.5982887148857117,0.4895431101322174,-0.007459903601557016,0.5995603799819946,0.482494980096817,-0.01260072086006403,0.5993741750717163,0.4767080247402191,-0.013084862381219864,0.5989420413970947,0.47113940119743347,-0.011520585976541042,0.5982911586761475,0.46681639552116394,-0.010341698303818703,0.6088989973068237,0.46621978282928467,-0.004947694018483162,0.61016446352005,0.4681756794452667,-0.006065674126148224,0.6115309596061707,0.47081002593040466,-0.007115117274224758,0.6125501394271851,0.4738304913043976,-0.006023149471729994,0.617228627204895,0.4531164765357971,-0.006036239210516214,0.6583857536315918,0.43089693784713745,0.06353378295898438,0.6125302314758301,0.46611109375953674,-0.0013745952164754272,0.6138759255409241,0.4670771658420563,-0.0020295572467148304,0.5981729030609131,0.44122588634490967,-0.015849445015192032,0.6077347993850708,0.4382312595844269,-0.009967116639018059,0.5990113615989685,0.4396675229072571,-0.01580408588051796,0.6163678765296936,0.4110892713069916,-0.003403774928301573,0.6269853711128235,0.4162854254245758,-0.001527450978755951,0.6108151078224182,0.4293152689933777,-0.012695526704192162,0.6448554992675781,0.3220462203025818,0.010453240014612675,0.6404275894165039,0.33271002769470215,0.002331335563212633,0.635583758354187,0.34327560663223267,-0.004213500767946243,0.613381028175354,0.4796714782714844,-0.0018878182163462043,0.6074405908584595,0.34817394614219666,-0.012700367718935013,0.610225260257721,0.32772189378738403,-0.009927070699632168,0.613083004951477,0.30812498927116394,-0.0068207732401788235,0.6349866390228271,0.39400091767311096,0.00537965539842844,0.6487430334091187,0.40039071440696716,0.014523705467581749,0.6096228957176208,0.3899390399456024,0.0022060214541852474,0.6439073085784912,0.37643876671791077,0.00849993247538805,0.6051037907600403,0.4004261791706085,-0.007457560393959284,0.6056740880012512,0.4274844229221344,-0.02364358678460121,0.6551382541656494,0.4066963493824005,0.021380357444286346,0.6448239088058472,0.40639975666999817,0.009040279313921928,0.6372847557067871,0.4091951549053192,0.0034045642241835594,0.6258230209350586,0.40816062688827515,0.000950477144215256,0.6172007322311401,0.40480226278305054,-0.0004955770564265549,0.6105915307998657,0.40053310990333557,-0.001948859659023583,0.5972020626068115,0.38831761479377747,-0.01371495146304369,0.6543213129043579,0.42412132024765015,0.01977706514298916,0.648657500743866,0.3740543723106384,0.011370754800736904,0.5936010479927063,0.4377896785736084,-0.029065055772662163,0.6086082458496094,0.41383785009384155,-0.00828574039041996,0.6620573401451111,0.39167386293411255,0.05823194608092308,0.6056599617004395,0.3956111669540405,-0.0028188861906528473,0.6116048097610474,0.4298917055130005,-0.00673215277493,0.6400518417358398,0.38520073890686035,0.010190054774284363,0.6059373617172241,0.4219418466091156,-0.021431153640151024,0.6549738049507141,0.45147305727005005,0.061034008860588074,0.6093541979789734,0.38696014881134033,0.0035417363978922367,0.6011509895324707,0.4170192778110504,-0.027074845507740974,0.6366917490959167,0.48806214332580566,0.022350160405039787,0.6349157094955444,0.49851107597351074,0.03365464508533478,0.658299446105957,0.4280192255973816,0.041461389511823654,0.6449259519577026,0.4781012535095215,0.029907938092947006,0.6581300497055054,0.3732864260673523,0.03164125233888626,0.611312747001648,0.5134214758872986,0.0027756551280617714,0.5929478406906128,0.4396854341030121,-0.021136997267603874,0.6143331527709961,0.41987621784210205,-0.006223921198397875,0.6540917754173279,0.3892139196395874,0.023309649899601936,0.6297264695167542,0.3916032314300537,0.002867219503968954,0.6246975064277649,0.3923107087612152,0.0013880319893360138,0.6164503693580627,0.4695891737937927,-0.0009311353205703199,0.6529040932655334,0.4414115846157074,0.021629927679896355,0.6006254553794861,0.5236763954162598,0.0043334681540727615,0.6174488663673401,0.5146534442901611,0.016924763098359108,0.625270426273346,0.508229672908783,0.02432785928249359,0.6195001602172852,0.39135757088661194,0.001255279523320496,0.6145175695419312,0.3893727958202362,0.002229271689429879,0.6111811995506287,0.3881036639213562,0.0035450910218060017,0.6528769731521606,0.37176409363746643,0.017373472452163696,0.6152323484420776,0.38106897473335266,0.0009032914531417191,0.620489776134491,0.3790286183357239,-9.495150879956782e-05,0.6256108283996582,0.37889158725738525,0.00012561632320284843,0.6306262016296387,0.3802824020385742,0.0017165632452815771,0.6337565779685974,0.38234174251556396,0.0037125106900930405,0.6617634296417236,0.37074244022369385,0.04805973172187805,0.6329554319381714,0.39003223180770874,0.0048966361209750175,0.6106249690055847,0.44930317997932434,-0.00961569044739008,0.6049303412437439,0.434037983417511,-0.01763361319899559,0.598971962928772,0.44778648018836975,-0.015253769233822823,0.6276084184646606,0.49817368388175964,0.016439780592918396,0.6195034980773926,0.5058634281158447,0.009962564334273338,0.601209819316864,0.5183365941047668,-0.003291406901553273,0.6427233815193176,0.48741424083709717,0.045009907335042953,0.6112165451049805,0.38445398211479187,0.002509622136130929,0.6008302569389343,0.4019123613834381,-0.015803344547748566,0.6095176339149475,0.5200267434120178,0.00928118173032999,0.6554065942764282,0.4468127489089966,0.040573831647634506,0.6040970683097839,0.46639397740364075,-0.00796433538198471,0.6052529215812683,0.46971258521080017,-0.009195941500365734,0.6061896085739136,0.47390151023864746,-0.01047629863023758,0.6068145036697388,0.47890573740005493,-0.009706594049930573,0.6066291332244873,0.48545125126838684,-0.005334312561899424,0.6142147183418274,0.46527692675590515,-0.002291684038937092,0.6157486438751221,0.464349627494812,-0.0022901545744389296,0.6170835494995117,0.4632810056209564,-0.0024215481244027615,0.6223339438438416,0.45792409777641296,-0.0016553846653550863,0.64605712890625,0.4446398913860321,0.0092889703810215,0.6010182499885559,0.3937776982784271,-0.010172075591981411,0.6053535342216492,0.37827956676483154,-0.0005862590041942894,0.6088659167289734,0.38041964173316956,0.0016233472852036357,0.6125983595848083,0.4660860300064087,-0.0018087176140397787,0.6447588801383972,0.4650217592716217,0.018377529457211494,0.5997033715248108,0.3768003284931183,-0.008092280477285385,0.6091785430908203,0.49534329771995544,-0.002768815029412508,0.5966814160346985,0.39727556705474854,-0.019780272617936134,0.604693591594696,0.415103554725647,-0.0160176083445549,0.5997426509857178,0.49979716539382935,-0.0068059321492910385,0.6229197978973389,0.47883957624435425,0.004481108859181404,0.6169394850730896,0.43651631474494934,-0.005025913938879967,0.6163859367370605,0.4883631467819214,0.0011769988341256976,0.6328405141830444,0.43614527583122253,-0.0027196728624403477,0.6235688328742981,0.44452187418937683,-0.0035230291541665792,0.6378852725028992,0.4494973123073578,0.0020932371262460947,0.6010919809341431,0.5104618072509766,-0.006433873437345028,0.608216404914856,0.41982778906822205,-0.01188888680189848,0.6269718408584595,0.48733285069465637,0.009799296967685223,0.6188047528266907,0.4966106712818146,0.005288629326969385,0.6289453506469727,0.46819937229156494,0.004889533855021,0.6505197286605835,0.45583775639533997,0.023761529475450516,0.636155366897583,0.4721803069114685,0.010580681264400482,0.6514333486557007,0.46365344524383545,0.038008369505405426,0.6288754940032959,0.4538201093673706,-0.0004498952766880393,0.6045137047767639,0.4078499376773834,-0.011693018488585949,0.6039131879806519,0.4314669668674469,-0.024866143241524696,0.6074600219726562,0.43315890431404114,-0.01843787543475628,0.6012309789657593,0.42568451166152954,-0.02885017916560173,0.610449492931366,0.3691297471523285,-0.002535797655582428,0.6206956505775452,0.3626031279563904,-0.003348574973642826,0.6295900344848633,0.3613605797290802,-0.002778067719191313,0.6368519067764282,0.3634476661682129,-0.00013291012146510184,0.6418305039405823,0.36829832196235657,0.003698972286656499,0.6441200971603394,0.38627350330352783,0.012881084345281124,0.6600697040557861,0.4097505509853363,0.040080901235342026,0.6393933296203613,0.398909330368042,0.007896858267486095,0.6333391666412354,0.4011796712875366,0.004439044278115034,0.6253960132598877,0.40160128474235535,0.0019972657319158316,0.6177030801773071,0.39965569972991943,0.00047270668437704444,0.6115602850914001,0.39629024267196655,0.0006984820356592536,0.6073603630065918,0.3929354250431061,0.0001612617779755965,0.6605907678604126,0.41121354699134827,0.06289484351873398,0.6073125004768372,0.43502843379974365,-0.015439240261912346,0.6006390452384949,0.4092654883861542,-0.020652005448937416,0.5996629595756531,0.43207597732543945,-0.029290005564689636,0.5965267419815063,0.4363838732242584,-0.02671791985630989,0.5997490286827087,0.4335842728614807,-0.026403607800602913,0.6058312058448792,0.43735992908477783,-0.013270176947116852,0.595439076423645,0.4371897578239441,-0.028260551393032074,0.5947372317314148,0.4390268623828888,-0.021234698593616486,0.60731041431427,0.3867531716823578,0.00276511930860579,0.6041541695594788,0.38778287172317505,-0.0006488108774647117,0.6020426750183105,0.38859325647354126,-0.00449430663138628,0.635590136051178,0.38400113582611084,0.005969850812107325,0.6404378414154053,0.3781214952468872,0.00641191191971302,0.5613312721252441,0.3850060701370239,0.004978331271559,0.5674092769622803,0.3853272795677185,0.004978331271559,0.5615444779396057,0.3774484097957611,0.004978331271559,0.555149257183075,0.3846817910671234,0.004978331271559,0.5611042380332947,0.3924940526485443,0.004978331271559,0.6226065754890442,0.3856000304222107,0.003126156749203801,0.6287059187889099,0.38577181100845337,0.003126156749203801,0.6225810647010803,0.37850022315979004,0.003126156749203801,0.6165597438812256,0.3854134976863861,0.003126156749203801,0.6226451992988586,0.39262962341308594,0.003126156749203801
4366.6666666666715,0.5933783650398254,0.45884454250335693,-0.016280537471175194,0.5918866395950317,0.43743783235549927,-0.03265730291604996,0.5920529961585999,0.44567638635635376,-0.017163245007395744,0.5874289870262146,0.4087221920490265,-0.02486432157456875,0.5919473767280579,0.42826423048973083,-0.03489648923277855,0.592147946357727,0.41663047671318054,-0.032655954360961914,0.5928035378456116,0.38909873366355896,-0.016688551753759384,0.5505368113517761,0.3893992006778717,0.008590951561927795,0.5932747721672058,0.36418670415878296,-0.012738258577883244,0.5934841632843018,0.35132089257240295,-0.014327328652143478,0.5944410562515259,0.3097175359725952,-0.009787016548216343,0.5932928919792175,0.4631238579750061,-0.015452769584953785,0.5931589007377625,0.4675999879837036,-0.013534252531826496,0.5930471420288086,0.47053173184394836,-0.011026037856936455,0.5928679704666138,0.47082120180130005,-0.010224176570773125,0.5928701758384705,0.4759950041770935,-0.011340174823999405,0.5927804112434387,0.4821526110172272,-0.012613477185368538,0.5926262140274048,0.4884001612663269,-0.011787189170718193,0.5917271375656128,0.4946385622024536,-0.006089336704462767,0.591961145401001,0.44203776121139526,-0.0294832531362772,0.5868121385574341,0.4415707588195801,-0.021119100973010063,0.5284188985824585,0.35368484258651733,0.03800269961357117,0.5669469237327576,0.39854952692985535,0.0014568788465112448,0.560706377029419,0.39927202463150024,0.0023450322914868593,0.555016815662384,0.3977389931678772,0.0044503239914774895,0.5480861663818359,0.39150792360305786,0.010023199021816254,0.5724062323570251,0.3955208659172058,0.002160328906029463,0.559165894985199,0.366728812456131,-0.0006536981672979891,0.5661812424659729,0.3682253360748291,-0.0009782350389286876,0.5525360703468323,0.3684912323951721,0.001950967824086547,0.5481846332550049,0.3728238046169281,0.0047302208840847015,0.543081521987915,0.3957781493663788,0.013637477532029152,0.5702305436134338,0.5079849362373352,0.002585772890597582,0.5488705635070801,0.3861226439476013,0.010918869636952877,0.525803804397583,0.39195823669433594,0.041599664837121964,0.5366404056549072,0.38788068294525146,0.020105697214603424,0.5614773631095886,0.4292382597923279,-0.0033215656876564026,0.5848211050033569,0.45666059851646423,-0.015276076272130013,0.5854600071907043,0.4671245217323303,-0.012293280102312565,0.576180636882782,0.4600529074668884,-0.011089933104813099,0.5705087184906006,0.46346360445022583,-0.005745199043303728,0.578737735748291,0.4672304391860962,-0.00927894376218319,0.5734971165657043,0.46777230501174927,-0.00441346550360322,0.5639739632606506,0.47639456391334534,0.004629547242075205,0.5870548486709595,0.4371936023235321,-0.03200078010559082,0.586447536945343,0.4283246397972107,-0.034000642597675323,0.539608359336853,0.36097750067710876,0.007576862350106239,0.5748438835144043,0.4090564250946045,-0.004630560986697674,0.5739540457725525,0.4338977634906769,-0.016878843307495117,0.5736742615699768,0.4292810559272766,-0.015144286677241325,0.5422855019569397,0.42773380875587463,0.0059501356445252895,0.5869021415710449,0.4175966680049896,-0.030577611178159714,0.5531713962554932,0.3498059809207916,-0.0037801447324454784,0.5451319217681885,0.3533487319946289,0.001728045754134655,0.5341410040855408,0.33682310581207275,0.025247160345315933,0.579822301864624,0.35963916778564453,-0.010551728308200836,0.5721637010574341,0.37320956587791443,0.0005118497647345066,0.558965802192688,0.4675902724266052,0.005820588208734989,0.5345511436462402,0.47239387035369873,0.060057587921619415,0.5782627463340759,0.43894532322883606,-0.014770586974918842,0.5830400586128235,0.44174695014953613,-0.015107817947864532,0.5636871457099915,0.46866244077682495,0.005497730802744627,0.5653589963912964,0.4687821567058563,0.00376338604837656,0.5418537855148315,0.34676578640937805,0.004476726520806551,0.5736085176467896,0.43718865513801575,-0.013459185138344765,0.5643463134765625,0.3510655462741852,-0.00813157856464386,0.563463568687439,0.34332194924354553,-0.009655334986746311,0.5587290525436401,0.31444141268730164,-0.00038818729808554053,0.5378473997116089,0.34376201033592224,0.013225384056568146,0.5617077946662903,0.3300776481628418,-0.0054362379014492035,0.5360219478607178,0.3565964698791504,0.012707598507404327,0.5318989753723145,0.35760560631752014,0.024359198287129402,0.5849524140357971,0.46230775117874146,-0.014379081316292286,0.5774378180503845,0.4638955593109131,-0.010372637771070004,0.571941077709198,0.46568238735198975,-0.005527591332793236,0.5795791745185852,0.44039466977119446,-0.013259310275316238,0.5645357370376587,0.4687330722808838,0.004621385596692562,0.5678489208221436,0.4713840186595917,0.0007414945866912603,0.5663015246391296,0.4688660502433777,0.0036068246699869633,0.5809412598609924,0.4368337392807007,-0.023091359063982964,0.5747118592262268,0.4692332148551941,-0.0035681333392858505,0.5798845291137695,0.4694238603115082,-0.007033751346170902,0.5860714912414551,0.46996253728866577,-0.00986509583890438,0.5833711624145508,0.49407604336738586,-0.005291203036904335,0.5840179920196533,0.4873254895210266,-0.010789595544338226,0.5845131278038025,0.481081485748291,-0.01144196093082428,0.5852046012878418,0.47495102882385254,-0.01006690226495266,0.5859735012054443,0.4702458679676056,-0.008986498229205608,0.5746140480041504,0.46932199597358704,-0.0027814193163067102,0.5732764005661011,0.4714561104774475,-0.003828867804259062,0.571732759475708,0.4743790328502655,-0.004727696999907494,0.5704917907714844,0.47769951820373535,-0.00346871349029243,0.5657557249069214,0.4564928710460663,-0.0038253532256931067,0.5269882678985596,0.43103712797164917,0.0680922120809555,0.5920185446739197,0.4438970386981964,-0.02150186337530613,0.5707689523696899,0.46909910440444946,0.0011423841351643205,0.5693389773368835,0.47013142704963684,0.000555366394110024,0.5847549438476562,0.4449847936630249,-0.015300964936614037,0.5754066705703735,0.4418412446975708,-0.00897679291665554,0.5839785933494568,0.44342324137687683,-0.015338756144046783,0.5678519010543823,0.41377946734428406,-0.0021426628809422255,0.5571423768997192,0.41870585083961487,0.000407149811508134,0.5725364089012146,0.432780921459198,-0.011590256355702877,0.5436862707138062,0.32334470748901367,0.011773691512644291,0.547189474105835,0.3339913785457611,0.0033985653426498175,0.5510172843933105,0.3422100245952606,-0.0031257697846740484,0.5688768029212952,0.4834437072277069,0.0010930433636531234,0.5781700611114502,0.34692779183387756,-0.013199759647250175,0.5767370462417603,0.33002394437789917,-0.010706602595746517,0.5750842690467834,0.3104720711708069,-0.007742709945887327,0.55049067735672,0.3954046368598938,0.007437676191329956,0.5366567373275757,0.4012598991394043,0.017428575083613396,0.5761155486106873,0.39258819818496704,0.002727280603721738,0.5423597097396851,0.37644171714782715,0.010805975645780563,0.5793361663818359,0.40341925621032715,-0.007036885712295771,0.577412486076355,0.4311935603618622,-0.0229994785040617,0.5299479961395264,0.40772849321365356,0.024825340136885643,0.5405004024505615,0.40756475925445557,0.011818249709904194,0.547998309135437,0.4108727276325226,0.0058142985217273235,0.5593512654304504,0.41041380167007446,0.0027233201544731855,0.5679543614387512,0.4074555039405823,0.0007374458946287632,0.5746048092842102,0.4032546579837799,-0.0012167682871222496,0.5872472524642944,0.39140498638153076,-0.014068624004721642,0.530135452747345,0.4252364933490753,0.023546932265162468,0.5376925468444824,0.3737097680568695,0.013925695791840553,0.5890745520591736,0.44169989228248596,-0.029032835736870766,0.5753585696220398,0.4169664978981018,-0.007460881024599075,0.5244705677032471,0.3919624388217926,0.062119871377944946,0.5795824527740479,0.39825326204299927,-0.0024598559830337763,0.5718698501586914,0.43322527408599854,-0.005535399541258812,0.545930027961731,0.38545167446136475,0.012391841039061546,0.5773603916168213,0.42554545402526855,-0.020824141800403595,0.5298677682876587,0.4516901671886444,0.06577430665493011,0.5766918063163757,0.38931959867477417,0.004022153560072184,0.5820275545120239,0.42071059346199036,-0.02681165747344494,0.546428918838501,0.48946619033813477,0.02671671472489834,0.5482748746871948,0.49957582354545593,0.038311127573251724,0.526445746421814,0.4285537600517273,0.045746538788080215,0.5385309457778931,0.4791964590549469,0.03453996777534485,0.5285816788673401,0.3738600015640259,0.03469889238476753,0.5700074434280396,0.5158969163894653,0.006306368857622147,0.5897923111915588,0.44355863332748413,-0.021031571552157402,0.5694990754127502,0.4228573441505432,-0.004980138503015041,0.5315135717391968,0.38933444023132324,0.026423541828989983,0.5556047558784485,0.39398032426834106,0.004503346513956785,0.5606862902641296,0.3952910304069519,0.002791517646983266,0.5665643215179443,0.4728702902793884,0.001870376174338162,0.5311864614486694,0.44248875975608826,0.025714976713061333,0.5805887579917908,0.526401162147522,0.007469926029443741,0.5646582841873169,0.5165249705314636,0.02101995050907135,0.5574290156364441,0.5096887350082397,0.028695261105895042,0.5938892960548401,0.3306291699409485,-0.012715884484350681,0.5916962623596191,0.5278340578079224,0.005126219242811203,0.5660597085952759,0.39461466670036316,0.002335022669285536,0.5712199211120605,0.3924953043460846,0.0030155135318636894,0.5747450590133667,0.3908248543739319,0.004142547491937876,0.5334213972091675,0.3715691566467285,0.020172638818621635,0.5711725950241089,0.3820550739765167,0.0016606225399300456,0.5657849907875061,0.37926238775253296,0.0009212036384269595,0.5605264902114868,0.3787775933742523,0.0014415706973522902,0.5553868412971497,0.3802100419998169,0.003361163893714547,0.5521519184112549,0.3824441134929657,0.005537536460906267,0.5254248380661011,0.3711227774620056,0.051452089101076126,0.5524556636810303,0.39172229170799255,0.006737095769494772,0.5920760035514832,0.45175957679748535,-0.015387226827442646,0.5723689198493958,0.4529300332069397,-0.008005761541426182,0.5782260894775391,0.4377986192703247,-0.016978926956653595,0.5838673114776611,0.45170098543167114,-0.014474580064415932,0.5930649638175964,0.37704238295555115,-0.012594091705977917,0.5550016164779663,0.4998398423194885,0.020577652379870415,0.5624836683273315,0.5078165531158447,0.013830676674842834,0.5796714425086975,0.5214175581932068,-0.0002543400623835623,0.5409746170043945,0.4882258176803589,0.049971092492341995,0.5750250220298767,0.3862892985343933,0.0031125096138566732,0.5831765532493591,0.40519559383392334,-0.015726257115602493,0.5914395451545715,0.522596538066864,-0.002246635966002941,0.5719870924949646,0.5223729014396667,0.013002769090235233,0.5287862420082092,0.4473988711833954,0.045058246701955795,0.5798014998435974,0.46965187788009644,-0.006165957078337669,0.5785120129585266,0.4732791483402252,-0.007298641838133335,0.577353298664093,0.4779117703437805,-0.008349336683750153,0.5764997005462646,0.48339158296585083,-0.007388547994196415,0.5751978158950806,0.48965179920196533,-0.0026362845674157143,0.5692538022994995,0.4682476818561554,0.00012078646977897733,0.5677317380905151,0.4672884941101074,0.00023547079763375223,0.5664698481559753,0.4662151336669922,0.00015359048848040402,0.5607250332832336,0.46117955446243286,0.0011299154721200466,0.5376226305961609,0.44632357358932495,0.012876301072537899,0.5834366679191589,0.3968029022216797,-0.010129394941031933,0.5804188847541809,0.37970709800720215,-0.0006143039790913463,0.5771909952163696,0.38193774223327637,0.0019788919016718864,0.5708214640617371,0.4690980017185211,0.000557362858671695,0.5387897491455078,0.46657636761665344,0.0224738921970129,0.5856418013572693,0.3779144287109375,-0.008490105159580708,0.5724027752876282,0.49884623289108276,0.0002523752918932587,0.59237140417099,0.40738365054130554,-0.027147846296429634,0.5872843265533447,0.40063875913619995,-0.020103324204683304,0.592576801776886,0.3987821936607361,-0.02175447717308998,0.5789569616317749,0.4184623658657074,-0.015542039647698402,0.5914503335952759,0.5148953199386597,-0.005689249839633703,0.5915660262107849,0.5044367909431458,-0.006006950978189707,0.5815081000328064,0.5038024187088013,-0.004306931514292955,0.5596715211868286,0.48169809579849243,0.007961748167872429,0.5664635896682739,0.4396989643573761,-0.0033037380781024694,0.565710186958313,0.4914803206920624,0.004503874108195305,0.5507166981697083,0.4386116564273834,-0.00016000692266970873,0.5597906112670898,0.44744277000427246,-0.001187795540317893,0.5456140041351318,0.45167216658592224,0.005296474322676659,0.5798565745353699,0.5139586329460144,-0.003584602614864707,0.5754872560501099,0.4231727123260498,-0.011072477325797081,0.5556869506835938,0.4895887076854706,0.013623161241412163,0.5632083415985107,0.4991409480571747,0.008870242163538933,0.5540266633033752,0.47085970640182495,0.008431114256381989,0.5333939790725708,0.45698225498199463,0.027976710349321365,0.5469899773597717,0.4742184281349182,0.014405599795281887,0.532419741153717,0.4644334316253662,0.04273911938071251,0.5544727444648743,0.4565325081348419,0.0025104146916419268,0.5794727802276611,0.4110495448112488,-0.011232358403503895,0.5791180729866028,0.435249000787735,-0.024303050711750984,0.5756931304931641,0.4368731379508972,-0.01760348677635193,0.5816681981086731,0.4294916093349457,-0.028517160564661026,0.5754600167274475,0.3691110908985138,-0.0023760516196489334,0.5654164552688599,0.3617479205131531,-0.0027269802521914244,0.5566728711128235,0.36041972041130066,-0.0015967353247106075,0.5495668649673462,0.36285287141799927,0.0015440017450600863,0.5446003675460815,0.36796456575393677,0.005725719965994358,0.5418562889099121,0.3865894377231598,0.015303337946534157,0.5252982974052429,0.4102444350719452,0.04409337788820267,0.5460913181304932,0.3999693989753723,0.010274949483573437,0.551952064037323,0.4029597043991089,0.006469801999628544,0.559829831123352,0.4040672481060028,0.003606613725423813,0.567563533782959,0.4025004506111145,0.0016268609324470162,0.5738028287887573,0.3991077244281769,0.0013969585997983813,0.5780823230743408,0.3956487476825714,0.0005795471370220184,0.5254102945327759,0.4114030599594116,0.06720953434705734,0.5757969617843628,0.4387623965740204,-0.01455642282962799,0.5829461812973022,0.4127422571182251,-0.020461440086364746,0.5831310749053955,0.43594667315483093,-0.02903442271053791,0.5863175988197327,0.4402376115322113,-0.026591358706355095,0.5831913352012634,0.43738895654678345,-0.02609812468290329,0.5772508382797241,0.4410984516143799,-0.012452339753508568,0.5873039364814758,0.44108065962791443,-0.028184955939650536,0.5880539417266846,0.442927747964859,-0.021047525107860565,0.578609824180603,0.3890286087989807,0.003041521878913045,0.5813900232315063,0.3901647627353668,-0.0005733085563406348,0.5832388401031494,0.3909095823764801,-0.004525034222751856,0.5503420829772949,0.38424065709114075,0.007925588637590408,0.545640766620636,0.37812942266464233,0.008516406640410423,0.5973713994026184,0.408730149269104,-0.025303147733211517,0.6373997926712036,0.39063987135887146,0.005531445611268282,0.5974537134170532,0.4415131211280823,-0.021462174132466316,0.6617997288703918,0.3546857535839081,0.03317577391862869,0.6203367710113525,0.39855101704597473,-0.0005491789779625833,0.6266125440597534,0.39945128560066223,-2.672495975275524e-05,0.6324764490127563,0.3983776867389679,0.0016994676552712917,0.6399113535881042,0.39303866028785706,0.006763327866792679,0.6149345636367798,0.395666241645813,0.0005646941135637462,0.628997802734375,0.36975663900375366,-0.003219001227989793,0.6219372153282166,0.37106144428253174,-0.003033523680642247,0.6356666088104248,0.3712702691555023,-0.0009642236400395632,0.6399379968643188,0.3751882314682007,0.0015778273809701204,0.6448020935058594,0.3973114490509033,0.01020024437457323,0.6133104562759399,0.5083997845649719,0.0011292231502011418,0.6393646001815796,0.38776078820228577,0.007714437320828438,0.6628807187080383,0.3930426239967346,0.037036411464214325,0.6514202952384949,0.3898649513721466,0.01626940257847309,0.6240530014038086,0.42959025502204895,-0.0054209125228226185,0.6018389463424683,0.4567088186740875,-0.01589006744325161,0.6007941365242004,0.46719738841056824,-0.012897802516818047,0.6101611852645874,0.46008801460266113,-0.01235421746969223,0.615411639213562,0.4635325074195862,-0.007435522507876158,0.6072949767112732,0.4673680365085602,-0.010442079976201057,0.6123144626617432,0.46792519092559814,-0.005889600608497858,0.6209095120429993,0.47653764486312866,0.002533452585339546,0.5968011617660522,0.4371905028820038,-0.03226044774055481,0.5974694490432739,0.4282909631729126,-0.034335680305957794,0.6491945385932922,0.3639569878578186,0.003881615586578846,0.6110898852348328,0.40917375683784485,-0.005988550838083029,0.6108072400093079,0.4338594973087311,-0.018165357410907745,0.6112730503082275,0.42925190925598145,-0.01649577170610428,0.6437095999717712,0.42848527431488037,0.002622944302856922,0.5974456667900085,0.4175500273704529,-0.031009092926979065,0.6347126960754395,0.35411301255226135,-0.006311221048235893,0.6433562636375427,0.35690149664878845,-0.0014641823945567012,0.6562238335609436,0.3376612961292267,0.020876925438642502,0.6067205667495728,0.3642328977584839,-0.011382153257727623,0.6158108115196228,0.3754618465900421,-0.0011765123344957829,0.6262395977973938,0.4677102267742157,0.003358484013006091,0.6522160172462463,0.47306472063064575,0.055723197758197784,0.6064120531082153,0.43889302015304565,-0.015728596597909927,0.6015179753303528,0.441704660654068,-0.015586934052407742,0.6217272281646729,0.46880149841308594,0.0033377762883901596,0.6200507283210754,0.4689243733882904,0.0018298935610800982,0.6468731164932251,0.35013172030448914,0.0010818835580721498,0.6111912131309509,0.43717461824417114,-0.01471717655658722,0.6228418350219727,0.3560400605201721,-0.009887845255434513,0.6237381100654602,0.3480038046836853,-0.01144973561167717,0.6309278011322021,0.3147774934768677,-0.002938119927421212,0.6516467928886414,0.344623327255249,0.009574166499078274,0.6268011927604675,0.3304530084133148,-0.007441483438014984,0.6528449654579163,0.35945436358451843,0.00878889486193657,0.6576130986213684,0.35869652032852173,0.02016671746969223,0.6015276312828064,0.46237534284591675,-0.015023354440927505,0.6087773442268372,0.4640025496482849,-0.011609664186835289,0.6139545440673828,0.4657696783542633,-0.007135235238820314,0.6050318479537964,0.4403475821018219,-0.014015710912644863,0.6208710670471191,0.46887314319610596,0.002600829815492034,0.6174446940422058,0.47148531675338745,-0.0010008617537096143,0.6191189289093018,0.4690042734146118,0.0017403237288817763,0.6034742593765259,0.43677645921707153,-0.023954326286911964,0.6109582781791687,0.4694088399410248,-0.004962728824466467,0.6059926152229309,0.469585657119751,-0.008113802410662174,0.600009024143219,0.47006383538246155,-0.010493332520127296,0.600261926651001,0.49424469470977783,-0.005863172933459282,0.6012390851974487,0.4873605966567993,-0.01142098754644394,0.6009396910667419,0.48110780119895935,-0.012129704467952251,0.6004366874694824,0.4749881327152252,-0.010740025900304317,0.5997872352600098,0.47028782963752747,-0.009621629491448402,0.6108359098434448,0.4693911075592041,-0.0041711535304784775,0.6121566891670227,0.4715366065502167,-0.005211325827986002,0.6136109232902527,0.4744422733783722,-0.006138803903013468,0.6147010326385498,0.4777300953865051,-0.004944766405969858,0.6191015839576721,0.4566706120967865,-0.005704020615667105,0.6611950397491455,0.4320673644542694,0.06327956169843674,0.6145930886268616,0.4692116379737854,-0.00055410445202142,0.6160144209861755,0.47025421261787415,-0.0011510889744386077,0.599686324596405,0.4450318515300751,-0.015780242159962654,0.6094112396240234,0.44185805320739746,-0.009987889789044857,0.6005241274833679,0.44344815611839294,-0.015802761539816856,0.6180678009986877,0.41403886675834656,-0.003933163825422525,0.6288062334060669,0.4191979467868805,-0.0020219923462718725,0.6124666929244995,0.43281829357147217,-0.012964609079062939,0.6465144157409668,0.323947548866272,0.008170842193067074,0.6419955492019653,0.33467939496040344,0.00044179102405905724,0.6369083523750305,0.3460829257965088,-0.005816789343953133,0.6155132055282593,0.48366761207580566,-0.0006065205088816583,0.6085037589073181,0.3517553210258484,-0.014075171202421188,0.611309289932251,0.3301883041858673,-0.011728161945939064,0.6141115427017212,0.3105795383453369,-0.009022610262036324,0.6372418999671936,0.3965851962566376,0.004363870248198509,0.6508910059928894,0.40261122584342957,0.013609317131340504,0.6113273501396179,0.3930171728134155,0.0013195727951824665,0.6459280848503113,0.37863126397132874,0.00726898480206728,0.6066235899925232,0.40346863865852356,-0.008115729317069054,0.6071103811264038,0.43115371465682983,-0.024024363607168198,0.6574977040290833,0.4087117910385132,0.020577099174261093,0.6470403671264648,0.40886297821998596,0.008232278749346733,0.6394857168197632,0.411891907453537,0.0026846565306186676,0.6279141902923584,0.4111150801181793,0.0003067852812819183,0.6191275119781494,0.40788590908050537,-0.0011330707930028439,0.612371563911438,0.40367794036865234,-0.002621239982545376,0.5984727740287781,0.39138856530189514,-0.014523615129292011,0.6566539406776428,0.4262442886829376,0.01928366720676422,0.6506303548812866,0.3763004541397095,0.010066668502986431,0.5948745012283325,0.4416710138320923,-0.02925006113946438,0.6102184653282166,0.4170382618904114,-0.008772707544267178,0.6648868918418884,0.3928981423377991,0.05711679905653,0.6073220372200012,0.39880242943763733,-0.003552511101588607,0.6133191585540771,0.4333000183105469,-0.006912695709615946,0.6422526836395264,0.3873387277126312,0.009077174589037895,0.6074175834655762,0.42550018429756165,-0.02187412418425083,0.6576877236366272,0.4526076912879944,0.061212003231048584,0.611082911491394,0.38999754190444946,0.002589030424132943,0.602495551109314,0.4206576347351074,-0.027586160227656364,0.6387113928794861,0.49010583758354187,0.023476146161556244,0.636970043182373,0.5000576972961426,0.0349997952580452,0.6609413027763367,0.4296126067638397,0.041118767112493515,0.6470767855644226,0.4798852503299713,0.030721958726644516,0.6605085730552673,0.3749328851699829,0.03026692382991314,0.6134055256843567,0.5163417458534241,0.004723092541098595,0.5942853093147278,0.44352564215660095,-0.021171147003769875,0.6160531044006348,0.4230363667011261,-0.006615438032895327,0.6562827825546265,0.39109233021736145,0.022218547761440277,0.6318619251251221,0.3944062292575836,0.0018346227006986737,0.6266719102859497,0.3952661454677582,0.00039704865776002407,0.6187005043029785,0.47296521067619324,1.299375799135305e-05,0.655180811882019,0.4434804618358612,0.021531855687499046,0.6027777791023254,0.5265676379203796,0.0065684509463608265,0.6195493340492249,0.5168456435203552,0.018760589882731438,0.6273165941238403,0.5100940465927124,0.025943497195839882,0.6213655471801758,0.3943879306316376,0.00029207803891040385,0.6162919402122498,0.3924092948436737,0.0012828425969928503,0.612923800945282,0.39114508032798767,0.002596217906102538,0.6548698544502258,0.37387505173683167,0.016036389395594597,0.6169720888137817,0.3834940195083618,-0.00016904888616409153,0.6223006844520569,0.38105595111846924,-0.0012142420746386051,0.6275669932365417,0.3806716203689575,-0.0010321636218577623,0.6327522397041321,0.38201379776000977,0.0005498045356944203,0.6359795331954956,0.3841903507709503,0.002557439263910055,0.6643937826156616,0.3721202611923218,0.04649693891406059,0.6352033019065857,0.39264026284217834,0.003831940470263362,0.6123899817466736,0.4530060291290283,-0.009387911297380924,0.6063878536224365,0.4377533197402954,-0.01787787489593029,0.6005691289901733,0.4517592489719391,-0.015065190382301807,0.6296566724777222,0.5004885196685791,0.017920060083270073,0.6215583086013794,0.5084084272384644,0.011708679609000683,0.6033039093017578,0.5216649770736694,-0.0011447570286691189,0.644956111907959,0.4887174963951111,0.04603611305356026,0.6129340529441833,0.38727322220802307,0.0015011255163699389,0.6022171974182129,0.4052148163318634,-0.016467778012156487,0.6116593480110168,0.5226001143455505,0.01131313294172287,0.6579804420471191,0.4483855664730072,0.040620107203722,0.6058148145675659,0.4696946144104004,-0.007237932179123163,0.6070125699043274,0.47332602739334106,-0.008390236645936966,0.6080502271652222,0.4779353141784668,-0.009511209093034267,0.608779788017273,0.48336952924728394,-0.008563139475882053,0.608725368976593,0.489815890789032,-0.0038825918454676867,0.6163407564163208,0.4683879613876343,-0.0016598140355199575,0.6178653836250305,0.4674164056777954,-0.0016793387476354837,0.6191734075546265,0.46632033586502075,-0.001849450753070414,0.6243069767951965,0.46134427189826965,-0.0011819293722510338,0.6481221318244934,0.4471491277217865,0.009266801178455353,0.6024156808853149,0.39683809876441956,-0.010919083841145039,0.6068094968795776,0.3813983201980591,-0.0015999955357983708,0.6104603409767151,0.3833591341972351,0.0005961082060821354,0.6147164106369019,0.4692694842815399,-0.0011322638019919395,0.646811842918396,0.46726080775260925,0.018864264711737633,0.6009944081306458,0.3800663352012634,-0.00905174482613802,0.6112910509109497,0.49913254380226135,-0.0010944877285510302,0.5979397296905518,0.40062594413757324,-0.020509498193860054,0.606188178062439,0.41851481795310974,-0.01652597449719906,0.6017695069313049,0.5039823651313782,-0.004978029523044825,0.6250447034835815,0.48206445574760437,0.005607954692095518,0.6187549829483032,0.43987715244293213,-0.005073831416666508,0.6185295581817627,0.49181926250457764,0.0026354931760579348,0.6347252726554871,0.4391968846321106,-0.0028290757909417152,0.6254412531852722,0.4478265643119812,-0.003378900233656168,0.639815092086792,0.4523666203022003,0.0022446245420724154,0.6031731963157654,0.5142291784286499,-0.00445112818852067,0.6098113656044006,0.42317840456962585,-0.012301226146519184,0.6290509700775146,0.4901273846626282,0.01104978658258915,0.6209030747413635,0.49960973858833313,0.0068756393156945705,0.6310039162635803,0.4712388217449188,0.005641226191073656,0.6527242064476013,0.4578297436237335,0.02401454746723175,0.638167679309845,0.4747886061668396,0.011310668662190437,0.6538436412811279,0.46524888277053833,0.038465116173028946,0.6308093070983887,0.45700010657310486,-0.0001239923876710236,0.6060152053833008,0.41110214591026306,-0.012268059886991978,0.6052935123443604,0.4352109432220459,-0.025214850902557373,0.6089652180671692,0.43684470653533936,-0.018686266615986824,0.6025523543357849,0.4294581115245819,-0.029266200959682465,0.6118519902229309,0.37227725982666016,-0.0036953052040189505,0.6221798062324524,0.36544203758239746,-0.004594943951815367,0.6312152147293091,0.36386412382125854,-0.004045563749969006,0.638634979724884,0.3657478988170624,-0.001416612765751779,0.6437371373176575,0.37051624059677124,0.00241607753559947,0.6462810635566711,0.3885025978088379,0.011778812855482101,0.6627082824707031,0.4113416373729706,0.03937937319278717,0.6416154503822327,0.40138140320777893,0.006987849250435829,0.6355014443397522,0.4038954973220825,0.0035982895642518997,0.6274420022964478,0.40454044938087463,0.0012224956881254911,0.6195938587188721,0.40272805094718933,-0.00028506643138825893,0.6133342385292053,0.3994089663028717,-5.612489621853456e-05,0.6090378165245056,0.39608702063560486,-0.0006172371795400977,0.6634441018104553,0.41239282488822937,0.06219737231731415,0.6088835597038269,0.438699334859848,-0.01562625542283058,0.6019909977912903,0.4127422869205475,-0.021240150555968285,0.6009591817855835,0.43591317534446716,-0.029606003314256668,0.5978528261184692,0.44021931290626526,-0.026909764856100082,0.6010791063308716,0.43738147616386414,-0.026681998744606972,0.6074405312538147,0.44104963541030884,-0.013360912911593914,0.5967374444007874,0.4410500228404999,-0.028442256152629852,0.5960986018180847,0.4428589642047882,-0.021298322826623917,0.6089561581611633,0.38983315229415894,0.0018450104398652911,0.6057244539260864,0.39094793796539307,-0.0015038491692394018,0.6035687923431396,0.39179497957229614,-0.005304910708218813,0.6378580331802368,0.3859894573688507,0.004831357393413782,0.6425125002861023,0.3802489936351776,0.005229958798736334,0.5627607107162476,0.3877790868282318,0.0044385758228600025,0.5689842700958252,0.3879915177822113,0.0044385758228600025,0.562997043132782,0.3799198269844055,0.0044385758228600025,0.5564581155776978,0.3875683844089508,0.0044385758228600025,0.5625154376029968,0.39553436636924744,0.0044385758228600025,0.624525785446167,0.38814544677734375,0.002068371046334505,0.6308596134185791,0.38821128010749817,0.002068371046334505,0.6244014501571655,0.3806479275226593,0.002068371046334505,0.6182456016540527,0.38806018233299255,0.002068371046334505,0.6246587038040161,0.3955710530281067,0.002068371046334505
4400.000000000005,0.5928394794464111,0.4594511389732361,-0.016011008992791176,0.5921827554702759,0.43698087334632874,-0.032374948263168335,0.5922012329101562,0.44516369700431824,-0.016943123191595078,0.5879552364349365,0.40842944383621216,-0.024721309542655945,0.5923162698745728,0.42786747217178345,-0.03461895138025284,0.5925842523574829,0.4163135290145874,-0.03241582214832306,0.5933838486671448,0.3890472650527954,-0.0167189110070467,0.5504748821258545,0.3892178535461426,0.008449769578874111,0.5939695239067078,0.36481669545173645,-0.012919864617288113,0.5942413806915283,0.35207125544548035,-0.014548218809068203,0.595414400100708,0.309402734041214,-0.01009548082947731,0.592762291431427,0.46370479464530945,-0.01518823392689228,0.5926487445831299,0.4681240916252136,-0.013277161866426468,0.5925650000572205,0.470986932516098,-0.010695691220462322,0.5923916101455688,0.47116968035697937,-0.00993439368903637,0.592372477054596,0.476137638092041,-0.010952766984701157,0.5922837853431702,0.4819774031639099,-0.012240123935043812,0.5921390652656555,0.4879217743873596,-0.011455614119768143,0.5915378332138062,0.49375271797180176,-0.005855391267687082,0.5922051668167114,0.44157183170318604,-0.029217027127742767,0.5870731472969055,0.4410533905029297,-0.020908769220113754,0.5290985703468323,0.3526979982852936,0.037633176892995834,0.5670896172523499,0.3980261981487274,0.0013699253322556615,0.560871422290802,0.3989501893520355,0.0022375083062797785,0.5552041530609131,0.39747440814971924,0.004316020291298628,0.5481665134429932,0.39103952050209045,0.009854902513325214,0.5725132822990417,0.39479511976242065,0.002056731376796961,0.5593158602714539,0.3664100766181946,-0.0007830157992430031,0.5663161873817444,0.3678985834121704,-0.0011049804743379354,0.5526972413063049,0.3680838644504547,0.0017995353555306792,0.5483243465423584,0.3723088502883911,0.004566834308207035,0.5434431433677673,0.39506059885025024,0.013449052348732948,0.5702463388442993,0.5074791312217712,0.00261694542132318,0.5487889647483826,0.3857630789279938,0.010748754255473614,0.5262280702590942,0.39127206802368164,0.04126986861228943,0.5370953679084778,0.3869842290878296,0.019859299063682556,0.5619618892669678,0.42864784598350525,-0.0032715618144720793,0.5845458507537842,0.45734137296676636,-0.015025499276816845,0.5852341651916504,0.46773090958595276,-0.012062606401741505,0.5762483477592468,0.4606318175792694,-0.010928140953183174,0.5708242058753967,0.4639122486114502,-0.0057097128592431545,0.5787984132766724,0.46781542897224426,-0.009128217585384846,0.5737587809562683,0.46825602650642395,-0.0043836431577801704,0.5642662644386292,0.4756630063056946,0.004489258863031864,0.5874127745628357,0.43669965863227844,-0.03172920271754265,0.5868850946426392,0.4278751611709595,-0.033736277371644974,0.5398913025856018,0.36056819558143616,0.00731274951249361,0.5753445625305176,0.40864408016204834,-0.004656083881855011,0.5743855834007263,0.43326663970947266,-0.016703132539987564,0.5741345882415771,0.42869293689727783,-0.014984924346208572,0.5427334904670715,0.42715033888816833,0.005867984611541033,0.5873897671699524,0.4172325134277344,-0.030356133356690407,0.5534296631813049,0.34978899359703064,-0.004067206755280495,0.5453985929489136,0.35322415828704834,0.0014300979673862457,0.5349314212799072,0.33590438961982727,0.024867607280611992,0.5801060199737549,0.3593546748161316,-0.010732267051935196,0.5722749829292297,0.37281176447868347,0.00040787883335724473,0.5593149662017822,0.46699610352516174,0.005695024970918894,0.5341010689735413,0.47228360176086426,0.05981076881289482,0.5786445736885071,0.4383249878883362,-0.014585785567760468,0.5833689570426941,0.4411487579345703,-0.014935744926333427,0.564237117767334,0.4689171612262726,0.0053483531810343266,0.5658816695213318,0.46908921003341675,0.003623701399192214,0.5421243906021118,0.3466264009475708,0.004186377394944429,0.5740240216255188,0.4365321099758148,-0.01328817568719387,0.5646194815635681,0.35093891620635986,-0.008352269418537617,0.563751220703125,0.3433118164539337,-0.009885061532258987,0.5596444606781006,0.3138250708580017,-0.0007285740575753152,0.5386664271354675,0.34317266941070557,0.012890574522316456,0.5626355409622192,0.3298652768135071,-0.0057305749505758286,0.5363454818725586,0.3560609221458435,0.0124280396848917,0.532597541809082,0.3569048047065735,0.02401164174079895,0.584704577922821,0.4629485011100769,-0.014143247157335281,0.5775015354156494,0.46446463465690613,-0.010221309028565884,0.5722299218177795,0.4661448001861572,-0.005499179475009441,0.5799462199211121,0.43976977467536926,-0.013096466660499573,0.5650668144226074,0.4690176546573639,0.004472442902624607,0.5682358145713806,0.4715639054775238,0.0006372731295414269,0.5668166875839233,0.469192236661911,0.003467755625024438,0.5813102126121521,0.4362662732601166,-0.022880660369992256,0.5749319195747375,0.4697208106517792,-0.003494258737191558,0.5798965096473694,0.470001757144928,-0.006832401733845472,0.5858435034751892,0.4705119729042053,-0.009570363909006119,0.5834079384803772,0.49314093589782715,-0.005096969660371542,0.5837388038635254,0.48686617612838745,-0.010509142652153969,0.5842118263244629,0.4809388220310211,-0.011127867735922337,0.584888756275177,0.47514328360557556,-0.009728943929076195,0.5856984257698059,0.47065797448158264,-0.008731603622436523,0.5747807621955872,0.4697569012641907,-0.002753774868324399,0.5734341740608215,0.4717194437980652,-0.003759761108085513,0.571919858455658,0.4744158387184143,-0.004676115699112415,0.5707194209098816,0.4774876832962036,-0.0034684864804148674,0.5661776065826416,0.45584535598754883,-0.003844905411824584,0.5270311832427979,0.43055418133735657,0.067811980843544,0.5922185778617859,0.4434244632720947,-0.021273070946335793,0.5711042284965515,0.46949875354766846,0.0010333254467695951,0.5696892142295837,0.47043806314468384,0.00046673737233504653,0.5850396156311035,0.44438260793685913,-0.015099510550498962,0.5758005976676941,0.4411713778972626,-0.008810005150735378,0.584283709526062,0.4428284764289856,-0.015155291184782982,0.5683584809303284,0.4132949709892273,-0.0021789884194731712,0.557663083076477,0.4181481599807739,0.0003423941961955279,0.5729868412017822,0.4321613311767578,-0.011441019363701344,0.5445634722709656,0.3225547671318054,0.01140179205685854,0.5481120347976685,0.3335712254047394,0.003081686096265912,0.5512710809707642,0.34227830171585083,-0.0033887343015521765,0.5691282749176025,0.4826599061489105,0.0010143897961825132,0.578481137752533,0.3467767834663391,-0.013411037623882294,0.5776321291923523,0.3299010097980499,-0.010980463586747646,0.5760354995727539,0.3099866211414337,-0.008046268485486507,0.5506156086921692,0.39507612586021423,0.0072800046764314175,0.5372090339660645,0.4004614055156708,0.017235666513442993,0.5761985182762146,0.3917987644672394,0.002635293174535036,0.5426263213157654,0.3758220970630646,0.01058295276015997,0.5798609852790833,0.4030765891075134,-0.007062248419970274,0.5778536796569824,0.4306327700614929,-0.022793442010879517,0.5303426384925842,0.40711164474487305,0.024607814848423004,0.5410337448120117,0.40679553151130676,0.011673441156744957,0.548535168170929,0.41013041138648987,0.005714740604162216,0.5598161220550537,0.4096934497356415,0.002632059156894684,0.5683222413063049,0.40676751732826233,0.0006615609163418412,0.5748952031135559,0.40260669589042664,-0.001297933398745954,0.5878362059593201,0.39128929376602173,-0.014110616408288479,0.5304125547409058,0.4247061312198639,0.023375380784273148,0.5380567908287048,0.3730117380619049,0.01366508100181818,0.589347779750824,0.4412054717540741,-0.028774064034223557,0.5758397579193115,0.4165026843547821,-0.007407215889543295,0.5249335169792175,0.3911627233028412,0.06182587146759033,0.5798335075378418,0.39770424365997314,-0.002537935273721814,0.5723267793655396,0.4326117932796478,-0.005402863025665283,0.5459679365158081,0.3848981261253357,0.01219894364476204,0.5778358578681946,0.4250308573246002,-0.02064136601984501,0.5296247601509094,0.45137834548950195,0.06551442295312881,0.5767481327056885,0.3885614573955536,0.003926204517483711,0.5825219750404358,0.42028266191482544,-0.02660846896469593,0.5460429191589355,0.48939985036849976,0.02657749131321907,0.5476753115653992,0.4997151494026184,0.03817832097411156,0.5265001058578491,0.4281085729598999,0.04547346010804176,0.5381471514701843,0.4791133403778076,0.03436582162976265,0.5291616916656494,0.37311723828315735,0.03433726727962494,0.56984543800354,0.515624463558197,0.006327971816062927,0.5900191068649292,0.44305965304374695,-0.020811788737773895,0.5699813365936279,0.4223257899284363,-0.0049186768010258675,0.5320791602134705,0.38842594623565674,0.026159215718507767,0.5556693077087402,0.3939724862575531,0.004385892301797867,0.5607815384864807,0.3951265215873718,0.0026789288967847824,0.5669914484024048,0.47291749715805054,0.0017407148843631148,0.531282901763916,0.44208282232284546,0.025553390383720398,0.5803066492080688,0.5262553691864014,0.007695936132222414,0.5642573237419128,0.5165480971336365,0.02102983184158802,0.5568957328796387,0.5097893476486206,0.028623517602682114,0.5947620868682861,0.33060652017593384,-0.012978075072169304,0.5913570523262024,0.5277310609817505,0.005413681268692017,0.5661630630493164,0.3941855728626251,0.0022210353054106236,0.5713061094284058,0.39182913303375244,0.002906887326389551,0.5748081207275391,0.39006277918815613,0.004029563628137112,0.5338326692581177,0.3707808256149292,0.019882459193468094,0.571178674697876,0.3816934823989868,0.0015613592695444822,0.5657494068145752,0.37909913063049316,0.0008081885171122849,0.5605104565620422,0.37866276502609253,0.001327498466707766,0.5553754568099976,0.38001832365989685,0.0032292520627379417,0.5521207451820374,0.38215968012809753,0.005407578311860561,0.5260250568389893,0.3701806664466858,0.0511125773191452,0.5524412393569946,0.3916735053062439,0.0066079855896532536,0.5921544432640076,0.4511472284793854,-0.015164011158049107,0.5727450847625732,0.4522431194782257,-0.007927507162094116,0.578615128993988,0.43718400597572327,-0.016794223338365555,0.5841055512428284,0.4509991705417633,-0.014277033507823944,0.5936954021453857,0.3772609531879425,-0.012701381929218769,0.5546798706054688,0.4997178614139557,0.020437074825167656,0.5622285008430481,0.5076726675033569,0.013765661045908928,0.5795047879219055,0.521030843257904,-0.00015163647185545415,0.5404163002967834,0.4882761240005493,0.04975874349474907,0.5750615000724792,0.3856847584247589,0.003006691113114357,0.583726167678833,0.40488114953041077,-0.015670355409383774,0.5911481976509094,0.5222626328468323,-0.002102580387145281,0.5716956257820129,0.5222830772399902,0.013130738399922848,0.5286301970481873,0.4471014738082886,0.04481216147542,0.5797361135482788,0.4701054096221924,-0.006010320037603378,0.5784148573875427,0.4735150933265686,-0.0070847682654857635,0.5772859454154968,0.4778487980365753,-0.008167431689798832,0.5764644145965576,0.48300421237945557,-0.007261287420988083,0.5753779411315918,0.48878514766693115,-0.0025967706460505724,0.5696893334388733,0.46862050890922546,2.5795476176426746e-05,0.5681822299957275,0.4676346778869629,0.00013421685434877872,0.5669358968734741,0.466531902551651,5.927821257500909e-05,0.5611429214477539,0.4605695307254791,0.0010361250024288893,0.5378313660621643,0.44584786891937256,0.012779293581843376,0.5839969515800476,0.3965696096420288,-0.010168438777327538,0.5805755853652954,0.3792073130607605,-0.0007189996540546417,0.5772849321365356,0.38134005665779114,0.0018663301598280668,0.5712141394615173,0.46949484944343567,0.0004965977859683335,0.5387140512466431,0.4662793278694153,0.02235504426062107,0.5859204530715942,0.37761643528938293,-0.008584228344261646,0.5724947452545166,0.49818968772888184,0.0002719269832596183,0.5928564071655273,0.4071403443813324,-0.026991937309503555,0.5878485441207886,0.4004117548465729,-0.020056283101439476,0.5931089520454407,0.39860817790031433,-0.021697187796235085,0.57944256067276,0.4180193543434143,-0.015421482734382153,0.5912013053894043,0.5143473148345947,-0.005518031306564808,0.5913503766059875,0.5037267804145813,-0.005788173992186785,0.5815131664276123,0.5030444264411926,-0.004154012072831392,0.5598011016845703,0.48116335272789,0.007835364900529385,0.5669213533401489,0.4390479028224945,-0.003233919618651271,0.5658199787139893,0.49088987708091736,0.004423501901328564,0.5511340498924255,0.43802133202552795,-0.0001473144511692226,0.5602254271507263,0.4468144178390503,-0.0012135173892602324,0.5458910465240479,0.451153427362442,0.005283351056277752,0.5798159837722778,0.5133447647094727,-0.0034589855931699276,0.5759565830230713,0.4226626455783844,-0.01096062920987606,0.5556221604347229,0.48923295736312866,0.013504978269338608,0.5631598830223083,0.4987703859806061,0.00881790742278099,0.5542166233062744,0.47037482261657715,0.008326147682964802,0.5333199501037598,0.45668837428092957,0.02782365307211876,0.5469732284545898,0.47387295961380005,0.014302965253591537,0.5320974588394165,0.4642731547355652,0.04251986742019653,0.5548418164253235,0.45597562193870544,0.002435847884044051,0.5799789428710938,0.4106523394584656,-0.011177675798535347,0.5795220136642456,0.4346733093261719,-0.02408565580844879,0.5760936141014099,0.4362391531467438,-0.017414027824997902,0.5821192860603333,0.4289902150630951,-0.028307832777500153,0.5756333470344543,0.36873650550842285,-0.002514292486011982,0.5656221508979797,0.3614836633205414,-0.002918230602517724,0.5569099187850952,0.3601972460746765,-0.0018244036473333836,0.5498127937316895,0.3625636398792267,0.0013060163473710418,0.5448251962661743,0.36751532554626465,0.005477515049278736,0.5421140193939209,0.38586491346359253,0.015079319477081299,0.5255532264709473,0.40967702865600586,0.043801479041576385,0.5464259386062622,0.39932939410209656,0.010123280808329582,0.5523120164871216,0.4023691415786743,0.006332536693662405,0.5601350665092468,0.4034976065158844,0.0034893795382231474,0.5678030848503113,0.4018729627132416,0.0015523782931268215,0.5739771723747253,0.3983934223651886,0.0012989698443561792,0.5782259702682495,0.3949597179889679,0.0005004261038266122,0.5256991386413574,0.41077181696891785,0.06691252440214157,0.5761888027191162,0.4381149709224701,-0.01437746174633503,0.5834694504737854,0.41238152980804443,-0.02033260464668274,0.5835222601890564,0.4354127049446106,-0.028789442032575607,0.5866023302078247,0.4397212862968445,-0.026350894942879677,0.583541750907898,0.4368511140346527,-0.025867179036140442,0.5776287317276001,0.4404383599758148,-0.012276641093194485,0.5875838398933411,0.44057217240333557,-0.027933184057474136,0.5882968306541443,0.4424149692058563,-0.020831584930419922,0.5786874294281006,0.3882594406604767,0.00295499200001359,0.5815327167510986,0.3895685076713562,-0.0006541944458149374,0.5834752321243286,0.3904740810394287,-0.004616392310708761,0.550275981426239,0.3839070200920105,0.007783249951899052,0.5457508563995361,0.377559632062912,0.008338548243045807,0.5977858304977417,0.4085220694541931,-0.025145262479782104,0.6368659138679504,0.3907428979873657,0.005500345956534147,0.597588062286377,0.44109323620796204,-0.021228305995464325,0.661861777305603,0.3547080457210541,0.033080268651247025,0.62035071849823,0.3983973562717438,-0.0005550109199248254,0.6264535784721375,0.3991769850254059,-4.2755596950883046e-05,0.6321862936019897,0.3982152044773102,0.001676049898378551,0.6395387053489685,0.39329689741134644,0.006717044860124588,0.6150413751602173,0.3957332968711853,0.0005254520801827312,0.6288185119628906,0.3705831468105316,-0.0032673028763383627,0.6219577193260193,0.3718273341655731,-0.0031034243293106556,0.6353884935379028,0.37205126881599426,-0.0010237395763397217,0.6396439075469971,0.37586021423339844,0.0015173315769061446,0.6447318196296692,0.397732138633728,0.010147682391107082,0.6128876209259033,0.5081761479377747,0.0012376524973660707,0.6388753652572632,0.3882429003715515,0.007658556569367647,0.6627615690231323,0.39329448342323303,0.03684903681278229,0.6515280604362488,0.39048197865486145,0.016167420893907547,0.6239303946495056,0.4295024573802948,-0.005277626682072878,0.6011645793914795,0.4573051333427429,-0.015629537403583527,0.6001466512680054,0.46770909428596497,-0.012657939456403255,0.6094351410865784,0.46046704053878784,-0.012159655801951885,0.6146910786628723,0.4637089967727661,-0.00735930260270834,0.6065871715545654,0.46773451566696167,-0.010267737321555614,0.6116006970405579,0.46810755133628845,-0.005829544737935066,0.6202958226203918,0.47632113099098206,0.0024534782860428095,0.5970357060432434,0.4367850422859192,-0.031975701451301575,0.5977535843849182,0.4279434084892273,-0.034053873270750046,0.6493164896965027,0.3643414080142975,0.00376079767011106,0.6113002300262451,0.40905553102493286,-0.005956642329692841,0.6107516288757324,0.43362224102020264,-0.017919566482305527,0.6112291216850281,0.4290565252304077,-0.01626824587583542,0.6435010433197021,0.4286161959171295,0.002667664783075452,0.5977956056594849,0.4172789752483368,-0.030770193785429,0.6348147988319397,0.354127436876297,-0.006494658533483744,0.6434326767921448,0.35716214776039124,-0.0016425809590145946,0.6564693450927734,0.33766108751296997,0.020768918097019196,0.607100784778595,0.36391422152519226,-0.01153398398309946,0.615976095199585,0.37605947256088257,-0.0012404036242514849,0.6256303191184998,0.4677107334136963,0.0033274530433118343,0.6522002816200256,0.47376498579978943,0.05568928271532059,0.6063467264175415,0.43857771158218384,-0.01547956932336092,0.6014968752861023,0.4413096308708191,-0.015379508025944233,0.6210764646530151,0.46861666440963745,0.003254836890846491,0.6194032430648804,0.46879565715789795,0.0017355248564854264,0.6471022963523865,0.3504900336265564,0.0009165274095721543,0.6110587120056152,0.4369242191314697,-0.014483168721199036,0.6230084300041199,0.3557994067668915,-0.010050550103187561,0.6239456534385681,0.34785306453704834,-0.011614521034061909,0.6315593719482422,0.31472063064575195,-0.0031350438948720694,0.6519692540168762,0.34487780928611755,0.009365886449813843,0.6273782849311829,0.33076396584510803,-0.007671194616705179,0.6531196236610413,0.36003604531288147,0.008653403259813786,0.6577817797660828,0.35891538858413696,0.019962023943662643,0.6008588671684265,0.4629318118095398,-0.01477245707064867,0.6080496907234192,0.4643784761428833,-0.01142929494380951,0.6132194399833679,0.4659481644630432,-0.007068465929478407,0.6049551367759705,0.43999382853507996,-0.01380761619657278,0.6202194690704346,0.4687204658985138,0.002499908907338977,0.6167573928833008,0.4713042974472046,-0.0010819919407367706,0.6184707283973694,0.468906044960022,0.0016416184371337295,0.6035582423210144,0.43644243478775024,-0.023692909628152847,0.6103087067604065,0.46956467628479004,-0.004862973000854254,0.6053332686424255,0.46993520855903625,-0.00789543054997921,0.5994078516960144,0.4705096483230591,-0.010185997933149338,0.5998846292495728,0.4934217929840088,-0.005664960481226444,0.6006037592887878,0.4868486523628235,-0.011149668134748936,0.6003323793411255,0.48091593384742737,-0.011817052029073238,0.5998499393463135,0.4751231372356415,-0.010411313734948635,0.5992153286933899,0.47061029076576233,-0.00937323272228241,0.6102059483528137,0.46953773498535156,-0.0041296170093119144,0.6114938855171204,0.47153836488723755,-0.00513451686128974,0.6128987669944763,0.47423434257507324,-0.006083201617002487,0.6139618754386902,0.4773058593273163,-0.004935122095048428,0.6186885237693787,0.4564800560474396,-0.005665481090545654,0.6610102653503418,0.43250539898872375,0.06322913616895676,0.6139837503433228,0.4692418575286865,-0.0006266640266403556,0.6153589487075806,0.4701915979385376,-0.001211614697240293,0.5996754169464111,0.4445853531360626,-0.015553241595625877,0.6092296838760376,0.4415559470653534,-0.009777683764696121,0.6005071997642517,0.4430312216281891,-0.015587668865919113,0.6181452870368958,0.41395530104637146,-0.00388881447724998,0.6287509799003601,0.4191840589046478,-0.0019766457844525576,0.6123599410057068,0.432616263628006,-0.01274904515594244,0.646939218044281,0.32394078373908997,0.008030641824007034,0.642448902130127,0.3349703848361969,0.00023407881963066757,0.6370974779129028,0.3462222218513489,-0.005988410674035549,0.6149556636810303,0.48324909806251526,-0.0006553737912327051,0.6088762879371643,0.3514646291732788,-0.014252961613237858,0.6120257377624512,0.3303578197956085,-0.011974169872701168,0.614919126033783,0.31041964888572693,-0.009267395362257957,0.6368568539619446,0.39652812480926514,0.004330003168433905,0.6510303616523743,0.4032391607761383,0.013564473018050194,0.6114811897277832,0.3932132422924042,0.0012738693039864302,0.6458253264427185,0.3791176974773407,0.007178425323218107,0.6069334745407104,0.40335389971733093,-0.008092216216027737,0.6071839332580566,0.43089523911476135,-0.023765049874782562,0.6573552489280701,0.40897393226623535,0.020509835332632065,0.6470100283622742,0.409213125705719,0.008222410455346107,0.6393350958824158,0.4120635688304901,0.002702694619074464,0.6277963519096375,0.411112517118454,0.0003071119135711342,0.6191458702087402,0.40787261724472046,-0.001133778947405517,0.6124977469444275,0.40372782945632935,-0.002637451747432351,0.5989905595779419,0.39137688279151917,-0.014548562467098236,0.6564474105834961,0.426575630903244,0.019254229962825775,0.6507360935211182,0.3768436014652252,0.009951919317245483,0.595083475112915,0.4412347674369812,-0.028979504480957985,0.6103291511535645,0.4168861508369446,-0.00866202637553215,0.6646708250045776,0.39315569400787354,0.05705748498439789,0.6075111031532288,0.3988614082336426,-0.0035826447419822216,0.6131661534309387,0.433112233877182,-0.00673272181302309,0.6419692039489746,0.3877381384372711,0.009007679298520088,0.6075062155723572,0.4252879023551941,-0.021636247634887695,0.6575835943222046,0.45316970348358154,0.06118517741560936,0.6112302541732788,0.39025479555130005,0.002533755963668227,0.6027349233627319,0.4204227924346924,-0.027345454320311546,0.6386303901672363,0.49065321683883667,0.02346712164580822,0.637067973613739,0.5007914900779724,0.035043880343437195,0.6607602834701538,0.4300418198108673,0.040991369634866714,0.6470038890838623,0.4804997444152832,0.030705291777849197,0.6605151891708374,0.3751356303691864,0.03006429597735405,0.6130768060684204,0.5163601040840149,0.004843450617045164,0.5944554805755615,0.44307830929756165,-0.020940639078617096,0.6160289645195007,0.42291349172592163,-0.006484762765467167,0.6565275192260742,0.3921257257461548,0.0221019946038723,0.6314752697944641,0.3940589129924774,0.0018194607691839337,0.6264897584915161,0.3949230909347534,0.00037819091812707484,0.6179953217506409,0.4726686179637909,-8.112214709399268e-05,0.6549718976020813,0.44388556480407715,0.021508265286684036,0.6024673581123352,0.5265806317329407,0.006857623346149921,0.6194356679916382,0.5172414779663086,0.018918752670288086,0.6273284554481506,0.5106751322746277,0.02603345923125744,0.6213408708572388,0.3942113220691681,0.00026578627876006067,0.6163818836212158,0.39247193932533264,0.0012427878100425005,0.6130509376525879,0.39132922887802124,0.002540059620514512,0.6551327109336853,0.37464243173599243,0.015900269150733948,0.6169629096984863,0.3845807909965515,-0.00021318657672964036,0.6222051382064819,0.3826390504837036,-0.0012574871070683002,0.6272616982460022,0.38246095180511475,-0.0010673119686543941,0.6322386860847473,0.38362032175064087,0.0005134308012202382,0.6354082822799683,0.3853819668292999,0.0025302055291831493,0.664289653301239,0.3722330629825592,0.04642205685377121,0.6346904039382935,0.3924592435359955,0.0038087102584540844,0.612094521522522,0.4527032673358917,-0.009265455417335033,0.6063708066940308,0.4374474585056305,-0.01764206402003765,0.6004853248596191,0.45123016834259033,-0.014848603866994381,0.6294921040534973,0.5008724331855774,0.017916055396199226,0.6213368773460388,0.5086634159088135,0.011756764724850655,0.6029422879219055,0.521438717842102,-0.0009872360387817025,0.6450376510620117,0.4894872307777405,0.04603639617562294,0.6130262613296509,0.387830525636673,0.0014414920005947351,0.6025617122650146,0.4050634205341339,-0.01638696901500225,0.611418604850769,0.5227869749069214,0.011560792103409767,0.6578223705291748,0.4489085078239441,0.040531013160943985,0.6051974892616272,0.46996065974235535,-0.007079178933054209,0.6063774228096008,0.4734022915363312,-0.008181448094546795,0.6073743104934692,0.47773388028144836,-0.009335792623460293,0.6080600023269653,0.4828687310218811,-0.008448421955108643,0.6082238554954529,0.48919281363487244,-0.0038403598591685295,0.6156512498855591,0.4683903455734253,-0.0017069438472390175,0.6171591281890869,0.46739649772644043,-0.0017283872002735734,0.6184819936752319,0.4662778377532959,-0.0018800962716341019,0.623776912689209,0.46127045154571533,-0.0011954348301514983,0.6478613615036011,0.44740626215934753,0.009303133003413677,0.6028348207473755,0.3967655897140503,-0.010915848426520824,0.6071251630783081,0.3816151022911072,-0.0016838446026667953,0.6106557250022888,0.38375306129455566,0.0005127901677042246,0.6140837669372559,0.46926820278167725,-0.001161104068160057,0.6466224789619446,0.46767523884773254,0.0188792422413826,0.6014150381088257,0.38017144799232483,-0.00914597325026989,0.6108461022377014,0.4987374246120453,-0.0010388143127784133,0.5983951091766357,0.40048906207084656,-0.020448442548513412,0.606360137462616,0.4183196723461151,-0.016363004222512245,0.6013819575309753,0.5033568739891052,-0.004794687498360872,0.624607264995575,0.48203933238983154,0.005569134838879108,0.6185174584388733,0.43971046805381775,-0.00493751373142004,0.6180785298347473,0.49162518978118896,0.0026181135326623917,0.6344963908195496,0.43920060992240906,-0.0026979814283549786,0.6251344680786133,0.4477193057537079,-0.00331726111471653,0.6395165324211121,0.4524887204170227,0.0023481848184019327,0.6027698516845703,0.5137614607810974,-0.004278387408703566,0.6098530888557434,0.42300209403038025,-0.012134971097111702,0.6287553310394287,0.490291029214859,0.011042033322155476,0.6205601692199707,0.49963897466659546,0.006915819365531206,0.6305817365646362,0.47135835886001587,0.005644230172038078,0.6525481343269348,0.4583045542240143,0.023996178060770035,0.6379048228263855,0.4750877320766449,0.011331877671182156,0.653734028339386,0.4658442735671997,0.03839799389243126,0.6304041743278503,0.45701396465301514,-8.78650025697425e-05,0.6062537431716919,0.4109383523464203,-0.012173432856798172,0.6053758263587952,0.4348936080932617,-0.024947572499513626,0.6089189052581787,0.436566561460495,-0.018440743908286095,0.6027324795722961,0.4291524589061737,-0.0290080439299345,0.612113356590271,0.372414767742157,-0.003802431048825383,0.6222388744354248,0.3657352030277252,-0.004730918910354376,0.6311196684837341,0.36432725191116333,-0.0041819303296506405,0.6384795904159546,0.3662669360637665,-0.0015488116769120097,0.6435832381248474,0.37101423740386963,0.00229130731895566,0.646161675453186,0.38889238238334656,0.011692441068589687,0.6625321507453918,0.41167283058166504,0.03923153877258301,0.6414522528648376,0.40159642696380615,0.006957174278795719,0.6353505253791809,0.40393730998039246,0.0035715396516025066,0.6273583173751831,0.4044438302516937,0.0011949787149205804,0.619645893573761,0.4026657044887543,-0.0002878364466596395,0.613476574420929,0.3994850516319275,-9.87708626780659e-05,0.6092404127120972,0.39622533321380615,-0.0006544918869622052,0.6632158756256104,0.4127418100833893,0.0621374137699604,0.6087775826454163,0.43841347098350525,-0.015392603352665901,0.6022986173629761,0.4125460684299469,-0.021079350262880325,0.6011224985122681,0.4355422556400299,-0.02933274582028389,0.5980212688446045,0.4398055374622345,-0.026648685336112976,0.6012113094329834,0.43701040744781494,-0.026417631655931473,0.6073098182678223,0.44071805477142334,-0.013140787370502949,0.5969216227531433,0.44062936305999756,-0.028176451101899147,0.5962396264076233,0.4424292743206024,-0.021066224202513695,0.6091551780700684,0.3900766968727112,0.0017884758999571204,0.6059939861297607,0.3911128640174866,-0.0015621499624103308,0.6038405895233154,0.3918854296207428,-0.005361264105886221,0.6373122334480286,0.38680973649024963,0.004792677704244852,0.6422576904296875,0.3807380199432373,0.0051741646602749825,0.5627496242523193,0.38820257782936096,0.004317427519708872,0.5689802169799805,0.3884330093860626,0.004317427519708872,0.5629127025604248,0.3808474838733673,0.004317427519708872,0.5564205646514893,0.387971431016922,0.004317427519708872,0.5625824332237244,0.39545461535453796,0.004317427519708872,0.6245518922805786,0.38829803466796875,0.0020304671488702297,0.6308020949363708,0.3883964419364929,0.0020304671488702297,0.6244218349456787,0.3810797929763794,0.0020304671488702297,0.6183192729949951,0.3881605267524719,0.0020304671488702297,0.6246730089187622,0.39541512727737427,0.0020304671488702297
4433.333333333338,0.5933303236961365,0.4618326723575592,-0.015640223398804665,0.592703104019165,0.4394548237323761,-0.032147638499736786,0.592815637588501,0.44756758213043213,-0.0167186688631773,0.5883418917655945,0.41090667247772217,-0.024740010499954224,0.5927862524986267,0.43037471175193787,-0.03443010896444321,0.5930072665214539,0.41881322860717773,-0.03231034427881241,0.5936989188194275,0.39133480191230774,-0.016872944310307503,0.5506869554519653,0.3915664851665497,0.007928621955215931,0.5941962003707886,0.3665870130062103,-0.013191844336688519,0.5944162607192993,0.35373079776763916,-0.014886249788105488,0.5953648090362549,0.3109498620033264,-0.010857267305254936,0.593271791934967,0.4661363661289215,-0.014793776907026768,0.5931866765022278,0.4705843925476074,-0.012876119464635849,0.5931161642074585,0.4734576344490051,-0.010293013416230679,0.5929619669914246,0.47371140122413635,-0.009488794021308422,0.5929973721504211,0.4787754416465759,-0.010461845435202122,0.592972457408905,0.48467573523521423,-0.01169675774872303,0.5928931832313538,0.490631103515625,-0.010858672671020031,0.5924286842346191,0.49589842557907104,-0.005236829165369272,0.5927650928497314,0.44400081038475037,-0.028979089111089706,0.5876673460006714,0.4435358941555023,-0.02071639709174633,0.5294158458709717,0.35456833243370056,0.03664500266313553,0.567348301410675,0.4004734754562378,0.0009564145584590733,0.5610337853431702,0.40137436985969543,0.0018255783943459392,0.555315375328064,0.39984580874443054,0.0038917006459087133,0.5483690500259399,0.39354974031448364,0.009362087585031986,0.5728489756584167,0.397187739610672,0.001661365502513945,0.5595228672027588,0.36880233883857727,-0.0013030761620029807,0.5666215419769287,0.3702026307582855,-0.0016215807991102338,0.5528711080551147,0.37061768770217896,0.0012783799320459366,0.5485163927078247,0.37491780519485474,0.004032260738313198,0.5436340570449829,0.3975154459476471,0.012961320579051971,0.5713590979576111,0.50920569896698,0.003287537256255746,0.5490338206291199,0.38820880651474,0.01020760741084814,0.5267627239227295,0.3931692838668823,0.04053765535354614,0.5373950004577637,0.3895103931427002,0.019281776621937752,0.5624748468399048,0.43100205063819885,-0.0033866744488477707,0.584894597530365,0.4596543312072754,-0.014690516516566277,0.5856263041496277,0.4701564311981201,-0.011692820116877556,0.5764747858047485,0.4627760052680969,-0.010618108324706554,0.5709128975868225,0.46591082215309143,-0.005422693677246571,0.5790190100669861,0.47010260820388794,-0.008790464140474796,0.5738378763198853,0.4704008102416992,-0.0040756044909358025,0.5650888085365295,0.47770756483078003,0.00485329981893301,0.5879489183425903,0.43921369314193726,-0.03151710331439972,0.5873667597770691,0.4304203391075134,-0.03356374055147171,0.5403376221656799,0.3633972704410553,0.006723431870341301,0.5757351517677307,0.4109404683113098,-0.004851252771914005,0.5749749541282654,0.43580523133277893,-0.01663075014948845,0.5746986269950867,0.4311959445476532,-0.014956493861973286,0.5432825088500977,0.4294404685497284,0.005642537958920002,0.5878133773803711,0.4197538197040558,-0.030278583988547325,0.5537501573562622,0.35236167907714844,-0.004556830041110516,0.5457620620727539,0.3559567928314209,0.0009104930213652551,0.5351316928863525,0.33782243728637695,0.023892374709248543,0.5803818702697754,0.36164620518684387,-0.011094015091657639,0.5726607441902161,0.3750354051589966,-9.787644376046956e-05,0.5601155757904053,0.4690770208835602,0.00595599040389061,0.5353968143463135,0.47346630692481995,0.059646811336278915,0.579247772693634,0.44085991382598877,-0.014482426457107067,0.583973228931427,0.44364675879478455,-0.014757733792066574,0.5639469623565674,0.4707828164100647,0.005608384031802416,0.5656343102455139,0.47100257873535156,0.0038915066979825497,0.5426624417304993,0.34939661622047424,0.0035868084523826838,0.5746462345123291,0.43903353810310364,-0.0132125960662961,0.5648984909057617,0.35335323214530945,-0.008791016414761543,0.5640468597412109,0.3456474244594574,-0.010356701910495758,0.5596327781677246,0.31563740968704224,-0.0015955173876136541,0.5389288663864136,0.3452504873275757,0.012109512463212013,0.5627413988113403,0.33182138204574585,-0.006420113146305084,0.5369814038276672,0.3588491678237915,0.011757757514715195,0.5329455137252808,0.3589296340942383,0.023172425106167793,0.5850784778594971,0.465328574180603,-0.013785685412585735,0.5777250528335571,0.4666719436645508,-0.009889944456517696,0.5723130106925964,0.4682098627090454,-0.005192421842366457,0.5805552005767822,0.44228604435920715,-0.012975144200026989,0.5647944211959839,0.47090423107147217,0.004739733878523111,0.5680259466171265,0.47371360659599304,0.000982544501312077,0.5665844678878784,0.4711386561393738,0.0037442727480083704,0.5818812847137451,0.4388243854045868,-0.02275107242166996,0.5750061869621277,0.4719417095184326,-0.0031834584660828114,0.5801392793655396,0.4723648726940155,-0.006496346089988947,0.5862497687339783,0.4729762077331543,-0.00920003093779087,0.5842823386192322,0.4953013062477112,-0.004508771933615208,0.5842463374137878,0.48960164189338684,-0.00994271319359541,0.5846847295761108,0.4836558401584625,-0.010609743185341358,0.5853330492973328,0.47777849435806274,-0.009274337440729141,0.5861067771911621,0.4731994867324829,-0.008321241475641727,0.5748379826545715,0.47201722860336304,-0.0024124968331307173,0.5734529495239258,0.4740464389324188,-0.0033807996660470963,0.5718839764595032,0.47682735323905945,-0.004270264413207769,0.5706520676612854,0.47995197772979736,-0.003050890052691102,0.5668541789054871,0.4581342935562134,-0.0036393660120666027,0.5278674364089966,0.4319824278354645,0.06721010059118271,0.5928094387054443,0.4458346366882324,-0.021048476919531822,0.5710163116455078,0.4715859591960907,0.0013415663270279765,0.5695353746414185,0.4725584089756012,0.0007999525987543166,0.5856440663337708,0.44684338569641113,-0.01489774789661169,0.5764120817184448,0.4436202347278595,-0.008717861957848072,0.5848879218101501,0.4453023374080658,-0.014963671565055847,0.568796694278717,0.41559869050979614,-0.0023779901675879955,0.5581289529800415,0.4204767346382141,0.00014021889364812523,0.5735812187194824,0.43463414907455444,-0.011414479464292526,0.5446459650993347,0.32446879148483276,0.010488389991223812,0.5482859015464783,0.33564046025276184,0.0023428103886544704,0.5516964793205261,0.34479889273643494,-0.003961560782045126,0.5699900984764099,0.48473280668258667,0.0014604550087824464,0.5787873864173889,0.34896454215049744,-0.013819440267980099,0.5777063965797424,0.3317514657974243,-0.011621090583503246,0.5759739875793457,0.3116728663444519,-0.008856606669723988,0.5507694482803345,0.39751163125038147,0.006829119753092527,0.537358283996582,0.4027397632598877,0.016741884872317314,0.576575517654419,0.3941138982772827,0.002229012781754136,0.5428636074066162,0.3784978687763214,0.010008981451392174,0.5802096128463745,0.4053820073604584,-0.0072534647770226,0.5783946514129639,0.4331887662410736,-0.02270066738128662,0.5309172868728638,0.4092060923576355,0.02410624362528324,0.540997326374054,0.4091314673423767,0.011261648498475552,0.5483328700065613,0.4125547409057617,0.005359767936170101,0.5596308708190918,0.41227126121520996,0.002340989885851741,0.5682587623596191,0.4093626141548157,0.00038327148649841547,0.5749422311782837,0.40510985255241394,-0.0015531416283920407,0.5881454348564148,0.39359739422798157,-0.014296897687017918,0.5310857892036438,0.42678022384643555,0.023004697635769844,0.5383954644203186,0.37568026781082153,0.013055957853794098,0.5899181962013245,0.4436701536178589,-0.028545735403895378,0.5762907862663269,0.4188654124736786,-0.0075425198301672935,0.5254536271095276,0.3928084373474121,0.06090778484940529,0.5799123644828796,0.40007346868515015,-0.002809253754094243,0.5729070901870728,0.4350303113460541,-0.005445735063403845,0.5462520122528076,0.3875311613082886,0.01165354810655117,0.5783345699310303,0.42753568291664124,-0.020601429045200348,0.5307096242904663,0.4526819884777069,0.06511463969945908,0.5771437883377075,0.3907800614833832,0.003467533038929105,0.5829713940620422,0.42279142141342163,-0.026547539979219437,0.5473760366439819,0.4908998906612396,0.02680773101747036,0.5491307973861694,0.5008605718612671,0.038408007472753525,0.527318000793457,0.4298659861087799,0.04499586671590805,0.5394444465637207,0.4806051254272461,0.03442957624793053,0.5295758843421936,0.37508732080459595,0.033535245805978775,0.5710955858230591,0.5171374678611755,0.007066723890602589,0.5906127095222473,0.44549882411956787,-0.020593896508216858,0.5704780220985413,0.42468810081481934,-0.005044879391789436,0.532472550868988,0.3907923698425293,0.025527676567435265,0.5558114051818848,0.3962244987487793,0.003910766448825598,0.5609709024429321,0.39742302894592285,0.002229443285614252,0.5667418241500854,0.4750787317752838,0.0020876694470643997,0.5321221947669983,0.4440363645553589,0.02531784027814865,0.5815185904502869,0.5276510715484619,0.008483472280204296,0.5656396746635437,0.5177711844444275,0.021593110635876656,0.5583451986312866,0.5109570026397705,0.029037583619356155,0.5948273539543152,0.3323338031768799,-0.013561933301389217,0.5924408435821533,0.5290853977203369,0.006247084587812424,0.5664395689964294,0.3965161144733429,0.0017865195404738188,0.5716598629951477,0.3941287696361542,0.002469290280714631,0.5752081871032715,0.39232808351516724,0.0035838759504258633,0.5343433618545532,0.3733593821525574,0.019201908260583878,0.5715765357017517,0.38371017575263977,0.0010705009335651994,0.5661524534225464,0.3811068534851074,0.00031283017597161233,0.5608161091804504,0.3806763291358948,0.0008205780759453773,0.5555829405784607,0.38214415311813354,0.002715442329645157,0.5523040294647217,0.38443470001220703,0.004870683420449495,0.526425838470459,0.3719649314880371,0.05012922361493111,0.552598774433136,0.39393723011016846,0.006109211593866348,0.5928035378456116,0.4535001516342163,-0.014905249699950218,0.5733909606933594,0.45462003350257874,-0.007729826960712671,0.5792025923728943,0.4397428035736084,-0.016703732311725616,0.5847387909889221,0.45341888070106506,-0.014027643948793411,0.5939685106277466,0.37928715348243713,-0.012950713746249676,0.5560162663459778,0.5011935830116272,0.020872849971055984,0.563543975353241,0.5091173648834229,0.014361182227730751,0.5806645750999451,0.5226001143455505,0.0007192540215328336,0.5418204665184021,0.4894123077392578,0.049808256328105927,0.5754508376121521,0.387784481048584,0.002534307772293687,0.5840920805931091,0.4072868824005127,-0.015793753787875175,0.5921902656555176,0.5237990617752075,-0.0011679348535835743,0.5729972124099731,0.5236100554466248,0.013823652639985085,0.5296375751495361,0.4487406015396118,0.04450240731239319,0.5799764394760132,0.47254860401153564,-0.005636141635477543,0.5786559581756592,0.4760414958000183,-0.0066675422713160515,0.5775125026702881,0.48047322034835815,-0.0077165039256215096,0.5766909718513489,0.48568013310432434,-0.006780182011425495,0.5762490630149841,0.4909127950668335,-0.002072978764772415,0.5695924758911133,0.47064441442489624,0.000325753353536129,0.5680803060531616,0.46959686279296875,0.0004244810261297971,0.5668400526046753,0.4684453010559082,0.0003329418832436204,0.5618728399276733,0.46275991201400757,0.0012449994683265686,0.5386011600494385,0.4479552209377289,0.012673857621848583,0.5843180418014526,0.3988827168941498,-0.010359409265220165,0.5809464454650879,0.3813783824443817,-0.0011418052017688751,0.5776987075805664,0.38352105021476746,0.001396030536852777,0.5711254477500916,0.4715905487537384,0.0007810408715158701,0.5397723913192749,0.46809762716293335,0.022381087765097618,0.5860593914985657,0.379726767539978,-0.008917358703911304,0.5734801888465881,0.5000941157341003,0.0008603529422543943,0.5932438969612122,0.4096032381057739,-0.02697962522506714,0.5882024168968201,0.4028332829475403,-0.02016114629805088,0.5934628844261169,0.4010174572467804,-0.02178140915930271,0.5798846483230591,0.4204506576061249,-0.01547637116163969,0.5921940207481384,0.5160935521125793,-0.004624373745173216,0.5922877788543701,0.5056886076927185,-0.005011917557567358,0.5824752449989319,0.505021870136261,-0.003424172755330801,0.5607677102088928,0.4830823540687561,0.008210424333810806,0.5675148963928223,0.44141459465026855,-0.0032326856162399054,0.5668075680732727,0.49275872111320496,0.004910295829176903,0.5517281293869019,0.4403371512889862,-0.00022831889509689063,0.5608586668968201,0.44911637902259827,-0.0011615112889558077,0.5466418266296387,0.4533369243144989,0.005260149948298931,0.5808793306350708,0.5151230096817017,-0.002635464770719409,0.5764501094818115,0.42508143186569214,-0.01101573184132576,0.556765079498291,0.49097999930381775,0.013896364718675613,0.5643033981323242,0.5004523992538452,0.009361661970615387,0.5551222562789917,0.47237440943717957,0.008567366749048233,0.5343286991119385,0.4584973454475403,0.027713919058442116,0.5480260252952576,0.4757452607154846,0.014483590610325336,0.5332834124565125,0.4657975137233734,0.0423886701464653,0.5555883646011353,0.4581684470176697,0.002555991755798459,0.5803780555725098,0.4130322337150574,-0.011307156644761562,0.5800811648368835,0.43724581599235535,-0.023965254426002502,0.5766952633857727,0.43878841400146484,-0.017311647534370422,0.5826288461685181,0.4315474033355713,-0.028149008750915527,0.5760149955749512,0.3709884285926819,-0.002982058562338352,0.5658949613571167,0.36385250091552734,-0.0034051276743412018,0.5571082234382629,0.3626730442047119,-0.002323515946045518,0.5499931573867798,0.3651523292064667,0.0007941687945276499,0.5450494289398193,0.37019768357276917,0.0049366699531674385,0.542384922504425,0.3884516656398773,0.014533605426549911,0.5262189507484436,0.41150909662246704,0.043180450797080994,0.5465306639671326,0.401798278093338,0.009670482017099857,0.5523251891136169,0.4048398435115814,0.005943586118519306,0.5601619482040405,0.40602824091911316,0.003143084468320012,0.5679376721382141,0.4044153392314911,0.001190859591588378,0.5742164254188538,0.40085434913635254,0.0009673460735939443,0.5784992575645447,0.39731618762016296,0.00015738411457277834,0.526355504989624,0.4122874438762665,0.06612792611122131,0.57680743932724,0.44063833355903625,-0.014280188828706741,0.5838696956634521,0.41483598947525024,-0.02037394605576992,0.5840694904327393,0.4379728138446808,-0.028616873547434807,0.5871808528900146,0.4422188103199005,-0.02614929899573326,0.5841003656387329,0.43939465284347534,-0.025707168504595757,0.5782448053359985,0.442929744720459,-0.01216526422649622,0.5881614685058594,0.4430612027645111,-0.02771332673728466,0.5888925194740295,0.44487860798835754,-0.020625531673431396,0.579082190990448,0.390526682138443,0.0025272390339523554,0.5818291902542114,0.3918174207210541,-0.0010174597846344113,0.5835907459259033,0.39268970489501953,-0.004890710115432739,0.5504834651947021,0.3862859010696411,0.007241934072226286,0.5459817051887512,0.3802158832550049,0.00779284443706274,0.5981993675231934,0.4109233319759369,-0.025130674242973328,0.637507975101471,0.3931349515914917,0.005213314667344093,0.598167359828949,0.44346457719802856,-0.021018363535404205,0.6621775031089783,0.3556593656539917,0.032302409410476685,0.6209424734115601,0.400905579328537,-0.0008193431422114372,0.6271233558654785,0.4017127752304077,-0.00027593644335865974,0.6328849196434021,0.4006039798259735,0.0014466552529484034,0.6401732563972473,0.395513117313385,0.0064641498029232025,0.6155506372451782,0.3981178402900696,0.000257782987318933,0.6292695999145508,0.37261441349983215,-0.0035918671637773514,0.6223622560501099,0.37386152148246765,-0.003453863086178899,0.6358461976051331,0.3740958869457245,-0.001326897763647139,0.6400908827781677,0.3779242932796478,0.0012152434792369604,0.6453046798706055,0.3996051549911499,0.009927485138177872,0.6136444807052612,0.5095682144165039,0.002024618210271001,0.6394541263580322,0.39048805832862854,0.007363013457506895,0.6632863283157349,0.394268274307251,0.03648453950881958,0.6519571542739868,0.3921760618686676,0.015886444598436356,0.6245440244674683,0.4314032196998596,-0.005228209774941206,0.601794421672821,0.45957425236701965,-0.015247872099280357,0.6008390188217163,0.4700813293457031,-0.012238734401762486,0.6101217269897461,0.46254900097846985,-0.01175192091614008,0.615400493144989,0.4655988812446594,-0.006927361246198416,0.6073460578918457,0.4699477553367615,-0.009836344048380852,0.6123698353767395,0.470132052898407,-0.005389053840190172,0.6210891604423523,0.4779268503189087,0.0030071698129177094,0.5975456833839417,0.4392051696777344,-0.031747281551361084,0.5982452034950256,0.43039682507514954,-0.033860307186841965,0.6495746374130249,0.36636486649513245,0.0034413004759699106,0.6117955446243286,0.411074161529541,-0.006057668477296829,0.6113099455833435,0.4358357787132263,-0.017772598192095757,0.611778974533081,0.4312388002872467,-0.016163315623998642,0.6441130638122559,0.43022075295448303,0.002730805892497301,0.598242461681366,0.4197167754173279,-0.030662164092063904,0.6350201964378357,0.356629878282547,-0.006769873201847076,0.6436512470245361,0.35939815640449524,-0.0019150013104081154,0.6567139029502869,0.3387441635131836,0.019964270293712616,0.6073474287986755,0.3666892349720001,-0.011805745773017406,0.6163386106491089,0.3781507909297943,-0.0016089917626231909,0.6263812184333801,0.46927517652511597,0.0038166812155395746,0.6524067521095276,0.4740568697452545,0.05575242266058922,0.606924295425415,0.4408493936061859,-0.01535755954682827,0.6021072268486023,0.44363412261009216,-0.015190273523330688,0.6218775510787964,0.47025352716445923,0.0037156434264034033,0.6201853156089783,0.470475971698761,0.0021921510342508554,0.64720618724823,0.3525350093841553,0.00056601467076689,0.6116328239440918,0.43909454345703125,-0.01432882621884346,0.6232194900512695,0.3585187792778015,-0.010343444533646107,0.6240662336349487,0.35044941306114197,-0.011946750804781914,0.6317322850227356,0.31602951884269714,-0.003902744734659791,0.6522589325904846,0.3461204469203949,0.008852505125105381,0.6276095509529114,0.332193523645401,-0.008211796171963215,0.6532694101333618,0.3617801070213318,0.008265051990747452,0.6581329107284546,0.3600432574748993,0.019441628828644753,0.6015207767486572,0.4652606248855591,-0.0143662104383111,0.6087793707847595,0.46651631593704224,-0.01100181508809328,0.6139675378799438,0.46790221333503723,-0.006628064438700676,0.6055582165718079,0.4422743320465088,-0.013650589622557163,0.6210150122642517,0.4703769385814667,0.0029628502670675516,0.6176689267158508,0.47319382429122925,-0.0005674365093000233,0.6192464828491211,0.4706166982650757,0.002104789251461625,0.6041103601455688,0.43877682089805603,-0.023516565561294556,0.6110935211181641,0.4716571271419525,-0.00442506792023778,0.6061049103736877,0.47219720482826233,-0.007468364201486111,0.6001197099685669,0.4729079306125641,-0.009767940267920494,0.6007629036903381,0.495474249124527,-0.00502143707126379,0.6016128659248352,0.48945605754852295,-0.01052438747137785,0.6012396812438965,0.48351556062698364,-0.011243541724979877,0.6006587743759155,0.4776630997657776,-0.009897204115986824,0.5999450087547302,0.4730761647224426,-0.00890681054443121,0.6110013127326965,0.47162172198295593,-0.0036596094723790884,0.6123926639556885,0.47364282608032227,-0.004625517874956131,0.6138904690742493,0.47636890411376953,-0.005532324779778719,0.6150199770927429,0.4794429540634155,-0.004359580110758543,0.6194080710411072,0.45838913321495056,-0.005299516953527927,0.661428689956665,0.4329736530780792,0.06288257986307144,0.6147587895393372,0.47112616896629333,-0.00015926535706967115,0.6162185668945312,0.4720790386199951,-0.0007158956141211092,0.6003079414367676,0.4469188153743744,-0.015323052182793617,0.6098776459693909,0.4437084197998047,-0.009611887857317924,0.6011290550231934,0.4453584849834442,-0.015380394645035267,0.6186705827713013,0.41588690876960754,-0.003952249884605408,0.6293274164199829,0.42100784182548523,-0.001984546659514308,0.6129189729690552,0.43474557995796204,-0.012636750936508179,0.6471514105796814,0.3251447081565857,0.007245054468512535,0.6427034735679626,0.3363102674484253,-0.0002906129520852119,0.6371897459030151,0.3485422134399414,-0.006346483249217272,0.6157459020614624,0.4849892854690552,-4.470938802114688e-05,0.6090165972709656,0.3541632890701294,-0.014575599692761898,0.6121924519538879,0.3319270610809326,-0.012529921717941761,0.615007758140564,0.3118281066417694,-0.010024426504969597,0.6375492215156555,0.39886119961738586,0.004088882356882095,0.6515136957168579,0.4047928750514984,0.013369704596698284,0.6119325757026672,0.3955236077308655,0.0009801402920857072,0.6462419629096985,0.381131112575531,0.0068702707067132,0.6073991656303406,0.40543973445892334,-0.008212381973862648,0.6077373027801514,0.43318483233451843,-0.023613346740603447,0.6579002737998962,0.4101898968219757,0.020350676029920578,0.6476667523384094,0.41093969345092773,0.008092314004898071,0.6401533484458923,0.4139191508293152,0.0026023737154901028,0.628654956817627,0.41325104236602783,0.00021567725343629718,0.6199324727058411,0.4101560711860657,-0.001264047808945179,0.613193154335022,0.40605100989341736,-0.0027964264154434204,0.5993474721908569,0.3935827910900116,-0.014699799008667469,0.6569882035255432,0.4277837872505188,0.01923855021595955,0.6510679125785828,0.3786752223968506,0.009613488800823689,0.5956419110298157,0.4436350464820862,-0.028739769011735916,0.6108556389808655,0.41897520422935486,-0.008708748035132885,0.6651825904846191,0.39380717277526855,0.056419555097818375,0.6081340312957764,0.4012262523174286,-0.003773211967200041,0.613743245601654,0.43518128991127014,-0.006655609235167503,0.6424897909164429,0.3899378776550293,0.008718615397810936,0.6080480813980103,0.4275400936603546,-0.021536044776439667,0.6578883528709412,0.45353084802627563,0.06100569665431976,0.6116222143173218,0.3925512731075287,0.0021976169664412737,0.6032289862632751,0.42276468873023987,-0.02723754197359085,0.6389406323432922,0.4914219379425049,0.023960480466485023,0.6372983455657959,0.5011950731277466,0.035463571548461914,0.6612300276756287,0.43086522817611694,0.040879957377910614,0.6472671031951904,0.4811779260635376,0.03106512688100338,0.6609739065170288,0.37619441747665405,0.029589829966425896,0.6137958765029907,0.517516553401947,0.005699388682842255,0.5950446724891663,0.445464551448822,-0.020715396851301193,0.6165885925292969,0.4249167740345001,-0.006493917666375637,0.6569293737411499,0.3934919834136963,0.021797457709908485,0.6321335434913635,0.3966509997844696,0.0015493709361180663,0.6270913481712341,0.39753833413124084,0.00011006231216015294,0.6189443469047546,0.4745408594608307,0.00044082276872359216,0.6554340124130249,0.44498029351234436,0.021621860563755035,0.6033707857131958,0.5277746915817261,0.007694576401263475,0.6199856996536255,0.5180044770240784,0.01958967186510563,0.6276987791061401,0.5112459063529968,0.026595057919621468,0.6218747496604919,0.3967560827732086,-1.802160477382131e-05,0.6168256998062134,0.39488595724105835,0.0009409785852767527,0.6134639382362366,0.3936662971973419,0.0022168783470988274,0.6553686261177063,0.3762248754501343,0.0155221251770854,0.6173869967460632,0.38642632961273193,-0.0005771566648036242,0.6226710081100464,0.3842872977256775,-0.001596445101313293,0.6278243064880371,0.38407835364341736,-0.0013961001532152295,0.6328635811805725,0.385363906621933,0.00020450384181458503,0.6360432505607605,0.38731640577316284,0.002223252784460783,0.6647221446037292,0.37304723262786865,0.04568406566977501,0.6353568434715271,0.3949703574180603,0.003532259725034237,0.6128003597259521,0.4547719657421112,-0.00895350705832243,0.606935441493988,0.4397359788417816,-0.017502564936876297,0.601162314414978,0.45352137088775635,-0.014558667317032814,0.6299127340316772,0.5017346143722534,0.01855134405195713,0.6218791604042053,0.5096237063407898,0.012511171400547028,0.6038340330123901,0.5228093266487122,-5.1071325287921354e-05,0.6452213525772095,0.48980048298835754,0.04628206789493561,0.6134228706359863,0.3899427056312561,0.0010942256776615977,0.603004515171051,0.4073159396648407,-0.01645907387137413,0.6121512651443481,0.5237723588943481,0.012333928607404232,0.6582140326499939,0.44963568449020386,0.0405631922185421,0.6059800386428833,0.47226452827453613,-0.006610716227442026,0.6072654128074646,0.4757431745529175,-0.007662347983568907,0.6083707213401794,0.4801183342933655,-0.008769038133323193,0.6091497540473938,0.48526236414909363,-0.007840150035917759,0.6090576648712158,0.4910888373851776,-0.003190395887941122,0.6164180040359497,0.4702327251434326,-0.0012638262705877423,0.6179248690605164,0.4691831171512604,-0.001277852337807417,0.6192212104797363,0.4680251479148865,-0.0014378689229488373,0.624506413936615,0.46301132440567017,-0.0007802237523719668,0.6483995318412781,0.44875866174697876,0.009494192898273468,0.6032513380050659,0.3989190459251404,-0.01106248889118433,0.6074992418289185,0.38392937183380127,-0.0020407289266586304,0.6110410094261169,0.38595277070999146,0.00016850260726641864,0.6148540377616882,0.471186101436615,-0.0007138315122574568,0.6470014452934265,0.4687105119228363,0.019197912886738777,0.6018122434616089,0.38257548213005066,-0.00941861979663372,0.611636757850647,0.5003585815429688,-0.0003269205044489354,0.598781943321228,0.4028250575065613,-0.0205227117985487,0.6068809628486633,0.4205370843410492,-0.016359327360987663,0.6022671461105347,0.505189061164856,-0.004009461496025324,0.6252608895301819,0.48344364762306213,0.006153339520096779,0.6191509962081909,0.44167181849479675,-0.004799291025847197,0.6187931895256042,0.4930863678455353,0.00327013386413455,0.6351203322410583,0.44094544649124146,-0.002551494399085641,0.6257916688919067,0.4495584964752197,-0.003080860711634159,0.6400948166847229,0.45402225852012634,0.002601221203804016,0.6036625504493713,0.5153624415397644,-0.003388427896425128,0.6103962659835815,0.4251406192779541,-0.012113482691347599,0.6292706727981567,0.4914480447769165,0.011642779223620892,0.6211803555488586,0.5008623600006104,0.007621839642524719,0.6312075853347778,0.4727630615234375,0.00613433588296175,0.6529237031936646,0.45926395058631897,0.02421148121356964,0.6383644938468933,0.4762585461139679,0.01177221816033125,0.6540352702140808,0.466499388217926,0.03859969973564148,0.6310456991195679,0.4586787223815918,0.00025025184731930494,0.6067436337471008,0.41310903429985046,-0.012232149951159954,0.605923056602478,0.4372238516807556,-0.024774232879281044,0.6094806790351868,0.43881702423095703,-0.018275979906320572,0.603245735168457,0.4315280020236969,-0.028833137825131416,0.6124406456947327,0.37481793761253357,-0.004180112387984991,0.622582197189331,0.36806878447532654,-0.005072457250207663,0.6314785480499268,0.3665580749511719,-0.004472796339541674,0.6388351917266846,0.36841219663619995,-0.0018224742962047458,0.6439668536186218,0.37310001254081726,0.0020092250779271126,0.6466803550720215,0.39091163873672485,0.01141162309795618,0.6630512475967407,0.41257867217063904,0.03899846225976944,0.6421210169792175,0.4036129117012024,0.0067641776986420155,0.63608318567276,0.4060401916503906,0.003402363508939743,0.628101646900177,0.4067517817020416,0.001032747677527368,0.6203199625015259,0.4050480127334595,-0.0004974388284608722,0.6140685677528381,0.4018326699733734,-0.00031340966233983636,0.6097824573516846,0.39855068922042847,-0.0008964367443695664,0.6637002825737,0.4132896065711975,0.06162555143237114,0.6093584299087524,0.44063296914100647,-0.015232759527862072,0.6027617454528809,0.41485396027565,-0.021071618422865868,0.60164475440979,0.4379304349422455,-0.029125278815627098,0.5985782146453857,0.4421815872192383,-0.026428217068314552,0.6017585396766663,0.43936967849731445,-0.02622322365641594,0.607931911945343,0.44293758273124695,-0.01297468040138483,0.5974798798561096,0.44301527738571167,-0.027938276529312134,0.5968296527862549,0.4448021352291107,-0.02084934525191784,0.6095612049102783,0.39236772060394287,0.0014686962822452188,0.606473982334137,0.3934381902217865,-0.001838546828366816,0.6043744087219238,0.3942638039588928,-0.005581570323556662,0.6379251480102539,0.3889101445674896,0.004492357838898897,0.642706573009491,0.38287726044654846,0.004865534603595734,0.562958300113678,0.3897356390953064,0.0038286966737359762,0.569293737411499,0.389810174703598,0.0038286966737359762,0.5631483197212219,0.3820430636405945,0.0038286966737359762,0.5565418601036072,0.3896465003490448,0.0038286966737359762,0.5627647042274475,0.3972896635532379,0.0038286966737359762,0.6249578595161438,0.39001646637916565,0.001721882028505206,0.6313124299049377,0.3900517225265503,0.001721882028505206,0.6248236298561096,0.3823785185813904,0.001721882028505206,0.6186420321464539,0.38993293046951294,0.001721882028505206,0.6250905990600586,0.39755189418792725,0.001721882028505206
4466.666666666671,0.5933646559715271,0.46416860818862915,-0.015330366790294647,0.5930248498916626,0.4427299201488495,-0.03218431398272514,0.59315025806427,0.45049360394477844,-0.016552966088056564,0.5886939764022827,0.4140700697898865,-0.02504059486091137,0.5931075811386108,0.43371421098709106,-0.034542202949523926,0.5933289527893066,0.42210739850997925,-0.03251427039504051,0.5940267443656921,0.3943445384502411,-0.01739189587533474,0.5510160326957703,0.39370110630989075,0.007427016273140907,0.594538152217865,0.3699573278427124,-0.013968050479888916,0.594770610332489,0.3572234511375427,-0.015826988965272903,0.5957837700843811,0.3138170838356018,-0.012192354537546635,0.5932886004447937,0.4684871435165405,-0.014471188187599182,0.5932222604751587,0.4729762077331543,-0.01252943929284811,0.5931947827339172,0.4758920669555664,-0.009885224513709545,0.5930338501930237,0.4761907160282135,-0.008972727693617344,0.5930077433586121,0.48134952783584595,-0.00987200252711773,0.5929355621337891,0.4873718023300171,-0.011022797785699368,0.5928480625152588,0.4933975338935852,-0.010045302100479603,0.5928819179534912,0.49829962849617004,-0.004180183168500662,0.5930841565132141,0.4471625089645386,-0.028970137238502502,0.5879766345024109,0.4465819299221039,-0.020673340186476707,0.5295606255531311,0.35663488507270813,0.03581059351563454,0.5679224729537964,0.4030041992664337,0.0005331148859113455,0.5615015625953674,0.4037216901779175,0.0013769909273833036,0.5557097792625427,0.40212520956993103,0.0034228824079036713,0.5487653613090515,0.39564740657806396,0.008883900009095669,0.5735030770301819,0.40000903606414795,0.0011987700127065182,0.5597423315048218,0.3714923560619354,-0.0019378997385501862,0.5669876933097839,0.37306976318359375,-0.002272488083690405,0.5530206561088562,0.37315401434898376,0.000646673608571291,0.5486850738525391,0.37734928727149963,0.0034232723992317915,0.5440101027488708,0.39963746070861816,0.012528346851468086,0.5718968510627747,0.5111486315727234,0.004319876432418823,0.5493617057800293,0.39027947187423706,0.009686878882348537,0.5270950794219971,0.3951594829559326,0.040095578879117966,0.5378183722496033,0.3915306627750397,0.01877523399889469,0.5629887580871582,0.4335603713989258,-0.0034401589073240757,0.5850227475166321,0.4619712829589844,-0.014400819316506386,0.585749089717865,0.47248339653015137,-0.011363829486072063,0.5767345428466797,0.46508920192718506,-0.010342689231038094,0.5712808966636658,0.46815574169158936,-0.005152837373316288,0.5792583227157593,0.47237685322761536,-0.00848718173801899,0.5741866827011108,0.4726111888885498,-0.003769577480852604,0.5657981634140015,0.4798527657985687,0.005374683998525143,0.588284432888031,0.44247549772262573,-0.03156539052724838,0.5877227783203125,0.4337198734283447,-0.03368879482150078,0.5403388738632202,0.3654429316520691,0.005942943040281534,0.5761530995368958,0.413600891828537,-0.005150910466909409,0.5754779577255249,0.43870431184768677,-0.01667170226573944,0.575239896774292,0.43403539061546326,-0.015027105808258057,0.5438051819801331,0.43181678652763367,0.005498132202774286,0.5881713628768921,0.4230059087276459,-0.030490417033433914,0.5535628795623779,0.35472211241722107,-0.00548772606998682,0.5456011295318604,0.3581048250198364,-3.1004151423985604e-06,0.5353463292121887,0.340114951133728,0.02285989187657833,0.5806074142456055,0.3646756410598755,-0.011900561861693859,0.5731683969497681,0.3780379295349121,-0.00069757568417117,0.560889482498169,0.47123295068740845,0.006329971365630627,0.5360599160194397,0.4747116267681122,0.060139551758766174,0.5796874761581421,0.4437751770019531,-0.0144288195297122,0.5843669772148132,0.4465380609035492,-0.014681193046271801,0.564489483833313,0.47279080748558044,0.005966588854789734,0.5661725997924805,0.47302135825157166,0.004257958848029375,0.5424776673316956,0.3514326810836792,0.002636197255924344,0.5751743912696838,0.44180431962013245,-0.013198299333453178,0.564818799495697,0.3560236096382141,-0.009683000855147839,0.5639035105705261,0.34827721118927,-0.0113347377628088,0.5599929094314575,0.3183426260948181,-0.0028765436727553606,0.5392338633537292,0.34799250960350037,0.011077223345637321,0.5631649494171143,0.33492305874824524,-0.007627459708601236,0.5370626449584961,0.36080190539360046,0.010961548425257206,0.5331712365150452,0.36140376329421997,0.02231292799115181,0.5851810574531555,0.46765026450157166,-0.01348142046481371,0.577957272529602,0.4689673185348511,-0.009602454490959644,0.5726565718650818,0.4704397916793823,-0.004905317444354296,0.5809840559959412,0.44514667987823486,-0.012938386760652065,0.5653394460678101,0.4729174077510834,0.005099324509501457,0.5685048699378967,0.47580379247665405,0.0014298480236902833,0.5671196579933167,0.4731675982475281,0.0041110096499323845,0.5822688341140747,0.44195249676704407,-0.022795237600803375,0.5753957033157349,0.4741402566432953,-0.002838865155354142,0.5804178714752197,0.4746331572532654,-0.0061412835493683815,0.5864220261573792,0.47532233595848083,-0.008819716051220894,0.5847463011741638,0.4976581335067749,-0.0034913034178316593,0.5842704772949219,0.492249071598053,-0.009170829318463802,0.5847190022468567,0.4862528443336487,-0.00995777640491724,0.58542400598526,0.4802459478378296,-0.00871471781283617,0.5862712264060974,0.4755803644657135,-0.007830146700143814,0.5752460360527039,0.4741899073123932,-0.0019845222122967243,0.5738345980644226,0.476246178150177,-0.002892394782975316,0.572249174118042,0.4790496826171875,-0.0037190315779298544,0.5710132718086243,0.48217976093292236,-0.00246799667365849,0.5674988627433777,0.4605240523815155,-0.0034346224274486303,0.5283125638961792,0.4334496259689331,0.06725606322288513,0.5931288599967957,0.44889724254608154,-0.02096710354089737,0.5715199708938599,0.473682701587677,0.001739379484206438,0.5700163841247559,0.47465595602989197,0.001235409639775753,0.5860554575920105,0.4496909976005554,-0.01473283488303423,0.5769211053848267,0.44627800583839417,-0.008598077110946178,0.5852890014648438,0.4481714963912964,-0.014858207665383816,0.5692620873451233,0.41818082332611084,-0.0026260209269821644,0.5586065053939819,0.4230065643787384,-9.095677523873746e-05,0.5741392374038696,0.4373701512813568,-0.01143514085561037,0.5449379682540894,0.32698923349380493,0.009309806860983372,0.5486685633659363,0.338605135679245,0.0012042890302836895,0.5514499545097351,0.34708619117736816,-0.00496145524084568,0.5705989599227905,0.48694562911987305,0.0021325130946934223,0.5789300799369812,0.35200175642967224,-0.014765975996851921,0.5781241655349731,0.33484458923339844,-0.012838633731007576,0.5763617157936096,0.31446850299835205,-0.010177480056881905,0.5511510372161865,0.39966994524002075,0.006357807200402021,0.5377264022827148,0.40480899810791016,0.01636071875691414,0.577269434928894,0.3971565365791321,0.0017502186819911003,0.5431287884712219,0.38066965341567993,0.009403075091540813,0.5805993676185608,0.40813198685646057,-0.007605400402098894,0.5788407921791077,0.43627050518989563,-0.022788040339946747,0.531359076499939,0.41134631633758545,0.023793024942278862,0.5412671566009521,0.4112527370452881,0.010935950092971325,0.5485213994979858,0.4148384630680084,0.005072453990578651,0.5598862767219543,0.4147164523601532,0.002035808051005006,0.5686064958572388,0.4119691848754883,7.146587449824437e-05,0.5753254890441895,0.40796178579330444,-0.001917265704832971,0.5884944200515747,0.3965541422367096,-0.014810116961598396,0.531620979309082,0.4288577437400818,0.022854529321193695,0.5386699438095093,0.3777350187301636,0.012417027726769447,0.5902356505393982,0.4468311071395874,-0.028545968234539032,0.5767590999603271,0.4215874671936035,-0.007732592057436705,0.5256707072257996,0.39452770352363586,0.06055138260126114,0.5803300738334656,0.4031704366207123,-0.0032314034178853035,0.5734734535217285,0.4376637041568756,-0.005427015479654074,0.5466093420982361,0.3895860016345978,0.011136895045638084,0.5788217186927795,0.43053486943244934,-0.020728997886180878,0.5312840938568115,0.4540189504623413,0.06538219004869461,0.5778675675392151,0.39388516545295715,0.00295656337402761,0.5833807587623596,0.4259325861930847,-0.026726912707090378,0.5481073260307312,0.49248385429382324,0.027515828609466553,0.5498080253601074,0.5022203922271729,0.03923182561993599,0.5278484225273132,0.43160849809646606,0.04494889825582504,0.5402052402496338,0.4821088910102844,0.03499990329146385,0.5298131704330444,0.37729039788246155,0.03288034349679947,0.5716614127159119,0.518943190574646,0.00819670781493187,0.5909292697906494,0.4485531747341156,-0.020516516640782356,0.5709841847419739,0.4273008704185486,-0.005162963178008795,0.5330445170402527,0.3927990198135376,0.025042260065674782,0.5561825037002563,0.39849263429641724,0.00342373875901103,0.5614269971847534,0.3997983932495117,0.0017482968978583813,0.5672304630279541,0.47715744376182556,0.002541674068197608,0.5327602624893188,0.44596150517463684,0.025368578732013702,0.5820386409759521,0.5294487476348877,0.009746872819960117,0.5662211775779724,0.5193586945533752,0.02266070432960987,0.5589795112609863,0.5124306678771973,0.029989341273903847,0.5952164530754089,0.33544501662254333,-0.014743673615157604,0.5929358601570129,0.530920147895813,0.007557738572359085,0.5670024752616882,0.3990541100502014,0.001306198537349701,0.5723416805267334,0.3969036340713501,0.001981274923309684,0.5759338736534119,0.39529410004615784,0.0030763656832277775,0.534760594367981,0.37532147765159607,0.018554018810391426,0.5720905661582947,0.38665372133255005,0.000529123586602509,0.5664961338043213,0.3838387727737427,-0.0002574283571448177,0.5610347986221313,0.3832603394985199,0.00023397651966661215,0.5557668805122375,0.38458409905433655,0.002139290329068899,0.552516520023346,0.3867478370666504,0.004326509777456522,0.5265596508979797,0.37384945154190063,0.04952796921133995,0.552939236164093,0.39614346623420715,0.005617506802082062,0.5931817293167114,0.456219881772995,-0.014654100872576237,0.5739797353744507,0.4571356773376465,-0.007515566423535347,0.5796247720718384,0.44273534417152405,-0.01672046072781086,0.5851839184761047,0.45608943700790405,-0.013786756433546543,0.5943007469177246,0.38233768939971924,-0.013579764403402805,0.5566902160644531,0.5028296709060669,0.02173737622797489,0.5641704201698303,0.5108237862586975,0.015368443913757801,0.581173300743103,0.5244988203048706,0.0019582747481763363,0.5425096750259399,0.4906763434410095,0.05047520250082016,0.5761003494262695,0.39087456464767456,0.00199759635142982,0.5844718813896179,0.410252183675766,-0.016141125932335854,0.5926763415336609,0.5257588624954224,0.0001292795204790309,0.5735441446304321,0.5253208875656128,0.01499081589281559,0.5302916765213013,0.450336217880249,0.04467260465025902,0.5802579522132874,0.4748230576515198,-0.005179619416594505,0.5788910984992981,0.4783737361431122,-0.006145054474473,0.5777007341384888,0.4828699231147766,-0.00710803410038352,0.5768590569496155,0.4881211519241333,-0.006100351456552744,0.5767790675163269,0.4932013750076294,-0.0012377051170915365,0.5700609087944031,0.4727686047554016,0.0006454277317970991,0.5685461163520813,0.47172731161117554,0.0007263250881806016,0.5673141479492188,0.470588743686676,0.000618067046161741,0.5625864267349243,0.465030699968338,0.0014799869386479259,0.5392565131187439,0.45007556676864624,0.012739881873130798,0.5846869945526123,0.4017438292503357,-0.01079204585403204,0.5815092921257019,0.38453951478004456,-0.0017232693498954177,0.5783369541168213,0.38665568828582764,0.0008080659317784011,0.5716167092323303,0.4737125635147095,0.00113101361785084,0.5404965281486511,0.4699142873287201,0.022735828533768654,0.5864773392677307,0.3830086588859558,-0.009522628970444202,0.5740073323249817,0.5021785497665405,0.0018269316060468554,0.5935676097869873,0.4128097891807556,-0.027278872206807137,0.5885525345802307,0.4058970510959625,-0.020578933879733086,0.5937883257865906,0.4041265547275543,-0.022199183702468872,0.5803308486938477,0.4233609139919281,-0.015673043206334114,0.5926674008369446,0.5182002186775208,-0.0034133533481508493,0.592745304107666,0.5079385042190552,-0.0038646571338176727,0.5829440951347351,0.5072051882743835,-0.002314008539542556,0.5614378452301025,0.48508208990097046,0.00879365298897028,0.5680956840515137,0.4439449906349182,-0.0031612669117748737,0.5674094557762146,0.494769811630249,0.005700900685042143,0.5522947907447815,0.4427744150161743,-0.00019194584456272423,0.561460554599762,0.4515542984008789,-0.0010332963429391384,0.5472934246063232,0.45557400584220886,0.005430370569229126,0.5813616514205933,0.517162561416626,-0.001477035111747682,0.5769610404968262,0.42786091566085815,-0.011140908114612103,0.5574260354042053,0.4928228259086609,0.014598539099097252,0.5649192333221436,0.502319872379303,0.01025924738496542,0.5558429956436157,0.47443681955337524,0.008973648771643639,0.5350348353385925,0.4602697193622589,0.027955207973718643,0.5487442016601562,0.4776538014411926,0.0149292703717947,0.5340178608894348,0.46727868914604187,0.04276926815509796,0.5562596917152405,0.4604489505290985,0.0027537348214536905,0.5807949304580688,0.4158717691898346,-0.011572984978556633,0.5804815292358398,0.44037309288978577,-0.02403574250638485,0.5771559476852417,0.441733181476593,-0.017322182655334473,0.5830180048942566,0.434768944978714,-0.028273504227399826,0.5764371752738953,0.3740261495113373,-0.0036570413503795862,0.5661135315895081,0.3666701912879944,-0.004174826666712761,0.5571606159210205,0.36530977487564087,-0.0031023717019706964,0.5499994158744812,0.3676114082336426,2.9477825592039153e-05,0.5451549887657166,0.37250733375549316,0.0042092022486031055,0.5427812337875366,0.39050740003585815,0.014022218063473701,0.5266372561454773,0.4133695065975189,0.04293747991323471,0.5468875765800476,0.4039631187915802,0.009278385899960995,0.5526742339134216,0.407145619392395,0.005558376666158438,0.5605635046958923,0.4084194004535675,0.0027616971638053656,0.5684295892715454,0.4069696366786957,0.0008373640011996031,0.5747723579406738,0.4036754071712494,0.0005467550363391638,0.5790827870368958,0.40036189556121826,-0.00027503527235239744,0.5266848802566528,0.4138789772987366,0.06597737222909927,0.5772919058799744,0.4434813857078552,-0.014257675968110561,0.5842549204826355,0.41789254546165466,-0.020631154999136925,0.5844183564186096,0.44120100140571594,-0.028681699186563492,0.5874876379966736,0.4453439712524414,-0.026155492290854454,0.5844446420669556,0.4425646662712097,-0.025748901069164276,0.5787181258201599,0.4456934928894043,-0.012091887183487415,0.5884785652160645,0.4462127089500427,-0.027714086696505547,0.5892089605331421,0.4479216933250427,-0.020566357299685478,0.5797781944274902,0.3937111794948578,0.0020174006931483746,0.5824239253997803,0.395000696182251,-0.0015186720993369818,0.5840392112731934,0.3959401845932007,-0.0053893523290753365,0.5507396459579468,0.3884921967983246,0.006711868103593588,0.5462454557418823,0.382440447807312,0.007226110436022282,0.5984987020492554,0.4141048192977905,-0.025395730510354042,0.6374525427818298,0.3955076336860657,0.004925836808979511,0.5984802842140198,0.44652146100997925,-0.020946800708770752,0.663073718547821,0.3580365478992462,0.03172348067164421,0.6208068132400513,0.4032464325428009,-0.0011102701537311077,0.6270476579666138,0.40408948063850403,-0.0005633721011690795,0.632866621017456,0.40299496054649353,0.0011585578322410583,0.6401572823524475,0.39785927534103394,0.006203086581081152,0.6153674125671387,0.4003860056400299,-9.180968481814489e-05,0.6294866800308228,0.37524867057800293,-0.004051607567816973,0.6224991679191589,0.37634509801864624,-0.0039595263078808784,0.6360489726066589,0.3768400549888611,-0.0017630578950047493,0.6402407884597778,0.3806389272212982,0.0008196276612579823,0.6454638242721558,0.4020145535469055,0.009727971628308296,0.6139920949935913,0.5116243958473206,0.0031636448111385107,0.6394423246383667,0.3928793966770172,0.00706680491566658,0.6638697981834412,0.3965502083301544,0.0363861545920372,0.6522846817970276,0.3945448100566864,0.015656817704439163,0.624737560749054,0.4340534210205078,-0.0051376428455114365,0.601837694644928,0.4619622826576233,-0.014919031411409378,0.6009030938148499,0.47251832485198975,-0.011879049241542816,0.6102481484413147,0.4650878310203552,-0.011388455517590046,0.6156408190727234,0.46823015809059143,-0.006533380132168531,0.6075091361999512,0.47247615456581116,-0.009467026218771935,0.6126434803009033,0.4727591872215271,-0.004987252876162529,0.6213712692260742,0.4801042079925537,0.003677592845633626,0.5978448987007141,0.4424726366996765,-0.031772978603839874,0.5985396504402161,0.43370798230171204,-0.033957261592149734,0.6500200629234314,0.3691098988056183,0.002916001947596669,0.6120432019233704,0.413786917924881,-0.006269313395023346,0.6114482283592224,0.43876224756240845,-0.017711622640490532,0.6118870377540588,0.43410709500312805,-0.016127940267324448,0.6443127989768982,0.4327772557735443,0.0028112803120166063,0.5985339879989624,0.4229840636253357,-0.030838333070278168,0.635495126247406,0.3593682646751404,-0.007506018038839102,0.6441122889518738,0.36224475502967834,-0.002606587018817663,0.657559871673584,0.34132513403892517,0.019152900204062462,0.6075679659843445,0.36921223998069763,-0.012538399547338486,0.6163508892059326,0.3805082142353058,-0.0020853711757808924,0.6266090273857117,0.47144272923469543,0.004374988842755556,0.6524308323860168,0.4755709767341614,0.05652686953544617,0.6071049571037292,0.44378551840782166,-0.015252708457410336,0.602345883846283,0.44653692841529846,-0.015088190324604511,0.6223896145820618,0.473025381565094,0.004236468579620123,0.620716392993927,0.4732374846935272,0.0027029935736209154,0.6477702856063843,0.3554012179374695,-0.00015211733989417553,0.6117561459541321,0.4418787658214569,-0.01421273685991764,0.6236221194267273,0.36107468605041504,-0.011100184172391891,0.6245318651199341,0.35312408208847046,-0.012784396298229694,0.632361114025116,0.3188886344432831,-0.005046032834798098,0.6529368758201599,0.3491269648075104,0.008073230274021626,0.6280844807624817,0.3353985846042633,-0.009257247671484947,0.6538189053535461,0.3644799292087555,0.0077425274066627026,0.6588825583457947,0.36283135414123535,0.018878528848290443,0.6015626192092896,0.4676629602909088,-0.014025311917066574,0.608917772769928,0.4690404534339905,-0.010637142695486546,0.6142198443412781,0.47053033113479614,-0.006233345717191696,0.6057606935501099,0.4451487064361572,-0.013552974909543991,0.6215337514877319,0.4731425940990448,0.003471872303634882,0.6180391907691956,0.4759371876716614,6.412529273802647e-06,0.6197715401649475,0.4733700156211853,0.002610979601740837,0.6043310761451721,0.4419267475605011,-0.02349017933011055,0.6113885045051575,0.4742986261844635,-0.003987508825957775,0.6062878966331482,0.47474369406700134,-0.007047330494970083,0.6002237200737,0.475381076335907,-0.009353108704090118,0.6011694669723511,0.4978626072406769,-0.003972393926233053,0.6016339063644409,0.49226346611976624,-0.009721264243125916,0.6012629270553589,0.4862579107284546,-0.01055995561182499,0.6007082462310791,0.48026448488235474,-0.009302016347646713,0.6000400185585022,0.47559046745300293,-0.00838474091142416,0.6112860441207886,0.4742366671562195,-0.0031399305444210768,0.6126526594161987,0.47630491852760315,-0.004042328801006079,0.6141446232795715,0.47909003496170044,-0.004877179861068726,0.6152752041816711,0.4821942448616028,-0.003659284906461835,0.6196287870407104,0.4608154892921448,-0.004934240132570267,0.6617392897605896,0.4347325265407562,0.06324542313814163,0.6151591539382935,0.47380784153938293,0.00035888227284885943,0.6165947914123535,0.4747946262359619,-0.00015682143566664308,0.6005629897117615,0.4497789442539215,-0.015123327262699604,0.6100481748580933,0.44636526703834534,-0.009407526813447475,0.6013759970664978,0.4482416808605194,-0.015247088856995106,0.6188850402832031,0.4185379147529602,-0.0040860422886908054,0.6295549869537354,0.4236506223678589,-0.002065652748569846,0.6130204796791077,0.4375019371509552,-0.012548606842756271,0.6478951573371887,0.32789865136146545,0.00624601636081934,0.6432690620422363,0.3394695520401001,-0.001214105635881424,0.6377406120300293,0.35136011242866516,-0.0071425000205636024,0.6160670518875122,0.4872678816318512,0.0007591856992803514,0.6093358993530273,0.35676515102386475,-0.01544303447008133,0.6126235127449036,0.33506855368614197,-0.013652906753122807,0.615539014339447,0.3147033751010895,-0.011275351978838444,0.6375290751457214,0.4012179970741272,0.003811388975009322,0.6517563462257385,0.4072361886501312,0.013257487677037716,0.6117395758628845,0.3977673649787903,0.000602449057623744,0.6464591026306152,0.3836764693260193,0.006514690816402435,0.6076740026473999,0.4082314372062683,-0.008495550602674484,0.6079330444335938,0.43629521131515503,-0.023617474362254143,0.6582481861114502,0.4125972092151642,0.020348764955997467,0.6478554606437683,0.41346868872642517,0.008021991699934006,0.6402903199195862,0.41652101278305054,0.002524669747799635,0.6287192702293396,0.41577479243278503,6.864800525363535e-05,0.6199505925178528,0.4125998914241791,-0.001451214891858399,0.6132078766822815,0.40849509835243225,-0.003068507183343172,0.5996577143669128,0.3965556025505066,-0.015180966816842556,0.6571765542030334,0.43011683225631714,0.019400734454393387,0.6514673233032227,0.38118019700050354,0.009238573722541332,0.5959606170654297,0.4467974901199341,-0.028721442446112633,0.6110495328903198,0.42174383997917175,-0.00880403257906437,0.6659064888954163,0.39579689502716064,0.056377965956926346,0.6081426739692688,0.4037199914455414,-0.0041174693033099174,0.6138399839401245,0.4378327429294586,-0.006511926185339689,0.6425261497497559,0.3922981321811676,0.008433768525719643,0.6082149147987366,0.4305681586265564,-0.021578649058938026,0.6580308079719543,0.45515939593315125,0.061557259410619736,0.6114444136619568,0.39478635787963867,0.001793675939552486,0.6034778356552124,0.42593246698379517,-0.02735653892159462,0.6390240788459778,0.49325674772262573,0.024910209700465202,0.6373873353004456,0.5027894973754883,0.03649130463600159,0.6614533066749573,0.43292155861854553,0.04117978364229202,0.6472675800323486,0.48296093940734863,0.03192012012004852,0.6616917252540588,0.3786969780921936,0.029246460646390915,0.6141421794891357,0.5194434523582458,0.0069460151717066765,0.5953666567802429,0.4485208988189697,-0.020627755671739578,0.6167597770690918,0.42758485674858093,-0.006495976354926825,0.6573114395141602,0.3958461284637451,0.021616768091917038,0.6320463418960571,0.3990442454814911,0.0012474186951294541,0.6269809007644653,0.3999537527561188,-0.00021165401267353445,0.6193230152130127,0.4772895574569702,0.00103245978243649,0.6555048823356628,0.4471683204174042,0.02197752147912979,0.6038172841072083,0.5296174883842468,0.009012345224618912,0.620299756526947,0.519753098487854,0.02078167349100113,0.6279170513153076,0.5129228830337524,0.027705730870366096,0.6217136383056641,0.3991297483444214,-0.00036579713923856616,0.6166078448295593,0.397169291973114,0.0005677210865542293,0.6132442355155945,0.39589935541152954,0.00181421241723001,0.6558536887168884,0.37866663932800293,0.015170619823038578,0.6172884702682495,0.388840913772583,-0.0010022004134953022,0.6226783394813538,0.38687312602996826,-0.002028907183557749,0.6278813481330872,0.38681158423423767,-0.00182147731538862,0.6328949332237244,0.3881215453147888,-0.00018718649516813457,0.6360507011413574,0.3899696171283722,0.0018816441297531128,0.6655918955802917,0.3752167224884033,0.04536275938153267,0.6352771520614624,0.3973374664783478,0.0032391492277383804,0.6130148768424988,0.4573034644126892,-0.008622614666819572,0.6071216464042664,0.4427565336227417,-0.017447253689169884,0.6014854907989502,0.4562061131000519,-0.014273900538682938,0.6301017999649048,0.5035885572433472,0.019605889916419983,0.6221529841423035,0.5115139484405518,0.013671508990228176,0.6042530536651611,0.524766743183136,0.0012481806334108114,0.6452295184135437,0.49131447076797485,0.04717322066426277,0.6132695078849792,0.3922377824783325,0.0006670153234153986,0.6032909154891968,0.4103128910064697,-0.016753066331148148,0.6125341057777405,0.5255863070487976,0.013604044914245605,0.6582937836647034,0.45154905319213867,0.04106982797384262,0.606153130531311,0.47481822967529297,-0.006090900395065546,0.6074005365371704,0.4783763885498047,-0.00707132276147604,0.6084949970245361,0.48284396529197693,-0.008085952140390873,0.6092712879180908,0.48803848028182983,-0.007071825210005045,0.6094211935997009,0.49344033002853394,-0.0022641574032604694,0.6168344616889954,0.4729439616203308,-0.0008334406884387136,0.6183178424835205,0.4719029664993286,-0.000848892261274159,0.6196010112762451,0.47075262665748596,-0.0010085131507366896,0.6247345805168152,0.4653051495552063,-0.0003592843422666192,0.6484778523445129,0.4510897994041443,0.009798782877624035,0.6035467982292175,0.40180906653404236,-0.011453434824943542,0.6074482798576355,0.3863295912742615,-0.002551562851294875,0.6109211444854736,0.3882717490196228,-0.0003053072723560035,0.6152875423431396,0.4739004075527191,-0.00024123936600517482,0.6470455527305603,0.47075819969177246,0.019812844693660736,0.60188227891922,0.385176420211792,-0.009968919679522514,0.6119819283485413,0.502540111541748,0.0007369881495833397,0.5990892648696899,0.4059078097343445,-0.020912950858473778,0.6070948243141174,0.42348605394363403,-0.01648096740245819,0.6026763916015625,0.5074236392974854,-0.002859235042706132,0.6254928112030029,0.48554912209510803,0.006909529212862253,0.6192788481712341,0.4442485570907593,-0.0045926496386528015,0.6190866827964783,0.4952099919319153,0.004199324641376734,0.6352857351303101,0.443522185087204,-0.002334295306354761,0.6259567141532898,0.4520741403102875,-0.002783366711810231,0.6402087807655334,0.45641961693763733,0.0029892628081142902,0.6040747761726379,0.5174598693847656,-0.0021752710454165936,0.6105373501777649,0.42795950174331665,-0.012144717387855053,0.6294775009155273,0.4934643805027008,0.012528709135949612,0.6214612126350403,0.5028876066207886,0.008662469685077667,0.6313855051994324,0.47491684556007385,0.00673750601708889,0.6529492735862732,0.46130216121673584,0.024745898321270943,0.6384772062301636,0.4783497154712677,0.012435667216777802,0.6540378332138062,0.468292772769928,0.03930877521634102,0.6312177181243896,0.4610368311405182,0.0006297286599874496,0.6069891452789307,0.4159887135028839,-0.012420516461133957,0.6061374545097351,0.44038164615631104,-0.024766741320490837,0.6096482872962952,0.44178974628448486,-0.018200287595391273,0.6034980416297913,0.4347703754901886,-0.028917409479618073,0.6125046610832214,0.3772059381008148,-0.004759548231959343,0.6228106021881104,0.3706042468547821,-0.005700529552996159,0.6317918300628662,0.3693031370639801,-0.0050726644694805145,0.6391468644142151,0.3712471127510071,-0.002371093723922968,0.6442208290100098,0.37585410475730896,0.0015235658502206206,0.646844208240509,0.3932548463344574,0.011144120246171951,0.6634552478790283,0.4147486388683319,0.039112381637096405,0.6422312259674072,0.4060255289077759,0.0065925391390919685,0.6361764073371887,0.40850377082824707,0.003204564331099391,0.6281142234802246,0.40917086601257324,0.0008101049461401999,0.620262086391449,0.4074011445045471,-0.0007173417834565043,0.6139813661575317,0.4041406512260437,-0.0006241261144168675,0.6096897125244141,0.4008885622024536,-0.001235080067999661,0.664216935634613,0.41516709327697754,0.06179342046380043,0.6095133423805237,0.44348838925361633,-0.015125558711588383,0.6030343174934387,0.41794368624687195,-0.021269600838422775,0.6019156575202942,0.4411730468273163,-0.02913837321102619,0.5988959670066833,0.44531965255737305,-0.026404041796922684,0.6020300388336182,0.44255420565605164,-0.026215171441435814,0.608115017414093,0.44570666551589966,-0.012830722145736217,0.5977965593338013,0.44617173075675964,-0.02791465073823929,0.5971463322639465,0.44785451889038086,-0.020770778879523277,0.6093939542770386,0.394639253616333,0.0010574302868917584,0.6063851714134216,0.3958202600479126,-0.0022571079898625612,0.6043789386749268,0.3967999219894409,-0.00602706940844655,0.6379260420799255,0.3914440870285034,0.004177267197519541,0.6428086757659912,0.38540729880332947,0.004522467963397503,0.5634267926216125,0.3924257159233093,0.0033065483439713717,0.5697466731071472,0.3926393389701843,0.0033065483439713717,0.5636174082756042,0.38501882553100586,0.0033065483439713717,0.5570061206817627,0.3922021985054016,0.0033065483439713717,0.5632140040397644,0.3997076749801636,0.0033065483439713717,0.6249856352806091,0.39254724979400635,0.0013602201361209154,0.6314747929573059,0.3925807476043701,0.0013602201361209154,0.6248384118080139,0.3847962021827698,0.0013602201361209154,0.6185149550437927,0.39246535301208496,0.0013602201361209154,0.6251183152198792,0.40019387006759644,0.0013602201361209154
4500.000000000004,0.5939493179321289,0.466037392616272,-0.01486161444336176,0.5929332375526428,0.4448504149913788,-0.03208068385720253,0.593174934387207,0.4523327946662903,-0.016364935785531998,0.5887275338172913,0.4164419174194336,-0.025232741609215736,0.5930124521255493,0.4359603822231293,-0.0345117449760437,0.593278706073761,0.42445704340934753,-0.032612089067697525,0.5941324234008789,0.3968687951564789,-0.017893236130475998,0.5514094233512878,0.39612531661987305,0.007078088819980621,0.5947026014328003,0.3725403845310211,-0.014721364714205265,0.59493488073349,0.35988593101501465,-0.016717929393053055,0.596010684967041,0.31661298871040344,-0.013706023804843426,0.593865692615509,0.4702291786670685,-0.013969053514301777,0.5937725305557251,0.4746258854866028,-0.012021570466458797,0.5937106013298035,0.47752925753593445,-0.009368003346025944,0.5935539603233337,0.4790921211242676,-0.00813556369394064,0.5935024619102478,0.4841693639755249,-0.008979402482509613,0.5933969616889954,0.4901038408279419,-0.010038978420197964,0.5932451486587524,0.49609479308128357,-0.008933077566325665,0.5930089950561523,0.500011682510376,-0.0029599459376186132,0.5930185317993164,0.4491792917251587,-0.028839154168963432,0.5879819393157959,0.44851788878440857,-0.02052503079175949,0.530204176902771,0.35860779881477356,0.034989602863788605,0.5681089758872986,0.4051944613456726,0.0001785590429790318,0.5617365837097168,0.40580421686172485,0.0010767476633191109,0.555992603302002,0.4042007327079773,0.003150476375594735,0.5491125583648682,0.3980364501476288,0.008596574887633324,0.5736883282661438,0.40234848856925964,0.0007890567649155855,0.560252845287323,0.3744107186794281,-0.0024120553862303495,0.5673847198486328,0.3760475218296051,-0.0028135923203080893,0.5535886883735657,0.37588346004486084,0.00022764848836231977,0.5492424368858337,0.3799286484718323,0.003036732319742441,0.5443091988563538,0.4018137753009796,0.012307440862059593,0.5722026824951172,0.5119668245315552,0.005855558440089226,0.5497670769691467,0.392922967672348,0.009327220730483532,0.5278382301330566,0.3967718482017517,0.039795052260160446,0.538316011428833,0.3938445448875427,0.018488602712750435,0.563183605670929,0.4352266192436218,-0.0032826305832713842,0.585797131061554,0.4640307128429413,-0.013889758847653866,0.5864433646202087,0.4742525517940521,-0.01079956628382206,0.5776578783988953,0.4672216773033142,-0.0097295381128788,0.5723281502723694,0.4703332185745239,-0.004385598003864288,0.5801211595535278,0.47432976961135864,-0.007835679687559605,0.5752120614051819,0.474741131067276,-0.0029983259737491608,0.5660130977630615,0.48086392879486084,0.006577382329851389,0.5882303714752197,0.44456905126571655,-0.031440507620573044,0.5876749753952026,0.4359270930290222,-0.03363034129142761,0.5409818887710571,0.3678153157234192,0.005461682099848986,0.576370894908905,0.41565921902656555,-0.005327149759978056,0.5755730867385864,0.44055819511413574,-0.01654430478811264,0.575354814529419,0.4359177350997925,-0.01494461391121149,0.5441198945045471,0.43325144052505493,0.005727733019739389,0.588157594203949,0.4253078103065491,-0.030555976554751396,0.5541379451751709,0.35730433464050293,-0.006093183532357216,0.5462288856506348,0.3605615794658661,-0.0005431752069853246,0.5358785390853882,0.3423631489276886,0.021873224526643753,0.5809311866760254,0.367392361164093,-0.012610328383743763,0.5734871029853821,0.3809258043766022,-0.001273582922294736,0.5611463785171509,0.4721258580684662,0.007380470167845488,0.5369830131530762,0.4752350449562073,0.0609080046415329,0.5797669291496277,0.44559991359710693,-0.01429974939674139,0.5844127535820007,0.4483572840690613,-0.014517598785459995,0.5658213496208191,0.47505030035972595,0.006999488919973373,0.5674622058868408,0.4753090739250183,0.005278287921100855,0.5432261824607849,0.3539312183856964,0.002003406174480915,0.5752785801887512,0.44354793429374695,-0.013037580996751785,0.5652925372123718,0.35869699716567993,-0.010357829742133617,0.5644468665122986,0.3509708046913147,-0.012099795043468475,0.5602977871894836,0.3209882974624634,-0.004144107457250357,0.5397077798843384,0.35030195116996765,0.010279807262122631,0.5634297132492065,0.3375478982925415,-0.008664458058774471,0.5378164052963257,0.3632742166519165,0.010399844497442245,0.5337423086166382,0.3634890913963318,0.021616587415337563,0.5859320163726807,0.46952301263809204,-0.012932521291077137,0.5788453817367554,0.47098490595817566,-0.008953828364610672,0.5736964344978333,0.472584992647171,-0.004126070998609066,0.5810497999191284,0.44694241881370544,-0.0127944964915514,0.5666469931602478,0.4751896262168884,0.006123394705355167,0.5696491599082947,0.4782622456550598,0.002561488188803196,0.5683891773223877,0.47546958923339844,0.005135179031640291,0.5823123455047607,0.44393685460090637,-0.022676898166537285,0.5764279961585999,0.4762631058692932,-0.002070954767987132,0.5812477469444275,0.476566880941391,-0.005486257374286652,0.5870717763900757,0.4770645797252655,-0.008244125172495842,0.584809422492981,0.4992923438549042,-0.002212759107351303,0.5847189426422119,0.49497494101524353,-0.008002359420061111,0.585253119468689,0.48902803659439087,-0.008893423713743687,0.5860108137130737,0.4830966591835022,-0.007751535624265671,0.5868887305259705,0.4785420894622803,-0.0069327461533248425,0.5762244462966919,0.4769461750984192,-0.0009773593628779054,0.574795126914978,0.4789201617240906,-0.0018229831475764513,0.573172390460968,0.4816683232784271,-0.0025709832552820444,0.5718956589698792,0.4847443997859955,-0.0012637218460440636,0.5676172375679016,0.46177399158477783,-0.002764779841527343,0.5292739868164062,0.4343934655189514,0.06739367544651031,0.5931011438369751,0.45084047317504883,-0.020822295919060707,0.5726732015609741,0.47623711824417114,0.0027871469501405954,0.5711613297462463,0.47714710235595703,0.0023306035436689854,0.5860854983329773,0.4514593482017517,-0.014494369737803936,0.5769988894462585,0.4479115307331085,-0.008392976596951485,0.5853261351585388,0.44996604323387146,-0.014668598771095276,0.5695114731788635,0.42007315158843994,-0.0026984275318682194,0.5588726997375488,0.42471274733543396,-4.8577116103842854e-05,0.5742617845535278,0.43915098905563354,-0.011315618641674519,0.5453590154647827,0.3294624090194702,0.008194062858819962,0.549044132232666,0.3410923480987549,0.0002868304727599025,0.5521193742752075,0.3497104048728943,-0.005677121691405773,0.5707295536994934,0.488176554441452,0.0034257511142641306,0.5793533325195312,0.3548048138618469,-0.015582091175019741,0.5783295631408691,0.33754146099090576,-0.013967327773571014,0.5766046643257141,0.31720593571662903,-0.011572626419365406,0.5514745712280273,0.40184932947158813,0.006088388152420521,0.5379913449287415,0.40685391426086426,0.016221774742007256,0.5774599313735962,0.3995967209339142,0.0012835633242502809,0.5436607003211975,0.3830775320529938,0.00903256330639124,0.5807902812957764,0.4103412628173828,-0.00785822607576847,0.5788967609405518,0.43826839327812195,-0.022698579356074333,0.5319518446922302,0.4128884971141815,0.023763535544276237,0.5413963198661804,0.41306641697883606,0.010890161618590355,0.5485572218894958,0.4165413975715637,0.005045208614319563,0.5599046349525452,0.416546106338501,0.0019508019322529435,0.5686408281326294,0.4139862656593323,-0.0001024795274133794,0.575390636920929,0.41013103723526,-0.0021774787455797195,0.5886278748512268,0.3990274667739868,-0.015259912237524986,0.5321500301361084,0.43014925718307495,0.02307167649269104,0.539280116558075,0.3801049292087555,0.01202020887285471,0.5901939272880554,0.448839008808136,-0.02839529700577259,0.5769196152687073,0.42357558012008667,-0.007815638557076454,0.5265438556671143,0.3959152102470398,0.0601482093334198,0.5804197192192078,0.4054436981678009,-0.003588450839743018,0.5736058354377747,0.4393681585788727,-0.005310461390763521,0.5470209121704102,0.39214274287223816,0.010798485949635506,0.5788978934288025,0.4325616657733917,-0.020702898502349854,0.532252311706543,0.45472899079322815,0.06582485139369965,0.5781026482582092,0.3964391350746155,0.0024352807085961103,0.5834152102470398,0.4281206727027893,-0.026745660230517387,0.548785388469696,0.49308645725250244,0.028723083436489105,0.550574779510498,0.5026154518127441,0.04046731814742088,0.5285830497741699,0.43277642130851746,0.04513528198003769,0.5409095287322998,0.4827982783317566,0.03599046543240547,0.5304750204086304,0.37915492057800293,0.03235405310988426,0.5720621347427368,0.5195126533508301,0.009836476296186447,0.5909109115600586,0.4504886567592621,-0.020361676812171936,0.5711684226989746,0.42910900712013245,-0.005146694835275412,0.5336316823959351,0.39517486095428467,0.02476472593843937,0.5565319061279297,0.4006176292896271,0.003078789683058858,0.5617148280143738,0.4019027650356293,0.0013857728336006403,0.5683555603027344,0.47959357500076294,0.0036905284505337477,0.5332643389701843,0.44704633951187134,0.025827737525105476,0.5823444724082947,0.5298560857772827,0.011408069171011448,0.5667824149131775,0.5196661949157715,0.024185918271541595,0.5596534609794617,0.5127559900283813,0.0313977412879467,0.5954122543334961,0.3381844758987427,-0.015971358865499496,0.5931054949760437,0.5314069986343384,0.009172379039227962,0.5672398805618286,0.4012667238712311,0.0009005763567984104,0.5725616812705994,0.39927592873573303,0.0015253678429871798,0.5761529803276062,0.3977685570716858,0.002578727900981903,0.535485029220581,0.37780195474624634,0.018117735162377357,0.5724188685417175,0.38966187834739685,1.2845425771956798e-06,0.5668877363204956,0.3870415985584259,-0.0007603004341945052,0.5615101456642151,0.38643336296081543,-0.0002304084919160232,0.5562857389450073,0.3876032829284668,0.001720952452160418,0.5530063509941101,0.38960105180740356,0.003932982217520475,0.5273118019104004,0.37554726004600525,0.048885177820920944,0.5533287525177002,0.3983989357948303,0.00527495052665472,0.593237578868866,0.45792248845100403,-0.014369041658937931,0.5740576386451721,0.45856085419654846,-0.007019127253443003,0.5797019600868225,0.4446135461330414,-0.01661537028849125,0.5852089524269104,0.4577158987522125,-0.013414714485406876,0.594459056854248,0.3848734498023987,-0.014236249029636383,0.5573300123214722,0.5033547282218933,0.023156801238656044,0.5647081136703491,0.5113405585289001,0.016916519030928612,0.5814359784126282,0.5251786112785339,0.003649473190307617,0.5433560013771057,0.4911317825317383,0.051482755690813065,0.5763686299324036,0.393585741519928,0.0014730669790878892,0.5845837593078613,0.4125607907772064,-0.016390059143304825,0.5928134918212891,0.5265316367149353,0.0017734691500663757,0.5739726424217224,0.525664210319519,0.016616640612483025,0.5310125946998596,0.4512922465801239,0.04512215033173561,0.5810382962226868,0.47773757576942444,-0.004230048041790724,0.5796438455581665,0.48118317127227783,-0.005120796151459217,0.5783899426460266,0.4856174886226654,-0.005983645562082529,0.577465295791626,0.4907909631729126,-0.004885581787675619,0.5768439769744873,0.49466145038604736,8.906536095310003e-05,0.5712289214134216,0.47502216696739197,0.001548101077787578,0.569723904132843,0.4739692211151123,0.001649612793698907,0.5684928297996521,0.4728202819824219,0.001529225381091237,0.5627695918083191,0.46606892347335815,0.0023337439633905888,0.5396287441253662,0.45122891664505005,0.013259578496217728,0.5848467946052551,0.4041025638580322,-0.01115407608449459,0.5817788243293762,0.3871740400791168,-0.002341965213418007,0.5786157250404358,0.3893325924873352,0.0002323257940588519,0.5727345943450928,0.4759695529937744,0.0020316974259912968,0.5410126447677612,0.4707997441291809,0.023571087047457695,0.5866844058036804,0.3855925500392914,-0.010140733793377876,0.5741996169090271,0.5032745599746704,0.0032560229301452637,0.5935709476470947,0.41523274779319763,-0.027511022984981537,0.5886369347572327,0.40832534432411194,-0.020909545943140984,0.5938396453857422,0.40661194920539856,-0.022571690380573273,0.5804318189620972,0.4254472851753235,-0.015762044116854668,0.5927900671958923,0.5192574262619019,-0.001845811028033495,0.5928698182106018,0.5093255639076233,-0.002460972173139453,0.5830764174461365,0.5084896087646484,-0.0008556872489862144,0.5618152022361755,0.4859519600868225,0.010049635544419289,0.5682674646377563,0.4455016553401947,-0.002889490220695734,0.5676970481872559,0.495707631111145,0.007085138466209173,0.552530825138092,0.4442305564880371,0.00018373440252617002,0.5616688132286072,0.4529411196708679,-0.000529443786945194,0.5476252436637878,0.4567517042160034,0.006047610193490982,0.581561803817749,0.5181187987327576,0.00012991842231713235,0.577093243598938,0.42979559302330017,-0.011156486347317696,0.5579413175582886,0.49354517459869385,0.015923695638775826,0.5653376579284668,0.5030540227890015,0.011725977063179016,0.556232213973999,0.4753134548664093,0.01003240142017603,0.5355849266052246,0.4611974358558655,0.028621597215533257,0.5492268800735474,0.4784967601299286,0.015965649858117104,0.5347540378570557,0.46807947754859924,0.04350000247359276,0.5565437078475952,0.4615401029586792,0.0034786188043653965,0.5809346437454224,0.41802898049354553,-0.011735525913536549,0.580528974533081,0.44236305356025696,-0.023926889523863792,0.5772417783737183,0.44358304142951965,-0.01718210056424141,0.5830272436141968,0.4368862807750702,-0.02819322608411312,0.5767571330070496,0.37676578760147095,-0.004299254156649113,0.5665374994277954,0.3694533407688141,-0.004767149221152067,0.5576769113540649,0.3679850697517395,-0.0036143094766885042,0.5505643486976624,0.3701264560222626,-0.0004089861467946321,0.5457144975662231,0.37494152784347534,0.0038111815229058266,0.5432196855545044,0.39292261004447937,0.013707801699638367,0.5273933410644531,0.41476553678512573,0.0428917221724987,0.5470975637435913,0.40602001547813416,0.009097160771489143,0.5528313517570496,0.409075528383255,0.00539156561717391,0.5606899857521057,0.41040295362472534,0.0025711061898618937,0.5685477256774902,0.40910303592681885,0.0005691588157787919,0.5749070048332214,0.40596652030944824,0.00020415040489751846,0.5792392492294312,0.4027431607246399,-0.0006844024755991995,0.5276145339012146,0.4150329530239105,0.06582818925380707,0.5773819088935852,0.44525331258773804,-0.014106014743447304,0.5843231081962585,0.4201474189758301,-0.020773788914084435,0.5844166278839111,0.443264901638031,-0.02856438048183918,0.5874871611595154,0.4473315179347992,-0.026013851165771484,0.5844641923904419,0.44458016753196716,-0.0256287083029747,0.5787835121154785,0.44741031527519226,-0.0119229257106781,0.5884585976600647,0.44821253418922424,-0.027563530951738358,0.5892069339752197,0.4498511850833893,-0.020415013656020164,0.5800002813339233,0.3962387144565582,0.0014845271361991763,0.5826209187507629,0.39748138189315796,-0.002032350515946746,0.5841829776763916,0.3983437418937683,-0.005857840180397034,0.5511800646781921,0.3912383019924164,0.006336680613458157,0.546734094619751,0.3849666118621826,0.006864443887025118,0.5984942317008972,0.41650915145874023,-0.025671575218439102,0.6374779939651489,0.3978548049926758,0.003962250892072916,0.5984604954719543,0.4484999179840088,-0.020863251760601997,0.6635770797729492,0.3604094386100769,0.03000473976135254,0.6208563446998596,0.4054111838340759,-0.0018594121793285012,0.6270357966423035,0.4062528610229492,-0.0013387935468927026,0.6328464150428772,0.4051942527294159,0.00033449335023760796,0.6402420401573181,0.40008437633514404,0.005267747212201357,0.615490198135376,0.4026222825050354,-0.0008133880328387022,0.6296615600585938,0.3780047595500946,-0.005031765438616276,0.6227692365646362,0.3790683448314667,-0.004895921330899,0.6361607313156128,0.37955397367477417,-0.0027602040208876133,0.6403243541717529,0.3832530379295349,-0.00018735075718723238,0.6455703973770142,0.40412789583206177,0.008812256157398224,0.6140563488006592,0.5126478672027588,0.004404325969517231,0.6395334005355835,0.39528757333755493,0.006066786590963602,0.6642609238624573,0.39861661195755005,0.035150498151779175,0.6525179743766785,0.3965914845466614,0.014592528343200684,0.6249301433563232,0.43593502044677734,-0.005389385856688023,0.6023052334785461,0.46394166350364685,-0.014520065858960152,0.6013172268867493,0.47417011857032776,-0.011417540721595287,0.6104898452758789,0.4670061767101288,-0.010998505167663097,0.6156853437423706,0.4700794517993927,-0.0060724676586687565,0.6077407598495483,0.4741807281970978,-0.009014466777443886,0.6126601696014404,0.47452080249786377,-0.004479580093175173,0.6217237114906311,0.4813201427459717,0.0044895620085299015,0.5977369546890259,0.4446067810058594,-0.03170323371887207,0.5984331965446472,0.43595004081726074,-0.03396259620785713,0.6502545475959778,0.3713395595550537,0.0017030949238687754,0.612198531627655,0.41596147418022156,-0.006709389388561249,0.6114903688430786,0.4407449960708618,-0.017829015851020813,0.6119608879089355,0.4361115097999573,-0.016298096626996994,0.6445505023002625,0.43457192182540894,0.002374381525442004,0.5984756946563721,0.425319105386734,-0.030985364690423012,0.6357017159461975,0.361810564994812,-0.008624915033578873,0.6443141102790833,0.364602655172348,-0.0037848730571568012,0.6579916477203369,0.34391123056411743,0.017362819984555244,0.6077848672866821,0.3717895746231079,-0.013419580645859241,0.6166876554489136,0.38313356041908264,-0.0029754391871392727,0.6269575357437134,0.4725777208805084,0.004949191585183144,0.6527002453804016,0.4766002893447876,0.05646347627043724,0.6071476340293884,0.4457134008407593,-0.015300643630325794,0.6023862361907959,0.44841915369033813,-0.0150141641497612,0.6219462752342224,0.4747694730758667,0.004856378771364689,0.6202995181083679,0.4750041961669922,0.003361375303938985,0.6480720043182373,0.35759907960891724,-0.0014618863351643085,0.6118481755256653,0.443750262260437,-0.014293183572590351,0.6238265037536621,0.3635948896408081,-0.012124874629080296,0.6247341632843018,0.3555905818939209,-0.013906152918934822,0.6326454281806946,0.32171279191970825,-0.006779445335268974,0.6532403826713562,0.3517664968967438,0.006532934959977865,0.628291130065918,0.3382016122341156,-0.01069810800254345,0.6541677117347717,0.3665531575679779,0.006402782630175352,0.6592363119125366,0.3652992248535156,0.01734018884599209,0.601995587348938,0.4694484770298004,-0.013588241301476955,0.6091594099998474,0.4708312451839447,-0.010199828073382378,0.6142536997795105,0.47232329845428467,-0.005736911203712225,0.6058245897293091,0.44703519344329834,-0.013556656427681446,0.6211065649986267,0.47489744424819946,0.004113770090043545,0.6177694797515869,0.47791510820388794,0.0008154605166055262,0.6193978190422058,0.4751589000225067,0.0032797937747091055,0.6042917370796204,0.4439964294433594,-0.02353833243250847,0.6113607287406921,0.4760364890098572,-0.003469442715868354,0.6064983010292053,0.4764060378074646,-0.006575644016265869,0.6006103754043579,0.4769911468029022,-0.008879635483026505,0.6014026403427124,0.4995688796043396,-0.0027945179026573896,0.601925253868103,0.49483823776245117,-0.008663831278681755,0.6016103625297546,0.48889580368995667,-0.009608075954020023,0.6010838150978088,0.4829849600791931,-0.008450987748801708,0.6004249453544617,0.4784236550331116,-0.007593791000545025,0.6112468242645264,0.47660231590270996,-0.00238234456628561,0.6125868558883667,0.4785769283771515,-0.0032220061402767897,0.6140604019165039,0.48128727078437805,-0.0039872340857982635,0.6151766180992126,0.48434072732925415,-0.002731337444856763,0.6199238300323486,0.46226054430007935,-0.004608682356774807,0.6621477603912354,0.4361921548843384,0.06246913969516754,0.6149085164070129,0.4759116768836975,0.0010986394481733441,0.6163434982299805,0.476814329624176,0.0006282152608036995,0.6006100177764893,0.45160067081451416,-0.014976339414715767,0.6101962924003601,0.44811350107192993,-0.009394589811563492,0.601417601108551,0.4500912129878998,-0.015144424512982368,0.6190467476844788,0.4205929934978485,-0.004514242056757212,0.6297376751899719,0.42559921741485596,-0.0025037038139998913,0.6131340861320496,0.43941205739974976,-0.012690652161836624,0.6482406854629517,0.3306407332420349,0.004472455941140652,0.6435140371322632,0.34222301840782166,-0.0027262340299785137,0.6379973292350769,0.35369813442230225,-0.008399649523198605,0.6164103150367737,0.4886833429336548,0.0017314410069957376,0.6095318794250488,0.35933518409729004,-0.016440868377685547,0.6128187775611877,0.3378600776195526,-0.0149875208735466,0.6157914400100708,0.3175365924835205,-0.012904481031000614,0.6375506520271301,0.40342023968696594,0.0029317571315914392,0.6518771052360535,0.4092254042625427,0.01235190313309431,0.6119402647018433,0.40008702874183655,-0.0001388183154631406,0.6466116905212402,0.386008083820343,0.00543603952974081,0.6078211069107056,0.4105263650417328,-0.008958266116678715,0.607909619808197,0.43839409947395325,-0.023727132007479668,0.6585042476654053,0.41458427906036377,0.01945526711642742,0.6478418111801147,0.41546809673309326,0.00725206546485424,0.6402199864387512,0.4185563921928406,0.001874897163361311,0.6287004947662354,0.4178575575351715,-0.0004964994732290506,0.6200034618377686,0.41474395990371704,-0.0019899620674550533,0.6133335828781128,0.4107445478439331,-0.0036004059948027134,0.5997651219367981,0.39906126260757446,-0.015719320625066757,0.6574432253837585,0.4318690598011017,0.01875528134405613,0.651698648929596,0.38335129618644714,0.008075814694166183,0.5958864688873291,0.4488299489021301,-0.02861299365758896,0.6111980676651001,0.42384305596351624,-0.00914311408996582,0.6664317846298218,0.39766567945480347,0.055014707148075104,0.6083058714866638,0.406095951795578,-0.004685607273131609,0.6140086054801941,0.4396737813949585,-0.006663268897682428,0.6426631212234497,0.394594669342041,0.007420139387249947,0.6082395911216736,0.4326910078525543,-0.021755140274763107,0.6583699584007263,0.45639726519584656,0.06111953780055046,0.6117515563964844,0.39718642830848694,0.0009853597730398178,0.6034489274024963,0.4281875193119049,-0.027522049844264984,0.6390776038169861,0.4942418932914734,0.025463750585913658,0.637450098991394,0.5035638809204102,0.03707849606871605,0.6617900729179382,0.43458661437034607,0.04043098911643028,0.6474212408065796,0.48408815264701843,0.03215055912733078,0.6620792746543884,0.3809751868247986,0.02782374806702137,0.6141310930252075,0.5202259421348572,0.0082704471424222,0.595331609249115,0.45047393441200256,-0.02049883082509041,0.6169334053993225,0.42954617738723755,-0.00679809832945466,0.6576517820358276,0.39775994420051575,0.020489048212766647,0.6319902539253235,0.40130504965782166,0.00036085816100239754,0.6269451379776001,0.4021722972393036,-0.001052801264449954,0.6190362572669983,0.479244589805603,0.0018364324932917953,0.655799150466919,0.44873523712158203,0.021597648039460182,0.6038872003555298,0.5301306843757629,0.010504140518605709,0.6202939748764038,0.5203137993812561,0.02187669649720192,0.6279211640357971,0.5135595202445984,0.02857646532356739,0.6217537522315979,0.4013431966304779,-0.0011784662492573261,0.6167363524436951,0.3994249403476715,-0.0002357693447265774,0.6134688854217529,0.398207426071167,0.0010055005550384521,0.6562119126319885,0.3806629478931427,0.013907324522733688,0.6175890564918518,0.39152857661247253,-0.001886510057374835,0.6229431629180908,0.38972729444503784,-0.0029516129288822412,0.6280533075332642,0.3897337317466736,-0.0027750148437917233,0.6329764127731323,0.39096516370773315,-0.0011620012810453773,0.6361071467399597,0.3926512897014618,0.0008916856604628265,0.6661223769187927,0.377360463142395,0.043771129101514816,0.6352439522743225,0.39964884519577026,0.0023085211869329214,0.6132349967956543,0.45886850357055664,-0.00838677491992712,0.6071333885192871,0.44473960995674133,-0.017515454441308975,0.6016004681587219,0.45789554715156555,-0.014012097381055355,0.6300853490829468,0.5044423341751099,0.020491043105721474,0.6221250295639038,0.5123026967048645,0.014796217903494835,0.6042913794517517,0.525564432144165,0.002765356795862317,0.6453946232795715,0.49221745133399963,0.04743261635303497,0.6135817766189575,0.3947584629058838,-0.00017423660028725863,0.6033646464347839,0.41268131136894226,-0.017142480239272118,0.6125492453575134,0.5261195302009583,0.014907339587807655,0.6586136221885681,0.4530060887336731,0.04062425717711449,0.6063514947891235,0.47745832800865173,-0.0053292205557227135,0.6075767278671265,0.48089396953582764,-0.006239206530153751,0.6086557507514954,0.485283762216568,-0.007165699265897274,0.6094062924385071,0.4904041588306427,-0.006071261130273342,0.609735906124115,0.4950385093688965,-0.0011734954314306378,0.6166573166847229,0.47473299503326416,-0.00025534082669764757,0.6181371808052063,0.4736841320991516,-0.0002804551331792027,0.6194232702255249,0.47253796458244324,-0.00047133397310972214,0.6250765919685364,0.46657899022102356,5.949944898020476e-05,0.6487488746643066,0.4526671767234802,0.009597274474799633,0.6036754250526428,0.4042239785194397,-0.011963123455643654,0.6077509522438049,0.38880324363708496,-0.0033503081649541855,0.6112430691719055,0.3907732367515564,-0.0011450379388406873,0.6151297688484192,0.47568514943122864,0.0003474723780527711,0.6472681760787964,0.4720766246318817,0.01992189884185791,0.6020916700363159,0.38773611187934875,-0.01070010382682085,0.6121711730957031,0.5038102269172668,0.0019084974192082882,0.5991328954696655,0.4083675146102905,-0.021317705512046814,0.6071754693984985,0.4256593883037567,-0.01675538532435894,0.6028285026550293,0.5088028907775879,-0.0015251304721459746,0.6256767511367798,0.486674040555954,0.007710358593612909,0.6194669008255005,0.4459781050682068,-0.004653053358197212,0.619282066822052,0.4963672459125519,0.005226328037679195,0.6355088949203491,0.4452858865261078,-0.00248846341855824,0.6261758804321289,0.4536951184272766,-0.002699068980291486,0.6404264569282532,0.45795994997024536,0.002998756943270564,0.6041479110717773,0.5185309648513794,-0.0007318495190702379,0.610657811164856,0.43000155687332153,-0.01239495538175106,0.6295410990715027,0.4944920539855957,0.013341167010366917,0.6215273141860962,0.5038748979568481,0.009732608683407307,0.6315891146659851,0.47608375549316406,0.007248976733535528,0.6532230973243713,0.46270501613616943,0.024608761072158813,0.6386308073997498,0.47955432534217834,0.0128493532538414,0.6542884111404419,0.46957576274871826,0.039184436202049255,0.6314704418182373,0.4624059200286865,0.0008522465941496193,0.6071003675460815,0.41823017597198486,-0.012783139012753963,0.6060912609100342,0.4424707591533661,-0.024839285761117935,0.609672486782074,0.443759560585022,-0.018268391489982605,0.6034178733825684,0.4369596242904663,-0.028976738452911377,0.6128175854682922,0.3797830641269684,-0.005650337785482407,0.6230417490005493,0.37323734164237976,-0.006666236091405153,0.6319379806518555,0.3719429075717926,-0.0060828328132629395,0.6392553448677063,0.37384265661239624,-0.0034078829921782017,0.6443378329277039,0.3783271312713623,0.0004587798030115664,0.647017240524292,0.3954070806503296,0.010115014389157295,0.6638046503067017,0.4166274666786194,0.03810980170965195,0.6422465443611145,0.4081481993198395,0.005754363257437944,0.6361543536186218,0.410634845495224,0.002462435979396105,0.6281071901321411,0.411294162273407,0.00014618363638874143,0.6203238368034363,0.4095517694950104,-0.0013602294493466616,0.6141189932823181,0.4063696265220642,-0.0012500520097091794,0.6098905801773071,0.4032049775123596,-0.001872226595878601,0.6647020578384399,0.4168131649494171,0.06069526448845863,0.6095770597457886,0.4453788995742798,-0.015178631991147995,0.603060781955719,0.420260488986969,-0.021556347608566284,0.6018261313438416,0.4433079659938812,-0.02913406677544117,0.5988469123840332,0.4473598301410675,-0.0263285543769598,0.6019750237464905,0.4446450471878052,-0.02621358260512352,0.6082208156585693,0.44753003120422363,-0.012833143584430218,0.5977296829223633,0.4482138454914093,-0.027816906571388245,0.5971153974533081,0.4498152732849121,-0.0206646379083395,0.6096843481063843,0.3970465660095215,0.0002853687619790435,0.6066449284553528,0.3982185423374176,-0.0029511027969419956,0.604579508304596,0.3992765247821808,-0.006644776090979576,0.63800048828125,0.3939948081970215,0.003180513856932521,0.6429126858711243,0.38785505294799805,0.0035026168916374445,0.5637897849082947,0.3949444890022278,0.0028786896727979183,0.5702345967292786,0.39520135521888733,0.0028786896727979183,0.5640486478805542,0.3874988257884979,0.0028786896727979183,0.5572876334190369,0.3946716785430908,0.0028786896727979183,0.5635254383087158,0.4022272825241089,0.0028786896727979183,0.6253110766410828,0.39496663212776184,0.0004590665048453957,0.6316071152687073,0.39510393142700195,0.0004590665048453957,0.6251949071884155,0.38735559582710266,0.0004590665048453957,0.6190659403800964,0.3947771191596985,0.0004590665048453957,0.6254299283027649,0.40246322751045227,0.0004590665048453957
4533.333333333337,0.5944495797157288,0.46924522519111633,-0.015020937658846378,0.5931744575500488,0.44646865129470825,-0.03212050348520279,0.5934655666351318,0.45407822728157043,-0.01636936515569687,0.5888624787330627,0.4185989201068878,-0.025300845503807068,0.5932232141494751,0.43771928548812866,-0.034568432718515396,0.5934678912162781,0.42643120884895325,-0.03267987444996834,0.5942860841751099,0.399318128824234,-0.017957357689738274,0.5518794655799866,0.3994263708591461,0.006985398009419441,0.5948191285133362,0.37479880452156067,-0.014855138957500458,0.5950172543525696,0.36215072870254517,-0.01689225807785988,0.5959606766700745,0.31971311569213867,-0.013991869986057281,0.5943718552589417,0.473263144493103,-0.014121425338089466,0.594275712966919,0.4774150252342224,-0.012132248841226101,0.5941999554634094,0.48014435172080994,-0.00940241664648056,0.5940492749214172,0.48092031478881836,-0.008085410110652447,0.5940480828285217,0.4860384166240692,-0.008846201002597809,0.5939802527427673,0.4919288158416748,-0.009823542088270187,0.593859076499939,0.4977378845214844,-0.008587715215981007,0.5935258269309998,0.5023276209831238,-0.002431355882436037,0.5932783484458923,0.4507744312286377,-0.028871839866042137,0.5882946252822876,0.4502160847187042,-0.020532991737127304,0.5301402807235718,0.36169546842575073,0.03489687293767929,0.5687147974967957,0.40840235352516174,4.6741482947254553e-05,0.5623373985290527,0.40892165899276733,0.0009674628963693976,0.5565611124038696,0.4073672294616699,0.0030670003034174442,0.5496293306350708,0.40125027298927307,0.008530793711543083,0.5743182301521301,0.4057824909687042,0.000662510865367949,0.560550332069397,0.3779158592224121,-0.002599505241960287,0.5676708817481995,0.37961435317993164,-0.003018565708771348,0.5538994669914246,0.37927961349487305,8.37101397337392e-05,0.5495824813842773,0.3832695186138153,0.002917973790317774,0.5447343587875366,0.4050244092941284,0.012255705893039703,0.5727920532226562,0.5136078000068665,0.006336317863315344,0.5502269864082336,0.3962847888469696,0.009248191490769386,0.5280333161354065,0.399480402469635,0.039823390543460846,0.5387686491012573,0.39693015813827515,0.018458984792232513,0.5633668303489685,0.43755999207496643,-0.0032624986488372087,0.5859882235527039,0.4671207070350647,-0.014019948430359364,0.586645781993866,0.4769253432750702,-0.010914151556789875,0.5776063203811646,0.4698927402496338,-0.009845325723290443,0.571951150894165,0.47256919741630554,-0.004527847748249769,0.5800203084945679,0.4767361879348755,-0.007970227859914303,0.5747751593589783,0.4768387973308563,-0.003152573714032769,0.5665445327758789,0.4833270013332367,0.006574135273694992,0.588467538356781,0.44620057940483093,-0.03147950395941734,0.5878556370735168,0.43772566318511963,-0.03368105739355087,0.541007399559021,0.3703414797782898,0.005389634519815445,0.5764486193656921,0.41808077692985535,-0.005374463275074959,0.575783371925354,0.4425823390483856,-0.016557326540350914,0.5755287408828735,0.43805354833602905,-0.01496451161801815,0.544345498085022,0.43577367067337036,0.00575381750240922,0.5883079171180725,0.4272952377796173,-0.03061714954674244,0.553851842880249,0.35984930396080017,-0.006215921603143215,0.5460938215255737,0.3630172312259674,-0.0006214434397406876,0.5356383919715881,0.345537006855011,0.021707264706492424,0.5807563662528992,0.3703654110431671,-0.012778125703334808,0.5738120675086975,0.38452184200286865,-0.0014809450367465615,0.5617220401763916,0.47466516494750977,0.007336433045566082,0.5376874804496765,0.4768437445163727,0.06127830967307091,0.5800409913063049,0.44749653339385986,-0.014302052557468414,0.5847267508506775,0.450231671333313,-0.014498655684292316,0.5645834803581238,0.47654616832733154,0.006854335777461529,0.5662712454795837,0.476887047290802,0.0051000239327549934,0.5430428981781006,0.3561972677707672,0.0019050657283514738,0.5755466222763062,0.44565069675445557,-0.013041160069406033,0.5649330019950867,0.3614206910133362,-0.010518210008740425,0.5640292763710022,0.3535328507423401,-0.012271296232938766,0.5599830150604248,0.32416778802871704,-0.0044417111203074455,0.5394684672355652,0.3532305657863617,0.010161375626921654,0.563143789768219,0.34039273858070374,-0.008884439244866371,0.53777015209198,0.36567485332489014,0.01033079158514738,0.5336433053016663,0.36639147996902466,0.021541787311434746,0.5861334204673767,0.47242116928100586,-0.013073809444904327,0.5787690281867981,0.4735051691532135,-0.009092754684388638,0.5732799172401428,0.4747394025325775,-0.004286550916731358,0.5813601016998291,0.4488763213157654,-0.012777881696820259,0.5654318928718567,0.4767277240753174,0.005956949200481176,0.5686665177345276,0.47982218861579895,0.002449504565447569,0.5672159790992737,0.47708043456077576,0.004964285995811224,0.5825449824333191,0.4456365704536438,-0.022693997249007225,0.5759359002113342,0.4783535301685333,-0.0021913100499659777,0.5811269283294678,0.47892487049102783,-0.005568079184740782,0.5872653722763062,0.479617178440094,-0.008293015882372856,0.5852988958358765,0.5015919208526611,-0.0017302781343460083,0.5849320888519287,0.49666130542755127,-0.007699313573539257,0.5854374766349792,0.4908532500267029,-0.008696956560015678,0.5861828327178955,0.4849647879600525,-0.007641362491995096,0.5870588421821594,0.4803326725959778,-0.006900888402014971,0.5757003426551819,0.47854459285736084,-0.0010479954071342945,0.5742005109786987,0.4805630147457123,-0.001842023804783821,0.5725201368331909,0.48331767320632935,-0.002566925249993801,0.5712065696716309,0.4863501489162445,-0.0012396657839417458,0.5680896639823914,0.46406617760658264,-0.0028824442997574806,0.5298197269439697,0.4365748167037964,0.06764508783817291,0.5933760404586792,0.4524863064289093,-0.020836032927036285,0.5718262791633606,0.47778022289276123,0.0026488821022212505,0.5702410340309143,0.47871801257133484,0.0022185491397976875,0.5863852500915527,0.4533180892467499,-0.014486647211015224,0.5773317217826843,0.45004990696907043,-0.008378876373171806,0.5856347680091858,0.45182764530181885,-0.01465025544166565,0.5695917010307312,0.4225173890590668,-0.0027190407272428274,0.5589809417724609,0.4272077977657318,-2.7017869797418825e-05,0.5744805932044983,0.44133085012435913,-0.011323779821395874,0.5450226068496704,0.332663357257843,0.007950390689074993,0.5487205386161804,0.34400200843811035,0.0001091243393602781,0.5517500638961792,0.35207995772361755,-0.00582744088023901,0.5712300539016724,0.4905396103858948,0.003542786231264472,0.5790305137634277,0.35764771699905396,-0.015771351754665375,0.578166663646698,0.340384304523468,-0.014212209731340408,0.5763917565345764,0.32036611437797546,-0.011883959174156189,0.5520125031471252,0.40502676367759705,0.006023244932293892,0.5383855700492859,0.41012856364250183,0.01619059219956398,0.5780936479568481,0.40321463346481323,0.0011513771023601294,0.5440148115158081,0.3861390948295593,0.008958595804870129,0.5808700323104858,0.41276565194129944,-0.00791844166815281,0.5790722966194153,0.4401431679725647,-0.02272389642894268,0.5320889949798584,0.4155077636241913,0.023776641115546227,0.5418304800987244,0.41628921031951904,0.010854281485080719,0.549048900604248,0.4196978807449341,0.00498721469193697,0.5604746341705322,0.4196197986602783,0.0019022116903215647,0.5692442655563354,0.4171081483364105,-0.00016756996046751738,0.5759660005569458,0.41338151693344116,-0.0022457188460975885,0.588741660118103,0.401473730802536,-0.015327862463891506,0.5324108600616455,0.43264350295066833,0.02312755212187767,0.5395650863647461,0.3829445540904999,0.011965214274823666,0.590469241142273,0.45044878125190735,-0.028423232957720757,0.5770431160926819,0.42588382959365845,-0.0078531289473176,0.5268610715866089,0.39860907196998596,0.06019565463066101,0.5809655785560608,0.4088418185710907,-0.0036776538472622633,0.5738449692726135,0.4416047930717468,-0.005321500822901726,0.5474920868873596,0.39536115527153015,0.010730794630944729,0.5790395736694336,0.43459054827690125,-0.02073412388563156,0.5328822731971741,0.45660319924354553,0.06616542488336563,0.5787366032600403,0.400191992521286,0.0022799058351665735,0.583549976348877,0.4301261007785797,-0.026790739968419075,0.5494717359542847,0.4947512447834015,0.029014579951763153,0.5513121485710144,0.5039184093475342,0.040877144783735275,0.5289669632911682,0.43510475754737854,0.04528775438666344,0.5415999293327332,0.48454761505126953,0.036275941878557205,0.5305297374725342,0.3819882869720459,0.032338693737983704,0.5727225542068481,0.520896852016449,0.010401897132396698,0.5912031531333923,0.4521462321281433,-0.020371345803141594,0.5713203549385071,0.4314426779747009,-0.005161914974451065,0.5341475009918213,0.39822933077812195,0.02475564181804657,0.557071328163147,0.4038260281085968,0.0029603741131722927,0.5622807145118713,0.4050907790660858,0.0012563505442813039,0.5673288106918335,0.4811003804206848,0.0035866836551576853,0.5336854457855225,0.4493303894996643,0.02594090811908245,0.583036482334137,0.5310603976249695,0.01210884377360344,0.5674754977226257,0.5207785367965698,0.02472103200852871,0.5603704452514648,0.5139309763908386,0.03185286745429039,0.5954269170761108,0.34098488092422485,-0.01620698720216751,0.5938249230384827,0.5326377749443054,0.009892121888697147,0.5678212642669678,0.40454646944999695,0.0007603325066156685,0.5731759071350098,0.40275344252586365,0.001378665678203106,0.5767861604690552,0.4013960659503937,0.0024344506673514843,0.5357518792152405,0.3805523216724396,0.01807418093085289,0.5728362202644348,0.3936941623687744,-0.00018514960538595915,0.5672073364257812,0.3911498785018921,-0.0009499937877990305,0.5618321299552917,0.390526682138443,-0.00039904331788420677,0.5566557049751282,0.3915325999259949,0.001580236479640007,0.5534205436706543,0.3933113217353821,0.0038042801897972822,0.5274300575256348,0.3784862160682678,0.04886241629719734,0.553841769695282,0.4016680419445038,0.005174012389034033,0.5935376882553101,0.4598076641559601,-0.014411596581339836,0.5744293928146362,0.4607324004173279,-0.007076785434037447,0.579952597618103,0.4464477598667145,-0.016622893512248993,0.5855275392532349,0.4596927762031555,-0.013444059528410435,0.5946006774902344,0.38731053471565247,-0.014339318498969078,0.5579847693443298,0.5048776268959045,0.023509547114372253,0.5653613805770874,0.5127534866333008,0.01737956516444683,0.5820946097373962,0.526623010635376,0.004294778686016798,0.5440859794616699,0.49256888031959534,0.05188946798443794,0.5769237875938416,0.39747458696365356,0.0013086379040032625,0.5846893787384033,0.4148556590080261,-0.01645423285663128,0.5935149192810059,0.528023898601532,0.0024408793542534113,0.5746573209762573,0.5267967581748962,0.017239753156900406,0.5315033793449402,0.453376442193985,0.04534050449728966,0.5808844566345215,0.4794391393661499,-0.004246528260409832,0.5794519186019897,0.48295024037361145,-0.005067680962383747,0.5781760215759277,0.4873766601085663,-0.005892976187169552,0.5772480368614197,0.492476224899292,-0.004742599558085203,0.5773284435272217,0.4969753921031952,0.000363665574695915,0.5704332590103149,0.4768376350402832,0.0013797713909298182,0.5689188241958618,0.47577694058418274,0.0014772904105484486,0.567710280418396,0.47465407848358154,0.0013652319321408868,0.5633460283279419,0.4685152769088745,0.002211742103099823,0.5400786995887756,0.45353877544403076,0.013358652591705322,0.584935188293457,0.4065362215042114,-0.011222516186535358,0.5821523666381836,0.39065858721733093,-0.0025108307600021362,0.5790903568267822,0.3929947018623352,5.432480975287035e-05,0.5719408988952637,0.4778246283531189,0.0018741587409749627,0.5416276454925537,0.4728507399559021,0.023754525929689407,0.5869728922843933,0.38895416259765625,-0.010276751592755318,0.5747227072715759,0.5052334070205688,0.0036527260672301054,0.5937477946281433,0.4173765182495117,-0.027584735304117203,0.5887603759765625,0.4106263816356659,-0.02097782865166664,0.5940049886703491,0.4089120030403137,-0.02264130860567093,0.5805546641349792,0.42762139439582825,-0.015806740149855614,0.5934350490570068,0.5209947228431702,-0.0012106237700209022,0.5934451818466187,0.5113715529441833,-0.001871403306722641,0.5836239457130432,0.5104839205741882,-0.0002991163346450776,0.5623044967651367,0.48815029859542847,0.01015208475291729,0.568540096282959,0.4477482736110687,-0.002874324331060052,0.5681855082511902,0.49774274230003357,0.007328938227146864,0.5528469681739807,0.4465850591659546,0.00024991060490719974,0.5620312690734863,0.45521101355552673,-0.0005404792027547956,0.5480979681015015,0.4590498208999634,0.006107047665864229,0.5821694731712341,0.5198001265525818,0.0007337869610637426,0.577238142490387,0.43200743198394775,-0.01118529587984085,0.5584865808486938,0.49543052911758423,0.016150018200278282,0.5658928751945496,0.50478595495224,0.012090155854821205,0.5567491054534912,0.47764021158218384,0.010087178088724613,0.5361348986625671,0.4632928669452667,0.02879241108894348,0.5497962236404419,0.48059770464897156,0.01610390841960907,0.5353517532348633,0.46995288133621216,0.043764643371105194,0.557056725025177,0.46392154693603516,0.003474104916676879,0.581042468547821,0.4203241169452667,-0.011789090931415558,0.5807427167892456,0.444109171628952,-0.023948879912495613,0.5774819850921631,0.4455026388168335,-0.017191175371408463,0.5832077860832214,0.438684344291687,-0.028207598254084587,0.5768840909004211,0.38005995750427246,-0.004492821171879768,0.5665764808654785,0.37266042828559875,-0.004939899779856205,0.5577226877212524,0.3711147904396057,-0.0037639059592038393,0.5506718158721924,0.37317895889282227,-0.0005198318976908922,0.5459158420562744,0.3779584765434265,0.0037325797602534294,0.5436821579933167,0.39607977867126465,0.013655485585331917,0.5276824235916138,0.41729089617729187,0.0429721362888813,0.5475746989250183,0.4092167615890503,0.009033665992319584,0.5533682703971863,0.4122181832790375,0.005326020065695047,0.5612989664077759,0.4134860038757324,0.0025000041350722313,0.5691694021224976,0.41224923729896545,0.0004627673770301044,0.5755223631858826,0.40929463505744934,0.00010683507571229711,0.5798470973968506,0.4062134027481079,-0.0008003259426914155,0.5280576348304749,0.41747942566871643,0.0659722089767456,0.5776571035385132,0.4472523331642151,-0.014108228497207165,0.5844417214393616,0.4223053753376007,-0.020829852670431137,0.584652304649353,0.4449225664138794,-0.02859393134713173,0.5877852439880371,0.4489811956882477,-0.026035908609628677,0.5847238898277283,0.44623613357543945,-0.025650756433606148,0.5791073441505432,0.44945430755615234,-0.0119162080809474,0.5887436866760254,0.4498426020145416,-0.027588864788413048,0.5895124673843384,0.4515291452407837,-0.02042558789253235,0.5806038975715637,0.39994820952415466,0.001337772118858993,0.5831850171089172,0.40102654695510864,-0.00216763187199831,0.5846835970878601,0.40185481309890747,-0.005953026469796896,0.5516096949577332,0.3947683274745941,0.006229009013622999,0.5471237897872925,0.3881915211677551,0.0067778113298118114,0.5987209677696228,0.41864246129989624,-0.02574312314391136,0.6378582119941711,0.4009370803833008,0.003857160685583949,0.598675549030304,0.45018789172172546,-0.020875118672847748,0.664082407951355,0.36308610439300537,0.029906537383794785,0.6208652853965759,0.4081396162509918,-0.0019863848574459553,0.6271498799324036,0.4090123176574707,-0.0014490500325337052,0.6330424547195435,0.40798309445381165,0.00024135112471412867,0.6406089663505554,0.40304428339004517,0.005191860720515251,0.6154037714004517,0.4053604304790497,-0.0009271453600376844,0.6301513314247131,0.3811170756816864,-0.0052234698086977005,0.6232055425643921,0.38218018412590027,-0.005094690714031458,0.6367072463035583,0.3825725018978119,-0.0029160096310079098,0.6408796310424805,0.38623252511024475,-0.00031836479320190847,0.6458702087402344,0.4068549573421478,0.008764006197452545,0.6147129535675049,0.514198899269104,0.004888545256108046,0.6399585604667664,0.39844658970832825,0.005976871587336063,0.6646801233291626,0.4008907079696655,0.03518344461917877,0.6528528928756714,0.3992784321308136,0.01456206850707531,0.6252987384796143,0.43812182545661926,-0.005362947471439838,0.6029914617538452,0.466902494430542,-0.014652227982878685,0.6019631624221802,0.4767342209815979,-0.011533788405358791,0.6111835837364197,0.46939748525619507,-0.011119660921394825,0.6164748668670654,0.4719342589378357,-0.006218255497515202,0.6084886193275452,0.4763660132884979,-0.009149894118309021,0.6135144233703613,0.4763079285621643,-0.004632217343896627,0.6221215724945068,0.4836457371711731,0.004499861970543861,0.5979809165000916,0.44621923565864563,-0.031743284314870834,0.5986836552619934,0.43773049116134644,-0.03401642292737961,0.6510598063468933,0.37389132380485535,0.001623301301151514,0.6125363111495972,0.41830453276634216,-0.006756982300430536,0.6117767691612244,0.4426979720592499,-0.017854951322078705,0.6122729778289795,0.4381715953350067,-0.01632939837872982,0.6449244022369385,0.4368407428264618,0.0024253511801362038,0.5987138748168945,0.42728686332702637,-0.031048215925693512,0.6367620229721069,0.36412444710731506,-0.008736073970794678,0.645288348197937,0.3670172095298767,-0.0038632985670119524,0.6585578918457031,0.3467147648334503,0.017187854275107384,0.6083848476409912,0.3738778531551361,-0.013565484434366226,0.6169822216033936,0.38617584109306335,-0.003172350814566016,0.6272428035736084,0.4749499559402466,0.004924441687762737,0.6529643535614014,0.47788798809051514,0.05683368816971779,0.6073853969573975,0.447567880153656,-0.015331283211708069,0.6026148796081543,0.450263649225235,-0.015007074922323227,0.623211145401001,0.4757853150367737,0.004725598730146885,0.6215226650238037,0.47612249851226807,0.0031965274829417467,0.6491233110427856,0.3600936830043793,-0.001566378865391016,0.6121131777763367,0.44577309489250183,-0.014306384138762951,0.6248186826705933,0.36576804518699646,-0.012277133762836456,0.6258268356323242,0.3578343093395233,-0.014075036160647869,0.6329749822616577,0.32467958331108093,-0.007068381644785404,0.6538355350494385,0.3542941212654114,0.006399188190698624,0.6286965608596802,0.3408152461051941,-0.01092046033591032,0.6549960374832153,0.3692367672920227,0.00632010493427515,0.6597747802734375,0.36775970458984375,0.01725415326654911,0.6026648879051208,0.47223421931266785,-0.013729584403336048,0.6098765134811401,0.4731055498123169,-0.010340757668018341,0.615085244178772,0.4741351008415222,-0.005895579699426889,0.6060455441474915,0.4489292502403259,-0.013551978394389153,0.6223509907722473,0.47596612572669983,0.003965204115957022,0.6189978122711182,0.479073166847229,0.0007147708674892783,0.6205905675888062,0.4763261377811432,0.0031205331906676292,0.6045413613319397,0.44566699862480164,-0.02356688678264618,0.6122609376907349,0.47783806920051575,-0.0035880091600120068,0.6072576642036438,0.4785541594028473,-0.006659673992544413,0.6012558341026306,0.4794407784938812,-0.008929302915930748,0.6019507050514221,0.5018300414085388,-0.0023012252058833838,0.6028226613998413,0.4964087903499603,-0.008356423117220402,0.6024646162986755,0.49060118198394775,-0.009409306570887566,0.6018644571304321,0.48473477363586426,-0.008339591324329376,0.6011229157447815,0.4801022410392761,-0.007562629412859678,0.6122047901153564,0.4779154062271118,-0.0024503900203853846,0.6136528253555298,0.4799182116985321,-0.0032373392023146152,0.6152119040489197,0.4826212227344513,-0.003970506135374308,0.616392195224762,0.4856279194355011,-0.0026928798761218786,0.6201537847518921,0.4644307792186737,-0.00472432654350996,0.6623485088348389,0.43799924850463867,0.06273696571588516,0.6159947514533997,0.47711023688316345,0.0009714949410408735,0.6175090074539185,0.478006511926651,0.0005258661112748086,0.60088050365448,0.45344024896621704,-0.014971320517361164,0.6104416847229004,0.4501766264438629,-0.009385840967297554,0.601665735244751,0.4519294798374176,-0.01513634528964758,0.6194254159927368,0.42292436957359314,-0.004529339727014303,0.6301372647285461,0.42792484164237976,-0.0024670467246323824,0.6134347319602966,0.44150426983833313,-0.012709343805909157,0.6487466096878052,0.33353275060653687,0.004227715078741312,0.6440877318382263,0.3447834849357605,-0.0029104507993906736,0.6391587257385254,0.35610052943229675,-0.008545245975255966,0.6168803572654724,0.4909381568431854,0.0018613747088238597,0.6103093028068542,0.3615495264530182,-0.01661744900047779,0.6130320429801941,0.3405906558036804,-0.015232229605317116,0.615933358669281,0.3205814063549042,-0.013211417943239212,0.6378348469734192,0.40628623962402344,0.0028516831807792187,0.6522471904754639,0.4117937386035919,0.012326118536293507,0.6118111610412598,0.40284308791160583,-0.00026369793340563774,0.6471602916717529,0.3887993395328522,0.005352984648197889,0.6081215739250183,0.41289272904396057,-0.009018846787512302,0.6082019209861755,0.44021737575531006,-0.023762764409184456,0.658946692943573,0.4168543815612793,0.019477657973766327,0.6480706334114075,0.4179121255874634,0.007221815176308155,0.6403255462646484,0.42093732953071594,0.0018308217404410243,0.6286818981170654,0.4202522933483124,-0.0005287154344841838,0.6199321150779724,0.41716355085372925,-0.002043394139036536,0.6132198572158813,0.4132133424282074,-0.003666127333417535,0.5999725461006165,0.40147748589515686,-0.015788283199071884,0.6578205227851868,0.43402910232543945,0.018820738419890404,0.6522506475448608,0.38601166009902954,0.008001002483069897,0.5961296558380127,0.45043277740478516,-0.02864324487745762,0.6115216612815857,0.4260750710964203,-0.009186145849525928,0.6667443513870239,0.3999408185482025,0.05510454624891281,0.6081821918487549,0.40859758853912354,-0.004769892431795597,0.6143054366111755,0.4418162405490875,-0.006670638918876648,0.6431121826171875,0.39760687947273254,0.007344606798142195,0.6085511445999146,0.4346635341644287,-0.021797096356749535,0.6585856676101685,0.4579221308231354,0.06145548075437546,0.6116601228713989,0.4000611901283264,0.0008417366188950837,0.6037295460700989,0.4301545023918152,-0.027573760598897934,0.6395320892333984,0.4956471621990204,0.025758421048521996,0.6379079818725586,0.5046216249465942,0.037506598979234695,0.6621406674385071,0.4365057051181793,0.04057904705405235,0.6477908492088318,0.4855203330516815,0.0324312187731266,0.6625497341156006,0.38337525725364685,0.027795564383268356,0.6148362159729004,0.5215100646018982,0.008836114779114723,0.5955872535705566,0.45212531089782715,-0.02051188051700592,0.6172813177108765,0.43177175521850586,-0.006816614884883165,0.6579390168190002,0.4005580544471741,0.02047853171825409,0.6322635412216187,0.40426313877105713,0.00023840491485316306,0.6271204352378845,0.4050646722316742,-0.0011805183021351695,0.6203189492225647,0.48034241795539856,0.0017432232853025198,0.6561194658279419,0.4506792724132538,0.02171994559466839,0.6046344041824341,0.5312895774841309,0.011209582909941673,0.620956301689148,0.5212946534156799,0.02241998352110386,0.628501832485199,0.5145531892776489,0.02904811128973961,0.6218337416648865,0.4042123854160309,-0.001314652501605451,0.6167265772819519,0.4022844731807709,-0.00037467401125468314,0.6134077310562134,0.4010446071624756,0.0008712625131011009,0.6567507386207581,0.38342663645744324,0.01385418325662613,0.617713212966919,0.3950880467891693,-0.0020781082566827536,0.6231986284255981,0.3936042785644531,-0.0031415310222655535,0.6283344030380249,0.39364147186279297,-0.002950225258246064,0.633275032043457,0.3946950137615204,-0.0013131805462762713,0.6364500522613525,0.3961344361305237,0.0007563355611637235,0.6665339469909668,0.37987369298934937,0.043761249631643295,0.6355721354484558,0.4026688039302826,0.0021955259144306183,0.6135201454162598,0.46095484495162964,-0.008448497392237186,0.6073765754699707,0.446532666683197,-0.01753394678235054,0.6018849611282349,0.4598480463027954,-0.014045573770999908,0.6306636333465576,0.5057716369628906,0.020844895392656326,0.6227718591690063,0.5135698914527893,0.015260126441717148,0.6050304770469666,0.5269598364830017,0.003416110062971711,0.645754873752594,0.49336567521095276,0.04783085361123085,0.6135688424110413,0.39788389205932617,-0.00033459343831054866,0.6036261320114136,0.4149353504180908,-0.01720980927348137,0.6132693290710449,0.5271688103675842,0.0155341736972332,0.6589616537094116,0.45469921827316284,0.0408288948237896,0.6071734428405762,0.4789504110813141,-0.005344208795577288,0.6085107922554016,0.4824354946613312,-0.006185036618262529,0.6096758842468262,0.48681145906448364,-0.007065505255013704,0.6104850769042969,0.491873174905777,-0.005914962850511074,0.6102669835090637,0.49727195501327515,-0.0008844886906445026,0.6176303029060364,0.4761595129966736,-0.0004223749856464565,0.619117259979248,0.47507843375205994,-0.0004523705574683845,0.6203848123550415,0.4739340841770172,-0.0006375268567353487,0.6252719759941101,0.46887433528900146,-5.3041530918562785e-05,0.6490393280982971,0.4546898603439331,0.009707450866699219,0.6039333939552307,0.4066127836704254,-0.012034967541694641,0.6078431606292725,0.39145609736442566,-0.0035240130964666605,0.6112813949584961,0.39364877343177795,-0.0013120820512995124,0.6161095499992371,0.4771890640258789,0.00019986955157946795,0.6475754976272583,0.47383642196655273,0.020108390599489212,0.6022262573242188,0.3901536762714386,-0.010830565355718136,0.612775444984436,0.5056898593902588,0.0023160818964242935,0.5993497371673584,0.4106469452381134,-0.021386921405792236,0.6074856519699097,0.427778422832489,-0.016806088387966156,0.60343998670578,0.5107539296150208,-0.0009646386606618762,0.6261840462684631,0.48871856927871704,0.00782789196819067,0.6197878122329712,0.44810524582862854,-0.004639287944883108,0.6198667287826538,0.49828845262527466,0.005486757960170507,0.6358317732810974,0.4474349915981293,-0.00240483065135777,0.6264718770980835,0.45581164956092834,-0.0027044506277889013,0.6407002806663513,0.4600209593772888,0.0030826451256871223,0.6048275232315063,0.5201646089553833,-0.00012469773355405778,0.6109786629676819,0.4321413040161133,-0.012432117946445942,0.6300991773605347,0.4962020516395569,0.013575605116784573,0.6221570372581482,0.5054816603660583,0.010108823888003826,0.631980299949646,0.47822028398513794,0.007320062257349491,0.6535332202911377,0.46447068452835083,0.024780042469501495,0.6390316486358643,0.4814167618751526,0.012998835183680058,0.654647171497345,0.4710886478424072,0.03943886235356331,0.6317095160484314,0.4646018445491791,0.0008535705273970962,0.6073996424674988,0.4204689562320709,-0.012840045616030693,0.6063490509986877,0.4441768229007721,-0.024872587993741035,0.6099317073822021,0.44562020897865295,-0.018289823085069656,0.6036844849586487,0.43871933221817017,-0.029013093560934067,0.6132205724716187,0.3823453485965729,-0.0058532762341201305,0.6237103939056396,0.3758685290813446,-0.006842355709522963,0.6326817870140076,0.37461960315704346,-0.006222337484359741,0.6399962306022644,0.3765266239643097,-0.003518776735290885,0.6450242400169373,0.3810597360134125,0.00037430538213811815,0.6474312543869019,0.39823073148727417,0.01005779579281807,0.6641836166381836,0.4187380373477936,0.038198329508304596,0.6424843668937683,0.4108406901359558,0.005699898581951857,0.6363003253936768,0.41323018074035645,0.0024025654420256615,0.6281665563583374,0.41386598348617554,7.916332833701745e-05,0.6202977299690247,0.4121234714984894,-0.001457036822102964,0.613999605178833,0.40896880626678467,-0.0013385139172896743,0.6097456812858582,0.4058366119861603,-0.0019778034184128046,0.6649406552314758,0.41886550188064575,0.060868095606565475,0.6098280549049377,0.44731563329696655,-0.015191370621323586,0.6033320426940918,0.42237722873687744,-0.021617412567138672,0.6020674109458923,0.44493812322616577,-0.029169360175728798,0.5990645289421082,0.44899865984916687,-0.0263527762144804,0.6022046804428101,0.4462758004665375,-0.026242613792419434,0.6084502339363098,0.44951310753822327,-0.012833829037845135,0.5979618430137634,0.4498322904109955,-0.027845976874232292,0.5973504185676575,0.4514866769313812,-0.020675702020525932,0.6095615029335022,0.39982807636260986,0.00014785135863348842,0.6065385937690735,0.4008646011352539,-0.0030761887319386005,0.6045006513595581,0.4018069803714752,-0.006737464107573032,0.6383907794952393,0.39729592204093933,0.003066818695515394,0.6434478163719177,0.3907914459705353,0.00339782633818686,0.5643892884254456,0.39842668175697327,0.002741603646427393,0.57068932056427,0.3987427353858948,0.002741603646427393,0.5645721554756165,0.39106160402297974,0.002741603646427393,0.5580331683158875,0.3980993926525116,0.002741603646427393,0.5642135739326477,0.40562668442726135,0.002741603646427393,0.6254760026931763,0.3982625901699066,0.00031978957122191787,0.63170325756073,0.3983103930950165,0.00031978957122191787,0.6254094839096069,0.39112192392349243,0.00031978957122191787,0.6193063855171204,0.39815664291381836,0.00031978957122191787,0.6255542635917664,0.4052794277667999,0.00031978957122191787
4566.66666666667,0.5956398844718933,0.4713917374610901,-0.014466734603047371,0.5937919616699219,0.44861501455307007,-0.03162803873419762,0.594103991985321,0.4559172987937927,-0.01600334234535694,0.5894337296485901,0.4209889769554138,-0.02517329715192318,0.59382563829422,0.43999117612838745,-0.0341111458837986,0.5940281748771667,0.42878565192222595,-0.032352447509765625,0.5947308540344238,0.40177685022354126,-0.01811269298195839,0.5523725152015686,0.402024507522583,0.006340287625789642,0.5952116847038269,0.37709084153175354,-0.015243093483150005,0.5953856706619263,0.36448755860328674,-0.017355412244796753,0.5962660908699036,0.3223721981048584,-0.015025767497718334,0.5955641269683838,0.475350558757782,-0.013548781163990498,0.5954452753067017,0.4793773591518402,-0.01157431211322546,0.5953308939933777,0.48198559880256653,-0.008879746310412884,0.5951775312423706,0.48239508271217346,-0.007361416704952717,0.5951928496360779,0.48742660880088806,-0.008078192360699177,0.5951253175735474,0.49320271611213684,-0.008966955356299877,0.5949967503547668,0.4989326298236847,-0.007651102729141712,0.594219446182251,0.5036448240280151,-0.001491332775913179,0.5938987135887146,0.45280662178993225,-0.028392985463142395,0.5889596939086914,0.45218583941459656,-0.02017097920179367,0.5306708216667175,0.36376768350601196,0.03346610441803932,0.5689817667007446,0.4107462465763092,-0.00041965555283240974,0.5626983046531677,0.4112558662891388,0.0005125378957018256,0.556976854801178,0.40970131754875183,0.002583644585683942,0.5500536561012268,0.40383028984069824,0.00791629496961832,0.5745087265968323,0.40809616446495056,0.00019772432278841734,0.5613210201263428,0.38087278604507446,-0.00318517885170877,0.5682249069213867,0.38262611627578735,-0.0035965919960290194,0.5547749400138855,0.38198933005332947,-0.0005142862792126834,0.5504535436630249,0.3857996463775635,0.0022955667227506638,0.5451281666755676,0.4074579179286957,0.011638197116553783,0.5737423300743103,0.5143684148788452,0.007320750039070845,0.5507137775421143,0.39909857511520386,0.008558481000363827,0.5285935401916504,0.4012572467327118,0.038732849061489105,0.5392507314682007,0.39956480264663696,0.017682714387774467,0.5641221404075623,0.43941715359687805,-0.0032366979867219925,0.5871719717979431,0.4692382216453552,-0.013488806784152985,0.5877575874328613,0.4788012206554413,-0.010361737571656704,0.5787928104400635,0.47172287106513977,-0.00932016409933567,0.5730810165405273,0.47409743070602417,-0.003971873316913843,0.5810846090316772,0.47840818762779236,-0.0074171992018818855,0.5757836103439331,0.4782682955265045,-0.002583199180662632,0.5674706697463989,0.48450881242752075,0.0073066530749201775,0.5891462564468384,0.4483462870121002,-0.031002013012766838,0.5885192155838013,0.4399918019771576,-0.0332389734685421,0.5417433381080627,0.37243691086769104,0.004634314216673374,0.5771032571792603,0.4201626777648926,-0.005536387208849192,0.5765738487243652,0.4445685148239136,-0.01634877175092697,0.5762864351272583,0.44006478786468506,-0.014817465096712112,0.5451439619064331,0.43754151463508606,0.0056331465020775795,0.588931679725647,0.4296369254589081,-0.03032395988702774,0.5548795461654663,0.36191266775131226,-0.006801547948271036,0.546987771987915,0.3650561273097992,-0.0012727080611512065,0.5362398624420166,0.34785476326942444,0.020330961793661118,0.5816215872764587,0.3729134202003479,-0.013232792727649212,0.5741827487945557,0.387396901845932,-0.002081844490021467,0.5626758337020874,0.4758625030517578,0.007924580946564674,0.5385435819625854,0.47768449783325195,0.060888756066560745,0.5808094143867493,0.4494223892688751,-0.014097037725150585,0.5854317545890808,0.45212605595588684,-0.014200725592672825,0.5655453205108643,0.4775809645652771,0.007446041330695152,0.5672323703765869,0.47796630859375,0.00571014080196619,0.5439434051513672,0.358195424079895,0.0011072452180087566,0.5763373374938965,0.44753193855285645,-0.012841456569731236,0.5660061240196228,0.36368638277053833,-0.011042417958378792,0.5651774406433105,0.35568609833717346,-0.012852567248046398,0.5605378150939941,0.32680436968803406,-0.0056051453575491905,0.5401648283004761,0.35553938150405884,0.009091335348784924,0.5637243986129761,0.34288761019706726,-0.009752742014825344,0.5384992361068726,0.3679962158203125,0.00942196510732174,0.5343095064163208,0.3685368299484253,0.020366467535495758,0.5872942805290222,0.4744325280189514,-0.012520442716777325,0.5799046158790588,0.47525206208229065,-0.008537815883755684,0.5743582248687744,0.4762112498283386,-0.003711319761350751,0.5820951461791992,0.4507673978805542,-0.012543193995952606,0.566400408744812,0.47778379917144775,0.00656032795086503,0.5696713328361511,0.48097628355026245,0.0031754523515701294,0.5681658983230591,0.4781864285469055,0.005584364291280508,0.5832856893539429,0.44768959283828735,-0.022378427907824516,0.5768571496009827,0.47976717352867126,-0.0016406094655394554,0.5821186900138855,0.48054736852645874,-0.005045961122959852,0.5883219838142395,0.48140013217926025,-0.007773490156978369,0.5860023498535156,0.5029350519180298,-0.000779412395786494,0.5861005783081055,0.49787217378616333,-0.006767865736037493,0.5865920782089233,0.49212440848350525,-0.007834483869373798,0.5873054265975952,0.4863492548465729,-0.0068754893727600574,0.588132381439209,0.4817791283130646,-0.006181572563946247,0.5766533613204956,0.4798376262187958,-0.00035528934677131474,0.5752062201499939,0.4818272590637207,-0.001104064635001123,0.5735867023468018,0.48455119132995605,-0.001766940695233643,0.5723032355308533,0.48758360743522644,-0.0004151699540670961,0.568927526473999,0.46556955575942993,-0.0024347275029867887,0.5304754972457886,0.43775302171707153,0.06664307415485382,0.5939974188804626,0.4544331729412079,-0.020446263253688812,0.5727318525314331,0.47900471091270447,0.0033189032692462206,0.5712054371833801,0.4799034297466278,0.0029224066529423,0.5870897769927979,0.4551602602005005,-0.014139923267066479,0.5780775547027588,0.4518231451511383,-0.008176104165613651,0.5863382816314697,0.45369645953178406,-0.014327907003462315,0.5703125596046448,0.4244905710220337,-0.0028569523710757494,0.559749960899353,0.42910486459732056,-0.00014007183199282736,0.5752447843551636,0.4432540833950043,-0.011187952943146229,0.5456362962722778,0.33516746759414673,0.00668657710775733,0.5493863821029663,0.34641262888908386,-0.0008668715017847717,0.5528483390808105,0.3540653586387634,-0.006534369196742773,0.5720738172531128,0.4917977452278137,0.004381709732115269,0.5800583362579346,0.36012518405914307,-0.01627233438193798,0.5786380767822266,0.342952162027359,-0.014998050406575203,0.5768370628356934,0.3230501711368561,-0.012959904037415981,0.5524382591247559,0.4074333906173706,0.005476805847138166,0.5387891530990601,0.41247788071632385,0.01556106936186552,0.578231155872345,0.40549129247665405,0.0006428099586628377,0.5446879863739014,0.3885205388069153,0.008240032941102982,0.5814674496650696,0.4149635434150696,-0.008091080002486706,0.579817533493042,0.4422434866428375,-0.022450659424066544,0.5328029990196228,0.4173109531402588,0.023119518533349037,0.5421886444091797,0.41838619112968445,0.010382472537457943,0.5493510365486145,0.421634316444397,0.0046490575186908245,0.5606924891471863,0.42162880301475525,0.0016433962155133486,0.5694287419319153,0.4191981256008148,-0.00043542892672121525,0.5761723518371582,0.41550275683403015,-0.0025154107715934515,0.5892508029937744,0.4038918912410736,-0.0155080147087574,0.5331391096115112,0.43429428339004517,0.022698814049363136,0.5402418375015259,0.38540416955947876,0.01116388849914074,0.5911127924919128,0.4524838924407959,-0.02795514650642872,0.5776939392089844,0.42793750762939453,-0.007914667017757893,0.5273646116256714,0.4001340866088867,0.05880338326096535,0.5812180638313293,0.4109554588794708,-0.00398539612069726,0.5745877027511597,0.44345909357070923,-0.005263164639472961,0.5480167865753174,0.3980107605457306,0.010028568096458912,0.5797517895698547,0.43671664595603943,-0.020539065822958946,0.5336216688156128,0.4576149582862854,0.06543443351984024,0.5788165926933289,0.40262556076049805,0.0016948699485510588,0.5842097997665405,0.43238091468811035,-0.026534365490078926,0.5505629181861877,0.49561935663223267,0.029353216290473938,0.5524231791496277,0.5045099854469299,0.0411263145506382,0.5295852422714233,0.4365854859352112,0.044560324400663376,0.542536735534668,0.48557576537132263,0.03633761778473854,0.5311228632926941,0.38396021723747253,0.031163087114691734,0.5737498998641968,0.5213779211044312,0.011420031078159809,0.5918455719947815,0.4540969431400299,-0.01999031752347946,0.5720296502113342,0.43337324261665344,-0.005196518264710903,0.5345531702041626,0.401075154542923,0.02388157695531845,0.5575937628746033,0.4061766564846039,0.0024029721971601248,0.5627503395080566,0.407417893409729,0.0007344820769503713,0.5683638453483582,0.4822511374950409,0.004311456810683012,0.5344265699386597,0.4508134424686432,0.025696877390146255,0.5838950276374817,0.5312431454658508,0.01319091022014618,0.5686074495315552,0.5210663080215454,0.025454698130488396,0.5615496039390564,0.5143355131149292,0.032372258603572845,0.5957736372947693,0.34355103969573975,-0.016958817839622498,0.5944713950157166,0.5327621698379517,0.011015055701136589,0.5681667923927307,0.406891405582428,0.00023972854251042008,0.5733931064605713,0.40511077642440796,0.0008393832831643522,0.576895534992218,0.40375131368637085,0.0018641982460394502,0.5364072322845459,0.38324740529060364,0.01714840531349182,0.5731142163276672,0.3971550762653351,-0.0007845681975595653,0.5676448345184326,0.39510729908943176,-0.0015400603879243135,0.5625152587890625,0.3945435881614685,-0.000994374044239521,0.5574733018875122,0.3952695429325104,0.0009711376042105258,0.5541650056838989,0.3966693878173828,0.0031675086356699467,0.5279005765914917,0.38030561804771423,0.04740801081061363,0.5543795824050903,0.40412527322769165,0.004569930024445057,0.5942103266716003,0.4615210294723511,-0.01400002557784319,0.5752293467521667,0.4623488783836365,-0.006684913299977779,0.5807311534881592,0.44842374324798584,-0.016396885737776756,0.5862523913383484,0.46141332387924194,-0.013018476776778698,0.595015823841095,0.38966503739356995,-0.014659282751381397,0.5591492652893066,0.5055637359619141,0.024125074967741966,0.5664894580841064,0.5133112072944641,0.01820715144276619,0.5829638242721558,0.5270718336105347,0.005474977660924196,0.5450664758682251,0.49329981207847595,0.05182267725467682,0.5770564675331116,0.40027493238449097,0.0007197077502496541,0.5852586030960083,0.4171806871891022,-0.01649850606918335,0.5941965579986572,0.5284025073051453,0.0036516720429062843,0.5756708979606628,0.5270225405693054,0.018182042986154556,0.5321629643440247,0.45469388365745544,0.044832296669483185,0.5819045901298523,0.48081815242767334,-0.003545487765222788,0.5805224776268005,0.484281450510025,-0.004314230289310217,0.5793102383613586,0.4886457622051239,-0.005062985699623823,0.5784257650375366,0.49371644854545593,-0.0038581276312470436,0.57808917760849,0.49829697608947754,0.0012826166348531842,0.5713948607444763,0.4780624508857727,0.0019777033012360334,0.5699425339698792,0.4770047068595886,0.0020760938059538603,0.5687798261642456,0.47590112686157227,0.0019468875834718347,0.5642452836036682,0.4698635935783386,0.002717154799029231,0.5408705472946167,0.4550776481628418,0.01337044034153223,0.5854811072349548,0.40885987877845764,-0.011415165849030018,0.5825122594833374,0.39315468072891235,-0.003062642877921462,0.5793535709381104,0.3955751061439514,-0.000527174212038517,0.5728463530540466,0.4790695011615753,0.0024584769271314144,0.5425451397895813,0.47409993410110474,0.023869169875979424,0.5874905586242676,0.3913940191268921,-0.010689579881727695,0.5755725502967834,0.5062567591667175,0.00459896307438612,0.5942642688751221,0.4197881519794464,-0.027427062392234802,0.5892998576164246,0.41304972767829895,-0.021002499386668205,0.5944823622703552,0.4113686680793762,-0.022646797820925713,0.5811956524848938,0.4297739565372467,-0.015754036605358124,0.5941169261932373,0.5216749906539917,-3.1218740332406014e-05,0.5941290855407715,0.5123831033706665,-0.0008153188973665237,0.5843837261199951,0.5115306973457336,0.0007508177659474313,0.563320517539978,0.48923057317733765,0.010859490372240543,0.5693289637565613,0.44949597120285034,-0.002728857100009918,0.5691384077072144,0.4987589716911316,0.008180352859199047,0.5536524653434753,0.4483289420604706,0.00036918590194545686,0.5628718733787537,0.45684945583343506,-0.0002650222450029105,0.5489808320999146,0.4605798125267029,0.0063104587607085705,0.5829954743385315,0.5205433964729309,0.0018824141006916761,0.5779275894165039,0.434034138917923,-0.01115036103874445,0.5595971941947937,0.4963506758213043,0.01680515706539154,0.5669408440589905,0.5055915713310242,0.012928280979394913,0.5577586889266968,0.4788301885128021,0.010624290443956852,0.5369507074356079,0.4646175801753998,0.028687918558716774,0.5508169531822205,0.48174983263015747,0.01650877669453621,0.5361246466636658,0.471129447221756,0.04350980743765831,0.5579736232757568,0.4653470516204834,0.0038571017794311047,0.5816506147384644,0.4225175380706787,-0.011845692992210388,0.5815002918243408,0.4461875557899475,-0.023633215576410294,0.5782760381698608,0.4474714696407318,-0.016944902017712593,0.5839201211929321,0.4408862888813019,-0.027834199368953705,0.5774388313293457,0.3826998472213745,-0.005073156673461199,0.5673478841781616,0.37525880336761475,-0.005503788124769926,0.5586432218551636,0.3735339641571045,-0.004322148393839598,0.5515865087509155,0.3754369914531708,-0.001101338304579258,0.5467395186424255,0.3801901340484619,0.00309662614017725,0.544171929359436,0.3986172378063202,0.012925680726766586,0.5282787680625916,0.4189254343509674,0.042060378938913345,0.5479266047477722,0.4115334153175354,0.008500144816935062,0.5536766052246094,0.4144012928009033,0.004899951163679361,0.5615390539169312,0.41570478677749634,0.00214055716060102,0.5693740248680115,0.4145228862762451,8.652870019432157e-05,0.5757032632827759,0.4115760326385498,-0.00026749868993647397,0.5800392031669617,0.4084874987602234,-0.0012068029027432203,0.5286502242088318,0.4188002645969391,0.06473767757415771,0.5784401297569275,0.4491434693336487,-0.013886818662285805,0.5850496292114258,0.4246027171611786,-0.020743396133184433,0.5853670835494995,0.4470512270927429,-0.0281818974763155,0.5884553790092468,0.45100781321525574,-0.025610273703932762,0.5854322910308838,0.4483049809932709,-0.025273876264691353,0.579849123954773,0.45128878951072693,-0.011690639890730381,0.589405357837677,0.4518764615058899,-0.027132119983434677,0.5901698470115662,0.4534866511821747,-0.02005583792924881,0.5807446837425232,0.4022626578807831,0.0007839984609745443,0.583419919013977,0.4033159613609314,-0.002625084016472101,0.5850038528442383,0.4040229320526123,-0.006295919883996248,0.552222490310669,0.39785006642341614,0.005567118991166353,0.5478314161300659,0.3906939923763275,0.00610950356349349,0.5991560816764832,0.4209941029548645,-0.02560555748641491,0.6381957530975342,0.4033597409725189,0.0032739860471338034,0.5992510318756104,0.4521312117576599,-0.02050522342324257,0.6641021370887756,0.36471253633499146,0.0285711120814085,0.6211543679237366,0.4106573760509491,-0.002419671742245555,0.62736976146698,0.41142624616622925,-0.001865576719865203,0.6332222819328308,0.41030436754226685,-0.0001910965220304206,0.6408767700195312,0.4052177965641022,0.004638586193323135,0.6158121228218079,0.40804022550582886,-0.0013715976383537054,0.630436897277832,0.38382336497306824,-0.005755316466093063,0.6236212849617004,0.3850410282611847,-0.0056332251988351345,0.63690584897995,0.3851090371608734,-0.0034440162125974894,0.6410584449768066,0.3886648714542389,-0.0008669290691614151,0.645872950553894,0.4087601900100708,0.008199570700526237,0.6150554418563843,0.5147204995155334,0.005855728406459093,0.6403040885925293,0.40084463357925415,0.005352952517569065,0.6647864580154419,0.40219685435295105,0.03419066220521927,0.6527430415153503,0.40114903450012207,0.013856339268386364,0.6255597472190857,0.43969714641571045,-0.005349684972316027,0.6040976643562317,0.4689955413341522,-0.01411536056548357,0.6030546426773071,0.4786442816257477,-0.010982911102473736,0.6121432781219482,0.471188485622406,-0.010578188113868237,0.6173387765884399,0.4734917879104614,-0.005647263489663601,0.6094874143600464,0.47810864448547363,-0.008593913167715073,0.614441990852356,0.4778679609298706,-0.004062920343130827,0.6226310729980469,0.48446011543273926,0.005225606728345156,0.5985243320465088,0.44833904504776,-0.03125879913568497,0.5991874933242798,0.4399506747722626,-0.033566247671842575,0.6509711146354675,0.3761321008205414,0.0009414159576408565,0.6127833127975464,0.4202463626861572,-0.006899137981235981,0.6121423244476318,0.44447213411331177,-0.017613485455513,0.6126199960708618,0.4399649500846863,-0.016148800030350685,0.6450395584106445,0.4381817579269409,0.0022950174752622843,0.5991953611373901,0.4295838475227356,-0.03074522688984871,0.6368818879127502,0.3662983477115631,-0.009302746504545212,0.6452840566635132,0.3692561388015747,-0.004474319983273745,0.6584471464157104,0.34865283966064453,0.015907032415270805,0.6087592840194702,0.3761847913265228,-0.014027101919054985,0.6175047755241394,0.38912898302078247,-0.0037344687152653933,0.6277093291282654,0.475724458694458,0.005489117931574583,0.653269350528717,0.4782712757587433,0.05647377669811249,0.607833206653595,0.4493306279182434,-0.015098892152309418,0.6031497120857239,0.45204076170921326,-0.014697892591357231,0.6240343451499939,0.4771007001399994,0.0053105284459888935,0.6223715543746948,0.4774719774723053,0.0038070441223680973,0.6491109132766724,0.36237403750419617,-0.0022985669784247875,0.6125144362449646,0.44741716980934143,-0.014080403372645378,0.6250919103622437,0.3679237961769104,-0.012783877551555634,0.6260887384414673,0.3599660396575928,-0.014626936987042427,0.6329519152641296,0.3271368145942688,-0.008167920634150505,0.6536161303520203,0.35633108019828796,0.005414250306785107,0.6286672353744507,0.34322643280029297,-0.011740069836378098,0.6548416018486023,0.3714708089828491,0.005497165024280548,0.6596488952636719,0.3695436716079712,0.016176531091332436,0.6037676334381104,0.4742523431777954,-0.01317274197936058,0.6108502149581909,0.47487640380859375,-0.009777567349374294,0.6159814596176147,0.475693941116333,-0.00531065883114934,0.6065357327461243,0.4506605267524719,-0.013299437239766121,0.6231894493103027,0.4772992730140686,0.004566194489598274,0.6198806762695312,0.4804736077785492,0.0014551510103046894,0.6214539408683777,0.47769030928611755,0.0037419090513139963,0.6049981117248535,0.44763317704200745,-0.023228637874126434,0.6132299900054932,0.4794066250324249,-0.003031171625480056,0.6082807779312134,0.4802735447883606,-0.006128838285803795,0.6023392081260681,0.48126354813575745,-0.008406275883316994,0.6026071310043335,0.503078818321228,-0.0013622440164908767,0.6038394570350647,0.49763840436935425,-0.007421019487082958,0.6035071015357971,0.49188852310180664,-0.008539937436580658,0.6029280424118042,0.48614633083343506,-0.007566528394818306,0.6021891832351685,0.48158952593803406,-0.006841504015028477,0.6131539344787598,0.47938087582588196,-0.0017466942081227899,0.6145928502082825,0.4813550114631653,-0.002482382580637932,0.6161190271377563,0.48403072357177734,-0.0031577791087329388,0.6172714233398438,0.48703208565711975,-0.0018571190303191543,0.6206641793251038,0.46560564637184143,-0.004258432425558567,0.6626023054122925,0.4387222230434418,0.06180237978696823,0.6169224381446838,0.4785439372062683,0.0016494081355631351,0.618419885635376,0.4794233739376068,0.0012429680209606886,0.6014535427093506,0.45517998933792114,-0.014619963243603706,0.6109207272529602,0.45171549916267395,-0.009168924763798714,0.602221667766571,0.4536900520324707,-0.014806064777076244,0.6196227669715881,0.42469263076782227,-0.004664899781346321,0.6302799582481384,0.4295263886451721,-0.0025978260673582554,0.6138024926185608,0.44318604469299316,-0.012547648511826992,0.6486161947250366,0.33575060963630676,0.0030451840721070766,0.643893301486969,0.34703224897384644,-0.0038158223032951355,0.6392847299575806,0.35831040143966675,-0.009211708791553974,0.6174378395080566,0.49191179871559143,0.002704768441617489,0.6106464266777039,0.3637843728065491,-0.017121190205216408,0.6131882667541504,0.34311240911483765,-0.01599222794175148,0.6160709857940674,0.32317453622817993,-0.014251098036766052,0.6380663514137268,0.40851014852523804,0.0023661418817937374,0.6520519256591797,0.41327720880508423,0.011759554967284203,0.6123344302177429,0.4056466817855835,-0.0007483165245503187,0.6472302675247192,0.3910563290119171,0.004706342238932848,0.6083981990814209,0.4150000214576721,-0.009175512939691544,0.6085768938064575,0.44217997789382935,-0.0234612338244915,0.6589708924293518,0.418195515871048,0.018885377794504166,0.647875189781189,0.4193570911884308,0.0068071517162024975,0.640211284160614,0.4224749505519867,0.0015265817055478692,0.6287586092948914,0.42212560772895813,-0.0007805908680893481,0.6201240420341492,0.4193405508995056,-0.0023016436025500298,0.6134949326515198,0.41563302278518677,-0.00391840934753418,0.6003286242485046,0.40387120842933655,-0.01596701517701149,0.6579398512840271,0.4351778030395508,0.01843961328268051,0.6521474123001099,0.3881329894065857,0.007290532812476158,0.5967112183570862,0.4524573087692261,-0.028166892006993294,0.611842155456543,0.4279680848121643,-0.009222562424838543,0.6669272780418396,0.4010002613067627,0.053794290870428085,0.6085377335548401,0.41120797395706177,-0.005063934251666069,0.6147014498710632,0.44341835379600525,-0.006599247921258211,0.6433794498443604,0.39986830949783325,0.006704058963805437,0.608918309211731,0.4366382360458374,-0.021575013175606728,0.6588973999023438,0.458476185798645,0.06078459322452545,0.6123152375221252,0.40301355719566345,0.0002830428129527718,0.6041355729103088,0.43232259154319763,-0.027299197390675545,0.6396751999855042,0.49606853723526,0.026108885183930397,0.638058602809906,0.5048124194145203,0.03777353838086128,0.662386417388916,0.4374904930591583,0.03992215543985367,0.6480217576026917,0.48605963587760925,0.032514672726392746,0.6625767350196838,0.3849177062511444,0.026719652116298676,0.6150925755500793,0.5217486023902893,0.009841491468250751,0.5961871147155762,0.4540628492832184,-0.02012941986322403,0.6175767183303833,0.43348240852355957,-0.006839815992861986,0.6577503085136414,0.40215975046157837,0.01969001814723015,0.6325247287750244,0.4067877233028412,-0.00026970417820848525,0.6273687481880188,0.40762102603912354,-0.0016609261510893703,0.6211702823638916,0.4817391633987427,0.002479177201166749,0.6563403010368347,0.45166152715682983,0.02150329016149044,0.6050384044647217,0.5313354730606079,0.012272495776414871,0.6210769414901733,0.5213009119033813,0.023152122274041176,0.6285994052886963,0.514621376991272,0.029578275978565216,0.6221646070480347,0.4068349003791809,-0.0018028656486421824,0.6171849370002747,0.405039519071579,-0.0008928254246711731,0.6139906048774719,0.40390071272850037,0.00032357496093027294,0.6565923690795898,0.38545262813568115,0.013022656552493572,0.6183407306671143,0.3982829749584198,-0.0026370238047093153,0.6237328052520752,0.3967568874359131,-0.0036891410127282143,0.6287345290184021,0.3966234624385834,-0.003488259157165885,0.6335774660110474,0.3974328339099884,-0.001860163640230894,0.6367560625076294,0.3987007141113281,0.00018161843763664365,0.6666736006736755,0.3812202513217926,0.042389657348394394,0.6358698606491089,0.4051445424556732,0.0016442041378468275,0.6140528321266174,0.462311714887619,-0.008039573207497597,0.6078045964241028,0.44835931062698364,-0.01728457771241665,0.6024933457374573,0.4614630341529846,-0.013615192845463753,0.6307663917541504,0.5060722827911377,0.021462634205818176,0.6229227781295776,0.5138083696365356,0.016088878735899925,0.6054702997207642,0.5272692441940308,0.004572607111185789,0.6459896564483643,0.4936542510986328,0.04779257997870445,0.6142318844795227,0.4009571075439453,-0.0008912808261811733,0.6039699912071228,0.41719308495521545,-0.017235135659575462,0.6134957671165466,0.5271742343902588,0.01645757257938385,0.6592896580696106,0.4555157423019409,0.04038354009389877,0.6081721782684326,0.4804394841194153,-0.004637164529412985,0.6094930768013,0.48386621475219727,-0.0054154060781002045,0.6106240153312683,0.4881744682788849,-0.006222592666745186,0.6113991737365723,0.49320146441459656,-0.005018344148993492,0.6108817458152771,0.4983978271484375,3.632688822108321e-05,0.6185203194618225,0.47758179903030396,0.00017850699077825993,0.6199747920036316,0.4764876365661621,0.00015140246250666678,0.6212084293365479,0.47533535957336426,-5.190589581616223e-05,0.6257627606391907,0.46982502937316895,0.0004510752623900771,0.6492646932601929,0.4557613432407379,0.009707976132631302,0.6042472720146179,0.4088863134384155,-0.01221967488527298,0.6083380579948425,0.394220769405365,-0.004035525489598513,0.6118638515472412,0.3965674042701721,-0.001861355034634471,0.6170219779014587,0.47864091396331787,0.0007881407509557903,0.6477974057197571,0.4746062159538269,0.020223500207066536,0.6025927662849426,0.39284607768058777,-0.0112252002581954,0.6132547855377197,0.5064935684204102,0.0032511285971850157,0.5997430682182312,0.41303691267967224,-0.021403538063168526,0.6078445315361023,0.4298054873943329,-0.01672947034239769,0.6040124893188477,0.5116845369338989,6.896423292346299e-05,0.6265093088150024,0.4894222617149353,0.008518503047525883,0.6201638579368591,0.44955718517303467,-0.004487250931560993,0.6202593445777893,0.4989969730377197,0.006328376475721598,0.6360628008842468,0.4488138258457184,-0.0023213489912450314,0.626822292804718,0.45711198449134827,-0.0024352034088224173,0.6409286856651306,0.46112677454948425,0.0032491148449480534,0.6053142547607422,0.520773708820343,0.0010000282200053334,0.6113304495811462,0.43398571014404297,-0.012370186857879162,0.6302666664123535,0.49673640727996826,0.014219815842807293,0.6224147081375122,0.5059678554534912,0.010936044156551361,0.6322776079177856,0.47898200154304504,0.00782687496393919,0.6537727117538452,0.46529531478881836,0.02469218336045742,0.6392335295677185,0.4821230471134186,0.013387991115450859,0.6549527645111084,0.47175613045692444,0.039233654737472534,0.6320536136627197,0.46561920642852783,0.0012120171450078487,0.6077301502227783,0.42255163192749023,-0.012871846556663513,0.606770932674408,0.4461424648761749,-0.024533571675419807,0.61032634973526,0.4474012851715088,-0.018015863373875618,0.6041167974472046,0.44083499908447266,-0.02861780673265457,0.613703191280365,0.38501542806625366,-0.006383655592799187,0.6240406036376953,0.37841081619262695,-0.007370187435299158,0.6328647136688232,0.37703293561935425,-0.0067556630820035934,0.6401002407073975,0.3788894712924957,-0.0040555913001298904,0.6451097130775452,0.38337966799736023,-0.00020214995311107486,0.6475244760513306,0.400350958108902,0.009395319037139416,0.6643335223197937,0.41989052295684814,0.0373726561665535,0.6425043344497681,0.4127297103404999,0.005217120051383972,0.636326789855957,0.41520780324935913,0.0020161462016403675,0.6282917261123657,0.4160260260105133,-0.0002509967889636755,0.6205383539199829,0.41448935866355896,-0.0018125035567209125,0.6143425107002258,0.4115273952484131,-0.0016948748379945755,0.610171377658844,0.4085252285003662,-0.0023657032288610935,0.6651389002799988,0.4197261929512024,0.05970453843474388,0.6102538704872131,0.449008971452713,-0.014945637434720993,0.6037160158157349,0.42459866404533386,-0.021509891375899315,0.6025488972663879,0.4470132291316986,-0.028742313385009766,0.5996203422546387,0.45100608468055725,-0.025919822975993156,0.6027035117149353,0.448300838470459,-0.025850946083664894,0.60893315076828,0.4511488080024719,-0.012589719146490097,0.5985230803489685,0.4518510699272156,-0.027382874861359596,0.5979354381561279,0.453422486782074,-0.020298728719353676,0.6101551651954651,0.4027114510536194,-0.00038049824070185423,0.6070342659950256,0.40363961458206177,-0.0035150086041539907,0.6049019694328308,0.4045436680316925,-0.0070710014551877975,0.6387214064598083,0.3997603952884674,0.002465719124302268,0.6436378955841064,0.39313066005706787,0.002801300259307027,0.5646450519561768,0.4014776349067688,0.002146925078704953,0.5708587169647217,0.4017765522003174,0.002146925078704953,0.5648515224456787,0.3941180408000946,0.002146925078704953,0.5583948493003845,0.40112584829330444,0.002146925078704953,0.5644360780715942,0.40864694118499756,0.002146925078704953,0.6261271834373474,0.40194088220596313,-0.0002291932178195566,0.6322349309921265,0.4018649756908417,-0.0002291932178195566,0.6260321140289307,0.39476102590560913,-0.0002291932178195566,0.6200858354568481,0.4019751250743866,-0.0002291932178195566,0.6262379288673401,0.4089905619621277,-0.0002291932178195566
4600.000000000003,0.5965032577514648,0.4739410877227783,-0.013761790469288826,0.5948749780654907,0.450984388589859,-0.03127548098564148,0.5952167510986328,0.45808249711990356,-0.015587485395371914,0.5904160737991333,0.4238353669643402,-0.025317763909697533,0.5948526263237,0.44251182675361633,-0.033853791654109955,0.594992458820343,0.4314801096916199,-0.032290101051330566,0.595571756362915,0.4049057364463806,-0.01874217391014099,0.5544612407684326,0.40590721368789673,0.005518659017980099,0.5959495902061462,0.3808668255805969,-0.016361135989427567,0.5960769653320312,0.3685012459754944,-0.01868494041264057,0.5967785716056824,0.3268325924873352,-0.017184030264616013,0.5964826941490173,0.47767966985702515,-0.012811298482120037,0.5964187383651733,0.48148414492607117,-0.01082280371338129,0.5963493585586548,0.4839261472225189,-0.008116683922708035,0.596303403377533,0.48607632517814636,-0.0061321198008954525,0.5963398218154907,0.4907253086566925,-0.006758012343198061,0.5963117480278015,0.4960881471633911,-0.007501400541514158,0.5962330102920532,0.5014562010765076,-0.005990680772811174,0.5954571962356567,0.506434977054596,0.000362405990017578,0.5950037240982056,0.4550749659538269,-0.028013909235596657,0.5901513695716858,0.4544628858566284,-0.019829362630844116,0.5316176414489746,0.36807069182395935,0.0315781831741333,0.5704196095466614,0.4138374626636505,-0.0010714493691921234,0.5643848180770874,0.4143713712692261,-0.0001238117547472939,0.5588069558143616,0.41294336318969727,0.0019244838040322065,0.551837146282196,0.4078136682510376,0.007147527765482664,0.5757102966308594,0.41115424036979675,-0.0005228844238445163,0.5631729960441589,0.38539358973503113,-0.004130170680582523,0.5697063207626343,0.386913001537323,-0.00456192996352911,0.5569213032722473,0.38652926683425903,-0.001445478294044733,0.5527023673057556,0.3902732729911804,0.00138870591763407,0.5466837286949158,0.4113066792488098,0.010902226902544498,0.5753166079521179,0.5165013670921326,0.009310652501881123,0.5527395009994507,0.4035022258758545,0.007674966938793659,0.5298641920089722,0.4048370122909546,0.03768128529191017,0.5405226945877075,0.40407365560531616,0.0167711041867733,0.565554141998291,0.4420877993106842,-0.0031231879256665707,0.5882393717765808,0.47208330035209656,-0.012794637121260166,0.5888915657997131,0.48109906911849976,-0.009612198919057846,0.5801993608474731,0.47472432255744934,-0.008573071099817753,0.5747069120407104,0.477161705493927,-0.0031169471330940723,0.5824426412582397,0.48098254203796387,-0.0066354661248624325,0.5773364901542664,0.4810968041419983,-0.0017161760479211807,0.568828284740448,0.48670074343681335,0.008654345758259296,0.5902830362319946,0.450726181268692,-0.03064848482608795,0.5896092057228088,0.4425327479839325,-0.032977741211652756,0.5436723828315735,0.3773998022079468,0.003429776057600975,0.5783384442329407,0.42306485772132874,-0.0058552175760269165,0.5779159069061279,0.44700321555137634,-0.016136376187205315,0.5776083469390869,0.4425773024559021,-0.014675912447273731,0.5468040704727173,0.4403749108314514,0.005605559330433607,0.5899629592895508,0.43233636021614075,-0.030259132385253906,0.5571101903915405,0.36660152673721313,-0.008062630891799927,0.5491529703140259,0.3699437379837036,-0.002558520995080471,0.5371556878089905,0.35241883993148804,0.01830197125673294,0.5830976366996765,0.37714120745658875,-0.014383182860910892,0.5753579139709473,0.3913039267063141,-0.003036248730495572,0.5640529990196228,0.47794973850250244,0.009032748639583588,0.5404696464538574,0.479879766702652,0.06117703765630722,0.5821211934089661,0.4517591893672943,-0.013845277018845081,0.5866631269454956,0.45439091324806213,-0.013881529681384563,0.567559540271759,0.4807182252407074,0.008534891530871391,0.5691882371902466,0.48111817240715027,0.006802203133702278,0.5459798574447632,0.3633151948451996,-0.0003121159679722041,0.5776906609535217,0.44987618923187256,-0.01259283721446991,0.5681027173995972,0.3681904375553131,-0.01225697249174118,0.5673089623451233,0.360226571559906,-0.014178129844367504,0.5613629221916199,0.33145344257354736,-0.007705694530159235,0.541237473487854,0.3600728511810303,0.007426752708852291,0.5646885633468628,0.34733444452285767,-0.011463849805295467,0.5402550101280212,0.37332162261009216,0.008078906685113907,0.5354008078575134,0.37285444140434265,0.01880612224340439,0.5884025692939758,0.4769746661186218,-0.011788930743932724,0.5812799334526062,0.47801685333251953,-0.007757815532386303,0.5759403109550476,0.47915372252464294,-0.002843545051291585,0.5833742618560791,0.45306095480918884,-0.012279087677598,0.5683807134628296,0.4809270203113556,0.007644459139555693,0.5715996623039246,0.484260618686676,0.004446789622306824,0.5700682997703552,0.4813395142555237,0.00668316287919879,0.5845504999160767,0.4500625431537628,-0.022109849378466606,0.5784196257591248,0.4824748933315277,-0.0007665426237508655,0.583476722240448,0.4829619526863098,-0.0042533911764621735,0.5894694924354553,0.48351672291755676,-0.007011995185166597,0.5872372984886169,0.5056816339492798,0.0010559640359133482,0.5875189304351807,0.5004550218582153,-0.00513749523088336,0.5879406332969666,0.4950930178165436,-0.006371407303959131,0.5885928869247437,0.4897574484348297,-0.0055715423077344894,0.5893802642822266,0.48556244373321533,-0.004971551243215799,0.5783103108406067,0.4835934042930603,0.000843483954668045,0.5769290924072266,0.4853244423866272,0.00018193235155194998,0.5753791928291321,0.4878074526786804,-0.0003639838541857898,0.5741764903068542,0.49061018228530884,0.0010524969547986984,0.5702455043792725,0.4677717685699463,-0.0017030284507200122,0.5320917963981628,0.440692275762558,0.06603270769119263,0.5951079726219177,0.45665234327316284,-0.020076509565114975,0.5745447278022766,0.48259252309799194,0.0044919578358531,0.5730720162391663,0.4833242893218994,0.004159841220825911,0.5882795453071594,0.457364022731781,-0.013710579834878445,0.5793870687484741,0.4540571868419647,-0.007850972935557365,0.5875504016876221,0.4559236764907837,-0.013970066793262959,0.5716632604598999,0.4273442029953003,-0.0030931595247238874,0.5612136721611023,0.4319673180580139,-0.0003154912556055933,0.5765869617462158,0.4456961750984192,-0.01100638322532177,0.5465386509895325,0.33984196186065674,0.0045955246314406395,0.5504286885261536,0.3509974777698517,-0.002565801842138171,0.5550811290740967,0.3588770925998688,-0.007927068509161472,0.5733902454376221,0.49420514702796936,0.005942634306848049,0.5816611647605896,0.3644449710845947,-0.017575394362211227,0.5794418454170227,0.3472394049167633,-0.01670859009027481,0.5775226354598999,0.3276210427284241,-0.015069390647113323,0.5542869567871094,0.4109869599342346,0.004767370410263538,0.5402097702026367,0.4162919521331787,0.014905746094882488,0.5792499780654907,0.408479243516922,-0.00014328760153148323,0.5465564131736755,0.3930698335170746,0.007266832981258631,0.582601010799408,0.41794881224632263,-0.008491146378219128,0.5810935497283936,0.44472572207450867,-0.022242343053221703,0.5343640446662903,0.42055705189704895,0.02254188247025013,0.5438888072967529,0.4216914772987366,0.009914753027260303,0.5511463284492493,0.4245604872703552,0.004300122614949942,0.5622720122337341,0.42452800273895264,0.001284105353988707,0.5708082318305969,0.4221540093421936,-0.0008384943939745426,0.5774166584014893,0.4184296131134033,-0.0029900323133915663,0.5901693105697632,0.40700817108154297,-0.01611916907131672,0.5348594188690186,0.4372241199016571,0.0224811602383852,0.541877031326294,0.39022254943847656,0.010098153725266457,0.5922559499740601,0.45477086305618286,-0.0275714248418808,0.5789315104484558,0.43069401383399963,-0.008037876337766647,0.5285699367523193,0.4037069082260132,0.05743508040904999,0.582368791103363,0.4138268828392029,-0.004564865957945585,0.575933039188385,0.4458833932876587,-0.005091909319162369,0.549871563911438,0.40239888429641724,0.009141241200268269,0.5810015201568604,0.4392913579940796,-0.020426923409104347,0.535388708114624,0.46018972992897034,0.06523182988166809,0.5796915888786316,0.4058071970939636,0.0008168412023223937,0.5853399038314819,0.4350421130657196,-0.02644272707402706,0.5525237321853638,0.497560977935791,0.030599961057305336,0.5544484853744507,0.5062110424041748,0.04229571297764778,0.5312288999557495,0.439526230096817,0.044194336980581284,0.5445265769958496,0.4876890182495117,0.03721201792359352,0.5322686433792114,0.38791167736053467,0.02980917878448963,0.5754098892211914,0.523347795009613,0.013542470522224903,0.5929871797561646,0.4563312530517578,-0.01962236873805523,0.573371171951294,0.43605566024780273,-0.005222830921411514,0.5354738235473633,0.4057628810405731,0.02293824963271618,0.5596605539321899,0.40935370326042175,0.0016569162253290415,0.5646082162857056,0.4104463756084442,1.5436431795023964e-06,0.5703495144844055,0.4854238033294678,0.005598561838269234,0.5362563729286194,0.4534968137741089,0.025821054354310036,0.5854379534721375,0.5331547856330872,0.015432990156114101,0.5704308152198792,0.5226941704750061,0.027246609330177307,0.5634824633598328,0.515920102596283,0.03388437256217003,0.5963616371154785,0.3477345108985901,-0.018708067014813423,0.5958913564682007,0.5347094535827637,0.013317536562681198,0.5697271823883057,0.4099375009536743,-0.0005273485439829528,0.5746473670005798,0.40820008516311646,2.268247953907121e-05,0.5778878927230835,0.40684258937835693,0.0009973559062927961,0.5377092361450195,0.3883778154850006,0.015980975702404976,0.5743707418441772,0.4014536440372467,-0.0016960111679509282,0.5691871047019958,0.4001064598560333,-0.002474824897944927,0.5644370913505554,0.3998258709907532,-0.001913669751957059,0.5596584677696228,0.4005047678947449,7.387325604213402e-05,0.556368350982666,0.4016243815422058,0.0022876947186887264,0.5289246439933777,0.38426652550697327,0.04571499675512314,0.5565143823623657,0.40761899948120117,0.0037828830536454916,0.5953206419944763,0.46370750665664673,-0.013478430919349194,0.5765162110328674,0.46454712748527527,-0.0060811773873865604,0.5820462703704834,0.4507905840873718,-0.01617291569709778,0.5874183773994446,0.46363386511802673,-0.012454629875719547,0.5958099961280823,0.3930714726448059,-0.015548932366073132,0.5610281825065613,0.5073983669281006,0.02572869509458542,0.5682677030563354,0.5151628255844116,0.020093277096748352,0.5844905972480774,0.5291513800621033,0.007780298124998808,0.5470889806747437,0.49520811438560486,0.052544087171554565,0.5780553221702576,0.4038279056549072,-0.00018207200628239661,0.5863086581230164,0.4201187789440155,-0.016791364178061485,0.5956014394760132,0.5305595397949219,0.005997310858219862,0.5773535966873169,0.5287927985191345,0.02023467980325222,0.5339353084564209,0.45733970403671265,0.04485154151916504,0.5833552479743958,0.48464563488960266,-0.002348453737795353,0.5820360779762268,0.48775699734687805,-0.0030131309758871794,0.5808879733085632,0.4917728006839752,-0.0036175099667161703,0.5800837874412537,0.4964843690395355,-0.0022928148973733187,0.5793479681015015,0.5008994340896606,0.0029949171002954245,0.5731374025344849,0.4810931086540222,0.002935463562607765,0.5717297196388245,0.4800834357738495,0.003043660195544362,0.5706127285957336,0.47902804613113403,0.002905725035816431,0.5656081438064575,0.4720193147659302,0.0036043354775756598,0.5426605343818665,0.45769360661506653,0.013683951459825039,0.5864987373352051,0.4119228422641754,-0.01193780917674303,0.583476722240448,0.3965727686882019,-0.003996897954493761,0.5803313851356506,0.3989778757095337,-0.0014685061760246754,0.5745075941085815,0.48201775550842285,0.0034322214778512716,0.5444402098655701,0.4764291048049927,0.024581413716077805,0.5884692072868347,0.39478111267089844,-0.011566000990569592,0.577015221118927,0.5085762739181519,0.006467035505920649,0.5951833128929138,0.4226256012916565,-0.027587834745645523,0.5902541875839233,0.41602420806884766,-0.021377667784690857,0.5953626036643982,0.4143434166908264,-0.023043552413582802,0.5823827981948853,0.43248826265335083,-0.015818199142813683,0.5954874753952026,0.524016797542572,0.002196790650486946,0.5954439043998718,0.5149442553520203,0.0012217349139973521,0.5857481956481934,0.5140094757080078,0.0027845650911331177,0.5648674964904785,0.49133428931236267,0.012255430221557617,0.5707303285598755,0.4518987238407135,-0.0024130765814334154,0.5706495046615601,0.5009279847145081,0.009861273691058159,0.5552330613136292,0.4509773850440979,0.0006985721411183476,0.5643280744552612,0.45925119519233704,0.00027602288173511624,0.5507041811943054,0.4630683660507202,0.006892144214361906,0.5844632983207703,0.5227946043014526,0.004071082454174757,0.5791971683502197,0.43665868043899536,-0.01114843413233757,0.5613505244255066,0.4983694553375244,0.018283169716596603,0.5686010122299194,0.5076321959495544,0.014711463823914528,0.5593369603157043,0.48096561431884766,0.011723446659743786,0.5388497710227966,0.4670838415622711,0.029103709384799004,0.5526102185249329,0.4839387834072113,0.01755499467253685,0.5380321741104126,0.47349053621292114,0.04393573850393295,0.5594866275787354,0.4676363170146942,0.004595463164150715,0.5828014016151428,0.42537033557891846,-0.01205168105661869,0.5827775001525879,0.4486004114151001,-0.023379048332571983,0.5796138644218445,0.4498582184314728,-0.01669047214090824,0.5851056575775146,0.4433983862400055,-0.02761027403175831,0.5787107348442078,0.3866027593612671,-0.006088449154049158,0.5690687894821167,0.3795132040977478,-0.006570715457201004,0.5607063174247742,0.3779258131980896,-0.00539119727909565,0.5537900328636169,0.3799230456352234,-0.0021457804832607508,0.5488744974136353,0.38474327325820923,0.0020767846144735813,0.5457404255867004,0.40302300453186035,0.012020007707178593,0.5297660231590271,0.4221782088279724,0.041362661868333817,0.5496141314506531,0.4150828719139099,0.007881922647356987,0.5553638935089111,0.41757893562316895,0.004350943025201559,0.5630946159362793,0.418792724609375,0.0016312870429828763,0.5707294940948486,0.41761013865470886,-0.00043035601265728474,0.5768813490867615,0.41462600231170654,-0.0008787058177404106,0.5810826420783997,0.41148728132247925,-0.001865985570475459,0.530085027217865,0.4220561683177948,0.06371820718050003,0.5797728300094604,0.4514724016189575,-0.013628827407956123,0.5861285328865051,0.4274068772792816,-0.020851152017712593,0.5865687131881714,0.44944676756858826,-0.02786904387176037,0.5896493196487427,0.45332005620002747,-0.02525765635073185,0.5866561532020569,0.4506652057170868,-0.0249702800065279,0.5811453461647034,0.4535526633262634,-0.01139847096055746,0.5905762910842896,0.4541781544685364,-0.02675405703485012,0.5913413166999817,0.455737829208374,-0.019702235236763954,0.581636905670166,0.4053056538105011,-7.608227315358818e-05,0.5843450427055359,0.40635350346565247,-0.003404144896194339,0.5860345959663391,0.4069594442844391,-0.007008467800915241,0.5543493032455444,0.40255141258239746,0.004682085011154413,0.549898624420166,0.39516308903694153,0.005212133750319481,0.6000450849533081,0.423787921667099,-0.025782456621527672,0.6386899352073669,0.40679436922073364,0.0022199773229658604,0.6002757549285889,0.4543658196926117,-0.020182253792881966,0.6645516753196716,0.36820071935653687,0.026471950113773346,0.6213657259941101,0.41399911046028137,-0.003216321114450693,0.6276076436042786,0.4147815406322479,-0.0026754545979201794,0.6334680318832397,0.4136304259300232,-0.001049089478328824,0.6413813829421997,0.4083491265773773,0.003633892862126231,0.616026759147644,0.4114502966403961,-0.002215663669630885,0.630740225315094,0.3872196078300476,-0.006877196952700615,0.6239796280860901,0.38861000537872314,-0.006741725839674473,0.6371884942054749,0.3883155584335327,-0.00458013080060482,0.6413912177085876,0.39177238941192627,-0.0020050108432769775,0.6461704969406128,0.4116958975791931,0.007203984539955854,0.6162838935852051,0.5166630744934082,0.007763939443975687,0.6408610939979553,0.40417423844337463,0.004227806348353624,0.665357232093811,0.4050056040287018,0.03276260197162628,0.6531808972358704,0.4041038155555725,0.012645041570067406,0.6263962984085083,0.4420592784881592,-0.005343358963727951,0.6048383116722107,0.471652090549469,-0.013417352922260761,0.6039797067642212,0.48075297474861145,-0.010220298543572426,0.6128719449043274,0.4738030433654785,-0.009850653819739819,0.6181395649909973,0.47597911953926086,-0.004830641206353903,0.6104001402854919,0.4802820384502411,-0.007804545108228922,0.6154055595397949,0.48009154200553894,-0.003205925691872835,0.6235296130180359,0.4864269196987152,0.0065000480972230434,0.5995579361915588,0.4506787061691284,-0.03093087114393711,0.6001541614532471,0.44243916869163513,-0.03333212435245514,0.6512466669082642,0.3790442943572998,-0.0005464951973408461,0.6136245727539062,0.42297056317329407,-0.007296303287148476,0.6130281686782837,0.4467461109161377,-0.017476677894592285,0.6135023832321167,0.44231128692626953,-0.016079716384410858,0.6457342505455017,0.4405142366886139,0.0020588086917996407,0.6001139283180237,0.43223071098327637,-0.030714338645339012,0.6371585130691528,0.36928868293762207,-0.01077927928417921,0.6455332040786743,0.3721979558467865,-0.00601110840216279,0.6587443947792053,0.3524908721446991,0.013668420724570751,0.6092063784599304,0.37944790720939636,-0.015260658226907253,0.6179009079933167,0.39281803369522095,-0.004809737671166658,0.6284897923469543,0.47756296396255493,0.006495591718703508,0.654144823551178,0.47976648807525635,0.0565778911113739,0.60877525806427,0.45155417919158936,-0.014883717522025108,0.6041529178619385,0.45422714948654175,-0.014399963431060314,0.6249976754188538,0.479277640581131,0.006318953819572926,0.623371958732605,0.47970035672187805,0.004845608025789261,0.6494954824447632,0.3654087781906128,-0.003982470370829105,0.6134090423583984,0.4496152102947235,-0.0139025142416358,0.6254236102104187,0.3710307776927948,-0.014143827371299267,0.6264582276344299,0.36321839690208435,-0.016105767339468002,0.6331901550292969,0.33141082525253296,-0.010407427325844765,0.6538088917732239,0.3602169454097748,0.0034597832709550858,0.6289133429527283,0.3473254442214966,-0.01362724881619215,0.6552276611328125,0.37456804513931274,0.00385671597905457,0.6599764227867126,0.37312886118888855,0.014290044084191322,0.6046079993247986,0.47660303115844727,-0.012435679323971272,0.611677348613739,0.477250337600708,-0.009004625491797924,0.6168685555458069,0.4780431389808655,-0.004459349904209375,0.6075025200843811,0.45285874605178833,-0.013074873946607113,0.6241702437400818,0.47949981689453125,0.005589794367551804,0.6208707690238953,0.48303359746932983,0.002691327128559351,0.6225119233131409,0.4799404740333557,0.004788647871464491,0.6059511303901672,0.4499048888683319,-0.023019704967737198,0.6142290830612183,0.481501042842865,-0.002169683575630188,0.6092622876167297,0.4822809100151062,-0.005329648964107037,0.603339672088623,0.48318397998809814,-0.007632916327565908,0.603883683681488,0.5057504177093506,0.0004796577268280089,0.6049328446388245,0.5001158714294434,-0.005770297255367041,0.6046087741851807,0.49474453926086426,-0.007054076064378023,0.6040274500846863,0.4894410967826843,-0.006237720604985952,0.6032622456550598,0.4852559566497803,-0.00560622988268733,0.6141517758369446,0.4826805591583252,-0.0005532845389097929,0.615567147731781,0.48438170552253723,-0.0012010569917038083,0.6170771718025208,0.48680534958839417,-0.0017680202145129442,0.6182054877281189,0.48956671357154846,-0.0004151211178395897,0.6215186715126038,0.46757274866104126,-0.00360960909165442,0.6633431315422058,0.44085627794265747,0.06093832850456238,0.6179232597351074,0.48147740960121155,0.002789171179756522,0.6194236278533936,0.4821525514125824,0.0024466323666274548,0.6024978756904602,0.4573097229003906,-0.014213166199624538,0.6118603348731995,0.45382484793663025,-0.008898547850549221,0.6032479405403137,0.4558435380458832,-0.014470255002379417,0.6204357147216797,0.4272988438606262,-0.005001176614314318,0.63104248046875,0.4320333003997803,-0.0029112331103533506,0.6146916747093201,0.4454646110534668,-0.012441188097000122,0.6488218903541565,0.3398524522781372,0.0007718800334259868,0.6440344452857971,0.351101815700531,-0.005758338142186403,0.6396533250808716,0.3614654839038849,-0.010823434218764305,0.6184988021850586,0.49412792921066284,0.004212462343275547,0.611092209815979,0.36718618869781494,-0.0185187216848135,0.6135991811752319,0.34721723198890686,-0.017803700640797615,0.6164274215698242,0.3275408148765564,-0.016428666189312935,0.6384498476982117,0.4117303788661957,0.0014386872062459588,0.6523582935333252,0.4160434603691101,0.010813235305249691,0.6125852465629578,0.4091414213180542,-0.001644023461267352,0.647631049156189,0.3940560817718506,0.0034534039441496134,0.6092408299446106,0.4178486764431,-0.009641268290579319,0.6094791889190674,0.44452711939811707,-0.023315202444791794,0.6595272421836853,0.42076370120048523,0.01796700246632099,0.6479277610778809,0.42200160026550293,0.0060770814307034016,0.640113115310669,0.425127774477005,0.0009645101963542402,0.6287630796432495,0.4249199628829956,-0.0012923944741487503,0.6202576160430908,0.42229288816452026,-0.0028213930781930685,0.6137014627456665,0.41875723004341125,-0.004479066468775272,0.6011446118354797,0.406939297914505,-0.01660967245697975,0.6585775017738342,0.43746185302734375,0.017898477613925934,0.6525334119796753,0.39113283157348633,0.005936758127063513,0.5977849364280701,0.4547177255153656,-0.02780226618051529,0.6127395629882812,0.4305534362792969,-0.00941490288823843,0.6675665378570557,0.40374287962913513,0.05217185616493225,0.6087972521781921,0.4145064353942871,-0.005718071013689041,0.6156036853790283,0.4456733465194702,-0.006501463707536459,0.6439385414123535,0.40297994017601013,0.005555408541113138,0.609812319278717,0.43907397985458374,-0.02152303420007229,0.65971839427948,0.4602753818035126,0.06036834791302681,0.6126909852027893,0.40671369433403015,-0.000707780010998249,0.6050369739532471,0.43488195538520813,-0.027258099988102913,0.6405360698699951,0.4975495934486389,0.027139974758028984,0.639004647731781,0.5060062408447266,0.03881208598613739,0.6630891561508179,0.4397048354148865,0.039198849350214005,0.6488096714019775,0.4875992238521576,0.03312835842370987,0.6630396842956543,0.38811415433883667,0.025024203583598137,0.6163200736045837,0.5235415101051331,0.011854969896376133,0.5972667336463928,0.45627668499946594,-0.01977081038057804,0.6184598207473755,0.43593865633010864,-0.006945790257304907,0.6583199501037598,0.40517252683639526,0.01842186599969864,0.6328094005584717,0.41036391258239746,-0.0012166702654212713,0.627572774887085,0.4111775755882263,-0.002569698728621006,0.6221279501914978,0.48415687680244446,0.00371162174269557,0.6570422053337097,0.4537017345428467,0.021343478932976723,0.606387734413147,0.5331622362136841,0.014497917145490646,0.6222547888755798,0.5226523280143738,0.02486465871334076,0.6296674013137817,0.5158275961875916,0.030990121886134148,0.622363269329071,0.4103521406650543,-0.0027221632190048695,0.6174138188362122,0.4085967242717743,-0.0018421938875690103,0.6142984628677368,0.40750932693481445,-0.0006629903218708932,0.6570695638656616,0.38859671354293823,0.011544089764356613,0.6188534498214722,0.40250664949417114,-0.0036715378519147635,0.6242758631706238,0.40105339884757996,-0.004764801822602749,0.6291441321372986,0.40081629157066345,-0.004573572427034378,0.6338819265365601,0.40136954188346863,-0.0029509079176932573,0.6371122598648071,0.4023733139038086,-0.0009139457251876593,0.6672453880310059,0.384351521730423,0.04047643765807152,0.6362627744674683,0.4086715579032898,0.0006399709964171052,0.6149829030036926,0.4643346667289734,-0.0074945129454135895,0.6087299585342407,0.4506010115146637,-0.01711268723011017,0.6035360097885132,0.4635980725288391,-0.013064739294350147,0.6317536234855652,0.5075599551200867,0.022895313799381256,0.6240233182907104,0.5153937935829163,0.01783907227218151,0.6068086624145508,0.5292544364929199,0.006829562596976757,0.646894097328186,0.4949561655521393,0.048375338315963745,0.6146456599235535,0.404896080493927,-0.0019070303533226252,0.6048327088356018,0.4200354814529419,-0.01757410168647766,0.6147758364677429,0.5287721753120422,0.018449705094099045,0.6600584387779236,0.4574580788612366,0.04007469490170479,0.6091822981834412,0.4839915335178375,-0.0034251653123646975,0.6105013489723206,0.4870736002922058,-0.004102864768356085,0.6116210222244263,0.4910337030887604,-0.004764578305184841,0.6123710870742798,0.49571701884269714,-0.0034476062282919884,0.6120871901512146,0.500857412815094,0.0017320539336651564,0.619572103023529,0.4798259437084198,0.0011196793057024479,0.6209582686424255,0.47876980900764465,0.0010846941731870174,0.6221272349357605,0.47765958309173584,0.000848356809001416,0.6265413761138916,0.47171634435653687,0.0012334139319136739,0.649997353553772,0.4578195810317993,0.009814719669520855,0.605076014995575,0.4118591547012329,-0.012784922495484352,0.6087253093719482,0.39778533577919006,-0.005033982452005148,0.6122193336486816,0.40023383498191833,-0.0029122622217983007,0.6181634068489075,0.4808083772659302,0.0017373046139255166,0.6485372185707092,0.4763850271701813,0.020722564309835434,0.6030302047729492,0.3963511288166046,-0.012144572101533413,0.614487886428833,0.508639395236969,0.0050727794878184795,0.6005938649177551,0.4159590005874634,-0.02180856466293335,0.6087443232536316,0.43238505721092224,-0.016842378303408623,0.6053232550621033,0.5140712261199951,0.002075123367831111,0.6274542808532715,0.49125996232032776,0.00981651246547699,0.6210220456123352,0.4517172574996948,-0.0042525907047092915,0.6213527917861938,0.5009408593177795,0.00793177168816328,0.6368472576141357,0.45105165243148804,-0.002137561561539769,0.6276320219039917,0.45920273661613464,-0.002007024362683296,0.6416661143302917,0.4631626605987549,0.003666461445391178,0.6066464781761169,0.5229240655899048,0.0031519790645688772,0.6122344136238098,0.43644991517066956,-0.012429718859493732,0.6312172412872314,0.49843764305114746,0.015559636987745762,0.6235048770904541,0.5077595710754395,0.01261342316865921,0.633093535900116,0.4808000326156616,0.008806918747723103,0.6544872522354126,0.46713873744010925,0.0248552355915308,0.6400472521781921,0.48389023542404175,0.014269022271037102,0.6557325124740601,0.4734612703323364,0.0393664613366127,0.6328073143959045,0.4675699770450592,0.001834611059166491,0.6086139678955078,0.42526981234550476,-0.01313904207199812,0.6076999306678772,0.44843658804893494,-0.024341624230146408,0.6112310290336609,0.4496423006057739,-0.017824558541178703,0.605047881603241,0.4432483911514282,-0.02843737229704857,0.6141406297683716,0.38848215341567993,-0.00749486917629838,0.6243961453437805,0.38170671463012695,-0.008582809008657932,0.633125901222229,0.3801991641521454,-0.00802564062178135,0.640329122543335,0.3819786608219147,-0.005339720286428928,0.6453999280929565,0.3863707482814789,-0.0014927755109965801,0.6480189561843872,0.4034056067466736,0.008215602487325668,0.6649598479270935,0.4223879277706146,0.03628763556480408,0.6427006721496582,0.41564446687698364,0.0043593659065663815,0.6364114284515381,0.41819724440574646,0.0012718494981527328,0.6284112930297852,0.419086217880249,-0.0009214349556714296,0.6207189559936523,0.41764044761657715,-0.0024588617961853743,0.6145605444908142,0.4148017168045044,-0.002408026484772563,0.6104438304901123,0.4119216501712799,-0.0031144286040216684,0.665814220905304,0.42216336727142334,0.0584341436624527,0.6111751198768616,0.45120978355407715,-0.014745524153113365,0.6045981645584106,0.42730513215065,-0.021661479026079178,0.6035244464874268,0.44933071732521057,-0.028474563732743263,0.6006450653076172,0.4532630741596222,-0.025593705475330353,0.6036844849586487,0.45058128237724304,-0.025591176003217697,0.6098878979682922,0.45330238342285156,-0.012343745678663254,0.5995673537254333,0.4541091024875641,-0.02702847309410572,0.5989858508110046,0.4556431472301483,-0.01995830237865448,0.610456645488739,0.4062730669975281,-0.001341491937637329,0.60738205909729,0.4071362018585205,-0.004369011614471674,0.6052318215370178,0.4079975187778473,-0.007833052426576614,0.6391725540161133,0.40324369072914124,0.0013530678115785122,0.644076943397522,0.39619311690330505,0.0016579980729147792,0.5661095380783081,0.405584454536438,0.0012950984528288245,0.5721263885498047,0.405825674533844,0.0012950984528288245,0.5662646293640137,0.3983426094055176,0.0012950984528288245,0.5600346326828003,0.40529194474220276,0.0012950984528288245,0.5659437775611877,0.4126094877719879,0.0012950984528288245,0.6271572709083557,0.4062650501728058,-0.0012539044255390763,0.6331838965415955,0.4061889946460724,-0.0012539044255390763,0.6271259188652039,0.3990565836429596,-0.0012539044255390763,0.6212301850318909,0.4062812626361847,-0.0012539044255390763,0.6272289752960205,0.4133085310459137,-0.0012539044255390763
4633.333333333336,0.5961830615997314,0.4736174941062927,-0.013684775680303574,0.594841480255127,0.45163092017173767,-0.0310200322419405,0.5952466726303101,0.4586164355278015,-0.015498216263949871,0.5904645919799805,0.42432451248168945,-0.024994993582367897,0.5948243737220764,0.44318661093711853,-0.03355695307254791,0.5949946641921997,0.4320873022079468,-0.03197403997182846,0.5956571102142334,0.40520668029785156,-0.01842675730586052,0.5544016361236572,0.40667542815208435,0.005950051359832287,0.5960530638694763,0.3811098337173462,-0.01592916250228882,0.5961673855781555,0.36877214908599854,-0.018169540911912918,0.5969087481498718,0.32699882984161377,-0.016463294625282288,0.5961485505104065,0.4776465892791748,-0.0127232251688838,0.5961176753044128,0.481799840927124,-0.010742584243416786,0.59610515832901,0.4845196008682251,-0.00800324510782957,0.5959353446960449,0.4850267469882965,-0.006439448334276676,0.5959501266479492,0.49014824628829956,-0.007038850802928209,0.5959183573722839,0.4960012435913086,-0.007864091545343399,0.5958561301231384,0.5017465949058533,-0.006516346707940102,0.5956261157989502,0.5059188604354858,-0.0004086050030309707,0.5949904322624207,0.455679714679718,-0.027792859822511673,0.5901023745536804,0.45504218339920044,-0.01964510791003704,0.5325554013252258,0.3678585886955261,0.032144252210855484,0.5703675150871277,0.41470932960510254,-0.000682692276313901,0.564283549785614,0.41521406173706055,0.000271690747467801,0.5587059259414673,0.41371989250183105,0.0023225757759064436,0.5518912076950073,0.40858060121536255,0.007551950868219137,0.5756937861442566,0.41205087304115295,-0.00016558088827878237,0.563242495059967,0.386135995388031,-0.0036288972478359938,0.5698431730270386,0.38773342967033386,-0.004081751685589552,0.5569250583648682,0.38719525933265686,-0.0009614475420676172,0.5526841878890991,0.3909047245979309,0.0018545858329162002,0.5468903183937073,0.41194215416908264,0.011292139999568462,0.5756582617759705,0.5162802934646606,0.00867230910807848,0.5527445077896118,0.40425267815589905,0.008095290511846542,0.5307660698890686,0.40474534034729004,0.03796417638659477,0.541063666343689,0.4046288728713989,0.017164945602416992,0.5658595561981201,0.44243815541267395,-0.002897879108786583,0.588044285774231,0.4716488718986511,-0.012693487107753754,0.5887938141822815,0.48140764236450195,-0.009501082822680473,0.5800924301147461,0.47435495257377625,-0.00848859641700983,0.574762225151062,0.4768722653388977,-0.0031148348934948444,0.5824918746948242,0.4811975955963135,-0.0065428935922682285,0.5775494575500488,0.48118677735328674,-0.001715264399535954,0.5692340135574341,0.48711851239204407,0.008306493982672691,0.5902659893035889,0.4513779282569885,-0.030380088835954666,0.5895726084709167,0.44320952892303467,-0.03266362100839615,0.5440022349357605,0.3778025507926941,0.003970576450228691,0.5785472393035889,0.4232865869998932,-0.005590925924479961,0.577833890914917,0.4475613236427307,-0.015867145732045174,0.5775349140167236,0.44308242201805115,-0.014399432577192783,0.5473469495773315,0.4406808912754059,0.005911133252084255,0.5899662971496582,0.43294280767440796,-0.029926910996437073,0.5572646856307983,0.3671039938926697,-0.0074750506319105625,0.5493676662445068,0.37035420536994934,-0.0019722923170775175,0.5379791855812073,0.3522993326187134,0.018970604985952377,0.5832009315490723,0.37762072682380676,-0.013866770081222057,0.5755243301391602,0.3921579420566559,-0.002597202081233263,0.5644633769989014,0.47866085171699524,0.008854469284415245,0.5410454273223877,0.47969716787338257,0.0610138364136219,0.5820727348327637,0.4523075520992279,-0.01364274974912405,0.5866093039512634,0.4549170136451721,-0.013746793381869793,0.5678740739822388,0.48048093914985657,0.008337312377989292,0.5695298910140991,0.4808892011642456,0.006594532635062933,0.5463724732398987,0.36377817392349243,0.00028954300796613097,0.5776240229606628,0.4504270851612091,-0.012361260131001472,0.5681707859039307,0.3686886131763458,-0.011699038557708263,0.5674285292625427,0.3607497811317444,-0.0135801425203681,0.5617947578430176,0.33159923553466797,-0.006909319199621677,0.5418463945388794,0.36005157232284546,0.008032799698412418,0.5649582147598267,0.3475364148616791,-0.010776097886264324,0.5407999753952026,0.373738169670105,0.008622277528047562,0.5361592173576355,0.3727760910987854,0.019323261454701424,0.5882370471954346,0.4769195318222046,-0.011679645627737045,0.5812464356422424,0.47795790433883667,-0.007670095190405846,0.5760670900344849,0.4790554344654083,-0.0028401860035955906,0.5833272337913513,0.4536079168319702,-0.012111679650843143,0.568710207939148,0.4806959331035614,0.007438482716679573,0.5717786550521851,0.483929306268692,0.0041361344046890736,0.5704441666603088,0.4811179041862488,0.006461362820118666,0.5845159888267517,0.4506506323814392,-0.021843422204256058,0.5787009000778198,0.48273149132728577,-0.0007499599596485496,0.5835978388786316,0.4834044873714447,-0.004144508857280016,0.5894489288330078,0.484086811542511,-0.006869458127766848,0.5875430703163147,0.5052728652954102,0.00034390337532386184,0.587302029132843,0.5007622241973877,-0.0056150187738239765,0.5877231359481812,0.4950259327888489,-0.006716595496982336,0.5884023904800415,0.48918482661247253,-0.0058251554146409035,0.5892364382743835,0.48455947637557983,-0.005243002437055111,0.5784503221511841,0.48281028866767883,0.0005506253219209611,0.5770187377929688,0.4847993850708008,-0.00011920629913220182,0.5754230618476868,0.4875180721282959,-0.0007132648024708033,0.5741796493530273,0.49050357937812805,0.0006621481152251363,0.5705428123474121,0.4684496819972992,-0.0017062356928363442,0.532975971698761,0.4404010772705078,0.06607671082019806,0.5951163172721863,0.45723748207092285,-0.019920561462640762,0.5748022198677063,0.4819779396057129,0.004195022396743298,0.5732808709144592,0.4828740060329437,0.003855316201224923,0.588265061378479,0.45788678526878357,-0.013609162531793118,0.5793880224227905,0.45461633801460266,-0.007715479005128145,0.5875111222267151,0.4564507305622101,-0.01384790614247322,0.5719484090805054,0.4275802671909332,-0.002817378146573901,0.561640202999115,0.43224939703941345,-2.1102627215441316e-05,0.5765459537506104,0.44619888067245483,-0.010771216824650764,0.54718017578125,0.339851051568985,0.005347503814846277,0.5508759021759033,0.35107094049453735,-0.001902594929561019,0.5553481578826904,0.35940417647361755,-0.00730254827067256,0.573820173740387,0.4942924976348877,0.005464058369398117,0.5817893743515015,0.3649568259716034,-0.016995703801512718,0.5796258449554443,0.34750741720199585,-0.016036011278629303,0.5777991414070129,0.32780712842941284,-0.014284971170127392,0.554255485534668,0.4117443561553955,0.005161840468645096,0.5405662059783936,0.4167424738407135,0.015269688330590725,0.5792631506919861,0.4094029366970062,0.00021346015273593366,0.546747088432312,0.3936261236667633,0.00771421380341053,0.5827756524085999,0.41817572712898254,-0.008212522603571415,0.581023633480072,0.4453149139881134,-0.021944904699921608,0.5350245833396912,0.4206671118736267,0.022859422490000725,0.5439409613609314,0.4221406877040863,0.010264991782605648,0.5510002970695496,0.4249956011772156,0.004638378974050283,0.5621078014373779,0.42500561475753784,0.0015902656596153975,0.5706900358200073,0.42270252108573914,-0.0005484979483298957,0.577335000038147,0.41900426149368286,-0.002716503106057644,0.5902891159057617,0.4073100984096527,-0.015785103663802147,0.5354496836662292,0.43742015957832336,0.022737782448530197,0.5423064827919006,0.39072608947753906,0.01055230014026165,0.5922306180000305,0.4553775191307068,-0.027339395135641098,0.5790417790412903,0.4310022294521332,-0.007782856002449989,0.529672384262085,0.40337926149368286,0.05773492902517319,0.5823150873184204,0.41441333293914795,-0.004273892380297184,0.5759517550468445,0.44633549451828003,-0.004901155363768339,0.5499560832977295,0.4031663239002228,0.009557909332215786,0.5809407830238342,0.4398196041584015,-0.020124854519963264,0.536098837852478,0.45993316173553467,0.06517006456851959,0.5797551274299622,0.4067469537258148,0.0011992689687758684,0.5853239297866821,0.43561068177223206,-0.02612067386507988,0.5528708100318909,0.4976627230644226,0.03025289997458458,0.5548283457756042,0.5061671137809753,0.0419045016169548,0.5319011807441711,0.4395464360713959,0.04429040104150772,0.5449392199516296,0.48778295516967773,0.036986228078603745,0.5331292152404785,0.3878168761730194,0.030198320746421814,0.5756715536117554,0.5230962634086609,0.01286962442100048,0.5929688215255737,0.4569139778614044,-0.019461624324321747,0.5735487937927246,0.43638673424720764,-0.004974788054823875,0.5363239049911499,0.40625447034835815,0.023312387987971306,0.5595153570175171,0.41019177436828613,0.0020955856889486313,0.564491868019104,0.4113446772098541,0.00043313432252034545,0.570495069026947,0.4851682484149933,0.005281879100948572,0.5368000864982605,0.4536930322647095,0.025972869247198105,0.5856688022613525,0.5327173471450806,0.014634720981121063,0.5707118511199951,0.5225415825843811,0.026606706902384758,0.563789963722229,0.5158469080924988,0.033355213701725006,0.5964912176132202,0.34796756505966187,-0.018079612404108047,0.5960789918899536,0.5342001914978027,0.01244162768125534,0.5696787238121033,0.4108622968196869,-0.00011208489740965888,0.5746368169784546,0.40914830565452576,0.00042453905916772783,0.5779330730438232,0.4078066945075989,0.0013822531327605247,0.5384365320205688,0.3888697624206543,0.016437817364931107,0.5744651556015015,0.4022595286369324,-0.001258166623301804,0.5692921280860901,0.4007681608200073,-0.0020107366144657135,0.564468264579773,0.40037766098976135,-0.0014350467827171087,0.5596425533294678,0.4010273814201355,0.000544062175322324,0.5563399791717529,0.40219947695732117,0.0027506528422236443,0.5299568176269531,0.3839915692806244,0.04615899547934532,0.5563998818397522,0.4084095060825348,0.0042152078822255135,0.5953760147094727,0.4642552137374878,-0.0134449303150177,0.5766692757606506,0.46518340706825256,-0.006041816435754299,0.5820102095603943,0.451343297958374,-0.015941603109240532,0.5874956250190735,0.4642055332660675,-0.012403815984725952,0.5959183573722839,0.39330825209617615,-0.01519247330725193,0.5613255500793457,0.507437527179718,0.0252281092107296,0.5685405731201172,0.5151031613349915,0.019491901621222496,0.5847010016441345,0.5287333726882935,0.00702493404969573,0.5475462079048157,0.4951075613498688,0.05227646231651306,0.5781354904174805,0.404729425907135,0.0002239241439383477,0.5864024758338928,0.4204738438129425,-0.016494274139404297,0.595726490020752,0.530009388923645,0.0051668304949998856,0.5776140093803406,0.5285001993179321,0.019519614055752754,0.5345154404640198,0.4573734700679779,0.04484119266271591,0.5833559632301331,0.48373955488204956,-0.002614969154819846,0.5819905996322632,0.4872152507305145,-0.003286792663857341,0.5807939767837524,0.4915953278541565,-0.003959964029490948,0.5799512267112732,0.49663764238357544,-0.0027258966583758593,0.5797419548034668,0.5007048845291138,0.0024028473999351263,0.5734726786613464,0.48102301359176636,0.0028239658568054438,0.571998119354248,0.4799277186393738,0.002936725504696369,0.5708114504814148,0.47878220677375793,0.002815265441313386,0.5659933686256409,0.4727574288845062,0.003537393407896161,0.5431720018386841,0.4579625427722931,0.01385144516825676,0.586648166179657,0.4121876657009125,-0.011636092327535152,0.5836454629898071,0.39738327264785767,-0.0036346795968711376,0.5804777145385742,0.3998807668685913,-0.001071632606908679,0.5749514102935791,0.48205527663230896,0.003332732245326042,0.5448925495147705,0.4766310155391693,0.024522246792912483,0.5886170268058777,0.3954264521598816,-0.011186502873897552,0.5773956775665283,0.5083955526351929,0.005812953691929579,0.5952195525169373,0.4231182634830475,-0.02727799117565155,0.5903326869010925,0.4164115786552429,-0.02105855382978916,0.5954225659370422,0.4147322475910187,-0.022733274847269058,0.5824182033538818,0.4329037666320801,-0.015536307357251644,0.5956114530563354,0.5234543681144714,0.001392365200445056,0.5955882668495178,0.5144044160842896,0.0004470077692531049,0.5860484838485718,0.5136048793792725,0.0020485343411564827,0.5652261972427368,0.4916653633117676,0.011899491772055626,0.5708693861961365,0.45234161615371704,-0.002298422623425722,0.5710262656211853,0.501004695892334,0.009325561113655567,0.555668830871582,0.4513358771800995,0.0008764205267652869,0.5646442174911499,0.45972034335136414,0.00031407474307343364,0.5511395335197449,0.4634349048137665,0.006993650458753109,0.5847285389900208,0.5223814845085144,0.0033457453828305006,0.5792160034179688,0.4370485842227936,-0.010890351608395576,0.5616779327392578,0.49852827191352844,0.017881058156490326,0.5689283609390259,0.5076292157173157,0.014162884093821049,0.5597050786018372,0.4814807176589966,0.011560392566025257,0.5393511652946472,0.4672686457633972,0.02913350611925125,0.5529879331588745,0.48421868681907654,0.017393287271261215,0.538520336151123,0.4735543429851532,0.043821580708026886,0.5598948001861572,0.4682060182094574,0.0045799254439771175,0.5828999280929565,0.4256944954395294,-0.011779172345995903,0.5827387571334839,0.4491991102695465,-0.023092344403266907,0.5795506238937378,0.45042526721954346,-0.016443267464637756,0.5850576758384705,0.44403138756752014,-0.027318133041262627,0.5788571834564209,0.3873465657234192,-0.005665763281285763,0.5691731572151184,0.3802429139614105,-0.006087843794375658,0.5607706904411316,0.3785943388938904,-0.004866983275860548,0.5538420677185059,0.380484402179718,-0.0016296145040541887,0.5489768981933594,0.3852720558643341,0.0025642458349466324,0.546034574508667,0.40366679430007935,0.012423540465533733,0.5305521488189697,0.4221493899822235,0.04156012460589409,0.5496549010276794,0.4157029092311859,0.008257811889052391,0.5552940368652344,0.4181986153125763,0.0047003403306007385,0.5629942417144775,0.41947096586227417,0.0019564474932849407,0.5706675052642822,0.4183470606803894,-0.00010115530312759802,0.5768587589263916,0.41538381576538086,-0.0005749359261244535,0.5810967087745667,0.41224679350852966,-0.0015556842554360628,0.5311228036880493,0.42173245549201965,0.06388191133737564,0.5797109603881836,0.45203155279159546,-0.013409717008471489,0.5861825346946716,0.4278656542301178,-0.020544903352856636,0.586539626121521,0.45007529854774475,-0.027590211480855942,0.5896055698394775,0.45391348004341125,-0.025025011971592903,0.5866329073905945,0.4512706398963928,-0.024712078273296356,0.5811104774475098,0.4541066884994507,-0.011226844973862171,0.590543806552887,0.45478010177612305,-0.026522401720285416,0.5913070440292358,0.4563160836696625,-0.019530611112713814,0.5817063450813293,0.4062443673610687,0.00028389794169925153,0.584431529045105,0.4071316123008728,-0.003071352606639266,0.5860585570335388,0.40757790207862854,-0.006691908463835716,0.554326057434082,0.4031998813152313,0.0051300982013344765,0.549928605556488,0.395821750164032,0.005651809275150299,0.6000635027885437,0.42425987124443054,-0.025514228269457817,0.6386263966560364,0.40687981247901917,0.0022320887073874474,0.6003767848014832,0.45492175221443176,-0.020040886476635933,0.664269208908081,0.36765560507774353,0.02637130208313465,0.6212201118469238,0.4138510525226593,-0.0031038448214530945,0.6274266242980957,0.41462045907974243,-0.0026122629642486572,0.6333040595054626,0.41351261734962463,-0.0010247485479339957,0.6413190960884094,0.4083000421524048,0.0035900650545954704,0.6159377098083496,0.41139090061187744,-0.0020801282953470945,0.6307105422019958,0.3877182602882385,-0.006706007290631533,0.6240003108978271,0.38910338282585144,-0.00652661407366395,0.6371137499809265,0.38873010873794556,-0.004473772365599871,0.6413039565086365,0.39207208156585693,-0.0019428858067840338,0.6460397243499756,0.41143035888671875,0.007096379064023495,0.6162140369415283,0.5163455605506897,0.006907840259373188,0.6408465504646301,0.40438374876976013,0.004209119826555252,0.6650509834289551,0.4045295715332031,0.03238089010119438,0.6530246138572693,0.4037094712257385,0.012490833178162575,0.6262505054473877,0.44223472476005554,-0.005426119081676006,0.6044512391090393,0.47126615047454834,-0.013403433375060558,0.6036240458488464,0.4810474216938019,-0.010194235481321812,0.6124998927116394,0.4735581874847412,-0.009935304522514343,0.6177354454994202,0.47576281428337097,-0.005060125142335892,0.6100103259086609,0.48052480816841125,-0.00787150114774704,0.6149560809135437,0.48020613193511963,-0.003411373822018504,0.6235173940658569,0.48665928840637207,0.00585186155512929,0.5995261073112488,0.4513053894042969,-0.03069300390779972,0.6001348495483398,0.4430912435054779,-0.03306153044104576,0.6511601209640503,0.37893199920654297,-0.0004894122248515487,0.6136264204978943,0.42309820652008057,-0.0072124190628528595,0.6131675243377686,0.447194904088974,-0.017370712012052536,0.6136419177055359,0.4427116811275482,-0.01597573608160019,0.6453725099563599,0.4404942989349365,0.0018513188697397709,0.6001216173171997,0.4328148663043976,-0.030436912551522255,0.6371422410011292,0.36937808990478516,-0.01054504606872797,0.6454693675041199,0.3722352683544159,-0.0058559090830385685,0.658419132232666,0.3520711660385132,0.013769217766821384,0.609246015548706,0.3794710338115692,-0.01487215980887413,0.6179770827293396,0.3932023048400879,-0.004582726396620274,0.6284617185592651,0.4780382513999939,0.0059584034606814384,0.654400646686554,0.4794171452522278,0.05574531480669975,0.6089469790458679,0.45201247930526733,-0.014779472723603249,0.6043151021003723,0.45471426844596863,-0.014315275475382805,0.624548077583313,0.4788510203361511,0.005806226283311844,0.6228904724121094,0.479326456785202,0.004352828022092581,0.6494138836860657,0.3652765452861786,-0.003823548788204789,0.6135900616645813,0.4500618278980255,-0.013837593607604504,0.6254423260688782,0.3710738718509674,-0.013817806728184223,0.626470148563385,0.36316490173339844,-0.015738224610686302,0.6329962015151978,0.3313572406768799,-0.009935539215803146,0.6535431146621704,0.359925240278244,0.003585829632356763,0.6288027167320251,0.347415953874588,-0.013200473040342331,0.6551085114479065,0.37422147393226624,0.0038856070023030043,0.6596998572349548,0.3727261424064636,0.014247450977563858,0.6042234897613525,0.4765508770942688,-0.012412669137120247,0.6112936735153198,0.4772478938102722,-0.009078241884708405,0.6164335608482361,0.47798973321914673,-0.004674155730754137,0.6076833605766296,0.4533301889896393,-0.013003002852201462,0.6237003207206726,0.4791022539138794,0.0050855292938649654,0.6203882098197937,0.48243117332458496,0.0021212087012827396,0.6219998598098755,0.47959452867507935,0.004291650373488665,0.6060341596603394,0.45041272044181824,-0.022857749834656715,0.613800585269928,0.48177629709243774,-0.0023465598933398724,0.6088842749595642,0.4827336072921753,-0.005367729347199202,0.6030177474021912,0.48374366760253906,-0.007574151735752821,0.6038997769355774,0.5052727460861206,-0.0003256702912040055,0.6045750379562378,0.5002632141113281,-0.006347613874822855,0.6041991114616394,0.4945387840270996,-0.007499032188206911,0.6035833358764648,0.4887373745441437,-0.006591109558939934,0.602843701839447,0.4841354191303253,-0.005973715800791979,0.6137159466743469,0.4816848039627075,-0.0010499880881980062,0.615141749382019,0.4835813045501709,-0.0017078546807169914,0.6166607141494751,0.48617812991142273,-0.002330601215362549,0.6178101301193237,0.4890788793563843,-0.0010407627560198307,0.6214859485626221,0.4680505096912384,-0.0038717049174010754,0.6633168458938599,0.44032251834869385,0.060226213186979294,0.6174687147140503,0.4806811809539795,0.002249255543574691,0.6189451217651367,0.48147642612457275,0.0018975563580170274,0.6026073098182678,0.4578094780445099,-0.014175119809806347,0.6120169162750244,0.45430058240890503,-0.008901053108274937,0.6033875346183777,0.4563392996788025,-0.014397989958524704,0.6203516721725464,0.4273935854434967,-0.004989735782146454,0.63079833984375,0.4321020543575287,-0.0029845614917576313,0.6148421168327332,0.4458583891391754,-0.012385576963424683,0.6485188007354736,0.33959659934043884,0.0010658536339178681,0.6438186764717102,0.3509840667247772,-0.005477020982652903,0.6396259665489197,0.3614294230937958,-0.010559904389083385,0.6184418797492981,0.49404531717300415,0.003476034617051482,0.6111165881156921,0.367105096578598,-0.018069054931402206,0.6135931611061096,0.3474152684211731,-0.017263561487197876,0.6163783073425293,0.32762497663497925,-0.01580098085105419,0.6383271217346191,0.4116264283657074,0.0014273739652708173,0.6521497368812561,0.4156290590763092,0.010625476948916912,0.612585723400116,0.4091704487800598,-0.0014821928925812244,0.647546112537384,0.39402323961257935,0.0034234931226819754,0.6092700958251953,0.41801565885543823,-0.009506342001259327,0.6095486879348755,0.44502878189086914,-0.02314937673509121,0.6592022776603699,0.42050251364707947,0.01766086183488369,0.6477482914924622,0.42167478799819946,0.0059056770987808704,0.6399899125099182,0.4249255359172821,0.000849343603476882,0.628672182559967,0.424821138381958,-0.0013467600801959634,0.6201706528663635,0.4222835600376129,-0.0028033091221004725,0.6136613488197327,0.4188579022884369,-0.004393547773361206,0.6011967062950134,0.40722227096557617,-0.01633596420288086,0.6582863926887512,0.43726351857185364,0.017520373687148094,0.6524050235748291,0.3908620774745941,0.005879356525838375,0.5977808833122253,0.45531898736953735,-0.027594158425927162,0.6127796173095703,0.43076837062835693,-0.009332460351288319,0.6673132181167603,0.40312689542770386,0.05168887972831726,0.6088199615478516,0.414715439081192,-0.0055730449967086315,0.6157436966896057,0.4460175931453705,-0.006516473367810249,0.6439224481582642,0.40302160382270813,0.005508093629032373,0.6099058985710144,0.4395225942134857,-0.021355541422963142,0.6598541140556335,0.4598277509212494,0.05960172414779663,0.6127996444702148,0.40680307149887085,-0.0005296564195305109,0.6050700545310974,0.43541303277015686,-0.027032293379306793,0.6406192779541016,0.4974242150783539,0.026333965361118317,0.6392390131950378,0.505874514579773,0.03792956471443176,0.6629497408866882,0.43934205174446106,0.03862570971250534,0.6489176154136658,0.48740828037261963,0.03236512839794159,0.6627556681632996,0.38765013217926025,0.024804212152957916,0.6163277626037598,0.5232353210449219,0.010967577807605267,0.5973035097122192,0.45685723423957825,-0.01962665654718876,0.618438720703125,0.43614986538887024,-0.0069268750958144665,0.6581550240516663,0.4045937955379486,0.018193652853369713,0.6326446533203125,0.4102744460105896,-0.0011517201783135533,0.6273898482322693,0.41101452708244324,-0.0024721496738493443,0.6216702461242676,0.48358863592147827,0.003128521842882037,0.6568478941917419,0.4535178542137146,0.020874332636594772,0.6065165996551514,0.5327379107475281,0.013559299521148205,0.6224011778831482,0.522516667842865,0.023919975385069847,0.6298498511314392,0.515729546546936,0.03007519617676735,0.6222352385520935,0.41018611192703247,-0.00258902320638299,0.6173582673072815,0.4084966480731964,-0.0016904623480513692,0.6143317222595215,0.4074847996234894,-0.0004996595089323819,0.656907320022583,0.38809019327163696,0.011434567160904408,0.6188966035842896,0.4031335711479187,-0.0034673733171075583,0.6242756843566895,0.40195441246032715,-0.0045755524188280106,0.6290934681892395,0.40178266167640686,-0.004411138128489256,0.6337883472442627,0.4021850824356079,-0.002844954142346978,0.6370341777801514,0.40295249223709106,-0.0008523677824996412,0.6669825315475464,0.3837459683418274,0.04017260670661926,0.6361421942710876,0.4086671471595764,0.0006725168786942959,0.6150104999542236,0.464834988117218,-0.007650043815374374,0.608877420425415,0.45106521248817444,-0.01699555478990078,0.6035919785499573,0.4641095995903015,-0.013097204267978668,0.6318206191062927,0.5074388384819031,0.022031404078006744,0.6240755319595337,0.5152402520179749,0.016952376812696457,0.6068270802497864,0.5288017392158508,0.005948188714683056,0.6471773386001587,0.49471747875213623,0.04752575233578682,0.6147484183311462,0.40519118309020996,-0.0017215019324794412,0.6048606634140015,0.4203531742095947,-0.017364393919706345,0.6148954629898071,0.528512179851532,0.01750396378338337,0.6600461006164551,0.4571378231048584,0.039429254829883575,0.6087580919265747,0.48289817571640015,-0.0038541844114661217,0.6100823879241943,0.48629388213157654,-0.0045393602922558784,0.6112290024757385,0.49057480692863464,-0.005289060994982719,0.6120186448097229,0.49553897976875305,-0.004073676187545061,0.6120330095291138,0.500541090965271,0.0009401029674336314,0.6190319657325745,0.4797244966030121,0.0007649887120351195,0.6204521656036377,0.4785749316215515,0.0007118806825019419,0.6216592192649841,0.4773865044116974,0.00047552361502312124,0.6264887452125549,0.47221624851226807,0.00084074487676844,0.6497313380241394,0.457738995552063,0.00944055151194334,0.6051167845726013,0.41208750009536743,-0.012577032670378685,0.6087900400161743,0.39791154861450195,-0.004773717373609543,0.612292468547821,0.4004393219947815,-0.0027007784228771925,0.6175855994224548,0.4808309078216553,0.0013879205798730254,0.6484664082527161,0.47626402974128723,0.020128510892391205,0.6030780076980591,0.3965648114681244,-0.01184146013110876,0.6144076585769653,0.5083427429199219,0.004209213424474001,0.6006348133087158,0.4163292646408081,-0.021533017978072166,0.6087981462478638,0.4327327609062195,-0.016685200855135918,0.6052980422973633,0.513602614402771,0.0012426397297531366,0.6274380087852478,0.4913812577724457,0.009112582542002201,0.6210777163505554,0.4520207941532135,-0.004385542590171099,0.6212989091873169,0.5008556246757507,0.007119957823306322,0.6365874409675598,0.4511469304561615,-0.002364113926887512,0.6275536417961121,0.4594699442386627,-0.002282981760799885,0.6414645910263062,0.4632251262664795,0.003301100805401802,0.6066086888313293,0.52245032787323,0.0023005225230008364,0.6123331189155579,0.43674448132514954,-0.012333855964243412,0.6312141418457031,0.49838951230049133,0.01478482410311699,0.6234844923019409,0.5076084136962891,0.01177612878382206,0.6330546736717224,0.48105910420417786,0.008228437975049019,0.6544037461280823,0.4669721722602844,0.024289535358548164,0.6399930715560913,0.4838833510875702,0.01365041732788086,0.6558261513710022,0.4731932282447815,0.03864287585020065,0.6327028870582581,0.46787407994270325,0.0014493785565719008,0.6086537837982178,0.4255336821079254,-0.012996134348213673,0.6077733039855957,0.4489412307739258,-0.02417384646832943,0.61137455701828,0.4501054883003235,-0.01771559938788414,0.6050739884376526,0.4438309073448181,-0.028222141787409782,0.614218533039093,0.3886421322822571,-0.007214425131678581,0.6244403123855591,0.3819769620895386,-0.008337989449501038,0.6331244111061096,0.38049623370170593,-0.007840370759367943,0.6402972340583801,0.3822096586227417,-0.005231122951954603,0.6453434228897095,0.386491984128952,-0.001453107688575983,0.6479294896125793,0.4032382667064667,0.008123758248984814,0.6647118926048279,0.42196136713027954,0.03579685091972351,0.6425763964653015,0.41544288396835327,0.0042646401561796665,0.636276125907898,0.41803616285324097,0.001209318288601935,0.6282603144645691,0.4189557135105133,-0.0009362552082166076,0.6205936670303345,0.41754817962646484,-0.0024037561379373074,0.614493727684021,0.4148043394088745,-0.0023054711055010557,0.6104345321655273,0.41200733184814453,-0.0029682533349841833,0.6656465530395508,0.4215616285800934,0.05781426653265953,0.6113499402999878,0.4516759216785431,-0.014664622955024242,0.6046218276023865,0.4277264177799225,-0.021449780091643333,0.6035457253456116,0.44991177320480347,-0.028269337490200996,0.6006975173950195,0.45384281873703003,-0.025407392531633377,0.6037330627441406,0.45113617181777954,-0.025407975539565086,0.6100611686706543,0.45377856492996216,-0.012290365062654018,0.5995829105377197,0.4547038674354553,-0.026831643655896187,0.5990555286407471,0.45621147751808167,-0.019815467298030853,0.6105189919471741,0.40637850761413574,-0.0011505687143653631,0.607426106929779,0.4072865843772888,-0.0041627418249845505,0.6052883863449097,0.4082654118537903,-0.007619183976203203,0.6391401290893555,0.40363985300064087,0.00137377402279526,0.6440157294273376,0.39633965492248535,0.0016656629741191864,0.5661486387252808,0.40579953789711,0.001726752147078514,0.5722647309303284,0.4060348868370056,0.001726752147078514,0.566332995891571,0.39843520522117615,0.001726752147078514,0.5600034594535828,0.40552064776420593,0.001726752147078514,0.5659656524658203,0.4129473567008972,0.001726752147078514,0.6272526979446411,0.40649861097335815,-0.0011448787990957499,0.6332960724830627,0.40644314885139465,-0.0011448787990957499,0.6272826194763184,0.3993050456047058,-0.0011448787990957499,0.6213110685348511,0.40648970007896423,-0.0011448787990957499,0.6272635459899902,0.41352197527885437,-0.0011448787990957499
4666.666666666669,0.5967501401901245,0.47490376234054565,-0.0133112957701087,0.5953284502029419,0.4527091681957245,-0.03084532916545868,0.5957505106925964,0.4595402777194977,-0.015267976559698582,0.5910118222236633,0.4254775047302246,-0.02506582997739315,0.5953115224838257,0.4443116784095764,-0.03343893960118294,0.5954943895339966,0.4332428574562073,-0.03195074573159218,0.5962104797363281,0.4064256250858307,-0.018721546977758408,0.5552162528038025,0.4074246287345886,0.005586409009993076,0.5966333150863647,0.38240814208984375,-0.016456671059131622,0.5967568755149841,0.37009426951408386,-0.01882322132587433,0.5975454449653625,0.32838165760040283,-0.01752798818051815,0.5967161655426025,0.47875094413757324,-0.012327571399509907,0.5966773629188538,0.4827111065387726,-0.010333439335227013,0.5966613292694092,0.48528772592544556,-0.007581812329590321,0.5965292453765869,0.48555880784988403,-0.006003204733133316,0.5965234041213989,0.4903930723667145,-0.006567573640495539,0.596466064453125,0.49589982628822327,-0.007342984899878502,0.5964007377624512,0.5013064742088318,-0.005948733538389206,0.5960673689842224,0.5061002969741821,0.00023206467449199408,0.5954757928848267,0.4567067325115204,-0.027597228065133095,0.5906277894973755,0.4559897780418396,-0.0194559283554554,0.533119797706604,0.3689097464084625,0.03143951669335365,0.5711865425109863,0.4155225455760956,-0.0010055610910058022,0.5651178359985352,0.41597312688827515,-3.202411608071998e-05,0.5595623850822449,0.4144427478313446,0.002025771653279662,0.5527780652046204,0.4092618227005005,0.007233376149088144,0.5764830112457275,0.41287606954574585,-0.0005083947908133268,0.5640491843223572,0.38705527782440186,-0.004088416695594788,0.570626437664032,0.388624906539917,-0.004564665723592043,0.5577649474143982,0.3881241977214813,-0.0013895739102736115,0.553570032119751,0.39180874824523926,0.0014438320649787784,0.5478211641311646,0.41255366802215576,0.011015799827873707,0.5762488842010498,0.5165015459060669,0.009400869719684124,0.5535620450973511,0.40499991178512573,0.007718249689787626,0.5315291881561279,0.405588835477829,0.03761407732963562,0.5419903993606567,0.4051845371723175,0.016826041042804718,0.5665268898010254,0.44328880310058594,-0.0028325666207820177,0.5884068012237549,0.47282710671424866,-0.012322095222771168,0.5891666412353516,0.48218241333961487,-0.00908901821821928,0.5803661346435547,0.47518011927604675,-0.008096941746771336,0.574968695640564,0.477447509765625,-0.0027039062697440386,0.5827590823173523,0.4817763566970825,-0.006125621497631073,0.5777251720428467,0.4816019535064697,-0.0012851384235545993,0.569838285446167,0.48727625608444214,0.008850039914250374,0.5907765030860901,0.45243388414382935,-0.03020363673567772,0.5900991559028625,0.4443069100379944,-0.03254306688904762,0.5447702407836914,0.37884220480918884,0.0034575399477034807,0.5792080760002136,0.4243110716342926,-0.005719135515391827,0.5784932971000671,0.44845208525657654,-0.015737978741526604,0.5782284140586853,0.44398435950279236,-0.014307152479887009,0.5480623245239258,0.44144389033317566,0.005956881679594517,0.5905015468597412,0.43406975269317627,-0.02990037389099598,0.5579813718795776,0.36822327971458435,-0.00806016381829977,0.5500982403755188,0.37150073051452637,-0.0025377017445862293,0.5385258793830872,0.35347291827201843,0.018139606341719627,0.5839406251907349,0.3787728250026703,-0.014422303065657616,0.5762638449668884,0.39302873611450195,-0.00307196332141757,0.5650651454925537,0.478860080242157,0.009326550178229809,0.5420033931732178,0.48004478216171265,0.06142282485961914,0.582660436630249,0.4531760513782501,-0.01348185446113348,0.5871657133102417,0.4557999074459076,-0.013549535535275936,0.5680137872695923,0.4807892441749573,0.008805936202406883,0.569654107093811,0.4812014102935791,0.007062684744596481,0.5470634698867798,0.3649264872074127,-0.0003386142780072987,0.5782743692398071,0.4512510597705841,-0.01220892183482647,0.5689228177070618,0.3697968125343323,-0.012275985442101955,0.568162202835083,0.36191806197166443,-0.01422013808041811,0.5624004006385803,0.3329046964645386,-0.007907480001449585,0.5424677133560181,0.36128535866737366,0.007274268195033073,0.5655897855758667,0.3488445281982422,-0.011637415736913681,0.5415576696395874,0.3747412860393524,0.008053542114794254,0.5367951393127441,0.3739030659198761,0.018648622557520866,0.5886006951332092,0.4778837263584137,-0.011287063360214233,0.5815185308456421,0.4786534011363983,-0.007261046674102545,0.5762560963630676,0.4795471429824829,-0.002415986964479089,0.5838995575904846,0.4544599652290344,-0.011945909820497036,0.5688421726226807,0.48100605607032776,0.007907330058515072,0.5719369053840637,0.4841650724411011,0.004634152632206678,0.5705549716949463,0.4814322590827942,0.0069299545139074326,0.585088849067688,0.45161494612693787,-0.02169610559940338,0.5788494944572449,0.48309844732284546,-0.00031300782575272024,0.5838625431060791,0.483907014131546,-0.0037182439118623734,0.5898334383964539,0.4847498834133148,-0.006446351297199726,0.588036298751831,0.5054446458816528,0.0009870652575045824,0.5877360105514526,0.5003135204315186,-0.0050452821888029575,0.5881400108337402,0.4948887825012207,-0.006195052061229944,0.5888258814811707,0.48939943313598633,-0.005356236826628447,0.5896613001823425,0.4850102663040161,-0.004807828459888697,0.5786449909210205,0.48317909240722656,0.0009981959592550993,0.5772239565849304,0.4850642681121826,0.00035073261824436486,0.5756441950798035,0.4876387119293213,-0.0002095131785608828,0.5744215250015259,0.49048593640327454,0.0011885968269780278,0.5711343288421631,0.468990296125412,-0.0013471953570842743,0.5339040756225586,0.441003680229187,0.0660935640335083,0.5956079959869385,0.45821183919906616,-0.01971685327589512,0.5749208927154541,0.4823465645313263,0.0046599432826042175,0.5734199285507202,0.48318007588386536,0.004338506143540144,0.588813304901123,0.4587623178958893,-0.013370439410209656,0.5799965262413025,0.4553849697113037,-0.007525198627263308,0.5880632400512695,0.4573292136192322,-0.013632909394800663,0.5726277828216553,0.4285520017147064,-0.002903236309066415,0.5623136758804321,0.4331480860710144,-6.0698745073750615e-05,0.5772334933280945,0.4470415711402893,-0.010655052959918976,0.547751784324646,0.34109896421432495,0.004424663260579109,0.5515035390853882,0.3523627519607544,-0.0027223285287618637,0.5560418367385864,0.3605610728263855,-0.007962553761899471,0.5743916630744934,0.4944760203361511,0.006051958538591862,0.5825281143188477,0.3661607503890991,-0.017642224207520485,0.5802463889122009,0.3488253355026245,-0.016922783106565475,0.5784206986427307,0.32915598154067993,-0.01532294787466526,0.5551273822784424,0.41244566440582275,0.004864848684519529,0.5415570735931396,0.41724222898483276,0.01504550315439701,0.5800313353538513,0.4102320075035095,-0.00015902995073702186,0.547642171382904,0.3944515883922577,0.007300060708075762,0.5834131240844727,0.41925379633903503,-0.008382472209632397,0.5816541910171509,0.4462900757789612,-0.021828800439834595,0.5358648300170898,0.4214777946472168,0.022701269015669823,0.5449102520942688,0.42278164625167847,0.010114450938999653,0.5519123077392578,0.4257805347442627,0.00451711704954505,0.5629257559776306,0.42592480778694153,0.0014584115706384182,0.5714671015739441,0.42369356751441956,-0.000716885959263891,0.5780847668647766,0.42002812027931213,-0.002917204052209854,0.5908694267272949,0.4084920585155487,-0.01606980711221695,0.5363189578056335,0.43812230229377747,0.02275286801159382,0.5431870818138123,0.39151692390441895,0.010118991136550903,0.5927367210388184,0.45639321208000183,-0.027140019461512566,0.5797127485275269,0.4319852292537689,-0.007821639999747276,0.5303872227668762,0.40415796637535095,0.0573621466755867,0.5830328464508057,0.41548940539360046,-0.004531216342002153,0.5766351222991943,0.44714510440826416,-0.0048025064170360565,0.5508581399917603,0.4038563072681427,0.00918694119900465,0.5816018581390381,0.44080641865730286,-0.02005690336227417,0.5370908379554749,0.4604259729385376,0.06538283824920654,0.5805544853210449,0.40758049488067627,0.0007754369871690869,0.5859173536300659,0.4366810619831085,-0.026073750108480453,0.55367511510849,0.49788549542427063,0.030841195955872536,0.5556541681289673,0.5063520073890686,0.042568035423755646,0.532870888710022,0.4401986300945282,0.044305283576250076,0.5458118915557861,0.4880715310573578,0.03748650476336479,0.5338129997253418,0.38879525661468506,0.029672635719180107,0.576292872428894,0.5232715010643005,0.01367927622050047,0.5934748649597168,0.4578782320022583,-0.01925709843635559,0.5742310881614685,0.4372943043708801,-0.004966477397829294,0.5372278094291687,0.40659910440444946,0.022978469729423523,0.5603392124176025,0.4109589457511902,0.0017408409621566534,0.5653055906295776,0.41212695837020874,7.557989010820165e-05,0.5706751942634583,0.48533517122268677,0.00579566927626729,0.5376744270324707,0.4542907178401947,0.02615082822740078,0.5862171053886414,0.5328460931777954,0.015497040003538132,0.5714107155799866,0.5227034091949463,0.027394646778702736,0.5645503401756287,0.5160146951675415,0.03409355878829956,0.5970931649208069,0.3493182957172394,-0.018980950117111206,0.5965352654457092,0.5343151688575745,0.0133017897605896,0.5704849362373352,0.41166675090789795,-0.00048512814100831747,0.5754448771476746,0.40995776653289795,3.242289676563814e-05,0.5787232518196106,0.4086190462112427,0.0009681463707238436,0.5393137335777283,0.38956740498542786,0.015969112515449524,0.5752874612808228,0.4030854105949402,-0.0017004752298817039,0.5701215267181396,0.4016421139240265,-0.0024559693410992622,0.5652925968170166,0.401278555393219,-0.0018717441707849503,0.560438871383667,0.401925265789032,0.0001278958807233721,0.5571404695510864,0.40306442975997925,0.002347271889448166,0.5305789709091187,0.3849097490310669,0.04560154303908348,0.5572178363800049,0.4091714024543762,0.0038611763156950474,0.5958706140518188,0.46512627601623535,-0.013162123039364815,0.5772805213928223,0.4658491015434265,-0.005717921536415815,0.5825958847999573,0.4522445499897003,-0.015807971358299255,0.5880406498908997,0.46502432227134705,-0.012106145732104778,0.5964897274971008,0.3945700526237488,-0.015614574775099754,0.5620813965797424,0.5076239109039307,0.025909455493092537,0.569238543510437,0.5152850151062012,0.020244119688868523,0.5852414965629578,0.5288896560668945,0.00788100901991129,0.5484398007392883,0.4953423738479614,0.052842821925878525,0.5789309144020081,0.40554511547088623,-0.0002119436685461551,0.5870022773742676,0.42158836126327515,-0.01662973128259182,0.5961853265762329,0.5301677584648132,0.0060248649679124355,0.5782451629638672,0.528651773929596,0.020351799204945564,0.5355163812637329,0.45790496468544006,0.045037977397441864,0.5836606621742249,0.48412299156188965,-0.002177524147555232,0.5822944045066833,0.4874313771724701,-0.002820932073518634,0.5811193585395813,0.4915730655193329,-0.0034564451780170202,0.5803026556968689,0.4963712692260742,-0.0021828284952789545,0.5802817344665527,0.5008828043937683,0.003024833044037223,0.5735987424850464,0.48135295510292053,0.0032777898013591766,0.5721421241760254,0.48029235005378723,0.0033900567796081305,0.5709826350212097,0.47918951511383057,0.003256171243265271,0.5665729641914368,0.47313031554222107,0.0039350916631519794,0.5439323782920837,0.4585781693458557,0.014070373959839344,0.5872552990913391,0.413322389125824,-0.01186690665781498,0.5843423008918762,0.3982996642589569,-0.004075953736901283,0.5812026858329773,0.40072527527809143,-0.0015277413185685873,0.57505202293396,0.4823601543903351,0.0037853349931538105,0.545678436756134,0.47704821825027466,0.024915602058172226,0.5892300009727478,0.3965694010257721,-0.0116136334836483,0.577967643737793,0.5086132287979126,0.006487350445240736,0.595737099647522,0.4242951571941376,-0.027357976883649826,0.5908973217010498,0.41757896542549133,-0.021241839975118637,0.5959579348564148,0.41592884063720703,-0.022929027676582336,0.5830659866333008,0.4339262843132019,-0.015552466735243797,0.596065878868103,0.5236722826957703,0.002168570179492235,0.5960366129875183,0.5146195292472839,0.0011393819004297256,0.5865534543991089,0.5138159990310669,0.0027459010016173124,0.5658838152885437,0.4918769598007202,0.012459791265428066,0.5715382099151611,0.45308974385261536,-0.0021288765128701925,0.5716598629951477,0.501214861869812,0.009958726353943348,0.556320071220398,0.45207351446151733,0.0010350458323955536,0.5652676224708557,0.46037793159484863,0.0005750790005549788,0.5518044233322144,0.46402207016944885,0.007257840130478144,0.5852473974227905,0.5225936770439148,0.004121141973882914,0.5799029469490051,0.4379970133304596,-0.010868835262954235,0.5623879432678223,0.4987516403198242,0.018492739647626877,0.569595992565155,0.5078461170196533,0.014844782650470734,0.5603642463684082,0.4817585051059723,0.012033574283123016,0.5402141809463501,0.4677518606185913,0.029441215097904205,0.553715705871582,0.4845424294471741,0.01786678284406662,0.5394871234893799,0.47395142912864685,0.04418833553791046,0.5604908466339111,0.4686858355998993,0.004926052410155535,0.5835400819778442,0.426746666431427,-0.011863987892866135,0.5833286643028259,0.45016759634017944,-0.02295587584376335,0.5801729559898376,0.4513143301010132,-0.016293132677674294,0.5856328010559082,0.4450751841068268,-0.027187122032046318,0.5796034932136536,0.38828837871551514,-0.006162708159536123,0.5699477791786194,0.38119038939476013,-0.006607809104025364,0.561542272567749,0.3795948326587677,-0.005383030511438847,0.5546368956565857,0.3815074563026428,-0.0021127378568053246,0.5498116612434387,0.38625597953796387,0.002106814179569483,0.5469580888748169,0.40428704023361206,0.012069463729858398,0.5314305424690247,0.42290231585502625,0.041397348046302795,0.550585150718689,0.4163835346698761,0.008015569299459457,0.5561820864677429,0.4189625382423401,0.00448350515216589,0.5638333559036255,0.4203093647956848,0.001745410612784326,0.5714717507362366,0.41923314332962036,-0.00034417753340676427,0.5776364803314209,0.41630229353904724,-0.0008495558868162334,0.581842303276062,0.41319143772125244,-0.001863631303422153,0.5319457650184631,0.42241761088371277,0.06369707733392715,0.580329179763794,0.45287275314331055,-0.01325162686407566,0.5867734551429749,0.4289640188217163,-0.020591072738170624,0.5870867967605591,0.4510986804962158,-0.027431724593043327,0.5901349186897278,0.45490196347236633,-0.024841001257300377,0.5871827006340027,0.4522632360458374,-0.024552971124649048,0.5817064642906189,0.45492085814476013,-0.011050466448068619,0.5910629034042358,0.4557831883430481,-0.026326516643166542,0.5918265581130981,0.45726847648620605,-0.019334102049469948,0.5824542045593262,0.40708187222480774,-0.00012579125177580863,0.5851350426673889,0.4081040918827057,-0.0034383402671664953,0.5867282152175903,0.40867945551872253,-0.007010967005044222,0.5551355481147766,0.40401849150657654,0.0047380062751472,0.5508366823196411,0.3966492712497711,0.00525897229090333,0.600564181804657,0.42543041706085205,-0.025599565356969833,0.639170229434967,0.40785878896713257,0.0017817054176703095,0.6008267402648926,0.45590832829475403,-0.01986394263803959,0.6651600003242493,0.36880552768707275,0.02548951283097267,0.6218882203102112,0.4148937463760376,-0.0034765733871608973,0.6280730366706848,0.4156550168991089,-0.002977261785417795,0.6339138150215149,0.41452664136886597,-0.001399953500367701,0.6418197751045227,0.4093308746814728,0.003180094063282013,0.6166303753852844,0.4123922288417816,-0.002456467831507325,0.6313818097114563,0.38869941234588623,-0.007237568963319063,0.6246824264526367,0.3900504410266876,-0.007064985577017069,0.6377570033073425,0.3897669315338135,-0.004989414010196924,0.6419063210487366,0.39313480257987976,-0.0024485685862600803,0.6465022563934326,0.4125450551509857,0.006736202631145716,0.6166510581970215,0.5166221261024475,0.007596602197736502,0.6413602232933044,0.4053124785423279,0.0037421388551592827,0.6657118797302246,0.4054986834526062,0.03190569207072258,0.653494119644165,0.4049457907676697,0.01205317210406065,0.626727819442749,0.443185418844223,-0.005405536852777004,0.605224072933197,0.4725835919380188,-0.013046377338469028,0.6043696999549866,0.48198166489601135,-0.009792882017791271,0.6134617328643799,0.47467443346977234,-0.009570324793457985,0.6188740730285645,0.4767448306083679,-0.004687062464654446,0.610947847366333,0.48139244318008423,-0.007477036211639643,0.6160972118377686,0.481026291847229,-0.003011043881997466,0.6239252686500549,0.48691773414611816,0.0063484907150268555,0.599992573261261,0.45238959789276123,-0.030527446419000626,0.6005957722663879,0.44421589374542236,-0.03295174241065979,0.6517798900604248,0.3801712095737457,-0.0011095174122601748,0.6141155958175659,0.4241896867752075,-0.007377267349511385,0.6135452389717102,0.44818201661109924,-0.017282024025917053,0.6140134930610657,0.4437035620212555,-0.015923839062452316,0.6458805799484253,0.4414167106151581,0.0018354409839957952,0.6005941033363342,0.4339655339717865,-0.03042450174689293,0.6378791928291321,0.37044060230255127,-0.011190736666321754,0.6461699604988098,0.37341833114624023,-0.006504229735583067,0.6593274474143982,0.35332831740379333,0.012763803824782372,0.609913170337677,0.38024044036865234,-0.015438121743500233,0.618649959564209,0.39415478706359863,-0.005100021604448557,0.6289020776748657,0.47837430238723755,0.006374149117618799,0.6548724174499512,0.47988343238830566,0.05599788576364517,0.609347939491272,0.4529708921909332,-0.014669524505734444,0.6047477126121521,0.4556421935558319,-0.01414047833532095,0.626044511795044,0.4798183739185333,0.00622940668836236,0.6243880391120911,0.4802664518356323,0.0047821542248129845,0.6501117944717407,0.3666657507419586,-0.004553100094199181,0.6139671802520752,0.45097479224205017,-0.013720552437007427,0.6261915564537048,0.3719618618488312,-0.014443169347941875,0.6272363662719727,0.3642107844352722,-0.01643301732838154,0.6337591409683228,0.33273589611053467,-0.011033724993467331,0.6543362736701965,0.3612382411956787,0.00270473794080317,0.6294768452644348,0.3487716019153595,-0.014129197224974632,0.6557030081748962,0.3756577968597412,0.0031986015383154154,0.660489022731781,0.37395116686820984,0.013444149866700172,0.6049860119819641,0.4776707887649536,-0.012030347250401974,0.6122400760650635,0.47823402285575867,-0.008693468756973743,0.6175730228424072,0.47888919711112976,-0.00428323308005929,0.6080971360206604,0.4542602598667145,-0.01286354474723339,0.6251974701881409,0.4800567626953125,0.005511946510523558,0.6217553615570068,0.4832765758037567,0.0025867787189781666,0.62349534034729,0.4805121123790741,0.00472017889842391,0.6064392328262329,0.4514599144458771,-0.022741811349987984,0.6149373054504395,0.48253893852233887,-0.0019401756580919027,0.6097985506057739,0.48352646827697754,-0.004961012862622738,0.6037397980690002,0.48455992341041565,-0.0071626584976911545,0.6043263673782349,0.5054728984832764,0.0003108921810053289,0.6052239537239075,0.5000098943710327,-0.005788598675280809,0.6048762798309326,0.4945876896381378,-0.006989921443164349,0.604304313659668,0.4891297519207001,-0.006132782902568579,0.603596031665802,0.4847603440284729,-0.005547360982745886,0.6148749589920044,0.4825018048286438,-0.0006281747482717037,0.6162848472595215,0.4843358099460602,-0.001262499950826168,0.6177960634231567,0.4868420660495758,-0.0018486276967450976,0.6189308166503906,0.4896298050880432,-0.000533216109033674,0.6219296455383301,0.46870526671409607,-0.003555846167728305,0.6638658046722412,0.4410195052623749,0.060083143413066864,0.6188213229179382,0.4815649390220642,0.0026770979166030884,0.6203011870384216,0.48234790563583374,0.0023456972558051348,0.6030502915382385,0.4587133824825287,-0.013949081301689148,0.612419068813324,0.45514044165611267,-0.008736218325793743,0.6038240790367126,0.4572543799877167,-0.014204071834683418,0.6208386421203613,0.42844584584236145,-0.005110225174576044,0.6313061714172363,0.433113694190979,-0.003068857593461871,0.6152169704437256,0.4467843174934387,-0.012308171018958092,0.6493731737136841,0.3409282863140106,-2.5747274321474833e-06,0.6445708274841309,0.35233116149902344,-0.006396252661943436,0.6403836011886597,0.3626902103424072,-0.011294647119939327,0.618854820728302,0.49430593848228455,0.004030793905258179,0.6118053197860718,0.3680073916912079,-0.01873185858130455,0.6142169833183289,0.3487694263458252,-0.018186401575803757,0.6170655488967896,0.3290196359157562,-0.01689392514526844,0.6388772130012512,0.41264960169792175,0.0010363688925281167,0.6525529623031616,0.41673994064331055,0.010307203978300095,0.6132844686508179,0.41014158725738525,-0.0018873291555792093,0.6480886340141296,0.3951760530471802,0.0029117066878825426,0.6097757816314697,0.41914650797843933,-0.009705894626677036,0.6099472045898438,0.4460882246494293,-0.023068465292453766,0.659718930721283,0.4214814305305481,0.01739400252699852,0.6481360793113708,0.42268243432044983,0.005666498094797134,0.6403828859329224,0.42585933208465576,0.0006601570057682693,0.6291353702545166,0.4257308542728424,-0.0015216467436403036,0.6206930875778198,0.4231932759284973,-0.0030015436932444572,0.6142096519470215,0.41975024342536926,-0.004629450384527445,0.6017334461212158,0.4084264934062958,-0.016633495688438416,0.6587531566619873,0.4381500482559204,0.017431026324629784,0.6529359817504883,0.3921034634113312,0.00532826641574502,0.5982524156570435,0.4563513398170471,-0.02740323729813099,0.6132321953773499,0.4318210482597351,-0.009409886784851551,0.6680555939674377,0.40399062633514404,0.05117100849747658,0.6093751788139343,0.41558682918548584,-0.005854945629835129,0.6161330342292786,0.446907639503479,-0.0064383940771222115,0.644415020942688,0.40406903624534607,0.005047881044447422,0.6103002429008484,0.4405861496925354,-0.02132200449705124,0.6603420972824097,0.4604290723800659,0.059641338884830475,0.6134719252586365,0.40774768590927124,-0.0009881820296868682,0.6055111885070801,0.4365280866622925,-0.027010133489966393,0.6410936117172241,0.49780988693237305,0.02683374285697937,0.6396945714950562,0.5061426162719727,0.038461703807115555,0.6634151935577393,0.4401545226573944,0.03851016238331795,0.6493939161300659,0.48787856101989746,0.03276093304157257,0.6634858846664429,0.3887486159801483,0.024143213406205177,0.6167483925819397,0.5234483480453491,0.011730168014764786,0.5977789163589478,0.4578353762626648,-0.01942751184105873,0.6188948154449463,0.4371342062950134,-0.006958398502320051,0.65858393907547,0.40592876076698303,0.017743349075317383,0.6332940459251404,0.41132164001464844,-0.001576260314323008,0.6280813813209534,0.41209858655929565,-0.002889501629397273,0.6230342984199524,0.4843999743461609,0.0036014821380376816,0.6573091745376587,0.45430272817611694,0.0209498293697834,0.6069271564483643,0.532856822013855,0.014393218792974949,0.6228095889091492,0.5226638317108154,0.02461041696369648,0.6302827000617981,0.5159269571304321,0.03069671243429184,0.6229124069213867,0.41127490997314453,-0.003012248547747731,0.618048369884491,0.4095499515533447,-0.002122346078976989,0.6150128245353699,0.4084928631782532,-0.0009494774858467281,0.6574252247810364,0.38950464129447937,0.010848472826182842,0.6195618510246277,0.4038293659687042,-0.003968002274632454,0.6249151825904846,0.4024989902973175,-0.00508420355618,0.6297428011894226,0.40226975083351135,-0.004923933185636997,0.6344317197799683,0.40274086594581604,-0.0033453742507845163,0.6376426815986633,0.40364712476730347,-0.0013414392014965415,0.6678131818771362,0.38476112484931946,0.039456047117710114,0.6367416977882385,0.40967974066734314,0.00023633123782929033,0.6154256463050842,0.46558886766433716,-0.007365066558122635,0.6092721819877625,0.45205938816070557,-0.016891436651349068,0.6040356159210205,0.4649740755558014,-0.01281507033854723,0.6322699785232544,0.5077455639839172,0.02263428270816803,0.6245033740997314,0.5154901742935181,0.017641233280301094,0.6072625517845154,0.528988778591156,0.006783456541597843,0.6476449370384216,0.49506789445877075,0.04792827367782593,0.6154174208641052,0.4060378670692444,-0.0021989871747791767,0.6053647994995117,0.4215027093887329,-0.0175248421728611,0.6152890920639038,0.5286374688148499,0.01826457493007183,0.6604843139648438,0.45784538984298706,0.03949742764234543,0.6097028255462646,0.4836128354072571,-0.003432381898164749,0.610992968082428,0.4868633449077606,-0.004091436043381691,0.6121042370796204,0.4909420907497406,-0.004796795081347227,0.6128580570220947,0.49567943811416626,-0.003540758043527603,0.6124468445777893,0.5007690191268921,0.0015428730985149741,0.620387852191925,0.48056817054748535,0.0011704170610755682,0.6218000054359436,0.4794667065143585,0.0011151055805385113,0.622995913028717,0.47832509875297546,0.0008649569354020059,0.6269503831863403,0.4727172255516052,0.0011869797017425299,0.6502352952957153,0.45852917432785034,0.009568911977112293,0.6056401133537292,0.41325753927230835,-0.012833562679588795,0.609424352645874,0.3988877534866333,-0.005255707073956728,0.6129725575447083,0.4014110863208771,-0.0031885127536952496,0.6189268827438354,0.48162850737571716,0.0018061721930280328,0.6489723324775696,0.47686767578125,0.02042444422841072,0.6036423444747925,0.3974715769290924,-0.012284008786082268,0.6148415803909302,0.5086164474487305,0.0048579322174191475,0.6011526584625244,0.41751548647880554,-0.021730870008468628,0.6092398762702942,0.43381455540657043,-0.01673145405948162,0.6057416796684265,0.5138419270515442,0.0019252420170232654,0.6278721690177917,0.49172690510749817,0.009622417390346527,0.6214938163757324,0.45286330580711365,-0.004258211702108383,0.6217191815376282,0.5011581182479858,0.007714180275797844,0.6370973587036133,0.45202136039733887,-0.002261324319988489,0.6280233860015869,0.4602430462837219,-0.002074784366413951,0.6419841051101685,0.46397092938423157,0.003504842985421419,0.6070600748062134,0.5226959586143494,0.003052373882383108,0.6127391457557678,0.4377705752849579,-0.012347917072474957,0.6316593885421753,0.4987526535987854,0.015329145826399326,0.6239098906517029,0.5079171657562256,0.012408577837049961,0.6335171461105347,0.48150119185447693,0.008637871593236923,0.6548815369606018,0.4676460921764374,0.02449313923716545,0.6404779553413391,0.48438870906829834,0.014041366055607796,0.6562778353691101,0.47377878427505493,0.0388895645737648,0.6332067847251892,0.46849530935287476,0.001727333408780396,0.609130322933197,0.4266361594200134,-0.013112393207848072,0.6081744432449341,0.4499995708465576,-0.024068154394626617,0.6117619872093201,0.45109009742736816,-0.017599256709218025,0.6054987907409668,0.44493305683135986,-0.02813199907541275,0.614889919757843,0.3895837962627411,-0.0077668228186666965,0.6251320838928223,0.382952481508255,-0.008920601569116116,0.6338005065917969,0.38155996799468994,-0.008415008895099163,0.6409335136413574,0.3833433985710144,-0.005789787042886019,0.6459290981292725,0.3876481056213379,-0.0020008166320621967,0.6484237909317017,0.40438976883888245,0.007675558794289827,0.6652653813362122,0.42286163568496704,0.035509973764419556,0.6430471539497375,0.4164640009403229,0.003947854042053223,0.6367841958999634,0.419018417596817,0.000925375206861645,0.6288171410560608,0.4199330508708954,-0.001201379345729947,0.621196985244751,0.4185282588005066,-0.002684975042939186,0.6151182055473328,0.4157566428184509,-0.002610297640785575,0.6110547780990601,0.41294246912002563,-0.003295646281912923,0.6662905216217041,0.422335684299469,0.05747705325484276,0.6117393970489502,0.4526052176952362,-0.014538731426000595,0.6050975918769836,0.42885977029800415,-0.021520057693123817,0.6039741039276123,0.4509911835193634,-0.028131071478128433,0.6011459827423096,0.454867422580719,-0.025233177468180656,0.6041582226753235,0.452190101146698,-0.02527044154703617,0.6104671359062195,0.45466622710227966,-0.012139027006924152,0.6000422835350037,0.4557356536388397,-0.026644086465239525,0.599515974521637,0.45719093084335327,-0.019628064706921577,0.6112146973609924,0.40733861923217773,-0.0015880928840488195,0.6080359816551208,0.4082261025905609,-0.004548342898488045,0.6058433055877686,0.4091425836086273,-0.00795680284500122,0.6396940350532532,0.4044533669948578,0.0008978593978099525,0.6445643901824951,0.3974144160747528,0.0011726324446499348,0.5673432946205139,0.40688350796699524,0.001327886013314128,0.5733638405799866,0.40711212158203125,0.001327886013314128,0.5675050616264343,0.39955055713653564,0.001327886013314128,0.5612583756446838,0.406612366437912,0.001327886013314128,0.5671705603599548,0.4140101671218872,0.001327886013314128,0.6275984644889832,0.4077772796154022,-0.00160886999219656,0.6335983872413635,0.40767040848731995,-0.00160886999219656,0.6275781393051147,0.40055227279663086,-0.00160886999219656,0.6217078566551208,0.4078249931335449,-0.00160886999219656,0.6276584267616272,0.4148237407207489,-0.00160886999219656
4700.000000000002,0.5980464816093445,0.4760900139808655,-0.01277860440313816,0.596203088760376,0.45406049489974976,-0.030725747346878052,0.5966229438781738,0.46057599782943726,-0.01504660863429308,0.5918464660644531,0.4266870617866516,-0.025309504941105843,0.596184492111206,0.4457157254219055,-0.033392827957868576,0.5963501334190369,0.4345903992652893,-0.03203125670552254,0.5970157384872437,0.407479852437973,-0.01919674314558506,0.5561162233352661,0.40815091133117676,0.004746257793158293,0.5974463224411011,0.38336822390556335,-0.017153989523649216,0.5975885987281799,0.3711070120334625,-0.019646937027573586,0.5984353423118591,0.32941457629203796,-0.01897077076137066,0.5979923009872437,0.47987690567970276,-0.011759474873542786,0.5979050993919373,0.48371365666389465,-0.009761000983417034,0.5978233814239502,0.48618268966674805,-0.007009704131633043,0.5976892709732056,0.4863755702972412,-0.005177081096917391,0.5977182388305664,0.491217702627182,-0.005695052910596132,0.5976753830909729,0.4967818856239319,-0.006401561200618744,0.5975784659385681,0.5023078918457031,-0.004916165489703417,0.5969300866127014,0.5071094036102295,0.0013328498462215066,0.5963531136512756,0.45795077085494995,-0.027445238083600998,0.5914525985717773,0.4571208357810974,-0.019334031268954277,0.5340750217437744,0.3690197169780731,0.029831668362021446,0.5719829201698303,0.41639336943626404,-0.0016493130242452025,0.5658692121505737,0.4167465567588806,-0.0007014390430413187,0.5603142380714417,0.4151498079299927,0.0013088192790746689,0.5537338852882385,0.41001781821250916,0.006414924282580614,0.5773488879203796,0.4138292372226715,-0.0011425350094214082,0.5648919939994812,0.3881620168685913,-0.004924902226775885,0.5715270042419434,0.3897404670715332,-0.0053753480315208435,0.5585886240005493,0.3891849219799042,-0.0022582991514354944,0.554412841796875,0.392796128988266,0.0005554626113735139,0.5487284660339355,0.41320738196372986,0.010217980481684208,0.5770790576934814,0.5167825222015381,0.010617118328809738,0.5545317530632019,0.4057702124118805,0.006835969164967537,0.5324326157569885,0.4055559039115906,0.036497388035058975,0.5431171655654907,0.4058413803577423,0.015880161896348,0.5673273801803589,0.4439082443714142,-0.003009370993822813,0.5897406935691833,0.47408512234687805,-0.011845986358821392,0.5903262495994568,0.4831981360912323,-0.008544341661036015,0.5816205143928528,0.4763498306274414,-0.007626419886946678,0.5760493874549866,0.47843438386917114,-0.0021703923121094704,0.5838074684143066,0.4827563166618347,-0.00558377243578434,0.5786333680152893,0.4824798107147217,-0.0007003857754170895,0.570643961429596,0.4876338243484497,0.009685239754617214,0.5916516184806824,0.4537647068500519,-0.030110767111182213,0.5909669399261475,0.4456695318222046,-0.03252571076154709,0.545765221118927,0.3798116445541382,0.0023723221383988857,0.5800033807754517,0.42503154277801514,-0.006109044421464205,0.5792924165725708,0.44944000244140625,-0.015788210555911064,0.5790204405784607,0.4449208676815033,-0.014409506693482399,0.5489131212234497,0.4418008029460907,0.005622921045869589,0.591357946395874,0.43537360429763794,-0.0300181582570076,0.5587878227233887,0.3692813217639923,-0.009048005566000938,0.5509864091873169,0.37251752614974976,-0.0035885702818632126,0.5394787788391113,0.3538147211074829,0.016468923538923264,0.58470618724823,0.37973183393478394,-0.015197498723864555,0.5772315263748169,0.39411455392837524,-0.0038497287314385176,0.5658951997756958,0.47911298274993896,0.009966217912733555,0.5427894592285156,0.4794548749923706,0.06138179451227188,0.5834535956382751,0.4541808068752289,-0.013466822914779186,0.58795565366745,0.4567990303039551,-0.013436132110655308,0.5686413645744324,0.48137518763542175,0.009484450332820415,0.5702754855155945,0.48182588815689087,0.0077681164257228374,0.548094630241394,0.3660200238227844,-0.0015087525825947523,0.5790562033653259,0.45214295387268066,-0.012221446260809898,0.5696623921394348,0.37081122398376465,-0.013180792331695557,0.5689249038696289,0.36300477385520935,-0.01522061973810196,0.5633267164230347,0.333698034286499,-0.009508547373116016,0.5434146523475647,0.36177515983581543,0.0058830478228628635,0.5664964914321899,0.3497013747692108,-0.012946462258696556,0.5427020192146301,0.3757348656654358,0.006852213758975267,0.5377562642097473,0.37419208884239197,0.017258362844586372,0.5898692011833191,0.4790288209915161,-0.010766084305942059,0.5826796889305115,0.4797152280807495,-0.0067371497862041,0.5772630572319031,0.48046982288360596,-0.0018430800409987569,0.5846779942512512,0.45543378591537476,-0.011901129968464375,0.5694686770439148,0.48160839080810547,0.008601593784987926,0.5727030038833618,0.48494452238082886,0.0054624322801828384,0.5711687803268433,0.48207879066467285,0.0076426053419709206,0.5859314203262329,0.4527895450592041,-0.0216956939548254,0.5796791315078735,0.48396044969558716,0.0002750774146988988,0.5848149061203003,0.48482874035835266,-0.003171107964590192,0.5908981561660767,0.4856748580932617,-0.005900726653635502,0.5888040661811829,0.506399929523468,0.002076755277812481,0.5889066457748413,0.5013771653175354,-0.004036072641611099,0.5893216729164124,0.49582186341285706,-0.0052655721083283424,0.5899698734283447,0.490268737077713,-0.004503972362726927,0.590739905834198,0.4858729839324951,-0.004003778100013733,0.5794786810874939,0.4840101897716522,0.001777918660081923,0.5780898928642273,0.48591816425323486,0.0011826689587906003,0.5765549540519714,0.4885604977607727,0.000686580257024616,0.5753555297851562,0.49151042103767395,0.002115295734256506,0.5719320774078369,0.4695533514022827,-0.0009638171177357435,0.5347157120704651,0.44048935174942017,0.06533918529748917,0.596481442451477,0.4593624770641327,-0.01953847147524357,0.5756443738937378,0.48309701681137085,0.00542329391464591,0.5741682648658752,0.48392829298973083,0.0051415148191154,0.5896249413490295,0.45974376797676086,-0.013178606517612934,0.580753743648529,0.4561958312988281,-0.0074562979862093925,0.5888633728027344,0.45832112431526184,-0.013489995151758194,0.5734559893608093,0.429174542427063,-0.003266343381255865,0.5631641745567322,0.43367859721183777,-0.0004217796085868031,0.5780122876167297,0.44790059328079224,-0.010728230699896812,0.5486906170845032,0.3416709899902344,0.0027769943699240685,0.5524348616600037,0.3530394434928894,-0.004085771273821592,0.5569213032722473,0.3616747260093689,-0.009079398587346077,0.5751599073410034,0.49504485726356506,0.007011734880506992,0.5833051204681396,0.36724165081977844,-0.018530894070863724,0.5811330676078796,0.3498104512691498,-0.01814662292599678,0.5793355107307434,0.3300902247428894,-0.016844354569911957,0.555977463722229,0.4131419062614441,0.00409358786419034,0.5424669981002808,0.41775888204574585,0.014255575835704803,0.5809561610221863,0.41124391555786133,-0.000811910955235362,0.5486096143722534,0.3953191339969635,0.0063375807367265224,0.5841941237449646,0.4200679361820221,-0.008797588758170605,0.5824803709983826,0.44742095470428467,-0.021882422268390656,0.5367631316184998,0.42161208391189575,0.021921083331108093,0.5456143617630005,0.42325136065483093,0.009454162791371346,0.5524599552154541,0.42627599835395813,0.003971794620156288,0.5634770393371582,0.42652350664138794,0.0009801804553717375,0.5720824003219604,0.424387663602829,-0.0011803595116361976,0.5787351131439209,0.4208126366138458,-0.003391396254301071,0.5916659235954285,0.4094961881637573,-0.016563810408115387,0.5371745228767395,0.4381985366344452,0.022209372371435165,0.5442543625831604,0.3923308849334717,0.00906991958618164,0.5936020016670227,0.4576317071914673,-0.027006294578313828,0.5804948210716248,0.4327763617038727,-0.00810697115957737,0.5312893986701965,0.4038541316986084,0.05607626587152481,0.5837157964706421,0.4163495898246765,-0.005039908457547426,0.5773974657058716,0.4479033052921295,-0.004883437883108854,0.5518580079078674,0.40467569231987,0.00829567015171051,0.5824132561683655,0.44186678528785706,-0.0201770830899477,0.5378656983375549,0.45983976125717163,0.06495591253042221,0.5815529227256775,0.4085958003997803,6.648915586993098e-05,0.5867520570755005,0.4378737509250641,-0.026199081912636757,0.5545708537101746,0.4977007210254669,0.03143277391791344,0.5565159916877747,0.5059395432472229,0.04317496344447136,0.5337000489234924,0.43999364972114563,0.043642353266477585,0.5466845035552979,0.4878188371658325,0.0377650149166584,0.5347477197647095,0.3889172673225403,0.02838377095758915,0.5771445631980896,0.5234028100967407,0.014971180818974972,0.5943332314491272,0.4590277075767517,-0.019092699512839317,0.5750168561935425,0.4379839599132538,-0.005201936699450016,0.5384935140609741,0.40720826387405396,0.021971819922327995,0.5611063241958618,0.4117058217525482,0.0009814617224037647,0.5660726428031921,0.4129681885242462,-0.0006437266711145639,0.5714587569236755,0.4861662685871124,0.0066233850084245205,0.5384957194328308,0.45426878333091736,0.025867749005556107,0.5870354175567627,0.5329724550247192,0.01696726866066456,0.5722479224205017,0.5225204825401306,0.02849624864757061,0.5654056072235107,0.5157020688056946,0.034979719668626785,0.5979568958282471,0.35038042068481445,-0.02012290060520172,0.5973432660102844,0.5344970226287842,0.014863220974802971,0.5713062286376953,0.4125998616218567,-0.001182077219709754,0.576344907283783,0.4109593331813812,-0.0006608678377233446,0.5796929001808167,0.4096453785896301,0.0002611813833937049,0.5405471324920654,0.3903621733188629,0.014836219139397144,0.5762647390365601,0.40402013063430786,-0.002461828291416168,0.571050226688385,0.4025134742259979,-0.0032442014198750257,0.5661453604698181,0.402100533246994,-0.002688593929633498,0.561284065246582,0.4027087986469269,-0.000713796413037926,0.558016836643219,0.4038265347480774,0.0014918934321030974,0.5315138697624207,0.384813129901886,0.04411107301712036,0.5580467581748962,0.4098830819129944,0.003057989291846752,0.5967540740966797,0.46606919169425964,-0.012839281000196934,0.5780714154243469,0.46656665205955505,-0.005428376141935587,0.5834081172943115,0.453304648399353,-0.015820490196347237,0.5888592600822449,0.46593043208122253,-0.011794342659413815,0.5972862243652344,0.3955158591270447,-0.01622137613594532,0.5629739165306091,0.5075019598007202,0.02680969052016735,0.5701193809509277,0.5152586698532104,0.021358951926231384,0.5860637426376343,0.5291731357574463,0.009342161938548088,0.5492662787437439,0.4948310852050781,0.05311761796474457,0.5799235105514526,0.40652933716773987,-0.0009480378939770162,0.5878011584281921,0.42261117696762085,-0.016982797533273697,0.5969964861869812,0.5305131077766418,0.007574266754090786,0.579069972038269,0.5286407470703125,0.02165381796658039,0.5363186597824097,0.4576299488544464,0.04465985298156738,0.5846286416053772,0.4849947690963745,-0.0013937294716015458,0.5833123326301575,0.4883240759372711,-0.0019798502326011658,0.5821841955184937,0.4925430119037628,-0.0025380889419466257,0.5813915133476257,0.4974685311317444,-0.0012012043735012412,0.581024169921875,0.5016723871231079,0.004070385824888945,0.5743331909179688,0.4821054935455322,0.003915943671017885,0.5729416012763977,0.4810507595539093,0.00402059406042099,0.5718387365341187,0.4799743890762329,0.0038570170290768147,0.5673938989639282,0.4735211133956909,0.00441737612709403,0.5447747111320496,0.4587390422821045,0.013969146646559238,0.5880414247512817,0.4142415523529053,-0.012326902709901333,0.5852895379066467,0.3993431329727173,-0.004796458408236504,0.5821947455406189,0.40178382396698,-0.0022739185951650143,0.5757519602775574,0.48312610387802124,0.004429483320564032,0.5465341806411743,0.4770081639289856,0.025103004649281502,0.5900411605834961,0.39755141735076904,-0.01226748339831829,0.5787580013275146,0.5090803503990173,0.007621981669217348,0.5965734124183655,0.4255501627922058,-0.02757016196846962,0.591713011264801,0.4186953008174896,-0.021616032347083092,0.5967772603034973,0.41709578037261963,-0.023281006142497063,0.5838629603385925,0.43489471077919006,-0.01578005775809288,0.5968894958496094,0.5241757035255432,0.0036391597241163254,0.596873939037323,0.5153471827507019,0.002449312247335911,0.5873488783836365,0.5144723653793335,0.004016260616481304,0.5667324066162109,0.492061048746109,0.01329593826085329,0.5723180770874023,0.4537428319454193,-0.002129677217453718,0.5724698901176453,0.5015029907226562,0.010973934084177017,0.5571524500846863,0.4525623917579651,0.0009638219489715993,0.5660862326622009,0.46091243624687195,0.0007179839885793626,0.5526691675186157,0.4643107056617737,0.00736604630947113,0.586061954498291,0.5230351686477661,0.005511267576366663,0.5806897282600403,0.43885311484336853,-0.011059981770813465,0.5632627606391907,0.49879562854766846,0.019336657598614693,0.5704500675201416,0.5079712271690369,0.015912076458334923,0.5612363815307617,0.4819146394729614,0.012617145664989948,0.5410424470901489,0.4676452577114105,0.029392393305897713,0.5545883774757385,0.48459023237228394,0.018348000943660736,0.540313184261322,0.4736492335796356,0.044125448912382126,0.5613526105880737,0.46901172399520874,0.005223813466727734,0.5843285918235779,0.4276551902294159,-0.01218344084918499,0.5841690897941589,0.45134422183036804,-0.022976404055953026,0.5809800028800964,0.45233985781669617,-0.016297925263643265,0.5864839553833008,0.44634154438972473,-0.027214812114834785,0.5805100798606873,0.3893296718597412,-0.006962208077311516,0.5707780122756958,0.38230395317077637,-0.007465566508471966,0.562341570854187,0.380709707736969,-0.006265698466449976,0.5554539561271667,0.3825491964817047,-0.0030335586052387953,0.5507022738456726,0.3872200846672058,0.001147546572610736,0.5479931831359863,0.4050569236278534,0.011158440262079239,0.5323055386543274,0.42278093099594116,0.04049842432141304,0.5513683557510376,0.4170018136501312,0.007291525136679411,0.5568472743034363,0.4195897877216339,0.0038430504500865936,0.5644968152046204,0.4209940433502197,0.0011667929356917739,0.5721933841705322,0.42001229524612427,-0.0008998448611237109,0.5784176588058472,0.41716817021369934,-0.0014084051363170147,0.5826703906059265,0.41411903500556946,-0.0024307111743837595,0.5328016877174377,0.42198407649993896,0.0626504197716713,0.5811172723770142,0.4538213908672333,-0.013240919448435307,0.5875929594039917,0.43007102608680725,-0.020838873460888863,0.5879453420639038,0.45237797498703003,-0.02739199809730053,0.5909757614135742,0.456098347902298,-0.024734191596508026,0.5880286693572998,0.4534817337989807,-0.024513239040970802,0.5824721455574036,0.45581766963005066,-0.01099605206400156,0.5919198393821716,0.45700955390930176,-0.026200436055660248,0.5926693677902222,0.458407461643219,-0.019191039726138115,0.5834251642227173,0.4081399142742157,-0.0008079619728960097,0.5860230922698975,0.4090937376022339,-0.004054015502333641,0.5874801874160767,0.4096119701862335,-0.007564163766801357,0.5560531616210938,0.404773473739624,0.003869440173730254,0.5517551898956299,0.3975358009338379,0.004356382414698601,0.6013805270195007,0.42665767669677734,-0.025784337893128395,0.6398960947990417,0.40886613726615906,0.0013479192275553942,0.6017293334007263,0.45702922344207764,-0.019694698974490166,0.6657898426055908,0.3693199157714844,0.024519210681319237,0.6226606965065002,0.41579967737197876,-0.003865639679133892,0.6288681626319885,0.4165075123310089,-0.0033385716378688812,0.6347073316574097,0.41535484790802,-0.0017557640094310045,0.64256751537323,0.4102919101715088,0.002789813093841076,0.6173478960990906,0.41336584091186523,-0.002890361938625574,0.6320197582244873,0.3898637592792511,-0.0077471621334552765,0.625323474407196,0.39121013879776,-0.007616323418915272,0.6383901238441467,0.39091727137565613,-0.00547788804396987,0.6425472497940063,0.3942527770996094,-0.0029232772067189217,0.6472921967506409,0.4133654236793518,0.006387660745531321,0.617318868637085,0.5169222354888916,0.008987474255263805,0.6420668363571167,0.4064299166202545,0.003283882513642311,0.6662672162055969,0.4058070182800293,0.03142423927783966,0.6541863679885864,0.40576931834220886,0.01162104494869709,0.6274369359016418,0.44383952021598816,-0.00533263897523284,0.6063403487205505,0.4736565351486206,-0.012499287724494934,0.6054378747940063,0.48283955454826355,-0.009186594747006893,0.6142760515213013,0.47543495893478394,-0.008948156610131264,0.619452953338623,0.47727590799331665,-0.003951002843677998,0.6118116974830627,0.4820755124092102,-0.00681065721437335,0.6167467832565308,0.4815453588962555,-0.0022618200164288282,0.6248140931129456,0.48721861839294434,0.007423207629472017,0.600858747959137,0.45371612906455994,-0.03039557673037052,0.6014528870582581,0.44558149576187134,-0.032888688147068024,0.6523464918136597,0.38117972016334534,-0.0017143236473202705,0.6148298978805542,0.42495015263557434,-0.0075965942814946175,0.6143909692764282,0.4491363763809204,-0.017155826091766357,0.614840567111969,0.44461333751678467,-0.01584484428167343,0.6464399695396423,0.4418694078922272,0.0019022877095267177,0.6014359593391418,0.4352804720401764,-0.03048442304134369,0.6384643316268921,0.37154021859169006,-0.011874230578541756,0.6467201113700867,0.3744747042655945,-0.007162794936448336,0.6599715352058411,0.3540915846824646,0.01166525762528181,0.6105781197547913,0.3813089430332184,-0.01612204872071743,0.6192910671234131,0.3952956795692444,-0.005661378148943186,0.6297588348388672,0.4785473048686981,0.007304130122065544,0.6552414894104004,0.4794687330722809,0.05655118450522423,0.6102262139320374,0.4539317488670349,-0.0145241254940629,0.6056540608406067,0.4566122889518738,-0.013964389450848103,0.6262750029563904,0.48006927967071533,0.007162121124565601,0.624668300151825,0.4805485010147095,0.005715446081012487,0.6506004929542542,0.3677542209625244,-0.005295992828905582,0.6148347854614258,0.4518166780471802,-0.013562005013227463,0.626823365688324,0.37304747104644775,-0.015134969726204872,0.6278279423713684,0.3653513789176941,-0.01720414310693741,0.6345666646957397,0.3337932825088501,-0.012313582934439182,0.6549605131149292,0.36217913031578064,0.0018049381906166673,0.6302594542503357,0.349917471408844,-0.01516382209956646,0.6562170386314392,0.37667545676231384,0.0025163847021758556,0.6610808372497559,0.374672532081604,0.012622580863535404,0.606079638004303,0.47865110635757446,-0.011439576745033264,0.6130815744400024,0.4789577126502991,-0.008031066507101059,0.6181895732879639,0.479408860206604,-0.003527952590957284,0.6089988350868225,0.45518940687179565,-0.012714850716292858,0.6254581809043884,0.48031914234161377,0.006442546844482422,0.6221804022789001,0.4837595820426941,0.0036203761119395494,0.6237887144088745,0.48082098364830017,0.005654759239405394,0.6072965860366821,0.452612042427063,-0.022618448361754417,0.615615963935852,0.4830748438835144,-0.0011953188804909587,0.6106757521629333,0.4841826558113098,-0.004295660648494959,0.6047769784927368,0.4853469729423523,-0.006551466882228851,0.6052219867706299,0.5064331293106079,0.0014462036779150367,0.6062031388282776,0.5009745955467224,-0.0047225020825862885,0.6058990359306335,0.4954158365726471,-0.005998029373586178,0.6053441166877747,0.48989784717559814,-0.005216827616095543,0.6046284437179565,0.4855225384235382,-0.004685365129262209,0.6155505776405334,0.4830929636955261,0.0003055339038837701,0.6169359683990479,0.4849553108215332,-0.0002745467936620116,0.6184037923812866,0.4875248372554779,-0.0007937753107398748,0.6195029616355896,0.4904327094554901,0.000563745154067874,0.6228117942810059,0.46920788288116455,-0.0029307990334928036,0.664337694644928,0.4407832622528076,0.05998857319355011,0.6193199753761292,0.48203980922698975,0.0036392691545188427,0.6207711696624756,0.48280832171440125,0.0033480932470411062,0.6039550304412842,0.4596707820892334,-0.013694901019334793,0.6133270263671875,0.4558934271335602,-0.008534056134521961,0.6047316193580627,0.4582200348377228,-0.014000185765326023,0.6215085983276367,0.4291130304336548,-0.005257632117718458,0.6319295763969421,0.4337121844291687,-0.0031493380665779114,0.6160536408424377,0.44760215282440186,-0.012196275405585766,0.6500873565673828,0.3418702483177185,-0.0011881561949849129,0.645255982875824,0.3534233272075653,-0.007365611381828785,0.6409138441085815,0.3638390600681305,-0.01207470428198576,0.6197487115859985,0.49485576152801514,0.005187235772609711,0.612413763999939,0.3691638708114624,-0.019517110660672188,0.6150586009025574,0.3498951494693756,-0.019263872876763344,0.6179391741752625,0.3300938308238983,-0.018246488645672798,0.6396500468254089,0.4135122001171112,0.0006695800693705678,0.6533564329147339,0.4174090027809143,0.010023949667811394,0.6139569282531738,0.4111669063568115,-0.0023598955012857914,0.6487297415733337,0.39617565274238586,0.0024173392448574305,0.6105147004127502,0.42000073194503784,-0.009986741468310356,0.6107824444770813,0.4472053349018097,-0.02297860011458397,0.6602027416229248,0.4218548834323883,0.017187142744660378,0.6490423679351807,0.42331892251968384,0.0054820869117975235,0.6413722634315491,0.42647409439086914,0.0005105903255753219,0.6301324963569641,0.42640018463134766,-0.0017083713319152594,0.621650755405426,0.42395535111427307,-0.0032416721805930138,0.6151115894317627,0.4206010699272156,-0.004930059425532818,0.6025152206420898,0.40945613384246826,-0.017073243856430054,0.6592246890068054,0.4383971393108368,0.01745295524597168,0.6535657644271851,0.39303797483444214,0.004801825620234013,0.5991310477256775,0.45758485794067383,-0.027237482368946075,0.6139959692955017,0.43262749910354614,-0.009519945830106735,0.6686345338821411,0.40404149889945984,0.050554145127534866,0.610228955745697,0.41649264097213745,-0.0062312171794474125,0.6169695854187012,0.4476213753223419,-0.0063387504778802395,0.6451144814491272,0.40512651205062866,0.004594764672219753,0.6111241579055786,0.44163793325424194,-0.021296599879860878,0.660771906375885,0.4600764811038971,0.059849269688129425,0.6141017079353333,0.40883371233940125,-0.0015083140460774302,0.6063382625579834,0.43773385882377625,-0.027032913640141487,0.6414456963539124,0.49766549468040466,0.02784988284111023,0.6400045156478882,0.5057899355888367,0.039516206830739975,0.6638773083686829,0.44019752740859985,0.0384841114282608,0.6497182250022888,0.4877084195613861,0.033545803278684616,0.6640806794166565,0.38924968242645264,0.023463387042284012,0.6173614263534546,0.5236125588417053,0.013221175409853458,0.5986618399620056,0.45898038148880005,-0.019244175404310226,0.6196401715278625,0.43783727288246155,-0.006987493485212326,0.659228503704071,0.4066329300403595,0.017306387424468994,0.6340356469154358,0.41221117973327637,-0.001983731286600232,0.6288232803344727,0.4129950702190399,-0.0032993098720908165,0.6234202980995178,0.4849379360675812,0.004645938519388437,0.6577603816986084,0.45442014932632446,0.021212246268987656,0.6076524257659912,0.5329908132553101,0.0159688089042902,0.6233190298080444,0.5225309729576111,0.02599877491593361,0.6306799650192261,0.5156580805778503,0.03194594383239746,0.6236365437507629,0.41222554445266724,-0.0034516078885644674,0.6187258958816528,0.4105585515499115,-0.0025960367638617754,0.615656316280365,0.40954625606536865,-0.0014568151673302054,0.6579917669296265,0.3904239237308502,0.010273324325680733,0.6201911568641663,0.40514227747917175,-0.004495520610362291,0.625577449798584,0.4039427638053894,-0.005602492485195398,0.6304059624671936,0.403759241104126,-0.005423312541097403,0.6350816488265991,0.40418100357055664,-0.003823772771283984,0.6383081078529358,0.4049780070781708,-0.0018099111039191484,0.668438196182251,0.38504302501678467,0.038623254746198654,0.6374761462211609,0.41061529517173767,-0.0001836292794905603,0.6163296103477478,0.4662491977214813,-0.006888385396450758,0.6101352572441101,0.4530845582485199,-0.016779109835624695,0.6049583554267883,0.46585434675216675,-0.012429394759237766,0.6326863169670105,0.5076500177383423,0.023876599967479706,0.6250073909759521,0.5155002474784851,0.019027501344680786,0.6079708933830261,0.529280960559845,0.0083408048376441,0.6479542255401611,0.4946693181991577,0.04874274507164955,0.6160402297973633,0.40720847249031067,-0.0027264899108558893,0.6061458587646484,0.4225573241710663,-0.017778679728507996,0.61591637134552,0.528661847114563,0.01977505534887314,0.6609088778495789,0.45776551961898804,0.03973091021180153,0.6105630397796631,0.48430517315864563,-0.002536915708333254,0.6118361353874207,0.4875785708427429,-0.003131425241008401,0.6129175424575806,0.4917336702346802,-0.0037565501406788826,0.6136390566825867,0.49662184715270996,-0.0024345857091248035,0.6133615970611572,0.5015657544136047,0.002719275653362274,0.6208559274673462,0.48095703125,0.0020116560626775026,0.6222245693206787,0.4798371195793152,0.001968421507626772,0.6233802437782288,0.4786953926086426,0.0017050481401383877,0.6278166770935059,0.47303685545921326,0.001955365063622594,0.6507407426834106,0.4587787091732025,0.009908335283398628,0.6064028143882751,0.4142151474952698,-0.013203280977904797,0.6100937128067017,0.39996105432510376,-0.005835433024913073,0.6136097311973572,0.40251317620277405,-0.003748807590454817,0.619430422782898,0.48205894231796265,0.002646041801199317,0.6494004726409912,0.4768895208835602,0.02107132412493229,0.6043717265129089,0.3985094726085663,-0.012859106995165348,0.6156043410301208,0.5090951919555664,0.006138077471405268,0.6019526720046997,0.4186539053916931,-0.022052954882383347,0.6100320219993591,0.43479734659194946,-0.01682705245912075,0.6065449118614197,0.5145077705383301,0.003260723315179348,0.6285538077354431,0.49187758564949036,0.01073126308619976,0.6222984194755554,0.45348644256591797,-0.004035854712128639,0.6224467158317566,0.5014355182647705,0.008942469954490662,0.637729287147522,0.4525676369667053,-0.002020568121224642,0.6287614107131958,0.4607730209827423,-0.001658988301642239,0.6425461173057556,0.46430549025535583,0.003970497753471136,0.6077989339828491,0.5231446623802185,0.004531439393758774,0.6135321855545044,0.4386177361011505,-0.012373354285955429,0.6321841478347778,0.4987958073616028,0.016487805172801018,0.6245099306106567,0.5080572366714478,0.013717706315219402,0.6341743469238281,0.48161911964416504,0.00954850111156702,0.6552945375442505,0.4676494300365448,0.024962374940514565,0.640977144241333,0.4844474196434021,0.014903456903994083,0.6566359996795654,0.473623663187027,0.039404742419719696,0.6339022517204285,0.4688018262386322,0.002334998454898596,0.6099013686180115,0.42757028341293335,-0.013292410410940647,0.6090222597122192,0.4511578381061554,-0.02395816147327423,0.6126192212104797,0.4520789086818695,-0.017453772947192192,0.6063448786735535,0.4461994171142578,-0.028058484196662903,0.6155487298965454,0.3906743824481964,-0.008381658233702183,0.6257736682891846,0.38407039642333984,-0.009533263742923737,0.6344253420829773,0.38268887996673584,-0.008994586765766144,0.6415367722511292,0.38444453477859497,-0.006331916898488998,0.6465387344360352,0.38870713114738464,-0.0025240862742066383,0.6491311192512512,0.405327171087265,0.007229366339743137,0.6657564043998718,0.42303693294525146,0.0352584533393383,0.6439020037651062,0.41724443435668945,0.0036486610770225525,0.6376745700836182,0.419750839471817,0.0006482218741439283,0.629714846611023,0.42070335149765015,-0.0014818976633250713,0.6220518946647644,0.4193744361400604,-0.0030033912044018507,0.615916907787323,0.416672945022583,-0.002987559186294675,0.6118229031562805,0.4139041006565094,-0.003713117679581046,0.6668139696121216,0.42222073674201965,0.057099584490060806,0.6126147508621216,0.4535067677497864,-0.014382289722561836,0.6058969497680664,0.42999306321144104,-0.021663954481482506,0.6048365831375122,0.45226335525512695,-0.028010617941617966,0.6020365953445435,0.4560580849647522,-0.025079241022467613,0.6050283312797546,0.4533969759941101,-0.025146091356873512,0.6113743185997009,0.45551228523254395,-0.011963867582380772,0.6009236574172974,0.4569553732872009,-0.026479089632630348,0.6004078984260559,0.4583185017108917,-0.019451923668384552,0.6118658185005188,0.4083903133869171,-0.002105443272739649,0.6087650656700134,0.4092329442501068,-0.0050417762249708176,0.606637716293335,0.4101133346557617,-0.008419114165008068,0.6403819918632507,0.4056777060031891,0.0004322417080402374,0.6452271342277527,0.3984837830066681,0.0007064472883939743,0.5682622790336609,0.40764734148979187,0.0005479720421135426,0.5743792057037354,0.40792953968048096,0.0005479720421135426,0.5684832334518433,0.4004482924938202,0.0005479720421135426,0.5620815753936768,0.4073048532009125,0.0005479720421135426,0.5680213570594788,0.41461730003356934,0.0005479720421135426,0.6282402276992798,0.40853044390678406,-0.002081056125462055,0.6341760158538818,0.4084130823612213,-0.002081056125462055,0.6282323002815247,0.401516318321228,-0.002081056125462055,0.6224072575569153,0.4085944890975952,-0.002081056125462055,0.6282846927642822,0.41537320613861084,-0.002081056125462055
4733.333333333335,0.5986194610595703,0.4761188328266144,-0.012660960666835308,0.5968124866485596,0.45496174693107605,-0.030728185549378395,0.5971924662590027,0.4613329768180847,-0.014982718043029308,0.5925988554954529,0.42760658264160156,-0.025405410677194595,0.5968358516693115,0.44668251276016235,-0.033422619104385376,0.5970593094825745,0.43557316064834595,-0.032098762691020966,0.5978703498840332,0.4084133803844452,-0.0193803608417511,0.5568375587463379,0.4088333547115326,0.0045669591054320335,0.5983917713165283,0.38441023230552673,-0.017441192641854286,0.5985763669013977,0.37223750352859497,-0.019990060478448868,0.5995705723762512,0.330640584230423,-0.019460424780845642,0.5985485911369324,0.47996827960014343,-0.011625188402831554,0.5984483361244202,0.4838868975639343,-0.009611225686967373,0.5983600616455078,0.48640626668930054,-0.0068046459928154945,0.5982273817062378,0.48665714263916016,-0.0049395011737942696,0.5982399582862854,0.4913577735424042,-0.005399798508733511,0.5981720685958862,0.4967532157897949,-0.006080594379454851,0.598053514957428,0.5021873712539673,-0.004560556728392839,0.5971836447715759,0.5076916217803955,0.0017449748702347279,0.5969388484954834,0.45879071950912476,-0.02743110992014408,0.5920068621635437,0.4578772485256195,-0.01930023916065693,0.5352123975753784,0.36928412318229675,0.029512645676732063,0.5726497769355774,0.41722768545150757,-0.0017961453413590789,0.5665460824966431,0.41748425364494324,-0.0008562408620491624,0.5610167384147644,0.41582486033439636,0.0011450867168605328,0.5544807314872742,0.41067373752593994,0.006241306662559509,0.5780231356620789,0.41475164890289307,-0.00130745442584157,0.5658547282218933,0.3890864849090576,-0.0051607307977974415,0.5724284052848816,0.3907485604286194,-0.0056110555306077,0.5595943927764893,0.3900117576122284,-0.0024934252724051476,0.5554117560386658,0.39355501532554626,0.0003299223317299038,0.549501895904541,0.41381123661994934,0.010056666098535061,0.5773789882659912,0.516924262046814,0.011069205589592457,0.5552799701690674,0.40645816922187805,0.006640987936407328,0.5334982872009277,0.40561798214912415,0.03633354976773262,0.5439925789833069,0.40654128789901733,0.015696043148636818,0.5680913329124451,0.4443757236003876,-0.0029978284146636724,0.590350866317749,0.47409671545028687,-0.011723480187356472,0.590883195400238,0.48334020376205444,-0.008391759358346462,0.5821720361709595,0.47635772824287415,-0.007491549011319876,0.5765846967697144,0.4784609079360962,-0.0020317386370152235,0.5843483805656433,0.48285892605781555,-0.005434566177427769,0.5791689157485962,0.4825560450553894,-0.0005509091424755752,0.5710787177085876,0.48801761865615845,0.009913918562233448,0.5922553539276123,0.45462125539779663,-0.030114101245999336,0.5916092991828918,0.4465844929218292,-0.03255579248070717,0.546941339969635,0.3807114362716675,0.002082619583234191,0.5808053016662598,0.42563849687576294,-0.006204389035701752,0.5798941850662231,0.45008328557014465,-0.015764761716127396,0.5796561241149902,0.4455592632293701,-0.01439669169485569,0.5498193502426147,0.44209858775138855,0.0056002456694841385,0.5920554399490356,0.4363050162792206,-0.030080918222665787,0.5600562691688538,0.37025123834609985,-0.009395400993525982,0.5522339940071106,0.37345054745674133,-0.003930635284632444,0.5405998826026917,0.3543127775192261,0.01608038693666458,0.5858210921287537,0.3809857666492462,-0.015494685620069504,0.5780699253082275,0.39517486095428467,-0.004066074267029762,0.5664195418357849,0.4795045256614685,0.010156453587114811,0.5435564517974854,0.4789847135543823,0.06162488833069801,0.5840262174606323,0.45482197403907776,-0.013421716168522835,0.5885105729103088,0.4574754536151886,-0.0133930379524827,0.5692333579063416,0.48136836290359497,0.009655061177909374,0.5708523392677307,0.4818180799484253,0.007934833876788616,0.5494341254234314,0.36704596877098083,-0.001862216042354703,0.5796484351158142,0.4527410566806793,-0.01218009926378727,0.5709120035171509,0.3719043731689453,-0.013510061427950859,0.5702800750732422,0.3641412854194641,-0.01557720173150301,0.564419686794281,0.33465576171875,-0.009975268505513668,0.5444833636283875,0.3624131679534912,0.00551078375428915,0.5675261616706848,0.35072067379951477,-0.013371828943490982,0.5439730882644653,0.37674814462661743,0.006558473687618971,0.5388461351394653,0.37460631132125854,0.01694471575319767,0.5904419422149658,0.47909635305404663,-0.010632471181452274,0.5832206010818481,0.4797744154930115,-0.00659461785107851,0.5778005719184875,0.48052436113357544,-0.0017003659158945084,0.5852434635162354,0.45607462525367737,-0.011862178333103657,0.5700536370277405,0.48159947991371155,0.00876648910343647,0.5733386874198914,0.48487696051597595,0.005662350449711084,0.5717344284057617,0.48207661509513855,0.007808612659573555,0.5865181088447571,0.4535110592842102,-0.021683283150196075,0.5802314281463623,0.48404526710510254,0.00045547744957730174,0.5853662490844727,0.4849546253681183,-0.0029775104485452175,0.5914512276649475,0.4858523905277252,-0.0056959111243486404,0.5890950560569763,0.5069091320037842,0.002475593239068985,0.5894911289215088,0.5011453032493591,-0.0036934835370630026,0.5899147391319275,0.49570178985595703,-0.004953342489898205,0.5905576944351196,0.49034592509269714,-0.004215809982270002,0.5913042426109314,0.4860938787460327,-0.00377055536955595,0.5800553560256958,0.48407772183418274,0.001972346333786845,0.5787291526794434,0.48589447140693665,0.0014142863219603896,0.577236533164978,0.488446444272995,0.0009373152861371636,0.5760645866394043,0.49134859442710876,0.002373302588239312,0.5725266933441162,0.4700391888618469,-0.0008574721869081259,0.5356888771057129,0.44015762209892273,0.06538992375135422,0.5970602035522461,0.46015840768814087,-0.01949639804661274,0.5762190222740173,0.48312246799468994,0.005596230737864971,0.5747796297073364,0.48389932513237,0.005336083937436342,0.5901753902435303,0.4604240357875824,-0.013108124025166035,0.5813390016555786,0.4567716121673584,-0.007386639714241028,0.5894123911857605,0.4590003192424774,-0.01343817450106144,0.5742723941802979,0.42970162630081177,-0.0033405181020498276,0.5640162229537964,0.4341354966163635,-0.0004888274124823511,0.5786383748054504,0.4484916925430298,-0.010698632337152958,0.5497872829437256,0.34240248799324036,0.00233900616876781,0.5534816384315491,0.3538820743560791,-0.004490498919039965,0.5583059787750244,0.3627179265022278,-0.009442205540835857,0.5755622386932373,0.4954436421394348,0.007292980793863535,0.5845851302146912,0.36855098605155945,-0.01887701265513897,0.5821717381477356,0.35092541575431824,-0.018575405701994896,0.5804451107978821,0.3311980366706848,-0.017322830855846405,0.5566926598548889,0.4137972295284271,0.00392337329685688,0.5432518720626831,0.41825902462005615,0.014123387634754181,0.5816392302513123,0.4122154414653778,-0.000982743571512401,0.5496003031730652,0.3960774540901184,0.00610871147364378,0.5850056409835815,0.4207559823989868,-0.008917228318750858,0.5830976963043213,0.44814813137054443,-0.02188301831483841,0.537753701210022,0.42175912857055664,0.021820541471242905,0.5463289618492126,0.42366036772727966,0.00934587325900793,0.5531129837036133,0.42666903138160706,0.003877167357131839,0.5640707612037659,0.4270474910736084,0.0008740596240386367,0.5726704001426697,0.42506104707717896,-0.0012887008488178253,0.5793569087982178,0.42158809304237366,-0.003520502243191004,0.5925140976905823,0.4103706479072571,-0.016741404309868813,0.5381393432617188,0.4382787346839905,0.022182263433933258,0.54530930519104,0.39315104484558105,0.00883515179157257,0.5941800475120544,0.458448588848114,-0.026991596445441246,0.5812473893165588,0.4333971440792084,-0.008149297907948494,0.5323834419250488,0.40374886989593506,0.05594152212142944,0.5843873620033264,0.4172042906284332,-0.005191467702388763,0.5780444741249084,0.44844645261764526,-0.004839898087084293,0.5526880025863647,0.4053589105606079,0.008100382052361965,0.5830661654472351,0.4425904154777527,-0.020192371681332588,0.5387316346168518,0.4594142436981201,0.06509997695684433,0.5822365880012512,0.4096270799636841,-0.00011702925257850438,0.5874305963516235,0.43871238827705383,-0.026244651526212692,0.5551344156265259,0.49752575159072876,0.03176465630531311,0.5570440292358398,0.5056194067001343,0.04354609549045563,0.5346770882606506,0.43985408544540405,0.04364582523703575,0.5473893284797668,0.4875492453575134,0.03804071620106697,0.535832405090332,0.38913726806640625,0.028140787035226822,0.5773798823356628,0.5234748125076294,0.015476358123123646,0.5948998928070068,0.4598076045513153,-0.01905129849910736,0.5757628083229065,0.4385213255882263,-0.00521364388987422,0.5393891930580139,0.40792176127433777,0.0218006931245327,0.5618315935134888,0.4124302268028259,0.0008148513152264059,0.5667965412139893,0.41374337673187256,-0.0008105803281068802,0.5721132755279541,0.48608794808387756,0.0068235015496611595,0.5394150018692017,0.4542369544506073,0.02593393623828888,0.5871787667274475,0.5331001281738281,0.01752278581261635,0.5725257396697998,0.522444486618042,0.028963521122932434,0.565783679485321,0.5155127644538879,0.03540019690990448,0.5990149974822998,0.3515692353248596,-0.020549006760120392,0.5974714756011963,0.5347092747688293,0.015434004366397858,0.5720178484916687,0.4134572446346283,-0.0013536055339500308,0.5770499110221863,0.4119090735912323,-0.0008362248190678656,0.580382227897644,0.4106448292732239,7.762775203445926e-05,0.5416596531867981,0.39126715064048767,0.014602066949009895,0.5769612789154053,0.4050752520561218,-0.0026603618171066046,0.5717717409133911,0.4035099446773529,-0.003461188869550824,0.5669342875480652,0.4030046761035919,-0.002904145512729883,0.5621062517166138,0.40351375937461853,-0.0009254965116269886,0.5588139891624451,0.40456703305244446,0.001291606924496591,0.5326433181762695,0.3848811984062195,0.04387401416897774,0.5587682127952576,0.4105813801288605,0.0028827590867877007,0.5972836017608643,0.4668177664279938,-0.012756731361150742,0.5786369442939758,0.46711432933807373,-0.005331604741513729,0.583987832069397,0.4539646804332733,-0.01579570211470127,0.5893914103507996,0.46660467982292175,-0.011702337302267551,0.5981910824775696,0.3964614272117615,-0.01645180769264698,0.5633867979049683,0.5074117183685303,0.027201075106859207,0.5704401135444641,0.5152516961097717,0.021810069680213928,0.5862331390380859,0.5293334126472473,0.009890008717775345,0.5499210953712463,0.494407594203949,0.053423404693603516,0.5806155204772949,0.4075765609741211,-0.0011432603932917118,0.5885850787162781,0.4234224557876587,-0.017093291506171227,0.5971260666847229,0.5307678580284119,0.00813926663249731,0.5792705416679382,0.5286749601364136,0.02217049151659012,0.5372208952903748,0.4573851227760315,0.044761884957551956,0.585209846496582,0.4851369559764862,-0.0011791448341682553,0.5839483141899109,0.4883304536342621,-0.0017176108667626977,0.5828520059585571,0.49239617586135864,-0.0022542865481227636,0.5820701718330383,0.4972245693206787,-0.0009019315475597978,0.5813639163970947,0.5021184682846069,0.004403667990118265,0.5748680830001831,0.48214322328567505,0.004060276318341494,0.5734886527061462,0.4810839593410492,0.004163227044045925,0.5723903179168701,0.47999951243400574,0.003997976891696453,0.5679888725280762,0.473968505859375,0.004548151511698961,0.545663595199585,0.4588419795036316,0.014043919742107391,0.588871419429779,0.4150297939777374,-0.0124797523021698,0.5861243009567261,0.40042644739151,-0.005006512627005577,0.582967221736908,0.402849018573761,-0.0024833925999701023,0.5762899518013,0.483167827129364,0.004596523940563202,0.5472944378852844,0.47693687677383423,0.025303617119789124,0.5909127593040466,0.39866071939468384,-0.012480033561587334,0.5791005492210388,0.5093454122543335,0.00801696628332138,0.5973338484764099,0.4265168011188507,-0.027672959491610527,0.5925109386444092,0.4195917546749115,-0.02175619639456272,0.5975845456123352,0.4180440604686737,-0.023424703627824783,0.5845791697502136,0.4356151819229126,-0.015825854614377022,0.5970550179481506,0.5244960188865662,0.0041608624160289764,0.5970890522003174,0.5157865285873413,0.0029263445176184177,0.587623655796051,0.5148217678070068,0.004479350056499243,0.5671864151954651,0.49228546023368835,0.013563700020313263,0.5729688405990601,0.4542129933834076,-0.00207316386513412,0.5728534460067749,0.5017251372337341,0.011307604610919952,0.5579675436019897,0.4529140889644623,0.0010161618702113628,0.5667760968208313,0.4613235890865326,0.0007949276478029788,0.5534647107124329,0.4645344913005829,0.007486408576369286,0.5862900018692017,0.5232583284378052,0.006017728708684444,0.5813884735107422,0.4394833743572235,-0.011073446832597256,0.5637064576148987,0.4988558888435364,0.019661949947476387,0.57081139087677,0.5080720782279968,0.016311872750520706,0.5617963075637817,0.482155978679657,0.012830665335059166,0.5418878793716431,0.4675227999687195,0.029542330652475357,0.5552099347114563,0.48464587330818176,0.01858513243496418,0.5411308407783508,0.47334232926368713,0.04432244598865509,0.5620411038398743,0.46936318278312683,0.005339239723980427,0.5850940942764282,0.42836794257164,-0.012259363196790218,0.5847639441490173,0.452068030834198,-0.022971222177147865,0.5815654993057251,0.4529876410961151,-0.01626650243997574,0.5871113538742065,0.44716471433639526,-0.027244241908192635,0.5814663767814636,0.39046618342399597,-0.007204756606370211,0.5718339085578918,0.3833329677581787,-0.007746658753603697,0.5634585618972778,0.3816266357898712,-0.006557338871061802,0.5565874576568604,0.38339340686798096,-0.0033183591440320015,0.5517908334732056,0.38801997900009155,0.0008799252100288868,0.5488503575325012,0.4057381749153137,0.010962520726025105,0.5333361029624939,0.42274010181427,0.040418218821287155,0.5520907640457153,0.4175630807876587,0.007149047218263149,0.5575337409973145,0.4201509356498718,0.0037003331817686558,0.5651360154151917,0.42164668440818787,0.0010275815147906542,0.5728198289871216,0.42078346014022827,-0.0010235474910587072,0.5790680050849915,0.4180453419685364,-0.0015598168829455972,0.583345353603363,0.41505303978919983,-0.0025851582176983356,0.5338508486747742,0.4217608571052551,0.06260345876216888,0.5816956162452698,0.45444077253341675,-0.01319935917854309,0.5883301496505737,0.4309018850326538,-0.02091355063021183,0.5885399580001831,0.45317602157592773,-0.027393974363803864,0.5915393233299255,0.4568774402141571,-0.024718208238482475,0.5886107087135315,0.4542425274848938,-0.02450636774301529,0.5830472707748413,0.4564257264137268,-0.010943138040602207,0.5924900770187378,0.45780807733535767,-0.026183679699897766,0.5932271480560303,0.4591710567474365,-0.01915346086025238,0.584129810333252,0.40916135907173157,-0.0009879599092528224,0.5867424011230469,0.4100950360298157,-0.004231708589941263,0.5882153511047363,0.4105580449104309,-0.007744563277810812,0.5568174719810486,0.4054816961288452,0.0036703860387206078,0.5526934862136841,0.398259699344635,0.00414350675418973,0.6021475791931152,0.42763563990592957,-0.025881292298436165,0.6411382555961609,0.4095729887485504,0.0011763906804844737,0.6023613214492798,0.4578617811203003,-0.019662758335471153,0.6667140126228333,0.370220810174942,0.024181129410862923,0.6232261657714844,0.415986567735672,-0.004001959227025509,0.6294125914573669,0.4168962836265564,-0.0034841119777411222,0.635320246219635,0.4159201383590698,-0.0019122600788250566,0.6436693072319031,0.4108428955078125,0.00262443907558918,0.6180809736251831,0.41342607140541077,-0.003046584315598011,0.6331632137298584,0.3901217579841614,-0.00796550139784813,0.6264218688011169,0.39148202538490295,-0.00783983338624239,0.639543354511261,0.3911992311477661,-0.005699122324585915,0.6436923742294312,0.394603431224823,-0.0031352294608950615,0.6479085683822632,0.4138089716434479,0.006231660954654217,0.617556095123291,0.5173233151435852,0.009439589455723763,0.6434192061424255,0.4071618914604187,0.003099871799349785,0.667041003704071,0.406556099653244,0.031243307515978813,0.6548696160316467,0.4059949815273285,0.011434217914938927,0.6280738711357117,0.44469061493873596,-0.005315796006470919,0.606853723526001,0.4738374948501587,-0.0123850516974926,0.6059223413467407,0.48315194249153137,-0.009038535878062248,0.61478191614151,0.4757830798625946,-0.008829369209706783,0.6199169754981995,0.4777648448944092,-0.0038303721230477095,0.6122643947601318,0.4824965000152588,-0.006670758128166199,0.6171629428863525,0.4820515215396881,-0.002124966587871313,0.6251610517501831,0.488040953874588,0.007640632800757885,0.601482093334198,0.45464026927948,-0.030399108305573463,0.6021248698234558,0.44657284021377563,-0.032920487225055695,0.6533347368240356,0.38161343336105347,-0.0019944964442402124,0.6156023144721985,0.42576882243156433,-0.0076894802041351795,0.6150997877120972,0.4500599503517151,-0.01714734174311161,0.6155714392662048,0.44553065299987793,-0.015845848247408867,0.6470045447349548,0.4427466094493866,0.0018941457383334637,0.6021561622619629,0.4362790286540985,-0.030548298731446266,0.6396316289901733,0.37219294905662537,-0.012190884910523891,0.6478235721588135,0.37504932284355164,-0.007474831771105528,0.6609794497489929,0.35515087842941284,0.011265860870480537,0.6116974353790283,0.3818880319595337,-0.01640201546251774,0.6203595995903015,0.39557260274887085,-0.0058721210807561874,0.630131721496582,0.4794566333293915,0.007487967610359192,0.6558323502540588,0.47966471314430237,0.056758299469947815,0.6109068989753723,0.45479923486709595,-0.014484766870737076,0.6063105463981628,0.45743677020072937,-0.013922073878347874,0.6265667080879211,0.48067155480384827,0.007319645024836063,0.6249602437019348,0.48112696409225464,0.00586464861407876,0.6517611145973206,0.3683265149593353,-0.00562816858291626,0.6155251860618591,0.4527127146720886,-0.01353402715176344,0.628034234046936,0.3737199604511261,-0.015440809540450573,0.6291418075561523,0.3661009967327118,-0.017543114721775055,0.6356857419013977,0.335088312625885,-0.012777554802596569,0.6559672355651855,0.3633013367652893,0.0014356528408825397,0.6313357353210449,0.35119906067848206,-0.015582965686917305,0.6572391986846924,0.3770613968372345,0.0022219091188162565,0.662016749382019,0.37565797567367554,0.01230097096413374,0.6065810322761536,0.47889184951782227,-0.011310618370771408,0.6135574579238892,0.47934988141059875,-0.007901692762970924,0.618626058101654,0.4799134433269501,-0.0034013097174465656,0.6096689701080322,0.4560401737689972,-0.012681367807090282,0.6257486939430237,0.48090654611587524,0.006592844612896442,0.6224683523178101,0.4842471778392792,0.0037969998084008694,0.6240787506103516,0.48138922452926636,0.005803386215120554,0.6079632639884949,0.45349833369255066,-0.022613460198044777,0.6160141825675964,0.4835711419582367,-0.0010312753729522228,0.6111155152320862,0.48460128903388977,-0.004114981275051832,0.6052523851394653,0.48567715287208557,-0.006354971323162317,0.6054897904396057,0.5070605874061584,0.0018455296522006392,0.606547474861145,0.5009678602218628,-0.0043889665976166725,0.6062860488891602,0.4955019950866699,-0.005696114618331194,0.6057814359664917,0.490159809589386,-0.004938748199492693,0.6051088571548462,0.4859135150909424,-0.0044610523618757725,0.6159425973892212,0.48361217975616455,0.0004842065100092441,0.6172786355018616,0.4854035973548889,-6.278049113461748e-05,0.6186904907226562,0.4879113733768463,-0.000564953894354403,0.6197378039360046,0.4907897412776947,0.0007983913528732955,0.6232696771621704,0.47009706497192383,-0.0028460316825658083,0.665022075176239,0.4411577582359314,0.05999774858355522,0.61966472864151,0.4825800955295563,0.0037925406359136105,0.621088445186615,0.4833160936832428,0.0035214312374591827,0.6045712828636169,0.46047356724739075,-0.013627124018967152,0.6139678955078125,0.45675045251846313,-0.008474278263747692,0.6053681373596191,0.45903292298316956,-0.01394883543252945,0.6222334504127502,0.42993414402008057,-0.005323994904756546,0.6325879096984863,0.43458086252212524,-0.003199637634679675,0.6167653799057007,0.4484962224960327,-0.012179804034531116,0.6511662006378174,0.3430722951889038,-0.0016284700250253081,0.6463157534599304,0.35464775562286377,-0.007763954345136881,0.642186164855957,0.3645394444465637,-0.01241788174957037,0.6200584173202515,0.4955853521823883,0.005455301143229008,0.6137028336524963,0.36984431743621826,-0.019846146926283836,0.6161244511604309,0.35115382075309753,-0.0196896530687809,0.6190724968910217,0.3313904106616974,-0.018724549561738968,0.6405325531959534,0.4141090512275696,0.0005064700962975621,0.6536710858345032,0.41770055890083313,0.009889029897749424,0.6148682832717896,0.41118571162223816,-0.002525803865864873,0.649750292301178,0.3965247869491577,0.0021980146411806345,0.6113172173500061,0.4208448827266693,-0.0101029546931386,0.6114866137504578,0.4481501579284668,-0.02298782207071781,0.660904049873352,0.4226721227169037,0.017078539356589317,0.6491897702217102,0.42384231090545654,0.0053719631396234035,0.6414081454277039,0.4271315634250641,0.0004221326671540737,0.6302247643470764,0.42694321274757385,-0.0018023931188508868,0.6218822598457336,0.4243532419204712,-0.0033408449962735176,0.6155241131782532,0.4209599196910858,-0.00505231786519289,0.6033637523651123,0.4103890359401703,-0.017248092219233513,0.6598348021507263,0.43916988372802734,0.017420358955860138,0.6544577479362488,0.39334744215011597,0.004563779104501009,0.599733829498291,0.45844441652297974,-0.027224082499742508,0.6147440671920776,0.433469295501709,-0.00956784375011921,0.6693938970565796,0.40464410185813904,0.05038778483867645,0.6108062267303467,0.41690486669540405,-0.006377123761922121,0.6176652908325195,0.44847479462623596,-0.006308561656624079,0.6463579535484314,0.40558484196662903,0.004408848937600851,0.6118590235710144,0.4425768554210663,-0.02132004126906395,0.6614336371421814,0.4603480398654938,0.05995755270123482,0.6152205467224121,0.4089270830154419,-0.0016856718575581908,0.6070693731307983,0.4387090504169464,-0.027081547304987907,0.6418531537055969,0.4980342388153076,0.028177615255117416,0.6404542326927185,0.5059853196144104,0.03987269476056099,0.6645315885543823,0.4407762885093689,0.03847167268395424,0.6501677632331848,0.48807209730148315,0.03381184861063957,0.664939284324646,0.39010781049728394,0.023204555734992027,0.6175936460494995,0.5239362716674805,0.013723642565310001,0.599257230758667,0.459793359041214,-0.019202986732125282,0.6203470230102539,0.43867313861846924,-0.007002310361713171,0.6598997116088867,0.40671929717063904,0.0171232670545578,0.634886622428894,0.41276004910469055,-0.0021430000197142363,0.6295142769813538,0.41334742307662964,-0.0034561895299702883,0.6236775517463684,0.4854317009449005,0.004826313816010952,0.6582973003387451,0.4550834000110626,0.02127372846007347,0.6078377366065979,0.5332568287849426,0.01652529649436474,0.6236457228660583,0.522760272026062,0.02646065689623356,0.6310710906982422,0.5158661603927612,0.03235891833901405,0.6243484020233154,0.41240882873535156,-0.003610379761084914,0.6195816993713379,0.41062119603157043,-0.002761413808912039,0.6166667938232422,0.4095754623413086,-0.0016313857631757855,0.6588825583457947,0.3906216323375702,0.010028953664004803,0.6211947202682495,0.40607160329818726,-0.004679812118411064,0.6265392899513245,0.4053308367729187,-0.005801030900329351,0.6313637495040894,0.4053322970867157,-0.005622163414955139,0.6361192464828491,0.40563085675239563,-0.004019064363092184,0.6394504308700562,0.4061763286590576,-0.0019974319729954004,0.6692818999290466,0.38579562306404114,0.03836123272776604,0.6385427117347717,0.4112756848335266,-0.00034892690018750727,0.6168561577796936,0.4671148657798767,-0.00681172963231802,0.6108177304267883,0.4539654552936554,-0.016764989122748375,0.6055068969726562,0.4666682779788971,-0.01234483439475298,0.6330576539039612,0.50799560546875,0.024264410138130188,0.6253186464309692,0.5158323049545288,0.019475754350423813,0.6081468462944031,0.5295884013175964,0.008890261873602867,0.6484660506248474,0.4948434829711914,0.04902327433228493,0.6171377897262573,0.4076259732246399,-0.002912175841629505,0.6069412231445312,0.4234808683395386,-0.017888827249407768,0.6161693334579468,0.5289233922958374,0.020286597311496735,0.6615055799484253,0.45823824405670166,0.039814095944166183,0.6109976768493652,0.48477497696876526,-0.0023361146450042725,0.6122103929519653,0.4879419207572937,-0.002887346316128969,0.6132310032844543,0.4919741153717041,-0.0034927146043628454,0.6138916015625,0.49678993225097656,-0.0021548455115407705,0.6136515736579895,0.5022419691085815,0.0030431055929511786,0.6212142109870911,0.48151031136512756,0.002142955781891942,0.6225966811180115,0.4804055094718933,0.002096632495522499,0.6237689852714539,0.47927138209342957,0.0018291439628228545,0.6282082796096802,0.4739593267440796,0.0020706593059003353,0.6512086391448975,0.45951583981513977,0.009994089603424072,0.6072315573692322,0.41510725021362305,-0.013349061831831932,0.611105740070343,0.40024909377098083,-0.006048297975212336,0.6146639585494995,0.4026620090007782,-0.003959115128964186,0.6197726726531982,0.4825901687145233,0.002794786123558879,0.6498303413391113,0.4774496555328369,0.021268565207719803,0.6052422523498535,0.39903905987739563,-0.013074577786028385,0.615869402885437,0.5096083283424377,0.006529486272484064,0.6027640700340271,0.4196127951145172,-0.022191427648067474,0.6107810735702515,0.43569621443748474,-0.01687980256974697,0.6067699193954468,0.5149863958358765,0.003725010436028242,0.6289333701133728,0.49254554510116577,0.010993465781211853,0.6229279041290283,0.45432090759277344,-0.00398916145786643,0.6227718591690063,0.5020067095756531,0.009268924593925476,0.6382527947425842,0.45341989398002625,-0.001955485437065363,0.6292802095413208,0.4616118371486664,-0.0015909855719655752,0.6429862976074219,0.465086966753006,0.004099792335182428,0.607988178730011,0.5235115885734558,0.005039587151259184,0.6142714023590088,0.4394824802875519,-0.012397460639476776,0.6325639486312866,0.49930915236473083,0.016811221837997437,0.6248271465301514,0.5085088014602661,0.014114628545939922,0.6345787048339844,0.48238518834114075,0.009761556051671505,0.655784010887146,0.46820908784866333,0.025105135515332222,0.6413851380348206,0.4850589334964752,0.015139403752982616,0.6571696996688843,0.47401127219200134,0.039582509547472,0.6343235969543457,0.4696536064147949,0.002450011670589447,0.6106773018836975,0.42844587564468384,-0.013372213579714298,0.6097012162208557,0.4520707428455353,-0.023962145671248436,0.6133100986480713,0.4529827833175659,-0.017434136942029,0.6070353984832764,0.4471701681613922,-0.028087252750992775,0.6166716814041138,0.3910205066204071,-0.008625362068414688,0.626944899559021,0.3844079375267029,-0.009799985215067863,0.635625422000885,0.3830474615097046,-0.009261422790586948,0.6426944136619568,0.3848385810852051,-0.0065948860719799995,0.6476507186889648,0.3891071677207947,-0.002777378773316741,0.650088906288147,0.405691534280777,0.007041275966912508,0.6664654016494751,0.4237026870250702,0.03516009822487831,0.6444588899612427,0.4177856743335724,0.0035106476861983538,0.638019323348999,0.42034944891929626,0.0005153996753506362,0.6300421953201294,0.42116472125053406,-0.0016102074878290296,0.6224760413169861,0.4196617305278778,-0.0031189704313874245,0.6165288686752319,0.41684067249298096,-0.0031327574979513884,0.6125681400299072,0.4140879809856415,-0.003863549791276455,0.6675243973731995,0.42270466685295105,0.057019464671611786,0.6132977604866028,0.4543916881084442,-0.014351701363921165,0.6066558957099915,0.43094027042388916,-0.021740615367889404,0.6054903864860535,0.45318689942359924,-0.028015783056616783,0.6026704907417297,0.4569200873374939,-0.025064757093787193,0.6056791543960571,0.4542865753173828,-0.02514246106147766,0.6120319962501526,0.456371933221817,-0.011918161995708942,0.6015399098396301,0.4578220546245575,-0.026465415954589844,0.6010233759880066,0.4591418504714966,-0.01941511780023575,0.6128899455070496,0.40840089321136475,-0.0022865047212690115,0.6096385717391968,0.40946000814437866,-0.005217334721237421,0.607373833656311,0.41057687997817993,-0.008592591620981693,0.6416351795196533,0.40664398670196533,0.0002476948720868677,0.6463961601257324,0.39888617396354675,0.0005079552647657692,0.5689167976379395,0.40865111351013184,0.0003583303187042475,0.5750463008880615,0.4089622497558594,0.0003583303187042475,0.5691542029380798,0.40130096673965454,0.0003583303187042475,0.5627326965332031,0.40829989314079285,0.0003583303187042475,0.5686703324317932,0.4157836139202118,0.0003583303187042475,0.6294736862182617,0.40939193964004517,-0.0022590430453419685,0.6355992555618286,0.4093261659145355,-0.0022590430453419685,0.6295268535614014,0.4021416902542114,-0.0022590430453419685,0.6234421730041504,0.4094020128250122,-0.0022590430453419685,0.6294611096382141,0.4164627492427826,-0.0022590430453419685
4766.666666666668,0.5994982719421387,0.47675180435180664,-0.01275162398815155,0.5980990529060364,0.4548913538455963,-0.030581915751099586,0.5983895659446716,0.4613912105560303,-0.014904823154211044,0.5939363837242126,0.427725225687027,-0.025278273969888687,0.5981584787368774,0.44665127992630005,-0.033262643963098526,0.5984054803848267,0.43562594056129456,-0.031934965401887894,0.5992406010627747,0.40870559215545654,-0.019247598946094513,0.5580203533172607,0.4091883897781372,0.004472380969673395,0.5998143553733826,0.38451874256134033,-0.017359046265482903,0.6000288128852844,0.3723258376121521,-0.019911928102374077,0.6011133193969727,0.33140647411346436,-0.019436800852417946,0.5994334816932678,0.48064056038856506,-0.01173387374728918,0.599341869354248,0.4846108555793762,-0.009708506055176258,0.5992567539215088,0.48716607689857483,-0.006867118179798126,0.5992036461830139,0.4872405529022217,-0.0049504609778523445,0.599216639995575,0.491946816444397,-0.005356771405786276,0.5991541147232056,0.4973261058330536,-0.005977214779704809,0.5990378856658936,0.5027170777320862,-0.004374592565000057,0.5980960726737976,0.5082384943962097,0.002041697269305587,0.5981907844543457,0.4587300717830658,-0.027302876114845276,0.593293309211731,0.457832932472229,-0.019215084612369537,0.5363093614578247,0.3697776794433594,0.029348140582442284,0.574061393737793,0.41740474104881287,-0.0018886055331677198,0.5678071975708008,0.4177537262439728,-0.0009455867111682892,0.5621753931045532,0.4161137640476227,0.0010604768758639693,0.5556668639183044,0.41102370619773865,0.006148426327854395,0.5795649886131287,0.4147626757621765,-0.0013780981535091996,0.5670652389526367,0.38919350504875183,-0.005245605483651161,0.5738118290901184,0.390708327293396,-0.00570205133408308,0.5606957674026489,0.390247642993927,-0.0025660921819508076,0.5564786791801453,0.3938586115837097,0.00025403915788047016,0.5506097078323364,0.4140688180923462,0.009954853914678097,0.5782973170280457,0.5170177221298218,0.011142087168991566,0.5564760565757751,0.4068712294101715,0.006551824044436216,0.5345418453216553,0.40594202280044556,0.03618372604250908,0.5451960563659668,0.4067670404911041,0.015598367899656296,0.5693277716636658,0.4446500241756439,-0.0030213110148906708,0.5913485884666443,0.4746299386024475,-0.01181114837527275,0.5918905735015869,0.48399561643600464,-0.008517385460436344,0.5833209156990051,0.4767615795135498,-0.0076194582507014275,0.5778446793556213,0.4788059592247009,-0.0022380638401955366,0.5854854583740234,0.483404278755188,-0.00561143085360527,0.5804067254066467,0.4830078184604645,-0.0007866486557759345,0.5722107887268066,0.48852676153182983,0.009698883630335331,0.5935553312301636,0.45452117919921875,-0.02997569367289543,0.5929283499717712,0.44654273986816406,-0.03240318223834038,0.5479203462600708,0.3810732364654541,0.0020599544513970613,0.5820590257644653,0.42596545815467834,-0.006208436563611031,0.58123779296875,0.45017486810684204,-0.015718117356300354,0.5809907913208008,0.44570767879486084,-0.014361241832375526,0.5510219931602478,0.4424307644367218,0.005511512979865074,0.5933965444564819,0.43634212017059326,-0.029933908954262733,0.5611370205879211,0.37052518129348755,-0.009377500042319298,0.5532141327857971,0.3738083243370056,-0.003917688503861427,0.5417823791503906,0.3547873795032501,0.015939313918352127,0.5872262120246887,0.3809038996696472,-0.015455826185643673,0.5796115398406982,0.39503538608551025,-0.0041675507090985775,0.567645251750946,0.48003271222114563,0.009909442625939846,0.5443597435951233,0.47917452454566956,0.0614624060690403,0.5853555798530579,0.45487070083618164,-0.013385881669819355,0.5898064374923706,0.45753592252731323,-0.013324690982699394,0.5706911087036133,0.48169398307800293,0.009345538914203644,0.5722705125808716,0.4821636974811554,0.007619792595505714,0.5504573583602905,0.3673730492591858,-0.001870927051641047,0.5809943675994873,0.45289742946624756,-0.01214650273323059,0.5721269249916077,0.37199318408966064,-0.013488316908478737,0.5714952349662781,0.36423546075820923,-0.01554267480969429,0.5658074617385864,0.33520978689193726,-0.01006041094660759,0.545673668384552,0.3626425266265869,0.005450587719678879,0.5688441395759583,0.3509904742240906,-0.013373480178415775,0.5449941158294678,0.3769949674606323,0.006520673632621765,0.539985179901123,0.3749023973941803,0.016853269189596176,0.5914484858512878,0.47969117760658264,-0.010750921443104744,0.5843692421913147,0.4802471995353699,-0.00676035787910223,0.5790538787841797,0.4809183180332184,-0.0019280890701338649,0.5865674018859863,0.45615407824516296,-0.011805037036538124,0.5714908838272095,0.48193591833114624,0.008452908135950565,0.5747186541557312,0.4852833151817322,0.005408898461610079,0.5731315612792969,0.48243021965026855,0.007501756306737661,0.5878320932388306,0.45343631505966187,-0.021594567224383354,0.581448495388031,0.48454469442367554,0.00024177436716854572,0.5864813327789307,0.48555928468704224,-0.003131114412099123,0.5924530625343323,0.48655009269714355,-0.005794416647404432,0.5900300741195679,0.50741046667099,0.0027141112368553877,0.5905687212944031,0.5016045570373535,-0.0035648243501782417,0.5909844040870667,0.49620285630226135,-0.004893849138170481,0.591621994972229,0.4908728003501892,-0.0042161461897194386,0.5923720002174377,0.4866212010383606,-0.003821863792836666,0.5813157558441162,0.4845476746559143,0.0017912753392010927,0.5800011157989502,0.486361563205719,0.0012690171133726835,0.5785266757011414,0.48889029026031494,0.0008028881857171655,0.5773724913597107,0.49176037311553955,0.0022418354637920856,0.5738031268119812,0.47039422392845154,-0.001022601849399507,0.5366176962852478,0.4404560923576355,0.06522004306316376,0.5982857942581177,0.4601355493068695,-0.019407102838158607,0.5775383114814758,0.48355668783187866,0.005335280671715736,0.5761313438415527,0.48432332277297974,0.005091308616101742,0.5914387702941895,0.46050095558166504,-0.013043194077908993,0.5826678276062012,0.4569832682609558,-0.0073580569587647915,0.590694785118103,0.45906567573547363,-0.013366621918976307,0.5754953026771545,0.4300490617752075,-0.0033621410839259624,0.5652186870574951,0.4344821572303772,-0.0005134937819093466,0.5799699425697327,0.4486860930919647,-0.010679798200726509,0.5510603785514832,0.34288591146469116,0.0022177668288350105,0.554718017578125,0.35408759117126465,-0.004526042379438877,0.5594204068183899,0.3629642724990845,-0.009441166184842587,0.576599657535553,0.4959167242050171,0.007187206763774157,0.5859523415565491,0.3684430718421936,-0.01882212795317173,0.5835760831832886,0.3513375520706177,-0.018549371510744095,0.5819231867790222,0.3318597674369812,-0.017361707985401154,0.5578460097312927,0.4141126573085785,0.0038347330410033464,0.5443412661552429,0.4185402989387512,0.014002700336277485,0.5832579135894775,0.41211172938346863,-0.001058974419720471,0.5506734848022461,0.3963777422904968,0.006041260436177254,0.586284339427948,0.42106300592422485,-0.008899634703993797,0.58442223072052,0.44814229011535645,-0.021797114983201027,0.538847804069519,0.4220607876777649,0.021683011204004288,0.5472699403762817,0.42400291562080383,0.009230419993400574,0.5540161728858948,0.42703884840011597,0.003772653639316559,0.5651139616966248,0.4274110496044159,0.0008142156875692308,0.5738849639892578,0.42535966634750366,-0.0013373637339100242,0.5806685090065002,0.4217926263809204,-0.0035451867152005434,0.5938706994056702,0.41064462065696716,-0.016643384471535683,0.5392287373542786,0.4385908246040344,0.022037247195839882,0.5463800430297852,0.39340001344680786,0.00876734871417284,0.5954493284225464,0.4583711624145508,-0.02686869539320469,0.5825260281562805,0.43365421891212463,-0.008146576583385468,0.5334075689315796,0.4041518270969391,0.055753350257873535,0.5857471823692322,0.41731759905815125,-0.005205478984862566,0.5793672204017639,0.4486958980560303,-0.004851734731346369,0.5538572669029236,0.40573713183403015,0.008013611659407616,0.5843952298164368,0.4426673650741577,-0.020116325467824936,0.5395665168762207,0.459652841091156,0.0649416446685791,0.5839262008666992,0.40948110818862915,-0.0002120165736414492,0.5887590050697327,0.4387637674808502,-0.02612387388944626,0.556062638759613,0.4976780116558075,0.03160948306322098,0.5578282475471497,0.5056933164596558,0.04343409463763237,0.5356394648551941,0.44014453887939453,0.043474387377500534,0.5483382940292358,0.48772764205932617,0.03787267953157425,0.5369236469268799,0.3894686996936798,0.028020067140460014,0.5782444477081299,0.5234599709510803,0.015559720806777477,0.5961509346961975,0.45976755023002625,-0.018965499475598335,0.5770281553268433,0.43880218267440796,-0.00523016881197691,0.540651261806488,0.40813955664634705,0.02168562449514866,0.5629995465278625,0.41270196437835693,0.000712888315320015,0.5680570602416992,0.41397613286972046,-0.0009093109983950853,0.5735123753547668,0.4864688217639923,0.006563580594956875,0.540499210357666,0.45450660586357117,0.02576630562543869,0.5879809856414795,0.5330489277839661,0.017727777361869812,0.5733131766319275,0.5223737955093384,0.028987139463424683,0.5665607452392578,0.5155007243156433,0.03534098342061043,0.6005139946937561,0.3520888090133667,-0.02049178257584572,0.5982816219329834,0.5347153544425964,0.015685806050896645,0.5734385848045349,0.41359585523605347,-0.0014485734282061458,0.578630268573761,0.41190168261528015,-0.0009292504983022809,0.5820429921150208,0.41053614020347595,-1.43425377245876e-05,0.542785108089447,0.3914368748664856,0.014523977413773537,0.5785756707191467,0.4050547182559967,-0.0027687496040016413,0.5732430815696716,0.4036409854888916,-0.0035620161797851324,0.5682388544082642,0.4032776951789856,-0.002999641466885805,0.5632960796356201,0.4038987159729004,-0.0010148984147235751,0.559984564781189,0.40499207377433777,0.001197034027427435,0.5336903929710388,0.3853486478328705,0.04369817301630974,0.5599324703216553,0.4108918309211731,0.002784937620162964,0.598422110080719,0.4670133888721466,-0.012718324549496174,0.5798947215080261,0.46739476919174194,-0.005390912760049105,0.585317075252533,0.45396688580513,-0.01573771797120571,0.5905953645706177,0.4668022394180298,-0.011678298935294151,0.5995835065841675,0.396728515625,-0.01635832153260708,0.5642729997634888,0.5074994564056396,0.027090756222605705,0.5713073015213013,0.5152758359909058,0.021793628111481667,0.5870855450630188,0.5293608903884888,0.010057187639176846,0.5507164001464844,0.4945501983165741,0.05328834429383278,0.5822811126708984,0.40745601058006287,-0.0012413004878908396,0.5898947715759277,0.4236223101615906,-0.017019404098391533,0.5979750752449036,0.5308411717414856,0.00834466889500618,0.5800684690475464,0.5285889506340027,0.022290542721748352,0.5381401777267456,0.4576382339000702,0.04458799213171005,0.5863788723945618,0.48563459515571594,-0.001291382941417396,0.5851200819015503,0.48882484436035156,-0.0017865629633888602,0.5840373635292053,0.4928634464740753,-0.0023003520909696817,0.5832698345184326,0.49765828251838684,-0.000921558472327888,0.5823389291763306,0.5025815367698669,0.004446056671440601,0.5762078762054443,0.4825235605239868,0.003776149358600378,0.5748477578163147,0.481434166431427,0.0038755934219807386,0.5737585425376892,0.480323851108551,0.0037190092261880636,0.5692742466926575,0.4744245111942291,0.004309538751840591,0.5468435883522034,0.45911288261413574,0.013908185996115208,0.5901867151260376,0.4153118133544922,-0.012429645285010338,0.5877251029014587,0.40027379989624023,-0.005069857928901911,0.5846155881881714,0.4026569724082947,-0.002567877061665058,0.5775991678237915,0.4835811257362366,0.0043248808942735195,0.5483967661857605,0.47717157006263733,0.02513757348060608,0.5923837423324585,0.39855122566223145,-0.012457462958991528,0.5800455808639526,0.5096215009689331,0.008094778284430504,0.5986854434013367,0.426647424697876,-0.02752452716231346,0.5938506722450256,0.4197840392589569,-0.021637609228491783,0.5989421606063843,0.41825470328330994,-0.02328600361943245,0.5858814120292664,0.435776025056839,-0.015770049765706062,0.5979292988777161,0.5246762633323669,0.004392753820866346,0.5979841351509094,0.5161459445953369,0.0031842635944485664,0.5885457396507263,0.5151258111000061,0.00468931021168828,0.5682135224342346,0.49265941977500916,0.013390116393566132,0.5742514729499817,0.4544817805290222,-0.0021031510550528765,0.5738208889961243,0.5020284056663513,0.011250801384449005,0.5592080354690552,0.45318809151649475,0.0009676977060735226,0.5680250525474548,0.4616146385669708,0.0007031233399175107,0.5546880960464478,0.4648219645023346,0.007357672788202763,0.5871871709823608,0.5233854055404663,0.006202529650181532,0.5826926827430725,0.43968671560287476,-0.011052045971155167,0.5646641850471497,0.4990737736225128,0.01952148601412773,0.5717326402664185,0.5082153081893921,0.01627693697810173,0.5629183650016785,0.48256686329841614,0.012628931552171707,0.5429555177688599,0.4677576422691345,0.02936544455587864,0.556275486946106,0.4849306344985962,0.018405092880129814,0.542044460773468,0.47355031967163086,0.044143762439489365,0.563286304473877,0.4697529077529907,0.005181558895856142,0.5863873958587646,0.4285925626754761,-0.012225309386849403,0.5860856175422668,0.45200100541114807,-0.022876987233757973,0.5829043984413147,0.4530314803123474,-0.016211289912462234,0.5884349942207336,0.4471089839935303,-0.02711232379078865,0.5829852819442749,0.3903213143348694,-0.0072753652930259705,0.5731390714645386,0.3833332359790802,-0.007795296143740416,0.564588189125061,0.38178133964538574,-0.006594203412532806,0.5576040148735046,0.3836567997932434,-0.00334949791431427,0.5527836084365845,0.38833731412887573,0.0008446066058240831,0.5500348806381226,0.40604934096336365,0.010874520055949688,0.5343401432037354,0.4230429232120514,0.04025035724043846,0.553146243095398,0.4178614914417267,0.007044611498713493,0.5585703253746033,0.42044711112976074,0.0036137509159743786,0.5662991404533386,0.4219326972961426,0.0009590691770426929,0.5741544961929321,0.42100802063941956,-0.0010983602842316031,0.5805177092552185,0.41812947392463684,-0.0016046749660745263,0.5848487019538879,0.4150560200214386,-0.0026350412517786026,0.5348390936851501,0.422113835811615,0.062415529042482376,0.5830346345901489,0.45454123616218567,-0.013156472705304623,0.5896485447883606,0.43103134632110596,-0.020821230486035347,0.5898543000221252,0.45306527614593506,-0.02727009728550911,0.5928340554237366,0.45680078864097595,-0.024605434387922287,0.5899242162704468,0.45414790511131287,-0.02439766563475132,0.5843784213066101,0.4565722942352295,-0.010901061818003654,0.5937737822532654,0.45772427320480347,-0.026065155863761902,0.5944971442222595,0.4591307044029236,-0.01906939037144184,0.5857955813407898,0.40899601578712463,-0.0010680453851819038,0.5883047580718994,0.4100223183631897,-0.00427658949047327,0.5896384716033936,0.4105616509914398,-0.007735846564173698,0.558000922203064,0.40590915083885193,0.0035793879069387913,0.5537872910499573,0.3986019194126129,0.004064697306603193,0.6034747362136841,0.42781132459640503,-0.02573523111641407,0.6419210433959961,0.410478413105011,0.0012164891231805086,0.6035098433494568,0.45792099833488464,-0.019563250243663788,0.668124794960022,0.3713516592979431,0.024259328842163086,0.6245867013931274,0.41708076000213623,-0.003988855984061956,0.6307379603385925,0.41790544986724854,-0.003453229321166873,0.6365656852722168,0.41686972975730896,-0.0018634152365848422,0.6445736289024353,0.41182756423950195,0.0026833827141672373,0.6193544864654541,0.41462260484695435,-0.0030334950424730778,0.6341885328292847,0.3914700746536255,-0.00793185830116272,0.627512514591217,0.39278608560562134,-0.007833881303668022,0.6405612230300903,0.39250630140304565,-0.005638833623379469,0.6447290182113647,0.3958337903022766,-0.003069445723667741,0.6491080522537231,0.4148893356323242,0.006303279660642147,0.6183336973190308,0.5176113247871399,0.00958952121436596,0.6441483497619629,0.40805351734161377,0.0031530570704489946,0.6681544184684753,0.407553106546402,0.03130533918738365,0.6560083627700806,0.4073108732700348,0.011515771970152855,0.6290670037269592,0.44532081484794617,-0.0052281697280704975,0.6076458096504211,0.4744976758956909,-0.012437631376087666,0.6067422032356262,0.48391836881637573,-0.009128987789154053,0.615527331829071,0.4764251410961151,-0.008894775062799454,0.6206534504890442,0.47835955023765564,-0.003950363956391811,0.6130385398864746,0.4832257032394409,-0.006785125471651554,0.6179324984550476,0.48270025849342346,-0.002281462075188756,0.6257892847061157,0.4889340400695801,0.007537779863923788,0.6027395129203796,0.45461493730545044,-0.03024968132376671,0.6034144163131714,0.4466015100479126,-0.0327533595263958,0.6544137001037598,0.38280996680259705,-0.001853071735240519,0.616791844367981,0.42630860209465027,-0.007619478739798069,0.6161514520645142,0.45038408041000366,-0.01704338937997818,0.6166427731513977,0.44590872526168823,-0.015749739482998848,0.6479104161262512,0.44364073872566223,0.0019852593541145325,0.6034777760505676,0.43637776374816895,-0.03038359247148037,0.6406875252723694,0.373355507850647,-0.012059151194989681,0.6488735675811768,0.3761940896511078,-0.007318298332393169,0.6624993681907654,0.3562181293964386,0.011338037438690662,0.612982451915741,0.38290080428123474,-0.016319718211889267,0.6214861273765564,0.3967798054218292,-0.00588991679251194,0.6306985020637512,0.48042839765548706,0.0073710051365196705,0.6564953923225403,0.48038163781166077,0.05680839717388153,0.6119319796562195,0.4550493061542511,-0.014399725943803787,0.6073702573776245,0.4576365649700165,-0.01382739469408989,0.6273375153541565,0.4811590909957886,0.00712650828063488,0.6257584095001221,0.4816301167011261,0.0056535243056714535,0.6527714729309082,0.36946597695350647,-0.0054841432720422745,0.6165180802345276,0.453103631734848,-0.013441548682749271,0.6291453838348389,0.374851793050766,-0.015335329808294773,0.6302100419998169,0.3671894371509552,-0.017430348321795464,0.6372241377830505,0.3360084891319275,-0.012744549661874771,0.657502293586731,0.36403143405914307,0.0015422810101881623,0.6329054832458496,0.3517848253250122,-0.015501103363931179,0.6582754254341125,0.37828370928764343,0.002363202627748251,0.6634208559989929,0.376499742269516,0.012393920682370663,0.6073858141899109,0.4796069264411926,-0.011392585933208466,0.6143182516098022,0.4800330400466919,-0.00800318643450737,0.6193781495094299,0.4805290997028351,-0.0035461403895169497,0.6106787323951721,0.45630013942718506,-0.012590545229613781,0.6265336275100708,0.481401264667511,0.006387900095432997,0.6233114004135132,0.4848816990852356,0.0036372600588947535,0.6248948574066162,0.48189884424209595,0.00559723237529397,0.609093964099884,0.4536007046699524,-0.02248874120414257,0.6168162226676941,0.4842478036880493,-0.0011711710831150413,0.6119197607040405,0.4853707551956177,-0.0042099300771951675,0.6060936450958252,0.48647698760032654,-0.0064186532981693745,0.6063528060913086,0.5076618790626526,0.002125025261193514,0.6074705123901367,0.5015957951545715,-0.004218756221234798,0.6072129607200623,0.4961647093296051,-0.005591256078332663,0.6067091226577759,0.49084219336509705,-0.004899094812572002,0.6060221195220947,0.4865826666355133,-0.004472665023058653,0.6167988181114197,0.4843406677246094,0.0003764931170735508,0.6181429028511047,0.48614799976348877,-0.00013509254495147616,0.6195514798164368,0.4886515140533447,-0.0006220621871761978,0.6205921769142151,0.49151429533958435,0.0007450396078638732,0.6239906549453735,0.470782995223999,-0.0029231265652924776,0.6658042669296265,0.4421249330043793,0.060070887207984924,0.6205156445503235,0.4832322895526886,0.0036234972067177296,0.6219385862350464,0.4839673936367035,0.0033652959391474724,0.6056506037712097,0.46066123247146606,-0.013537810184061527,0.6149067282676697,0.4571768045425415,-0.008400404825806618,0.6064395904541016,0.45922425389289856,-0.013854457065463066,0.6233829855918884,0.430571049451828,-0.005244007334113121,0.633653998374939,0.435335248708725,-0.0030840805266052485,0.6177836656570435,0.44893112778663635,-0.012096136808395386,0.6527259349822998,0.3440609872341156,-0.0015771710313856602,0.6479230523109436,0.3552725315093994,-0.007670940365642309,0.6431933641433716,0.36567527055740356,-0.012299577705562115,0.6207736730575562,0.4963502287864685,0.0054420968517661095,0.6149130463600159,0.3708760142326355,-0.01974894106388092,0.6176468729972839,0.3517526388168335,-0.019623685628175735,0.6206013560295105,0.3322576880455017,-0.01870589889585972,0.6415716409683228,0.41504165530204773,0.0005683191702701151,0.6550374627113342,0.41893935203552246,0.009956135414540768,0.616044819355011,0.4124201536178589,-0.002524492098018527,0.6508157253265381,0.39774394035339355,0.0022830653470009565,0.6125475168228149,0.4213119447231293,-0.010021783411502838,0.612628698348999,0.4483403265476227,-0.022858595475554466,0.6619514226913452,0.4236433506011963,0.017150456085801125,0.6506498456001282,0.4248436689376831,0.0054360744543373585,0.6429586410522461,0.427993506193161,0.00048311494174413383,0.631779670715332,0.427812397480011,-0.001728683477267623,0.6233923435211182,0.4252789616584778,-0.0032870990689843893,0.6169795393943787,0.42191681265830994,-0.005000784993171692,0.6046935319900513,0.41072747111320496,-0.01712372899055481,0.6607518196105957,0.44015029072761536,0.017483031377196312,0.6555421948432922,0.394623339176178,0.0046673365868628025,0.6009531617164612,0.45841702818870544,-0.027091121301054955,0.6158800721168518,0.433932363986969,-0.009499846026301384,0.6704564690589905,0.4057524800300598,0.05047311261296272,0.6122151613235474,0.4178376793861389,-0.0063323974609375,0.6186547875404358,0.4489729404449463,-0.006260703783482313,0.647234320640564,0.40669673681259155,0.004474815912544727,0.6130141615867615,0.4428369700908661,-0.021200032904744148,0.6621612906455994,0.46118754148483276,0.06003164127469063,0.6162553429603577,0.4100940227508545,-0.0017005332047119737,0.6083222031593323,0.43888115882873535,-0.02692841738462448,0.6425260305404663,0.4985783100128174,0.02817106992006302,0.6411267518997192,0.5064141750335693,0.03994164988398552,0.6654488444328308,0.44171419739723206,0.03850916400551796,0.6508338451385498,0.4887236952781677,0.03381182253360748,0.6661906838417053,0.39106202125549316,0.023283541202545166,0.6183710098266602,0.5240854024887085,0.01388354878872633,0.6004541516304016,0.4597969949245453,-0.01911219395697117,0.6214165091514587,0.4392234683036804,-0.00693625258281827,0.6609856486320496,0.4082200527191162,0.017203668132424355,0.6359618902206421,0.41375863552093506,-0.0021165297366678715,0.6307452917098999,0.4144226014614105,-0.0034352983348071575,0.6245067119598389,0.4860489070415497,0.004665870685130358,0.6590878367424011,0.45598092675209045,0.021310780197381973,0.6086437106132507,0.5333061218261719,0.016786646097898483,0.6244033575057983,0.5229015350341797,0.026607468724250793,0.6317923665046692,0.5161204934120178,0.0324535109102726,0.6256117820739746,0.4135418236255646,-0.0035959589295089245,0.6207756400108337,0.41182759404182434,-0.002757048001512885,0.6177684664726257,0.4108012914657593,-0.00163383933249861,0.6599353551864624,0.39200493693351746,0.0101383151486516,0.6223177909851074,0.4065430760383606,-0.004695179406553507,0.6276752352714539,0.40540915727615356,-0.005792406853288412,0.6324847340583801,0.4052937626838684,-0.005596064031124115,0.6371361017227173,0.4057520627975464,-0.003978249616920948,0.6403666734695435,0.4065500497817993,-0.0019550230354070663,0.6705426573753357,0.3869466781616211,0.03844854608178139,0.6394412517547607,0.4122103452682495,-0.00031175173353403807,0.617713212966919,0.4676494896411896,-0.00680339802056551,0.611869215965271,0.4541735053062439,-0.01666703075170517,0.6065298914909363,0.4669775664806366,-0.012290028855204582,0.6337825059890747,0.5083920359611511,0.024279458448290825,0.6260591745376587,0.5160767436027527,0.019558658823370934,0.6089707612991333,0.5297107100486755,0.009107067249715328,0.6491237282752991,0.49542856216430664,0.04909209534525871,0.618187665939331,0.40854397416114807,-0.002922576619312167,0.608214259147644,0.42379000782966614,-0.01777842454612255,0.6169553399085999,0.5289998054504395,0.02049875631928444,0.662331759929657,0.45908910036087036,0.03983447700738907,0.6118680238723755,0.48551151156425476,-0.002387854503467679,0.6130959391593933,0.48869678378105164,-0.002893574768677354,0.6141180396080017,0.49271827936172485,-0.0034714078065007925,0.6147695779800415,0.4975179433822632,-0.002108671236783266,0.6144466400146484,0.5029118657112122,0.0031646382994949818,0.6220101714134216,0.48206475377082825,0.0019591490272432566,0.6233688592910767,0.48094362020492554,0.0019121819641441107,0.6245250701904297,0.47979703545570374,0.0016534596215933561,0.6288055777549744,0.4748191833496094,0.0019443846540525556,0.6519434452056885,0.46036797761917114,0.010053577832877636,0.6085159182548523,0.4154996871948242,-0.01325263176113367,0.6123390197753906,0.4013247489929199,-0.00606635631993413,0.6158043742179871,0.4038547873497009,-0.0039752465672791,0.6206030249595642,0.4831629991531372,0.002617420395836234,0.6504828929901123,0.4782162606716156,0.021282082423567772,0.6066299676895142,0.3999079763889313,-0.013027586042881012,0.61664879322052,0.5100817084312439,0.006684210617095232,0.6040931344032288,0.41986778378486633,-0.022053489461541176,0.611965000629425,0.43601906299591064,-0.0167823638767004,0.607608437538147,0.5153882503509521,0.0039735096506774426,0.6296553611755371,0.49330538511276245,0.010938608087599277,0.623847246170044,0.45489615201950073,-0.003934206906706095,0.6235249638557434,0.5026026368141174,0.009309844113886356,0.6390919089317322,0.4541586637496948,-0.0018542192410677671,0.6300903558731079,0.4622846245765686,-0.0015759599627926946,0.6436982750892639,0.46588122844696045,0.004136168397963047,0.6088179349899292,0.5237435102462769,0.005272787529975176,0.6153798699378967,0.4398912787437439,-0.012320924550294876,0.6333037614822388,0.499899685382843,0.016800569370388985,0.6255795359611511,0.5089200139045715,0.014179915189743042,0.6352501511573792,0.4832528829574585,0.009706635028123856,0.6564995050430298,0.469028115272522,0.02512097731232643,0.6420637965202332,0.4858141541481018,0.015122567303478718,0.6579179167747498,0.4747651219367981,0.039591234177351,0.6349937915802002,0.47049400210380554,0.002433393383398652,0.6118828058242798,0.4288274645805359,-0.013286933302879333,0.6108354926109314,0.4521954357624054,-0.023828446865081787,0.6143531799316406,0.45324626564979553,-0.01733001507818699,0.6082613468170166,0.4472547769546509,-0.027919577434659004,0.6178436279296875,0.3921568989753723,-0.008638382889330387,0.6280248165130615,0.3857085704803467,-0.00976269319653511,0.6366417407989502,0.38434651494026184,-0.009183959104120731,0.6437222957611084,0.3860897719860077,-0.006495931185781956,0.6487020254135132,0.3903123736381531,-0.0026699979789555073,0.6511368751525879,0.4068988859653473,0.007117185276001692,0.6674754023551941,0.42468610405921936,0.03521180897951126,0.6456931829452515,0.41876453161239624,0.0035742148756980896,0.6394076943397522,0.42126479744911194,0.0005822689272463322,0.6314780712127686,0.42210817337036133,-0.0015530487289652228,0.6239012479782104,0.4206703305244446,-0.0030953448731452227,0.617877185344696,0.41794076561927795,-0.0031054692808538675,0.6138702630996704,0.41518548130989075,-0.003854324808344245,0.6684141755104065,0.423762708902359,0.057098180055618286,0.6143020391464233,0.45471203327178955,-0.014258506707847118,0.6079275012016296,0.4311774671077728,-0.02161717228591442,0.6066944003105164,0.453212708234787,-0.027866793796420097,0.6038435101509094,0.4569457769393921,-0.024938715621829033,0.6068422794342041,0.45433762669563293,-0.025008227676153183,0.6130063533782959,0.4567149877548218,-0.011832351796329021,0.6027371883392334,0.4578220248222351,-0.026335522532463074,0.6021930575370789,0.45917704701423645,-0.019321000203490257,0.6140157580375671,0.4096529483795166,-0.0023029486183077097,0.6109122633934021,0.4105280339717865,-0.005216129124164581,0.6087508201599121,0.41148245334625244,-0.008539062924683094,0.6424520611763,0.40727001428604126,0.00029787953826598823,0.6473908424377441,0.40003880858421326,0.0005728388205170631,0.5703777074813843,0.4090041518211365,0.00026239705039188266,0.5766792893409729,0.4092898964881897,0.00026239705039188266,0.5705816745758057,0.40162065625190735,0.00026239705039188266,0.5640144348144531,0.4086928963661194,0.00026239705039188266,0.5701541304588318,0.4161827266216278,0.00026239705039188266,0.6306094527244568,0.4099106192588806,-0.0022389397490769625,0.6366439461708069,0.40981027483940125,-0.0022389397490769625,0.6306512951850891,0.4028118848800659,-0.0022389397490769625,0.6246716380119324,0.40996548533439636,-0.0022389397490769625,0.6306043267250061,0.4168517589569092,-0.0022389397490769625
4800.000000000001,0.6000239253044128,0.4769936501979828,-0.01281798630952835,0.5982299447059631,0.4550086259841919,-0.03055748902261257,0.5985365509986877,0.46150118112564087,-0.014919868670403957,0.5941269993782043,0.427768349647522,-0.025196276605129242,0.5982940793037415,0.4467623829841614,-0.03321608155965805,0.5985609292984009,0.4357146620750427,-0.031860001385211945,0.5994538068771362,0.4086870849132538,-0.019092993810772896,0.5583204030990601,0.4090547561645508,0.004513937514275312,0.6000545024871826,0.38458630442619324,-0.017119746655225754,0.6002690196037292,0.3724384307861328,-0.01961360312998295,0.6013433337211609,0.3313927948474884,-0.018951229751110077,0.5999537706375122,0.4807577431201935,-0.011802777647972107,0.599829912185669,0.48456278443336487,-0.00977837760001421,0.5997098088264465,0.48698681592941284,-0.006921763066202402,0.5996174216270447,0.48758238554000854,-0.005104865878820419,0.599646806716919,0.4922583997249603,-0.005500112194567919,0.5995876789093018,0.49761372804641724,-0.006148612126708031,0.5994570851325989,0.5030027031898499,-0.00458565354347229,0.5981935858726501,0.5081676244735718,0.001764294458553195,0.5983259677886963,0.45884108543395996,-0.0272876787930727,0.5934377312660217,0.45796889066696167,-0.019212596118450165,0.5370596647262573,0.36949622631073,0.029387246817350388,0.5741770267486572,0.41746950149536133,-0.0017977174138650298,0.5680778622627258,0.41779690980911255,-0.000888334063347429,0.5625322461128235,0.41614654660224915,0.00109089317265898,0.5558951497077942,0.4108133614063263,0.006147696170955896,0.5795192122459412,0.41490235924720764,-0.0012801020639017224,0.5674857497215271,0.3891656696796417,-0.005114815663546324,0.5740305185317993,0.3908771276473999,-0.0055431220680475235,0.5612208247184753,0.3900204598903656,-0.00248135719448328,0.5569982528686523,0.39351415634155273,0.0003106462536379695,0.550896406173706,0.41394394636154175,0.009904900565743446,0.5785132646560669,0.5169069766998291,0.010755587369203568,0.556739866733551,0.4066363275051117,0.006576059851795435,0.5350658893585205,0.40567547082901,0.03607716038823128,0.5452921986579895,0.4065159261226654,0.015545021742582321,0.5696737170219421,0.44464048743247986,-0.003104239469394088,0.5918594002723694,0.47493085265159607,-0.01190355233848095,0.5922946929931641,0.48393288254737854,-0.008620643988251686,0.5837403535842896,0.4769660234451294,-0.007764278911054134,0.5781276226043701,0.478845477104187,-0.0024572124239057302,0.5857765674591064,0.48334571719169617,-0.005763706285506487,0.5805851221084595,0.4829266369342804,-0.0010066066170111299,0.5723817348480225,0.4887829124927521,0.009314469993114471,0.5936998128890991,0.4546424150466919,-0.02995668724179268,0.5930763483047485,0.4466465711593628,-0.032367315143346786,0.5483726859092712,0.3803141713142395,0.002099027391523123,0.5823632478713989,0.42589738965034485,-0.006187652237713337,0.5814858675003052,0.4503464996814728,-0.01571565680205822,0.581243634223938,0.44585439562797546,-0.01435136329382658,0.5514867901802063,0.4423624575138092,0.005330728832632303,0.5935600399971008,0.4364244043827057,-0.029875554144382477,0.5617924332618713,0.37017881870269775,-0.009260698221623898,0.5538228750228882,0.37317243218421936,-0.003851566929370165,0.5425102114677429,0.354600191116333,0.016075951978564262,0.5876234769821167,0.3814786374568939,-0.015240124426782131,0.5796158909797668,0.3953396677970886,-0.003992204088717699,0.5678562521934509,0.4803425967693329,0.009566727094352245,0.5447702407836914,0.4789940118789673,0.06101950258016586,0.5855904817581177,0.45506587624549866,-0.013377889059484005,0.5899919867515564,0.45768022537231445,-0.01334174070507288,0.5706998109817505,0.48142731189727783,0.008996589109301567,0.5722715258598328,0.4819577634334564,0.007276099640876055,0.5509345531463623,0.3665456175804138,-0.0017750741681084037,0.5812438130378723,0.4530821740627289,-0.012160573154687881,0.5727375149726868,0.3721446990966797,-0.013308127410709858,0.5721665620803833,0.3642635643482208,-0.015321639366447926,0.5662956237792969,0.3351576030254364,-0.009707167744636536,0.5463541150093079,0.36261069774627686,0.005595981143414974,0.569334864616394,0.35105249285697937,-0.013057351112365723,0.5452913641929626,0.3761930763721466,0.0065705422312021255,0.5406621694564819,0.3747473657131195,0.016931090503931046,0.591918408870697,0.47980251908302307,-0.010849511250853539,0.5847238302230835,0.4803069531917572,-0.006913400255143642,0.5792861580848694,0.48089268803596497,-0.0021506312768906355,0.5867977738380432,0.4563359022140503,-0.011819799430668354,0.5714985132217407,0.48169827461242676,0.008105610497295856,0.5747997760772705,0.4851952791213989,0.00505306851118803,0.5731267929077148,0.48225778341293335,0.007156130392104387,0.5880289077758789,0.4536106586456299,-0.021580729633569717,0.5815863609313965,0.4844279885292053,3.021898737642914e-05,0.5867268443107605,0.485416054725647,-0.003274471964687109,0.5928077101707458,0.4863680899143219,-0.005884577054530382,0.5902020335197449,0.5073767304420471,0.002394355833530426,0.5909668803215027,0.5018866062164307,-0.003826865693554282,0.5913786292076111,0.49647635221481323,-0.005120076239109039,0.5919886231422424,0.4911639094352722,-0.004410367924720049,0.5926923751831055,0.4869479835033417,-0.004020730033516884,0.5814200043678284,0.4846997559070587,0.0015016618417575955,0.5801475048065186,0.4864482581615448,0.0009781457483768463,0.5787093043327332,0.48894935846328735,0.0004878668114542961,0.5775822401046753,0.4918059706687927,0.0019008528906852007,0.5740529298782349,0.47059670090675354,-0.0012356624938547611,0.5370910167694092,0.4401552677154541,0.0648985281586647,0.5984260439872742,0.460236519575119,-0.019401630386710167,0.577564001083374,0.48357275128364563,0.005001029931008816,0.5761886835098267,0.48427683115005493,0.0047482578083872795,0.5916023254394531,0.4606161117553711,-0.013079133816063404,0.5829143524169922,0.4571602940559387,-0.007399913389235735,0.5908651947975159,0.4591933786869049,-0.013392037712037563,0.5758410096168518,0.4299796521663666,-0.003389072371646762,0.5656135082244873,0.43441084027290344,-0.0006115268915891647,0.5802258253097534,0.4488392472267151,-0.01068824902176857,0.5517030954360962,0.3427872359752655,0.0024572687689214945,0.5553467869758606,0.35414475202560425,-0.0042944978922605515,0.5600502490997314,0.3624621033668518,-0.009272498078644276,0.5768023729324341,0.4960574805736542,0.0067990487441420555,0.5864818096160889,0.36896955966949463,-0.018562784418463707,0.5839391350746155,0.3513588309288025,-0.018170399591326714,0.5822778940200806,0.33182424306869507,-0.01692197471857071,0.5581468343734741,0.41404828429222107,0.0038439298514276743,0.5446204543113708,0.4184477925300598,0.013914935290813446,0.5830946564674377,0.41230857372283936,-0.0009313613409176469,0.5510333180427551,0.3959311246871948,0.006045120768249035,0.5865609049797058,0.420993447303772,-0.008850359357893467,0.5846349596977234,0.448291152715683,-0.021777059882879257,0.5392919182777405,0.4218562841415405,0.02153073251247406,0.5477928519248962,0.42395636439323425,0.009131446480751038,0.554681122303009,0.4270171523094177,0.0036866033915430307,0.565660834312439,0.4273882508277893,0.000758116424549371,0.5742509365081787,0.42537975311279297,-0.0013394522247835994,0.5809310078620911,0.4218864142894745,-0.0035078199580311775,0.5941009521484375,0.41060513257980347,-0.01651368848979473,0.539694607257843,0.4384392499923706,0.021813208237290382,0.5466607809066772,0.3929343819618225,0.008768565021455288,0.5955846309661865,0.45848169922828674,-0.026858506724238396,0.5828177332878113,0.43366897106170654,-0.008131205104291439,0.5340103507041931,0.4038238227367401,0.05558616667985916,0.5859696269035339,0.41748687624931335,-0.005128351505845785,0.579630970954895,0.4488396942615509,-0.004878068808466196,0.5540900826454163,0.40538421273231506,0.008015068247914314,0.5846130847930908,0.44278544187545776,-0.020084353163838387,0.5400176644325256,0.459401935338974,0.06456127017736435,0.5836191773414612,0.4097292423248291,-6.149690307211131e-05,0.5889434218406677,0.4388442039489746,-0.026081649586558342,0.5563471913337708,0.4976826012134552,0.031171830371022224,0.5580959916114807,0.5056551694869995,0.04297143965959549,0.5360797643661499,0.43990975618362427,0.043206918984651566,0.5486987233161926,0.4876738488674164,0.037446942180395126,0.5375290513038635,0.38923078775405884,0.028008634224534035,0.5784409642219543,0.5232908129692078,0.015138540416955948,0.5962866544723511,0.4598732888698578,-0.018962008878588676,0.5773413777351379,0.43882524967193604,-0.005249842535704374,0.5405970215797424,0.40791094303131104,0.02160908654332161,0.5633823275566101,0.4127339720726013,0.0007855569128878415,0.5683556199073792,0.41401392221450806,-0.0008198742289096117,0.5736141800880432,0.4863477051258087,0.006197855807840824,0.540980339050293,0.454384446144104,0.02547440305352211,0.5881416201591492,0.5327451229095459,0.01733446680009365,0.5735060572624207,0.5222568511962891,0.028556030243635178,0.5667698383331299,0.5154522061347961,0.034889787435531616,0.600746750831604,0.3521122932434082,-0.020067213103175163,0.5983995795249939,0.5343825817108154,0.015331961214542389,0.5735563635826111,0.4136486351490021,-0.001339321373961866,0.5785428285598755,0.41201385855674744,-0.0008044003625400364,0.5818163752555847,0.4107147753238678,0.00012206043902551755,0.5428838729858398,0.3909625709056854,0.014516586437821388,0.5783826112747192,0.40545588731765747,-0.0026057956274598837,0.5731937885284424,0.404033899307251,-0.003413837868720293,0.5684185028076172,0.40359747409820557,-0.002870521740987897,0.5636289715766907,0.40405264496803284,-0.000919709971640259,0.5603339672088623,0.4049752652645111,0.001269674627110362,0.5343877673149109,0.3850272297859192,0.04363416135311127,0.5602828860282898,0.410859614610672,0.002837012056261301,0.5985623002052307,0.46709758043289185,-0.01275986060500145,0.5801085233688354,0.46756789088249207,-0.005539710633456707,0.5855520367622375,0.454161137342453,-0.015728160738945007,0.5907588005065918,0.4669143557548523,-0.011755864135921001,0.5998202562332153,0.3967200815677643,-0.016149530187249184,0.5644969940185547,0.5075010061264038,0.026642797514796257,0.5715075135231018,0.5152126550674438,0.02135762944817543,0.5872611999511719,0.529126763343811,0.009653987362980843,0.5510606169700623,0.49445781111717224,0.05282730609178543,0.582019567489624,0.4077835977077484,-0.0010884186485782266,0.5901347398757935,0.4236186742782593,-0.016944482922554016,0.5980830192565918,0.5305631160736084,0.007974679581820965,0.5802518725395203,0.5283713340759277,0.021879024803638458,0.5385711789131165,0.4574427902698517,0.04425478354096413,0.5865950584411621,0.485897421836853,-0.0015333164483308792,0.5853835940361023,0.48903828859329224,-0.00203202897682786,0.584334135055542,0.49306532740592957,-0.0025733790826052427,0.5835930109024048,0.4978625178337097,-0.0012327488511800766,0.5825413465499878,0.5026261210441589,0.0040716915391385555,0.5762606263160706,0.48239895701408386,0.0034840847365558147,0.574945330619812,0.48130354285240173,0.0035748484078794718,0.5738959312438965,0.48020464181900024,0.0034248800948262215,0.5695247650146484,0.4746948182582855,0.004031690303236246,0.5473310947418213,0.4590473771095276,0.013641606085002422,0.5904378294944763,0.41525647044181824,-0.012336734682321548,0.5876723527908325,0.40063464641571045,-0.004873719997704029,0.5844473242759705,0.4029912054538727,-0.0024015996605157852,0.5776119828224182,0.4834706485271454,0.00403790595009923,0.5488166213035583,0.4771387577056885,0.024782568216323853,0.5926027894020081,0.39896923303604126,-0.012258242815732956,0.5802642107009888,0.5095990896224976,0.007713660132139921,0.5988610982894897,0.4267016649246216,-0.027423584833741188,0.594061553478241,0.4197880029678345,-0.021529538556933403,0.5991349816322327,0.41826924681663513,-0.023158792406320572,0.5861243009567261,0.43583163619041443,-0.01572958566248417,0.5980363488197327,0.5244473814964294,0.004057866986840963,0.5980921387672424,0.5160033702850342,0.002898481674492359,0.5887324810028076,0.5150243043899536,0.004364011809229851,0.5684247612953186,0.4928254187107086,0.012996984645724297,0.5745190382003784,0.4545881450176239,-0.002198965987190604,0.574022650718689,0.5021104216575623,0.010846549645066261,0.5596239566802979,0.45317190885543823,0.000796908454503864,0.568335235118866,0.46170666813850403,0.0005163491005077958,0.5551132559776306,0.46483346819877625,0.007117501460015774,0.5873774886131287,0.52320396900177,0.005834880284965038,0.5829575061798096,0.4397679567337036,-0.011033786460757256,0.5648988485336304,0.49913883209228516,0.019106103107333183,0.5719358921051025,0.5082038044929504,0.015869183465838432,0.5631803870201111,0.48275089263916016,0.012275390326976776,0.5434120297431946,0.46766650676727295,0.02902442030608654,0.5566088557243347,0.48499083518981934,0.018038108944892883,0.5424500107765198,0.4734162390232086,0.043745215982198715,0.5636135935783386,0.4699106812477112,0.004923736676573753,0.5866475105285645,0.4285919666290283,-0.012184537947177887,0.5862917900085449,0.45217591524124146,-0.02286033146083355,0.5831493735313416,0.45321741700172424,-0.016209403052926064,0.5886050462722778,0.4472346305847168,-0.02709456905722618,0.5830954909324646,0.39072975516319275,-0.007073311600834131,0.5735369324684143,0.3834564685821533,-0.007637223694473505,0.5651743412017822,0.3816130757331848,-0.006490437779575586,0.5582413673400879,0.383291095495224,-0.003292410634458065,0.5533284544944763,0.3878490924835205,0.000864229688886553,0.5502135753631592,0.4056854248046875,0.010846775956451893,0.5348061919212341,0.42278018593788147,0.04005454480648041,0.553546130657196,0.41778814792633057,0.00700018834322691,0.5590572357177734,0.4204418957233429,0.003575302893295884,0.5666911602020264,0.42195644974708557,0.0009431929793208838,0.5743665099143982,0.4210686683654785,-0.001055294880643487,0.5805837512016296,0.41826820373535156,-0.0015406645834445953,0.5848373174667358,0.4152474105358124,-0.002532029990106821,0.5353627800941467,0.4217926859855652,0.06216418370604515,0.5832766890525818,0.4547375738620758,-0.01316438615322113,0.5898615717887878,0.4310701787471771,-0.02076137810945511,0.590010941028595,0.4532122015953064,-0.027253486216068268,0.5929675698280334,0.4569278061389923,-0.024594152346253395,0.5900830030441284,0.45430171489715576,-0.024382414296269417,0.5846183896064758,0.4567528963088989,-0.01092115044593811,0.5939087271690369,0.4578425884246826,-0.02605624496936798,0.5946313142776489,0.4592490494251251,-0.019066378474235535,0.5855647325515747,0.4092387855052948,-0.0009103116462938488,0.5882354974746704,0.410277396440506,-0.004127509891986847,0.5898127555847168,0.41083046793937683,-0.007612608373165131,0.5583188533782959,0.4057745635509491,0.003626381978392601,0.5541842579841614,0.3982203006744385,0.004093247931450605,0.6036542654037476,0.4278675317764282,-0.02562171407043934,0.6420693397521973,0.4101313650608063,0.0014989476185292006,0.6036703586578369,0.4580647349357605,-0.019538123160600662,0.6679160594940186,0.37116074562072754,0.024639137089252472,0.6245771646499634,0.4166540205478668,-0.0037407081108540297,0.6307088732719421,0.4174806475639343,-0.003210479859262705,0.6365643739700317,0.4165237545967102,-0.00162282376550138,0.6446967720985413,0.4114803075790405,0.0029307743534445763,0.6193966865539551,0.4142652750015259,-0.0028071152046322823,0.6343286037445068,0.3912244737148285,-0.007592950481921434,0.6276732683181763,0.39258232712745667,-0.007506641559302807,0.6406691670417786,0.39221733808517456,-0.005323903635144234,0.6448065042495728,0.3955247700214386,-0.0027692753355950117,0.6492348909378052,0.4145696759223938,0.006514814216643572,0.618370771408081,0.5174717903137207,0.009327978827059269,0.644341766834259,0.4077646732330322,0.003425132716074586,0.6683475375175476,0.40741822123527527,0.03152851387858391,0.6561717987060547,0.40679746866226196,0.011739533394575119,0.6292365193367004,0.4453933835029602,-0.005132850259542465,0.6080940961837769,0.4748130142688751,-0.01247844472527504,0.6071926355361938,0.4838514029979706,-0.009175797924399376,0.6158607006072998,0.4765861928462982,-0.008938799612224102,0.6209567189216614,0.4783095717430115,-0.0040249754674732685,0.6134454607963562,0.4831300377845764,-0.006832989864051342,0.618312418460846,0.4825413227081299,-0.00235935696400702,0.6257432103157043,0.48921239376068115,0.0073481653816998005,0.6028684973716736,0.45474374294281006,-0.03021376021206379,0.6035653948783875,0.4467272460460663,-0.032696131616830826,0.6545870304107666,0.3823333978652954,-0.0015433672815561295,0.6170042157173157,0.426285982131958,-0.007496349513530731,0.616314709186554,0.45060980319976807,-0.01695365272462368,0.6168290972709656,0.446112722158432,-0.015650056302547455,0.648052453994751,0.44369709491729736,0.002079605357721448,0.6036385893821716,0.43647894263267517,-0.030291231349110603,0.6408979892730713,0.37311795353889465,-0.011723204515874386,0.6490593552589417,0.37580743432044983,-0.006996434181928635,0.6622769236564636,0.35609522461891174,0.011783691123127937,0.6131987571716309,0.3832138776779175,-0.016019614413380623,0.6216661334037781,0.3965878188610077,-0.005578135140240192,0.6306415796279907,0.48079046607017517,0.007253579329699278,0.6568625569343567,0.48029226064682007,0.05668499320745468,0.6120725274085999,0.4552769064903259,-0.014335370622575283,0.6075273156166077,0.4578082859516144,-0.013815191574394703,0.6276865601539612,0.48070648312568665,0.0069801718927919865,0.6261106133460999,0.4812493324279785,0.005498290993273258,0.6529943943023682,0.36889874935150146,-0.005122438073158264,0.6166815161705017,0.4533443748950958,-0.013369020074605942,0.6293717622756958,0.37489569187164307,-0.015002314932644367,0.6304728984832764,0.3671492338180542,-0.01706155575811863,0.6372281312942505,0.33600860834121704,-0.012199031189084053,0.6573731899261475,0.363993376493454,0.0019591546151787043,0.6329333782196045,0.35184264183044434,-0.015030765905976295,0.658501923084259,0.3776368200778961,0.002702310448512435,0.6633276343345642,0.3763789236545563,0.012774975039064884,0.6078388094902039,0.47972550988197327,-0.011438481509685516,0.6147010326385498,0.4800552427768707,-0.00805172324180603,0.619727611541748,0.4804144501686096,-0.0036234650760889053,0.6108248829841614,0.4565136432647705,-0.01255310233682394,0.6268845200538635,0.4809829890727997,0.006234381347894669,0.623626708984375,0.4846482574939728,0.003450986696407199,0.6252434849739075,0.4815612733364105,0.005437985062599182,0.6092314720153809,0.4537915289402008,-0.022420404478907585,0.6171980500221252,0.48405495285987854,-0.0012440315913408995,0.6123287081718445,0.4851953089237213,-0.004253843799233437,0.6065229773521423,0.4862898588180542,-0.006450026761740446,0.6063929796218872,0.5076268911361694,0.0018752259202301502,0.6078025698661804,0.5018309354782104,-0.004401135724037886,0.6075787544250488,0.4964044690132141,-0.005736888386309147,0.6070995330810547,0.4911037087440491,-0.005015245173126459,0.6064249873161316,0.4868874251842499,-0.004596697632223368,0.6171752214431763,0.48439234495162964,0.00022911034466233104,0.6184771060943604,0.4861315190792084,-0.00028652511537075043,0.619843602180481,0.4885987341403961,-0.0007834510179236531,0.6208516359329224,0.4914388954639435,0.0005607131752185524,0.6240297555923462,0.4710349142551422,-0.0029838797636330128,0.6661702990531921,0.44194477796554565,0.06009957194328308,0.6208773255348206,0.4831126928329468,0.003454836318269372,0.6222804188728333,0.48378297686576843,0.0031887672375887632,0.605806291103363,0.4607967436313629,-0.013542894273996353,0.6150671243667603,0.45741644501686096,-0.008365665562450886,0.6065964698791504,0.4593738913536072,-0.013849614188075066,0.6235690116882324,0.4305616021156311,-0.005127135664224625,0.6338107585906982,0.43535250425338745,-0.002977968193590641,0.6179689764976501,0.4491465985774994,-0.01200871542096138,0.6525861024856567,0.3440178334712982,-0.00107634870801121,0.6478307843208313,0.35530543327331543,-0.007215714082121849,0.6434445977210999,0.36529234051704407,-0.011909525841474533,0.6207332611083984,0.4964931905269623,0.005224893800914288,0.6151689887046814,0.37115657329559326,-0.019406519830226898,0.6177785396575928,0.35178643465042114,-0.01916547492146492,0.6207222938537598,0.3322635591030121,-0.018167195841670036,0.6416358947753906,0.41470712423324585,0.0008070548065006733,0.65516597032547,0.4186351001262665,0.010145211592316628,0.616157054901123,0.4121152460575104,-0.0022868006490170956,0.6509283185005188,0.39732658863067627,0.002547566080465913,0.6127765774726868,0.42127683758735657,-0.009893643669784069,0.6127972602844238,0.448530912399292,-0.02277291938662529,0.6622262597084045,0.42356881499290466,0.017307117581367493,0.650756299495697,0.4247460961341858,0.005603463854640722,0.643043577671051,0.4280604124069214,0.000639394682366401,0.6318337321281433,0.4278549253940582,-0.0015862513100728393,0.6234542727470398,0.4252587556838989,-0.0031387393828481436,0.6170873045921326,0.4219188988208771,-0.004855683539062738,0.6049178242683411,0.41070109605789185,-0.01695518009364605,0.6610248684883118,0.44013893604278564,0.017577920109033585,0.65571129322052,0.39411407709121704,0.0049391500651836395,0.6010991930961609,0.45853525400161743,-0.027068233117461205,0.6160799264907837,0.4339916408061981,-0.009385449811816216,0.6705564260482788,0.40555936098098755,0.05067332461476326,0.6123682856559753,0.4179050326347351,-0.006171205081045628,0.6188353300094604,0.4491797089576721,-0.006174351088702679,0.6473607420921326,0.4062843918800354,0.004730898421257734,0.613204836845398,0.44300562143325806,-0.02109898068010807,0.6625561714172363,0.4610459506511688,0.05997481942176819,0.6164458394050598,0.409794420003891,-0.0014297963352873921,0.6085045337677002,0.4390009641647339,-0.026833094656467438,0.6426591277122498,0.4985491931438446,0.027977516874670982,0.6413384079933167,0.5063229203224182,0.0397033765912056,0.6658223867416382,0.44160547852516174,0.038580458611249924,0.6510375738143921,0.4886919856071472,0.03366881608963013,0.6662206649780273,0.39091813564300537,0.02358977310359478,0.6184357404708862,0.5238652229309082,0.013583128340542316,0.6006028652191162,0.45990705490112305,-0.01910034939646721,0.6216093301773071,0.4393073320388794,-0.0068255020305514336,0.6612025499343872,0.40755799412727356,0.017430990934371948,0.6359776258468628,0.41327109932899475,-0.0018371955957263708,0.6307216286659241,0.41387778520584106,-0.0031578156631439924,0.6247909069061279,0.4857786297798157,0.00447688065469265,0.6593248248100281,0.45597872138023376,0.021347740665078163,0.6087387800216675,0.5329760313034058,0.01647040992975235,0.624503493309021,0.5226901173591614,0.026327045634388924,0.6319271326065063,0.5159685611724854,0.032187387347221375,0.6256287693977356,0.4130164682865143,-0.0033242886420339346,0.6208450794219971,0.411359041929245,-0.0024919300340116024,0.6179037094116211,0.4104037284851074,-0.0013701505959033966,0.660153329372406,0.3913079500198364,0.010427013970911503,0.6224641799926758,0.4066104292869568,-0.004381090868264437,0.6278214454650879,0.4056978225708008,-0.00546825397759676,0.6326109766960144,0.405663400888443,-0.005266054067760706,0.6372573375701904,0.4060317575931549,-0.0036614241544157267,0.6405026912689209,0.4066509008407593,-0.0016428680391982198,0.6704455018043518,0.3867424726486206,0.03874414041638374,0.6395236253738403,0.4118005633354187,-3.232944436604157e-05,0.6178188323974609,0.4678668677806854,-0.0068418062292039394,0.6120041012763977,0.45439469814300537,-0.01659931242465973,0.6066596508026123,0.4671024978160858,-0.012321962974965572,0.6338781714439392,0.5083231329917908,0.024029793217778206,0.6261329650878906,0.5159369707107544,0.019279135391116142,0.6090580224990845,0.5294580459594727,0.008779219351708889,0.649428129196167,0.49535995721817017,0.04890315607190132,0.6183711886405945,0.4083884358406067,-0.0026375933084636927,0.6084181666374207,0.4238111972808838,-0.017650874331593513,0.6170413494110107,0.5287179946899414,0.020208081230521202,0.6626895666122437,0.45900464057922363,0.03982913866639137,0.6122593283653259,0.48572009801864624,-0.0025157106574624777,0.6134531497955322,0.4888457655906677,-0.0030212565325200558,0.6144371628761292,0.49284207820892334,-0.00361843453720212,0.6150505542755127,0.49763157963752747,-0.002287167590111494,0.614430844783783,0.502948522567749,0.002931398106738925,0.62237948179245,0.48181405663490295,0.0018338208319619298,0.6237109303474426,0.48067620396614075,0.0017871264135465026,0.624829888343811,0.4795394539833069,0.0015384646831080317,0.6287765502929688,0.4751495122909546,0.0018632711144164205,0.6520861387252808,0.4604182541370392,0.010091871954500675,0.6087427735328674,0.4154684245586395,-0.013100570999085903,0.6125373840332031,0.40124109387397766,-0.005799843929708004,0.6159888505935669,0.4036349356174469,-0.0036947184707969427,0.6209795475006104,0.4829302132129669,0.0024982746690511703,0.6505944132804871,0.47824427485466003,0.02122468128800392,0.606854259967804,0.40007513761520386,-0.012775787152349949,0.6166654229164124,0.5100417137145996,0.006435838527977467,0.6042948365211487,0.41988471150398254,-0.021913370117545128,0.6121570467948914,0.4361148476600647,-0.016672933474183083,0.6076645255088806,0.5152815580368042,0.003712054807692766,0.6296769380569458,0.49348101019859314,0.010756798088550568,0.6240134835243225,0.4550780653953552,-0.003885226557031274,0.6235397458076477,0.50267094373703,0.009078414179384708,0.6392101049423218,0.45424091815948486,-0.0017902591498568654,0.6301894187927246,0.46245503425598145,-0.0015791179612278938,0.6437782049179077,0.4659838080406189,0.00416595907881856,0.6088874340057373,0.5235539078712463,0.004981348756700754,0.6155687570571899,0.4400220513343811,-0.012214675545692444,0.6333522796630859,0.4999382495880127,0.016596918925642967,0.6256195306777954,0.5088715553283691,0.013937239535152912,0.63526850938797,0.48348623514175415,0.009605973027646542,0.6566881537437439,0.4690268337726593,0.0250997394323349,0.6421181559562683,0.4859007000923157,0.015019744634628296,0.658221423625946,0.4747101068496704,0.03950831666588783,0.6350080966949463,0.470731645822525,0.0024022827856242657,0.6120888590812683,0.42886391282081604,-0.013169382698833942,0.6109773516654968,0.4523930847644806,-0.023753799498081207,0.6144961714744568,0.4534783959388733,-0.017257865518331528,0.6084231734275818,0.44741055369377136,-0.02786056511104107,0.6180419921875,0.39210814237594604,-0.008333774283528328,0.6282168626785278,0.3855381906032562,-0.009446695446968079,0.6368201375007629,0.3840694725513458,-0.008869877085089684,0.6438820362091064,0.3857475817203522,-0.006201835814863443,0.6488261222839355,0.38994288444519043,-0.002396096708253026,0.6512516140937805,0.40642520785331726,0.007354273926466703,0.6677953600883484,0.4245535433292389,0.035359807312488556,0.6457911133766174,0.41855061054229736,0.0037772879004478455,0.6394612789154053,0.4211188852787018,0.0007660644478164613,0.6314961910247803,0.42191028594970703,-0.0013765469193458557,0.6239292621612549,0.4204338490962982,-0.0028985824901610613,0.6179565191268921,0.41773954033851624,-0.0029259531293064356,0.6139948964118958,0.41505253314971924,-0.0036585170309990644,0.6686713099479675,0.42356640100479126,0.05721563100814819,0.6144518256187439,0.4549536108970642,-0.014193790033459663,0.6081125736236572,0.4312456250190735,-0.02150261029601097,0.6068429946899414,0.4533731937408447,-0.02781420387327671,0.6040034294128418,0.45708417892456055,-0.02490832842886448,0.6069909334182739,0.4545014500617981,-0.02495672181248665,0.6131590604782104,0.45694348216056824,-0.011789697222411633,0.6028885245323181,0.4579475522041321,-0.026308340951800346,0.6023513078689575,0.4593019485473633,-0.019302481785416603,0.6141840815544128,0.40938857197761536,-0.002047786256298423,0.6110864877700806,0.41044703125953674,-0.004994021262973547,0.6089418530464172,0.4115861654281616,-0.008355521596968174,0.6426244378089905,0.40719205141067505,0.0005902533303014934,0.647485077381134,0.3996743857860565,0.0008545141899958253,0.570620596408844,0.40935850143432617,0.00036295666359364986,0.5767279863357544,0.40961048007011414,0.00036295666359364986,0.5708549618721008,0.4018723964691162,0.00036295666359364986,0.5644252300262451,0.40907326340675354,0.00036295666359364986,0.5703622698783875,0.41665300726890564,0.00036295666359364986,0.6308729648590088,0.40976354479789734,-0.001949153607711196,0.6368938088417053,0.4097191095352173,-0.001949153607711196,0.630940854549408,0.40266236662864685,-0.001949153607711196,0.6249403357505798,0.40977030992507935,-0.001949153607711196,0.6308362483978271,0.4167144298553467,-0.001949153607711196
4833.333333333334,0.6005251407623291,0.4768194258213043,-0.012674766592681408,0.5990117192268372,0.45511960983276367,-0.030572401359677315,0.5992139577865601,0.4615473747253418,-0.014851070940494537,0.5948505997657776,0.42786574363708496,-0.025359271094202995,0.5990933179855347,0.4468931257724762,-0.03326646238565445,0.5993399620056152,0.43584245443344116,-0.03195394203066826,0.600151538848877,0.40877577662467957,-0.01931511051952839,0.5589544177055359,0.4082258641719818,0.004055209923535585,0.6007423400878906,0.3847968578338623,-0.017461789771914482,0.6009721159934998,0.3726784884929657,-0.020030604675412178,0.6020660996437073,0.3314395248889923,-0.019572822377085686,0.6004425287246704,0.48055005073547363,-0.011646407656371593,0.6003081202507019,0.4842822849750519,-0.009606787003576756,0.6001873016357422,0.4866533875465393,-0.006717906799167395,0.6001216173171997,0.4873563051223755,-0.00490218959748745,0.6001397371292114,0.49205124378204346,-0.005264182109385729,0.6000628471374512,0.4974426329135895,-0.005889538209885359,0.5999115109443665,0.5028849244117737,-0.004292539320886135,0.5987042188644409,0.5080314874649048,0.0021228098776191473,0.5990744829177856,0.4589264690876007,-0.02728075534105301,0.594121515750885,0.45801207423210144,-0.019213227555155754,0.5371123552322388,0.3692505359649658,0.028656143695116043,0.5750424861907959,0.4163265526294708,-0.0021503656171262264,0.5689049363136292,0.41674453020095825,-0.0012724401894956827,0.5632728338241577,0.4152463972568512,0.0006777236121706665,0.5564391613006592,0.409986674785614,0.005694914143532515,0.580399751663208,0.41378411650657654,-0.0016046683304011822,0.568037748336792,0.3886229395866394,-0.005603002849966288,0.5746421217918396,0.39024272561073303,-0.005994531325995922,0.5617448687553406,0.389518678188324,-0.0029860101640224457,0.5575199127197266,0.39297664165496826,-0.00019814503320958465,0.5513073801994324,0.41321101784706116,0.00946599617600441,0.5789282321929932,0.5167034864425659,0.011039311066269875,0.5572903752326965,0.40590694546699524,0.006102236919105053,0.5352296233177185,0.4054293930530548,0.03555525466799736,0.545606791973114,0.40566831827163696,0.01504723820835352,0.5701764225959778,0.44457992911338806,-0.003261607838794589,0.5924032330513,0.4746154546737671,-0.011812442913651466,0.592811107635498,0.48355334997177124,-0.008494773879647255,0.5843207240104675,0.4765380322933197,-0.0077122291550040245,0.5787306427955627,0.47839564085006714,-0.0024324487894773483,0.5863294005393982,0.48290401697158813,-0.005681705195456743,0.5811741948127747,0.4824756383895874,-0.0009469421929679811,0.5727923512458801,0.4885937571525574,0.009394636377692223,0.5944604873657227,0.4547361433506012,-0.029996724799275398,0.5938487648963928,0.44675806164741516,-0.03244631364941597,0.5487887859344482,0.37962713837623596,0.0014823394594714046,0.5829039216041565,0.4258865714073181,-0.006402487400919199,0.5821022391319275,0.4503428041934967,-0.015819210559129715,0.581854522228241,0.4458412528038025,-0.01447182334959507,0.5518985390663147,0.4422336220741272,0.00506579177454114,0.5943168997764587,0.4365328252315521,-0.030001206323504448,0.5622422695159912,0.369777649641037,-0.009852138347923756,0.5542559623718262,0.37266048789024353,-0.004476211965084076,0.5426501631736755,0.3544042110443115,0.015281657688319683,0.5882170796394348,0.3809071481227875,-0.015665458515286446,0.5803112387657166,0.3945648968219757,-0.004394777584820986,0.5682645440101624,0.48015978932380676,0.009577028453350067,0.5449494123458862,0.4786345064640045,0.0609981045126915,0.5862005352973938,0.45506638288497925,-0.01342933438718319,0.5906257033348083,0.4576953947544098,-0.013334405608475208,0.5713931918144226,0.4810073673725128,0.009022047743201256,0.5729631781578064,0.48154062032699585,0.007317242678254843,0.5513609051704407,0.3658428490161896,-0.002439921023324132,0.5818349719047546,0.45305731892585754,-0.012237859889864922,0.5732421278953552,0.37171924114227295,-0.01383242942392826,0.572658896446228,0.3637874722480774,-0.015890363603830338,0.5667672753334045,0.33507633209228516,-0.010494894348084927,0.5466103553771973,0.3625194728374481,0.004861535970121622,0.5698606967926025,0.3510800898075104,-0.013747657649219036,0.5456876754760742,0.37530356645584106,0.00592067139223218,0.5408383011817932,0.3746024966239929,0.016231894493103027,0.5924481153488159,0.4794731140136719,-0.010744859464466572,0.5852949023246765,0.4798873960971832,-0.006846292410045862,0.5798901319503784,0.4804476201534271,-0.0021084770560264587,0.5874059796333313,0.4563356041908264,-0.011848010122776031,0.5721914172172546,0.48128029704093933,0.008139782585203648,0.5754776000976562,0.4848148226737976,0.005125430412590504,0.5738100409507751,0.4818423390388489,0.007200542837381363,0.5886996388435364,0.45364251732826233,-0.021660422906279564,0.582164466381073,0.48396581411361694,0.00011377359624020755,0.5872693061828613,0.48495379090309143,-0.00316183315590024,0.5933184623718262,0.4859590232372284,-0.005731256678700447,0.59068363904953,0.5072336196899414,0.002704404294490814,0.5915186405181885,0.5017156600952148,-0.0035902138333767653,0.5919382572174072,0.49624109268188477,-0.004916392266750336,0.5925489068031311,0.49089547991752625,-0.004230990074574947,0.5932422280311584,0.4866577386856079,-0.003867615247145295,0.5820297002792358,0.4843306541442871,0.00158488389570266,0.5807874202728271,0.4860900640487671,0.0010801737662404776,0.579371988773346,0.48861435055732727,0.0006033123936504126,0.5782538652420044,0.491516649723053,0.002022222615778446,0.5745477080345154,0.4705105721950531,-0.001255995943211019,0.5371993780136108,0.43982815742492676,0.06464296579360962,0.5991420745849609,0.4603034555912018,-0.019361983984708786,0.5781957507133484,0.4831918179988861,0.005058690905570984,0.5768476724624634,0.48389074206352234,0.0048187850043177605,0.5922480225563049,0.460631787776947,-0.01304584089666605,0.5834856629371643,0.4571232199668884,-0.007417930755764246,0.591505765914917,0.4592072069644928,-0.013373780064284801,0.5763533115386963,0.42994385957717896,-0.0036081247963011265,0.5660874247550964,0.4343448281288147,-0.000853632518555969,0.5808128714561462,0.44880685210227966,-0.010788201354444027,0.5519920587539673,0.34264105558395386,0.0016457648016512394,0.5557245016098022,0.35410863161087036,-0.005021844059228897,0.5604891180992126,0.3619607388973236,-0.009911881759762764,0.5772331953048706,0.4958804249763489,0.006940880324691534,0.5870621204376221,0.36839503049850464,-0.019055766984820366,0.5845714211463928,0.3514270782470703,-0.01879470981657505,0.5828906297683716,0.33180004358291626,-0.017637360841035843,0.5587801337242126,0.4131879210472107,0.0034069835674017668,0.5449008941650391,0.41782182455062866,0.013479754328727722,0.5839666724205017,0.41125285625457764,-0.0012513368856161833,0.5514889359474182,0.3952045440673828,0.005514168180525303,0.5871309638023376,0.42100757360458374,-0.009071155451238155,0.58530193567276,0.4483209252357483,-0.021887321025133133,0.5395973920822144,0.42166566848754883,0.021102802827954292,0.5481303930282593,0.42348814010620117,0.008741439320147038,0.555099606513977,0.4266860783100128,0.003349041799083352,0.5662511587142944,0.42691701650619507,0.00046917342115193605,0.5749186873435974,0.42474067211151123,-0.0016004379140213132,0.581588625907898,0.42125776410102844,-0.0037569571286439896,0.5947593450546265,0.41067323088645935,-0.016763968393206596,0.5400328636169434,0.43823540210723877,0.021475432440638542,0.5470355153083801,0.3921135365962982,0.008199158124625683,0.5963200926780701,0.4585602879524231,-0.02687161974608898,0.5833873152732849,0.43365636467933655,-0.008296715095639229,0.5340437293052673,0.4035015106201172,0.05509170517325401,0.5866244435310364,0.4169362187385559,-0.005382254254072905,0.5801950097084045,0.44878727197647095,-0.004958813544362783,0.5545915961265564,0.4045746624469757,0.0075339823961257935,0.5852696299552917,0.44281017780303955,-0.02021331712603569,0.5401641726493835,0.4590573310852051,0.06442466378211975,0.584468424320221,0.40867865085601807,-0.00040622151573188603,0.589651882648468,0.43891802430152893,-0.02621619403362274,0.5566712617874146,0.4973794221878052,0.03125910088419914,0.5583685636520386,0.5053275227546692,0.04312283545732498,0.5363417863845825,0.4396376311779022,0.04288756474852562,0.5490053296089172,0.4873441159725189,0.0374566875398159,0.5376874208450317,0.38902440667152405,0.027390222996473312,0.5788432359695435,0.523052990436554,0.015466287732124329,0.5969946384429932,0.4599318206310272,-0.018934447318315506,0.5778799057006836,0.4387841820716858,-0.005405478645116091,0.540843665599823,0.4069591164588928,0.02109639346599579,0.5641733407974243,0.41169852018356323,0.00035523477708920836,0.5692239999771118,0.4128662943840027,-0.0012275626650080085,0.5742982625961304,0.4859883487224579,0.006268380209803581,0.5413193106651306,0.4541512727737427,0.025245442986488342,0.5885612964630127,0.5324963331222534,0.017773974686861038,0.5738453269004822,0.521996796131134,0.028837068006396294,0.5670744180679321,0.5151674151420593,0.03510844707489014,0.6014643311500549,0.35222989320755005,-0.020602136850357056,0.5988429188728333,0.5341259837150574,0.015854643657803535,0.5744501948356628,0.4124404191970825,-0.0017215905245393515,0.5794607996940613,0.4107946753501892,-0.001164509798400104,0.582711935043335,0.4095548987388611,-0.00022950718994252384,0.543199360370636,0.3899368941783905,0.013923661783337593,0.579218864440918,0.40480583906173706,-0.0030050550121814013,0.5739606618881226,0.40371155738830566,-0.0038476677145808935,0.5690948367118835,0.40346354246139526,-0.003331871470436454,0.5642435550689697,0.4038969576358795,-0.001397369080223143,0.5609211921691895,0.4046492874622345,0.0007909124833531678,0.5344191193580627,0.3847353160381317,0.04300970211625099,0.5610017776489258,0.4099370837211609,0.0023912538308650255,0.5992066860198975,0.46714189648628235,-0.012660538777709007,0.580661952495575,0.46752235293388367,-0.005539764650166035,0.5861757397651672,0.4541698396205902,-0.015794673934578896,0.5913773775100708,0.46693286299705505,-0.011702120304107666,0.6004981994628906,0.39684420824050903,-0.01642851158976555,0.5648307204246521,0.5072314739227295,0.026817427948117256,0.5718734860420227,0.5149616003036499,0.021612484008073807,0.5876961350440979,0.5288958549499512,0.0100700743496418,0.5512866973876953,0.4940999746322632,0.05289393663406372,0.5828626751899719,0.406884104013443,-0.001459580846130848,0.5907807350158691,0.42367249727249146,-0.017142074182629585,0.5985538959503174,0.5303246974945068,0.0084730489179492,0.5806378722190857,0.5281230211257935,0.022229028865695,0.5388544201850891,0.45714229345321655,0.04405319318175316,0.5871807336807251,0.48555609583854675,-0.0014217752031981945,0.5859938263893127,0.4887152314186096,-0.0018978732405230403,0.5849612951278687,0.49277713894844055,-0.0024248124100267887,0.5842203497886658,0.4976394474506378,-0.0010645155562087893,0.5829961895942688,0.5024614930152893,0.004283570218831301,0.5768894553184509,0.48196616768836975,0.003523669671267271,0.575590968132019,0.480868935585022,0.0035995503421872854,0.5745431184768677,0.47976136207580566,0.0034334571100771427,0.5699704885482788,0.4745619297027588,0.003998166415840387,0.5477162599563599,0.4588570296764374,0.013455153442919254,0.5910518765449524,0.41529884934425354,-0.012574329972267151,0.5883947610855103,0.39984509348869324,-0.005209558177739382,0.5852258801460266,0.40207457542419434,-0.002767107682302594,0.5782312750816345,0.48303472995758057,0.0040960186161100864,0.5491576790809631,0.4768828749656677,0.024716829881072044,0.5932540893554688,0.3984166979789734,-0.012573657557368279,0.5806962847709656,0.5094170570373535,0.007968789897859097,0.5996101498603821,0.4268147647380829,-0.02755792811512947,0.5947529673576355,0.41987016797065735,-0.02173718437552452,0.5998573303222656,0.4183691442012787,-0.02333877794444561,0.5867540836334229,0.43585607409477234,-0.015877755358815193,0.598529040813446,0.5242500901222229,0.004507121164351702,0.5985937714576721,0.5158413648605347,0.0033013492356985807,0.5891984701156616,0.5148589015007019,0.0047091105952858925,0.5688078999519348,0.49262428283691406,0.013084030710160732,0.575040340423584,0.45451733469963074,-0.0022814106196165085,0.5744286179542542,0.5019137859344482,0.011021572165191174,0.5600747466087341,0.45306527614593506,0.0006438931450247765,0.5688071250915527,0.4616115689277649,0.0004351193201728165,0.5555155277252197,0.4646795392036438,0.006998758297413588,0.5878298282623291,0.5230116248130798,0.006205436773598194,0.583552360534668,0.43975532054901123,-0.011167059652507305,0.5652530193328857,0.49891042709350586,0.019222978502511978,0.5723252892494202,0.507984459400177,0.016082504764199257,0.563567042350769,0.48255592584609985,0.012275796383619308,0.543738603591919,0.4674007296562195,0.028889775276184082,0.5569681525230408,0.48475924134254456,0.018032165244221687,0.5427385568618774,0.47308486700057983,0.04365307092666626,0.5640315413475037,0.4697731137275696,0.004851674661040306,0.587251603603363,0.4286128282546997,-0.012364767491817474,0.5869628190994263,0.4522079825401306,-0.02295563369989395,0.583767831325531,0.4532197117805481,-0.016286291182041168,0.5893290042877197,0.44730615615844727,-0.027198830619454384,0.5837461948394775,0.3900154232978821,-0.0074823466129601,0.5740998387336731,0.3829456865787506,-0.008120289072394371,0.5656652450561523,0.3811776041984558,-0.007018237374722958,0.5587060451507568,0.38283708691596985,-0.0038443796802312136,0.5538026094436646,0.38727039098739624,0.00030636321753263474,0.5506225824356079,0.4048781394958496,0.010360153391957283,0.5350220799446106,0.42252209782600403,0.03962603211402893,0.5540167689323425,0.41711920499801636,0.006590553559362888,0.5596326589584351,0.4197957515716553,0.0032024404499679804,0.5673945546150208,0.4211571216583252,0.0006089633097872138,0.5751306414604187,0.4201286733150482,-0.0013559681829065084,0.5813523530960083,0.4173298478126526,-0.0018224791856482625,0.5855979323387146,0.4144062399864197,-0.002804702613502741,0.5354223251342773,0.4214652478694916,0.06178231164813042,0.5838785767555237,0.4547252357006073,-0.013225396163761616,0.5905409455299377,0.43113622069358826,-0.020924260839819908,0.5907329320907593,0.4532777667045593,-0.027322087436914444,0.5936722159385681,0.45698800683021545,-0.0246167853474617,0.5907783508300781,0.45435237884521484,-0.024442346766591072,0.585210919380188,0.4567359983921051,-0.010949110612273216,0.5946310758590698,0.457912415266037,-0.026073358952999115,0.5953280329704285,0.45929959416389465,-0.019052714109420776,0.5863902568817139,0.40826088190078735,-0.0012300941161811352,0.5889840126037598,0.4094948470592499,-0.00441272696480155,0.5904834866523743,0.4103087782859802,-0.0078783193603158,0.5588794350624084,0.4052620828151703,0.003149366471916437,0.5547067523002625,0.39753690361976624,0.003592585911974311,0.6043967604637146,0.4279869794845581,-0.025707459077239037,0.6427170634269714,0.40999892354011536,0.001583679812029004,0.6043851971626282,0.45813101530075073,-0.01947784051299095,0.6685506701469421,0.3712970018386841,0.024752095341682434,0.6250923871994019,0.4165724813938141,-0.0037414156831800938,0.631232500076294,0.41750121116638184,-0.0031716334633529186,0.6371034979820251,0.41657745838165283,-0.0015463648596778512,0.6452403664588928,0.4112933278083801,0.003056614426895976,0.6199202537536621,0.4140765070915222,-0.0028543213848024607,0.635185718536377,0.3910330533981323,-0.00763810146600008,0.6284663081169128,0.3923117518424988,-0.007609212771058083,0.6415308713912964,0.3920970559120178,-0.005318992305546999,0.6456259489059448,0.39541345834732056,-0.002727183746173978,0.6496763825416565,0.41446948051452637,0.006697348318994045,0.6188218593597412,0.5172937512397766,0.009873837232589722,0.6450027227401733,0.4074258506298065,0.0035202952567487955,0.6687387824058533,0.40750184655189514,0.03184669464826584,0.6566202640533447,0.406507670879364,0.011939911171793938,0.6297901272773743,0.44545453786849976,-0.00492636626586318,0.6085670590400696,0.47471439838409424,-0.012286071665585041,0.6076701283454895,0.48363548517227173,-0.008956391364336014,0.6162755489349365,0.4765860140323639,-0.008678743615746498,0.6213461756706238,0.4783279299736023,-0.0037131619174033403,0.6138982176780701,0.4830026626586914,-0.006568721495568752,0.6187524795532227,0.4824671447277069,-0.002056246856227517,0.626175582408905,0.48910126090049744,0.007792961318045855,0.6036510467529297,0.4548564851284027,-0.03020424395799637,0.6043580770492554,0.4468590319156647,-0.032716304063797,0.6553418040275574,0.3822494149208069,-0.001504451734945178,0.6176035404205322,0.42635688185691833,-0.007474240846931934,0.6169862151145935,0.4506644904613495,-0.016833271831274033,0.6174780130386353,0.44616374373435974,-0.015538027510046959,0.6485249996185303,0.4437737464904785,0.0024073098320513964,0.604412853717804,0.4366081953048706,-0.03034282848238945,0.64192795753479,0.3730303943157196,-0.011861031875014305,0.64997798204422,0.375788152217865,-0.007053274195641279,0.6630010008811951,0.3562667667865753,0.011743715032935143,0.6140233278274536,0.3827263116836548,-0.016294974833726883,0.6223695874214172,0.3962745666503906,-0.005697823595255613,0.6310760974884033,0.4807085394859314,0.0077040730975568295,0.6569199562072754,0.480142205953598,0.05745120719075203,0.6127395033836365,0.45532071590423584,-0.014218728058040142,0.6081982851028442,0.4578511416912079,-0.013723054900765419,0.6280893087387085,0.4806482493877411,0.00739253917708993,0.6265102624893188,0.48119887709617615,0.005881491117179394,0.6538964509963989,0.3688730001449585,-0.0051840972155332565,0.6173184514045715,0.45337435603141785,-0.013225849717855453,0.6304306387901306,0.3745771646499634,-0.015215124934911728,0.6315860748291016,0.3669062852859497,-0.01730857789516449,0.6380046606063843,0.33616209030151367,-0.012559222057461739,0.6581051349639893,0.364226758480072,0.0018905355827882886,0.6337056756019592,0.35205894708633423,-0.015354739502072334,0.6592214107513428,0.37746530771255493,0.002753067761659622,0.6639750003814697,0.37657880783081055,0.012832200154662132,0.6083067059516907,0.47958308458328247,-0.011232207529246807,0.6151350736618042,0.4799925684928894,-0.007789220195263624,0.620143473148346,0.4803887605667114,-0.0033177684526890516,0.611483097076416,0.4565502405166626,-0.012445486150681973,0.6272850632667542,0.48092910647392273,0.00662746699526906,0.6240270137786865,0.4845844507217407,0.00382593902759254,0.6256535649299622,0.48150983452796936,0.005815206561237574,0.6099511981010437,0.45386803150177,-0.022346464917063713,0.6176510453224182,0.48394742608070374,-0.0009293332695960999,0.6127966642379761,0.485015869140625,-0.0039679319597780704,0.6070030927658081,0.48602545261383057,-0.006200403906404972,0.606894314289093,0.5075030326843262,0.0022743227891623974,0.6082194447517395,0.5017575025558472,-0.00406709685921669,0.6080216765403748,0.4962758421897888,-0.005432422272861004,0.6075739860534668,0.4909501075744629,-0.004735127557069063,0.6069218516349792,0.48672154545783997,-0.0043491157703101635,0.6176394820213318,0.48432859778404236,0.0005420382367447019,0.6189181804656982,0.48605120182037354,4.702794103650376e-05,0.6202502250671387,0.4885175824165344,-0.000430647429311648,0.6212261915206909,0.49137651920318604,0.0009371946798637509,0.6245514154434204,0.4710335433483124,-0.0026767286472022533,0.6663020849227905,0.4419112205505371,0.06071435660123825,0.6213130950927734,0.48306864500045776,0.003803119296208024,0.6227021813392639,0.48372626304626465,0.00355216464959085,0.6064704060554504,0.46083417534828186,-0.013424537144601345,0.6156768798828125,0.45742374658584595,-0.008207665756344795,0.6072646379470825,0.45941391587257385,-0.013748938217759132,0.6241433620452881,0.4306337535381317,-0.0050307875499129295,0.6343585252761841,0.4354389011859894,-0.0027956455014646053,0.618588924407959,0.44917571544647217,-0.011869672685861588,0.6533499956130981,0.3441940248012543,-0.0012739779194816947,0.6485992670059204,0.35554224252700806,-0.007408667355775833,0.644527018070221,0.365256667137146,-0.012068821117281914,0.621187150478363,0.49637284874916077,0.0056642284616827965,0.6161087155342102,0.3706973195075989,-0.01973751373589039,0.6185339093208313,0.35195863246917725,-0.019600478932261467,0.6214895248413086,0.3323705196380615,-0.018669990822672844,0.6421732902526855,0.4146862030029297,0.0009161329362541437,0.6555441617965698,0.4185493588447571,0.010399213060736656,0.6167020797729492,0.41187477111816406,-0.0023605378810316324,0.6515923738479614,0.39713767170906067,0.0026470806915313005,0.6133999228477478,0.4213550090789795,-0.009924976155161858,0.6135147213935852,0.44861581921577454,-0.02270069718360901,0.6626167297363281,0.4236634075641632,0.017656289041042328,0.6511130332946777,0.4248501658439636,0.005863827653229237,0.643386721611023,0.42829468846321106,0.0008567281765863299,0.6321835517883301,0.4280020296573639,-0.0014508323511108756,0.6238560080528259,0.4252821207046509,-0.0030748683493584394,0.6175524592399597,0.42189261317253113,-0.0048598931171,0.6056063175201416,0.410798579454422,-0.01712629199028015,0.6613593101501465,0.44019803404808044,0.01801483891904354,0.6563336849212646,0.3938600420951843,0.005061494652181864,0.6018481850624084,0.4586239457130432,-0.027040792629122734,0.6166900396347046,0.4340503513813019,-0.009322816506028175,0.6709095239639282,0.40559324622154236,0.05108192563056946,0.6128608584403992,0.41788893938064575,-0.006233998108655214,0.6194214820861816,0.44918954372406006,-0.0060179890133440495,0.6479640007019043,0.40597981214523315,0.00484747439622879,0.6138973832130432,0.4430844485759735,-0.0210423581302166,0.662623405456543,0.4609535336494446,0.06067348271608353,0.6170016527175903,0.4094851016998291,-0.001518836128525436,0.609244704246521,0.43911245465278625,-0.026833433657884598,0.642902135848999,0.4983672797679901,0.02865476906299591,0.6415165662765503,0.5060945153236389,0.040463753044605255,0.6660200357437134,0.441616028547287,0.03910449519753456,0.6512108445167542,0.4885367155075073,0.03436651825904846,0.6667474508285522,0.39105674624443054,0.02377704344689846,0.6188584566116333,0.5236415863037109,0.014195304363965988,0.6013215780258179,0.4599755108356476,-0.01904795691370964,0.6221873760223389,0.4393565356731415,-0.00669901305809617,0.6615017056465149,0.40717583894729614,0.01768188364803791,0.6366069316864014,0.4133816659450531,-0.0017877310747280717,0.6313222646713257,0.4139706790447235,-0.00314107327722013,0.6251662969589233,0.485721230506897,0.004871557466685772,0.6595978140830994,0.4559856653213501,0.021868692710995674,0.6091728806495667,0.532721996307373,0.01706959865987301,0.6248459815979004,0.5224437713623047,0.027009572833776474,0.6321983933448792,0.5157246589660645,0.03290686383843422,0.6261917352676392,0.41298094391822815,-0.0033462957944720984,0.621387243270874,0.41117602586746216,-0.002544235670939088,0.6184410452842712,0.4101398289203644,-0.0014459994854405522,0.6606988906860352,0.3909265697002411,0.010576573200523853,0.6231221556663513,0.4060651659965515,-0.004463453311473131,0.6285634636878967,0.40505102276802063,-0.0055319019593298435,0.6334350109100342,0.4050200283527374,-0.0052969492971897125,0.6381059288978577,0.4054611027240753,-0.0036491111386567354,0.6412996053695679,0.4061717092990875,-0.001598096452653408,0.6709568500518799,0.38682821393013,0.03900419548153877,0.640162467956543,0.4118165969848633,4.093207826372236e-05,0.618381679058075,0.4678855240345001,-0.00659492751583457,0.6126878261566162,0.4544519782066345,-0.016507375985383987,0.607293426990509,0.4671456217765808,-0.012164786458015442,0.634188711643219,0.5081223845481873,0.02468603476881981,0.6264989376068115,0.5157206058502197,0.019915888085961342,0.6095194816589355,0.5292308926582336,0.00934817735105753,0.6495329737663269,0.49516406655311584,0.04968077689409256,0.6189598441123962,0.4079923629760742,-0.0027264065574854612,0.6091033220291138,0.4239081144332886,-0.01771959662437439,0.6174407005310059,0.5284667015075684,0.02085491269826889,0.6628261208534241,0.45895832777023315,0.04043668881058693,0.6127442717552185,0.4856135845184326,-0.0022328004706650972,0.6139154434204102,0.4887372851371765,-0.0027103598695248365,0.6148618459701538,0.49274492263793945,-0.0032840457279235125,0.615441083908081,0.49757370352745056,-0.001926132244989276,0.6149134635925293,0.5028252005577087,0.0033588979858905077,0.6228036880493164,0.48176097869873047,0.0021787812002003193,0.6241155862808228,0.4806424677371979,0.0021445010788738728,0.625215470790863,0.47952529788017273,0.0019015503348782659,0.6292533874511719,0.4751139283180237,0.002241332083940506,0.6524489521980286,0.46043458580970764,0.010549254715442657,0.6093998551368713,0.415557324886322,-0.0132036954164505,0.6131373643875122,0.4009850323200226,-0.0059685842134058475,0.6166069507598877,0.40335655212402344,-0.0038222940638661385,0.6214144825935364,0.4828590154647827,0.0028495683800429106,0.6508780717849731,0.4781700372695923,0.021810278296470642,0.6074268817901611,0.3998890519142151,-0.012993544340133667,0.617125928401947,0.5098918080329895,0.006923362147063017,0.605011522769928,0.4199918806552887,-0.022052373737096786,0.6128222942352295,0.4361928701400757,-0.016652192920446396,0.6081580519676208,0.515129804611206,0.004164994228631258,0.6300891637802124,0.4933655560016632,0.01125908549875021,0.6245678067207336,0.4550907015800476,-0.0036639024037867785,0.6239675879478455,0.5025285482406616,0.00957824569195509,0.6397098302841187,0.4542950391769409,-0.0014720770996063948,0.6307088136672974,0.46247267723083496,-0.0012753340415656567,0.6442128419876099,0.4659954011440277,0.004588617477566004,0.6093738675117493,0.5233701467514038,0.0054941303096711636,0.6161913871765137,0.4400739073753357,-0.01213718019425869,0.6337271928787231,0.4997934401035309,0.017176764085888863,0.6260268092155457,0.5087010860443115,0.014506668783724308,0.6356815695762634,0.4834132194519043,0.01010276097804308,0.6569249033927917,0.46898022294044495,0.02568473480641842,0.6424686312675476,0.4858083128929138,0.015574893914163113,0.6583461761474609,0.4746033847332001,0.04019109532237053,0.6354789733886719,0.4707212448120117,0.002792422426864505,0.6127349734306335,0.4289417564868927,-0.013168131932616234,0.6117035746574402,0.45247507095336914,-0.023682424798607826,0.6151771545410156,0.45353326201438904,-0.0171453058719635,0.609184980392456,0.44752103090286255,-0.027831923216581345,0.6187967658042908,0.3917732834815979,-0.008515228517353535,0.6291109323501587,0.38532426953315735,-0.009597023949027061,0.637761652469635,0.3839993178844452,-0.008963013999164104,0.6447786092758179,0.38573822379112244,-0.0062269712798297405,0.6496153473854065,0.38989126682281494,-0.0023622256703674793,0.6517759561538696,0.40613287687301636,0.007504051551222801,0.6680802702903748,0.42460617423057556,0.03579428046941757,0.6462172269821167,0.41854703426361084,0.003953976556658745,0.6398851871490479,0.4212155044078827,0.0009040943114086986,0.6319239139556885,0.4219444692134857,-0.0012902704766020179,0.6243811845779419,0.42035555839538574,-0.0028663938865065575,0.6184436082839966,0.4175850450992584,-0.002955848351120949,0.6144981384277344,0.41489216685295105,-0.003725004382431507,0.6688999533653259,0.42356887459754944,0.05773642286658287,0.6151065826416016,0.45498886704444885,-0.014067823998630047,0.6088257431983948,0.43135249614715576,-0.021534420549869537,0.6076022982597351,0.45347049832344055,-0.027778014540672302,0.6047363877296448,0.4571632742881775,-0.024870339781045914,0.607725977897644,0.454585999250412,-0.024908892810344696,0.6137963533401489,0.45696693658828735,-0.01166027132421732,0.6036316156387329,0.45803385972976685,-0.026275398209691048,0.6030664443969727,0.4593674838542938,-0.019247308373451233,0.614757776260376,0.4091479778289795,-0.0021541337482631207,0.6116061806678772,0.4102773070335388,-0.005117371678352356,0.6094543933868408,0.41153788566589355,-0.008485759608447552,0.6433535218238831,0.4067860543727875,0.0006606499082408845,0.6481969356536865,0.39947035908699036,0.0009357456583529711,0.5710821151733398,0.4084659516811371,-5.917008456890471e-05,0.5771642327308655,0.40883708000183105,-5.917008456890471e-05,0.57136470079422,0.40101510286331177,-5.917008456890471e-05,0.5649259686470032,0.40803593397140503,-5.917008456890471e-05,0.570773720741272,0.4157154858112335,-5.917008456890471e-05,0.6314695477485657,0.4095936417579651,-0.0019527834374457598,0.6374832391738892,0.4095911681652069,-0.0019527834374457598,0.6315139532089233,0.40246033668518066,-0.0019527834374457598,0.6255480647087097,0.40956565737724304,-0.0019527834374457598,0.6314623951911926,0.4165835380554199,-0.0019527834374457598
4866.666666666667,0.600830614566803,0.47656771540641785,-0.012741275131702423,0.5993444919586182,0.45491594076156616,-0.030575644224882126,0.5994985699653625,0.46137747168540955,-0.01490530464798212,0.5952464938163757,0.42772993445396423,-0.025296177715063095,0.599454939365387,0.4466894268989563,-0.03324895352125168,0.5997282862663269,0.4356752634048462,-0.03190411254763603,0.6005866527557373,0.40874308347702026,-0.019167786464095116,0.5593148469924927,0.40802812576293945,0.004127068445086479,0.6012369990348816,0.384566992521286,-0.017220795154571533,0.6014988422393799,0.37239256501197815,-0.019753271713852882,0.6026675701141357,0.33122289180755615,-0.019211169332265854,0.6007430553436279,0.48028385639190674,-0.011719143018126488,0.6005949378013611,0.48401832580566406,-0.009694236330688,0.6004592776298523,0.48639941215515137,-0.006832038518041372,0.600368857383728,0.48677825927734375,-0.005103174597024918,0.6003761291503906,0.491443932056427,-0.005496832076460123,0.6002843379974365,0.4967935085296631,-0.006163045298308134,0.6001162528991699,0.5021815299987793,-0.004628777503967285,0.5988745093345642,0.5074965953826904,0.0016947690164670348,0.5993868112564087,0.45873895287513733,-0.027295811101794243,0.5944293737411499,0.4578133523464203,-0.019249187782406807,0.5374720692634583,0.3689292073249817,0.02882915548980236,0.5752887725830078,0.41631007194519043,-0.002093997085466981,0.5691593885421753,0.41666319966316223,-0.0012184735387563705,0.5635604858398438,0.41508054733276367,0.000734087370801717,0.5568027496337891,0.40977776050567627,0.005760030820965767,0.580668568611145,0.41377952694892883,-0.001514061470516026,0.5685063600540161,0.3882833421230316,-0.005483715794980526,0.5750905275344849,0.3899809718132019,-0.005863727070391178,0.5622080564498901,0.3891315758228302,-0.0028706248849630356,0.5579575896263123,0.39258891344070435,-9.457841952098534e-05,0.55166095495224,0.4129250645637512,0.009525121189653873,0.5790566802024841,0.5163233280181885,0.010578490793704987,0.5576803684234619,0.4056764245033264,0.006188046187162399,0.5354913473129272,0.40515464544296265,0.035596948117017746,0.5459732413291931,0.40529727935791016,0.01512245275080204,0.5703651905059814,0.44432467222213745,-0.003332150634378195,0.5926729440689087,0.4743809998035431,-0.01189515832811594,0.5930542349815369,0.4832863509654999,-0.008593511767685413,0.5845504999160767,0.47629833221435547,-0.007817400619387627,0.5789229869842529,0.47809919714927673,-0.00255173840560019,0.5865375995635986,0.48261961340904236,-0.005788939073681831,0.5813435316085815,0.4821430742740631,-0.0010680287377908826,0.5729034543037415,0.4880385100841522,0.009156681597232819,0.594796359539032,0.4545136094093323,-0.030006710439920425,0.5942161083221436,0.4465322196483612,-0.03243671730160713,0.5492348074913025,0.37904220819473267,0.0016479784389957786,0.5831977128982544,0.4257889986038208,-0.006362998858094215,0.5824028253555298,0.45009592175483704,-0.015868505463004112,0.5821582078933716,0.4456171691417694,-0.014514949172735214,0.5519801378250122,0.4419049322605133,0.005016069859266281,0.5947014689445496,0.43634626269340515,-0.02996550127863884,0.5627630949020386,0.3692037761211395,-0.009625504724681377,0.5547508001327515,0.3720386326313019,-0.004257748369127512,0.5430435538291931,0.3540373146533966,0.01551480870693922,0.5886459350585938,0.38070112466812134,-0.015443109907209873,0.5807164311408997,0.3943914473056793,-0.004269268363714218,0.5683512687683105,0.47961127758026123,0.009377534501254559,0.5449762344360352,0.4784198999404907,0.060775887221097946,0.5864880681037903,0.4548264443874359,-0.013490752317011356,0.5909209251403809,0.45748093724250793,-0.01337948814034462,0.5714868307113647,0.4805440306663513,0.008854107931256294,0.5730537176132202,0.4810848534107208,0.007159086409956217,0.5518646240234375,0.3652134835720062,-0.002216407097876072,0.5821186304092407,0.452802449464798,-0.012300776317715645,0.5737480521202087,0.37130528688430786,-0.013610763475298882,0.5731944441795349,0.36336278915405273,-0.01565101183950901,0.56725013256073,0.334716796875,-0.010197236202657223,0.5469766855239868,0.3620740473270416,0.005087887402623892,0.570307195186615,0.35068678855895996,-0.013469167053699493,0.5461212992668152,0.37474021315574646,0.006085916887968779,0.5411748290061951,0.37420469522476196,0.01639736257493496,0.5927066802978516,0.4792115092277527,-0.010831906460225582,0.5855152606964111,0.47961723804473877,-0.006950685288757086,0.5800694823265076,0.48012906312942505,-0.002226349199190736,0.5876919031143188,0.4561023712158203,-0.01189770083874464,0.5722844004631042,0.4808204472064972,0.007980489172041416,0.5755892395973206,0.48427721858024597,0.004932271782308817,0.5739038586616516,0.481388121843338,0.007044909056276083,0.5890015959739685,0.4534139037132263,-0.021694138646125793,0.5823216438293457,0.4836333096027374,-1.752019306877628e-05,0.5874634981155396,0.4846680760383606,-0.003285790327936411,0.5935475826263428,0.4856972098350525,-0.005852611269801855,0.590854287147522,0.5066714286804199,0.002281574299558997,0.5916699171066284,0.5010010600090027,-0.003919472452253103,0.5921058654785156,0.49558526277542114,-0.005194499623030424,0.5927348136901855,0.4902862310409546,-0.004466446582227945,0.5934446454048157,0.48607566952705383,-0.004072600044310093,0.582163393497467,0.48378661274909973,0.0013948763953521848,0.580909788608551,0.48552435636520386,0.0008654450066387653,0.5794880390167236,0.4880131483078003,0.00035918637877330184,0.578362762928009,0.49087220430374146,0.0017635795520618558,0.5746980905532837,0.4700947403907776,-0.0013658686075359583,0.5373179316520691,0.43959417939186096,0.06455178558826447,0.5994409322738647,0.4601295292377472,-0.019394900649785995,0.5783119797706604,0.48268309235572815,0.00488382438197732,0.5769598484039307,0.48337116837501526,0.004631605464965105,0.5925331711769104,0.4604174792766571,-0.013117002323269844,0.5837430953979492,0.4568648636341095,-0.007500359322875738,0.5917968153953552,0.4589942991733551,-0.013426022604107857,0.5765925049781799,0.42979949712753296,-0.003596303053200245,0.5662657618522644,0.4341110289096832,-0.0008554605883546174,0.5810993909835815,0.44856828451156616,-0.010846237652003765,0.5524221658706665,0.34225955605506897,0.0019255912629887462,0.5561226606369019,0.3536570370197296,-0.004764273297041655,0.56102454662323,0.3613792061805725,-0.009680786170065403,0.5773656368255615,0.49533215165138245,0.006643978878855705,0.5875503420829773,0.3681880533695221,-0.018802864477038383,0.5850701332092285,0.35112762451171875,-0.018496479839086533,0.5834317207336426,0.33149978518486023,-0.017315315082669258,0.5591093897819519,0.4129908084869385,0.003466338384896517,0.5452215075492859,0.4174841642379761,0.013511850498616695,0.5842722654342651,0.41123998165130615,-0.0011493433266878128,0.5519071817398071,0.39481160044670105,0.005625387653708458,0.5874660611152649,0.4209330081939697,-0.009002343751490116,0.5856186747550964,0.4480873942375183,-0.021915577352046967,0.5397817492485046,0.4213758111000061,0.0211046002805233,0.5484632253646851,0.4231626093387604,0.008750012144446373,0.5554347038269043,0.4263850152492523,0.003351238090544939,0.5665522217750549,0.4267045855522156,0.0004943903186358511,0.5751994848251343,0.4246009588241577,-0.001562954974360764,0.5818877816200256,0.4211362600326538,-0.003692678641527891,0.5951772332191467,0.4106232523918152,-0.016632696613669395,0.5401279926300049,0.4379221498966217,0.02141723968088627,0.5474551916122437,0.39165982604026794,0.008310431614518166,0.5966370701789856,0.45835697650909424,-0.026893116533756256,0.5836800336837769,0.4335156977176666,-0.008302007801830769,0.5342962741851807,0.403249055147171,0.05513032153248787,0.5869473814964294,0.4168119430541992,-0.005289149470627308,0.5804586410522461,0.4485567808151245,-0.005033809691667557,0.5549771189689636,0.4043169319629669,0.007621456868946552,0.5855919122695923,0.4426032602787018,-0.020230069756507874,0.5402448773384094,0.45883721113204956,0.06427557021379471,0.5848022699356079,0.4086511731147766,-0.0002950643829535693,0.5900129079818726,0.43872153759002686,-0.026203690096735954,0.5566936731338501,0.49709418416023254,0.03091888315975666,0.5583894848823547,0.5050918459892273,0.04277650639414787,0.5364670753479004,0.4393743872642517,0.04280070587992668,0.5489953756332397,0.4870782792568207,0.03716687113046646,0.5379928946495056,0.3887052536010742,0.02749519608914852,0.5789729952812195,0.5227118134498596,0.014967136085033417,0.5972991585731506,0.4597468376159668,-0.018970737233757973,0.5781266093254089,0.43859508633613586,-0.0054429383017122746,0.5411654710769653,0.40657907724380493,0.02115328051149845,0.5644692778587341,0.41158559918403625,0.0004179095267318189,0.5694863796234131,0.41282275319099426,-0.0011602798476815224,0.574409008026123,0.4854280650615692,0.006068880204111338,0.541344165802002,0.4538390040397644,0.025119053199887276,0.5886884927749634,0.5321314930915833,0.017246656119823456,0.5739609003067017,0.5217016935348511,0.028388498350977898,0.567155122756958,0.5149112939834595,0.0347105972468853,0.6020298600196838,0.35200685262680054,-0.020279772579669952,0.5989286303520203,0.5337927341461182,0.015329929068684578,0.5747062563896179,0.4124493896961212,-0.0016405784990638494,0.5797303915023804,0.4108197093009949,-0.0010673175565898418,0.5830104947090149,0.4095662832260132,-0.00011892405018443242,0.5436003804206848,0.3894893527030945,0.01403093058615923,0.5795791745185852,0.40459927916526794,-0.002900809282436967,0.5743471384048462,0.4033903181552887,-0.003732554381713271,0.5694993734359741,0.4030854105949402,-0.00322386110201478,0.564652681350708,0.4035221338272095,-0.0012978638987988234,0.5613264441490173,0.4043140411376953,0.0008791634463705122,0.5347375869750977,0.3844580054283142,0.04312179982662201,0.5613293647766113,0.4097707271575928,0.0024596962612122297,0.5994747877120972,0.46691393852233887,-0.01272945012897253,0.5808664560317993,0.4671713709831238,-0.005640555638819933,0.5864659547805786,0.4539312720298767,-0.015837684273719788,0.5916359424591064,0.4666518270969391,-0.011789366602897644,0.6009575128555298,0.3967488706111908,-0.016246898099780083,0.5649136900901794,0.5069323778152466,0.026423010975122452,0.571982741355896,0.5146505832672119,0.021160727366805077,0.587833046913147,0.5285338759422302,0.009538956917822361,0.5512867569923401,0.4938759505748749,0.05261707678437233,0.5832095742225647,0.40678671002388,-0.0013471381971612573,0.591152012348175,0.42356637120246887,-0.01707610674202442,0.5986641049385071,0.5299922823905945,0.007947247475385666,0.5807719826698303,0.5277799367904663,0.02173224836587906,0.5389215350151062,0.45688462257385254,0.043896984308958054,0.5873438119888306,0.48498591780662537,-0.001620630850084126,0.5861397385597229,0.48811793327331543,-0.0021265093237161636,0.5850947499275208,0.49213260412216187,-0.0026923450641334057,0.5843403339385986,0.49693572521209717,-0.0013637867523357272,0.5831546783447266,0.5019065141677856,0.003928720019757748,0.5770249366760254,0.48157382011413574,0.0033929096534848213,0.5757308602333069,0.48048439621925354,0.0034694476053118706,0.5746922492980957,0.47939085960388184,0.0033005003351718187,0.5700672268867493,0.4740661382675171,0.0038588240277022123,0.5477088093757629,0.45851829648017883,0.01332309190183878,0.5914302468299866,0.415237158536911,-0.012470036745071411,0.5887460112571716,0.3997519612312317,-0.005072066094726324,0.5855832099914551,0.40199097990989685,-0.0026333157438784838,0.578367292881012,0.4826450049877167,0.003953957464545965,0.549137532711029,0.4765574634075165,0.024486925452947617,0.5936169624328613,0.3982888162136078,-0.012423821724951267,0.5808253884315491,0.5089696049690247,0.007548043038696051,0.6000134348869324,0.42669978737831116,-0.027478007599711418,0.595160186290741,0.41978418827056885,-0.021637514233589172,0.6002758741378784,0.41830530762672424,-0.023225922137498856,0.5870755314826965,0.43569451570510864,-0.015869008377194405,0.5986591577529907,0.5238889455795288,0.004013801924884319,0.5987443923950195,0.5154101848602295,0.002834721002727747,0.5893465876579285,0.5144038200378418,0.0042382399551570415,0.5689268112182617,0.4921590983867645,0.012804082594811916,0.5752557516098022,0.4542350172996521,-0.0023793852888047695,0.5745537281036377,0.501465916633606,0.010665105655789375,0.5601630210876465,0.4527346193790436,0.0005265299114398658,0.5689494013786316,0.4612586498260498,0.0003110993420705199,0.5555349588394165,0.4643072485923767,0.006824640091508627,0.5879718661308289,0.5226171612739563,0.005704911891371012,0.583845317363739,0.4395815134048462,-0.01118962001055479,0.5653539896011353,0.4985324442386627,0.018888123333454132,0.572443425655365,0.5076166391372681,0.015672367066144943,0.563651978969574,0.4820880889892578,0.012044197879731655,0.5437320470809937,0.4670979380607605,0.02870093286037445,0.5570015907287598,0.484381765127182,0.01777430810034275,0.5427599549293518,0.47283247113227844,0.043428391218185425,0.5641098022460938,0.46933287382125854,0.004697553347796202,0.5875833630561829,0.4284934997558594,-0.01233381312340498,0.5872706770896912,0.45197147130966187,-0.02298552915453911,0.5840616822242737,0.4529697895050049,-0.016337482258677483,0.5896768569946289,0.44707804918289185,-0.027197953313589096,0.5841506719589233,0.3898300230503082,-0.007330229040235281,0.5745657682418823,0.3826170265674591,-0.007946508936583996,0.5661556720733643,0.38075706362724304,-0.006841385271400213,0.5591932535171509,0.38236626982688904,-0.0036796212662011385,0.5542571544647217,0.3868078589439392,0.0004513136809691787,0.5509958267211914,0.4045759439468384,0.010449296794831753,0.5352156162261963,0.4222583472728729,0.039600785821676254,0.5543560981750488,0.4168543517589569,0.006630318704992533,0.5599411129951477,0.4195660650730133,0.003246000502258539,0.567664384841919,0.4210125207901001,0.0006569097167812288,0.5753879547119141,0.42005667090415955,-0.0013162621762603521,0.5816317796707153,0.417278915643692,-0.0017412886954843998,0.5859007239341736,0.414345920085907,-0.002714652568101883,0.535595178604126,0.42121976613998413,0.06175323575735092,0.5841650366783142,0.45447319746017456,-0.013284116052091122,0.5909059047698975,0.4309861958026886,-0.02088749222457409,0.5910650491714478,0.4530475437641144,-0.027340251952409744,0.593986988067627,0.45677897334098816,-0.02464144304394722,0.5910930633544922,0.4541289210319519,-0.02446652762591839,0.5854847431182861,0.4564880132675171,-0.011014263145625591,0.5949474573135376,0.45770272612571716,-0.026096895337104797,0.5956340432167053,0.459105908870697,-0.019088264554739,0.5867310762405396,0.4082275331020355,-0.0011137640103697777,0.589312732219696,0.4094325602054596,-0.004295221995562315,0.590825617313385,0.4101913571357727,-0.007750519551336765,0.5592818856239319,0.40497151017189026,0.0032386479433625937,0.555120050907135,0.3971974551677704,0.0036868590395897627,0.6047906279563904,0.4278952479362488,-0.025623179972171783,0.6430352330207825,0.41002702713012695,0.0018104310147464275,0.6046741008758545,0.45799240469932556,-0.019497521221637726,0.6688398718833923,0.37156856060028076,0.025156434625387192,0.6256580948829651,0.4165804982185364,-0.0035838622134178877,0.6317247152328491,0.41752511262893677,-0.0029957189690321684,0.6375343203544617,0.41662710905075073,-0.0013492549769580364,0.6455820202827454,0.4113518297672272,0.003286875318735838,0.6205337047576904,0.41408348083496094,-0.002683692378923297,0.6355724930763245,0.3909478783607483,-0.0073906900361180305,0.6289188861846924,0.3922366499900818,-0.007378302048891783,0.6418839693069458,0.3920210897922516,-0.005055045709013939,0.6459850072860718,0.3953707218170166,-0.0024631209671497345,0.6500719785690308,0.41459721326828003,0.006938490085303783,0.6189360618591309,0.5170983672142029,0.009475610218942165,0.6453216075897217,0.4074614942073822,0.003768364666029811,0.6688915491104126,0.40782099962234497,0.03213219344615936,0.6569693684577942,0.406594455242157,0.0122208371758461,0.63013756275177,0.4454827606678009,-0.004898576997220516,0.6089016795158386,0.47446101903915405,-0.012346962466835976,0.6079779267311096,0.4833613336086273,-0.009036051109433174,0.6166447401046753,0.47629842162132263,-0.008738446049392223,0.6217389106750488,0.47800692915916443,-0.0037754769437015057,0.6142364144325256,0.48269253969192505,-0.0066408501006662846,0.619125247001648,0.4821212887763977,-0.002132507273927331,0.626442015171051,0.4888192117214203,0.00762401707470417,0.6039751172065735,0.4546814560890198,-0.03020082600414753,0.6047068238258362,0.446683794260025,-0.03269043192267418,0.6556200981140137,0.38194313645362854,-0.0011473688064143062,0.6179753541946411,0.4264278709888458,-0.0073650553822517395,0.6172819137573242,0.4505881071090698,-0.016818052157759666,0.6177801489830017,0.446111261844635,-0.015515124425292015,0.6489052176475525,0.44389471411705017,0.002522556809708476,0.6047892570495605,0.4364684224128723,-0.030286584049463272,0.6422203779220581,0.3726494014263153,-0.011501731351017952,0.6502478718757629,0.37540075182914734,-0.006668620742857456,0.6634395122528076,0.35644930601119995,0.01218324713408947,0.6145384311676025,0.38252151012420654,-0.016026729717850685,0.6228964328765869,0.3962184488773346,-0.005490167532116175,0.631396472454071,0.4804774224758148,0.007589835207909346,0.6568929553031921,0.4804290533065796,0.05743342638015747,0.6130248308181763,0.4552181661128998,-0.014234162867069244,0.6084717512130737,0.4577305018901825,-0.013745076954364777,0.6285427808761597,0.4802578091621399,0.007295679301023483,0.6269614696502686,0.48079973459243774,0.005782666616141796,0.6541329026222229,0.36841723322868347,-0.004782107193022966,0.6176003217697144,0.45329394936561584,-0.013226225040853024,0.630808413028717,0.37427276372909546,-0.014902515336871147,0.6319287419319153,0.36656439304351807,-0.016976861283183098,0.6386118531227112,0.33613479137420654,-0.012141778133809566,0.6585951447486877,0.36426109075546265,0.0023133333306759596,0.6343187093734741,0.3519563674926758,-0.014967449009418488,0.6594896912574768,0.37713509798049927,0.003123748581856489,0.6643381714820862,0.3767002820968628,0.013217377476394176,0.6086339354515076,0.4793128967285156,-0.01129838265478611,0.6154889464378357,0.4796922206878662,-0.007852902635931969,0.6205264329910278,0.4800550639629364,-0.003386053489521146,0.6117600798606873,0.4564414620399475,-0.01245677936822176,0.6277368068695068,0.4805346429347992,0.0065313950181007385,0.6244277358055115,0.48410606384277344,0.003684136550873518,0.6261019110679626,0.4811047911643982,0.005715723615139723,0.6102650761604309,0.45375439524650574,-0.022336894646286964,0.6180134415626526,0.48359882831573486,-0.001020618830807507,0.6131196022033691,0.484708696603775,-0.0040611401200294495,0.607294499874115,0.48575785756111145,-0.006303541827946901,0.6070570945739746,0.5070140957832336,0.0018681674264371395,0.6084439754486084,0.5010764002799988,-0.004380692727863789,0.6082702279090881,0.4956439435482025,-0.005693728104233742,0.6078348755836487,0.49035340547561646,-0.004954406060278416,0.6071913838386536,0.486139178276062,-0.00453856261447072,0.617988646030426,0.4837840795516968,0.00039066397584974766,0.6192654371261597,0.4855159521102905,-0.00013009418034926057,0.6205938458442688,0.48797833919525146,-0.0006353842909447849,0.6215603947639465,0.49082356691360474,0.0007213382632471621,0.6248672008514404,0.4708612263202667,-0.002717197872698307,0.6662970781326294,0.4422737956047058,0.06085580214858055,0.6217129230499268,0.48257625102996826,0.0036778838839381933,0.6231010556221008,0.4832439720630646,0.003412944497540593,0.6067461967468262,0.4606951177120209,-0.013472354970872402,0.6159541606903076,0.45732614398002625,-0.008242052048444748,0.6075382232666016,0.4592844843864441,-0.013779515400528908,0.6245185732841492,0.4307219982147217,-0.0049275862984359264,0.6347424387931824,0.43552953004837036,-0.002677137963473797,0.6188784837722778,0.449120432138443,-0.011860148049890995,0.6538991332054138,0.3442801833152771,-0.0008248664089478552,0.6491796374320984,0.35549819469451904,-0.0069938418455421925,0.6447920799255371,0.36483171582221985,-0.011696786619722843,0.621411919593811,0.49604061245918274,0.005419646855443716,0.6165634393692017,0.3704555034637451,-0.01943673938512802,0.6191347241401672,0.3518182039260864,-0.019246552139520645,0.6221053600311279,0.3322508931159973,-0.018288007006049156,0.6425424814224243,0.4147357642650604,0.0011318125762045383,0.6559349298477173,0.4187546372413635,0.010634499602019787,0.6173416972160339,0.4118683934211731,-0.002186055527999997,0.6519207954406738,0.397093802690506,0.002942602848634124,0.6137838959693909,0.42140766978263855,-0.009799244813621044,0.6138366460800171,0.4485208988189697,-0.022678054869174957,0.6628596782684326,0.42393258213996887,0.017886199057102203,0.6515573263168335,0.4250657856464386,0.006063367240130901,0.6438790559768677,0.4285004436969757,0.0010207280283793807,0.6327175498008728,0.4281423091888428,-0.0013016622979193926,0.6244232654571533,0.425373911857605,-0.002942793071269989,0.618149995803833,0.4219558835029602,-0.004723119083791971,0.6060313582420349,0.410800963640213,-0.01697237603366375,0.6616125106811523,0.44043630361557007,0.018178816884756088,0.6566340923309326,0.39377570152282715,0.005375989712774754,0.6021528244018555,0.458452045917511,-0.027050785720348358,0.6170322299003601,0.4340710937976837,-0.009262350387871265,0.670987606048584,0.40597182512283325,0.05137230455875397,0.6134762763977051,0.41792407631874084,-0.006083682645112276,0.6197130680084229,0.4491511583328247,-0.006026698276400566,0.6483028531074524,0.4060276448726654,0.005108905024826527,0.6142264604568481,0.44301536679267883,-0.021007277071475983,0.6625839471817017,0.461286336183548,0.06074482202529907,0.6176273822784424,0.40943968296051025,-0.0013336831470951438,0.6096009612083435,0.43900877237319946,-0.026783959940075874,0.6430417895317078,0.49848151206970215,0.028470292687416077,0.6415587067604065,0.5062580108642578,0.04027578979730606,0.6661167740821838,0.44192543625831604,0.039255838841199875,0.6513473391532898,0.4887329638004303,0.03426303341984749,0.6669930815696716,0.3912971019744873,0.024116870015859604,0.6189273595809937,0.5234845876693726,0.013768176548182964,0.6016131043434143,0.45981723070144653,-0.019077282398939133,0.6225222945213318,0.43938252329826355,-0.006657464895397425,0.6618263721466064,0.4073018431663513,0.017962899059057236,0.6369982361793518,0.4133912920951843,-0.0015873026568442583,0.6317940950393677,0.41397032141685486,-0.002951997797936201,0.6255670785903931,0.48524296283721924,0.004729490727186203,0.6598436832427979,0.4562087059020996,0.02195040136575699,0.609210729598999,0.5324589610099792,0.01657949946820736,0.6248589158058167,0.5224018096923828,0.026662934571504593,0.6322200894355774,0.5157912373542786,0.03263723477721214,0.6267309784889221,0.4129679501056671,-0.003160925814881921,0.6219784021377563,0.41115766763687134,-0.0023576163221150637,0.6190553903579712,0.4101129174232483,-0.001254999777302146,0.6609952449798584,0.3908263146877289,0.010901900939643383,0.6236792206764221,0.40593427419662476,-0.004267442040145397,0.6290513873100281,0.40487927198410034,-0.005310478154569864,0.6338701844215393,0.40485700964927673,-0.005065170116722584,0.6384928822517395,0.40534383058547974,-0.0034088059328496456,0.6416590213775635,0.4061093032360077,-0.0013586836867034435,0.6711238622665405,0.38717007637023926,0.039361707866191864,0.6405026912689209,0.411834180355072,0.0002575825492385775,0.6186689734458923,0.4677198529243469,-0.0066399783827364445,0.6129862666130066,0.4543507993221283,-0.016503849998116493,0.6075648069381714,0.46694618463516235,-0.012227212078869343,0.6342818140983582,0.5081467628479004,0.024415696039795876,0.626578688621521,0.5156651139259338,0.01956060342490673,0.6095913052558899,0.5289644002914429,0.008857049979269505,0.6495487689971924,0.4953928589820862,0.049585357308387756,0.619562566280365,0.40792393684387207,-0.0025321526918560266,0.6094897389411926,0.4238876700401306,-0.017616745084524155,0.6174570322036743,0.5283070802688599,0.02043290063738823,0.662906289100647,0.4592433571815491,0.04050825536251068,0.6130467653274536,0.48503679037094116,-0.0024017018731683493,0.6142116189002991,0.4881594181060791,-0.0029093751218169928,0.6151477694511414,0.49214693903923035,-0.0035205313470214605,0.6157075762748718,0.4969422221183777,-0.002192840212956071,0.6150986552238464,0.5024226903915405,0.0030392156913876534,0.6232144832611084,0.4813869297504425,0.0020993584766983986,0.6245319247245789,0.48027974367141724,0.0020715913269668818,0.6256384253501892,0.47917479276657104,0.0018335706554353237,0.6295950412750244,0.47491317987442017,0.0021840583067387342,0.6527881622314453,0.460578054189682,0.010588287375867367,0.6098050475120544,0.4155839681625366,-0.013060702942311764,0.6137480139732361,0.40092962980270386,-0.005781879182904959,0.6172172427177429,0.4033249616622925,-0.0036202885676175356,0.6218091249465942,0.48248031735420227,0.002756989561021328,0.6511401534080505,0.47831612825393677,0.02175011858344078,0.6080107688903809,0.3998168110847473,-0.012812970206141472,0.6172850728034973,0.509616494178772,0.006550265941768885,0.6054163575172424,0.4199533760547638,-0.021933965384960175,0.6131734848022461,0.4361551105976105,-0.016595488414168358,0.6083017587661743,0.5147610902786255,0.0037186224944889545,0.6302927732467651,0.49319520592689514,0.011063836514949799,0.6248618364334106,0.4550477862358093,-0.0036840627435594797,0.6241399049758911,0.5023195743560791,0.009287272579967976,0.6400846838951111,0.4543360769748688,-0.0014672509860247374,0.6310346126556396,0.4624139964580536,-0.0013077611802145839,0.6445732116699219,0.46603524684906006,0.004549597855657339,0.609480619430542,0.523071825504303,0.005028969142585993,0.6165155172348022,0.4400583803653717,-0.012099816463887691,0.6338821053504944,0.4997369647026062,0.016950465738773346,0.6261571049690247,0.5085859298706055,0.014180028811097145,0.635952889919281,0.4832877516746521,0.00997676607221365,0.6571521759033203,0.46919122338294983,0.025690793991088867,0.642717182636261,0.48583173751831055,0.015451774001121521,0.658432126045227,0.4748595952987671,0.040179941803216934,0.6358224153518677,0.470621258020401,0.0027390040922909975,0.6130989193916321,0.4289435148239136,-0.013084501028060913,0.6120203733444214,0.4523659944534302,-0.0236655306071043,0.6154710650444031,0.45343974232673645,-0.0171417947858572,0.6095197796821594,0.44739100337028503,-0.027796156704425812,0.6193305850028992,0.3916604816913605,-0.008295041508972645,0.6295283436775208,0.38517287373542786,-0.009327598847448826,0.6381006836891174,0.383819043636322,-0.008659602142870426,0.6450822353363037,0.38556239008903503,-0.005907916929572821,0.6499213576316833,0.38974735140800476,-0.0020434167236089706,0.6521251201629639,0.4061910808086395,0.007779969833791256,0.6681972742080688,0.42493489384651184,0.03601796180009842,0.6466347575187683,0.41867518424987793,0.00416552135720849,0.6403496265411377,0.42134222388267517,0.001096471562050283,0.6324377059936523,0.4220272898674011,-0.0011190763907507062,0.6249513030052185,0.42040273547172546,-0.0027297060005366802,0.619057297706604,0.4176134169101715,-0.0028011107351630926,0.6151326894760132,0.41489943861961365,-0.0035736020654439926,0.668933629989624,0.4239455461502075,0.05795181542634964,0.6153879165649414,0.4548932909965515,-0.014073152095079422,0.6092027425765991,0.4312862157821655,-0.021461179479956627,0.6079213619232178,0.4533289074897766,-0.027766551822423935,0.6050378084182739,0.4570160508155823,-0.02487751841545105,0.6080412268638611,0.45445385575294495,-0.024903232231736183,0.6140730381011963,0.4568622410297394,-0.01168091781437397,0.6039354205131531,0.4578751027584076,-0.026284335181117058,0.6033544540405273,0.45921897888183594,-0.01927153952419758,0.615409791469574,0.40912753343582153,-0.001975406426936388,0.6122466921806335,0.41025903820991516,-0.004951177630573511,0.6100719571113586,0.4115370213985443,-0.008317803032696247,0.6436944007873535,0.4067726731300354,0.0009062481112778187,0.6485487222671509,0.3994591236114502,0.0011972390348091722,0.5714597702026367,0.4084649085998535,3.288380321464501e-05,0.5775439739227295,0.40889525413513184,3.288380321464501e-05,0.5717900991439819,0.4009220004081726,3.288380321464501e-05,0.5652916431427002,0.40797704458236694,3.288380321464501e-05,0.5711029767990112,0.41580265760421753,3.288380321464501e-05,0.6317932605743408,0.40933507680892944,-0.0017404145328328013,0.6377420425415039,0.4093310534954071,-0.0017404145328328013,0.6318250298500061,0.4021916389465332,-0.0017404145328328013,0.625934362411499,0.40931034088134766,-0.0017404145328328013,0.6317957639694214,0.4163476228713989,-0.0017404145328328013
4900.0,0.6011243462562561,0.47603756189346313,-0.012822389602661133,0.5996943712234497,0.4545852839946747,-0.03064182959496975,0.5998194813728333,0.46101662516593933,-0.01494829822331667,0.5955785512924194,0.4273151159286499,-0.025296473875641823,0.5998091697692871,0.44634565711021423,-0.03330869972705841,0.6000813841819763,0.4353015422821045,-0.031937990337610245,0.6009301543235779,0.40829992294311523,-0.01910162717103958,0.559414267539978,0.40707507729530334,0.004247830715030432,0.6015981435775757,0.3841964304447174,-0.017090389505028725,0.6018747091293335,0.3720346689224243,-0.019602134823799133,0.6030619144439697,0.3307459056377411,-0.018916381523013115,0.6010186672210693,0.4798091948032379,-0.011800723150372505,0.6008486747741699,0.48362213373184204,-0.009771086275577545,0.6006906628608704,0.48606884479522705,-0.006904251873493195,0.6005824208259583,0.4862305521965027,-0.005344809964299202,0.6005751490592957,0.4909762740135193,-0.005757411476224661,0.6004632711410522,0.49640658497810364,-0.006456466391682625,0.6002667546272278,0.5018491148948669,-0.004966664593666792,0.5991796851158142,0.5067897439002991,0.0013352478854358196,0.5997296571731567,0.4584020972251892,-0.02735842391848564,0.5947269201278687,0.4574499726295471,-0.019293105229735374,0.5376361012458801,0.36832287907600403,0.02909640222787857,0.5754604935646057,0.4152941405773163,-0.001982638146728277,0.5692698955535889,0.4156416058540344,-0.0011199865257367492,0.5636275410652161,0.41409066319465637,0.0008284433861263096,0.5568596720695496,0.4088385999202728,0.005867214407771826,0.5809146165847778,0.4127905070781708,-0.0013944879174232483,0.5686951875686646,0.3874990940093994,-0.005355742760002613,0.5753461718559265,0.38916829228401184,-0.005722335539758205,0.5623440146446228,0.3883591294288635,-0.002757297595962882,0.5580490827560425,0.3918061852455139,1.5980256648617797e-05,0.5516204237937927,0.41204479336738586,0.009625316597521305,0.5792625546455383,0.5158303380012512,0.010218396782875061,0.5577702522277832,0.4047676920890808,0.006310807075351477,0.5356278419494629,0.40455612540245056,0.03575906157493591,0.5460249781608582,0.40447506308555603,0.015239730477333069,0.5706220865249634,0.44383400678634644,-0.0033487591426819563,0.5930163860321045,0.4738411009311676,-0.011988217942416668,0.593357503414154,0.48288819193840027,-0.00868255365639925,0.584906816482544,0.4758544862270355,-0.007929970510303974,0.5792945623397827,0.47769221663475037,-0.002702144207432866,0.5868669152259827,0.48222705721855164,-0.005899874027818441,0.581690788269043,0.4817427396774292,-0.0012090961681678891,0.5731457471847534,0.4875653386116028,0.008886052295565605,0.5951241850852966,0.4541723430156708,-0.030075402930378914,0.594545304775238,0.44617342948913574,-0.03249941021203995,0.5494057536125183,0.37832826375961304,0.0017725498182699084,0.5834784507751465,0.42530250549316406,-0.006323905661702156,0.5826553106307983,0.4496839940547943,-0.015896935015916824,0.5824174880981445,0.4451902508735657,-0.014531956054270267,0.5522023439407349,0.4413721263408661,0.005006343126296997,0.5950316190719604,0.4359610974788666,-0.0299986582249403,0.5630033612251282,0.3685586154460907,-0.009495537728071213,0.5549522042274475,0.3713565468788147,-0.004136491566896439,0.5432441830635071,0.3534472584724426,0.01578657329082489,0.5889170169830322,0.37995633482933044,-0.015301689505577087,0.5810311436653137,0.39352521300315857,-0.0041151512414216995,0.5685685873031616,0.4791998565196991,0.009161628782749176,0.5450126528739929,0.47784748673439026,0.06077547371387482,0.5867488384246826,0.454430490732193,-0.013515399768948555,0.5911985635757446,0.45708832144737244,-0.013417379930615425,0.5718270540237427,0.4801085293292999,0.008641773834824562,0.5733993053436279,0.4806428849697113,0.006945168133825064,0.5521650910377502,0.36458930373191833,-0.0020723503548651934,0.5823643803596497,0.45238396525382996,-0.012327087111771107,0.5740057826042175,0.37064412236213684,-0.013475633226335049,0.5735045075416565,0.36277973651885986,-0.015504979528486729,0.5675421357154846,0.33416473865509033,-0.009920559823513031,0.5472068190574646,0.361552894115448,0.005275185219943523,0.5706233382225037,0.350210964679718,-0.013269556686282158,0.5463785529136658,0.3740488886833191,0.006236420478671789,0.5413669943809509,0.3736533522605896,0.016594478860497475,0.5930303335189819,0.4787422716617584,-0.010925373993813992,0.5858566761016846,0.4791959822177887,-0.007065887097269297,0.5804280638694763,0.47972238063812256,-0.0023744504433125257,0.5879567861557007,0.45570334792137146,-0.0119262570515275,0.5726266503334045,0.4803820848464966,0.007767771370708942,0.5758943557739258,0.4837896227836609,0.004665314219892025,0.5742563009262085,0.4809398949146271,0.006826132535934448,0.5892860889434814,0.4530446529388428,-0.02173754945397377,0.5826510787010193,0.4832431972026825,-0.00015119656745810062,0.5877771973609924,0.48430609703063965,-0.003388300072401762,0.593828022480011,0.48535382747650146,-0.005937463138252497,0.591172456741333,0.5059741139411926,0.0019159427611157298,0.5918136239051819,0.5006372332572937,-0.004263101611286402,0.5922919511795044,0.49517473578453064,-0.005504571367055178,0.5929574966430664,0.4897899627685547,-0.004741047974675894,0.5937011241912842,0.4855051040649414,-0.004326923284679651,0.5824809670448303,0.4832296073436737,0.001137617859058082,0.5811939835548401,0.4850042164325714,0.0005900415126234293,0.5797428488731384,0.4875100255012512,6.473034591181204e-05,0.5785861015319824,0.49037161469459534,0.0014593360247090459,0.57493656873703,0.4696589708328247,-0.0014962312998250127,0.5373616218566895,0.4389970600605011,0.06469237059354782,0.5997743010520935,0.45978260040283203,-0.019437383860349655,0.5786510109901428,0.4821634292602539,0.004635533783584833,0.5772833228111267,0.48287495970726013,0.004371712915599346,0.5928284525871277,0.4600319564342499,-0.013167821802198887,0.58399498462677,0.45644623041152954,-0.00752819050103426,0.5920831561088562,0.4586068391799927,-0.013469117693603039,0.5768631100654602,0.42930373549461365,-0.00356943323276937,0.566522479057312,0.43360307812690735,-0.0008459722739644349,0.5813518762588501,0.448133260011673,-0.01086238119751215,0.5526636838912964,0.3416837453842163,0.0021945619955658913,0.5563948750495911,0.3531624972820282,-0.0045700655318796635,0.5613367557525635,0.3608074486255646,-0.009531142190098763,0.5776392221450806,0.49476566910743713,0.006329725030809641,0.5879007577896118,0.36757001280784607,-0.01865329034626484,0.5854231715202332,0.3506689667701721,-0.01829015649855137,0.5837738513946533,0.3309777081012726,-0.01702944003045559,0.5591578483581543,0.41201359033584595,0.0035638653207570314,0.5450728535652161,0.4166782796382904,0.013601117767393589,0.5845720171928406,0.41027146577835083,-0.0010150144807994366,0.5520110130310059,0.39401960372924805,0.005739671643823385,0.5877576470375061,0.42045220732688904,-0.008954758755862713,0.5858958959579468,0.4476989209651947,-0.021952981129288673,0.539935827255249,0.4207967221736908,0.021184353157877922,0.548232913017273,0.42230460047721863,0.00881075207144022,0.5551977157592773,0.4255085587501526,0.003394980449229479,0.5664249062538147,0.4258018732070923,0.000536334584467113,0.5751685500144958,0.42367592453956604,-0.0015060824807733297,0.5819164514541626,0.4202377498149872,-0.0036282374057918787,0.595500111579895,0.41016367077827454,-0.01656579226255417,0.5402946472167969,0.4373563826084137,0.02144552767276764,0.5475941896438599,0.39088764786720276,0.008430895395576954,0.5969638824462891,0.458013117313385,-0.026957737281918526,0.5839599370956421,0.43305301666259766,-0.00828103069216013,0.5343908071517944,0.40264588594436646,0.055371809750795364,0.5870229601860046,0.4159470200538635,-0.005205461755394936,0.5807097554206848,0.44811224937438965,-0.005036173388361931,0.5550429821014404,0.4034181535243988,0.007739784196019173,0.5858694911003113,0.4421960115432739,-0.020252080634236336,0.5402945876121521,0.4582507610321045,0.06434917449951172,0.5851625204086304,0.40768206119537354,-0.00014164233289193362,0.5903174877166748,0.4383234977722168,-0.026234908029437065,0.5567728281021118,0.4965856373310089,0.030726563185453415,0.558445394039154,0.504585862159729,0.04261818155646324,0.5365935564041138,0.4387764632701874,0.04288182780146599,0.5490671992301941,0.4865274727344513,0.03704977035522461,0.5381554365158081,0.38812053203582764,0.027679787948727608,0.5791560411453247,0.5222639441490173,0.014605275355279446,0.5976174473762512,0.45939478278160095,-0.019013941287994385,0.5783941745758057,0.4381243884563446,-0.005432918202131987,0.5412527322769165,0.4057994484901428,0.021280720829963684,0.5645913481712341,0.4105606973171234,0.000535325612872839,0.5696521997451782,0.41178521513938904,-0.0010431426344439387,0.5746978521347046,0.4849388301372528,0.00580444885417819,0.5415056943893433,0.4532783031463623,0.025105278939008713,0.58892422914505,0.5317025184631348,0.016884051263332367,0.5740907788276672,0.5212721824645996,0.02810714580118656,0.5672417879104614,0.514456033706665,0.03448076918721199,0.6024156808853149,0.3515869379043579,-0.020059242844581604,0.5992255806922913,0.5333707928657532,0.014965105801820755,0.5749305486679077,0.41143175959587097,-0.0015147592639550567,0.5800308585166931,0.4098208248615265,-0.0009308342705480754,0.5833516716957092,0.40858161449432373,2.874166784749832e-05,0.5438088178634644,0.38873612880706787,0.014172644354403019,0.5799321532249451,0.40366417169570923,-0.0027506817132234573,0.5746420621871948,0.4024975001811981,-0.0035900799557566643,0.56971275806427,0.40223631262779236,-0.0030906694009900093,0.5647992491722107,0.40269407629966736,-0.001174643635749817,0.5614384412765503,0.40347418189048767,0.0010021950583904982,0.5348723530769348,0.3838447630405426,0.04338456317782402,0.5614399313926697,0.40878063440322876,0.0025781516451388597,0.5997833013534546,0.4665069878101349,-0.012787414714694023,0.5811223387718201,0.466736376285553,-0.00573381595313549,0.5867308974266052,0.45354098081588745,-0.015863485634326935,0.5919271111488342,0.46622663736343384,-0.011866368353366852,0.6013025045394897,0.3963271677494049,-0.01613616570830345,0.5650099515914917,0.5064613819122314,0.026157373562455177,0.5721136927604675,0.5142039060592651,0.020843153819441795,0.5880733132362366,0.5280771255493164,0.009139644913375378,0.551323652267456,0.4933260381221771,0.05253910273313522,0.583570659160614,0.40583375096321106,-0.001196519355289638,0.5914618372917175,0.4231169819831848,-0.01704818196594715,0.5989693999290466,0.529545247554779,0.007547918241471052,0.5809552073478699,0.527354896068573,0.021401027217507362,0.5390414595603943,0.45629122853279114,0.043924666941165924,0.5876309275627136,0.48441189527511597,-0.0018763934494927526,0.5863863825798035,0.48760223388671875,-0.002405234845355153,0.5853022933006287,0.4916611611843109,-0.0029980153776705265,0.5845036506652832,0.4964890480041504,-0.0016921618953347206,0.5834624171257019,0.5012607574462891,0.0035799890756607056,0.5773944854736328,0.4811513423919678,0.0032118838280439377,0.5761029720306396,0.48006439208984375,0.0032816785387694836,0.5750648975372314,0.4789765179157257,0.00311641744337976,0.5702877640724182,0.4736461639404297,0.003687164979055524,0.5478956699371338,0.45797672867774963,0.013264435343444347,0.5917372703552246,0.4147655963897705,-0.012408023700118065,0.5890527367591858,0.39887768030166626,-0.00492135901004076,0.5859214663505554,0.40106135606765747,-0.0024788454174995422,0.5787312984466553,0.48222342133522034,0.0037806069012731314,0.5492624044418335,0.47601747512817383,0.024373579770326614,0.5938218832015991,0.397458016872406,-0.012297299690544605,0.5810762643814087,0.508414626121521,0.0071931201964616776,0.6003634929656982,0.4262959659099579,-0.02747725322842598,0.5954864025115967,0.41934457421302795,-0.021606341004371643,0.6006233096122742,0.4178764224052429,-0.023193083703517914,0.5873647928237915,0.43526050448417664,-0.015863168984651566,0.5989651679992676,0.5233863592147827,0.0036070055793970823,0.5990501046180725,0.5148108005523682,0.0024550261441618204,0.5896289944648743,0.5138095021247864,0.0038550319150090218,0.5691088438034058,0.49168676137924194,0.012531265616416931,0.5754887461662292,0.4537734091281891,-0.0024205415975302458,0.574768602848053,0.5009617805480957,0.010340810753405094,0.5603951215744019,0.4522186815738678,0.0004671169153880328,0.5691701173782349,0.4607815742492676,0.00021735677728429437,0.5557237267494202,0.463790625333786,0.006725211627781391,0.5882254838943481,0.5221073627471924,0.0053023360669612885,0.5841177701950073,0.4391409158706665,-0.011184333823621273,0.5654873847961426,0.4980532228946686,0.018618127331137657,0.572609007358551,0.5071440935134888,0.01535117533057928,0.5638248324394226,0.48163777589797974,0.011831853538751602,0.5438634753227234,0.4665416181087494,0.028645802289247513,0.5571413040161133,0.4838787913322449,0.01758408173918724,0.542848527431488,0.47225072979927063,0.04339208826422691,0.5643032193183899,0.46887293457984924,0.004555665887892246,0.5878751277923584,0.42803555727005005,-0.012309099547564983,0.5875515937805176,0.45159846544265747,-0.023030484095215797,0.5843169093132019,0.45257097482681274,-0.016369830816984177,0.5899777412414551,0.44671037793159485,-0.02725544385612011,0.5844574570655823,0.38898470997810364,-0.007179828826338053,0.5748211741447449,0.38186749815940857,-0.007809263188391924,0.5663444995880127,0.38003009557724,-0.006717327516525984,0.5593363046646118,0.381635844707489,-0.0035717517603188753,0.5543720126152039,0.38605400919914246,0.00055489013902843,0.5510509014129639,0.4037466049194336,0.01056529302150011,0.5353407859802246,0.4216570258140564,0.039720792323350906,0.5542791485786438,0.41593748331069946,0.006718339864164591,0.5598698258399963,0.4186397194862366,0.0033171516843140125,0.567660927772522,0.42004019021987915,0.0007243331638164818,0.5754664540290833,0.4190734028816223,-0.001230153371579945,0.5817798972129822,0.41631564497947693,-0.0016476568998768926,0.5860900282859802,0.41342464089393616,-0.0026046368293464184,0.5356526374816895,0.4206182360649109,0.061952102929353714,0.5844163298606873,0.4540683329105377,-0.01331167109310627,0.5912166237831116,0.4305606782436371,-0.020884912461042404,0.5913693308830261,0.45269396901130676,-0.027400245890021324,0.5942918062210083,0.4564242362976074,-0.024699252098798752,0.5913892984390259,0.45376962423324585,-0.024519462138414383,0.5857419371604919,0.4560796618461609,-0.011043133214116096,0.5952622890472412,0.4573522210121155,-0.026159409433603287,0.5959391593933105,0.45874613523483276,-0.019131900742650032,0.5870669484138489,0.40727880597114563,-0.000962659134529531,0.5895610451698303,0.4085409939289093,-0.004164477344602346,0.5909762978553772,0.40934932231903076,-0.007649389561265707,0.5593757629394531,0.40409743785858154,0.003361413022503257,0.5552026629447937,0.3963625729084015,0.003799932776018977,0.6051570177078247,0.42749977111816406,-0.025610629469156265,0.6433727741241455,0.40973079204559326,0.002021930878981948,0.6050370335578918,0.45764386653900146,-0.019531115889549255,0.6691771745681763,0.37125933170318604,0.025559434667229652,0.6260311603546143,0.41623952984809875,-0.0034176574554294348,0.6321164965629578,0.4171915054321289,-0.0028293440118432045,0.6379292607307434,0.41630515456199646,-0.0011737177846953273,0.6458939909934998,0.41110533475875854,0.003489771159365773,0.6208702921867371,0.413723349571228,-0.0025238622911274433,0.6359578967094421,0.3906921148300171,-0.00718752620741725,0.6292967200279236,0.3919481039047241,-0.00717960624024272,0.6422693729400635,0.3917897939682007,-0.004853321239352226,0.646353006362915,0.39514780044555664,-0.0022583785466849804,0.6504012942314148,0.4143734574317932,0.007140133995562792,0.6193030476570129,0.5166968703269958,0.009166584350168705,0.6456353664398193,0.40717458724975586,0.003986061085015535,0.6692104935646057,0.4075109660625458,0.03243527561426163,0.6572500467300415,0.40643569827079773,0.012455710209906101,0.6304911375045776,0.4451245665550232,-0.0048484401777386665,0.6091488003730774,0.47391819953918457,-0.012417166493833065,0.6081529855728149,0.4829881191253662,-0.009101931005716324,0.6167992353439331,0.47586745023727417,-0.008808271959424019,0.6217888593673706,0.4777075946331024,-0.0038717288989573717,0.6143297553062439,0.4823571443557739,-0.006710131652653217,0.6191334128379822,0.4818478524684906,-0.0022248681634664536,0.626703679561615,0.4884755313396454,0.007416031789034605,0.604343056678772,0.4543556571006775,-0.03026069514453411,0.6050825119018555,0.4463459253311157,-0.032743196934461594,0.6559955477714539,0.38177013397216797,-0.0009100956376641989,0.6183375120162964,0.426020085811615,-0.007284020073711872,0.6176729202270508,0.45024996995925903,-0.016803227365016937,0.6181643009185791,0.44576388597488403,-0.015486669726669788,0.6492659449577332,0.44357603788375854,0.002615635981783271,0.6051608920097351,0.4361037015914917,-0.030306721106171608,0.6426935195922852,0.37235119938850403,-0.011298763565719128,0.6506837606430054,0.3751712441444397,-0.006450070533901453,0.6638219356536865,0.356140673160553,0.012573516927659512,0.614948034286499,0.3820362687110901,-0.015866009518504143,0.6232420206069946,0.39589136838912964,-0.0052920919843018055,0.6316680908203125,0.48021847009658813,0.007448828779160976,0.6571869254112244,0.48009076714515686,0.05756291002035141,0.6134058237075806,0.45487576723098755,-0.014221237041056156,0.6088352203369141,0.45737430453300476,-0.013765333220362663,0.628417432308197,0.48018327355384827,0.00714654428884387,0.626848578453064,0.4806850850582123,0.00562516413629055,0.6545279026031494,0.36827316880226135,-0.004534140229225159,0.6179835200309753,0.4529554545879364,-0.013209352269768715,0.6312900185585022,0.3738647401332855,-0.01471680123358965,0.6324252486228943,0.36620548367500305,-0.016778254881501198,0.6390501260757446,0.3357584774494171,-0.01179821789264679,0.658987283706665,0.3640056252479553,0.002617936348542571,0.6347454786300659,0.3516394793987274,-0.014705515466630459,0.659818708896637,0.3770448863506317,0.003395795589312911,0.6647013425827026,0.3764353096485138,0.013546188361942768,0.6088463068008423,0.47885704040527344,-0.011368014849722385,0.6156104207038879,0.4793129861354828,-0.007925791665911674,0.6205552220344543,0.4797712564468384,-0.003482170170173049,0.6121331453323364,0.4560926556587219,-0.012458179146051407,0.627616822719574,0.48044121265411377,0.0063783228397369385,0.6243618726730347,0.4838777482509613,0.003470487194135785,0.6259894967079163,0.48096781969070435,0.005552293267101049,0.6106516122817993,0.45342132449150085,-0.02234993688762188,0.6180130243301392,0.483339786529541,-0.0011098082177340984,0.6131966710090637,0.48441383242607117,-0.004127877298742533,0.6074495315551758,0.48544400930404663,-0.0063659087754786015,0.6073347926139832,0.5063462257385254,0.0015215158928185701,0.608587384223938,0.5007516145706177,-0.004700313787907362,0.6084190607070923,0.4952695369720459,-0.005978296045213938,0.6079844236373901,0.48989179730415344,-0.005202752072364092,0.6073361039161682,0.48559704422950745,-0.004767159931361675,0.6179835796356201,0.48335573077201843,0.00017883982218336314,0.6192788481712341,0.48514610528945923,-0.0003597414179239422,0.6206172704696655,0.4876422882080078,-0.0008857425418682396,0.6215866804122925,0.49050238728523254,0.0004616628575604409,0.6251714825630188,0.470538854598999,-0.0027925092726945877,0.6665823459625244,0.4419417977333069,0.06113174185156822,0.6216480135917664,0.48226436972618103,0.0034814532846212387,0.623035728931427,0.48298028111457825,0.0032032658345997334,0.6070888042449951,0.46033763885498047,-0.013506531715393066,0.6163180470466614,0.45698463916778564,-0.008236894384026527,0.6078926920890808,0.45892810821533203,-0.013806109316647053,0.6248788833618164,0.4303353428840637,-0.004845332354307175,0.6351061463356018,0.4351733326911926,-0.0025934239383786917,0.619255006313324,0.44877272844314575,-0.011829681694507599,0.6543174982070923,0.3439483046531677,-0.00045988927013240755,0.6495897769927979,0.3552318811416626,-0.006706626154482365,0.6452572345733643,0.364606648683548,-0.011466636322438717,0.6216752529144287,0.49557438492774963,0.0051551200449466705,0.6170055866241455,0.3700190484523773,-0.019266244024038315,0.6195493936538696,0.3514425754547119,-0.019009098410606384,0.6225323677062988,0.33182358741760254,-0.017969205975532532,0.6428954601287842,0.4144521653652191,0.0013209518510848284,0.6562555432319641,0.41854774951934814,0.010838069953024387,0.6176456212997437,0.4114963412284851,-0.0020153019577264786,0.6522523164749146,0.39690184593200684,0.003162153298035264,0.6141470074653625,0.42098671197891235,-0.009718711487948895,0.6142308712005615,0.448190301656723,-0.022679535672068596,0.6632167100906372,0.42361873388290405,0.018095839768648148,0.651928186416626,0.4247857630252838,0.006231997162103653,0.6442784667015076,0.4281591773033142,0.0011571600334718823,0.6331096887588501,0.42777034640312195,-0.0011890516616404057,0.6248002648353577,0.4249907433986664,-0.002833683742210269,0.6185024976730347,0.42154714465141296,-0.004618041682988405,0.6063910722732544,0.4103679656982422,-0.016893664374947548,0.6619529724121094,0.4401344060897827,0.01833946816623211,0.6569601893424988,0.393611341714859,0.005616850685328245,0.602510392665863,0.4581157863140106,-0.02710816077888012,0.6173936128616333,0.43368464708328247,-0.009196988306939602,0.6712753176689148,0.4056580364704132,0.051750246435403824,0.6138100624084473,0.4174884259700775,-0.005969707854092121,0.620076060295105,0.4488004148006439,-0.005985059309750795,0.6485904455184937,0.40580815076828003,0.005328277125954628,0.6146145462989807,0.44267043471336365,-0.020993120968341827,0.6628521680831909,0.46095040440559387,0.060954704880714417,0.6178924441337585,0.40905389189720154,-0.0011430204613134265,0.6099846959114075,0.43865105509757996,-0.02679009921848774,0.6434292197227478,0.4981773793697357,0.02838600054383278,0.641932487487793,0.5059506297111511,0.04021991416811943,0.6664056777954102,0.4416064918041229,0.03948317468166351,0.6517044901847839,0.48841428756713867,0.03427315130829811,0.6673308610916138,0.3910021483898163,0.024443594738841057,0.6193190813064575,0.5231336951255798,0.013461415655910969,0.6019600629806519,0.4594721794128418,-0.019115488976240158,0.6228802800178528,0.43901318311691284,-0.006592894438654184,0.662028431892395,0.40721115469932556,0.018221309408545494,0.6374037861824036,0.41307029128074646,-0.0013927895342931151,0.632205605506897,0.41364264488220215,-0.0027670355048030615,0.6255046129226685,0.4850337505340576,0.00452006608247757,0.6601669788360596,0.45590344071388245,0.022070439532399178,0.609559178352356,0.5320790410041809,0.01624746061861515,0.625249981880188,0.5221052765846252,0.026452982798218727,0.6326119303703308,0.5155020952224731,0.032493725419044495,0.627109944820404,0.41263362765312195,-0.0029790266416966915,0.6223168969154358,0.41080448031425476,-0.0021746763959527016,0.6193452477455139,0.4097452759742737,-0.0010670514311641455,0.6612625122070312,0.3907444477081299,0.011173282749950886,0.6240135431289673,0.40553438663482666,-0.004064950160682201,0.6294251680374146,0.40447476506233215,-0.005106498021632433,0.6342716813087463,0.4044455885887146,-0.0048585073091089725,0.6389011144638062,0.4049561619758606,-0.003201435087248683,0.6420434713363647,0.4057621657848358,-0.0011474455241113901,0.6714245676994324,0.386858195066452,0.03976523503661156,0.6408791542053223,0.41152235865592957,0.0004618947859853506,0.6189908981323242,0.46736952662467957,-0.006688784342259169,0.6133731007575989,0.45401138067245483,-0.016497794538736343,0.6078826785087585,0.4665522575378418,-0.01228389423340559,0.6346845030784607,0.5078442692756653,0.024240300059318542,0.6269880533218384,0.5153576731681824,0.019315633922815323,0.6099474430084229,0.5285560488700867,0.008489193394780159,0.6498875617980957,0.49506258964538574,0.04962986335158348,0.6198519468307495,0.40752190351486206,-0.002337742829695344,0.6098594069480896,0.42347851395606995,-0.01756744459271431,0.6178343892097473,0.5279768109321594,0.02015571855008602,0.6631845235824585,0.45891648530960083,0.04068370535969734,0.6131197810173035,0.48452818393707275,-0.002618146361783147,0.6143018007278442,0.4877263009548187,-0.0031494044233113527,0.6152470111846924,0.4917680025100708,-0.0037867161445319653,0.6158150434494019,0.49658966064453125,-0.00248248060233891,0.6153613924980164,0.5018453001976013,0.0027289260178804398,0.6231347918510437,0.48119285702705383,0.0019773170351982117,0.6244630217552185,0.48010069131851196,0.001945558120496571,0.6255826950073242,0.4790021777153015,0.0017104510916396976,0.629885196685791,0.4746320843696594,0.002078346675261855,0.6531289219856262,0.46026650071144104,0.010645385831594467,0.610167384147644,0.4151557385921478,-0.012976041063666344,0.6140503883361816,0.4005451798439026,-0.005602526944130659,0.617512583732605,0.40296584367752075,-0.00343188620172441,0.6217290163040161,0.48227357864379883,0.002635406330227852,0.6514866948127747,0.47800213098526,0.02175716497004032,0.6083372235298157,0.39937788248062134,-0.01267030369490385,0.617604672908783,0.5091436505317688,0.006237635854631662,0.6057811975479126,0.41953545808792114,-0.02189246192574501,0.6135455369949341,0.43577882647514343,-0.016557158902287483,0.6086162328720093,0.5142061114311218,0.0033569929655641317,0.6306169629096985,0.492866575717926,0.010863731615245342,0.6252164840698242,0.45470112562179565,-0.00366862490773201,0.62446129322052,0.5019304156303406,0.00902037974447012,0.640440821647644,0.45399460196495056,-0.0014420314691960812,0.6313747763633728,0.4620746076107025,-0.001334469299763441,0.6449285745620728,0.46571671962738037,0.004545486997812986,0.6098220348358154,0.5226076245307922,0.004657200071960688,0.6168845891952515,0.4396926462650299,-0.012052643112838268,0.6342567801475525,0.499417245388031,0.016765862703323364,0.6265343427658081,0.5082431435585022,0.013925595209002495,0.6362792253494263,0.4830043613910675,0.009852147661149502,0.6574751138687134,0.4688816964626312,0.02576858177781105,0.6430733799934387,0.4855234920978546,0.015362918376922607,0.6587395668029785,0.47453048825263977,0.04028858244419098,0.6361513137817383,0.47032618522644043,0.0026775789447128773,0.6134667992591858,0.42854321002960205,-0.013026994653046131,0.6124119758605957,0.4520376920700073,-0.02367793582379818,0.6158617734909058,0.4531044065952301,-0.01713637262582779,0.6099101305007935,0.44706130027770996,-0.027826379984617233,0.619685173034668,0.39127326011657715,-0.008104708977043629,0.6299393177032471,0.38484901189804077,-0.009135260246694088,0.638522744178772,0.3835587501525879,-0.008465924300253391,0.6454886198043823,0.38533157110214233,-0.005713267717510462,0.6502967476844788,0.3895461857318878,-0.0018414254300296307,0.6524160504341125,0.4059978723526001,0.00800295453518629,0.66850745677948,0.4246174097061157,0.03628356382250786,0.646994411945343,0.4184069335460663,0.004348816815763712,0.6407427191734314,0.42102155089378357,0.0012521925382316113,0.6328308582305908,0.421682745218277,-0.0009836592944338918,0.6253255605697632,0.42004382610321045,-0.002590571530163288,0.6193938851356506,0.4172353744506836,-0.002668212167918682,0.6154396533966064,0.41450491547584534,-0.003434001700952649,0.6692253351211548,0.4236209988594055,0.05828849971294403,0.6157710552215576,0.45455557107925415,-0.014063934795558453,0.6095758676528931,0.430899053812027,-0.021434316411614418,0.6083061099052429,0.45300331711769104,-0.027807747945189476,0.6054074168205261,0.45667412877082825,-0.024923887103796005,0.6084219813346863,0.4541190564632416,-0.02493521198630333,0.6144436001777649,0.45651841163635254,-0.011678551323711872,0.6043006181716919,0.45753663778305054,-0.026338733732700348,0.6037107706069946,0.45887136459350586,-0.019307659938931465,0.615690290927887,0.40875107049942017,-0.0017942334525287151,0.612533450126648,0.4098595976829529,-0.004797543399035931,0.610383927822113,0.4110926389694214,-0.008194291032850742,0.6440421938896179,0.40645653009414673,0.0011209476506337523,0.6488826274871826,0.39924728870391846,0.0014104300644248724,0.5719089508056641,0.40767353773117065,0.00016446824884042144,0.5779980421066284,0.4081084132194519,0.00016446824884042144,0.5722338557243347,0.4002265930175781,0.00016446824884042144,0.565729558467865,0.407170832157135,0.00016446824884042144,0.5715582370758057,0.4149138629436493,0.00016446824884042144,0.6321799755096436,0.4090327024459839,-0.001540584024041891,0.6381127834320068,0.40904858708381653,-0.001540584024041891,0.6322219371795654,0.40195515751838684,-0.001540584024041891,0.6263312101364136,0.40899309515953064,-0.001540584024041891,0.6321688890457153,0.41597533226013184,-0.001540584024041891
4933.333333333333,0.6012372970581055,0.4758460819721222,-0.012810737825930119,0.6001467108726501,0.45417335629463196,-0.030609479174017906,0.6002418398857117,0.46062082052230835,-0.014974684454500675,0.5960740447044373,0.42693012952804565,-0.025243541225790977,0.6002796292304993,0.4459148049354553,-0.03325895220041275,0.60056471824646,0.4348863959312439,-0.03187490999698639,0.6014311909675598,0.4079563319683075,-0.01901579275727272,0.5598388314247131,0.4068642258644104,0.004198490642011166,0.6021223068237305,0.3837028741836548,-0.016959479078650475,0.6024156212806702,0.3714710474014282,-0.019443608820438385,0.6036446690559387,0.3300354778766632,-0.018717778846621513,0.6011335253715515,0.4795982241630554,-0.011797861196100712,0.6009770631790161,0.48338550329208374,-0.00979265570640564,0.6008337140083313,0.4858132302761078,-0.006967314053326845,0.6007311940193176,0.4859471321105957,-0.00532747246325016,0.6007171273231506,0.49062106013298035,-0.005769768264144659,0.6006070971488953,0.4959685802459717,-0.006488139275461435,0.6004225611686707,0.5013340711593628,-0.005026037804782391,0.5995168685913086,0.5065155029296875,0.0011929895263165236,0.600169837474823,0.4580111801624298,-0.027339816093444824,0.5951685309410095,0.4570739269256592,-0.019307922571897507,0.5380887389183044,0.3678476810455322,0.02901243232190609,0.57588791847229,0.415326327085495,-0.0020057412330061197,0.569692075252533,0.41560274362564087,-0.0011488886084407568,0.5640502572059631,0.413968950510025,0.0007893997826613486,0.5572993159294128,0.40866735577583313,0.005809216760098934,0.581329345703125,0.41285398602485657,-0.0013937345938757062,0.5691525340080261,0.38700607419013977,-0.005342682357877493,0.5758100748062134,0.388775110244751,-0.005693682003766298,0.5627959966659546,0.3878418505191803,-0.00275823543779552,0.5585035085678101,0.39134371280670166,-2.063489546344499e-06,0.5520820021629333,0.4118492901325226,0.00955133605748415,0.5796080231666565,0.5156030654907227,0.010035616345703602,0.5582066774368286,0.40451276302337646,0.006262250244617462,0.5359357595443726,0.4042223393917084,0.03559988737106323,0.5464650988578796,0.4042881727218628,0.015155176632106304,0.5709787607192993,0.44342368841171265,-0.003439710708335042,0.5930947065353394,0.4736323356628418,-0.011992181651294231,0.593481719493866,0.4826338291168213,-0.00871173944324255,0.584999144077301,0.4755803644657135,-0.007946471683681011,0.5794163942337036,0.47740256786346436,-0.0026978859677910805,0.5870104432106018,0.48193731904029846,-0.0059202504344284534,0.5818520784378052,0.48143255710601807,-0.0012129537062719464,0.5734112858772278,0.487077534198761,0.00886593572795391,0.595584511756897,0.4537649154663086,-0.030050793662667274,0.5950284004211426,0.44574302434921265,-0.03245927393436432,0.549806535243988,0.37775641679763794,0.001767423702403903,0.5839153528213501,0.42496776580810547,-0.0063363914377987385,0.5830650329589844,0.4492739140987396,-0.015942206606268883,0.5828204154968262,0.44478166103363037,-0.014577913098037243,0.5524852275848389,0.4409293234348297,0.004889564123004675,0.5955216288566589,0.4355473816394806,-0.029951831325888634,0.5634309649467468,0.36774516105651855,-0.009417356923222542,0.5553605556488037,0.370622843503952,-0.0040855808183550835,0.5437472462654114,0.3528772294521332,0.015780385583639145,0.5893712639808655,0.37953561544418335,-0.015197119675576687,0.5814889073371887,0.39329108595848083,-0.0040903580375015736,0.5688074827194214,0.4786394238471985,0.00913056917488575,0.5451003909111023,0.4778190851211548,0.06040657311677933,0.5871587991714478,0.4540395140647888,-0.013570185750722885,0.5916159152984619,0.45669010281562805,-0.013452345505356789,0.5720105171203613,0.4798620045185089,0.008650215342640877,0.573590874671936,0.4803735315799713,0.006970087997615337,0.552528977394104,0.36385294795036316,-0.0020303605124354362,0.5827438831329346,0.45195916295051575,-0.01238587312400341,0.5744587779045105,0.36993566155433655,-0.01338235940784216,0.5739304423332214,0.3619946837425232,-0.01539984904229641,0.5680997967720032,0.3334543704986572,-0.009802407585084438,0.5477172136306763,0.3609592318534851,0.005293808877468109,0.5711725354194641,0.3495347797870636,-0.01315980963408947,0.5467551350593567,0.3735399842262268,0.006211400032043457,0.5418307781219482,0.37314119935035706,0.016542302444577217,0.5931271314620972,0.4785135090351105,-0.01093348953872919,0.5859751105308533,0.4789165258407593,-0.0070771207101643085,0.5805689692497253,0.479424387216568,-0.002369263442233205,0.5883587598800659,0.45530468225479126,-0.011970249004662037,0.5728147625923157,0.4801250696182251,0.007788011804223061,0.576063871383667,0.4834927022457123,0.0046991016715765,0.5744525790214539,0.4806611239910126,0.0068549965508282185,0.5897232890129089,0.4526726305484772,-0.021755104884505272,0.5828266739845276,0.4829205572605133,-0.00017716182628646493,0.5879355072975159,0.4840056896209717,-0.003439531894400716,0.593973696231842,0.48508214950561523,-0.006002703215926886,0.5914878249168396,0.5056849718093872,0.0017782908398658037,0.5919396877288818,0.5001152753829956,-0.004317271523177624,0.5924131870269775,0.4947296977043152,-0.005532315466552973,0.5930851697921753,0.4894297420978546,-0.004750494379550219,0.5938501358032227,0.48520606756210327,-0.004309531766921282,0.5826719403266907,0.48291516304016113,0.0011743095237761736,0.5813590884208679,0.4846786856651306,0.0006110953399911523,0.5798875689506531,0.48715949058532715,7.632635970367119e-05,0.5787147879600525,0.4899940490722656,0.0014625581679865718,0.5752091407775879,0.46915000677108765,-0.0015046580228954554,0.5374963879585266,0.43884140253067017,0.06437044590711594,0.600206732749939,0.4593952000141144,-0.019446734338998795,0.5788564085960388,0.4818621873855591,0.004677990451455116,0.5774678587913513,0.4825790822505951,0.004407350905239582,0.5932328104972839,0.4596186876296997,-0.013210054486989975,0.5843473672866821,0.45600900053977966,-0.007597763556987047,0.5924943685531616,0.45820152759552,-0.013506019487977028,0.5772644281387329,0.428939551115036,-0.003613314824178815,0.5668932795524597,0.4331859052181244,-0.0009166430681943893,0.5817300081253052,0.44771429896354675,-0.010923265479505062,0.5531989336013794,0.3410324156284332,0.0022642037365585566,0.5569306015968323,0.35250788927078247,-0.004502766765654087,0.5617329478263855,0.3599543571472168,-0.009456452913582325,0.5779223442077637,0.4943605065345764,0.006289119832217693,0.5883284211158752,0.36699336767196655,-0.018522409722208977,0.5859748125076294,0.35001084208488464,-0.018146149814128876,0.5843462347984314,0.3302527368068695,-0.01687053218483925,0.5595905184745789,0.4118633568286896,0.003512529656291008,0.5455657243728638,0.4164614975452423,0.013498255982995033,0.5849783420562744,0.4103379547595978,-0.0010094573954120278,0.5524454116821289,0.39366403222084045,0.005704650655388832,0.5882200598716736,0.4201260507106781,-0.008940264582633972,0.5863361358642578,0.44730156660079956,-0.021970553323626518,0.5402483344078064,0.4204433262348175,0.021045396104454994,0.5487285852432251,0.42202895879745483,0.008712109178304672,0.5556935667991638,0.4251974821090698,0.003315559821203351,0.5669170022010803,0.42558157444000244,0.0004878000763710588,0.5756598711013794,0.4235602021217346,-0.0015347490552812815,0.5824148654937744,0.420136958360672,-0.003631000407040119,0.5960004329681396,0.40982475876808167,-0.016498427838087082,0.5405260920524597,0.4370010495185852,0.02128022536635399,0.5480104684829712,0.39054161310195923,0.008379180915653706,0.5974088311195374,0.45762258768081665,-0.026945197954773903,0.5843757390975952,0.43269121646881104,-0.0083175553008914,0.5346719622612,0.4023454189300537,0.055145032703876495,0.5875219702720642,0.41581985354423523,-0.005186961032450199,0.5810661315917969,0.4476940333843231,-0.005114378873258829,0.5554928779602051,0.40320250391960144,0.007687279023230076,0.5863023996353149,0.44179630279541016,-0.02026798576116562,0.5403823256492615,0.4581661522388458,0.0639953687787056,0.5855461955070496,0.407755583524704,-0.00013544855755753815,0.5907902717590332,0.43791863322257996,-0.02621535398066044,0.557000994682312,0.4964219331741333,0.03048921935260296,0.5586683750152588,0.5045291781425476,0.04228740558028221,0.536759078502655,0.4385485351085663,0.04264345392584801,0.5492097735404968,0.48640531301498413,0.03677718713879585,0.5385485887527466,0.38770222663879395,0.02756950818002224,0.5795109868049622,0.5220783948898315,0.014377745799720287,0.5980538129806519,0.4590102434158325,-0.01902725361287594,0.5787754654884338,0.43773603439331055,-0.005498677026480436,0.5416785478591919,0.4056824743747711,0.021164922043681145,0.5650011897087097,0.4104377329349518,0.0004984779516234994,0.5700540542602539,0.4117359220981598,-0.0010688386391848326,0.5748555660247803,0.48464372754096985,0.005828022491186857,0.5416577458381653,0.452981173992157,0.02490333840250969,0.5892589092254639,0.531518280506134,0.016613280400633812,0.5744306445121765,0.5211498141288757,0.02782626263797283,0.5675450563430786,0.5143638253211975,0.03418605402112007,0.6029742360115051,0.35094335675239563,-0.019890110939741135,0.5995006561279297,0.5331850647926331,0.01471415814012289,0.5753333568572998,0.4114389717578888,-0.0015272515593096614,0.580416202545166,0.4098812937736511,-0.0009329811437055469,0.5837306976318359,0.4086642861366272,3.330084291519597e-05,0.5442110896110535,0.3884653151035309,0.01409725658595562,0.5803027153015137,0.4034880995750427,-0.0027468628250062466,0.5750300288200378,0.402128130197525,-0.0035820510238409042,0.5701278448104858,0.4017432928085327,-0.0030922337900847197,0.5652251243591309,0.40218469500541687,-0.0011892886832356453,0.5618689060211182,0.4030398726463318,0.0009734847117215395,0.5352509617805481,0.3834565281867981,0.043225690722465515,0.5618544220924377,0.4086046814918518,0.002534344093874097,0.6002000570297241,0.4660646319389343,-0.012807300314307213,0.5814371109008789,0.46625378727912903,-0.005769769661128521,0.5871516466140747,0.4531596899032593,-0.015900684520602226,0.5923133492469788,0.4657655358314514,-0.011895581148564816,0.6018128991127014,0.39594459533691406,-0.016041433438658714,0.5653213858604431,0.5062869787216187,0.02594347484409809,0.5724555253982544,0.5140244960784912,0.02062363550066948,0.5884219408035278,0.5278710722923279,0.008918761275708675,0.5514677166938782,0.49330517649650574,0.05217725411057472,0.5839470028877258,0.40582144260406494,-0.0011880932142958045,0.5919442176818848,0.42276132106781006,-0.017013834789395332,0.5992591381072998,0.5293285846710205,0.007342365104705095,0.5813050270080566,0.5271967053413391,0.021126193925738335,0.5391442179679871,0.45612943172454834,0.04365505278110504,0.5877957344055176,0.4840978682041168,-0.0018516846466809511,0.586526095867157,0.4872480034828186,-0.0023991356138139963,0.5854279398918152,0.49125146865844727,-0.0030049404595047235,0.5846199989318848,0.49601879715919495,-0.0017127605387941003,0.5837583541870117,0.5009288191795349,0.0035014816094189882,0.577580451965332,0.48084574937820435,0.003227719571441412,0.5762691497802734,0.47977304458618164,0.0033021962735801935,0.5752173662185669,0.47869324684143066,0.00313384342007339,0.570523202419281,0.4730908274650574,0.0036846320144832134,0.548062264919281,0.4576127529144287,0.01310124434530735,0.5922221541404724,0.41443440318107605,-0.012366468086838722,0.589499831199646,0.39877551794052124,-0.004884599708020687,0.586357057094574,0.4010186195373535,-0.0024503928143531084,0.5789279937744141,0.481902152299881,0.0037817067932337523,0.5494154691696167,0.4757559895515442,0.024165745824575424,0.5942918062210083,0.39725160598754883,-0.012236903421580791,0.581395149230957,0.5081342458724976,0.007052116561681032,0.6008521318435669,0.42591121792793274,-0.02740500122308731,0.5959874987602234,0.4189879894256592,-0.02153940685093403,0.6011176705360413,0.41752007603645325,-0.02311187982559204,0.5878039598464966,0.43488332629203796,-0.01587221585214138,0.5992730259895325,0.5231512188911438,0.0034381914883852005,0.5993750095367432,0.5145581364631653,0.0022960174828767776,0.5899567604064941,0.5135563611984253,0.003689190838485956,0.5694294571876526,0.4912812411785126,0.01246221549808979,0.5758333802223206,0.45334354043006897,-0.0025023515336215496,0.575094997882843,0.5006240606307983,0.010238624177873135,0.5606819987297058,0.45179426670074463,0.0003497797006275505,0.5694804191589355,0.46033456921577454,0.00014853017637506127,0.5559529662132263,0.46337974071502686,0.006592423189431429,0.5885714292526245,0.5218798518180847,0.005116630345582962,0.5845199823379517,0.43875688314437866,-0.011223726905882359,0.5658189058303833,0.49775853753089905,0.0184747576713562,0.5729512572288513,0.5068843960762024,0.015183478593826294,0.5641065835952759,0.48117876052856445,0.011749536730349064,0.5439884662628174,0.46630290150642395,0.028419069945812225,0.5573842525482178,0.4835480749607086,0.017437241971492767,0.5429480075836182,0.4721416234970093,0.04310465604066849,0.5645667314529419,0.4683724045753479,0.0044923387467861176,0.5883274078369141,0.42768245935440063,-0.012310418300330639,0.5879934430122375,0.4512189030647278,-0.023043928667902946,0.5847306251525879,0.45217251777648926,-0.016411878168582916,0.5904475450515747,0.4463040232658386,-0.027239667251706123,0.5849255919456482,0.3887050449848175,-0.0071304840967059135,0.5752830505371094,0.3813346028327942,-0.007750137243419886,0.5668003559112549,0.3793993294239044,-0.006666346453130245,0.5597774386405945,0.38101842999458313,-0.0035403340589255095,0.5548095107078552,0.3855315148830414,0.0005597888957709074,0.5515021681785583,0.4035378396511078,0.01050365250557661,0.5355826616287231,0.4213793873786926,0.03952183574438095,0.5547475218772888,0.4157334864139557,0.006645996123552322,0.560336172580719,0.4184393882751465,0.0032667252235114574,0.5681197047233582,0.41993382573127747,0.0006923489854671061,0.575927734375,0.4190591275691986,-0.0012583457864820957,0.5822377800941467,0.416332870721817,-0.0016452595591545105,0.5865507125854492,0.4134209454059601,-0.002594546414911747,0.5358547568321228,0.4203886091709137,0.06167197972536087,0.5848106145858765,0.45365747809410095,-0.013363897800445557,0.5916953086853027,0.43017977476119995,-0.020862272009253502,0.5918294191360474,0.45230403542518616,-0.027390403673052788,0.594736635684967,0.45604565739631653,-0.02469473145902157,0.5918341279029846,0.45339295268058777,-0.024520698934793472,0.5861160755157471,0.4556586444377899,-0.011098572053015232,0.595707356929779,0.45696577429771423,-0.02615003101527691,0.5963768362998962,0.4583655297756195,-0.01914556510746479,0.5874826908111572,0.4073311984539032,-0.0009492263197898865,0.5900148749351501,0.40850594639778137,-0.004137693904340267,0.5914603471755981,0.40919360518455505,-0.007607291452586651,0.5598112344741821,0.40375030040740967,0.003324067685753107,0.5556500554084778,0.39601632952690125,0.003761960892006755,0.6056321263313293,0.4271199405193329,-0.02553919516503811,0.6437530517578125,0.4094238579273224,0.002118854783475399,0.6054586172103882,0.457273006439209,-0.01953219622373581,0.6694566011428833,0.3709260821342468,0.02570582926273346,0.626369297504425,0.4160464406013489,-0.003346926299855113,0.6324582695960999,0.41698455810546875,-0.0027468339540064335,0.6382742524147034,0.41604751348495483,-0.001082045491784811,0.6462644934654236,0.4107067286968231,0.0035874415189027786,0.6212376952171326,0.4135202467441559,-0.002450537169352174,0.6363236308097839,0.39027073979377747,-0.007053315173834562,0.6296745538711548,0.3915634751319885,-0.007054743357002735,0.6426132917404175,0.3913261592388153,-0.004712257068604231,0.6466838121414185,0.39465704560279846,-0.0021251686848700047,0.6507405042648315,0.4138925075531006,0.007234194315969944,0.6195439100265503,0.5164831280708313,0.009042682126164436,0.6459991931915283,0.40680986642837524,0.004091545008122921,0.6695293188095093,0.407305508852005,0.03250618651509285,0.6576031446456909,0.40577244758605957,0.012557015754282475,0.6309759020805359,0.4447823166847229,-0.004850997589528561,0.6093399524688721,0.47374528646469116,-0.012401700951159,0.6083296537399292,0.4827756881713867,-0.009114077314734459,0.6170623898506165,0.4756922721862793,-0.008786728605628014,0.6220817565917969,0.4775707721710205,-0.003816173877567053,0.6145495176315308,0.48215752840042114,-0.006698028650134802,0.6193775534629822,0.48167482018470764,-0.002186685102060437,0.6271236538887024,0.48806098103523254,0.007464508526027203,0.6047859191894531,0.4539527893066406,-0.030223555862903595,0.6055384278297424,0.4459228217601776,-0.03268880769610405,0.6563839316368103,0.3810887932777405,-0.0007380599272437394,0.6187945604324341,0.4257177412509918,-0.007234383374452591,0.6181358695030212,0.44987165927886963,-0.01679377630352974,0.6186345219612122,0.44538986682891846,-0.015476618893444538,0.649774432182312,0.44323867559432983,0.0026455651968717575,0.605628490447998,0.4356968104839325,-0.030241962522268295,0.6431202292442322,0.3718104958534241,-0.011099874041974545,0.6510801911354065,0.37456580996513367,-0.006246558856219053,0.6641702055931091,0.35570573806762695,0.012774409726262093,0.6154133677482605,0.3816067576408386,-0.01571975089609623,0.6236361861228943,0.3955416679382324,-0.005189935211092234,0.6321394443511963,0.47974908351898193,0.007500879000872374,0.6574422717094421,0.4801301658153534,0.05739854276180267,0.6138600707054138,0.45450717210769653,-0.014234370552003384,0.6092745065689087,0.4569966197013855,-0.013779659755527973,0.6286806464195251,0.48020002245903015,0.007225397974252701,0.6271021366119385,0.4806634485721588,0.00570912379771471,0.6549637913703918,0.36753109097480774,-0.004326570313423872,0.6184581518173218,0.45257070660591125,-0.0132157476618886,0.6317393183708191,0.3733910918235779,-0.01453773956745863,0.6328709125518799,0.36562278866767883,-0.016585541889071465,0.6395569443702698,0.33513981103897095,-0.011562981642782688,0.6593759655952454,0.36348992586135864,0.002820091089233756,0.6352541446685791,0.3510196805000305,-0.01449501235038042,0.6602327823638916,0.37624305486679077,0.00356172863394022,0.6650316715240479,0.3760092854499817,0.013699695467948914,0.6090264320373535,0.4786679446697235,-0.01135891955345869,0.6158456206321716,0.4791295826435089,-0.007901694625616074,0.6208195090293884,0.4796220660209656,-0.0034304081927984953,0.6125909090042114,0.45571738481521606,-0.012471198104321957,0.6278750896453857,0.4804397523403168,0.00646211439743638,0.6246365308761597,0.48379427194595337,0.003557534422725439,0.6262363195419312,0.48092544078826904,0.0056392294354736805,0.6110947132110596,0.4530595541000366,-0.02233126387000084,0.6182536482810974,0.48314207792282104,-0.0010952632874250412,0.613411009311676,0.4841902256011963,-0.004149681888520718,0.6076316237449646,0.48520857095718384,-0.0064142923802137375,0.6076895594596863,0.5060806274414062,0.0014008148573338985,0.6088114976882935,0.5002908706665039,-0.004736375994980335,0.6086257100105286,0.4948776960372925,-0.00598799716681242,0.6081796884536743,0.4895787835121155,-0.005195934325456619,0.6075252890586853,0.48533910512924194,-0.004735447932034731,0.6182193160057068,0.4831811487674713,0.0002540101413615048,0.6195374727249146,0.48497286438941956,-0.00030050784698687494,0.6208980083465576,0.48745718598365784,-0.0008343536756001413,0.6218950152397156,0.4903056025505066,0.0005077661480754614,0.6256821155548096,0.47010427713394165,-0.0027413812931627035,0.6668533682823181,0.44191378355026245,0.06104118376970291,0.6218963861465454,0.4821476638317108,0.0035740260500460863,0.6232945919036865,0.48288217186927795,0.003289042739197612,0.6075316071510315,0.4599432349205017,-0.013529031537473202,0.616804838180542,0.45659151673316956,-0.00826752744615078,0.608332097530365,0.45854154229164124,-0.013822481967508793,0.6253466606140137,0.43002447485923767,-0.004808066412806511,0.6355880498886108,0.43483275175094604,-0.002556590363383293,0.6197329759597778,0.4483993947505951,-0.01183360069990158,0.6547480225563049,0.34341922402381897,-0.0002214179839938879,0.6500412821769714,0.3546477258205414,-0.006491972599178553,0.6456998586654663,0.3639295995235443,-0.011261259205639362,0.6220724582672119,0.4952250123023987,0.005167350172996521,0.6174665093421936,0.3694833517074585,-0.01909078285098076,0.6200929880142212,0.35081803798675537,-0.01881297491490841,0.62308669090271,0.3311505913734436,-0.01774917170405388,0.6432573199272156,0.4141330122947693,0.0014169624773785472,0.6566029787063599,0.4180176556110382,0.0109206922352314,0.618040144443512,0.4112964868545532,-0.0019436314469203353,0.6526108980178833,0.39629805088043213,0.003295708214864135,0.6146077513694763,0.42068007588386536,-0.009654833935201168,0.6146860718727112,0.4478110373020172,-0.022654253989458084,0.6636067032814026,0.4233720302581787,0.018165161833167076,0.6522409915924072,0.42438966035842896,0.006305722985416651,0.6445819735527039,0.42786139249801636,0.0012221932411193848,0.6334341764450073,0.4275091886520386,-0.001128063420765102,0.6251547336578369,0.4247327148914337,-0.002779491012915969,0.6188873052597046,0.4212999641895294,-0.0045573171228170395,0.6068820357322693,0.41003596782684326,-0.016804585233330727,0.6623992323875427,0.43989211320877075,0.018376881256699562,0.6573342084884644,0.3929189443588257,0.005752588622272015,0.6029449701309204,0.4577276408672333,-0.02708572894334793,0.617861270904541,0.43335625529289246,-0.009175657294690609,0.6715219020843506,0.40551528334617615,0.05176447704434395,0.6142228245735168,0.41726312041282654,-0.005902194418013096,0.6205618381500244,0.44843530654907227,-0.0060098483227193356,0.6489655375480652,0.4053213596343994,0.005436686333268881,0.6150780916213989,0.44229403138160706,-0.020964428782463074,0.6631263494491577,0.4609610140323639,0.060825273394584656,0.6183151602745056,0.40888309478759766,-0.0010662644635885954,0.6104443669319153,0.43825992941856384,-0.026738490909337997,0.6436964869499207,0.49804359674453735,0.028288815170526505,0.642130434513092,0.5059164762496948,0.04003794118762016,0.6667740345001221,0.44148731231689453,0.039470650255680084,0.6520234942436218,0.4883474111557007,0.03417002037167549,0.6676457524299622,0.39069435000419617,0.02455390803515911,0.6195060014724731,0.5229476690292358,0.01329900324344635,0.6023862361907959,0.4590891897678375,-0.01912308670580387,0.623358428478241,0.43867751955986023,-0.0065887379460036755,0.6624085903167725,0.4064570367336273,0.018313195556402206,0.6377591490745544,0.41287559270858765,-0.0013020631158724427,0.6325435042381287,0.4134778082370758,-0.002679690020158887,0.6258017420768738,0.48496130108833313,0.00460244994610548,0.660632848739624,0.4557163417339325,0.022060254588723183,0.6097588539123535,0.5318982005119324,0.01601555570960045,0.6253901124000549,0.5219833850860596,0.02626657858490944,0.6327622532844543,0.5154147148132324,0.03231825307011604,0.6274585127830505,0.41246938705444336,-0.0028947675600647926,0.622690737247467,0.41063162684440613,-0.0020938138477504253,0.6197563409805298,0.4095614552497864,-0.0009865424362942576,0.6616630554199219,0.38993626832962036,0.011300403624773026,0.6243631839752197,0.405421644449234,-0.00397190498188138,0.6297576427459717,0.4044124186038971,-0.004996024072170258,0.6345872282981873,0.40439993143081665,-0.004740279633551836,0.6392058730125427,0.40484562516212463,-0.003080337308347225,0.6423539519309998,0.405548095703125,-0.0010329190408810973,0.6716747879981995,0.38662195205688477,0.03984808176755905,0.6412509083747864,0.4112776517868042,0.0005568510969169438,0.6194788813591003,0.46694162487983704,-0.006676955614238977,0.6138239502906799,0.4536467492580414,-0.016497181728482246,0.6083258986473083,0.46611329913139343,-0.012290754355490208,0.6348820924758911,0.5076773762702942,0.02413865737617016,0.627165675163269,0.5151747465133667,0.019182465970516205,0.6101675629615784,0.5283507704734802,0.008304090239107609,0.6501182317733765,0.49508416652679443,0.04945303872227669,0.6202473044395447,0.4073660969734192,-0.0022504841908812523,0.6103247404098511,0.42313411831855774,-0.017500024288892746,0.6179932951927185,0.5278217792510986,0.0199509859085083,0.663557767868042,0.4588472247123718,0.04062613099813461,0.6133370995521545,0.48430347442626953,-0.0025664186105132103,0.6145344972610474,0.48747116327285767,-0.0031142064835876226,0.6154994964599609,0.4914712905883789,-0.003762518521398306,0.6160913705825806,0.49624621868133545,-0.002470575738698244,0.6157373189926147,0.5015542507171631,0.0026884633116424084,0.6233868598937988,0.4810774326324463,0.0020476921927183867,0.6247338652610779,0.48001226782798767,0.0020266363862901926,0.6258760690689087,0.47892725467681885,0.0017915829084813595,0.6304007172584534,0.47417137026786804,0.0021510382648557425,0.6536474227905273,0.46001431345939636,0.010642178356647491,0.6106410026550293,0.41483616828918457,-0.012897325679659843,0.6144872903823853,0.40023937821388245,-0.005518842954188585,0.6179285049438477,0.4026893079280853,-0.00333955604583025,0.6219773292541504,0.48212698101997375,0.0026869161520153284,0.6519091129302979,0.4778279662132263,0.021709533408284187,0.608816921710968,0.39907070994377136,-0.012581141665577888,0.6179149746894836,0.5088887214660645,0.0061419205740094185,0.6062574982643127,0.4191836416721344,-0.021808376535773277,0.6140121221542358,0.4354230463504791,-0.016523536294698715,0.6089270114898682,0.5139696598052979,0.0032163080759346485,0.6309499740600586,0.4925073981285095,0.010876107960939407,0.6256913542747498,0.45433509349823,-0.0036825169809162617,0.6247678995132446,0.5016250610351562,0.00898219645023346,0.6409550905227661,0.4536617398262024,-0.0014495867071673274,0.631862461566925,0.46170490980148315,-0.0013214921345934272,0.6454280614852905,0.46540364623069763,0.004535486921668053,0.6100828051567078,0.5223897695541382,0.004506096243858337,0.6173563003540039,0.43934324383735657,-0.012039451859891415,0.634514331817627,0.4991498291492462,0.016723934561014175,0.6267721056938171,0.5079973936080933,0.013834482058882713,0.6366790533065796,0.4826142489910126,0.00987284630537033,0.6579110622406006,0.46873989701271057,0.025722263380885124,0.6434457898139954,0.4852558970451355,0.01534463930875063,0.6590833067893982,0.47449225187301636,0.04019756242632866,0.636641800403595,0.4699176251888275,0.0027094753459095955,0.6139281392097473,0.4282103180885315,-0.01298199687153101,0.6128583550453186,0.45166850090026855,-0.02365189418196678,0.6163175702095032,0.4527300000190735,-0.017132770270109177,0.6103581786155701,0.4466650187969208,-0.027776261791586876,0.6201158761978149,0.3908902108669281,-0.007989292964339256,0.6303513646125793,0.3844057321548462,-0.00898350402712822,0.6389176845550537,0.38307613134384155,-0.008294674567878246,0.6458706259727478,0.38479742407798767,-0.0055379727855324745,0.650661051273346,0.38896965980529785,-0.001678041066043079,0.6527804136276245,0.40542635321617126,0.00811335351318121,0.668846845626831,0.42446234822273254,0.03631580248475075,0.6473261713981628,0.4180198013782501,0.00443271454423666,0.6410731673240662,0.4206998944282532,0.0013363768812268972,0.6331637501716614,0.4214203953742981,-0.0009048752835951746,0.6256710290908813,0.41980239748954773,-0.0025321191642433405,0.6197695732116699,0.41700032353401184,-0.0026025560218840837,0.6158449053764343,0.41427725553512573,-0.0033727060072124004,0.6694788336753845,0.4235408902168274,0.058246858417987823,0.6162357330322266,0.45417532324790955,-0.014071526005864143,0.6100401282310486,0.4305298328399658,-0.02137865126132965,0.6087450385093689,0.45262017846107483,-0.027773352339863777,0.6058340072631836,0.4562971293926239,-0.024905405938625336,0.6088611483573914,0.45374852418899536,-0.024910826236009598,0.6149182319641113,0.4561314284801483,-0.011697940528392792,0.6047313809394836,0.4571523070335388,-0.026317903771996498,0.604133129119873,0.458493709564209,-0.019310973584651947,0.6160987019538879,0.4085405468940735,-0.0017233786638826132,0.612962007522583,0.4096258580684662,-0.00472956383600831,0.6108287572860718,0.4108639061450958,-0.008117987774312496,0.6443767547607422,0.40615788102149963,0.001231919159181416,0.6492247581481934,0.39872631430625916,0.0015314471675083041,0.5722025632858276,0.40756741166114807,0.00014758543693460524,0.5783290266990662,0.4080196022987366,0.00014758543693460524,0.5725229978561401,0.400019109249115,0.00014758543693460524,0.5659856200218201,0.40704408288002014,0.00014758543693460524,0.5718567967414856,0.4149014353752136,0.00014758543693460524,0.6325889825820923,0.40881073474884033,-0.0014434950426220894,0.6385278701782227,0.4088207483291626,-0.0014434950426220894,0.6326329112052917,0.40166398882865906,-0.0014434950426220894,0.6267475485801697,0.40877246856689453,-0.0014434950426220894,0.6325848698616028,0.4158196747303009,-0.0014434950426220894
4966.666666666666,0.6015300750732422,0.47557783126831055,-0.012919667176902294,0.6006492376327515,0.4536765515804291,-0.030590109527111053,0.6006624102592468,0.4601832628250122,-0.015010775998234749,0.5965927839279175,0.42639395594596863,-0.025168098509311676,0.6008051633834839,0.4453991949558258,-0.03321672976016998,0.6010922193527222,0.4343617856502533,-0.031804151833057404,0.6019377708435059,0.4074181020259857,-0.018859054893255234,0.5604474544525146,0.40606021881103516,0.004209404345601797,0.6026394963264465,0.383163183927536,-0.01673566736280918,0.6029505729675293,0.37092503905296326,-0.01917300559580326,0.6042312979698181,0.32946914434432983,-0.018289921805262566,0.6014212369918823,0.47928500175476074,-0.011917191557586193,0.6012582778930664,0.48301175236701965,-0.009918875060975552,0.6011108160018921,0.4853908121585846,-0.007108746562153101,0.6010040640830994,0.4855382442474365,-0.005497416947036982,0.6009960174560547,0.4902379512786865,-0.005957499612122774,0.600887656211853,0.4956221282482147,-0.006691277027130127,0.6007006168365479,0.5010001063346863,-0.005256513133645058,0.5997413992881775,0.5060991644859314,0.0009199830237776041,0.6006441712379456,0.45753616094589233,-0.027333712205290794,0.5956323146820068,0.4566006660461426,-0.0193302184343338,0.5383368730545044,0.36709707975387573,0.029071969911456108,0.5764443874359131,0.4143509268760681,-0.001968555385246873,0.5702452659606934,0.41467440128326416,-0.0011262645712122321,0.5645882487297058,0.41308730840682983,0.0007982697570696473,0.5578243732452393,0.4078766703605652,0.0057992576621472836,0.5819122195243835,0.41187402606010437,-0.0013311569346114993,0.5696208477020264,0.38625022768974304,-0.005263710394501686,0.5763092637062073,0.3879496455192566,-0.0055888197384774685,0.5632429718971252,0.38713645935058594,-0.002700207056477666,0.5589470863342285,0.3906424045562744,3.7246016290737316e-05,0.5524963736534119,0.4110316336154938,0.00951453484594822,0.5797806978225708,0.5152676105499268,0.009641448967158794,0.558796763420105,0.40377679467201233,0.006269640754908323,0.5360344648361206,0.4035491347312927,0.03551870211958885,0.5468020439147949,0.40338996052742004,0.015118162147700787,0.5713444948196411,0.4429190158843994,-0.0035208328627049923,0.5933343172073364,0.47326475381851196,-0.012123946100473404,0.5937439203262329,0.4822015166282654,-0.008863760158419609,0.5851982235908508,0.47512826323509216,-0.008116531185805798,0.5795958042144775,0.47697892785072327,-0.00290596392005682,0.5872467160224915,0.4814763069152832,-0.006099735386669636,0.5820752382278442,0.4810039699077606,-0.0014210279332473874,0.5736140608787537,0.48668745160102844,0.008561532013118267,0.5960916876792908,0.4532560408115387,-0.030041733756661415,0.5955572724342346,0.44521525502204895,-0.0324312299489975,0.550190806388855,0.37694334983825684,0.0018119976157322526,0.5843431353569031,0.4244392216205597,-0.00631001777946949,0.5835421681404114,0.44877564907073975,-0.015984823927283287,0.5832877159118652,0.4442823827266693,-0.014613033272325993,0.5527658462524414,0.4403895139694214,0.004753385670483112,0.5960530042648315,0.43501201272010803,-0.029901372268795967,0.563819944858551,0.36708688735961914,-0.009293202310800552,0.5557421445846558,0.36988702416419983,-0.0039979699067771435,0.5441324710845947,0.3521125614643097,0.015919210389256477,0.5897963047027588,0.37882691621780396,-0.015008470043540001,0.5820236802101135,0.39239123463630676,-0.003978895954787731,0.5690184235572815,0.47823214530944824,0.00884290412068367,0.5450087189674377,0.4775143563747406,0.059997379779815674,0.5876221656799316,0.4535629153251648,-0.013616513460874557,0.5920631289482117,0.45623236894607544,-0.013490461744368076,0.5721920728683472,0.47964611649513245,0.008377050049602985,0.5737883448600769,0.4801275432109833,0.006706837099045515,0.5529131293296814,0.36304590106010437,-0.0019314710516482592,0.5831946730613708,0.45148131251335144,-0.012444066815078259,0.5748615264892578,0.36929750442504883,-0.01321699470281601,0.5743276476860046,0.36134734749794006,-0.015207784250378609,0.5686931014060974,0.33275672793388367,-0.009503093548119068,0.5481576323509216,0.3602108955383301,0.005415646824985743,0.5717624425888062,0.34885305166244507,-0.012905326671898365,0.5471230745315552,0.37262943387031555,0.006261889822781086,0.5421485304832458,0.3723958730697632,0.01660398207604885,0.5933796167373657,0.478126585483551,-0.011077160947024822,0.5861985683441162,0.4784747362136841,-0.0072547513991594315,0.5807722210884094,0.4790055751800537,-0.002578827552497387,0.5888100862503052,0.4548405408859253,-0.012012233026325703,0.5730043053627014,0.4798961579799652,0.00752205541357398,0.5762519240379333,0.48319169878959656,0.004426554776728153,0.574655294418335,0.4803975820541382,0.0065950448624789715,0.5902115702629089,0.452171266078949,-0.02177584357559681,0.5830609202384949,0.482476145029068,-0.0003918736765626818,0.5881839990615845,0.48352429270744324,-0.0036308353301137686,0.5942413210868835,0.4846178889274597,-0.0061706798151135445,0.5917176604270935,0.5052616000175476,0.001482052612118423,0.5921834111213684,0.49975651502609253,-0.0045728073455393314,0.5926711559295654,0.4943564236164093,-0.005764937959611416,0.5933525562286377,0.4890149235725403,-0.004965723026543856,0.5941188931465149,0.4847639203071594,-0.004505947232246399,0.582906186580658,0.4824998080730438,0.0009382297866977751,0.5815819501876831,0.48429661989212036,0.0003588913823477924,0.5800943970680237,0.48680227994918823,-0.00019284815061837435,0.5789008736610413,0.48964762687683105,0.0011792050208896399,0.5755180716514587,0.4687257707118988,-0.0016931594582274556,0.5374206304550171,0.4383566379547119,0.06411176919937134,0.6006564497947693,0.45893537998199463,-0.01946302130818367,0.5790697932243347,0.4815080463886261,0.0044252024963498116,0.5776724815368652,0.48225510120391846,0.004142567981034517,0.593666672706604,0.459172785282135,-0.013270859606564045,0.5847679972648621,0.4555554986000061,-0.007672314997762442,0.5929351449012756,0.4577489495277405,-0.013551633805036545,0.5776640176773071,0.4284099042415619,-0.0036255698651075363,0.5672519207000732,0.4326461851596832,-0.0009737010695971549,0.5821729898452759,0.4472317099571228,-0.010975350625813007,0.5537076592445374,0.3402857184410095,0.0024780852254480124,0.5574643015861511,0.3517799973487854,-0.004316798876971006,0.5621141791343689,0.35925188660621643,-0.009309626184403896,0.5781338810920715,0.4939690828323364,0.005973734427243471,0.5887436270713806,0.3663105070590973,-0.01829555816948414,0.5865668058395386,0.3493802547454834,-0.017839033156633377,0.5849618911743164,0.329614520072937,-0.016499964520335197,0.5601241588592529,0.4110187888145447,0.003509186441078782,0.5458908081054688,0.4156341254711151,0.013426984660327435,0.5855823755264282,0.4093751013278961,-0.0009307680884376168,0.552858829498291,0.39287564158439636,0.005713750142604113,0.5886706709861755,0.4195907711982727,-0.008887278847396374,0.5868375897407532,0.44678544998168945,-0.021987110376358032,0.54042649269104,0.419818252325058,0.02092684805393219,0.5490931868553162,0.4212990403175354,0.008633479475975037,0.5560850501060486,0.424541175365448,0.003250247100368142,0.5673650503158569,0.42489975690841675,0.0004612672491930425,0.5761420726776123,0.42281219363212585,-0.0015302434330806136,0.5829035043716431,0.41937878727912903,-0.003589773550629616,0.5964992642402649,0.4092738926410675,-0.01636878401041031,0.5406846404075623,0.43644124269485474,0.02110246568918228,0.5483639240264893,0.38967475295066833,0.008386165834963322,0.5978853106498718,0.4571407437324524,-0.026948293671011925,0.5848113894462585,0.4321822226047516,-0.008314917795360088,0.5346815586090088,0.4017002284526825,0.05503072962164879,0.5880119204521179,0.41507476568222046,-0.005115921143442392,0.5814868807792664,0.44722649455070496,-0.00517702242359519,0.5559949278831482,0.402442067861557,0.0076842461712658405,0.5867974162101746,0.4412817656993866,-0.02027205377817154,0.5402894616127014,0.4577833116054535,0.06366182118654251,0.5861773490905762,0.40676113963127136,-4.644434739020653e-05,0.5913057923316956,0.43738844990730286,-0.02619037590920925,0.5570639967918396,0.49610626697540283,0.030081676319241524,0.5586736798286438,0.5042902231216431,0.04182806983590126,0.5367856025695801,0.438010573387146,0.042427316308021545,0.5492216944694519,0.4860621988773346,0.03638903424143791,0.5387511849403381,0.3869866132736206,0.027563387528061867,0.579663872718811,0.5217569470405579,0.0139404172077775,0.5985107421875,0.4585435092449188,-0.019049042835831642,0.5791804790496826,0.4372352361679077,-0.0055330959148705006,0.5419734716415405,0.40468889474868774,0.021109657362103462,0.5655982494354248,0.4095115661621094,0.0005203327746130526,0.5706446170806885,0.4107610285282135,-0.0010338526917621493,0.5750266313552856,0.484356164932251,0.005547961685806513,0.541776716709137,0.4524911642074585,0.02466042898595333,0.5893983244895935,0.5312225818634033,0.01614340767264366,0.5745383501052856,0.5209052562713623,0.02735043130815029,0.5676122903823853,0.5141357779502869,0.03371870145201683,0.6035342216491699,0.3503767251968384,-0.01953858695924282,0.5996339321136475,0.5328916907310486,0.014279471710324287,0.5759202241897583,0.4104306697845459,-0.0014751277631148696,0.5810275673866272,0.40885668992996216,-0.0008643412729725242,0.5843612551689148,0.4076541066169739,0.00011476867803139612,0.544526219367981,0.38747990131378174,0.014096513390541077,0.5809287428855896,0.4025818407535553,-0.0026541489642113447,0.5756354928016663,0.40134286880493164,-0.0034937120508402586,0.5707006454467773,0.4010751247406006,-0.0030191049445420504,0.5657863020896912,0.4015827775001526,-0.0011366538237780333,0.562437891960144,0.40242061018943787,0.0010079436469823122,0.535377025604248,0.38274550437927246,0.04320294037461281,0.5624606013298035,0.40773695707321167,0.0025484138168394566,0.6005909442901611,0.4656646251678467,-0.012871086597442627,0.5817936658859253,0.46582382917404175,-0.005914546549320221,0.587627112865448,0.45267218351364136,-0.015931133180856705,0.5927128791809082,0.4653507173061371,-0.011992571875452995,0.6023150682449341,0.39540112018585205,-0.01584991067647934,0.5654211044311523,0.5059918761253357,0.0255164485424757,0.5725836753845215,0.5137224793434143,0.020187385380268097,0.5885846614837646,0.5275397300720215,0.008492054417729378,0.5514144897460938,0.4930424094200134,0.05173351615667343,0.5845812559127808,0.40485548973083496,-0.001095686457119882,0.592433750629425,0.4222273826599121,-0.016941359266638756,0.5994200706481934,0.5289990305900574,0.0069440691731870174,0.5814370512962341,0.5269219279289246,0.020646918565034866,0.539140522480011,0.4556732773780823,0.04336942732334137,0.5880471467971802,0.4836457371711731,-0.0020700814202427864,0.5867749452590942,0.48683011531829834,-0.0026369807310402393,0.5856608152389526,0.4908657968044281,-0.00326373428106308,0.5848344564437866,0.49564796686172485,-0.001990219345316291,0.5839829444885254,0.5005178451538086,0.003187500638887286,0.5777854919433594,0.480498731136322,0.0029921119567006826,0.5764557123184204,0.4794364273548126,0.003061325289309025,0.5753839612007141,0.47835472226142883,0.0028930322732776403,0.5707806944847107,0.47267448902130127,0.003448997624218464,0.5482479929924011,0.45713433623313904,0.012880145572125912,0.5926997661590576,0.41388919949531555,-0.012274486944079399,0.590011715888977,0.39789849519729614,-0.004745560232549906,0.5869214534759521,0.40006953477859497,-0.002335419412702322,0.5791410207748413,0.4815335273742676,0.0035419908817857504,0.5495250225067139,0.47535625100135803,0.02384958788752556,0.5947409272193909,0.3964824378490448,-0.01207705121487379,0.5815861225128174,0.5077788233757019,0.00669675599783659,0.6013718843460083,0.42538511753082275,-0.027306901291012764,0.596497654914856,0.41844603419303894,-0.02143207937479019,0.6016300916671753,0.41698870062828064,-0.0229820366948843,0.5882799029350281,0.434370756149292,-0.015850679948925972,0.5994564890861511,0.5228054523468018,0.003071671584621072,0.5995789170265198,0.51418536901474,0.001973522827029228,0.5901581048965454,0.5131821632385254,0.0033406736329197884,0.5696101188659668,0.49092423915863037,0.012126186862587929,0.5762048959732056,0.4528842866420746,-0.002604096895083785,0.5752773284912109,0.5002793669700623,0.009886917658150196,0.5609818696975708,0.4512976408004761,0.00020101151312701404,0.5697935819625854,0.45988741517066956,-1.0358013241784647e-05,0.5561825037002563,0.46292567253112793,0.006370760966092348,0.5887523889541626,0.5215340852737427,0.004723817575722933,0.5849718451499939,0.4382585287094116,-0.01123503502458334,0.5659694671630859,0.49742621183395386,0.018096694722771645,0.5731114149093628,0.5065582394599915,0.014788882806897163,0.5642985701560974,0.48078739643096924,0.01144359540194273,0.5440724492073059,0.46587419509887695,0.028121715411543846,0.5575326681137085,0.48316895961761475,0.017109857872128487,0.5429316759109497,0.4717525243759155,0.0427522249519825,0.5648152828216553,0.46794867515563965,0.004273212049156427,0.5887903571128845,0.42716142535209656,-0.012274760752916336,0.5884903073310852,0.45070821046829224,-0.023060642182826996,0.5852076411247253,0.4516799747943878,-0.016454219818115234,0.5909661650657654,0.4457775056362152,-0.027231790125370026,0.5854145288467407,0.3878723680973053,-0.0069850594736635685,0.5757326483726501,0.38060712814331055,-0.007619823329150677,0.5672181844711304,0.37872207164764404,-0.006569817662239075,0.5601800680160522,0.380338579416275,-0.0034746252931654453,0.5552212595939636,0.38479939103126526,0.0005995174869894981,0.5519154071807861,0.40272533893585205,0.01048653107136488,0.5356372594833374,0.42076754570007324,0.03936799615621567,0.5551900267601013,0.4149521589279175,0.0066055902279913425,0.5607907176017761,0.4176618754863739,0.003242717357352376,0.5686129927635193,0.41910913586616516,0.00069078104570508,0.5764428973197937,0.4181745946407318,-0.001236730837263167,0.5827723145484924,0.4154345691204071,-0.0015905196778476238,0.5870885252952576,0.4125461280345917,-0.0025209723971784115,0.5358083248138428,0.4198189973831177,0.06148402392864227,0.585267961025238,0.4531804323196411,-0.013414866290986538,0.5921971201896667,0.42965036630630493,-0.020813893526792526,0.5923314094543457,0.4517907202243805,-0.02739284560084343,0.5952106714248657,0.4555612802505493,-0.024702642112970352,0.5923210382461548,0.45289346575737,-0.02452937886118889,0.5865554809570312,0.45519784092903137,-0.011155043728649616,0.5961832404136658,0.4564802646636963,-0.026156289502978325,0.5968369841575623,0.45789721608161926,-0.019167903810739517,0.588080644607544,0.4063774049282074,-0.0008500239928252995,0.5905497074127197,0.4076417088508606,-0.0040316348895430565,0.591952383518219,0.4084419906139374,-0.007498620077967644,0.5603912472724915,0.40308254957199097,0.003344424767419696,0.5561135411262512,0.39527571201324463,0.00377836381085217,0.6061286330223083,0.4266165792942047,-0.025425957515835762,0.6440850496292114,0.40912729501724243,0.0023851909209042788,0.6058821678161621,0.4568324089050293,-0.019525030627846718,0.6697374582290649,0.37061452865600586,0.026180246844887733,0.6265588998794556,0.41564247012138367,-0.003144193207845092,0.6326547265052795,0.41664251685142517,-0.00252625928260386,0.638482391834259,0.415742427110672,-0.0008438721997663379,0.6465622782707214,0.41036322712898254,0.0038489610888063908,0.6214351654052734,0.4130517542362213,-0.00225728377699852,0.6366628408432007,0.389751672744751,-0.006765515077859163,0.6299924850463867,0.3910180330276489,-0.006787195801734924,0.6429464817047119,0.39085447788238525,-0.004415370523929596,0.6470036506652832,0.3942323923110962,-0.0018288821447640657,0.6509640216827393,0.41353943943977356,0.007487413473427296,0.6197000741958618,0.5162189602851868,0.008773941546678543,0.646343469619751,0.406475692987442,0.0043670376762747765,0.6698454022407532,0.40706801414489746,0.03280620649456978,0.6579035520553589,0.40535613894462585,0.012846223078668118,0.6312990188598633,0.44445741176605225,-0.004759201314300299,0.6096664071083069,0.4734748303890228,-0.012481787241995335,0.6086117625236511,0.48241543769836426,-0.009215956553816795,0.6173644065856934,0.47542205452919006,-0.008849822916090488,0.6223482489585876,0.4773251712322235,-0.00387898669578135,0.6148135662078857,0.4818218946456909,-0.006782623007893562,0.6196117997169495,0.48137804865837097,-0.0022703357972204685,0.6273107528686523,0.4878104627132416,0.007339175324887037,0.6052712798118591,0.45347514748573303,-0.03019164502620697,0.6060388088226318,0.44543084502220154,-0.03263160213828087,0.6567221879959106,0.3807501494884491,-0.0003820359706878662,0.6191691756248474,0.42530557513237,-0.00709495460614562,0.6184853911399841,0.4494907259941101,-0.01672779768705368,0.6189860701560974,0.4450099468231201,-0.01539975218474865,0.6500763297080994,0.4429834187030792,0.002791117411106825,0.6061333417892456,0.4351961314678192,-0.0301540344953537,0.6435246467590332,0.37141457200050354,-0.01075446605682373,0.6514450311660767,0.3742195963859558,-0.0058839148841798306,0.6644489765167236,0.3553518056869507,0.01328902505338192,0.6158462762832642,0.38103339076042175,-0.015458181500434875,0.623927116394043,0.3950016498565674,-0.004948042333126068,0.6323435306549072,0.4795132577419281,0.007428743876516819,0.6576554179191589,0.48010262846946716,0.057376373559236526,0.6142056584358215,0.45411986112594604,-0.014200607314705849,0.6096460819244385,0.45659339427948,-0.013776527717709541,0.6288824081420898,0.48006054759025574,0.007141584996134043,0.6272837519645691,0.4804995357990265,0.0056144422851502895,0.6553691029548645,0.3672075867652893,-0.003938198089599609,0.6187822222709656,0.45220857858657837,-0.013166781514883041,0.6321691274642944,0.3729173541069031,-0.01422295905649662,0.6333309412002563,0.3651764392852783,-0.01623995415866375,0.6399735808372498,0.334696888923645,-0.011047933250665665,0.6596699953079224,0.36314553022384644,0.0032543065026402473,0.6356663703918457,0.3505716621875763,-0.014069456607103348,0.6606094837188721,0.3758823871612549,0.003939561080187559,0.6653327345848083,0.37570276856422424,0.01411430910229683,0.6093289256095886,0.4783652126789093,-0.011449365876615047,0.6161260604858398,0.47883471846580505,-0.007978049106895924,0.6210719347000122,0.4793553054332733,-0.0035058383364230394,0.6129332780838013,0.45533138513565063,-0.012447119690477848,0.6280684471130371,0.48028960824012756,0.006372314877808094,0.6248731017112732,0.48358601331710815,0.003435655264183879,0.6264128684997559,0.48074597120285034,0.005543012637645006,0.6115002632141113,0.45263418555259705,-0.022276366129517555,0.6184766292572021,0.48281604051589966,-0.001190147828310728,0.6136651635169983,0.4838177263736725,-0.004250133875757456,0.6079018115997314,0.48480942845344543,-0.006530797109007835,0.6078935861587524,0.5056909918785095,0.0011523114517331123,0.6091263890266418,0.49999967217445374,-0.004938750993460417,0.6089272499084473,0.4945678114891052,-0.006165627855807543,0.6084645390510559,0.48922377824783325,-0.005356817040592432,0.6077924370765686,0.484948992729187,-0.004879216197878122,0.6184384822845459,0.48286446928977966,0.0001375707215629518,0.6197859644889832,0.4846905469894409,-0.0004324799228925258,0.6211707592010498,0.4872051477432251,-0.00098018953576684,0.622189462184906,0.49007177352905273,0.00035292122629471123,0.6259542107582092,0.4698197841644287,-0.0027694832533597946,0.6671360731124878,0.4418077766895294,0.061196718364953995,0.6220912933349609,0.481886088848114,0.0034669821616262197,0.6235116720199585,0.48265111446380615,0.0031714309006929398,0.6079113483428955,0.459538072347641,-0.01354836206883192,0.6171129941940308,0.45623502135276794,-0.008256001397967339,0.6087080836296082,0.4581368863582611,-0.013827310875058174,0.6256987452507019,0.42964962124824524,-0.004672197625041008,0.6359198689460754,0.4345032870769501,-0.0024137257132679224,0.6200631856918335,0.44803789258003235,-0.011770264245569706,0.65507572889328,0.343026340007782,0.0003015770926140249,0.6503711342811584,0.35426202416419983,-0.00605512410402298,0.6461435556411743,0.36355966329574585,-0.01088336855173111,0.6222624182701111,0.49493736028671265,0.005000169388949871,0.6179562211036682,0.36894533038139343,-0.018786117434501648,0.6205804347991943,0.3503095507621765,-0.018418097868561745,0.6235933899879456,0.33065468072891235,-0.01727147586643696,0.6435139179229736,0.4138290286064148,0.0016689869808033109,0.65681391954422,0.41766974329948425,0.01116962917149067,0.6182448863983154,0.4108002185821533,-0.0017514610663056374,0.6529245376586914,0.3959107995033264,0.0036014048382639885,0.615008533000946,0.4202362895011902,-0.00951002724468708,0.6150863170623779,0.44739410281181335,-0.022581569850444794,0.6639208197593689,0.4231337606906891,0.018404239788651466,0.6523642539978027,0.4240971505641937,0.006529052276164293,0.6446565389633179,0.4275769591331482,0.0014176522381603718,0.6335310935974121,0.4271481931209564,-0.0009550269460305572,0.6252980828285217,0.42430925369262695,-0.0026195731479674578,0.6190769076347351,0.42084580659866333,-0.00439899368211627,0.6073571443557739,0.4095243215560913,-0.016635926440358162,0.6627066731452942,0.4396900534629822,0.018558768555521965,0.6576634049415588,0.3925202190876007,0.006083263084292412,0.6034092307090759,0.45726194977760315,-0.027069929987192154,0.6182308793067932,0.4329572021961212,-0.009065280668437481,0.6718199253082275,0.40530478954315186,0.052084121853113174,0.6144466996192932,0.4168075621128082,-0.005737709812819958,0.6208804249763489,0.4480871558189392,-0.005956443026661873,0.6492922902107239,0.40493208169937134,0.005713178310543299,0.6154746413230896,0.44187700748443604,-0.02087808959186077,0.6633828282356262,0.460910826921463,0.06089150905609131,0.6185491681098938,0.40840739011764526,-0.0008626871858723462,0.6109012961387634,0.4377961754798889,-0.026647528633475304,0.6438524723052979,0.49791815876960754,0.02815495990216732,0.6422532200813293,0.5058311820030212,0.039873961359262466,0.6670894622802734,0.44133830070495605,0.03963695093989372,0.6522233486175537,0.4882535934448242,0.03410041704773903,0.6679638624191284,0.39041832089424133,0.024918021634221077,0.6196369528770447,0.5226849317550659,0.012995859608054161,0.6028285622596741,0.4586349427700043,-0.0191325880587101,0.623698353767395,0.43831539154052734,-0.006489789579063654,0.6627669930458069,0.40600574016571045,0.0186101533472538,0.6380122900009155,0.41260799765586853,-0.001055389060638845,0.6327641606330872,0.41317394375801086,-0.002446593251079321,0.6260533928871155,0.48476675152778625,0.004481695592403412,0.6609188914299011,0.45555731654167175,0.02216702699661255,0.6098757982254028,0.5316240191459656,0.015627311542630196,0.6254792809486389,0.5217934250831604,0.025991076603531837,0.6328552961349487,0.5152773261070251,0.032095350325107574,0.6276736855506897,0.41210296750068665,-0.002673707203939557,0.6229038834571838,0.41019803285598755,-0.00188348104711622,0.6199793815612793,0.40908971428871155,-0.0007806560606695712,0.6620486378669739,0.38949960470199585,0.011644983664155006,0.6246288418769836,0.40505215525627136,-0.003733859397470951,0.6300447583198547,0.40411242842674255,-0.004735064692795277,0.6348860263824463,0.40414339303970337,-0.004465472884476185,0.6395149827003479,0.40458622574806213,-0.0027972930110991,0.6426712870597839,0.40526580810546875,-0.0007512837182730436,0.6719727516174316,0.38635486364364624,0.04025455564260483,0.6415457725524902,0.4110085070133209,0.0008146552718244493,0.619778573513031,0.4666231870651245,-0.006700796075165272,0.6141824722290039,0.45325157046318054,-0.016449714079499245,0.6086821556091309,0.4657461941242218,-0.012336223386228085,0.6350110173225403,0.5075168609619141,0.023938361555337906,0.6272885203361511,0.5149604678153992,0.018927862867712975,0.6103132963180542,0.5280538201332092,0.007950625382363796,0.65028315782547,0.49503880739212036,0.049357324838638306,0.620492696762085,0.40693220496177673,-0.002030536299571395,0.6107718348503113,0.4226630926132202,-0.017365802079439163,0.6180936098098755,0.5275803804397583,0.019621912389993668,0.6638480424880981,0.4587429165840149,0.040711600333452225,0.6135877370834351,0.4839402139186859,-0.0026935115456581116,0.6148097515106201,0.48714980483055115,-0.0032572755590081215,0.6158011555671692,0.49118703603744507,-0.003922851290553808,0.6164155006408691,0.49598878622055054,-0.0026476930361241102,0.6159301400184631,0.5012133121490479,0.002483994234353304,0.6235882043838501,0.48083779215812683,0.001964212628081441,0.6249536275863647,0.47979408502578735,0.001952136866748333,0.6261109113693237,0.47871968150138855,0.0017262424807995558,0.6306420564651489,0.4739145040512085,0.002116382820531726,0.6539239287376404,0.4598219096660614,0.010723569430410862,0.6110796332359314,0.41435617208480835,-0.012739970348775387,0.6147943139076233,0.3997139036655426,-0.005303424783051014,0.6181933879852295,0.4021604061126709,-0.003114701248705387,0.6221715211868286,0.4818618893623352,0.0025927952956408262,0.6521303653717041,0.47768670320510864,0.02169528603553772,0.6091675758361816,0.39854079484939575,-0.012375340797007084,0.6180897355079651,0.5086027979850769,0.005903860554099083,0.6067447662353516,0.4186776876449585,-0.021666590124368668,0.6144134402275085,0.4349968731403351,-0.016420381143689156,0.6091154217720032,0.5136305689811707,0.0029226094484329224,0.6311260461807251,0.4923021197319031,0.010743856430053711,0.6259923577308655,0.4540231227874756,-0.0036377485375851393,0.6249359846115112,0.501388669013977,0.008790291845798492,0.6412502527236938,0.45339077711105347,-0.0013735552784055471,0.6321477890014648,0.46143096685409546,-0.001293508568778634,0.6456918120384216,0.46518653631210327,0.004572112578898668,0.6102524399757385,0.5220834016799927,0.004181788768619299,0.6177188754081726,0.4389517307281494,-0.011949821375310421,0.6346672773361206,0.49897056818008423,0.016567345708608627,0.6269211769104004,0.5077733993530273,0.013611340895295143,0.636879563331604,0.4824143350124359,0.009807667694985867,0.6581620573997498,0.46861183643341064,0.025759175419807434,0.6436390280723572,0.4850879907608032,0.015282079577445984,0.6593323349952698,0.4744110405445099,0.04020525887608528,0.636893630027771,0.4696841537952423,0.002714253729209304,0.614334762096405,0.4277757704257965,-0.01285932119935751,0.6132647395133972,0.451246052980423,-0.023587912321090698,0.6166681051254272,0.452344685792923,-0.017082083970308304,0.610814094543457,0.4462067186832428,-0.027704160660505295,0.6204613447189331,0.39033666253089905,-0.0077392663806676865,0.6307197213172913,0.3838766813278198,-0.008699396625161171,0.6392832398414612,0.382601797580719,-0.007992536760866642,0.6462182998657227,0.3843843340873718,-0.005222648847848177,0.650985836982727,0.3885916769504547,-0.0013607068685814738,0.6530762910842896,0.40501537919044495,0.00839559268206358,0.6691659688949585,0.42426797747612,0.03655480965971947,0.6475117206573486,0.41769370436668396,0.004668551962822676,0.6412251591682434,0.42037954926490784,0.0015532220713794231,0.6333158016204834,0.42105233669281006,-0.0007082170341163874,0.6258420348167419,0.41937583684921265,-0.002352988114580512,0.6199697852134705,0.4165245294570923,-0.0024267127737402916,0.6160743236541748,0.41378897428512573,-0.0031998076010495424,0.6697691679000854,0.42338162660598755,0.05849157273769379,0.6165689826011658,0.453801691532135,-0.01403108611702919,0.6104968786239624,0.43006208539009094,-0.02126680128276348,0.6091974377632141,0.45216283202171326,-0.02772480435669422,0.6062748432159424,0.4558449983596802,-0.024884438142180443,0.6092914342880249,0.4533059298992157,-0.024867400527000427,0.6152428388595581,0.45575934648513794,-0.011677023023366928,0.6051852107048035,0.456693559885025,-0.0263002160936594,0.6045649647712708,0.45804914832115173,-0.01931229792535305,0.6163240075111389,0.4080291986465454,-0.0015278427163138986,0.6132243275642395,0.40913134813308716,-0.0045451936312019825,0.6111001968383789,0.41040000319480896,-0.007943146862089634,0.6447067260742188,0.40584737062454224,0.0015107496874406934,0.6495363116264343,0.3983352482318878,0.0018204685766249895,0.5726839303970337,0.40654486417770386,0.00019974104361608624,0.5788024067878723,0.4069966673851013,0.00019974104361608624,0.5730142593383789,0.39906755089759827,0.00019974104361608624,0.566484808921814,0.4060259759426117,0.00019974104361608624,0.5723330974578857,0.41382139921188354,0.00019974104361608624,0.6329359412193298,0.4085387587547302,-0.001196149387396872,0.6388744115829468,0.40856507420539856,-0.001196149387396872,0.6329699754714966,0.4013691842556,-0.001196149387396872,0.6270880699157715,0.40847423672676086,-0.001196149387396872,0.6329367756843567,0.41555944085121155,-0.001196149387396872
4999.999999999999,0.6016124486923218,0.4756090044975281,-0.012848860584199429,0.6005468964576721,0.4535612165927887,-0.030648207291960716,0.6005740761756897,0.4600748121738434,-0.015013569965958595,0.5965027809143066,0.42618390917778015,-0.025260284543037415,0.600699245929718,0.44525066018104553,-0.033294957131147385,0.6009929180145264,0.43417397141456604,-0.03190264478325844,0.6018690466880798,0.40716806054115295,-0.018987083807587624,0.5602636337280273,0.406255304813385,0.004182897042483091,0.6025857329368591,0.3829304575920105,-0.016894901171326637,0.6028989553451538,0.3706859052181244,-0.0193586815148592,0.6041720509529114,0.3292163610458374,-0.01855509541928768,0.6014978885650635,0.4792139530181885,-0.011833210475742817,0.6013181805610657,0.4828135371208191,-0.009828628972172737,0.6011530160903931,0.4851011037826538,-0.00702096289023757,0.6010695099830627,0.4857325553894043,-0.00540678296238184,0.6010615825653076,0.49036550521850586,-0.005875874776393175,0.6009436249732971,0.4956866502761841,-0.006613519508391619,0.6007377505302429,0.5010087490081787,-0.005183282308280468,0.5997135043144226,0.5060086846351624,0.0009971823310479522,0.6005485653877258,0.45743200182914734,-0.027377473190426826,0.5955277681350708,0.4564862847328186,-0.01934741623699665,0.5384246110916138,0.36692142486572266,0.029024401679635048,0.5762295126914978,0.41470253467559814,-0.002004818059504032,0.5700070858001709,0.4149762690067291,-0.0011520404368638992,0.5643694996833801,0.41330790519714355,0.0007807042566128075,0.557741641998291,0.4080459475517273,0.0057885367423295975,0.581722617149353,0.412203848361969,-0.0013790393713861704,0.5695268511772156,0.38642561435699463,-0.005339472088962793,0.5762225985527039,0.38813409209251404,-0.005669821985065937,0.5631476044654846,0.38729289174079895,-0.002761632204055786,0.5588621497154236,0.39079156517982483,-8.365149369637948e-06,0.5524697303771973,0.41113606095314026,0.009521925821900368,0.5797505378723145,0.5152111649513245,0.009828044101595879,0.5586726069450378,0.40391796827316284,0.006244907155632973,0.5360548496246338,0.4033765196800232,0.035584479570388794,0.5468908548355103,0.4035649597644806,0.015129758045077324,0.5712670683860779,0.4427013695240021,-0.0034882742911577225,0.593410313129425,0.47334471344947815,-0.01204755064100027,0.5937581658363342,0.4820072650909424,-0.008759504184126854,0.5852424502372742,0.4751877784729004,-0.008006499148905277,0.5795767307281494,0.47698161005973816,-0.0027538486756384373,0.5872150659561157,0.4813149869441986,-0.005969494581222534,0.5819942951202393,0.48087015748023987,-0.0012571500847116113,0.5734833478927612,0.4864235520362854,0.008775432594120502,0.5959768891334534,0.45313870906829834,-0.03009309433400631,0.5954464673995972,0.4450601041316986,-0.03250203654170036,0.5501776337623596,0.3773147165775299,0.001749096205458045,0.5842872262001038,0.4242136776447296,-0.00633675791323185,0.5834205746650696,0.44858890771865845,-0.01598885841667652,0.5831769108772278,0.4440810978412628,-0.014619795605540276,0.5527074933052063,0.44014495611190796,0.004826057702302933,0.5959480404853821,0.43482330441474915,-0.029987165704369545,0.5637374520301819,0.36730003356933594,-0.009415101259946823,0.5556899309158325,0.37020036578178406,-0.004096460994333029,0.544215738773346,0.3519320785999298,0.01581762172281742,0.5897578001022339,0.37885186076164246,-0.015156428329646587,0.5819410681724548,0.3925967812538147,-0.004056008066982031,0.5688596963882446,0.4779265522956848,0.009048116393387318,0.5450661182403564,0.47736698389053345,0.06026916950941086,0.5874990820884705,0.45339858531951904,-0.013615159317851067,0.5919548869132996,0.45608869194984436,-0.013489644043147564,0.5720503926277161,0.47956204414367676,0.008597210049629211,0.5736488103866577,0.48005127906799316,0.006923427805304527,0.5528973937034607,0.3634929656982422,-0.0020308594685047865,0.5830743908882141,0.45128536224365234,-0.012433985248208046,0.5747736692428589,0.369388610124588,-0.01335399504750967,0.574255108833313,0.3614944517612457,-0.015361281111836433,0.5687019228935242,0.33253100514411926,-0.009695499204099178,0.5482119917869568,0.3600638806819916,0.005321578588336706,0.5717707872390747,0.3486487567424774,-0.013077830895781517,0.5471581220626831,0.3731101453304291,0.00619829585775733,0.5422033071517944,0.37224507331848145,0.016554981470108032,0.5934311747550964,0.47806838154792786,-0.010984799824655056,0.5862056016921997,0.4784163236618042,-0.007131063845008612,0.5807232856750488,0.47893786430358887,-0.002419006545096636,0.5886920690536499,0.4546758830547333,-0.012008040212094784,0.5728631615638733,0.47981420159339905,0.007740109693259001,0.576124906539917,0.48316046595573425,0.004632303491234779,0.5745108127593994,0.4803239703178406,0.0068095349706709385,0.5900911688804626,0.4520350694656372,-0.021801048889756203,0.5829565525054932,0.4822964668273926,-0.00022997151245363057,0.5881238579750061,0.48329129815101624,-0.0034996853210031986,0.5942263007164001,0.4843371510505676,-0.006065794732421637,0.5916685461997986,0.5051558017730713,0.0015777916414663196,0.5921460390090942,0.4997560977935791,-0.00448004063218832,0.592655599117279,0.49441203474998474,-0.005669663194566965,0.5933486819267273,0.489130437374115,-0.004866347648203373,0.5941166877746582,0.48494136333465576,-0.004399174824357033,0.5828074812889099,0.4825942814350128,0.001102462993003428,0.5814826488494873,0.4843440055847168,0.0005193658289499581,0.5799911022186279,0.48680561780929565,-2.813739047269337e-05,0.5787932872772217,0.4896082580089569,0.0013537730555981398,0.57537442445755,0.4684973955154419,-0.0015552641125395894,0.5374614000320435,0.4382106065750122,0.0642913430929184,0.6005668044090271,0.45882946252822876,-0.01948135532438755,0.5789422988891602,0.4815412759780884,0.0046237194910645485,0.5775474905967712,0.48225119709968567,0.004342331551015377,0.5935636758804321,0.459043025970459,-0.013261020183563232,0.5846557021141052,0.4553590416908264,-0.007646485231816769,0.5928298234939575,0.4576132297515869,-0.013547993265092373,0.5776078701019287,0.42817971110343933,-0.003628798760473728,0.5671948194503784,0.43241047859191895,-0.0009554322459734976,0.5820607542991638,0.44702470302581787,-0.010964995250105858,0.5537633299827576,0.3400897681713104,0.002329887356609106,0.557505190372467,0.35162249207496643,-0.004451813641935587,0.5620609521865845,0.35954591631889343,-0.009438103064894676,0.5780352354049683,0.4937661290168762,0.006166627164930105,0.5887129902839661,0.3663637638092041,-0.01846947707235813,0.5865417122840881,0.34913772344589233,-0.01804136112332344,0.5849312543869019,0.3293677866458893,-0.016731752082705498,0.5599697828292847,0.4112131595611572,0.0034984995145350695,0.5459139347076416,0.41565442085266113,0.013464146293699741,0.5854218006134033,0.4096681475639343,-0.0009857239201664925,0.5528411865234375,0.39308619499206543,0.005684820935130119,0.5886138677597046,0.41936349868774414,-0.008937289007008076,0.5867237448692322,0.4466189742088318,-0.022016683593392372,0.5404235124588013,0.4196018874645233,0.02100231684744358,0.5490078926086426,0.4212562143802643,0.008677484467625618,0.5559244155883789,0.4244348108768463,0.0032818843610584736,0.5671716928482056,0.4248619079589844,0.0004674156953115016,0.575969398021698,0.42286550998687744,-0.0015444381861016154,0.582776665687561,0.419432669878006,-0.0036229423712939024,0.5964312553405762,0.4090261459350586,-0.016479160636663437,0.5406700372695923,0.4362068176269531,0.021220313385128975,0.54840487241745,0.3899441063404083,0.008363346569240093,0.597783625125885,0.4570346772670746,-0.02698574587702751,0.5847398638725281,0.43196913599967957,-0.008327859453856945,0.5347301363945007,0.4015442430973053,0.05509936809539795,0.5879154801368713,0.4151073396205902,-0.005170095711946487,0.5813803672790527,0.4470129907131195,-0.005150642246007919,0.5559524297714233,0.4026155471801758,0.007664721924811602,0.586691677570343,0.44109344482421875,-0.020307324826717377,0.5403417944908142,0.45764002203941345,0.06388527899980545,0.5860564112663269,0.40706539154052734,-0.00010890250996453688,0.5912030339241028,0.43719998002052307,-0.026255285367369652,0.5570539832115173,0.49594882130622864,0.030341386795043945,0.5587309002876282,0.5041605830192566,0.0421234630048275,0.5368004441261292,0.4378213882446289,0.042591821402311325,0.5492174625396729,0.48588865995407104,0.03664872422814369,0.5387905240058899,0.3868200182914734,0.027568815276026726,0.5796645879745483,0.5217264294624329,0.01415350753813982,0.5984147191047668,0.45843708515167236,-0.019064366817474365,0.5791032910346985,0.43702036142349243,-0.0055229137651622295,0.5421102643013,0.4048907160758972,0.021140288561582565,0.5653261542320251,0.4098357856273651,0.0004889186238870025,0.570363461971283,0.41115450859069824,-0.001071842503733933,0.5749014616012573,0.4842967987060547,0.0057610515505075455,0.5417520403862,0.4522720277309418,0.02482694201171398,0.5894412994384766,0.5312221050262451,0.016362149268388748,0.5745832324028015,0.5208545923233032,0.027613749727606773,0.567660391330719,0.5140477418899536,0.03400037810206413,0.6034776568412781,0.35012850165367126,-0.01976621523499489,0.5996816158294678,0.5329082012176514,0.014479096978902817,0.5756768584251404,0.41085273027420044,-0.0015231011202558875,0.5808193683624268,0.40926873683929443,-0.0009193241130560637,0.5841913223266602,0.40801894664764404,5.502089697984047e-05,0.5446305274963379,0.3878633677959442,0.014078529551625252,0.5807904005050659,0.4027288258075714,-0.0027247057296335697,0.5754865407943726,0.40136685967445374,-0.0035680271685123444,0.5705502033233643,0.40101227164268494,-0.0030865552835166454,0.5656355619430542,0.40150657296180725,-0.0011932419147342443,0.5622934103012085,0.40239793062210083,0.000961737590841949,0.5354520678520203,0.38257306814193726,0.04320864379405975,0.5622273683547974,0.4079900085926056,0.002520747948437929,0.6005014777183533,0.46556735038757324,-0.012850416824221611,0.5816717147827148,0.4656345844268799,-0.005827148444950581,0.5875024795532227,0.45251551270484924,-0.015941062942147255,0.5926045775413513,0.46522951126098633,-0.011956519447267056,0.6022573709487915,0.39515477418899536,-0.01598941721022129,0.5654144287109375,0.5058767199516296,0.025775717571377754,0.572584331035614,0.5136484503746033,0.020427431911230087,0.5885919332504272,0.5275301933288574,0.00867790263146162,0.5514764785766602,0.49289223551750183,0.0520230196416378,0.5844549536705017,0.4050943851470947,-0.0011612970847636461,0.5923607349395752,0.4220083951950073,-0.017014605924487114,0.5994381904602051,0.5290058851242065,0.007113271858543158,0.5814790725708008,0.5269023776054382,0.02088780887424946,0.5391582250595093,0.4554915130138397,0.04357672855257988,0.5879927277565002,0.483792781829834,-0.0019362380262464285,0.5867146849632263,0.48691892623901367,-0.0025078305043280125,0.585589587688446,0.4909031391143799,-0.003132399870082736,0.584750235080719,0.4956279397010803,-0.0018513823160901666,0.5839089155197144,0.5003671646118164,0.0033402780536562204,0.5776571035385132,0.4803970456123352,0.0031863893382251263,0.5763500928878784,0.47935861349105835,0.0032571330666542053,0.5752995610237122,0.478308767080307,0.0030867441091686487,0.5706163644790649,0.4723963141441345,0.003628483274951577,0.5481793880462646,0.4569072723388672,0.013019798323512077,0.5926383137702942,0.4136539399623871,-0.012356635183095932,0.5899595022201538,0.39805835485458374,-0.004828889854252338,0.5868360996246338,0.4003077447414398,-0.0024088998325169086,0.5789871215820312,0.4814082980155945,0.003735701087862253,0.5494691729545593,0.475154846906662,0.024058178067207336,0.5947074890136719,0.3965366780757904,-0.012189769186079502,0.5815384387969971,0.507673978805542,0.006861407309770584,0.6012832522392273,0.42517346143722534,-0.02741526998579502,0.5964191555976868,0.41821712255477905,-0.021536894142627716,0.6015514135360718,0.4167573153972626,-0.02310182899236679,0.5881963968276978,0.43416932225227356,-0.015891022980213165,0.599456250667572,0.5227924585342407,0.003209182061254978,0.5995641350746155,0.5141334533691406,0.0020779534243047237,0.5901227593421936,0.5131148099899292,0.0034642405807971954,0.5695258975028992,0.49071553349494934,0.01234225183725357,0.5760979056358337,0.4526703953742981,-0.0025487742386758327,0.5752170085906982,0.500127375125885,0.010087047703564167,0.5608910322189331,0.451071172952652,0.0002720218326430768,0.5696771144866943,0.4596635401248932,9.332133777206764e-05,0.5560817718505859,0.46269679069519043,0.006499950308352709,0.5887318849563599,0.5215051174163818,0.004877923056483269,0.5848829746246338,0.4380529820919037,-0.011248606257140636,0.5659246444702148,0.4972687065601349,0.018330596387386322,0.573078453540802,0.5064511299133301,0.015006902627646923,0.5641882419586182,0.4805355966091156,0.011645842343568802,0.5440431833267212,0.46566998958587646,0.02832501381635666,0.5574643611907959,0.4829588532447815,0.01732179895043373,0.5429449677467346,0.4715784788131714,0.04299861192703247,0.5646766424179077,0.46769091486930847,0.004420064855366945,0.5887192487716675,0.42694777250289917,-0.012316287495195866,0.5883687138557434,0.4505635201931,-0.023090830072760582,0.5850825905799866,0.45150935649871826,-0.016458474099636078,0.5908510684967041,0.4456225633621216,-0.027283402159810066,0.5853572487831116,0.388020783662796,-0.007076157256960869,0.5756551027297974,0.3807540535926819,-0.007716754451394081,0.5671373605728149,0.3788916766643524,-0.006663457024842501,0.5601089596748352,0.3805254101753235,-0.0035473164170980453,0.5551683306694031,0.385022908449173,0.0005494099459610879,0.5519429445266724,0.40287429094314575,0.010477800853550434,0.535652220249176,0.42058423161506653,0.03948640450835228,0.5550945997238159,0.4150252938270569,0.006616482511162758,0.5606198906898499,0.41772809624671936,0.0032447618432343006,0.5684104561805725,0.41926032304763794,0.0006823880830779672,0.576261043548584,0.41839686036109924,-0.0012599622132256627,0.5826284289360046,0.4156567454338074,-0.0016294751549139619,0.5869764685630798,0.41272276639938354,-0.00257147871889174,0.535847544670105,0.419668972492218,0.0616091825067997,0.5851446390151978,0.45300018787384033,-0.013409368693828583,0.5921097993850708,0.4294450283050537,-0.020880339667201042,0.5922106504440308,0.4516655504703522,-0.02743684872984886,0.5951027870178223,0.45544981956481934,-0.024735691025853157,0.592201828956604,0.45276984572410583,-0.024564484134316444,0.5864397883415222,0.4550166726112366,-0.01114356517791748,0.5960766673088074,0.45637232065200806,-0.026191571727395058,0.5967353582382202,0.4577861726284027,-0.019183216616511345,0.5879661440849304,0.4066343307495117,-0.0009144034120254219,0.590469479560852,0.4077991843223572,-0.004102743696421385,0.5918758511543274,0.4084736406803131,-0.007580802775919437,0.5602591633796692,0.40312930941581726,0.003306315978989005,0.556048572063446,0.39544710516929626,0.00374715612269938,0.6060585975646973,0.4264066219329834,-0.02553657814860344,0.6440898180007935,0.4090871810913086,0.002237508539110422,0.6058185696601868,0.4567098021507263,-0.01955532282590866,0.6696948409080505,0.37045955657958984,0.02592628262937069,0.6264859437942505,0.4155552387237549,-0.0032598257530480623,0.6326045989990234,0.41654732823371887,-0.0026467216666787863,0.6384586691856384,0.4156356453895569,-0.0009715207270346582,0.6465765237808228,0.41032782196998596,0.0037089153192937374,0.621360719203949,0.41295093297958374,-0.002368333749473095,0.6366903781890869,0.38969099521636963,-0.006937786936759949,0.629997730255127,0.39094024896621704,-0.006944503169506788,0.6429817080497742,0.3908124268054962,-0.004590360913425684,0.6470301151275635,0.39420264959335327,-0.002000008709728718,0.6509726047515869,0.41346704959869385,0.007355469278991222,0.6197738647460938,0.5162210464477539,0.00891110673546791,0.6463506817817688,0.4064773917198181,0.004214352462440729,0.6699047684669495,0.40692368149757385,0.03267507255077362,0.6579543352127075,0.405388206243515,0.012698549777269363,0.6313436627388,0.44429081678390503,-0.0047996677458286285,0.6097458004951477,0.4735371768474579,-0.012427767738699913,0.6086915731430054,0.4822067320346832,-0.009129313752055168,0.617413341999054,0.4754292964935303,-0.00878648180514574,0.6224015951156616,0.47724881768226624,-0.0037901473697274923,0.6148971915245056,0.48161911964416504,-0.006688613444566727,0.6197056770324707,0.4811743199825287,-0.0021559977903962135,0.6273805499076843,0.4876369535923004,0.007479170337319374,0.6051886677742004,0.45335373282432556,-0.030255673453211784,0.6059554219245911,0.44527745246887207,-0.0327165350317955,0.6568644642829895,0.3807862401008606,-0.0005904044955968857,0.6191685199737549,0.4250968098640442,-0.007174690254032612,0.6184847354888916,0.4493308663368225,-0.016786903142929077,0.618987500667572,0.44483980536460876,-0.015463022515177727,0.6501703858375549,0.44280916452407837,0.0027439440600574017,0.6060507893562317,0.43500933051109314,-0.030257688835263252,0.6436501741409302,0.37137171626091003,-0.010963011533021927,0.6515975594520569,0.3742227256298065,-0.0060979328118264675,0.6643833518028259,0.35517561435699463,0.013002864085137844,0.6158429980278015,0.38086891174316406,-0.0156315378844738,0.623907208442688,0.394905149936676,-0.005091854836791754,0.6324375867843628,0.47931334376335144,0.007549851201474667,0.6577670574188232,0.48004740476608276,0.05745887756347656,0.6142008304595947,0.45397454500198364,-0.014238808304071426,0.6096200346946716,0.4564635753631592,-0.013795364648103714,0.6289909482002258,0.4798426032066345,0.007283304817974567,0.6273934245109558,0.48029381036758423,0.005760143045336008,0.6555630564689636,0.36724069714546204,-0.004166861530393362,0.6187929511070251,0.4520522952079773,-0.013210615143179893,0.6322324275970459,0.3728247582912445,-0.014419612474739552,0.6334272623062134,0.36506345868110657,-0.01645832508802414,0.63990318775177,0.3344659209251404,-0.011346010491251945,0.6596253514289856,0.3629726767539978,0.003011238994076848,0.635604739189148,0.35032862424850464,-0.01432284340262413,0.6607681512832642,0.37596458196640015,0.003717295592650771,0.6653114557266235,0.3755492568016052,0.013891435228288174,0.6094087958335876,0.478293240070343,-0.011377892456948757,0.6161956191062927,0.4787297546863556,-0.007896310649812222,0.6211479306221008,0.4792118966579437,-0.0034018070437014103,0.6129284501075745,0.45518943667411804,-0.012475310824811459,0.6281784772872925,0.4800763726234436,0.006517618894577026,0.6249855160713196,0.4834746718406677,0.0035755184944719076,0.6265303492546082,0.48054808378219604,0.005688994191586971,0.6114642024040222,0.45249515771865845,-0.022338340058922768,0.6185820698738098,0.48257017135620117,-0.0010767373023554683,0.6137605309486389,0.4835480749607086,-0.004154830239713192,0.6079806685447693,0.4845166504383087,-0.006445711944252253,0.6079027056694031,0.5056095123291016,0.0012330670142546296,0.6092082858085632,0.500002920627594,-0.004866129718720913,0.6090269684791565,0.4946296811103821,-0.006090868264436722,0.608574390411377,0.48934781551361084,-0.005279109347611666,0.6078963279724121,0.48513519763946533,-0.004791486542671919,0.6185553073883057,0.48293137550354004,0.00025359183200635016,0.6199032664299011,0.4847089648246765,-0.0003227258275728673,0.6212817430496216,0.48717623949050903,-0.0008684805361554027,0.6222857236862183,0.4899999797344208,0.0004706457257270813,0.6259984970092773,0.4696708917617798,-0.0027062352746725082,0.6672417521476746,0.44170770049095154,0.06116364151239395,0.6222052574157715,0.48185300827026367,0.0036027675960212946,0.6236301064491272,0.4825746417045593,0.003307194449007511,0.607871413230896,0.45942243933677673,-0.01355749648064375,0.6171268820762634,0.4560863971710205,-0.008272340521216393,0.6086744070053101,0.4580141305923462,-0.013842476531863213,0.6257171630859375,0.4294506907463074,-0.004740717820823193,0.6359707117080688,0.43431389331817627,-0.0024780924431979656,0.6200762987136841,0.4478742778301239,-0.011818683706223965,0.655001699924469,0.34282568097114563,3.089610800088849e-06,0.6503122448921204,0.3540616035461426,-0.006307145580649376,0.6462997794151306,0.3635120391845703,-0.011109520681202412,0.6223167181015015,0.4948061406612396,0.005129496566951275,0.6179972887039185,0.36874476075172424,-0.0189888384193182,0.6205193400382996,0.350046843290329,-0.018661797046661377,0.6235272884368896,0.33040541410446167,-0.01755599118769169,0.6435112953186035,0.4137520492076874,0.001534880488179624,0.6568177938461304,0.41759148240089417,0.011049430817365646,0.6181744933128357,0.4106924831867218,-0.0018645458621904254,0.6529881954193115,0.39591318368911743,0.0034290265757590532,0.6149951219558716,0.4200165867805481,-0.00960231851786375,0.615059494972229,0.44723784923553467,-0.022654641419649124,0.6640011072158813,0.42296090722084045,0.01830127090215683,0.6523420214653015,0.4239356815814972,0.006424061954021454,0.6446082592010498,0.4273432195186615,0.0013266560854390264,0.6334580779075623,0.4269333779811859,-0.0010391653049737215,0.6252005696296692,0.4241158366203308,-0.002703709527850151,0.6189633011817932,0.42063766717910767,-0.004485775716602802,0.607309103012085,0.4092753231525421,-0.016762610524892807,0.6628090143203735,0.4395259916782379,0.018503263592720032,0.6577537655830383,0.39256370067596436,0.005900733172893524,0.6033267378807068,0.4571521282196045,-0.027118010446429253,0.6182318329811096,0.43276846408843994,-0.009131483733654022,0.6718675494194031,0.40517762303352356,0.05192890390753746,0.6143381595611572,0.4165723919868469,-0.005834530107676983,0.6209004521369934,0.44792380928993225,-0.005987520795315504,0.6493197679519653,0.40494364500045776,0.005559734534472227,0.6154510378837585,0.44170624017715454,-0.020957041531801224,0.6634902954101562,0.4608328938484192,0.06091054901480675,0.6184903979301453,0.4083183705806732,-0.0009848858462646604,0.6108469367027283,0.43761318922042847,-0.02674361690878868,0.6439701318740845,0.49786993861198425,0.02829229272902012,0.6423723697662354,0.5058249235153198,0.04002504423260689,0.6671879291534424,0.4412095546722412,0.03960778936743736,0.6523405909538269,0.48818761110305786,0.034212153404951096,0.6679769158363342,0.3902689814567566,0.024738650768995285,0.6197235584259033,0.5227165818214417,0.01315364520996809,0.6027493476867676,0.4585248827934265,-0.019153781235218048,0.6237215399742126,0.43813806772232056,-0.006541592534631491,0.6628389954566956,0.4060942530632019,0.018465925008058548,0.6379928588867188,0.41252395510673523,-0.0011935271322727203,0.6327184438705444,0.4130881130695343,-0.0025791400112211704,0.626152753829956,0.4846274256706238,0.004624797496944666,0.6610326170921326,0.4554218053817749,0.022170033305883408,0.6099510788917542,0.5316573977470398,0.015815818682312965,0.6255940198898315,0.5218393802642822,0.026163674890995026,0.6329758763313293,0.51530522108078,0.032261256128549576,0.6276113390922546,0.4120265245437622,-0.0028018781449645758,0.6228421330451965,0.41012105345726013,-0.002007259987294674,0.6199225783348083,0.40900349617004395,-0.0009026132756844163,0.6621549129486084,0.3896079361438751,0.011457007378339767,0.6245673298835754,0.40500345826148987,-0.0038747130893170834,0.6299812197685242,0.40408724546432495,-0.004891137592494488,0.6348270773887634,0.40412387251853943,-0.004628561437129974,0.6394689083099365,0.40457144379615784,-0.0029624029994010925,0.6426438689231873,0.4052550196647644,-0.000914048112463206,0.6719654202461243,0.38621464371681213,0.04004456102848053,0.6415457129478455,0.41094163060188293,0.0006706792046315968,0.6197841167449951,0.4664933383464813,-0.006670268718153238,0.6141713857650757,0.45310601592063904,-0.016497598960995674,0.6086342334747314,0.4656473398208618,-0.012322711758315563,0.6351191401481628,0.5074971318244934,0.024098819121718407,0.6273926496505737,0.5149760246276855,0.019091738387942314,0.61036616563797,0.5280744433403015,0.008110097609460354,0.6503972411155701,0.49500471353530884,0.04948006942868233,0.6204361915588379,0.40685197710990906,-0.0021607130765914917,0.6107342839241028,0.4224468767642975,-0.017469068989157677,0.6181929111480713,0.5276288390159607,0.019798746332526207,0.6639478206634521,0.4586390256881714,0.0407351553440094,0.6137014031410217,0.4840860962867737,-0.002595252823084593,0.6149344444274902,0.4872390031814575,-0.003167661838233471,0.615919828414917,0.4912198483943939,-0.0038336063735187054,0.6165176033973694,0.49596330523490906,-0.002552368678152561,0.615967333316803,0.5011110305786133,0.0025916388258337975,0.623706042766571,0.480633407831192,0.002096943324431777,0.6250515580177307,0.4796102046966553,0.002079979982227087,0.6261901259422302,0.47856584191322327,0.0018462138250470161,0.6307210922241211,0.47373729944229126,0.002209436846897006,0.6540447473526001,0.45968398451805115,0.010733933188021183,0.6110491752624512,0.4141225516796112,-0.012849275954067707,0.6147383451461792,0.39954477548599243,-0.005428439471870661,0.6181389689445496,0.4020386338233948,-0.003246505279093981,0.6223125457763672,0.4816388487815857,0.0027267022524029016,0.6522526144981384,0.4775843620300293,0.021769938990473747,0.6091126203536987,0.3982977271080017,-0.012511029839515686,0.6181463003158569,0.5085568428039551,0.00602326076477766,0.6066848635673523,0.4184475243091583,-0.021787414327263832,0.6143901944160461,0.4348096251487732,-0.016500014811754227,0.6091415286064148,0.5135926008224487,0.0030279099009931087,0.6312013268470764,0.49217718839645386,0.01088003534823656,0.6260286569595337,0.4538705050945282,-0.0036481181159615517,0.6250014901161194,0.5013114213943481,0.008924874477088451,0.6413390040397644,0.453233927488327,-0.001390385557897389,0.6322102546691895,0.4612787961959839,-0.0012692700838670135,0.6458051800727844,0.46504536271095276,0.004599221982061863,0.6102930903434753,0.5220834016799927,0.004312641452997923,0.6177177429199219,0.4387737214565277,-0.012013397179543972,0.6347609162330627,0.4988977015018463,0.016710126772522926,0.6270067095756531,0.5077469348907471,0.013758528977632523,0.6369740962982178,0.48225629329681396,0.009916502051055431,0.6582761406898499,0.46849963068962097,0.025809384882450104,0.6437494158744812,0.4849749505519867,0.015384048223495483,0.6594364643096924,0.4743286967277527,0.04028019681572914,0.636989951133728,0.46951860189437866,0.0027729393914341927,0.6143158674240112,0.42757365107536316,-0.012943278066813946,0.6132324934005737,0.4511029124259949,-0.023657651618123055,0.61666339635849,0.4521953761577606,-0.017133034765720367,0.6107580661773682,0.44605347514152527,-0.02778564766049385,0.6204385757446289,0.39021047949790955,-0.007883813232183456,0.6307483315467834,0.38377639651298523,-0.008864992298185825,0.6393457651138306,0.38253340125083923,-0.008173475041985512,0.6463016271591187,0.3843424916267395,-0.005408063065260649,0.651067852973938,0.3885767459869385,-0.001543467864394188,0.6531205177307129,0.4050374925136566,0.008243435062468052,0.669253408908844,0.4241277277469635,0.03647220879793167,0.6475024223327637,0.41758039593696594,0.004546902142465115,0.6411921381950378,0.4202170968055725,0.0014429542934522033,0.633255660533905,0.4209074079990387,-0.0008096253732219338,0.6257590651512146,0.41924580931663513,-0.002450229600071907,0.6198759078979492,0.4163815975189209,-0.0025223689153790474,0.6159793734550476,0.4136230945587158,-0.003298481460660696,0.6698569059371948,0.4232645332813263,0.05839815363287926,0.6165722012519836,0.4536513388156891,-0.014071770943701267,0.6104471683502197,0.4298611879348755,-0.021364359185099602,0.6091364622116089,0.45203059911727905,-0.027794169262051582,0.606205940246582,0.45572221279144287,-0.024932056665420532,0.6092382669448853,0.45317262411117554,-0.024928655475378036,0.6152477264404297,0.4556138515472412,-0.011704039759933949,0.6051105856895447,0.4565771818161011,-0.026347653940320015,0.6044946312904358,0.457933247089386,-0.019337885081768036,0.6162515878677368,0.4079087972640991,-0.0016450671246275306,0.6131398677825928,0.40894797444343567,-0.004655588883906603,0.6110096573829651,0.41015148162841797,-0.008053808473050594,0.6446970105171204,0.4058425724506378,0.0013520614011213183,0.649569034576416,0.3983311355113983,0.0016572123859077692,0.5726584792137146,0.4065728187561035,0.0001502217201050371,0.5787534713745117,0.4070279002189636,0.0001502217201050371,0.5729639530181885,0.39914262294769287,0.0001502217201050371,0.5664659738540649,0.4060577154159546,0.0001502217201050371,0.5723286867141724,0.41380536556243896,0.0001502217201050371,0.6327897310256958,0.4085867702960968,-0.001339142443612218,0.6387175917625427,0.40861067175865173,-0.001339142443612218,0.6328314542770386,0.4014047086238861,-0.001339142443612218,0.6269477009773254,0.40851885080337524,-0.001339142443612218,0.6327763199806213,0.41560786962509155,-0.001339142443612218
5033.333333333332,0.6019402742385864,0.47559309005737305,-0.0131228594109416,0.6007187366485596,0.45284512639045715,-0.03086889162659645,0.600749671459198,0.4594654440879822,-0.01519874669611454,0.5965872406959534,0.4255019426345825,-0.025313500314950943,0.6008564829826355,0.44452571868896484,-0.033497683703899384,0.6011301875114441,0.43346160650253296,-0.03205231577157974,0.6019595265388489,0.40653249621391296,-0.018915582448244095,0.5600299835205078,0.40637052059173584,0.004494747146964073,0.6026621460914612,0.38257697224617004,-0.01671145297586918,0.6029714941978455,0.370388925075531,-0.019115261733531952,0.6042332649230957,0.3289598226547241,-0.018000727519392967,0.6018071174621582,0.47919437289237976,-0.012109389528632164,0.6015986800193787,0.4827819764614105,-0.010095232166349888,0.6014032959938049,0.485072523355484,-0.007278963457792997,0.6013030409812927,0.48568063974380493,-0.005725332535803318,0.6012894511222839,0.49035346508026123,-0.006222198251634836,0.6011543869972229,0.4957221746444702,-0.006991120055317879,0.6009190082550049,0.5010729432106018,-0.005585759412497282,0.5999181866645813,0.5057845115661621,0.0005940890405327082,0.600726842880249,0.456737756729126,-0.027595335617661476,0.5956553220748901,0.455830842256546,-0.01951408013701439,0.5384014844894409,0.36683517694473267,0.029694058001041412,0.5761114358901978,0.4148208498954773,-0.001742781256325543,0.5698707103729248,0.41510653495788574,-0.0008933338685892522,0.5642238855361938,0.41340112686157227,0.0010450189001858234,0.5575365424156189,0.40810832381248474,0.006086461246013641,0.5815994739532471,0.41225504875183105,-0.0011313145514577627,0.5694541335105896,0.38637521862983704,-0.0050459010526537895,0.5761317014694214,0.3881014585494995,-0.005364461801946163,0.563071072101593,0.38723427057266235,-0.0024706292897462845,0.55876225233078,0.3907536268234253,0.0002959116536658257,0.5523528456687927,0.41115453839302063,0.009806890040636063,0.5797659754753113,0.5150899291038513,0.009459763765335083,0.5584384202957153,0.4039791226387024,0.006566865369677544,0.536058247089386,0.4032105803489685,0.03603888675570488,0.5467034578323364,0.40372705459594727,0.015472793951630592,0.5713005661964417,0.44223490357398987,-0.0034423046745359898,0.5937718749046326,0.4733639359474182,-0.012308302335441113,0.5940255522727966,0.4819888174533844,-0.009015371091663837,0.5855688452720642,0.4752357304096222,-0.008245103061199188,0.57982337474823,0.4769752025604248,-0.002977414522320032,0.5874476432800293,0.4813133180141449,-0.006209325511008501,0.5821698904037476,0.48084455728530884,-0.0014803905505686998,0.5734820365905762,0.48632335662841797,0.00851235631853342,0.596107542514801,0.4524267613887787,-0.03030397929251194,0.5955498218536377,0.444347083568573,-0.03269422426819801,0.5500303506851196,0.3775310814380646,0.0020892696920782328,0.5843312740325928,0.4236752986907959,-0.00622846744954586,0.5833975672721863,0.44799304008483887,-0.01607496105134487,0.5831459760665894,0.44349727034568787,-0.01467254851013422,0.5527507066726685,0.43976351618766785,0.004933193325996399,0.596042811870575,0.4341218173503876,-0.030115827918052673,0.5637438297271729,0.3673582077026367,-0.00911436416208744,0.5556190013885498,0.3703514039516449,-0.003782909130677581,0.5441958904266357,0.35182076692581177,0.016490455716848373,0.5898702144622803,0.37880939245224,-0.01492475438863039,0.5818297266960144,0.39258840680122375,-0.003747466253116727,0.5688391923904419,0.47782737016677856,0.008854677900671959,0.545099139213562,0.47725772857666016,0.0604126937687397,0.5875192880630493,0.45280516147613525,-0.013708222657442093,0.5920242071151733,0.45549529790878296,-0.013635269366204739,0.5721115469932556,0.4793599843978882,0.00839105062186718,0.5737057328224182,0.47987914085388184,0.006705618463456631,0.5527467131614685,0.36378079652786255,-0.0016614733031019568,0.5830540060997009,0.4507412016391754,-0.012519074603915215,0.5748469233512878,0.3693845570087433,-0.013079613447189331,0.5743083953857422,0.36155301332473755,-0.015058206394314766,0.5687318444252014,0.33232399821281433,-0.009066086262464523,0.54820716381073,0.35991543531417847,0.0058235907927155495,0.5718176364898682,0.34839674830436707,-0.012610984034836292,0.5469379425048828,0.3734678626060486,0.006595100276172161,0.542192816734314,0.3721160292625427,0.017082804813981056,0.5937479138374329,0.4780672490596771,-0.01124770287424326,0.5864810347557068,0.4784265458583832,-0.007374508306384087,0.580935537815094,0.47891485691070557,-0.0026482767425477505,0.5887284278869629,0.45409873127937317,-0.012118317186832428,0.572921872138977,0.47962599992752075,0.007525843568146229,0.5761910676956177,0.48305821418762207,0.004361485131084919,0.5745677947998047,0.48016881942749023,0.006585088558495045,0.5901550650596619,0.4513629674911499,-0.02193632908165455,0.5831009149551392,0.4822753071784973,-0.000452991109341383,0.5883211493492126,0.4832880198955536,-0.0037327026948332787,0.5944496393203735,0.484313428401947,-0.006314101628959179,0.5918141007423401,0.5049372911453247,0.0011801872169598937,0.5922796726226807,0.49982666969299316,-0.004876673687249422,0.5928117036819458,0.4944550395011902,-0.006044279783964157,0.5935297608375549,0.4891195595264435,-0.0052051665261387825,0.5943182110786438,0.4849003851413727,-0.004711195360869169,0.5829285979270935,0.4825602173805237,0.0008321533678099513,0.581584095954895,0.4843096435070038,0.00022664820426143706,0.5800724625587463,0.48677611351013184,-0.00033763772808015347,0.5788587331771851,0.4895775020122528,0.001040419447235763,0.5753901600837708,0.4681715965270996,-0.0017312973504886031,0.5374959111213684,0.4381454586982727,0.06470539420843124,0.6007447838783264,0.4581736922264099,-0.019668355584144592,0.5790263414382935,0.48146572709083557,0.004375787917524576,0.577623188495636,0.48216208815574646,0.004077516961842775,0.5936560034751892,0.4584716558456421,-0.013432592153549194,0.5846738815307617,0.45486369729042053,-0.007739804685115814,0.5929114818572998,0.4570302367210388,-0.013706674799323082,0.57764732837677,0.42768216133117676,-0.0035198088735342026,0.5672345757484436,0.43196216225624084,-0.0008545862510800362,0.5820317268371582,0.44648459553718567,-0.011012042872607708,0.5537681579589844,0.33993709087371826,0.002975083189085126,0.5575217008590698,0.35144150257110596,-0.003963877912610769,0.562027633190155,0.35970357060432434,-0.009076256304979324,0.5780785083770752,0.4935995042324066,0.00585166085511446,0.5888084769248962,0.36636513471603394,-0.018200913444161415,0.5866032242774963,0.3488283157348633,-0.017600832507014275,0.5849753022193909,0.32912349700927734,-0.016135670244693756,0.5597884654998779,0.41130495071411133,0.003777048783376813,0.5458418130874634,0.4156167209148407,0.013751293532550335,0.5852850675582886,0.4096568822860718,-0.0007269184570759535,0.5526770949363708,0.3931834101676941,0.006016574800014496,0.5886653065681458,0.4187983572483063,-0.008835445158183575,0.5867447257041931,0.445962131023407,-0.022129584103822708,0.540425717830658,0.419312447309494,0.02129262499511242,0.5490098595619202,0.4210670292377472,0.00891255121678114,0.5559942722320557,0.4241182208061218,0.003474639030173421,0.5672244429588318,0.42455875873565674,0.0006246717530302703,0.5760071277618408,0.4226117432117462,-0.0013827986549586058,0.5828395485877991,0.4191559851169586,-0.0034656443167477846,0.5964904427528381,0.40840327739715576,-0.016386035829782486,0.5407060980796814,0.4359069764614105,0.02142704650759697,0.5482214093208313,0.39016637206077576,0.008721940219402313,0.5979357361793518,0.4563439190387726,-0.027196981012821198,0.5847633481025696,0.43141695857048035,-0.00826570950448513,0.5347349643707275,0.4014977216720581,0.05569460615515709,0.5879954695701599,0.4147903323173523,-0.0050027212128043175,0.581365704536438,0.4465091824531555,-0.0051521300338208675,0.5557426810264587,0.402688205242157,0.007986963726580143,0.5867002010345459,0.44045814871788025,-0.02038164623081684,0.5403871536254883,0.4575486481189728,0.06417276710271835,0.5858609676361084,0.4070976972579956,0.000182484756805934,0.5912569165229797,0.4365280568599701,-0.02636139467358589,0.5570335984230042,0.4957629144191742,0.030227387323975563,0.5587230920791626,0.5040269494056702,0.04201415181159973,0.5368504524230957,0.43760672211647034,0.04289380460977554,0.5492314100265503,0.4856787919998169,0.03663576766848564,0.5387864708900452,0.38666921854019165,0.028077391907572746,0.5796681642532349,0.5216647982597351,0.013769339770078659,0.5985699892044067,0.45778393745422363,-0.019245987758040428,0.5791261196136475,0.43652039766311646,-0.005464739631861448,0.5419071316719055,0.40512576699256897,0.021519159898161888,0.5651351809501648,0.41004443168640137,0.0007819632301107049,0.5701964497566223,0.4113641083240509,-0.0007907792460173368,0.5749592781066895,0.4841819107532501,0.005495115183293819,0.5418087840080261,0.4519895911216736,0.02496449463069439,0.5895247459411621,0.5312517285346985,0.015905188396573067,0.5745571851730347,0.5208078026771545,0.027306845411658287,0.567626416683197,0.5139543414115906,0.033781737089157104,0.6035451889038086,0.34982067346572876,-0.019352929666638374,0.5998940467834473,0.532942533493042,0.013987133279442787,0.5755227208137512,0.41103941202163696,-0.0012478465214371681,0.5806465148925781,0.409404456615448,-0.0006449749344028533,0.5840012431144714,0.40809234976768494,0.000339740130584687,0.5443955659866333,0.38822126388549805,0.014482813887298107,0.5805703401565552,0.40276336669921875,-0.0024183359928429127,0.5752761960029602,0.40133970975875854,-0.0032750042155385017,0.5703951120376587,0.40091800689697266,-0.0027889946941286325,0.5655001997947693,0.4013907015323639,-0.0008935340447351336,0.5621291995048523,0.40232300758361816,0.0012714561307802796,0.5354430079460144,0.3825020492076874,0.043855585157871246,0.5620051622390747,0.4081585705280304,0.00282011809758842,0.6006755828857422,0.46502557396888733,-0.013064357452094555,0.5816997289657593,0.4652201235294342,-0.0060043008998036385,0.5875238180160522,0.45189377665519714,-0.016038646921515465,0.592702329158783,0.4647215008735657,-0.012167464010417461,0.6023365259170532,0.39465224742889404,-0.015836946666240692,0.5653607845306396,0.5057411789894104,0.025552021339535713,0.5725448131561279,0.5135512351989746,0.020119398832321167,0.5886768698692322,0.5274897813796997,0.008222276344895363,0.5514907240867615,0.49275875091552734,0.05202886834740639,0.5842527151107788,0.4051261246204376,-0.0008627462084405124,0.5924162864685059,0.42138224840164185,-0.016975974664092064,0.5996646285057068,0.5289827585220337,0.006633018609136343,0.5814879536628723,0.5268981456756592,0.0204975213855505,0.5392189621925354,0.4552755653858185,0.04378538578748703,0.5881576538085938,0.48377275466918945,-0.002227457007393241,0.5868503451347351,0.48691052198410034,-0.0028249819297343493,0.5856993198394775,0.490925133228302,-0.0034704997669905424,0.5848404765129089,0.4956647753715515,-0.0022037012968212366,0.5839983820915222,0.5001598596572876,0.00297470111399889,0.5777722597122192,0.4803101122379303,0.0029648616909980774,0.5764833688735962,0.4792601466178894,0.003036187030375004,0.5754498243331909,0.47821182012557983,0.002875354839488864,0.5706192255020142,0.47218847274780273,0.0034579464700073004,0.5482448935508728,0.4565810263156891,0.013073882088065147,0.5926937460899353,0.4130588471889496,-0.012253793887794018,0.5899333953857422,0.39798375964164734,-0.004551701247692108,0.586726188659668,0.4003009498119354,-0.0021155765280127525,0.5790818929672241,0.481339693069458,0.0035166461020708084,0.5494990944862366,0.4748992919921875,0.02405240200459957,0.5948135852813721,0.3963214159011841,-0.011981270276010036,0.5815908908843994,0.5075047016143799,0.006498877424746752,0.6014034748077393,0.4244782626628876,-0.027490653097629547,0.5964890718460083,0.41755396127700806,-0.021516285836696625,0.6016567349433899,0.4160796105861664,-0.023096559569239616,0.5882265567779541,0.4335598647594452,-0.01589597947895527,0.5996764898300171,0.522695779800415,0.00273600104264915,0.5997748970985413,0.5139650702476501,0.0016413494013249874,0.5902408957481384,0.5129397511482239,0.00304702902212739,0.569489061832428,0.4905739426612854,0.012094988487660885,0.5760936141014099,0.4522196054458618,-0.002576542552560568,0.5752167105674744,0.49998027086257935,0.009773999452590942,0.5609374046325684,0.45065736770629883,0.00029350793920457363,0.5696865916252136,0.4592714309692383,2.7721554943127558e-05,0.5561224818229675,0.46236035227775574,0.006492286454886198,0.5888233184814453,0.5213937759399414,0.004433358088135719,0.5848832726478577,0.4374827742576599,-0.011241691187024117,0.5658682584762573,0.49711233377456665,0.018101679161190987,0.5730492472648621,0.5063213109970093,0.014703839085996151,0.5641545653343201,0.4803680181503296,0.011478662490844727,0.5440883040428162,0.4654114246368408,0.028400029987096786,0.5574535131454468,0.4827370047569275,0.01720893196761608,0.5429835319519043,0.47136279940605164,0.04310110956430435,0.5646805167198181,0.4674181640148163,0.004315640311688185,0.5887606739997864,0.4263559877872467,-0.012264803051948547,0.5884152054786682,0.4498917758464813,-0.023224549368023872,0.5850794315338135,0.45090270042419434,-0.016565345227718353,0.5909145474433899,0.4449273943901062,-0.027446839958429337,0.5853400826454163,0.3880022466182709,-0.006771293468773365,0.5756354331970215,0.38068580627441406,-0.00741604994982481,0.5671178102493286,0.37881648540496826,-0.0063704741187393665,0.5600601434707642,0.3804914653301239,-0.003253498114645481,0.5550534129142761,0.38506758213043213,0.0008634774130769074,0.5517603158950806,0.4029815196990967,0.010799827054142952,0.5356765985488892,0.4203846752643585,0.03986451402306557,0.5550074577331543,0.4149777293205261,0.006879801861941814,0.5605799555778503,0.4176258146762848,0.0034712268970906734,0.5683612823486328,0.4191961884498596,0.000885615823790431,0.5762131214141846,0.41836127638816833,-0.001039861817844212,0.5825873017311096,0.4155826270580292,-0.001424234127625823,0.5869472622871399,0.41258636116981506,-0.00235521188005805,0.5358675718307495,0.41962260007858276,0.062132176011800766,0.5851423144340515,0.4524335265159607,-0.013508252799510956,0.5921696424484253,0.42879459261894226,-0.020906303077936172,0.592301607131958,0.45096302032470703,-0.02761487103998661,0.5952333807945251,0.4547714591026306,-0.0249253511428833,0.5922976136207581,0.45208320021629333,-0.024728013202548027,0.5864637494087219,0.4544790983200073,-0.011249548755586147,0.5962153077125549,0.4556849002838135,-0.02639647386968136,0.5968737006187439,0.45713356137275696,-0.01935795694589615,0.5878393054008484,0.4065888226032257,-0.0006398820551112294,0.5904445648193359,0.4076385200023651,-0.003869042731821537,0.5919501185417175,0.40816396474838257,-0.007407857105135918,0.5600653886795044,0.403117835521698,0.0036188687663525343,0.5558851361274719,0.39548546075820923,0.004067576490342617,0.6062150597572327,0.42572250962257385,-0.025606760755181313,0.6446107029914856,0.4087047874927521,0.0024422986898571253,0.6060467958450317,0.4560384452342987,-0.019733697175979614,0.6699333190917969,0.3704000413417816,0.02640192024409771,0.6266343593597412,0.41490235924720764,-0.0030734313186258078,0.6327918767929077,0.41598376631736755,-0.002476666821166873,0.638710618019104,0.4151551425457001,-0.0008053549099713564,0.6470549702644348,0.4099312424659729,0.0038925372064113617,0.6215269565582275,0.41222649812698364,-0.0021822138223797083,0.6370335817337036,0.3892711400985718,-0.00673836562782526,0.6302922368049622,0.3904768228530884,-0.006715190131217241,0.6433605551719666,0.39041030406951904,-0.004404745995998383,0.6474253535270691,0.393798291683197,-0.0018076137639582157,0.651276707649231,0.41303250193595886,0.0075154975056648254,0.6201437711715698,0.5160969495773315,0.008514655753970146,0.6468959450721741,0.40616732835769653,0.004422660917043686,0.670149028301239,0.4067724049091339,0.032989855855703354,0.6582921743392944,0.4050493538379669,0.012907641939818859,0.6315822005271912,0.4437981843948364,-0.004824452102184296,0.6100009083747864,0.47356289625167847,-0.01269445475190878,0.6089188456535339,0.4821928143501282,-0.009390078485012054,0.6175280213356018,0.47549256682395935,-0.00904108677059412,0.6224365830421448,0.47727954387664795,-0.004032816272228956,0.6150388121604919,0.48163682222366333,-0.006937157362699509,0.6197807192802429,0.4811933636665344,-0.0023905732668936253,0.6276804208755493,0.4874788224697113,0.007192947901785374,0.6053978204727173,0.45263588428497314,-0.03047630563378334,0.606155276298523,0.444560170173645,-0.03292003273963928,0.6572274565696716,0.3806629776954651,-0.00037848917418159544,0.6193812489509583,0.424545019865036,-0.007119456306099892,0.6188129782676697,0.4486995339393616,-0.016912925988435745,0.6193088293075562,0.44422370195388794,-0.01555787492543459,0.6503938436508179,0.442404568195343,0.0027348902076482773,0.606232225894928,0.43430495262145996,-0.030401764437556267,0.6439523696899414,0.37141793966293335,-0.010771399363875389,0.6519525647163391,0.37421688437461853,-0.005910523235797882,0.6646018028259277,0.35510140657424927,0.013498468324542046,0.6160025596618652,0.38063129782676697,-0.015447153709828854,0.6241682171821594,0.3943663537502289,-0.004843853879719973,0.6327201724052429,0.4791400730609894,0.007318726275116205,0.6579928994178772,0.4798635244369507,0.057435035705566406,0.614506185054779,0.45334115624427795,-0.014357483945786953,0.6098848581314087,0.4558444023132324,-0.013955158181488514,0.6289928555488586,0.4797533452510834,0.007054400630295277,0.6274181604385376,0.4802294969558716,0.005527586676180363,0.6559417247772217,0.3672807216644287,-0.003919977694749832,0.6191213130950928,0.45146602392196655,-0.01333438791334629,0.6324641108512878,0.372824102640152,-0.014222382567822933,0.6336901783943176,0.36510321497917175,-0.016228023916482925,0.6400629878044128,0.3342815041542053,-0.010824354365468025,0.6598293781280518,0.3629198670387268,0.00339550175704062,0.635744035243988,0.35014620423316956,-0.013930315151810646,0.6611421704292297,0.3758675456047058,0.003986861556768417,0.6655450463294983,0.3754982054233551,0.014293607324361801,0.6096481084823608,0.47829675674438477,-0.011647331528365612,0.6163280606269836,0.47875845432281494,-0.008153132162988186,0.6212089657783508,0.47923004627227783,-0.0036447339225560427,0.6132186055183411,0.4545755684375763,-0.012609167955815792,0.6281912326812744,0.4799996018409729,0.006286926567554474,0.6250218749046326,0.48343759775161743,0.0032974572386592627,0.6265625953674316,0.48049938678741455,0.005451322067528963,0.6117382049560547,0.451796293258667,-0.022502362728118896,0.6186581254005432,0.48260578513145447,-0.0013075163587927818,0.6139048933982849,0.4835742712020874,-0.00439328933134675,0.6081936359405518,0.484502911567688,-0.006697028875350952,0.6081405282020569,0.5053842663764954,0.000831603305414319,0.6093941330909729,0.5000507831573486,-0.005259430501610041,0.6092386245727539,0.4946543276309967,-0.0064615351147949696,0.6087941527366638,0.48932981491088867,-0.005614542402327061,0.6081016659736633,0.4850919246673584,-0.005101442337036133,0.6186373829841614,0.48291900753974915,-2.1864962036488578e-05,0.620002031326294,0.4846934974193573,-0.0006171301938593388,0.621383547782898,0.4871564507484436,-0.0011809072457253933,0.6223799586296082,0.48997220396995544,0.00015147570229601115,0.6262573003768921,0.46928465366363525,-0.002915023360401392,0.6674816012382507,0.441604882478714,0.061389073729515076,0.6222425103187561,0.48183193802833557,0.00334573769941926,0.6236754059791565,0.48254698514938354,0.00303581147454679,0.6081187129020691,0.4588284492492676,-0.013744141906499863,0.6174245476722717,0.4555481970310211,-0.008395894430577755,0.6089323163032532,0.45740774273872375,-0.014015119522809982,0.6259474754333496,0.4289303719997406,-0.0047016385942697525,0.6361982822418213,0.4338441789150238,-0.002467039506882429,0.6203955411911011,0.44729506969451904,-0.011908973567187786,0.6551899313926697,0.3427070379257202,0.0004997918149456382,0.6504794955253601,0.3539794683456421,-0.005921179428696632,0.6466279029846191,0.36359187960624695,-0.01085455622524023,0.6225908398628235,0.49460846185684204,0.0047997282817959785,0.6182135343551636,0.3685677647590637,-0.018767450004816055,0.6206278800964355,0.34976786375045776,-0.018263759091496468,0.6236463785171509,0.330169677734375,-0.01701727695763111,0.6439005732536316,0.41332897543907166,0.0017066790023818612,0.6570570468902588,0.41714081168174744,0.011203140951693058,0.618366003036499,0.40994322299957275,-0.0016581882955506444,0.6533903479576111,0.39557144045829773,0.003634916851297021,0.6151827573776245,0.4194433093070984,-0.009544657543301582,0.6153479814529419,0.44655942916870117,-0.022801436483860016,0.6642687916755676,0.4226759970188141,0.018448060378432274,0.6525191068649292,0.42346590757369995,0.006530956365168095,0.6447208523750305,0.42682772874832153,0.0014062089612707496,0.6335300207138062,0.426353394985199,-0.0009743240079842508,0.625261664390564,0.42346999049186707,-0.002617599442601204,0.6190292835235596,0.41993242502212524,-0.004385842941701412,0.6074385643005371,0.4086550176143646,-0.016687968745827675,0.6630488634109497,0.43921104073524475,0.01856912486255169,0.6581214070320129,0.3923253118991852,0.0061310031451284885,0.6035277247428894,0.45645496249198914,-0.027336670085787773,0.6184759140014648,0.4321971535682678,-0.009114474058151245,0.672107458114624,0.40511995553970337,0.05231291055679321,0.6144180297851562,0.4158398509025574,-0.005714623723179102,0.6212055087089539,0.44737929105758667,-0.006033141165971756,0.6498250961303711,0.4045645594596863,0.00576216634362936,0.6157362461090088,0.44105198979377747,-0.021067023277282715,0.6637110114097595,0.46068716049194336,0.06102151423692703,0.6187474727630615,0.407620906829834,-0.0007468171534128487,0.6110731959342957,0.436933308839798,-0.026876995339989662,0.6442686915397644,0.4976302981376648,0.02809654362499714,0.6426516771316528,0.5056281089782715,0.039788104593753815,0.6674116253852844,0.44098228216171265,0.039773643016815186,0.6525865197181702,0.4879102110862732,0.03409978374838829,0.6682197451591492,0.39016416668891907,0.02511594444513321,0.620125412940979,0.5226603746414185,0.012734690681099892,0.6029515862464905,0.4578649401664734,-0.01934008300304413,0.623974621295929,0.43761104345321655,-0.0065381708554923534,0.6631887555122375,0.405744731426239,0.01870604231953621,0.6383324861526489,0.41201338171958923,-0.0009979041060432792,0.6329535841941833,0.4124876856803894,-0.0023865364491939545,0.6261754631996155,0.48457422852516174,0.004345708526670933,0.6612507700920105,0.4551011323928833,0.022180162370204926,0.6102784276008606,0.5316933393478394,0.015324290841817856,0.6259862184524536,0.5217947959899902,0.025777144357562065,0.6333273649215698,0.5151823163032532,0.03194022178649902,0.6278150677680969,0.4113646447658539,-0.0026035355404019356,0.6230557560920715,0.4094056487083435,-0.0017968087922781706,0.6201635599136353,0.40827837586402893,-0.0006760129472240806,0.6625181436538696,0.3893815577030182,0.011729818768799305,0.6247841119766235,0.4047071933746338,-0.0036355028860270977,0.630193829536438,0.40406590700149536,-0.004677413497120142,0.6350661516189575,0.4042242169380188,-0.004421930760145187,0.6397872567176819,0.40463268756866455,-0.0027638308238238096,0.6430478692054749,0.4051906168460846,-0.0007120476802811027,0.6722053289413452,0.3861566483974457,0.040486011654138565,0.6419970989227295,0.41050174832344055,0.0008676273282617331,0.6200528740882874,0.4660276174545288,-0.00687384931370616,0.6144785284996033,0.45244601368904114,-0.016623979434370995,0.6088601350784302,0.4651111960411072,-0.012546666897833347,0.6354970932006836,0.5073333382606506,0.023816123604774475,0.627793550491333,0.5148721933364868,0.018739799037575722,0.6107109189033508,0.5280378460884094,0.007635647896677256,0.6506381034851074,0.4947966933250427,0.049338918179273605,0.6206849813461304,0.4062933921813965,-0.001922192401252687,0.6109135746955872,0.42181846499443054,-0.017458995804190636,0.6185792684555054,0.5276380181312561,0.019346391782164574,0.6641621589660645,0.45838701725006104,0.040818553417921066,0.6138478517532349,0.48406898975372314,-0.0028874194249510765,0.6151031255722046,0.48722749948501587,-0.0034844514448195696,0.6160905957221985,0.49122634530067444,-0.004170489963144064,0.6166777610778809,0.49597084522247314,-0.0029047124553471804,0.6162264943122864,0.5008885264396667,0.002220858121290803,0.6237360835075378,0.48062968254089355,0.0018656619358807802,0.6250659227371216,0.47959399223327637,0.0018453923985362053,0.6261866688728333,0.47854897379875183,0.0016151221934705973,0.6309784054756165,0.47346001863479614,0.0020001244265586138,0.6542481184005737,0.45931440591812134,0.010680818930268288,0.6112072467803955,0.4135262072086334,-0.012778480537235737,0.61492919921875,0.3989153206348419,-0.005183963570743799,0.6183645129203796,0.40136271715164185,-0.00300317769870162,0.6223499774932861,0.4816591441631317,0.002498329384252429,0.6524808406829834,0.47726941108703613,0.02166973426938057,0.6092373728752136,0.39769941568374634,-0.01232598815113306,0.6184511780738831,0.5083759427070618,0.005642566364258528,0.6068289875984192,0.417784720659256,-0.021782508119940758,0.6146303415298462,0.4341900646686554,-0.01653853990137577,0.6094165444374084,0.5134143829345703,0.002600518288090825,0.6315338611602783,0.4919995367527008,0.010595210827887058,0.6263197064399719,0.4533812403678894,-0.003724948735907674,0.6253326535224915,0.5011420249938965,0.008587640710175037,0.6415569186210632,0.45278918743133545,-0.0014540203846991062,0.6324646472930908,0.4608493447303772,-0.0013904336374253035,0.6460313200950623,0.46467292308807373,0.0045058648101985455,0.6106135249137878,0.5219723582267761,0.003852322930470109,0.617998480796814,0.43818098306655884,-0.012047287076711655,0.635127604007721,0.4987145662307739,0.016429807990789413,0.6273815035820007,0.5076033473014832,0.01341916061937809,0.6372705698013306,0.48203837871551514,0.009697839617729187,0.6584945917129517,0.4681863784790039,0.025772834196686745,0.6440277695655823,0.4847041070461273,0.0152012649923563,0.6596622467041016,0.47405728697776794,0.04026757925748825,0.6372377872467041,0.46920245885849,0.002613815013319254,0.6145303845405579,0.42697399854660034,-0.012930755503475666,0.6135140061378479,0.4504050016403198,-0.023822437971830368,0.6169845461845398,0.45155227184295654,-0.01727433316409588,0.6110048294067383,0.4453449845314026,-0.027972152456641197,0.6206609606742859,0.3897795081138611,-0.00762610137462616,0.6310281753540039,0.383462131023407,-0.008636584505438805,0.6396881341934204,0.3822556138038635,-0.007980757392942905,0.6466847658157349,0.38406288623809814,-0.005229670088738203,0.6514776349067688,0.38827431201934814,-0.0013527480186894536,0.6535366773605347,0.4046727120876312,0.008439253084361553,0.6694948077201843,0.42392998933792114,0.03670717403292656,0.6477851867675781,0.4171360433101654,0.0046908496879041195,0.6413708925247192,0.41972821950912476,0.0015623914077877998,0.6333902478218079,0.4203505218029022,-0.0006987398955971003,0.6258735656738281,0.4186113774776459,-0.0023056697100400925,0.6200029850006104,0.4156677722930908,-0.002376397605985403,0.6161172389984131,0.4128815233707428,-0.0031312245409935713,0.6701050400733948,0.4231942594051361,0.05871756002306938,0.6168904900550842,0.4530448019504547,-0.014203283004462719,0.6106430888175964,0.4292081296443939,-0.021418102085590363,0.6093819737434387,0.45131275057792664,-0.027993803843855858,0.6064283847808838,0.45503026247024536,-0.025133414193987846,0.609486997127533,0.4524654448032379,-0.025113435462117195,0.6155436038970947,0.455036997795105,-0.011837149038910866,0.6053245663642883,0.45588064193725586,-0.026562649756669998,0.604712724685669,0.4572679400444031,-0.019520185887813568,0.6164577603340149,0.40715330839157104,-0.00141472602263093,0.6132948994636536,0.4082100987434387,-0.0044610630720853806,0.6111171841621399,0.40942785143852234,-0.007914501242339611,0.6451749801635742,0.4056575894355774,0.0015522221801802516,0.6500115394592285,0.3979547917842865,0.0018609915859997272,0.572586178779602,0.40655240416526794,0.00044712674571201205,0.5787953734397888,0.40694233775138855,0.00044712674571201205,0.5728503465652466,0.39903804659843445,0.00044712674571201205,0.5662745237350464,0.4061194360256195,0.00044712674571201205,0.5722958445549011,0.4138766825199127,0.00044712674571201205,0.633161723613739,0.40850937366485596,-0.0011284826323390007,0.6391682028770447,0.4085787832736969,-0.0011284826323390007,0.6332632303237915,0.4014301300048828,-0.0011284826323390007,0.6272436380386353,0.40840572118759155,-0.0011284826323390007,0.6330969333648682,0.4154277741909027,-0.0011284826323390007
5066.666666666665,0.6020374298095703,0.47548049688339233,-0.012863362208008766,0.6005057096481323,0.45359647274017334,-0.030779710039496422,0.6005253195762634,0.4600200951099396,-0.015059860423207283,0.5964772701263428,0.4260295629501343,-0.025360357016324997,0.6006677746772766,0.4452696740627289,-0.03343956917524338,0.6009795069694519,0.4341205358505249,-0.03204144537448883,0.6019120216369629,0.4069267511367798,-0.01908341981470585,0.5600771903991699,0.40619099140167236,0.004293421749025583,0.6026748418807983,0.3829004764556885,-0.01698450744152069,0.603013813495636,0.3707132637500763,-0.019454646855592728,0.6044234037399292,0.3290923535823822,-0.018557840958237648,0.6018950343132019,0.47909432649612427,-0.011835363693535328,0.6016576290130615,0.4827175438404083,-0.009816284291446209,0.601423442363739,0.485029935836792,-0.006964170839637518,0.6012826561927795,0.48570191860198975,-0.005444799084216356,0.6012563705444336,0.4903150498867035,-0.005895539186894894,0.6010997295379639,0.4956044554710388,-0.006655920296907425,0.6008297204971313,0.5008940100669861,-0.005247802473604679,0.5995762348175049,0.5056747794151306,0.0009336618822999299,0.6005055904388428,0.4574394226074219,-0.027491750195622444,0.5954222679138184,0.45643430948257446,-0.01941348984837532,0.5384591221809387,0.36640018224716187,0.029305148869752884,0.576041579246521,0.41482216119766235,-0.0019196312641724944,0.5698316693305969,0.4150373339653015,-0.0010710126953199506,0.5642129778862,0.4132939279079437,0.0008620094158686697,0.5575575232505798,0.4079442322254181,0.005894978530704975,0.5815172791481018,0.4123268723487854,-0.001317349961027503,0.5695723295211792,0.38638725876808167,-0.005289052147418261,0.5762127041816711,0.38817471265792847,-0.005619782023131847,0.5632092356681824,0.387189120054245,-0.0027106048073619604,0.5588911771774292,0.3906567692756653,5.914255598327145e-05,0.552340030670166,0.410999596118927,0.009638408198952675,0.5794801115989685,0.514866828918457,0.009822366759181023,0.558495283126831,0.40379786491394043,0.006355503108352423,0.536004900932312,0.40281933546066284,0.0358283668756485,0.5466923713684082,0.40352439880371094,0.015269733965396881,0.5711907148361206,0.4423774778842926,-0.0034479887690395117,0.5938278436660767,0.4732261896133423,-0.012059136293828487,0.5940571427345276,0.4818997085094452,-0.008743171580135822,0.5855448842048645,0.4751049876213074,-0.00801366101950407,0.5797661542892456,0.47688305377960205,-0.0027715980540961027,0.5874411463737488,0.481218546628952,-0.005957932211458683,0.5821395516395569,0.48077070713043213,-0.0012592279817909002,0.5733300447463989,0.48622098565101624,0.008729202672839165,0.5958994626998901,0.4531538486480713,-0.030217444524168968,0.5953715443611145,0.4450480043888092,-0.03263799846172333,0.5502009987831116,0.3773336708545685,0.001804980100132525,0.5842685699462891,0.423868328332901,-0.006331790704280138,0.5832622051239014,0.4484346807003021,-0.01600939780473709,0.5830442309379578,0.4438856542110443,-0.014629772864282131,0.5526379942893982,0.4397316575050354,0.0048981658183038235,0.5959035754203796,0.4347432255744934,-0.030107341706752777,0.5639533400535583,0.3672982454299927,-0.00944022461771965,0.555826723575592,0.3702237010002136,-0.004098056815564632,0.5442737936973572,0.3514806032180786,0.01603398099541664,0.5899932384490967,0.3789723515510559,-0.015201234258711338,0.5818615555763245,0.39271098375320435,-0.003992702346295118,0.5687081217765808,0.47779399156570435,0.009039176627993584,0.5448594689369202,0.47674402594566345,0.06056841462850571,0.5873491764068604,0.45328348875045776,-0.013623581267893314,0.5918249487876892,0.45597875118255615,-0.013532072305679321,0.572070837020874,0.4793877899646759,0.008573339320719242,0.5736625790596008,0.4798969030380249,0.006892100907862186,0.5529657006263733,0.3636176288127899,-0.002001532120630145,0.5829145312309265,0.45111340284347534,-0.012438018806278706,0.5750378966331482,0.369407057762146,-0.013389755971729755,0.5745366215705872,0.3615795373916626,-0.01540320459753275,0.5688527226448059,0.33225494623184204,-0.009603052400052547,0.548249363899231,0.35972729325294495,0.005414078012108803,0.5718832015991211,0.3484523594379425,-0.013081091456115246,0.5471175909042358,0.3732408285140991,0.006290715653449297,0.5422182679176331,0.37183424830436707,0.0167158804833889,0.5937969088554382,0.47794288396835327,-0.01098643522709608,0.5864687561988831,0.47831618785858154,-0.007130526937544346,0.5808950662612915,0.4788348972797394,-0.0024317956995218992,0.5885472297668457,0.4545511305332184,-0.012032941915094852,0.5728805661201477,0.47964930534362793,0.007708714809268713,0.5761405229568481,0.48303505778312683,0.004570511635392904,0.5745253562927246,0.4801805913448334,0.006772142369300127,0.5899742841720581,0.4519813060760498,-0.02186477929353714,0.5830633044242859,0.4822022616863251,-0.00021148579253349453,0.5883058309555054,0.48320308327674866,-0.003455959726125002,0.5944574475288391,0.4842475950717926,-0.00600935285910964,0.5915274620056152,0.5048083662986755,0.0015131515683606267,0.5922151803970337,0.4996327757835388,-0.004548211582005024,0.5927779674530029,0.4943157136440277,-0.005720583721995354,0.5935053825378418,0.4890662729740143,-0.004890786483883858,0.5942938923835754,0.4848979413509369,-0.004436831455677748,0.5828642845153809,0.48254239559173584,0.001051662489771843,0.5815309286117554,0.4842686057090759,0.0004711532383225858,0.5800239443778992,0.48670685291290283,-8.500895637553185e-05,0.5788024067878723,0.48948997259140015,0.0012886528857052326,0.5752405524253845,0.4683413505554199,-0.0015773711493238807,0.5373822450637817,0.4375740587711334,0.06466050446033478,0.6005222201347351,0.45880869030952454,-0.019551150500774384,0.5789555311203003,0.4814603924751282,0.004567214287817478,0.5775681138038635,0.482146680355072,0.004284495487809181,0.5934550762176514,0.4589468240737915,-0.01329442672431469,0.584513783454895,0.4551849961280823,-0.00763357849791646,0.592709481716156,0.45751041173934937,-0.01358985435217619,0.5775895118713379,0.4278241991996765,-0.0036038619000464678,0.5671567916870117,0.43204039335250854,-0.0009241325315088034,0.5819238424301147,0.4468151926994324,-0.010956434532999992,0.5538599491119385,0.3397175073623657,0.0024749883450567722,0.5575733780860901,0.35135775804519653,-0.004407054278999567,0.5622625946998596,0.35963326692581177,-0.00943833403289318,0.5778853297233582,0.49348050355911255,0.00610275287181139,0.5890073180198669,0.36651861667633057,-0.018530961126089096,0.5866920351982117,0.3489818572998047,-0.01807815581560135,0.5851324200630188,0.32916688919067383,-0.016687503084540367,0.5597946047782898,0.41115468740463257,0.0035905051045119762,0.5458022356033325,0.415452241897583,0.013599864207208157,0.5852035284042358,0.40977948904037476,-0.0009215298341587186,0.5527714490890503,0.3930080831050873,0.005775801371783018,0.5886040329933167,0.41903597116470337,-0.008953194133937359,0.5865948796272278,0.446518212556839,-0.02207486517727375,0.5403442978858948,0.4190743565559387,0.021168654784560204,0.5489688515663147,0.42094698548316956,0.008787265978753567,0.5559462904930115,0.4240778088569641,0.003364098956808448,0.5671517252922058,0.42460474371910095,0.0005162219167686999,0.5759156346321106,0.4227210581302643,-0.0015005177119746804,0.5827463269233704,0.41932839155197144,-0.0036017356906086206,0.5964428782463074,0.4087585508823395,-0.016551433131098747,0.5405865907669067,0.4356975853443146,0.021376395598053932,0.5483059287071228,0.38994649052619934,0.008465549908578396,0.5977092385292053,0.45702967047691345,-0.02709382027387619,0.5846906304359436,0.4316800534725189,-0.008316868916153908,0.5347234010696411,0.40093666315078735,0.05548586696386337,0.5879175066947937,0.4150158166885376,-0.0051597789861261845,0.5812650918960571,0.44677814841270447,-0.005107338074594736,0.5557960271835327,0.40250661969184875,0.007777158636599779,0.586588978767395,0.44093939661979675,-0.02035469375550747,0.5402007102966309,0.45699769258499146,0.06422187387943268,0.5857917666435242,0.40720799565315247,-3.045142329938244e-05,0.5911269783973694,0.43708130717277527,-0.026347434148192406,0.5567240715026855,0.4954869747161865,0.030480295419692993,0.5583782196044922,0.5036587715148926,0.04230343922972679,0.5367087125778198,0.43723684549331665,0.04285021498799324,0.54896080493927,0.48535892367362976,0.036838993430137634,0.5387752652168274,0.3863198161125183,0.027779100462794304,0.5793290734291077,0.5214187502861023,0.014176147989928722,0.5983429551124573,0.4584071934223175,-0.019130604341626167,0.5790444612503052,0.43671920895576477,-0.0054885009303689,0.541853666305542,0.4049055874347687,0.02131555788218975,0.5651525855064392,0.40989038348197937,0.0005887377774342895,0.5701802968978882,0.41126346588134766,-0.0009814237710088491,0.5749048590660095,0.4841540455818176,0.005703882779926062,0.541644811630249,0.451762855052948,0.024993957951664925,0.589141845703125,0.5309905409812927,0.01638082042336464,0.5741870999336243,0.5205108523368835,0.027696456760168076,0.5672592520713806,0.5136302709579468,0.03412220999598503,0.6036614775657654,0.3500373661518097,-0.019827421754598618,0.5994881987571716,0.5327214598655701,0.014474687166512012,0.575478196144104,0.41100645065307617,-0.0014401040971279144,0.580582857131958,0.4094400107860565,-0.0008419623482041061,0.5839301943778992,0.4081781208515167,0.00013080029748380184,0.5444607138633728,0.387978196144104,0.01421809010207653,0.5805541276931763,0.40282636880874634,-0.0026456459891051054,0.5753006339073181,0.4013619124889374,-0.003501394297927618,0.5704435110092163,0.40090277791023254,-0.003018854185938835,0.5655552744865417,0.40132492780685425,-0.0011186599731445312,0.5621872544288635,0.40221208333969116,0.0010541010415181518,0.535469114780426,0.38199755549430847,0.04355117678642273,0.5620418787002563,0.40798360109329224,0.002624202985316515,0.6004393100738525,0.46547678112983704,-0.012885508127510548,0.581534743309021,0.4654827415943146,-0.005847233813256025,0.5873544216156006,0.4524165689945221,-0.01597115956246853,0.5924946069717407,0.4651148319244385,-0.011989668011665344,0.6023257970809937,0.39497727155685425,-0.016063451766967773,0.5650378465652466,0.5054793953895569,0.025861365720629692,0.5722168684005737,0.5133017897605896,0.020480401813983917,0.5883114337921143,0.5272606611251831,0.00866753701120615,0.5511981844902039,0.49231401085853577,0.05226120352745056,0.5842024683952332,0.40522170066833496,-0.0010862851049751043,0.59233558177948,0.42176276445388794,-0.017071623355150223,0.5992552638053894,0.5287823677062988,0.007090773433446884,0.5811164379119873,0.5266208648681641,0.0209368746727705,0.5390328168869019,0.45490550994873047,0.043831050395965576,0.5881170630455017,0.48375204205513,-0.0019765738397836685,0.5868145823478699,0.4868525266647339,-0.002542844507843256,0.5856646299362183,0.49081528186798096,-0.003183391410857439,0.5847868919372559,0.4955149292945862,-0.0019183679251000285,0.5837616920471191,0.5000337958335876,0.003266054904088378,0.5777235627174377,0.4802735149860382,0.0031585644464939833,0.5764325857162476,0.4792253375053406,0.003224294865503907,0.5753896236419678,0.47817182540893555,0.0030566356144845486,0.5704823732376099,0.47226130962371826,0.003609512932598591,0.5480789542198181,0.45646294951438904,0.013119450770318508,0.592640221118927,0.4133574664592743,-0.012396988458931446,0.5899186730384827,0.39818134903907776,-0.004791629035025835,0.5866913199424744,0.4004548192024231,-0.0023530859034508467,0.5790248513221741,0.48129719495773315,0.0037218176294118166,0.5492722392082214,0.4746818542480469,0.02419501729309559,0.5948261618614197,0.39660727977752686,-0.012208977714180946,0.581335723400116,0.5073256492614746,0.006819387897849083,0.6012872457504272,0.42504212260246277,-0.02753610536456108,0.5964075326919556,0.41799408197402954,-0.021630262956023216,0.6015723943710327,0.41655564308166504,-0.023212376981973648,0.5881343483924866,0.4339532256126404,-0.01592393033206463,0.599288284778595,0.522503674030304,0.003160997061058879,0.5994111895561218,0.5138039588928223,0.0020326562225818634,0.5899444222450256,0.5127633810043335,0.0034214810002595186,0.569279134273529,0.49043065309524536,0.012330393306910992,0.5759733319282532,0.4524092376232147,-0.002522573107853532,0.5749856233596802,0.4998050034046173,0.010050874203443527,0.5607950687408447,0.450715035200119,0.0003168985713273287,0.5695428848266602,0.4593908488750458,9.72174821072258e-05,0.5559424161911011,0.4623289704322815,0.006571062840521336,0.5884997248649597,0.5211824178695679,0.00484480569139123,0.5848047733306885,0.43781232833862305,-0.0112467585131526,0.5656002759933472,0.49690568447113037,0.01836930587887764,0.5727761387825012,0.5061017274856567,0.015024906024336815,0.563965916633606,0.4802809953689575,0.011665483936667442,0.5438833236694336,0.46515795588493347,0.028498850762844086,0.5572128891944885,0.48256924748420715,0.017392585054039955,0.5427578687667847,0.4710004925727844,0.04323488101363182,0.5645235180854797,0.4674499034881592,0.004423852544277906,0.5886837840080261,0.42667531967163086,-0.01233744341880083,0.5882417559623718,0.450501412153244,-0.023159174248576164,0.5849227905273438,0.4513870179653168,-0.01648624800145626,0.590745747089386,0.445574015378952,-0.027397071942687035,0.5853944420814514,0.3881421983242035,-0.007044267375022173,0.5757611393928528,0.38075146079063416,-0.007708203047513962,0.5672811269760132,0.37881726026535034,-0.006657486315816641,0.560234010219574,0.38043078780174255,-0.003531658323481679,0.555206835269928,0.3849373161792755,0.0005913797067478299,0.5517845749855042,0.4027888774871826,0.010594931431114674,0.5355781316757202,0.4200035035610199,0.03974108397960663,0.5549898147583008,0.41484642028808594,0.00672267097979784,0.5605467557907104,0.41756221652030945,0.0033216101583093405,0.5683042407035828,0.4191856384277344,0.0007400547619909048,0.5761324763298035,0.41841647028923035,-0.0011882614344358444,0.5824958086013794,0.41570496559143066,-0.0015894306125119328,0.5868620276451111,0.4127618670463562,-0.0025296355597674847,0.5358130931854248,0.41905033588409424,0.06200175732374191,0.5849841237068176,0.45286041498184204,-0.013422292657196522,0.5920648574829102,0.42925968766212463,-0.020947519689798355,0.5921028256416321,0.4516501724720001,-0.02754024975001812,0.5950006246566772,0.45541834831237793,-0.02483046054840088,0.592093825340271,0.4527384042739868,-0.024651136249303818,0.5862922668457031,0.4548659026622772,-0.011150863952934742,0.5959858894348145,0.45635390281677246,-0.026295240968465805,0.5966429114341736,0.45774218440055847,-0.01925002597272396,0.5877641439437866,0.4067436754703522,-0.0008496719528920949,0.5903826951980591,0.4078538417816162,-0.00406845984980464,0.591904878616333,0.4084286689758301,-0.007590543013066053,0.5601246356964111,0.4029695987701416,0.003406277159228921,0.5559870004653931,0.3953324258327484,0.0038389568217098713,0.6060836315155029,0.4262859523296356,-0.025652606040239334,0.6444427967071533,0.408832311630249,0.0022408501245081425,0.6058460474014282,0.45667994022369385,-0.019631678238511086,0.6700790524482727,0.3703645169734955,0.026001952588558197,0.626569926738739,0.4152951240539551,-0.0032501814421266317,0.632742166519165,0.41630834341049194,-0.0026553196366876364,0.6386615037918091,0.41543257236480713,-0.0009897416457533836,0.6468815803527832,0.4101214110851288,0.0036998752038925886,0.6214355826377869,0.4126979112625122,-0.002366918371990323,0.6370900869369507,0.3895649313926697,-0.006978154182434082,0.6303162574768066,0.3908005356788635,-0.006964959669858217,0.6434186100959778,0.39069998264312744,-0.004641970619559288,0.6474462151527405,0.39408549666404724,-0.002041745698079467,0.6511795520782471,0.4133554995059967,0.007340713404119015,0.6197006106376648,0.5160388946533203,0.008881024084985256,0.6467149257659912,0.4062139093875885,0.004209892824292183,0.6702232360839844,0.4068021774291992,0.032772235572338104,0.6581653356552124,0.40541884303092957,0.012697999365627766,0.6313734650611877,0.44413724541664124,-0.004825479816645384,0.610112190246582,0.4734845757484436,-0.01244661770761013,0.6089552044868469,0.48217859864234924,-0.0091186398640275,0.617659866809845,0.4754473567008972,-0.008807576261460781,0.622541069984436,0.4773271679878235,-0.0038234132807701826,0.6150631308555603,0.48165908455848694,-0.006686152890324593,0.6197850704193115,0.48126986622810364,-0.0021652095019817352,0.627288818359375,0.4875680208206177,0.007418608292937279,0.6051826477050781,0.45339342951774597,-0.030389059334993362,0.6059566736221313,0.445300817489624,-0.03286362066864967,0.6573243141174316,0.38096728920936584,-0.0006643157103098929,0.6192460060119629,0.42485252022743225,-0.007222082931548357,0.6185643076896667,0.44927477836608887,-0.016844047233462334,0.6190595030784607,0.44474682211875916,-0.015512708574533463,0.6502116918563843,0.4426770508289337,0.0026969979517161846,0.6060664653778076,0.4349658489227295,-0.030392784625291824,0.6442360877990723,0.3716038167476654,-0.011095371097326279,0.6521639823913574,0.37443816661834717,-0.006226649973541498,0.6647915840148926,0.35514214634895325,0.013035506941378117,0.6161298155784607,0.3809245228767395,-0.01571943424642086,0.6241308450698853,0.3947433531284332,-0.005082732532173395,0.6323574781417847,0.47932228446006775,0.007517134305089712,0.6579342484474182,0.479794979095459,0.05757889896631241,0.6142621040344238,0.4539203345775604,-0.01427137479186058,0.609657347202301,0.4563972055912018,-0.01384976226836443,0.6289346218109131,0.480009526014328,0.007246251218020916,0.62734055519104,0.48045721650123596,0.0057221706956624985,0.6561316847801208,0.3675581216812134,-0.0042620496824383736,0.6188657283782959,0.4519723057746887,-0.01324967760592699,0.6327469348907471,0.37299844622612,-0.014526987448334694,0.6340177059173584,0.3652963638305664,-0.016568079590797424,0.6403027772903442,0.33445531129837036,-0.011363155208528042,0.6599906086921692,0.36306795477867126,0.0029833312146365643,0.6359165906906128,0.3504147231578827,-0.01439721044152975,0.6611844897270203,0.37624940276145935,0.0036821779794991016,0.6656697988510132,0.3755759596824646,0.013922509737312794,0.6097333431243896,0.4782448410987854,-0.011387153528630733,0.6164082288742065,0.47875890135765076,-0.007908391766250134,0.6212654709815979,0.47929829359054565,-0.003426698036491871,0.6129823923110962,0.4551200866699219,-0.012522013857960701,0.6281231045722961,0.4802418053150177,0.006478027906268835,0.6249476671218872,0.4836178719997406,0.003509721951559186,0.6264760494232178,0.48071005940437317,0.005646197125315666,0.6115075945854187,0.4524921774864197,-0.022428469732403755,0.6186197400093079,0.48267024755477905,-0.0010642140405252576,0.6138848066329956,0.4835991859436035,-0.004116176161915064,0.6081844568252563,0.4845016598701477,-0.006393417250365019,0.6077452898025513,0.5053154826164246,0.0011642919853329659,0.6092382073402405,0.4999227821826935,-0.004937132820487022,0.609125018119812,0.4945850074291229,-0.006144436541944742,0.6087180376052856,0.48934441804885864,-0.005306955426931381,0.6080542802810669,0.48515841364860535,-0.00483326381072402,0.6185787320137024,0.48306894302368164,0.0001963301037903875,0.6199167966842651,0.4848301410675049,-0.0003766983572859317,0.6212759613990784,0.4872732162475586,-0.0009324261918663979,0.6222512125968933,0.49006766080856323,0.00039769793511368334,0.6259486675262451,0.4696222245693207,-0.0027530197985470295,0.6675082445144653,0.4414874315261841,0.06132620945572853,0.6221786141395569,0.4820046126842499,0.003540557576343417,0.6236034035682678,0.4827256202697754,0.0032442722003906965,0.6078746914863586,0.45936036109924316,-0.01360329333692789,0.6171740293502808,0.45599332451820374,-0.008285529911518097,0.6086971163749695,0.4579519033432007,-0.013895753771066666,0.6257796287536621,0.4292226731777191,-0.004787276964634657,0.6360220909118652,0.43413636088371277,-0.0025403492618352175,0.620142936706543,0.44776713848114014,-0.011850287206470966,0.655422568321228,0.34282344579696655,-2.256123480037786e-06,0.6506621241569519,0.35418701171875,-0.0063644228503108025,0.6469356417655945,0.3638182282447815,-0.011214924976229668,0.622189998626709,0.4946499466896057,0.0050528827123343945,0.6184112429618835,0.3688591420650482,-0.019092660397291183,0.6207756400108337,0.35003742575645447,-0.01873674802482128,0.6238718032836914,0.33034881949424744,-0.017568420618772507,0.6437845826148987,0.41355815529823303,0.001518699456937611,0.6569454669952393,0.4175029993057251,0.011045888997614384,0.6182548999786377,0.41045165061950684,-0.0018507081549614668,0.6533470153808594,0.39588814973831177,0.003391911741346121,0.615077793598175,0.4197706878185272,-0.00966278463602066,0.6151192784309387,0.4472208023071289,-0.022746125236153603,0.6642248034477234,0.4228364825248718,0.018318071961402893,0.6524648666381836,0.42377981543540955,0.006401272024959326,0.6447046995162964,0.4271359145641327,0.0012900063302367926,0.6335082650184631,0.4267125427722931,-0.0010891176061704755,0.625213086605072,0.42388230562210083,-0.0027385756839066744,0.6189598441123962,0.420393168926239,-0.004523510113358498,0.6073778867721558,0.40904897451400757,-0.01685214973986149,0.6629447937011719,0.43939536809921265,0.018515678122639656,0.6580824255943298,0.392670601606369,0.005872525740414858,0.6033132672309875,0.4571611285209656,-0.02723330818116665,0.6182912588119507,0.4325738549232483,-0.00916355848312378,0.6721973419189453,0.4050014317035675,0.052088454365730286,0.6143367290496826,0.41632702946662903,-0.0058723012916743755,0.6209536194801331,0.44778966903686523,-0.005984792951494455,0.6496443748474121,0.40475156903266907,0.005548044107854366,0.6155102252960205,0.441642165184021,-0.021038617938756943,0.6637150049209595,0.46059414744377136,0.06105482950806618,0.6185905933380127,0.4080776870250702,-0.0009566547814756632,0.6108842492103577,0.4375620186328888,-0.026860496029257774,0.6440343260765076,0.49770107865333557,0.028356438502669334,0.6424487829208374,0.5056183338165283,0.040068451315164566,0.6673949956893921,0.4410446584224701,0.03972442075610161,0.6524155735969543,0.48798316717147827,0.03430914133787155,0.6683236956596375,0.3902041018009186,0.02481314353644848,0.6196964383125305,0.5225905179977417,0.013146411627531052,0.6027361750602722,0.4585043489933014,-0.019223403185606003,0.623772144317627,0.43795862793922424,-0.006560199428349733,0.6629647016525269,0.4061908721923828,0.018495837226510048,0.6382724642753601,0.4122703969478607,-0.0011926516890525818,0.6329218745231628,0.41281747817993164,-0.002578902989625931,0.6260994672775269,0.48476165533065796,0.004558086395263672,0.6611148118972778,0.45527103543281555,0.022207560017704964,0.6098542213439941,0.5315260887145996,0.01580093428492546,0.6256293058395386,0.5217304825782776,0.02616245485842228,0.6330389976501465,0.5151504874229431,0.03227495402097702,0.6277561783790588,0.4117507040500641,-0.0027960266452282667,0.6229583621025085,0.4098546504974365,-0.001993691548705101,0.6200210452079773,0.40875405073165894,-0.0008833532920107245,0.6624164581298828,0.389828622341156,0.011460485868155956,0.624738872051239,0.40476468205451965,-0.0038587208837270737,0.6302106976509094,0.40384364128112793,-0.004901209846138954,0.6351256370544434,0.4038652777671814,-0.004648050293326378,0.6398258209228516,0.40430933237075806,-0.0029866728000342846,0.6430211663246155,0.4049968421459198,-0.0009292819304391742,0.672326922416687,0.3860737383365631,0.04016725346446037,0.6418789029121399,0.4106922447681427,0.0006711237947456539,0.6197579503059387,0.46642401814460754,-0.006711040157824755,0.6142348051071167,0.4530688524246216,-0.016554798930883408,0.6086004376411438,0.46556273102760315,-0.012366896495223045,0.6351833939552307,0.5073630809783936,0.024132385849952698,0.627418577671051,0.5148612856864929,0.01910635642707348,0.6102637648582458,0.5279044508934021,0.008084222674369812,0.6505058407783508,0.4947608411312103,0.04955851659178734,0.6205629706382751,0.40660855174064636,-0.0021409254986792803,0.610794186592102,0.42226487398147583,-0.01755383051931858,0.6181707382202148,0.5275292992591858,0.019785400480031967,0.6641039252281189,0.45844772458076477,0.04086274653673172,0.6137962341308594,0.48417818546295166,-0.0026433223392814398,0.6150109171867371,0.4873049557209015,-0.0032106663566082716,0.6159606575965881,0.49125295877456665,-0.0038911900483071804,0.6165081858634949,0.49595096707344055,-0.00262632523663342,0.615817129611969,0.5008837580680847,0.0025096943136304617,0.623702347278595,0.4807697832584381,0.0020646112971007824,0.6250747442245483,0.4797438681125641,0.0020414981991052628,0.6262339949607849,0.4786927103996277,0.0018063888419419527,0.6306449174880981,0.47372761368751526,0.0021657429169863462,0.6540514826774597,0.45953673124313354,0.010728548280894756,0.6111273169517517,0.41388824582099915,-0.012921521440148354,0.614840567111969,0.3993953466415405,-0.005419015884399414,0.6182664632797241,0.40184542536735535,-0.0032344653736799955,0.6222794651985168,0.4817715883255005,0.002709649270400405,0.65228271484375,0.4774128496646881,0.021819623187184334,0.6091902852058411,0.39816370606422424,-0.012551742605865002,0.6180194616317749,0.5083411931991577,0.0059639811515808105,0.6067317128181458,0.41826266050338745,-0.021895570680499077,0.6144387722015381,0.43467646837234497,-0.016564704477787018,0.6089874505996704,0.5133110880851746,0.002978409407660365,0.6311763525009155,0.4920863211154938,0.010840496979653835,0.6260659098625183,0.4537455439567566,-0.0036650970578193665,0.6249313354492188,0.5011594295501709,0.008870161138474941,0.6413347721099854,0.4531029462814331,-0.0014223878970369697,0.6321984529495239,0.4611753523349762,-0.001310262130573392,0.6457945704460144,0.4649294912815094,0.004596315324306488,0.6101647615432739,0.5218467712402344,0.0042661200277507305,0.6177721619606018,0.438627690076828,-0.012051000259816647,0.6347938179969788,0.4987771213054657,0.016706187278032303,0.6269884705543518,0.5076048970222473,0.01374644972383976,0.636955738067627,0.48220905661582947,0.009898347780108452,0.6583454608917236,0.46832719445228577,0.025873662903904915,0.6437657475471497,0.4848502576351166,0.015395989641547203,0.6595566272735596,0.47411811351776123,0.04040171951055527,0.6369521617889404,0.46946537494659424,0.0027367505244910717,0.6143801212310791,0.4273822009563446,-0.013001819141209126,0.613283634185791,0.451104074716568,-0.023755095899105072,0.6167376041412354,0.4521560072898865,-0.017192736268043518,0.610794186592102,0.44606679677963257,-0.027920201420783997,0.6206770539283752,0.39014381170272827,-0.007891244255006313,0.6311410665512085,0.38376104831695557,-0.008922386914491653,0.6398334503173828,0.382551372051239,-0.008264224044978619,0.6467974781990051,0.384368896484375,-0.005506069399416447,0.6515201926231384,0.38858968019485474,-0.0016231979243457317,0.6533927321434021,0.4049609899520874,0.008228112012147903,0.6695220470428467,0.4239787459373474,0.036578644067049026,0.6477042436599731,0.4174228310585022,0.004529046360403299,0.6413297653198242,0.42004165053367615,0.0014067876618355513,0.6333426833152771,0.4206962287425995,-0.000847668678034097,0.6258032917976379,0.41901126503944397,-0.0024557490833103657,0.6199038028717041,0.41613951325416565,-0.002540915971621871,0.6159982085227966,0.41338902711868286,-0.003303072415292263,0.6701585650444031,0.4230702221393585,0.05857059732079506,0.6166394948959351,0.4535897672176361,-0.014114691875874996,0.6104897856712341,0.42974069714546204,-0.021457616239786148,0.6091662049293518,0.4520608186721802,-0.027917252853512764,0.6062294244766235,0.45571964979171753,-0.025037260726094246,0.6092739105224609,0.4531819820404053,-0.025035584345459938,0.6152985095977783,0.4555332064628601,-0.011736677028238773,0.6051158308982849,0.4565839171409607,-0.026459453627467155,0.6045035123825073,0.4579067528247833,-0.019411476328969002,0.6163386702537537,0.4076801538467407,-0.0016195522621273994,0.6131696701049805,0.40872621536254883,-0.0046583907678723335,0.6110246777534485,0.40992283821105957,-0.008097703568637371,0.6450709104537964,0.4055860638618469,0.0013386019272729754,0.6499465107917786,0.39820364117622375,0.0016325233737006783,0.5725682377815247,0.40652698278427124,0.00023676642740610987,0.578723132610321,0.4070113003253937,0.00023676642740610987,0.5728951692581177,0.39904770255088806,0.00023676642740610987,0.566307544708252,0.40598854422569275,0.00023676642740610987,0.5722132921218872,0.41380774974823,0.00023676642740610987,0.6330195069313049,0.408521443605423,-0.0013378545409068465,0.6390140652656555,0.4085434675216675,-0.0013378545409068465,0.6330721378326416,0.40144503116607666,-0.0013378545409068465,0.6271076798439026,0.40847048163414,-0.0013378545409068465,0.6330007910728455,0.41544270515441895,-0.0013378545409068465
