time,X_0,Y_0,Z_0,X_1,Y_1,Z_1,X_2,Y_2,Z_2,X_3,Y_3,Z_3,X_4,Y_4,Z_4,X_5,Y_5,Z_5,X_6,Y_6,Z_6,X_7,Y_7,Z_7,X_8,Y_8,Z_8,X_9,Y_9,Z_9,X_10,Y_10,Z_10,X_11,Y_11,Z_11,X_12,Y_12,Z_12,X_13,Y_13,Z_13,X_14,Y_14,Z_14,X_15,Y_15,Z_15,X_16,Y_16,Z_16,X_17,Y_17,Z_17,X_18,Y_18,Z_18,X_19,Y_19,Z_19,X_20,Y_20,Z_20,X_21,Y_21,Z_21,X_22,Y_22,Z_22,X_23,Y_23,Z_23,X_24,Y_24,Z_24,X_25,Y_25,Z_25,X_26,Y_26,Z_26,X_27,Y_27,Z_27,X_28,Y_28,Z_28,X_29,Y_29,Z_29,X_30,Y_30,Z_30,X_31,Y_31,Z_31,X_32,Y_32,Z_32,X_33,Y_33,Z_33,X_34,Y_34,Z_34,X_35,Y_35,Z_35,X_36,Y_36,Z_36,X_37,Y_37,Z_37,X_38,Y_38,Z_38,X_39,Y_39,Z_39,X_40,Y_40,Z_40,X_41,Y_41,Z_41,X_42,Y_42,Z_42,X_43,Y_43,Z_43,X_44,Y_44,Z_44,X_45,Y_45,Z_45,X_46,Y_46,Z_46,X_47,Y_47,Z_47,X_48,Y_48,Z_48,X_49,Y_49,Z_49,X_50,Y_50,Z_50,X_51,Y_51,Z_51,X_52,Y_52,Z_52,X_53,Y_53,Z_53,X_54,Y_54,Z_54,X_55,Y_55,Z_55,X_56,Y_56,Z_56,X_57,Y_57,Z_57,X_58,Y_58,Z_58,X_59,Y_59,Z_59,X_60,Y_60,Z_60,X_61,Y_61,Z_61,X_62,Y_62,Z_62,X_63,Y_63,Z_63,X_64,Y_64,Z_64,X_65,Y_65,Z_65,X_66,Y_66,Z_66,X_67,Y_67,Z_67,X_68,Y_68,Z_68,X_69,Y_69,Z_69,X_70,Y_70,Z_70,X_71,Y_71,Z_71,X_72,Y_72,Z_72,X_73,Y_73,Z_73,X_74,Y_74,Z_74,X_75,Y_75,Z_75,X_76,Y_76,Z_76,X_77,Y_77,Z_77,X_78,Y_78,Z_78,X_79,Y_79,Z_79,X_80,Y_80,Z_80,X_81,Y_81,Z_81,X_82,Y_82,Z_82,X_83,Y_83,Z_83,X_84,Y_84,Z_84,X_85,Y_85,Z_85,X_86,Y_86,Z_86,X_87,Y_87,Z_87,X_88,Y_88,Z_88,X_89,Y_89,Z_89,X_90,Y_90,Z_90,X_91,Y_91,Z_91,X_92,Y_92,Z_92,X_93,Y_93,Z_93,X_94,Y_94,Z_94,X_95,Y_95,Z_95,X_96,Y_96,Z_96,X_97,Y_97,Z_97,X_98,Y_98,Z_98,X_99,Y_99,Z_99,X_100,Y_100,Z_100,X_101,Y_101,Z_101,X_102,Y_102,Z_102,X_103,Y_103,Z_103,X_104,Y_104,Z_104,X_105,Y_105,Z_105,X_106,Y_106,Z_106,X_107,Y_107,Z_107,X_108,Y_108,Z_108,X_109,Y_109,Z_109,X_110,Y_110,Z_110,X_111,Y_111,Z_111,X_112,Y_112,Z_112,X_113,Y_113,Z_113,X_114,Y_114,Z_114,X_115,Y_115,Z_115,X_116,Y_116,Z_116,X_117,Y_117,Z_117,X_118,Y_118,Z_118,X_119,Y_119,Z_119,X_120,Y_120,Z_120,X_121,Y_121,Z_121,X_122,Y_122,Z_122,X_123,Y_123,Z_123,X_124,Y_124,Z_124,X_125,Y_125,Z_125,X_126,Y_126,Z_126,X_127,Y_127,Z_127,X_128,Y_128,Z_128,X_129,Y_129,Z_129,X_130,Y_130,Z_130,X_131,Y_131,Z_131,X_132,Y_132,Z_132,X_133,Y_133,Z_133,X_134,Y_134,Z_134,X_135,Y_135,Z_135,X_136,Y_136,Z_136,X_137,Y_137,Z_137,X_138,Y_138,Z_138,X_139,Y_139,Z_139,X_140,Y_140,Z_140,X_141,Y_141,Z_141,X_142,Y_142,Z_142,X_143,Y_143,Z_143,X_144,Y_144,Z_144,X_145,Y_145,Z_145,X_146,Y_146,Z_146,X_147,Y_147,Z_147,X_148,Y_148,Z_148,X_149,Y_149,Z_149,X_150,Y_150,Z_150,X_151,Y_151,Z_151,X_152,Y_152,Z_152,X_153,Y_153,Z_153,X_154,Y_154,Z_154,X_155,Y_155,Z_155,X_156,Y_156,Z_156,X_157,Y_157,Z_157,X_158,Y_158,Z_158,X_159,Y_159,Z_159,X_160,Y_160,Z_160,X_161,Y_161,Z_161,X_162,Y_162,Z_162,X_163,Y_163,Z_163,X_164,Y_164,Z_164,X_165,Y_165,Z_165,X_166,Y_166,Z_166,X_167,Y_167,Z_167,X_168,Y_168,Z_168,X_169,Y_169,Z_169,X_170,Y_170,Z_170,X_171,Y_171,Z_171,X_172,Y_172,Z_172,X_173,Y_173,Z_173,X_174,Y_174,Z_174,X_175,Y_175,Z_175,X_176,Y_176,Z_176,X_177,Y_177,Z_177,X_178,Y_178,Z_178,X_179,Y_179,Z_179,X_180,Y_180,Z_180,X_181,Y_181,Z_181,X_182,Y_182,Z_182,X_183,Y_183,Z_183,X_184,Y_184,Z_184,X_185,Y_185,Z_185,X_186,Y_186,Z_186,X_187,Y_187,Z_187,X_188,Y_188,Z_188,X_189,Y_189,Z_189,X_190,Y_190,Z_190,X_191,Y_191,Z_191,X_192,Y_192,Z_192,X_193,Y_193,Z_193,X_194,Y_194,Z_194,X_195,Y_195,Z_195,X_196,Y_196,Z_196,X_197,Y_197,Z_197,X_198,Y_198,Z_198,X_199,Y_199,Z_199,X_200,Y_200,Z_200,X_201,Y_201,Z_201,X_202,Y_202,Z_202,X_203,Y_203,Z_203,X_204,Y_204,Z_204,X_205,Y_205,Z_205,X_206,Y_206,Z_206,X_207,Y_207,Z_207,X_208,Y_208,Z_208,X_209,Y_209,Z_209,X_210,Y_210,Z_210,X_211,Y_211,Z_211,X_212,Y_212,Z_212,X_213,Y_213,Z_213,X_214,Y_214,Z_214,X_215,Y_215,Z_215,X_216,Y_216,Z_216,X_217,Y_217,Z_217,X_218,Y_218,Z_218,X_219,Y_219,Z_219,X_220,Y_220,Z_220,X_221,Y_221,Z_221,X_222,Y_222,Z_222,X_223,Y_223,Z_223,X_224,Y_224,Z_224,X_225,Y_225,Z_225,X_226,Y_226,Z_226,X_227,Y_227,Z_227,X_228,Y_228,Z_228,X_229,Y_229,Z_229,X_230,Y_230,Z_230,X_231,Y_231,Z_231,X_232,Y_232,Z_232,X_233,Y_233,Z_233,X_234,Y_234,Z_234,X_235,Y_235,Z_235,X_236,Y_236,Z_236,X_237,Y_237,Z_237,X_238,Y_238,Z_238,X_239,Y_239,Z_239,X_240,Y_240,Z_240,X_241,Y_241,Z_241,X_242,Y_242,Z_242,X_243,Y_243,Z_243,X_244,Y_244,Z_244,X_245,Y_245,Z_245,X_246,Y_246,Z_246,X_247,Y_247,Z_247,X_248,Y_248,Z_248,X_249,Y_249,Z_249,X_250,Y_250,Z_250,X_251,Y_251,Z_251,X_252,Y_252,Z_252,X_253,Y_253,Z_253,X_254,Y_254,Z_254,X_255,Y_255,Z_255,X_256,Y_256,Z_256,X_257,Y_257,Z_257,X_258,Y_258,Z_258,X_259,Y_259,Z_259,X_260,Y_260,Z_260,X_261,Y_261,Z_261,X_262,Y_262,Z_262,X_263,Y_263,Z_263,X_264,Y_264,Z_264,X_265,Y_265,Z_265,X_266,Y_266,Z_266,X_267,Y_267,Z_267,X_268,Y_268,Z_268,X_269,Y_269,Z_269,X_270,Y_270,Z_270,X_271,Y_271,Z_271,X_272,Y_272,Z_272,X_273,Y_273,Z_273,X_274,Y_274,Z_274,X_275,Y_275,Z_275,X_276,Y_276,Z_276,X_277,Y_277,Z_277,X_278,Y_278,Z_278,X_279,Y_279,Z_279,X_280,Y_280,Z_280,X_281,Y_281,Z_281,X_282,Y_282,Z_282,X_283,Y_283,Z_283,X_284,Y_284,Z_284,X_285,Y_285,Z_285,X_286,Y_286,Z_286,X_287,Y_287,Z_287,X_288,Y_288,Z_288,X_289,Y_289,Z_289,X_290,Y_290,Z_290,X_291,Y_291,Z_291,X_292,Y_292,Z_292,X_293,Y_293,Z_293,X_294,Y_294,Z_294,X_295,Y_295,Z_295,X_296,Y_296,Z_296,X_297,Y_297,Z_297,X_298,Y_298,Z_298,X_299,Y_299,Z_299,X_300,Y_300,Z_300,X_301,Y_301,Z_301,X_302,Y_302,Z_302,X_303,Y_303,Z_303,X_304,Y_304,Z_304,X_305,Y_305,Z_305,X_306,Y_306,Z_306,X_307,Y_307,Z_307,X_308,Y_308,Z_308,X_309,Y_309,Z_309,X_310,Y_310,Z_310,X_311,Y_311,Z_311,X_312,Y_312,Z_312,X_313,Y_313,Z_313,X_314,Y_314,Z_314,X_315,Y_315,Z_315,X_316,Y_316,Z_316,X_317,Y_317,Z_317,X_318,Y_318,Z_318,X_319,Y_319,Z_319,X_320,Y_320,Z_320,X_321,Y_321,Z_321,X_322,Y_322,Z_322,X_323,Y_323,Z_323,X_324,Y_324,Z_324,X_325,Y_325,Z_325,X_326,Y_326,Z_326,X_327,Y_327,Z_327,X_328,Y_328,Z_328,X_329,Y_329,Z_329,X_330,Y_330,Z_330,X_331,Y_331,Z_331,X_332,Y_332,Z_332,X_333,Y_333,Z_333,X_334,Y_334,Z_334,X_335,Y_335,Z_335,X_336,Y_336,Z_336,X_337,Y_337,Z_337,X_338,Y_338,Z_338,X_339,Y_339,Z_339,X_340,Y_340,Z_340,X_341,Y_341,Z_341,X_342,Y_342,Z_342,X_343,Y_343,Z_343,X_344,Y_344,Z_344,X_345,Y_345,Z_345,X_346,Y_346,Z_346,X_347,Y_347,Z_347,X_348,Y_348,Z_348,X_349,Y_349,Z_349,X_350,Y_350,Z_350,X_351,Y_351,Z_351,X_352,Y_352,Z_352,X_353,Y_353,Z_353,X_354,Y_354,Z_354,X_355,Y_355,Z_355,X_356,Y_356,Z_356,X_357,Y_357,Z_357,X_358,Y_358,Z_358,X_359,Y_359,Z_359,X_360,Y_360,Z_360,X_361,Y_361,Z_361,X_362,Y_362,Z_362,X_363,Y_363,Z_363,X_364,Y_364,Z_364,X_365,Y_365,Z_365,X_366,Y_366,Z_366,X_367,Y_367,Z_367,X_368,Y_368,Z_368,X_369,Y_369,Z_369,X_370,Y_370,Z_370,X_371,Y_371,Z_371,X_372,Y_372,Z_372,X_373,Y_373,Z_373,X_374,Y_374,Z_374,X_375,Y_375,Z_375,X_376,Y_376,Z_376,X_377,Y_377,Z_377,X_378,Y_378,Z_378,X_379,Y_379,Z_379,X_380,Y_380,Z_380,X_381,Y_381,Z_381,X_382,Y_382,Z_382,X_383,Y_383,Z_383,X_384,Y_384,Z_384,X_385,Y_385,Z_385,X_386,Y_386,Z_386,X_387,Y_387,Z_387,X_388,Y_388,Z_388,X_389,Y_389,Z_389,X_390,Y_390,Z_390,X_391,Y_391,Z_391,X_392,Y_392,Z_392,X_393,Y_393,Z_393,X_394,Y_394,Z_394,X_395,Y_395,Z_395,X_396,Y_396,Z_396,X_397,Y_397,Z_397,X_398,Y_398,Z_398,X_399,Y_399,Z_399,X_400,Y_400,Z_400,X_401,Y_401,Z_401,X_402,Y_402,Z_402,X_403,Y_403,Z_403,X_404,Y_404,Z_404,X_405,Y_405,Z_405,X_406,Y_406,Z_406,X_407,Y_407,Z_407,X_408,Y_408,Z_408,X_409,Y_409,Z_409,X_410,Y_410,Z_410,X_411,Y_411,Z_411,X_412,Y_412,Z_412,X_413,Y_413,Z_413,X_414,Y_414,Z_414,X_415,Y_415,Z_415,X_416,Y_416,Z_416,X_417,Y_417,Z_417,X_418,Y_418,Z_418,X_419,Y_419,Z_419,X_420,Y_420,Z_420,X_421,Y_421,Z_421,X_422,Y_422,Z_422,X_423,Y_423,Z_423,X_424,Y_424,Z_424,X_425,Y_425,Z_425,X_426,Y_426,Z_426,X_427,Y_427,Z_427,X_428,Y_428,Z_428,X_429,Y_429,Z_429,X_430,Y_430,Z_430,X_431,Y_431,Z_431,X_432,Y_432,Z_432,X_433,Y_433,Z_433,X_434,Y_434,Z_434,X_435,Y_435,Z_435,X_436,Y_436,Z_436,X_437,Y_437,Z_437,X_438,Y_438,Z_438,X_439,Y_439,Z_439,X_440,Y_440,Z_440,X_441,Y_441,Z_441,X_442,Y_442,Z_442,X_443,Y_443,Z_443,X_444,Y_444,Z_444,X_445,Y_445,Z_445,X_446,Y_446,Z_446,X_447,Y_447,Z_447,X_448,Y_448,Z_448,X_449,Y_449,Z_449,X_450,Y_450,Z_450,X_451,Y_451,Z_451,X_452,Y_452,Z_452,X_453,Y_453,Z_453,X_454,Y_454,Z_454,X_455,Y_455,Z_455,X_456,Y_456,Z_456,X_457,Y_457,Z_457,X_458,Y_458,Z_458,X_459,Y_459,Z_459,X_460,Y_460,Z_460,X_461,Y_461,Z_461,X_462,Y_462,Z_462,X_463,Y_463,Z_463,X_464,Y_464,Z_464,X_465,Y_465,Z_465,X_466,Y_466,Z_466,X_467,Y_467,Z_467,X_468,Y_468,Z_468,X_469,Y_469,Z_469,X_470,Y_470,Z_470,X_471,Y_471,Z_471,X_472,Y_472,Z_472,X_473,Y_473,Z_473,X_474,Y_474,Z_474,X_475,Y_475,Z_475,X_476,Y_476,Z_476,X_477,Y_477,Z_477
0,0.4936281442642212,0.4477529525756836,-0.008820408023893833,0.49260133504867554,0.43125027418136597,-0.033630553632974625,0.4927220046520233,0.43546926975250244,-0.014594492502510548,0.484155535697937,0.39723408222198486,-0.030883533880114555,0.4917542636394501,0.42194584012031555,-0.03740348294377327,0.4905117452144623,0.40778404474258423,-0.03704715147614479,0.4873709976673126,0.37101075053215027,-0.026354901492595673,0.4382815957069397,0.36336374282836914,-0.0017217014683410525,0.48487424850463867,0.344505250453949,-0.026314685121178627,0.4836788475513458,0.33118876814842224,-0.030404873192310333,0.47879403829574585,0.2767478823661804,-0.03426255285739899,0.4937833547592163,0.4504369795322418,-0.007144215516746044,0.49392715096473694,0.4530598223209381,-0.004699273034930229,0.4940408766269684,0.4549105167388916,-0.0010107626440003514,0.4938351809978485,0.4547922611236572,0.0010502010118216276,0.494186133146286,0.4591113328933716,0.0012069442309439182,0.494560182094574,0.46409541368484497,0.0004515634209383279,0.49485063552856445,0.4689556360244751,0.002057744888588786,0.49732598662376404,0.4828885495662689,0.008761025033891201,0.4928978383541107,0.43468543887138367,-0.029506826773285866,0.4858974516391754,0.433452308177948,-0.020410409197211266,0.4081116318702698,0.3249412775039673,0.01918536052107811,0.45834851264953613,0.37006810307502747,-0.0070428368635475636,0.45157769322395325,0.3714914917945862,-0.006447992287576199,0.44478753209114075,0.3719887435436249,-0.004771181847900152,0.4355936646461487,0.3671779930591583,7.634746725670993e-05,0.46388885378837585,0.36776459217071533,-0.006522565148770809,0.44575268030166626,0.34767472743988037,-0.012864558957517147,0.45397889614105225,0.34802377223968506,-0.012981287203729153,0.43856412172317505,0.3496169149875641,-0.010372864082455635,0.43424588441848755,0.35303622484207153,-0.007364159915596247,0.43025755882263184,0.3739433288574219,0.004432132467627525,0.4758461117744446,0.49552205204963684,0.020353730767965317,0.43551021814346313,0.36140480637550354,5.207076537772082e-05,0.40959078073501587,0.3675616681575775,0.03184983879327774,0.4223637282848358,0.36786410212516785,0.009455033577978611,0.45688050985336304,0.4150676429271698,-0.004939341451972723,0.48445409536361694,0.44702088832855225,-0.008460473269224167,0.4857451319694519,0.4532882273197174,-0.0037644882686436176,0.4765235185623169,0.44866111874580383,-0.004070235416293144,0.4711958169937134,0.44982466101646423,0.0019864055793732405,0.47893595695495605,0.4529561698436737,-0.000847941730171442,0.4737268090248108,0.4526068866252899,0.0043571158312261105,0.46415385603904724,0.46413785219192505,0.016329333186149597,0.48714807629585266,0.4315846562385559,-0.03317267820239067,0.4856015145778656,0.4224556088447571,-0.036722779273986816,0.42422348260879517,0.34753063321113586,-0.007972026243805885,0.469241201877594,0.3905376195907593,-0.010432678274810314,0.4706607162952423,0.42420366406440735,-0.017756562680006027,0.46989721059799194,0.4180794358253479,-0.016623293980956078,0.4359426498413086,0.41323888301849365,0.00297206686809659,0.4847201108932495,0.4091920852661133,-0.03507280349731445,0.439829558134079,0.3388465642929077,-0.020567772909998894,0.4303041398525238,0.3417678475379944,-0.015085399150848389,0.4131905138492584,0.30942583084106445,0.003277900628745556,0.4711218476295471,0.3451579809188843,-0.024783460423350334,0.46114641427993774,0.3509156107902527,-0.010579208843410015,0.4577173888683319,0.45573651790618896,0.01569048874080181,0.42813199758529663,0.44808462262153625,0.06859222799539566,0.47571760416030884,0.42936936020851135,-0.01441563107073307,0.48123422265052795,0.4318379759788513,-0.013855936005711555,0.4637576937675476,0.45112699270248413,0.015425007790327072,0.46542492508888245,0.4515473544597626,0.013710039667785168,0.4265037178993225,0.33581507205963135,-0.013410687446594238,0.47024014592170715,0.42625725269317627,-0.01333494484424591,0.4532700181007385,0.33935636281967163,-0.023989534005522728,0.4514511823654175,0.3318692147731781,-0.027102893218398094,0.43886005878448486,0.2867657244205475,-0.02522817812860012,0.41976648569107056,0.322338730096817,-0.006355713587254286,0.44559958577156067,0.30831506848335266,-0.026836208999156952,0.4202568829059601,0.34282228350639343,-0.003628063714131713,0.4139310121536255,0.3345850706100464,0.0070472341030836105,0.48494717478752136,0.4504217803478241,-0.006693361792713404,0.4776628315448761,0.45094308257102966,-0.0024745308328419924,0.4723398983478546,0.45122435688972473,0.0028003137558698654,0.4771086573600769,0.43030908703804016,-0.012595348991453648,0.464639812707901,0.451362282037735,0.014511790126562119,0.46823838353157043,0.45466580986976624,0.011592206545174122,0.46622395515441895,0.4517448842525482,0.013545768335461617,0.47934043407440186,0.4294513463973999,-0.024190379306674004,0.47487372159957886,0.4536626935005188,0.0058326516300439835,0.48015016317367554,0.4544580578804016,0.0023541462142020464,0.48661482334136963,0.45513272285461426,-0.00023654630058445036,0.48823848366737366,0.48328641057014465,0.009209442883729935,0.48611703515052795,0.4691198468208313,0.002520257607102394,0.4859875440597534,0.4641881287097931,0.0010903417132794857,0.48613134026527405,0.4592100977897644,0.001911432365886867,0.48649752140045166,0.4551369845867157,0.0018310751765966415,0.4747774004936218,0.4536926746368408,0.00740608386695385,0.4736933708190918,0.4556814730167389,0.0071657076478004456,0.4725291430950165,0.4582303464412689,0.006896957289427519,0.47164544463157654,0.4609990417957306,0.008495490998029709,0.4642345607280731,0.44600018858909607,0.0017828347627073526,0.4142220616340637,0.4030512571334839,0.06735575199127197,0.49287548661231995,0.4352281391620636,-0.02007436379790306,0.4708389937877655,0.45275387167930603,0.01111550536006689,0.4695221483707428,0.45367133617401123,0.011116365902125835,0.48378103971481323,0.4349474608898163,-0.012875372543931007,0.47230464220046997,0.4299933612346649,-0.007250215392559767,0.4825751781463623,0.43346643447875977,-0.013672999106347561,0.46257251501083374,0.39561551809310913,-0.007068233098834753,0.45162156224250793,0.4023422598838806,-0.004176574293524027,0.46876880526542664,0.420771986246109,-0.01213968638330698,0.42276984453201294,0.29645562171936035,-0.012048056349158287,0.42968741059303284,0.3130846321582794,-0.017353421077132225,0.4370887577533722,0.331489235162735,-0.021304745227098465,0.4708956480026245,0.47204768657684326,0.013934878632426262,0.4680428206920624,0.33326590061187744,-0.029760057106614113,0.4622407555580139,0.30602410435676575,-0.0318680964410305,0.45695599913597107,0.28062042593955994,-0.03255094960331917,0.4390352964401245,0.37045568227767944,-0.0021815088111907244,0.4234996438026428,0.38099342584609985,0.009191376157104969,0.46729543805122375,0.3654918968677521,-0.006131222005933523,0.42804285883903503,0.357125461101532,-0.0017904903506860137,0.47352468967437744,0.3850146532058716,-0.013778693042695522,0.4747984707355499,0.4232497215270996,-0.024894878268241882,0.4177483320236206,0.3883158266544342,0.017948009073734283,0.4280852675437927,0.38795360922813416,0.004813267849385738,0.4367709755897522,0.39172327518463135,-0.00044387474190443754,0.450095534324646,0.38950681686401367,-0.003396285930648446,0.4597535729408264,0.38491347432136536,-0.00548206502571702,0.4665400981903076,0.3803681433200836,-0.008133194409310818,0.4813832938671112,0.37378236651420593,-0.023524878546595573,0.4205441474914551,0.4077352285385132,0.020283235237002373,0.4228008985519409,0.3563699424266815,0.00048072129720821977,0.48945116996765137,0.43482449650764465,-0.029185542836785316,0.4705542027950287,0.40099871158599854,-0.011313299648463726,0.4070645570755005,0.36183759570121765,0.05235336348414421,0.47154611349105835,0.3755178451538086,-0.010219353251159191,0.4678468406200409,0.41961872577667236,-0.005441934335976839,0.43245387077331543,0.3620923161506653,0.0014515442308038473,0.4739704430103302,0.41556888818740845,-0.023507094010710716,0.4199758470058441,0.42527931928634644,0.06952346861362457,0.46675190329551697,0.36195874214172363,-0.005419394467025995,0.4792289733886719,0.41170886158943176,-0.030683714896440506,0.44590818881988525,0.4732520580291748,0.039998725056648254,0.4482596814632416,0.48024114966392517,0.05303443595767021,0.41487181186676025,0.4068334102630615,0.04403335973620415,0.4355472922325134,0.4615018665790558,0.04497222229838371,0.4111909866333008,0.3494868874549866,0.020840074867010117,0.47619864344596863,0.5031102299690247,0.026132073253393173,0.4900355935096741,0.43524953722953796,-0.019695788621902466,0.46474355459213257,0.40717074275016785,-0.007570276502519846,0.4173421561717987,0.3693121075630188,0.016002902761101723,0.44526156783103943,0.3655228912830353,-0.005133730825036764,0.4511869549751282,0.3655370771884918,-0.006602104287594557,0.46709489822387695,0.4557335376739502,0.012898514978587627,0.4237048327922821,0.425740122795105,0.026791928336024284,0.48844319581985474,0.5129300355911255,0.029858194291591644,0.46937596797943115,0.5006421804428101,0.039964430034160614,0.46014630794525146,0.49210888147354126,0.04579324275255203,0.4812207818031311,0.30358046293258667,-0.033275291323661804,0.5005583763122559,0.5133274793624878,0.028516927734017372,0.45679429173469543,0.3644455373287201,-0.0069790491834282875,0.4620029926300049,0.3629741370677948,-0.00629725307226181,0.465310275554657,0.3624034821987152,-0.0053177326917648315,0.41841521859169006,0.3538933992385864,0.00646492512896657,0.46042221784591675,0.3570176959037781,-0.008806103840470314,0.4542928636074066,0.3554442822933197,-0.010130501352250576,0.4482653737068176,0.355633944272995,-0.009870174340903759,0.4425143897533417,0.3571506142616272,-0.008015025407075882,0.43901529908180237,0.3590524196624756,-0.005601001903414726,0.4061850309371948,0.34139084815979004,0.036699146032333374,0.4412238299846649,0.3645716905593872,-0.003283077385276556,0.49317097663879395,0.4407854676246643,-0.011231853626668453,0.47080326080322266,0.4425262212753296,-0.003766279900446534,0.4758443534374237,0.42901062965393066,-0.01744217425584793,0.48365023732185364,0.44166550040245056,-0.010446813888847828,0.4860205352306366,0.35661718249320984,-0.024105073884129524,0.4568694233894348,0.4845622777938843,0.03674567863345146,0.46654215455055237,0.4935697019100189,0.032083503901958466,0.48739686608314514,0.5091982483863831,0.021003250032663345,0.4379846453666687,0.4665567874908447,0.06165243312716484,0.4646749198436737,0.35989588499069214,-0.006906419526785612,0.47852617502212524,0.39047694206237793,-0.02238384820520878,0.500058114528656,0.5092995166778564,0.01990504004061222,0.47852712869644165,0.508236289024353,0.033747825771570206,0.4197999835014343,0.4267020523548126,0.047681231051683426,0.4800912141799927,0.4545176327228546,0.004252199549227953,0.47921881079673767,0.4577885568141937,0.004135191906243563,0.47856006026268005,0.4617268443107605,0.0036958991549909115,0.4783037304878235,0.466279000043869,0.0052225906401872635,0.47873660922050476,0.47905969619750977,0.010994934476912022,0.46950769424438477,0.45203155279159546,0.009186284616589546,0.46821266412734985,0.45127609372138977,0.00913430005311966,0.46708089113235474,0.45044514536857605,0.008724011480808258,0.45932459831237793,0.4502878189086914,0.00838363729417324,0.4323699474334717,0.43214935064315796,0.014507332816720009,0.4775395393371582,0.37886932492256165,-0.018264662474393845,0.4718433916568756,0.3567068874835968,-0.011167011223733425,0.46752339601516724,0.3571697771549225,-0.008558430708944798,0.4708831012248993,0.45278671383857727,0.010055863298475742,0.4352532625198364,0.4513005018234253,0.02972300723195076,0.47764939069747925,0.3575994074344635,-0.019559230655431747,0.4770050048828125,0.48672807216644287,0.01583762653172016,0.48947274684906006,0.3954738974571228,-0.03319777548313141,0.48281675577163696,0.3862590789794922,-0.028050711378455162,0.4885024130344391,0.38388022780418396,-0.02974715828895569,0.4750292897224426,0.40553340315818787,-0.0195124763995409,0.49928605556488037,0.5017886161804199,0.01447662990540266,0.4982353448867798,0.4917277693748474,0.011890390887856483,0.4876733720302582,0.49207016825675964,0.013045866042375565,0.46010714769363403,0.4686572253704071,0.020523009821772575,0.46265867352485657,0.4265342354774475,-0.002298489911481738,0.4682096540927887,0.4785653352737427,0.018852125853300095,0.4464769661426544,0.4261622130870819,2.9592480132123455e-05,0.45690834522247314,0.43547138571739197,0.0015068600187078118,0.4421786963939667,0.43924903869628906,0.008944270201027393,0.4870867431163788,0.5019707083702087,0.01579853519797325,0.471285879611969,0.4093179404735565,-0.013661934062838554,0.45673537254333496,0.47577738761901855,0.027640877291560173,0.46649420261383057,0.4857398271560669,0.02533647045493126,0.4527849555015564,0.45818930864334106,0.018220603466033936,0.4276946485042572,0.4403088688850403,0.03279643878340721,0.44536495208740234,0.46050354838371277,0.024083688855171204,0.4262348711490631,0.4448517858982086,0.04957810416817665,0.45231789350509644,0.4447391629219055,0.007695505861192942,0.47466564178466797,0.39562636613845825,-0.01644066534936428,0.4772230386734009,0.42812931537628174,-0.025857333093881607,0.47290828824043274,0.4278585612773895,-0.017926402390003204,0.4799302816390991,0.42299437522888184,-0.0311793964356184,0.4658470153808594,0.3496931195259094,-0.014596246182918549,0.4538295865058899,0.345046728849411,-0.016426702961325645,0.4433167278766632,0.3445888161659241,-0.015799032524228096,0.43506282567977905,0.34672558307647705,-0.012665488757193089,0.42992445826530457,0.35076430439949036,-0.008199119009077549,0.42811039090156555,0.3650628328323364,0.004392863251268864,0.4113397002220154,0.3872736990451813,0.038364872336387634,0.43409812450408936,0.37793487310409546,0.0018559274030849338,0.4412824213504791,0.3807205557823181,-0.0015263502718880773,0.45066261291503906,0.37988606095314026,-0.003970884718000889,0.45926424860954285,0.3769468069076538,-0.0056352620013058186,0.46564778685569763,0.3736577332019806,-0.006431043613702059,0.46996837854385376,0.37074723839759827,-0.00741673493757844,0.41024476289749146,0.3819712698459625,0.06184716522693634,0.4728744626045227,0.42867839336395264,-0.014278286136686802,0.4793269634246826,0.4008280038833618,-0.02565413899719715,0.48220062255859375,0.4300847053527832,-0.03052174299955368,0.4855908751487732,0.4330959618091583,-0.02681673876941204,0.48198944330215454,0.43061742186546326,-0.02715182863175869,0.4744400084018707,0.43023741245269775,-0.01138588972389698,0.4871729910373688,0.43428853154182434,-0.02832925133407116,0.4877072870731354,0.43474215269088745,-0.020016808062791824,0.46934592723846436,0.3627370595932007,-0.006169714964926243,0.4731800854206085,0.36579787731170654,-0.009547946974635124,0.47520774602890015,0.3683973252773285,-0.013509450480341911,0.43699026107788086,0.36041587591171265,-0.0030965320765972137,0.431784451007843,0.3569994270801544,-0.0031574114691466093,0.49501579999923706,0.3954579830169678,-0.03075384721159935,0.5312409400939941,0.3493528664112091,-0.0011061894474551082,0.4993230402469635,0.43099913001060486,-0.020285695791244507,0.5538680553436279,0.3019444942474365,0.021029025316238403,0.5138968229293823,0.361065149307251,-0.00665891170501709,0.5205846428871155,0.3600660264492035,-0.005953936837613583,0.5270513296127319,0.3584965765476227,-0.004193867091089487,0.5346812605857849,0.3522647023200989,0.0007485285168513656,0.5081819891929626,0.3605549931526184,-0.006258762441575527,0.5216887593269348,0.3377816379070282,-0.012336413376033306,0.514218807220459,0.3400208353996277,-0.012565310113132,0.528502881526947,0.33762311935424805,-0.009763491339981556,0.5329139828681946,0.3395240604877472,-0.006744185462594032,0.541602373123169,0.35695433616638184,0.005130896344780922,0.5208047032356262,0.4884560704231262,0.02069687843322754,0.5335015058517456,0.3476038873195648,0.0007072333246469498,0.5605373382568359,0.34359586238861084,0.03271787241101265,0.547951877117157,0.34949517250061035,0.010271805338561535,0.5243490934371948,0.40403857827186584,-0.004391209688037634,0.5022631287574768,0.4440963864326477,-0.0083310566842556,0.5017083287239075,0.4506627321243286,-0.003622078336775303,0.5098044872283936,0.4430582821369171,-0.0037611578591167927,0.5146427154541016,0.4425502419471741,0.0024290988221764565,0.5079336166381836,0.4481949508190155,-0.0006068214424885809,0.5125427842140198,0.44625967741012573,0.004762150812894106,0.5255650281906128,0.453945130109787,0.016869138926267624,0.49797606468200684,0.4296688437461853,-0.03309037163853645,0.49791625142097473,0.4203680157661438,-0.03664105385541916,0.541978657245636,0.33113187551498413,-0.0071616582572460175,0.5081084966659546,0.38416722416877747,-0.01005861721932888,0.5124635100364685,0.4175046384334564,-0.0173772182315588,0.5121229887008667,0.41130396723747253,-0.01625651866197586,0.544216513633728,0.3954828381538391,0.003747248323634267,0.49637851119041443,0.40723639726638794,-0.03497062623500824,0.5257765650749207,0.32693660259246826,-0.019959870725870132,0.5351825952529907,0.32727348804473877,-0.014372149482369423,0.5465493202209473,0.28844520449638367,0.004938685335218906,0.4978496730327606,0.34215566515922546,-0.024586468935012817,0.5079163908958435,0.3443622589111328,-0.010296470485627651,0.5302698016166687,0.44371700286865234,0.016400400549173355,0.5576645135879517,0.4279141426086426,0.07053587585687637,0.508386492729187,0.42405593395233154,-0.014072177931666374,0.5035074353218079,0.42820146679878235,-0.013670241460204124,0.5211883187294006,0.44199544191360474,0.016040990129113197,0.5196341276168823,0.4429103136062622,0.014264622703194618,0.5377814173698425,0.320339560508728,-0.012677144259214401,0.5130717158317566,0.4194716215133667,-0.012967796064913273,0.513318657875061,0.3311774730682373,-0.02359105460345745,0.5137273669242859,0.32322248816490173,-0.026656823232769966,0.5186625719070435,0.2741767168045044,-0.024422800168395042,0.5428285598754883,0.3031696081161499,-0.005521697457879782,0.5162227749824524,0.29722023010253906,-0.02635650336742401,0.5449392795562744,0.3256303369998932,-0.0027874659281224012,0.550390362739563,0.3133602738380432,0.007911674678325653,0.5021305084228516,0.44761452078819275,-0.006562536582350731,0.5088897943496704,0.44578680396080017,-0.00222251215018332,0.5136703252792358,0.44438108801841736,0.003185650799423456,0.507160484790802,0.4254564046859741,-0.012353586032986641,0.5203794240951538,0.442476749420166,0.015092887915670872,0.5175324082374573,0.4466145634651184,0.012046677991747856,0.5188344717025757,0.44336068630218506,0.014110353775322437,0.5051230192184448,0.4250514507293701,-0.023901034146547318,0.511572539806366,0.4477219581604004,0.006197220180183649,0.5069209337234497,0.45004746317863464,0.002623623935505748,0.5011271238327026,0.45269349217414856,-8.115576929412782e-05,0.5062537789344788,0.48035669326782227,0.00933406688272953,0.5032702684402466,0.466134250164032,0.002663594437763095,0.502684473991394,0.4612680673599243,0.0012509198859333992,0.501805305480957,0.45648324489593506,0.0020696818828582764,0.5008891820907593,0.4526253938674927,0.001992632867768407,0.5113886594772339,0.4475522041320801,0.007794245611876249,0.5127636194229126,0.4491038918495178,0.007543498650193214,0.5142120122909546,0.45122215151786804,0.007257496006786823,0.5154625177383423,0.45366132259368896,0.008886019699275494,0.5222419500350952,0.43652018904685974,0.0022953813895583153,0.5622212886810303,0.3794485330581665,0.06917727738618851,0.5147557854652405,0.44561272859573364,0.011584887281060219,0.5161512494087219,0.4460587799549103,0.011570102535188198,0.5015276670455933,0.43211260437965393,-0.012710978277027607,0.5117409825325012,0.4238099455833435,-0.006963049061596394,0.502478837966919,0.43027162551879883,-0.01349370926618576,0.5152952075004578,0.3870048224925995,-0.006605569738894701,0.5271902680397034,0.3899638056755066,-0.003616263158619404,0.5135893225669861,0.41364753246307373,-0.011747391894459724,0.5354864597320557,0.27872025966644287,-0.010725805535912514,0.5319405794143677,0.2972123324871063,-0.01667804829776287,0.527042806148529,0.31880509853363037,-0.02070637419819832,0.5207869410514832,0.4638376235961914,0.014342669397592545,0.49865418672561646,0.32955440878868103,-0.029567191377282143,0.5000036358833313,0.2999721169471741,-0.03158864751458168,0.5004971623420715,0.2737058401107788,-0.03212578967213631,0.5320614576339722,0.3557901978492737,-0.0015234379097819328,0.5496397018432617,0.3615942597389221,0.009964277036488056,0.5044934153556824,0.3594735562801361,-0.005907111801207066,0.5399457216262817,0.34125518798828125,-0.0010719351703301072,0.5031955242156982,0.3801177442073822,-0.013481981121003628,0.5085124969482422,0.4177197217941284,-0.0245486069470644,0.5566778182983398,0.3659501075744629,0.018784264102578163,0.546653687953949,0.3692616820335388,0.005578040145337582,0.5392624735832214,0.37514591217041016,0.00021936037228442729,0.5263488292694092,0.37720221281051636,-0.002894533099606633,0.516219973564148,0.37579700350761414,-0.005087574478238821,0.5088105797767639,0.3735164403915405,-0.007771845906972885,0.49372702836990356,0.3717576265335083,-0.02342376485466957,0.557770848274231,0.3855574429035187,0.02117944322526455,0.5451425313949585,0.33905038237571716,0.0013412939151749015,0.49630239605903625,0.4335407316684723,-0.029117610305547714,0.5086478590965271,0.394805371761322,-0.010936859995126724,0.5614469647407532,0.3372698128223419,0.05417151749134064,0.5031784176826477,0.3702196478843689,-0.009956755675375462,0.5141516327857971,0.4122413694858551,-0.005082415416836739,0.536470353603363,0.3471211791038513,0.0021030758507549763,0.5079019665718079,0.4100506007671356,-0.023147156462073326,0.5610277652740479,0.4029315710067749,0.07143934071063995,0.5041613578796387,0.3562571108341217,-0.005193909630179405,0.5021942853927612,0.4078943729400635,-0.030459288507699966,0.5457025170326233,0.45793917775154114,0.04075799882411957,0.5448079109191895,0.465911328792572,0.054520633071660995,0.5627284049987793,0.38316553831100464,0.04498244822025299,0.5533891916275024,0.4431931674480438,0.04586314409971237,0.5556442737579346,0.32671624422073364,0.02174634300172329,0.5220537781715393,0.4961579144001007,0.02651005983352661,0.49562546610832214,0.43422573804855347,-0.019632019102573395,0.5151584148406982,0.3989860713481903,-0.007136944215744734,0.553145170211792,0.34958887100219727,0.016869626939296722,0.5251460075378418,0.3523361086845398,-0.004605298861861229,0.5196875929832458,0.3540676534175873,-0.006163204554468393,0.5187692046165466,0.44730958342552185,0.013386362232267857,0.5580812096595764,0.4041503071784973,0.027719004079699516,0.5121737122535706,0.5093730688095093,0.0302736796438694,0.5283626317977905,0.4919229745864868,0.040969401597976685,0.5357202887535095,0.4810372292995453,0.047020722180604935,0.5141818523406982,0.35503193736076355,-0.006631157826632261,0.5089053511619568,0.3554791212081909,-0.006021883804351091,0.5056657791137695,0.35611724853515625,-0.0050750658847391605,0.5489508509635925,0.33552128076553345,0.007320069707930088,0.5094107985496521,0.35117223858833313,-0.008433564566075802,0.5149132013320923,0.3490687310695648,-0.009710175916552544,0.5205873847007751,0.34798353910446167,-0.009379476308822632,0.5261451601982117,0.34756919741630554,-0.0074530974961817265,0.5297125577926636,0.34768539667129517,-0.005011037923395634,0.5585788488388062,0.317184180021286,0.03857138007879257,0.5287216901779175,0.35069286823272705,-0.0026738648302853107,0.5153288245201111,0.4353397488594055,-0.0033371394965797663,0.5082640051841736,0.42369937896728516,-0.017160950228571892,0.5028999447822571,0.4385828673839569,-0.010250536724925041,0.537101149559021,0.47234123945236206,0.03739677369594574,0.5296454429626465,0.4841371178627014,0.032593563199043274,0.5122092962265015,0.505346953868866,0.021174389868974686,0.5519305467605591,0.4491865932941437,0.06344655901193619,0.505837082862854,0.3541131317615509,-0.006609424017369747,0.49940505623817444,0.38705629110336304,-0.022181788459420204,0.5209394693374634,0.5019091963768005,0.0344841293990612,0.561736524105072,0.40411505103111267,0.04869280755519867,0.506729245185852,0.4499795436859131,0.004547167103737593,0.5080630779266357,0.45282599329948425,0.004421443212777376,0.5092513561248779,0.45644545555114746,0.0039474074728786945,0.5102219581604004,0.4608071446418762,0.005457027815282345,0.5146073698997498,0.47313255071640015,0.011279758997261524,0.516122043132782,0.4445101022720337,0.009713031351566315,0.5171934366226196,0.4433020353317261,0.009694023057818413,0.518210232257843,0.4421248435974121,0.009336474351584911,0.5277172327041626,0.4389887750148773,0.00906640850007534,0.5510643720626831,0.4128628969192505,0.015404238365590572,0.4983069896697998,0.37548285722732544,-0.018046343699097633,0.4990253746509552,0.3524779677391052,-0.010918237268924713,0.5027888417243958,0.3517228960990906,-0.008312799036502838,0.514869749546051,0.4457768499851227,0.010543538257479668,0.5517339706420898,0.4327258765697479,0.03061814233660698,0.4943622946739197,0.35526975989341736,-0.01941930688917637,0.5179000496864319,0.480213463306427,0.016127636656165123,0.4944944679737091,0.384309321641922,-0.027959385886788368,0.5052019357681274,0.40065833926200867,-0.01921084150671959,0.5085502862930298,0.4887148141860962,0.01317707821726799,0.5304709672927856,0.4573114514350891,0.02113649621605873,0.5203870534896851,0.417163610458374,-0.0017998170806095004,0.5247001647949219,0.4695156514644623,0.019274672493338585,0.5364770889282227,0.41140568256378174,0.0007491346914321184,0.5277086496353149,0.4238818883895874,0.00215643597766757,0.5428855419158936,0.4228261709213257,0.009727283380925655,0.5110161900520325,0.4981746971607208,0.015942558646202087,0.5092540979385376,0.403184711933136,-0.013303305022418499,0.5354102849960327,0.46333950757980347,0.0282948836684227,0.5280383825302124,0.47617781162261963,0.025813814252614975,0.5356675386428833,0.4448041319847107,0.019012464210391045,0.5569374561309814,0.41966843605041504,0.033773910254240036,0.5436345934867859,0.4448404908180237,0.024894926697015762,0.5590382814407349,0.42393216490745544,0.050601184368133545,0.5337643027305603,0.4313940405845642,0.008470071479678154,0.5038681030273438,0.3908843398094177,-0.016130220144987106,0.5069864988327026,0.42313438653945923,-0.02553538791835308,0.5109261274337769,0.4217367172241211,-0.017606573179364204,0.5035074949264526,0.41901540756225586,-0.03090522065758705,0.5032567977905273,0.3443761467933655,-0.014259650371968746,0.5137144327163696,0.33680880069732666,-0.01597176492214203,0.5233556628227234,0.3336039185523987,-0.015266528353095055,0.5313754677772522,0.3334228992462158,-0.012027015909552574,0.5368912816047668,0.33584877848625183,-0.007487644907087088,0.5415677428245544,0.3485395610332489,0.005099785048514605,0.5624139308929443,0.3631248474121094,0.039274316281080246,0.5386919975280762,0.36165931820869446,0.0025076735764741898,0.5325646996498108,0.36596623063087463,-0.0009454653481952846,0.5235689282417297,0.3680267035961151,-0.0034745291341096163,0.5147585868835449,0.36802351474761963,-0.0052434601821005344,0.5079842209815979,0.3668525815010071,-0.006135031580924988,0.5033720135688782,0.36528271436691284,-0.007174156606197357,0.5621217489242554,0.35772207379341125,0.06368932127952576,0.5109415054321289,0.4225728213787079,-0.013966980390250683,0.5002738833427429,0.39738965034484863,-0.025434521958231926,0.5024991035461426,0.4264895021915436,-0.03033320978283882,0.4996587634086609,0.4305226802825928,-0.02668020874261856,0.5027449131011963,0.42697831988334656,-0.026943320408463478,0.5097344517707825,0.4246264398097992,-0.011113830842077732,0.498386949300766,0.43219801783561707,-0.02822215110063553,0.4977690577507019,0.43289417028427124,-0.019945601001381874,0.5020160675048828,0.3574465811252594,-0.005975355394184589,0.4994237720966339,0.3614521324634552,-0.009352912195026875,0.4984155297279358,0.3644390404224396,-0.013332447037100792,0.5318968296051025,0.3477562665939331,-0.0025093816220760345,0.536025881767273,0.3423111140727997,-0.0024941638112068176,0.4493953287601471,0.36107179522514343,-0.005820483434945345,0.4573866128921509,0.36038491129875183,-0.005820483434945345,0.44886454939842224,0.35217341780662537,-0.005820483434945345,0.44143977761268616,0.36166995763778687,-0.005820483434945345,0.4498558044433594,0.36988556385040283,-0.005820483434945345,0.5194870829582214,0.3507276773452759,-0.005366843659430742,0.526826024055481,0.34898239374160767,-0.005366843659430742,0.5182816982269287,0.34225940704345703,-0.005366843659430742,0.5121625065803528,0.3524179458618164,-0.005366843659430742,0.5207401514053345,0.35916227102279663,-0.005366843659430742
33.333333333333336,0.4940326511859894,0.44735187292099,-0.008710269816219807,0.4911295473575592,0.4273708164691925,-0.03317417949438095,0.49159663915634155,0.4316064417362213,-0.014185209758579731,0.4829922318458557,0.3946007490158081,-0.03047090955078602,0.4902826249599457,0.41832780838012695,-0.03695543482899666,0.48913100361824036,0.40466293692588806,-0.03664832189679146,0.48630663752555847,0.3694426417350769,-0.0262564979493618,0.4390638768672943,0.36338964104652405,-0.0010448271641507745,0.4840697944164276,0.3444085717201233,-0.026555253192782402,0.4829244017601013,0.3316882848739624,-0.03077733889222145,0.47830238938331604,0.27889057993888855,-0.03467787802219391,0.4941600263118744,0.45047280192375183,-0.0070870788767933846,0.4942162036895752,0.4536355435848236,-0.004625286906957626,0.49420398473739624,0.45578232407569885,-0.0009336146176792681,0.4940880239009857,0.4559475779533386,0.0007876979070715606,0.494344562292099,0.46028050780296326,0.0009477303829044104,0.4945662021636963,0.46521008014678955,0.00030777035863138735,0.4947233498096466,0.4700573682785034,0.0020416018087416887,0.4961693584918976,0.47698700428009033,0.009089961647987366,0.49149882793426514,0.43075260519981384,-0.02905905619263649,0.48488327860832214,0.42952150106430054,-0.01992688700556755,0.40879207849502563,0.32609787583351135,0.02010631375014782,0.4586375653743744,0.36951541900634766,-0.006568186450749636,0.45218798518180847,0.3710571825504303,-0.0058823698200285435,0.4456169605255127,0.37161093950271606,-0.004114271607249975,0.4363955855369568,0.36690080165863037,0.0008088270551525056,0.46389591693878174,0.367167592048645,-0.00618465943261981,0.44611021876335144,0.3482147455215454,-0.012366795912384987,0.4538961946964264,0.3484680652618408,-0.012645941227674484,0.43933001160621643,0.35007593035697937,-0.009771659038960934,0.43523529171943665,0.35330143570899963,-0.0067146834917366505,0.4312592148780823,0.3733004629611969,0.005229208618402481,0.4751981794834137,0.49037522077560425,0.02078067883849144,0.43620461225509644,0.361447274684906,0.0007289114291779697,0.4103148281574249,0.367473304271698,0.03285912424325943,0.42318034172058105,0.36717069149017334,0.010283897630870342,0.4566800892353058,0.41247302293777466,-0.004139193333685398,0.48564010858535767,0.4464072585105896,-0.008171036839485168,0.48654499650001526,0.4537714123725891,-0.003544963663443923,0.477996289730072,0.4485225975513458,-0.0036768787540495396,0.47285327315330505,0.4499964118003845,0.0023551948834210634,0.48010677099227905,0.45349743962287903,-0.0005703452625311911,0.47518983483314514,0.45311689376831055,0.004657044541090727,0.46458324790000916,0.45952627062797546,0.016722125932574272,0.48579931259155273,0.4276503920555115,-0.03265910968184471,0.4842800498008728,0.4188246726989746,-0.03620174527168274,0.42521530389785767,0.34739673137664795,-0.007279668468981981,0.46870678663253784,0.38856416940689087,-0.009948133490979671,0.47025904059410095,0.42080608010292053,-0.017093759030103683,0.4695531129837036,0.4149523973464966,-0.01597670093178749,0.43601900339126587,0.4110652208328247,0.00396738713607192,0.4834914207458496,0.4060606062412262,-0.034575700759887695,0.44038140773773193,0.33910807967185974,-0.02023330330848694,0.43118301033973694,0.34190672636032104,-0.014598899520933628,0.4136244058609009,0.3108134865760803,0.003990677651017904,0.4706662893295288,0.3454540967941284,-0.024820804595947266,0.4607607126235962,0.35114166140556335,-0.010345898568630219,0.45832645893096924,0.45149555802345276,0.01615077629685402,0.42834633588790894,0.44668570160865784,0.06992923468351364,0.47521135210990906,0.42572927474975586,-0.013804106041789055,0.48056259751319885,0.4280954897403717,-0.013358999975025654,0.46600276231765747,0.45161476731300354,0.015787729993462563,0.4675809144973755,0.4520760774612427,0.014021549373865128,0.42725634574890137,0.3358399569988251,-0.012923209927976131,0.4699694812297821,0.4228866994380951,-0.012675702571868896,0.4533824622631073,0.33971738815307617,-0.023819847032427788,0.45159128308296204,0.33230093121528625,-0.026964206248521805,0.4388919770717621,0.2886321246623993,-0.025053372606635094,0.41998255252838135,0.3230741322040558,-0.005888694431632757,0.44538283348083496,0.3093600571155548,-0.02680438570678234,0.4210878610610962,0.3425755202770233,-0.002901847939938307,0.4143610894680023,0.3351655602455139,0.007740529254078865,0.48597487807273865,0.4503847658634186,-0.006452790927141905,0.47900497913360596,0.4510911703109741,-0.0021676456090062857,0.4739573001861572,0.45153871178627014,0.003122981172055006,0.4766004979610443,0.4266531765460968,-0.012052289210259914,0.46682122349739075,0.45185714960098267,0.014845125377178192,0.47006428241729736,0.455211877822876,0.011827328242361546,0.4683774411678314,0.4523090124130249,0.013839555904269218,0.47848471999168396,0.4256163239479065,-0.023576347157359123,0.4761641323566437,0.4543722867965698,0.006142867729067802,0.4811035990715027,0.4552569091320038,0.0026517692022025585,0.48717477917671204,0.4559112787246704,-9.347246304969303e-06,0.4874373972415924,0.4774858355522156,0.009682799689471722,0.48638710379600525,0.4701324701309204,0.002668422646820545,0.4864427149295807,0.4651821553707123,0.0011252138065174222,0.4867529571056366,0.4602474868297577,0.0018321725074201822,0.48719167709350586,0.4561578631401062,0.001735780155286193,0.4761893153190613,0.4545111656188965,0.007509639021009207,0.4750780165195465,0.45634210109710693,0.007284663617610931,0.4738864600658417,0.4587934911251068,0.0070736040361225605,0.47296038269996643,0.46151137351989746,0.008743532001972198,0.4644615650177002,0.44203096628189087,0.0023257143329828978,0.415079802274704,0.40268492698669434,0.06868885457515717,0.4915924370288849,0.43134111166000366,-0.019672276452183723,0.47253748774528503,0.4534865915775299,0.011327468790113926,0.4712896943092346,0.45426711440086365,0.011338348500430584,0.48304376006126404,0.43110695481300354,-0.012345066294074059,0.472074419260025,0.42656901478767395,-0.006634098012000322,0.48186153173446655,0.4296666979789734,-0.01316868793219328,0.4621751606464386,0.3936210870742798,-0.006458039861172438,0.4513675272464752,0.400296688079834,-0.0034025402273982763,0.4685401916503906,0.4176360070705414,-0.011480766348540783,0.4230048358440399,0.2980923056602478,-0.011608599685132504,0.42971131205558777,0.31396573781967163,-0.01710508204996586,0.43759483098983765,0.331775039434433,-0.020975477993488312,0.4709238111972809,0.46704816818237305,0.014341825619339943,0.4676622152328491,0.33379656076431274,-0.029883624985814095,0.46179670095443726,0.30713191628456116,-0.03207870200276375,0.4567524492740631,0.28266024589538574,-0.03265863656997681,0.43990400433540344,0.370153546333313,-0.0014612354570999742,0.4246663451194763,0.38000357151031494,0.010091782547533512,0.4670863449573517,0.3649669885635376,-0.005863184109330177,0.42901960015296936,0.3569429814815521,-0.0010689592454582453,0.4728511571884155,0.3831121027469635,-0.013382055796682835,0.4740890860557556,0.4197278320789337,-0.024257933720946312,0.4182206988334656,0.3872591555118561,0.018994009122252464,0.42951518297195435,0.3868926465511322,0.005731521639972925,0.43817567825317383,0.3906311094760895,0.00041310687083750963,0.4509951174259186,0.38849586248397827,-0.002703586360439658,0.46018555760383606,0.3840039372444153,-0.004939236678183079,0.4666385352611542,0.37958839535713196,-0.0077161286026239395,0.48042577505111694,0.3721459209918976,-0.02331911213696003,0.4209294617176056,0.40618595480918884,0.021426886320114136,0.4236915409564972,0.3559809625148773,0.0012886524200439453,0.48815101385116577,0.4308430254459381,-0.02868812344968319,0.47007501125335693,0.3986164629459381,-0.010743348859250546,0.40809115767478943,0.36242520809173584,0.053570352494716644,0.4714463949203491,0.3749435245990753,-0.00991758145391941,0.46772319078445435,0.41663703322410583,-0.004798154346644878,0.43329495191574097,0.36189329624176025,0.0021537323482334614,0.47335749864578247,0.4124112129211426,-0.022897228598594666,0.4204865097999573,0.4244921803474426,0.07088268548250198,0.4663533568382263,0.36162635684013367,-0.005193378310650587,0.47827276587486267,0.40858590602874756,-0.03011268377304077,0.4457586705684662,0.4700639247894287,0.040888652205467224,0.4480934739112854,0.477419376373291,0.05394629389047623,0.4154348373413086,0.4058402180671692,0.045271486043930054,0.43550625443458557,0.4589396119117737,0.04609386622905731,0.41182199120521545,0.349787175655365,0.02170618623495102,0.47543907165527344,0.4979346990585327,0.026606202125549316,0.4888562560081482,0.4313254654407501,-0.01925893872976303,0.46445930004119873,0.40470170974731445,-0.006907236762344837,0.41804373264312744,0.3683878183364868,0.016934428364038467,0.4460751414299011,0.3654654920101166,-0.0045425849966704845,0.45182380080223083,0.36533910036087036,-0.006090898532420397,0.46899867057800293,0.4563062787055969,0.013181413523852825,0.4240337610244751,0.42377761006355286,0.027952181175351143,0.48749589920043945,0.5072939395904541,0.030011609196662903,0.4688462018966675,0.49636903405189514,0.04044773429632187,0.4597978889942169,0.4885401129722595,0.046439941972494125,0.4805419147014618,0.3047725260257721,-0.03374965488910675,0.49946850538253784,0.5074100494384766,0.028404079377651215,0.45714595913887024,0.3640979528427124,-0.006561645772308111,0.462056040763855,0.3625161051750183,-0.005960638169199228,0.4650973975658417,0.3619559109210968,-0.005058116279542446,0.41905367374420166,0.35334017872810364,0.0073217591270804405,0.46009185910224915,0.3573667109012604,-0.00848490558564663,0.4541779160499573,0.35620784759521484,-0.009754360653460026,0.44851452112197876,0.3565540909767151,-0.009401666931807995,0.4430612623691559,0.35794126987457275,-0.007454363629221916,0.439689964056015,0.3595627248287201,-0.004974139388650656,0.4070858061313629,0.34230998158454895,0.03776872158050537,0.44206467270851135,0.36458107829093933,-0.002631520386785269,0.49213293194770813,0.43692150712013245,-0.01086081936955452,0.47082868218421936,0.4386364221572876,-0.0031388569623231888,0.47526925802230835,0.42531833052635193,-0.01686737686395645,0.4830373227596283,0.43769264221191406,-0.009932677261531353,0.48511889576911926,0.35583019256591797,-0.024138355627655983,0.4565993845462799,0.48072975873947144,0.03742344304919243,0.4660415053367615,0.4891762137413025,0.03265094384551048,0.48641762137413025,0.5033853650093079,0.021339815109968185,0.4379817843437195,0.4644336998462677,0.06285707652568817,0.4643039405345917,0.35981935262680054,-0.006649159826338291,0.47762495279312134,0.38821902871131897,-0.021995985880494118,0.49890196323394775,0.5031821131706238,0.01998419128358364,0.47778815031051636,0.5032206773757935,0.03407244756817818,0.4201791286468506,0.42525187134742737,0.04896389693021774,0.48116832971572876,0.4555087685585022,0.004272615071386099,0.48019900918006897,0.45862704515457153,0.004153353162109852,0.4794449508190155,0.4625025987625122,0.0038177373353391886,0.47901684045791626,0.46700283885002136,0.005438164807856083,0.47837358713150024,0.4735833406448364,0.011459195986390114,0.4712678790092468,0.45255082845687866,0.009517932310700417,0.4700765609741211,0.45170143246650696,0.009485118091106415,0.4690690040588379,0.4508344829082489,0.009092026390135288,0.45975425839424133,0.4462105631828308,0.008858195506036282,0.43258172273635864,0.42962974309921265,0.015570268034934998,0.47671952843666077,0.3770923316478729,-0.01796644926071167,0.4712614119052887,0.356583833694458,-0.011046981438994408,0.4670281708240509,0.35705333948135376,-0.008380752988159657,0.4725213050842285,0.4534434676170349,0.010405799373984337,0.4354158937931061,0.4485018849372864,0.030734222382307053,0.47712159156799316,0.35754337906837463,-0.019466575235128403,0.47654175758361816,0.4815670847892761,0.01632898859679699,0.48819854855537415,0.39285746216773987,-0.03289112076163292,0.48173993825912476,0.3840806484222412,-0.027757586911320686,0.48731738328933716,0.3817408084869385,-0.029543638229370117,0.4743603765964508,0.4028153121471405,-0.01898782141506672,0.4981039762496948,0.49578145146369934,0.01447958406060934,0.49707382917404175,0.4858127236366272,0.01197823602706194,0.48680052161216736,0.48635604977607727,0.013327494263648987,0.4603008031845093,0.46443474292755127,0.02098868042230606,0.4626592695713043,0.4234413504600525,-0.0015576608711853623,0.4681350588798523,0.47394686937332153,0.0193418487906456,0.44642168283462524,0.42333003878593445,0.0009706648997962475,0.4569607973098755,0.4321454167366028,0.002286972478032112,0.44229596853256226,0.43618616461753845,0.009856089949607849,0.4861395061016083,0.496221661567688,0.016049260273575783,0.4708878695964813,0.40659189224243164,-0.013080633245408535,0.45668160915374756,0.471759557723999,0.028225434944033623,0.466190904378891,0.4812350869178772,0.025812732055783272,0.4531366527080536,0.45438352227211,0.018830357119441032,0.4279448688030243,0.438021719455719,0.03394240513443947,0.4455430507659912,0.4570760130882263,0.02485749125480652,0.4263947904109955,0.44292423129081726,0.050854068249464035,0.4525490403175354,0.44121554493904114,0.008419518359005451,0.4739786386489868,0.3932862877845764,-0.015963785350322723,0.4764052927494049,0.42435336112976074,-0.025224292650818825,0.47242867946624756,0.4242725372314453,-0.017297949641942978,0.4788782596588135,0.41937896609306335,-0.030576925724744797,0.4653845727443695,0.34993258118629456,-0.014450673945248127,0.4538494944572449,0.34546077251434326,-0.01616818644106388,0.44387879967689514,0.3450116813182831,-0.015403403900563717,0.43600261211395264,0.3470493257045746,-0.012132593430578709,0.43100059032440186,0.3508773744106293,-0.007575838826596737,0.42895740270614624,0.3645485043525696,0.005136124789714813,0.4119959771633148,0.3867117762565613,0.03952481225132942,0.43522581458091736,0.37726789712905884,0.0026579091791063547,0.44232985377311707,0.3799736201763153,-0.000786433054599911,0.4513925015926361,0.3791332244873047,-0.0033429742325097322,0.45957663655281067,0.3761852979660034,-0.005110263358801603,0.46563902497291565,0.37293723225593567,-0.006063097156584263,0.4697372615337372,0.3701521158218384,-0.007134545594453812,0.41127151250839233,0.38214120268821716,0.0631486102938652,0.47248950600624084,0.42514076828956604,-0.013659192249178886,0.47837936878204346,0.3981548249721527,-0.02517032064497471,0.48107635974884033,0.4261484444141388,-0.029942257329821587,0.4844827651977539,0.4291141927242279,-0.0263023991137743,0.48099198937416077,0.42668581008911133,-0.02658051997423172,0.47407978773117065,0.4266926050186157,-0.01079719327390194,0.4859689772129059,0.4302864670753479,-0.02782415598630905,0.48662400245666504,0.4307977855205536,-0.019561445340514183,0.4689038395881653,0.36236435174942017,-0.005984207149595022,0.4727252423763275,0.36538082361221313,-0.009379723109304905,0.4748927652835846,0.36804091930389404,-0.013317696750164032,0.43768632411956787,0.36070409417152405,-0.0024446125607937574,0.4327625334262848,0.35701608657836914,-0.0024679109919816256,0.4936576187610626,0.392904132604599,-0.030555808916687965,0.5311198234558105,0.34943121671676636,-0.0019322619773447514,0.49783390760421753,0.42730796337127686,-0.019973846152424812,0.5535413026809692,0.30370211601257324,0.01973930187523365,0.5140700936317444,0.36100268363952637,-0.007117648608982563,0.520525336265564,0.3601813018321991,-0.006526252254843712,0.5268266797065735,0.35858383774757385,-0.004869501106441021,0.5345900654792786,0.35200783610343933,-0.00010458497126819566,0.5085282921791077,0.3603164255619049,-0.0066464561969041824,0.5213097333908081,0.33790937066078186,-0.01310012862086296,0.5141526460647583,0.3401868939399719,-0.013239843770861626,0.528016209602356,0.33762890100479126,-0.01060076430439949,0.5325015783309937,0.3393748700618744,-0.0076253279112279415,0.5412414073944092,0.35653483867645264,0.0042710937559604645,0.519935131072998,0.48350241780281067,0.0203049648553133,0.5334063172340393,0.347293496131897,-0.00017344571824651212,0.5602537989616394,0.34441938996315,0.03146979212760925,0.5478752255439758,0.34922656416893005,0.009240223094820976,0.523050844669342,0.4020422399044037,-0.004652933683246374,0.5021416544914246,0.44387054443359375,-0.008371618576347828,0.5016908049583435,0.4514450132846832,-0.00372813967987895,0.5094746351242065,0.4435976445674896,-0.00404133228585124,0.5140352249145508,0.44359254837036133,0.0018449794733896852,0.5076704621315002,0.4492495357990265,-0.0009516422287560999,0.5119868516921997,0.4474175274372101,0.004206047393381596,0.5245708227157593,0.4500824809074402,0.01600014418363571,0.49641701579093933,0.42590081691741943,-0.03270599618554115,0.4963250458240509,0.41685307025909424,-0.03627888113260269,0.5411427617073059,0.33106228709220886,-0.008288707584142685,0.5069334506988525,0.38252919912338257,-0.010226433165371418,0.5107998251914978,0.4145207405090332,-0.017348479479551315,0.5105045437812805,0.4085679352283478,-0.01625625044107437,0.5431725382804871,0.39424481987953186,0.003085434203967452,0.49490800499916077,0.40419039130210876,-0.03467315435409546,0.5245893001556396,0.32715198397636414,-0.020924068987369537,0.5340862274169922,0.3273661136627197,-0.015479164198040962,0.5461467504501343,0.2903435230255127,0.003645641729235649,0.4970773756504059,0.34232375025749207,-0.025069599971175194,0.508155882358551,0.3445092439651489,-0.010859258472919464,0.5293890833854675,0.44040167331695557,0.01537733618170023,0.5590677857398987,0.4271177351474762,0.06977228075265884,0.5067570805549622,0.42082297801971436,-0.013945693150162697,0.5019662976264954,0.42473286390304565,-0.013410472311079502,0.5198259353637695,0.4433475434780121,0.01506844162940979,0.5184091329574585,0.4442357122898102,0.013361556455492973,0.5367650985717773,0.320585161447525,-0.0138940354809165,0.5114712119102478,0.4164968430995941,-0.012929464690387249,0.5122522711753845,0.331484854221344,-0.02432827465236187,0.5124828815460205,0.32387620210647583,-0.027446018531918526,0.5179855227470398,0.27639520168304443,-0.025383630767464638,0.5422300100326538,0.30451780557632446,-0.006932876072824001,0.5153327584266663,0.2987232804298401,-0.027358248829841614,0.5442395210266113,0.32574373483657837,-0.004011685494333506,0.5498924851417542,0.31459686160087585,0.006513845641165972,0.502109169960022,0.44793111085891724,-0.006657336372882128,0.5086460709571838,0.4465388357639313,-0.0025562283117324114,0.5130901336669922,0.4454682469367981,0.00261687021702528,0.5055596828460693,0.4221789538860321,-0.01218803133815527,0.5190863013267517,0.4438101351261139,0.01416662149131298,0.516372799873352,0.44785580039024353,0.011192128993570805,0.5176830291748047,0.4446949064731598,0.013213819824159145,0.5034573078155518,0.4216039776802063,-0.023713883012533188,0.5109920501708984,0.44895872473716736,0.0056906696408987045,0.5066443085670471,0.4512816369533539,0.002321102889254689,0.501061737537384,0.45373478531837463,-0.00020112638594582677,0.5049814581871033,0.4747680723667145,0.009451964870095253,0.5027343034744263,0.4673316776752472,0.0024148921947926283,0.5022932291030884,0.4625014364719391,0.000877828395459801,0.501598060131073,0.4577757716178894,0.0015949797816574574,0.5008164644241333,0.4539080858230591,0.0015158415772020817,0.5107390284538269,0.4489344358444214,0.007049124222248793,0.5119576454162598,0.45034587383270264,0.006808440666645765,0.5132456421852112,0.4522893726825714,0.006563995033502579,0.5142501592636108,0.45459631085395813,0.008199580945074558,0.520965576171875,0.4332924485206604,0.0017872877651825547,0.5629234910011292,0.37993478775024414,0.0682845264673233,0.5139889717102051,0.4469608962535858,0.010750312358140945,0.515190601348877,0.4473342299461365,0.010733848437666893,0.5000836849212646,0.428494930267334,-0.012427745386958122,0.5101760625839233,0.4207632541656494,-0.006849109660834074,0.5009817481040955,0.42671164870262146,-0.013217344880104065,0.5141543745994568,0.38545459508895874,-0.006864883005619049,0.5260456800460815,0.388545960187912,-0.004024793393909931,0.5120325088500977,0.4109123647212982,-0.011764143593609333,0.5349563956260681,0.28079915046691895,-0.011930671520531178,0.5312207341194153,0.29865384101867676,-0.01794501207768917,0.5258262753486633,0.31933191418647766,-0.021758629009127617,0.5196872353553772,0.4593689739704132,0.01372059341520071,0.4975937604904175,0.3301810920238495,-0.030147461220622063,0.49911928176879883,0.30134400725364685,-0.03234206885099411,0.499808132648468,0.2759501338005066,-0.032817669212818146,0.5318883657455444,0.35575780272483826,-0.002302458742633462,0.5492238998413086,0.36105749011039734,0.009031048975884914,0.5049516558647156,0.3591618239879608,-0.006287939380854368,0.5396052002906799,0.34101492166519165,-0.0020554279908537865,0.5019932389259338,0.3784821629524231,-0.013599378056824207,0.5067867636680603,0.41458505392074585,-0.024421053007245064,0.5560721755027771,0.3658551871776581,0.0177594106644392,0.5457724928855896,0.36850109696388245,0.004758384544402361,0.5381059646606445,0.3742387890815735,-0.00042318488704040647,0.5254386067390442,0.37624868750572205,-0.003354914952069521,0.5156193971633911,0.3748767077922821,-0.005419482011348009,0.5083507895469666,0.37265706062316895,-0.008018745109438896,0.492570161819458,0.3702238202095032,-0.023435762152075768,0.5572052597999573,0.38506460189819336,0.020223859697580338,0.5447630882263184,0.3389236629009247,0.00026321844779886305,0.494823694229126,0.4296838045120239,-0.02872561477124691,0.5073190331459045,0.3927573561668396,-0.011006848886609077,0.5615268349647522,0.33864644169807434,0.05307640880346298,0.5027670860290527,0.3695147633552551,-0.010160070843994617,0.5126872658729553,0.4096604287624359,-0.005115039646625519,0.536408543586731,0.34681057929992676,0.0011968720937147737,0.5062469244003296,0.4072296917438507,-0.02305218018591404,0.5621755123138428,0.4028955101966858,0.0706629753112793,0.5047711133956909,0.3560284376144409,-0.005641467869281769,0.5006322860717773,0.40497902035713196,-0.030260279774665833,0.5461540222167969,0.45519188046455383,0.03995164856314659,0.5456937551498413,0.4631924331188202,0.05382361635565758,0.562785267829895,0.38316595554351807,0.043935082852840424,0.5541316866874695,0.44128888845443726,0.04503972455859184,0.5551938414573669,0.32779744267463684,0.020409587770700455,0.5212826132774353,0.49102234840393066,0.026144180446863174,0.4942532479763031,0.43039995431900024,-0.019266992807388306,0.513852059841156,0.39696022868156433,-0.007275862619280815,0.5534372925758362,0.34939950704574585,0.015750152990221977,0.5250067710876465,0.35290461778640747,-0.0053056757897138596,0.519662618637085,0.3546082675457001,-0.006782321725040674,0.5174338817596436,0.4486059844493866,0.01251379307359457,0.5578230619430542,0.4032752811908722,0.026805365458130836,0.5112122297286987,0.5036889910697937,0.02992931567132473,0.5281299948692322,0.48744842410087585,0.040325574576854706,0.5360241532325745,0.4773274064064026,0.04630738124251366,0.5143740177154541,0.35533958673477173,-0.007171040400862694,0.5093281269073486,0.35552749037742615,-0.006497544702142477,0.5062208771705627,0.3559601306915283,-0.005538481287658215,0.5488564372062683,0.33550649881362915,0.006141017656773329,0.5098956823348999,0.3507521450519562,-0.0089953588321805,0.5151679515838623,0.3484398126602173,-0.01036284863948822,0.5205664038658142,0.34723803400993347,-0.010118639096617699,0.5259751081466675,0.346817284822464,-0.00825850572437048,0.5295232534408569,0.34702733159065247,-0.005840163677930832,0.5583597421646118,0.31880098581314087,0.037372976541519165,0.5285689234733582,0.3510690927505493,-0.0034496549051254988,0.5138980746269226,0.4320019781589508,-0.0034928140230476856,0.5065913200378418,0.42042672634124756,-0.01702689379453659,0.5015240907669067,0.43489953875541687,-0.010073365643620491,0.53718101978302,0.4687516689300537,0.03665892779827118,0.5293099880218506,0.4797931909561157,0.032028794288635254,0.511173665523529,0.4996030032634735,0.02104569599032402,0.5532049536705017,0.44742071628570557,0.06277570128440857,0.5063921213150024,0.35385385155677795,-0.007120219524949789,0.4980957806110382,0.38496148586273193,-0.022138327360153198,0.5202623605728149,0.496736615896225,0.033937133848667145,0.5621621608734131,0.4036567211151123,0.047752104699611664,0.506351888179779,0.4513830542564392,0.003927632700651884,0.5075381398200989,0.45408523082733154,0.0037831529043614864,0.5085756778717041,0.45756542682647705,0.0033788057044148445,0.5093429684638977,0.4617258906364441,0.004967180546373129,0.513359785079956,0.46802765130996704,0.010963685810565948,0.5153247714042664,0.44573095440864563,0.008947745896875858,0.5163686871528625,0.44453370571136475,0.00887033436447382,0.517270565032959,0.4434008002281189,0.008483453653752804,0.5266749858856201,0.4357854723930359,0.008193627931177616,0.5504269599914551,0.41142961382865906,0.014591570943593979,0.49711915850639343,0.37388595938682556,-0.018121449276804924,0.4991723597049713,0.3524068593978882,-0.0112878093495965,0.5032362341880798,0.35168373584747314,-0.008793228305876255,0.5141535997390747,0.446999728679657,0.00984608381986618,0.5518025755882263,0.4308336079120636,0.02972429245710373,0.4938659965991974,0.3551321029663086,-0.0196286141872406,0.5168944597244263,0.47532719373703003,0.01584530435502529,0.49323418736457825,0.38222238421440125,-0.02785220369696617,0.5037477016448975,0.39821043610572815,-0.01915769651532173,0.507393479347229,0.4831550121307373,0.013083948753774166,0.5298538208007812,0.4536694288253784,0.020220983773469925,0.5189943313598633,0.4145812392234802,-0.001981591572985053,0.5238931775093079,0.465298056602478,0.018680647015571594,0.5353184342384338,0.4094240963459015,0.00028331775683909655,0.5265098214149475,0.42124009132385254,0.0017395572504028678,0.5420706272125244,0.42070114612579346,0.008990519680082798,0.5099349617958069,0.49256759881973267,0.01573491282761097,0.5078040361404419,0.4007985293865204,-0.013320479542016983,0.535131573677063,0.45977896451950073,0.02743382379412651,0.5274621248245239,0.47192639112472534,0.025186318904161453,0.5350831151008606,0.4417652487754822,0.017978347837924957,0.5570726990699768,0.4183926284313202,0.032873015850782394,0.5434009432792664,0.44217127561569214,0.023937225341796875,0.5597954392433167,0.42286598682403564,0.04971509426832199,0.532920777797699,0.4286647439002991,0.007698726840317249,0.5025429725646973,0.3887905180454254,-0.016151688992977142,0.5052789449691772,0.4197739362716675,-0.025365790352225304,0.5092477798461914,0.4185720682144165,-0.017507454380393028,0.5018361806869507,0.415679931640625,-0.030679190531373024,0.5031942129135132,0.34456130862236023,-0.014796803705394268,0.513236403465271,0.3370756208896637,-0.016689736396074295,0.5225555896759033,0.3338003158569336,-0.016107039526104927,0.5305310487747192,0.3334924280643463,-0.012957318685948849,0.5362410545349121,0.33572620153427124,-0.008486801758408546,0.5414731502532959,0.3482154607772827,0.0041534556075930595,0.5622624754905701,0.36352887749671936,0.038106370717287064,0.538166880607605,0.3611900508403778,0.0017387964762747288,0.5319181680679321,0.3655330240726471,-0.0015888330526649952,0.5231255292892456,0.3675842881202698,-0.00398999685421586,0.5146089196205139,0.36751723289489746,-0.005609884858131409,0.5080099105834961,0.3662884533405304,-0.00643600057810545,0.5034587979316711,0.36473697423934937,-0.00743786571547389,0.5624801516532898,0.35870662331581116,0.06266678869724274,0.509321391582489,0.4194391369819641,-0.013871641829609871,0.4988640248775482,0.3948799669742584,-0.02531260997056961,0.5008400082588196,0.42289039492607117,-0.030037643387913704,0.4981348216533661,0.42681655287742615,-0.02633526921272278,0.501119077205658,0.4234183430671692,-0.026666540652513504,0.5081415772438049,0.4214545488357544,-0.010964957065880299,0.4968756437301636,0.42841047048568726,-0.027853811159729958,0.4963318109512329,0.42912283539772034,-0.019605843350291252,0.5025382041931152,0.3571926951408386,-0.006351284217089415,0.4995516240596771,0.36105141043663025,-0.009616469964385033,0.4980560541152954,0.36398470401763916,-0.013509509153664112,0.5317330360412598,0.3472460210323334,-0.003357765031978488,0.5357783436775208,0.3420620858669281,-0.0033990400843322277,0.4493481516838074,0.3614111542701721,-0.00534486910328269,0.4570452868938446,0.3606458306312561,-0.00534486910328269,0.44873273372650146,0.3528984785079956,-0.00534486910328269,0.44167664647102356,0.36209067702293396,-0.00534486910328269,0.44991356134414673,0.36983633041381836,-0.00534486910328269,0.5201388597488403,0.35112521052360535,-0.006034086924046278,0.527205228805542,0.3495367467403412,-0.006034086924046278,0.5190194249153137,0.3430645167827606,-0.006034086924046278,0.513060986995697,0.3526766300201416,-0.006034086924046278,0.5212721824645996,0.35915738344192505,-0.006034086924046278
66.66666666666667,0.49223628640174866,0.4480370581150055,-0.009180014953017235,0.4906231462955475,0.42705202102661133,-0.03343207389116287,0.4911215901374817,0.43146398663520813,-0.014357514679431915,0.4823649227619171,0.3944774568080902,-0.03051038831472397,0.48975691199302673,0.41805535554885864,-0.037203598767519,0.48856884241104126,0.40447744727134705,-0.03683646395802498,0.48568999767303467,0.36949047446250916,-0.026111338287591934,0.4384405314922333,0.3638385832309723,-0.0005872088950127363,0.4834758937358856,0.34441372752189636,-0.026300745084881783,0.4823462665081024,0.3317681849002838,-0.0305064395070076,0.47783684730529785,0.28028956055641174,-0.03411925584077835,0.4924289286136627,0.45115926861763,-0.007560204714536667,0.492587149143219,0.45429015159606934,-0.005049873609095812,0.49270331859588623,0.45639538764953613,-0.0013525098329409957,0.49262455105781555,0.4564681053161621,5.141989095136523e-05,0.49290621280670166,0.4608200490474701,0.00017349590780213475,0.4931855797767639,0.4657610058784485,-0.0004526550183072686,0.4934350252151489,0.4705396890640259,0.001303497119806707,0.4955686032772064,0.4768374264240265,0.008526727557182312,0.4909977912902832,0.4304644465446472,-0.02929467335343361,0.4844280183315277,0.4292812943458557,-0.020065993070602417,0.40821322798728943,0.3272382318973541,0.02103664167225361,0.4583584666252136,0.3696027398109436,-0.006265562027692795,0.45188528299331665,0.3711983263492584,-0.005550137721002102,0.4452759623527527,0.37185361981391907,-0.003734091529622674,0.4358682930469513,0.3672340512275696,0.0012793077621608973,0.4635998606681824,0.36728745698928833,-0.005872033536434174,0.445308119058609,0.34855908155441284,-0.011984992772340775,0.45316916704177856,0.3486969470977783,-0.012295826338231564,0.4385184645652771,0.3505256772041321,-0.009348664432764053,0.4344691336154938,0.35380277037620544,-0.006259152200073004,0.43088245391845703,0.3734765648841858,0.0057392967864871025,0.47444576025009155,0.4903546869754791,0.020329425111413002,0.43553295731544495,0.3619675934314728,0.001229135668836534,0.4098960757255554,0.3681653141975403,0.03370189294219017,0.42273369431495667,0.36716321110725403,0.010908285155892372,0.4561317563056946,0.4125717282295227,-0.004007673356682062,0.48395630717277527,0.4471740126609802,-0.008616656064987183,0.48511168360710144,0.4545198976993561,-0.003972767852246761,0.4766049385070801,0.44929036498069763,-0.00407831184566021,0.4716965854167938,0.4507976174354553,0.0019359751604497433,0.4789172410964966,0.4543053209781647,-0.0009962484473362565,0.4742037355899811,0.4539507031440735,0.004236152395606041,0.46378079056739807,0.4596744179725647,0.016278063878417015,0.48527008295059204,0.42730727791786194,-0.03289203718304634,0.4836958348751068,0.4185638427734375,-0.03642230108380318,0.4243854880332947,0.3478466272354126,-0.006695230025798082,0.46813181042671204,0.3886444866657257,-0.009745359420776367,0.46977829933166504,0.42071402072906494,-0.01713080331683159,0.4690644443035126,0.41491085290908813,-0.01597992517054081,0.4355057179927826,0.41125380992889404,0.004277912899851799,0.4828885793685913,0.4058816730976105,-0.034719016402959824,0.4392567276954651,0.33968839049339294,-0.01975349895656109,0.43017539381980896,0.3425139784812927,-0.014054587110877037,0.4129796326160431,0.3119405508041382,0.004854364786297083,0.469655841588974,0.3453306257724762,-0.024507207795977592,0.4601348042488098,0.3512970805168152,-0.010014273226261139,0.4575134217739105,0.4517262876033783,0.015812577679753304,0.4278448224067688,0.4469861388206482,0.07053565979003906,0.47477641701698303,0.42556890845298767,-0.013857758603990078,0.48010891675949097,0.4279668927192688,-0.013440978713333607,0.46523410081863403,0.4525763690471649,0.01538841612637043,0.46684810519218445,0.45300036668777466,0.013559537008404732,0.4262141287326813,0.3364151120185852,-0.012364477850496769,0.4695128798484802,0.4228634536266327,-0.012700757011771202,0.4522086977958679,0.33997878432273865,-0.023440944030880928,0.45031458139419556,0.3326150178909302,-0.02657501958310604,0.4384077489376068,0.2898584008216858,-0.02440607361495495,0.419253945350647,0.3237629234790802,-0.005216275341808796,0.4447132647037506,0.3100789487361908,-0.02629891410470009,0.42025116086006165,0.3428337574005127,-0.0022514741867780685,0.41374170780181885,0.33590853214263916,0.008528819307684898,0.4844117760658264,0.4511565566062927,-0.00690878601744771,0.47771385312080383,0.4518866539001465,-0.0026045995764434338,0.4728800058364868,0.4523632526397705,0.0026853412855416536,0.4761691093444824,0.42653173208236694,-0.012096116319298744,0.4660677909851074,0.45280054211616516,0.014407563023269176,0.46915847063064575,0.45606082677841187,0.011253328062593937,0.4676641523838043,0.4532207250595093,0.013367163017392159,0.47802677750587463,0.4252822995185852,-0.023676810786128044,0.4752746820449829,0.45520615577697754,0.005719809327274561,0.4800060987472534,0.4560565948486328,0.002232139464467764,0.4858652353286743,0.45661890506744385,-0.00043211059528402984,0.4867844879627228,0.4773382544517517,0.009120539762079716,0.48506098985671997,0.47067248821258545,0.0019249663455411792,0.48506227135658264,0.4658017158508301,0.0003541123296599835,0.48536282777786255,0.46084386110305786,0.001046299934387207,0.4858415722846985,0.45674729347229004,0.0009935654234141111,0.475216269493103,0.4552537202835083,0.006866424344480038,0.47403332591056824,0.4571029543876648,0.0066025820560753345,0.4727812707424164,0.4595525860786438,0.0063893855549395084,0.47182339429855347,0.46221914887428284,0.008094747550785542,0.4638390839099884,0.44217348098754883,0.002044936642050743,0.414790540933609,0.4033188223838806,0.06956260651350021,0.49110203981399536,0.43113821744918823,-0.019848011434078217,0.47172313928604126,0.4542984962463379,0.010771047323942184,0.47042205929756165,0.4551079273223877,0.010756799019873142,0.4825853705406189,0.43100547790527344,-0.012486300431191921,0.4716351330280304,0.4266027808189392,-0.0066689010709524155,0.48140081763267517,0.4295445382595062,-0.013272155076265335,0.4616236686706543,0.3937322497367859,-0.00622808700427413,0.4508071839809418,0.4004533290863037,-0.003133271588012576,0.4680717885494232,0.41764432191848755,-0.011467071250081062,0.4224001467227936,0.29923033714294434,-0.01086617261171341,0.42896196246147156,0.31464335322380066,-0.01652323082089424,0.4363856911659241,0.33237671852111816,-0.020492563024163246,0.47013673186302185,0.46710774302482605,0.013822819106280804,0.46646884083747864,0.33371901512145996,-0.029564347118139267,0.46120789647102356,0.30792248249053955,-0.03164147585630417,0.4563135504722595,0.2839890420436859,-0.032079070806503296,0.43946948647499084,0.37044039368629456,-0.0010267829056829214,0.4243689775466919,0.3800535500049591,0.010637805797159672,0.4667668342590332,0.3651310205459595,-0.005545693915337324,0.4283243715763092,0.35731056332588196,-0.0005262383492663503,0.47224754095077515,0.3831721544265747,-0.01319028064608574,0.4735851585865021,0.41950666904449463,-0.02434019185602665,0.4177364408969879,0.3876661956310272,0.019598623737692833,0.4292759299278259,0.3870967626571655,0.006181793753057718,0.4379817545413971,0.390929251909256,0.0007656046655029058,0.45082181692123413,0.388750821352005,-0.0023970596957951784,0.46000659465789795,0.38424018025398254,-0.0046698483638465405,0.46640515327453613,0.379873663187027,-0.007457904517650604,0.47978413105010986,0.37217360734939575,-0.02314288355410099,0.42047974467277527,0.40648704767227173,0.021951811388134956,0.4230140149593353,0.356189101934433,0.0018986229551956058,0.48765504360198975,0.43053755164146423,-0.028910689055919647,0.46955129504203796,0.39866477251052856,-0.010610252618789673,0.4077226519584656,0.3634012043476105,0.05453869327902794,0.4711255133152008,0.37529242038726807,-0.00966134387999773,0.4672784209251404,0.41669681668281555,-0.004742674995213747,0.4326728284358978,0.36228567361831665,0.0026716093998402357,0.47284331917762756,0.41229352355003357,-0.022938115522265434,0.42009663581848145,0.4249897599220276,0.07165747880935669,0.4659947156906128,0.3618282973766327,-0.004858896601945162,0.4776833653450012,0.40842825174331665,-0.030207479372620583,0.4449785053730011,0.47017014026641846,0.04094860702753067,0.4474080801010132,0.4774986803531647,0.054086439311504364,0.4150426983833313,0.40625905990600586,0.046023909002542496,0.43479427695274353,0.4590851068496704,0.04639500752091408,0.4113265573978424,0.3505531847476959,0.022548658773303032,0.4746744930744171,0.4978891611099243,0.02622213214635849,0.48838236927986145,0.43111494183540344,-0.01942104659974575,0.463962584733963,0.4047805666923523,-0.006775000132620335,0.4176155626773834,0.3681502938270569,0.017627030611038208,0.4455893635749817,0.36575835943222046,-0.004155400209128857,0.4513956308364868,0.36551448702812195,-0.005737187806516886,0.4680587947368622,0.45714420080184937,0.012643501162528992,0.4235664904117584,0.42398762702941895,0.02840367518365383,0.48684558272361755,0.5072238445281982,0.029406199231743813,0.4681479036808014,0.49628329277038574,0.0401688888669014,0.4591045081615448,0.488508403301239,0.04633849859237671,0.47999247908592224,0.3056325912475586,-0.0333765409886837,0.49891310930252075,0.5073192119598389,0.027731629088521004,0.4567493200302124,0.3642154037952423,-0.006232315208762884,0.46169623732566833,0.36262598633766174,-0.005631103180348873,0.46474984288215637,0.36209824681282043,-0.004716864321380854,0.41835594177246094,0.3533123731613159,0.008012724108994007,0.4596351981163025,0.3577902615070343,-0.008142937906086445,0.4536711275577545,0.35679787397384644,-0.009393836371600628,0.44789761304855347,0.3572566509246826,-0.009026098996400833,0.4423571527004242,0.3586646020412445,-0.007041445933282375,0.4389760494232178,0.3602425754070282,-0.004537966568022966,0.4065953195095062,0.3434010148048401,0.03874172270298004,0.4415038824081421,0.3649682402610779,-0.002201246563345194,0.4916439652442932,0.43696558475494385,-0.011120202019810677,0.47030937671661377,0.4387300908565521,-0.0033464618027210236,0.4748438894748688,0.4250949025154114,-0.01691705733537674,0.48253026604652405,0.43773341178894043,-0.010194143280386925,0.4845065772533417,0.3559126853942871,-0.02390330284833908,0.45580020546913147,0.4807462692260742,0.03729281201958656,0.4652383029460907,0.4891700744628906,0.032387055456638336,0.48571354150772095,0.5033440589904785,0.02082010544836521,0.43735426664352417,0.4645922780036926,0.06327756494283676,0.4638960063457489,0.36012619733810425,-0.006309264339506626,0.47700148820877075,0.38818976283073425,-0.021906381472945213,0.49833405017852783,0.5031594634056091,0.019398683682084084,0.47709545493125916,0.5031282305717468,0.033602479845285416,0.4197218418121338,0.4255402684211731,0.049616843461990356,0.4799867272377014,0.45619115233421326,0.003568969899788499,0.4789482653141022,0.4593196511268616,0.0034037374425679445,0.47815659642219543,0.46318817138671875,0.0030686957761645317,0.4777180850505829,0.4676244556903839,0.0047256555408239365,0.47765374183654785,0.47351133823394775,0.010887482203543186,0.47045382857322693,0.4534272253513336,0.00908234715461731,0.4691874384880066,0.4525807797908783,0.00905205961316824,0.4681146442890167,0.4517070949077606,0.008678027428686619,0.45903703570365906,0.44642654061317444,0.008544662036001682,0.43207889795303345,0.42978161573410034,0.015823477879166603,0.4760921001434326,0.377131849527359,-0.01777740567922592,0.4706787168979645,0.356698215007782,-0.010728797875344753,0.4665190279483795,0.3571949005126953,-0.008047080598771572,0.4717746675014496,0.45430681109428406,0.009983413852751255,0.4347483813762665,0.4486609995365143,0.030914880335330963,0.4764697253704071,0.3577187955379486,-0.01919395662844181,0.47582152485847473,0.4815620481967926,0.015845803543925285,0.4876118302345276,0.3927333950996399,-0.03297330439090729,0.4810952842235565,0.3840280771255493,-0.027696028351783752,0.4867084324359894,0.3816928267478943,-0.02950422838330269,0.4738190174102783,0.4027693569660187,-0.018947329372167587,0.49754515290260315,0.49578195810317993,0.013835268095135689,0.4965064525604248,0.4857660233974457,0.011353843845427036,0.4861462116241455,0.486289918422699,0.012750782072544098,0.4594738781452179,0.46458470821380615,0.02061576209962368,0.4621374011039734,0.4235354959964752,-0.001531110261566937,0.4673543870449066,0.4740361273288727,0.01891365647315979,0.4458414316177368,0.42343246936798096,0.0010939552448689938,0.45632344484329224,0.4322650134563446,0.002244836650788784,0.4416600465774536,0.43631088733673096,0.00989600457251072,0.48545992374420166,0.4961879253387451,0.015470252372324467,0.47040659189224243,0.40659651160240173,-0.013016357086598873,0.4558614492416382,0.4718513488769531,0.027975868433713913,0.4654013216495514,0.48129087686538696,0.025456838309764862,0.4523179531097412,0.4545837342739105,0.01858881674706936,0.4273805022239685,0.43819862604141235,0.03430379554629326,0.4447711706161499,0.45723211765289307,0.024770811200141907,0.42581766843795776,0.4431302547454834,0.05137949436903,0.45180684328079224,0.4414021074771881,0.008285981602966785,0.473406046628952,0.3932952582836151,-0.015850139781832695,0.4759296774864197,0.4240438938140869,-0.025325795635581017,0.4719737768173218,0.42411187291145325,-0.017355792224407196,0.4783228635787964,0.4191026985645294,-0.030716542154550552,0.4645991325378418,0.3499864339828491,-0.01412734854966402,0.45293787121772766,0.34572067856788635,-0.015801692381501198,0.44290921092033386,0.345488578081131,-0.014984401874244213,0.43507492542266846,0.3476170301437378,-0.011667979881167412,0.4301658868789673,0.3514222502708435,-0.0070654843002557755,0.4284236431121826,0.36471936106681824,0.005693965125828981,0.41160136461257935,0.38726142048835754,0.04033041372895241,0.4348859190940857,0.37751349806785583,0.0031054625287652016,0.44207456707954407,0.38022130727767944,-0.0004125179548282176,0.4511702060699463,0.3793107867240906,-0.0030206271912902594,0.45934662222862244,0.3763173818588257,-0.004820761736482382,0.46537256240844727,0.37308984994888306,-0.005767482332885265,0.46940648555755615,0.3703506588935852,-0.0068491543643176556,0.4109865427017212,0.3829491138458252,0.06408871710300446,0.47204458713531494,0.4250544309616089,-0.013699579983949661,0.4777693450450897,0.39806491136550903,-0.025165662169456482,0.4805668294429779,0.4257829785346985,-0.03011498786509037,0.4840179681777954,0.4287934899330139,-0.026484422385692596,0.4805375039577484,0.4263294041156769,-0.02672581374645233,0.47364938259124756,0.42665180563926697,-0.010843162424862385,0.4854895770549774,0.4299796223640442,-0.028031358495354652,0.4861648976802826,0.4305712580680847,-0.019714966416358948,0.4685252606868744,0.3625527620315552,-0.005663692019879818,0.47229549288749695,0.3655886650085449,-0.009081450290977955,0.4744451940059662,0.36839818954467773,-0.013051265850663185,0.4369851052761078,0.36131995916366577,-0.0019844789057970047,0.43206390738487244,0.3574846386909485,-0.0019789361394941807,0.493114173412323,0.39279788732528687,-0.030630258843302727,0.5302760004997253,0.3497265577316284,-0.0017004878027364612,0.49732598662376404,0.4271140992641449,-0.020141085609793663,0.5533221960067749,0.30480077862739563,0.02048959955573082,0.5132021307945251,0.3609375059604645,-0.00694238068535924,0.5195561051368713,0.36020514369010925,-0.006354499142616987,0.5258350372314453,0.3588178753852844,-0.004679137375205755,0.5337604880332947,0.35237058997154236,0.000129601830849424,0.507813036441803,0.3603428304195404,-0.006441304925829172,0.5207270383834839,0.33823779225349426,-0.01291203685104847,0.5136102437973022,0.34044739603996277,-0.01304863765835762,0.5273842215538025,0.3380570709705353,-0.010399529710412025,0.5318324565887451,0.3398519456386566,-0.007414578925818205,0.5403512716293335,0.3569874167442322,0.004529252182692289,0.5196276903152466,0.4835571348667145,0.019780881702899933,0.532663106918335,0.34766095876693726,7.58311289246194e-05,0.5599374175071716,0.3451387882232666,0.03194069862365723,0.5471758246421814,0.3495486378669739,0.009559513069689274,0.5226407051086426,0.4022638499736786,-0.004630635492503643,0.5004153251647949,0.4445200562477112,-0.008808720856904984,0.500176727771759,0.4520655572414398,-0.004137572832405567,0.5080821514129639,0.4441887140274048,-0.004454087466001511,0.512947678565979,0.4440684914588928,0.0014116715174168348,0.506377637386322,0.4498171806335449,-0.0013593413168564439,0.5109320878982544,0.447890967130661,0.0037968121469020844,0.5241010189056396,0.4502389430999756,0.01551041565835476,0.49592599272727966,0.4255993962287903,-0.03296802565455437,0.49582621455192566,0.4166187644004822,-0.03653176128864288,0.5405203104019165,0.33174705505371094,-0.008033666759729385,0.5064746141433716,0.38268721103668213,-0.010104618035256863,0.5103015899658203,0.4145074784755707,-0.017470406368374825,0.5100135207176208,0.4086230993270874,-0.01634424738585949,0.5428383350372314,0.3946239948272705,0.0031943179201334715,0.4943990111351013,0.40401867032051086,-0.03485165163874626,0.5239514112472534,0.3280106782913208,-0.020710283890366554,0.5334406495094299,0.32815706729888916,-0.015237264335155487,0.5458952784538269,0.29149046540260315,0.004317321348935366,0.4965464174747467,0.3429424464702606,-0.024858642369508743,0.507682204246521,0.344703733921051,-0.010647062212228775,0.5288808345794678,0.44065672159194946,0.014949589036405087,0.558837890625,0.4273003041744232,0.07026959955692291,0.5062451362609863,0.42073291540145874,-0.014045708812773228,0.5014517903327942,0.42462456226348877,-0.013520825654268265,0.5192071199417114,0.44364339113235474,0.01461751013994217,0.5177440047264099,0.44454124569892883,0.012887977063655853,0.536199688911438,0.32129955291748047,-0.01364095788449049,0.5109603404998779,0.41654810309410095,-0.013031396083533764,0.5116577744483948,0.3322985768318176,-0.024126891046762466,0.5119284391403198,0.3246515095233917,-0.027239833027124405,0.5176593065261841,0.2777404487133026,-0.024829775094985962,0.5419802665710449,0.3052722215652466,-0.006588926073163748,0.5150104761123657,0.29952841997146606,-0.02705652080476284,0.5437426567077637,0.32625699043273926,-0.0037001906894147396,0.5496676564216614,0.31535598635673523,0.006944640539586544,0.5004839897155762,0.44857606291770935,-0.007102243602275848,0.5072951912879944,0.4471203088760376,-0.0029869244899600744,0.5120099186897278,0.44595035910606384,0.0021867172326892614,0.5050346255302429,0.42211106419563293,-0.012268401682376862,0.5184391736984253,0.44411420822143555,0.013701877556741238,0.5157047510147095,0.44814980030059814,0.010628581047058105,0.5170046091079712,0.44500240683555603,0.012731743976473808,0.5029413104057312,0.42137688398361206,-0.023883262649178505,0.5099956393241882,0.44940823316574097,0.005289097782224417,0.5054345726966858,0.45181843638420105,0.001929002464748919,0.49967655539512634,0.45431387424468994,-0.0006050476804375648,0.504448652267456,0.4746321737766266,0.008906632661819458,0.5017358064651489,0.46775293350219727,0.0017196191474795341,0.5011854767799377,0.4630005955696106,0.00014880830713082105,0.5003818869590759,0.4582611322402954,0.00085989705985412,0.49952012300491333,0.4543960988521576,0.0008164136088453233,0.5098285675048828,0.44933485984802246,0.006436154246330261,0.5111330151557922,0.4507240056991577,0.006167560815811157,0.512518048286438,0.4526267349720001,0.005914503242820501,0.5136175155639648,0.4548610746860504,0.007572324015200138,0.5204076170921326,0.433484822511673,0.001449971809051931,0.5626235008239746,0.38053014874458313,0.06903393566608429,0.5132125020027161,0.44731029868125916,0.010203109122812748,0.5144605040550232,0.44766858220100403,0.010169549845159054,0.4995642602443695,0.4283989369869232,-0.012598763220012188,0.5096142292022705,0.4208509027957916,-0.006935476791113615,0.5004649758338928,0.4266017973423004,-0.013347732834517956,0.5137390494346619,0.3856836259365082,-0.006736233830451965,0.525688111782074,0.38885924220085144,-0.0038966117426753044,0.5115315318107605,0.4110106825828552,-0.011833912692964077,0.5346763730049133,0.2820248007774353,-0.011343572288751602,0.5309365391731262,0.29942259192466736,-0.01764119602739811,0.525242805480957,0.32013511657714844,-0.021533221006393433,0.5192333459854126,0.4594529867172241,0.013192270882427692,0.49712976813316345,0.33082908391952515,-0.0299356821924448,0.49870139360427856,0.3022044003009796,-0.03202194720506668,0.4994227886199951,0.2773616313934326,-0.0322854220867157,0.5309674143791199,0.35606876015663147,-0.002085347194224596,0.5482650399208069,0.3615102767944336,0.009287729859352112,0.5043419003486633,0.3592723309993744,-0.0060693081468343735,0.5389259457588196,0.3415377140045166,-0.0018109617521986365,0.5015034675598145,0.3785983622074127,-0.013480670750141144,0.5062758326530457,0.4144515097141266,-0.024578945711255074,0.5557702779769897,0.36640664935112,0.018040552735328674,0.5446242094039917,0.36912667751312256,0.004957820288836956,0.5368484854698181,0.3749195337295532,-0.000275658123428002,0.5242359042167664,0.37678584456443787,-0.0031925574876368046,0.5145514011383057,0.3752862215042114,-0.005254711024463177,0.5074440836906433,0.3730432391166687,-0.007845228537917137,0.49198707938194275,0.3702741265296936,-0.023288128897547722,0.5568891763687134,0.3855278491973877,0.0204372089356184,0.5441219210624695,0.3393959403038025,0.000559698324650526,0.4943169951438904,0.4294183850288391,-0.028969861567020416,0.5068366527557373,0.39287611842155457,-0.010941415093839169,0.5612635612487793,0.33955496549606323,0.05391303822398186,0.5019621849060059,0.36993664503097534,-0.009980285540223122,0.5121843814849854,0.40981432795524597,-0.005131719633936882,0.535688042640686,0.3472045063972473,0.0014554368099197745,0.5057371854782104,0.4071859121322632,-0.023170558735728264,0.5619125366210938,0.4033384323120117,0.07131755352020264,0.5042862296104431,0.35609322786331177,-0.005401567555963993,0.5001266002655029,0.4048624038696289,-0.03041275590658188,0.5458990335464478,0.4552704393863678,0.03978988900780678,0.5454269647598267,0.4630703926086426,0.05387900397181511,0.5624985694885254,0.38366633653640747,0.044334426522254944,0.5538586378097534,0.4413765072822571,0.04507245123386383,0.554937481880188,0.32857298851013184,0.02089616470038891,0.5209887027740479,0.491057813167572,0.02564597688615322,0.4937547445297241,0.4302089512348175,-0.019446782767772675,0.513408899307251,0.3971412777900696,-0.007221788167953491,0.5528281927108765,0.34952840209007263,0.016109442338347435,0.5240491628646851,0.35295945405960083,-0.005113947670906782,0.5187402963638306,0.35448551177978516,-0.006592067424207926,0.5168414115905762,0.44884246587753296,0.011969100683927536,0.5574697256088257,0.40360313653945923,0.02697485312819481,0.5108214616775513,0.5036217570304871,0.02930375561118126,0.5278608798980713,0.48734018206596375,0.03998261317610741,0.5357561707496643,0.4772050082683563,0.046138960868120193,0.5135725140571594,0.3551519215106964,-0.00696924701333046,0.5086567401885986,0.35541021823883057,-0.006280060391873121,0.5056498646736145,0.35594916343688965,-0.005303975194692612,0.5483560562133789,0.3357662260532379,0.006496327929198742,0.509395956993103,0.3508738875389099,-0.008768611587584019,0.5146123170852661,0.34859657287597656,-0.01014456432312727,0.5199622511863708,0.34749579429626465,-0.009906179271638393,0.5253157019615173,0.3471623957157135,-0.008045279420912266,0.5288302898406982,0.34741640090942383,-0.005623283330351114,0.5581387281417847,0.31983616948127747,0.03819596767425537,0.5276559591293335,0.3512687087059021,-0.0032370928674936295,0.513325572013855,0.43215134739875793,-0.0037494502030313015,0.5060688257217407,0.42028772830963135,-0.017136625945568085,0.5009838938713074,0.4349622428417206,-0.010349837131798267,0.5369433164596558,0.4688204228878021,0.036354389041662216,0.5290560126304626,0.47984448075294495,0.03163542225956917,0.5107808113098145,0.4996110498905182,0.020476004108786583,0.5529670715332031,0.4473785161972046,0.0630851611495018,0.5059078335762024,0.35396552085876465,-0.006889295764267445,0.4975723922252655,0.3849624991416931,-0.022102758288383484,0.5199651122093201,0.49665993452072144,0.03341590613126755,0.5618485808372498,0.4040040969848633,0.04807984456419945,0.505250096321106,0.45183801651000977,0.0032688172068446875,0.5065442323684692,0.4545287489891052,0.0030838879756629467,0.5077064037322998,0.45798245072364807,0.002683997852727771,0.5085800886154175,0.4620673954486847,0.004307227674871683,0.5128777027130127,0.4679749011993408,0.010417663492262363,0.5144891738891602,0.44610595703125,0.008530779741704464,0.5155497193336487,0.4449007213115692,0.00843475665897131,0.5164706707000732,0.4437563717365265,0.008039192296564579,0.5261220932006836,0.4360310435295105,0.007790186442434788,0.5500456094741821,0.41171616315841675,0.014638303779065609,0.4965815544128418,0.37396159768104553,-0.017988555133342743,0.4986993670463562,0.3526897430419922,-0.011041504330933094,0.5027986168861389,0.35184621810913086,-0.008560541085898876,0.513343095779419,0.44736146926879883,0.00943001452833414,0.5514569282531738,0.4310130774974823,0.02968473732471466,0.49325597286224365,0.35558652877807617,-0.019405003637075424,0.516508936882019,0.4753628969192505,0.015335054136812687,0.4926776885986328,0.3821868598461151,-0.02781708352267742,0.5032356977462769,0.39822304248809814,-0.019172443076968193,0.5069283843040466,0.48311054706573486,0.012479913420975208,0.529525637626648,0.4538787007331848,0.019768748432397842,0.5185182094573975,0.4147758185863495,-0.002030619652941823,0.5235582590103149,0.4654397666454315,0.018197879195213318,0.5349469780921936,0.4096653461456299,0.0002504654985386878,0.5260633230209351,0.4214547872543335,0.0015882934676483274,0.5417207479476929,0.42094555497169495,0.00886648427695036,0.509536623954773,0.4925801157951355,0.015110906213521957,0.5073060393333435,0.4008820652961731,-0.013323399238288403,0.5348804593086243,0.45996129512786865,0.027050364762544632,0.5271831750869751,0.47204771637916565,0.024743491783738136,0.5347201824188232,0.44202911853790283,0.017623459920287132,0.5567085146903992,0.41862690448760986,0.03298443555831909,0.5430971384048462,0.4423810839653015,0.023692065849900246,0.5595091581344604,0.42306631803512573,0.049932364374399185,0.5324958562850952,0.42893797159194946,0.007447137497365475,0.502042829990387,0.3888453245162964,-0.016100894659757614,0.5047667622566223,0.4195673167705536,-0.025544261559844017,0.5087302327156067,0.41849827766418457,-0.017638826742768288,0.5013452172279358,0.4154697358608246,-0.030874328687787056,0.5027370452880859,0.34495222568511963,-0.014577457681298256,0.5126775503158569,0.3376021087169647,-0.016487449407577515,0.521930992603302,0.3344052731990814,-0.015912683680653572,0.5298544764518738,0.3341381251811981,-0.01276076678186655,0.5355512499809265,0.33635038137435913,-0.008274339139461517,0.5407615303993225,0.34863343834877014,0.004435735289007425,0.5619778037071228,0.36414235830307007,0.038533587008714676,0.5371760725975037,0.3616662323474884,0.0019580789376050234,0.5308426022529602,0.36599016189575195,-0.001396499457769096,0.5220580101013184,0.3678698241710663,-0.003810969879850745,0.5136722922325134,0.3676729202270508,-0.0054414537735283375,0.5072279572486877,0.3664707839488983,-0.006231156177818775,0.5027815103530884,0.36497262120246887,-0.007232258561998606,0.5621892809867859,0.3594525158405304,0.06347658485174179,0.508804440498352,0.4194265902042389,-0.01398025918751955,0.4983504116535187,0.39482444524765015,-0.025357382372021675,0.500342071056366,0.4226181209087372,-0.030267348513007164,0.4976194202899933,0.4265753924846649,-0.02655358798801899,0.5005935430526733,0.423164963722229,-0.02686990797519684,0.5075932741165161,0.4214693009853363,-0.011063585057854652,0.49636179208755493,0.42816731333732605,-0.0280902162194252,0.49582532048225403,0.4289342164993286,-0.019779259338974953,0.502030074596405,0.35733726620674133,-0.006112519185990095,0.4989788830280304,0.3613089919090271,-0.009390539489686489,0.4973560571670532,0.3644182085990906,-0.01329778227955103,0.5310133695602417,0.34764450788497925,-0.00312139093875885,0.5350761413574219,0.3425442576408386,-0.0031649020966142416,0.44916248321533203,0.36174890398979187,-0.0049579450860619545,0.45724380016326904,0.3609333634376526,-0.0049579450860619545,0.44847816228866577,0.35275140404701233,-0.0049579450860619545,0.44113579392433167,0.36247366666793823,-0.0049579450860619545,0.4498055875301361,0.37063708901405334,-0.0049579450860619545,0.5192001461982727,0.3511803150177002,-0.0058138263411819935,0.5263558626174927,0.34964343905448914,-0.0058138263411819935,0.518073320388794,0.3427782654762268,-0.0058138263411819935,0.5120570659637451,0.3526608347892761,-0.0058138263411819935,0.5203518867492676,0.35954806208610535,-0.0058138263411819935
100.0,0.49251776933670044,0.448616087436676,-0.009045291692018509,0.4904848039150238,0.427698016166687,-0.033412590622901917,0.4910106658935547,0.43194571137428284,-0.014306779950857162,0.4821784198284149,0.39510560035705566,-0.030581869184970856,0.48961156606674194,0.41875311732292175,-0.03720412775874138,0.4884086549282074,0.4051646590232849,-0.03687470406293869,0.48547372221946716,0.37004178762435913,-0.02627481333911419,0.43832266330718994,0.364485502243042,-0.00075495959026739,0.48324230313301086,0.3451593220233917,-0.026554204523563385,0.4820998013019562,0.3326117694377899,-0.03079352341592312,0.47751984000205994,0.2812129259109497,-0.03450503200292587,0.4926994740962982,0.45170196890830994,-0.007405267097055912,0.4928325116634369,0.4548301100730896,-0.004883596673607826,0.4929123520851135,0.4569471776485443,-0.0011453977786004543,0.4928668439388275,0.45701831579208374,0.0002544397721067071,0.49315541982650757,0.46127849817276,0.00041590965702198446,0.4934301972389221,0.46610307693481445,-0.00020272654364816844,0.4936533570289612,0.4707781672477722,0.0015628908295184374,0.4955594837665558,0.47721683979034424,0.008785190060734749,0.4908626973628998,0.43104785680770874,-0.029266390949487686,0.48422369360923767,0.42983874678611755,-0.020029200240969658,0.40807050466537476,0.3277393579483032,0.020644083619117737,0.45815908908843994,0.3702498972415924,-0.006374997552484274,0.45168280601501465,0.37185752391815186,-0.005672568455338478,0.4450852572917938,0.37246498465538025,-0.0038768036756664515,0.43573683500289917,0.3678048551082611,0.0011060370597988367,0.46340495347976685,0.3678728938102722,-0.006006261333823204,0.44521984457969666,0.3492312431335449,-0.012171825394034386,0.45304074883461,0.3493596613407135,-0.012473697774112225,0.4384596645832062,0.35119765996932983,-0.00955057330429554,0.4344314932823181,0.3544476628303528,-0.006458774674683809,0.43072283267974854,0.3739776313304901,0.00556124048307538,0.4744020402431488,0.4905281662940979,0.0206616073846817,0.43545401096343994,0.36257854104042053,0.0010381957981735468,0.4098142087459564,0.3684762716293335,0.03344409167766571,0.4225863218307495,0.367681622505188,0.010687021538615227,0.45600011944770813,0.4129508435726166,-0.003984692040830851,0.48414987325668335,0.4478253424167633,-0.008483905345201492,0.4852559566497803,0.45509183406829834,-0.0037992314901202917,0.4766567349433899,0.4499015808105469,-0.0039290920831263065,0.4716722071170807,0.4513496458530426,0.002112878719344735,0.47895699739456177,0.4548637270927429,-0.0008128018816933036,0.4741762578487396,0.45447611808776855,0.0044360109604895115,0.4637090563774109,0.4600954055786133,0.016527682542800903,0.4851081967353821,0.42795535922050476,-0.03287269547581673,0.4835253059864044,0.41926276683807373,-0.03642464801669121,0.42430463433265686,0.3484428822994232,-0.007006484549492598,0.46794363856315613,0.38901767134666443,-0.009819994680583477,0.469490110874176,0.4212381839752197,-0.017103813588619232,0.4687778651714325,0.41540858149528503,-0.01596074365079403,0.4354822337627411,0.4115632474422455,0.004244199953973293,0.4827100336551666,0.4065634608268738,-0.03475651517510414,0.43916478753089905,0.3403550386428833,-0.020083244889974594,0.4301018714904785,0.34316131472587585,-0.014402872882783413,0.4127976894378662,0.3126235902309418,0.004437399562448263,0.4694436192512512,0.34595340490341187,-0.024768918752670288,0.4599863290786743,0.3519377112388611,-0.010172278620302677,0.45744413137435913,0.4521927237510681,0.01604224182665348,0.42766332626342773,0.4469451904296875,0.07056359946727753,0.47450020909309387,0.4260721802711487,-0.01381177082657814,0.4798576831817627,0.4284592866897583,-0.013406995683908463,0.46514561772346497,0.45302125811576843,0.015613668598234653,0.4667587876319885,0.4534602761268616,0.013786675408482552,0.42611604928970337,0.33707141876220703,-0.012724732980132103,0.4692161977291107,0.4233453571796417,-0.012662435881793499,0.4520711302757263,0.3406422436237335,-0.023736583068966866,0.4501960575580597,0.3333422541618347,-0.02689158357679844,0.43815556168556213,0.2907913327217102,-0.02480679377913475,0.41908472776412964,0.3245317041873932,-0.005593187175691128,0.4444766044616699,0.3110106885433197,-0.02665744349360466,0.4201471209526062,0.3434579074382782,-0.002581598935648799,0.4136051535606384,0.3365192115306854,0.008179720491170883,0.4845784902572632,0.451742947101593,-0.0067560928873717785,0.47775983810424805,0.4524609446525574,-0.00243376730941236,0.4728587567806244,0.4528976082801819,0.002874760888516903,0.47589436173439026,0.42702147364616394,-0.012066624127328396,0.4659803807735443,0.4532545506954193,0.014630801044404507,0.46913015842437744,0.4565065801143646,0.011489401571452618,0.46756449341773987,0.45368319749832153,0.013590330258011818,0.4778016209602356,0.4258577525615692,-0.023655235767364502,0.4752325415611267,0.455723375082016,0.005940099246799946,0.48003214597702026,0.4566074013710022,0.0024482400622218847,0.48598232865333557,0.45718473196029663,-0.000220666712266393,0.48675253987312317,0.47773313522338867,0.009384778328239918,0.4852158725261688,0.4709283709526062,0.002185661578550935,0.4852428436279297,0.4661659002304077,0.0006051355157978833,0.4855455756187439,0.4613216519355774,0.0012917580315843225,0.48600926995277405,0.4573105573654175,0.0012003981973975897,0.47523942589759827,0.4557841420173645,0.0070778438821434975,0.47407370805740356,0.4575887620449066,0.006838853470981121,0.47282880544662476,0.45997458696365356,0.006644011940807104,0.4718693494796753,0.4625670313835144,0.00835609994828701,0.46373263001441956,0.44264841079711914,0.0021751094609498978,0.41467970609664917,0.40336060523986816,0.06940353661775589,0.49097755551338196,0.43168380856513977,-0.019807199016213417,0.4716776907444,0.4548017382621765,0.010983607731759548,0.47038742899894714,0.45558562874794006,0.010986890643835068,0.48237478733062744,0.4314808249473572,-0.012434152886271477,0.4713566303253174,0.4270506203174591,-0.006614949554204941,0.48116663098335266,0.4300273656845093,-0.013233518227934837,0.46147802472114563,0.39407286047935486,-0.006285324692726135,0.4507300853729248,0.40079790353775024,-0.0031981621868908405,0.46778619289398193,0.4181092381477356,-0.011434073559939861,0.4221813678741455,0.3000633120536804,-0.01128197368234396,0.42876020073890686,0.3155290484428406,-0.016895273700356483,0.43629348278045654,0.33308732509613037,-0.020828042179346085,0.47007712721824646,0.4675091803073883,0.014088738709688187,0.4662918448448181,0.3344554007053375,-0.029861699789762497,0.4609471261501312,0.30883118510246277,-0.03198501840233803,0.45602720975875854,0.28494223952293396,-0.03246408328413963,0.4393077492713928,0.3710348308086395,-0.0011870957678183913,0.4242304265499115,0.38048845529556274,0.010475288145244122,0.46658065915107727,0.36568590998649597,-0.005687942262738943,0.4282410144805908,0.3578987121582031,-0.0007614193600602448,0.4720475673675537,0.3835969567298889,-0.013290224596858025,0.47333574295043945,0.42009368538856506,-0.024328403174877167,0.4176763892173767,0.38798215985298157,0.019435899332165718,0.4291089177131653,0.38751089572906494,0.006060433108359575,0.4377797245979309,0.391308069229126,0.0006762799457646906,0.4505777657032013,0.38913998007774353,-0.00249173934571445,0.4597458243370056,0.38464927673339844,-0.004757296293973923,0.46614930033683777,0.38029101490974426,-0.00756153604015708,0.4795723259449005,0.3727121949195862,-0.023300686851143837,0.42043358087539673,0.40673887729644775,0.02186427265405655,0.4228973686695099,0.35677042603492737,0.0016396166756749153,0.4874996542930603,0.43113017082214355,-0.028880765661597252,0.4693269431591034,0.39907580614089966,-0.010631243698298931,0.40764665603637695,0.36360082030296326,0.054233890026807785,0.4708750545978546,0.37573790550231934,-0.009785167872905731,0.4670061469078064,0.41710686683654785,-0.004696340765804052,0.43258726596832275,0.36285561323165894,0.002471982967108488,0.4725869596004486,0.41284969449043274,-0.022938422858715057,0.419935017824173,0.4249754548072815,0.07158597558736801,0.4658129811286926,0.362414687871933,-0.0050078630447387695,0.47747695446014404,0.4090592563152313,-0.030230609700083733,0.44486379623413086,0.4702720046043396,0.04117470979690552,0.4472457468509674,0.4775134027004242,0.05427638441324234,0.4149465560913086,0.406429260969162,0.04590636491775513,0.43467843532562256,0.4591558575630188,0.04654662311077118,0.4112210273742676,0.3509920537471771,0.022238243371248245,0.474590539932251,0.4980326294898987,0.026578042656183243,0.4882277250289917,0.4316679537296295,-0.019379358738660812,0.463764488697052,0.4051629304885864,-0.006771558430045843,0.4174496531486511,0.3686341345310211,0.017400246113538742,0.4454286992549896,0.36647433042526245,-0.004298314452171326,0.4512208104133606,0.36626434326171875,-0.005870602559298277,0.4680314362049103,0.45754554867744446,0.012883510440587997,0.42350342869758606,0.4241781234741211,0.028404081240296364,0.48674502968788147,0.5073030591011047,0.029757481068372726,0.4679960012435913,0.4963608980178833,0.04045436903834343,0.45894166827201843,0.48855650424957275,0.046587858349084854,0.47970783710479736,0.30650410056114197,-0.03370910510420799,0.498857319355011,0.5073489546775818,0.028093606233596802,0.4565664529800415,0.36494773626327515,-0.00637051509693265,0.4615134596824646,0.363288551568985,-0.005777009762823582,0.46456512808799744,0.3627040982246399,-0.0048714689910411835,0.4182014763355255,0.3539125323295593,0.007734806276857853,0.45947980880737305,0.35844093561172485,-0.008289932273328304,0.45353084802627563,0.3575173318386078,-0.009561320766806602,0.4477865397930145,0.3580000698566437,-0.00919608399271965,0.44227132201194763,0.3593839704990387,-0.007218092679977417,0.43889936804771423,0.36091914772987366,-0.004712850321084261,0.40648946166038513,0.34373825788497925,0.03838099539279938,0.44136354327201843,0.3656498193740845,-0.0023594957310706377,0.49156829714775085,0.43743351101875305,-0.011051299050450325,0.4701446294784546,0.43920642137527466,-0.0032555083744227886,0.4745790660381317,0.4256214201450348,-0.016888415440917015,0.48238781094551086,0.4382149577140808,-0.010118763893842697,0.4842798113822937,0.3565191924571991,-0.024105608463287354,0.4556795656681061,0.48087164759635925,0.03757650405168533,0.4651251435279846,0.48931795358657837,0.032708995044231415,0.485664039850235,0.5034757256507874,0.02120303362607956,0.4371764659881592,0.46457183361053467,0.063381128013134,0.463728129863739,0.3607274293899536,-0.006462115328758955,0.4767988324165344,0.38872629404067993,-0.021993327885866165,0.49831056594848633,0.503250002861023,0.019795486703515053,0.4769649803638458,0.5032221078872681,0.03392461687326431,0.41959869861602783,0.4256492853164673,0.049590565264225006,0.480080246925354,0.4567447900772095,0.003776772413402796,0.4790584444999695,0.4598039984703064,0.003643623786047101,0.47827282547950745,0.46357834339141846,0.003326772479340434,0.477830171585083,0.46791020035743713,0.004994169343262911,0.47760045528411865,0.4739122688770294,0.011156810447573662,0.4703868627548218,0.45391127467155457,0.009288695640861988,0.4691232740879059,0.45307010412216187,0.009256846271455288,0.468050092458725,0.45220404863357544,0.008880133740603924,0.4589727222919464,0.4469049870967865,0.008724536746740341,0.4320545494556427,0.430011123418808,0.01587546057999134,0.475885272026062,0.3776220381259918,-0.017907919362187386,0.47047340869903564,0.35729414224624634,-0.010889731347560883,0.4663461744785309,0.35779255628585815,-0.00821254774928093,0.4716918170452118,0.4547857344150543,0.010203937999904156,0.43467649817466736,0.448822557926178,0.031053263694047928,0.47623223066329956,0.35829299688339233,-0.019371137022972107,0.4757871925830841,0.4818183481693268,0.016139596700668335,0.4874325692653656,0.3933678865432739,-0.03304913640022278,0.4808933138847351,0.3846055567264557,-0.027812069281935692,0.48651066422462463,0.38227733969688416,-0.029622022062540054,0.47359564900398254,0.40327519178390503,-0.01897415518760681,0.4975276291370392,0.4959118366241455,0.014198226854205132,0.4964936673641205,0.4859999418258667,0.011672040447592735,0.4861334562301636,0.48654431104660034,0.013070788234472275,0.45939236879348755,0.4649052917957306,0.020878391340374947,0.4619280695915222,0.42392969131469727,-0.0014732893323525786,0.4672858417034149,0.47430846095085144,0.019198952242732048,0.4457918703556061,0.4237852990627289,0.0011523815337568521,0.45622193813323975,0.4326609969139099,0.002337844343855977,0.44162943959236145,0.4366152882575989,0.010026603937149048,0.4854421615600586,0.49635037779808044,0.015825506299734116,0.4701525568962097,0.4070391356945038,-0.013015491887927055,0.45576462149620056,0.47206583619117737,0.028247835114598274,0.46531838178634644,0.4814906418323517,0.025769177824258804,0.4522450864315033,0.45494213700294495,0.018814418464899063,0.42730098962783813,0.4383452236652374,0.034377045929431915,0.4446849524974823,0.4574671685695648,0.024982476606965065,0.4256882667541504,0.4431997239589691,0.05144081637263298,0.45176345109939575,0.44179609417915344,0.00843051541596651,0.47319185733795166,0.39376747608184814,-0.015904365107417107,0.47569745779037476,0.42463189363479614,-0.0253090001642704,0.47169607877731323,0.4246406555175781,-0.01732361875474453,0.47811365127563477,0.4197557270526886,-0.03072754107415676,0.4644346833229065,0.3506110906600952,-0.014308774843811989,0.4528087079524994,0.3463696241378784,-0.016033345833420753,0.44282737374305725,0.34614425897598267,-0.015240084379911423,0.4350118339061737,0.34827497601509094,-0.011933548375964165,0.43011441826820374,0.35205069184303284,-0.007328375708311796,0.42830339074134827,0.3652392327785492,0.005476730410009623,0.41152438521385193,0.3874956965446472,0.04014386609196663,0.4347158670425415,0.3780035078525543,0.0029593934305012226,0.4418643116950989,0.38071125745773315,-0.0005474518402479589,0.4509386718273163,0.3798292279243469,-0.003142131492495537,0.4591115713119507,0.3768468201160431,-0.004911801312118769,0.4651419520378113,0.37359046936035156,-0.005890070926398039,0.4691751003265381,0.3708469271659851,-0.006970867980271578,0.4109083414077759,0.38305941224098206,0.06385393440723419,0.4717579782009125,0.4255502223968506,-0.013662263751029968,0.4775729775428772,0.3986472189426422,-0.02521686442196369,0.48037007451057434,0.42641639709472656,-0.030100202187895775,0.48382803797721863,0.4293803870677948,-0.026457369327545166,0.48033568263053894,0.426927387714386,-0.02670593373477459,0.47337019443511963,0.42712509632110596,-0.010799762792885303,0.4853205382823944,0.43057316541671753,-0.028002971783280373,0.4859836995601654,0.4311239719390869,-0.019677601754665375,0.46834588050842285,0.3631097972393036,-0.005811608862131834,0.4720689058303833,0.3661155700683594,-0.009224551729857922,0.47420191764831543,0.3688971996307373,-0.013205346651375294,0.43691086769104004,0.3619551956653595,-0.002171025611460209,0.4320146441459656,0.3580929636955261,-0.0021766540594398975,0.49294406175613403,0.393399178981781,-0.03069915436208248,0.530287504196167,0.3499605357646942,-0.0018242215737700462,0.4972752332687378,0.4276280403137207,-0.02010430209338665,0.5528228282928467,0.305021196603775,0.020191529765725136,0.5129873156547546,0.36101147532463074,-0.0070220232009887695,0.5193563103675842,0.3603244721889496,-0.006443834397941828,0.5256760120391846,0.35899651050567627,-0.004783049691468477,0.5337473154067993,0.35254427790641785,7.927756087156013e-06,0.5076190233230591,0.3604159355163574,-0.006548880599439144,0.5207682847976685,0.33850783109664917,-0.013067956082522869,0.5136225819587708,0.3407077193260193,-0.013201374560594559,0.5274343490600586,0.3383238613605499,-0.010564182884991169,0.5318818688392639,0.34010064601898193,-0.007572505157440901,0.5402499437332153,0.35713058710098267,0.004409770015627146,0.51960289478302,0.48357105255126953,0.020121268928050995,0.5327313542366028,0.34786343574523926,-6.665018008789048e-05,0.5594910979270935,0.34518319368362427,0.03178033605217934,0.547126829624176,0.34963375329971313,0.009404587559401989,0.5224650502204895,0.40249544382095337,-0.004600007086992264,0.5006924867630005,0.4451349079608917,-0.008681881241500378,0.500389039516449,0.45261481404304504,-0.003969535697251558,0.5082579851150513,0.4447093904018402,-0.004311848897486925,0.5130058526992798,0.44452640414237976,0.0015776451909914613,0.506511390209198,0.45033469796180725,-0.0011851118179038167,0.510951042175293,0.448384165763855,0.003983085975050926,0.524176836013794,0.4504634439945221,0.015747489407658577,0.49581003189086914,0.4262208342552185,-0.03294910490512848,0.49571073055267334,0.4172847270965576,-0.03653208911418915,0.5406585335731506,0.33192896842956543,-0.008290532976388931,0.506259024143219,0.38298895955085754,-0.01016866322606802,0.5103110074996948,0.41489267349243164,-0.017442280426621437,0.5099995136260986,0.40898674726486206,-0.016321692615747452,0.5425392985343933,0.3947314918041229,0.00320736994035542,0.4942578375339508,0.4046686291694641,-0.03488718718290329,0.5240752100944519,0.328319787979126,-0.021004583686590195,0.5335985422134399,0.32842060923576355,-0.015538743697106838,0.5454448461532593,0.29189395904541016,0.003982010763138533,0.4964408278465271,0.3432468771934509,-0.025110773742198944,0.5076660513877869,0.3449360728263855,-0.010786916129291058,0.5289446115493774,0.4409094452857971,0.015167364850640297,0.5585511922836304,0.426918625831604,0.07038556784391403,0.5062624216079712,0.4211210012435913,-0.013998806476593018,0.5014525055885315,0.425035685300827,-0.01348631177097559,0.5190185904502869,0.44406184554100037,0.01482864748686552,0.5175667405128479,0.44498342275619507,0.013098879717290401,0.5363991260528564,0.3215620517730713,-0.013952205888926983,0.5109889507293701,0.4168778657913208,-0.01299274805933237,0.5117081999778748,0.3326120674610138,-0.024400413036346436,0.5120031833648682,0.3250551223754883,-0.0275349710136652,0.5172911286354065,0.2784803509712219,-0.025185246020555496,0.5415906310081482,0.3057883679866791,-0.0069104149006307125,0.514687716960907,0.3002992868423462,-0.02739144116640091,0.5439184308052063,0.32639870047569275,-0.003968138247728348,0.5492285490036011,0.31571173667907715,0.006668189540505409,0.500731885433197,0.44913312792778015,-0.006954972632229328,0.5074535608291626,0.4476267695426941,-0.0028246573638170958,0.5120487809181213,0.4464207887649536,0.0023645074106752872,0.5050570368766785,0.4224909245967865,-0.012235904112458229,0.518259584903717,0.44454434514045715,0.013909542933106422,0.5156005620956421,0.4485941529273987,0.010851274244487286,0.516838788986206,0.445452481508255,0.012936384417116642,0.5028908252716064,0.42187437415122986,-0.02385856583714485,0.5099984407424927,0.4499203860759735,0.005497654899954796,0.5055384039878845,0.45235970616340637,0.0021360572427511215,0.499850869178772,0.4548723101615906,-0.00040079531027004123,0.5044735074043274,0.4749685525894165,0.009163451381027699,0.501908004283905,0.46799254417419434,0.001972967991605401,0.5013799071311951,0.46335047483444214,0.0003925256314687431,0.5005825161933899,0.45873019099235535,0.001096885884180665,0.4997175335884094,0.45495203137397766,0.0010141553357243538,0.5098308324813843,0.44987475872039795,0.00663360022008419,0.5111263990402222,0.4512231945991516,0.006390940397977829,0.5125029683113098,0.4530605673789978,0.006157223600894213,0.5135899782180786,0.45522382855415344,0.007819479331374168,0.5204305648803711,0.43380042910575867,0.0015720502706244588,0.5621742010116577,0.3802790939807892,0.06898565590381622,0.5131319165229797,0.4478207528591156,0.010400844737887383,0.5143725872039795,0.44814977049827576,0.010386772453784943,0.499545693397522,0.42881396412849426,-0.012547674588859081,0.5096397995948792,0.4211573898792267,-0.0068817902356386185,0.5004571676254272,0.427013635635376,-0.013308867812156677,0.5134962201118469,0.3859271705150604,-0.006777435541152954,0.5254105925559998,0.38906604051589966,-0.003932871390134096,0.5115255117416382,0.4113287925720215,-0.011799865402281284,0.5342714190483093,0.2825985550880432,-0.011696292087435722,0.5305821895599365,0.3000829219818115,-0.017973916605114937,0.525407075881958,0.3205036222934723,-0.021836021915078163,0.5192925930023193,0.4596858322620392,0.013446127064526081,0.49706462025642395,0.3312416672706604,-0.03021731600165367,0.49839767813682556,0.30302608013153076,-0.032351285219192505,0.4990808963775635,0.2782083749771118,-0.03264623135328293,0.5308843851089478,0.3562573790550232,-0.0022015732247382402,0.5481550097465515,0.3615877330303192,0.009192060679197311,0.5041844844818115,0.3593679666519165,-0.0061866664327681065,0.5389623641967773,0.3417033553123474,-0.0019911492709070444,0.5012898445129395,0.37896937131881714,-0.013569459319114685,0.5062317252159119,0.4149377942085266,-0.024564895778894424,0.5554072260856628,0.36646541953086853,0.017962457612156868,0.5444348454475403,0.3692700266838074,0.004892495460808277,0.5365990400314331,0.37511277198791504,-0.000320166174788028,0.5239610075950623,0.3769535422325134,-0.003254943061619997,0.514286994934082,0.3754214942455292,-0.005318191833794117,0.5072100162506104,0.37319043278694153,-0.007933680899441242,0.4917694628238678,0.3707859516143799,-0.023439563810825348,0.556551992893219,0.38550999760627747,0.020430803298950195,0.5441655516624451,0.3395196199417114,0.0003603767545428127,0.4942083954811096,0.42999395728111267,-0.02893904037773609,0.5066916942596436,0.3931991159915924,-0.01095893420279026,0.5607353448867798,0.33948230743408203,0.053711000829935074,0.5017513632774353,0.37014323472976685,-0.010092513635754585,0.5121545791625977,0.410078763961792,-0.005082880612462759,0.5357356667518616,0.34736818075180054,0.0013072951696813107,0.5056758522987366,0.4076415002346039,-0.023167528212070465,0.5615484118461609,0.40300482511520386,0.07134900987148285,0.5041936635971069,0.3562146723270416,-0.005525767803192139,0.5000176429748535,0.40543216466903687,-0.030433155596256256,0.5458064079284668,0.45504891872406006,0.040059953927993774,0.5452863574028015,0.4627380967140198,0.054128021001815796,0.5621422529220581,0.38353413343429565,0.04431559517979622,0.5536970496177673,0.4411180019378662,0.04528007283806801,0.5544788837432861,0.32876044511795044,0.020670728757977486,0.52097487449646,0.4910120964050293,0.02601652778685093,0.49365901947021484,0.4307437241077423,-0.019404685124754906,0.513260006904602,0.3974027931690216,-0.007213486358523369,0.5527862906455994,0.3495835065841675,0.015958931297063828,0.5239208340644836,0.3531796932220459,-0.005214803386479616,0.5185583233833313,0.354644775390625,-0.006689100991934538,0.5167226195335388,0.4492422938346863,0.012196678668260574,0.557179868221283,0.40351346135139465,0.027046704664826393,0.5107918977737427,0.5036036372184753,0.029659487307071686,0.5278045535087585,0.4871542751789093,0.04029690846800804,0.5356722474098206,0.47693657875061035,0.046428386121988297,0.5133765339851379,0.35525938868522644,-0.0070715700276196,0.5084878206253052,0.3554934859275818,-0.006393627729266882,0.5055192708969116,0.35603928565979004,-0.005429557990282774,0.5484158992767334,0.33584463596343994,0.0062875947915017605,0.5093382000923157,0.3510848879814148,-0.00889050867408514,0.5145738124847412,0.34885159134864807,-0.01028173603117466,0.5199467539787292,0.34776514768600464,-0.010044318623840809,0.5253331065177917,0.3474186062812805,-0.008187254890799522,0.5288647413253784,0.34765347838401794,-0.005756936967372894,0.5576140880584717,0.3198997974395752,0.037935130298137665,0.5275959372520447,0.3515135943889618,-0.0033513219095766544,0.5133540034294128,0.4324949383735657,-0.0036653645802289248,0.506068229675293,0.4207049608230591,-0.017107008025050163,0.500980019569397,0.43538662791252136,-0.010280068032443523,0.5369020104408264,0.46864446997642517,0.03666608780622482,0.5290300846099854,0.4797249436378479,0.03197937086224556,0.5107772946357727,0.4996458888053894,0.020865559577941895,0.5527585744857788,0.4470024108886719,0.06326081603765488,0.5058364868164062,0.3541320562362671,-0.0070168739184737206,0.49738943576812744,0.3854544162750244,-0.022182874381542206,0.5199338793754578,0.49656757712364197,0.033754121512174606,0.5615533590316772,0.40379267930984497,0.04813683032989502,0.505361020565033,0.45239460468292236,0.003465615911409259,0.5066487193107605,0.4550164043903351,0.003314040834084153,0.5078015327453613,0.45837417244911194,0.0029320355970412493,0.5086619853973389,0.462356299161911,0.004563179798424244,0.5129334330558777,0.4682524800300598,0.01067445706576109,0.5143959522247314,0.44657444953918457,0.0087204584851861,0.5154609084129333,0.44535356760025024,0.008623392321169376,0.5163901448249817,0.4441951811313629,0.008225647732615471,0.5261560678482056,0.43632596731185913,0.007959953509271145,0.5497891306877136,0.41170749068260193,0.014731130562722683,0.49636319279670715,0.3744126558303833,-0.01811145432293415,0.4985680878162384,0.3529219329357147,-0.011195944622159004,0.5027159452438354,0.3520353138446808,-0.008709044195711613,0.5132506489753723,0.44784367084503174,0.009633686393499374,0.5512905716896057,0.4308899939060211,0.029863297939300537,0.4930618107318878,0.3559098243713379,-0.019581343978643417,0.5165086984634399,0.4754795432090759,0.015628349035978317,0.49248552322387695,0.382737398147583,-0.02792678214609623,0.5031120777130127,0.39865726232528687,-0.019193653017282486,0.5069172978401184,0.48329806327819824,0.012800764292478561,0.5295599699020386,0.45396512746810913,0.020023411139845848,0.5184701681137085,0.41500383615493774,-0.0019747200421988964,0.5235791802406311,0.46551313996315,0.01847728155553341,0.534744143486023,0.4098365306854248,0.00031960217165760696,0.5259837508201599,0.4216773509979248,0.001678037689998746,0.5415493249893188,0.42103147506713867,0.009009530767798424,0.5095208883285522,0.4926638603210449,0.015472994185984135,0.5072169303894043,0.4012224078178406,-0.01332005113363266,0.5348672866821289,0.4599077105522156,0.027335481718182564,0.5271735191345215,0.4720113277435303,0.025064723566174507,0.5347285866737366,0.44214412569999695,0.017846284434199333,0.556479275226593,0.41848188638687134,0.03311549499630928,0.543033242225647,0.4423360824584961,0.023921305313706398,0.5592772960662842,0.42280709743499756,0.05006232485175133,0.5324386954307556,0.4291321933269501,0.0075858645141124725,0.5018787980079651,0.38925403356552124,-0.016148939728736877,0.5047206282615662,0.42006567120552063,-0.025525784119963646,0.5087416768074036,0.4188983142375946,-0.01760685257613659,0.5012628436088562,0.41605451703071594,-0.030881844460964203,0.502683162689209,0.34521013498306274,-0.014749717898666859,0.5127103924751282,0.3378869891166687,-0.01669650338590145,0.52200847864151,0.33469823002815247,-0.016133930534124374,0.5299434661865234,0.3344106078147888,-0.012981954962015152,0.5356336236000061,0.3365844786167145,-0.008488434366881847,0.5407636761665344,0.3487815856933594,0.00427940022200346,0.5615695118904114,0.36409592628479004,0.03844693303108215,0.53703773021698,0.36184096336364746,0.0018643647199496627,0.5306351780891418,0.36616629362106323,-0.0014887024881318212,0.5218176245689392,0.3679988384246826,-0.0038999775424599648,0.5134364366531372,0.3677572011947632,-0.0055073825642466545,0.5070177912712097,0.3665594458580017,-0.006334085948765278,0.5025902986526489,0.36510995030403137,-0.0073377517983317375,0.561679482460022,0.3592884838581085,0.06334336847066879,0.5088316202163696,0.41978719830513,-0.013942504301667213,0.49819350242614746,0.3953593075275421,-0.02540355920791626,0.5002617239952087,0.42319369316101074,-0.030248457565903664,0.4975462555885315,0.4271252751350403,-0.02652468904852867,0.5005223751068115,0.42370760440826416,-0.02684733457863331,0.507621705532074,0.4218144118785858,-0.011019080877304077,0.4962714910507202,0.42873409390449524,-0.028060654178261757,0.49575453996658325,0.4294554889202118,-0.01973925344645977,0.5019115805625916,0.3574712872505188,-0.006242626812309027,0.4988058805465698,0.36150240898132324,-0.00952185969799757,0.49715137481689453,0.36468422412872314,-0.013442573137581348,0.5310704112052917,0.3478681445121765,-0.0032611109782010317,0.5351263284683228,0.34274837374687195,-0.0033168853260576725,0.44916069507598877,0.36224693059921265,-0.005117715802043676,0.45722806453704834,0.361386239528656,-0.005117715802043676,0.4484674334526062,0.3531639873981476,-0.005117715802043676,0.4411395192146301,0.3630106449127197,-0.005117715802043676,0.44981008768081665,0.37123915553092957,-0.005117715802043676,0.5193177461624146,0.3513154983520508,-0.005937835201621056,0.5264196395874023,0.34975457191467285,-0.005937835201621056,0.5181918144226074,0.3430662155151367,-0.005937835201621056,0.5122049450874329,0.35283201932907104,-0.005937835201621056,0.5204508304595947,0.35952016711235046,-0.005937835201621056
133.33333333333334,0.49222955107688904,0.449144572019577,-0.009070705622434616,0.490107923746109,0.4280257523059845,-0.033406153321266174,0.49068111181259155,0.4322870373725891,-0.014350146986544132,0.48185765743255615,0.3955037593841553,-0.030515501275658607,0.48922985792160034,0.41909390687942505,-0.03717942535877228,0.488041490316391,0.40554118156433105,-0.03683776408433914,0.4851597547531128,0.37050125002861023,-0.02621704526245594,0.43807634711265564,0.36487069725990295,-0.0005615169066004455,0.4829446077346802,0.3456968367099762,-0.026469295844435692,0.48179763555526733,0.33318135142326355,-0.030684389173984528,0.4772285521030426,0.28189072012901306,-0.03436052426695824,0.49238651990890503,0.4521823227405548,-0.0074413069523870945,0.4924899637699127,0.4552533030509949,-0.004940041806548834,0.49254870414733887,0.4573383927345276,-0.0012529020896181464,0.4924446940422058,0.45752599835395813,0.00026132346829399467,0.4926837384700775,0.4618690013885498,0.0003854339011013508,0.4929172098636627,0.4668031632900238,-0.0002371099399169907,0.4931032359600067,0.4715808033943176,0.0015266789123415947,0.49530160427093506,0.47792983055114746,0.008713913150131702,0.4904974102973938,0.43138277530670166,-0.02927311137318611,0.48390164971351624,0.43016517162323,-0.020037109032273293,0.4080893397331238,0.32833331823349,0.020900513976812363,0.4579634964466095,0.37061434984207153,-0.006221442483365536,0.4515145719051361,0.37219956517219543,-0.005507821682840586,0.4449232816696167,0.3728295564651489,-0.0037039946764707565,0.4355114698410034,0.3681444823741913,0.0012973332777619362,0.46316608786582947,0.36831140518188477,-0.005883562844246626,0.4450153410434723,0.34962937235832214,-0.011951705440878868,0.4528324007987976,0.3498290181159973,-0.012278280220925808,0.43826019763946533,0.3515456020832062,-0.009325727820396423,0.43423131108283997,0.35478344559669495,-0.006236109416931868,0.43056708574295044,0.3742920458316803,0.005744583904743195,0.4741767644882202,0.49124661087989807,0.02066230960190296,0.435194194316864,0.36295971274375916,0.0012353010242804885,0.4098128080368042,0.3689908981323242,0.03363453224301338,0.4224943518638611,0.3679194450378418,0.010885517112910748,0.45577433705329895,0.41329869627952576,-0.003918266389518976,0.4837913513183594,0.4483175277709961,-0.008485446684062481,0.4848456084728241,0.45545926690101624,-0.003827013075351715,0.4762597978115082,0.4502721130847931,-0.0038899460341781378,0.4712126851081848,0.4516231119632721,0.00222240062430501,0.47851502895355225,0.45517927408218384,-0.0007887842948548496,0.4737095832824707,0.4547588527202606,0.004521873313933611,0.46334439516067505,0.4604264795780182,0.016696806997060776,0.4847528636455536,0.4282727837562561,-0.032850492745637894,0.48317044973373413,0.41959771513938904,-0.036383919417858124,0.42423176765441895,0.34874340891838074,-0.006767459213733673,0.4677480161190033,0.389426052570343,-0.009735963307321072,0.4692116677761078,0.4215432405471802,-0.01706455461680889,0.468511700630188,0.4157249629497528,-0.015913257375359535,0.4353014826774597,0.41187530755996704,0.004359286744147539,0.48236969113349915,0.4069300889968872,-0.034701816737651825,0.43900495767593384,0.34080690145492554,-0.019861817359924316,0.4299814999103546,0.34352201223373413,-0.014176633208990097,0.4128125309944153,0.3132287859916687,0.004724275320768356,0.4692177176475525,0.34661218523979187,-0.02463424764573574,0.45976030826568604,0.35246363282203674,-0.010002121329307556,0.45705708861351013,0.4524007737636566,0.01621316932141781,0.42764508724212646,0.44751840829849243,0.07057095319032669,0.47419896721839905,0.42637789249420166,-0.01379311177879572,0.47953876852989197,0.4287811517715454,-0.01342773623764515,0.4645756483078003,0.4531778395175934,0.015804516151547432,0.4662129580974579,0.45365577936172485,0.013980947434902191,0.4260510504245758,0.33742257952690125,-0.012484559789299965,0.46892672777175903,0.42364004254341125,-0.012638816609978676,0.45186856389045715,0.34120190143585205,-0.02354556880891323,0.45001453161239624,0.3339259624481201,-0.02668796479701996,0.4380328953266144,0.29143014550209045,-0.024535194039344788,0.4190714359283447,0.3251039385795593,-0.005327844992280006,0.4443332552909851,0.31160157918930054,-0.02641453593969345,0.420127809047699,0.3437339663505554,-0.002336677862331271,0.4136006236076355,0.3370794355869293,0.008436677046120167,0.4841952621936798,0.4521646797657013,-0.006762133911252022,0.47733601927757263,0.452799916267395,-0.0023960561957210302,0.47238925099372864,0.4531751871109009,0.0029766864608973265,0.4755818843841553,0.42733144760131836,-0.012072833254933357,0.465420126914978,0.4534305930137634,0.014822923578321934,0.4685213565826416,0.4568130075931549,0.011682924814522266,0.467031866312027,0.4538964033126831,0.013781155459582806,0.4774992763996124,0.42617109417915344,-0.0236220620572567,0.4747808575630188,0.4560183882713318,0.005998380482196808,0.47959163784980774,0.4569206237792969,0.00243644742295146,0.4855712652206421,0.4575355052947998,-0.00029102800181135535,0.48645371198654175,0.47841089963912964,0.009350772947072983,0.4845755696296692,0.47173401713371277,0.0021912003867328167,0.4846499562263489,0.466846764087677,0.0006179247866384685,0.4850144386291504,0.46187645196914673,0.0013065028470009565,0.48553037643432617,0.4577883780002594,0.0012442410225048661,0.47470518946647644,0.456116259098053,0.007222137879580259,0.47349095344543457,0.45796918869018555,0.00697175320237875,0.47219058871269226,0.4604383409023285,0.006788077298551798,0.4711822271347046,0.46311378479003906,0.008510430343449116,0.4633628726005554,0.44289731979370117,0.0022950328420847654,0.41467440128326416,0.4039263427257538,0.06947221606969833,0.4906269311904907,0.43202903866767883,-0.01983850821852684,0.4711455702781677,0.45506349205970764,0.011173187755048275,0.46981528401374817,0.4558616280555725,0.011173711158335209,0.48204505443573,0.4318046271800995,-0.012457183562219143,0.47104209661483765,0.42734307050704956,-0.006618462968617678,0.4808420240879059,0.43034952878952026,-0.013258482329547405,0.4612919092178345,0.3944561779499054,-0.006201808340847492,0.4505459666252136,0.4011451005935669,-0.0031137627083808184,0.467516154050827,0.41841888427734375,-0.01139858178794384,0.4221462905406952,0.3006831109523773,-0.010986069217324257,0.428702175617218,0.316116064786911,-0.01663215085864067,0.4361639618873596,0.333548903465271,-0.020589426159858704,0.46972599625587463,0.4679919481277466,0.014228004962205887,0.46608996391296387,0.33515051007270813,-0.02969929575920105,0.46071985363960266,0.3094254434108734,-0.03177911043167114,0.4558185338973999,0.28560107946395874,-0.03224685415625572,0.4391102194786072,0.3713878095149994,-0.0010041838977485895,0.424113392829895,0.38075345754623413,0.010661650449037552,0.46630987524986267,0.36618489027023315,-0.005575382150709629,0.4280986189842224,0.3581971526145935,-0.0005346510442905128,0.4718383550643921,0.38402730226516724,-0.01320679858326912,0.47304821014404297,0.4204094111919403,-0.0242808535695076,0.4176356792449951,0.38838991522789,0.019617116078734398,0.4289615750312805,0.3878158628940582,0.006237979047000408,0.43762052059173584,0.39166513085365295,0.0008385952096432447,0.45041540265083313,0.38952645659446716,-0.0023671090602874756,0.45956045389175415,0.38506993651390076,-0.004646569490432739,0.4659257233142853,0.3807757496833801,-0.007466778624802828,0.47929656505584717,0.37316471338272095,-0.023224132135510445,0.4203411340713501,0.40709808468818665,0.022014740854501724,0.4228205680847168,0.35703274607658386,0.0018770850729197264,0.4871513843536377,0.4314579963684082,-0.028875356540083885,0.46909427642822266,0.39945608377456665,-0.0105645302683115,0.4076482355594635,0.36418384313583374,0.05438673496246338,0.47063523530960083,0.37629756331443787,-0.009698377922177315,0.4667368531227112,0.4174187183380127,-0.004666827153414488,0.4323469400405884,0.36317121982574463,0.0026722282636910677,0.47231292724609375,0.41318240761756897,-0.02288399450480938,0.41992223262786865,0.42554882168769836,0.07161825895309448,0.4655303657054901,0.36294183135032654,-0.004883636254817247,0.47717493772506714,0.4094141125679016,-0.030171427875757217,0.4447662830352783,0.4707610309123993,0.04123227670788765,0.4471975266933441,0.4781137704849243,0.05427573621273041,0.41490638256073,0.40689346194267273,0.0460156612098217,0.43460410833358765,0.4596270024776459,0.04658588394522667,0.41121065616607666,0.3515333831310272,0.02246277779340744,0.4744054675102234,0.4988363981246948,0.02654130384325981,0.48788726329803467,0.43200698494911194,-0.019403688609600067,0.4635384678840637,0.405520498752594,-0.006712039932608604,0.4174267649650574,0.36878177523612976,0.017602520063519478,0.44524407386779785,0.3668375015258789,-0.004115189891308546,0.45104295015335083,0.3666074275970459,-0.005698559805750847,0.4673905372619629,0.4578799605369568,0.013078773394227028,0.42337867617607117,0.424548864364624,0.028511354699730873,0.48656925559043884,0.5082643628120422,0.02961854450404644,0.46787378191947937,0.4971412718296051,0.040425971150398254,0.45885783433914185,0.4892365634441376,0.04658997058868408,0.47940385341644287,0.3071132302284241,-0.03356558084487915,0.4986693561077118,0.5083441734313965,0.027904579415917397,0.4563641846179962,0.3653096854686737,-0.006214986089617014,0.4612714946269989,0.36370909214019775,-0.005638301372528076,0.46429702639579773,0.36318087577819824,-0.00474505964666605,0.41818398237228394,0.35411763191223145,0.007972076535224915,0.4592413902282715,0.3590855598449707,-0.008119538426399231,0.4533170163631439,0.3582051992416382,-0.009375417605042458,0.447579026222229,0.35867178440093994,-0.008996564894914627,0.4420584738254547,0.3599744737148285,-0.007009014021605253,0.4386674761772156,0.36142656207084656,-0.00450156768783927,0.4064946174621582,0.3443279564380646,0.03858732432126999,0.4411483108997345,0.36603179574012756,-0.00217045983299613,0.4912436604499817,0.43774816393852234,-0.011088268831372261,0.4697994291782379,0.4394772946834564,-0.0032005265820771456,0.47428181767463684,0.42592868208885193,-0.016867997124791145,0.4820444881916046,0.43851402401924133,-0.010122621431946754,0.4839843809604645,0.3570224344730377,-0.024035785347223282,0.45556384325027466,0.48143815994262695,0.03762662410736084,0.46497616171836853,0.4899981617927551,0.03271616995334625,0.4854642450809479,0.5043474435806274,0.021117208525538445,0.4371534287929535,0.46514490246772766,0.06337372213602066,0.4634571969509125,0.361307829618454,-0.006317801307886839,0.47653383016586304,0.3891429603099823,-0.021914364770054817,0.4980959892272949,0.5041790008544922,0.019666779786348343,0.47680556774139404,0.5041066408157349,0.03384796157479286,0.41954347491264343,0.4261167049407959,0.0496588759124279,0.47956740856170654,0.45715460181236267,0.0038682061713188887,0.4784933924674988,0.4602844715118408,0.0037192755844444036,0.4776425063610077,0.4641804099082947,0.003418974345549941,0.47713738679885864,0.46864044666290283,0.005094137974083424,0.47726842761039734,0.4745173752307892,0.011228945106267929,0.4698834717273712,0.4541650116443634,0.009437071159482002,0.46860286593437195,0.4533017575740814,0.009421076625585556,0.46752655506134033,0.45241686701774597,0.009049667045474052,0.4585789740085602,0.44711923599243164,0.008895349688827991,0.4318636655807495,0.43035271763801575,0.01597326621413231,0.4756457805633545,0.37806686758995056,-0.017825881019234657,0.47022512555122375,0.3579028844833374,-0.010769599117338657,0.46608802676200867,0.35834747552871704,-0.008076994679868221,0.4712059199810028,0.45506551861763,0.010337366722524166,0.4345182478427887,0.44921302795410156,0.031132524833083153,0.4760094881057739,0.35895705223083496,-0.019268611446022987,0.47551634907722473,0.482459157705307,0.016173189505934715,0.4870847165584564,0.3937745988368988,-0.03300095349550247,0.4805953800678253,0.3850310742855072,-0.027736574411392212,0.4861809313297272,0.3827110826969147,-0.02956307865679264,0.473335862159729,0.40364497900009155,-0.01891319267451763,0.4972977936267853,0.49677056074142456,0.014097630977630615,0.49625107645988464,0.4867749512195587,0.011580243706703186,0.4858705997467041,0.48727214336395264,0.013023286126554012,0.4591350555419922,0.4652670621871948,0.021019984036684036,0.4616667628288269,0.4242445230484009,-0.0014227674109861255,0.46702349185943604,0.47481632232666016,0.019299859181046486,0.44555675983428955,0.4241177439689636,0.0012355705257505178,0.4559466242790222,0.43296778202056885,0.0024419703986495733,0.4413965344429016,0.43693310022354126,0.01013756450265646,0.4852127432823181,0.4971507787704468,0.015768637880682945,0.4699016809463501,0.40739065408706665,-0.012961645610630512,0.45558732748031616,0.47252559661865234,0.028347086161375046,0.4651191830635071,0.4820849597454071,0.025815967470407486,0.4519726037979126,0.4552083909511566,0.01895974576473236,0.427176833152771,0.4387379288673401,0.034455783665180206,0.44449254870414734,0.45783311128616333,0.025099366903305054,0.425637811422348,0.4436708092689514,0.051482539623975754,0.4514586627483368,0.44204431772232056,0.008565427735447884,0.47294968366622925,0.3941691815853119,-0.015830473974347115,0.47539782524108887,0.42494121193885803,-0.025266725569963455,0.4714067280292511,0.42494428157806396,-0.017296796664595604,0.477795273065567,0.42007970809936523,-0.030683128163218498,0.4641997218132019,0.3511935770511627,-0.014144424349069595,0.4525992274284363,0.3468564450740814,-0.015836477279663086,0.4426238536834717,0.34654492139816284,-0.015021056868135929,0.43483057618141174,0.3486236333847046,-0.01170477457344532,0.42995643615722656,0.3523716330528259,-0.007097730413079262,0.42814549803733826,0.36553892493247986,0.005677042994648218,0.41150909662246704,0.38797900080680847,0.04030162841081619,0.4345400631427765,0.37833917140960693,0.003139106323942542,0.4417114853858948,0.38107267022132874,-0.00038168186438269913,0.45077764987945557,0.380191445350647,-0.0029977390076965094,0.4589217007160187,0.3772382438182831,-0.004776718094944954,0.4649094045162201,0.37404781579971313,-0.005787150468677282,0.46892496943473816,0.3713684678077698,-0.006875372026115656,0.4109083414077759,0.38363170623779297,0.06396329402923584,0.47146162390708923,0.4258490800857544,-0.013647341169416904,0.47728604078292847,0.39903563261032104,-0.025148799642920494,0.4800461530685425,0.4267275929450989,-0.0300657507032156,0.4835049510002136,0.42970219254493713,-0.026448609307408333,0.48002466559410095,0.42724117636680603,-0.02667880430817604,0.47305694222450256,0.4274260401725769,-0.010801020078361034,0.4849858283996582,0.4308970868587494,-0.027996700257062912,0.48565512895584106,0.4314565062522888,-0.019693514332175255,0.46806296706199646,0.3636489510536194,-0.0057052974589169025,0.47181436419487,0.3666955828666687,-0.009132228791713715,0.4739633798599243,0.3695211410522461,-0.013125366531312466,0.43666037917137146,0.36239922046661377,-0.001967390300706029,0.43181130290031433,0.3584092855453491,-0.0019606926944106817,0.49258705973625183,0.39381590485572815,-0.030680552124977112,0.5299595594406128,0.3502851724624634,-0.001966805662959814,0.49690794944763184,0.42798787355422974,-0.020150354132056236,0.5525752305984497,0.30574342608451843,0.019910428673028946,0.5126008987426758,0.36140745878219604,-0.00708285067230463,0.5190144181251526,0.3607099950313568,-0.006535949185490608,0.5253689289093018,0.35937315225601196,-0.004909054841846228,0.5334360599517822,0.3529152274131775,-0.0001544411206850782,0.5071713924407959,0.36081406474113464,-0.0065938495099544525,0.5204270482063293,0.33885523676872253,-0.01312978845089674,0.5132253170013428,0.34106987714767456,-0.01323102880269289,0.5271393060684204,0.3386555314064026,-0.010662715882062912,0.5316055417060852,0.34042584896087646,-0.007696518674492836,0.5399960279464722,0.35753965377807617,0.004221384413540363,0.5194144248962402,0.4843388795852661,0.019973697140812874,0.5324026346206665,0.3481828272342682,-0.0002203826734330505,0.5592929124832153,0.3458583354949951,0.031459543853998184,0.5469168424606323,0.3500211536884308,0.009181605651974678,0.5221830010414124,0.40294069051742554,-0.004743379540741444,0.5005398392677307,0.4456090033054352,-0.008736646734178066,0.5001663565635681,0.45297548174858093,-0.004042875021696091,0.5082063674926758,0.44504299759864807,-0.004385580308735371,0.5130448341369629,0.44474485516548157,0.0015302813844755292,0.5064060688018799,0.4506237208843231,-0.001254115253686905,0.5109405517578125,0.4486159384250641,0.003941748756915331,0.5240378379821777,0.45086702704429626,0.015716074034571648,0.4954216182231903,0.4265618622303009,-0.03295865282416344,0.4953170716762543,0.417643278837204,-0.03652716800570488,0.54051274061203,0.33220571279525757,-0.008458568714559078,0.5059525966644287,0.38346585631370544,-0.010226905345916748,0.5099802017211914,0.41527271270751953,-0.017540231347084045,0.5096814632415771,0.4093753695487976,-0.016416210681200027,0.5422971248626709,0.39519765973091125,0.0029891019221395254,0.49387848377227783,0.4050564765930176,-0.03487763553857803,0.5238606929779053,0.32859185338020325,-0.021062685176730156,0.5334319472312927,0.3286873400211334,-0.015662148594856262,0.5451322793960571,0.2926100194454193,0.003776374738663435,0.49604249000549316,0.3436608910560608,-0.025069961324334145,0.5072147846221924,0.34531477093696594,-0.01080113835632801,0.5288007855415344,0.4412064850330353,0.015095931477844715,0.5584452748298645,0.42761582136154175,0.06990531086921692,0.5059337615966797,0.4214928448200226,-0.014085579663515091,0.5011212825775146,0.42539429664611816,-0.01355966180562973,0.5191861987113953,0.44412750005722046,0.014808222651481628,0.5177041292190552,0.44508230686187744,0.013106484897434711,0.5362563133239746,0.32180386781692505,-0.014088491909205914,0.5106807351112366,0.4172458052635193,-0.013100930489599705,0.5114049315452576,0.3329510986804962,-0.024408478289842606,0.5117215514183044,0.32537537813186646,-0.02753845602273941,0.5169167518615723,0.2791784405708313,-0.02520398050546646,0.5412388443946838,0.306469202041626,-0.007065022364258766,0.5142972469329834,0.30094587802886963,-0.027387842535972595,0.5437846183776855,0.3266676068305969,-0.004158594645559788,0.5489284992218018,0.3164007365703583,0.006454913876950741,0.5005446672439575,0.4495454430580139,-0.0070118410512804985,0.5073764324188232,0.44793379306793213,-0.0028878487646579742,0.5120673775672913,0.4466428756713867,0.0023261099122464657,0.5047353506088257,0.4228563606739044,-0.01232273131608963,0.5184099674224854,0.4446273446083069,0.013904660940170288,0.5156528353691101,0.4487915337085724,0.010878704488277435,0.5169599056243896,0.4455697536468506,0.012943953275680542,0.5025184154510498,0.42224767804145813,-0.023920143023133278,0.509951651096344,0.45016002655029297,0.005433077923953533,0.5054004192352295,0.45264163613319397,0.002034820383414626,0.4996015429496765,0.45521217584609985,-0.0005201459280215204,0.5042771100997925,0.4756520390510559,0.009084169752895832,0.5014999508857727,0.46874570846557617,0.0019298719707876444,0.5010013580322266,0.46399325132369995,0.00035234694951213896,0.5002383589744568,0.4592571258544922,0.001060793292708695,0.49941614270210266,0.45540744066238403,0.0010115234181284904,0.5097622275352478,0.4501328766345978,0.006654395721852779,0.511044979095459,0.4515136480331421,0.006399132777005434,0.5124287605285645,0.4534168541431427,0.006176096387207508,0.5135241746902466,0.4556467533111572,0.007837360724806786,0.5202164053916931,0.43411514163017273,0.0015071481466293335,0.5620937943458557,0.3809898793697357,0.06851008534431458,0.513157308101654,0.44799312949180603,0.010431122034788132,0.5144038200378418,0.4483288824558258,0.01041281595826149,0.4992216229438782,0.4291612505912781,-0.012618712149560452,0.5093467235565186,0.42151278257369995,-0.0069869514554739,0.5001282691955566,0.427365243434906,-0.013383205980062485,0.5131990909576416,0.38639459013938904,-0.006876463536173105,0.5251212120056152,0.3895275294780731,-0.004088121931999922,0.5112255215644836,0.41171059012413025,-0.01190758217126131,0.5339136123657227,0.2833029627799988,-0.011808461509644985,0.5301995873451233,0.30074796080589294,-0.01805419661104679,0.5252113342285156,0.32075172662734985,-0.021899331361055374,0.5191452503204346,0.4602123498916626,0.013421863317489624,0.4967019855976105,0.3316401541233063,-0.030155988410115242,0.4980340301990509,0.3036521375179291,-0.032273467630147934,0.498727023601532,0.27890193462371826,-0.032577551901340485,0.5305792689323425,0.35663050413131714,-0.0023545417934656143,0.5479254722595215,0.362027108669281,0.00896410085260868,0.5036880373954773,0.35976946353912354,-0.006226556841284037,0.5387364029884338,0.34202471375465393,-0.0021539221052080393,0.5009740591049194,0.37945204973220825,-0.013600561767816544,0.5058650970458984,0.415322870016098,-0.024630285799503326,0.555175244808197,0.3670588433742523,0.0176785159856081,0.5442000031471252,0.3697536885738373,0.004680974874645472,0.5363401770591736,0.3756209909915924,-0.0004846824740525335,0.5236558318138123,0.3774377405643463,-0.003374257357791066,0.5139427185058594,0.37588346004486084,-0.005394374951720238,0.5068285465240479,0.3736397922039032,-0.007984573021531105,0.49144095182418823,0.3712579309940338,-0.023410538211464882,0.5563522577285767,0.3860557973384857,0.020123064517974854,0.5439879894256592,0.33984172344207764,0.00016706909809727222,0.4938339293003082,0.43033891916275024,-0.02895914949476719,0.5063914060592651,0.3936398923397064,-0.01103169284760952,0.5606133937835693,0.3402023911476135,0.0533054955303669,0.5013381242752075,0.3705812692642212,-0.010118120349943638,0.5118756294250488,0.41046079993247986,-0.005188620183616877,0.5354359149932861,0.3477114140987396,0.0011435950873419642,0.5053247809410095,0.4080383777618408,-0.023226957768201828,0.561468780040741,0.4037165939807892,0.07085662335157394,0.503659725189209,0.35659849643707275,-0.005562101025134325,0.49964621663093567,0.40583112835884094,-0.030455363914370537,0.5456154346466064,0.4556690454483032,0.03977388143539429,0.5450852513313293,0.46342331171035767,0.05375516414642334,0.5620010495185852,0.3841702342033386,0.043919600546360016,0.5535343885421753,0.44173651933670044,0.04491673782467842,0.5542272329330444,0.3294491767883301,0.02039922960102558,0.5207812190055847,0.49186229705810547,0.025815291330218315,0.49329957365989685,0.4310951232910156,-0.019444813951849937,0.5129761099815369,0.3978351950645447,-0.007321722339838743,0.5525965690612793,0.34995347261428833,0.015695517882704735,0.52359539270401,0.3535275161266327,-0.005323103163391352,0.5182105302810669,0.35501790046691895,-0.0067750997841358185,0.5168007612228394,0.44946178793907166,0.012212113477289677,0.5570197701454163,0.4040556848049164,0.026715882122516632,0.5106047987937927,0.5045780539512634,0.029431549832224846,0.5276027917861938,0.48796841502189636,0.04002960026264191,0.5354618430137634,0.47767525911331177,0.04612564295530319,0.5129742622375488,0.35564157366752625,-0.007135245483368635,0.5080252885818481,0.355878084897995,-0.006442934740334749,0.5050085783004761,0.35642871260643005,-0.005474640987813473,0.5482590794563293,0.3361756503582001,0.006065099500119686,0.5088653564453125,0.3513999879360199,-0.008922276087105274,0.5141634345054626,0.34913358092308044,-0.010328665375709534,0.5195907950401306,0.3480296730995178,-0.010115914978086948,0.5250078439712524,0.3476855158805847,-0.008286217227578163,0.5285426378250122,0.3479313552379608,-0.005871165543794632,0.5574305653572083,0.3206251263618469,0.03758808225393295,0.5272701382637024,0.35184693336486816,-0.003480686340481043,0.5130960941314697,0.432819128036499,-0.0037513442803174257,0.5057247877120972,0.42108142375946045,-0.017183907330036163,0.5006717443466187,0.43571096658706665,-0.010342179797589779,0.536702036857605,0.46931982040405273,0.03643361106514931,0.5288253426551819,0.4804726839065552,0.03176403418183327,0.5105762481689453,0.50054931640625,0.020694680511951447,0.5525994896888733,0.44768285751342773,0.06281406432390213,0.5053192973136902,0.3544847369194031,-0.007051830179989338,0.49705415964126587,0.3859061300754547,-0.02218455821275711,0.5197436809539795,0.4974721670150757,0.03350352123379707,0.5614280104637146,0.4044269323348999,0.0477219820022583,0.5051765441894531,0.45275622606277466,0.003470499999821186,0.506432056427002,0.4554329812526703,0.0032977641094475985,0.5075735449790955,0.45888879895210266,0.0029284937772899866,0.5084167122840881,0.4629734456539154,0.004563366062939167,0.5127723813056946,0.4688771963119507,0.010631518438458443,0.514478325843811,0.4467443823814392,0.008702526800334454,0.5155727863311768,0.4454992711544037,0.0086048049852252,0.516522228717804,0.44432252645492554,0.008199110627174377,0.5259891152381897,0.4366188049316406,0.007902204990386963,0.5496082305908203,0.4122020900249481,0.014459577389061451,0.4960367679595947,0.37489259243011475,-0.018111994490027428,0.49807974696159363,0.3533284366130829,-0.011191301979124546,0.5022121071815491,0.35242965817451477,-0.008728649467229843,0.5133012533187866,0.4480385184288025,0.009608685970306396,0.551131010055542,0.4314306080341339,0.029563235118985176,0.4926168620586395,0.3563344478607178,-0.01954648457467556,0.5163296461105347,0.4761536419391632,0.015534713864326477,0.49214181303977966,0.38318148255348206,-0.02789362519979477,0.502781093120575,0.39908045530319214,-0.01923714205622673,0.5067187547683716,0.48403918743133545,0.012693559750914574,0.5293671488761902,0.45443204045295715,0.019935812801122665,0.5181906819343567,0.4154028594493866,-0.002099242527037859,0.5233939290046692,0.46609142422676086,0.01839689165353775,0.5344980359077454,0.4102902412414551,0.000136483387905173,0.5257291793823242,0.4220808744430542,0.0015605430817231536,0.5413395166397095,0.42148295044898987,0.008816150948405266,0.5093211531639099,0.4934907853603363,0.01533639058470726,0.50691157579422,0.4016360342502594,-0.013395746238529682,0.5346616506576538,0.4604884386062622,0.02716951072216034,0.5269685983657837,0.4726823568344116,0.024909794330596924,0.5345330238342285,0.44253289699554443,0.017715424299240112,0.556331217288971,0.4190382957458496,0.032773833721876144,0.5428423881530762,0.442840576171875,0.023716457188129425,0.5591408014297485,0.4234417676925659,0.0496443547308445,0.5322291254997253,0.42948946356773376,0.007460196036845446,0.5015583634376526,0.38970518112182617,-0.016187014058232307,0.5043468475341797,0.4204433560371399,-0.02558687888085842,0.508404552936554,0.4192742109298706,-0.017696227878332138,0.5008741021156311,0.4164283871650696,-0.030923262238502502,0.5022376775741577,0.3456067144870758,-0.01474385242909193,0.5123567581176758,0.3382520079612732,-0.016716860234737396,0.5217257142066956,0.33503758907318115,-0.016186878085136414,0.5297067165374756,0.33473026752471924,-0.013079985976219177,0.5354131460189819,0.33689889311790466,-0.008625460788607597,0.5405208468437195,0.34915557503700256,0.004093893337994814,0.5614034533500671,0.3647526800632477,0.038085710257291794,0.5367723703384399,0.3622674345970154,0.001693928032182157,0.5303558111190796,0.36659538745880127,-0.0016290534986183047,0.5214968323707581,0.3684253990650177,-0.004005211405456066,0.5130649209022522,0.3681805431842804,-0.005570071283727884,0.506598711013794,0.3669820725917816,-0.006381175480782986,0.5021347999572754,0.3655334413051605,-0.007364295423030853,0.5615924000740051,0.36000412702560425,0.06289785355329514,0.5085120797157288,0.42015528678894043,-0.014039442874491215,0.49784183502197266,0.39578452706336975,-0.025417465716600418,0.49987074732780457,0.42355406284332275,-0.03027934953570366,0.4971662163734436,0.42748594284057617,-0.02655419334769249,0.5001370906829834,0.4240742027759552,-0.026887396350502968,0.5073145627975464,0.4221739172935486,-0.011113007552921772,0.4958924353122711,0.4290873408317566,-0.02808433584868908,0.49539050459861755,0.4298112094402313,-0.019781572744250298,0.5013900399208069,0.35787534713745117,-0.0062712798826396465,0.49832040071487427,0.3619263470172882,-0.009528142400085926,0.4967080354690552,0.36511287093162537,-0.0134427510201931,0.5307468771934509,0.34816408157348633,-0.003394561354070902,0.5348544120788574,0.3430739939212799,-0.0034629665315151215,0.44876062870025635,0.36285796761512756,-0.004942481406033039,0.45669567584991455,0.3619672954082489,-0.004942481406033039,0.44805827736854553,0.35384827852249146,-0.004942481406033039,0.4408518373966217,0.3636278212070465,-0.004942481406033039,0.4494137763977051,0.37177416682243347,-0.004942481406033039,0.5187515616416931,0.35152649879455566,-0.006021976936608553,0.5259547829627991,0.3499220013618469,-0.006021976936608553,0.5176229476928711,0.34326061606407166,-0.006021976936608553,0.5115355253219604,0.3530828058719635,-0.006021976936608553,0.5198906660079956,0.35974860191345215,-0.006021976936608553
166.66666666666669,0.4922869801521301,0.4491419494152069,-0.008985109627246857,0.4903016984462738,0.4283754527568817,-0.03325505182147026,0.4908645749092102,0.4326009452342987,-0.014216512441635132,0.4820151925086975,0.3958284854888916,-0.030449548736214638,0.489416241645813,0.41944512724876404,-0.037035852670669556,0.48820993304252625,0.4058730900287628,-0.036718979477882385,0.4852665364742279,0.3707841634750366,-0.02622043341398239,0.43818026781082153,0.36487478017807007,-0.0006926010246388614,0.4830094277858734,0.34613558650016785,-0.02655802294611931,0.4818425178527832,0.33364999294281006,-0.030796095728874207,0.47719794511795044,0.28204503655433655,-0.034516263753175735,0.49248331785202026,0.45229586958885193,-0.007358229719102383,0.492635577917099,0.4554874897003174,-0.004845374263823032,0.4927334487438202,0.45762521028518677,-0.001124627306126058,0.492656409740448,0.4576717019081116,0.00032846201793290675,0.4929116368293762,0.46198150515556335,0.0004944289685226977,0.4931725859642029,0.4668743908405304,-9.561423939885572e-05,0.4934072494506836,0.4716697931289673,0.0017022292595356703,0.4955172836780548,0.4779878854751587,0.008947540074586868,0.49069103598594666,0.43171173334121704,-0.0291245486587286,0.48409295082092285,0.43050628900527954,-0.0199150238186121,0.4080577790737152,0.3285795748233795,0.020635129883885384,0.4580953121185303,0.37073227763175964,-0.006303909234702587,0.4516255259513855,0.3723493218421936,-0.005597459152340889,0.44501757621765137,0.3730076849460602,-0.0038065388798713684,0.4356103539466858,0.36821186542510986,0.001159696839749813,0.46333903074264526,0.36840492486953735,-0.00596733158454299,0.4451276659965515,0.349673330783844,-0.012087921611964703,0.45297273993492126,0.34987831115722656,-0.012408250942826271,0.43837112188339233,0.35158810019493103,-0.00947269145399332,0.4343416392803192,0.35482358932495117,-0.006385418586432934,0.43059247732162476,0.3745311498641968,0.005597923882305622,0.4744642376899719,0.4913313686847687,0.020780198276042938,0.4352872371673584,0.3629066050052643,0.001086805248633027,0.40979060530662537,0.3693174123764038,0.03339825198054314,0.42253434658050537,0.3681696653366089,0.010702377185225487,0.45602360367774963,0.41368618607521057,-0.003890720894560218,0.4838313162326813,0.448230504989624,-0.008409099653363228,0.4849679470062256,0.4556756019592285,-0.003753565950319171,0.47630003094673157,0.45026665925979614,-0.0038561311084777117,0.4712589979171753,0.4517331123352051,0.002181306015700102,0.47861993312835693,0.45538538694381714,-0.0007644123397767544,0.47378331422805786,0.4549747407436371,0.004485636483877897,0.46381044387817383,0.4608631730079651,0.01660706102848053,0.4849538505077362,0.4286414682865143,-0.03270695358514786,0.4833676218986511,0.41996392607688904,-0.03624918684363365,0.4243743121623993,0.3489268720149994,-0.006966740824282169,0.46788763999938965,0.38971173763275146,-0.00975917000323534,0.46944618225097656,0.42191562056541443,-0.016978252679109573,0.468737930059433,0.41608405113220215,-0.015840379521250725,0.43557149171829224,0.4123538136482239,0.0043036299757659435,0.48254960775375366,0.407275915145874,-0.03459490090608597,0.4392063319683075,0.3410358726978302,-0.02004762925207615,0.4301544427871704,0.3437020480632782,-0.014379792846739292,0.41280484199523926,0.31347954273223877,0.004460721276700497,0.46945545077323914,0.34700411558151245,-0.024746334180235863,0.4599332809448242,0.352518230676651,-0.010122491978108883,0.4575614035129547,0.4529486894607544,0.016107123345136642,0.42775046825408936,0.44785043597221375,0.070455402135849,0.47443997859954834,0.4267444610595703,-0.01369970478117466,0.47976386547088623,0.429127037525177,-0.013320928439497948,0.46463385224342346,0.4534747898578644,0.01566738449037075,0.46625015139579773,0.45392826199531555,0.013843519613146782,0.42622530460357666,0.3376111090183258,-0.012702702544629574,0.469179630279541,0.4240110218524933,-0.012553984299302101,0.4520922303199768,0.34153658151626587,-0.02369491383433342,0.4502273201942444,0.33425605297088623,-0.026842033490538597,0.43805259466171265,0.29167038202285767,-0.02474343776702881,0.4191029369831085,0.3254321813583374,-0.005587762221693993,0.4443964660167694,0.3119363784790039,-0.026616545394062996,0.42024850845336914,0.343918114900589,-0.002551705576479435,0.4136059880256653,0.3373984396457672,0.008174516260623932,0.4842797815799713,0.45224976539611816,-0.006693062838166952,0.477418452501297,0.45290857553482056,-0.0023734045680612326,0.47244954109191895,0.45333433151245117,0.0029341145418584347,0.47582298517227173,0.4276874363422394,-0.011976756155490875,0.4654671847820282,0.4537116587162018,0.014685512520372868,0.4686402678489685,0.457114577293396,0.011569298803806305,0.46707940101623535,0.4541683793067932,0.01364628504961729,0.4777107834815979,0.4265471398830414,-0.023512214422225952,0.47485873103141785,0.45628073811531067,0.005983149632811546,0.4797205924987793,0.4571882486343384,0.002484652679413557,0.48573100566864014,0.4578203856945038,-0.00019121500372420996,0.48674339056015015,0.47851893305778503,0.009552186354994774,0.48493945598602295,0.47184911370277405,0.0023280067835003138,0.4849434792995453,0.466935396194458,0.0007226931629702449,0.48524364829063416,0.46200457215309143,0.0013818900333717465,0.48571163415908813,0.4579416811466217,0.0012826148886233568,0.47480064630508423,0.45637214183807373,0.007159466855227947,0.4736254811286926,0.45823100209236145,0.0069320350885391235,0.47237876057624817,0.4607122540473938,0.006758494768291712,0.4714348018169403,0.46343570947647095,0.00847665686160326,0.4637702405452728,0.4433545470237732,0.002250536112114787,0.4146571755409241,0.40425658226013184,0.06928760558366776,0.4908157289028168,0.4323427081108093,-0.019703758880496025,0.4712091386318207,0.4553509056568146,0.01105539221316576,0.4699021577835083,0.45615100860595703,0.011066649109125137,0.48227691650390625,0.4321431517601013,-0.012336604297161102,0.4713115394115448,0.4277132749557495,-0.0065272958017885685,0.4810694456100464,0.4306933283805847,-0.013144970871508121,0.46146631240844727,0.39477434754371643,-0.006222550291568041,0.45076417922973633,0.40153902769088745,-0.0031413743272423744,0.4677579402923584,0.41878074407577515,-0.011327985674142838,0.4221639335155487,0.3009352684020996,-0.011235118843615055,0.4287589490413666,0.316444993019104,-0.01686922460794449,0.43636512756347656,0.3337746560573578,-0.020782580599188805,0.47013866901397705,0.4682949185371399,0.014203558675944805,0.46630194783210754,0.3355633020401001,-0.029830163344740868,0.4607647657394409,0.3097302317619324,-0.03195221722126007,0.4558214545249939,0.2858062982559204,-0.032422032207250595,0.4391988515853882,0.37152665853500366,-0.0011259252205491066,0.42408522963523865,0.38113099336624146,0.010508955456316471,0.4664930999279022,0.3662716746330261,-0.00566168874502182,0.42822661995887756,0.35829979181289673,-0.0007127973949536681,0.4719577133655548,0.3843028247356415,-0.013232985511422157,0.47326287627220154,0.4207896292209625,-0.024179678410291672,0.4177054762840271,0.3888052701950073,0.019450116902589798,0.4289374351501465,0.3882463574409485,0.006118661258369684,0.4376178979873657,0.3921182155609131,0.0007490149000659585,0.4504730701446533,0.389894962310791,-0.002434637863188982,0.45965561270713806,0.3853490352630615,-0.004703347105532885,0.4660400152206421,0.38101261854171753,-0.007519923150539398,0.4794050455093384,0.3734554052352905,-0.02324208803474903,0.4204968810081482,0.40756654739379883,0.021882571280002594,0.4229307770729065,0.357217401266098,0.0016811141977086663,0.48734378814697266,0.43180105090141296,-0.028732819482684135,0.4692678153514862,0.39976710081100464,-0.010543622076511383,0.40760308504104614,0.3644569516181946,0.05414728820323944,0.4707735776901245,0.37651875615119934,-0.00975350197404623,0.4669840931892395,0.41778039932250977,-0.004608869552612305,0.43245577812194824,0.36319202184677124,0.002512875944375992,0.4725182056427002,0.4135439693927765,-0.022798724472522736,0.4199562668800354,0.42589086294174194,0.07146453112363815,0.46571165323257446,0.36299169063568115,-0.004982816055417061,0.47736138105392456,0.40976735949516296,-0.03007308952510357,0.4450138807296753,0.47108879685401917,0.041186556220054626,0.447397917509079,0.47839149832725525,0.054244644939899445,0.414955735206604,0.4072897136211395,0.04584787040948868,0.4348295032978058,0.4599747061729431,0.046522486954927444,0.4112025499343872,0.35184672474861145,0.022207267582416534,0.47466427087783813,0.49885842204093933,0.02667689323425293,0.48807746171951294,0.4323280453681946,-0.019273247569799423,0.4637470543384552,0.4058620035648346,-0.0066842976957559586,0.41747477650642395,0.36909982562065125,0.01740412227809429,0.44536054134368896,0.3669322431087494,-0.004225567914545536,0.4511660933494568,0.3667071461677551,-0.005798415746539831,0.46755102276802063,0.45821958780288696,0.012962069362401962,0.42359986901283264,0.4250083863735199,0.028406325727701187,0.4868007004261017,0.5081830620765686,0.02983487956225872,0.46809396147727966,0.4972582757472992,0.040495581924915314,0.45906662940979004,0.48944616317749023,0.04659575596451759,0.4794076681137085,0.3073711097240448,-0.03370975703001022,0.4988965392112732,0.5081897974014282,0.02815433219075203,0.4565020799636841,0.36538535356521606,-0.006312175188213587,0.4614465534687042,0.36376044154167175,-0.0057350764982402325,0.4644926190376282,0.36323150992393494,-0.004845269490033388,0.4182950258255005,0.35433098673820496,0.007758059073239565,0.45938509702682495,0.35898682475090027,-0.008231167681515217,0.4534199833869934,0.3580343723297119,-0.009495935402810574,0.4476567506790161,0.35850369930267334,-0.00912360567599535,0.4421367049217224,0.3598422408103943,-0.007143787574023008,0.4387539029121399,0.3613305687904358,-0.004637708887457848,0.40645620226860046,0.3445819318294525,0.038328617811203,0.44126060605049133,0.3660885691642761,-0.0022930616978555918,0.49143368005752563,0.4380629360675812,-0.010964992456138134,0.47014302015304565,0.43988242745399475,-0.0031670727767050266,0.47451484203338623,0.4263007938861847,-0.016773352399468422,0.4823061227798462,0.43885815143585205,-0.010019508190453053,0.48406586050987244,0.3573499917984009,-0.02408033236861229,0.45580482482910156,0.48169806599617004,0.037613239139318466,0.46522730588912964,0.49014490842819214,0.03277316316962242,0.4857099652290344,0.504280149936676,0.021320855244994164,0.43732190132141113,0.4654531478881836,0.0632997378706932,0.46363571286201477,0.3613066077232361,-0.006425594910979271,0.47667378187179565,0.389445960521698,-0.021897880360484123,0.49832260608673096,0.5040262937545776,0.019898617640137672,0.47703632712364197,0.5041207075119019,0.03399541601538658,0.4196482002735138,0.42650890350341797,0.04952892288565636,0.47971224784851074,0.45734772086143494,0.0038596061058342457,0.47868695855140686,0.4604831337928772,0.0037369702477008104,0.4779086410999298,0.4643726348876953,0.0034512162674218416,0.477480411529541,0.46887367963790894,0.005135880783200264,0.4776272177696228,0.4747012257575989,0.011302648112177849,0.4699244499206543,0.45439791679382324,0.009339422918856144,0.4686533212661743,0.45351940393447876,0.009311186149716377,0.46758875250816345,0.452625036239624,0.008940651081502438,0.4590544104576111,0.4476383924484253,0.008793619461357594,0.43217378854751587,0.4308192729949951,0.01591740921139717,0.47575604915618896,0.378347784280777,-0.0178529005497694,0.4704490005970001,0.3580431640148163,-0.010867263190448284,0.46628537774086,0.35843324661254883,-0.00818795058876276,0.47127285599708557,0.4553185999393463,0.010254265740513802,0.4348287880420685,0.44962936639785767,0.031072407960891724,0.47622230648994446,0.35920482873916626,-0.019331401214003563,0.4758337140083313,0.4826086759567261,0.01628011278808117,0.48723337054252625,0.39408746361732483,-0.0329229012131691,0.4807291328907013,0.38533279299736023,-0.027714280411601067,0.48630809783935547,0.3830004036426544,-0.029529621824622154,0.47351396083831787,0.4039772152900696,-0.01886247657239437,0.49751657247543335,0.49666959047317505,0.014317266643047333,0.496464341878891,0.4867534637451172,0.01180855743587017,0.4861413836479187,0.48731598258018494,0.013219981454312801,0.4594959318637848,0.46569329500198364,0.020953265950083733,0.46193936467170715,0.4246367812156677,-0.0013848029775545,0.4673660397529602,0.4750998020172119,0.019312385469675064,0.44586995244026184,0.42456111311912537,0.0012473571114242077,0.45627474784851074,0.4334074854850769,0.0024312816094607115,0.4417462944984436,0.4374134838581085,0.010114947333931923,0.48547065258026123,0.4971352815628052,0.01596115343272686,0.47010135650634766,0.40772339701652527,-0.0129140829667449,0.45588356256484985,0.47287386655807495,0.02830747701227665,0.46541112661361694,0.48229560256004333,0.02585596777498722,0.45236682891845703,0.4557268023490906,0.018880454823374748,0.4274294376373291,0.43916749954223633,0.03437338024377823,0.4448310136795044,0.458266019821167,0.02503526769578457,0.42579299211502075,0.4440408945083618,0.05138254910707474,0.4518548250198364,0.44257187843322754,0.0085103465244174,0.4731002748012543,0.3944718837738037,-0.015814723446965218,0.4756126403808594,0.42532315850257874,-0.02515815570950508,0.47164249420166016,0.4253191351890564,-0.01720019057393074,0.4779987931251526,0.4204573631286621,-0.03057043068110943,0.46442335844039917,0.35138100385665894,-0.014267141930758953,0.4527950584888458,0.34703919291496277,-0.015985747799277306,0.44278985261917114,0.3466980457305908,-0.015186079777777195,0.43498334288597107,0.34875068068504333,-0.011881105601787567,0.43010735511779785,0.35247910022735596,-0.007279525976628065,0.42822763323783875,0.3656871020793915,0.0055045741610229015,0.41150879859924316,0.3883460760116577,0.04009717330336571,0.43458354473114014,0.37860190868377686,0.0030138716101646423,0.4417663514614105,0.3813817799091339,-0.0004864376096520573,0.45086869597435,0.3804490268230438,-0.003082438837736845,0.45904645323753357,0.3774290084838867,-0.00484444759786129,0.4650614559650421,0.3742034435272217,-0.005857153329998255,0.4690970182418823,0.37151870131492615,-0.006942663341760635,0.41086822748184204,0.3839336931705475,0.0637471154332161,0.4717087149620056,0.4262179732322693,-0.013554629869759083,0.4774513244628906,0.399365097284317,-0.02509218454360962,0.48024851083755493,0.4271053671836853,-0.029938146471977234,0.4836938679218292,0.4300576150417328,-0.026315249502658844,0.48022255301475525,0.427615225315094,-0.026556367054581642,0.4733114242553711,0.42778846621513367,-0.010705139487981796,0.4851782023906708,0.4312460124492645,-0.027857383713126183,0.4858458638191223,0.4317876100540161,-0.019568495452404022,0.4682498276233673,0.36373600363731384,-0.005795321427285671,0.47200989723205566,0.3668433129787445,-0.009206589311361313,0.4741385579109192,0.36972805857658386,-0.013183985836803913,0.43674707412719727,0.362322598695755,-0.0021106163039803505,0.431925892829895,0.3584413230419159,-0.0021160144824534655,0.49271848797798157,0.3941093683242798,-0.03059561550617218,0.5298421382904053,0.35044753551483154,-0.00197115121409297,0.49708232283592224,0.42828020453453064,-0.020012469962239265,0.5525093674659729,0.30555254220962524,0.019833264872431755,0.5125839710235596,0.3616032004356384,-0.007085653953254223,0.518974781036377,0.36090192198753357,-0.00653090188279748,0.5253099203109741,0.35954391956329346,-0.004900449886918068,0.5333157181739807,0.35300320386886597,-0.000158215596457012,0.5071678757667542,0.36101222038269043,-0.006615802180022001,0.5203976631164551,0.3391253352165222,-0.013156833127140999,0.5132259726524353,0.3413235545158386,-0.013271110132336617,0.5270717740058899,0.3389187157154083,-0.0106832729652524,0.5315056443214417,0.34065428376197815,-0.007711140904575586,0.5398992300033569,0.3575660288333893,0.004210664890706539,0.5195044875144958,0.48429951071739197,0.02014828287065029,0.5322775840759277,0.34829121828079224,-0.0002362922386964783,0.5593260526657104,0.34571558237075806,0.03141893073916435,0.5468054413795471,0.34996557235717773,0.009155222214758396,0.5221714377403259,0.4031437635421753,-0.004639155231416225,0.5006932020187378,0.4455869793891907,-0.008636397309601307,0.5004516243934631,0.45323294401168823,-0.003947052173316479,0.5086019039154053,0.4451671838760376,-0.004298588261008263,0.5136309266090393,0.44502002000808716,0.0015600486658513546,0.5068479776382446,0.45090699195861816,-0.0011850768933072686,0.5115532875061035,0.4489142596721649,0.0039617447182536125,0.5239641666412354,0.4511841833591461,0.015709606930613518,0.4955997169017792,0.42689186334609985,-0.03280192241072655,0.49548783898353577,0.4179700016975403,-0.03637663647532463,0.540409505367279,0.33234769105911255,-0.008496887050569057,0.5059847831726074,0.3836343288421631,-0.010194694623351097,0.5100516080856323,0.41553521156311035,-0.017397364601492882,0.5097383856773376,0.4096260368824005,-0.016284137964248657,0.5422231554985046,0.39536723494529724,0.003052833955734968,0.4940303564071655,0.4053688049316406,-0.03475132957100868,0.5238158106803894,0.32891222834587097,-0.021144649013876915,0.5333524346351624,0.328940212726593,-0.015730692073702812,0.5450225472450256,0.2924885153770447,0.0036900187842547894,0.4960436522960663,0.34397101402282715,-0.025150422006845474,0.5072302222251892,0.3455505669116974,-0.010847826488316059,0.528692364692688,0.4416041076183319,0.015086764469742775,0.5585614442825317,0.4275484085083008,0.06994534283876419,0.5060256123542786,0.4217741787433624,-0.01394579466432333,0.5012502670288086,0.42568540573120117,-0.013428725302219391,0.5200393199920654,0.4446493685245514,0.014758782461285591,0.5185667872428894,0.4455346465110779,0.013047403655946255,0.5361790657043457,0.32202669978141785,-0.014157499186694622,0.5107397437095642,0.41751110553741455,-0.01295953057706356,0.5113895535469055,0.3332816958427429,-0.02448291890323162,0.5116940140724182,0.325748473405838,-0.027613313868641853,0.5168095231056213,0.2792120575904846,-0.025313351303339005,0.5411102175712585,0.3064945340156555,-0.007156469859182835,0.5141847729682922,0.3011285066604614,-0.027492785826325417,0.5436846613883972,0.3267398476600647,-0.004201129544526339,0.5488444566726685,0.31634968519210815,0.0063800206407904625,0.500773012638092,0.44968533515930176,-0.0069198161363601685,0.5077970623970032,0.448154479265213,-0.0028177741914987564,0.5126703977584839,0.4469362497329712,0.0023484949488192797,0.5048366189002991,0.4231373965740204,-0.012195108458399773,0.5192710757255554,0.44511058926582336,0.013848952017724514,0.5164389610290527,0.44923317432403564,0.010836546309292316,0.5178199410438538,0.4459977447986603,0.012885131873190403,0.5026484727859497,0.4225391149520874,-0.023769740015268326,0.5105751156806946,0.4504649341106415,0.0054735844023525715,0.5058538913726807,0.45295512676239014,0.002125522354617715,0.4999161958694458,0.4555209279060364,-0.00039560161530971527,0.5043932795524597,0.4757324159145355,0.009307238273322582,0.5018518567085266,0.4689084589481354,0.00209177378565073,0.5013204216957092,0.4641219973564148,0.0004859926993958652,0.5005604028701782,0.4594162702560425,0.0011609529610723257,0.4997415542602539,0.4555913507938385,0.001074103289283812,0.5104061961174011,0.4504340887069702,0.006647096015512943,0.511686384677887,0.45184120535850525,0.006416016258299351,0.5130689740180969,0.45377832651138306,0.006202390883117914,0.5141632556915283,0.4560656249523163,0.0078609399497509,0.5201759338378906,0.43445485830307007,0.0015437562251463532,0.5621934533119202,0.3808368444442749,0.06849933415651321,0.5139182806015015,0.4483574628829956,0.010382591746747494,0.5151795744895935,0.4487272799015045,0.010373630560934544,0.49935486912727356,0.42946383357048035,-0.012477608397603035,0.5094138383865356,0.4217892587184906,-0.0068550268188118935,0.5002614259719849,0.42766255140304565,-0.01324884220957756,0.5131981372833252,0.38655829429626465,-0.006833395920693874,0.5250905752182007,0.3897005021572113,-0.004033349920064211,0.5112708210945129,0.411962628364563,-0.011777650564908981,0.5337843894958496,0.28325632214546204,-0.011913237161934376,0.5300521850585938,0.30085060000419617,-0.018151815980672836,0.5251606702804565,0.32107752561569214,-0.02197713777422905,0.5191170573234558,0.46042749285697937,0.013466496020555496,0.49667423963546753,0.33202695846557617,-0.030250420793890953,0.4979776442050934,0.30387061834335327,-0.03239480033516884,0.4986571669578552,0.278994619846344,-0.03270248696208,0.5304871797561646,0.35676008462905884,-0.0023480860982090235,0.5478188991546631,0.3619818687438965,0.008965713903307915,0.5036991834640503,0.35997965931892395,-0.006254187319427729,0.5386171340942383,0.34212955832481384,-0.0021857942920178175,0.5010261535644531,0.3796374201774597,-0.013581188395619392,0.5059707164764404,0.41560226678848267,-0.02448197267949581,0.5551788806915283,0.36703094840049744,0.017684821039438248,0.5441223382949829,0.3697664737701416,0.0047047873958945274,0.5362949371337891,0.3757016062736511,-0.0004564860719256103,0.5236364603042603,0.3775377571582794,-0.003358159214258194,0.5139429569244385,0.3760000765323639,-0.005386515986174345,0.5068509578704834,0.37379956245422363,-0.007982207462191582,0.49153244495391846,0.37151259183883667,-0.02341039478778839,0.5563386678695679,0.386101633310318,0.020162280648946762,0.5438846349716187,0.3398740589618683,0.00013789879449177533,0.494022011756897,0.4306561052799225,-0.028804961591959,0.5064341425895691,0.3938480317592621,-0.010956406593322754,0.560652494430542,0.33998584747314453,0.05324935540556908,0.5013733506202698,0.3708043098449707,-0.010130614973604679,0.5119038820266724,0.4107101857662201,-0.005078823771327734,0.5353059768676758,0.3477895259857178,0.0011190648656338453,0.5054149627685547,0.4083040952682495,-0.023094044998288155,0.5615893602371216,0.4036031663417816,0.07087142765522003,0.5036807656288147,0.35681113600730896,-0.005601856857538223,0.49977126717567444,0.4061174690723419,-0.030322594568133354,0.5456811785697937,0.4557178318500519,0.039853740483522415,0.5452207922935486,0.4634301960468292,0.05383982136845589,0.5620669722557068,0.38410553336143494,0.04394210875034332,0.5535926818847656,0.4417629837989807,0.04500342905521393,0.5542067289352417,0.32933157682418823,0.020339172333478928,0.5209107398986816,0.49174752831459045,0.026014335453510284,0.49348506331443787,0.431395560503006,-0.019307218492031097,0.5129889249801636,0.39804399013519287,-0.007231646217405796,0.5524355173110962,0.3498117923736572,0.01567424274981022,0.5235066413879395,0.35378506779670715,-0.005325553938746452,0.5181495547294617,0.35529017448425293,-0.006780838128179312,0.5175824761390686,0.4499671459197998,0.012172605842351913,0.5569931268692017,0.4041290581226349,0.026775993406772614,0.5108011960983276,0.504414439201355,0.029678020626306534,0.5277577042579651,0.4879107177257538,0.04017491638660431,0.5356139540672302,0.4776650369167328,0.046227842569351196,0.512935996055603,0.35590025782585144,-0.007151750847697258,0.5080022215843201,0.35611432790756226,-0.006473325192928314,0.5050072073936462,0.35664451122283936,-0.005513428710401058,0.5481653213500977,0.3361146152019501,0.006030943710356951,0.5088793635368347,0.35154446959495544,-0.008956651203334332,0.5141744613647461,0.3492458462715149,-0.01036161370575428,0.5195799469947815,0.3481501340866089,-0.010137873701751232,0.5249558687210083,0.3478171229362488,-0.008302929811179638,0.5284540057182312,0.3480616807937622,-0.005884191021323204,0.5574146509170532,0.32040131092071533,0.03751581162214279,0.5271639227867126,0.3520625829696655,-0.003483766922727227,0.513118326663971,0.43313390016555786,-0.0036541137378662825,0.5058241486549377,0.4213623106479645,-0.0170486681163311,0.5007914900779724,0.43601560592651367,-0.010213803499937057,0.5367944836616516,0.46934106945991516,0.03652360662817955,0.5289361476898193,0.48043692111968994,0.03190673142671585,0.510750412940979,0.5004011988639832,0.02093036100268364,0.5527215003967285,0.4476625323295593,0.06288570165634155,0.5053338408470154,0.3546792268753052,-0.007090431172400713,0.4971432685852051,0.3861491084098816,-0.022135160863399506,0.51991206407547,0.4973539710044861,0.03370631858706474,0.5615010857582092,0.4043903946876526,0.0477742999792099,0.5056541562080383,0.4529920816421509,0.0035033239983022213,0.5069090127944946,0.4556761682033539,0.0033603713382035494,0.5080398321151733,0.45913946628570557,0.0030060268472880125,0.5088931322097778,0.46327242255210876,0.004649278707802296,0.5128028988838196,0.4690052270889282,0.010755881667137146,0.5152570009231567,0.4470840394496918,0.008677965961396694,0.5163431763648987,0.4458698630332947,0.008574845269322395,0.5172742009162903,0.44471386075019836,0.008173818700015545,0.5258937478065491,0.4370002746582031,0.007894455455243587,0.5495323538780212,0.4123481214046478,0.014541128650307655,0.49611034989356995,0.37511172890663147,-0.018106142058968544,0.4981110692024231,0.3535895347595215,-0.011238742619752884,0.5022396445274353,0.3526673913002014,-0.008777545765042305,0.5140648484230042,0.44835928082466125,0.009595959447324276,0.5510889291763306,0.431538850069046,0.029643306508660316,0.49264538288116455,0.3566429615020752,-0.019582359120249748,0.5163887739181519,0.4762156009674072,0.01569386199116707,0.49225476384162903,0.38344863057136536,-0.027853703126311302,0.5028589963912964,0.3993285894393921,-0.019143925979733467,0.5068461894989014,0.484040230512619,0.012913896702229977,0.5293626189231873,0.4546744227409363,0.019957926124334335,0.5182079672813416,0.415647029876709,-0.0019910340197384357,0.52341628074646,0.46623826026916504,0.018480900675058365,0.5344387888908386,0.4104931354522705,0.00024590676184743643,0.52570641040802,0.42233970761299133,0.001638574991375208,0.5412657856941223,0.42169833183288574,0.00890504289418459,0.5094661712646484,0.49340707063674927,0.015559589490294456,0.5069615840911865,0.4018712341785431,-0.01329671498388052,0.5346999764442444,0.46060681343078613,0.02723011188209057,0.5270366668701172,0.47272154688835144,0.025026792660355568,0.5344882011413574,0.4428365230560303,0.01774228736758232,0.5563089847564697,0.41910988092422485,0.032847724854946136,0.5428158640861511,0.44300827383995056,0.023773256689310074,0.5592144727706909,0.42342570424079895,0.049721457064151764,0.5321633815765381,0.4298141598701477,0.007509303744882345,0.5016254782676697,0.3899250030517578,-0.016126805916428566,0.5044701099395752,0.42073002457618713,-0.025434449315071106,0.5084904432296753,0.41954684257507324,-0.017551453784108162,0.5010162591934204,0.4167306423187256,-0.030770806595683098,0.5022537112236023,0.34588417410850525,-0.01480037160217762,0.5123460292816162,0.33856314420700073,-0.016783345490694046,0.5216794610023499,0.33536297082901,-0.01625448651611805,0.5296301245689392,0.33501753211021423,-0.013133862055838108,0.5353031158447266,0.33711421489715576,-0.008668273687362671,0.5403967499732971,0.3491574227809906,0.00406339205801487,0.561458945274353,0.36464112997055054,0.03807846084237099,0.5366829633712769,0.3623279333114624,0.0016979917418211699,0.5303056836128235,0.3667021691799164,-0.0016237738309428096,0.5214661955833435,0.3685537278652191,-0.004002588335424662,0.5130544304847717,0.36832353472709656,-0.005567600950598717,0.5066099762916565,0.36714646220207214,-0.006395681295543909,0.5021613240242004,0.3657324016094208,-0.007385121658444405,0.5616599917411804,0.3598162829875946,0.06286536157131195,0.5085899829864502,0.420428991317749,-0.013899139128625393,0.49794861674308777,0.3960547149181366,-0.025327056646347046,0.5000269412994385,0.4238608181476593,-0.030122941359877586,0.49734076857566833,0.42778584361076355,-0.026405245065689087,0.5002886652946472,0.42437461018562317,-0.026736300438642502,0.5073977112770081,0.4224526882171631,-0.010978477075695992,0.4960728883743286,0.429393470287323,-0.02793164923787117,0.49556976556777954,0.43010666966438293,-0.019644180312752724,0.5014182925224304,0.35810601711273193,-0.006308401469141245,0.49835696816444397,0.3621669113636017,-0.009562991559505463,0.4967479407787323,0.3653922379016876,-0.01347099058330059,0.5306390523910522,0.3482857644557953,-0.0034095679875463247,0.5347266793251038,0.3432234525680542,-0.003478463739156723,0.4487784802913666,0.36293870210647583,-0.005060412455350161,0.4565860331058502,0.3620089292526245,-0.005060412455350161,0.4480860233306885,0.354036420583725,-0.005060412455350161,0.440993994474411,0.3637615442276001,-0.005060412455350161,0.44941556453704834,0.3717499375343323,-0.005060412455350161,0.5186612606048584,0.3518451154232025,-0.006042576860636473,0.5258124470710754,0.35025331377983093,-0.006042576860636473,0.517524003982544,0.3436053693294525,-0.006042576860636473,0.5114964246749878,0.35338258743286133,-0.006042576860636473,0.5198097229003906,0.36004090309143066,-0.006042576860636473
200.00000000000003,0.49257633090019226,0.44955959916114807,-0.009008029475808144,0.4906146228313446,0.4285469651222229,-0.03316618874669075,0.491131067276001,0.4327988624572754,-0.014136649668216705,0.4822363555431366,0.3959968090057373,-0.030383341014385223,0.4897262752056122,0.41963592171669006,-0.03694865107536316,0.4884891211986542,0.40606173872947693,-0.036632340401411057,0.4854465126991272,0.3709127604961395,-0.02613929659128189,0.43792685866355896,0.3645945191383362,-0.0007658189279027283,0.4831511378288269,0.34621337056159973,-0.026504212990403175,0.48198097944259644,0.33373087644577026,-0.03075425885617733,0.4773097634315491,0.2821462154388428,-0.03446047753095627,0.4927555322647095,0.4526325464248657,-0.007374221459031105,0.4928995966911316,0.4557037055492401,-0.004839490633457899,0.49300363659858704,0.4577464759349823,-0.0010721260914579034,0.49289384484291077,0.45789021253585815,0.0001507379929535091,0.49312907457351685,0.46209099888801575,0.00034933036658912897,0.49336913228034973,0.4668704569339752,-0.00023433554451912642,0.4935954213142395,0.47159671783447266,0.0015594701981171966,0.49582433700561523,0.47777730226516724,0.008836805820465088,0.4909888207912445,0.4318719804286957,-0.029033133760094643,0.48435986042022705,0.4306853711605072,-0.01983693800866604,0.40781134366989136,0.3284853398799896,0.02053271420300007,0.4579155743122101,0.37054556608200073,-0.0063300407491624355,0.45145756006240845,0.37210243940353394,-0.005642215721309185,0.44483327865600586,0.37279611825942993,-0.00386775191873312,0.4353632926940918,0.36802494525909424,0.0010738825658336282,0.4631420969963074,0.36834222078323364,-0.005976337939500809,0.4450121521949768,0.3496643602848053,-0.012148740701377392,0.45286864042282104,0.3499378561973572,-0.01245118584483862,0.4382209777832031,0.3515074551105499,-0.00955445971339941,0.43416717648506165,0.3546942174434662,-0.006478963885456324,0.43036404252052307,0.37445157766342163,0.005501266568899155,0.47465816140174866,0.4913037419319153,0.020581712946295738,0.4350198805332184,0.3627014756202698,0.0010008631506934762,0.40956658124923706,0.36925384402275085,0.03325263410806656,0.42235255241394043,0.36815670132637024,0.010583518072962761,0.45622730255126953,0.4138769805431366,-0.003909534774720669,0.48410648107528687,0.448658287525177,-0.00845223106443882,0.48524701595306396,0.4559183120727539,-0.003778107464313507,0.4765399992465973,0.45074462890625,-0.0039457641541957855,0.4714764952659607,0.45234400033950806,0.001997520914301276,0.4788859486579895,0.4557318389415741,-0.0008512412896379828,0.47402313351631165,0.4554658532142639,0.00431987177580595,0.4641772210597992,0.4612428545951843,0.01628972589969635,0.4852510988712311,0.4288179278373718,-0.032630469650030136,0.48364922404289246,0.42016953229904175,-0.03617526590824127,0.42428696155548096,0.3489517867565155,-0.0070878141559660435,0.4680238366127014,0.38981419801712036,-0.009756574407219887,0.4696842432022095,0.42215535044670105,-0.016935504972934723,0.4689604938030243,0.416319340467453,-0.01580096036195755,0.4357336461544037,0.4125608801841736,0.004213701467961073,0.4828047752380371,0.4074704647064209,-0.034523021429777145,0.43922415375709534,0.34120476245880127,-0.02012275718152523,0.4301067590713501,0.34377920627593994,-0.01448576245456934,0.41261184215545654,0.3134244382381439,0.004350302275270224,0.46950459480285645,0.34728142619132996,-0.024728352203965187,0.45980334281921387,0.35259902477264404,-0.01014640461653471,0.45793744921684265,0.45348718762397766,0.01582159288227558,0.4274562895298004,0.447820782661438,0.07039719074964523,0.47469937801361084,0.42696893215179443,-0.013645456172525883,0.4800302982330322,0.42934125661849976,-0.013252479024231434,0.46485334634780884,0.45440465211868286,0.015350885689258575,0.4664604365825653,0.45478132367134094,0.013522975146770477,0.4262233078479767,0.3376959562301636,-0.012822018936276436,0.4694308936595917,0.4242756962776184,-0.012511590495705605,0.45214545726776123,0.34177926182746887,-0.023731421679258347,0.45029544830322266,0.3344571590423584,-0.026878485456109047,0.4380190372467041,0.29172807931900024,-0.024795394390821457,0.41896507143974304,0.32539939880371094,-0.005728452932089567,0.4443811774253845,0.31200817227363586,-0.026672201231122017,0.42019516229629517,0.3439416289329529,-0.0026792522985488176,0.41343143582344055,0.3373293876647949,0.00803431961685419,0.48455384373664856,0.45260900259017944,-0.006737103685736656,0.4776752293109894,0.45333924889564514,-0.002472252119332552,0.4726753234863281,0.45389726758003235,0.0027544789481908083,0.4760892689228058,0.4279196560382843,-0.01191697083413601,0.4656812846660614,0.4546014666557312,0.014366895891726017,0.46884164214134216,0.4577786326408386,0.011221707798540592,0.46729201078414917,0.4549860954284668,0.013324137777090073,0.4779724180698395,0.4267299771308899,-0.02345186285674572,0.4751119613647461,0.456708699464798,0.005847481079399586,0.48000216484069824,0.4574553668498993,0.0024340173695236444,0.486021488904953,0.45798009634017944,-0.00017827401461545378,0.48709288239479065,0.4783477783203125,0.00940203107893467,0.4851738214492798,0.4718540906906128,0.002140661468729377,0.48518452048301697,0.4670000970363617,0.0005328684346750379,0.4854905605316162,0.462174654006958,0.0011877379147335887,0.48595303297042847,0.45819994807243347,0.0010634446516633034,0.47500693798065186,0.45684370398521423,0.006851349025964737,0.47384533286094666,0.45868825912475586,0.0066337487660348415,0.47260624170303345,0.46115124225616455,0.006453488487750292,0.4716629683971405,0.46386513113975525,0.008164106868207455,0.46413376927375793,0.4437291920185089,0.002079753438010812,0.4143531918525696,0.4041351079940796,0.06923861801624298,0.491096556186676,0.4325101971626282,-0.01961256004869938,0.4714094400405884,0.4559713900089264,0.010714582167565823,0.4701022505760193,0.456792414188385,0.010727038607001305,0.48255693912506104,0.43236464262008667,-0.01227943878620863,0.4715854823589325,0.42799878120422363,-0.0064852540381252766,0.48134201765060425,0.43091118335723877,-0.013078078627586365,0.46161940693855286,0.3948981761932373,-0.006233673542737961,0.45093032717704773,0.4017089009284973,-0.003175305901095271,0.4679914712905884,0.419028639793396,-0.011293802410364151,0.4220365285873413,0.30093181133270264,-0.011336443945765495,0.42866864800453186,0.31645703315734863,-0.016975203529000282,0.43641799688339233,0.3339107930660248,-0.020867416635155678,0.47049832344055176,0.46845871210098267,0.013903240673244,0.46635812520980835,0.33577796816825867,-0.02982380986213684,0.4608302712440491,0.30983999371528625,-0.031960248947143555,0.4558674395084381,0.2859002947807312,-0.032419394701719284,0.43897193670272827,0.3713224530220032,-0.0012033969396725297,0.4238507151603699,0.3811301589012146,0.010391579940915108,0.4662908613681793,0.36629000306129456,-0.005660314578562975,0.4280554950237274,0.35822057723999023,-0.0008319563930854201,0.47208961844444275,0.38439831137657166,-0.013218310661613941,0.47350364923477173,0.4210055470466614,-0.024125728756189346,0.4176032543182373,0.388860285282135,0.01931001804769039,0.4286748170852661,0.38824859261512756,0.006005886010825634,0.43737098574638367,0.39212706685066223,0.0006572837592102587,0.4502848982810974,0.38990724086761475,-0.0024856363888829947,0.45950818061828613,0.3853902220726013,-0.004726138897240162,0.46590960025787354,0.3810875415802002,-0.0075255814008414745,0.47956350445747375,0.37357550859451294,-0.0231822207570076,0.4204864501953125,0.40768784284591675,0.021739918738603592,0.42279693484306335,0.35721778869628906,0.0015491427620872855,0.4876333773136139,0.4319666028022766,-0.02865169756114483,0.4694440960884094,0.3999160826206207,-0.0105224484577775,0.40728363394737244,0.36433181166648865,0.05408118665218353,0.470660537481308,0.37660589814186096,-0.009741600602865219,0.4672190546989441,0.4180243909358978,-0.004582352936267853,0.43223047256469727,0.3630189299583435,0.0024144756607711315,0.47273963689804077,0.41375917196273804,-0.02274702489376068,0.4196682274341583,0.4258017838001251,0.07141922414302826,0.46550247073173523,0.36301618814468384,-0.004984665662050247,0.477591335773468,0.4099690020084381,-0.030010679736733437,0.444924920797348,0.4712451696395874,0.040974732488393784,0.44717690348625183,0.4784821569919586,0.05412551015615463,0.41479945182800293,0.4072732925415039,0.04571526497602463,0.4346916377544403,0.46008366346359253,0.04635070636868477,0.41099831461906433,0.3517707586288452,0.022065943107008934,0.4748096168041229,0.4988032579421997,0.026505840942263603,0.48835206031799316,0.432497501373291,-0.01918722875416279,0.46394088864326477,0.40603524446487427,-0.0066743697971105576,0.41729122400283813,0.36912599205970764,0.017272818833589554,0.44516128301620483,0.36655789613723755,-0.004278944339603186,0.4509793519973755,0.36633142828941345,-0.005838898941874504,0.4677627682685852,0.4589182734489441,0.012617554515600204,0.42362356185913086,0.42512837052345276,0.028266046196222305,0.4870271682739258,0.5080249309539795,0.02973238378763199,0.4681047797203064,0.49723291397094727,0.040351640433073044,0.4589601457118988,0.48949944972991943,0.046447958797216415,0.4795420169830322,0.3074858784675598,-0.033659301698207855,0.49921515583992004,0.5079759955406189,0.028080236166715622,0.4563038647174835,0.3650858700275421,-0.006336117163300514,0.4612377882003784,0.36360323429107666,-0.005748160649091005,0.46428197622299194,0.3631899654865265,-0.004851342178881168,0.41819289326667786,0.35434669256210327,0.007624075282365084,0.45923638343811035,0.3590930700302124,-0.008251670747995377,0.45330584049224854,0.35814082622528076,-0.00952991098165512,0.4475286900997162,0.3585495054721832,-0.009172524325549603,0.44194483757019043,0.3598002791404724,-0.007208687718957663,0.43851739168167114,0.3612171411514282,-0.00471141841262579,0.40616658329963684,0.3444705009460449,0.03824494406580925,0.4410318434238434,0.36575737595558167,-0.0023580004926770926,0.491711288690567,0.4382735788822174,-0.010923054069280624,0.47047558426856995,0.44020307064056396,-0.0032386183738708496,0.47477132081985474,0.42650970816612244,-0.016715163365006447,0.48261454701423645,0.43909913301467896,-0.010014809668064117,0.48421552777290344,0.3574475049972534,-0.024006398394703865,0.4557730257511139,0.48181670904159546,0.037381045520305634,0.4652634263038635,0.49019545316696167,0.03256586566567421,0.4859467148780823,0.5041675567626953,0.021184373646974564,0.4370369613170624,0.46549659967422485,0.06322415173053741,0.4634416401386261,0.36136913299560547,-0.006436899770051241,0.4768446981906891,0.3895818293094635,-0.021854760125279427,0.49865612387657166,0.5038633346557617,0.019795149564743042,0.47716280817985535,0.5040205121040344,0.03386560082435608,0.41950416564941406,0.42650794982910156,0.049399957060813904,0.47993773221969604,0.4576870799064636,0.0035962287802249193,0.47892752289772034,0.46077510714530945,0.0034845732152462006,0.47814783453941345,0.46460485458374023,0.0031908852979540825,0.47770586609840393,0.46904975175857544,0.00486774742603302,0.477996289730072,0.4746668338775635,0.011053620837628841,0.4701228737831116,0.455069899559021,0.009087902493774891,0.4688417911529541,0.45424598455429077,0.009043046273291111,0.46777790784835815,0.453390896320343,0.008672058582305908,0.4594458043575287,0.4481081962585449,0.008541293442249298,0.4323211908340454,0.4310019612312317,0.01579088158905506,0.47589653730392456,0.3784521520137787,-0.017813950777053833,0.4703443646430969,0.35814574360847473,-0.010855081491172314,0.46611976623535156,0.35850024223327637,-0.008194372057914734,0.47148558497428894,0.4559277296066284,0.010022186674177647,0.4348675608634949,0.449800044298172,0.030899541452527046,0.47619956731796265,0.3593607246875763,-0.01928485371172428,0.476095050573349,0.48261183500289917,0.016065092757344246,0.48747631907463074,0.39425134658813477,-0.03283978998661041,0.4809141159057617,0.3854760527610779,-0.027652118355035782,0.48651912808418274,0.38314002752304077,-0.029449766501784325,0.47371143102645874,0.40415260195732117,-0.018817443400621414,0.4978468120098114,0.4965168833732605,0.014184768311679363,0.4967803657054901,0.4865840673446655,0.011687087826430798,0.48644110560417175,0.48719391226768494,0.01306402962654829,0.45968741178512573,0.4660213589668274,0.020659200847148895,0.4621713161468506,0.42489293217658997,-0.0014101549750193954,0.46758055686950684,0.47527340054512024,0.019041797146201134,0.44609302282333374,0.42477327585220337,0.0011785245733335614,0.45653048157691956,0.43368440866470337,0.00231954175978899,0.44194915890693665,0.4376586079597473,0.00997830554842949,0.48573532700538635,0.49702775478363037,0.015800362452864647,0.4703024625778198,0.4079139530658722,-0.012878910638391972,0.4559498727321625,0.4730936288833618,0.028043881058692932,0.46552208065986633,0.4824102520942688,0.02562081068754196,0.4525775909423828,0.4561515152454376,0.01862105168402195,0.4274251461029053,0.4392894506454468,0.034222979098558426,0.4449187219142914,0.45853811502456665,0.024803737178444862,0.4256271421909332,0.4440760314464569,0.05123857781291008,0.45213744044303894,0.4429587721824646,0.008326583541929722,0.47326624393463135,0.3946073651313782,-0.015786197036504745,0.47587016224861145,0.4255184233188629,-0.02510072849690914,0.47189241647720337,0.42554715275764465,-0.017148980870842934,0.4782560467720032,0.42066314816474915,-0.030509881675243378,0.4643535614013672,0.3515356481075287,-0.014287631958723068,0.4527524709701538,0.34717369079589844,-0.01603875309228897,0.4427151083946228,0.3467490077018738,-0.01526163425296545,0.4348670542240143,0.34872063994407654,-0.011984668672084808,0.4299537241458893,0.35241442918777466,-0.007400070317089558,0.42802494764328003,0.36558499932289124,0.00539656775072217,0.4113108515739441,0.3883035480976105,0.03995098918676376,0.43434590101242065,0.37851208448410034,0.0029239258728921413,0.4415647089481354,0.38130983710289,-0.0005637475987896323,0.4507000744342804,0.380359023809433,-0.0031365538015961647,0.45888927578926086,0.37737661600112915,-0.004869531840085983,0.4649054706096649,0.3742240071296692,-0.005862787831574678,0.4689486026763916,0.3715778589248657,-0.006933803670108318,0.41054853796958923,0.3838021159172058,0.06368868798017502,0.47196558117866516,0.4264675974845886,-0.013502818532288074,0.47765401005744934,0.39953315258026123,-0.025038212537765503,0.480523943901062,0.42728903889656067,-0.02986947074532509,0.4839700162410736,0.4302308261394501,-0.026237795129418373,0.4804961085319519,0.427792489528656,-0.026487821713089943,0.47358375787734985,0.42805153131484985,-0.01065188366919756,0.4854620099067688,0.431415855884552,-0.027778254821896553,0.48611587285995483,0.4319624602794647,-0.019487909972667694,0.4680531919002533,0.36379027366638184,-0.005784031003713608,0.47187820076942444,0.36692506074905396,-0.009182129986584187,0.47405368089675903,0.3698282241821289,-0.013148708269000053,0.43648990988731384,0.3621607720851898,-0.0021900348365306854,0.431726336479187,0.3583054840564728,-0.0022161572705954313,0.4929675757884979,0.39426952600479126,-0.030492473393678665,0.5300928950309753,0.3504345417022705,-0.0017767869867384434,0.4973558187484741,0.4284503757953644,-0.019904552027583122,0.5526406764984131,0.30543574690818787,0.020096642896533012,0.5127463340759277,0.3616105914115906,-0.006943115033209324,0.5191166996955872,0.36090442538261414,-0.0063728997483849525,0.5254597663879395,0.3595741391181946,-0.004723536781966686,0.533544659614563,0.3529672622680664,4.114190232940018e-05,0.50737065076828,0.36107054352760315,-0.006493961904197931,0.5206543803215027,0.3391852080821991,-0.013000883162021637,0.513485848903656,0.3414207398891449,-0.013142041862010956,0.5273328423500061,0.3389395773410797,-0.0105107007548213,0.5317780375480652,0.34064358472824097,-0.0075281779281795025,0.5400495529174805,0.35755640268325806,0.004416783340275288,0.519808828830719,0.4842085838317871,0.020080363377928734,0.5325654149055481,0.34824562072753906,-4.0551447455072775e-05,0.5593835115432739,0.3456031084060669,0.03170977532863617,0.5469527244567871,0.34991827607154846,0.009382645599544048,0.5223025679588318,0.4033188223838806,-0.004492519423365593,0.5010152459144592,0.44602829217910767,-0.00862665381282568,0.5007324814796448,0.45346498489379883,-0.003923335112631321,0.5089298486709595,0.4457016885280609,-0.00428154319524765,0.5139824748039246,0.44563058018684387,0.0015210245037451386,0.5071533918380737,0.4512406885623932,-0.0011772054713219404,0.5119047164916992,0.44935479760169983,0.0039198193699121475,0.5240967273712158,0.4515388607978821,0.015570241957902908,0.4959113895893097,0.4270607829093933,-0.03269993141293526,0.49580368399620056,0.4181632399559021,-0.03627344220876694,0.5406011343002319,0.3322947025299072,-0.0082868542522192,0.5061408877372742,0.38372528553009033,-0.010080031119287014,0.5102756023406982,0.4157538414001465,-0.017242418602108955,0.5099485516548157,0.40984174609184265,-0.01612936705350876,0.542293131351471,0.3955504298210144,0.0032402961514890194,0.4943194091320038,0.40555259585380554,-0.03464299812912941,0.524024486541748,0.32897892594337463,-0.0210003349930048,0.5335621237754822,0.32893580198287964,-0.015553969889879227,0.5451907515525818,0.29242920875549316,0.003910076804459095,0.4962756633758545,0.3441798985004425,-0.02506360225379467,0.5075053572654724,0.345669686794281,-0.010729963891208172,0.5287880897521973,0.44211164116859436,0.01500769518315792,0.558594286441803,0.42735764384269714,0.07022736221551895,0.5062433481216431,0.4219832420349121,-0.013803878799080849,0.5014868974685669,0.42589086294174194,-0.013316718861460686,0.5204439163208008,0.44537729024887085,0.014625302515923977,0.518954873085022,0.44621115922927856,0.012892024591565132,0.5363721251487732,0.3220039904117584,-0.01396800484508276,0.5109418630599976,0.41775575280189514,-0.012806936167180538,0.5116177797317505,0.33341550827026367,-0.02436533011496067,0.5119219422340393,0.3258824348449707,-0.027488036081194878,0.516992449760437,0.27927276492118835,-0.0251785796135664,0.5412928462028503,0.306484192609787,-0.006947952788323164,0.5143938064575195,0.3012174069881439,-0.027358297258615494,0.543856680393219,0.32665103673934937,-0.003967256750911474,0.5489853024482727,0.31628960371017456,0.006633064243942499,0.5010607242584229,0.4500453770160675,-0.006910606753081083,0.5081081986427307,0.4485964775085449,-0.002814156236127019,0.5130209922790527,0.4474695920944214,0.0023031949531286955,0.5050511360168457,0.42335671186447144,-0.012067414820194244,0.5196691155433655,0.4458124041557312,0.01370168011635542,0.516789436340332,0.44970783591270447,0.010642320849001408,0.5182046294212341,0.44664955139160156,0.012723713181912899,0.5029057860374451,0.42270562052726746,-0.023632418364286423,0.5109274983406067,0.45082980394363403,0.005455967970192432,0.5061586499214172,0.4531933069229126,0.0021643133368343115,0.5001958608627319,0.4556669294834137,-0.0003308718733023852,0.5046151876449585,0.4755649268627167,0.009205225855112076,0.5020425915718079,0.46884438395500183,0.0019625253044068813,0.5015164613723755,0.46412450075149536,0.0003564938378985971,0.5007888674736023,0.4595261216163635,0.0010274319211021066,0.5000026226043701,0.45579850673675537,0.0009109069360420108,0.5107468962669373,0.45077112317085266,0.0064584119245409966,0.5120077729225159,0.45213496685028076,0.006240204907953739,0.5133557915687561,0.4540379047393799,0.006022219080477953,0.5144246816635132,0.4563007056713104,0.0076792435720562935,0.5202839374542236,0.43481695652008057,0.001533888978883624,0.5621411800384521,0.3806266486644745,0.06882694363594055,0.5142881870269775,0.44882506132125854,0.010186849161982536,0.5155385136604309,0.44919320940971375,0.010181437246501446,0.49959370493888855,0.42968106269836426,-0.012379929423332214,0.5096006393432617,0.4220570921897888,-0.006727304309606552,0.5005014538764954,0.42787376046180725,-0.013141143135726452,0.5133334994316101,0.3866691589355469,-0.006700035650283098,0.5252091288566589,0.38985273241996765,-0.003873612266033888,0.5114584565162659,0.4121926426887512,-0.011624912731349468,0.5339708924293518,0.28325480222702026,-0.01174661610275507,0.530256450176239,0.3008907437324524,-0.017979614436626434,0.5253708362579346,0.3211343586444855,-0.021819530054926872,0.5192644596099854,0.46058255434036255,0.013314991258084774,0.49691370129585266,0.33224356174468994,-0.03016764670610428,0.49815717339515686,0.30398809909820557,-0.03230466693639755,0.49881476163864136,0.2790879011154175,-0.032607074826955795,0.530676543712616,0.356761634349823,-0.0021559535525739193,0.5479310750961304,0.36196479201316833,0.009188621304929256,0.5039440393447876,0.3600715398788452,-0.006134342402219772,0.5388413667678833,0.3420914113521576,-0.0019914046861231327,0.501192033290863,0.37972328066825867,-0.013476969674229622,0.5062286257743835,0.41579532623291016,-0.0243370421230793,0.5552604794502258,0.36703285574913025,0.01793416403234005,0.5442120432853699,0.36978814005851746,0.004909905605018139,0.5363717675209045,0.37577322125434875,-0.00028249030583538115,0.5237197875976562,0.3776317834854126,-0.0032115064095705748,0.5140443444252014,0.37611648440361023,-0.00526002049446106,0.5069950222969055,0.37395232915878296,-0.007873479276895523,0.49171358346939087,0.3716293275356293,-0.02331411838531494,0.556374728679657,0.38617128133773804,0.020404048264026642,0.5440604090690613,0.33983084559440613,0.00035777498851530254,0.4943174123764038,0.4308161735534668,-0.028703605756163597,0.5065997242927551,0.3939872682094574,-0.010825054720044136,0.5606650710105896,0.339793860912323,0.053570784628391266,0.5015484094619751,0.3710009753704071,-0.01003106590360403,0.5120658874511719,0.41094037890434265,-0.004940245766192675,0.5355790257453918,0.3477296829223633,0.0013169697485864162,0.505657970905304,0.4084985852241516,-0.022950606420636177,0.5615468621253967,0.40340036153793335,0.07118704169988632,0.5039862990379333,0.356895387172699,-0.005478446371853352,0.5000444054603577,0.4063010513782501,-0.03019574098289013,0.5459118485450745,0.4557201564311981,0.03993501886725426,0.5454633235931396,0.46331557631492615,0.0539759136736393,0.5620526075363159,0.38402339816093445,0.04424188286066055,0.5537326335906982,0.4417230486869812,0.045179009437561035,0.5543117523193359,0.32923227548599243,0.02061711624264717,0.5212581157684326,0.4916056990623474,0.025984881445765495,0.49376773834228516,0.43156132102012634,-0.019209211692214012,0.5131326913833618,0.3982066810131073,-0.007088444195687771,0.552556037902832,0.349732905626297,0.01593012548983097,0.5236825346946716,0.3537876605987549,-0.005146843381226063,0.5183099508285522,0.35527312755584717,-0.006616768892854452,0.5179188847541809,0.45046114921569824,0.011989899910986423,0.5569977760314941,0.40418875217437744,0.027009813115000725,0.5111550092697144,0.5041894912719727,0.029645465314388275,0.5280921459197998,0.4877539277076721,0.040201082825660706,0.5359246730804443,0.4775448441505432,0.04629269614815712,0.5131188631057739,0.35588371753692627,-0.007002279162406921,0.5082269310951233,0.35613781213760376,-0.006338124163448811,0.5052725076675415,0.35670503973960876,-0.005385369528084993,0.5483160018920898,0.3360259532928467,0.006277819164097309,0.5092009902000427,0.35160255432128906,-0.008819736540317535,0.5144836902618408,0.3492477834224701,-0.010214405134320259,0.5198731422424316,0.34811195731163025,-0.009974537417292595,0.5252430438995361,0.3477587103843689,-0.008126359432935715,0.5287424325942993,0.3480077385902405,-0.005700279027223587,0.5574960708618164,0.320242702960968,0.037812285125255585,0.5273759365081787,0.35206812620162964,-0.0032946928404271603,0.5132798552513123,0.4334385395050049,-0.0036042514257133007,0.5060516595840454,0.4215545058250427,-0.01691054180264473,0.5010228157043457,0.43625056743621826,-0.010158092714846134,0.537096381187439,0.4693169891834259,0.03653077781200409,0.5292733907699585,0.4803678095340729,0.031892698258161545,0.5111091136932373,0.5002328157424927,0.020870419219136238,0.5528677105903625,0.44751060009002686,0.06311731785535812,0.5056504011154175,0.354769766330719,-0.006963192485272884,0.4973503351211548,0.38627517223358154,-0.02203105203807354,0.5202575325965881,0.49715590476989746,0.03370137885212898,0.5614874362945557,0.40430158376693726,0.04806346073746681,0.5059487223625183,0.4532345235347748,0.0033341352827847004,0.5071796774864197,0.4558454751968384,0.0032078006770461798,0.508272647857666,0.45923519134521484,0.0028498235624283552,0.5091102123260498,0.4633040428161621,0.0044867810793221,0.5129706263542175,0.46897563338279724,0.010619398206472397,0.5156434178352356,0.4476426839828491,0.008579686284065247,0.5167333483695984,0.44648486375808716,0.008472396060824394,0.5176635384559631,0.4453809857368469,0.008077896200120449,0.5259713530540466,0.4374569356441498,0.007835973054170609,0.5495533347129822,0.41249358654022217,0.014724837616086006,0.4962853491306305,0.37520986795425415,-0.018005920574069023,0.4983697235584259,0.3537568747997284,-0.011139330454170704,0.5025250911712646,0.352797269821167,-0.008666561916470528,0.5144409537315369,0.4488586187362671,0.009510531090199947,0.5511681437492371,0.43161821365356445,0.029792092740535736,0.492849737405777,0.3568865656852722,-0.01948697306215763,0.5166294574737549,0.47618377208709717,0.015594449825584888,0.4924740791320801,0.3835839629173279,-0.027760066092014313,0.5030706524848938,0.39949068427085876,-0.019016103819012642,0.5071195960044861,0.4839002192020416,0.012811456806957722,0.5295846462249756,0.4549267292022705,0.019861489534378052,0.5183645486831665,0.415881872177124,-0.0018721570959314704,0.5236566066741943,0.46635133028030396,0.018369346857070923,0.5345279574394226,0.4106884300708771,0.00038923288229852915,0.5258311629295349,0.4225963354110718,0.001705282018519938,0.5413454174995422,0.4219104051589966,0.00901748426258564,0.5097897052764893,0.493261456489563,0.01547008752822876,0.5071480870246887,0.4020482897758484,-0.013157898560166359,0.5349738001823425,0.4607144594192505,0.027190832421183586,0.5273405313491821,0.4727415442466736,0.024966822937130928,0.5346577763557434,0.44318875670433044,0.017718201503157616,0.5563365817070007,0.4191461503505707,0.03305818885564804,0.542983889579773,0.44318073987960815,0.023812871426343918,0.5592657327651978,0.4233352541923523,0.04997767508029938,0.5322662591934204,0.4301743507385254,0.007540369872003794,0.5018157958984375,0.3900500535964966,-0.016011031344532967,0.5047299265861511,0.42090463638305664,-0.02529400959610939,0.508716881275177,0.41975492238998413,-0.01740388385951519,0.5013117790222168,0.4169156849384308,-0.030642194673419,0.5025177597999573,0.3460400104522705,-0.014700785279273987,0.5125906467437744,0.33867883682250977,-0.016670098528265953,0.521916925907135,0.33542564511299133,-0.016120128333568573,0.5298698544502258,0.3350380063056946,-0.012977768667042255,0.5355440378189087,0.3370946943759918,-0.0084964195266366,0.5405867099761963,0.3490963280200958,0.004270811099559069,0.5614808797836304,0.36454254388809204,0.03837789222598076,0.5368196368217468,0.36233872175216675,0.0018925247713923454,0.530413031578064,0.36676180362701416,-0.001455499790608883,0.5215707421302795,0.3686075210571289,-0.0038567357696592808,0.5131878852844238,0.3683829605579376,-0.005437169689685106,0.5067862272262573,0.3672461211681366,-0.0062850723043084145,0.5023714303970337,0.36587202548980713,-0.007281572092324495,0.5616309642791748,0.3596082031726837,0.06319589912891388,0.508802592754364,0.42066100239753723,-0.013753564096987247,0.4981878697872162,0.3962097764015198,-0.025209208950400352,0.5003211498260498,0.4240257740020752,-0.030002595856785774,0.4976234436035156,0.4279472529888153,-0.026297677308321,0.5005632638931274,0.4245360195636749,-0.02661360614001751,0.5075979232788086,0.42270058393478394,-0.0108460932970047,0.4963630139827728,0.42955538630485535,-0.027828318998217583,0.49584829807281494,0.43027353286743164,-0.01954209990799427,0.5016996264457703,0.3582225739955902,-0.006192564964294434,0.49859458208084106,0.36233317852020264,-0.00946259405463934,0.4969479739665985,0.3656175136566162,-0.013373445719480515,0.5309303402900696,0.3482409715652466,-0.003218931145966053,0.5349997282028198,0.34318554401397705,-0.00328818173147738,0.4484969973564148,0.3627890944480896,-0.005103889387100935,0.4561738967895508,0.3618931174278259,-0.005103889387100935,0.4478093981742859,0.35423165559768677,-0.005103889387100935,0.4408395290374756,0.3635874092578888,-0.005103889387100935,0.4491266906261444,0.3712749183177948,-0.005103889387100935,0.5190759301185608,0.3518703877925873,-0.005881081335246563,0.5262770652770996,0.3502468168735504,-0.005881081335246563,0.517913281917572,0.34361639618873596,-0.005881081335246563,0.511845588684082,0.35344552993774414,-0.005881081335246563,0.5202409029006958,0.3600764274597168,-0.005881081335246563
233.33333333333337,0.49254310131073,0.4496641457080841,-0.008819579146802425,0.49077898263931274,0.4288542568683624,-0.03303638845682144,0.49126961827278137,0.4330669343471527,-0.014013274572789669,0.48241642117500305,0.39621153473854065,-0.03036341443657875,0.4898991882801056,0.41994884610176086,-0.036835670471191406,0.4886653423309326,0.4063377380371094,-0.036558326333761215,0.4856039881706238,0.3710223436355591,-0.02619859389960766,0.4385684132575989,0.364563524723053,-0.0009542807238176465,0.48329153656959534,0.34617674350738525,-0.026629218831658363,0.48211953043937683,0.33368560671806335,-0.03091382421553135,0.47745198011398315,0.28214892745018005,-0.03477788344025612,0.49271538853645325,0.4527672231197357,-0.007174205034971237,0.49285992980003357,0.4558916687965393,-0.0046366616152226925,0.4929676055908203,0.4579642415046692,-0.0008647694485262036,0.4928402006626129,0.4580996632575989,0.0002946936583612114,0.49307313561439514,0.46230465173721313,0.0005135993706062436,0.4933154881000519,0.46710294485092163,-6.16800898569636e-05,0.49354276061058044,0.4718478322029114,0.0017326027154922485,0.4958793818950653,0.47791630029678345,0.009000868536531925,0.4911437928676605,0.43216246366500854,-0.028898749500513077,0.4845201373100281,0.4309510886669159,-0.01972225122153759,0.4081212878227234,0.3282407522201538,0.020102109760046005,0.4582480788230896,0.3708682656288147,-0.006471284199506044,0.4518037736415863,0.37239590287208557,-0.005785613786429167,0.4452308714389801,0.37298136949539185,-0.004021709784865379,0.43596145510673523,0.3679911196231842,0.0008895503124222159,0.463512659072876,0.36861374974250793,-0.0061143189668655396,0.44549933075904846,0.34974730014801025,-0.012325991876423359,0.4533047676086426,0.3500215411186218,-0.012628668919205666,0.4387602210044861,0.3515748381614685,-0.009737764485180378,0.43472039699554443,0.35473009943962097,-0.006671651266515255,0.4307713806629181,0.37449896335601807,0.005319468677043915,0.4747532308101654,0.4913489818572998,0.020783040672540665,0.4356677532196045,0.36251091957092285,0.0007985071861185133,0.40978553891181946,0.36901992559432983,0.03294859081506729,0.42271074652671814,0.368220716714859,0.01035731378942728,0.45640337467193604,0.4139743447303772,-0.00392233207821846,0.484117329120636,0.4487450420856476,-0.008280626498162746,0.4852258861064911,0.4560886025428772,-0.0035882783122360706,0.4765512943267822,0.45080941915512085,-0.0037908307276666164,0.47149211168289185,0.45238596200942993,0.002131919376552105,0.47888025641441345,0.45587998628616333,-0.0006796675734221935,0.474030464887619,0.4555892050266266,0.004468463361263275,0.4642590582370758,0.4612742066383362,0.01641027256846428,0.48542773723602295,0.4291166067123413,-0.032505519688129425,0.483834832906723,0.42047181725502014,-0.03606804460287094,0.4247983694076538,0.3490290641784668,-0.007330736611038446,0.4681888818740845,0.38987967371940613,-0.009811907075345516,0.4698958396911621,0.42235681414604187,-0.016864988952875137,0.46916913986206055,0.4165012240409851,-0.015748919919133186,0.4359211027622223,0.4125869572162628,0.0041550518944859505,0.4829888641834259,0.4077354371547699,-0.03445844724774361,0.4398333430290222,0.34125399589538574,-0.020334886386990547,0.4307049512863159,0.34381577372550964,-0.014715157449245453,0.41293689608573914,0.31323787569999695,0.00392281636595726,0.4699889123439789,0.3475927710533142,-0.024878602474927902,0.4602247178554535,0.35270577669143677,-0.010318958200514317,0.45803722739219666,0.4535374939441681,0.015921108424663544,0.42748159170150757,0.4475651979446411,0.07032378017902374,0.47489026188850403,0.4271765351295471,-0.01356724463403225,0.480201780796051,0.4295704662799835,-0.013150564394891262,0.4648699164390564,0.45441532135009766,0.015454763546586037,0.466462641954422,0.4548224210739136,0.013632054440677166,0.42680200934410095,0.33771663904190063,-0.013085991144180298,0.4696372151374817,0.4244578182697296,-0.012440868653357029,0.45273953676223755,0.34195834398269653,-0.02391694486141205,0.4509192407131195,0.33461761474609375,-0.027084095403552055,0.4382675588130951,0.2916753888130188,-0.025164570659399033,0.4192742705345154,0.32527807354927063,-0.006064081098884344,0.44461795687675476,0.3119891881942749,-0.026964204385876656,0.4206487536430359,0.34400513768196106,-0.002959365490823984,0.4137275815010071,0.3371542990207672,0.007683746516704559,0.48454633355140686,0.4527282416820526,-0.006554041989147663,0.4776797890663147,0.45343947410583496,-0.002305855043232441,0.47268933057785034,0.4539763331413269,0.002899591811001301,0.4762745499610901,0.4281293451786041,-0.01183305960148573,0.46569135785102844,0.45462703704833984,0.01447367761284113,0.4688652753829956,0.45789164304733276,0.011341468431055546,0.4672859311103821,0.45504385232925415,0.013433466665446758,0.47815603017807007,0.426973819732666,-0.023359067738056183,0.4751138985157013,0.4568588435649872,0.006001622881740332,0.4799893796443939,0.4576316475868225,0.0026103497948497534,0.4859938323497772,0.45817381143569946,1.5952513422234915e-05,0.48716557025909424,0.4784606695175171,0.009557596407830715,0.48516955971717834,0.47207576036453247,0.002304609166458249,0.48517468571662903,0.46720683574676514,0.0006933114491403103,0.4854753613471985,0.4623644948005676,0.00133896479383111,0.485931396484375,0.45839640498161316,0.0011964129516854882,0.4750247597694397,0.45702263712882996,0.006962397135794163,0.4738761782646179,0.45885854959487915,0.006756954826414585,0.4726372957229614,0.4613227844238281,0.0065851639956235886,0.47169438004493713,0.46404072642326355,0.008298340253531933,0.46428924798965454,0.4438830018043518,0.0021777960937470198,0.4144682288169861,0.40379831194877625,0.06897012144327164,0.49124443531036377,0.4327918291091919,-0.019485730677843094,0.47142350673675537,0.45611509680747986,0.010819296352565289,0.47011998295783997,0.45691949129104614,0.010842200368642807,0.48271939158439636,0.43260130286216736,-0.012167221866548061,0.4717734754085541,0.428177148103714,-0.006411917507648468,0.48150870203971863,0.43114426732063293,-0.01296986360102892,0.4617976248264313,0.39495187997817993,-0.006286853924393654,0.45111870765686035,0.4017620384693146,-0.0032316958531737328,0.46819835901260376,0.4191931188106537,-0.011242282576858997,0.4223357141017914,0.30081385374069214,-0.011737611144781113,0.42895638942718506,0.31639188528060913,-0.017290666699409485,0.43705272674560547,0.33394554257392883,-0.021111635491251945,0.4705810248851776,0.4685233533382416,0.014039031229913235,0.46688541769981384,0.33608412742614746,-0.030003011226654053,0.4610218405723572,0.3098461329936981,-0.032228533178567886,0.4560641646385193,0.28588491678237915,-0.03275700658559799,0.4394860565662384,0.3714081943035126,-0.0013712038053199649,0.42411524057388306,0.38123494386672974,0.010209652595221996,0.46668869256973267,0.366510808467865,-0.005804538261145353,0.4285868704319,0.358249306678772,-0.0010531841544434428,0.47225165367126465,0.3844764530658722,-0.013276469893753529,0.47370433807373047,0.42124083638191223,-0.02404681220650673,0.41781139373779297,0.3887384533882141,0.01911882311105728,0.4289962649345398,0.3883657455444336,0.005863626953214407,0.437704861164093,0.39228355884552,0.000545443850569427,0.4505802392959595,0.39010313153266907,-0.0025770566426217556,0.4597889482975006,0.38559380173683167,-0.004813598934561014,0.4662046432495117,0.381273478269577,-0.007610555738210678,0.4797322452068329,0.37367501854896545,-0.023250406607985497,0.4206572473049164,0.40759941935539246,0.02161158248782158,0.4232664704322815,0.3572622537612915,0.001307776547037065,0.48779648542404175,0.43225419521331787,-0.028520619496703148,0.4696232080459595,0.40002405643463135,-0.01054106093943119,0.4074995517730713,0.3639984428882599,0.05368431657552719,0.47097891569137573,0.3767743706703186,-0.009834067896008492,0.46741557121276855,0.41816446185112,-0.004552848171442747,0.43285197019577026,0.3629647195339203,0.002207452431321144,0.47293907403945923,0.4139675199985504,-0.022690264508128166,0.41973209381103516,0.4255037307739258,0.07124292850494385,0.46591833233833313,0.36316612362861633,-0.0051466855220496655,0.4777819812297821,0.4102053940296173,-0.029950523748993874,0.4449869990348816,0.4711798429489136,0.0410580188035965,0.44721728563308716,0.4783426523208618,0.05419936776161194,0.4149266481399536,0.40706610679626465,0.045527614653110504,0.4347432851791382,0.45996975898742676,0.046378158032894135,0.41125649213790894,0.3515591025352478,0.021727724000811577,0.47489604353904724,0.4988250136375427,0.026737486943602562,0.48850691318511963,0.43277454376220703,-0.019063696265220642,0.4641225337982178,0.40613240003585815,-0.006686880718916655,0.4175894856452942,0.36921629309654236,0.01702224276959896,0.4456488788127899,0.3668100833892822,-0.004444885067641735,0.4513855576515198,0.36668968200683594,-0.005994141101837158,0.46779006719589233,0.4590204358100891,0.012738662771880627,0.42375448346138,0.4250410795211792,0.02819400653243065,0.48708176612854004,0.5080669522285461,0.02997010387480259,0.46818509697914124,0.4971703588962555,0.04051816835999489,0.4590277671813965,0.4893988370895386,0.04657277092337608,0.4796846807003021,0.30750006437301636,-0.03390926122665405,0.4992358982563019,0.5080434083938599,0.02833895944058895,0.45670086145401,0.365444153547287,-0.006488299462944269,0.4616544842720032,0.36390721797943115,-0.005902155302464962,0.46471282839775085,0.36341920495033264,-0.005011397879570723,0.4186149835586548,0.354388564825058,0.007350532338023186,0.45956799387931824,0.358705073595047,-0.008420596830546856,0.45360487699508667,0.35742294788360596,-0.009698874317109585,0.44786518812179565,0.3577328026294708,-0.009346522390842438,0.44238823652267456,0.3590925335884094,-0.007390426006168127,0.43905511498451233,0.3606957197189331,-0.004900423809885979,0.40643447637557983,0.34418022632598877,0.0378183051943779,0.4416133165359497,0.36586639285087585,-0.002535455394536257,0.4918428361415863,0.4385628402233124,-0.010787906125187874,0.4706360995769501,0.44039928913116455,-0.0031368816271424294,0.4749649465084076,0.4267268776893616,-0.016637492924928665,0.48276761174201965,0.43936681747436523,-0.009888101369142532,0.4843617379665375,0.35746437311172485,-0.024108590558171272,0.45585203170776367,0.4817713499069214,0.0375240221619606,0.4653467833995819,0.4901767671108246,0.032757773995399475,0.48601365089416504,0.5042272210121155,0.021453222259879112,0.43705660104751587,0.46529996395111084,0.06323392689228058,0.463848352432251,0.36132022738456726,-0.006603643763810396,0.477020263671875,0.3897292912006378,-0.021879447624087334,0.4986831843852997,0.503950834274292,0.020086117088794708,0.4772382378578186,0.5040155649185181,0.03407043591141701,0.4195834994316101,0.42631950974464417,0.04928361251950264,0.47994500398635864,0.4578808844089508,0.0037185274995863438,0.47894707322120667,0.4609629511833191,0.0036215418949723244,0.47817257046699524,0.4648016095161438,0.0033333103638142347,0.4777362048625946,0.4692581295967102,0.0050149885937571526,0.4780769348144531,0.4747566282749176,0.01120039913803339,0.4701317250728607,0.4551565647125244,0.009214887395501137,0.4688554108142853,0.4542991816997528,0.009164816699922085,0.46779802441596985,0.4534201920032501,0.008788727223873138,0.45957711338996887,0.4482114315032959,0.0086313895881176,0.43246525526046753,0.43099403381347656,0.01576712355017662,0.47606199979782104,0.37854263186454773,-0.017880186438560486,0.47075632214546204,0.3583020269870758,-0.011004488915205002,0.4665306806564331,0.3586602210998535,-0.008360539563000202,0.4714891314506531,0.4560423195362091,0.010151783004403114,0.4349648058414459,0.44975045323371887,0.03091484308242798,0.47658950090408325,0.35954025387763977,-0.01940477266907692,0.47617924213409424,0.48267847299575806,0.016232594847679138,0.4876481294631958,0.39447516202926636,-0.03281170874834061,0.48108911514282227,0.38564079999923706,-0.027678772807121277,0.48668548464775085,0.38331374526023865,-0.029469463974237442,0.4738975465297699,0.4043189287185669,-0.018801948055624962,0.49788475036621094,0.49662744998931885,0.014448040165007114,0.4968279004096985,0.48671308159828186,0.01190690416842699,0.4865169823169708,0.4872938394546509,0.01326714362949133,0.4597797095775604,0.46605223417282104,0.020780133083462715,0.46235042810440063,0.4250168204307556,-0.0013799136504530907,0.4676640033721924,0.47531118988990784,0.019188543781638145,0.44626277685165405,0.4248558580875397,0.0011708729434758425,0.45669424533843994,0.43379878997802734,0.00235739815980196,0.44209492206573486,0.43770819902420044,0.009990150108933449,0.4858134984970093,0.49710947275161743,0.016041349619627,0.4704951345920563,0.4080561101436615,-0.012862060219049454,0.45604628324508667,0.47309669852256775,0.028171343728899956,0.4656115174293518,0.4824289083480835,0.025791116058826447,0.45268484950065613,0.45619070529937744,0.018707381561398506,0.427528440952301,0.43919864296913147,0.034194376319646835,0.44501692056655884,0.45854443311691284,0.02486843429505825,0.42568084597587585,0.4439135193824768,0.051194265484809875,0.4522809684276581,0.4430423080921173,0.008378026075661182,0.47344064712524414,0.394735187292099,-0.015807343646883965,0.47606220841407776,0.4257645606994629,-0.025010718032717705,0.4720982611179352,0.42575809359550476,-0.0170663520693779,0.4784485995769501,0.42093586921691895,-0.03041679970920086,0.46480992436408997,0.35173872113227844,-0.014457718469202518,0.4532671570777893,0.3473547399044037,-0.01622392050921917,0.4432936906814575,0.34687554836273193,-0.01545428205281496,0.43547919392585754,0.34881243109703064,-0.012185819447040558,0.43054983019828796,0.3524698317050934,-0.00761503167450428,0.42850783467292786,0.3656269311904907,0.005184215493500233,0.41148829460144043,0.38807716965675354,0.039701320230960846,0.43477919697761536,0.37859103083610535,0.0027621714398264885,0.44192779064178467,0.3814602196216583,-0.0007023562211543322,0.45102590322494507,0.38058754801750183,-0.0032566061709076166,0.45920246839523315,0.37762367725372314,-0.004987557418644428,0.4652368426322937,0.3744487166404724,-0.005976365879178047,0.4692997634410858,0.37177038192749023,-0.007049420848488808,0.41071298718452454,0.383448988199234,0.06334097683429718,0.4721672236919403,0.42666536569595337,-0.013423604890704155,0.4778367280960083,0.39972609281539917,-0.025022821500897408,0.4807065725326538,0.42756780982017517,-0.029761245474219322,0.4841328561306,0.43050283193588257,-0.026117200031876564,0.48067328333854675,0.4280538260936737,-0.026383375748991966,0.47377529740333557,0.428245484828949,-0.010569525882601738,0.4856286644935608,0.4316977262496948,-0.027650464326143265,0.4862745404243469,0.43223458528518677,-0.019368525594472885,0.46844977140426636,0.3639903962612152,-0.005935231223702431,0.47225165367126465,0.36709776520729065,-0.0093070138245821,0.4744018316268921,0.36998018622398376,-0.013248022645711899,0.43709447979927063,0.36180105805397034,-0.002385940868407488,0.4323001205921173,0.35829436779022217,-0.0024189972318708897,0.49312737584114075,0.39448845386505127,-0.030462609604001045,0.5300706624984741,0.3504127860069275,-0.001890369225293398,0.49748438596725464,0.42872336506843567,-0.019783182069659233,0.5524997115135193,0.3052665889263153,0.019800839945673943,0.5127244591712952,0.36163651943206787,-0.007031825836747885,0.5190860629081726,0.36094099283218384,-0.0064559923484921455,0.5254339575767517,0.35960307717323303,-0.004809217993170023,0.5335325598716736,0.3529157042503357,-6.363993452396244e-05,0.5073575973510742,0.36108219623565674,-0.006588500924408436,0.5206612348556519,0.339165598154068,-0.013116659596562386,0.5134933590888977,0.34137722849845886,-0.013265672139823437,0.5273271799087524,0.33894509077072144,-0.010626595467329025,0.531762957572937,0.3406519889831543,-0.007648746483027935,0.5400428175926208,0.3575003743171692,0.004323646891862154,0.5197685956954956,0.48428744077682495,0.02033059671521187,0.532557487487793,0.34818974137306213,-0.00016627638251520693,0.5593017935752869,0.3454436659812927,0.03152099996805191,0.5469447374343872,0.3498237729072571,0.00925094448029995,0.5223537087440491,0.4034688174724579,-0.004441007040441036,0.5009588003158569,0.4462183117866516,-0.008439148776233196,0.5007021427154541,0.4537096619606018,-0.00371554191224277,0.5088545083999634,0.44597160816192627,-0.004093480762094259,0.5138721466064453,0.4459308087825775,0.0017038197256624699,0.507093071937561,0.4515443444252014,-0.0009724830742925406,0.5118060111999512,0.44968926906585693,0.0041138771921396255,0.5240856409072876,0.4516664445400238,0.015759799629449844,0.496059387922287,0.4273635447025299,-0.03256900981068611,0.49596548080444336,0.4184730052947998,-0.036159586161375046,0.5405369400978088,0.3323192298412323,-0.00844368152320385,0.5062215328216553,0.38380828499794006,-0.010100129060447216,0.5103468894958496,0.4160107374191284,-0.017145643010735512,0.5100194215774536,0.4100800156593323,-0.016050387173891068,0.5423125624656677,0.3956475555896759,0.0032836170867085457,0.49448350071907043,0.40582478046417236,-0.03456904739141464,0.5239738821983337,0.3290494978427887,-0.021145595237612724,0.5334980487823486,0.32900112867355347,-0.01570318453013897,0.5450863838195801,0.29230713844299316,0.003604033263400197,0.49629878997802734,0.34420010447502136,-0.02518707700073719,0.5075160264968872,0.34561610221862793,-0.010860553942620754,0.5287796854972839,0.44226911664009094,0.015188301913440228,0.558515191078186,0.4271429479122162,0.07029051333665848,0.506322979927063,0.4222356081008911,-0.013706761412322521,0.5015880465507507,0.4261585772037506,-0.013203472830355167,0.5202180743217468,0.44569072127342224,0.014800412580370903,0.5187510251998901,0.4465382695198059,0.013063671998679638,0.5362949371337891,0.32202067971229553,-0.01415064837783575,0.5110000371932983,0.4180055856704712,-0.012708950787782669,0.5115909576416016,0.33345893025398254,-0.024503344669938087,0.5118857622146606,0.32589301466941833,-0.027647972106933594,0.5170121192932129,0.2792412042617798,-0.02547980472445488,0.5412324666976929,0.30638837814331055,-0.007199375424534082,0.5144417881965637,0.3011873960494995,-0.027605701237916946,0.5437900424003601,0.3265852928161621,-0.004157379735261202,0.5488901734352112,0.3161587119102478,0.006379852071404457,0.5010166764259338,0.45025259256362915,-0.006710658315569162,0.5080440640449524,0.44887569546699524,-0.0026148094329982996,0.5129167437553406,0.4477834701538086,0.00249446090310812,0.5051359534263611,0.4236123263835907,-0.01196848414838314,0.5194535851478577,0.44613197445869446,0.013874945230782032,0.5166022777557373,0.4500529170036316,0.010814926587045193,0.5180112719535828,0.4469839334487915,0.012894261628389359,0.503014326095581,0.4229649603366852,-0.023522865027189255,0.510837733745575,0.4511708617210388,0.005653564818203449,0.5061083436012268,0.4535015821456909,0.002371177077293396,0.5001696348190308,0.4559248983860016,-0.00011955458467127755,0.5046438574790955,0.4757041037082672,0.009382381103932858,0.501974880695343,0.46912702918052673,0.0021456992253661156,0.5014488101005554,0.46439114212989807,0.0005370777798816562,0.5007211565971375,0.4597735106945038,0.001195292454212904,0.4999435245990753,0.4560500681400299,0.0010616538347676396,0.5106317400932312,0.4511246681213379,0.006610821932554245,0.5118727087974548,0.4524780511856079,0.006404029205441475,0.5132113695144653,0.45437654852867126,0.006196694448590279,0.514270544052124,0.45663484930992126,0.007857549004256725,0.5203009247779846,0.43506476283073425,0.0016844053752720356,0.5620364546775818,0.38036108016967773,0.06871562451124191,0.5141341686248779,0.4491891860961914,0.010342808440327644,0.5153697729110718,0.44954705238342285,0.010348455980420113,0.49969691038131714,0.4299556016921997,-0.01225550752133131,0.509662389755249,0.42230507731437683,-0.006630134768784046,0.5006030797958374,0.42814508080482483,-0.013022071681916714,0.5133879780769348,0.3867562413215637,-0.006701552774757147,0.5252484679222107,0.38995295763015747,-0.00385516625829041,0.5115132331848145,0.4124240279197693,-0.01154434122145176,0.533924400806427,0.2831787168979645,-0.012048753909766674,0.5302454829216003,0.30082640051841736,-0.018228871747851372,0.5253081321716309,0.32115939259529114,-0.021997760981321335,0.5192543268203735,0.46071866154670715,0.013504749163985252,0.49691495299339294,0.3322121798992157,-0.030320093035697937,0.4982527494430542,0.3039884567260742,-0.032549191266298294,0.49889466166496277,0.27908241748809814,-0.03290969878435135,0.5306573510169983,0.3567561209201813,-0.0022490883711725473,0.5479465126991272,0.3619007468223572,0.009103905409574509,0.5039492845535278,0.36007076501846313,-0.0062385317869484425,0.5388203263282776,0.34206706285476685,-0.002129928907379508,0.5012944936752319,0.3798064887523651,-0.013507457450032234,0.5063347816467285,0.41606101393699646,-0.02423814870417118,0.5552360415458679,0.36697083711624146,0.017855677753686905,0.5442188382148743,0.3697839081287384,0.004859959241002798,0.5363906621932983,0.3758363723754883,-0.00030973186949267983,0.5237491130828857,0.3777199685573578,-0.003235305892303586,0.5140855312347412,0.37619829177856445,-0.005296073388308287,0.5070608258247375,0.37403616309165955,-0.0079220375046134,0.4918521046638489,0.37172791361808777,-0.023368537425994873,0.5563687086105347,0.3861549496650696,0.020392030477523804,0.5440355539321899,0.3397715389728546,0.00020274352573323995,0.49446266889572144,0.4311058521270752,-0.02856779843568802,0.5066789388656616,0.39412933588027954,-0.010812168940901756,0.5605305433273315,0.33954793214797974,0.05333220213651657,0.5016336441040039,0.37109285593032837,-0.010095330886542797,0.5121092796325684,0.4111514389514923,-0.004878500942140818,0.5355684757232666,0.34766706824302673,0.001190739800222218,0.5057615041732788,0.40874072909355164,-0.022873586043715477,0.5614656209945679,0.4031563997268677,0.07115654647350311,0.5039917826652527,0.3568730056285858,-0.005599789787083864,0.5001853704452515,0.4065553843975067,-0.030119067057967186,0.545842170715332,0.45569315552711487,0.040109455585479736,0.5453642010688782,0.46319249272346497,0.05415921285748482,0.5620160698890686,0.38388580083847046,0.044174615293741226,0.5536791682243347,0.4416627883911133,0.04530876502394676,0.554221510887146,0.3290851414203644,0.020384082570672035,0.5212053656578064,0.4916478991508484,0.026264775544404984,0.4939080476760864,0.4318420886993408,-0.01908215694129467,0.5131896138191223,0.39835265278816223,-0.007057990878820419,0.5525557994842529,0.3495952785015106,0.01578313298523426,0.5236349105834961,0.3538273870944977,-0.005245777312666178,0.5182561278343201,0.35531699657440186,-0.006711658090353012,0.5177164673805237,0.4507954716682434,0.012168779037892818,0.5569857954978943,0.40417709946632385,0.027056533843278885,0.5111365914344788,0.5042442679405212,0.029915858060121536,0.5279967188835144,0.4877040684223175,0.040439411997795105,0.5358136296272278,0.47745710611343384,0.04650771990418434,0.513067901134491,0.35590487718582153,-0.0071001602336764336,0.5081836581230164,0.3561348021030426,-0.006442689336836338,0.5052500367164612,0.35668545961380005,-0.0055009471252560616,0.5482919216156006,0.33587393164634705,0.006100520025938749,0.5091982483863831,0.35152220726013184,-0.008941730484366417,0.514480471611023,0.34914541244506836,-0.010328724049031734,0.5198699831962585,0.34801915287971497,-0.010088290087878704,0.5252354741096497,0.3476836085319519,-0.008240432478487492,0.5287351012229919,0.34794512391090393,-0.00581685034558177,0.5573549270629883,0.32003554701805115,0.03753197193145752,0.5273368954658508,0.3520823121070862,-0.00340016046538949,0.5133238434791565,0.43371155858039856,-0.003465481335297227,0.5061342120170593,0.42181023955345154,-0.016814997419714928,0.5011220574378967,0.4365507960319519,-0.010016515851020813,0.5370129346847534,0.469304621219635,0.036748141050338745,0.5291972160339355,0.48037150502204895,0.03214405104517937,0.5110965371131897,0.5003112554550171,0.021169470623135567,0.5527817606925964,0.4473390579223633,0.06325104832649231,0.5056538581848145,0.354730486869812,-0.0070849452167749405,0.497483491897583,0.3864305019378662,-0.022038891911506653,0.5202004909515381,0.49716320633888245,0.033961907029151917,0.5614596605300903,0.4041809141635895,0.04805993661284447,0.5058654546737671,0.45354458689689636,0.0034858756698668003,0.5070847272872925,0.45614930987358093,0.0033733095042407513,0.5081720948219299,0.45954257249832153,0.0030250344425439835,0.5090051889419556,0.46361657977104187,0.004666914232075214,0.5129742622375488,0.4691182076931,0.010808202438056469,0.515488862991333,0.4479838013648987,0.008761965669691563,0.516575038433075,0.4468107223510742,0.008654064498841763,0.51749587059021,0.4456970691680908,0.008256026543676853,0.5259701013565063,0.43766912817955017,0.007998673245310783,0.5495561957359314,0.41256189346313477,0.014815974049270153,0.4964076578617096,0.3753003776073456,-0.018050193786621094,0.4984075725078583,0.3537432849407196,-0.011267006397247314,0.5025452375411987,0.35276421904563904,-0.008794658817350864,0.5142970681190491,0.4492071270942688,0.009694596752524376,0.5511343479156494,0.4316372275352478,0.029914846643805504,0.4929223358631134,0.3569243848323822,-0.019592512398958206,0.5166095495223999,0.47629213333129883,0.015808889642357826,0.4926266074180603,0.3837505877017975,-0.02777598798274994,0.5031766891479492,0.3996827304363251,-0.018980642780661583,0.5071289539337158,0.4840245544910431,0.013038965873420238,0.5295557379722595,0.4550231099128723,0.020060356706380844,0.5184006094932556,0.4160803556442261,-0.001794057316146791,0.5236259698867798,0.4664446711540222,0.018575653433799744,0.5345615744590759,0.41083553433418274,0.00047096333582885563,0.5258561372756958,0.42278575897216797,0.0018109725788235664,0.5413525700569153,0.42202916741371155,0.009133369661867619,0.5097854137420654,0.49336665868759155,0.015742788091301918,0.5072211623191833,0.402237206697464,-0.01311560533940792,0.5349157452583313,0.46076512336730957,0.02739686705172062,0.5272871255874634,0.4727977514266968,0.02519824355840683,0.5346403121948242,0.44330674409866333,0.01789907179772854,0.5563103556632996,0.4191303253173828,0.033142924308776855,0.5429491400718689,0.4432438910007477,0.023977093398571014,0.5592302680015564,0.42323604226112366,0.050043992698192596,0.5322683453559875,0.4303450584411621,0.007681073620915413,0.5019229650497437,0.39019447565078735,-0.016008436679840088,0.5048373341560364,0.4211720824241638,-0.025186030194163322,0.5087913274765015,0.42001572251319885,-0.01729940064251423,0.5014492273330688,0.4172030985355377,-0.03053261898458004,0.5025383234024048,0.34602537751197815,-0.014839592389762402,0.5125937461853027,0.33868998289108276,-0.016807273030281067,0.5219023823738098,0.33546319603919983,-0.016247810795903206,0.5298422574996948,0.33508434891700745,-0.01310623437166214,0.5355103611946106,0.33712491393089294,-0.00863401498645544,0.5405784249305725,0.3490239977836609,0.004143497906625271,0.5614204406738281,0.36438849568367004,0.03825192525982857,0.5368006229400635,0.36232754588127136,0.001815488445572555,0.530397891998291,0.36679765582084656,-0.0015191453276202083,0.5215620994567871,0.3686576187610626,-0.003914294298738241,0.513191819190979,0.36842596530914307,-0.005505084991455078,0.5068121552467346,0.36727872490882874,-0.006360835395753384,0.5024179220199585,0.3659060001373291,-0.0073666139505803585,0.56150221824646,0.3593418598175049,0.06301089376211166,0.5088710188865662,0.42091628909111023,-0.01365213468670845,0.49832671880722046,0.3964146375656128,-0.025177570059895515,0.5004521012306213,0.42431196570396423,-0.029882069677114487,0.4977537989616394,0.4282216727733612,-0.026170874014496803,0.5006829500198364,0.4248047471046448,-0.026497386395931244,0.5076686143875122,0.42295584082603455,-0.010744250379502773,0.496500700712204,0.4298390746116638,-0.027694284915924072,0.4959816038608551,0.43055087327957153,-0.019417690113186836,0.5017254948616028,0.3582163453102112,-0.006309083197265863,0.49865439534187317,0.3623564541339874,-0.009563233703374863,0.4970346987247467,0.36569535732269287,-0.013453582301735878,0.5309246182441711,0.3481844365596771,-0.0033384133130311966,0.5349844694137573,0.3431624472141266,-0.0034143123775720596,0.44881194829940796,0.3626664876937866,-0.005276576615869999,0.45642614364624023,0.36174896359443665,-0.005276576615869999,0.4481811821460724,0.35403555631637573,-0.005276576615869999,0.4412231147289276,0.36349740624427795,-0.005276576615869999,0.44939756393432617,0.3712170720100403,-0.005276576615869999,0.5189633965492249,0.3518725037574768,-0.005993575789034367,0.5261616110801697,0.3502430319786072,-0.005993575789034367,0.5177792906761169,0.3435486853122711,-0.005993575789034367,0.5117392539978027,0.35345155000686646,-0.005993575789034367,0.5201513767242432,0.36015626788139343,-0.005993575789034367
266.6666666666667,0.49247393012046814,0.4497620463371277,-0.009006636217236519,0.491167813539505,0.42885690927505493,-0.033072683960199356,0.49158957600593567,0.43315330147743225,-0.014123511500656605,0.48288801312446594,0.39621707797050476,-0.030300559476017952,0.49032023549079895,0.4199088215827942,-0.03683416545391083,0.4891107380390167,0.4063118100166321,-0.03650365769863129,0.4861030578613281,0.37109947204589844,-0.02598186396062374,0.4388526380062103,0.3646835684776306,-0.000991146662272513,0.48383548855781555,0.3459686040878296,-0.02627686783671379,0.4826982617378235,0.3333635628223419,-0.030491819605231285,0.4781607985496521,0.28193899989128113,-0.034178413450717926,0.4926448166370392,0.4528674781322479,-0.007389483042061329,0.4927968978881836,0.4560050368309021,-0.004879554733633995,0.49291738867759705,0.458088755607605,-0.001166924717836082,0.49278631806373596,0.45822417736053467,0.00011510646436363459,0.49300697445869446,0.462440550327301,0.0002831905148923397,0.49324530363082886,0.4672591984272003,-0.0003030738444067538,0.49347615242004395,0.4720204174518585,0.0014833026798442006,0.49596452713012695,0.4783555865287781,0.00871914904564619,0.49150413274765015,0.4322128891944885,-0.02895890735089779,0.4849102199077606,0.43100109696388245,-0.01982830837368965,0.4083336293697357,0.32825759053230286,0.020161641761660576,0.4585367739200592,0.3714221119880676,-0.006487545557320118,0.45197993516921997,0.37291067838668823,-0.00582023523747921,0.44537559151649475,0.37335124611854553,-0.004067346453666687,0.4362766742706299,0.3681299090385437,0.0008354090387001634,0.4639374613761902,0.36906731128692627,-0.0060756695456802845,0.4459604024887085,0.34956589341163635,-0.012261572293937206,0.45387688279151917,0.3498930335044861,-0.012530002743005753,0.439143568277359,0.35139644145965576,-0.009692659601569176,0.4350503087043762,0.3545950651168823,-0.006653090473264456,0.43098750710487366,0.37468215823173523,0.0052362303249537945,0.4748463034629822,0.491705983877182,0.02030579000711441,0.4359995126724243,0.3624243140220642,0.0007760281441733241,0.40997302532196045,0.3691672086715698,0.0328090600669384,0.4230175316333771,0.36840134859085083,0.010289964266121387,0.45669975876808167,0.414081335067749,-0.00411903765052557,0.48408758640289307,0.4488459527492523,-0.008496342226862907,0.48521125316619873,0.4561951160430908,-0.003864734200760722,0.4765819311141968,0.4509274661540985,-0.004052606876939535,0.4715885519981384,0.45252352952957153,0.001852067420259118,0.4789229929447174,0.45599114894866943,-0.0009740879759192467,0.4741358160972595,0.4557138681411743,0.004167479462921619,0.46434536576271057,0.4613983631134033,0.016068115830421448,0.48583510518074036,0.4291037619113922,-0.03255965933203697,0.48428088426589966,0.4204094409942627,-0.03608834370970726,0.4252029061317444,0.34901612997055054,-0.0072340937331318855,0.4685901403427124,0.39006099104881287,-0.009827605448663235,0.4703316390514374,0.42239096760749817,-0.017017139121890068,0.46960124373435974,0.41655516624450684,-0.015892472118139267,0.43612855672836304,0.4126698970794678,0.0039044050499796867,0.48345184326171875,0.40769365429878235,-0.034439001232385635,0.44043126702308655,0.34103924036026,-0.020097624510526657,0.43120276927948,0.3436618745326996,-0.014523572288453579,0.41328543424606323,0.31309983134269714,0.004107773303985596,0.4707038104534149,0.34768760204315186,-0.02458333969116211,0.460888534784317,0.3526981472969055,-0.010219025425612926,0.4581352174282074,0.45353415608406067,0.01556282676756382,0.4275346100330353,0.4480494260787964,0.06969818472862244,0.4752964377403259,0.427234947681427,-0.013725624419748783,0.4805868864059448,0.42963606119155884,-0.013271727599203587,0.46511319279670715,0.454581618309021,0.015130743384361267,0.4666995704174042,0.45498228073120117,0.013329497538506985,0.42739319801330566,0.3376148045063019,-0.012890326790511608,0.4700397849082947,0.42451584339141846,-0.012611424550414085,0.4534231424331665,0.3418622314929962,-0.023647530004382133,0.45168349146842957,0.3344956934452057,-0.026780089363455772,0.4388638138771057,0.29134806990623474,-0.02476486936211586,0.4196816086769104,0.32505467534065247,-0.005866804625838995,0.4451950788497925,0.31163153052330017,-0.026602650061249733,0.4211285412311554,0.34407901763916016,-0.0028639035299420357,0.41403383016586304,0.3370683193206787,0.007770879194140434,0.48451894521713257,0.45282694697380066,-0.0067978715524077415,0.47771334648132324,0.45355337858200073,-0.002584983129054308,0.4727899432182312,0.4541075527667999,0.0026101854164153337,0.47666770219802856,0.42819496989250183,-0.011968598701059818,0.4659312069416046,0.4547906517982483,0.014166059903800488,0.4690546989440918,0.4580351710319519,0.01106005534529686,0.4675176441669464,0.4551997780799866,0.013139906339347363,0.47857338190078735,0.4270040690898895,-0.023471534252166748,0.47523102164268494,0.4569779634475708,0.005670965649187565,0.4800437092781067,0.4577398896217346,0.0022704426664859056,0.4859906733036041,0.458281010389328,-0.0003155809245072305,0.487234890460968,0.47886812686920166,0.009248041547834873,0.4851469397544861,0.47221994400024414,0.0020313889253884554,0.4851530194282532,0.46733689308166504,0.0004291548393666744,0.48546361923217773,0.4624773859977722,0.0010842977790161967,0.4859340190887451,0.4585009217262268,0.0009885223116725683,0.4751603305339813,0.4571463465690613,0.006726606748998165,0.47400811314582825,0.45898351073265076,0.006494508124887943,0.4727635979652405,0.46144840121269226,0.006303806789219379,0.47181764245033264,0.4641669690608978,0.008003324270248413,0.46446770429611206,0.4438915550708771,0.0019299094565212727,0.41450297832489014,0.4042041301727295,0.06853845715522766,0.49158424139022827,0.43286293745040894,-0.01957886479794979,0.47160887718200684,0.4562569856643677,0.010565624572336674,0.4703075587749481,0.45706284046173096,0.010570172220468521,0.4830702841281891,0.43266838788986206,-0.012309391982853413,0.47212910652160645,0.42824795842170715,-0.006590217351913452,0.48187801241874695,0.43120986223220825,-0.013096433132886887,0.46213823556900024,0.39512762427330017,-0.0063672191463410854,0.45139968395233154,0.40187934041023254,-0.0033668146934360266,0.46859830617904663,0.41926872730255127,-0.011408955790102482,0.4228144884109497,0.30055516958236694,-0.0114353122189641,0.4294520616531372,0.3160780668258667,-0.01701166480779648,0.4377577006816864,0.3337392210960388,-0.020864056423306465,0.4706517159938812,0.46876317262649536,0.01370302215218544,0.4677065312862396,0.3361046612262726,-0.029645351693034172,0.46164268255233765,0.30954521894454956,-0.031796522438526154,0.45673301815986633,0.2855799198150635,-0.03226305544376373,0.4397071599960327,0.371682345867157,-0.0014240829041227698,0.4242222011089325,0.38147804141044617,0.010068862698972225,0.4672295153141022,0.3668561577796936,-0.005746086593717337,0.4289330244064331,0.3582494258880615,-0.001039933180436492,0.4726899564266205,0.384633332490921,-0.0132374819368124,0.4741531014442444,0.4212372303009033,-0.02415514923632145,0.41805922985076904,0.3888504207134247,0.018913524225354195,0.4290043115615845,0.3886195123195648,0.005699498113244772,0.4376782476902008,0.3925466537475586,0.0003955783322453499,0.450614869594574,0.3904080092906952,-0.002664349041879177,0.45993348956108093,0.3859051465988159,-0.004857492633163929,0.4664744734764099,0.38151562213897705,-0.007594385650008917,0.48023054003715515,0.3737444579601288,-0.02308010309934616,0.42085325717926025,0.4077373445034027,0.02130771055817604,0.42364180088043213,0.357315331697464,0.0013168901205062866,0.4881751835346222,0.4322892129421234,-0.028596404939889908,0.47002434730529785,0.40016424655914307,-0.010622543282806873,0.40755146741867065,0.3642631769180298,0.053491104394197464,0.471349835395813,0.3769274652004242,-0.009767455980181694,0.4677796959877014,0.4182741641998291,-0.0047370800748467445,0.4332222640514374,0.3629978895187378,0.002182910917326808,0.47339171171188354,0.4139862656593323,-0.02278207242488861,0.4197750389575958,0.42595982551574707,0.07070647925138474,0.46655112504959106,0.36344286799430847,-0.0050788032822310925,0.47824597358703613,0.41018450260162354,-0.029981475323438644,0.4451347887516022,0.47151193022727966,0.04048784077167511,0.4473155736923218,0.4787755012512207,0.053556568920612335,0.41507434844970703,0.40732812881469727,0.045164600014686584,0.4348703622817993,0.4603305459022522,0.045800160616636276,0.4114896059036255,0.3516063988208771,0.02170697972178459,0.47499531507492065,0.49918729066848755,0.02618652954697609,0.48886728286743164,0.4328342378139496,-0.019166424870491028,0.46447065472602844,0.4062685966491699,-0.006828313693404198,0.41791146993637085,0.36948162317276,0.016918089240789413,0.4458337426185608,0.3672768175601959,-0.004482008051127195,0.4516027271747589,0.3672814965248108,-0.006014646962285042,0.46798330545425415,0.45916038751602173,0.012438174337148666,0.42390334606170654,0.4252411723136902,0.027786245569586754,0.48709791898727417,0.5084688663482666,0.029415065422654152,0.46827736496925354,0.49756237864494324,0.03992574289441109,0.45913711190223694,0.4898029565811157,0.0459621399641037,0.48033198714256287,0.3072971701622009,-0.033405810594558716,0.49917271733283997,0.5084877014160156,0.027835868299007416,0.4570394456386566,0.3660406470298767,-0.006478643976151943,0.4621267318725586,0.36441850662231445,-0.005863292142748833,0.465284526348114,0.3638167381286621,-0.004949966911226511,0.41906532645225525,0.35453763604164124,0.007346236612647772,0.46009495854377747,0.35838592052459717,-0.008361241780221462,0.45402440428733826,0.356746643781662,-0.009637399576604366,0.44819149374961853,0.35691073536872864,-0.009307189844548702,0.4426576793193817,0.35836607217788696,-0.007372830994427204,0.4393301010131836,0.36018991470336914,-0.004905307199805975,0.4065479636192322,0.3443257212638855,0.03775997459888458,0.4418345093727112,0.3661557734012604,-0.002573781181126833,0.49212634563446045,0.43864190578460693,-0.01091383770108223,0.470884770154953,0.4404255151748657,-0.003348832717165351,0.47538164258003235,0.42677512764930725,-0.016768470406532288,0.48306000232696533,0.43941450119018555,-0.010048274882137775,0.4848799705505371,0.35745707154273987,-0.023836757987737656,0.4560072124004364,0.4820990562438965,0.036967311054468155,0.46548494696617126,0.4905133843421936,0.03220144286751747,0.48606663942337036,0.5046147108078003,0.02092830464243889,0.4371327757835388,0.4657721221446991,0.06258212774991989,0.4644562602043152,0.3613661229610443,-0.006533892825245857,0.4774843156337738,0.3897987902164459,-0.021822815760970116,0.49866238236427307,0.5043743848800659,0.019608937203884125,0.4773009419441223,0.5044039487838745,0.03349125012755394,0.4197085201740265,0.42664557695388794,0.048817362636327744,0.4800126850605011,0.4579871892929077,0.003493006806820631,0.47900712490081787,0.46107304096221924,0.0033610761165618896,0.47822263836860657,0.4649193286895752,0.0030559950973838568,0.47778329253196716,0.46938562393188477,0.00472597312182188,0.47814372181892395,0.4750964641571045,0.010876879096031189,0.4703104794025421,0.455296128988266,0.008920315653085709,0.469032883644104,0.4544466733932495,0.008870379067957401,0.46797239780426025,0.45357394218444824,0.00849201250821352,0.4596952497959137,0.4481962323188782,0.008333276025950909,0.43261128664016724,0.43114951252937317,0.01539249811321497,0.4765327274799347,0.3786514699459076,-0.017775332555174828,0.4714425206184387,0.3584553301334381,-0.010862326249480247,0.4672164022922516,0.3588199317455292,-0.008248154073953629,0.4716683030128479,0.4561750590801239,0.009838370606303215,0.43509361147880554,0.4499979317188263,0.030427133664488792,0.4772004783153534,0.35958802700042725,-0.01920831762254238,0.47625967860221863,0.483026385307312,0.015836715698242188,0.48811161518096924,0.39449453353881836,-0.03270718455314636,0.48157763481140137,0.3856870234012604,-0.027551796287298203,0.4871666133403778,0.38337597250938416,-0.029308432713150978,0.4743298292160034,0.4043877422809601,-0.018850987777113914,0.49790525436401367,0.4970637261867523,0.014042127877473831,0.49688491225242615,0.4871561527252197,0.01155692245811224,0.48658129572868347,0.48770421743392944,0.012881731614470482,0.4599243700504303,0.4662027359008789,0.02038320153951645,0.46266451478004456,0.4251152575016022,-0.0015887337503954768,0.46777668595314026,0.47556832432746887,0.01878901943564415,0.4464840888977051,0.4249451756477356,0.0008987105684354901,0.4569299817085266,0.43387141823768616,0.0021088416688144207,0.44226858019828796,0.4378141164779663,0.009623941034078598,0.4858751595020294,0.4975108206272125,0.015586160123348236,0.4709033966064453,0.4081615209579468,-0.012968556955456734,0.4562086760997772,0.47332802414894104,0.027692999690771103,0.465748131275177,0.48271822929382324,0.025304242968559265,0.452837198972702,0.45625680685043335,0.01830362342298031,0.4276561141014099,0.4394504427909851,0.033714327961206436,0.44517219066619873,0.45872923731803894,0.024408739060163498,0.4258018434047699,0.4442785978317261,0.05064566060900688,0.45244282484054565,0.4430677890777588,0.008066845126450062,0.47387832403182983,0.39484575390815735,-0.0158209390938282,0.4764941930770874,0.42577600479125977,-0.025117989629507065,0.4725240468978882,0.4257965385913849,-0.01721428520977497,0.4789019525051117,0.4208974838256836,-0.03046903759241104,0.4655223786830902,0.3518241345882416,-0.014293467625975609,0.45388713479042053,0.347284197807312,-0.016047079116106033,0.4438144266605377,0.34671637415885925,-0.015300390310585499,0.43591612577438354,0.34864500164985657,-0.012069283984601498,0.4309307038784027,0.3523617386817932,-0.007537330035120249,0.42884206771850586,0.3657732605934143,0.005149892996996641,0.4116590619087219,0.3882826566696167,0.03944102302193642,0.43493103981018066,0.3788151144981384,0.0026626777835190296,0.44200628995895386,0.3817358911037445,-0.0007762276800349355,0.45113664865493774,0.38097456097602844,-0.0033029448240995407,0.45943430066108704,0.3780452311038971,-0.005021439399570227,0.4656051993370056,0.3748052418231964,-0.0059411656111478806,0.46977075934410095,0.3720427453517914,-0.006992609705775976,0.410747766494751,0.38379380106925964,0.06302783638238907,0.4725725054740906,0.426720529794693,-0.01358193252235651,0.4782956838607788,0.3997518718242645,-0.02501608617603779,0.48113155364990234,0.4275600016117096,-0.029836388304829597,0.48452630639076233,0.43053725361824036,-0.026201820001006126,0.4810831844806671,0.4280749559402466,-0.02647264301776886,0.4741525650024414,0.42831042408943176,-0.010728355497121811,0.4860146939754486,0.43172913789749146,-0.027730416506528854,0.48664891719818115,0.4322909116744995,-0.01947292871773243,0.4690878689289093,0.3642694354057312,-0.005851083900779486,0.47283700108528137,0.36730629205703735,-0.009203396737575531,0.47488754987716675,0.37006112933158875,-0.013118783943355083,0.43740445375442505,0.3614934980869293,-0.0023983849678188562,0.4326361417770386,0.35823869705200195,-0.002424759091809392,0.4935620427131653,0.39455097913742065,-0.03034108690917492,0.5297911763191223,0.35076576471328735,-0.0015092709800228477,0.49776849150657654,0.42884737253189087,-0.019844867289066315,0.5528947710990906,0.30595606565475464,0.020538348704576492,0.5129551887512207,0.36191439628601074,-0.0067767915315926075,0.5191968083381653,0.3612528443336487,-0.006163849029690027,0.5254250764846802,0.3599477708339691,-0.004477677401155233,0.5332988500595093,0.3533911108970642,0.00032712213578633964,0.5076619982719421,0.3612891733646393,-0.006335933692753315,0.5206028819084167,0.33938342332839966,-0.0127093605697155,0.5135730504989624,0.34150171279907227,-0.012897618114948273,0.5271661877632141,0.33926305174827576,-0.010186150670051575,0.5315296649932861,0.34104737639427185,-0.007204012479633093,0.5399149656295776,0.35809290409088135,0.004721101839095354,0.5197146534919739,0.4847956895828247,0.020037328824400902,0.532221794128418,0.34861403703689575,0.0002502069401089102,0.5595263838768005,0.34626415371894836,0.0320248045027256,0.546867847442627,0.3504580855369568,0.009721944108605385,0.5226571559906006,0.4038689434528351,-0.0043664188124239445,0.5008738040924072,0.44636908173561096,-0.008583581075072289,0.5006223917007446,0.45386868715286255,-0.003926415462046862,0.5087765455245972,0.44618773460388184,-0.004211105406284332,0.5137954354286194,0.44620540738105774,0.001620138413272798,0.5070066452026367,0.4517553448677063,-0.0011414395412430167,0.5117161273956299,0.4499562978744507,0.0039785271510481834,0.5241444706916809,0.45200249552726746,0.015664055943489075,0.4964209198951721,0.42740458250045776,-0.03258760645985603,0.49634939432144165,0.4184761047363281,-0.03613588958978653,0.5403842926025391,0.3327350318431854,-0.007840132340788841,0.5065867304801941,0.3841814398765564,-0.00993322767317295,0.5105841159820557,0.4162469506263733,-0.017130525782704353,0.5102713108062744,0.41033828258514404,-0.0160213615745306,0.5426239371299744,0.3961831033229828,0.0034865159541368484,0.4948933720588684,0.40584543347358704,-0.03449323773384094,0.5238864421844482,0.32916921377182007,-0.020554646849632263,0.5333395600318909,0.3292771875858307,-0.01506981160491705,0.5455650687217712,0.2928081750869751,0.004394830670207739,0.49659106135368347,0.3441665768623352,-0.024775145575404167,0.5077072381973267,0.34569501876831055,-0.01054327841848135,0.5288602709770203,0.4425300657749176,0.015127139165997505,0.5583049654960632,0.4281775951385498,0.07028322666883469,0.5065531134605408,0.42245376110076904,-0.013743530958890915,0.5018317103385925,0.4263308346271515,-0.013264049775898457,0.5201017260551453,0.4460600018501282,0.014735544100403786,0.5186363458633423,0.44689473509788513,0.012989966198801994,0.5361854434013367,0.32227522134780884,-0.013485885225236416,0.5112142562866211,0.41826292872428894,-0.012717374600470066,0.5116298198699951,0.3334863781929016,-0.02399410679936409,0.5119253396987915,0.3258605897426605,-0.027098793536424637,0.5176454782485962,0.27932778000831604,-0.02473377250134945,0.5417215824127197,0.30672919750213623,-0.006488511338829994,0.5150503516197205,0.3011714220046997,-0.026962341740727425,0.5437111854553223,0.32703208923339844,-0.0035232820082455873,0.5493007302284241,0.31668275594711304,0.0070477756671607494,0.5009328126907349,0.4504000246524811,-0.006883304566144943,0.5079607367515564,0.44908609986305237,-0.002757881535217166,0.5128304362297058,0.44805365800857544,0.002384189050644636,0.5053621530532837,0.4238191843032837,-0.012004951946437359,0.5193356275558472,0.4464949071407318,0.013806622475385666,0.5164855122566223,0.4503767192363739,0.010737632401287556,0.5178954601287842,0.44733503460884094,0.01282342616468668,0.503297746181488,0.423134446144104,-0.0235214214771986,0.5107446908950806,0.4514334201812744,0.005480291321873665,0.5060228705406189,0.45371198654174805,0.002149515086784959,0.5000981092453003,0.45608633756637573,-0.0003843739104922861,0.5047378540039062,0.47615760564804077,0.009135467000305653,0.5018876791000366,0.46933484077453613,0.0019399324664846063,0.5013573169708252,0.4645833373069763,0.00034628267167136073,0.5006318092346191,0.4599454402923584,0.0010126444976776838,0.4998634159564972,0.45620936155319214,0.0009224492241628468,0.5105283260345459,0.451395183801651,0.006533593405038118,0.5117638111114502,0.452756404876709,0.006300522480159998,0.5131011605262756,0.45465943217277527,0.006080297287553549,0.51416015625,0.45692142844200134,0.007738783024251461,0.5204922556877136,0.4352909028530121,0.0016625708667561412,0.5619935393333435,0.3814269006252289,0.0689699798822403,0.5140301585197449,0.4495024085044861,0.010285349562764168,0.5152567028999329,0.44986751675605774,0.01027376763522625,0.4999595880508423,0.43010246753692627,-0.012336048297584057,0.5098642706871033,0.42254871129989624,-0.006680882535874844,0.5008549094200134,0.428303986787796,-0.013089414685964584,0.5137561559677124,0.3871751129627228,-0.006538948975503445,0.5256119966506958,0.39040201902389526,-0.0036637892480939627,0.5117501616477966,0.41270652413368225,-0.011533983051776886,0.5344871282577515,0.28348174691200256,-0.01125390361994505,0.5308077931404114,0.30099254846572876,-0.017537811771035194,0.5252335071563721,0.3212321400642395,-0.021378489211201668,0.5193370580673218,0.4611099660396576,0.013370482251048088,0.4971751868724823,0.332103431224823,-0.029839061200618744,0.4988858103752136,0.303873211145401,-0.031971272081136703,0.4995764493942261,0.2790078818798065,-0.0322391614317894,0.5305120348930359,0.3571605086326599,-0.0018831348279491067,0.5477717518806458,0.3626304864883423,0.009496466256678104,0.504272997379303,0.36022087931632996,-0.005991246085613966,0.53863126039505,0.34256529808044434,-0.0016293247463181615,0.5016818046569824,0.38011565804481506,-0.013322745449841022,0.5066196322441101,0.416232168674469,-0.024210242554545403,0.5554656386375427,0.36770379543304443,0.018248869106173515,0.544035017490387,0.3704943060874939,0.005198319908231497,0.5362681746482849,0.3764549195766449,-2.8820168154197745e-05,0.5237877368927002,0.37819260358810425,-0.0029918018262833357,0.5142635107040405,0.376554936170578,-0.0050849877297878265,0.5073150396347046,0.37428751587867737,-0.00771521870046854,0.49231937527656555,0.37186405062675476,-0.023137247189879417,0.5565643310546875,0.3868829905986786,0.02068183943629265,0.5439314842224121,0.34030213952064514,0.0007447614916600287,0.49480244517326355,0.43117615580558777,-0.02861456759274006,0.5070049166679382,0.3944542706012726,-0.01071975938975811,0.5607119798660278,0.3405066430568695,0.05385629087686539,0.5019301772117615,0.37123429775238037,-0.00988034624606371,0.5123491883277893,0.4114688038825989,-0.004886229056864977,0.5352752208709717,0.34816205501556396,0.0016269874759018421,0.5060548186302185,0.4089333415031433,-0.02282567135989666,0.5613266229629517,0.40422654151916504,0.07127910107374191,0.5042739510536194,0.35698187351226807,-0.005337432958185673,0.5005424618721008,0.4066542088985443,-0.030049165710806847,0.5456981658935547,0.45642003417015076,0.03997053951025009,0.545124351978302,0.46399661898612976,0.0539824515581131,0.5620790123939514,0.3847886323928833,0.04445229843258858,0.5535653233528137,0.44250524044036865,0.04524100571870804,0.5545507073402405,0.32977810502052307,0.0209802333265543,0.5210654735565186,0.49216601252555847,0.025914719328284264,0.4942263662815094,0.43193289637565613,-0.01916692778468132,0.5135027170181274,0.398716002702713,-0.006987035274505615,0.5525573492050171,0.35030025243759155,0.016266465187072754,0.5235769152641296,0.354088693857193,-0.004913755692541599,0.5183530449867249,0.35557207465171814,-0.006404839921742678,0.5175995230674744,0.4511207938194275,0.012087742798030376,0.5571185350418091,0.40493401885032654,0.02721865475177765,0.5109894275665283,0.5047296285629272,0.029475988820195198,0.5277661681175232,0.4882966876029968,0.040144070982933044,0.53556889295578,0.47813352942466736,0.04627024754881859,0.5132681131362915,0.35614585876464844,-0.006812531966716051,0.5084576606750488,0.3563278913497925,-0.006167036481201649,0.5055449604988098,0.3568345904350281,-0.005229534115642309,0.5482898354530334,0.33646631240844727,0.006666512694209814,0.5093652009963989,0.35158517956733704,-0.008639189414680004,0.5145554542541504,0.3492431044578552,-0.009980808943510056,0.5198429822921753,0.3482063412666321,-0.009714441373944283,0.5250808000564575,0.3479818105697632,-0.00784220825880766,0.528486430644989,0.34830692410469055,-0.005416165571659803,0.5576637387275696,0.3208715617656708,0.03818180039525032,0.5271525979042053,0.35237595438957214,-0.0030394981149584055,0.5135276913642883,0.4339163899421692,-0.0035056050401180983,0.5063766241073608,0.42202308773994446,-0.01682814210653305,0.5013718605041504,0.4366794526576996,-0.010103692300617695,0.536836564540863,0.4699423313140869,0.03653756156563759,0.5290236473083496,0.4809330701828003,0.03185856714844704,0.511004626750946,0.500785768032074,0.020752904936671257,0.5525463819503784,0.4482773244380951,0.0631539523601532,0.505890965461731,0.3548049330711365,-0.0067994422279298306,0.4978894889354706,0.38660839200019836,-0.021884478628635406,0.5200039744377136,0.49769118428230286,0.03360068053007126,0.561445951461792,0.40510979294776917,0.04820660129189491,0.5057696104049683,0.453755646944046,0.003381123533472419,0.506980299949646,0.4563733637332916,0.0032377117313444614,0.5080662369728088,0.45977869629859924,0.0028781681321561337,0.5089017748832703,0.46386200189590454,0.004513143096119165,0.5130667090415955,0.46955329179763794,0.01063130609691143,0.5153816938400269,0.44830095767974854,0.008671196177601814,0.5164714455604553,0.44713419675827026,0.00858093798160553,0.517399251461029,0.44602492451667786,0.008195504546165466,0.5261233448982239,0.4378994107246399,0.00798009056597948,0.5497587323188782,0.4131925404071808,0.014922680333256721,0.4968346953392029,0.375519722700119,-0.017841868102550507,0.4987645745277405,0.35378220677375793,-0.01099749282002449,0.5028426051139832,0.3528362214565277,-0.008499923162162304,0.514193058013916,0.4495145380496979,0.009575903415679932,0.5511735081672668,0.43235138058662415,0.029906904324889183,0.49331557750701904,0.3569066524505615,-0.01931915245950222,0.5166337490081787,0.47676390409469604,0.015573007054626942,0.49307358264923096,0.3838597238063812,-0.027596862986683846,0.5035119652748108,0.3999045193195343,-0.018900927156209946,0.5071754455566406,0.48449385166168213,0.012728344649076462,0.5295374393463135,0.45544686913490295,0.01994829997420311,0.5186150074005127,0.41643083095550537,-0.00178349029738456,0.5236153602600098,0.4668996036052704,0.018399929627776146,0.5348383784294128,0.4112918972969055,0.0005434263148345053,0.5260661840438843,0.4231480658054352,0.001833926304243505,0.5415359735488892,0.42253467440605164,0.009158698841929436,0.5097671747207642,0.4938466548919678,0.015386057086288929,0.5075137615203857,0.4025270938873291,-0.01306159608066082,0.5348208546638489,0.46130818128585815,0.027245409786701202,0.5271973013877869,0.47331294417381287,0.02495945617556572,0.5346719622612,0.44370102882385254,0.017840659245848656,0.5563666224479675,0.41991227865219116,0.03320302814245224,0.5429474711418152,0.4438207149505615,0.02391773834824562,0.5591481924057007,0.4241620600223541,0.050078049302101135,0.5324240922927856,0.4306885600090027,0.007689615711569786,0.5022823810577393,0.39045271277427673,-0.015883639454841614,0.5051204562187195,0.42134082317352295,-0.02516995742917061,0.509025514125824,0.42023879289627075,-0.017305975779891014,0.5017819404602051,0.417288601398468,-0.030487999320030212,0.5027843117713928,0.34606608748435974,-0.014501101337373257,0.5126530528068542,0.33879560232162476,-0.01637527160346508,0.5218119621276855,0.33567896485328674,-0.015756599605083466,0.529655933380127,0.3354151248931885,-0.012579970993101597,0.5352854132652283,0.33754467964172363,-0.008098622784018517,0.5404101610183716,0.3495755195617676,0.004601655527949333,0.5615589022636414,0.36526283621788025,0.03865071386098862,0.5366773009300232,0.36287856101989746,0.002171610714867711,0.530381441116333,0.3672671318054199,-0.0011954826768487692,0.5216667056083679,0.36905261874198914,-0.0036319782957434654,0.513416051864624,0.36874619126319885,-0.005278623662889004,0.5071147084236145,0.36751559376716614,-0.0061291279271245,0.5027556419372559,0.3660609722137451,-0.007150336634367704,0.5615633726119995,0.3603736460208893,0.0634082779288292,0.5090899467468262,0.4211493730545044,-0.013673373498022556,0.49871623516082764,0.39654800295829773,-0.025069793686270714,0.5007748007774353,0.4244111180305481,-0.029879610985517502,0.49805939197540283,0.4283292591571808,-0.02621019072830677,0.5009869933128357,0.4249352812767029,-0.02650664746761322,0.5078829526901245,0.4231785833835602,-0.01078789122402668,0.49682530760765076,0.4299277365207672,-0.027737468481063843,0.4962799847126007,0.43066170811653137,-0.019491046667099,0.5020520091056824,0.3583136200904846,-0.006063302978873253,0.499020516872406,0.3624345362186432,-0.009334065951406956,0.4973812699317932,0.365744024515152,-0.013219447806477547,0.5306161046028137,0.3485809564590454,-0.002926916116848588,0.5347151756286621,0.34361591935157776,-0.002971281297504902,0.4491352140903473,0.3626152276992798,-0.00526078138500452,0.4567868113517761,0.361724853515625,-0.00526078138500452,0.4485437870025635,0.35367822647094727,-0.00526078138500452,0.4415045380592346,0.36341845989227295,-0.00526078138500452,0.4496859014034271,0.3714698851108551,-0.00526078138500452,0.5187128782272339,0.352132648229599,-0.005655179265886545,0.5257667303085327,0.3506164848804474,-0.005655179265886545,0.5175684094429016,0.34369683265686035,-0.005655179265886545,0.5116721391677856,0.3535858988761902,-0.005655179265886545,0.5198798775672913,0.36054253578186035,-0.005655179265886545
300.0,0.49256762862205505,0.44987723231315613,-0.008957562036812305,0.4912477731704712,0.42894867062568665,-0.03310588374733925,0.4916941821575165,0.4332576096057892,-0.014098841696977615,0.4829350411891937,0.39635589718818665,-0.030371297150850296,0.4903929531574249,0.4200192987918854,-0.036887478083372116,0.48917829990386963,0.40643852949142456,-0.036577027291059494,0.48615771532058716,0.3712559938430786,-0.026105642318725586,0.43883466720581055,0.36494994163513184,-0.0010121248196810484,0.48387792706489563,0.34626278281211853,-0.0264599546790123,0.482730895280838,0.33369603753089905,-0.03070933185517788,0.47815826535224915,0.282147079706192,-0.03446950390934944,0.4927377700805664,0.453019917011261,-0.007329056970775127,0.49289318919181824,0.4562009871006012,-0.0048036421649158,0.4930141270160675,0.4583089351654053,-0.0010588228469714522,0.49288469552993774,0.4584192931652069,0.00022275737137533724,0.4931134879589081,0.46265745162963867,0.0004179882234893739,0.49335893988609314,0.46748805046081543,-0.0001585015852469951,0.493593692779541,0.47225457429885864,0.0016420935280621052,0.496135413646698,0.4784027934074402,0.008911985903978348,0.4915938973426819,0.4322963356971741,-0.028977299109101295,0.4850001335144043,0.431100070476532,-0.019817018881440163,0.4083743393421173,0.3283695876598358,0.02013438381254673,0.45856475830078125,0.3715466856956482,-0.0065203276462852955,0.4520043134689331,0.37307193875312805,-0.00584564870223403,0.4453965723514557,0.3735315203666687,-0.00408715708181262,0.4362643361091614,0.3683529496192932,0.0008219190640375018,0.4639691710472107,0.36915794014930725,-0.006124516949057579,0.4459235966205597,0.34981825947761536,-0.01234011072665453,0.45385104417800903,0.35009607672691345,-0.012619630433619022,0.43909767270088196,0.35167402029037476,-0.009759797714650631,0.4350021481513977,0.3548707067966461,-0.006705920211970806,0.43099597096443176,0.37484973669052124,0.005236740689724684,0.47496965527534485,0.49181902408599854,0.020549530163407326,0.43597015738487244,0.3626970946788788,0.000750427134335041,0.40996187925338745,0.3692420721054077,0.032865408807992935,0.4229847490787506,0.36854469776153564,0.010289766825735569,0.45675668120384216,0.41422316431999207,-0.00407007709145546,0.4841717481613159,0.4489672780036926,-0.008441122248768806,0.48529234528541565,0.4563928544521332,-0.003783679800108075,0.47663381695747375,0.45105087757110596,-0.003984332550317049,0.47162434458732605,0.4526263177394867,0.0019238601671531796,0.47897639870643616,0.45617517828941345,-0.0008943876600824296,0.47416815161705017,0.4558609426021576,0.004246629774570465,0.46448636054992676,0.46155720949172974,0.016189511865377426,0.48590537905693054,0.42920082807540894,-0.03258662298321724,0.48433610796928406,0.4205288589000702,-0.0361345112323761,0.4251152575016022,0.3492509126663208,-0.007319985888898373,0.46862921118736267,0.39018118381500244,-0.009852539747953415,0.47037848830223083,0.42252713441848755,-0.016993621364235878,0.4696422815322876,0.416694313287735,-0.015871189534664154,0.4361729323863983,0.4128299355506897,0.003968290518969297,0.4835027754306793,0.40782594680786133,-0.03449805825948715,0.4403345286846161,0.34128645062446594,-0.02024964988231659,0.4311051666736603,0.34392520785331726,-0.014651883393526077,0.41329479217529297,0.3132670521736145,0.004009026102721691,0.47070300579071045,0.347751647233963,-0.024752164259552956,0.4608796536922455,0.3528505563735962,-0.010301674716174603,0.4582616090774536,0.45374375581741333,0.015680614858865738,0.4275553226470947,0.448061466217041,0.0700199156999588,0.4753737151622772,0.42736154794692993,-0.013690214604139328,0.4806787669658661,0.4297568202018738,-0.013245110400021076,0.4651048183441162,0.45460495352745056,0.015228193253278732,0.4666975736618042,0.4550245702266693,0.013414385728538036,0.42727047204971313,0.337883859872818,-0.013018418103456497,0.4701038599014282,0.42465782165527344,-0.012574571184813976,0.4533524215221405,0.3420286774635315,-0.023810578510165215,0.45159587264060974,0.33470940589904785,-0.026960117742419243,0.43882888555526733,0.2915889024734497,-0.024978982284665108,0.41967248916625977,0.3252665400505066,-0.00598954688757658,0.4451825022697449,0.3119123578071594,-0.026808593422174454,0.4210297465324402,0.3443150520324707,-0.0029438729397952557,0.41403502225875854,0.33722245693206787,0.0077062733471393585,0.48459717631340027,0.4529830515384674,-0.006732575595378876,0.47776302695274353,0.4537045955657959,-0.0025113944429904222,0.4728235900402069,0.45423153042793274,0.002683619735762477,0.47675588726997375,0.42832398414611816,-0.011937061324715614,0.46592602133750916,0.45482462644577026,0.014255106449127197,0.46908289194107056,0.4581121504306793,0.011147892102599144,0.4675145745277405,0.45525193214416504,0.013224028050899506,0.4786420166492462,0.4271089434623718,-0.023467259481549263,0.4752604365348816,0.457136869430542,0.005764889996498823,0.48009899258613586,0.4579438865184784,0.0023738406598567963,0.4860699474811554,0.4585016369819641,-0.00020649188081733882,0.48741447925567627,0.47890740633010864,0.00943564809858799,0.4852665662765503,0.4724288582801819,0.0021812389604747295,0.4852648973464966,0.46755048632621765,0.0005658676382154226,0.4855634868144989,0.4626845121383667,0.0012124800123274326,0.4860256314277649,0.45869672298431396,0.0010926692048087716,0.4752085506916046,0.45729660987854004,0.006813103333115578,0.4740647077560425,0.45911839604377747,0.0065943533554673195,0.47282785177230835,0.46156299114227295,0.006409770343452692,0.4718873202800751,0.46425992250442505,0.008113756775856018,0.4645850360393524,0.4440692365169525,0.0019892666023224592,0.41450732946395874,0.40422284603118896,0.06878311187028885,0.4916819632053375,0.4329490661621094,-0.01956956833600998,0.47163626551628113,0.4563710391521454,0.010642824694514275,0.47033417224884033,0.4571610689163208,0.010656085796654224,0.4831673502922058,0.432791143655777,-0.012273331172764301,0.4722185730934143,0.4283944368362427,-0.006538452580571175,0.481972336769104,0.4313320517539978,-0.013066624291241169,0.4621870815753937,0.3952539563179016,-0.006367840338498354,0.45144879817962646,0.4020270109176636,-0.003346335608512163,0.4686516523361206,0.41940775513648987,-0.011373677290976048,0.4227972626686096,0.30077028274536133,-0.01160038635134697,0.429439514875412,0.3163350522518158,-0.017177550122141838,0.43763303756713867,0.33401963114738464,-0.021021388471126556,0.47081083059310913,0.4688674509525299,0.013838011771440506,0.4676849842071533,0.33622995018959045,-0.029844926670193672,0.4616366922855377,0.30980515480041504,-0.032030146569013596,0.4567036032676697,0.2858137786388397,-0.032515235245227814,0.4397132694721222,0.3718865215778351,-0.0014389997813850641,0.4242469370365143,0.38161131739616394,0.010095967911183834,0.4672630727291107,0.3669304847717285,-0.005799122154712677,0.4288826584815979,0.35847020149230957,-0.0010851938277482986,0.472724586725235,0.384758859872818,-0.013285242952406406,0.4741954505443573,0.4213661849498749,-0.02415494993329048,0.4180341958999634,0.38896307349205017,0.018974749371409416,0.4290613830089569,0.38875433802604675,0.005730881355702877,0.4377647936344147,0.3926738500595093,0.00041528596193529665,0.4507014751434326,0.39051222801208496,-0.0026662014424800873,0.46000486612319946,0.3859867751598358,-0.0048744394443929195,0.46653780341148376,0.3815949857234955,-0.007632163353264332,0.48026880621910095,0.37390244007110596,-0.023186437785625458,0.4208551347255707,0.40786096453666687,0.02141052857041359,0.4235759973526001,0.357509970664978,0.0012754014460369945,0.4882602393627167,0.4323778748512268,-0.028609557077288628,0.4700702428817749,0.4002892076969147,-0.01062176562845707,0.4075867533683777,0.3643130958080292,0.05361579358577728,0.47141408920288086,0.3770163059234619,-0.009824374690651894,0.4678436517715454,0.41841402649879456,-0.004687534645199776,0.4331827461719513,0.3632310926914215,0.002159030409529805,0.4734262228012085,0.4141196608543396,-0.022787481546401978,0.4197835326194763,0.4259745180606842,0.07099691033363342,0.46657416224479675,0.3635237216949463,-0.005135434214025736,0.47828495502471924,0.41031691431999207,-0.030017223209142685,0.44516637921333313,0.47159823775291443,0.04074849560856819,0.44735586643218994,0.4788265526294708,0.053884003311395645,0.4150671362876892,0.40738677978515625,0.04532601311802864,0.4348990023136139,0.4603866934776306,0.046061985194683075,0.4114941656589508,0.3517133593559265,0.021702438592910767,0.47510501742362976,0.49932578206062317,0.026471268385648727,0.48896223306655884,0.43292418122291565,-0.019154055044054985,0.46452727913856506,0.40640366077423096,-0.006801063194870949,0.4178882837295532,0.36958345770835876,0.016939150169491768,0.44583895802497864,0.36751309037208557,-0.00450647110119462,0.45162007212638855,0.3674868047237396,-0.006046788766980171,0.46801257133483887,0.45921745896339417,0.012532878667116165,0.4239291846752167,0.4253511428833008,0.02793898619711399,0.4872548282146454,0.508662223815918,0.029747309163212776,0.46836256980895996,0.4976906180381775,0.040246475487947464,0.45919376611709595,0.48989567160606384,0.04627978056669235,0.4803437888622284,0.3075289726257324,-0.03366178274154663,0.4993807077407837,0.5086839199066162,0.028158945962786674,0.4570629596710205,0.36620819568634033,-0.0065215337090194225,0.4621503949165344,0.3645426332950592,-0.005914544686675072,0.4653070867061615,0.3639102578163147,-0.005005375482141972,0.41898807883262634,0.35471802949905396,0.00731404684484005,0.4601033329963684,0.35854557156562805,-0.008424866944551468,0.45401322841644287,0.35696932673454285,-0.009707976132631302,0.4481711983680725,0.3571837246417999,-0.009369071573019028,0.44263678789138794,0.358665406703949,-0.0074240113608539104,0.4393066167831421,0.3604878783226013,-0.004945947788655758,0.40660130977630615,0.3444005846977234,0.037806663662195206,0.44182726740837097,0.366411030292511,-0.0025957191828638315,0.49224114418029785,0.4387562572956085,-0.010879903100430965,0.4709869623184204,0.4405880868434906,-0.0032952637411653996,0.47545185685157776,0.42689692974090576,-0.01674853079020977,0.4831695854663849,0.43954843282699585,-0.010006345808506012,0.484930157661438,0.357663631439209,-0.023982860147953033,0.456048846244812,0.48220497369766235,0.0372299887239933,0.46555763483047485,0.4906317889690399,0.032476410269737244,0.4862128794193268,0.5047667026519775,0.021215081214904785,0.4371664524078369,0.4657920300960541,0.06291312724351883,0.4644757807254791,0.36147403717041016,-0.006596192717552185,0.4775227904319763,0.3899359703063965,-0.0218832828104496,0.49885427951812744,0.5045440196990967,0.019890043884515762,0.4774188697338104,0.5045694708824158,0.03381911292672157,0.41971564292907715,0.4266916513442993,0.049026649445295334,0.48008549213409424,0.45817041397094727,0.003589679254218936,0.47908830642700195,0.4612520933151245,0.003474816679954529,0.47831764817237854,0.46508562564849854,0.0031744642183184624,0.47788920998573303,0.4695364832878113,0.004852046724408865,0.4783189594745636,0.4751572608947754,0.011030372232198715,0.47032636404037476,0.45539194345474243,0.00899642426520586,0.4690508246421814,0.45452553033828735,0.008945188485085964,0.4679916501045227,0.4536387026309967,0.0085696866735816,0.4598248600959778,0.448394775390625,0.00841303076595068,0.4326624870300293,0.43128418922424316,0.015521074645221233,0.47656726837158203,0.37879273295402527,-0.01785193756222725,0.4714617431163788,0.35854727029800415,-0.01095281820744276,0.4672299921512604,0.358918696641922,-0.008328238502144814,0.4716792106628418,0.45628514885902405,0.009922996163368225,0.43514060974121094,0.4501012861728668,0.03062787652015686,0.4772410988807678,0.35968148708343506,-0.019326483830809593,0.47640496492385864,0.4831167161464691,0.016036642715334892,0.48817387223243713,0.39462941884994507,-0.032794289290905,0.48161938786506653,0.38583096861839294,-0.027644971385598183,0.4872245490550995,0.38351553678512573,-0.029414547607302666,0.47437018156051636,0.40451860427856445,-0.018867935985326767,0.49808818101882935,0.4971965253353119,0.014289682731032372,0.49706101417541504,0.4872466027736664,0.011781664565205574,0.48674777150154114,0.48778051137924194,0.013105528429150581,0.4600108861923218,0.4663617014884949,0.02053827792406082,0.4627310335636139,0.425258994102478,-0.0015289701987057924,0.4678904414176941,0.47569096088409424,0.01896684430539608,0.4465455412864685,0.42509493231773376,0.0009797042002901435,0.4570047855377197,0.4340234100818634,0.002177124610170722,0.442330926656723,0.43796780705451965,0.009745718911290169,0.4860270321369171,0.4976254403591156,0.01583939790725708,0.47094854712486267,0.4082915484905243,-0.01295840460807085,0.4562643766403198,0.47346705198287964,0.027901282534003258,0.46583446860313416,0.48284608125686646,0.02553575299680233,0.4529135227203369,0.4564431309700012,0.01844966597855091,0.42768922448158264,0.4395434260368347,0.033908911049366,0.44522589445114136,0.4588710367679596,0.024590594694018364,0.4258181154727936,0.4443197250366211,0.05089274421334267,0.452531635761261,0.4432523846626282,0.008161371573805809,0.47391656041145325,0.39497262239456177,-0.01585003174841404,0.47655245661735535,0.4258900582790375,-0.025119487196207047,0.47258326411247253,0.4259253442287445,-0.01719045452773571,0.47894904017448425,0.421017587184906,-0.030495280399918556,0.4655136168003082,0.3519374132156372,-0.014403189532458782,0.45384228229522705,0.3474770188331604,-0.01616777665913105,0.4437547028064728,0.34697362780570984,-0.015416593290865421,0.4358539581298828,0.34892362356185913,-0.012167001143097878,0.4308687150478363,0.35262301564216614,-0.007614435628056526,0.4288092851638794,0.36594948172569275,0.005132690537720919,0.41164180636405945,0.3883479833602905,0.03955189138650894,0.4349565804004669,0.3789798617362976,0.0026659860741347075,0.4420529007911682,0.38187870383262634,-0.0007837123121134937,0.4511865973472595,0.38109710812568665,-0.0033201000187546015,0.45947808027267456,0.378139853477478,-0.005045098252594471,0.46564731001853943,0.37488311529159546,-0.005986455827951431,0.4698166847229004,0.3721202313899994,-0.007045492064207792,0.4107601046562195,0.38382670283317566,0.06321470439434052,0.47264277935028076,0.4268561899662018,-0.013548646122217178,0.478336364030838,0.3998863399028778,-0.025060517713427544,0.4811958968639374,0.4276617467403412,-0.029854221269488335,0.48461031913757324,0.43063101172447205,-0.02620956487953663,0.48115503787994385,0.42817237973213196,-0.026480237022042274,0.4742388129234314,0.4284481704235077,-0.010688883252441883,0.48609843850135803,0.4318201541900635,-0.027740828692913055,0.48674023151397705,0.4323849678039551,-0.019460581243038177,0.46911701560020447,0.36434003710746765,-0.0059119341894984245,0.47288164496421814,0.36738714575767517,-0.009274326264858246,0.47494763135910034,0.3701581060886383,-0.013200627639889717,0.4373772144317627,0.3617812991142273,-0.0024329095613211393,0.4325870871543884,0.3584880232810974,-0.0024622208438813686,0.49364417791366577,0.3946761190891266,-0.030429013073444366,0.530205249786377,0.350985050201416,-0.0016432810807600617,0.4978780448436737,0.42892637848854065,-0.019846612587571144,0.5530799627304077,0.3059573173522949,0.020303333178162575,0.513167142868042,0.36216840147972107,-0.006882297340780497,0.5194433927536011,0.3615020215511322,-0.006277463864535093,0.5257186889648438,0.3601875305175781,-0.004600306041538715,0.5336966514587402,0.3535488545894623,0.0001934795145643875,0.5078635215759277,0.3615683913230896,-0.006441671401262283,0.5209735631942749,0.3396713137626648,-0.012880779802799225,0.5138971209526062,0.34180983901023865,-0.01305757649242878,0.5275757908821106,0.3395189344882965,-0.010362270288169384,0.5319607257843018,0.341273695230484,-0.007374094799160957,0.5402677059173584,0.3582119941711426,0.00459344033151865,0.5199113488197327,0.48489028215408325,0.02024317905306816,0.532675564289093,0.3487761318683624,0.00010666844173101708,0.5597991943359375,0.3462373912334442,0.03190908953547478,0.5472339987754822,0.3505488634109497,0.009576192125678062,0.5228145122528076,0.40395623445510864,-0.004383579362183809,0.5009616613388062,0.44649890065193176,-0.008539890870451927,0.5007075667381287,0.4540809094905853,-0.003854583017528057,0.5088447332382202,0.4463377892971039,-0.004166756756603718,0.5138349533081055,0.4463728070259094,0.0016595983179286122,0.5070759057998657,0.451973021030426,-0.0010785732883960009,0.5117546916007996,0.450173944234848,0.004034669138491154,0.5242824554443359,0.4521253705024719,0.015746142715215683,0.49651432037353516,0.42748820781707764,-0.03262463957071304,0.4964432716369629,0.41858044266700745,-0.03619397431612015,0.5407891869544983,0.33293378353118896,-0.008061882108449936,0.5067193508148193,0.384257972240448,-0.010007848963141441,0.5107320547103882,0.41634029150009155,-0.017150945961475372,0.5104213953018188,0.4104337990283966,-0.016045881435275078,0.5428168177604675,0.3962676525115967,0.003436706494539976,0.4949820637702942,0.4059629440307617,-0.034568071365356445,0.5242480039596558,0.32952257990837097,-0.020799975842237473,0.5337414145469666,0.3295484185218811,-0.015315876342356205,0.5457068085670471,0.29285991191864014,0.004110639914870262,0.496771901845932,0.3445272445678711,-0.02497265301644802,0.5079957842826843,0.3460068702697754,-0.01068319845944643,0.5289945602416992,0.4426895081996918,0.01519354060292244,0.5585626363754272,0.4280765950679779,0.07042109221220016,0.5066872239112854,0.42254340648651123,-0.01374353002756834,0.501954972743988,0.4264306426048279,-0.013253853656351566,0.5200949311256409,0.4462416470050812,0.01479107141494751,0.5186293125152588,0.4470909833908081,0.013042740523815155,0.5365862250328064,0.32251426577568054,-0.013740436173975468,0.5113603472709656,0.41836410760879517,-0.01272185891866684,0.5119237303733826,0.3338632881641388,-0.02422051504254341,0.512223482131958,0.3262338638305664,-0.02734348364174366,0.5177254676818848,0.2794751524925232,-0.02505430020391941,0.5418677926063538,0.3068358302116394,-0.006749327760189772,0.5151286125183105,0.3013705313205719,-0.027245724573731422,0.5441051125526428,0.3271695375442505,-0.0037483659107238054,0.5494909286499023,0.3167375326156616,0.006828656420111656,0.5010203719139099,0.4505689740180969,-0.006829686928540468,0.5080282092094421,0.4492708444595337,-0.00270542548969388,0.5128679275512695,0.44824719429016113,0.0024307845160365105,0.5054927468299866,0.4239167869091034,-0.012000787071883678,0.519328236579895,0.44668424129486084,0.013860296458005905,0.5164857506752014,0.45057788491249084,0.010799789801239967,0.5178897380828857,0.4475370943546295,0.012876525521278381,0.5034176707267761,0.4232015907764435,-0.023549048230051994,0.5107860565185547,0.45166686177253723,0.0055540031753480434,0.5060901045799255,0.4539511799812317,0.002238000277429819,0.5001822113990784,0.45631980895996094,-0.0002829984005074948,0.5048891305923462,0.4762002229690552,0.0093167033046484,0.5019770860671997,0.4695652425289154,0.002086246619001031,0.5014452338218689,0.4648136794567108,0.0004784114717040211,0.5007142424583435,0.4601653218269348,0.0011355167953297496,0.4999428987503052,0.4564133882522583,0.0010219886898994446,0.5105631947517395,0.45161351561546326,0.006601650733500719,0.5117932558059692,0.45296671986579895,0.006382876541465521,0.5131291747093201,0.4548572897911072,0.006168641149997711,0.514185905456543,0.4571014642715454,0.007828866131603718,0.5206142067909241,0.4354325830936432,0.0016785573679953814,0.562315046787262,0.3813267648220062,0.06900263577699661,0.5140407085418701,0.44972386956214905,0.010338172316551208,0.5152624249458313,0.4500795900821686,0.010334142483770847,0.5000772476196289,0.43021053075790405,-0.012315760366618633,0.5100057125091553,0.42266371846199036,-0.006660875398665667,0.5009745955467224,0.42840835452079773,-0.01307678036391735,0.513898491859436,0.3872517943382263,-0.00660279206931591,0.5257745385169983,0.39048871397972107,-0.0037250120658427477,0.5118980407714844,0.41280481219291687,-0.011544006876647472,0.5345935821533203,0.28358346223831177,-0.011568455956876278,0.5309149622917175,0.3011448383331299,-0.01781502179801464,0.5256022214889526,0.3215653896331787,-0.021633785218000412,0.5194672346115112,0.46120157837867737,0.013475692830979824,0.4973680078983307,0.33247557282447815,-0.030071627348661423,0.4989340305328369,0.30408912897109985,-0.032245732843875885,0.4996207356452942,0.27918651700019836,-0.032548271119594574,0.5308665037155151,0.35736843943595886,-0.002011031610891223,0.5481355786323547,0.36270320415496826,0.009380565024912357,0.5044839382171631,0.3605186343193054,-0.006094539072364569,0.539040744304657,0.3427417576313019,-0.0018085610354319215,0.5018014311790466,0.38020482659339905,-0.013410244137048721,0.5067564249038696,0.41631776094436646,-0.024247175082564354,0.5557349324226379,0.367709755897522,0.01815030351281166,0.5443747043609619,0.3705819845199585,0.00509506743401289,0.5365742444992065,0.37657982110977173,-0.000120900287583936,0.524034857749939,0.3783741593360901,-0.003077851142734289,0.5144616365432739,0.376782089471817,-0.005167928524315357,0.5074965953826904,0.37455838918685913,-0.007804511580616236,0.49239957332611084,0.3720046281814575,-0.023259572684764862,0.5568178296089172,0.3869057893753052,0.02062864787876606,0.5443154573440552,0.34044867753982544,0.0005570427165366709,0.49489784240722656,0.4312553107738495,-0.028636161237955093,0.5071405172348022,0.3945399224758148,-0.010765708051621914,0.5609949827194214,0.3404413163661957,0.053758926689624786,0.5021029710769653,0.3715560734272003,-0.009977059438824654,0.5124956369400024,0.4115692675113678,-0.004879585467278957,0.5357117056846619,0.34831851720809937,0.0014783923979848623,0.5061942934989929,0.4090264141559601,-0.02286825142800808,0.5616248846054077,0.40412503480911255,0.0713658258318901,0.5045254826545715,0.3572809398174286,-0.005446779541671276,0.5006557106971741,0.4067572057247162,-0.030113060027360916,0.5459016561508179,0.4564254879951477,0.040123820304870605,0.5453464388847351,0.4639631509780884,0.05416785925626755,0.5623676776885986,0.38474318385124207,0.04444420710206032,0.55376136302948,0.4424690306186676,0.04537232965230942,0.5547823905944824,0.32978856563568115,0.020811336115002632,0.5212939381599426,0.49228423833847046,0.02615390531718731,0.49432873725891113,0.4320146143436432,-0.019159305840730667,0.5136468410491943,0.39880701899528503,-0.00701498007401824,0.552918553352356,0.35032618045806885,0.016129441559314728,0.5238940715789795,0.35437366366386414,-0.005038879346102476,0.5186123847961426,0.3558550179004669,-0.0065259444527328014,0.5175959467887878,0.4513057768344879,0.012151151895523071,0.5573415160179138,0.4049502909183502,0.02722546085715294,0.5112337470054626,0.5049092769622803,0.02977747656404972,0.5280207991600037,0.48838943243026733,0.040375880897045135,0.5358087420463562,0.4781702160835266,0.04647435247898102,0.5135011076927185,0.35641780495643616,-0.006930473260581493,0.5086768865585327,0.35660552978515625,-0.006281512789428234,0.5057733058929443,0.3571210205554962,-0.005341493524610996,0.5486598014831543,0.33653977513313293,0.006482530385255814,0.5096668004989624,0.35180386900901794,-0.008770219050347805,0.5148864388465881,0.3493959307670593,-0.010128132998943329,0.5202047228813171,0.3483215570449829,-0.009867915883660316,0.525482714176178,0.348085880279541,-0.007997524924576283,0.5289180278778076,0.3484281897544861,-0.005565844010561705,0.5578935742378235,0.32083702087402344,0.03801031783223152,0.5275225639343262,0.35263869166374207,-0.003170419717207551,0.5136597752571106,0.43404603004455566,-0.003486356232315302,0.5065110325813293,0.4221034646034241,-0.016839662566781044,0.5014910101890564,0.43679627776145935,-0.010076900012791157,0.5370590090751648,0.46998634934425354,0.036717526614665985,0.5292477607727051,0.4810154438018799,0.032071102410554886,0.5112239122390747,0.500925600528717,0.021017039194703102,0.552772581577301,0.4481959044933319,0.06331741809844971,0.5061615109443665,0.3550863265991211,-0.006919724401086569,0.4979902505874634,0.38671940565109253,-0.021973690018057823,0.5202604532241821,0.49783605337142944,0.03386611118912697,0.5617039203643799,0.40505266189575195,0.0482562892138958,0.505831778049469,0.45396888256073,0.0034655830822885036,0.5070405006408691,0.4565902650356293,0.0033396573271602392,0.5081251859664917,0.4599907398223877,0.0029869514983147383,0.5089600086212158,0.46406424045562744,0.004626688081771135,0.5132008790969849,0.46961456537246704,0.010767797008156776,0.5153868794441223,0.4485152065753937,0.008718232624232769,0.5164744257926941,0.44733309745788574,0.008623290807008743,0.5174030661582947,0.44620761275291443,0.008234115317463875,0.5262433290481567,0.43806037306785583,0.008009327575564384,0.5499474406242371,0.4132486581802368,0.014933163300156593,0.4969349503517151,0.3756330907344818,-0.017946017906069756,0.4989631175994873,0.3541085124015808,-0.011122399009764194,0.5030897855758667,0.35315415263175964,-0.008627545088529587,0.5142026543617249,0.44974005222320557,0.009635738097131252,0.5513501167297363,0.4323711693286896,0.029989121481776237,0.4934517741203308,0.3572635054588318,-0.019455667585134506,0.5167948603630066,0.47684329748153687,0.015745578333735466,0.4931546747684479,0.3839881718158722,-0.027704283595085144,0.5036377906799316,0.4000004231929779,-0.018953628838062286,0.5073415637016296,0.48456811904907227,0.012940588407218456,0.5297184586524963,0.45555105805397034,0.020052321255207062,0.5187723636627197,0.4165298640727997,-0.0017745047807693481,0.523787796497345,0.46698981523513794,0.018538668751716614,0.5350077152252197,0.41138049960136414,0.0005440347013063729,0.5262210965156555,0.4232522249221802,0.0018434026278555393,0.541713535785675,0.42262354493141174,0.009193526580929756,0.5099593997001648,0.4939523935317993,0.015619909390807152,0.5076550841331482,0.40261757373809814,-0.013093790970742702,0.5350295901298523,0.4613831043243408,0.027383089065551758,0.5273968577384949,0.4734017848968506,0.025139162316918373,0.5348457098007202,0.4438195824623108,0.01792082190513611,0.5565643906593323,0.4199121594429016,0.033260490745306015,0.5431302189826965,0.44388332962989807,0.024010678753256798,0.5593715906143188,0.4241013526916504,0.05017568916082382,0.5325754284858704,0.43082544207572937,0.007719939574599266,0.5024035573005676,0.3905463218688965,-0.015951266512274742,0.5052470564842224,0.42141351103782654,-0.025204520672559738,0.5091671943664551,0.42032623291015625,-0.01731882616877556,0.5018966794013977,0.417378306388855,-0.030543245375156403,0.5030306577682495,0.3464078903198242,-0.01465864758938551,0.5129660964012146,0.3391443192958832,-0.01656588539481163,0.5221763253211975,0.3359963595867157,-0.01596147008240223,0.5300591588020325,0.33568358421325684,-0.012789557687938213,0.5357048511505127,0.337767630815506,-0.00830172561109066,0.5408012866973877,0.34970787167549133,0.00445001944899559,0.5618537664413452,0.3652229607105255,0.03858604282140732,0.5370089411735535,0.3630227744579315,0.0020547511521726847,0.5306617021560669,0.36745303869247437,-0.0013084933161735535,0.5218992829322815,0.36926501989364624,-0.0037371281068772078,0.5136129260063171,0.36898109316825867,-0.005370522383600473,0.5072996616363525,0.36778345704078674,-0.006227128207683563,0.502937912940979,0.36636194586753845,-0.0072442637756466866,0.5618793964385986,0.3602869510650635,0.06337660551071167,0.5092302560806274,0.4212462902069092,-0.013675508089363575,0.4988188147544861,0.3966573178768158,-0.025142930448055267,0.5008828639984131,0.4244839549064636,-0.029918864369392395,0.4981626868247986,0.42840301990509033,-0.026230033487081528,0.5010971426963806,0.42500215768814087,-0.02653597854077816,0.5080177783966064,0.42328569293022156,-0.010778011754155159,0.4969249665737152,0.43000271916389465,-0.027758637443184853,0.49638715386390686,0.43074163794517517,-0.019487807527184486,0.5022832751274109,0.35863178968429565,-0.006167220417410135,0.49920547008514404,0.36275866627693176,-0.00943735335022211,0.49754223227500916,0.36609750986099243,-0.013329130597412586,0.5310671925544739,0.3487253189086914,-0.0030750841833651066,0.5351548790931702,0.34380990266799927,-0.0031319193076342344,0.44909775257110596,0.3628014922142029,-0.005305533763021231,0.4567650258541107,0.3618828356266022,-0.005305533763021231,0.44847622513771057,0.3539729714393616,-0.005305533763021231,0.44145843386650085,0.36363473534584045,-0.005305533763021231,0.44968342781066895,0.3715459108352661,-0.005305533763021231,0.5191078782081604,0.35238808393478394,-0.005787285044789314,0.5262109041213989,0.3508330285549164,-0.005787285044789314,0.5179635286331177,0.34397101402282715,-0.005787285044789314,0.5120134949684143,0.3538792133331299,-0.005787285044789314,0.5202717781066895,0.3607746362686157,-0.005787285044789314
333.3333333333333,0.49250543117523193,0.45016801357269287,-0.008994805626571178,0.4912600517272949,0.42897742986679077,-0.03311564773321152,0.49173298478126526,0.4333224296569824,-0.0141075374558568,0.48291993141174316,0.39640772342681885,-0.03035353124141693,0.49039342999458313,0.42004549503326416,-0.036896638572216034,0.4891704320907593,0.4064706265926361,-0.036579445004463196,0.4861406683921814,0.3713178038597107,-0.026075566187500954,0.43873193860054016,0.3651546239852905,-0.0008938052924349904,0.4838521182537079,0.34635698795318604,-0.026413600891828537,0.4826970398426056,0.33378171920776367,-0.030658425763249397,0.4781217873096466,0.28227055072784424,-0.03438736870884895,0.4926767647266388,0.45327308773994446,-0.007364657241851091,0.4928482472896576,0.4564008116722107,-0.004833169747143984,0.49299490451812744,0.4584725499153137,-0.0010869641555473208,0.49287694692611694,0.45859041810035706,0.00011392183660063893,0.4931125044822693,0.462844580411911,0.0003021341690327972,0.4933685064315796,0.46769917011260986,-0.0002804728574119508,0.4936280846595764,0.47248876094818115,0.0015052449889481068,0.4962400794029236,0.4782363772392273,0.008773700334131718,0.49161767959594727,0.43233197927474976,-0.028986001387238503,0.48503223061561584,0.4311632513999939,-0.019813172519207,0.40848270058631897,0.328656941652298,0.020343119278550148,0.45857253670692444,0.37172451615333557,-0.006437520030885935,0.45199015736579895,0.3732355833053589,-0.005750736221671104,0.44536638259887695,0.3737073540687561,-0.003979792818427086,0.43621137738227844,0.3685697615146637,0.0009483047761023045,0.46398288011550903,0.3693693280220032,-0.006048624869436026,0.4457816779613495,0.350016713142395,-0.012241009622812271,0.45376884937286377,0.3502880036830902,-0.012533189728856087,0.4389278292655945,0.35188955068588257,-0.009648265317082405,0.43483680486679077,0.3551039695739746,-0.006587263196706772,0.43099838495254517,0.37505584955215454,0.00537501135841012,0.4750858247280121,0.49171051383018494,0.020448654890060425,0.4358677268028259,0.36292165517807007,0.0008760518976487219,0.4100768566131592,0.36951857805252075,0.033061206340789795,0.4230267405509949,0.36877283453941345,0.010447311215102673,0.4567863345146179,0.41437703371047974,-0.004010792355984449,0.4841005504131317,0.4492587149143219,-0.008465447463095188,0.4852376878261566,0.45658737421035767,-0.0038011560682207346,0.4765724539756775,0.4512927532196045,-0.003991928417235613,0.4715580940246582,0.4528405964374542,0.0019173481268808246,0.4789220690727234,0.4563637375831604,-0.0009026670013554394,0.47411251068115234,0.4560430347919464,0.004239468369632959,0.46458515524864197,0.4616081714630127,0.016156742349267006,0.48591330647468567,0.4292401075363159,-0.03259006142616272,0.4843277633190155,0.4205670654773712,-0.036135174334049225,0.42496076226234436,0.34955599904060364,-0.0071700215339660645,0.46864181756973267,0.390323668718338,-0.009794988669455051,0.4703912138938904,0.42265066504478455,-0.016963401809334755,0.46965205669403076,0.41681912541389465,-0.01583719812333584,0.4362140893936157,0.41301169991493225,0.004083361476659775,0.4834906756877899,0.4078693091869354,-0.034489572048187256,0.44005876779556274,0.34157904982566833,-0.02012799307703972,0.43086037039756775,0.3442278504371643,-0.014509845525026321,0.4133618474006653,0.31352752447128296,0.004201229196041822,0.47054943442344666,0.34792178869247437,-0.024684086441993713,0.46084895730018616,0.3530469238758087,-0.010225173085927963,0.4583386778831482,0.45385029911994934,0.015676837414503098,0.42777538299560547,0.44824764132499695,0.07017288357019424,0.47539931535720825,0.4274844825267792,-0.013669721782207489,0.4807080030441284,0.42985793948173523,-0.013234907761216164,0.4650343656539917,0.4547792077064514,0.015216791070997715,0.4666290581226349,0.45519018173217773,0.013395780697464943,0.42705246806144714,0.3382258415222168,-0.012868678197264671,0.4701237380504608,0.42479678988456726,-0.012544537894427776,0.45309245586395264,0.3422623574733734,-0.023716634139418602,0.45129671692848206,0.3349495530128479,-0.02686079405248165,0.4388265907764435,0.29177170991897583,-0.024837836623191833,0.4197049140930176,0.32550108432769775,-0.005824218969792128,0.44516387581825256,0.31206440925598145,-0.026689650490880013,0.42093175649642944,0.3446319103240967,-0.0027842712588608265,0.4140980839729309,0.33748728036880493,0.00788819883018732,0.484527051448822,0.4532327651977539,-0.00675458088517189,0.4777013063430786,0.45392459630966187,-0.0025212829932570457,0.4727589190006256,0.45443347096443176,0.002675575204193592,0.476782888174057,0.42844516038894653,-0.011918311007320881,0.46585705876350403,0.45499444007873535,0.01424049586057663,0.46903175115585327,0.45829495787620544,0.011100991629064083,0.46744677424430847,0.45541468262672424,0.013203183189034462,0.47866174578666687,0.4271961450576782,-0.023450501263141632,0.4752225875854492,0.4573012590408325,0.005757853854447603,0.48006463050842285,0.4581080377101898,0.0023650075308978558,0.48603931069374084,0.4586636424064636,-0.00022263180289883167,0.48752254247665405,0.47877103090286255,0.009312340058386326,0.48527389764785767,0.4726805090904236,0.0020599861163645983,0.48525238037109375,0.46777647733688354,0.0004555739869829267,0.48554569482803345,0.46287915110588074,0.0011091202031821012,0.4860082268714905,0.45887336134910583,0.0009977734880521894,0.4751775860786438,0.45746275782585144,0.006748952902853489,0.47402945160865784,0.45930033922195435,0.006522115785628557,0.4727894067764282,0.461764931678772,0.006332074757665396,0.4718495309352875,0.4644814729690552,0.008037842810153961,0.4646380543708801,0.4442078471183777,0.002002244582399726,0.41470086574554443,0.4045117497444153,0.06898891925811768,0.49171239137649536,0.4329938292503357,-0.019575027748942375,0.4715997874736786,0.4565296769142151,0.010601327754557133,0.47028687596321106,0.4573326110839844,0.010608304291963577,0.48320242762565613,0.43288564682006836,-0.012272238731384277,0.47225114703178406,0.42853885889053345,-0.006517273373901844,0.48200541734695435,0.43142828345298767,-0.01306005846709013,0.4622030556201935,0.3954182267189026,-0.006297213491052389,0.45147204399108887,0.40220022201538086,-0.003255559131503105,0.4686679244041443,0.4195459485054016,-0.011338553391397,0.42283037304878235,0.30099695920944214,-0.011432772502303123,0.429446816444397,0.316533625125885,-0.01703268103301525,0.437343031167984,0.33432742953300476,-0.020893394947052002,0.47091931104660034,0.46883904933929443,0.01377508882433176,0.46746066212654114,0.33639752864837646,-0.029771756380796432,0.46160364151000977,0.30992448329925537,-0.031939562410116196,0.45667970180511475,0.28596335649490356,-0.03240520879626274,0.43966835737228394,0.3720768690109253,-0.001319685485213995,0.42428717017173767,0.38182151317596436,0.010244732722640038,0.46727705001831055,0.3671606481075287,-0.005726211238652468,0.4287795126438141,0.358722060918808,-0.0009464086615480483,0.4727284908294678,0.38488030433654785,-0.013233693316578865,0.4742005169391632,0.4214567244052887,-0.024133024737238884,0.4181130826473236,0.3891966640949249,0.01914064586162567,0.4290715456008911,0.38893821835517883,0.005865397397428751,0.43776556849479675,0.39284592866897583,0.0005290710250847042,0.45072776079177856,0.39068683981895447,-0.0025721967685967684,0.460049033164978,0.3861706256866455,-0.004797027446329594,0.4665813148021698,0.38179072737693787,-0.007566210813820362,0.4802500605583191,0.3739762604236603,-0.02314547635614872,0.42093876004219055,0.4080786108970642,0.021566834300756454,0.42352229356765747,0.3577696979045868,0.0014283874770626426,0.4882833957672119,0.4324190318584442,-0.02861296571791172,0.4700859487056732,0.4004214107990265,-0.010573595762252808,0.40775009989738464,0.36462292075157166,0.05383862927556038,0.47144001722335815,0.37721720337867737,-0.00976409763097763,0.4678685963153839,0.41856491565704346,-0.0046506538055837154,0.43309831619262695,0.3634716868400574,0.0022922197822481394,0.4734289348125458,0.414216011762619,-0.02276119776070118,0.41999897360801697,0.42622312903404236,0.07118015736341476,0.4666021168231964,0.36375245451927185,-0.005060769617557526,0.47827664017677307,0.41038185358047485,-0.029999181628227234,0.4453336298465729,0.4716249406337738,0.04077889770269394,0.4475770592689514,0.47882354259490967,0.053939782083034515,0.4152134954929352,0.4076283276081085,0.045509710907936096,0.4350639879703522,0.46048542857170105,0.04614788666367531,0.41158589720726013,0.3519904911518097,0.021895837038755417,0.4752531349658966,0.499150812625885,0.026371577754616737,0.48899152874946594,0.43297362327575684,-0.019155487418174744,0.4645501375198364,0.40655606985092163,-0.006748134270310402,0.4180127680301666,0.36981910467147827,0.017111239954829216,0.44575580954551697,0.3676872253417969,-0.0044019450433552265,0.45156556367874146,0.36764979362487793,-0.005951322615146637,0.46796050667762756,0.45941442251205444,0.012492942623794079,0.4240328073501587,0.42554810643196106,0.028079774230718613,0.4874139130115509,0.5084071755409241,0.0296163409948349,0.4685646891593933,0.4975354075431824,0.04019662365317345,0.45940959453582764,0.4898056387901306,0.04627817124128342,0.4803049862384796,0.30763328075408936,-0.03359521925449371,0.4995180666446686,0.5084181427955627,0.02800026722252369,0.4570419192314148,0.36638322472572327,-0.006433304864913225,0.46214908361434937,0.3647513687610626,-0.005832519382238388,0.46532195806503296,0.36413857340812683,-0.004926992580294609,0.4190109372138977,0.3549809753894806,0.0074807824566960335,0.4601099491119385,0.3587334156036377,-0.008344616740942001,0.4539966285228729,0.3571276068687439,-0.00961731094866991,0.44810226559638977,0.3573320806026459,-0.009271146729588509,0.44252660870552063,0.3588268458843231,-0.007315912749618292,0.4391874372959137,0.36067473888397217,-0.004832134582102299,0.40674230456352234,0.34470292925834656,0.03802778944373131,0.44172829389572144,0.3666009306907654,-0.0024820042308419943,0.49229326844215393,0.43885016441345215,-0.01089941244572401,0.4710387885570526,0.4407244026660919,-0.003283836878836155,0.47547462582588196,0.42701172828674316,-0.016726501286029816,0.483218252658844,0.4396643340587616,-0.010018139146268368,0.48491209745407104,0.3577529191970825,-0.023941967636346817,0.4562184512615204,0.4821665287017822,0.037209149450063705,0.4657221734523773,0.4905182421207428,0.03241507336497307,0.48634493350982666,0.5045593976974487,0.021078910678625107,0.43738314509391785,0.46588557958602905,0.06302624940872192,0.4644913077354431,0.36169004440307617,-0.006517207715660334,0.4775139093399048,0.39001762866973877,-0.02184901013970375,0.4989849627017975,0.5043043494224548,0.019726939499378204,0.47760096192359924,0.5043525099754333,0.03372492268681526,0.4198811650276184,0.4269043505191803,0.049189843237400055,0.4800604581832886,0.458345890045166,0.0035104460548609495,0.47906094789505005,0.461446076631546,0.0033851871266961098,0.47828900814056396,0.4653058350086212,0.0030786567367613316,0.4778688848018646,0.46977877616882324,0.00475228251889348,0.47843167185783386,0.47505801916122437,0.010937749408185482,0.47026070952415466,0.45556679368019104,0.008988120593130589,0.4689800441265106,0.45470982789993286,0.008938704617321491,0.46791714429855347,0.4538317918777466,0.008565087802708149,0.45988452434539795,0.4485267400741577,0.00842253677546978,0.432731568813324,0.43145278096199036,0.01562703214585781,0.476559042930603,0.3788888156414032,-0.017804384231567383,0.4714447557926178,0.3587489724159241,-0.010888569988310337,0.46723195910453796,0.359129399061203,-0.008254686370491982,0.4716283082962036,0.45644843578338623,0.009914455935359001,0.4352584481239319,0.4502304196357727,0.030708398669958115,0.477184921503067,0.3598645329475403,-0.019274212419986725,0.476516455411911,0.48303282260894775,0.015940628945827484,0.48816224932670593,0.394671231508255,-0.03278777003288269,0.4816012978553772,0.3858921229839325,-0.02761739492416382,0.4872094690799713,0.383566677570343,-0.0293961800634861,0.47437623143196106,0.4046189486980438,-0.01883518323302269,0.49820950627326965,0.4970065653324127,0.014120959676802158,0.49717286229133606,0.487080842256546,0.01162287499755621,0.48685091733932495,0.4876498878002167,0.012965898029506207,0.46011537313461304,0.4664120078086853,0.020508212968707085,0.46276482939720154,0.42541569471359253,-0.001489765360020101,0.4680091142654419,0.4756729006767273,0.01890179142355919,0.4465793967247009,0.4252414107322693,0.0010450652334839106,0.45703795552253723,0.4341689348220825,0.0022160145454108715,0.44237861037254333,0.4381113052368164,0.009804567322134972,0.48613372445106506,0.4974769055843353,0.015697209164500237,0.47096434235572815,0.40841734409332275,-0.012920105829834938,0.4563934803009033,0.4734756648540497,0.027878394350409508,0.4659663736820221,0.4827825725078583,0.025469791144132614,0.45299598574638367,0.45654672384262085,0.018456635996699333,0.42781418561935425,0.43971455097198486,0.03402796760201454,0.44533461332321167,0.4589497148990631,0.02461964078247547,0.4259870648384094,0.4444889426231384,0.051029302179813385,0.4525742828845978,0.4433972239494324,0.008195986039936543,0.4739210605621338,0.395079642534256,-0.01580849289894104,0.4765652120113373,0.4259786307811737,-0.025101834908127785,0.47260206937789917,0.42604660987854004,-0.0171663761138916,0.4789457619190216,0.4210779666900635,-0.03048066608607769,0.4654342532157898,0.3521258234977722,-0.01433161273598671,0.4536818861961365,0.347686231136322,-0.01607917621731758,0.4435359239578247,0.34721457958221436,-0.0153103182092309,0.4356316030025482,0.34918078780174255,-0.012045730836689472,0.43068501353263855,0.3528893291950226,-0.007482626009732485,0.4287852942943573,0.36618855595588684,0.005276726093143225,0.4117692708969116,0.3886092007160187,0.03974475711584091,0.43494394421577454,0.3791717290878296,0.002792851533740759,0.44205498695373535,0.38205283880233765,-0.0006719219963997602,0.4512033462524414,0.38126781582832336,-0.0032252781093120575,0.45951148867607117,0.37832164764404297,-0.004966093227267265,0.465684711933136,0.37508657574653625,-0.0059144156984984875,0.46985194087028503,0.3723341226577759,-0.006980314385145903,0.4109383523464203,0.38413041830062866,0.06343375891447067,0.47266483306884766,0.4269871711730957,-0.013524167239665985,0.47832825779914856,0.39995718002319336,-0.025033719837665558,0.48120489716529846,0.42772090435028076,-0.029847625643014908,0.48463842272758484,0.43068623542785645,-0.02620834857225418,0.48117414116859436,0.42824146151542664,-0.0264712143689394,0.4742669463157654,0.4285815358161926,-0.010669255629181862,0.48612281680107117,0.4318673610687256,-0.027742747217416763,0.48677176237106323,0.4324414134025574,-0.019459139555692673,0.4691351652145386,0.36456993222236633,-0.005842121783643961,0.47290563583374023,0.36760079860687256,-0.009212111122906208,0.47494927048683167,0.37035807967185974,-0.01314338855445385,0.4372619092464447,0.3619881570339203,-0.002313024830073118,0.4324539303779602,0.3587268590927124,-0.002336392644792795,0.49364081025123596,0.39471834897994995,-0.03043040819466114,0.5303186774253845,0.35120078921318054,-0.0016686203889548779,0.4979086220264435,0.42898139357566833,-0.019856750965118408,0.5532019734382629,0.30613064765930176,0.020279014483094215,0.513229489326477,0.3623668849468231,-0.0068955086171627045,0.5194876790046692,0.3617244064807892,-0.006297465413808823,0.5257654786109924,0.36042842268943787,-0.004623905289918184,0.533809244632721,0.35373106598854065,0.0001654728694120422,0.5079658031463623,0.36176788806915283,-0.006441620644181967,0.5210785865783691,0.33982518315315247,-0.012896677479147911,0.514012336730957,0.3419705927371979,-0.013063482008874416,0.5276780128479004,0.33968037366867065,-0.010383611544966698,0.5320698022842407,0.3414433002471924,-0.00739916181191802,0.5403333902359009,0.3584076464176178,0.004563301336020231,0.5200421810150146,0.4847871959209442,0.02007794938981533,0.5328142642974854,0.3489300608634949,8.154156239470467e-05,0.5599172711372375,0.34641700983047485,0.03188490867614746,0.5473306179046631,0.3507255017757416,0.009548336267471313,0.5228828191757202,0.4040505588054657,-0.004418184980750084,0.500906765460968,0.4467710852622986,-0.008586900308728218,0.5006853342056274,0.4542434811592102,-0.0038945043925195932,0.5087950825691223,0.44657111167907715,-0.004222612828016281,0.513832688331604,0.4465605914592743,0.0015878078993409872,0.5070803165435791,0.4521203935146332,-0.0011299644829705358,0.5117928981781006,0.4503152072429657,0.003971065394580364,0.5244176983833313,0.45213136076927185,0.015628881752490997,0.49653446674346924,0.42751795053482056,-0.0326395221054554,0.4964517652988434,0.4186052978038788,-0.03620924428105354,0.5408246517181396,0.3331700563430786,-0.008085563778877258,0.5067664980888367,0.3843628466129303,-0.010012627579271793,0.5107904076576233,0.41640955209732056,-0.01717298850417137,0.5104790329933167,0.4105042517185211,-0.016065960749983788,0.542898416519165,0.39637091755867004,0.003387563629075885,0.49498412013053894,0.40599381923675537,-0.034577853977680206,0.5242538452148438,0.32982099056243896,-0.020799390971660614,0.5337532162666321,0.329807847738266,-0.015327569097280502,0.5457911491394043,0.2930092215538025,0.004094155039638281,0.4968295991420746,0.3448033034801483,-0.024944713339209557,0.5081344246864319,0.34617626667022705,-0.010679196566343307,0.52913898229599,0.4427281320095062,0.015087989158928394,0.5587231516838074,0.4282374680042267,0.07036028057336807,0.5067431926727295,0.42262253165245056,-0.01376124657690525,0.5020036101341248,0.4265013337135315,-0.013263938948512077,0.5202162861824036,0.44635987281799316,0.014693272300064564,0.5187518000602722,0.44720983505249023,0.012947730720043182,0.5365981459617615,0.3227691948413849,-0.013751443475484848,0.5114314556121826,0.41844335198402405,-0.012743061408400536,0.5119527578353882,0.3341667056083679,-0.024206480011343956,0.5122359395027161,0.32654303312301636,-0.027325265109539032,0.5177170634269714,0.279585063457489,-0.02503364346921444,0.5419298410415649,0.306974858045578,-0.006756596267223358,0.515112042427063,0.3014672100543976,-0.02721983939409256,0.5441656708717346,0.32737988233566284,-0.003769681556150317,0.5495869517326355,0.31690216064453125,0.006812773644924164,0.5009709000587463,0.45079195499420166,-0.006875238846987486,0.5080012679100037,0.44945982098579407,-0.002760846633464098,0.5128829479217529,0.4484114944934845,0.0023625476751476526,0.5055487155914307,0.4239976406097412,-0.012013144791126251,0.5194491147994995,0.44680318236351013,0.013765355572104454,0.5165786743164062,0.45070481300354004,0.010685511864721775,0.5180103778839111,0.4476563632488251,0.012781979516148567,0.5034557580947876,0.4232605993747711,-0.023567812517285347,0.5108438730239868,0.45179644227027893,0.005493020638823509,0.5061149597167969,0.4540756940841675,0.0021896015387028456,0.5001852512359619,0.4564548432826996,-0.000321365223499015,0.5049887299537659,0.4760582149028778,0.009170802310109138,0.5020419359207153,0.469784677028656,0.001940930145792663,0.5014823079109192,0.46500563621520996,0.0003423086309339851,0.5007344484329224,0.4603230059146881,0.001007900689728558,0.4999536871910095,0.45655423402786255,0.0009028959320858121,0.5106244087219238,0.4517185688018799,0.006484084762632847,0.5118612051010132,0.45308271050453186,0.006257245782762766,0.5132104754447937,0.4549970030784607,0.006035317666828632,0.5142844915390015,0.45726361870765686,0.007694887463003397,0.5207220315933228,0.4355073571205139,0.001617800327949226,0.5624822378158569,0.3815462291240692,0.06896916031837463,0.5141267776489258,0.4498331546783447,0.010230949148535728,0.5153475403785706,0.4501948356628418,0.010221054777503014,0.5001275539398193,0.43027886748313904,-0.012335212901234627,0.5100806355476379,0.4227527678012848,-0.006680979393422604,0.5010243058204651,0.42847734689712524,-0.013089260086417198,0.5139614343643188,0.3873637914657593,-0.006617431528866291,0.525842010974884,0.3905976414680481,-0.0037522839847952127,0.5119659900665283,0.4128829538822174,-0.01156491320580244,0.5346280932426453,0.28371095657348633,-0.011571723967790604,0.5309346914291382,0.3012632429599762,-0.017808694392442703,0.5256026387214661,0.3218645453453064,-0.021630937233567238,0.5195823907852173,0.46115291118621826,0.013344569131731987,0.4974098205566406,0.33276641368865967,-0.030040431767702103,0.4989011287689209,0.30417919158935547,-0.03220130875706673,0.49959027767181396,0.27929526567459106,-0.03249816223978996,0.5309489369392395,0.3575965166091919,-0.0020373989827930927,0.5482003092765808,0.3629038631916046,0.00934309046715498,0.5046210289001465,0.36072444915771484,-0.006088268477469683,0.5391316413879395,0.34293556213378906,-0.0018375888466835022,0.5018339157104492,0.3802986443042755,-0.013408842496573925,0.5067955851554871,0.4163694381713867,-0.024267494678497314,0.5558304786682129,0.3678566813468933,0.01810740865767002,0.5443775057792664,0.37080061435699463,0.005054708570241928,0.5365344285964966,0.3768070638179779,-0.00015940924640744925,0.5240010619163513,0.3785911500453949,-0.0031011360697448254,0.5144547820091248,0.37698736786842346,-0.005180561449378729,0.5075273513793945,0.37476563453674316,-0.007804721128195524,0.49239662289619446,0.37206727266311646,-0.023239167407155037,0.5569140911102295,0.38704046607017517,0.020575696602463722,0.5443916916847229,0.3406447470188141,0.0005279241013340652,0.4949221909046173,0.4312908351421356,-0.028648704290390015,0.5071882009506226,0.3946320414543152,-0.010774745605885983,0.5611493587493896,0.3406490981578827,0.053733211010694504,0.502151370048523,0.37178316712379456,-0.009968024678528309,0.5125701427459717,0.41165822744369507,-0.004899458959698677,0.5358452796936035,0.348481684923172,0.0014519818359985948,0.5062349438667297,0.4090821146965027,-0.022885726764798164,0.5617839694023132,0.4043292701244354,0.07132113724946976,0.5047040581703186,0.3574819564819336,-0.005439143627882004,0.5006740689277649,0.40679818391799927,-0.030128328129649162,0.5460183620452881,0.4564476013183594,0.04000687599182129,0.5454582571983337,0.4639892280101776,0.05406423285603523,0.5624867081642151,0.38491469621658325,0.04440587759017944,0.5538899302482605,0.4425363540649414,0.04528244957327843,0.5548895597457886,0.3299640119075775,0.020792337134480476,0.5214138627052307,0.4921342134475708,0.025986718013882637,0.4943595230579376,0.43205922842025757,-0.01916702650487423,0.5137079954147339,0.3989064693450928,-0.0070328665897250175,0.5530542731285095,0.35049211978912354,0.016099030151963234,0.5239551067352295,0.3546373248100281,-0.005062115378677845,0.5186624526977539,0.35609233379364014,-0.006544012110680342,0.5176986455917358,0.45144253969192505,0.012038354761898518,0.557447075843811,0.4050746262073517,0.027165569365024567,0.5113517045974731,0.504673182964325,0.0296084713190794,0.5281224846839905,0.4882890582084656,0.040228068828582764,0.5359072685241699,0.4781299829483032,0.04634688049554825,0.5135759711265564,0.3566244840621948,-0.0069411154836416245,0.5087912082672119,0.3568008244037628,-0.006283891387283802,0.5059233903884888,0.3573172092437744,-0.005336873698979616,0.5487644672393799,0.3367043137550354,0.006454788148403168,0.5098227858543396,0.35190510749816895,-0.00877282302826643,0.5150150060653687,0.3494233787059784,-0.010136289522051811,0.5203208923339844,0.34832680225372314,-0.009882977232336998,0.5255997776985168,0.34811103343963623,-0.008018887601792812,0.5290436744689941,0.34849828481674194,-0.005591506604105234,0.5580321550369263,0.32102757692337036,0.03798671439290047,0.5276085734367371,0.35289266705513,-0.0031951265409588814,0.5137453675270081,0.43412914872169495,-0.0035302028991281986,0.5065605640411377,0.4221777617931366,-0.016854623332619667,0.5015519261360168,0.4368872046470642,-0.010112248361110687,0.5371745824813843,0.4699639081954956,0.036578334867954254,0.5293626189231873,0.48093438148498535,0.03191700577735901,0.5113499164581299,0.5007250905036926,0.020842771977186203,0.5529144406318665,0.44829121232032776,0.06323985755443573,0.5063326358795166,0.3552631139755249,-0.006915790494531393,0.4980032742023468,0.38678184151649475,-0.02197154052555561,0.5203657746315002,0.4976612329483032,0.03370159864425659,0.5618277192115784,0.4052062928676605,0.04820912703871727,0.5058642625808716,0.45408448576927185,0.0033454252406954765,0.5070831179618835,0.4567229747772217,0.003208675654605031,0.5081866979598999,0.4601544141769409,0.002846542512997985,0.5090476274490356,0.4642542600631714,0.0044820974580943584,0.5133031010627747,0.46950769424438477,0.010625357739627361,0.5154714584350586,0.4486490786075592,0.008641605265438557,0.5165446996688843,0.44747430086135864,0.008542127907276154,0.517458975315094,0.4463609457015991,0.008150644600391388,0.5263748168945312,0.438121497631073,0.007925828918814659,0.5500520467758179,0.41334471106529236,0.014866283163428307,0.4969500005245209,0.3757100999355316,-0.01793508417904377,0.49909237027168274,0.3543320894241333,-0.011098496615886688,0.5032534003257751,0.35335251688957214,-0.00861541461199522,0.5142953991889954,0.449872761964798,0.009561008773744106,0.5514718890190125,0.432446151971817,0.029903188347816467,0.49350473284721375,0.3575088083744049,-0.01942688412964344,0.5169123411178589,0.4767584800720215,0.015592815354466438,0.49315086007118225,0.3840389549732208,-0.027694519609212875,0.5036717057228088,0.4000691771507263,-0.018961938098073006,0.5074605941772461,0.484433650970459,0.012774248607456684,0.5298502445220947,0.45557332038879395,0.01992393657565117,0.5188604593276978,0.4166218340396881,-0.0018077724380418658,0.523908793926239,0.4669641852378845,0.018396496772766113,0.5350940227508545,0.41145962476730347,0.00048732603318057954,0.526326060295105,0.42333289980888367,0.0017903430853039026,0.5418314933776855,0.4226999282836914,0.009113078936934471,0.5100898742675781,0.49380064010620117,0.015442058444023132,0.5077077746391296,0.402698814868927,-0.013106252998113632,0.5351543426513672,0.46138256788253784,0.027247482910752296,0.5275183916091919,0.4733487367630005,0.02498711459338665,0.5349814891815186,0.4438697099685669,0.017808422446250916,0.5566810965538025,0.4200201630592346,0.033192090690135956,0.5432522296905518,0.44392427802085876,0.023900652304291725,0.5595043301582336,0.42422178387641907,0.050112102180719376,0.5327070951461792,0.43090105056762695,0.007642827462404966,0.502434253692627,0.3906251788139343,-0.015954703092575073,0.5052856206893921,0.4214687645435333,-0.025225143879652023,0.5092234015464783,0.42039868235588074,-0.01733873225748539,0.5019208192825317,0.4174128472805023,-0.030560467392206192,0.5031527876853943,0.34664058685302734,-0.014643167145550251,0.5130481719970703,0.3393832743167877,-0.01655997708439827,0.5222324728965759,0.3362215757369995,-0.015970129519701004,0.5301094651222229,0.3358980417251587,-0.012808614410459995,0.535770058631897,0.3379721939563751,-0.008326622657477856,0.5409098267555237,0.3498896360397339,0.004422501660883427,0.5619743466377258,0.3654005229473114,0.03855207562446594,0.5370493531227112,0.3632315397262573,0.00202283076941967,0.5306659936904907,0.3676796853542328,-0.0013364990008994937,0.5219041705131531,0.36947768926620483,-0.003757159225642681,0.51364666223526,0.3691747784614563,-0.005382683128118515,0.5073747634887695,0.3679787218570709,-0.0062243579886853695,0.50303715467453,0.3665696978569031,-0.007234996650367975,0.562044620513916,0.3605031669139862,0.06334828585386276,0.5092947483062744,0.42132529616355896,-0.013694279827177525,0.4988325834274292,0.3967093229293823,-0.02514907717704773,0.5009109377861023,0.4245234727859497,-0.02993708662688732,0.49819037318229675,0.42845067381858826,-0.026243166998028755,0.5011300444602966,0.42505255341529846,-0.02655261941254139,0.5080845355987549,0.4233695864677429,-0.010795124806463718,0.49695098400115967,0.4300416111946106,-0.027772003784775734,0.4964194595813751,0.43079060316085815,-0.019497118890285492,0.5024470090866089,0.3588449954986572,-0.006153044290840626,0.49932369589805603,0.3629748225212097,-0.009418041445314884,0.4976032078266144,0.36633607745170593,-0.013308794237673283,0.531198263168335,0.3488397002220154,-0.0031009053345769644,0.5352721214294434,0.34398332238197327,-0.0031596412882208824,0.4489983320236206,0.3629153370857239,-0.005207373294979334,0.4567306339740753,0.361977756023407,-0.005207373294979334,0.4483723044395447,0.354112446308136,-0.005207373294979334,0.4413059949874878,0.36376476287841797,-0.005207373294979334,0.4495922029018402,0.3716332018375397,-0.005207373294979334,0.5192991495132446,0.3524338901042938,-0.005800533574074507,0.5263940095901489,0.35089924931526184,-0.005800533574074507,0.5181794166564941,0.3440251350402832,-0.005800533574074507,0.5122144818305969,0.35390499234199524,-0.005800533574074507,0.5204321146011353,0.3608142137527466,-0.005800533574074507
366.66666666666663,0.49269628524780273,0.45022958517074585,-0.008893179707229137,0.4913780093193054,0.4292268753051758,-0.033099979162216187,0.4918173551559448,0.4334992468357086,-0.014045465737581253,0.4830043613910675,0.39660224318504333,-0.0304137971252203,0.49051475524902344,0.4203087389469147,-0.03689941391348839,0.4892808496952057,0.4067072868347168,-0.03660396486520767,0.4862055778503418,0.37145668268203735,-0.026172494515776634,0.4385465979576111,0.3653283715248108,-0.0011006509885191917,0.48390957713127136,0.3465254008769989,-0.02656547911465168,0.48275887966156006,0.33398720622062683,-0.030846187844872475,0.47815874218940735,0.28250718116760254,-0.03465869650244713,0.49287688732147217,0.4533349275588989,-0.007252460345625877,0.4930448532104492,0.45646166801452637,-0.004710468929260969,0.49318331480026245,0.45852959156036377,-0.0009355808142572641,0.4930643141269684,0.45867249369621277,0.00021059442951809615,0.49332183599472046,0.46293121576309204,0.0004244435694999993,0.4935982823371887,0.46779581904411316,-0.0001531802408862859,0.4938693642616272,0.47258251905441284,0.0016408044612035155,0.49630171060562134,0.47827330231666565,0.008935143239796162,0.4917255938053131,0.43255212903022766,-0.028957821428775787,0.48509588837623596,0.4313628673553467,-0.01978575997054577,0.4083194434642792,0.32869720458984375,0.01997181959450245,0.45846566557884216,0.37194618582725525,-0.006581091322004795,0.4518844485282898,0.3734610080718994,-0.00591677613556385,0.44525402784347534,0.3739137053489685,-0.004166197497397661,0.43604177236557007,0.36871474981307983,0.0007351326639764011,0.4638725817203522,0.3695858120918274,-0.006185527425259352,0.44564953446388245,0.3500997722148895,-0.01245293952524662,0.45364680886268616,0.3504098951816559,-0.012726637534797192,0.43877112865448,0.35196131467819214,-0.009880713187158108,0.4346615672111511,0.355180025100708,-0.006825427059084177,0.43086981773376465,0.37518510222435,0.005159489344805479,0.4750915467739105,0.4917779862880707,0.020589975640177727,0.43566828966140747,0.3630395531654358,0.0006556565640494227,0.40991318225860596,0.36951619386672974,0.03279145434498787,0.4228341579437256,0.3688809275627136,0.010197196155786514,0.45684120059013367,0.41446805000305176,-0.004077121149748564,0.4842718243598938,0.4493454694747925,-0.008387173525989056,0.485416054725647,0.456665962934494,-0.00369994156062603,0.4767017662525177,0.4514198303222656,-0.003941441886126995,0.4716489911079407,0.45299986004829407,0.0019346780609339476,0.479062557220459,0.4564775824546814,-0.0008325160015374422,0.4742085933685303,0.45619022846221924,0.004279356449842453,0.46465322375297546,0.46173834800720215,0.016163527965545654,0.4860180616378784,0.42949098348617554,-0.03258522227406502,0.48443537950515747,0.4208288788795471,-0.036150138825178146,0.4247377812862396,0.3495461642742157,-0.007470737677067518,0.46866875886917114,0.39038965106010437,-0.009894229471683502,0.47044774889945984,0.42282968759536743,-0.01698068343102932,0.4697102904319763,0.4169810116291046,-0.015864528715610504,0.43625104427337646,0.4130965769290924,0.003941639792174101,0.48358896374702454,0.40810322761535645,-0.03452800586819649,0.4399050772190094,0.34159278869628906,-0.020412329584360123,0.4306676387786865,0.3442176282405853,-0.014817614108324051,0.41324204206466675,0.31363117694854736,0.0038065477274358273,0.4704715609550476,0.34806787967681885,-0.024867771193385124,0.46072453260421753,0.35322195291519165,-0.010392405092716217,0.45842036604881287,0.4540313482284546,0.015662850812077522,0.4275084137916565,0.4481167793273926,0.0701315850019455,0.47545334696769714,0.42765504121780396,-0.013658428564667702,0.4807669520378113,0.43002477288246155,-0.013206776231527328,0.46504706144332886,0.45499783754348755,0.01520144660025835,0.466646283864975,0.4554004669189453,0.013385902158915997,0.4268105626106262,0.3382195234298706,-0.013194744475185871,0.4701794981956482,0.4249553978443146,-0.012549013830721378,0.4529733657836914,0.3423406183719635,-0.02395770698785782,0.45117300748825073,0.335058331489563,-0.02712363377213478,0.4387941360473633,0.29199129343032837,-0.025199387222528458,0.41962939500808716,0.3256595730781555,-0.006183512508869171,0.44515469670295715,0.31230422854423523,-0.027012789621949196,0.42065930366516113,0.3446381092071533,-0.0030992249958217144,0.41398870944976807,0.3375871777534485,0.0075468746945261955,0.4847075343132019,0.4533138871192932,-0.006667794659733772,0.4778388738632202,0.45404624938964844,-0.002462145173922181,0.472853422164917,0.4545878469944,0.002703674603253603,0.47683942317962646,0.42860764265060425,-0.011905389837920666,0.46587279438972473,0.45520925521850586,0.014226451516151428,0.4690803289413452,0.4584697186946869,0.011099428869783878,0.46746641397476196,0.45562005043029785,0.01319249626249075,0.4787295162677765,0.42740416526794434,-0.023458382114768028,0.4753158390522003,0.45744311809539795,0.005815590266138315,0.4802039861679077,0.4582153260707855,0.0024592657573521137,0.4862102270126343,0.45873722434043884,-9.609830885892734e-05,0.4875938594341278,0.47881215810775757,0.009449580684304237,0.48548728227615356,0.47278711199760437,0.00216833152808249,0.48545539379119873,0.46788597106933594,0.0005529618356376886,0.48572906851768494,0.4629759192466736,0.0012023508315905929,0.48616716265678406,0.45896604657173157,0.0010696344543248415,0.4752538502216339,0.4576050043106079,0.006765864323824644,0.47412121295928955,0.459441602230072,0.006552564445883036,0.4728890359401703,0.46190428733825684,0.006368765141814947,0.47195351123809814,0.46461236476898193,0.008072327822446823,0.4647372364997864,0.44436773657798767,0.0019874044228345156,0.4144271910190582,0.40437495708465576,0.06881525367498398,0.4918091893196106,0.43319255113601685,-0.019527511671185493,0.4716370105743408,0.45670002698898315,0.010591699741780758,0.4703337550163269,0.457506000995636,0.010607527568936348,0.4832760691642761,0.43305253982543945,-0.012226957827806473,0.4723096489906311,0.4286825358867645,-0.006494907662272453,0.48207077383995056,0.4315950870513916,-0.01302495039999485,0.4622422754764557,0.3954794406890869,-0.006400711834430695,0.4515190124511719,0.4022793769836426,-0.003379570785909891,0.4687258005142212,0.4196891486644745,-0.011355683207511902,0.4227469563484192,0.3011603355407715,-0.011823601089417934,0.42940136790275574,0.3167389929294586,-0.01738123595714569,0.4371640980243683,0.33436888456344604,-0.021197563037276268,0.47098642587661743,0.46893417835235596,0.013813139870762825,0.46736881136894226,0.33657756447792053,-0.02999052032828331,0.46162930130958557,0.3101706802845001,-0.03222457319498062,0.4566859006881714,0.2862045168876648,-0.03272199630737305,0.4395236670970917,0.3722594976425171,-0.0015231241704896092,0.4241793751716614,0.3819291293621063,0.010024790652096272,0.46716368198394775,0.3673863112926483,-0.005857710260897875,0.42858895659446716,0.35879746079444885,-0.0012068423675373197,0.47275641560554504,0.38496148586273193,-0.013333788141608238,0.4742690920829773,0.42166730761528015,-0.024154849350452423,0.4180205762386322,0.38923221826553345,0.018914738669991493,0.4290355443954468,0.3890475928783417,0.005666037555783987,0.4377828538417816,0.3929590582847595,0.00035804827348329127,0.45074594020843506,0.39080479741096497,-0.0027166721411049366,0.46005117893218994,0.3863041400909424,-0.004918244667351246,0.4665778875350952,0.3819364309310913,-0.007681958843022585,0.4803045988082886,0.37410691380500793,-0.023254722356796265,0.420876145362854,0.4081147015094757,0.021379917860031128,0.4233125150203705,0.3578382134437561,0.0011451351456344128,0.4883783757686615,0.4326423704624176,-0.028593242168426514,0.4701296091079712,0.40051788091659546,-0.010640503838658333,0.40752050280570984,0.3645535111427307,0.05356144532561302,0.47143059968948364,0.3773787319660187,-0.009878206998109818,0.46792376041412354,0.4186834692955017,-0.004662227351218462,0.43291276693344116,0.3635938763618469,0.00206278869882226,0.47349560260772705,0.41440340876579285,-0.022794146090745926,0.41971832513809204,0.42607301473617554,0.07107005268335342,0.4664748013019562,0.3639896810054779,-0.005200176499783993,0.47835761308670044,0.41059476137161255,-0.03003910928964615,0.4451872408390045,0.47166919708251953,0.040809061378240585,0.44735148549079895,0.47884392738342285,0.053995829075574875,0.41503673791885376,0.40758609771728516,0.0453338660299778,0.43491166830062866,0.4604686498641968,0.046137791126966476,0.4114443063735962,0.35202786326408386,0.021585792303085327,0.47521108388900757,0.4992663860321045,0.026543395593762398,0.48907703161239624,0.43317410349845886,-0.019113287329673767,0.46459877490997314,0.4066442549228668,-0.006807991769164801,0.41776180267333984,0.369905948638916,0.016850203275680542,0.44560983777046204,0.36793699860572815,-0.004585749935358763,0.4514312446117401,0.36791306734085083,-0.006120814476162195,0.468010812997818,0.4595862627029419,0.012490539811551571,0.42397356033325195,0.42555779218673706,0.027949273586273193,0.4874105751514435,0.5085402727127075,0.029861850664019585,0.4684220254421234,0.497649610042572,0.04034571349620819,0.4592151939868927,0.48988792300224304,0.04637933149933815,0.4803580641746521,0.3078644275665283,-0.03383377939462662,0.49958932399749756,0.5085195899009705,0.028284568339586258,0.4569098651409149,0.36663568019866943,-0.006589279510080814,0.46201786398887634,0.36499133706092834,-0.005980002228170633,0.4651947617530823,0.36437928676605225,-0.005071447230875492,0.41874590516090393,0.35505473613739014,0.007187414448708296,0.45995810627937317,0.35888031125068665,-0.00850513856858015,0.4538479745388031,0.35720503330230713,-0.009797276929020882,0.44793838262557983,0.35737401247024536,-0.0094675961881876,0.44232991337776184,0.3588681221008301,-0.007526928558945656,0.438983678817749,0.36073923110961914,-0.005045478697866201,0.4065430164337158,0.3446858525276184,0.037697698920965195,0.4415592551231384,0.3668185770511627,-0.0026784539222717285,0.4923732876777649,0.43900400400161743,-0.010824542492628098,0.4711257219314575,0.44088318943977356,-0.0032725383061915636,0.4755304753780365,0.4271945357322693,-0.016728218644857407,0.48329874873161316,0.43982264399528503,-0.009965251199901104,0.4849652647972107,0.3578842580318451,-0.02406218834221363,0.45608261227607727,0.482243150472641,0.037286385893821716,0.465620756149292,0.49062949419021606,0.032542068511247635,0.48636430501937866,0.5046634674072266,0.021294591948390007,0.43713754415512085,0.4658191502094269,0.06303495168685913,0.464356392621994,0.361904114484787,-0.006670005153864622,0.4775688648223877,0.39015883207321167,-0.021932147443294525,0.49905842542648315,0.5043963193893433,0.019982121884822845,0.4775272011756897,0.5044868588447571,0.03392147645354271,0.4197034239768982,0.4268414378166199,0.04907369986176491,0.48018309473991394,0.4584586024284363,0.00355435349047184,0.47920501232147217,0.46156179904937744,0.0034461128525435925,0.47844502329826355,0.46542516350746155,0.003143457928672433,0.4780345857143402,0.469890296459198,0.004819284658879042,0.47850292921066284,0.475125253200531,0.011017353273928165,0.4703059494495392,0.45574814081192017,0.00899296160787344,0.46902430057525635,0.4548966884613037,0.008932419121265411,0.4679596424102783,0.4540214538574219,0.008553716354072094,0.45998549461364746,0.448702335357666,0.008391283452510834,0.4327472448348999,0.431497722864151,0.01552350539714098,0.47659823298454285,0.37899625301361084,-0.017908619716763496,0.47133854031562805,0.35895901918411255,-0.01102842390537262,0.46710294485092163,0.3593508303165436,-0.00840874295681715,0.4716704189777374,0.45662444829940796,0.009932484477758408,0.43520161509513855,0.4502483904361725,0.03066120110452175,0.4771496653556824,0.3600577414035797,-0.019403567537665367,0.47655603289604187,0.4830864369869232,0.016053497791290283,0.4882563650608063,0.39486831426620483,-0.03283540904521942,0.4816683232784271,0.38605284690856934,-0.027704549953341484,0.4872889518737793,0.38372933864593506,-0.02947215363383293,0.4744352400302887,0.40476545691490173,-0.018887583166360855,0.49828284978866577,0.4970555305480957,0.014346417039632797,0.49723902344703674,0.4871087074279785,0.011824270710349083,0.486914724111557,0.4876832365989685,0.01313837431371212,0.4601117968559265,0.46651729941368103,0.020529164001345634,0.4628176689147949,0.4255240857601166,-0.001516518765129149,0.46801576018333435,0.4757513403892517,0.01896580122411251,0.44664233922958374,0.425334632396698,0.0009709491278044879,0.4571055769920349,0.43428027629852295,0.00217040185816586,0.44242048263549805,0.43819305300712585,0.009746218100190163,0.48618343472480774,0.497528612613678,0.01588757522404194,0.4710173010826111,0.4085436165332794,-0.012962287291884422,0.45632311701774597,0.47356322407722473,0.027920551598072052,0.4659222960472107,0.48287349939346313,0.02556910365819931,0.45301347970962524,0.4566783905029297,0.01844264194369316,0.42773494124412537,0.43970632553100586,0.03394661098718643,0.4452926516532898,0.45902836322784424,0.024601435288786888,0.4258122444152832,0.44442737102508545,0.05096760019659996,0.4526447355747223,0.4435306787490845,0.008149368688464165,0.4739654064178467,0.39519453048706055,-0.015884708613157272,0.4766348898410797,0.4261934161186218,-0.02511710301041603,0.47265753149986267,0.42622995376586914,-0.017170561477541924,0.47903120517730713,0.4213206470012665,-0.030509106814861298,0.4653160870075226,0.3522977828979492,-0.014506935141980648,0.45356079936027527,0.3477941155433655,-0.01629968360066414,0.4434027671813965,0.3472885191440582,-0.015556970611214638,0.4354769289493561,0.3492406904697418,-0.012314273044466972,0.4305059313774109,0.3529430627822876,-0.007759797852486372,0.4285975694656372,0.36630555987358093,0.005036911461502314,0.4115962088108063,0.3885844051837921,0.03951755538582802,0.43485119938850403,0.37931111454963684,0.002594818128272891,0.4420035779476166,0.3822129964828491,-0.0008547157049179077,0.4511585235595703,0.3814382553100586,-0.0033849317114800215,0.4594547152519226,0.37850019335746765,-0.005096209701150656,0.4656204581260681,0.3752659559249878,-0.00604112958535552,0.4697817862033844,0.37251824140548706,-0.007096867077052593,0.41068220138549805,0.3840227723121643,0.06320459395647049,0.4727201759815216,0.4271549582481384,-0.013520170003175735,0.4783985912799835,0.40013185143470764,-0.02509365789592266,0.4812888503074646,0.42796051502227783,-0.029854098334908485,0.4847103953361511,0.4309023320674896,-0.02619289793074131,0.4812473952770233,0.4284617602825165,-0.026472359895706177,0.474325954914093,0.4287373423576355,-0.01065151859074831,0.4862077534198761,0.4320904016494751,-0.027724042534828186,0.4868440330028534,0.4326409697532654,-0.019424840807914734,0.46901845932006836,0.364801824092865,-0.0059717269614338875,0.4728257656097412,0.36780107021331787,-0.009330138564109802,0.4749263525009155,0.3705439567565918,-0.013259499333798885,0.4370620846748352,0.36207497119903564,-0.0025303189177066088,0.43226858973503113,0.3588235080242157,-0.002573175122961402,0.4937356114387512,0.39489930868148804,-0.03045654483139515,0.5304253101348877,0.3514500856399536,-0.0016227993182837963,0.4980226159095764,0.4291550815105438,-0.019802378490567207,0.5531024932861328,0.30604374408721924,0.020309124141931534,0.5133872032165527,0.3625791370868683,-0.006877322215586901,0.5196792483329773,0.3619568347930908,-0.006268709432333708,0.5259612798690796,0.36063075065612793,-0.00458480091765523,0.5339310765266418,0.35391417145729065,0.0002206548524554819,0.5080663561820984,0.3619551360607147,-0.0064501469023525715,0.5213156342506409,0.34007877111434937,-0.012904109433293343,0.5142063498497009,0.34219038486480713,-0.013094009831547737,0.5279269218444824,0.33995023369789124,-0.010379570536315441,0.5323086380958557,0.34169235825538635,-0.007381968665868044,0.5405048131942749,0.3584567606449127,0.004635720048099756,0.5201090574264526,0.4847601652145386,0.02033611759543419,0.5329108238220215,0.34914320707321167,0.00012411834904924035,0.5598326921463013,0.34625062346458435,0.03201637044548988,0.5474715232849121,0.3507257401943207,0.009623629041016102,0.5228753685951233,0.4040773808956146,-0.00432245247066021,0.5010774731636047,0.44683900475502014,-0.008468566462397575,0.5008503198623657,0.45430806279182434,-0.003755990881472826,0.5089448094367981,0.44664695858955383,-0.00408837478607893,0.5139655470848083,0.4466443657875061,0.0017186497570946813,0.5072208046913147,0.4521917700767517,-0.0009870149660855532,0.5119166970252991,0.45039230585098267,0.004106785636395216,0.5243900418281555,0.45218321681022644,0.015780366957187653,0.4966563284397125,0.4277493953704834,-0.03261316567659378,0.49657925963401794,0.41884949803352356,-0.036198657006025314,0.5411169528961182,0.3332555592060089,-0.008082728832960129,0.5067797303199768,0.3843887150287628,-0.01000520121306181,0.5108577609062195,0.416537344455719,-0.017090817913413048,0.5105278491973877,0.4106222093105316,-0.015989745035767555,0.5428481101989746,0.3963465392589569,0.0035164901055395603,0.4950960874557495,0.4062137007713318,-0.03458347171545029,0.5245526432991028,0.32996857166290283,-0.020876441150903702,0.5340703129768372,0.3299354314804077,-0.015375688672065735,0.5457442998886108,0.2930111587047577,0.004057189915329218,0.49696654081344604,0.34497523307800293,-0.025060463696718216,0.5082728862762451,0.34637361764907837,-0.010713351890444756,0.5290936827659607,0.44282567501068115,0.015250776894390583,0.5586144924163818,0.42789989709854126,0.07068966329097748,0.5068188309669495,0.4227482080459595,-0.013676063157618046,0.5020905137062073,0.4266405701637268,-0.013199018314480782,0.5203217267990112,0.4464567005634308,0.014828194864094257,0.5188483595848083,0.44730374217033386,0.013070708140730858,0.536910355091095,0.32281315326690674,-0.013798628933727741,0.5114827752113342,0.4185532331466675,-0.012650689110159874,0.5121849775314331,0.3343282639980316,-0.024305500090122223,0.5124450922012329,0.3266732096672058,-0.02744155190885067,0.5177642107009888,0.27975064516067505,-0.025192318484187126,0.5419340133666992,0.3070157468318939,-0.006804259493947029,0.5151909589767456,0.30164286494255066,-0.02737334370613098,0.5444256067276001,0.32736527919769287,-0.003757067257538438,0.5495398044586182,0.31686240434646606,0.006828719284385443,0.5011439323425293,0.4508587121963501,-0.00674806023016572,0.5081509947776794,0.4495364725589752,-0.002623512875288725,0.5130149126052856,0.4484933614730835,0.0024947563651949167,0.5056244730949402,0.42411959171295166,-0.011940553784370422,0.5195509195327759,0.44689932465553284,0.013890697620809078,0.5167099833488464,0.45077818632125854,0.010802117176353931,0.5181044936180115,0.4477483332157135,0.012900290079414845,0.503556489944458,0.4234265685081482,-0.023508276790380478,0.5109560489654541,0.4518672227859497,0.005642124451696873,0.5062481164932251,0.45414113998413086,0.002351377159357071,0.500342071056366,0.45651501417160034,-0.00015711270680185407,0.5050228238105774,0.47607916593551636,0.00934410747140646,0.5022680759429932,0.469867467880249,0.002088580746203661,0.5016946196556091,0.4650910496711731,0.00048172700917348266,0.5009250044822693,0.4603971242904663,0.001141896704211831,0.5001227855682373,0.4566248059272766,0.001011967658996582,0.5107512474060059,0.4517812132835388,0.00659047719091177,0.5120009779930115,0.4531477391719818,0.006378044839948416,0.5133647322654724,0.4550606608390808,0.0061651552096009254,0.514451265335083,0.45731961727142334,0.007828939706087112,0.5207053422927856,0.4356103539466858,0.0017356472089886665,0.562328040599823,0.3812219500541687,0.06921537965536118,0.5142380595207214,0.44990336894989014,0.010334848426282406,0.5154699683189392,0.45026758313179016,0.010334602557122707,0.5002062320709229,0.43042823672294617,-0.01225355826318264,0.5101255178451538,0.4228541851043701,-0.006582872476428747,0.5011091232299805,0.4286222755908966,-0.01301910076290369,0.5139492750167847,0.3873756229877472,-0.0065786284394562244,0.5258199572563171,0.39060404896736145,-0.0036840287502855062,0.5120007395744324,0.4129824638366699,-0.011476625688374043,0.5346384644508362,0.28379514813423157,-0.011672439984977245,0.5309851765632629,0.3013733923435211,-0.017907874658703804,0.5258796811103821,0.3219519853591919,-0.021715009585022926,0.5195739269256592,0.46118199825286865,0.013500550761818886,0.4975222945213318,0.3329053223133087,-0.030185459181666374,0.4989771842956543,0.30439314246177673,-0.03239835426211357,0.49964526295661926,0.2795076370239258,-0.03271228447556496,0.5311034917831421,0.357790470123291,-0.0019891182892024517,0.5484066605567932,0.3628654479980469,0.009445670992136002,0.5046876072883606,0.3609117567539215,-0.0061052399687469006,0.5393387675285339,0.34307512640953064,-0.0018059773137792945,0.5018652677536011,0.38034600019454956,-0.013423698954284191,0.5068885684013367,0.41653352975845337,-0.024209506809711456,0.5557776093482971,0.36773422360420227,0.01824825070798397,0.5446264147758484,0.37078142166137695,0.005156770348548889,0.5368157029151917,0.3768121898174286,-7.5545183790382e-05,0.5242761373519897,0.3786599636077881,-0.003052464220672846,0.5146949887275696,0.3770895004272461,-0.005154906306415796,0.5077345967292786,0.3748852014541626,-0.0078097316436469555,0.4924577474594116,0.37218454480171204,-0.02331274375319481,0.5568416714668274,0.3869219422340393,0.020752083510160446,0.5445886254310608,0.3406849503517151,0.0005678717279806733,0.49503782391548157,0.4315016269683838,-0.028611456975340843,0.5072066783905029,0.3946933150291443,-0.01073735486716032,0.5610046982765198,0.3404204845428467,0.05388674512505531,0.5023326873779297,0.37193432450294495,-0.009997081942856312,0.5125817656517029,0.41173529624938965,-0.0048058414831757545,0.5359784364700317,0.3486839830875397,0.0014991455245763063,0.5063075423240662,0.40923237800598145,-0.022837039083242416,0.5616430640220642,0.4039793014526367,0.07161115854978561,0.5047402381896973,0.3576735556125641,-0.005458072759211063,0.5007727146148682,0.4069838225841522,-0.030108900740742683,0.5460513234138489,0.45629963278770447,0.04030425474047661,0.5454998016357422,0.4637809991836548,0.054400693625211716,0.5623876452445984,0.38468942046165466,0.04463064298033714,0.553856611251831,0.4423307180404663,0.04558945447206497,0.5548194646835327,0.32985323667526245,0.020866643637418747,0.5215228796005249,0.49213188886642456,0.026285897940397263,0.49446558952331543,0.4322507679462433,-0.019114522263407707,0.5137082934379578,0.39895007014274597,-0.006965110544115305,0.5531191825866699,0.3504655361175537,0.016198987141251564,0.5241107940673828,0.35494738817214966,-0.005024744663387537,0.5188246369361877,0.35639697313308716,-0.006518221460282803,0.5178344249725342,0.45151227712631226,0.01216272171586752,0.5573558807373047,0.40492504835128784,0.027385225519537926,0.5114713311195374,0.5047286748886108,0.029925154522061348,0.5282472372055054,0.48822179436683655,0.04055623337626457,0.5360086560249329,0.47799697518348694,0.04667550325393677,0.5136995911598206,0.35688361525535583,-0.0069298152811825275,0.5088621973991394,0.35701751708984375,-0.006286335177719593,0.505966067314148,0.3575192987918854,-0.005351589526981115,0.5488930344581604,0.3366580009460449,0.006512146908789873,0.5099397897720337,0.35196158289909363,-0.00878597516566515,0.5151665210723877,0.34943127632141113,-0.010144421830773354,0.520487904548645,0.3483394682407379,-0.009879530407488346,0.5257569551467896,0.3481755256652832,-0.008002606220543385,0.5291789770126343,0.3486161530017853,-0.005561036057770252,0.5579057335853577,0.32086676359176636,0.03807864338159561,0.5277376770973206,0.35317492485046387,-0.00315200281329453,0.5137647390365601,0.43424278497695923,-0.003417025087401271,0.5066444277763367,0.42231249809265137,-0.01678573526442051,0.5016189813613892,0.4370245635509491,-0.010017273016273975,0.5372543931007385,0.469857782125473,0.03687100484967232,0.5294663310050964,0.4808841049671173,0.032214920967817307,0.5114501118659973,0.5007666945457458,0.021128706634044647,0.5528759956359863,0.4480077922344208,0.06358232349157333,0.5063956379890442,0.3554002046585083,-0.006935496348887682,0.4980684816837311,0.38689878582954407,-0.021996913477778435,0.5204982161521912,0.4976613521575928,0.034030068665742874,0.5617237687110901,0.4049558639526367,0.048474330455064774,0.5060128569602966,0.45414742827415466,0.0034568693954497576,0.5072473287582397,0.4567907154560089,0.0033384044654667377,0.5083699226379395,0.46022510528564453,0.002985010389238596,0.5092491507530212,0.4643200635910034,0.004625103436410427,0.5133154392242432,0.469529926776886,0.010788455605506897,0.51557856798172,0.448733925819397,0.008765636943280697,0.5166596174240112,0.4475615620613098,0.00866574514657259,0.5175780057907104,0.44644737243652344,0.008277463726699352,0.5263309478759766,0.43822789192199707,0.00805738940834999,0.5499728322029114,0.41326063871383667,0.015055370517075062,0.4969978928565979,0.3757931590080261,-0.017979206517338753,0.4991820156574249,0.35448890924453735,-0.01116078719496727,0.5033332109451294,0.35353851318359375,-0.00865753274410963,0.5143918395042419,0.44995296001434326,0.00969370361417532,0.5514158010482788,0.43230772018432617,0.030153265222907066,0.4936406910419464,0.35767054557800293,-0.019511070102453232,0.5169461369514465,0.4767405390739441,0.015802379697561264,0.4932310879230499,0.3841848373413086,-0.02775128185749054,0.5037251710891724,0.4001859724521637,-0.018937060609459877,0.5075063705444336,0.4844333827495575,0.012993923388421535,0.5298693776130676,0.45556068420410156,0.020114228129386902,0.5188636183738708,0.41667571663856506,-0.001703025889582932,0.5239408016204834,0.4669393301010132,0.018594905734062195,0.5350604057312012,0.4114628732204437,0.0006203035009093583,0.526306688785553,0.4233734607696533,0.0019068624824285507,0.5417818427085876,0.4226700961589813,0.009290331974625587,0.5101613402366638,0.49380460381507874,0.015697333961725235,0.507734477519989,0.40279096364974976,-0.013053110800683498,0.5352082848548889,0.4613153338432312,0.027489708736538887,0.5275884866714478,0.47330614924430847,0.025241607800126076,0.5349732041358948,0.44388434290885925,0.018000958487391472,0.5565959215164185,0.41984766721725464,0.033443745225667953,0.5432488918304443,0.44385233521461487,0.02412835881114006,0.5594208836555481,0.42397013306617737,0.050411075353622437,0.5326674580574036,0.43094733357429504,0.007787540555000305,0.5024780631065369,0.3907090425491333,-0.015948427841067314,0.5053864121437073,0.42163652181625366,-0.025167513638734818,0.5093003511428833,0.42053067684173584,-0.01725926250219345,0.5020365715026855,0.41762030124664307,-0.030531005933880806,0.5032870173454285,0.3468320667743683,-0.014711585827171803,0.5132671594619751,0.3396119475364685,-0.01662611961364746,0.5224989652633667,0.33647608757019043,-0.016016267240047455,0.5303874015808105,0.33613988757133484,-0.012833589687943459,0.5360274314880371,0.3381740152835846,-0.00833046529442072,0.5410587191581726,0.34998762607574463,0.004478183574974537,0.5618849396705627,0.36519989371299744,0.038735244423151016,0.5372273325920105,0.3633207678794861,0.002095496980473399,0.5308796763420105,0.3677709400653839,-0.0012838830007240176,0.5221176743507385,0.3696090281009674,-0.003724445356056094,0.5138300657272339,0.3693152666091919,-0.005361196584999561,0.5075156688690186,0.368118554353714,-0.006235664244741201,0.5031545162200928,0.36671802401542664,-0.007258081808686256,0.5618905425071716,0.3602238893508911,0.06354982405900955,0.5093598961830139,0.42144477367401123,-0.0136090237647295,0.49891284108161926,0.39686089754104614,-0.02514960803091526,0.5010307431221008,0.4247278869152069,-0.02989805117249489,0.49830886721611023,0.4286375045776367,-0.0262010395526886,0.5012422800064087,0.42523515224456787,-0.02650730311870575,0.5081445574760437,0.423482745885849,-0.010709241963922977,0.4970687925815582,0.43024301528930664,-0.02773190103471279,0.4965287744998932,0.43097153306007385,-0.019443584606051445,0.5025085806846619,0.3590434193611145,-0.0061818878166377544,0.4994235634803772,0.36313679814338684,-0.009462336078286171,0.4977551996707916,0.366504967212677,-0.013364281505346298,0.5313155651092529,0.34900325536727905,-0.0030641688499599695,0.5354697108268738,0.3441925048828125,-0.003126854542642832,0.44885995984077454,0.3630090355873108,-0.005388353951275349,0.45664146542549133,0.3620699644088745,-0.005388353951275349,0.4482205808162689,0.35418233275413513,-0.005388353951275349,0.44111648201942444,0.363859087228775,-0.005388353951275349,0.4494718015193939,0.3717528283596039,-0.005388353951275349,0.5196111798286438,0.3525397479534149,-0.0057870433665812016,0.5266866683959961,0.35104238986968994,-0.0057870433665812016,0.5185067057609558,0.3441827595233917,-0.0057870433665812016,0.5125383138656616,0.35397741198539734,-0.0057870433665812016,0.5207236409187317,0.36086609959602356,-0.0057870433665812016
399.99999999999994,0.49259573221206665,0.45047205686569214,-0.008899587206542492,0.4914349913597107,0.42949363589286804,-0.03315236046910286,0.4918534755706787,0.4337112605571747,-0.014057759195566177,0.48302480578422546,0.3968729078769684,-0.03049265593290329,0.49057283997535706,0.4205988645553589,-0.03695785999298096,0.48932990431785583,0.4069984257221222,-0.03666529059410095,0.48621782660484314,0.37171080708503723,-0.02625102549791336,0.4385497272014618,0.3656999170780182,-0.0012685980182141066,0.48392799496650696,0.3469184339046478,-0.026670154184103012,0.48278364539146423,0.3344323933124542,-0.03096277080476284,0.47813189029693604,0.28277504444122314,-0.03475511819124222,0.492785781621933,0.45360326766967773,-0.00725589320063591,0.4929574131965637,0.4567579925060272,-0.004706079140305519,0.493094265460968,0.45885100960731506,-0.0008982524159364402,0.4929955005645752,0.4589935839176178,0.0002740527270361781,0.49325984716415405,0.46329736709594727,0.0005154745886102319,0.493546724319458,0.4681914746761322,-5.6256296375067905e-05,0.4938259422779083,0.4730043113231659,0.00176053901668638,0.4963562488555908,0.47870126366615295,0.009088006801903248,0.4917764365673065,0.4327954351902008,-0.029003428295254707,0.4851021468639374,0.4316003620624542,-0.019827790558338165,0.40825673937797546,0.3287738859653473,0.019719503819942474,0.4584094285964966,0.3721233904361725,-0.006681859493255615,0.45186617970466614,0.3736812174320221,-0.006049075163900852,0.44525641202926636,0.37417125701904297,-0.004326165188103914,0.4360044300556183,0.36904966831207275,0.0005496335797943175,0.46379178762435913,0.36975008249282837,-0.006281291134655476,0.44562292098999023,0.3505188524723053,-0.012615595944225788,0.4535806477069855,0.3507748246192932,-0.012857621535658836,0.43876582384109497,0.35240811109542847,-0.010070832446217537,0.434650182723999,0.35561907291412354,-0.00702108908444643,0.4308379888534546,0.37546467781066895,0.004954970441758633,0.4751056432723999,0.4921008348464966,0.02067091129720211,0.4356478154659271,0.36344048380851746,0.0004729501670226455,0.40984290838241577,0.36957257986068726,0.03253486752510071,0.42271843552589417,0.3691917359828949,0.00996469147503376,0.4568250775337219,0.4146401584148407,-0.00416796188801527,0.48421427607536316,0.44955483078956604,-0.008413507603108883,0.4853684902191162,0.4569314122200012,-0.003716988256201148,0.47671306133270264,0.451603502035141,-0.003998403437435627,0.4717038869857788,0.4531223773956299,0.0018509194487705827,0.47904855012893677,0.4566897749900818,-0.0008789876592345536,0.4742189645767212,0.4563353955745697,0.0042106579057872295,0.4647260308265686,0.4621428847312927,0.016086122021079063,0.48605960607528687,0.42976176738739014,-0.03265136107802391,0.4844752252101898,0.42112216353416443,-0.03622385859489441,0.42474299669265747,0.34998437762260437,-0.007732809521257877,0.4686165750026703,0.3905412554740906,-0.009990550577640533,0.4703971743583679,0.4230652451515198,-0.017054159194231033,0.4696522057056427,0.4172087609767914,-0.015936344861984253,0.4362621307373047,0.4132629334926605,0.003756375750526786,0.48361772298812866,0.40839245915412903,-0.034605152904987335,0.439979612827301,0.3420567512512207,-0.02065507508814335,0.43073204159736633,0.3447037637233734,-0.015092758461833,0.4131785035133362,0.3137807548046112,0.003557190066203475,0.4704863131046295,0.34832051396369934,-0.02500472590327263,0.4606214761734009,0.3535192012786865,-0.010490692220628262,0.4585205912590027,0.45443907380104065,0.015556978061795235,0.42733070254325867,0.44806647300720215,0.06998816877603531,0.4754169285297394,0.4278803765773773,-0.013701784424483776,0.48075538873672485,0.43024376034736633,-0.013247871771454811,0.46505701541900635,0.454950749874115,0.015092961490154266,0.46665138006210327,0.45538780093193054,0.01328793540596962,0.4268271028995514,0.3387161195278168,-0.01346499752253294,0.4701331853866577,0.4251818060874939,-0.012613646686077118,0.4530356526374817,0.342712938785553,-0.024150364100933075,0.4512469172477722,0.3354828655719757,-0.027324361726641655,0.4387260973453522,0.29225391149520874,-0.025394871830940247,0.4195794463157654,0.32591110467910767,-0.006444765720516443,0.4451294243335724,0.3126617670059204,-0.027215538546442986,0.4206014573574066,0.34507808089256287,-0.003361776238307357,0.41392964124679565,0.3377567529678345,0.007288317196071148,0.484657883644104,0.4535480737686157,-0.006693980656564236,0.47783634066581726,0.4542374014854431,-0.0025150058791041374,0.47288766503334045,0.4547169804573059,0.002626151079311967,0.4768139123916626,0.42882785201072693,-0.01195608265697956,0.46587976813316345,0.4551803171634674,0.014121479354798794,0.46910253167152405,0.45851579308509827,0.011026067659258842,0.4674678444862366,0.4556213319301605,0.013094968162477016,0.4787142276763916,0.4276514947414398,-0.02352888695895672,0.4753008484840393,0.4576067328453064,0.0057672192342579365,0.48017382621765137,0.4584525227546692,0.0024414106737822294,0.4861549139022827,0.4590349495410919,-8.430178422713652e-05,0.4876457750797272,0.47922760248184204,0.009569457732141018,0.48547598719596863,0.47315654158592224,0.002254142891615629,0.4854375720024109,0.46823644638061523,0.0006214908207766712,0.485699325799942,0.46330422163009644,0.0012653464218601584,0.48613378405570984,0.45925480127334595,0.001107972813770175,0.47526055574417114,0.4577481746673584,0.006732353009283543,0.47413408756256104,0.4595851004123688,0.0065378244034945965,0.4729115068912506,0.46204590797424316,0.006360090337693691,0.47199171781539917,0.4647538363933563,0.008056330494582653,0.46480223536491394,0.44464197754859924,0.0018790420144796371,0.4142765700817108,0.4042973220348358,0.06862159073352814,0.4918537735939026,0.43342459201812744,-0.01955295540392399,0.4716538190841675,0.4567751884460449,0.010515076108276844,0.470351904630661,0.4575674533843994,0.010540171526372433,0.48328253626823425,0.4332689940929413,-0.012256722897291183,0.47228142619132996,0.42890074849128723,-0.006535136140882969,0.48206764459609985,0.431814581155777,-0.013064064085483551,0.46220260858535767,0.3956214487552643,-0.006511848885565996,0.4515089988708496,0.4024367332458496,-0.003526685992255807,0.4686708450317383,0.4199082851409912,-0.011421527713537216,0.4226759672164917,0.3013787865638733,-0.012057461775839329,0.4293610453605652,0.31705883145332336,-0.017619449645280838,0.4372177720069885,0.33487334847450256,-0.02143341489136219,0.4710477888584137,0.46932780742645264,0.013787495903670788,0.46742066740989685,0.3369087278842926,-0.030147382989525795,0.46161869168281555,0.3105134665966034,-0.03238160163164139,0.45663344860076904,0.2864752411842346,-0.03286624699831009,0.43951356410980225,0.3725545108318329,-0.0017019454389810562,0.424146443605423,0.3821648061275482,0.009806636720895767,0.46706637740135193,0.36755675077438354,-0.005941697861999273,0.4285470247268677,0.359195739030838,-0.00143046909943223,0.47271302342414856,0.3851352035999298,-0.013428476639091969,0.4742395579814911,0.42192578315734863,-0.02423235960304737,0.41795358061790466,0.3893387019634247,0.018671663478016853,0.4290725290775299,0.3892418146133423,0.005460947751998901,0.4378553330898285,0.3931135833263397,0.00018297307542525232,0.45078596472740173,0.39093607664108276,-0.0028674695640802383,0.460043728351593,0.38642793893814087,-0.005034131463617086,0.4665437936782837,0.3820728659629822,-0.007784588262438774,0.4803004860877991,0.3743528127670288,-0.02334761433303356,0.42082977294921875,0.4082266390323639,0.02114490047097206,0.42323628067970276,0.3582191467285156,0.0009007520275190473,0.48841607570648193,0.43289119005203247,-0.02864883281290531,0.47007760405540466,0.4006939232349396,-0.010716120712459087,0.4074350595474243,0.36453574895858765,0.05333492159843445,0.4713921546936035,0.37753787636756897,-0.00997108407318592,0.4678688645362854,0.41888466477394104,-0.00471030967310071,0.43285244703292847,0.3639681339263916,0.0018671996658667922,0.47345322370529175,0.4146491289138794,-0.022869765758514404,0.41953903436660767,0.4259863495826721,0.0709017738699913,0.46634596586227417,0.36417341232299805,-0.005280041601508856,0.4783549904823303,0.41086524724960327,-0.030120721086859703,0.4451002776622772,0.47186312079429626,0.04074101895093918,0.4471971094608307,0.4789811968803406,0.053933460265398026,0.41493210196495056,0.4076096713542938,0.045105334371328354,0.434827983379364,0.4605746269226074,0.046020813286304474,0.41138124465942383,0.3521268963813782,0.021327441558241844,0.47518280148506165,0.49963417649269104,0.02663424424827099,0.4891076683998108,0.4334098994731903,-0.01914455182850361,0.46455398201942444,0.40681448578834534,-0.006884368136525154,0.41760385036468506,0.3702090382575989,0.01660689152777195,0.445634126663208,0.3682366609573364,-0.004729209467768669,0.4514278769493103,0.3681630790233612,-0.0062491316348314285,0.46803733706474304,0.4596148133277893,0.012409606017172337,0.4239351153373718,0.4256529211997986,0.027746077626943588,0.4874035716056824,0.5089659690856934,0.03003612346947193,0.4683091938495636,0.4979567527770996,0.040395040065050125,0.45907270908355713,0.49012014269828796,0.04636916145682335,0.4803621172904968,0.30818894505500793,-0.033935170620679855,0.49964842200279236,0.508942723274231,0.028509696945548058,0.4568592309951782,0.3668493330478668,-0.006700627505779266,0.4619285464286804,0.36518147587776184,-0.006078100297600031,0.46508145332336426,0.36456024646759033,-0.005161024630069733,0.41860538721084595,0.3554413914680481,0.006936271674931049,0.45984211564064026,0.3591839075088501,-0.00860404223203659,0.4537478983402252,0.357590913772583,-0.00992723647505045,0.4478817284107208,0.35781463980674744,-0.009615246206521988,0.4423174560070038,0.3593246340751648,-0.007692723069339991,0.4389811158180237,0.36117836833000183,-0.00521388603374362,0.4064754545688629,0.3447103202342987,0.037453193217515945,0.4415789246559143,0.36715853214263916,-0.0028381056617945433,0.49240851402282715,0.43918293714523315,-0.010831376537680626,0.4711461663246155,0.4411204755306244,-0.0033519654534757137,0.47549229860305786,0.4274255633354187,-0.016784360632300377,0.48331978917121887,0.440014511346817,-0.009995895437896252,0.48497113585472107,0.3581743836402893,-0.024142978712916374,0.45598697662353516,0.482504665851593,0.037266191095113754,0.46554672718048096,0.4909498691558838,0.03257803991436958,0.48638325929641724,0.5050604939460754,0.021442405879497528,0.4369754493236542,0.46585553884506226,0.06291820853948593,0.4642355740070343,0.3621343672275543,-0.006762255448848009,0.4775557219982147,0.39038705825805664,-0.022016210481524467,0.49912378191947937,0.504810631275177,0.020181942731142044,0.47746479511260986,0.5048680901527405,0.03403281420469284,0.41958916187286377,0.42685526609420776,0.04887862503528595,0.48017433285713196,0.45868343114852905,0.003557679709047079,0.47920024394989014,0.4618041217327118,0.003471390111371875,0.47845515608787537,0.46567651629447937,0.003176026977598667,0.4780583381652832,0.4701612889766693,0.004853307269513607,0.4785560965538025,0.4755336046218872,0.011052596382796764,0.4703325033187866,0.4558166563510895,0.008896038867533207,0.46906915307044983,0.4549480676651001,0.008824177086353302,0.46801984310150146,0.4540613889694214,0.008441411890089512,0.46008992195129395,0.44904395937919617,0.008268143981695175,0.4327736496925354,0.43163472414016724,0.015351586975157261,0.4765728712081909,0.3792066276073456,-0.01800040528178215,0.4712468385696411,0.35918718576431274,-0.011105327866971493,0.4669857621192932,0.35958021879196167,-0.008500342257320881,0.4716762602329254,0.45671698451042175,0.009850784204900265,0.4351879358291626,0.4503852128982544,0.030530890449881554,0.47712960839271545,0.3602861762046814,-0.019484305754303932,0.47659170627593994,0.4834250807762146,0.0161180067807436,0.48829150199890137,0.3951422870159149,-0.0328984260559082,0.481675922870636,0.38630741834640503,-0.027788834646344185,0.4873126447200775,0.3839873969554901,-0.02954116463661194,0.47439634799957275,0.40498456358909607,-0.01895975135266781,0.49834853410720825,0.49743226170539856,0.014537584036588669,0.49729812145233154,0.48749518394470215,0.012009608559310436,0.48697084188461304,0.48804712295532227,0.013283105567097664,0.46012449264526367,0.46684688329696655,0.02046632207930088,0.4627877473831177,0.4257190525531769,-0.001590198720805347,0.46802446246147156,0.47607871890068054,0.01896328292787075,0.44667646288871765,0.4255174398422241,0.0008577510598115623,0.4571358859539032,0.43449103832244873,0.0020622103475034237,0.44247379899024963,0.4383834898471832,0.009633388370275497,0.4862329065799713,0.4978777766227722,0.016030041500926018,0.47095638513565063,0.40874287486076355,-0.013028299435973167,0.4562796950340271,0.4738503098487854,0.027874773368239403,0.46589407324790955,0.4831884801387787,0.025594068691134453,0.4530552923679352,0.4569966793060303,0.018341736868023872,0.427691251039505,0.43979743123054504,0.03377958759665489,0.4452871084213257,0.4592662453651428,0.024502139538526535,0.425703227519989,0.4444584846496582,0.05080341920256615,0.45272886753082275,0.4437982439994812,0.008025869727134705,0.4739266037940979,0.3953925669193268,-0.015965210273861885,0.476615309715271,0.42644786834716797,-0.025193115696310997,0.47261399030685425,0.4264639616012573,-0.017235586419701576,0.47903677821159363,0.4216011166572571,-0.030601345002651215,0.4652528166770935,0.3525750935077667,-0.014609620906412601,0.4535464942455292,0.3481678366661072,-0.016459442675113678,0.44343286752700806,0.3477272093296051,-0.015756912529468536,0.43551504611968994,0.3497052490711212,-0.012544938363134861,0.4305173456668854,0.3533872961997986,-0.007999444380402565,0.4285205602645874,0.3666430413722992,0.004820365458726883,0.4115091562271118,0.3886195123195648,0.039267972111701965,0.4348565638065338,0.3795606195926666,0.002408672822639346,0.4420287013053894,0.3824201822280884,-0.0010275371605530381,0.45115944743156433,0.3816121518611908,-0.003534564981237054,0.45941221714019775,0.37864869832992554,-0.00519871199503541,0.46554863452911377,0.37541207671165466,-0.006142131052911282,0.46969982981681824,0.3726772964000702,-0.007177926599979401,0.4105647802352905,0.38397181034088135,0.0629935935139656,0.47268006205558777,0.4273837208747864,-0.013577883131802082,0.4783931374549866,0.4003804922103882,-0.025172265246510506,0.4813030958175659,0.4282286763191223,-0.029928164556622505,0.4847235381603241,0.4311492145061493,-0.026249179616570473,0.48124995827674866,0.4287147521972656,-0.026538914069533348,0.474298894405365,0.42895832657814026,-0.010697306133806705,0.4862348437309265,0.4323394298553467,-0.027780646458268166,0.4868611991405487,0.43287667632102966,-0.01946178823709488,0.4689052104949951,0.3649846911430359,-0.006045184563845396,0.47273585200309753,0.36798056960105896,-0.009403885342180729,0.47488677501678467,0.3707334101200104,-0.013348756358027458,0.43705394864082336,0.3624981939792633,-0.0027073752135038376,0.4322385787963867,0.35923609137535095,-0.0027684431988745928,0.49378159642219543,0.3951590359210968,-0.03049248829483986,0.5305599570274353,0.35155534744262695,-0.0014707297086715698,0.49809423089027405,0.42936933040618896,-0.01981181837618351,0.5528702139854431,0.306123286485672,0.020532580092549324,0.5134459137916565,0.36261388659477234,-0.0067746019922196865,0.519752025604248,0.362031489610672,-0.006155713927000761,0.5260449647903442,0.36073437333106995,-0.004461473319679499,0.5340418219566345,0.35398173332214355,0.0003723620902746916,0.5081153512001038,0.3619622588157654,-0.0063843815587460995,0.5215041637420654,0.3401831388473511,-0.012808027677237988,0.5143705010414124,0.3422905504703522,-0.013020210899412632,0.5281216502189636,0.34004420042037964,-0.010271606966853142,0.5325010418891907,0.3417704105377197,-0.007254743482917547,0.5405929684638977,0.35852912068367004,0.004792497958987951,0.5201701521873474,0.4850156009197235,0.020566878840327263,0.5330626964569092,0.3492043912410736,0.0002765954122878611,0.5596471428871155,0.346272349357605,0.03226735070347786,0.5475457906723022,0.35076361894607544,0.009799687191843987,0.5228679180145264,0.4042094945907593,-0.004212511703372002,0.5009554624557495,0.4470280110836029,-0.008448788896203041,0.5007402896881104,0.45457878708839417,-0.003730757860466838,0.5088040232658386,0.44679832458496094,-0.004044772125780582,0.5137852430343628,0.44677963852882385,0.0017758000176399946,0.5070850253105164,0.4524076282978058,-0.000947868509683758,0.5117437839508057,0.4505600929260254,0.004155924543738365,0.52440345287323,0.4525344669818878,0.015895243734121323,0.4967229962348938,0.42800503969192505,-0.032651472836732864,0.49665534496307373,0.41912660002708435,-0.0362396165728569,0.5413452386856079,0.333312451839447,-0.007960237562656403,0.5067850947380066,0.3845093846321106,-0.009972447529435158,0.5109534859657288,0.4167211353778839,-0.017046097666025162,0.510615348815918,0.4108007848262787,-0.015939289703965187,0.5427768230438232,0.39646828174591064,0.003671808633953333,0.4951591193675995,0.40648913383483887,-0.034619204699993134,0.5248138904571533,0.3300818204879761,-0.020849764347076416,0.5343362092971802,0.3300185203552246,-0.015315192751586437,0.5455960035324097,0.2931567132472992,0.004234928172081709,0.4971015751361847,0.34512704610824585,-0.025109712034463882,0.508404016494751,0.3464621603488922,-0.010646485723555088,0.529078483581543,0.4431836009025574,0.0153806796297431,0.5584507584571838,0.42778170108795166,0.07099293172359467,0.5069016814231873,0.42292991280555725,-0.013632934540510178,0.5021595358848572,0.4268357455730438,-0.013197197578847408,0.5200995206832886,0.44652795791625977,0.014921276830136776,0.5186342000961304,0.4473889172077179,0.013148140162229538,0.5371785163879395,0.32290226221084595,-0.01371274795383215,0.5115665793418884,0.4187323749065399,-0.012599817477166653,0.5124071836471558,0.3344751298427582,-0.02431429922580719,0.5126746296882629,0.32686948776245117,-0.02745199203491211,0.5177574753761292,0.27998796105384827,-0.02513972297310829,0.5418680310249329,0.3072240352630615,-0.006670716218650341,0.5152150988578796,0.30196326971054077,-0.027356941252946854,0.5446368455886841,0.32742536067962646,-0.0036071885842829943,0.549404501914978,0.3169938623905182,0.007020872551947832,0.5010333061218262,0.4510892629623413,-0.006728228181600571,0.5080129504203796,0.4497242569923401,-0.002584553323686123,0.5128364562988281,0.4486479163169861,0.0025438121519982815,0.5057004690170288,0.4243030548095703,-0.011919505894184113,0.5193321704864502,0.4469786584377289,0.01397098321467638,0.5165073871612549,0.4509233832359314,0.010882518254220486,0.5178898572921753,0.4478379786014557,0.01297194603830576,0.503642737865448,0.42363065481185913,-0.02349592000246048,0.5107865929603577,0.45204490423202515,0.005706320982426405,0.5061120390892029,0.4543754458427429,0.0024132386315613985,0.5002299547195435,0.45680832862854004,-0.00010287063923897222,0.5050718188285828,0.47647687792778015,0.009506435133516788,0.502185583114624,0.4702693521976471,0.002217117929831147,0.5016065835952759,0.46546804904937744,0.0005938193062320352,0.500828206539154,0.4607490003108978,0.0012479331344366074,0.5000224709510803,0.45693138241767883,0.0010902530048042536,0.5105763673782349,0.4519783556461334,0.006666958332061768,0.5118274092674255,0.45336246490478516,0.0064735510386526585,0.513196587562561,0.455287367105484,0.006271020043641329,0.5142872333526611,0.45755669474601746,0.007939867675304413,0.5207056999206543,0.43585461378097534,0.0017950504552572966,0.5620864033699036,0.3811056315898895,0.069521464407444,0.5140270590782166,0.45005229115486145,0.010403687134385109,0.5152653455734253,0.45041629672050476,0.010413840413093567,0.5002669095993042,0.4306284189224243,-0.012239824049174786,0.5101962685585022,0.42303767800331116,-0.006531122140586376,0.5011751651763916,0.4288210868835449,-0.01301588024944067,0.5139352083206177,0.38748300075531006,-0.006515283137559891,0.5257837772369385,0.3907224237918854,-0.0035921894013881683,0.5120748281478882,0.4131542444229126,-0.011416670866310596,0.5345746278762817,0.2839943468570709,-0.011555572040379047,0.5309743285179138,0.30164510011672974,-0.01782742142677307,0.5261499881744385,0.32209956645965576,-0.021667852997779846,0.5195971727371216,0.46153104305267334,0.013628929853439331,0.49768635630607605,0.33312857151031494,-0.030244901776313782,0.49900346994400024,0.304717093706131,-0.03243986517190933,0.4996442198753357,0.2797631621360779,-0.03273136541247368,0.5311989784240723,0.357887864112854,-0.001851897221058607,0.5484616756439209,0.3629363775253296,0.009630834683775902,0.50473552942276,0.3609134554862976,-0.006044384557753801,0.539498507976532,0.34311947226524353,-0.0016569169238209724,0.501876711845398,0.3804934322834015,-0.013414857909083366,0.5069855451583862,0.41674476861953735,-0.02419041469693184,0.5556788444519043,0.36778128147125244,0.018467077985405922,0.5446902513504028,0.37089547514915466,0.005327746272087097,0.5368678569793701,0.37694868445396423,6.666837725788355e-05,0.5243150591850281,0.3787560760974884,-0.0029629054479300976,0.5147317051887512,0.3771432936191559,-0.005089457146823406,0.5077828168869019,0.37493494153022766,-0.007777296006679535,0.49247708916664124,0.3724193871021271,-0.02336120791733265,0.5567359924316406,0.38697418570518494,0.020977651700377464,0.5447303652763367,0.34072551131248474,0.0007295511313714087,0.495100200176239,0.43173959851264954,-0.028644807636737823,0.507236659526825,0.3948357105255127,-0.010688330046832561,0.5607191324234009,0.34040093421936035,0.05416961759328842,0.5023856163024902,0.3720112442970276,-0.009984403848648071,0.5126322507858276,0.4118930995464325,-0.004727229010313749,0.5361248850822449,0.3487243354320526,0.0016552233137190342,0.5063957571983337,0.409434050321579,-0.022814223542809486,0.5614372491836548,0.4038357138633728,0.07192165404558182,0.5047928094863892,0.3576749265193939,-0.005385295022279024,0.5008496642112732,0.40722498297691345,-0.03011668473482132,0.5460282564163208,0.4563761353492737,0.04058435931801796,0.5454782843589783,0.46380043029785156,0.05467872694134712,0.5622249841690063,0.38465186953544617,0.044910699129104614,0.5537644624710083,0.4423397183418274,0.04588122293353081,0.5546468496322632,0.32992297410964966,0.021090451627969742,0.5216190218925476,0.49241191148757935,0.02654014714062214,0.4945218861103058,0.4324774742126465,-0.019132127985358238,0.5137222409248352,0.3990830183029175,-0.006887843366712332,0.5531432032585144,0.3504801094532013,0.016407666727900505,0.5242116451263428,0.3550824820995331,-0.004888677969574928,0.5189103484153748,0.35650530457496643,-0.006399551872164011,0.5176329612731934,0.4516533613204956,0.012248065322637558,0.5572323799133301,0.4049611985683441,0.02762555703520775,0.511577844619751,0.5051059126853943,0.030182767659425735,0.5283434987068176,0.48842036724090576,0.040823813527822495,0.5360636115074158,0.4781070053577423,0.04694344475865364,0.5137657523155212,0.35694631934165955,-0.006830313708633184,0.5089130997657776,0.3570389449596405,-0.006202590186148882,0.5060144662857056,0.357519268989563,-0.005277577787637711,0.548999547958374,0.3366927206516266,0.006699074059724808,0.5100248456001282,0.35199442505836487,-0.008699340745806694,0.5152803063392639,0.3494822680950165,-0.010058673098683357,0.5206323862075806,0.34840327501296997,-0.009777217172086239,0.5259152054786682,0.34824076294898987,-0.007882894948124886,0.5293393731117249,0.34867289662361145,-0.005422575399279594,0.5576302409172058,0.32089775800704956,0.0383327342569828,0.5278539061546326,0.35330623388290405,-0.003007321385666728,0.5138086080551147,0.4344479739665985,-0.003370461752638221,0.5067340135574341,0.42249560356140137,-0.016759101301431656,0.5016708970069885,0.4372006356716156,-0.009997531771659851,0.5372979640960693,0.4699931740760803,0.03713184595108032,0.5295472741127014,0.4810888469219208,0.032470546662807465,0.5115444660186768,0.5011150240898132,0.021363208070397377,0.5527764558792114,0.4479514956474304,0.06386474519968033,0.5064588189125061,0.35541680455207825,-0.006860634312033653,0.4981028437614441,0.38710832595825195,-0.022010562941432,0.5206148624420166,0.49795737862586975,0.03430047631263733,0.5615686178207397,0.4049004018306732,0.0487646609544754,0.5058765411376953,0.45440569519996643,0.0035370730329304934,0.5071149468421936,0.45708125829696655,0.0034438965376466513,0.5082417726516724,0.46053412556648254,0.0031026655342429876,0.5091219544410706,0.4646550118923187,0.004750282038003206,0.5133565664291382,0.4699046313762665,0.010931390337646008,0.5153675675392151,0.4488597512245178,0.008819644339382648,0.5164391398429871,0.44768187403678894,0.008725232444703579,0.5173557996749878,0.44655677676200867,0.008345271460711956,0.5263024568557739,0.4385392665863037,0.00814832467585802,0.5498616099357605,0.413352906703949,0.015255110338330269,0.4970146715641022,0.37598562240600586,-0.01799888350069523,0.49925747513771057,0.3545694947242737,-0.011142194271087646,0.5034187436103821,0.35359102487564087,-0.00860955286771059,0.5141848921775818,0.45008784532546997,0.009758507832884789,0.551315426826477,0.432375967502594,0.03040473535656929,0.49370577931404114,0.35780632495880127,-0.019535720348358154,0.5169909596443176,0.4770292043685913,0.01599295437335968,0.49326446652412415,0.3844285309314728,-0.027797332033514977,0.5037819743156433,0.40037137269973755,-0.01891813799738884,0.5075569152832031,0.4847721457481384,0.013199490495026112,0.529897928237915,0.45580893754959106,0.02027641236782074,0.5188925862312317,0.4168255031108856,-0.001615587854757905,0.5239882469177246,0.4671945869922638,0.0187689159065485,0.5350067615509033,0.41160717606544495,0.000770068378187716,0.5262868404388428,0.4235459566116333,0.0020056527573615313,0.5416972041130066,0.42281413078308105,0.009481776505708694,0.5102272629737854,0.4941169023513794,0.015921805053949356,0.507790207862854,0.4029504060745239,-0.01300685666501522,0.5352456569671631,0.4614965319633484,0.02770695462822914,0.527653694152832,0.4735264182090759,0.02546822838485241,0.5349657535552979,0.4441298544406891,0.01817190647125244,0.5564730167388916,0.41987428069114685,0.03370210900902748,0.5432157516479492,0.44400307536125183,0.024347206577658653,0.5592849850654602,0.4239232838153839,0.05070594325661659,0.5326131582260132,0.43117690086364746,0.007911477237939835,0.5025131106376648,0.3908791244029999,-0.01593068428337574,0.5054776668548584,0.421845018863678,-0.025155171751976013,0.5093954205513,0.4207136929035187,-0.017225053161382675,0.5021238923072815,0.4178665578365326,-0.030551869422197342,0.5034211277961731,0.3469386696815491,-0.014681094326078892,0.5134559273719788,0.33973228931427,-0.016587672755122185,0.52271568775177,0.33659815788269043,-0.015957139432430267,0.5306105613708496,0.33624663949012756,-0.012750851921737194,0.5362285375595093,0.3382512032985687,-0.008217982016503811,0.5411756038665771,0.35002827644348145,0.0046368991024792194,0.5617110133171082,0.36518600583076477,0.03900543227791786,0.5373117923736572,0.3634096682071686,0.002246822463348508,0.5309523344039917,0.36787188053131104,-0.001164029585197568,0.5221734046936035,0.36967700719833374,-0.0036337876226752996,0.5138784050941467,0.3693433403968811,-0.005274221766740084,0.5075620412826538,0.3681314289569855,-0.006192692089825869,0.5032040476799011,0.3667466342449188,-0.007222455460578203,0.5616210699081421,0.3601553440093994,0.06384697556495667,0.50944584608078,0.421626478433609,-0.013569184578955173,0.49896425008773804,0.3970882296562195,-0.025156132876873016,0.5011119246482849,0.42496398091316223,-0.02991432137787342,0.49838122725486755,0.4288604259490967,-0.02622351609170437,0.5013203024864197,0.4254544973373413,-0.026515323668718338,0.5082188844680786,0.42366763949394226,-0.01067309733480215,0.49713730812072754,0.43047475814819336,-0.027761422097682953,0.4965929388999939,0.43119022250175476,-0.01945689134299755,0.5025678873062134,0.35906070470809937,-0.0061291237361729145,0.4994763135910034,0.36319321393966675,-0.009443521499633789,0.4978099763393402,0.3666124939918518,-0.013378040865063667,0.5314764976501465,0.349060982465744,-0.0029195528477430344,0.5356395840644836,0.34424617886543274,-0.002979343058541417,0.44866204261779785,0.36343854665756226,-0.005522165913134813,0.4564029574394226,0.36249586939811707,-0.005522165913134813,0.4480063319206238,0.35463544726371765,-0.005522165913134813,0.44094640016555786,0.3642933964729309,-0.005522165913134813,0.4492938220500946,0.3721572458744049,-0.005522165913134813,0.5198758244514465,0.352403849363327,-0.005675396881997585,0.5269250869750977,0.3509511947631836,-0.005675396881997585,0.5188258290290833,0.34409889578819275,-0.005675396881997585,0.5128136873245239,0.35379692912101746,-0.005675396881997585,0.5209227204322815,0.3606756031513214,-0.005675396881997585
433.33333333333326,0.49269384145736694,0.4505557417869568,-0.008923612534999847,0.4914315640926361,0.42962849140167236,-0.033111292868852615,0.49184542894363403,0.4338403642177582,-0.014045893214643002,0.4830213785171509,0.39694714546203613,-0.0304243341088295,0.49056684970855713,0.4207172095775604,-0.03690819442272186,0.4893214702606201,0.40709078311920166,-0.03660520538687706,0.48620960116386414,0.37175607681274414,-0.026166055351495743,0.4385671019554138,0.36564359068870544,-0.0011689566308632493,0.48391690850257874,0.3469654321670532,-0.02655951865017414,0.48276782035827637,0.3344632685184479,-0.030833695083856583,0.47812166810035706,0.28275537490844727,-0.034560710191726685,0.4928779602050781,0.45365533232688904,-0.007281098980456591,0.4930378496646881,0.45677709579467773,-0.004730767570436001,0.49316009879112244,0.4588465988636017,-0.0009220640058629215,0.4930711090564728,0.45897573232650757,0.00014671837561763823,0.49333032965660095,0.4632176160812378,0.0003819141420535743,0.49360501766204834,0.46804168820381165,-0.000205497388378717,0.493866890668869,0.47279471158981323,0.001576964627020061,0.49633485078811646,0.47850501537323,0.008870914578437805,0.4917726218700409,0.4329315423965454,-0.028968384489417076,0.4850931465625763,0.43173378705978394,-0.01979907974600792,0.40821772813796997,0.3288387060165405,0.019877275452017784,0.45844921469688416,0.37212952971458435,-0.006603702437132597,0.4519015848636627,0.3736971616744995,-0.005964784882962704,0.4452876150608063,0.3741985857486725,-0.004236314911395311,0.43603384494781494,0.3690049648284912,0.0006468032952398062,0.4638351500034332,0.3697357475757599,-0.006200125906616449,0.4457065463066101,0.3503898084163666,-0.012511012144386768,0.45365822315216064,0.35065069794654846,-0.01275667455047369,0.4388616383075714,0.3522909879684448,-0.009962798096239567,0.43474745750427246,0.35552775859832764,-0.006913346238434315,0.4308502972126007,0.3755141794681549,0.005051348824054003,0.4751448929309845,0.4920908212661743,0.020436180755496025,0.4356610178947449,0.3633323907852173,0.0005747776594944298,0.4098617732524872,0.36969509720802307,0.03264458104968071,0.42274966835975647,0.3692401945590973,0.010074283927679062,0.456856906414032,0.4147629141807556,-0.004129350651055574,0.4843144714832306,0.44968682527542114,-0.008436879143118858,0.4854395389556885,0.456981897354126,-0.0037439558655023575,0.47678855061531067,0.4517420530319214,-0.004030830692499876,0.4717567563056946,0.45326220989227295,0.0017885951092466712,0.4791073203086853,0.4567682147026062,-0.0009177449392154813,0.47426512837409973,0.4564307928085327,0.0041461847722530365,0.4647705852985382,0.46219414472579956,0.01593092456459999,0.48605599999427795,0.42989829182624817,-0.03260855749249458,0.4844707250595093,0.4212390184402466,-0.036172252148389816,0.42494678497314453,0.3500284254550934,-0.007600787095725536,0.46863672137260437,0.39063236117362976,-0.00992515031248331,0.47040945291519165,0.4231923222541809,-0.017010398209095,0.46966972947120667,0.4173260033130646,-0.01588999107480049,0.4363100230693817,0.41339388489723206,0.003813735209405422,0.48361441493034363,0.40848663449287415,-0.03454350307583809,0.4401904344558716,0.34203824400901794,-0.0205196812748909,0.4309486746788025,0.34470903873443604,-0.014953825622797012,0.41313469409942627,0.3138129413127899,0.0037294181529432535,0.47059720754623413,0.3483171761035919,-0.02488742396235466,0.4606943726539612,0.35341569781303406,-0.010396205820143223,0.45855242013931274,0.45455753803253174,0.01544190663844347,0.42739906907081604,0.4482945501804352,0.06994990259408951,0.4754238724708557,0.428011029958725,-0.013673778623342514,0.4807507395744324,0.4303722083568573,-0.013224155642092228,0.46510010957717896,0.45508572459220886,0.014974412508308887,0.4666973650455475,0.4555093050003052,0.013166014105081558,0.42708727717399597,0.33875754475593567,-0.013318345881998539,0.47014400362968445,0.4253113865852356,-0.01257687620818615,0.4532003402709961,0.3426927924156189,-0.024022461846470833,0.45143193006515503,0.3354814052581787,-0.02718312293291092,0.43871551752090454,0.29224035143852234,-0.025200707837939262,0.4195473790168762,0.3259332776069641,-0.006287068128585815,0.44511115550994873,0.31265416741371155,-0.027044475078582764,0.4208154082298279,0.34513959288597107,-0.003222789615392685,0.41390806436538696,0.337811678647995,0.007437222637236118,0.4847448766231537,0.45363497734069824,-0.006719995755702257,0.47790324687957764,0.4543461203575134,-0.0025535000022500753,0.47293779253959656,0.4548361301422119,0.0025614683981984854,0.47681719064712524,0.42895740270614624,-0.011925469152629375,0.46592381596565247,0.45530813932418823,0.014001909643411636,0.46914246678352356,0.45858651399612427,0.010875646024942398,0.4675145149230957,0.4557369649410248,0.012971480377018452,0.4787178039550781,0.4277872145175934,-0.02348608896136284,0.4753435254096985,0.4576839208602905,0.005703757982701063,0.48022225499153137,0.4585071802139282,0.0024024660233408213,0.4862116873264313,0.45905861258506775,-0.0001111259771278128,0.48766547441482544,0.47905346751213074,0.00935322418808937,0.4855107069015503,0.472976952791214,0.0020711636170744896,0.48548850417137146,0.46811652183532715,0.00046342858695425093,0.4857586920261383,0.46325230598449707,0.0011262039188295603,0.4861951768398285,0.4592627286911011,0.0009767446899786592,0.47529780864715576,0.45781272649765015,0.006593042518943548,0.47417107224464417,0.45962440967559814,0.0063871946185827255,0.4729498028755188,0.4620544910430908,0.006194611545652151,0.4720255732536316,0.4647310674190521,0.007882118225097656,0.4648166298866272,0.4447900950908661,0.0018349033780395985,0.4143308401107788,0.40450888872146606,0.068668432533741,0.4918484091758728,0.4335566759109497,-0.019528541713953018,0.4716906249523163,0.4568609297275543,0.0103768240660429,0.4703914523124695,0.4576449394226074,0.0103939613327384,0.4832799434661865,0.43339720368385315,-0.01224601361900568,0.47229236364364624,0.4290347397327423,-0.006515071727335453,0.4820633828639984,0.4319433569908142,-0.013044481165707111,0.46222925186157227,0.3957260251045227,-0.006448826286941767,0.45154380798339844,0.4025527238845825,-0.0034626605920493603,0.468688040971756,0.42003026604652405,-0.011381817981600761,0.4226469397544861,0.3013816475868225,-0.011876046657562256,0.4293324053287506,0.3170560598373413,-0.017454344779253006,0.4374557435512543,0.3348822295665741,-0.021287256851792336,0.47109347581863403,0.4692992866039276,0.013602295890450478,0.46755552291870117,0.3369086980819702,-0.03001457452774048,0.4616054594516754,0.31051313877105713,-0.03221399709582329,0.4566306173801422,0.2864580452442169,-0.032670408487319946,0.43954113125801086,0.372561514377594,-0.0016082352958619595,0.4241268038749695,0.3822915554046631,0.009899912402033806,0.4671139121055603,0.3675273060798645,-0.005859013646841049,0.42865967750549316,0.3591766357421875,-0.001318365684710443,0.4727258086204529,0.3852129280567169,-0.013359114527702332,0.47425004839897156,0.42205092310905457,-0.024183345958590508,0.4179900884628296,0.3894723951816559,0.018759960308670998,0.42906245589256287,0.3894020617008209,0.005545095540583134,0.4378644824028015,0.39328712224960327,0.00025677605299279094,0.450807124376297,0.3910638093948364,-0.0027967540081590414,0.4600636661052704,0.38650959730148315,-0.004967011045664549,0.46656179428100586,0.3821311593055725,-0.007714240811765194,0.4802963137626648,0.3744035065174103,-0.02326253056526184,0.42088428139686584,0.40837976336479187,0.021209852769970894,0.42335426807403564,0.35824161767959595,0.001020051189698279,0.4884113073348999,0.43302860856056213,-0.0286122914403677,0.4700999855995178,0.40079522132873535,-0.010658218525350094,0.40744397044181824,0.3646726608276367,0.05344369634985924,0.47141721844673157,0.3775847256183624,-0.00989410001784563,0.46789056062698364,0.41900789737701416,-0.00467667356133461,0.4329065978527069,0.36388665437698364,0.0019704829901456833,0.4734697639942169,0.41476261615753174,-0.022816484794020653,0.41961002349853516,0.42622363567352295,0.07090840488672256,0.4663948714733124,0.3641342520713806,-0.005194711498916149,0.47836071252822876,0.41096755862236023,-0.030061842873692513,0.445138156414032,0.4720055162906647,0.04061061516404152,0.447247713804245,0.47914692759513855,0.053804054856300354,0.4149954915046692,0.40779224038124084,0.04516197741031647,0.434874027967453,0.4607442319393158,0.045944683253765106,0.41138002276420593,0.35221537947654724,0.02145862951874733,0.47522038221359253,0.49962764978408813,0.02639136277139187,0.4891001880168915,0.4335421621799469,-0.0191202275454998,0.46458160877227783,0.4069284200668335,-0.006833681371062994,0.41762638092041016,0.370281457901001,0.016717705875635147,0.44566693902015686,0.3682436943054199,-0.004637361038476229,0.45146995782852173,0.36817142367362976,-0.006161168683320284,0.4680749475955963,0.4596790075302124,0.012259425595402718,0.4239944815635681,0.42582619190216064,0.027775363996624947,0.4874415099620819,0.5089098215103149,0.029774170368909836,0.468367338180542,0.49802055954933167,0.04017781466245651,0.4591258764266968,0.49024224281311035,0.04618820920586586,0.48034361004829407,0.3081895709037781,-0.0337732657790184,0.49966710805892944,0.5088710784912109,0.028241263702511787,0.4569055736064911,0.36684778332710266,-0.006615918595343828,0.4619804620742798,0.365159273147583,-0.005993875674903393,0.4651351273059845,0.3645256757736206,-0.0050760176964104176,0.4187163710594177,0.3554721772670746,0.007061878684908152,0.45989105105400085,0.35905715823173523,-0.008514510467648506,0.4537889063358307,0.35741761326789856,-0.009830937720835209,0.4479115605354309,0.35762739181518555,-0.009515123441815376,0.4423353970050812,0.35914602875709534,-0.007591302040964365,0.4389926493167877,0.36102670431137085,-0.0051122140139341354,0.40645718574523926,0.34480780363082886,0.03759051859378815,0.4416026771068573,0.3671414256095886,-0.0027421507984399796,0.492396742105484,0.4393257200717926,-0.010836141183972359,0.471159428358078,0.44126415252685547,-0.0033699709456413984,0.4754992723464966,0.42755764722824097,-0.01674601435661316,0.48332446813583374,0.44015517830848694,-0.010006504133343697,0.48496365547180176,0.35822707414627075,-0.024046113714575768,0.45602473616600037,0.48261570930480957,0.03708186745643616,0.46558836102485657,0.4910096228122711,0.032359447330236435,0.4864043593406677,0.5050060749053955,0.021176554262638092,0.43703269958496094,0.4660513401031494,0.06283999979496002,0.4642871618270874,0.36206749081611633,-0.00667381240054965,0.4775613248348236,0.3904581665992737,-0.021946392953395844,0.49912741780281067,0.5047249794006348,0.019905295222997665,0.4775182902812958,0.5048618912696838,0.033790599554777145,0.41966283321380615,0.4270518124103546,0.04889902472496033,0.48022180795669556,0.4587218165397644,0.003424085443839431,0.47924456000328064,0.46179863810539246,0.003324694698676467,0.47849640250205994,0.46561792492866516,0.0030097374692559242,0.4780881702899933,0.47004619240760803,0.004669413901865482,0.478598952293396,0.47541868686676025,0.010848239064216614,0.4703693687915802,0.45592623949050903,0.008802102878689766,0.469108521938324,0.4550737142562866,0.008730038069188595,0.4680604338645935,0.45420098304748535,0.008351527154445648,0.46010705828666687,0.44918739795684814,0.008191737346351147,0.4328179955482483,0.43179190158843994,0.015365727245807648,0.47657814621925354,0.37926965951919556,-0.01792425848543644,0.4713172912597656,0.3591603934764862,-0.011013594456017017,0.46704626083374023,0.35951828956604004,-0.008405922912061214,0.4717133045196533,0.4568098783493042,0.009757508523762226,0.4352250099182129,0.4505501091480255,0.030481945723295212,0.47719600796699524,0.3603047728538513,-0.01938900165259838,0.47663602232933044,0.4833846688270569,0.01589355245232582,0.488283634185791,0.3952128291130066,-0.03283126279711723,0.48167216777801514,0.38636505603790283,-0.0277131088078022,0.48730382323265076,0.3840395212173462,-0.029466239735484123,0.47441527247428894,0.405085027217865,-0.018901433795690536,0.49834465980529785,0.497329443693161,0.01426521223038435,0.4972856044769287,0.48735231161117554,0.011758621782064438,0.48699235916137695,0.4879360496997833,0.01303517073392868,0.4601586163043976,0.4669436812400818,0.020304454490542412,0.462805837392807,0.4258529841899872,-0.0015757274813950062,0.46807265281677246,0.47611522674560547,0.018762797117233276,0.44670623540878296,0.4256499707698822,0.000874138087965548,0.4571475386619568,0.4346345067024231,0.0020477890502661467,0.4424916207790375,0.438538134098053,0.009611809626221657,0.4862518310546875,0.49781233072280884,0.015768354758620262,0.4709804654121399,0.4088529050350189,-0.012977685779333115,0.4563129246234894,0.473955363035202,0.027705855667591095,0.465938925743103,0.48323720693588257,0.025384359061717987,0.4530768096446991,0.4571349620819092,0.018230725079774857,0.4277441203594208,0.4399787187576294,0.03377024829387665,0.4453137516975403,0.45940446853637695,0.024403240531682968,0.4257660210132599,0.444652795791626,0.05078144744038582,0.4527309834957123,0.4439558684825897,0.00797644630074501,0.47394227981567383,0.3954799771308899,-0.015901785343885422,0.47662222385406494,0.42658138275146484,-0.025146551430225372,0.472623348236084,0.4265962839126587,-0.017196128144860268,0.4790383577346802,0.4217221736907959,-0.030550088733434677,0.465345561504364,0.3525245189666748,-0.014509793370962143,0.45366495847702026,0.34809941053390503,-0.016349738463759422,0.44357308745384216,0.3476521074771881,-0.015642406418919563,0.43566542863845825,0.34964293241500854,-0.012427255511283875,0.43067044019699097,0.3533497750759125,-0.0078808618709445,0.42857053875923157,0.3666475713253021,0.004925606772303581,0.41154974699020386,0.3887767493724823,0.039352480322122574,0.43487104773521423,0.3796258866786957,0.0024973240215331316,0.4420463740825653,0.38250941038131714,-0.0009455561521463096,0.45118287205696106,0.38167813420295715,-0.0034572845324873924,0.45943933725357056,0.3786836862564087,-0.0051263477653265,0.46557778120040894,0.3754265308380127,-0.006063835229724646,0.4697340130805969,0.37268590927124023,-0.007099290378391743,0.41059863567352295,0.38414692878723145,0.06307143718004227,0.4726877808570862,0.4275153577327728,-0.013542769476771355,0.4784005880355835,0.4004664421081543,-0.025107700377702713,0.48130127787590027,0.42836371064186096,-0.02988273836672306,0.48471730947494507,0.43128669261932373,-0.026212750002741814,0.4812488853931427,0.428853303194046,-0.026497380807995796,0.4743057191371918,0.4290899634361267,-0.010670648887753487,0.48622849583625793,0.4324764013290405,-0.027744362130761147,0.4868529140949249,0.4330095946788788,-0.019435793161392212,0.46895453333854675,0.36494842171669006,-0.005958687048405409,0.4727846384048462,0.36798229813575745,-0.009319097734987736,0.4749288260936737,0.3707639276981354,-0.01326441578567028,0.4370634853839874,0.362367182970047,-0.002605356276035309,0.4323282539844513,0.3591610789299011,-0.0026631546206772327,0.49376875162124634,0.39523422718048096,-0.0304288137704134,0.530549168586731,0.35148748755455017,-0.0014080451801419258,0.49808645248413086,0.42949992418289185,-0.019786570221185684,0.5528677701950073,0.30613255500793457,0.02065522037446499,0.513301432132721,0.36255937814712524,-0.0067175449803471565,0.5196470022201538,0.36198684573173523,-0.006098396144807339,0.5259703397750854,0.3607012629508972,-0.004401300568133593,0.5340026021003723,0.3539235591888428,0.0004327918286435306,0.5079367160797119,0.3618948459625244,-0.006321345921605825,0.5214433670043945,0.3401123285293579,-0.012730304151773453,0.5142679214477539,0.3422125577926636,-0.012939920648932457,0.5280783772468567,0.3399895429611206,-0.010194465517997742,0.5324581265449524,0.3417266011238098,-0.007180716376751661,0.5405428409576416,0.3585028648376465,0.004848008044064045,0.5201433897018433,0.48502838611602783,0.020321855321526527,0.5330526828765869,0.3491390347480774,0.00034033716656267643,0.5596227049827576,0.34634047746658325,0.032318852841854095,0.5474966168403625,0.3506954312324524,0.009861817583441734,0.5228292346000671,0.4043333828449249,-0.0041898274794220924,0.5010286569595337,0.44713079929351807,-0.008474712260067463,0.5007911324501038,0.45460373163223267,-0.0037594095338135958,0.5088514089584351,0.4468629062175751,-0.004083763342350721,0.5138217210769653,0.4468234181404114,0.0017045146087184548,0.5071225166320801,0.45243048667907715,-0.000990074360743165,0.511769711971283,0.4505823850631714,0.004086688160896301,0.5243170857429504,0.4526178538799286,0.015729885548353195,0.496719092130661,0.4281408488750458,-0.03261096403002739,0.49664509296417236,0.4192454218864441,-0.03619149699807167,0.5413163304328918,0.33331358432769775,-0.007870863191783428,0.5067548751831055,0.38460540771484375,-0.00991817656904459,0.5109232068061829,0.41686055064201355,-0.017014561221003532,0.510581910610199,0.4109307527542114,-0.015905357897281647,0.5427305102348328,0.3965873420238495,0.0036964863538742065,0.49514615535736084,0.4065852463245392,-0.03456144407391548,0.5248204469680786,0.3301013112068176,-0.020748717710375786,0.5343313813209534,0.33003830909729004,-0.015214315615594387,0.5455768704414368,0.29314857721328735,0.004378178156912327,0.497039794921875,0.3450882136821747,-0.025006040930747986,0.5082590579986572,0.3463825583457947,-0.010569630190730095,0.5290067195892334,0.4433276355266571,0.015252198092639446,0.5584595799446106,0.4279865622520447,0.07091546058654785,0.506879448890686,0.4230721592903137,-0.013606985099613667,0.502144992351532,0.4269671142101288,-0.013174374587833881,0.5201233625411987,0.4465612769126892,0.014792421832680702,0.5186550617218018,0.447415828704834,0.013017239049077034,0.5371689796447754,0.3229333162307739,-0.013604691252112389,0.5115365386009216,0.4188746213912964,-0.012574544176459312,0.5123971104621887,0.3344686031341553,-0.024207569658756256,0.5126906633377075,0.32687848806381226,-0.02733331173658371,0.5177152752876282,0.2799689769744873,-0.024969153106212616,0.5418372750282288,0.30722224712371826,-0.00655349949374795,0.5151687860488892,0.3019629716873169,-0.027210574597120285,0.5446000695228577,0.32741063833236694,-0.0035121156834065914,0.5493877530097961,0.31700876355171204,0.007119345478713512,0.5010956525802612,0.45115071535110474,-0.0067565045319497585,0.5080538988113403,0.44976910948753357,-0.002627772279083729,0.5128667950630188,0.448682576417923,0.0024726761039346457,0.5056791305541992,0.42444324493408203,-0.011895588599145412,0.5193551778793335,0.4470081925392151,0.013841845095157623,0.5165291428565979,0.4509255290031433,0.010723568499088287,0.5179100632667542,0.4478631615638733,0.012840342707931995,0.5036246180534363,0.42377251386642456,-0.023460309952497482,0.5108104348182678,0.45205965638160706,0.005636958405375481,0.5061450600624084,0.454384982585907,0.0023710355162620544,0.5002744793891907,0.4568110704421997,-0.00013029396359343082,0.5050098896026611,0.4763156771659851,0.009290826506912708,0.5021972060203552,0.47007858753204346,0.002033439464867115,0.501637876033783,0.46533769369125366,0.0004358185105957091,0.5008757710456848,0.46068596839904785,0.0011090441839769483,0.5000799298286438,0.4569256603717804,0.0009602733771316707,0.5106120705604553,0.45199644565582275,0.006522993557155132,0.5118545293807983,0.45335933566093445,0.006317634601145983,0.5132142305374146,0.45525822043418884,0.00609793234616518,0.5142960548400879,0.4575020372867584,0.007755745202302933,0.5206564664840698,0.4360138177871704,0.0017375614261254668,0.5620723366737366,0.38127174973487854,0.06951840966939926,0.5140578150749207,0.4500727951526642,0.010258890688419342,0.5152899622917175,0.45042672753334045,0.010259300470352173,0.5002496242523193,0.4307597279548645,-0.012232056818902493,0.5101626515388489,0.4231858551502228,-0.006521121598780155,0.50115966796875,0.4289519190788269,-0.012997418642044067,0.5139005184173584,0.38759171962738037,-0.0064681582152843475,0.5257437229156494,0.39083588123321533,-0.00354863703250885,0.5120413303375244,0.41328826546669006,-0.011389028280973434,0.534537136554718,0.28397688269615173,-0.011399476788938046,0.5309297442436218,0.30163854360580444,-0.017697948962450027,0.5261702537536621,0.322130411863327,-0.021555736660957336,0.5195135474205017,0.4615294933319092,0.013434491120278835,0.49766093492507935,0.33311474323272705,-0.030125319957733154,0.4989665448665619,0.30471986532211304,-0.03228617459535599,0.4996131956577301,0.279744029045105,-0.03254792466759682,0.5311506390571594,0.35784482955932617,-0.0017889675218611956,0.5484189391136169,0.3629208207130432,0.009679901413619518,0.5045389533042908,0.36084234714508057,-0.0059780278243124485,0.539451539516449,0.34307560324668884,-0.0015884643653407693,0.5018507242202759,0.38057589530944824,-0.013354737311601639,0.5069586038589478,0.41687971353530884,-0.02415078692138195,0.5556367039680481,0.3678799569606781,0.018504953011870384,0.5446552038192749,0.37093499302864075,0.005370906088501215,0.5368306636810303,0.37702903151512146,0.00010712662333389744,0.5242461562156677,0.3788107633590698,-0.002917646896094084,0.5146356225013733,0.377164363861084,-0.0050416868180036545,0.5076740980148315,0.37494316697120667,-0.0077189248986542225,0.49246302247047424,0.37247204780578613,-0.02328045666217804,0.5566975474357605,0.38709840178489685,0.020993808284401894,0.5446895360946655,0.34067296981811523,0.0008054377976804972,0.4950961768627167,0.431875616312027,-0.028610294684767723,0.5072051882743835,0.394944429397583,-0.01064181886613369,0.5607091188430786,0.3404826819896698,0.05423085391521454,0.502273678779602,0.37201637029647827,-0.009919610805809498,0.5125983357429504,0.4120292663574219,-0.004710941109806299,0.5360830426216125,0.34864601492881775,0.0017162410076707602,0.5063652396202087,0.4095577001571655,-0.022770749405026436,0.5614263415336609,0.4040354788303375,0.07188671827316284,0.5045851469039917,0.35759684443473816,-0.005316941533237696,0.5008278489112854,0.4073324501514435,-0.03006536141037941,0.5460548996925354,0.45652759075164795,0.04042306914925575,0.5455097556114197,0.4639803469181061,0.05452290549874306,0.562201976776123,0.38479241728782654,0.044913407415151596,0.5537965893745422,0.442503958940506,0.045768074691295624,0.5546275973320007,0.32995960116386414,0.02116953581571579,0.5216122269630432,0.49243199825286865,0.026284676045179367,0.49451717734336853,0.43260860443115234,-0.01910846121609211,0.513687789440155,0.3992026746273041,-0.006850993260741234,0.5530790090560913,0.35036808252334595,0.016467181965708733,0.5241585373878479,0.35501763224601746,-0.004829170182347298,0.5188145041465759,0.3564405143260956,-0.006339206360280514,0.5176534652709961,0.45164862275123596,0.012089617550373077,0.5572100281715393,0.40511035919189453,0.027611585333943367,0.5115829706192017,0.5050689578056335,0.029919307678937912,0.5283516049385071,0.4885192811489105,0.040594108402729034,0.5360845923423767,0.47825491428375244,0.046744104474782944,0.5136284828186035,0.3568788170814514,-0.00676789740100503,0.5087324976921082,0.3569585084915161,-0.006137745920568705,0.5058114528656006,0.3574366569519043,-0.005209107883274555,0.5489480495452881,0.3366100788116455,0.00677589513361454,0.5098556876182556,0.3520013689994812,-0.008625369518995285,0.5151579976081848,0.3495534658432007,-0.009982447139918804,0.5205598473548889,0.34850096702575684,-0.009701158851385117,0.5258790850639343,0.34831711649894714,-0.007810648530721664,0.5293199419975281,0.34870511293411255,-0.00535609433427453,0.5576287508010864,0.3209361135959625,0.038429148495197296,0.5278298854827881,0.35323822498321533,-0.002945386106148362,0.513762354850769,0.43460583686828613,-0.0033976994454860687,0.5067121982574463,0.42263925075531006,-0.016729341819882393,0.5016401410102844,0.4373464286327362,-0.010011374019086361,0.5373111367225647,0.47012174129486084,0.036925166845321655,0.5295491218566895,0.48117610812187195,0.032235778868198395,0.5115365982055664,0.5010738372802734,0.02109178900718689,0.5528068542480469,0.4481445848941803,0.06375852972269058,0.5062643885612488,0.3553692698478699,-0.0067886109463870525,0.49808269739151,0.3871825933456421,-0.02194744534790516,0.520615816116333,0.4979875385761261,0.034049734473228455,0.5615565180778503,0.40506473183631897,0.04873449355363846,0.5059224367141724,0.45441511273384094,0.003401626832783222,0.5071488618850708,0.45704978704452515,0.003294831607490778,0.5082615613937378,0.46045559644699097,0.002930551767349243,0.5091246962547302,0.46452540159225464,0.004558822140097618,0.5132736563682556,0.4698130786418915,0.010722463950514793,0.5153964161872864,0.44888225197792053,0.008723840117454529,0.5164695382118225,0.44771209359169006,0.008626208640635014,0.5173898935317993,0.4465934932231903,0.008247576653957367,0.5262463688850403,0.43869563937187195,0.008057879284024239,0.549838662147522,0.41349294781684875,0.015240903943777084,0.49699389934539795,0.3760526180267334,-0.017928067594766617,0.499104380607605,0.35451361536979675,-0.011058509349822998,0.5032378435134888,0.3535114824771881,-0.008532043546438217,0.5142099857330322,0.4501044452190399,0.009658264927566051,0.5513224601745605,0.432529479265213,0.03032578155398369,0.4936044216156006,0.35778093338012695,-0.019449099898338318,0.5169376730918884,0.47701403498649597,0.015761099755764008,0.4932507276535034,0.3844878077507019,-0.02772538922727108,0.5037522315979004,0.400479793548584,-0.01886899396777153,0.5075151324272156,0.48467516899108887,0.012949110940098763,0.5298529863357544,0.4559277296066284,0.020100662484765053,0.5188599228858948,0.41696715354919434,-0.0016146337147802114,0.5239322781562805,0.4672582149505615,0.018557487055659294,0.5349748134613037,0.41173040866851807,0.000767999270465225,0.5262584686279297,0.42368829250335693,0.00197604694403708,0.5416852235794067,0.42295512557029724,0.009437878616154194,0.5102059245109558,0.4940629005432129,0.01565498486161232,0.5077570676803589,0.40307122468948364,-0.012967666611075401,0.5352317094802856,0.4616173505783081,0.0275212824344635,0.5276287794113159,0.47360125184059143,0.02524491772055626,0.5349326133728027,0.44428136944770813,0.018045956268906593,0.5564716458320618,0.42003586888313293,0.03365404158830643,0.5432113409042358,0.4441448450088501,0.024227377027273178,0.5592988729476929,0.424094557762146,0.05063757300376892,0.5325905084609985,0.43133166432380676,0.007849819026887417,0.5024864673614502,0.39097192883491516,-0.015876775607466698,0.5054565072059631,0.42198580503463745,-0.02511748857796192,0.5093692541122437,0.4208577275276184,-0.017195576801896095,0.502107560634613,0.4179922640323639,-0.03050130233168602,0.5032984018325806,0.34687352180480957,-0.014593254774808884,0.5133901238441467,0.3396790027618408,-0.01649821363389492,0.5226882100105286,0.33656537532806396,-0.015873532742261887,0.530592679977417,0.33623120188713074,-0.012669641524553299,0.5361971855163574,0.3382350206375122,-0.008141055703163147,0.541128933429718,0.3499644696712494,0.004698747303336859,0.5616872906684875,0.36529281735420227,0.039032064378261566,0.5372645258903503,0.3634034991264343,0.0022982540540397167,0.5308915376663208,0.3678881525993347,-0.0011133069638162851,0.5220841765403748,0.36967673897743225,-0.003582387464120984,0.5137543082237244,0.36932146549224854,-0.005223829764872789,0.5074133276939392,0.36809253692626953,-0.006131898146122694,0.5030463337898254,0.36670824885368347,-0.00715896999463439,0.5616064071655273,0.3602803945541382,0.06387808173894882,0.5094194412231445,0.4217705726623535,-0.013543977402150631,0.4989432394504547,0.3971773386001587,-0.02509876899421215,0.5011026263237,0.425100177526474,-0.029874885454773903,0.49837398529052734,0.42899563908576965,-0.02619062550365925,0.5013088583946228,0.42559438943862915,-0.02647889405488968,0.5081912875175476,0.4238119423389435,-0.01065396424382925,0.49713173508644104,0.430609792470932,-0.027728183194994926,0.4965875744819641,0.43132075667381287,-0.019432999193668365,0.502368152141571,0.3589842915534973,-0.006058335304260254,0.49931690096855164,0.3631533086299896,-0.009371916763484478,0.4976937472820282,0.36660847067832947,-0.013302216306328773,0.5314640998840332,0.3490464389324188,-0.0028545777313411236,0.5355929136276245,0.34419333934783936,-0.0029115306679159403,0.44862014055252075,0.3634061813354492,-0.005428664851933718,0.45623084902763367,0.36244088411331177,-0.005428664851933718,0.4479709267616272,0.35465338826179504,-0.005428664851933718,0.44102799892425537,0.3642834424972534,-0.005428664851933718,0.4492415189743042,0.37207406759262085,-0.005428664851933718,0.5197872519493103,0.3524149954319,-0.005608254577964544,0.5268316268920898,0.35099440813064575,-0.005608254577964544,0.5187607407569885,0.3440922796726227,-0.005608254577964544,0.5127317309379578,0.35377493500709534,-0.005608254577964544,0.5208105444908142,0.36070606112480164,-0.005608254577964544
466.6666666666666,0.49376168847084045,0.45025917887687683,-0.009068652056157589,0.4922664761543274,0.4296533763408661,-0.033165913075208664,0.492618203163147,0.4338415861129761,-0.014096914790570736,0.4840242564678192,0.3969833254814148,-0.030470840632915497,0.4914553463459015,0.4207768142223358,-0.03695739433169365,0.4902796447277069,0.40717053413391113,-0.036645177751779556,0.4873194694519043,0.37180057168006897,-0.02617313154041767,0.43981173634529114,0.36489275097846985,-0.0012976032448932528,0.485115110874176,0.34680643677711487,-0.02657111920416355,0.48402079939842224,0.33429670333862305,-0.030840132385492325,0.4795849621295929,0.28264203667640686,-0.0345357246696949,0.49390098452568054,0.4534245431423187,-0.007435276173055172,0.49400171637535095,0.45664793252944946,-0.004879763349890709,0.4940592646598816,0.45878738164901733,-0.0010377189610153437,0.49390190839767456,0.4589953124523163,0.00021633462165482342,0.4940996766090393,0.46330732107162476,0.0004919260973110795,0.4942989945411682,0.46821820735931396,-4.3095744331367314e-05,0.4944644272327423,0.4731074869632721,0.0018362849950790405,0.4969094395637512,0.4794234037399292,0.009244848974049091,0.492571085691452,0.43293190002441406,-0.029027046635746956,0.48589038848876953,0.43170368671417236,-0.019863186404109,0.40959349274635315,0.3280160129070282,0.019763514399528503,0.45984193682670593,0.3716351091861725,-0.006713166832923889,0.4532104730606079,0.37311282753944397,-0.006084119901061058,0.446526437997818,0.3735775947570801,-0.004365004599094391,0.43723011016845703,0.36827829480171204,0.0005072317435406148,0.4653017520904541,0.3693503737449646,-0.006295362021774054,0.44702795147895813,0.34977689385414124,-0.012616368010640144,0.4550396502017975,0.3501375615596771,-0.012856069020926952,0.4401306211948395,0.351607084274292,-0.0100724957883358,0.43599414825439453,0.3548070788383484,-0.007028659339994192,0.4319741129875183,0.37486857175827026,0.004894121550023556,0.4756511151790619,0.49220603704452515,0.020692257210612297,0.43690967559814453,0.36253565549850464,0.0004451237909961492,0.411038339138031,0.3689029812812805,0.032437779009342194,0.42386117577552795,0.3685323894023895,0.00991915725171566,0.4577518403530121,0.4145551919937134,-0.00421700906008482,0.4854161739349365,0.44928261637687683,-0.008579538203775883,0.48643821477890015,0.45677000284194946,-0.003909610211849213,0.47788745164871216,0.4513399600982666,-0.004189012572169304,0.47289133071899414,0.4528515040874481,0.0016214109491556883,0.48013418912887573,0.4564698040485382,-0.001099392888136208,0.475352942943573,0.4560772776603699,0.00396503834053874,0.46544134616851807,0.46249014139175415,0.01588602550327778,0.4868982136249542,0.4298860728740692,-0.03267260268330574,0.4853651225566864,0.42126041650772095,-0.036230072379112244,0.426033616065979,0.349234938621521,-0.007715666200965643,0.46960148215293884,0.3904794752597809,-0.010002109222114086,0.47123685479164124,0.4230737090110779,-0.017102347686886787,0.47050851583480835,0.41721323132514954,-0.01597968302667141,0.43728744983673096,0.4130459427833557,0.0036565163172781467,0.48456063866615295,0.4085232615470886,-0.03459586575627327,0.44133374094963074,0.3415021300315857,-0.020607292652130127,0.4320533573627472,0.3439980447292328,-0.015055029653012753,0.4145463705062866,0.3130864202976227,0.003640546929091215,0.47189971804618835,0.34831634163856506,-0.024934109300374985,0.4621376693248749,0.3529958426952362,-0.010490256361663342,0.45933815836906433,0.45468249917030334,0.015323223546147346,0.42811262607574463,0.44741082191467285,0.06981541216373444,0.4762289226055145,0.4279019236564636,-0.0137556791305542,0.48155006766319275,0.4303129315376282,-0.013287163339555264,0.4663110673427582,0.45461225509643555,0.014823570847511292,0.46789586544036865,0.45507174730300903,0.013015922158956528,0.42817938327789307,0.33795952796936035,-0.013423885218799114,0.47095438838005066,0.4252011179924011,-0.01266929879784584,0.45441514253616333,0.34242552518844604,-0.024095332249999046,0.45262959599494934,0.33518853783607483,-0.027252426370978355,0.440123975276947,0.2918338477611542,-0.02524108625948429,0.42086225748062134,0.3252407908439636,-0.00639560678973794,0.4464171528816223,0.3123099207878113,-0.027106638997793198,0.4219232201576233,0.34429413080215454,-0.0033406030852347612,0.4152088463306427,0.33701398968696594,0.007298232521861792,0.48579391837120056,0.45331668853759766,-0.006880952976644039,0.4789665937423706,0.4539925456047058,-0.0027295530308037996,0.4740443825721741,0.45445019006729126,0.002383753890171647,0.47762081027030945,0.42886847257614136,-0.011996121145784855,0.4671288728713989,0.4548521935939789,0.01385035552084446,0.4702722430229187,0.4582166373729706,0.010807203128933907,0.4687047600746155,0.45530903339385986,0.012827087193727493,0.4795330762863159,0.4277079403400421,-0.023566635325551033,0.47639918327331543,0.45735064148902893,0.005543929524719715,0.4812157154083252,0.4582464098930359,0.0022466606460511684,0.4871641993522644,0.4589155316352844,-0.0002497881941962987,0.48820263147354126,0.4798675775527954,0.009685924276709557,0.4862141013145447,0.4731917977333069,0.0022932279389351606,0.4862816035747528,0.4681897759437561,0.0006117438315413892,0.4866204857826233,0.4632458984851837,0.0012181596830487251,0.4870923161506653,0.45919132232666016,0.0010235446970909834,0.4763323664665222,0.4575138986110687,0.0065621077083051205,0.475212961435318,0.459350049495697,0.006399965845048428,0.4739830791950226,0.46182554960250854,0.0062284283339977264,0.47304537892341614,0.46457725763320923,0.007925000973045826,0.4656209349632263,0.4447450339794159,0.0016792495734989643,0.4153017997741699,0.4035223722457886,0.06850410252809525,0.4926336109638214,0.4335567355155945,-0.019586198031902313,0.4728088676929474,0.4564875364303589,0.010291334241628647,0.47152629494667053,0.45726442337036133,0.010328473523259163,0.48405200242996216,0.4333516061306,-0.012306026183068752,0.47307994961738586,0.42895153164863586,-0.006593008060008287,0.48284679651260376,0.4318947196006775,-0.013106432743370533,0.4631746709346771,0.39551711082458496,-0.006541306618601084,0.4524994492530823,0.40229690074920654,-0.0035731748212128878,0.46951133012771606,0.41991904377937317,-0.011474511586129665,0.4240589141845703,0.30080243945121765,-0.011940966360270977,0.4306381642818451,0.3165142238140106,-0.01754288375377655,0.4385901689529419,0.3342917561531067,-0.021375378593802452,0.47169220447540283,0.4697694182395935,0.013667343184351921,0.46884477138519287,0.33692699670791626,-0.03005904331803322,0.4629359245300293,0.31031790375709534,-0.03224722295999527,0.45806100964546204,0.28620225191116333,-0.03268640860915184,0.4407421052455902,0.37188369035720825,-0.00174566765781492,0.4251933991909027,0.38164666295051575,0.009727811440825462,0.468617707490921,0.3672093152999878,-0.005949344020336866,0.4298141598701477,0.3584359586238861,-0.0014436871279031038,0.4737280309200287,0.38510963320732117,-0.01342715136706829,0.47509998083114624,0.42196041345596313,-0.024264466017484665,0.41903504729270935,0.3888563811779022,0.018563851714134216,0.43011409044265747,0.3888356685638428,0.0053792246617376804,0.4389382004737854,0.39281803369522095,0.00010506449325475842,0.45196759700775146,0.39067021012306213,-0.0029230117797851562,0.4613065719604492,0.38616764545440674,-0.005073795560747385,0.46785297989845276,0.3818516433238983,-0.007799562532454729,0.481391966342926,0.3744065463542938,-0.02329094521701336,0.4218628406524658,0.40779438614845276,0.02100435271859169,0.424465537071228,0.35750606656074524,0.0008924659341573715,0.48921728134155273,0.43301451206207275,-0.02867748774588108,0.4710196852684021,0.40065905451774597,-0.01073679979890585,0.4086403250694275,0.3637365400791168,0.053280241787433624,0.47272858023643494,0.37737149000167847,-0.009969538077712059,0.46871113777160645,0.4188806414604187,-0.00476731825619936,0.43411344289779663,0.36310747265815735,0.001836063340306282,0.47433653473854065,0.41467714309692383,-0.022893745452165604,0.4204336106777191,0.4252508580684662,0.07076337188482285,0.4679214060306549,0.36380013823509216,-0.005281730554997921,0.47927987575531006,0.4109446108341217,-0.030126173049211502,0.44582661986351013,0.4716096818447113,0.04057710990309715,0.44777950644493103,0.4786180853843689,0.053787440061569214,0.4159494936466217,0.40699949860572815,0.0449371337890625,0.43564173579216003,0.4601673185825348,0.0458342470228672,0.4126255214214325,0.35142379999160767,0.021287057548761368,0.47567033767700195,0.499641090631485,0.02665075473487377,0.4898858964443207,0.433528333902359,-0.019182071089744568,0.4654719829559326,0.4067496657371521,-0.00692164059728384,0.4187505543231964,0.3695639371871948,0.01654592901468277,0.4469498097896576,0.36753711104393005,-0.0047629461623728275,0.45282313227653503,0.36753374338150024,-0.006279055029153824,0.46920427680015564,0.4593183398246765,0.01217961311340332,0.4249163269996643,0.425222247838974,0.027577310800552368,0.4877853989601135,0.50901859998703,0.030139952898025513,0.4687586724758148,0.4977872371673584,0.04036281630396843,0.4595729112625122,0.4898756742477417,0.04626930505037308,0.48171311616897583,0.3080936074256897,-0.033768922090530396,0.5000196695327759,0.5091065764427185,0.028656043112277985,0.45833125710487366,0.36630454659461975,-0.0067235431633889675,0.46347716450691223,0.3647150993347168,-0.006091567222028971,0.46666261553764343,0.36414653062820435,-0.005166062619537115,0.41984665393829346,0.3546954393386841,0.006924665067344904,0.46134620904922485,0.3585522770881653,-0.008612846955657005,0.4551600217819214,0.3567762076854706,-0.009938670322299004,0.4492272436618805,0.356895387172699,-0.00962300505489111,0.44362005591392517,0.35837242007255554,-0.007703931536525488,0.4402555823326111,0.3602507710456848,-0.005231108050793409,0.40775588154792786,0.34393322467803955,0.03744668513536453,0.4428585171699524,0.3664175271987915,-0.002873904537409544,0.49313944578170776,0.43933457136154175,-0.010903920978307724,0.471910297870636,0.4412076771259308,-0.003490075236186385,0.476306676864624,0.4274437427520752,-0.016823381185531616,0.48406627774238586,0.44011881947517395,-0.010078960098326206,0.4861205220222473,0.35815414786338806,-0.02405807562172413,0.45661067962646484,0.4823525846004486,0.037143684923648834,0.4660891592502594,0.490875244140625,0.03252145275473595,0.4868152141571045,0.5052002668380737,0.02152714692056179,0.43765732645988464,0.46534213423728943,0.06274059414863586,0.4657928943634033,0.3616766631603241,-0.006765617989003658,0.47857365012168884,0.3904280662536621,-0.022000066936016083,0.4995192289352417,0.5050695538520813,0.020308006554841995,0.4778764843940735,0.504798173904419,0.034073714166879654,0.420515775680542,0.4262683391571045,0.04869445040822029,0.4811832010746002,0.458524227142334,0.00343277957290411,0.48019543290138245,0.4616451859474182,0.0033827892038971186,0.4794105291366577,0.46554121375083923,0.003105401061475277,0.4789491891860962,0.47010523080825806,0.004801309201866388,0.47914353013038635,0.4760805368423462,0.011038296855986118,0.47153833508491516,0.45552268624305725,0.008628865703940392,0.4702933728694916,0.4546490013599396,0.008552747778594494,0.4692603051662445,0.45375901460647583,0.008175456896424294,0.46094807982444763,0.44920769333839417,0.008027403615415096,0.43377503752708435,0.4313519597053528,0.015208951197564602,0.47762688994407654,0.37922316789627075,-0.017977824434638023,0.4727429747581482,0.3589632511138916,-0.011089866049587727,0.4685330092906952,0.359211802482605,-0.008493827655911446,0.4728655219078064,0.45642411708831787,0.009598790667951107,0.4360874891281128,0.4500877261161804,0.030362365767359734,0.4784817397594452,0.3602408468723297,-0.019428428262472153,0.477160781621933,0.48372209072113037,0.016137834638357162,0.4892973303794861,0.39528870582580566,-0.032860592007637024,0.4827217757701874,0.38639119267463684,-0.027744101360440254,0.48836657404899597,0.3841104209423065,-0.029480990022420883,0.47532907128334045,0.40500491857528687,-0.018971722573041916,0.49878814816474915,0.4977956712245941,0.014689493924379349,0.4977969527244568,0.4880309998989105,0.012172678485512733,0.4875006675720215,0.4884694814682007,0.013406925834715366,0.46082568168640137,0.46700742840766907,0.020294906571507454,0.46362537145614624,0.4257024824619293,-0.0016652910271659493,0.4686305522918701,0.4762935936450958,0.01888269931077957,0.4476566016674042,0.42540571093559265,0.0007829419337213039,0.4580244719982147,0.4344851076602936,0.0019360383739694953,0.4434499442577362,0.4382547438144684,0.009499164298176765,0.4867236614227295,0.49811503291130066,0.01613549143075943,0.4718494415283203,0.40872904658317566,-0.013058241456747055,0.4569520652294159,0.4738454818725586,0.027729008346796036,0.46648117899894714,0.48323822021484375,0.025535613298416138,0.4538588225841522,0.45707863569259644,0.018139982596039772,0.42862212657928467,0.43937623500823975,0.03360273316502571,0.446098268032074,0.4591705799102783,0.024326741695404053,0.4265686273574829,0.44392135739326477,0.05060923472046852,0.4536482095718384,0.44383320212364197,0.007842755876481533,0.47490590810775757,0.39539745450019836,-0.01596841588616371,0.4774496555328369,0.4264909029006958,-0.02522650919854641,0.47343891859054565,0.4264761507511139,-0.017281321808695793,0.4799155592918396,0.4216811954975128,-0.030620761215686798,0.46675175428390503,0.35225629806518555,-0.01458772737532854,0.4549911916255951,0.3476468324661255,-0.01643650233745575,0.4448200464248657,0.34704872965812683,-0.015737805515527725,0.43684902787208557,0.34895458817481995,-0.012530243024230003,0.43183374404907227,0.35261496901512146,-0.007988269440829754,0.4297199845314026,0.36591821908950806,0.004781458526849747,0.41262325644493103,0.38798075914382935,0.03912464529275894,0.43599972128868103,0.37901732325553894,0.0023429307620972395,0.4432051181793213,0.38198086619377136,-0.0010859968606382608,0.45242172479629517,0.38119593262672424,-0.003582978853955865,0.46076902747154236,0.37827280163764954,-0.005237070377916098,0.4669661521911621,0.3751027584075928,-0.006155373994261026,0.47114044427871704,0.37243595719337463,-0.007183793466538191,0.41169267892837524,0.3831774592399597,0.06289968639612198,0.4734952449798584,0.42740657925605774,-0.013628552667796612,0.47936975955963135,0.40044745802879333,-0.02516772598028183,0.4821403920650482,0.42831864953041077,-0.02995315007865429,0.48552244901657104,0.431257963180542,-0.026279035955667496,0.4820707142353058,0.4288003444671631,-0.026570579037070274,0.4751032888889313,0.4290030598640442,-0.010748500935733318,0.4870348572731018,0.43245363235473633,-0.027812451124191284,0.48764321208000183,0.43298831582069397,-0.01949978806078434,0.47046321630477905,0.36467066407203674,-0.006042422726750374,0.4741961359977722,0.3677835464477539,-0.009395997039973736,0.4762449860572815,0.3706040680408478,-0.013326202519237995,0.4383101463317871,0.3615889847278595,-0.0027301041409373283,0.43354663252830505,0.3584052324295044,-0.002783925272524357,0.49478569626808167,0.3953394889831543,-0.030449071899056435,0.531402051448822,0.35157740116119385,-0.0013312632218003273,0.4988694489002228,0.4295505881309509,-0.01983158476650715,0.5538737773895264,0.3063160181045532,0.020802989602088928,0.5142123699188232,0.36281636357307434,-0.006692257709801197,0.5206955671310425,0.362202912569046,-0.006058500614017248,0.5270490050315857,0.36082643270492554,-0.004346814472228289,0.5348547697067261,0.3540478050708771,0.0005147728370502591,0.5086647868156433,0.36210817098617554,-0.006308091338723898,0.5223103761672974,0.3401646912097931,-0.012668606825172901,0.5150215029716492,0.34225085377693176,-0.012902568094432354,0.5289914011955261,0.340069442987442,-0.010110056027770042,0.5333712100982666,0.3418373465538025,-0.007085493300110102,0.5415417551994324,0.3586556315422058,0.004927692003548145,0.520547091960907,0.4853982925415039,0.020680900663137436,0.5337989926338196,0.3492129445075989,0.0004303503083065152,0.560434103012085,0.346509724855423,0.03244185075163841,0.5483683943748474,0.3510035276412964,0.009969914332032204,0.5236851572990417,0.4045679569244385,-0.004150139633566141,0.502069354057312,0.44678282737731934,-0.008587099611759186,0.501694917678833,0.4544910788536072,-0.0038944308180361986,0.5097991824150085,0.4465246796607971,-0.004178507253527641,0.5146234035491943,0.4465632438659668,0.0016342784510925412,0.5079390406608582,0.4522916376590729,-0.0011131064966320992,0.5124831199645996,0.45044827461242676,0.003989067859947681,0.5248581171035767,0.4533476233482361,0.015821198001503944,0.4975457787513733,0.42820069193840027,-0.03265970200300217,0.4975407123565674,0.4193514585494995,-0.036229588091373444,0.5422005653381348,0.33364754915237427,-0.007726320996880531,0.5077739357948303,0.3846976161003113,-0.009912587702274323,0.5117827653884888,0.4170466661453247,-0.017041856423020363,0.5114907622337341,0.4111176133155823,-0.015929479151964188,0.5434936285018921,0.3969413638114929,0.003772416850551963,0.4961078464984894,0.40669921040534973,-0.03458862379193306,0.5258930325508118,0.33015015721321106,-0.02064557746052742,0.535321831703186,0.3302277624607086,-0.015078418888151646,0.5467426180839539,0.29332441091537476,0.00453053368255496,0.49801984429359436,0.34498414397239685,-0.02498406171798706,0.5088618397712708,0.34643757343292236,-0.010556639172136784,0.5295007824897766,0.44399183988571167,0.015301283448934555,0.5586788654327393,0.42790117859840393,0.07102171331644058,0.507685124874115,0.4232116937637329,-0.013643463142216206,0.5029268860816956,0.4270751476287842,-0.013211758807301521,0.5206997990608215,0.44642114639282227,0.014785420149564743,0.5192380547523499,0.44728559255599976,0.01299026608467102,0.5380633473396301,0.3232846260070801,-0.013463305309414864,0.5123590230941772,0.4190866947174072,-0.012603015638887882,0.5134792327880859,0.3344029486179352,-0.02415035292506218,0.5138087272644043,0.32683759927749634,-0.027272546663880348,0.5191408395767212,0.2800709903240204,-0.024873701855540276,0.5430429577827454,0.30729568004608154,-0.006398417055606842,0.5165588855743408,0.3020256757736206,-0.02712748572230339,0.5453473925590515,0.3279213607311249,-0.0033558669965714216,0.5504530072212219,0.31709185242652893,0.007274019066244364,0.5020829439163208,0.45090532302856445,-0.006886165589094162,0.5089373588562012,0.44953209161758423,-0.002742030192166567,0.5136314630508423,0.4484756290912628,0.002383755287155509,0.5064684748649597,0.4245852828025818,-0.01192987710237503,0.519934356212616,0.4468695819377899,0.013820350170135498,0.5170496702194214,0.45088884234428406,0.010758421383798122,0.5184899568557739,0.44774046540260315,0.01281643845140934,0.5044501423835754,0.42386510968208313,-0.023493943735957146,0.5114777088165283,0.4519660770893097,0.005554193165153265,0.5068943500518799,0.4543106257915497,0.0022700028494000435,0.5010957717895508,0.4567725956439972,-0.00023778469767421484,0.5056226849555969,0.47722411155700684,0.009658848866820335,0.502657949924469,0.4704195559024811,0.0022864951752126217,0.5021998286247253,0.46554091572761536,0.0006162826903164387,0.5015344619750977,0.46080318093299866,0.0012302622199058533,0.5008209943771362,0.4569701850414276,0.0010362488683313131,0.5112121105194092,0.4519706070423126,0.006567551754415035,0.5123875737190247,0.4533872604370117,0.006403353065252304,0.513684093952179,0.4553535282611847,0.00621032016351819,0.514699399471283,0.45768722891807556,0.007884799502789974,0.5212673544883728,0.4364107549190521,0.0016893217107281089,0.5624983310699463,0.3812514841556549,0.06962337344884872,0.5146276354789734,0.44999733567237854,0.01027127169072628,0.5158284902572632,0.45036745071411133,0.010293920524418354,0.5010232329368591,0.4308534860610962,-0.012264399789273739,0.5109443664550781,0.42340320348739624,-0.006549014709889889,0.5019352436065674,0.4290544390678406,-0.013033648021519184,0.5148789286613464,0.38772353529930115,-0.006446177139878273,0.526655375957489,0.3910658657550812,-0.0034955600276589394,0.5129150152206421,0.41349926590919495,-0.01141299121081829,0.5358566045761108,0.2841367721557617,-0.011268792673945427,0.5322554111480713,0.3017086982727051,-0.017575396224856377,0.5272169709205627,0.32225996255874634,-0.021451396867632866,0.520091712474823,0.46231094002723694,0.013608361594378948,0.49870869517326355,0.33302783966064453,-0.030096400529146194,0.5003601908683777,0.3047338128089905,-0.032242387533187866,0.501074492931366,0.27975964546203613,-0.03249415382742882,0.5321252346038818,0.3579627275466919,-0.0017204447649419308,0.5494978427886963,0.363119512796402,0.009772864170372486,0.5051324963569641,0.3610115647315979,-0.005970623344182968,0.5403252243995667,0.3432961106300354,-0.001470377785153687,0.5029033422470093,0.3806511461734772,-0.013355683535337448,0.5078391432762146,0.4170222878456116,-0.02417876571416855,0.5564667582511902,0.3681262135505676,0.018612833693623543,0.545907735824585,0.3710097074508667,0.005449031013995409,0.5381819009780884,0.3770222067832947,0.00016693062207195908,0.5255393385887146,0.37880659103393555,-0.002882850356400013,0.515781044960022,0.3771684169769287,-0.005025870632380247,0.5086787343025208,0.3749232292175293,-0.007715581450611353,0.4935670793056488,0.37254393100738525,-0.023277483880519867,0.5574009418487549,0.38737818598747253,0.021090054884552956,0.5455443263053894,0.34098920226097107,0.0009355391375720501,0.49589353799819946,0.43190431594848633,-0.028661856427788734,0.5081772208213806,0.3950614035129547,-0.010649356991052628,0.5614216923713684,0.3405979871749878,0.05434606224298477,0.5032039880752563,0.37193867564201355,-0.009924601763486862,0.5134578347206116,0.41223910450935364,-0.004731468390673399,0.53685063123703,0.3488078713417053,0.001812495058402419,0.5072982907295227,0.4097018837928772,-0.02279551886022091,0.561750054359436,0.40395015478134155,0.07199320197105408,0.5050317645072937,0.35777103900909424,-0.005305751226842403,0.5017861723899841,0.4074627459049225,-0.030087094753980637,0.5463219881057739,0.45673349499702454,0.040620945394039154,0.5457334518432617,0.46399790048599243,0.05469502881169319,0.5628001093864441,0.38491180539131165,0.04501881077885628,0.5540540218353271,0.442663311958313,0.04592703655362129,0.5555756688117981,0.33010393381118774,0.02130778692662716,0.5219584107398987,0.49268442392349243,0.026655996218323708,0.4953005611896515,0.4326283931732178,-0.019160764291882515,0.5146130919456482,0.39936065673828125,-0.0068486034870147705,0.5538171529769897,0.3508101999759674,0.01658570021390915,0.5251888632774353,0.35519951581954956,-0.004771721549332142,0.5198301076889038,0.3567056953907013,-0.006293917074799538,0.5181421041488647,0.4516509175300598,0.012126891873776913,0.5577598214149475,0.4053610861301422,0.027707617729902267,0.5119418501853943,0.5053097009658813,0.03033752739429474,0.5286653637886047,0.4885815680027008,0.040901172906160355,0.5363606214523315,0.4782835841178894,0.04697699472308159,0.5145090818405151,0.3571847677230835,-0.006734507158398628,0.509419322013855,0.35724401473999023,-0.006115506868809462,0.5063524842262268,0.35767486691474915,-0.005189480260014534,0.5496519804000854,0.337110310792923,0.00691720237955451,0.5104023814201355,0.35198909044265747,-0.00860392302274704,0.515818178653717,0.34943723678588867,-0.009947516955435276,0.5213225483894348,0.3483266532421112,-0.009646479971706867,0.5266823768615723,0.34818097949028015,-0.0077371373772621155,0.5301227569580078,0.3486417829990387,-0.005275885108858347,0.5585083365440369,0.321110337972641,0.038556016981601715,0.528786838054657,0.35335153341293335,-0.0028752456419169903,0.5144633650779724,0.4348883032798767,-0.0034406003542244434,0.5075291991233826,0.42276766896247864,-0.01676340028643608,0.5023800730705261,0.43745705485343933,-0.01005355641245842,0.5376138091087341,0.4703185558319092,0.0371716134250164,0.5298728346824646,0.48137325048446655,0.03254419565200806,0.5119144916534424,0.5014047026634216,0.02150433324277401,0.55299973487854,0.4481150805950165,0.06387897580862045,0.5067360401153564,0.35545557737350464,-0.006771199405193329,0.49912261962890625,0.3872843086719513,-0.021956022828817368,0.5209589600563049,0.4981403052806854,0.03442457690834999,0.5620276927947998,0.4051538109779358,0.04884186387062073,0.5065843462944031,0.4544292986392975,0.003463053610175848,0.5077214241027832,0.457133948802948,0.0034067912492901087,0.508741021156311,0.4606243968009949,0.0030849443282932043,0.509505569934845,0.4648330807685852,0.004752320237457752,0.5138859152793884,0.4706743359565735,0.010989985428750515,0.5160287022590637,0.44874972105026245,0.0086569394916296,0.5171270966529846,0.4475484788417816,0.008566518314182758,0.518072247505188,0.4463987350463867,0.008193927817046642,0.526760995388031,0.4392404556274414,0.008039573207497597,0.5503720641136169,0.413830429315567,0.015338991768658161,0.4980778396129608,0.3761272430419922,-0.01793050207197666,0.49973148107528687,0.35450729727745056,-0.011077185161411762,0.5037450790405273,0.35359135270118713,-0.008528455160558224,0.5148165822029114,0.44999822974205017,0.009600448422133923,0.5516847968101501,0.43282127380371094,0.03045853227376938,0.4945129454135895,0.3576025366783142,-0.01945391111075878,0.5174429416656494,0.4775833785533905,0.016095401719212532,0.4943085014820099,0.38458696007728577,-0.027731647714972496,0.5047304034233093,0.40059980750083923,-0.01888945885002613,0.508027195930481,0.48532819747924805,0.013363881967961788,0.5303294062614441,0.45645543932914734,0.020248496904969215,0.5196526646614075,0.41722172498703003,-0.0016077233012765646,0.5244348049163818,0.4677789509296417,0.01879916712641716,0.5356686115264893,0.412081778049469,0.0008541581337340176,0.5269240736961365,0.42403465509414673,0.0019979693461209536,0.5421971678733826,0.423348069190979,0.009536639787256718,0.5106285810470581,0.49450621008872986,0.01608293130993843,0.5087019801139832,0.4032081961631775,-0.01298723928630352,0.5356292724609375,0.46198946237564087,0.02772354520857334,0.5280407071113586,0.47395089268684387,0.025531645864248276,0.5353947877883911,0.44479668140411377,0.018147950991988182,0.5568971037864685,0.4202611446380615,0.033765945583581924,0.5436087846755981,0.4445377588272095,0.024366537109017372,0.5596454739570618,0.4241867959499359,0.050762224942445755,0.5330948829650879,0.4317968785762787,0.007891707122325897,0.503496527671814,0.3910771310329437,-0.0158874299377203,0.5062970519065857,0.42210015654563904,-0.025149589404463768,0.5101985931396484,0.4210185706615448,-0.017228085547685623,0.5029938220977783,0.4181094467639923,-0.03052952140569687,0.5039905309677124,0.34682735800743103,-0.0145913390442729,0.5142681002616882,0.33964869379997253,-0.01645646058022976,0.5236662030220032,0.3365907371044159,-0.015790581703186035,0.5315909385681152,0.33632999658584595,-0.012560166418552399,0.537139356136322,0.338409423828125,-0.008016047067940235,0.5419724583625793,0.3501936197280884,0.004799020476639271,0.5623902678489685,0.36544257402420044,0.03914570435881615,0.5383510589599609,0.36350011825561523,0.0023675020784139633,0.5320792198181152,0.367950975894928,-0.0010592879261821508,0.5232352018356323,0.3697853684425354,-0.003549272892996669,0.5147509574890137,0.36945754289627075,-0.005210123490542173,0.5082380175590515,0.3682039678096771,-0.006129853427410126,0.5037792921066284,0.3667709231376648,-0.007167282979935408,0.5621610879898071,0.36033305525779724,0.0639868676662445,0.5102282166481018,0.4219503700733185,-0.013575270771980286,0.4999447762966156,0.39729347825050354,-0.02511673979461193,0.5019347667694092,0.42518407106399536,-0.029912596568465233,0.4991666376590729,0.4290464222431183,-0.02623857744038105,0.5021213293075562,0.42566996812820435,-0.02651650458574295,0.5089771151542664,0.42399823665618896,-0.010685543529689312,0.49792706966400146,0.43065589666366577,-0.027778519317507744,0.49736809730529785,0.4313600957393646,-0.019481036812067032,0.5028690099716187,0.35911670327186584,-0.006061244755983353,0.4999847412109375,0.36316969990730286,-0.00938944611698389,0.49857020378112793,0.366481214761734,-0.01331291813403368,0.5322384238243103,0.34904855489730835,-0.0027684217784553766,0.5364460349082947,0.3443296551704407,-0.002810582285746932,0.45018479228019714,0.36300307512283325,-0.0055397856049239635,0.45781704783439636,0.36214083433151245,-0.0055397856049239635,0.4495798647403717,0.3540800213813782,-0.0055397856049239635,0.44256874918937683,0.36378467082977295,-0.0055397856049239635,0.4507536292076111,0.3718409836292267,-0.0055397856049239635,0.5205783247947693,0.35255464911460876,-0.0055586001835763454,0.5277440547943115,0.35122254490852356,-0.0055586001835763454,0.5196095705032349,0.3441541790962219,-0.0055586001835763454,0.5133931040763855,0.35382014513015747,-0.0055586001835763454,0.5215442776679993,0.36093106865882874,-0.0055586001835763454
499.9999999999999,0.4955323338508606,0.4498352110385895,-0.009110617451369762,0.49420928955078125,0.4289994537830353,-0.03319710120558739,0.49446576833724976,0.43320631980895996,-0.01415532547980547,0.48581573367118835,0.396367609500885,-0.030521398410201073,0.49339231848716736,0.4200931787490845,-0.03697437420487404,0.4921487271785736,0.40649136900901794,-0.036648187786340714,0.4889447093009949,0.37119007110595703,-0.02614421211183071,0.44105225801467896,0.3644043505191803,-0.0016506429528817534,0.4866369068622589,0.3462978005409241,-0.026498252525925636,0.485511839389801,0.3337770402431488,-0.03073819726705551,0.4808177947998047,0.28187116980552673,-0.03432352468371391,0.49568766355514526,0.4530803859233856,-0.007489299401640892,0.4958052337169647,0.4563466012477875,-0.004951664712280035,0.4958755671977997,0.45850083231925964,-0.0011279855389147997,0.4957735240459442,0.45871105790138245,0.000188318474101834,0.49603116512298584,0.46307727694511414,0.00044428760884329677,0.49629130959510803,0.4680253863334656,-0.00010429718531668186,0.49651503562927246,0.4729539752006531,0.0017611217917874455,0.4988120198249817,0.47879695892333984,0.009144507348537445,0.49448972940444946,0.43230003118515015,-0.02906995639204979,0.4877578318119049,0.4311029314994812,-0.01996210403740406,0.41040629148483276,0.327872097492218,0.01926235295832157,0.4610716700553894,0.3711150884628296,-0.006923247594386339,0.4544399082660675,0.37257862091064453,-0.006354699842631817,0.4477437138557434,0.3730538785457611,-0.004688347689807415,0.438372939825058,0.36786702275276184,0.00012072463141521439,0.46653199195861816,0.36884060502052307,-0.006454844493418932,0.4483491778373718,0.349132239818573,-0.012878202833235264,0.4563732147216797,0.34951093792915344,-0.01303896028548479,0.44140419363975525,0.3509804308414459,-0.010391172021627426,0.4372135400772095,0.3542379140853882,-0.007378032431006432,0.43306946754455566,0.3745170533657074,0.004460688680410385,0.4775334298610687,0.49169811606407166,0.02035912685096264,0.4381447434425354,0.3620906472206116,7.439415639964864e-05,0.4119797945022583,0.368862509727478,0.0318189337849617,0.42485445737838745,0.36833247542381287,0.009430673904716969,0.45932257175445557,0.41414615511894226,-0.004501582123339176,0.487156480550766,0.44888001680374146,-0.008690083399415016,0.48819318413734436,0.45649585127830505,-0.0040366072207689285,0.4795171320438385,0.45098596811294556,-0.004369478672742844,0.47441381216049194,0.45251062512397766,0.0014177643461152911,0.4817884862422943,0.45621463656425476,-0.0012705891858786345,0.4768931269645691,0.45579344034194946,0.0037828527856618166,0.4672403335571289,0.46199238300323486,0.0156390517950058,0.4888356626033783,0.42926064133644104,-0.03274238854646683,0.487304151058197,0.42060643434524536,-0.036293890327215195,0.4272032678127289,0.3487907350063324,-0.008138422854244709,0.47113725543022156,0.39003095030784607,-0.010171383619308472,0.4730070233345032,0.42254433035850525,-0.017312949523329735,0.4722340404987335,0.41669076681137085,-0.016188448294997215,0.43868687748908997,0.4127548336982727,0.003197493962943554,0.48643580079078674,0.4078799784183502,-0.034656230360269547,0.44274595379829407,0.3409273028373718,-0.020864317193627357,0.4333381652832031,0.34345918893814087,-0.015406977385282516,0.41550129652023315,0.3128175139427185,0.0032435008324682713,0.47350403666496277,0.3477858901023865,-0.024974482133984566,0.46346187591552734,0.35241520404815674,-0.010625449940562248,0.46109646558761597,0.45418626070022583,0.015024131163954735,0.4291422367095947,0.4475367069244385,0.06909672915935516,0.4780098497867584,0.4273543357849121,-0.013925142586231232,0.48336061835289,0.42972874641418457,-0.01341150514781475,0.4676511883735657,0.45420822501182556,0.014591961167752743,0.4692637622356415,0.45468202233314514,0.012827076017856598,0.42941275238990784,0.3374965190887451,-0.013786201365292072,0.4726962149143219,0.42467907071113586,-0.012882016599178314,0.45595282316207886,0.34188026189804077,-0.024242907762527466,0.45416754484176636,0.33465835452079773,-0.027392525225877762,0.4413287937641144,0.2912486791610718,-0.02534753829240799,0.42204970121383667,0.3250076174736023,-0.0067810481414198875,0.44781947135925293,0.31179580092430115,-0.027233818545937538,0.42303842306137085,0.3439951539039612,-0.0037881694734096527,0.4162486791610718,0.3368968367576599,0.0068190875463187695,0.48753949999809265,0.45299577713012695,-0.006998797412961721,0.4806070327758789,0.4536903500556946,-0.0029018200002610683,0.47557780146598816,0.45413652062416077,0.002192369196563959,0.479402095079422,0.42831122875213623,-0.01215154118835926,0.46848106384277344,0.4544563591480255,0.013646038249135017,0.47174346446990967,0.4578647017478943,0.010640461929142475,0.47007855772972107,0.45493337512016296,0.012645882554352283,0.48137226700782776,0.42714056372642517,-0.02372075244784355,0.47793322801589966,0.4570801854133606,0.005359970033168793,0.48286858201026917,0.4580099582672119,0.002073266776278615,0.4889170229434967,0.4586544632911682,-0.0003939010784961283,0.4900820553302765,0.47931164503097534,0.00953806284815073,0.48818501830101013,0.4730151295661926,0.0021661219652742147,0.48819735646247864,0.46798795461654663,0.0004932971787638962,0.48847654461860657,0.4630177915096283,0.0011178378481417894,0.48890024423599243,0.45893150568008423,0.0009427218465134501,0.477923721075058,0.45724451541900635,0.006430789828300476,0.4768156111240387,0.4590553939342499,0.006259574554860592,0.4756042957305908,0.46150532364845276,0.0060782465152442455,0.4746808409690857,0.46424412727355957,0.007763656787574291,0.46738266944885254,0.4442470967769623,0.0014568674378097057,0.41604506969451904,0.4036840796470642,0.06780162453651428,0.4945181608200073,0.4329262375831604,-0.019643355160951614,0.474282443523407,0.4561793804168701,0.010138208046555519,0.4729997217655182,0.45693743228912354,0.010169943794608116,0.48587766289711,0.43274950981140137,-0.012426651082932949,0.474822461605072,0.428416907787323,-0.0067741903476417065,0.4846661388874054,0.4312988817691803,-0.013228905387222767,0.4646747410297394,0.39510154724121094,-0.0067770169116556644,0.4539806842803955,0.40191978216171265,-0.0039007123559713364,0.4712081849575043,0.41940993070602417,-0.011694072745740414,0.4251587688922882,0.30038321018218994,-0.012201608158648014,0.43195435404777527,0.31615471839904785,-0.017810098826885223,0.4399813711643219,0.33375972509384155,-0.0216316320002079,0.4735204577445984,0.46923890709877014,0.013453963212668896,0.4704640507698059,0.3364013731479645,-0.030080940574407578,0.4643458425998688,0.30968669056892395,-0.0322355255484581,0.4592975676059723,0.2855013608932495,-0.03262895345687866,0.44191569089889526,0.3714061677455902,-0.0021146154031157494,0.42623937129974365,0.3813897669315338,0.009226995520293713,0.46985575556755066,0.36669403314590454,-0.006086051929742098,0.4309411942958832,0.35801833868026733,-0.0018489467911422253,0.47528788447380066,0.3846260607242584,-0.013555326499044895,0.476919025182724,0.42140209674835205,-0.02443619817495346,0.4201827049255371,0.38873741030693054,0.017977552488446236,0.4312437176704407,0.38844382762908936,0.004906386137008667,0.44016745686531067,0.39230743050575256,-0.0002931142516899854,0.45328277349472046,0.39011064171791077,-0.003229334717616439,0.4626600742340088,0.3855907917022705,-0.005296252202242613,0.46925026178359985,0.38124915957450867,-0.00796191394329071,0.48301270604133606,0.3738359808921814,-0.023323826491832733,0.4230489432811737,0.4076733887195587,0.020389895886182785,0.4255475699901581,0.35721465945243835,0.0004347048816271126,0.4911341071128845,0.4323987364768982,-0.028750725090503693,0.4726102948188782,0.4001789391040802,-0.010915386490523815,0.40933752059936523,0.36378398537635803,0.05265520513057709,0.4741685092449188,0.37672534584999084,-0.010083272121846676,0.47035664319992065,0.4183848798274994,-0.004976753611117601,0.4352353513240814,0.3627210855484009,0.0014449659502133727,0.4761057198047638,0.4141251742839813,-0.023059947416186333,0.4212893545627594,0.4254276156425476,0.07003986090421677,0.4691689610481262,0.36328455805778503,-0.005416715983301401,0.4811144769191742,0.41035306453704834,-0.030237603932619095,0.44741860032081604,0.47138431668281555,0.04001745209097862,0.4492952525615692,0.4784421920776367,0.05317635461688042,0.4169544279575348,0.4070431590080261,0.04423835873603821,0.4370313882827759,0.460074245929718,0.04519202560186386,0.4136016368865967,0.3513384163379669,0.02073238044977188,0.47757673263549805,0.49907344579696655,0.02625000849366188,0.49177315831184387,0.4329105019569397,-0.019257638603448868,0.46703866124153137,0.40629902482032776,-0.007144736126065254,0.4196322560310364,0.369507759809494,0.015998169779777527,0.4481979310512543,0.36696767807006836,-0.005070713814347982,0.45406574010849,0.3669634759426117,-0.006545327603816986,0.47066730260849,0.4589601755142212,0.011994336731731892,0.4261300563812256,0.4251328706741333,0.02694699354469776,0.48969170451164246,0.5082373023033142,0.029769588261842728,0.4705731272697449,0.4973241686820984,0.03986430913209915,0.4612767696380615,0.4895525574684143,0.04572132229804993,0.4830893874168396,0.3073987364768982,-0.03360858932137489,0.5018575191497803,0.5082181096076965,0.028394153341650963,0.4595547020435333,0.36576205492019653,-0.0069388956762850285,0.4646848440170288,0.36420753598213196,-0.006268788129091263,0.46787869930267334,0.3636501431465149,-0.005318334326148033,0.42085057497024536,0.3545656204223633,0.006421945057809353,0.46264225244522095,0.3579557538032532,-0.008779429830610752,0.45647236704826355,0.35612019896507263,-0.010147536173462868,0.45054465532302856,0.356234073638916,-0.009880424477159977,0.4449297785758972,0.35775822401046753,-0.008010136894881725,0.44154152274131775,0.3597002327442169,-0.00556195480749011,0.40850117802619934,0.3438819348812103,0.03687824681401253,0.44410449266433716,0.36588284373283386,-0.0032105061691254377,0.4950026869773865,0.4387206733226776,-0.010951446369290352,0.47370320558547974,0.44068101048469543,-0.0036862471606582403,0.4781019687652588,0.4268980324268341,-0.016987718641757965,0.4859221875667572,0.4395447373390198,-0.010195872746407986,0.4876638352870941,0.35760384798049927,-0.024007946252822876,0.4583418667316437,0.48204320669174194,0.036650680005550385,0.46792230010032654,0.49043628573417664,0.03207414224743843,0.4887579679489136,0.5045081377029419,0.021201664581894875,0.43893325328826904,0.4653339385986328,0.06205379217863083,0.46705952286720276,0.361133337020874,-0.006915077101439238,0.4802469313144684,0.38987743854522705,-0.02208526059985161,0.5014163255691528,0.5042263865470886,0.02009352296590805,0.4797652065753937,0.5041711330413818,0.03362860158085823,0.4215829372406006,0.42633137106895447,0.04798601567745209,0.4828963279724121,0.4582827687263489,0.003320873947814107,0.48193296790122986,0.46139979362487793,0.0032546736765652895,0.4811924993991852,0.46528032422065735,0.0029657904524356127,0.48078057169914246,0.4698413014411926,0.004653562791645527,0.481001079082489,0.4755321741104126,0.010853796266019344,0.4729717969894409,0.45518386363983154,0.008440201170742512,0.47171977162361145,0.4542918801307678,0.008350910618901253,0.4706752300262451,0.4533900320529938,0.007961815223097801,0.46268513798713684,0.44870245456695557,0.007766608148813248,0.4351356625556946,0.4311443865299225,0.014682929962873459,0.47921884059906006,0.37869492173194885,-0.018059391528367996,0.47412750124931335,0.3584235906600952,-0.011152497492730618,0.4698289930820465,0.3586750328540802,-0.008607999421656132,0.47429633140563965,0.4561013877391815,0.009410661645233631,0.4375157058238983,0.4499112367630005,0.02979937754571438,0.48001816868782043,0.3596326410770416,-0.019451312720775604,0.4790169298648834,0.48320600390434265,0.015882838517427444,0.4910842478275299,0.3946378827095032,-0.032851554453372955,0.48443442583084106,0.38579851388931274,-0.027777427807450294,0.4900762438774109,0.38348209857940674,-0.029459163546562195,0.47702232003211975,0.4044739007949829,-0.019110627472400665,0.5007060766220093,0.49702611565589905,0.014508449472486973,0.4997061789035797,0.48733922839164734,0.012027089484035969,0.4893953800201416,0.48788726329803467,0.013190177269279957,0.4626123011112213,0.46658533811569214,0.019977878779172897,0.4652825593948364,0.42524462938308716,-0.0019122599624097347,0.47046151757240295,0.47582894563674927,0.018599839881062508,0.4491976201534271,0.4250560998916626,0.0004169697349425405,0.4596844017505646,0.43406084179878235,0.0016551942098885775,0.44498002529144287,0.43794727325439453,0.00908280722796917,0.4886513948440552,0.49750107526779175,0.01585462875664234,0.4734950065612793,0.40822213888168335,-0.013237777166068554,0.458709716796875,0.4734906852245331,0.02731606923043728,0.46831658482551575,0.4827944040298462,0.0251608993858099,0.45558908581733704,0.456678181886673,0.017767399549484253,0.4298984110355377,0.4392894506454468,0.03298015519976616,0.44772690534591675,0.4588676691055298,0.02386530302464962,0.42775219678878784,0.4439513385295868,0.04990014806389809,0.45530909299850464,0.4434104561805725,0.007516232319176197,0.47653689980506897,0.3948843777179718,-0.01610456593334675,0.4792921841144562,0.42592793703079224,-0.025387436151504517,0.47522929310798645,0.4259389042854309,-0.017471758648753166,0.48180192708969116,0.421080619096756,-0.03074922412633896,0.4681735038757324,0.35169631242752075,-0.014676252380013466,0.4564076066017151,0.34702250361442566,-0.016599141061306,0.4461820721626282,0.3464028239250183,-0.015985781326889992,0.4381328523159027,0.3483410179615021,-0.012852443382143974,0.43303194642066956,0.3520742356777191,-0.008361472748219967,0.4307880401611328,0.365621417760849,0.004353293217718601,0.4135827422142029,0.38798820972442627,0.03845511004328728,0.4371301233768463,0.3785916268825531,0.0019348703790456057,0.4444105923175812,0.3814851641654968,-0.0014363672817125916,0.4536728262901306,0.3806714415550232,-0.0038670008070766926,0.4620457887649536,0.3777465224266052,-0.005442178808152676,0.468267560005188,0.37457162141799927,-0.006306408904492855,0.47247233986854553,0.37187615036964417,-0.00729725044220686,0.41237595677375793,0.3832891881465912,0.0622321292757988,0.4752621352672577,0.4268687665462494,-0.01381845586001873,0.48112553358078003,0.39987611770629883,-0.02526840940117836,0.48404109477996826,0.4277246594429016,-0.030065085738897324,0.48740386962890625,0.43066301941871643,-0.026370808482170105,0.4839336574077606,0.42821887135505676,-0.026689162477850914,0.47686588764190674,0.42845553159713745,-0.010920161381363869,0.48894065618515015,0.43184763193130493,-0.027892867103219032,0.4895192086696625,0.43238046765327454,-0.019587701186537743,0.47173401713371277,0.3641289472579956,-0.006150015164166689,0.4755600094795227,0.3672066330909729,-0.00947687029838562,0.47771307826042175,0.369948148727417,-0.013396444730460644,0.4395751655101776,0.3610900640487671,-0.0030790739692747593,0.43471214175224304,0.35793253779411316,-0.0031579008791595697,0.49652838706970215,0.3946770429611206,-0.03038473054766655,0.5324820876121521,0.35085052251815796,-0.0008408837602473795,0.5006997585296631,0.4288984537124634,-0.019841276109218597,0.5544481873512268,0.30574536323547363,0.021605879068374634,0.5151652097702026,0.3620675802230835,-0.006357130128890276,0.5215657353401184,0.36148351430892944,-0.00567627465352416,0.5278902053833008,0.36015647649765015,-0.0039170412346720695,0.5358368158340454,0.3532249331474304,0.0010237713577225804,0.5097557902336121,0.3614118695259094,-0.006035340018570423,0.5234642624855042,0.3393624424934387,-0.012231246568262577,0.5161718130111694,0.3414527475833893,-0.01253246609121561,0.5301193594932556,0.3393062651157379,-0.009625856764614582,0.5344740748405457,0.3411068320274353,-0.006569983437657356,0.542270302772522,0.3578503727912903,0.005469359923154116,0.5221889019012451,0.4846429228782654,0.020714497193694115,0.5349374413490295,0.34838008880615234,0.0009498281287960708,0.5610681176185608,0.34598204493522644,0.03316584601998329,0.5490352511405945,0.3501512110233307,0.01058315671980381,0.5251389741897583,0.4038858413696289,-0.003906974568963051,0.503756582736969,0.4464758038520813,-0.008568480610847473,0.5034138560295105,0.4542835056781769,-0.0039049533661454916,0.5113763809204102,0.44636982679367065,-0.00408655870705843,0.5161426067352295,0.44647905230522156,0.001791725866496563,0.5095698833465576,0.45218464732170105,-0.00105288194026798,0.5140447020530701,0.4503927230834961,0.004103108774870634,0.5265036821365356,0.45260679721832275,0.016019288450479507,0.49945303797721863,0.42752620577812195,-0.03265306353569031,0.4994352161884308,0.4186430871486664,-0.03620382025837898,0.5430458784103394,0.333370178937912,-0.007103324867784977,0.5091918110847473,0.3841029107570648,-0.009720943868160248,0.5134485960006714,0.41631409525871277,-0.016916539520025253,0.513103187084198,0.41039615869522095,-0.015790054574608803,0.544769287109375,0.3962234854698181,0.004205944947898388,0.49793505668640137,0.4060055613517761,-0.03453866019845009,0.5269436836242676,0.33002668619155884,-0.020176962018013,0.5362640023231506,0.3300657272338867,-0.014526915736496449,0.5474699139595032,0.29268118739128113,0.005306627135723829,0.4993863105773926,0.3443889319896698,-0.0247788168489933,0.510063648223877,0.3456664979457855,-0.01024098601192236,0.5311158299446106,0.4432066082954407,0.015550125390291214,0.5592211484909058,0.4275115430355072,0.0714728981256485,0.5093894600868225,0.422502726316452,-0.013569489121437073,0.5046786665916443,0.42639923095703125,-0.013212859630584717,0.5221903324127197,0.44636794924736023,0.01501551829278469,0.5207223296165466,0.44725266098976135,0.013200866058468819,0.5389469265937805,0.32323309779167175,-0.012859989888966084,0.5140053629875183,0.4183495044708252,-0.012489981949329376,0.5146911144256592,0.33407682180404663,-0.023799723014235497,0.5150339007377625,0.32660984992980957,-0.026901673525571823,0.5201621055603027,0.2792809307575226,-0.024307696148753166,0.5439322590827942,0.3066239356994629,-0.005712300073355436,0.5177145004272461,0.3012874722480774,-0.026663832366466522,0.5461422204971313,0.3275962471961975,-0.002683898899704218,0.5512167811393738,0.31647616624832153,0.008009749464690685,0.5037809610366821,0.4506663978099823,-0.0068738642148673534,0.5105404257774353,0.4493989050388336,-0.002662027720361948,0.5151727795600891,0.44840601086616516,0.0025193120818585157,0.5081782937049866,0.4238829016685486,-0.011889666318893433,0.5214243531227112,0.4468267560005188,0.014038210734724998,0.518636167049408,0.4508020877838135,0.010949050076305866,0.51996910572052,0.4477161169052124,0.013021109625697136,0.5062299370765686,0.4231785535812378,-0.02341725304722786,0.513054609298706,0.45192858576774597,0.00565077131614089,0.5085502862930298,0.45421773195266724,0.0023084150161594152,0.502833366394043,0.4565746784210205,-0.0002635243290569633,0.507472574710846,0.4765917956829071,0.00961743388324976,0.5046892762184143,0.470273494720459,0.0022760822903364897,0.5041622519493103,0.46536457538604736,0.0006250701262615621,0.5034254193305969,0.4606022834777832,0.0012506989296525717,0.5026325583457947,0.4567362070083618,0.0010717229451984167,0.5128493309020996,0.45186081528663635,0.006711128167808056,0.5140777230262756,0.4532512128353119,0.006536012049764395,0.5154150128364563,0.455193430185318,0.0063457004725933075,0.5164767503738403,0.45750781893730164,0.008022861555218697,0.522960901260376,0.4356732964515686,0.0018833893118426204,0.5628989338874817,0.3809170126914978,0.07023576647043228,0.5161781311035156,0.44993865489959717,0.010463048703968525,0.5174036622047424,0.4502951204776764,0.010478634387254715,0.5028148293495178,0.43017807602882385,-0.012265360914170742,0.5125939249992371,0.4226759672164917,-0.006479890551418066,0.5037073493003845,0.42837846279144287,-0.013038579374551773,0.516273558139801,0.3870990574359894,-0.006204192526638508,0.5280243158340454,0.39038825035095215,-0.0031807960476726294,0.514512300491333,0.41277435421943665,-0.01127835176885128,0.5367268323898315,0.2834153175354004,-0.010570468381047249,0.5332735180854797,0.3009992241859436,-0.016981245949864388,0.5282633900642395,0.3222486972808838,-0.020939573645591736,0.5217944979667664,0.46157824993133545,0.013749281875789165,0.5001073479652405,0.3325231373310089,-0.029858026653528214,0.5016319751739502,0.30398768186569214,-0.031922705471515656,0.5022103190422058,0.27894869446754456,-0.03209839388728142,0.533035933971405,0.3572366535663605,-0.0012426251778379083,0.5500257015228271,0.3622758388519287,0.010359191335737705,0.5063303112983704,0.3603455126285553,-0.005718635860830545,0.5412535071372986,0.34264954924583435,-0.0008826598059386015,0.5043520927429199,0.3800620436668396,-0.013190771453082561,0.5095764398574829,0.41630643606185913,-0.024075308814644814,0.5573640465736389,0.36750054359436035,0.019253669306635857,0.5464473962783813,0.37023311853408813,0.005987065844237804,0.5387872457504272,0.37631624937057495,0.0006285286508500576,0.5262777209281921,0.37810975313186646,-0.002536027692258358,0.516652524471283,0.3764922320842743,-0.004750716034322977,0.5097161531448364,0.37430959939956665,-0.007501812651753426,0.495137095451355,0.37193113565444946,-0.023189449682831764,0.5583667755126953,0.3867325782775879,0.0216864962130785,0.5463356971740723,0.34038737416267395,0.0015781521797180176,0.49779069423675537,0.4312551021575928,-0.028673917055130005,0.5096645355224609,0.39443111419677734,-0.010483012534677982,0.5618257522583008,0.34019896388053894,0.05508721247315407,0.5043706893920898,0.3714037239551544,-0.00974450446665287,0.5150080919265747,0.41153112053871155,-0.0045964280143380165,0.5378983616828918,0.3479624390602112,0.0023578370455652475,0.5089711546897888,0.40899789333343506,-0.022679366171360016,0.5621869564056396,0.40359410643577576,0.07253288477659225,0.5063037276268005,0.3570877015590668,-0.0050364900380373,0.5035407543182373,0.40676677227020264,-0.030002357438206673,0.5474255681037903,0.4560741186141968,0.040938589721918106,0.5466525554656982,0.46341875195503235,0.0549701489508152,0.5634838938713074,0.3844042420387268,0.045650262385606766,0.5550178289413452,0.442102313041687,0.046329133212566376,0.5562586784362793,0.3295334279537201,0.022044850513339043,0.5235164761543274,0.4918534457683563,0.026668787002563477,0.4971708059310913,0.4319879114627838,-0.019198887050151825,0.5160745978355408,0.39870205521583557,-0.00665364321321249,0.5543686151504517,0.34980109333992004,0.017252612859010696,0.5261280536651611,0.3545617163181305,-0.004337979480624199,0.5207546949386597,0.35601791739463806,-0.005903998855501413,0.5197425484657288,0.45154568552970886,0.012323740869760513,0.5587577819824219,0.4047470688819885,0.02823747880756855,0.5135974884033203,0.5044026970863342,0.030189884826540947,0.5299521684646606,0.4878251254558563,0.04096608608961105,0.5374712347984314,0.47760093212127686,0.047144047915935516,0.51551353931427,0.3564561903476715,-0.006389043293893337,0.5105298161506653,0.3565327823162079,-0.005811973009258509,0.5075521469116211,0.3569786846637726,-0.0049079242162406445,0.550379753112793,0.33640268445014954,0.007604219950735569,0.5115577578544617,0.35111311078071594,-0.008275280706584454,0.5169099569320679,0.34839585423469543,-0.009576759301126003,0.5224140882492065,0.34723395109176636,-0.009230807423591614,0.5277935266494751,0.34712085127830505,-0.007278540637344122,0.5312587022781372,0.34767216444015503,-0.004787243437021971,0.5589771270751953,0.32061994075775146,0.039342526346445084,0.529790461063385,0.35270267724990845,-0.002409374574199319,0.5161775350570679,0.4341717064380646,-0.0033154934644699097,0.5092498064041138,0.4220626652240753,-0.016689250245690346,0.5042058229446411,0.43680185079574585,-0.010035116225481033,0.5388500094413757,0.4696039855480194,0.0373857319355011,0.531245768070221,0.4805968105792999,0.03265391290187836,0.5136559009552002,0.5005576610565186,0.02140423096716404,0.5537264347076416,0.44765856862068176,0.06424513459205627,0.507965087890625,0.3547453284263611,-0.006476339418441057,0.5007163286209106,0.3866525888442993,-0.021842099726200104,0.5224313735961914,0.4972962737083435,0.03439418971538544,0.5627503395080566,0.40466153621673584,0.04940040782094002,0.5083184838294983,0.4542680084705353,0.003557165851816535,0.5095312595367432,0.45696672797203064,0.0034920773468911648,0.5106117725372314,0.4604511260986328,0.0031711284536868334,0.511446475982666,0.46465760469436646,0.004833220969885588,0.5156649947166443,0.46998175978660583,0.01105661690235138,0.5175191760063171,0.4487234055995941,0.008826276287436485,0.5186080932617188,0.44750913977622986,0.008759229443967342,0.5195373296737671,0.44635534286499023,0.008402454666793346,0.5284337401390076,0.4384686052799225,0.008290979079902172,0.5515933036804199,0.4131554067134857,0.01576709747314453,0.49958205223083496,0.3755280673503876,-0.017803259193897247,0.5010477304458618,0.3538728356361389,-0.010872270911931992,0.5050337910652161,0.35288992524147034,-0.008263308554887772,0.5163142681121826,0.44998908042907715,0.009758975356817245,0.5528416037559509,0.4321877658367157,0.03085765428841114,0.49584051966667175,0.3570413589477539,-0.019318154081702232,0.5191410779953003,0.4768713712692261,0.01613704487681389,0.49596720933914185,0.3839479386806488,-0.027659330517053604,0.5063357353210449,0.39994606375694275,-0.01877019554376602,0.5098531246185303,0.4846377670764923,0.013298286125063896,0.5318374037742615,0.4557137191295624,0.020456667989492416,0.5211812257766724,0.4165106415748596,-0.0014336596941575408,0.5260142087936401,0.4670504033565521,0.01893054135143757,0.5370875597000122,0.4113728702068329,0.0011592049850150943,0.5284660458564758,0.42331546545028687,0.0022314025554805994,0.543574869632721,0.4226323962211609,0.009878231212496758,0.5124297142028809,0.4937478005886078,0.016008812934160233,0.5102486610412598,0.4025455415248871,-0.012847711332142353,0.5369970798492432,0.46124836802482605,0.02794807031750679,0.5295256972312927,0.4731903374195099,0.025645755231380463,0.5368685722351074,0.44403910636901855,0.018420472741127014,0.5579158663749695,0.4196695387363434,0.03423280268907547,0.5449022650718689,0.4438171684741974,0.024688521400094032,0.5604434609413147,0.4236922860145569,0.0512520931661129,0.5346370935440063,0.43104293942451477,0.00816590990871191,0.5050288438796997,0.39045363664627075,-0.015743080526590347,0.5080690383911133,0.42139628529548645,-0.02506111189723015,0.5118959546089172,0.42029285430908203,-0.01713256910443306,0.5048129558563232,0.4173997640609741,-0.030462587252259254,0.5052900910377502,0.346159428358078,-0.014314927160739899,0.515464723110199,0.3390715718269348,-0.01609083265066147,0.5248059630393982,0.3360651135444641,-0.015343860723078251,0.5326505303382874,0.3358318507671356,-0.012047231197357178,0.538132905960083,0.33788982033729553,-0.007455017883330584,0.5428226590156555,0.3493806719779968,0.005373154301196337,0.5630422830581665,0.3649267554283142,0.03984041139483452,0.5390933752059937,0.3627185821533203,0.002875888254493475,0.5328021049499512,0.3672526180744171,-0.0006186625687405467,0.5240216255187988,0.36907005310058594,-0.0031863274052739143,0.5156655311584473,0.36872661113739014,-0.004903273191303015,0.5093125700950623,0.367524653673172,-0.0058929468505084515,0.5049727559089661,0.3661470115184784,-0.006961299106478691,0.5625373125076294,0.3599877953529358,0.06467221677303314,0.5119103193283081,0.42122048139572144,-0.01348886638879776,0.5016238689422607,0.3966350257396698,-0.025017395615577698,0.5037828087806702,0.4244917631149292,-0.029865682125091553,0.5010169744491577,0.4283854365348816,-0.02623562328517437,0.5039459466934204,0.42498883605003357,-0.02647203393280506,0.5106616020202637,0.4232781231403351,-0.01062608603388071,0.4998045861721039,0.42999592423439026,-0.027786409482359886,0.49921488761901855,0.4307132661342621,-0.019505493342876434,0.5041531920433044,0.3584607243537903,-0.005833480507135391,0.5012769103050232,0.36256617307662964,-0.009210970252752304,0.499834805727005,0.36598092317581177,-0.013171845115721226,0.5333847403526306,0.34815648198127747,-0.002264919225126505,0.5375024676322937,0.34359210729599,-0.0022733176592737436,0.4514407515525818,0.36250174045562744,-0.005794947501271963,0.4590091109275818,0.3616678714752197,-0.005794947501271963,0.4508885145187378,0.3536515235900879,-0.005794947501271963,0.44388478994369507,0.36324581503868103,-0.005794947501271963,0.45195505023002625,0.371258407831192,-0.005794947501271963,0.5218972563743591,0.3516620099544525,-0.005161107983440161,0.5292474031448364,0.35027334094047546,-0.005161107983440161,0.5208956599235535,0.3429829478263855,-0.005161107983440161,0.5145037174224854,0.3529840111732483,-0.005161107983440161,0.5228815674781799,0.36032983660697937,-0.005161107983440161
533.3333333333333,0.4951168894767761,0.44963887333869934,-0.009053741581737995,0.4936645030975342,0.4289846420288086,-0.033160362392663956,0.4939618706703186,0.43325233459472656,-0.014096641913056374,0.4853520691394806,0.3963048458099365,-0.030476605519652367,0.4928502142429352,0.42007046937942505,-0.036949459463357925,0.49164411425590515,0.40645620226860046,-0.03662939369678497,0.4885765016078949,0.37110888957977295,-0.026126490905880928,0.4408908486366272,0.3642934262752533,-0.0014534323709085584,0.48631182312965393,0.34589314460754395,-0.02648480050265789,0.4852006733417511,0.33328521251678467,-0.030752982944250107,0.4806414246559143,0.28167280554771423,-0.03447068855166435,0.49525755643844604,0.4528762102127075,-0.007424207869917154,0.495380163192749,0.4561752676963806,-0.004876288585364819,0.49546128511428833,0.4583662152290344,-0.0010616615181788802,0.49530914425849915,0.45859527587890625,0.00010917989857262,0.49553486704826355,0.46295350790023804,0.0003555451985448599,0.49575886130332947,0.46792519092559814,-0.00019904368673451245,0.495954692363739,0.4728720486164093,0.0016504630912095308,0.4982435405254364,0.4786338210105896,0.009033938869833946,0.4939579963684082,0.432295560836792,-0.029021231457591057,0.4872579574584961,0.4310997724533081,-0.019884029403328896,0.4103047847747803,0.3275919258594513,0.01951642893254757,0.4607617259025574,0.3711318075656891,-0.006823150906711817,0.4541390538215637,0.37259918451309204,-0.006214074324816465,0.447474867105484,0.3730168044567108,-0.004505540709942579,0.4382498264312744,0.36777016520500183,0.0003493558906484395,0.4662435054779053,0.36879435181617737,-0.006365175824612379,0.44820931553840637,0.3491745889186859,-0.012736569158732891,0.4561856687068939,0.3495315909385681,-0.012947041541337967,0.44131025671958923,0.3509858250617981,-0.010206788778305054,0.43714141845703125,0.3541790544986725,-0.007174460217356682,0.43294382095336914,0.37438374757766724,0.0047333394177258015,0.4769511818885803,0.4916903078556061,0.020417848601937294,0.4380165934562683,0.36202824115753174,0.000296190642984584,0.41183510422706604,0.36861956119537354,0.0322258435189724,0.4248723089694977,0.3681652545928955,0.009743023663759232,0.4589148759841919,0.4140670895576477,-0.00435967231169343,0.48677533864974976,0.4487036168575287,-0.008606137707829475,0.48778045177459717,0.4563215672969818,-0.003941984847187996,0.479158490896225,0.45085740089416504,-0.004257415886968374,0.4741216003894806,0.45241472125053406,0.0015258647035807371,0.4814257323741913,0.45605555176734924,-0.0011621125740930438,0.4766082763671875,0.4556722044944763,0.003880849340930581,0.4666190445423126,0.4618517756462097,0.015712713822722435,0.48829492926597595,0.4292301833629608,-0.03268380090594292,0.4867611229419708,0.4205683469772339,-0.0362432561814785,0.427213191986084,0.3487178683280945,-0.007846145890653133,0.4707827568054199,0.38997048139572144,-0.010068289935588837,0.472538024187088,0.42250362038612366,-0.017187543213367462,0.471794992685318,0.41665056347846985,-0.01606886275112629,0.4382989704608917,0.41263145208358765,0.0034721712581813335,0.4859241545200348,0.4078270196914673,-0.03460872918367386,0.44268715381622314,0.34086188673973083,-0.020654762163758278,0.4333367645740509,0.34341004490852356,-0.015128398314118385,0.4153279662132263,0.31250330805778503,0.0034318300895392895,0.47315341234207153,0.3476257622241974,-0.0249092485755682,0.46323853731155396,0.35237085819244385,-0.010565042495727539,0.4604635238647461,0.45408493280410767,0.015145660378038883,0.4289271831512451,0.4473603069782257,0.06955200433731079,0.47752615809440613,0.4273337721824646,-0.013821945525705814,0.4828769862651825,0.4297390878200531,-0.013311652466654778,0.4675424098968506,0.4541304111480713,0.014686196111142635,0.4691332280635834,0.4545947015285492,0.012893373146653175,0.42948755621910095,0.3373855650424957,-0.013514536432921886,0.47223374247550964,0.4246560037136078,-0.012755922973155975,0.455794095993042,0.3417634963989258,-0.024114644154906273,0.45404595136642456,0.33443015813827515,-0.027274738997220993,0.441074401140213,0.29096660017967224,-0.025332681834697723,0.42174577713012695,0.3245967924594879,-0.006526774726808071,0.4474337697029114,0.3114159107208252,-0.02715582400560379,0.4230976700782776,0.3438286781311035,-0.003487423062324524,0.4160364270210266,0.3365238606929779,0.007119438145309687,0.4871336817741394,0.4528091251850128,-0.006910625379532576,0.4802456498146057,0.45354634523391724,-0.002795593114569783,0.47529032826423645,0.4540289640426636,0.002294308040291071,0.4789208173751831,0.42830613255500793,-0.012044332921504974,0.4683619439601898,0.4543720483779907,0.013725323602557182,0.47158488631248474,0.45775631070137024,0.010665465146303177,0.4699406027793884,0.45483994483947754,0.01270885020494461,0.4808703362941742,0.42709898948669434,-0.02362157590687275,0.47766754031181335,0.45694684982299805,0.005451138596981764,0.4825167655944824,0.457845002412796,0.0021690044086426497,0.48850956559181213,0.45849108695983887,-0.0003064582124352455,0.48952943086624146,0.47911712527275085,0.009455724619328976,0.48768582940101624,0.4729004204273224,0.002084132982417941,0.4877241551876068,0.4678613543510437,0.00042279285844415426,0.48803389072418213,0.4628600776195526,0.0010501676006242633,0.48848000168800354,0.4587833285331726,0.0008843948598951101,0.4776657819747925,0.45711272954940796,0.006419427692890167,0.4765651524066925,0.4589262008666992,0.006236428394913673,0.475353866815567,0.461378812789917,0.006046500988304615,0.4744292199611664,0.4641192555427551,0.007740701083093882,0.4668230712413788,0.44420522451400757,0.0015794681385159492,0.4159642457962036,0.403468519449234,0.06822912395000458,0.4940032362937927,0.43293946981430054,-0.019582310691475868,0.4741051197052002,0.456073135137558,0.010161052457988262,0.472830593585968,0.45682674646377563,0.01018819771707058,0.485384076833725,0.43278566002845764,-0.012338301166892052,0.4743492007255554,0.42841973900794983,-0.006667600944638252,0.4841782748699188,0.43132349848747253,-0.01313038170337677,0.4643152952194214,0.39504438638687134,-0.006636491045355797,0.453599750995636,0.4018363356590271,-0.0036966747138649225,0.47077685594558716,0.41937583684921265,-0.011570659466087818,0.42491811513900757,0.30006396770477295,-0.012088914401829243,0.4315813481807709,0.315735399723053,-0.017635216936469078,0.4399906396865845,0.3335878849029541,-0.021445611491799355,0.47292786836624146,0.46908074617385864,0.01347441878169775,0.47016361355781555,0.3360852599143982,-0.030031420290470123,0.4640115797519684,0.3093894124031067,-0.03224524110555649,0.45907020568847656,0.2852666974067688,-0.03270464763045311,0.4417259991168976,0.37132617831230164,-0.0018971804529428482,0.42610466480255127,0.38122349977493286,0.009536745958030224,0.46958500146865845,0.3665904998779297,-0.00600604759529233,0.4309113323688507,0.35790878534317017,-0.0015930139925330877,0.4749324321746826,0.3845551013946533,-0.0134654575958848,0.47643324732780457,0.4213455021381378,-0.024330202490091324,0.41993165016174316,0.3885347545146942,0.018350347876548767,0.4309665262699127,0.38833266496658325,0.005190928932279348,0.4397358298301697,0.3922581970691681,-6.528786616399884e-05,0.4527677595615387,0.3901497721672058,-0.00304288393817842,0.4621564745903015,0.3856562674045563,-0.0051638223230838776,0.46876561641693115,0.3812694847583771,-0.007857945747673512,0.4826410412788391,0.3737398087978363,-0.02327505312860012,0.4227629601955414,0.40750205516815186,0.02077554538846016,0.4255678057670593,0.3570590615272522,0.0007248204783536494,0.49060845375061035,0.43238410353660583,-0.028686346486210823,0.4722352623939514,0.4001278281211853,-0.010821616277098656,0.4092908501625061,0.3635503351688385,0.05301433801651001,0.4736875593662262,0.3766765892505646,-0.010001312009990215,0.46994343400001526,0.4183591306209564,-0.004877614323049784,0.43518275022506714,0.362625390291214,0.0016853935085237026,0.4756474792957306,0.414072185754776,-0.0229612085968256,0.42116454243659973,0.4252132475376129,0.07049620151519775,0.46892693638801575,0.36315056681632996,-0.005344069097191095,0.48062312602996826,0.4102904498577118,-0.03016386739909649,0.4468896985054016,0.47132956981658936,0.0403120182454586,0.4488215148448944,0.47842827439308167,0.05352348834276199,0.41676926612854004,0.406823992729187,0.04469949007034302,0.4365997612476349,0.45996421575546265,0.04557641223073006,0.41342878341674805,0.3510444760322571,0.021089067682623863,0.4769946038722992,0.4991481304168701,0.026365233585238457,0.49126118421554565,0.4329186975955963,-0.01918722689151764,0.46666064858436584,0.4062490463256836,-0.007032704073935747,0.4197241961956024,0.36930572986602783,0.016345342621207237,0.4479576051235199,0.36689430475234985,-0.004908974748104811,0.4537968933582306,0.3669300675392151,-0.006407944951206446,0.47052162885665894,0.45885127782821655,0.012035983614623547,0.4258173108100891,0.4249665439128876,0.027337130159139633,0.48915278911590576,0.5084081292152405,0.029856238514184952,0.47001510858535767,0.4974200129508972,0.040075112134218216,0.4607352018356323,0.4896043539047241,0.045993465930223465,0.48283958435058594,0.3071467876434326,-0.03370000049471855,0.501362681388855,0.5084285736083984,0.028419023379683495,0.4592911899089813,0.36572518944740295,-0.0068243881687521935,0.46443942189216614,0.3641291856765747,-0.006172174587845802,0.4676336646080017,0.36353495717048645,-0.0052306861616671085,0.4209413230419159,0.3543474078178406,0.006737678311765194,0.4624451696872711,0.35803213715553284,-0.008702236227691174,0.45632225275039673,0.35634845495224,-0.010034753940999508,0.45043593645095825,0.3564939796924591,-0.0097412820905447,0.4448307454586029,0.3579519987106323,-0.007841069251298904,0.44143614172935486,0.35978832840919495,-0.005382776726037264,0.40843501687049866,0.343630313873291,0.037189044058322906,0.4439062178134918,0.36576709151268005,-0.003024403238669038,0.4944743812084198,0.43877872824668884,-0.010899956338107586,0.47318002581596375,0.44067463278770447,-0.00356321525759995,0.4776137173175812,0.42686402797698975,-0.01688527874648571,0.4853919446468353,0.4395793676376343,-0.010115077719092369,0.48733267188072205,0.35739654302597046,-0.024003805592656136,0.4577759802341461,0.48201704025268555,0.03687901422381401,0.4673331081867218,0.49047625064849854,0.03224491700530052,0.4881933629512787,0.5046019554138184,0.021248260512948036,0.4385780692100525,0.4652253985404968,0.062489788979291916,0.4668286442756653,0.3610570430755615,-0.006836861837655306,0.4798387289047241,0.38980281352996826,-0.022023748606443405,0.5008879899978638,0.5043874979019165,0.020071908831596375,0.4792102575302124,0.5043047666549683,0.03377842530608177,0.4213597774505615,0.42612385749816895,0.04844942316412926,0.48254457116127014,0.4581258296966553,0.0032849302515387535,0.48158276081085205,0.46124395728111267,0.003208802081644535,0.48082292079925537,0.46513673663139343,0.0029086852446198463,0.48039498925209045,0.46970057487487793,0.004593958612531424,0.4804336428642273,0.4753522276878357,0.010825630277395248,0.4727782607078552,0.4550892114639282,0.008535293862223625,0.4715252220630646,0.4542095959186554,0.008451784960925579,0.4704788625240326,0.45331886410713196,0.008066731505095959,0.4620831310749054,0.44863662123680115,0.007890665903687477,0.43473076820373535,0.43101388216018677,0.014988030306994915,0.47885313630104065,0.3786073923110962,-0.017986653372645378,0.47382956743240356,0.3582305908203125,-0.01111906860023737,0.46959176659584045,0.3585372269153595,-0.008546261116862297,0.4741130471229553,0.455991268157959,0.009494293481111526,0.43706074357032776,0.44979116320610046,0.03011268377304077,0.47959035634994507,0.3594007194042206,-0.019427889958024025,0.47844111919403076,0.48311877250671387,0.015891294926404953,0.49062657356262207,0.39459025859832764,-0.03283840790390968,0.4840133488178253,0.38572773337364197,-0.0277387797832489,0.4896630048751831,0.38342660665512085,-0.02944914437830448,0.47660142183303833,0.40441349148750305,-0.01902937889099121,0.500158965587616,0.4971044957637787,0.014457509852945805,0.499149352312088,0.4872993528842926,0.011943366378545761,0.4888315796852112,0.48780357837677,0.013148844242095947,0.46200552582740784,0.4664725661277771,0.02008451148867607,0.4648313820362091,0.4251985549926758,-0.0017904406413435936,0.46986809372901917,0.4757333993911743,0.018653791397809982,0.44874492287635803,0.42494362592697144,0.0005962966242805123,0.459176629781723,0.4339792728424072,0.0017919555539265275,0.4444854259490967,0.4378252327442169,0.009273254312574863,0.4880821406841278,0.49750563502311707,0.0158623605966568,0.47309499979019165,0.40818148851394653,-0.013140328228473663,0.4581261873245239,0.4734109342098236,0.027484411373734474,0.46771806478500366,0.4827708303928375,0.025271648541092873,0.4549844264984131,0.45656701922416687,0.017925739288330078,0.42953771352767944,0.439139187335968,0.03335688263177872,0.44717681407928467,0.4587670862674713,0.024082299321889877,0.42745131254196167,0.44377630949020386,0.05035528540611267,0.4547393321990967,0.4433184862136841,0.0076728686690330505,0.47614586353302,0.3948191702365875,-0.016023453325033188,0.47878873348236084,0.4258774518966675,-0.025285888463258743,0.4747447073459625,0.42590129375457764,-0.017354218289256096,0.48128506541252136,0.4210267663002014,-0.03064964897930622,0.46791383624076843,0.35158059000968933,-0.014631658792495728,0.45621830224990845,0.3469844162464142,-0.01648886315524578,0.44606083631515503,0.3463769853115082,-0.015811102464795113,0.43806201219558716,0.34828421473503113,-0.012627987191081047,0.4329814612865448,0.3519904911518097,-0.008110949769616127,0.4307636022567749,0.3654903173446655,0.004629688803106546,0.4134233593940735,0.3877599835395813,0.03889388218522072,0.4369277060031891,0.3784991502761841,0.0021786089055240154,0.4440843164920807,0.3814433515071869,-0.0012257546186447144,0.4532853960990906,0.3807014226913452,-0.0036959745921194553,0.4616541266441345,0.3777857720851898,-0.005340049043297768,0.4678994119167328,0.37455546855926514,-0.006212443578988314,0.4721084237098694,0.37179943919181824,-0.007229098584502935,0.4123230576515198,0.3830668330192566,0.06262265145778656,0.4747859239578247,0.42684879899024963,-0.013701594434678555,0.4806719124317169,0.3998066186904907,-0.025201894342899323,0.48351868987083435,0.42768150568008423,-0.029985271394252777,0.48689737915992737,0.4306418299674988,-0.026297738775610924,0.4834252595901489,0.42818108201026917,-0.026606636121869087,0.4763895273208618,0.42845651507377625,-0.01081187091767788,0.48842066526412964,0.4318307042121887,-0.02782481350004673,0.4890139102935791,0.43238407373428345,-0.019511861726641655,0.47147420048713684,0.3639921545982361,-0.006088021211326122,0.47520819306373596,0.3670637905597687,-0.009423447772860527,0.47725728154182434,0.3698115944862366,-0.0133287338539958,0.4394601881504059,0.36109596490859985,-0.0028779259882867336,0.43464797735214233,0.35784459114074707,-0.0029363837093114853,0.4961012601852417,0.39464324712753296,-0.030401960015296936,0.5325191020965576,0.35093212127685547,-0.001101441914215684,0.5002030730247498,0.4289179742336273,-0.019807865843176842,0.5547820329666138,0.30570951104164124,0.02118399553000927,0.5155428647994995,0.36209702491760254,-0.006552812177687883,0.5218479633331299,0.3614875376224518,-0.005888014566153288,0.5281080007553101,0.3601781129837036,-0.004143770318478346,0.535973310470581,0.3534329831600189,0.0007671598577871919,0.5101940035820007,0.36147528886795044,-0.006177343428134918,0.5234959125518799,0.33948376774787903,-0.012474284507334232,0.51633220911026,0.34157752990722656,-0.01274452917277813,0.5301135182380676,0.3393987715244293,-0.009885027073323727,0.5344730615615845,0.3411940336227417,-0.00684372941032052,0.5425017476081848,0.3580808639526367,0.005220232531428337,0.5218155980110168,0.48477235436439514,0.02058609202504158,0.5349682569503784,0.3485480546951294,0.0006853690138086677,0.5613113641738892,0.34600263833999634,0.032839030027389526,0.5493007302284241,0.3504927456378937,0.010304082185029984,0.5248750448226929,0.40395787358283997,-0.004034041427075863,0.503339409828186,0.4463462829589844,-0.008543035946786404,0.5030128955841064,0.45415833592414856,-0.003857982810586691,0.5110068917274475,0.4463350474834442,-0.004099440760910511,0.5157844424247742,0.44653287529945374,0.0017312990967184305,0.5091874003410339,0.4521413743495941,-0.0010450963163748384,0.5136792063713074,0.4504414498806,0.0040711513720452785,0.5260189771652222,0.4525786340236664,0.01588030718266964,0.4989272356033325,0.42752012610435486,-0.03263736516237259,0.4989202320575714,0.4186357259750366,-0.03620143607258797,0.5430855751037598,0.33321669697761536,-0.007376675959676504,0.5089588761329651,0.3841269910335541,-0.009807534515857697,0.5130379796028137,0.4163934886455536,-0.016964256763458252,0.5127187967300415,0.41047778725624084,-0.015850961208343506,0.5446483492851257,0.3963181674480438,0.0040201833471655846,0.49745601415634155,0.405985563993454,-0.03454934433102608,0.5267761945724487,0.3297739028930664,-0.02035161480307579,0.5361896753311157,0.32982733845710754,-0.014735197648406029,0.5477108955383301,0.29259467124938965,0.004879152402281761,0.4992641806602478,0.34441953897476196,-0.024837009608745575,0.5103439688682556,0.3457835912704468,-0.01042791549116373,0.5306611657142639,0.4432380497455597,0.01540383417159319,0.5594335198402405,0.42760488390922546,0.07134419679641724,0.5089557766914368,0.4225732982158661,-0.013599553145468235,0.5042170882225037,0.4264602065086365,-0.013179870322346687,0.5218039155006409,0.44654855132102966,0.014889915473759174,0.5203562378883362,0.4474148154258728,0.013085514307022095,0.538895308971405,0.3228999972343445,-0.013112389482557774,0.5135948657989502,0.4184548556804657,-0.01253021415323019,0.5144871473312378,0.33394283056259155,-0.023939508944749832,0.5147574543952942,0.3263626992702484,-0.027061494067311287,0.5201807022094727,0.2791309356689453,-0.02465486153960228,0.5441016554832458,0.30645838379859924,-0.006043876986950636,0.5177059769630432,0.3010196387767792,-0.026912324130535126,0.5462239980697632,0.32746535539627075,-0.0029925622511655092,0.5514389872550964,0.3163906931877136,0.0076507036574184895,0.5033681392669678,0.45051971077919006,-0.0068406048230826855,0.5101639628410339,0.4493509829044342,-0.0026675763074308634,0.5148107409477234,0.4484504461288452,0.002473861910402775,0.5077390074729919,0.4239595830440521,-0.011882921680808067,0.5210457444190979,0.4469968378543854,0.013921746984124184,0.5182003974914551,0.450948566198349,0.010812939144670963,0.5196123719215393,0.44786977767944336,0.012908522970974445,0.5057730674743652,0.4231991767883301,-0.0234391987323761,0.512691855430603,0.451978862285614,0.005619246978312731,0.508176326751709,0.4541795551776886,0.0023127731401473284,0.5024435520172119,0.4564678370952606,-0.00022565905237570405,0.5069207549095154,0.4764367640018463,0.009492404758930206,0.5041192173957825,0.4702344834804535,0.0021512641105800867,0.5036179423332214,0.46531227231025696,0.000507113232742995,0.5029151439666748,0.46051865816116333,0.0011382170487195253,0.5021612644195557,0.4566633999347687,0.0009709197911433876,0.5124171376228333,0.45194414258003235,0.006581227295100689,0.5136147141456604,0.45333823561668396,0.006397608667612076,0.5149333477020264,0.45529070496559143,0.006196765229105949,0.5159663558006287,0.4576103687286377,0.007875308394432068,0.522493839263916,0.43574705719947815,0.001808689208701253,0.5632573962211609,0.38092365860939026,0.06999042630195618,0.5157694220542908,0.4500722885131836,0.010332123376429081,0.516981303691864,0.4504324197769165,0.01034513022750616,0.5023279190063477,0.43025344610214233,-0.012237437069416046,0.5121794939041138,0.4227895438671112,-0.0064969551749527454,0.5032331347465515,0.42844703793525696,-0.013002702966332436,0.5160694122314453,0.38715818524360657,-0.006311190314590931,0.5278438329696655,0.39046740531921387,-0.0033066358882933855,0.5141279101371765,0.4128693640232086,-0.011335856281220913,0.5368693470954895,0.2832827568054199,-0.010969635099172592,0.5333801507949829,0.30076509714126587,-0.01727900840342045,0.5280545949935913,0.3218892812728882,-0.021164048463106155,0.5212903022766113,0.46151936054229736,0.013606840744614601,0.4998646378517151,0.33239588141441345,-0.02994697168469429,0.5015046000480652,0.30374717712402344,-0.03210561349987984,0.5021296143531799,0.27878302335739136,-0.032357752323150635,0.5331947207450867,0.3573404848575592,-0.001488274778239429,0.5503565073013306,0.3625916838645935,0.010086645372211933,0.5067905187606812,0.36041322350502014,-0.005850513000041246,0.5413557887077332,0.3427554666996002,-0.0011664230842143297,0.5040984153747559,0.38005250692367554,-0.013255042023956776,0.5091431140899658,0.4163406193256378,-0.024113420397043228,0.5574460625648499,0.3675726652145386,0.018964985385537148,0.5467208027839661,0.3704272210597992,0.005731511861085892,0.5390259027481079,0.37642014026641846,0.00040412135422229767,0.5265107154846191,0.3782168924808502,-0.0026884949766099453,0.5169051885604858,0.3766106069087982,-0.004876900929957628,0.5099359154701233,0.37439286708831787,-0.007595964707434177,0.49480733275413513,0.37186071276664734,-0.02320530265569687,0.5583977699279785,0.3868328332901001,0.021421924233436584,0.5464872121810913,0.3405197262763977,0.0012683800887316465,0.4972667396068573,0.43125391006469727,-0.028643593192100525,0.5093749761581421,0.3944700360298157,-0.010569722391664982,0.5622317790985107,0.34017103910446167,0.05474938824772835,0.5045393705368042,0.3714156746864319,-0.00981670618057251,0.5146477818489075,0.41162946820259094,-0.004662340506911278,0.538001537322998,0.34820568561553955,0.0020919465459883213,0.5085710883140564,0.40903735160827637,-0.022728869691491127,0.5624771118164062,0.40364232659339905,0.07233988493680954,0.5067700147628784,0.3571469187736511,-0.005186352878808975,0.5031028389930725,0.4067688584327698,-0.030032340437173843,0.5473372936248779,0.45626139640808105,0.04076026752591133,0.5466880798339844,0.46363186836242676,0.05487341433763504,0.563640832901001,0.3844703733921051,0.045387089252471924,0.5549888014793396,0.44223669171333313,0.04614934325218201,0.5565034747123718,0.3295115530490875,0.02169657126069069,0.5232017636299133,0.49208763241767883,0.026565857231616974,0.49665698409080505,0.4320066571235657,-0.019149046391248703,0.5157975554466248,0.3987712264060974,-0.0067552183754742146,0.5547791123390198,0.3503504991531372,0.016944386065006256,0.52628093957901,0.35449230670928955,-0.0045788949355483055,0.5210093855857849,0.35593169927597046,-0.006122887134552002,0.5192906856536865,0.451701819896698,0.012189251370728016,0.5587409138679504,0.40483933687210083,0.02800738625228405,0.513218104839325,0.5046502351760864,0.030176937580108643,0.5298072099685669,0.4881089925765991,0.040907301008701324,0.5374166965484619,0.47787046432495117,0.04706588760018349,0.5158591270446777,0.35640180110931396,-0.006580725312232971,0.510976254940033,0.35653814673423767,-0.005976197309792042,0.5080320835113525,0.3570244610309601,-0.00505897356197238,0.5505991578102112,0.3366429805755615,0.007277583237737417,0.5119590759277344,0.3511476218700409,-0.008474685251712799,0.5172083377838135,0.3484126925468445,-0.009785418398678303,0.5225798487663269,0.3472347855567932,-0.009465310722589493,0.527877151966095,0.347148060798645,-0.007530665956437588,0.5313002467155457,0.3477480411529541,-0.005053105764091015,0.5593633055686951,0.3205955922603607,0.03895844146609306,0.5298685431480408,0.3527001738548279,-0.0026595958042889833,0.5156992673873901,0.4342648983001709,-0.0033481516875326633,0.5088162422180176,0.4221166968345642,-0.01670796237885952,0.5036875605583191,0.4368794858455658,-0.010016934014856815,0.5386975407600403,0.46981602907180786,0.037235427647829056,0.5310368537902832,0.48084425926208496,0.032530900090932846,0.5132248997688293,0.5007447600364685,0.02133605256676674,0.5538471341133118,0.44779902696609497,0.06415052711963654,0.5084142684936523,0.35477638244628906,-0.006645998451858759,0.5003781318664551,0.3866255283355713,-0.02188781462609768,0.5221720933914185,0.497567355632782,0.034348346292972565,0.5628488659858704,0.40473899245262146,0.049176014959812164,0.5078601837158203,0.4542649984359741,0.0034408143255859613,0.5090357065200806,0.4569709002971649,0.0033607790246605873,0.5100870132446289,0.4604673981666565,0.0030259445775300264,0.5108951926231384,0.46467792987823486,0.004685855936259031,0.5151335597038269,0.46987074613571167,0.010919439606368542,0.5171673893928528,0.44884276390075684,0.008753721602261066,0.5182548761367798,0.4476340115070343,0.00867199245840311,0.5191819071769714,0.44648686051368713,0.008305080235004425,0.5279725193977356,0.43851980566978455,0.008165142498910427,0.551481306552887,0.41324561834335327,0.01557033509016037,0.49929508566856384,0.3754819333553314,-0.017841413617134094,0.5012860298156738,0.35394585132598877,-0.01098899357020855,0.5053932666778564,0.3529917299747467,-0.00840766727924347,0.5159674882888794,0.45009827613830566,0.009687746874988079,0.5527255535125732,0.43229371309280396,0.030657483264803886,0.49586042761802673,0.3570641279220581,-0.019377456977963448,0.5187019109725952,0.476887047290802,0.016001317650079727,0.4955902099609375,0.3839028477668762,-0.02767707034945488,0.5059806704521179,0.39996176958084106,-0.018823157995939255,0.5093516707420349,0.48461034893989563,0.013180101290345192,0.5314648151397705,0.45577529072761536,0.020306603983044624,0.520835280418396,0.4166105389595032,-0.0015196270542219281,0.5256182551383972,0.4671008884906769,0.01878342777490616,0.5368600487709045,0.4114411771297455,0.0009964548517018557,0.5281239151954651,0.4233897924423218,0.0021122677717357874,0.543368935585022,0.4227101802825928,0.009679953567683697,0.5119619965553284,0.4938351809978485,0.015911417081952095,0.5099127292633057,0.4025994837284088,-0.012914128601551056,0.5367454290390015,0.4613901972770691,0.027784597128629684,0.5292231440544128,0.4733523726463318,0.025506919249892235,0.5365237593650818,0.4441162049770355,0.01825527846813202,0.5578650832176208,0.4197668731212616,0.034025710076093674,0.5446939468383789,0.443939208984375,0.024493983015418053,0.5604904890060425,0.4237895905971527,0.051062390208244324,0.5342888832092285,0.4311123490333557,0.008019900880753994,0.504718542098999,0.390455424785614,-0.015809524804353714,0.5076171159744263,0.42142346501350403,-0.02509092353284359,0.5114702582359314,0.42036566138267517,-0.017162906005978584,0.5043383240699768,0.417409211397171,-0.03047659434378147,0.5054359436035156,0.3462626338005066,-0.014476336538791656,0.5154739618301392,0.3390946388244629,-0.016272729262709618,0.5247347950935364,0.3360203206539154,-0.015545694157481194,0.5325899720191956,0.33575451374053955,-0.012277845293283463,0.5381442904472351,0.3378542363643646,-0.00771263288334012,0.5429890155792236,0.34963008761405945,0.005106666125357151,0.5632511377334595,0.3649728298187256,0.03953566402196884,0.5393055081367493,0.36290618777275085,0.002630207221955061,0.533035159111023,0.36734604835510254,-0.0008281453629024327,0.5242975950241089,0.3691520690917969,-0.0033577510621398687,0.5159915089607239,0.36883047223091125,-0.005072019062936306,0.5096579790115356,0.3676402270793915,-0.006002585403621197,0.5052890777587891,0.36622875928878784,-0.007061859592795372,0.5629440546035767,0.35996317863464355,0.06437645107507706,0.5114849209785461,0.4213126301765442,-0.013513303361833096,0.5012350678443909,0.39661866426467896,-0.02505767159163952,0.5032876133918762,0.4244981110095978,-0.029872657731175423,0.5005142688751221,0.42838966846466064,-0.02621285989880562,0.5034648180007935,0.4249936640262604,-0.02647688239812851,0.5102329850196838,0.4233766198158264,-0.010634761303663254,0.4992901682853699,0.4299982190132141,-0.027756663039326668,0.49871110916137695,0.4307329058647156,-0.01946415565907955,0.5045818090438843,0.35853224992752075,-0.005954040214419365,0.501548171043396,0.3626190721988678,-0.009293673560023308,0.4999582767486572,0.3659515976905823,-0.01321648433804512,0.5334121584892273,0.3482804596424103,-0.0025270988699048758,0.5375595688819885,0.3437351882457733,-0.0025536578614264727,0.45117896795272827,0.3624386787414551,-0.005655424669384956,0.45888015627861023,0.36163467168807983,-0.005655424669384956,0.4506106972694397,0.3534920811653137,-0.005655424669384956,0.44350457191467285,0.36316755414009094,-0.005655424669384956,0.45171868801116943,0.37129658460617065,-0.005655424669384956,0.5219401717185974,0.3516577482223511,-0.005378874018788338,0.5291398763656616,0.350253164768219,-0.005378874018788338,0.52093905210495,0.34309613704681396,-0.005378874018788338,0.5147210359573364,0.3529992997646332,-0.005378874018788338,0.5229375958442688,0.36019420623779297,-0.005378874018788338
566.6666666666666,0.49719977378845215,0.4492543041706085,-0.009112311527132988,0.4964394271373749,0.42897292971611023,-0.03328118100762367,0.49659469723701477,0.433053195476532,-0.014164078049361706,0.48775702714920044,0.39608538150787354,-0.030634066089987755,0.4955785870552063,0.4200208783149719,-0.03707010671496391,0.49423226714134216,0.40628498792648315,-0.03674272820353508,0.4907268285751343,0.3706375062465668,-0.026220349594950676,0.442495197057724,0.36340025067329407,-0.0018845782615244389,0.48825037479400635,0.3457168638706207,-0.026591140776872635,0.48704689741134644,0.33316391706466675,-0.030867721885442734,0.48189592361450195,0.28070423007011414,-0.034417714923620224,0.49738720059394836,0.45245397090911865,-0.0074769677594304085,0.4975293278694153,0.455643892288208,-0.00491873174905777,0.49760669469833374,0.45773845911026,-0.0010443375213071704,0.49756112694740295,0.4578038454055786,-2.3408829292748123e-05,0.4978675842285156,0.46201735734939575,0.00024678747286088765,0.49820181727409363,0.46678295731544495,-0.0003330025647301227,0.4984918534755707,0.4715534746646881,0.0014975626254454255,0.5010973215103149,0.47858425974845886,0.008891020901501179,0.49670466780662537,0.4322497546672821,-0.02913721278309822,0.48975399136543274,0.4310525059700012,-0.02001824975013733,0.41175323724746704,0.3272177577018738,0.019020995125174522,0.46301791071891785,0.3698533773422241,-0.007047069724649191,0.456289142370224,0.3712767958641052,-0.006538426969200373,0.4494701623916626,0.3719610869884491,-0.004911734722554684,0.4399230480194092,0.3669140338897705,-0.00014013606414664537,0.4685555696487427,0.3678986430168152,-0.00655773002654314,0.4498065710067749,0.34828129410743713,-0.013107376173138618,0.45796507596969604,0.34845787286758423,-0.013213693164288998,0.44282177090644836,0.35036933422088623,-0.010667983442544937,0.4386756718158722,0.3537564277648926,-0.007665230892598629,0.434585303068161,0.3736422657966614,0.004171636886894703,0.4796617031097412,0.49211928248405457,0.02004207856953144,0.43951743841171265,0.36107495427131653,-0.00018051062943413854,0.4135647416114807,0.3685053586959839,0.03147375211119652,0.42622530460357666,0.36742740869522095,0.009105294942855835,0.4611126184463501,0.41394713521003723,-0.004678593948483467,0.4887336492538452,0.4483424127101898,-0.008747165091335773,0.48987504839897156,0.455838680267334,-0.0040526119992136955,0.4810570180416107,0.450427770614624,-0.004482622724026442,0.4758918285369873,0.4519692659378052,0.001230308203957975,0.48337650299072266,0.4555835425853729,-0.001343639101833105,0.4783681333065033,0.4551955461502075,0.0036464896984398365,0.46922317147254944,0.462284117937088,0.015288814902305603,0.4909995496273041,0.4292873740196228,-0.03285164386034012,0.48943254351615906,0.42058587074279785,-0.03642159327864647,0.4284946918487549,0.348578542470932,-0.008541351184248924,0.4728163182735443,0.38957083225250244,-0.010295122861862183,0.47477811574935913,0.4224243462085724,-0.017425619065761566,0.4739838242530823,0.4165058135986328,-0.016293223947286606,0.4404766261577606,0.41268664598464966,0.002890517469495535,0.4884658455848694,0.4077286124229431,-0.03478137403726578,0.4440383315086365,0.3408789038658142,-0.02125152386724949,0.4345661401748657,0.34342941641807556,-0.015842964872717857,0.4167167544364929,0.31218233704566956,0.0029717411380261183,0.4755263328552246,0.34718239307403564,-0.025156406685709953,0.46521711349487305,0.35131925344467163,-0.0107332244515419,0.463022381067276,0.45456868410110474,0.014685855247080326,0.43048179149627686,0.44748130440711975,0.06907036900520325,0.4797913134098053,0.4272276759147644,-0.01396932639181614,0.4852515161037445,0.42958852648735046,-0.013456076383590698,0.46893253922462463,0.4537699222564697,0.014284471049904823,0.47054630517959595,0.4542210102081299,0.012541394680738449,0.4306207001209259,0.3372068703174591,-0.014214578084647655,0.47444966435432434,0.4245295226573944,-0.012976545840501785,0.45754575729370117,0.3415396809577942,-0.02453683875501156,0.45570629835128784,0.334183931350708,-0.027702463790774345,0.44234150648117065,0.2905065417289734,-0.02560189738869667,0.4234113395214081,0.32471007108688354,-0.007189765572547913,0.44907623529434204,0.31136417388916016,-0.02755245566368103,0.4244115650653839,0.3433651626110077,-0.004188489634543657,0.4176765978336334,0.3365505039691925,0.006433114409446716,0.4891790449619293,0.452398419380188,-0.0070409392938017845,0.4821797311306,0.45310190320014954,-0.0029996796511113644,0.4770595133304596,0.4535672962665558,0.002029821975156665,0.4812087118625641,0.4281650483608246,-0.01221359521150589,0.4697701632976532,0.45400944352149963,0.013351162895560265,0.4731689393520355,0.45732879638671875,0.01030664425343275,0.47136181592941284,0.454450398683548,0.012353736907243729,0.4832755923271179,0.4271007180213928,-0.023830443620681763,0.4793708622455597,0.4564526081085205,0.005262625869363546,0.4844495356082916,0.4573379158973694,0.002049405127763748,0.4906061887741089,0.4579554796218872,-0.0003632851876318455,0.4923493564128876,0.4792014956474304,0.009229679591953754,0.4901987612247467,0.47171199321746826,0.0018489432986825705,0.4901120960712433,0.46683603525161743,0.00019840076856780797,0.49028852581977844,0.46206018328666687,0.0008608434582129121,0.4906384348869324,0.45809751749038696,0.0006808250327594578,0.4794144928455353,0.4566224217414856,0.006113151554018259,0.478364497423172,0.45841270685195923,0.005944326985627413,0.47721704840660095,0.46082550287246704,0.005745314992964268,0.4763694107532501,0.4635242521762848,0.007415727712213993,0.4693584144115448,0.44432368874549866,0.0012419272679835558,0.4174426794052124,0.40329334139823914,0.06772056967020035,0.49669092893600464,0.4328419864177704,-0.019667135551571846,0.4756215512752533,0.4556405246257782,0.009812859818339348,0.4743839204311371,0.4564055800437927,0.009847675450146198,0.48785606026649475,0.4326264262199402,-0.012474511750042439,0.47662028670310974,0.428255170583725,-0.006832227110862732,0.48660293221473694,0.43117108941078186,-0.013275089673697948,0.4663679301738739,0.39469921588897705,-0.006939024664461613,0.45573461055755615,0.4016660749912262,-0.004140121396631002,0.47294721007347107,0.4192146062850952,-0.011788521893322468,0.4262505769729614,0.2997395992279053,-0.012479276396334171,0.4332597851753235,0.31585878133773804,-0.0181867778301239,0.44123050570487976,0.3334856629371643,-0.02200985699892044,0.4755991995334625,0.46939748525619507,0.013095286674797535,0.4724672734737396,0.3355560302734375,-0.03030829131603241,0.46561920642852783,0.30903226137161255,-0.032465413212776184,0.4603085517883301,0.2845720648765564,-0.032817039638757706,0.44352987408638,0.37043631076812744,-0.0023643835447728634,0.4275880455970764,0.3806445896625519,0.0089160380885005,0.4719162583351135,0.36601778864860535,-0.006163330283015966,0.4324084222316742,0.3574747145175934,-0.0021772324107587337,0.4769827127456665,0.3841463327407837,-0.01366936694830656,0.47880321741104126,0.4213498532772064,-0.024559037759900093,0.4218295216560364,0.38856783509254456,0.0176283810287714,0.4326993525028229,0.3879053294658661,0.004604445304721594,0.4416685700416565,0.39192190766334534,-0.0005607272032648325,0.45488622784614563,0.38966256380081177,-0.0034562693908810616,0.4643704891204834,0.3850586414337158,-0.00545505341142416,0.4709893465042114,0.3808300495147705,-0.008083936758339405,0.48476725816726685,0.37334880232810974,-0.0234338641166687,0.42474469542503357,0.4075949490070343,0.020039265975356102,0.4269452691078186,0.3566032350063324,8.010969759197906e-05,0.4932900667190552,0.43238210678100586,-0.028839323669672012,0.47432661056518555,0.39980924129486084,-0.011009793728590012,0.4108368456363678,0.3632033169269562,0.0525098592042923,0.47596845030784607,0.376469224691391,-0.010178592056035995,0.472074955701828,0.4181442856788635,-0.005050342530012131,0.4367649257183075,0.3618711829185486,0.0011654285481199622,0.47793424129486084,0.4139842689037323,-0.02317342348396778,0.42265570163726807,0.4251698851585388,0.06999976187944412,0.4712139070034027,0.3626074194908142,-0.00548525620251894,0.48305782675743103,0.41021955013275146,-0.03036678209900856,0.44900813698768616,0.4718339741230011,0.03975323215126991,0.45075395703315735,0.4789275527000427,0.05307798460125923,0.41856321692466736,0.4068533778190613,0.04395034536719322,0.43856382369995117,0.4603298306465149,0.04495113715529442,0.4150991439819336,0.3509347438812256,0.020375650376081467,0.4796791672706604,0.49970781803131104,0.025966115295886993,0.4938848912715912,0.43285253643989563,-0.01929108239710331,0.4687569737434387,0.4059818983078003,-0.00725705036893487,0.4208768308162689,0.3683449327945709,0.015659863129258156,0.44988813996315,0.3657371699810028,-0.0052688163705170155,0.4558912217617035,0.365566611289978,-0.006714940071105957,0.472127765417099,0.4584142565727234,0.011656277813017368,0.4278118312358856,0.4251345992088318,0.02663838490843773,0.49200525879859924,0.5088509917259216,0.029527107253670692,0.4724350869655609,0.4980414807796478,0.03968282788991928,0.46292489767074585,0.4902092218399048,0.04557499662041664,0.48442113399505615,0.3064945936203003,-0.033713117241859436,0.5043498873710632,0.5086231827735901,0.028203316032886505,0.4614565968513489,0.364386647939682,-0.007074227090924978,0.46671444177627563,0.36309054493904114,-0.00637305062264204,0.4699554741382599,0.36279499530792236,-0.005404546856880188,0.42224419116973877,0.353577196598053,0.0060534290969371796,0.46428829431533813,0.35639747977256775,-0.008883149363100529,0.4578820466995239,0.35408711433410645,-0.010304609313607216,0.45173415541648865,0.3541460633277893,-0.010076839476823807,0.4460091292858124,0.3559650778770447,-0.008243810385465622,0.4426559805870056,0.3583028316497803,-0.00580427935346961,0.4099470376968384,0.3432270586490631,0.03668868914246559,0.4456409513950348,0.36482876539230347,-0.0034300279803574085,0.49714940786361694,0.4385342299938202,-0.010963433422148228,0.4756781756877899,0.44064241647720337,-0.0038324722554534674,0.47989439964294434,0.4267951548099518,-0.01706324890255928,0.4879833459854126,0.4394203722476959,-0.010272798128426075,0.48934197425842285,0.35696959495544434,-0.02406994253396988,0.46006646752357483,0.48259541392326355,0.036372121423482895,0.4697883427143097,0.49108874797821045,0.03179612010717392,0.4910900592803955,0.504999041557312,0.020934654399752617,0.44030261039733887,0.4655439853668213,0.06201757863163948,0.4689319431781769,0.3601815402507782,-0.007003362290561199,0.4820460081100464,0.38950273394584656,-0.022195128723978996,0.503898561000824,0.5045574307441711,0.01990835927426815,0.4818628132343292,0.5048926472663879,0.033391568809747696,0.42315736413002014,0.4262355864048004,0.04774336516857147,0.4845336973667145,0.457544207572937,0.003028028178960085,0.4836452007293701,0.46058472990989685,0.0029596055392175913,0.48299798369407654,0.4643633961677551,0.002647457644343376,0.4826987683773041,0.46881693601608276,0.00430996622890234,0.48317939043045044,0.47556883096694946,0.010494777001440525,0.4743165373802185,0.45464032888412476,0.008227795362472534,0.47307971119880676,0.45377087593078613,0.008107167668640614,0.4720400869846344,0.4528806507587433,0.007702633738517761,0.46464505791664124,0.448941171169281,0.007475759368389845,0.43691185116767883,0.43119412660598755,0.014367539435625076,0.4809381365776062,0.3782142698764801,-0.01816357485949993,0.4761560559272766,0.35763564705848694,-0.011195121333003044,0.47175028920173645,0.3578387200832367,-0.008697057142853737,0.4756195843219757,0.4555308222770691,0.009219810366630554,0.43917202949523926,0.45010697841644287,0.02951124683022499,0.4819842576980591,0.35909295082092285,-0.01952275075018406,0.481151282787323,0.48342227935791016,0.015544946305453777,0.49306556582450867,0.3943015933036804,-0.03293364495038986,0.48628148436546326,0.3854159414768219,-0.027887223288416862,0.4919625520706177,0.3830356001853943,-0.029537413269281387,0.47881820797920227,0.4041963815689087,-0.019204560667276382,0.5031369924545288,0.4971979856491089,0.014270507730543613,0.5020532011985779,0.487303763628006,0.011782706715166569,0.4916781187057495,0.4879678785800934,0.012887321412563324,0.46451064944267273,0.46693840622901917,0.019620057195425034,0.46705174446105957,0.42508363723754883,-0.002055129036307335,0.47245851159095764,0.47613683342933655,0.0182447899132967,0.4510346055030823,0.425019234418869,0.00015334085037466139,0.4615480303764343,0.4340360164642334,0.0014224451733753085,0.44679439067840576,0.4380541145801544,0.008785947225987911,0.490980863571167,0.4977918267250061,0.01554795354604721,0.4752205014228821,0.4079344570636749,-0.013323702849447727,0.4605141878128052,0.4739358425140381,0.02698316052556038,0.4702361226081848,0.4832914173603058,0.024845808744430542,0.45742690563201904,0.45704102516174316,0.017415160313248634,0.43153366446495056,0.43937742710113525,0.03270387277007103,0.44945138692855835,0.4592134356498718,0.023538626730442047,0.42928531765937805,0.44398558139801025,0.04967167600989342,0.4571918845176697,0.4435889720916748,0.007216725964099169,0.4782845377922058,0.394501268863678,-0.016205500811338425,0.4811905026435852,0.42589905858039856,-0.025509729981422424,0.47701358795166016,0.4258396327495575,-0.01756809838116169,0.48381108045578003,0.4210786819458008,-0.03089161030948162,0.4701248109340668,0.35088473558425903,-0.014776363037526608,0.45805811882019043,0.34639906883239746,-0.016820088028907776,0.4476282000541687,0.3460668921470642,-0.016294414177536964,0.4394996166229248,0.3481263220310211,-0.013214293867349625,0.4344237744808197,0.3518330752849579,-0.008734345436096191,0.43228471279144287,0.36473774909973145,0.004053979646414518,0.41519975662231445,0.3877164423465729,0.038121867924928665,0.4387156367301941,0.37782022356987,0.0016677211970090866,0.44608765840530396,0.38070935010910034,-0.0016875519650056958,0.45544689893722534,0.37974998354911804,-0.004079888574779034,0.4639137387275696,0.37678563594818115,-0.005574009381234646,0.4701807498931885,0.37385326623916626,-0.00641501834616065,0.47443723678588867,0.3713524639606476,-0.007368899881839752,0.41382479667663574,0.3827883005142212,0.06212281435728073,0.47703585028648376,0.4267408847808838,-0.013898652978241444,0.483002632856369,0.3996086120605469,-0.02537747286260128,0.48608145117759705,0.4277569651603699,-0.030190061777830124,0.4894392192363739,0.4306507110595703,-0.026459017768502235,0.48591697216033936,0.4282146990299225,-0.026794129982590675,0.4786719083786011,0.42830711603164673,-0.010980414226651192,0.49104055762290955,0.43184152245521545,-0.027984218671917915,0.49157023429870605,0.4323294758796692,-0.019632507115602493,0.47377774119377136,0.3635561764240265,-0.006202248390763998,0.4775594472885132,0.3667052388191223,-0.00952877663075924,0.4796108603477478,0.36966168880462646,-0.01347658783197403,0.4407878518104553,0.35995301604270935,-0.0033294870518147945,0.436219722032547,0.35735809803009033,-0.0034403717145323753,0.49854499101638794,0.39425304532051086,-0.030406493693590164,0.5332039594650269,0.3491141200065613,-0.000389100139727816,0.5029586553573608,0.42866069078445435,-0.019831694662570953,0.5555698275566101,0.30357909202575684,0.02221626229584217,0.5164401531219482,0.36095675826072693,-0.006036470178514719,0.5228251814842224,0.36036330461502075,-0.005327506922185421,0.529060423374176,0.3589470684528351,-0.0035375438164919615,0.5364088416099548,0.35157954692840576,0.0014823332894593477,0.5110001564025879,0.3602465093135834,-0.005774684250354767,0.5246219635009766,0.3378850817680359,-0.011893723160028458,0.5173430442810059,0.3399478495121002,-0.012247437611222267,0.5311539173126221,0.3378806412220001,-0.00925968587398529,0.5352994203567505,0.33966049551963806,-0.0061652823351323605,0.5431661605834961,0.3563535213470459,0.005966400261968374,0.5246558785438538,0.4844278395175934,0.02072094939649105,0.5354325175285339,0.3462725877761841,0.0014129899209365249,0.5622828602790833,0.34400177001953125,0.03390531986951828,0.550014078617096,0.3484850823879242,0.011129849590361118,0.5270943641662598,0.4029478132724762,-0.003630018560215831,0.5054745674133301,0.4457569718360901,-0.008522073738276958,0.5051671266555786,0.45346295833587646,-0.003820656333118677,0.5131586194038391,0.44546782970428467,-0.003982964437454939,0.5179482102394104,0.44548195600509644,0.0019182717660441995,0.5113549828529358,0.4512391686439514,-0.0009355333168059587,0.5158808827400208,0.4493478536605835,0.004234389867633581,0.5286860466003418,0.4522310793399811,0.016107141971588135,0.5017121434211731,0.427407443523407,-0.03270678594708443,0.5016634464263916,0.41846007108688354,-0.03626216948032379,0.5441771745681763,0.33250129222869873,-0.00667492626234889,0.5110340118408203,0.38315659761428833,-0.00956366490572691,0.5157173275947571,0.41567355394363403,-0.016784271225333214,0.5153055191040039,0.40968620777130127,-0.015644904226064682,0.546562135219574,0.39500805735588074,0.0046704960986971855,0.5000577569007874,0.40570446848869324,-0.03457501530647278,0.5284228324890137,0.3296357989311218,-0.019931966438889503,0.5375941395759583,0.3294629752635956,-0.014208018779754639,0.5487023591995239,0.29059335589408875,0.005794080439954996,0.5009739995002747,0.34410160779953003,-0.024723129346966743,0.5111892819404602,0.34424930810928345,-0.009975499473512173,0.5332676768302917,0.44282129406929016,0.015740850940346718,0.5609955191612244,0.4258964955806732,0.07225794345140457,0.5116681456565857,0.42196589708328247,-0.013459615409374237,0.5069214105606079,0.42599835991859436,-0.01317862793803215,0.5240282416343689,0.4452822804450989,0.015169170685112476,0.5225796103477478,0.4461594820022583,0.013319662772119045,0.5403387546539307,0.3225855827331543,-0.012499319389462471,0.5162580609321594,0.4176914095878601,-0.012340660206973553,0.5162134766578674,0.33383429050445557,-0.023659642785787582,0.5166097283363342,0.3264312744140625,-0.026778139173984528,0.5214144587516785,0.2775838375091553,-0.024112090468406677,0.5453275442123413,0.3047255277633667,-0.005279413424432278,0.5191643238067627,0.29981547594070435,-0.026504099369049072,0.5473325848579407,0.3265738785266876,-0.0022033043205738068,0.5524986386299133,0.31449398398399353,0.008572587743401527,0.5055217742919922,0.44989144802093506,-0.006814727559685707,0.5123301148414612,0.44848886132240295,-0.002555296989157796,0.5169942378997803,0.44739097356796265,0.0026428773999214172,0.5104446411132812,0.42337051033973694,-0.011807447299361229,0.5232732892036438,0.44574084877967834,0.014169531874358654,0.5205582976341248,0.44970834255218506,0.010962601751089096,0.5218276381492615,0.44661277532577515,0.013120380230247974,0.5085177421569824,0.4227892756462097,-0.023362036794424057,0.5149050951004028,0.45084822177886963,0.005808801855891943,0.5103430151939392,0.4532386064529419,0.00246257777325809,0.5045843124389648,0.455719918012619,-0.00013187013973947614,0.509739339351654,0.4762817323207855,0.009428613819181919,0.5066192746162415,0.46886008977890015,0.0020730907563120127,0.5060510635375977,0.46409255266189575,0.00044934809557162225,0.505279004573822,0.4595229923725128,0.001103422837331891,0.5044585466384888,0.45577600598335266,0.0009151908452622592,0.5147756934165955,0.4508209228515625,0.006654177792370319,0.5160106420516968,0.45219123363494873,0.00647850101813674,0.5173377394676208,0.45408403873443604,0.006291663274168968,0.5184019207954407,0.45635902881622314,0.007982700131833553,0.5251096487045288,0.4351848363876343,0.0020402490627020597,0.564196765422821,0.37894463539123535,0.07109390944242477,0.5181267261505127,0.44885995984077454,0.010468054562807083,0.5193480849266052,0.4492151141166687,0.01049131527543068,0.505020022392273,0.42986738681793213,-0.012222295626997948,0.5148220062255859,0.42207759618759155,-0.006338097155094147,0.5059369802474976,0.42802709341049194,-0.013005251064896584,0.5181090831756592,0.38607510924339294,-0.005973425693809986,0.5298430323600769,0.38930240273475647,-0.002870370866730809,0.5167032480239868,0.4120445251464844,-0.011109253391623497,0.5380078554153442,0.2814737558364868,-0.010228889063000679,0.5347270369529724,0.29925537109375,-0.01666834205389023,0.5297631025314331,0.32181882858276367,-0.020673636347055435,0.5239889621734619,0.46118682622909546,0.013750500977039337,0.5016916990280151,0.332446813583374,-0.029842818155884743,0.5030315518379211,0.3027973175048828,-0.03189824894070625,0.5033847689628601,0.2774992883205414,-0.0320504792034626,0.533919095993042,0.35585978627204895,-0.000825663679279387,0.5512209534645081,0.3609262704849243,0.010920293629169464,0.5075241923332214,0.35923150181770325,-0.005468145478516817,0.5420165657997131,0.3412192463874817,-0.00041673536179587245,0.5061795115470886,0.3791891038417816,-0.0130795082077384,0.5118423104286194,0.4158138036727905,-0.02400556020438671,0.5588633418083191,0.3658037781715393,0.019903071224689484,0.5476062893867493,0.36920565366744995,0.006500727031379938,0.5399599671363831,0.375516414642334,0.0010630465112626553,0.5274879932403564,0.37719035148620605,-0.0022160778753459454,0.5180280208587646,0.3753543198108673,-0.004493591375648975,0.511218786239624,0.3731216788291931,-0.007324925623834133,0.4969433546066284,0.37126296758651733,-0.023198353126645088,0.5599576234817505,0.38518425822257996,0.022332077845931053,0.5473170876502991,0.3389267921447754,0.002066979417577386,0.5000433325767517,0.43114668130874634,-0.02871808037161827,0.5116283297538757,0.3935970664024353,-0.010315992869436741,0.5628689527511597,0.3380502462387085,0.05591561272740364,0.505915641784668,0.3703339993953705,-0.009603669866919518,0.5171334147453308,0.4107613265514374,-0.004384258762001991,0.5382990837097168,0.3461519181728363,0.0028411203529685736,0.5111721158027649,0.4084160029888153,-0.02259822189807892,0.5636881589889526,0.40175288915634155,0.07335935533046722,0.5073007345199585,0.3558911681175232,-0.004762658849358559,0.5057044625282288,0.4063338339328766,-0.029982933774590492,0.5497154593467712,0.45518237352371216,0.0413975864648819,0.5489717125892639,0.462503045797348,0.0554833747446537,0.56488037109375,0.3826145529747009,0.0464339405298233,0.5570875406265259,0.4408910572528839,0.046935245394706726,0.5574727058410645,0.3275277316570282,0.0226972047239542,0.5261009931564331,0.4917682111263275,0.02672700025141239,0.4993870258331299,0.43185529112815857,-0.01920665241777897,0.5180380344390869,0.3978075087070465,-0.006430772133171558,0.555457353591919,0.3481570780277252,0.017873601987957954,0.5273250937461853,0.3534262776374817,-0.003935797140002251,0.5220625996589661,0.3550407290458679,-0.005539820063859224,0.5216413736343384,0.45044195652008057,0.012364408932626247,0.5604561567306519,0.40328434109687805,0.02888793870806694,0.5162135362625122,0.5046122670173645,0.030111942440271378,0.5325464010238647,0.48756852746009827,0.041159238666296005,0.5399729013442993,0.4770655930042267,0.047483306378126144,0.5167797207832336,0.3554467558860779,-0.0060630314983427525,0.5116820931434631,0.35542458295822144,-0.005513178650289774,0.5086223483085632,0.3558468818664551,-0.004625450354069471,0.5514055490493774,0.3348570466041565,0.008159753866493702,0.5124185681343079,0.34861359000205994,-0.007976233959197998,0.5177478790283203,0.3452843427658081,-0.00926563236862421,0.5233795046806335,0.34403127431869507,-0.008887466974556446,0.5287359952926636,0.34414854645729065,-0.006899765692651272,0.5320272445678711,0.34501931071281433,-0.00436763372272253,0.5600178837776184,0.318429172039032,0.04007118567824364,0.5307594537734985,0.35127827525138855,-0.001977141248062253,0.518352210521698,0.4336904287338257,-0.003184691770002246,0.5115412473678589,0.42154449224472046,-0.016596591100096703,0.5063934326171875,0.4364861249923706,-0.010001340880990028,0.5412951707839966,0.46900421380996704,0.037680160254240036,0.5337919592857361,0.4802805781364441,0.03282564878463745,0.5162337422370911,0.5006645321846008,0.021330423653125763,0.5557935237884521,0.4463631212711334,0.06490857154130936,0.5089024305343628,0.35306745767593384,-0.006194442044943571,0.5026532411575317,0.3860029876232147,-0.021802259609103203,0.5250685811042786,0.49729394912719727,0.03444303572177887,0.5643011927604675,0.4029850363731384,0.05016670376062393,0.5101855993270874,0.45327043533325195,0.003453788347542286,0.5114111304283142,0.45588958263397217,0.0033888742327690125,0.5125011801719666,0.4592624306678772,0.003063281998038292,0.5133622288703918,0.46337947249412537,0.004724009428173304,0.5178947448730469,0.4696158170700073,0.010967908427119255,0.5193779468536377,0.44762668013572693,0.008941915817558765,0.5204359292984009,0.4464319944381714,0.00887860544025898,0.5213513970375061,0.4452850818634033,0.008537816815078259,0.5305660367012024,0.4380311369895935,0.008473306894302368,0.5534390211105347,0.41193002462387085,0.016275912523269653,0.5013992190361023,0.3747568428516388,-0.017748381942510605,0.5023779273033142,0.35292550921440125,-0.010717789642512798,0.5062158703804016,0.3516964018344879,-0.008031482808291912,0.5181900858879089,0.4488672912120819,0.009903181344270706,0.5548578500747681,0.4310246706008911,0.03138560801744461,0.4975081980228424,0.35632291436195374,-0.019254108890891075,0.5214762687683105,0.4765665531158447,0.016090884804725647,0.49788713455200195,0.38340267539024353,-0.02768864296376705,0.5084066390991211,0.3992851972579956,-0.018679047003388405,0.5122174024581909,0.4844570457935333,0.013134186156094074,0.5340983867645264,0.455208420753479,0.02060343325138092,0.523294985294342,0.4157182574272156,-0.0012177549069747329,0.5283173322677612,0.4666499197483063,0.018973154947161674,0.5390389561653137,0.41037043929100037,0.0014980167616158724,0.5305479168891907,0.4225400686264038,0.002458929317072034,0.5455811619758606,0.4216395616531372,0.01027592271566391,0.5149141550064087,0.49370643496513367,0.015887321904301643,0.5123283863067627,0.4017912745475769,-0.012701022438704967,0.5393485426902771,0.46064355969429016,0.02817363291978836,0.5319518446922302,0.4728245735168457,0.02575710415840149,0.5390682220458984,0.4434390664100647,0.01867806911468506,0.5597566366195679,0.41829612851142883,0.03486337885260582,0.5470880270004272,0.4429607093334198,0.025051411241292953,0.5622276067733765,0.42218202352523804,0.05197963863611221,0.5367332696914673,0.4303593337535858,0.008417882025241852,0.5069798827171326,0.3896993100643158,-0.015637511387467384,0.510357677936554,0.42097267508506775,-0.025005850940942764,0.514190137386322,0.41971734166145325,-0.017024846747517586,0.50706946849823,0.4170791208744049,-0.030477190390229225,0.5065824389457703,0.3453187346458435,-0.014132744632661343,0.5167595744132996,0.3383144736289978,-0.015870340168476105,0.5260313749313354,0.335331529378891,-0.015061615966260433,0.5337360501289368,0.3349647521972656,-0.01171266008168459,0.5389994978904724,0.3368273973464966,-0.007065155543386936,0.5435465574264526,0.3477281332015991,0.005872667767107487,0.5643326640129089,0.36303332448005676,0.04062308743596077,0.5399888157844543,0.36144131422042847,0.0033455512020736933,0.5339524745941162,0.3661317825317383,-0.00022730389900971204,0.5252789258956909,0.36794552206993103,-0.002861594082787633,0.5169668793678284,0.36751654744148254,-0.004610301461070776,0.5106732845306396,0.36631181836128235,-0.005680054891854525,0.5063380002975464,0.3650214374065399,-0.006769090425223112,0.5636808276176453,0.3579180836677551,0.0655360221862793,0.5141863822937012,0.4206307530403137,-0.01336679793894291,0.5036683678627014,0.39609724283218384,-0.024979986250400543,0.506067156791687,0.42424270510673523,-0.029869817197322845,0.5032894611358643,0.42817091941833496,-0.026255382224917412,0.5062289834022522,0.4246898293495178,-0.02646048553287983,0.5129132866859436,0.4227205812931061,-0.010515700094401836,0.5020743608474731,0.42983442544937134,-0.027819285169243813,0.5014545917510986,0.4305241107940674,-0.019503822550177574,0.5053253769874573,0.3574109971523285,-0.005602562800049782,0.5026485919952393,0.3615662157535553,-0.009049168787896633,0.5013899803161621,0.36505189538002014,-0.01308098342269659,0.5339820384979248,0.34576651453971863,-0.0018208185210824013,0.538066029548645,0.3420049548149109,-0.0018293721368536353,0.4535966217517853,0.3603765666484833,-0.005966343451291323,0.46117109060287476,0.35937708616256714,-0.005966343451291323,0.4529992938041687,0.35137739777565,-0.005966343451291323,0.44605201482772827,0.3613232672214508,-0.005966343451291323,0.454168438911438,0.3693113923072815,-0.005966343451291323,0.5224761962890625,0.34924063086509705,-0.004800323862582445,0.529592752456665,0.3478982448577881,-0.004800323862582445,0.5214088559150696,0.3405727446079254,-0.004800323862582445,0.5153497457504272,0.3504752516746521,-0.004800323862582445,0.5235707759857178,0.35791340470314026,-0.004800323862582445
600.0,0.5000749826431274,0.4482826590538025,-0.009558034129440784,0.49978917837142944,0.4268909990787506,-0.033493246883153915,0.49976006150245667,0.43128377199172974,-0.014466905035078526,0.4908088445663452,0.39411407709121704,-0.030667077749967575,0.49890923500061035,0.41784802079200745,-0.037214118987321854,0.49744102358818054,0.4041344225406647,-0.03676750138401985,0.4935322105884552,0.3686693608760834,-0.02584654651582241,0.44510969519615173,0.36286890506744385,-0.0023493499029427767,0.49081143736839294,0.34333598613739014,-0.025925738736987114,0.48952725529670715,0.33059263229370117,-0.030052313581109047,0.4839327037334442,0.278305321931839,-0.03306709602475166,0.5002835392951965,0.4515557885169983,-0.007959173992276192,0.5004332661628723,0.4548245072364807,-0.005433567333966494,0.500511884689331,0.4569823145866394,-0.0016144094988703728,0.500471830368042,0.45706865191459656,-0.0005309450207278132,0.5008378028869629,0.4613460898399353,-0.0003339969553053379,0.5012168884277344,0.4661909341812134,-0.0009783614659681916,0.5015431046485901,0.4710468053817749,0.000777861918322742,0.5041770339012146,0.477506160736084,0.008054833859205246,0.49999913573265076,0.43028563261032104,-0.029382290318608284,0.4929644465446472,0.42929139733314514,-0.020368792116642,0.41286757588386536,0.32694360613822937,0.018610170111060143,0.4654536545276642,0.36918431520462036,-0.007296220865100622,0.45882749557495117,0.37061944603919983,-0.006896400358527899,0.45206162333488464,0.3713691830635071,-0.005358816124498844,0.4425099790096283,0.36652660369873047,-0.000677626405376941,0.47088822722435,0.3672056794166565,-0.006638975348323584,0.4521331191062927,0.34765833616256714,-0.013346345163881779,0.4601834714412689,0.34769392013549805,-0.01327670831233263,0.44524791836738586,0.34989017248153687,-0.01100961398333311,0.44115713238716125,0.35337236523628235,-0.00807532574981451,0.4370476305484772,0.37343117594718933,0.003542706836014986,0.4826708137989044,0.49158233404159546,0.018673911690711975,0.4420737624168396,0.36069315671920776,-0.0006443464080803096,0.4149879217147827,0.3686041533946991,0.030649514868855476,0.4284784197807312,0.36743634939193726,0.008460124023258686,0.4636642038822174,0.41297075152397156,-0.005357670597732067,0.49159926176071167,0.44757768511772156,-0.009333793073892593,0.49273744225502014,0.4552397131919861,-0.004703978076577187,0.48379263281822205,0.44999125599861145,-0.005234423093497753,0.47847434878349304,0.4517899751663208,0.0003865523904096335,0.4861443042755127,0.4552323520183563,-0.002101951977238059,0.48100903630256653,0.4550423324108124,0.002826250623911619,0.47193148732185364,0.46155643463134766,0.01420451607555151,0.4943266808986664,0.42729702591896057,-0.03314293548464775,0.49274373054504395,0.41852155327796936,-0.03665663301944733,0.4308513402938843,0.3482479155063629,-0.00891860295087099,0.47535377740859985,0.38834863901138306,-0.010515252128243446,0.4777539074420929,0.4209843873977661,-0.017972026020288467,0.4768587052822113,0.4151151776313782,-0.016811825335025787,0.4426993727684021,0.41213157773017883,0.0019384553888812661,0.49165236949920654,0.4056883454322815,-0.0349309928715229,0.4464298486709595,0.3398265540599823,-0.02122664265334606,0.43698349595069885,0.3427684009075165,-0.015997234731912613,0.41802728176116943,0.3114194869995117,0.00285662361420691,0.47777751088142395,0.34546199440956116,-0.02473563328385353,0.4673520028591156,0.35046157240867615,-0.010710285976529121,0.46564891934394836,0.4538050591945648,0.01356735173612833,0.43218016624450684,0.44828033447265625,0.06732308864593506,0.48280397057533264,0.4257330894470215,-0.014471491798758507,0.48833131790161133,0.4280143976211548,-0.013839943334460258,0.47134891152381897,0.4539424180984497,0.01328808069229126,0.4729870855808258,0.4543360471725464,0.011620578356087208,0.43286648392677307,0.3365785777568817,-0.01436025369912386,0.477358341217041,0.42320019006729126,-0.013545210473239422,0.45985904335975647,0.3401094079017639,-0.024322694167494774,0.45795994997024536,0.33262312412261963,-0.027423908933997154,0.4441046416759491,0.2887119650840759,-0.02503659576177597,0.4250640273094177,0.32369452714920044,-0.00729902321472764,0.4511081278324127,0.30943572521209717,-0.02710704132914543,0.4264794588088989,0.34306657314300537,-0.004576610866934061,0.4191786050796509,0.33599862456321716,0.0060730366967618465,0.49204397201538086,0.4517255127429962,-0.00766371563076973,0.4849250018596649,0.4527050852775574,-0.0037569336127489805,0.4796774089336395,0.45340046286582947,0.0011970556806772947,0.48422589898109436,0.42668020725250244,-0.01264856569468975,0.47219493985176086,0.4541504979133606,0.01240436639636755,0.47565314173698425,0.4573892056941986,0.009398147463798523,0.47382503747940063,0.4545489251613617,0.01145025435835123,0.4864045977592468,0.42539796233177185,-0.02427535690367222,0.4820544719696045,0.4563198983669281,0.0044273133389651775,0.48724162578582764,0.45702114701271057,0.0012644679518416524,0.4934648275375366,0.4573947787284851,-0.0010678470134735107,0.4953635632991791,0.47827327251434326,0.00827081874012947,0.4930967092514038,0.4713912904262543,0.0010042975191026926,0.4929916560649872,0.466438889503479,-0.0005864058039151132,0.49314752221107483,0.4615696966648102,0.00014785338134970516,0.4934791028499603,0.4575497508049011,4.202290438115597e-05,0.4820517301559448,0.4564664363861084,0.005333811976015568,0.48097148537635803,0.45829111337661743,0.005114375147968531,0.4797976016998291,0.460762083530426,0.004850856028497219,0.47893261909484863,0.46350792050361633,0.006474179215729237,0.47212523221969604,0.44330716133117676,0.0004179326060693711,0.41858920454978943,0.4040091931819916,0.06637616455554962,0.4999217689037323,0.4309706389904022,-0.01994057558476925,0.47817355394363403,0.4556090533733368,0.008971801027655602,0.47690078616142273,0.4564163386821747,0.00897190347313881,0.49096283316612244,0.4310333728790283,-0.012913752347230911,0.4795162081718445,0.4269714951515198,-0.007368866819888353,0.48969969153404236,0.4295845627784729,-0.013676336966454983,0.4687964916229248,0.3936532735824585,-0.007339881267398596,0.4581017792224884,0.4007786214351654,-0.004742704331874847,0.4757649004459381,0.4179319441318512,-0.012347565032541752,0.4277727007865906,0.2984677255153656,-0.012265536934137344,0.43507441878318787,0.3143968880176544,-0.018039843067526817,0.4435046911239624,0.3323615789413452,-0.021951962262392044,0.47841671109199524,0.46862152218818665,0.0120207155123353,0.4746156930923462,0.33364036679267883,-0.029778029769659042,0.46779865026474,0.306842565536499,-0.031728070229291916,0.462238609790802,0.28242626786231995,-0.03187629580497742,0.4461406469345093,0.36994433403015137,-0.0028806552290916443,0.4299781322479248,0.3806409537792206,0.008129832334816456,0.47420161962509155,0.36529847979545593,-0.006176127586513758,0.43482187390327454,0.35724180936813354,-0.002648750552907586,0.4795909523963928,0.3827437162399292,-0.013757686130702496,0.4818832576274872,0.4196840524673462,-0.025012969970703125,0.42362743616104126,0.38844650983810425,0.016656992956995964,0.4352957606315613,0.38772842288017273,0.0037865261547267437,0.44442278146743774,0.391510933637619,-0.0012795517686754465,0.4576582908630371,0.38904568552970886,-0.003958524204790592,0.4670955538749695,0.3843351900577545,-0.005780916195362806,0.4736802875995636,0.37996092438697815,-0.008231782354414463,0.48753276467323303,0.37151724100112915,-0.02320622280240059,0.4266306161880493,0.4075348377227783,0.018868455663323402,0.4292009770870209,0.3564397692680359,-0.00045398695510812104,0.49658384919166565,0.43047118186950684,-0.0291497390717268,0.4769781231880188,0.39851388335227966,-0.011351022869348526,0.4117890000343323,0.3635961413383484,0.05161220207810402,0.47862979769706726,0.3754199147224426,-0.01017727516591549,0.4747885465621948,0.4169653654098511,-0.005602821242064238,0.4393060505390167,0.3615543842315674,0.0006716857897117734,0.4809081256389618,0.4123774468898773,-0.023577887564897537,0.4240412712097168,0.4259721040725708,0.06844419240951538,0.47341662645339966,0.36192646622657776,-0.005474643316119909,0.48615846037864685,0.40837356448173523,-0.030644094571471214,0.4515101909637451,0.47198206186294556,0.03814086318016052,0.45314258337020874,0.47934994101524353,0.05127396807074547,0.4201602041721344,0.40723174810409546,0.04268981143832207,0.44079312682151794,0.46068626642227173,0.04330763220787048,0.4165346622467041,0.3507450222969055,0.019793875515460968,0.4827069640159607,0.49926042556762695,0.024453049525618553,0.4971192181110382,0.4310191869735718,-0.019603082910180092,0.47132816910743713,0.40486079454421997,-0.007750874385237694,0.42290574312210083,0.3685736656188965,0.014908744022250175,0.45245346426963806,0.3650429844856262,-0.00567266158759594,0.4583566188812256,0.3648470640182495,-0.007035234477370977,0.4745884835720062,0.4585311710834503,0.010697291232645512,0.4297600984573364,0.4252062439918518,0.025292307138442993,0.49507492780685425,0.5082106590270996,0.027994360774755478,0.4752742052078247,0.4979934096336365,0.03796718269586563,0.4655879735946655,0.4904010593891144,0.043818436563014984,0.48669493198394775,0.3040952682495117,-0.032654765993356705,0.5073763132095337,0.5077336430549622,0.02690490335226059,0.46381476521492004,0.363688588142395,-0.007277827709913254,0.46897345781326294,0.36240503191947937,-0.006471129134297371,0.47217127680778503,0.36212021112442017,-0.005428112577646971,0.42419159412384033,0.3535343408584595,0.005477366968989372,0.46646973490715027,0.35579702258110046,-0.008964001201093197,0.4601501524448395,0.35354793071746826,-0.01045317854732275,0.45410090684890747,0.35367003083229065,-0.01032766979187727,0.44845741987228394,0.3555382788181305,-0.008588862605392933,0.4451691806316376,0.3578868806362152,-0.006210368126630783,0.41094064712524414,0.3433166742324829,0.03604542836546898,0.4482601583003998,0.3641945719718933,-0.00387801555916667,0.5003076791763306,0.4368831217288971,-0.011308644898235798,0.4785612225532532,0.4394511878490448,-0.00453965226188302,0.48293444514274597,0.42524585127830505,-0.0175124891102314,0.4910842776298523,0.4379301369190216,-0.01078484021127224,0.49198734760284424,0.3549123704433441,-0.023558268323540688,0.4627743363380432,0.48258176445961,0.03479738160967827,0.47266629338264465,0.49087661504745483,0.03024565428495407,0.4942179322242737,0.5042741894721985,0.019534064456820488,0.4423658847808838,0.46618369221687317,0.06019730493426323,0.4711213707923889,0.3595333695411682,-0.007021465804427862,0.4848790466785431,0.3877968192100525,-0.02223288081586361,0.506995677947998,0.5035468935966492,0.018725018948316574,0.48486313223838806,0.504548192024231,0.03173135221004486,0.4248807430267334,0.4267217218875885,0.046297796070575714,0.4872741997241974,0.45721715688705444,0.002308340510353446,0.48636800050735474,0.460307240486145,0.002172065433114767,0.4857116639614105,0.46415334939956665,0.001783962594345212,0.48541104793548584,0.4686634838581085,0.0033927515614777803,0.4860987365245819,0.47473037242889404,0.009449793957173824,0.4768237769603729,0.45464298129081726,0.007354171480983496,0.47555992007255554,0.4537883698940277,0.007205720990896225,0.4744916260242462,0.4529079496860504,0.006783018354326487,0.4673042297363281,0.4480608105659485,0.006506382487714291,0.43909579515457153,0.43095844984054565,0.013135360553860664,0.48362356424331665,0.3765837252140045,-0.018091384321451187,0.47836098074913025,0.3564754128456116,-0.010994026437401772,0.47389328479766846,0.3569509983062744,-0.008604546077549458,0.47816529870033264,0.455526202917099,0.008337215520441532,0.4414385259151459,0.45013511180877686,0.028055643662810326,0.48441898822784424,0.35759836435317993,-0.01921171508729458,0.4841144382953644,0.48274970054626465,0.014338160865008831,0.49613916873931885,0.39222320914268494,-0.03283160552382469,0.48920464515686035,0.38352471590042114,-0.027763810008764267,0.49490830302238464,0.38102850317955017,-0.02928989566862583,0.48166292905807495,0.40264517068862915,-0.01947622187435627,0.5062640905380249,0.4961511492729187,0.013194533996284008,0.5051572322845459,0.48624300956726074,0.010813676752150059,0.49474358558654785,0.4871205687522888,0.011760313995182514,0.46726998686790466,0.4664081931114197,0.018396075814962387,0.46973496675491333,0.4240567684173584,-0.002738064853474498,0.47531837224960327,0.47557175159454346,0.01701565831899643,0.4535105228424072,0.42428022623062134,-0.0007738589774817228,0.46419575810432434,0.43315064907073975,0.0005739103071391582,0.44921860098838806,0.43756434321403503,0.00763314962387085,0.49410536885261536,0.49701735377311707,0.014264113269746304,0.47795742750167847,0.4065811038017273,-0.013721892610192299,0.46325239539146423,0.47366589307785034,0.02556624263525009,0.4731230139732361,0.48289525508880615,0.02344348281621933,0.4600737988948822,0.456490159034729,0.016165755689144135,0.43358349800109863,0.43954968452453613,0.03124297969043255,0.45198512077331543,0.45898714661598206,0.022153504192829132,0.4312126040458679,0.4444899559020996,0.048064813017845154,0.45977938175201416,0.44285479187965393,0.006185596343129873,0.48102763295173645,0.3930075168609619,-0.016399256885051727,0.4843195676803589,0.4242044985294342,-0.025959337130188942,0.48003727197647095,0.42435234785079956,-0.018084218725562096,0.48702332377433777,0.41919663548469543,-0.031243247911334038,0.4722755551338196,0.34971877932548523,-0.014600276947021484,0.4603338837623596,0.34543606638908386,-0.016749247908592224,0.45004937052726746,0.34530556201934814,-0.01637537032365799,0.44198867678642273,0.34757012128829956,-0.013450849801301956,0.436898410320282,0.3514575660228729,-0.009081874042749405,0.43469640612602234,0.3645251393318176,0.0035045454278588295,0.41669341921806335,0.38797256350517273,0.03704608231782913,0.4413207173347473,0.3774944245815277,0.0010340758599340916,0.44874337315559387,0.38021886348724365,-0.002226738492026925,0.4580895006656647,0.3791353702545166,-0.0044907471165061,0.4664691686630249,0.376102089881897,-0.005855449475347996,0.47266334295272827,0.3730710744857788,-0.006502604577690363,0.47687196731567383,0.37044018507003784,-0.0073666381649672985,0.41482552886009216,0.3833620250225067,0.06099674105644226,0.4800114631652832,0.4253303110599518,-0.014422458596527576,0.48597097396850586,0.3978252708911896,-0.025537988170981407,0.48933225870132446,0.42589157819747925,-0.030555177479982376,0.4926750063896179,0.4288370907306671,-0.02679120935499668,0.4891061782836914,0.42643100023269653,-0.027170570567250252,0.481632798910141,0.42692095041275024,-0.011474915780127048,0.4943130612373352,0.42997369170188904,-0.028307389467954636,0.4947933256626129,0.43054112792015076,-0.01996421627700329,0.4760054051876068,0.3627723157405853,-0.0061304266564548016,0.4799162447452545,0.3656449019908905,-0.009396959096193314,0.4821750223636627,0.3684358298778534,-0.013315539807081223,0.443337619304657,0.3595507740974426,-0.0037643860559910536,0.43872958421707153,0.35704147815704346,-0.0039019028190523386,0.5015930533409119,0.3921571373939514,-0.03018156997859478,0.535708487033844,0.34732216596603394,0.0009853593073785305,0.506086528301239,0.42675983905792236,-0.019979743286967278,0.5567818880081177,0.3018098771572113,0.024726254865527153,0.5191534757614136,0.3595385253429413,-0.005091164261102676,0.525453507900238,0.3587518632411957,-0.004255266860127449,0.5316236615180969,0.35730379819869995,-0.002329554408788681,0.5388672947883606,0.3499075472354889,0.002896117977797985,0.5137918591499329,0.3591712415218353,-0.004917674697935581,0.5270620584487915,0.33597761392593384,-0.010604624636471272,0.5198172330856323,0.3382914662361145,-0.011100266128778458,0.5335764288902283,0.33589380979537964,-0.007845901884138584,0.5377067923545837,0.33774685859680176,-0.004687507636845112,0.5454990267753601,0.35473647713661194,0.007429103367030621,0.5275309681892395,0.4831586182117462,0.020174842327833176,0.5378892421722412,0.3444640636444092,0.00287778303027153,0.5637439489364624,0.3423982262611389,0.03589824214577675,0.5520929098129272,0.3469628095626831,0.012824657373130322,0.5298460125923157,0.4011688232421875,-0.003116545034572482,0.5082987546920776,0.4447058439254761,-0.008802954107522964,0.5080457925796509,0.4525662958621979,-0.004187422338873148,0.5159571170806885,0.4444506764411926,-0.004103633109480143,0.5207422375679016,0.44450122117996216,0.0019297524122521281,0.5141897201538086,0.4503326117992401,-0.0011474031489342451,0.5186625123023987,0.44844701886177063,0.004137910902500153,0.5315502285957336,0.4507525563240051,0.016112469136714935,0.5050273537635803,0.42528828978538513,-0.03283623978495598,0.5049691200256348,0.4162505269050598,-0.03630553558468819,0.5462929010391235,0.330765038728714,-0.004820315167307854,0.513680636882782,0.3814888894557953,-0.008983633480966091,0.5187580585479736,0.4137394428253174,-0.016594955697655678,0.5182890892028809,0.4077857732772827,-0.01540339458733797,0.5491262078285217,0.3931386470794678,0.00567141268402338,0.503239631652832,0.40352681279182434,-0.03447817265987396,0.5308251976966858,0.32814955711364746,-0.0183467548340559,0.5398263335227966,0.32772111892700195,-0.012419006787240505,0.5500401258468628,0.28850436210632324,0.008313360624015331,0.5038512349128723,0.3432818651199341,-0.023778995499014854,0.5137534141540527,0.34290701150894165,-0.008969010785222054,0.5361233949661255,0.4412010908126831,0.015940750017762184,0.5625540614128113,0.42503270506858826,0.07318770885467529,0.5147126317024231,0.42010605335235596,-0.013408927246928215,0.5099866390228271,0.4241807162761688,-0.013283496722579002,0.5267047882080078,0.44437336921691895,0.01531293150037527,0.525252640247345,0.4452459514141083,0.013397973030805588,0.5424018502235413,0.32087671756744385,-0.01057520043104887,0.5192619562149048,0.41585952043533325,-0.012194069102406502,0.5188508629798889,0.3326822519302368,-0.022365139797329903,0.5191853046417236,0.32513678073883057,-0.025393139570951462,0.523175060749054,0.2750643491744995,-0.022042077034711838,0.5469855070114136,0.30231982469558716,-0.0031182426027953625,0.5212196111679077,0.2971333861351013,-0.024797772988677025,0.5492600798606873,0.3248808681964874,-0.0002135255781468004,0.5540101528167725,0.3123854398727417,0.010775121860206127,0.5083767175674438,0.44892919063568115,-0.0071316673420369625,0.5151514410972595,0.44752630591392517,-0.002722116420045495,0.5197796821594238,0.44645556807518005,0.002592762466520071,0.5134792327880859,0.42154988646507263,-0.011803488247096539,0.5259488821029663,0.44482898712158203,0.014274039305746555,0.5233199000358582,0.4488072097301483,0.010938880033791065,0.5244947075843811,0.4457100033760071,0.013189606368541718,0.5116595029830933,0.42080023884773254,-0.02330075204372406,0.5176686644554138,0.44999295473098755,0.005657366011291742,0.5131776332855225,0.4523848593235016,0.0021891382057219744,0.5074797868728638,0.45487332344055176,-0.0005467982264235616,0.5128032565116882,0.47510600090026855,0.008744175545871258,0.5097466707229614,0.4682046175003052,0.001518730423413217,0.5091241598129272,0.4633692502975464,-2.687486630748026e-05,0.5082777738571167,0.45872265100479126,0.000689082604367286,0.5073727369308472,0.45494329929351807,0.0005628380458801985,0.5175487399101257,0.4499357044696808,0.006553473882377148,0.5188531875610352,0.4512918293476105,0.006326666101813316,0.5202370882034302,0.4531843960285187,0.006097034551203251,0.5213490128517151,0.4554758071899414,0.007785155903548002,0.5281166434288025,0.4334842264652252,0.002202488947659731,0.5654616951942444,0.37797120213508606,0.07271246612071991,0.5208204388618469,0.4479759633541107,0.0104778241366148,0.5220863223075867,0.4483168423175812,0.01046858262270689,0.5081376433372498,0.4280754327774048,-0.01238982379436493,0.5177956223487854,0.42034074664115906,-0.00631358427926898,0.5090265870094299,0.4262215495109558,-0.013136504217982292,0.5207698941230774,0.3844069242477417,-0.005319965071976185,0.5324869155883789,0.3875195384025574,-0.0020616152323782444,0.5196582078933716,0.4102185368537903,-0.010887660086154938,0.5395424365997314,0.27912452816963196,-0.007863923907279968,0.5365751385688782,0.2966620624065399,-0.014689551666378975,0.5320257544517517,0.3202374577522278,-0.018968522548675537,0.5269196629524231,0.4597492516040802,0.013555236160755157,0.5045435428619385,0.3314701318740845,-0.028757842257618904,0.5052294135093689,0.30021247267723083,-0.030502784997224808,0.5053135752677917,0.2749713957309723,-0.030342787504196167,0.5364400744438171,0.3541823625564575,0.0005063895951025188,0.5534879565238953,0.3593187630176544,0.012447929941117764,0.5103536248207092,0.35837864875793457,-0.004637348465621471,0.5442636013031006,0.33953016996383667,0.0012439517304301262,0.5088387131690979,0.3774566054344177,-0.012523320503532887,0.5149646997451782,0.41375866532325745,-0.023861316964030266,0.5608035326004028,0.36404821276664734,0.0215339083224535,0.5500551462173462,0.3674883544445038,0.007859202101826668,0.5425794720649719,0.3738195598125458,0.0022009038366377354,0.530174732208252,0.37568286061286926,-0.001294662244617939,0.5207144021987915,0.3740854561328888,-0.003725354792550206,0.5139175653457642,0.37202951312065125,-0.0066413916647434235,0.4997076988220215,0.36930176615715027,-0.02269742824137211,0.5621060729026794,0.38345426321029663,0.02374635636806488,0.5493912100791931,0.33733415603637695,0.0038755692075937986,0.5033082365989685,0.42915427684783936,-0.028895119205117226,0.5143897533416748,0.3918601870536804,-0.009894984774291515,0.5639990568161011,0.3368142247200012,0.05809207633137703,0.5086520910263062,0.3693160116672516,-0.008955498225986958,0.5200192928314209,0.4090297222137451,-0.004170499742031097,0.5406790375709534,0.3444857597351074,0.00436317827552557,0.5142163038253784,0.40640684962272644,-0.022391531616449356,0.565060019493103,0.4008336067199707,0.07465695589780807,0.5100739598274231,0.3550448417663574,-0.00387620460242033,0.5088196992874146,0.4042157530784607,-0.029817141592502594,0.5520116686820984,0.45388710498809814,0.04169304668903351,0.5510622262954712,0.46148568391799927,0.05570291355252266,0.5666282773017883,0.3811965584754944,0.047985874116420746,0.5592430830001831,0.4396589398384094,0.04754020273685455,0.5589374303817749,0.32571032643318176,0.02483142912387848,0.5288888216018677,0.49052396416664124,0.026109520345926285,0.502589225769043,0.4299633502960205,-0.0194365456700325,0.5207906365394592,0.39609000086784363,-0.005990427918732166,0.5573644042015076,0.34673354029655457,0.019689152017235756,0.5299191474914551,0.3516302704811096,-0.0027215934824198484,0.5247104167938232,0.35328540205955505,-0.004429033026099205,0.5244267582893372,0.44954848289489746,0.012359892949461937,0.5626860857009888,0.40167859196662903,0.030036374926567078,0.5190895199775696,0.5035558938980103,0.02909982018172741,0.5350459814071655,0.48647981882095337,0.04075346887111664,0.5422816872596741,0.4759955406188965,0.04737405106425285,0.5194907188415527,0.3538789749145508,-0.005044798366725445,0.514464259147644,0.35421061515808105,-0.004566858522593975,0.5113995671272278,0.35491833090782166,-0.0037082298658788204,0.553257405757904,0.33336570858955383,0.010094910860061646,0.515110969543457,0.34712111949920654,-0.006957679521292448,0.5202908515930176,0.3432992100715637,-0.008136249147355556,0.5258364081382751,0.34179016947746277,-0.007649945095181465,0.5311912298202515,0.3418828547000885,-0.005563218612223864,0.5344998836517334,0.34292516112327576,-0.0029859808273613453,0.5611778497695923,0.31693339347839355,0.04246339574456215,0.5333213210105896,0.3494809567928314,-0.0006692397873848677,0.5214007496833801,0.43199002742767334,-0.0031383929308503866,0.5146144032478333,0.4196370542049408,-0.016524774953722954,0.5095325112342834,0.4347790479660034,-0.010190354660153389,0.5437212586402893,0.46772706508636475,0.03764604404568672,0.5363794565200806,0.47900697588920593,0.03248630836606026,0.5191996693611145,0.4995119869709015,0.02041788585484028,0.5576279163360596,0.4454573392868042,0.06549835950136185,0.5116544365882874,0.35201406478881836,-0.005240126047283411,0.5055023431777954,0.38406190276145935,-0.021403441205620766,0.5277727246284485,0.49618446826934814,0.0337458960711956,0.5661585927009583,0.4016871750354767,0.051417332142591476,0.5130455493927002,0.45239925384521484,0.003238840727135539,0.5143618583679199,0.45502331852912903,0.0031242005061358213,0.5155344009399414,0.4584304988384247,0.0027457987889647484,0.5164570808410645,0.4625804126262665,0.004368745721876621,0.5209031105041504,0.46828693151474,0.010559925809502602,0.522099494934082,0.44672852754592896,0.008965927176177502,0.5231744647026062,0.44551655650138855,0.00895510520786047,0.524102509021759,0.4443531632423401,0.008657542988657951,0.533518373966217,0.43634530901908875,0.008729234337806702,0.5559710264205933,0.4102102816104889,0.017152762040495872,0.5041036009788513,0.37290236353874207,-0.017213139683008194,0.505183219909668,0.3520519733428955,-0.009927266277372837,0.5089585185050964,0.3507354259490967,-0.0071155414916574955,0.5208954215049744,0.4479997754096985,0.009879141114652157,0.5572506189346313,0.42954081296920776,0.03205188736319542,0.5003378391265869,0.3554409146308899,-0.01859247125685215,0.5244122743606567,0.47527015209198,0.015592600218951702,0.500798225402832,0.3813799023628235,-0.02733267843723297,0.5113258361816406,0.3973808288574219,-0.018384261056780815,0.5152726173400879,0.4832867980003357,0.012347023002803326,0.5368122458457947,0.45373159646987915,0.02063562534749508,0.5261408090591431,0.4140007197856903,-0.0009338683448731899,0.5311152338981628,0.46526899933815,0.01873154565691948,0.5417786836624146,0.4085340201854706,0.00209225551225245,0.5333978533744812,0.42079153656959534,0.0028125953394919634,0.5482621788978577,0.41987502574920654,0.010849137790501118,0.5179510712623596,0.4925355613231659,0.01505777332931757,0.5151969194412231,0.39998868107795715,-0.01240013912320137,0.5419097542762756,0.4592164158821106,0.028210189193487167,0.5346536636352539,0.4714689254760742,0.025462357327342033,0.5417815446853638,0.4418357014656067,0.018954839557409286,0.5619974136352539,0.416826456785202,0.03577709197998047,0.5496156215667725,0.44141721725463867,0.025442231446504593,0.564189612865448,0.42097556591033936,0.052936069667339325,0.5395501852035522,0.4286196529865265,0.008811100386083126,0.5097715854644775,0.3878735601902008,-0.015220281668007374,0.5135078430175781,0.4189381003379822,-0.024910710752010345,0.5172553062438965,0.4177898168563843,-0.016920097172260284,0.5102843642234802,0.41491883993148804,-0.03038519062101841,0.5093011856079102,0.34429970383644104,-0.013151083141565323,0.5193060040473938,0.3369002342224121,-0.014641755260527134,0.5284901261329651,0.333625853061676,-0.013645190745592117,0.536109209060669,0.33311423659324646,-0.010144784115254879,0.5413133502006531,0.3350183367729187,-0.005399739369750023,0.5457460880279541,0.346103310585022,0.007472802419215441,0.5659343004226685,0.36152470111846924,0.04243079200387001,0.542432963848114,0.3598014712333679,0.004685412161052227,0.5364595651626587,0.36452603340148926,0.0009574305731803179,0.5278728604316711,0.36644938588142395,-0.001849226769991219,0.5196335315704346,0.36622872948646545,-0.003766999114304781,0.5134033560752869,0.365283727645874,-0.004917577374726534,0.5091034173965454,0.36411401629447937,-0.006069408264011145,0.5648336410522461,0.35685911774635315,0.06746754050254822,0.5172210931777954,0.41877931356430054,-0.013280875980854034,0.5066544413566589,0.3940695822238922,-0.02469932660460472,0.5093016028404236,0.422136515378952,-0.029888246208429337,0.5064607858657837,0.42619359493255615,-0.026387207210063934,0.509403645992279,0.422665536403656,-0.026481669396162033,0.5159308314323425,0.4209308326244354,-0.010499750263988972,0.5053029656410217,0.42783766984939575,-0.027977334335446358,0.5046194195747375,0.42862915992736816,-0.01969386823475361,0.5081421732902527,0.3566218316555023,-0.004800796043127775,0.5054511427879333,0.36072033643722534,-0.008363621309399605,0.5041725039482117,0.3640981614589691,-0.012457690201699734,0.5364483594894409,0.3438224792480469,-0.0003978682798333466,0.5404419898986816,0.34022754430770874,-0.00031299219699576497,0.456550657749176,0.35966721177101135,-0.006222578231245279,0.46411430835723877,0.35857391357421875,-0.006222578231245279,0.4558459520339966,0.3509133458137512,-0.006222578231245279,0.4490063488483429,0.3607326149940491,-0.006222578231245279,0.4572242796421051,0.3683839440345764,-0.006222578231245279,0.5247521996498108,0.34726810455322266,-0.0036302427761256695,0.531728208065033,0.3456815481185913,-0.0036302427761256695,0.5235607624053955,0.3387954533100128,-0.0036302427761256695,0.5177564024925232,0.3487495183944702,-0.0036302427761256695,0.525970458984375,0.35575634241104126,-0.0036302427761256695
633.3333333333334,0.5006654262542725,0.4486885070800781,-0.009304417297244072,0.4989398419857025,0.4274141490459442,-0.033777013421058655,0.49899739027023315,0.43178051710128784,-0.014648322016000748,0.4901142418384552,0.3945685625076294,-0.03099304996430874,0.4980660676956177,0.4183441996574402,-0.03753580152988434,0.49665567278862,0.4046202600002289,-0.03712550550699234,0.4929938018321991,0.3691443204879761,-0.026258623227477074,0.4454876780509949,0.3629746735095978,-0.002354928757995367,0.49042773246765137,0.34361588954925537,-0.026311853900551796,0.48921722173690796,0.3308189809322357,-0.03047800622880459,0.48390090465545654,0.27853578329086304,-0.0338963121175766,0.5008558034896851,0.45178771018981934,-0.007675720378756523,0.500934898853302,0.4548816382884979,-0.005194384139031172,0.5009450316429138,0.45697277784347534,-0.0014716595178470016,0.5008548498153687,0.4570935368537903,2.8859174562967382e-05,0.5012052059173584,0.46139097213745117,0.00013930408749729395,0.50152188539505,0.46631383895874023,-0.0005665786447934806,0.501754879951477,0.47119367122650146,0.0011244767811149359,0.5034433007240295,0.478367418050766,0.008218945004045963,0.49917760491371155,0.4308323860168457,-0.02963944338262081,0.49214085936546326,0.42977991700172424,-0.020571863278746605,0.4131833016872406,0.32693934440612793,0.01849859207868576,0.4651179611682892,0.36946359276771545,-0.007375185843557119,0.4586455225944519,0.37079983949661255,-0.00693559693172574,0.4520517587661743,0.37143734097480774,-0.005368072539567947,0.4427921175956726,0.36664149165153503,-0.0006318157538771629,0.4704933166503906,0.3675381541252136,-0.006751978304237127,0.45266193151474,0.34767478704452515,-0.013412597589194775,0.4604637026786804,0.34782731533050537,-0.01338609866797924,0.4459172189235687,0.3498081564903259,-0.011029781773686409,0.4418298900127411,0.353260338306427,-0.008070293813943863,0.43717554211616516,0.3734321594238281,0.0036568709183484316,0.48190000653266907,0.4923292100429535,0.01927909441292286,0.44255197048187256,0.3608119487762451,-0.000620250531937927,0.41512972116470337,0.3686717748641968,0.030871573835611343,0.4286811947822571,0.36750778555870056,0.008591479621827602,0.4628123342990875,0.41304269433021545,-0.005361451767385006,0.49206092953681946,0.44799789786338806,-0.009057296440005302,0.49310266971588135,0.45525747537612915,-0.004379876423627138,0.4842553436756134,0.4504275918006897,-0.004809753969311714,0.47897207736968994,0.45216643810272217,0.0010989514412358403,0.486500084400177,0.45527729392051697,-0.0016023608623072505,0.4814205765724182,0.4551471769809723,0.0035509061999619007,0.4704751968383789,0.46109503507614136,0.01527124922722578,0.49347102642059326,0.42778539657592773,-0.03340470790863037,0.4919031858444214,0.4189639985561371,-0.036947835236787796,0.43153637647628784,0.3481093645095825,-0.008899775333702564,0.4747966229915619,0.3886531889438629,-0.010621520690619946,0.4767557978630066,0.4212135374546051,-0.018130609765648842,0.475908488035202,0.41531842947006226,-0.01697230525314808,0.44181832671165466,0.41195034980773926,0.0021713427267968655,0.4908607602119446,0.4061278700828552,-0.03525594249367714,0.44732168316841125,0.3397953510284424,-0.021321218460798264,0.43786925077438354,0.34262600541114807,-0.01601654477417469,0.41822126507759094,0.31141602993011475,0.0026338305324316025,0.47795388102531433,0.3459974527359009,-0.025038866326212883,0.46739426255226135,0.35071828961372375,-0.010849026031792164,0.4640621542930603,0.4530045688152313,0.014559990726411343,0.43204209208488464,0.4484362006187439,0.0679708793759346,0.4817938804626465,0.4260469675064087,-0.014636846259236336,0.4874068796634674,0.42841944098472595,-0.0140041783452034,0.47192198038101196,0.4541547894477844,0.014400854706764221,0.4735601246356964,0.4545232653617859,0.01275080256164074,0.43372392654418945,0.33646613359451294,-0.014393351972103119,0.4763038754463196,0.4233771562576294,-0.013678031042218208,0.4605666697025299,0.34035080671310425,-0.024530507624149323,0.45880410075187683,0.3329067826271057,-0.027683965861797333,0.4440723657608032,0.2887972891330719,-0.025557206943631172,0.42505353689193726,0.32362431287765503,-0.0073347617872059345,0.4509280323982239,0.30949902534484863,-0.02742587961256504,0.42708268761634827,0.343047559261322,-0.00457708491012454,0.4192826449871063,0.3359273374080658,0.006093527190387249,0.4924750328063965,0.45194852352142334,-0.00733171496540308,0.4853445887565613,0.4529402256011963,-0.0032592215575277805,0.4801391363143921,0.4536404013633728,0.0019359382567927241,0.4832209348678589,0.4270099997520447,-0.012812227942049503,0.47277069091796875,0.45434799790382385,0.01352785900235176,0.47617965936660767,0.45742708444595337,0.010540038347244263,0.474386066198349,0.4547189474105835,0.012576374225318432,0.485509991645813,0.4258081316947937,-0.024489406496286392,0.48244062066078186,0.456341415643692,0.005087167490273714,0.48754316568374634,0.45695188641548157,0.0016941784415394068,0.4937712550163269,0.45731455087661743,-0.0008145628962665796,0.49442607164382935,0.47901204228401184,0.008563154377043247,0.4931953549385071,0.47149068117141724,0.0014909199671819806,0.4931987226009369,0.4665168821811676,-3.507939982227981e-05,0.49343791604042053,0.4615726172924042,0.0007480332860723138,0.49379950761795044,0.4575033187866211,0.0007135209161788225,0.4824866056442261,0.4564279019832611,0.006301990710198879,0.481376588344574,0.4582585096359253,0.006045128684490919,0.48018592596054077,0.46071240305900574,0.005790557712316513,0.47925683856010437,0.4634411931037903,0.0074371458031237125,0.4707444906234741,0.4430571496486664,0.001020554220303893,0.4187442660331726,0.4040830433368683,0.06675701588392258,0.49913811683654785,0.4315192997455597,-0.02015804313123226,0.47867706418037415,0.4556531608104706,0.0100863017141819,0.4774239659309387,0.4564555883407593,0.010082319378852844,0.49004024267196655,0.4314495027065277,-0.013048388063907623,0.47842222452163696,0.42712998390197754,-0.007478383835405111,0.4887789487838745,0.4299998879432678,-0.013834970071911812,0.46818017959594727,0.39384472370147705,-0.007382105104625225,0.4573912024497986,0.4007823169231415,-0.004703531041741371,0.4747768044471741,0.41808658838272095,-0.012473772279918194,0.4278292655944824,0.2984943985939026,-0.012592032551765442,0.4349544644355774,0.3143615126609802,-0.018200742080807686,0.44448062777519226,0.3323720693588257,-0.02209637314081192,0.4771665930747986,0.46865811944007874,0.012956338934600353,0.47503358125686646,0.3342350423336029,-0.030117997899651527,0.4676007032394409,0.30700916051864624,-0.03216606006026268,0.4621770679950714,0.2825789153575897,-0.03256228193640709,0.4462986886501312,0.37000423669815063,-0.002854279475286603,0.43002739548683167,0.38058993220329285,0.008315377868711948,0.4738216996192932,0.3656700849533081,-0.006317724473774433,0.43536850810050964,0.35719725489616394,-0.002585585229098797,0.4790762662887573,0.38311997056007385,-0.013911032117903233,0.4809800684452057,0.41999921202659607,-0.025230539962649345,0.4234066903591156,0.3883807957172394,0.016939032822847366,0.43532389402389526,0.38754892349243164,0.0039680046029388905,0.4443540573120117,0.39124518632888794,-0.0011289423564448953,0.45737144351005554,0.38887515664100647,-0.0038991598412394524,0.4666566848754883,0.3842935562133789,-0.00580220390111208,0.47318562865257263,0.3799828290939331,-0.008321150206029415,0.4870130717754364,0.37196868658065796,-0.023545589298009872,0.4260960519313812,0.40737199783325195,0.019238866865634918,0.4296795129776001,0.3564283549785614,-0.0003802852879744023,0.49575716257095337,0.4309973418712616,-0.029386894777417183,0.47627386450767517,0.3987842798233032,-0.011493043974041939,0.4121215045452118,0.36364176869392395,0.051740363240242004,0.47815126180648804,0.3754720687866211,-0.010329606011509895,0.4738042652606964,0.4170759618282318,-0.005694239865988493,0.43974292278289795,0.3616487383842468,0.0007292788941413164,0.480038583278656,0.4126651883125305,-0.023802045732736588,0.4240384101867676,0.4260605573654175,0.06894783675670624,0.47314462065696716,0.362347275018692,-0.005622394382953644,0.4853586256504059,0.40875309705734253,-0.030927514657378197,0.4509541392326355,0.4720515012741089,0.03893546387553215,0.4528202414512634,0.4796218276023865,0.052065156400203705,0.41997817158699036,0.40724363923072815,0.04307902604341507,0.4402576684951782,0.46077436208724976,0.04399246349930763,0.4166737198829651,0.35076284408569336,0.019906338304281235,0.4820612072944641,0.5002011656761169,0.025040404871106148,0.4963199496269226,0.4315562844276428,-0.01980898529291153,0.47054654359817505,0.40502747893333435,-0.007842466235160828,0.42293721437454224,0.36881884932518005,0.015074784867465496,0.4525938630104065,0.36519134044647217,-0.00570529792457819,0.45831507444381714,0.36508697271347046,-0.007092875894159079,0.4750862717628479,0.45856648683547974,0.0118474205955863,0.42903345823287964,0.425106406211853,0.02576536312699318,0.49446654319763184,0.5096256732940674,0.028568418696522713,0.4748000204563141,0.49879711866378784,0.038725320249795914,0.4652077555656433,0.4908934533596039,0.044639941304922104,0.4865185022354126,0.3043341040611267,-0.03322059288620949,0.5067511796951294,0.5093634128570557,0.02740326337516308,0.46363574266433716,0.36402463912963867,-0.007363409735262394,0.46869733929634094,0.3628191351890564,-0.006581930443644524,0.4718666076660156,0.36256280541419983,-0.00556049682199955,0.4245523512363434,0.3536747097969055,0.005559690296649933,0.4663986563682556,0.35603854060173035,-0.009093917906284332,0.4602668583393097,0.35367003083229065,-0.010554405860602856,0.45442599058151245,0.3537219762802124,-0.010400215163826942,0.44893044233322144,0.3555567264556885,-0.008625512011349201,0.44568488001823425,0.3579091429710388,-0.006225105375051498,0.41128820180892944,0.3433386981487274,0.036033742129802704,0.44853416085243225,0.36430197954177856,-0.0038907723501324654,0.4995235204696655,0.4372618496417999,-0.01136682741343975,0.47733941674232483,0.4394398033618927,-0.004273457918316126,0.4819395840167999,0.4255896806716919,-0.01769987866282463,0.4900951385498047,0.43821004033088684,-0.010756310075521469,0.49153319001197815,0.3553107976913452,-0.02398129738867283,0.4622374475002289,0.482835054397583,0.035639628767967224,0.4721091389656067,0.4914289712905884,0.0309753380715847,0.49353542923927307,0.505469560623169,0.020004630088806152,0.44211456179618835,0.4663885533809662,0.0609172098338604,0.4709319770336151,0.35989031195640564,-0.007156585808843374,0.4842732548713684,0.38821709156036377,-0.022487761452794075,0.5063127279281616,0.5049679279327393,0.01911393739283085,0.48430272936820984,0.5056796073913574,0.03240300714969635,0.424555242061615,0.42677658796310425,0.046768348664045334,0.4876231849193573,0.45713356137275696,0.0031171555165201426,0.48668310046195984,0.4602479934692383,0.002944121602922678,0.4859609007835388,0.4641181528568268,0.0025521237403154373,0.4855681359767914,0.46862849593162537,0.0041547128930687904,0.4849866032600403,0.47520381212234497,0.010135606862604618,0.4773680865764618,0.4548083245754242,0.008306730538606644,0.4761325418949127,0.4540255665779114,0.008195437490940094,0.47507667541503906,0.45322486758232117,0.007749270182102919,0.46575796604156494,0.4475005269050598,0.00737792206928134,0.43810248374938965,0.43084079027175903,0.013556651771068573,0.4831174612045288,0.3770100474357605,-0.018328407779335976,0.47810861468315125,0.35688701272010803,-0.011220108717679977,0.47368982434272766,0.3573286533355713,-0.008763299323618412,0.47866562008857727,0.4556279182434082,0.009245340712368488,0.44055166840553284,0.4500695765018463,0.02867775596678257,0.4841603934764862,0.35794907808303833,-0.01955205388367176,0.48320406675338745,0.4832810163497925,0.01494178269058466,0.49543917179107666,0.39271846413612366,-0.033205222338438034,0.4885987937450409,0.383991539478302,-0.028098590672016144,0.49429094791412354,0.3815365731716156,-0.02967819757759571,0.48090752959251404,0.4029594957828522,-0.019693322479724884,0.5055654048919678,0.4973774552345276,0.013579089194536209,0.5044435858726501,0.48725810647010803,0.011083115823566914,0.4939098358154297,0.48797544836997986,0.012137177400290966,0.46622902154922485,0.4660487771034241,0.01938328519463539,0.4687398076057434,0.4240759313106537,-0.002683798549696803,0.47435733675956726,0.4756510853767395,0.0178549662232399,0.4524942636489868,0.42422887682914734,-0.0006106439395807683,0.4630991220474243,0.4330304265022278,0.0009080898016691208,0.44812119007110596,0.43737244606018066,0.008058575913310051,0.49334457516670227,0.498036652803421,0.014728611335158348,0.4771285653114319,0.4068191647529602,-0.013885117135941982,0.4624861776828766,0.47360995411872864,0.026473021134734154,0.4723919928073883,0.48321229219436646,0.024215083569288254,0.45889991521835327,0.4558834731578827,0.017053397372364998,0.43281862139701843,0.439511775970459,0.031794510781764984,0.4510485529899597,0.4587358832359314,0.022951819002628326,0.43081316351890564,0.4445912539958954,0.0486566387116909,0.45851242542266846,0.4423842430114746,0.006793301086872816,0.48038747906684875,0.39336687326431274,-0.0165856946259737,0.48340919613838196,0.4245803654193878,-0.026178719475865364,0.47902712225914,0.4246337115764618,-0.01825588569045067,0.48617202043533325,0.41959479451179504,-0.03149056434631348,0.47233283519744873,0.350120484828949,-0.014795716851949692,0.4607780873775482,0.3456050455570221,-0.0168727058917284,0.4507608115673065,0.34527865052223206,-0.016424892470240593,0.4428079128265381,0.3474319875240326,-0.013438417576253414,0.4376432001590729,0.35132354497909546,-0.009038219228386879,0.4350084662437439,0.3646019697189331,0.0036012250930070877,0.4167134463787079,0.38801610469818115,0.03737034648656845,0.44139260053634644,0.3774392306804657,0.0011354978196322918,0.4486519396305084,0.3801273703575134,-0.002148828934878111,0.457813560962677,0.3791508078575134,-0.004464216064661741,0.46604636311531067,0.3762432038784027,-0.005911523010581732,0.472183495759964,0.3732891082763672,-0.006605371832847595,0.47638779878616333,0.37068164348602295,-0.007514868397265673,0.41510578989982605,0.38341861963272095,0.061256177723407745,0.47897228598594666,0.4255721867084503,-0.014576524496078491,0.4852593243122101,0.39822423458099365,-0.025808578357100487,0.48847270011901855,0.4263426661491394,-0.030798278748989105,0.49185705184936523,0.42933520674705505,-0.027021007612347603,0.4882437288761139,0.4268808960914612,-0.027403637766838074,0.48057278990745544,0.4271673560142517,-0.01161788310855627,0.4934835433959961,0.43048763275146484,-0.028540978208184242,0.49398064613342285,0.4310549199581146,-0.0201633982360363,0.4756792485713959,0.36315593123435974,-0.006310245953500271,0.47947901487350464,0.3659363090991974,-0.009601648896932602,0.48174625635147095,0.3685758411884308,-0.013545055873692036,0.4438507854938507,0.3595997393131256,-0.0037556630559265614,0.43931928277015686,0.35700929164886475,-0.0038746024947613478,0.5009322762489319,0.3926636874675751,-0.03059179149568081,0.5353182554244995,0.347586452960968,0.0003855882678180933,0.5053885579109192,0.4272676706314087,-0.020243970677256584,0.5571357607841492,0.3024466335773468,0.023684613406658173,0.518761157989502,0.36010831594467163,-0.00556745333597064,0.5251226425170898,0.3593585193157196,-0.004759517963975668,0.5313072800636292,0.3578014373779297,-0.002871297998353839,0.5383850336074829,0.35018572211265564,0.0023062978871166706,0.5133545398712158,0.3595617711544037,-0.005343236960470676,0.5267247557640076,0.3360710144042969,-0.011174284853041172,0.519468367099762,0.3383202850818634,-0.011618565768003464,0.5331934094429016,0.33606618642807007,-0.008439368568360806,0.5372464656829834,0.3379586338996887,-0.005293902009725571,0.5450456738471985,0.35504859685897827,0.006864128168672323,0.5272066593170166,0.48423999547958374,0.020526066422462463,0.5373979806900024,0.3445974588394165,0.0022757775150239468,0.5638741850852966,0.3431134819984436,0.03520819917321205,0.5517295002937317,0.3471863567829132,0.012206992134451866,0.5297638773918152,0.4014025032520294,-0.0035081924870610237,0.5088663101196289,0.4452071487903595,-0.00864267535507679,0.5084906816482544,0.452663779258728,-0.00398187804967165,0.5162857174873352,0.44502192735671997,-0.0039139604195952415,0.520933985710144,0.44504356384277344,0.002328072441741824,0.5145204663276672,0.4505327641963959,-0.0008657322614453733,0.5188888907432556,0.44876164197921753,0.004587806761264801,0.5316773056983948,0.4502619206905365,0.016805149614810944,0.5042267441749573,0.4258159399032593,-0.03315013647079468,0.5041574835777283,0.41674765944480896,-0.0366603247821331,0.5459542274475098,0.3311367928981781,-0.005538282450288534,0.5134137272834778,0.38193410634994507,-0.009357723407447338,0.518362820148468,0.41405749320983887,-0.01698833703994751,0.5179262161254883,0.4080895185470581,-0.015806641429662704,0.5492952466011047,0.3932254910469055,0.0052467230707407,0.5024855136871338,0.4040234088897705,-0.03488251566886902,0.5305861234664917,0.3283141255378723,-0.018963856622576714,0.5395572185516357,0.3280413746833801,-0.013089507818222046,0.5504099726676941,0.28907090425491333,0.007246905937790871,0.5034443140029907,0.34340205788612366,-0.024260153993964195,0.5133358836174011,0.3429363965988159,-0.009442921727895737,0.5363820791244507,0.4403502941131592,0.01650468446314335,0.5628077387809753,0.4258839190006256,0.07301830500364304,0.514301598072052,0.4204467833042145,-0.013753161765635014,0.5094598531723022,0.424576073884964,-0.013543972745537758,0.526819109916687,0.4448014795780182,0.016044264659285545,0.5253467559814453,0.44567370414733887,0.014182685874402523,0.542229413986206,0.3211385905742645,-0.011303281411528587,0.5189229846000671,0.4160953462123871,-0.012560969218611717,0.518539547920227,0.33278143405914307,-0.022935211658477783,0.5189515352249146,0.3251493573188782,-0.026018470525741577,0.5234099626541138,0.2754700183868408,-0.02305576391518116,0.5472947359085083,0.30284202098846436,-0.0039004322607070208,0.5213565230369568,0.2975173592567444,-0.025521758943796158,0.5489825010299683,0.32520291209220886,-0.000993190798908472,0.5543086528778076,0.31298354268074036,0.009958966635167599,0.508888304233551,0.4492255449295044,-0.006920543499290943,0.5154933333396912,0.44788166880607605,-0.002451371867209673,0.5200005769729614,0.4468648433685303,0.003033383283764124,0.5130628943443298,0.4218880236148834,-0.012101725675165653,0.5260533690452576,0.4452560842037201,0.01503827702254057,0.5233857035636902,0.4491211175918579,0.011762174777686596,0.5246068239212036,0.4461258351802826,0.013981531374156475,0.5110860466957092,0.4212648272514343,-0.023673882707953453,0.5178658366203308,0.4502691626548767,0.006050684954971075,0.5134891867637634,0.452515184879303,0.0024111068341881037,0.5078679919242859,0.4548974633216858,-0.00042093603406101465,0.5123570561408997,0.4758549928665161,0.008916022256016731,0.5099310278892517,0.4683573246002197,0.0018641494680196047,0.5093961954116821,0.4635099470615387,0.0003671378071885556,0.5085828304290771,0.4588012099266052,0.0011427979916334152,0.5076656937599182,0.4549892842769623,0.001095419516786933,0.5176290273666382,0.45016589760780334,0.007254923693835735,0.5189538598060608,0.451509565114975,0.006986880209296942,0.5203284025192261,0.4533921778202057,0.006756250746548176,0.5214213132858276,0.45565468072891235,0.00846588984131813,0.5281553268432617,0.43319806456565857,0.002468144055455923,0.5657269358634949,0.37867283821105957,0.07217533886432648,0.520880401134491,0.4483051002025604,0.011281481944024563,0.5221520662307739,0.4486408531665802,0.011270610615611076,0.5075765252113342,0.42847567796707153,-0.012613928876817226,0.5175029039382935,0.42051413655281067,-0.006603381596505642,0.5084784030914307,0.4266238510608673,-0.013382364064455032,0.5205895304679871,0.3847685754299164,-0.00570929329842329,0.5324251055717468,0.3877463638782501,-0.0024913994129747152,0.5193483829498291,0.4104560911655426,-0.011266149580478668,0.5398772358894348,0.27962473034858704,-0.008890588767826557,0.5368466973304749,0.2971082925796509,-0.015456633642315865,0.5318669080734253,0.320307195186615,-0.019655384123325348,0.5268970727920532,0.459805965423584,0.014175676740705967,0.504191517829895,0.33145564794540405,-0.029279081150889397,0.5052211284637451,0.3005363345146179,-0.031152524054050446,0.5054242014884949,0.27528756856918335,-0.03128265589475632,0.5360548496246338,0.3545936346054077,-7.115929474821314e-05,0.5531063675880432,0.35971978306770325,0.011883366852998734,0.5098982453346252,0.3586635887622833,-0.005062910728156567,0.5437922477722168,0.33977559208869934,0.0006299400702118874,0.5085079073905945,0.37795189023017883,-0.012897309847176075,0.5144355893135071,0.4141700863838196,-0.024269502609968185,0.5608572959899902,0.3645605444908142,0.020968543365597725,0.5496429800987244,0.3680157959461212,0.007338937371969223,0.5421524047851562,0.37440478801727295,0.0017359661869704723,0.5297528505325317,0.37625065445899963,-0.0017093407223001122,0.5203093886375427,0.37456512451171875,-0.004113490227609873,0.5135048627853394,0.3724049925804138,-0.007013469003140926,0.4992275536060333,0.3698129653930664,-0.023130983114242554,0.5622828602790833,0.3837723433971405,0.023270830512046814,0.5490394830703735,0.33757689595222473,0.003194427350535989,0.5025174617767334,0.4296979606151581,-0.02917640283703804,0.514111340045929,0.3922356367111206,-0.010283226147294044,0.5642775297164917,0.3374873399734497,0.05724738538265228,0.508227527141571,0.3696216940879822,-0.009324036538600922,0.5197836756706238,0.40920889377593994,-0.004507201258093119,0.5401317477226257,0.3446689546108246,0.00376908085308969,0.5137323141098022,0.40679484605789185,-0.02281302399933338,0.5653324127197266,0.4015847444534302,0.07428782433271408,0.5096014142036438,0.3552694618701935,-0.004311749245971441,0.5081720948219299,0.40468597412109375,-0.03024122305214405,0.552029013633728,0.45463651418685913,0.04191303625702858,0.5511024594306946,0.4625612199306488,0.055913109332323074,0.5667703151702881,0.3818173110485077,0.04746963456273079,0.5593787431716919,0.44036081433296204,0.047530971467494965,0.5591437816619873,0.3263884484767914,0.02405458316206932,0.5285164713859558,0.4919295310974121,0.026425030082464218,0.5018261075019836,0.4305163025856018,-0.019669435918331146,0.5205999612808228,0.3963768780231476,-0.006382853724062443,0.5570573806762695,0.34693655371665955,0.019024426117539406,0.5296685099601746,0.3521829843521118,-0.0032737073488533497,0.5244296789169312,0.3539300560951233,-0.004951037000864744,0.5244988799095154,0.44983959197998047,0.01317434199154377,0.5629910230636597,0.4019949436187744,0.029685990884900093,0.5185731053352356,0.5052443742752075,0.02951495349407196,0.5348246097564697,0.4879470765590668,0.0411519892513752,0.5421664118766785,0.47726792097091675,0.047739364206790924,0.5191432237625122,0.35446715354919434,-0.005534304305911064,0.5140454769134521,0.3546401858329773,-0.0050180149264633656,0.5109583139419556,0.355224609375,-0.004145523067563772,0.5530009865760803,0.3335621953010559,0.00935935229063034,0.5146933197975159,0.34710875153541565,-0.007454142440110445,0.5199168920516968,0.343223512172699,-0.00866404827684164,0.5254896283149719,0.3417319059371948,-0.008215636014938354,0.5308141112327576,0.34187978506088257,-0.006148798856884241,0.5340588092803955,0.3429783582687378,-0.0035864352248609066,0.5614999532699585,0.31760355830192566,0.04149635508656502,0.5330170392990112,0.3498852849006653,-0.0012481579324230552,0.5212262272834778,0.4319717288017273,-0.0031316247768700123,0.5141790509223938,0.42002028226852417,-0.016877638176083565,0.5090101957321167,0.43505364656448364,-0.010270651429891586,0.5435646176338196,0.46866217255592346,0.03802844509482384,0.5361303091049194,0.48019054532051086,0.0328456275165081,0.5186392068862915,0.5009655356407166,0.020729748532176018,0.5577846169471741,0.44641342759132385,0.06549011915922165,0.5111970901489258,0.35213014483451843,-0.005701364018023014,0.5050204396247864,0.3845682442188263,-0.02180657908320427,0.527413010597229,0.49780407547950745,0.03414873778820038,0.5663517713546753,0.40233147144317627,0.05103325471282005,0.513237714767456,0.45250770449638367,0.0038321607280522585,0.514563262462616,0.45515358448028564,0.003667847951874137,0.5157111287117004,0.4585846960544586,0.0032744277268648148,0.5165944695472717,0.4627198278903961,0.004898584447801113,0.5207129716873169,0.46877339482307434,0.01099228672683239,0.522229015827179,0.4471403658390045,0.009592068381607533,0.5233075022697449,0.4459672272205353,0.009597397409379482,0.5242234468460083,0.4448622763156891,0.009272659197449684,0.533735454082489,0.4357033669948578,0.009199325926601887,0.5563031435012817,0.41036155819892883,0.016870787367224693,0.5036982893943787,0.37342002987861633,-0.01761501654982567,0.5046942830085754,0.3521471619606018,-0.010355171747505665,0.508477509021759,0.3508424758911133,-0.007554718758910894,0.5210199952125549,0.4483806788921356,0.01047295518219471,0.5575504899024963,0.4298701584339142,0.03200517222285271,0.49992087483406067,0.3555685579776764,-0.019051609560847282,0.5241522192955017,0.4759947657585144,0.015947801992297173,0.5002204775810242,0.3819054067134857,-0.0277491956949234,0.5108986496925354,0.3977845311164856,-0.018785784021019936,0.5147982239723206,0.4842410981655121,0.012606551870703697,0.5367245674133301,0.453640341758728,0.02122202143073082,0.5259796977043152,0.41412976384162903,-0.0011993254302069545,0.5309559106826782,0.46560683846473694,0.019242819398641586,0.5419023633003235,0.40866103768348694,0.0017594856908544898,0.5333881974220276,0.42078787088394165,0.00276001263409853,0.5484862923622131,0.4198996424674988,0.01071737240999937,0.5174265503883362,0.4937392473220825,0.015372986905276775,0.5148848295211792,0.4003129005432129,-0.012784596532583237,0.5417831540107727,0.45966529846191406,0.028674082830548286,0.5344293713569641,0.47225505113601685,0.025889351963996887,0.5418390035629272,0.44144904613494873,0.019354956224560738,0.5623227953910828,0.4172142744064331,0.035565752536058426,0.5497451424598694,0.44158658385276794,0.025679314509034157,0.5643648505210876,0.4216810464859009,0.052702512592077255,0.5396832823753357,0.4282383322715759,0.00895147118717432,0.5093907713890076,0.38833123445510864,-0.01560823805630207,0.5129454135894775,0.41938871145248413,-0.025302674621343613,0.5168437361717224,0.4181385338306427,-0.017289191484451294,0.5095888376235962,0.41540613770484924,-0.03078191913664341,0.508848249912262,0.34437882900238037,-0.013612288981676102,0.518943727016449,0.3370048701763153,-0.015146817080676556,0.5281625390052795,0.3338029384613037,-0.014184576459228992,0.5357532501220703,0.33337152004241943,-0.010714550502598286,0.5408859252929688,0.33530211448669434,-0.0059939222410321236,0.5452784299850464,0.3463272750377655,0.006879674736410379,0.5660398006439209,0.3622100353240967,0.04182077571749687,0.5419678688049316,0.36021122336387634,0.004139819648116827,0.5360689163208008,0.3650152087211609,0.0004685141029767692,0.5274976491928101,0.366995245218277,-0.00229005073197186,0.5192148685455322,0.3667360842227936,-0.004194901790469885,0.5129581093788147,0.3656656742095947,-0.005304509308189154,0.5086362361907959,0.36441266536712646,-0.006455352529883385,0.5651094317436218,0.3575403094291687,0.06675408035516739,0.5168417096138,0.41905927658081055,-0.013632358983159065,0.5060864686965942,0.39455166459083557,-0.025116128847002983,0.5085927844047546,0.42265352606773376,-0.030241765081882477,0.5057358145713806,0.426723837852478,-0.02668013423681259,0.5087528228759766,0.4231620728969574,-0.026826374232769012,0.5155771374702454,0.4211873710155487,-0.010809685103595257,0.5045434236526489,0.4283783435821533,-0.02826009690761566,0.503893256187439,0.4291609525680542,-0.019943127408623695,0.5076586604118347,0.35684120655059814,-0.0052195279859006405,0.5049687027931213,0.3609342873096466,-0.008762018755078316,0.5037378072738647,0.36431440711021423,-0.01284759771078825,0.5359689593315125,0.34390848875045776,-0.0010001080809161067,0.5399031043052673,0.34043654799461365,-0.0009231981239281595,0.45638325810432434,0.35980212688446045,-0.00628773495554924,0.4636858403682709,0.3588705062866211,-0.00628773495554924,0.45584604144096375,0.35119450092315674,-0.00628773495554924,0.44908130168914795,0.36073067784309387,-0.00628773495554924,0.4568866789340973,0.36839112639427185,-0.00628773495554924,0.5242874622344971,0.34765246510505676,-0.004161978606134653,0.5313271284103394,0.34609395265579224,-0.004161978606134653,0.5231950879096985,0.33914509415626526,-0.004161978606134653,0.5172425508499146,0.3491029143333435,-0.004161978606134653,0.5254164338111877,0.3561769127845764,-0.004161978606134653
666.6666666666667,0.5089483261108398,0.4478570520877838,-0.009590942412614822,0.5084303021430969,0.4248840808868408,-0.03308518975973129,0.5077318549156189,0.4298800528049469,-0.014204519800841808,0.49885913729667664,0.3926697373390198,-0.030708221718668938,0.5075953006744385,0.41584813594818115,-0.036791350692510605,0.5058714747428894,0.4023175835609436,-0.03637019172310829,0.5009005069732666,0.36729058623313904,-0.02565365470945835,0.45027774572372437,0.3634900748729706,-0.004794873762875795,0.497606486082077,0.3413156270980835,-0.025826072320342064,0.4961939752101898,0.3283936381340027,-0.02996750734746456,0.48966625332832336,0.2761653959751129,-0.03315773233771324,0.509109616279602,0.4510871171951294,-0.008028963580727577,0.5091075301170349,0.4542869031429291,-0.005493637640029192,0.5089947581291199,0.45639047026634216,-0.0016175218624994159,0.5089201331138611,0.45657700300216675,-0.0003938548907171935,0.509344756603241,0.46075692772865295,-8.574027742724866e-05,0.5097025632858276,0.46557140350341797,-0.000585104338824749,0.5099072456359863,0.47048789262771606,0.001379509223625064,0.5116704702377319,0.4779253602027893,0.0089398929849267,0.5084564089775085,0.4283771514892578,-0.029012121260166168,0.5013408064842224,0.42777979373931885,-0.02034076862037182,0.41648924350738525,0.32736721634864807,0.014771764166653156,0.4708254039287567,0.36948859691619873,-0.008915597572922707,0.46435603499412537,0.3712987005710602,-0.008801826275885105,0.4576382040977478,0.3721897304058075,-0.007534409407526255,0.4476146101951599,0.3671465814113617,-0.003254573792219162,0.4760923385620117,0.3670556843280792,-0.007951188832521439,0.4577644467353821,0.34644168615341187,-0.015380289405584335,0.4657069146633148,0.3464655578136444,-0.014948357827961445,0.4508638083934784,0.3489537239074707,-0.01330216508358717,0.4466060996055603,0.3528291583061218,-0.010530982166528702,0.4423317015171051,0.3744536340236664,0.0007628001621924341,0.4900617003440857,0.4924464523792267,0.018136724829673767,0.4470171630382538,0.3609655499458313,-0.0031971288844943047,0.41908207535743713,0.3695939779281616,0.026750588789582253,0.4333273768424988,0.3686387240886688,0.005337159149348736,0.4708467125892639,0.41306909918785095,-0.006776465568691492,0.5005219578742981,0.44723421335220337,-0.009706179611384869,0.5014201402664185,0.45485973358154297,-0.0051362900994718075,0.4924924075603485,0.4500501751899719,-0.006097143515944481,0.4869246780872345,0.45222124457359314,-0.0009350184700451791,0.49466702342033386,0.45515176653862,-0.0029663993045687675,0.4893181324005127,0.4553106427192688,0.0016060678754001856,0.47945636510849,0.462678462266922,0.01258123479783535,0.5030436515808105,0.4254501760005951,-0.03294738754630089,0.5014632344245911,0.41673365235328674,-0.03647932410240173,0.4367077052593231,0.34844374656677246,-0.011718608438968658,0.4821511209011078,0.38786447048187256,-0.011485683731734753,0.4860413074493408,0.42026233673095703,-0.01866133138537407,0.48489564657211304,0.4145145118236542,-0.017563559114933014,0.4493297040462494,0.4131512939929962,-0.0005849560257047415,0.5000852942466736,0.4040556252002716,-0.03486260399222374,0.45339685678482056,0.33893057703971863,-0.023146161809563637,0.4434952437877655,0.34233856201171875,-0.018387548625469208,0.4222821593284607,0.3113001585006714,-0.0005776053294539452,0.4843843877315521,0.3446730971336365,-0.02536080591380596,0.4727107584476471,0.34943556785583496,-0.012123223394155502,0.4733278751373291,0.45493432879447937,0.011540860868990421,0.43670934438705444,0.44960227608680725,0.06387616693973541,0.49111995100975037,0.42481866478919983,-0.014943699352443218,0.49664175510406494,0.4269307851791382,-0.013944393955171108,0.4794233739376068,0.4549421966075897,0.011367321014404297,0.481040894985199,0.4552331268787384,0.009872660972177982,0.4391666352748871,0.3364166021347046,-0.016938459128141403,0.48562076687812805,0.4226624369621277,-0.014240244403481483,0.46691185235977173,0.33922791481018066,-0.025656243786215782,0.46519172191619873,0.3318326771259308,-0.02875925786793232,0.4494619071483612,0.28745678067207336,-0.027012530714273453,0.4301099479198456,0.3233497142791748,-0.010257916525006294,0.45707228779792786,0.308126300573349,-0.028709225356578827,0.4318277835845947,0.3436065912246704,-0.00759390601888299,0.4236721992492676,0.33617153763771057,0.002663749037310481,0.5008850693702698,0.45139437913894653,-0.008100610226392746,0.49356991052627563,0.45271730422973633,-0.004648231901228428,0.4880858063697815,0.4537622332572937,-7.642972195753828e-05,0.49254754185676575,0.42579251527786255,-0.012989162467420101,0.4802551865577698,0.4550938904285431,0.010586226359009743,0.48390302062034607,0.45799022912979126,0.007956699468195438,0.48187094926834106,0.45539602637290955,0.009749907068908215,0.4948182702064514,0.4240368604660034,-0.02459803782403469,0.49027305841445923,0.4564943313598633,0.003294678870588541,0.4956282377243042,0.45682603120803833,0.00048154706018976867,0.5019561648368835,0.4569335877895355,-0.0014717266894876957,0.5029473304748535,0.4789023697376251,0.008727659471333027,0.5016852021217346,0.4710385203361511,0.0011753919534385204,0.5016529560089111,0.466000497341156,-0.0006076369318179786,0.5017794966697693,0.46114689111709595,-2.4753573597990908e-05,0.5019735097885132,0.45719054341316223,-0.00022482103668153286,0.490297794342041,0.45667970180511475,0.004287160933017731,0.48934367299079895,0.4584912657737732,0.004168908577412367,0.4882684051990509,0.461009681224823,0.003929543774574995,0.4874432384967804,0.4638458490371704,0.005501694045960903,0.48013192415237427,0.44352826476097107,-0.0010080920765176415,0.42195576429367065,0.40526387095451355,0.06238005682826042,0.5081640481948853,0.42926540970802307,-0.01966332457959652,0.48626255989074707,0.4561265707015991,0.007533022202551365,0.48509976267814636,0.45695364475250244,0.0075814006850123405,0.49921488761901855,0.42994141578674316,-0.012994992546737194,0.4877117872238159,0.4265114665031433,-0.007905636914074421,0.4979967176914215,0.42849409580230713,-0.013755138963460922,0.4755374491214752,0.3934844434261322,-0.008644280955195427,0.46482905745506287,0.40109172463417053,-0.006486425641924143,0.4837678074836731,0.41749224066734314,-0.013163958676159382,0.43262800574302673,0.2978033423423767,-0.015063918195664883,0.4406086504459381,0.3135836124420166,-0.020404575392603874,0.45049986243247986,0.3316814601421356,-0.024004308506846428,0.4859829843044281,0.469640851020813,0.010937855578958988,0.4814496338367462,0.3328148126602173,-0.030418742448091507,0.47400808334350586,0.30517569184303284,-0.03256171569228172,0.46787816286087036,0.28070950508117676,-0.032922856509685516,0.45149338245391846,0.37080612778663635,-0.005305751692503691,0.43532606959342957,0.3821493089199066,0.0050466665998101234,0.479358971118927,0.3648838996887207,-0.0073688882403075695,0.4401751458644867,0.3575419783592224,-0.005431055091321468,0.4864755868911743,0.3820270001888275,-0.014506498351693153,0.49023696780204773,0.4185469150543213,-0.025458723306655884,0.4287857711315155,0.38955989480018616,0.013153035193681717,0.4412279427051544,0.38912904262542725,0.0009154184954240918,0.45091336965560913,0.39251163601875305,-0.003725325921550393,0.4641280770301819,0.3894132673740387,-0.005818856414407492,0.47329750657081604,0.3842489421367645,-0.007215774152427912,0.47972026467323303,0.37950077652931213,-0.009307337924838066,0.49482741951942444,0.37033769488334656,-0.023393267765641212,0.4322335720062256,0.40889981389045715,0.015394502319395542,0.43441757559776306,0.3571408987045288,-0.0034918631426990032,0.5051094889640808,0.42867007851600647,-0.02894694358110428,0.48418477177619934,0.39795857667922974,-0.012245121411979198,0.4147900938987732,0.3647143244743347,0.047441087663173676,0.48465386033058167,0.3746572732925415,-0.011016475036740303,0.4825689494609833,0.4166792333126068,-0.006496742833405733,0.4443131387233734,0.36190831661224365,-0.002001635730266571,0.4889952540397644,0.41139036417007446,-0.024073675274848938,0.42792826890945435,0.42724040150642395,0.06469877809286118,0.4784199893474579,0.36156511306762695,-0.006749185733497143,0.4944147765636444,0.4070312976837158,-0.03085288591682911,0.4579869508743286,0.4735955595970154,0.0356048084795475,0.458816260099411,0.48088231682777405,0.048851776868104935,0.42467403411865234,0.40861305594444275,0.03879507631063461,0.4468785524368286,0.46222007274627686,0.04028507322072983,0.4207211434841156,0.35135912895202637,0.0160986240953207,0.48995304107666016,0.5002010464668274,0.02383599989116192,0.5054540634155273,0.4293633699417114,-0.019427645951509476,0.4785194993019104,0.40461966395378113,-0.008858646266162395,0.42729729413986206,0.37004703283309937,0.011452758684754372,0.45796921849250793,0.3659834563732147,-0.007842568680644035,0.46386510133743286,0.3656027019023895,-0.00896886084228754,0.4828574061393738,0.45922762155532837,0.00915553793311119,0.43568456172943115,0.4266032874584198,0.02192438580095768,0.5021950006484985,0.5087393522262573,0.028231970965862274,0.48174747824668884,0.49914640188217163,0.03681182488799095,0.4716969430446625,0.4918225407600403,0.04201463982462883,0.4929629862308502,0.30200666189193726,-0.03264953941106796,0.5145189166069031,0.5077980756759644,0.027829209342598915,0.469171941280365,0.3640897572040558,-0.008950292132794857,0.47410815954208374,0.3624001145362854,-0.007942188531160355,0.47720882296562195,0.361879825592041,-0.006771406624466181,0.428862601518631,0.35451552271842957,0.002179171657189727,0.47151151299476624,0.3549838960170746,-0.01051510963588953,0.46533092856407166,0.3524818420410156,-0.012204501777887344,0.45938676595687866,0.35261428356170654,-0.012320130132138729,0.45367729663848877,0.3547317087650299,-0.010812406428158283,0.4503210783004761,0.3574278652667999,-0.00858442671597004,0.4141403138637543,0.34415119886398315,0.03198236599564552,0.45360758900642395,0.36503860354423523,-0.006219660397619009,0.5081445574760437,0.4357594847679138,-0.011107614263892174,0.48667746782302856,0.43924441933631897,-0.005449627060443163,0.49127331376075745,0.4242256283760071,-0.017933081835508347,0.49919819831848145,0.43712127208709717,-0.01098507922142744,0.49894535541534424,0.3532911539077759,-0.023454375565052032,0.4694523215293884,0.48409032821655273,0.03285229951143265,0.47958189249038696,0.492151141166687,0.02896919846534729,0.5016820430755615,0.5048197507858276,0.019638171419501305,0.44751521944999695,0.46762144565582275,0.05722383037209511,0.476169228553772,0.35906079411506653,-0.008418531157076359,0.4923669397830963,0.3867318034172058,-0.022623740136623383,0.514390230178833,0.5036808252334595,0.019494658336043358,0.4917353689670563,0.5053971409797668,0.031250495463609695,0.4297889471054077,0.4281511902809143,0.04258425533771515,0.49569007754325867,0.45709115266799927,0.0016358812572434545,0.4949345886707306,0.460157573223114,0.0015913300449028611,0.49435490369796753,0.46402236819267273,0.0012575751170516014,0.4940599203109741,0.46860581636428833,0.0029147134628146887,0.4937097728252411,0.47556746006011963,0.009034027345478535,0.48493844270706177,0.4552456736564636,0.005816855933517218,0.4837263822555542,0.4544798731803894,0.0055445097386837006,0.4826950430870056,0.45366817712783813,0.005057909991592169,0.4752084016799927,0.4487461447715759,0.004610215779393911,0.4457928538322449,0.4321945607662201,0.010354878380894661,0.49069276452064514,0.37561458349227905,-0.01857459731400013,0.48383763432502747,0.3557225465774536,-0.011872822418808937,0.4790756404399872,0.35622143745422363,-0.009814320132136345,0.4862283766269684,0.45602118968963623,0.006865897681564093,0.4480893015861511,0.4515431225299835,0.0252043679356575,0.4906271994113922,0.3565489947795868,-0.019635789096355438,0.49155572056770325,0.48361271619796753,0.013939975760877132,0.5042190551757812,0.3905951976776123,-0.03252366557717323,0.4969014823436737,0.38223978877067566,-0.027842862531542778,0.5026501417160034,0.3795463740825653,-0.029054144397377968,0.48929688334465027,0.40175312757492065,-0.0200089979916811,0.5137693881988525,0.4963144361972809,0.014027053490281105,0.5126507878303528,0.4865305423736572,0.011682184413075447,0.5022997856140137,0.48767635226249695,0.01212279312312603,0.4745410680770874,0.4677038788795471,0.016636855900287628,0.47739535570144653,0.42406147718429565,-0.0038826181553304195,0.48259711265563965,0.476701557636261,0.015910174697637558,0.4607377350330353,0.42491599917411804,-0.002634927164763212,0.47180017828941345,0.4335134029388428,-0.0009882730664685369,0.4564462900161743,0.43861258029937744,0.005351347383111715,0.501696765422821,0.49751269817352295,0.014454306103289127,0.4854981601238251,0.40597671270370483,-0.01447776798158884,0.4702479839324951,0.47515439987182617,0.02365661971271038,0.480257123708725,0.4841318130493164,0.022249404340982437,0.4674587845802307,0.45776456594467163,0.013980654999613762,0.439736008644104,0.44094371795654297,0.028028398752212524,0.4590064287185669,0.46046966314315796,0.019708916544914246,0.4366195797920227,0.4459395408630371,0.044571276754140854,0.4674106240272522,0.44372496008872986,0.004209264647215605,0.48832711577415466,0.3921859860420227,-0.01706257276237011,0.492769718170166,0.4229077100753784,-0.026317203417420387,0.4883960783481598,0.42349374294281006,-0.018620271235704422,0.4955857992172241,0.4176861345767975,-0.03140546381473541,0.47803667187690735,0.34894704818725586,-0.015748485922813416,0.46647632122039795,0.3444264233112335,-0.01829993911087513,0.45633694529533386,0.34422892332077026,-0.01831180229783058,0.44817376136779785,0.3468165099620819,-0.015746353194117546,0.44270482659339905,0.3511776924133301,-0.011651111766695976,0.4397088885307312,0.36538103222846985,0.0006579325417988002,0.4209292531013489,0.38920173048973083,0.03304470330476761,0.4468986690044403,0.3784623146057129,-0.0015885250177234411,0.45466920733451843,0.38100212812423706,-0.00450129434466362,0.46398162841796875,0.37961316108703613,-0.006369976792484522,0.4721420109272003,0.37619438767433167,-0.0073783379048109055,0.4781546890735626,0.3727515935897827,-0.007664803881198168,0.4823288023471832,0.3698483407497406,-0.008345711044967175,0.41787686944007874,0.3845754563808441,0.056837595999240875,0.48833757638931274,0.42461755871772766,-0.01496964506804943,0.49383795261383057,0.3966187536716461,-0.025861401110887527,0.4979614019393921,0.4242788255214691,-0.03061581589281559,0.5011441111564636,0.42723920941352844,-0.026706762611865997,0.4975889325141907,0.4249104857444763,-0.02727813646197319,0.4899243116378784,0.4262508451938629,-0.011913850903511047,0.5028374791145325,0.42826902866363525,-0.028155988082289696,0.5031574964523315,0.42897629737854004,-0.019864607602357864,0.48114117980003357,0.3622078597545624,-0.007200333755463362,0.4853874444961548,0.3648720681667328,-0.010200283490121365,0.4881812036037445,0.36747896671295166,-0.013903752900660038,0.4484282433986664,0.3594261407852173,-0.0062167164869606495,0.4440077543258667,0.357023149728775,-0.00649090064689517,0.5094872117042542,0.3904479444026947,-0.02958267740905285,0.5396360754966736,0.34546807408332825,0.00317525677382946,0.5139599442481995,0.4250541031360626,-0.019463762640953064,0.5589896440505981,0.29952284693717957,0.027860794216394424,0.5237736701965332,0.35887283086776733,-0.0037003238685429096,0.5300145745277405,0.3576904833316803,-0.00254905060864985,0.5360023975372314,0.3558616042137146,-0.00034517928725108504,0.5426055788993835,0.3482462167739868,0.0052307420410215855,0.5184687972068787,0.3586237132549286,-0.0038338936865329742,0.530964732170105,0.3331368863582611,-0.008819983340799809,0.5238218903541565,0.33565956354141235,-0.009746489115059376,0.5374200940132141,0.3330671489238739,-0.005749884527176619,0.5414879322052002,0.3351534605026245,-0.002427648287266493,0.5490058064460754,0.3533267080783844,0.009946545585989952,0.5339562296867371,0.48237985372543335,0.02169860154390335,0.5414661169052124,0.3425576984882355,0.005183108616620302,0.566102147102356,0.3402293920516968,0.039100077003240585,0.554824948310852,0.3453502655029297,0.015615018084645271,0.5358368754386902,0.3998112976551056,-0.0015329682501032948,0.5166414976119995,0.4443006217479706,-0.008445053361356258,0.5161494612693787,0.45209169387817383,-0.00394342141225934,0.5234837532043457,0.4442261755466461,-0.003434260142967105,0.5277207493782043,0.44446420669555664,0.0027075838297605515,0.5216793417930603,0.450050413608551,-0.0006825292948633432,0.525691032409668,0.4483897387981415,0.004681878723204136,0.5371243953704834,0.4506455063819885,0.017202725633978844,0.5134226083755493,0.42319178581237793,-0.03223402425646782,0.5134204626083374,0.41418612003326416,-0.035645466297864914,0.5499054193496704,0.3278273344039917,-0.002002713503316045,0.5200654864311218,0.38010653853416443,-0.007968148216605186,0.5256087779998779,0.41214922070503235,-0.015479469671845436,0.5249987244606018,0.40630897879600525,-0.014289201237261295,0.5542035102844238,0.39170342683792114,0.008133847266435623,0.5114700794219971,0.40163159370422363,-0.033794865012168884,0.5356019139289856,0.32400238513946533,-0.016308879479765892,0.5439858436584473,0.3241690993309021,-0.0098929638043046,0.5528427362442017,0.28599563241004944,0.01117613259702921,0.5098395347595215,0.3388098478317261,-0.023051902651786804,0.5178967118263245,0.34066063165664673,-0.007938841357827187,0.5413594841957092,0.44100165367126465,0.017224375158548355,0.564428448677063,0.4230892062187195,0.0760558471083641,0.5216735601425171,0.4185956120491028,-0.012565266340970993,0.5172587037086487,0.42281967401504517,-0.012722598388791084,0.5330479145050049,0.44461724162101746,0.0162279661744833,0.5316480398178101,0.4454793334007263,0.014128959737718105,0.546386182308197,0.3173186779022217,-0.007942184805870056,0.5258338451385498,0.4145134389400482,-0.011134845204651356,0.5242916941642761,0.3280071020126343,-0.020975086838006973,0.5247493386268616,0.32022714614868164,-0.023956138640642166,0.5277857184410095,0.27249494194984436,-0.020378218963742256,0.5507491827011108,0.2992461621761322,-0.00037553353467956185,0.526616096496582,0.29434090852737427,-0.023237889632582664,0.5526242852210999,0.3220745921134949,0.0027383281849324703,0.5571322441101074,0.30952584743499756,0.013797159306704998,0.5166211128234863,0.44850900769233704,-0.006833384744822979,0.5226783752441406,0.4472765028476715,-0.0021821463014930487,0.5268057584762573,0.44640034437179565,0.0032281349413096905,0.5204471349716187,0.4201502203941345,-0.011070823296904564,0.5323252081871033,0.44506222009658813,0.015073422342538834,0.5298731327056885,0.44886544346809387,0.011682556942105293,0.5309164524078369,0.4459458589553833,0.013898121193051338,0.5192495584487915,0.4189159572124481,-0.022389600053429604,0.5246439576148987,0.4499534070491791,0.006197260692715645,0.5206212997436523,0.4520863890647888,0.002636566059663892,0.5154467821121216,0.4543623626232147,-0.0002590541262179613,0.5199021100997925,0.4752660393714905,0.009878721088171005,0.517510712146759,0.4676547050476074,0.0023884717375040054,0.5170202255249023,0.4627619981765747,0.000692805158905685,0.5162315964698792,0.45817556977272034,0.0012345747090876102,0.5152978301048279,0.45449891686439514,0.0009909217478707433,0.5244868993759155,0.4498964250087738,0.007181343622505665,0.5257494449615479,0.4511699080467224,0.007041116710752249,0.5270513892173767,0.4530280530452728,0.0068996744230389595,0.5280660390853882,0.45534297823905945,0.008661990985274315,0.5340645909309387,0.43270015716552734,0.0032071229070425034,0.5668399333953857,0.3761001229286194,0.07580135017633438,0.5274466276168823,0.4480918049812317,0.011146632954478264,0.5286962985992432,0.44838765263557434,0.011181934736669064,0.5155521035194397,0.4267916679382324,-0.011802292428910732,0.5243431329727173,0.41922053694725037,-0.005464829038828611,0.516377866268158,0.4249066710472107,-0.012570799328386784,0.526877224445343,0.38304197788238525,-0.003964039497077465,0.5382830500602722,0.38612255454063416,-0.00020790832058992237,0.5261250138282776,0.40890049934387207,-0.009785976260900497,0.5431854128837585,0.2765325903892517,-0.005494389217346907,0.5411189198493958,0.2935959994792938,-0.012450768612325191,0.5368466377258301,0.3159686326980591,-0.016862912103533745,0.5329722166061401,0.459611177444458,0.014661931432783604,0.5106856822967529,0.32639944553375244,-0.027974933385849,0.5111646056175232,0.2977944612503052,-0.029693812131881714,0.5105962157249451,0.2725578248500824,-0.02954188734292984,0.5404794216156006,0.35257649421691895,0.002720671007409692,0.5565749406814575,0.35808882117271423,0.015216290019452572,0.5150275826454163,0.357787549495697,-0.003699990687891841,0.5477181673049927,0.33728399872779846,0.0038512940518558025,0.5154536962509155,0.3760325610637665,-0.011669331230223179,0.5223945379257202,0.4118863046169281,-0.02283906564116478,0.5645259022712708,0.3620019555091858,0.0246165469288826,0.5537727475166321,0.3663310110569,0.010484890080988407,0.5469164848327637,0.3727542459964752,0.004468054976314306,0.5350205898284912,0.3748455047607422,0.00046348999603651464,0.525800883769989,0.3734593987464905,-0.002396401483565569,0.5191591382026672,0.3713744282722473,-0.005645144265145063,0.5068496465682983,0.3678354024887085,-0.022210298106074333,0.5660238862037659,0.38164493441581726,0.026804042980074883,0.5525410175323486,0.3350987732410431,0.00671442411839962,0.5115894079208374,0.4272143244743347,-0.028370987623929977,0.5208810567855835,0.3904966711997986,-0.008900224231183529,0.5654398202896118,0.3349745273590088,0.06132947653532028,0.5140960216522217,0.3683815896511078,-0.008172400295734406,0.5262543559074402,0.407877117395401,-0.003155595390126109,0.5441824793815613,0.34262391924858093,0.0067954277619719505,0.5214465260505676,0.40469035506248474,-0.02139182575047016,0.566594660282135,0.39882326126098633,0.07766743004322052,0.5144433975219727,0.35437729954719543,-0.002937179058790207,0.5166228413581848,0.4023473560810089,-0.028936002403497696,0.5561895966529846,0.4525638222694397,0.04394206032156944,0.5548649430274963,0.46003636717796326,0.058084920048713684,0.5693356394767761,0.37914949655532837,0.05114784091711044,0.5626427531242371,0.43807515501976013,0.0501457042992115,0.561660647392273,0.32328033447265625,0.027954768389463425,0.535186767578125,0.4895876944065094,0.027737896889448166,0.5107133388519287,0.42823290824890137,-0.019064607098698616,0.5269615054130554,0.3947952687740326,-0.0047788177616894245,0.5596526265144348,0.34534168243408203,0.02271035686135292,0.5343552231788635,0.35005807876586914,-0.0008040432003326714,0.5292701721191406,0.3521430492401123,-0.002734936075285077,0.5309044122695923,0.4496355354785919,0.013171856291592121,0.5664224028587341,0.39991286396980286,0.03293607756495476,0.525802493095398,0.5030777454376221,0.030578160658478737,0.540523111820221,0.48528924584388733,0.04269805923104286,0.5470215678215027,0.4746766686439514,0.04948640987277031,0.5240131616592407,0.3531416356563568,-0.0036129041109234095,0.5190014839172363,0.3536614179611206,-0.0033699763007462025,0.515880286693573,0.35438239574432373,-0.0026615255046635866,0.5560759902000427,0.33135536313056946,0.013113665394484997,0.5190747976303101,0.34559357166290283,-0.005778629332780838,0.524063229560852,0.34120678901672363,-0.006700612138956785,0.5295998454093933,0.3392976224422455,-0.005937525071203709,0.534941554069519,0.339338481426239,-0.003582173027098179,0.5382047295570374,0.3405976891517639,-0.0008589369826950133,0.5630323886871338,0.31490445137023926,0.045683521777391434,0.5375323295593262,0.34770146012306213,0.0014152302173897624,0.5278362035751343,0.43106508255004883,-0.002192860934883356,0.5217385292053223,0.417978435754776,-0.015671521425247192,0.5168798565864563,0.4336593449115753,-0.009606147184967995,0.548642098903656,0.46649011969566345,0.03957163169980049,0.5419715642929077,0.4778597950935364,0.03423783928155899,0.5261592864990234,0.49903354048728943,0.02175145410001278,0.5603995323181152,0.44377076625823975,0.06817551702260971,0.5158799886703491,0.35103750228881836,-0.004190769046545029,0.5127211809158325,0.3825034201145172,-0.020714493468403816,0.5339208841323853,0.49525147676467896,0.035552747547626495,0.5688847899436951,0.3996671140193939,0.054429732263088226,0.520449161529541,0.45212459564208984,0.003801657585427165,0.5217260718345642,0.4546622633934021,0.0038061123341321945,0.5228174328804016,0.45802217721939087,0.0035564920399338007,0.5236386060714722,0.4622034728527069,0.005274548660963774,0.5274669528007507,0.4682352542877197,0.011730434373021126,0.5287767648696899,0.44685491919517517,0.009610666893422604,0.5298453569412231,0.44564130902290344,0.009696796536445618,0.5307313203811646,0.4444872736930847,0.009500697255134583,0.5389937162399292,0.4358614683151245,0.00988057628273964,0.5603826642036438,0.40873247385025024,0.0197000652551651,0.5109970569610596,0.3714388310909271,-0.01655685529112816,0.5101897120475769,0.35004886984825134,-0.00937587022781372,0.5134291052818298,0.34920114278793335,-0.006266252603381872,0.5275375843048096,0.44813668727874756,0.010524556040763855,0.561202347278595,0.4281204044818878,0.03452424705028534,0.5062448382377625,0.35285043716430664,-0.018157098442316055,0.5309018492698669,0.4748344123363495,0.01697266288101673,0.5083408355712891,0.3798147141933441,-0.026836812496185303,0.5184069275856018,0.39581426978111267,-0.017533626407384872,0.5223628282546997,0.4831525981426239,0.013567691668868065,0.5423235893249512,0.4531855583190918,0.022030789405107498,0.532200813293457,0.41287466883659363,0.00031732357456348836,0.5370770692825317,0.4647282660007477,0.020106283947825432,0.5472641587257385,0.4071747660636902,0.004092145711183548,0.5392126441001892,0.41969895362854004,0.004261326044797897,0.553225040435791,0.4186246991157532,0.012946627102792263,0.5250246524810791,0.4921377897262573,0.016390107572078705,0.5218215584754944,0.3986039459705353,-0.011431057937443256,0.5471571683883667,0.4582768678665161,0.029944946989417076,0.5404667854309082,0.4705773591995239,0.027043985202908516,0.5469815731048584,0.4411962032318115,0.02060864306986332,0.5655624866485596,0.4151306748390198,0.03850046545267105,0.5542920827865601,0.44036322832107544,0.027468664571642876,0.567048192024231,0.4190768301486969,0.055821359157562256,0.5448992252349854,0.42784228920936584,0.010400380939245224,0.516643226146698,0.3863893747329712,-0.014372636564075947,0.5210675001144409,0.4169934093952179,-0.023937588557600975,0.5242312550544739,0.4161522686481476,-0.015927890315651894,0.5182639956474304,0.4128674566745758,-0.029484577476978302,0.5141749978065491,0.34120482206344604,-0.012330318801105022,0.5239417552947998,0.3334023654460907,-0.013304176740348339,0.5329172015190125,0.3301999866962433,-0.011785047128796577,0.5402568578720093,0.32998037338256836,-0.007886030711233616,0.5451496839523315,0.3322656750679016,-0.002883302280679345,0.5489290952682495,0.34434255957603455,0.010057465173304081,0.5684657096862793,0.3594329059123993,0.0456937812268734,0.5463261604309082,0.35845088958740234,0.007063168566673994,0.5407515168190002,0.36329007148742676,0.0030503801535815,0.532497763633728,0.36553704738616943,-0.0001339015580015257,0.5244361162185669,0.3656060993671417,-0.002452552318572998,0.5183227062225342,0.36469829082489014,-0.003928183577954769,0.5141575932502747,0.3633774518966675,-0.005287970881909132,0.5661066174507141,0.35508665442466736,0.0706595703959465,0.5240005254745483,0.41734448075294495,-0.012338483706116676,0.5142136216163635,0.39236706495285034,-0.023934051394462585,0.5173303484916687,0.4200493097305298,-0.029095688834786415,0.5144382119178772,0.42430344223976135,-0.025808973237872124,0.5172402858734131,0.42069733142852783,-0.025716139003634453,0.5226812362670898,0.4196595251560211,-0.009688148275017738,0.513444185256958,0.42590704560279846,-0.02742360159754753,0.512602686882019,0.42692235112190247,-0.019253263249993324,0.5127315521240234,0.35577744245529175,-0.004033669829368591,0.5105730295181274,0.35959315299987793,-0.0077717918902635574,0.5097681283950806,0.3626619875431061,-0.011882156133651733,0.5400741696357727,0.3416985869407654,0.0018250414868816733,0.5440772771835327,0.33796465396881104,0.0020656168926507235,0.4604809284210205,0.3601323366165161,-0.008156749419867992,0.4677269756793976,0.3588590621948242,-0.008156749419867992,0.459652841091156,0.35068854689598083,-0.008156749419867992,0.45313453674316406,0.36136215925216675,-0.008156749419867992,0.46125859022140503,0.36951130628585815,-0.008156749419867992,0.5278000831604004,0.34582632780075073,-0.0019731607753783464,0.5343721508979797,0.34399792551994324,-0.0019731607753783464,0.5264636278152466,0.337396502494812,-0.0019731607753783464,0.52121502161026,0.3475591838359833,-0.0019731607753783464,0.5291982293128967,0.3543018698692322,-0.0019731607753783464
700.0000000000001,0.5139981508255005,0.4495996832847595,-0.0101320156827569,0.5130110383033752,0.4242973327636719,-0.03332051262259483,0.512299656867981,0.42961764335632324,-0.014507345855236053,0.5029955506324768,0.39267152547836304,-0.030759945511817932,0.5120697021484375,0.4152660667896271,-0.036953456699848175,0.5101526379585266,0.4019467830657959,-0.03642189875245094,0.5046449303627014,0.3674716353416443,-0.025430718436837196,0.45381221175193787,0.3657895624637604,-0.005183715373277664,0.500994086265564,0.34162190556526184,-0.025447160005569458,0.49945905804634094,0.32871901988983154,-0.02949131280183792,0.4921855628490448,0.27650174498558044,-0.03233906999230385,0.5142040848731995,0.4526442885398865,-0.008634505793452263,0.5142365097999573,0.4556378424167633,-0.006137728691101074,0.5141399502754211,0.45767056941986084,-0.0023467023856937885,0.5141440033912659,0.45774808526039124,-0.00044715506373904645,0.5146484971046448,0.4615553021430969,-0.0001885970268631354,0.515071451663971,0.4659334123134613,-0.0006224291864782572,0.5153521299362183,0.47046327590942383,0.0014965501613914967,0.5171071887016296,0.48008960485458374,0.009209677577018738,0.5130540132522583,0.42790812253952026,-0.029283778741955757,0.5059879422187805,0.4276706874370575,-0.020691553130745888,0.41877424716949463,0.3303193151950836,0.01431089174002409,0.47439953684806824,0.37126877903938293,-0.009116561152040958,0.46792247891426086,0.3732770085334778,-0.00910900067538023,0.46119141578674316,0.3742506206035614,-0.007936219684779644,0.45113271474838257,0.36944490671157837,-0.003734399564564228,0.47967925667762756,0.3685324490070343,-0.008068506605923176,0.4612533748149872,0.34804487228393555,-0.015510891564190388,0.4691859483718872,0.3478401005268097,-0.014969982206821442,0.454363614320755,0.35075899958610535,-0.013544170185923576,0.45007941126823425,0.3547962009906769,-0.010851715691387653,0.4458146095275879,0.37671294808387756,0.00016087578842416406,0.49533969163894653,0.49471062421798706,0.017773132771253586,0.45053327083587646,0.3633655309677124,-0.0035981007385998964,0.4219183325767517,0.3726411461830139,0.025889920070767403,0.4366909861564636,0.37102293968200684,0.004688112530857325,0.47504058480262756,0.414339154958725,-0.007361971773207188,0.5055912137031555,0.44931715726852417,-0.010317254811525345,0.5064720511436462,0.45646053552627563,-0.0058745513670146465,0.49763408303260803,0.4521942734718323,-0.006818651221692562,0.4919475317001343,0.454191654920578,-0.0016650869511067867,0.4996179938316345,0.4568617343902588,-0.0037608458660542965,0.4941052794456482,0.4570096731185913,0.0008390084258280694,0.48432329297065735,0.46486419439315796,0.012007932178676128,0.5076655149459839,0.42504173517227173,-0.033237941563129425,0.505986750125885,0.41636115312576294,-0.03670608624815941,0.4401450455188751,0.350288987159729,-0.012103688903152943,0.48602405190467834,0.38876062631607056,-0.01175081916153431,0.4905172288417816,0.42073550820350647,-0.01915748417377472,0.4892384111881256,0.4150864779949188,-0.018030887469649315,0.4533657133579254,0.4151993989944458,-0.0015079930890351534,0.5043954253196716,0.40386316180229187,-0.03500702977180481,0.45696282386779785,0.3399788737297058,-0.023221807554364204,0.44704410433769226,0.3438185751438141,-0.018640315160155296,0.42460310459136963,0.3137987554073334,-0.0007899824413470924,0.48784786462783813,0.3447568714618683,-0.025123361498117447,0.4761746823787689,0.35062700510025024,-0.012087452225387096,0.4781132638454437,0.4568501114845276,0.010766027495265007,0.440388023853302,0.45291897654533386,0.062271397560834885,0.4956861734390259,0.4251789152622223,-0.015383918769657612,0.5012513995170593,0.4271039068698883,-0.014337793923914433,0.4839664697647095,0.4564244747161865,0.01065362710505724,0.4855189919471741,0.45673882961273193,0.009230216033756733,0.4425782263278961,0.33795976638793945,-0.017176397144794464,0.49008479714393616,0.42324504256248474,-0.014764820225536823,0.47043532133102417,0.3397686183452606,-0.025569863617420197,0.4686402678489685,0.3323533236980438,-0.028628136962652206,0.45192456245422363,0.2888162136077881,-0.0266981590539217,0.43285542726516724,0.32550787925720215,-0.010468056425452232,0.46001115441322327,0.30930107831954956,-0.028459051623940468,0.4350365400314331,0.3455761671066284,-0.007988953962922096,0.4263363480567932,0.3387124240398407,0.0022601133678108454,0.5059512853622437,0.4532162845134735,-0.00878074485808611,0.49859321117401123,0.45459824800491333,-0.005412726197391748,0.4929898679256439,0.4555765390396118,-0.0008261955808848143,0.49712803959846497,0.42612969875335693,-0.01342650968581438,0.4847603738307953,0.4565824568271637,0.009914489462971687,0.4886903762817383,0.4594486355781555,0.007497567683458328,0.48631444573402405,0.4569188952445984,0.00912835355848074,0.4994003474712372,0.42413222789764404,-0.025002827867865562,0.4950069189071655,0.4581547975540161,0.0024934066459536552,0.500534176826477,0.4584771990776062,-0.00036921989521943033,0.506978452205658,0.4584546983242035,-0.002292399760335684,0.5082200765609741,0.4812576174736023,0.008868573233485222,0.5071735382080078,0.4712803363800049,0.001172602060250938,0.5070105791091919,0.4666420519351959,-0.0007231427007354796,0.5070096850395203,0.46227455139160156,-0.00021622408530674875,0.5070979595184326,0.4586148262023926,-0.0003765831352211535,0.4951355755329132,0.45829105377197266,0.003975456580519676,0.4942716956138611,0.45994871854782104,0.0038678557612001896,0.4933375120162964,0.4622937738895416,0.003660651622340083,0.4926525950431824,0.4649660885334015,0.005227469373494387,0.4847971498966217,0.44463902711868286,-0.0017052260227501392,0.42474624514579773,0.40881696343421936,0.06103614345192909,0.5127561092376709,0.42890217900276184,-0.01996571384370327,0.49091336131095886,0.45770755410194397,0.00709541467949748,0.4898030757904053,0.4584699869155884,0.007141720503568649,0.5038204193115234,0.43003907799720764,-0.013390286825597286,0.4921915531158447,0.4270993173122406,-0.008392627350986004,0.5026024580001831,0.4286256432533264,-0.01415711548179388,0.47942104935646057,0.3946147859096527,-0.009067718870937824,0.4687938690185547,0.40255919098854065,-0.007104697171598673,0.48810577392578125,0.41818487644195557,-0.013671292923390865,0.43499869108200073,0.29978147149086,-0.01501796580851078,0.44343850016593933,0.31530821323394775,-0.020396988838911057,0.45395976305007935,0.33276644349098206,-0.024044137448072433,0.490960955619812,0.47196802496910095,0.010594726540148258,0.4847952127456665,0.3328022360801697,-0.03011125884950161,0.47696584463119507,0.3058859705924988,-0.032092899084091187,0.4703851044178009,0.28155478835105896,-0.032351866364479065,0.45504215359687805,0.37299275398254395,-0.005768309812992811,0.4388059079647064,0.38451552391052246,0.004296228755265474,0.4829554259777069,0.366141676902771,-0.0074290018528699875,0.4436299502849579,0.35969018936157227,-0.005862615071237087,0.4903210401535034,0.38274678587913513,-0.014660760760307312,0.4947299361228943,0.4187566637992859,-0.02586517110466957,0.4321294128894806,0.3922490179538727,0.012209650129079819,0.4448358118534088,0.3913251757621765,0.00015347487351391464,0.454614520072937,0.39442890882492065,-0.00438394770026207,0.46786007285118103,0.39105406403541565,-0.006319025997072458,0.4770090878009796,0.3856862783432007,-0.007549643982201815,0.48341408371925354,0.3806973099708557,-0.009518076665699482,0.49860885739326477,0.3706909120082855,-0.023286262527108192,0.4358559250831604,0.41158759593963623,0.014251534827053547,0.43779459595680237,0.35931670665740967,-0.003994843922555447,0.509754478931427,0.42830774188041687,-0.02926652319729328,0.4882192611694336,0.3987167477607727,-0.012589654885232449,0.4172031879425049,0.3682151436805725,0.04653911665081978,0.48832181096076965,0.3756217062473297,-0.011115317232906818,0.4868326783180237,0.4175132215023041,-0.006989520043134689,0.4477849304676056,0.3642551898956299,-0.002442701021209359,0.4933384656906128,0.4117073118686676,-0.024438032880425453,0.43104416131973267,0.43068909645080566,0.06319218873977661,0.4819912016391754,0.36282122135162354,-0.0067661236971616745,0.49874743819236755,0.40708380937576294,-0.03109988011419773,0.46277081966400146,0.47623303532600403,0.03447183594107628,0.46348053216934204,0.4836946129798889,0.047544967383146286,0.427871435880661,0.4117327928543091,0.037520166486501694,0.4513205587863922,0.4650636613368988,0.038924384862184525,0.4234294891357422,0.3541840612888336,0.01547453086823225,0.49531564116477966,0.5025449395179749,0.023306874558329582,0.5100802779197693,0.42908555269241333,-0.01976011134684086,0.48258745670318604,0.40560898184776306,-0.00932853389531374,0.43050137162208557,0.3726275563240051,0.010706723667681217,0.4615307152271271,0.36817094683647156,-0.008165525272488594,0.46743202209472656,0.36767393350601196,-0.00922748539596796,0.48773685097694397,0.4606398940086365,0.008642636239528656,0.4395669996738434,0.42930254340171814,0.020638935267925262,0.5077265501022339,0.5111573934555054,0.027867373079061508,0.48688623309135437,0.5016949772834778,0.0360351987183094,0.47664815187454224,0.4944402575492859,0.04100024327635765,0.4958746135234833,0.3022856116294861,-0.03195475414395332,0.5201194882392883,0.5099385380744934,0.027681797742843628,0.47273918986320496,0.3659776449203491,-0.009123237803578377,0.4776671826839447,0.36401721835136414,-0.008046504110097885,0.4807804226875305,0.363273024559021,-0.006829013116657734,0.4320158362388611,0.35681530833244324,0.0016251238994300365,0.4750630259513855,0.3565775454044342,-0.010546138510107994,0.46888062357902527,0.3544173538684845,-0.012283929623663425,0.46298232674598694,0.35480499267578125,-0.012474053539335728,0.45731472969055176,0.3570443391799927,-0.011052384041249752,0.45394057035446167,0.3597651422023773,-0.008874957449734211,0.41645464301109314,0.34741953015327454,0.03130560740828514,0.4571579694747925,0.36727374792099,-0.006587462965399027,0.5128104090690613,0.4355218708515167,-0.01143423281610012,0.4912881851196289,0.43995171785354614,-0.006052670534700155,0.4958440065383911,0.424528568983078,-0.018351616337895393,0.5038749575614929,0.43722695112228394,-0.011411919258534908,0.5024634003639221,0.3535863161087036,-0.023140257224440575,0.4744323790073395,0.48658323287963867,0.031946130096912384,0.4847259521484375,0.49454206228256226,0.02825215645134449,0.5072374939918518,0.5070191621780396,0.019328784197568893,0.45176514983177185,0.47069019079208374,0.05567276477813721,0.4797476530075073,0.36041224002838135,-0.008445978164672852,0.4963720440864563,0.38709792494773865,-0.022701755166053772,0.5200204253196716,0.5056347846984863,0.019395750015974045,0.4970872104167938,0.507902979850769,0.03067467361688614,0.43327879905700684,0.43125641345977783,0.041179630905389786,0.5006959438323975,0.45866236090660095,0.0013922045473009348,0.5000497698783875,0.4614800214767456,0.0013473551953211427,0.49961885809898376,0.46501481533050537,0.0010777486022561789,0.4994867444038391,0.469248503446579,0.002782789757475257,0.49881935119628906,0.4779975116252899,0.008916668593883514,0.4895361363887787,0.4568500518798828,0.005091123748570681,0.4884188771247864,0.4561384320259094,0.004806628450751305,0.48748645186424255,0.4554031789302826,0.004306389018893242,0.4799646735191345,0.4502605199813843,0.003846550127491355,0.45006829500198364,0.4345286190509796,0.009226705878973007,0.49449682235717773,0.3761369585990906,-0.018587958067655563,0.48731544613838196,0.35649725794792175,-0.011761642061173916,0.48258528113365173,0.357279509305954,-0.0097739789634943,0.4907657206058502,0.45761406421661377,0.006134137976914644,0.4526030421257019,0.45410075783729553,0.02399250492453575,0.49413517117500305,0.35696977376937866,-0.01943316124379635,0.496725469827652,0.48588788509368896,0.013765557669103146,0.5083193182945251,0.3904359042644501,-0.03247305005788803,0.5008833408355713,0.3824242949485779,-0.027779288589954376,0.5065886974334717,0.37956833839416504,-0.028895968571305275,0.4934593439102173,0.40219593048095703,-0.020277302712202072,0.5193706154823303,0.49823707342147827,0.014079775661230087,0.5181662440299988,0.48854294419288635,0.011856865137815475,0.5076605677604675,0.4898836612701416,0.012155630625784397,0.47945499420166016,0.46983757615089417,0.01597948744893074,0.48176705837249756,0.4251477122306824,-0.004456876777112484,0.48760560154914856,0.47892704606056213,0.01551060564815998,0.4651498794555664,0.42660069465637207,-0.0033868553582578897,0.4763621687889099,0.43488332629203796,-0.0016619596863165498,0.4610619843006134,0.4405878782272339,0.004450809210538864,0.5071876049041748,0.49964845180511475,0.014304609969258308,0.489650160074234,0.40662461519241333,-0.014854393899440765,0.475204735994339,0.4774830639362335,0.02285289764404297,0.48534607887268066,0.4864228069782257,0.02168118767440319,0.4722961187362671,0.45977675914764404,0.01311844028532505,0.443875253200531,0.44365808367729187,0.026693351566791534,0.4638020694255829,0.46281754970550537,0.01871309243142605,0.4405418634414673,0.4489603340625763,0.04308337718248367,0.47215375304222107,0.44539105892181396,0.00340893748216331,0.49234479665756226,0.3927501440048218,-0.017280252650380135,0.4973359704017639,0.42303723096847534,-0.026719853281974792,0.49294471740722656,0.4238840341567993,-0.019093945622444153,0.5001075267791748,0.41759538650512695,-0.031744975596666336,0.4815077781677246,0.34968578815460205,-0.01562850922346115,0.46996793150901794,0.34548866748809814,-0.018277132883667946,0.4598846733570099,0.34560662508010864,-0.018409738317131996,0.451743483543396,0.34845399856567383,-0.0159895196557045,0.4462214708328247,0.3530695140361786,-0.01200038380920887,0.4431508779525757,0.367669939994812,0.00013564745313487947,0.4239380955696106,0.39231163263320923,0.03195158764719963,0.45045146346092224,0.38062310218811035,-0.002164711244404316,0.45826980471611023,0.38296985626220703,-0.005002476740628481,0.4676028788089752,0.3814253807067871,-0.00676971860229969,0.47575926780700684,0.3777991831302643,-0.0076317195780575275,0.48176759481430054,0.3740726113319397,-0.00782384816557169,0.4859282970428467,0.3709445595741272,-0.008418656885623932,0.4204462766647339,0.38815832138061523,0.05572032183408737,0.4928727447986603,0.42508578300476074,-0.015457081608474255,0.4979866147041321,0.3968292474746704,-0.026027576997876167,0.5025802254676819,0.42412301898002625,-0.030954331159591675,0.5057808756828308,0.42707133293151855,-0.027040326967835426,0.5021976828575134,0.4248563051223755,-0.027631988748908043,0.4944552183151245,0.4267106056213379,-0.012377573177218437,0.5074881315231323,0.4280073642730713,-0.028486106544733047,0.5078012943267822,0.428798645734787,-0.02020113356411457,0.4847257733345032,0.3633153736591339,-0.007194568403065205,0.48894309997558594,0.36577343940734863,-0.010166832245886326,0.4917866885662079,0.3682363033294678,-0.0138730863109231,0.4520028829574585,0.36178240180015564,-0.00655879033729434,0.44746631383895874,0.3591808080673218,-0.006875942926853895,0.5135819911956787,0.3901859223842621,-0.029456691816449165,0.5427594184875488,0.34542587399482727,0.004091666545718908,0.5183660387992859,0.4246217608451843,-0.019672241061925888,0.561377763748169,0.29928112030029297,0.029415864497423172,0.5273852944374084,0.3589584529399872,-0.003066484583541751,0.5335620045661926,0.35763925313949585,-0.001849121181294322,0.5394734144210815,0.35568898916244507,0.00042167777428403497,0.5458381772041321,0.34812551736831665,0.0061424425803124905,0.5220818519592285,0.3588206470012665,-0.003298788098618388,0.5338931083679199,0.3333146870136261,-0.007909764535725117,0.5268893837928772,0.3359249532222748,-0.008959180675446987,0.5402745008468628,0.3331526815891266,-0.004783739801496267,0.5443697571754456,0.3351620137691498,-0.001437173574231565,0.5523980259895325,0.3529461622238159,0.010843010619282722,0.5392557382583618,0.48328280448913574,0.02196628786623478,0.5445204377174377,0.34258341789245605,0.006149885710328817,0.5690258741378784,0.3397939205169678,0.04033608362078667,0.5580573081970215,0.34490877389907837,0.016665585339069366,0.5400103330612183,0.39933955669403076,-0.0012716567143797874,0.5214341282844543,0.44565945863723755,-0.00882793590426445,0.5210913419723511,0.45301106572151184,-0.004474980756640434,0.5278973579406738,0.4450005292892456,-0.003695024875923991,0.5320022106170654,0.4447215497493744,0.0026081211399286985,0.5264011025428772,0.45054376125335693,-0.001074806321412325,0.530266284942627,0.44853320717811584,0.004451514221727848,0.5419142246246338,0.45107194781303406,0.017443213611841202,0.5179304480552673,0.42252010107040405,-0.032412879168987274,0.517846405506134,0.4135187864303589,-0.0357360765337944,0.5526270866394043,0.3273897171020508,-0.0008128285990096629,0.5239759087562561,0.3800261318683624,-0.00768631137907505,0.5298412442207336,0.41162440180778503,-0.015446743927896023,0.5291839838027954,0.40586337447166443,-0.014208968728780746,0.5582408308982849,0.39097556471824646,0.008627931587398052,0.5157119035720825,0.40115877985954285,-0.03376450762152672,0.5381677746772766,0.32380953431129456,-0.015320002101361752,0.5465717315673828,0.3238278329372406,-0.008801610209047794,0.5551294088363647,0.2856484055519104,0.01276563573628664,0.512904703617096,0.3392854630947113,-0.022476831451058388,0.5211214423179626,0.34097376465797424,-0.007248236332088709,0.5458618402481079,0.44092410802841187,0.017433922737836838,0.5680797696113586,0.4229941666126251,0.0763796791434288,0.5259475111961365,0.41817986965179443,-0.012617923319339752,0.5216023921966553,0.42246755957603455,-0.012928624637424946,0.5373485684394836,0.44407641887664795,0.01636642776429653,0.5360682606697083,0.4450279176235199,0.014238139614462852,0.5488237738609314,0.31687381863594055,-0.006736560724675655,0.5300583839416504,0.41408103704452515,-0.011141324415802956,0.5269767045974731,0.3281039297580719,-0.02016596496105194,0.5272440910339355,0.32025590538978577,-0.023070067167282104,0.5302058458328247,0.272189736366272,-0.01905781961977482,0.553304135799408,0.2988421320915222,0.0010385530767962337,0.5293611884117126,0.2940751314163208,-0.022108003497123718,0.5552473664283752,0.3215480148792267,0.0040448568761348724,0.5597772002220154,0.3091333508491516,0.015262369997799397,0.5214736461639404,0.44962984323501587,-0.007287715096026659,0.5272440314292908,0.4478774070739746,-0.002511286176741123,0.5312244296073914,0.4465855360031128,0.0030551510863006115,0.5247368216514587,0.4197775721549988,-0.01118983794003725,0.5366929769515991,0.4445633292198181,0.01518683135509491,0.5343614220619202,0.44863903522491455,0.011885387822985649,0.5353862643241882,0.4455525577068329,0.014006354846060276,0.5235954523086548,0.41837936639785767,-0.0224355086684227,0.5293354988098145,0.4501382112503052,0.005898677743971348,0.525458037853241,0.45260149240493774,0.0021605549845844507,0.5204656720161438,0.4552525281906128,-0.0008769415435381234,0.5254029035568237,0.4770495295524597,0.01021423377096653,0.52265864610672,0.46740812063217163,0.00259536225348711,0.522152304649353,0.46286481618881226,0.0007979412912391126,0.5213488936424255,0.45873916149139404,0.0012613402213901281,0.5203847289085388,0.45535334944725037,0.001045240554958582,0.5291937589645386,0.45015597343444824,0.007370971608906984,0.5304375886917114,0.45127198100090027,0.007239177357405424,0.5316833257675171,0.4529605507850647,0.007147939410060644,0.5326527953147888,0.45514535903930664,0.008951508440077305,0.5385758280754089,0.43226370215415955,0.0032466882839798927,0.5700209736824036,0.37591907382011414,0.07657785713672638,0.5320467948913574,0.4480670392513275,0.011341250501573086,0.5332556366920471,0.44824424386024475,0.011382128112018108,0.5200074911117554,0.42645105719566345,-0.012002735398709774,0.5286229848861694,0.4188535809516907,-0.0055396705865859985,0.5207722783088684,0.4245612621307373,-0.012783204205334187,0.5308493375778198,0.3828202486038208,-0.003654468571767211,0.5423051118850708,0.38564354181289673,0.00016952607256826013,0.5303255915641785,0.4085070490837097,-0.009731385856866837,0.5455071926116943,0.27614325284957886,-0.003990547265857458,0.5437137484550476,0.2932355999946594,-0.01114577054977417,0.5392289161682129,0.3156915605068207,-0.015762683004140854,0.5380602478981018,0.46044790744781494,0.014978290535509586,0.5134362578392029,0.32684022188186646,-0.027288250625133514,0.5140313506126404,0.29770395159721375,-0.028771571815013885,0.5130886435508728,0.27247875928878784,-0.028469201177358627,0.5438207983970642,0.35238468647003174,0.0035584704019129276,0.5600598454475403,0.35745590925216675,0.016145367175340652,0.5186289548873901,0.3580549955368042,-0.0031772973015904427,0.5506814122200012,0.3370945453643799,0.004947371780872345,0.5193116664886475,0.3760165274143219,-0.011387191712856293,0.526688277721405,0.41128072142601013,-0.02281895838677883,0.5679773688316345,0.3613082766532898,0.0255793035030365,0.5574036836624146,0.36564698815345764,0.011294142343103886,0.5507036447525024,0.3721331059932709,0.005132571328431368,0.538948655128479,0.37453681230545044,0.0009663468808867037,0.5297544002532959,0.373395174741745,-0.001975598046556115,0.5230817198753357,0.3714607357978821,-0.005289892666041851,0.5106056332588196,0.3678978681564331,-0.02191794104874134,0.5697872042655945,0.3808780312538147,0.02756636217236519,0.5554688572883606,0.3347087800502777,0.007895013317465782,0.5161347985267639,0.4266813099384308,-0.028599778190255165,0.524919331073761,0.39030030369758606,-0.008710874244570732,0.5681111216545105,0.33484596014022827,0.06257426738739014,0.5179513692855835,0.3685634732246399,-0.007827882654964924,0.5304259061813354,0.40756916999816895,-0.003085219766944647,0.5472617149353027,0.34258198738098145,0.007791516371071339,0.5256500244140625,0.40419092774391174,-0.021318325772881508,0.570046603679657,0.39861971139907837,0.07820729166269302,0.5179839730262756,0.3546987771987915,-0.0023477543145418167,0.5208485126495361,0.4018363952636719,-0.02886693738400936,0.5603820085525513,0.4525067210197449,0.044245194643735886,0.5589904189109802,0.46013009548187256,0.05821090564131737,0.5728267431259155,0.37858128547668457,0.051978323608636856,0.5665715336799622,0.43782687187194824,0.05048545449972153,0.5644417405128479,0.32288360595703125,0.029329560697078705,0.5404524803161621,0.4905554950237274,0.027890250086784363,0.5152401924133301,0.42782023549079895,-0.01933984085917473,0.5310491323471069,0.3945024311542511,-0.004585182294249535,0.5629238486289978,0.34482499957084656,0.02384377270936966,0.5376455187797546,0.34997865557670593,1.9592260287026875e-05,0.532669723033905,0.35213544964790344,-0.0019813331309705973,0.5353279709815979,0.4493444561958313,0.013369105756282806,0.5703138113021851,0.3991861343383789,0.03349050506949425,0.531296968460083,0.5047547817230225,0.030579950660467148,0.545444905757904,0.486022412776947,0.04285482317209244,0.5515567660331726,0.4750513434410095,0.049632396548986435,0.5274703502655029,0.3532503843307495,-0.0029286781791597605,0.5224980115890503,0.3538883626461029,-0.002738347975537181,0.5194107890129089,0.35468000173568726,-0.002062995685264468,0.5589593648910522,0.3308691680431366,0.014380681328475475,0.5224411487579346,0.3458687961101532,-0.0050623007118701935,0.5272928476333618,0.34145331382751465,-0.005907956976443529,0.5327121615409851,0.3394809067249298,-0.005077301524579525,0.5379695892333984,0.3394685387611389,-0.002658805111423135,0.5412217974662781,0.3406839370727539,9.497885184828192e-05,0.5655532479286194,0.3147311210632324,0.047123875468969345,0.5407252907752991,0.34762540459632874,0.0022943150252103806,0.5323724746704102,0.4306042492389679,-0.002240668283775449,0.5260158777236938,0.41750550270080566,-0.015717798843979836,0.5215078592300415,0.4332621395587921,-0.009796751663088799,0.5531983375549316,0.46672365069389343,0.03982400894165039,0.5468593239784241,0.47839275002479553,0.03443785756826401,0.5316922664642334,0.5004808306694031,0.021809399127960205,0.5642398595809937,0.44377222657203674,0.06834118068218231,0.5193610787391663,0.35132908821105957,-0.0035494857002049685,0.5166829824447632,0.38236287236213684,-0.02050100453197956,0.5391857028007507,0.4964267611503601,0.03566490858793259,0.5725688338279724,0.3991459012031555,0.05505139380693436,0.5253339409828186,0.4526783525943756,0.00393437035381794,0.5266087651252747,0.4549678564071655,0.00394386425614357,0.5276755094528198,0.45804762840270996,0.003783361054956913,0.5284891128540039,0.461956650018692,0.005569878499954939,0.5328241586685181,0.4695481061935425,0.012078370898962021,0.5332555174827576,0.446692556142807,0.009551224298775196,0.5341913104057312,0.4454698860645294,0.009691623039543629,0.5349534153938293,0.444347620010376,0.009530220180749893,0.5434526205062866,0.43553614616394043,0.010032527148723602,0.5644539594650269,0.40802624821662903,0.020113201811909676,0.5147936344146729,0.37145864963531494,-0.016266340389847755,0.5136336088180542,0.3504367172718048,-0.008873817510902882,0.5168511867523193,0.3495442867279053,-0.0056677525863051414,0.5321241617202759,0.44805580377578735,0.010434365831315517,0.5652236938476562,0.42766594886779785,0.03489344194531441,0.5097503662109375,0.35330379009246826,-0.017725065350532532,0.536219596862793,0.4758400321006775,0.017331408336758614,0.5122730731964111,0.3797234892845154,-0.026617472991347313,0.5225318670272827,0.3955060541629791,-0.017403125762939453,0.5278912782669067,0.48469310998916626,0.013853948563337326,0.5470002889633179,0.45335033535957336,0.02231604792177677,0.536421537399292,0.4125007092952728,0.0004480315838009119,0.5420952439308167,0.4652822017669678,0.02044304832816124,0.5514503121376038,0.4065541625022888,0.004429547116160393,0.54350346326828,0.419245183467865,0.004468581173568964,0.5573674440383911,0.4180263876914978,0.013302781619131565,0.530574381351471,0.49354588985443115,0.016585348173975945,0.5259420275688171,0.3983098566532135,-0.011304435320198536,0.5517693758010864,0.4584132432937622,0.03023536130785942,0.5454216003417969,0.4710689187049866,0.027313169091939926,0.5513794422149658,0.44097912311553955,0.020886998623609543,0.5694780349731445,0.41453081369400024,0.03894081711769104,0.5585557818412781,0.4401036500930786,0.02779432386159897,0.5708262324333191,0.41867655515670776,0.05626552924513817,0.5491575002670288,0.4273989200592041,0.010643558576703072,0.520639181137085,0.3862260580062866,-0.014167079702019691,0.5254011154174805,0.416399747133255,-0.0239536352455616,0.5285003185272217,0.41563040018081665,-0.01595485582947731,0.5226037502288818,0.4122030436992645,-0.029520634561777115,0.517356812953949,0.34155210852622986,-0.011683342047035694,0.5268620848655701,0.33358144760131836,-0.012502577155828476,0.5356941819190979,0.3302174210548401,-0.010856769979000092,0.5429854393005371,0.32987332344055176,-0.0068658445961773396,0.5479467511177063,0.33210378885269165,-0.0018083549803122878,0.5520755052566528,0.34409433603286743,0.011075430549681187,0.5716807842254639,0.3589032292366028,0.046744849532842636,0.5498158931732178,0.3580802083015442,0.007891304790973663,0.5443824529647827,0.3629368245601654,0.0037648326251655817,0.536232590675354,0.3653673827648163,0.00046545176883228123,0.5282131433486938,0.36563706398010254,-0.0019202124094590545,0.5220935344696045,0.3648602068424225,-0.0034955188166350126,0.5179064273834229,0.3636191785335541,-0.0048806387931108475,0.5690034031867981,0.3549860417842865,0.07168937474489212,0.5282619595527649,0.41690367460250854,-0.012387028895318508,0.5183144211769104,0.39206215739250183,-0.02378813922405243,0.5217384696006775,0.4193982481956482,-0.02919093519449234,0.5188663005828857,0.4237803518772125,-0.02599894255399704,0.5216180682182312,0.42012694478034973,-0.02581760287284851,0.5269669890403748,0.4192763864994049,-0.009785003960132599,0.5179355144500732,0.42535775899887085,-0.027635488659143448,0.5170673131942749,0.4264989197254181,-0.019495561718940735,0.5163034200668335,0.3560923933982849,-0.003518815618008375,0.5142405033111572,0.3599139153957367,-0.007360188290476799,0.5135015249252319,0.3629471957683563,-0.011544720269739628,0.543110728263855,0.34176239371299744,0.0027911236975342035,0.5470370650291443,0.3379436433315277,0.0030776539351791143,0.46373680233955383,0.3617953062057495,-0.008360212668776512,0.4709055423736572,0.3602568209171295,-0.008360212668776512,0.46275392174720764,0.3521556854248047,-0.008360212668776512,0.45645996928215027,0.36327600479125977,-0.008360212668776512,0.4646834135055542,0.37137681245803833,-0.008360212668776512,0.5306404829025269,0.3458583950996399,-0.0011795873288065195,0.5373363494873047,0.34384915232658386,-0.0011795873288065195,0.5291399359703064,0.33716291189193726,-0.0011795873288065195,0.5239344239234924,0.3477916717529297,-0.0011795873288065195,0.5322170853614807,0.35460373759269714,-0.0011795873288065195
733.3333333333335,0.5200462341308594,0.450209379196167,-0.009839189238846302,0.5190289616584778,0.42518723011016846,-0.033114027231931686,0.5180848240852356,0.43050193786621094,-0.01422126591205597,0.5084282159805298,0.39386186003685,-0.03094448707997799,0.5180259943008423,0.4162428677082062,-0.03680719435214996,0.5158705115318298,0.40298959612846375,-0.036363378167152405,0.5095517039299011,0.3684902489185333,-0.02569405920803547,0.4574000835418701,0.3682394027709961,-0.006447306368499994,0.5053902864456177,0.3423547148704529,-0.025881227105855942,0.5036931037902832,0.32942628860473633,-0.03002372570335865,0.49562516808509827,0.2770732045173645,-0.0332871675491333,0.5203105211257935,0.45348453521728516,-0.008317191153764725,0.5203666090965271,0.4567648470401764,-0.005779446568340063,0.5202507972717285,0.458968847990036,-0.0018758474616333842,0.5202305912971497,0.45901966094970703,-8.879338565748185e-06,0.520841658115387,0.46298155188560486,0.0003843572339974344,0.5213384628295898,0.46752452850341797,4.112036185688339e-05,0.5216561555862427,0.47225308418273926,0.002270372351631522,0.5230187177658081,0.480496346950531,0.010167968459427357,0.5190232992172241,0.4287378787994385,-0.029055435210466385,0.5118442177772522,0.42874494194984436,-0.020560385659337044,0.4217110276222229,0.3326510787010193,0.012147197499871254,0.47846367955207825,0.37318873405456543,-0.010014088824391365,0.4719744026660919,0.37542617321014404,-0.010120595805346966,0.4651678502559662,0.3766023814678192,-0.009066827595233917,0.4547962546348572,0.37190553545951843,-0.0050416020676493645,0.48366087675094604,0.37027043104171753,-0.008861260488629341,0.46478062868118286,0.34984371066093445,-0.016670899465680122,0.4728325605392456,0.34948208928108215,-0.016003228724002838,0.45779502391815186,0.35277628898620605,-0.014809615910053253,0.4534810185432434,0.3570185899734497,-0.012178522534668446,0.4496857523918152,0.3793638050556183,-0.0011957631213590503,0.5012611150741577,0.49527567625045776,0.018254652619361877,0.454022616147995,0.3657023310661316,-0.0049260822124779224,0.4254276156425476,0.3750438690185547,0.024036884307861328,0.44035422801971436,0.3738659918308258,0.0031431016977876425,0.4803367853164673,0.41621825098991394,-0.007906289771199226,0.5117244124412537,0.4500370919704437,-0.010179541073739529,0.5127209424972534,0.45782408118247986,-0.005683760158717632,0.5037493109703064,0.4534188508987427,-0.006886949762701988,0.49807465076446533,0.45583200454711914,-0.0019718375988304615,0.505882978439331,0.4584812521934509,-0.0037916142027825117,0.5003572106361389,0.45884549617767334,0.0006063226610422134,0.490288108587265,0.46684572100639343,0.011649693362414837,0.5137010812759399,0.4260912537574768,-0.03311413526535034,0.5119273662567139,0.4175199270248413,-0.03665466606616974,0.4437096118927002,0.3530592620372772,-0.0136798694729805,0.49089673161506653,0.3901897966861725,-0.01231380645185709,0.49626585841178894,0.4223748743534088,-0.019350100308656693,0.4948349893093109,0.4167383909225464,-0.018279626965522766,0.45848265290260315,0.41766276955604553,-0.002525671385228634,0.5100977420806885,0.4050615429878235,-0.035070352256298065,0.46072274446487427,0.34222766757011414,-0.024493755772709846,0.4506322741508484,0.34633272886276245,-0.02009054459631443,0.42760971188545227,0.3160277009010315,-0.0029200357384979725,0.49210813641548157,0.34624725580215454,-0.025811780244112015,0.47991710901260376,0.352189302444458,-0.012997714802622795,0.484086811542511,0.4592045545578003,0.01021199394017458,0.4444715082645416,0.4545719027519226,0.06130995601415634,0.5014980435371399,0.426663339138031,-0.015452008694410324,0.5070713758468628,0.42836591601371765,-0.01423785649240017,0.4901590347290039,0.45860692858695984,0.010076325386762619,0.4917185306549072,0.4588870108127594,0.00870578084141016,0.4460986256599426,0.3406605124473572,-0.01875152438879013,0.49582961201667786,0.42490750551223755,-0.01492261327803135,0.4744126498699188,0.3416885435581207,-0.026585469022393227,0.4725508689880371,0.3343025743961334,-0.02970753237605095,0.4551551043987274,0.29040253162384033,-0.02835998311638832,0.43636637926101685,0.32775527238845825,-0.01229956466704607,0.463728666305542,0.31092026829719543,-0.029825640842318535,0.4385150372982025,0.34853804111480713,-0.009686847217381,0.4297534227371216,0.3410623371601105,0.00033204967621713877,0.5121650695800781,0.4542783796787262,-0.008635159581899643,0.5048086047172546,0.4560351073741913,-0.005475094076246023,0.49919381737709045,0.45731815695762634,-0.0010994250187650323,0.5029405355453491,0.42756226658821106,-0.013440431095659733,0.4909599721431732,0.45874741673469543,0.009366925805807114,0.4948982298374176,0.46155014634132385,0.007117872126400471,0.4925166666507721,0.45904630422592163,0.008619424887001514,0.5052501559257507,0.4254796504974365,-0.02506469376385212,0.5012416243553162,0.4600371718406677,0.0023359444458037615,0.5067847967147827,0.4601842164993286,-0.0003124559880234301,0.51319819688797,0.45996251702308655,-0.002019030274823308,0.5142406821250916,0.4819663166999817,0.009620304219424725,0.5135110020637512,0.47331440448760986,0.00171908107586205,0.5133265852928162,0.4684666693210602,-0.0002868689189199358,0.5132650136947632,0.46389782428741455,0.00012594250438269228,0.513260006904602,0.4600791931152344,-0.00014674874546471983,0.5012999176979065,0.4601399898529053,0.003778716316446662,0.5004664063453674,0.461895227432251,0.0037505882792174816,0.4995543658733368,0.4643569886684418,0.003576461458578706,0.4988858997821808,0.46714985370635986,0.005124800838530064,0.4907718300819397,0.4466072618961334,-0.0021215761080384254,0.4281293749809265,0.41082412004470825,0.05947970598936081,0.5186454653739929,0.42973601818084717,-0.019712552428245544,0.4970807731151581,0.4597017168998718,0.006686939857900143,0.49600347876548767,0.46051284670829773,0.0067749940790236,0.509676992893219,0.43121859431266785,-0.013232255354523659,0.49793389439582825,0.4287126064300537,-0.008443881757557392,0.5084438323974609,0.4298435151576996,-0.014028032310307026,0.48436322808265686,0.3962434232234955,-0.00971319992095232,0.4738335907459259,0.40455418825149536,-0.007884048856794834,0.4937112629413605,0.41986218094825745,-0.01391356810927391,0.438096821308136,0.301778644323349,-0.01696542464196682,0.4470406174659729,0.31734126806259155,-0.02202758379280567,0.45762690901756287,0.33509114384651184,-0.025427376851439476,0.49696168303489685,0.47350889444351196,0.010508758015930653,0.4889274835586548,0.33434271812438965,-0.030901126563549042,0.4807914197444916,0.30709370970726013,-0.03316235542297363,0.47372907400131226,0.28267228603363037,-0.03365284577012062,0.4588574171066284,0.37549057602882385,-0.007005487103015184,0.44283413887023926,0.38743361830711365,0.0028566408436745405,0.4868733584880829,0.36777442693710327,-0.008180888369679451,0.44713783264160156,0.36224865913391113,-0.0073476070538163185,0.49515411257743835,0.38406479358673096,-0.015175189822912216,0.500481367111206,0.4202544391155243,-0.02600354701280594,0.43627792596817017,0.3947967290878296,0.01065112929791212,0.44908407330513,0.39416322112083435,-0.0011641440214589238,0.45909130573272705,0.3970039188861847,-0.005517105106264353,0.47242408990859985,0.3932180404663086,-0.007229191716760397,0.4815213978290558,0.38753458857536316,-0.008302363567054272,0.4878648519515991,0.38235247135162354,-0.010165595449507236,0.5035020112991333,0.3718375265598297,-0.0236816443502903,0.4403752088546753,0.41420257091522217,0.012838490307331085,0.44132012128829956,0.36209744215011597,-0.005610326770693064,0.5157263278961182,0.42925140261650085,-0.02910199947655201,0.4933552145957947,0.40018904209136963,-0.013033436611294746,0.4202227294445038,0.37048259377479553,0.044600680470466614,0.49274253845214844,0.377142995595932,-0.01170455664396286,0.4923425614833832,0.41920050978660583,-0.007262629922479391,0.45128339529037476,0.3666798770427704,-0.0038235567044466734,0.49891597032546997,0.41320961713790894,-0.02463611029088497,0.43471646308898926,0.4325045049190521,0.061914339661598206,0.48583465814590454,0.36448177695274353,-0.007567067164927721,0.504367470741272,0.40842509269714355,-0.03123917430639267,0.46800699830055237,0.4779476523399353,0.033981431275606155,0.4683518409729004,0.48504894971847534,0.04724593833088875,0.4317897856235504,0.4141048192977905,0.03599044680595398,0.4562462866306305,0.4669957756996155,0.03817212954163551,0.42682531476020813,0.35655462741851807,0.013554495759308338,0.5011771321296692,0.5028515458106995,0.023873217403888702,0.5159751176834106,0.4299984872341156,-0.01954790949821472,0.4877929985523224,0.40725553035736084,-0.009797809645533562,0.4341053068637848,0.3756200075149536,0.00902834627777338,0.4653642177581787,0.37058836221694946,-0.009296922013163567,0.4713711738586426,0.3698664903640747,-0.010263149626553059,0.4939383864402771,0.46280282735824585,0.008239073678851128,0.44433629512786865,0.43177247047424316,0.019428841769695282,0.5135082006454468,0.5107552409172058,0.028982196003198624,0.4923205077648163,0.5021474361419678,0.03642364591360092,0.4818395972251892,0.4953433871269226,0.04104005545377731,0.49974361062049866,0.3030220568180084,-0.03269378840923309,0.5258651375770569,0.5090641975402832,0.0290986318141222,0.47668734192848206,0.3679499328136444,-0.010060213506221771,0.4815567433834076,0.3658101260662079,-0.008914345875382423,0.4846321642398834,0.36496731638908386,-0.007654903922230005,0.4354696571826935,0.3597831130027771,-0.00010725665924837813,0.47882670164108276,0.3580269515514374,-0.011475610546767712,0.4725501835346222,0.35581183433532715,-0.01329592615365982,0.4665418565273285,0.356289267539978,-0.013578317128121853,0.4607795476913452,0.35875165462493896,-0.01224892120808363,0.4573861360549927,0.3617185652256012,-0.010129249654710293,0.41938403248786926,0.3497716784477234,0.029221534729003906,0.4608546495437622,0.3697636127471924,-0.007799712475389242,0.5186071395874023,0.436430424451828,-0.011129881255328655,0.49720194935798645,0.44166848063468933,-0.006238811183720827,0.5016716122627258,0.4260106384754181,-0.01843104511499405,0.5097724199295044,0.43848365545272827,-0.0112730972468853,0.5070436596870422,0.3544502854347229,-0.023500239476561546,0.4798818528652191,0.4878600537776947,0.03178584948182106,0.4903491735458374,0.4953591227531433,0.028463097289204597,0.5132195949554443,0.5068942904472351,0.020251654088497162,0.4562579095363617,0.47223585844039917,0.055032942444086075,0.48355787992477417,0.36199748516082764,-0.0093134930357337,0.5015035271644592,0.38837477564811707,-0.023065628483891487,0.5259315967559814,0.5050430297851562,0.02060309424996376,0.5027547478675842,0.5079149007797241,0.0314241386950016,0.43743327260017395,0.43349772691726685,0.03988895192742348,0.5068715810775757,0.460324227809906,0.0014077059458941221,0.5062736868858337,0.46328872442245483,0.0014498616801574826,0.5058889389038086,0.4669935703277588,0.0012168121756985784,0.505789577960968,0.4714165925979614,0.0029506811406463385,0.5048686265945435,0.47910764813423157,0.009181862697005272,0.49576491117477417,0.4588663876056671,0.00466943671926856,0.494610071182251,0.4581269919872284,0.004324470181018114,0.4936307668685913,0.4573586583137512,0.003794656600803137,0.4859943985939026,0.4524884521961212,0.0032559058163315058,0.4553312063217163,0.4369189143180847,0.00826780404895544,0.499339759349823,0.37736833095550537,-0.019047854468226433,0.49134501814842224,0.35798656940460205,-0.012459885329008102,0.48641645908355713,0.3588254153728485,-0.010591092519462109,0.49698179960250854,0.45963457226753235,0.005759884137660265,0.45786118507385254,0.45625633001327515,0.023176947608590126,0.49847185611724854,0.3582910895347595,-0.01997322216629982,0.5026692748069763,0.48675790429115295,0.014174713753163815,0.5137670040130615,0.3914923369884491,-0.032532624900341034,0.5060590505599976,0.38360992074012756,-0.02806943841278553,0.5117777585983276,0.38061606884002686,-0.029076240956783295,0.49878180027008057,0.4036141335964203,-0.020567098632454872,0.5253206491470337,0.4979286789894104,0.015220620669424534,0.524092972278595,0.48860079050064087,0.012940673157572746,0.5136723518371582,0.49030792713165283,0.013004978187382221,0.48519179224967957,0.4716837406158447,0.015648694708943367,0.4872945249080658,0.42695778608322144,-0.004815972875803709,0.4934151768684387,0.4802808165550232,0.015532705932855606,0.4706278145313263,0.4287762939929962,-0.004037627950310707,0.4820137619972229,0.4368634819984436,-0.0021786834113299847,0.46664005517959595,0.4428536295890808,0.003724680282175541,0.5132254958152771,0.499769389629364,0.015175185166299343,0.4949837923049927,0.4081484377384186,-0.015174869447946548,0.480792760848999,0.4791012406349182,0.022574622184038162,0.49105560779571533,0.4875209331512451,0.02181387133896351,0.47803017497062683,0.4619900584220886,0.012546779587864876,0.44878721237182617,0.4459408223628998,0.02566801942884922,0.4693160057067871,0.46490609645843506,0.018082603812217712,0.44499701261520386,0.45103776454925537,0.042031675577163696,0.4779525101184845,0.44762229919433594,0.002787112956866622,0.497451514005661,0.3941131830215454,-0.01769288256764412,0.5031862258911133,0.42445895075798035,-0.026812272146344185,0.4987601637840271,0.4254588782787323,-0.019205741584300995,0.5059596300125122,0.41892313957214355,-0.03180805966258049,0.4854544401168823,0.35127824544906616,-0.01648576185107231,0.4737692177295685,0.34728968143463135,-0.019330564886331558,0.46353769302368164,0.34759947657585144,-0.019610587507486343,0.4552763104438782,0.350664883852005,-0.01733420230448246,0.44970232248306274,0.3555055260658264,-0.013449053280055523,0.44676071405410767,0.3702732026576996,-0.0013111435109749436,0.42765355110168457,0.3947215974330902,0.030221259221434593,0.4544561505317688,0.3832067549228668,-0.003434071084484458,0.4624701738357544,0.3853655755519867,-0.0061377245001494884,0.4718821048736572,0.3835512101650238,-0.0077416300773620605,0.480019748210907,0.3796566426753998,-0.008459210395812988,0.4859599769115448,0.37576115131378174,-0.008536641485989094,0.49010416865348816,0.3725191056728363,-0.009069220162928104,0.42363935708999634,0.39029139280319214,0.053935833275318146,0.4986729919910431,0.42666709423065186,-0.015554387122392654,0.5033618807792664,0.39812782406806946,-0.0262853242456913,0.5085306167602539,0.4253639876842499,-0.030934356153011322,0.5116729736328125,0.4281698167324066,-0.02692289464175701,0.5080789923667908,0.42610013484954834,-0.027617044746875763,0.5002428889274597,0.4282398223876953,-0.012408677488565445,0.5134350657463074,0.42903369665145874,-0.028338486328721046,0.5136793255805969,0.4298074543476105,-0.02002929523587227,0.4886094927787781,0.36489441990852356,-0.007913154549896717,0.493092805147171,0.36726415157318115,-0.010777793824672699,0.4961576759815216,0.36964651942253113,-0.014404953457415104,0.4554760456085205,0.3639306426048279,-0.007845909334719181,0.4509125351905823,0.36156630516052246,-0.00824784580618143,0.5189710259437561,0.39108365774154663,-0.029395435005426407,0.5466447472572327,0.3453455865383148,0.004644520115107298,0.5241501927375793,0.42535051703453064,-0.019352182745933533,0.5636759400367737,0.2980680763721466,0.0300845168530941,0.5311646461486816,0.35931655764579773,-0.002803616691380739,0.5373206734657288,0.3579615652561188,-0.0014639670262113214,0.5431996583938599,0.3559236228466034,0.0009110494866035879,0.5495021939277649,0.34781181812286377,0.006757345050573349,0.5259885191917419,0.35917726159095764,-0.0031750560738146305,0.5381270051002502,0.3334417939186096,-0.007601453922688961,0.5310803651809692,0.3362339735031128,-0.008834089152514935,0.5444372296333313,0.3330878019332886,-0.004354223608970642,0.5484058856964111,0.334926038980484,-0.0009310311288572848,0.5557929873466492,0.3525516092777252,0.01154781598597765,0.5444969534873962,0.48234686255455017,0.023297419771552086,0.5483724474906921,0.3422596752643585,0.006725099869072437,0.571833610534668,0.33843371272087097,0.041313912719488144,0.561215877532959,0.3438917100429535,0.017428550869226456,0.5447607040405273,0.39943355321884155,-0.0006387148168869317,0.5271803140640259,0.4460195302963257,-0.008370533585548401,0.5269266963005066,0.45405706763267517,-0.003993049263954163,0.5334354639053345,0.4454326629638672,-0.0031111727003008127,0.5373207330703735,0.44531410932540894,0.0032066430430859327,0.5319615602493286,0.45154353976249695,-0.0005286037339828908,0.5355897545814514,0.44951653480529785,0.004996675066649914,0.5465685725212097,0.45136791467666626,0.018256373703479767,0.5238519906997681,0.42327988147735596,-0.032133277505636215,0.5237218141555786,0.41434812545776367,-0.03549732640385628,0.556740403175354,0.3269909620285034,-0.0002151696098735556,0.5286893248558044,0.3804030418395996,-0.007493923883885145,0.5351324081420898,0.41214871406555176,-0.014922085218131542,0.5343531966209412,0.4063953757286072,-0.013717038556933403,0.5625923275947571,0.39058661460876465,0.009547029621899128,0.5213642120361328,0.4020437002182007,-0.03359164670109749,0.5430048108100891,0.32407045364379883,-0.01510238740593195,0.5511224865913391,0.3237975835800171,-0.008377088233828545,0.5576047897338867,0.28467845916748047,0.013187235221266747,0.5178214907646179,0.3400096297264099,-0.022684993222355843,0.5252724885940552,0.34138405323028564,-0.0072247618809342384,0.5503067970275879,0.4413515031337738,0.018275488168001175,0.5713377594947815,0.4208850860595703,0.07800565659999847,0.5313345789909363,0.418795645236969,-0.01216125674545765,0.527135968208313,0.42318183183670044,-0.012564470991492271,0.542376697063446,0.4448947310447693,0.01701992191374302,0.5411252975463867,0.4459036588668823,0.014808262698352337,0.5533164739608765,0.3166455924510956,-0.0063035134226083755,0.5352628827095032,0.4146236181259155,-0.01059791725128889,0.5319645404815674,0.3285621404647827,-0.020166223868727684,0.5323428511619568,0.3206833600997925,-0.023101532831788063,0.5333779454231262,0.27185988426208496,-0.019274607300758362,0.5563098192214966,0.2980957627296448,0.0014480884419754148,0.5329849123954773,0.2939998507499695,-0.022257620468735695,0.5591561198234558,0.32086625695228577,0.00468498095870018,0.5626141428947449,0.3081362247467041,0.015875445678830147,0.5272908210754395,0.4503421187400818,-0.006829032674431801,0.5327995419502258,0.4486047029495239,-0.0019582652021199465,0.5365539193153381,0.44736069440841675,0.003617385635152459,0.5301427841186523,0.4204210638999939,-0.01077541895210743,0.5417371392250061,0.445410817861557,0.015784956514835358,0.5396119356155396,0.4496021568775177,0.012494885362684727,0.5404602289199829,0.4464513063430786,0.01456995215266943,0.529215931892395,0.4190236032009125,-0.022013908252120018,0.5346700549125671,0.4512439966201782,0.006487584672868252,0.5310347676277161,0.453765869140625,0.002769979415461421,0.526298463344574,0.4564749598503113,-0.00029373253346420825,0.5310229659080505,0.4772467613220215,0.011267950758337975,0.5287691950798035,0.4690035581588745,0.0034811433870345354,0.5281980633735657,0.4642905294895172,0.0015865336172282696,0.5273048877716064,0.4600170850753784,0.0019492310239002109,0.5262145400047302,0.45654457807540894,0.001601825701072812,0.534562349319458,0.451241135597229,0.00793183408677578,0.5358606576919556,0.4523555040359497,0.007886817678809166,0.5371719598770142,0.4540593922138214,0.007851612754166126,0.5381985902786255,0.45627158880233765,0.009695257991552353,0.5433764457702637,0.43274205923080444,0.0038620945997536182,0.5726919174194336,0.37399739027023315,0.07791924476623535,0.5372325778007507,0.44909337162971497,0.011880328878760338,0.5384812951087952,0.44923847913742065,0.011965715326368809,0.5255872011184692,0.42720359563827515,-0.011584035120904446,0.5338484048843384,0.4194461703300476,-0.005035699810832739,0.526336669921875,0.4253009557723999,-0.012402932159602642,0.5354740619659424,0.3830335736274719,-0.0032851137220859528,0.5468478798866272,0.38563409447669983,0.0007696249522268772,0.5354118347167969,0.4090211093425751,-0.00920860469341278,0.5483083724975586,0.27546367049217224,-0.0038597211241722107,0.5469947457313538,0.29279112815856934,-0.010991872288286686,0.5441163778305054,0.3158416152000427,-0.015563683584332466,0.5429778099060059,0.4605939984321594,0.01586507260799408,0.5185214281082153,0.32753339409828186,-0.027559710666537285,0.517837405204773,0.29800909757614136,-0.029215948656201363,0.51645827293396,0.27254214882850647,-0.029051294550299644,0.5475118160247803,0.35235849022865295,0.004134035669267178,0.5631541609764099,0.3568229675292969,0.01698973961174488,0.5226583480834961,0.3584161698818207,-0.0031142618972808123,0.55445396900177,0.33651429414749146,0.00555782113224268,0.524078369140625,0.3765296936035156,-0.011299236677587032,0.5322028994560242,0.4118567407131195,-0.022381523624062538,0.5716572999954224,0.3601967394351959,0.02660522051155567,0.560761034488678,0.36557140946388245,0.01212078146636486,0.554287850856781,0.37257957458496094,0.005823956336826086,0.5427005887031555,0.37526825070381165,0.0014461867976933718,0.5336073637008667,0.374198853969574,-0.001681994297541678,0.527123749256134,0.37235623598098755,-0.005157770123332739,0.5154565572738647,0.3687319755554199,-0.02205604501068592,0.5737293362617493,0.37981027364730835,0.028724461793899536,0.5590578317642212,0.3338957130908966,0.008575777523219585,0.5220522880554199,0.4274393320083618,-0.028310399502515793,0.5297864675521851,0.390764445066452,-0.008418915793299675,0.5703185200691223,0.33329612016677856,0.06363682448863983,0.5222034454345703,0.36959758400917053,-0.007806694600731134,0.5353859663009644,0.4080609083175659,-0.0025929356925189495,0.5509809255599976,0.3420241177082062,0.008401173166930676,0.5310043096542358,0.40477892756462097,-0.020930835977196693,0.5730003118515015,0.3965241014957428,0.07969474792480469,0.5220642685890198,0.3549310564994812,-0.0022951432038098574,0.5263718962669373,0.4025481641292572,-0.02858147770166397,0.5646253824234009,0.4510841369628906,0.045664772391319275,0.5630946755409241,0.458290159702301,0.05982956290245056,0.5762342214584351,0.37696605920791626,0.0532587468624115,0.5705311298370361,0.4362255036830902,0.051977720111608505,0.567238986492157,0.32171201705932617,0.030117077752947807,0.5456567406654358,0.4892348647117615,0.02936122938990593,0.5211061835289001,0.42859145998954773,-0.019049111753702164,0.5358313322067261,0.394825279712677,-0.004142981953918934,0.5657178163528442,0.34349381923675537,0.02471899800002575,0.5415071845054626,0.3502350151538849,0.0004770421364810318,0.5364891886711121,0.3524644076824188,-0.0016103270463645458,0.5405957102775574,0.45029255747795105,0.014015475288033485,0.5742791891098022,0.3979846239089966,0.034759990870952606,0.5367733240127563,0.5034579634666443,0.03220530226826668,0.5502241849899292,0.48430660367012024,0.044492367655038834,0.556007981300354,0.4732736051082611,0.05123474821448326,0.5312925577163696,0.35356736183166504,-0.0026680792216211557,0.5263983607292175,0.3541504740715027,-0.002576301572844386,0.523420512676239,0.354898065328598,-0.001969075994566083,0.5622396469116211,0.3297342360019684,0.015137439593672752,0.5263943076133728,0.3463006913661957,-0.0049414667300879955,0.5312308073043823,0.34191828966140747,-0.005692833103239536,0.5366631746292114,0.33986973762512207,-0.004751904867589474,0.5419008135795593,0.3396702706813812,-0.002229752019047737,0.5451270937919617,0.34068194031715393,0.0005917911767028272,0.5677942037582397,0.31335511803627014,0.047993600368499756,0.5446144938468933,0.3477255403995514,0.002813824452459812,0.5374943017959595,0.4311659038066864,-0.0016447481466457248,0.5314557552337646,0.4181078374385834,-0.015296908095479012,0.5270765423774719,0.4340042173862457,-0.009332885965704918,0.5577378273010254,0.4653230607509613,0.04121378809213638,0.551694929599762,0.47698554396629333,0.03586987033486366,0.5373166799545288,0.4994669258594513,0.02322136051952839,0.5679508447647095,0.4418029487133026,0.0699959471821785,0.5233964920043945,0.3516429662704468,-0.0034740446135401726,0.5217395424842834,0.38308435678482056,-0.020456045866012573,0.5443137884140015,0.4948599934577942,0.037346236407756805,0.5761602520942688,0.3973994851112366,0.056445587426424026,0.5309256315231323,0.4538120925426483,0.004513469059020281,0.5322943925857544,0.4561455547809601,0.004635369870811701,0.5334513187408447,0.4592936635017395,0.004551058169454336,0.5343404412269592,0.4633243978023529,0.006393995136022568,0.5380685329437256,0.4696561396121979,0.013065328821539879,0.5384163856506348,0.44764387607574463,0.010102211497724056,0.5393589735031128,0.44630664587020874,0.010268502868711948,0.5401238799095154,0.4450702667236328,0.01014012098312378,0.547978401184082,0.4360124468803406,0.010730122216045856,0.568661630153656,0.40725579857826233,0.021262051537632942,0.5196059942245483,0.3721370995044708,-0.016301210969686508,0.5179578065872192,0.3510453701019287,-0.009028310887515545,0.521003782749176,0.3499508202075958,-0.0057004289701581,0.5373020172119141,0.44908955693244934,0.011008194647729397,0.5692926645278931,0.4265652000904083,0.036213990300893784,0.5143967270851135,0.35429951548576355,-0.017934279516339302,0.541462779045105,0.475411057472229,0.01850355975329876,0.517408549785614,0.38060271739959717,-0.026690270751714706,0.5276949405670166,0.39610186219215393,-0.017157375812530518,0.5335210561752319,0.48444533348083496,0.0150624243542552,0.5517280101776123,0.45311808586120605,0.02331155724823475,0.5413119196891785,0.41280052065849304,0.0010534882312640548,0.5470543503761292,0.4648681879043579,0.021527636796236038,0.5560188293457031,0.4063825011253357,0.005298150237649679,0.5482353568077087,0.419388085603714,0.005174434743821621,0.5617645382881165,0.41763755679130554,0.014329575933516026,0.5362244248390198,0.4928619861602783,0.017916645854711533,0.5309526920318604,0.3988358974456787,-0.010944721288979053,0.5564238429069519,0.4575572907924652,0.031454652547836304,0.5503465533256531,0.470115065574646,0.028593573719263077,0.5559172630310059,0.4408729672431946,0.02191239409148693,0.5734106302261353,0.4132120609283447,0.04029342159628868,0.562936544418335,0.43936407566070557,0.02898675948381424,0.5745629668235779,0.41690298914909363,0.05776285007596016,0.5536423921585083,0.42754608392715454,0.011486935429275036,0.5256111025810242,0.38680359721183777,-0.014000768773257732,0.5309995412826538,0.4170006811618805,-0.0235209371894598,0.5338742136955261,0.41618111729621887,-0.01546343881636858,0.5283139944076538,0.41287973523139954,-0.029170626774430275,0.5218179225921631,0.34202471375465393,-0.01178869791328907,0.5313841104507446,0.33385586738586426,-0.01245848648250103,0.5402178764343262,0.3303245007991791,-0.010616449639201164,0.54737788438797,0.3298063576221466,-0.006462329067289829,0.5520614981651306,0.33180493116378784,-0.0012948333751410246,0.5555342435836792,0.34332236647605896,0.011743866838514805,0.5747970938682556,0.3573998510837555,0.047904450446367264,0.553348958492279,0.3579694330692291,0.008559292182326317,0.5480381846427917,0.3631957173347473,0.004316490609198809,0.5399494171142578,0.36581286787986755,0.0008761399076320231,0.5320215225219727,0.36614692211151123,-0.0016607646830379963,0.5260579586029053,0.36542195081710815,-0.0033940928988158703,0.5220173597335815,0.3642915189266205,-0.004862099885940552,0.5713675022125244,0.3532787263393402,0.07289598137140274,0.5335716009140015,0.4174816310405731,-0.011891347356140614,0.5236087441444397,0.3927905559539795,-0.02362726628780365,0.5275329947471619,0.4200776219367981,-0.02884037233889103,0.5246821045875549,0.42448365688323975,-0.025690307840704918,0.5273516774177551,0.42079657316207886,-0.025462202727794647,0.5322831869125366,0.41989046335220337,-0.009318442083895206,0.5238068699836731,0.426078200340271,-0.027331145480275154,0.522890031337738,0.4272421598434448,-0.019190017133951187,0.520422637462616,0.3564819097518921,-0.003529120236635208,0.5184941291809082,0.36065131425857544,-0.00744920689612627,0.5179264545440674,0.364024817943573,-0.011646819300949574,0.5469958782196045,0.34158840775489807,0.003328160848468542,0.5508938431739807,0.33747249841690063,0.0036446074955165386,0.4671821892261505,0.36361706256866455,-0.009426070377230644,0.47436124086380005,0.361916184425354,-0.009426070377230644,0.465984582901001,0.35384535789489746,-0.009426070377230644,0.4598758816719055,0.36528530716896057,-0.009426070377230644,0.4683547019958496,0.3733266592025757,-0.009426070377230644,0.5353179574012756,0.3464333117008209,-0.000851780641824007,0.5420876741409302,0.3442043960094452,-0.000851780641824007,0.5337703227996826,0.337971955537796,-0.000851780641824007,0.5285372734069824,0.3485962450504303,-0.000851780641824007,0.5369464755058289,0.35493507981300354,-0.000851780641824007
766.6666666666669,0.5284639000892639,0.45151394605636597,-0.009383459575474262,0.52663254737854,0.4276072680950165,-0.03255651891231537,0.5251244902610779,0.43278542160987854,-0.013665417209267616,0.5156248211860657,0.3963015675544739,-0.030905166640877724,0.5256723165512085,0.41877081990242004,-0.03631968051195145,0.5233166813850403,0.4055098593235016,-0.03600320592522621,0.516221284866333,0.3706241250038147,-0.025798140093684196,0.46401694416999817,0.3710643947124481,-0.00791714433580637,0.5117198824882507,0.34426602721214294,-0.026217088103294373,0.510010838508606,0.33138182759284973,-0.03047086112201214,0.5013514161109924,0.27836883068084717,-0.03393063321709633,0.5285466313362122,0.4547109603881836,-0.007818729616701603,0.5283211469650269,0.45788076519966125,-0.005222877487540245,0.5278893709182739,0.4600104093551636,-0.001251639099791646,0.5277756452560425,0.4600470960140228,7.974676555022597e-05,0.5283976793289185,0.4641260504722595,0.0005629115621559322,0.528782308101654,0.4687894582748413,0.0003185804816894233,0.5287992358207703,0.4735581576824188,0.0026069984305649996,0.5294004678726196,0.4813511371612549,0.01070133876055479,0.5264668464660645,0.4310688376426697,-0.028479959815740585,0.5191346406936646,0.4312383830547333,-0.02013782039284706,0.4262438416481018,0.3338331878185272,0.009312028996646404,0.48473265767097473,0.3759290874004364,-0.010960789397358894,0.47846582531929016,0.37810853123664856,-0.011223841458559036,0.4717743694782257,0.3792561888694763,-0.010334554128348827,0.4611429274082184,0.3745743930339813,-0.006599221844226122,0.48977145552635193,0.3730764389038086,-0.009681681171059608,0.47178736329078674,0.3520452082157135,-0.017897209152579308,0.47952431440353394,0.3517899513244629,-0.017071517184376717,0.4648877680301666,0.35495540499687195,-0.016208704560995102,0.4604448676109314,0.35926491022109985,-0.013696836307644844,0.45586279034614563,0.382027804851532,-0.0028641498647630215,0.507523775100708,0.49655774235725403,0.018235597759485245,0.46049952507019043,0.36844876408576965,-0.006512924563139677,0.42990195751190186,0.37669649720191956,0.021540086716413498,0.4461480975151062,0.3765093684196472,0.0011689811944961548,0.48702266812324524,0.4186200797557831,-0.008471217006444931,0.5201321244239807,0.45146942138671875,-0.009931300766766071,0.5205720067024231,0.45901238918304443,-0.005353556014597416,0.5114707946777344,0.4548986554145813,-0.006926004309207201,0.505088210105896,0.4573437571525574,-0.0023831056896597147,0.5132633447647095,0.4597950577735901,-0.003764256602153182,0.5071753859519958,0.4602368474006653,0.0003213012532796711,0.49685603380203247,0.4691842198371887,0.01087807584553957,0.5213547945022583,0.42860445380210876,-0.032662272453308105,0.5195852518081665,0.4201197922229767,-0.03628954663872719,0.45069387555122375,0.35490989685058594,-0.015644557774066925,0.49733009934425354,0.39219069480895996,-0.012830636464059353,0.5035872459411621,0.42500659823417664,-0.019344352185726166,0.5020129680633545,0.4192890524864197,-0.01834740862250328,0.4648350477218628,0.42025214433670044,-0.0037775251548737288,0.517552375793457,0.4076191782951355,-0.03486677259206772,0.468462735414505,0.34373998641967773,-0.026000292971730232,0.45819056034088135,0.3478982448577881,-0.021879715844988823,0.43268021941185,0.31733500957489014,-0.005548735149204731,0.4987802505493164,0.3483017683029175,-0.026493895798921585,0.4862392544746399,0.354654997587204,-0.013915843330323696,0.49071311950683594,0.4619493782520294,0.009258040226995945,0.44811806082725525,0.4561713635921478,0.05934375524520874,0.5088212490081787,0.42926278710365295,-0.015304725617170334,0.5143095254898071,0.43083465099334717,-0.01389734074473381,0.49599790573120117,0.4602070748806,0.00914760585874319,0.4976569414138794,0.46044883131980896,0.007852032780647278,0.4534127116203308,0.34221696853637695,-0.020714906975626945,0.5030624866485596,0.42748090624809265,-0.014902637340128422,0.4818989336490631,0.3434542417526245,-0.0277077779173851,0.48024341464042664,0.33611786365509033,-0.030894681811332703,0.4609881639480591,0.291880339384079,-0.030058586969971657,0.4422123432159424,0.3296451270580292,-0.014610492624342442,0.47008591890335083,0.3128848373889923,-0.03135034069418907,0.4449526071548462,0.3505241572856903,-0.011833489872515202,0.43508824706077576,0.3427921235561371,-0.0021495718974620104,0.5203148126602173,0.455581396818161,-0.008363027125597,0.5123776793479919,0.45745179057121277,-0.005504883360117674,0.5061284899711609,0.45879191160202026,-0.0014492204645648599,0.5102148056030273,0.43011173605918884,-0.013250107876956463,0.496858686208725,0.46033310890197754,0.008482510223984718,0.5010371804237366,0.46305668354034424,0.006347100716084242,0.4984952509403229,0.46058058738708496,0.007778098341077566,0.5127054452896118,0.4281439483165741,-0.02487119846045971,0.5079176425933838,0.4613341987133026,0.00212883111089468,0.5139667391777039,0.46138715744018555,-0.0002149691863451153,0.5207545161247253,0.4610770046710968,-0.0016387512441724539,0.5208248496055603,0.4829852879047394,0.009918365627527237,0.5206201076507568,0.4747626781463623,0.0018172479467466474,0.5206949710845947,0.4698725938796997,-0.00027416751254349947,0.5207468271255493,0.46515026688575745,3.714501508511603e-05,0.5207310318946838,0.4612191617488861,-0.0002990317880176008,0.5079147219657898,0.46149471402168274,0.003178935032337904,0.507094144821167,0.46332117915153503,0.003210178343579173,0.5061133503913879,0.465852290391922,0.0030708531849086285,0.5053223967552185,0.4686676859855652,0.004599087405949831,0.49776703119277954,0.44921875,-0.002644713968038559,0.43150854110717773,0.41213321685791016,0.056842152029275894,0.5259199142456055,0.4320361614227295,-0.019143301993608475,0.5032670497894287,0.46112096309661865,0.0058897328563034534,0.5021997690200806,0.46199142932891846,0.006015674211084843,0.516880989074707,0.4336235821247101,-0.012866535224020481,0.5050368309020996,0.4312436878681183,-0.00834822840988636,0.515661895275116,0.43227827548980713,-0.01366959698498249,0.4908585846424103,0.39828482270240784,-0.010361886583268642,0.4803680181503296,0.40684014558792114,-0.008771236054599285,0.5008278489112854,0.4223657250404358,-0.013993291184306145,0.4436250329017639,0.3032076358795166,-0.019204245880246162,0.45326441526412964,0.31935739517211914,-0.023992236703634262,0.4653744399547577,0.33668678998947144,-0.027061033993959427,0.5035680532455444,0.4754300117492676,0.009992018342018127,0.4959990680217743,0.33652299642562866,-0.03171718865633011,0.48708751797676086,0.30891644954681396,-0.03425198793411255,0.47960224747657776,0.28409671783447266,-0.03477489948272705,0.4653403162956238,0.37817105650901794,-0.008434237912297249,0.4487534463405609,0.39012131094932556,0.0010454606963321567,0.49293774366378784,0.37063711881637573,-0.008936910890042782,0.4537684917449951,0.3646374046802521,-0.00918598659336567,0.5015989542007446,0.386099249124527,-0.015626417472958565,0.5079042315483093,0.4229187071323395,-0.025906044989824295,0.4414673149585724,0.39692795276641846,0.008610952645540237,0.45551592111587524,0.39668476581573486,-0.002769353101029992,0.4658993184566498,0.39927932620048523,-0.006844125688076019,0.4791129529476166,0.3953423500061035,-0.008249147795140743,0.4879094958305359,0.3897011876106262,-0.009095964953303337,0.49406036734580994,0.3846081495285034,-0.010803092271089554,0.5101543664932251,0.3739708364009857,-0.02395893633365631,0.44575420022010803,0.41656309366226196,0.010982357896864414,0.4476512372493744,0.3645007908344269,-0.007627730257809162,0.5231960415840149,0.4316633343696594,-0.028608042746782303,0.5000436902046204,0.4023871123790741,-0.013363758102059364,0.4238874912261963,0.3716391921043396,0.04166259616613388,0.49888673424720764,0.3795052766799927,-0.012257234193384647,0.49929487705230713,0.42162877321243286,-0.007413321640342474,0.4576560854911804,0.36926165223121643,-0.005516990553587675,0.5061618089675903,0.41577422618865967,-0.024613307788968086,0.43815210461616516,0.433965802192688,0.059576429426670074,0.4918563961982727,0.36751100420951843,-0.008387310430407524,0.5117143392562866,0.4109804630279541,-0.03113739937543869,0.47321048378944397,0.4801035225391388,0.032931745052337646,0.47293901443481445,0.4868396520614624,0.04602772742509842,0.43608343601226807,0.4160270392894745,0.03385958820581436,0.46101289987564087,0.46917834877967834,0.03686799108982086,0.43165940046310425,0.3581942319869995,0.011016381904482841,0.5072950124740601,0.5038505792617798,0.023945488035678864,0.52326899766922,0.43234747648239136,-0.019034525379538536,0.49448737502098083,0.40950098633766174,-0.01019077468663454,0.4391910433769226,0.37833690643310547,0.006845796015113592,0.4721387028694153,0.37345248460769653,-0.010557761415839195,0.4780394434928894,0.37276560068130493,-0.011379687115550041,0.49997395277023315,0.4643140435218811,0.007444583345204592,0.4497010409832001,0.43412908911705017,0.01779658906161785,0.5195661783218384,0.5111725926399231,0.02929060533642769,0.49792158603668213,0.5031263828277588,0.03594278171658516,0.4870126247406006,0.4967400133609772,0.040191929787397385,0.505815863609314,0.30470409989356995,-0.03334885835647583,0.5318320989608765,0.5092494487762451,0.029802970588207245,0.48311710357666016,0.3709235191345215,-0.011054059490561485,0.48778238892555237,0.36881735920906067,-0.009820428676903248,0.49072256684303284,0.36797353625297546,-0.008518588729202747,0.4410843253135681,0.36228877305984497,-0.0023174032103270292,0.48502853512763977,0.3607960641384125,-0.012413529679179192,0.4789508879184723,0.3583984375,-0.014329744502902031,0.4731740355491638,0.35883837938308716,-0.014742077328264713,0.4675162136554718,0.3613063097000122,-0.013566769659519196,0.4640932083129883,0.3643006384372711,-0.011542055755853653,0.42344391345977783,0.3509182035923004,0.026273509487509727,0.4675874412059784,0.37262827157974243,-0.009184817783534527,0.5255317687988281,0.438740611076355,-0.010610306635499,0.5042975544929504,0.4441949725151062,-0.006401868537068367,0.50906902551651,0.42865195870399475,-0.018281862139701843,0.5169010162353516,0.44091400504112244,-0.010995862074196339,0.5134110450744629,0.3563539981842041,-0.023715440183877945,0.48543933033943176,0.48965466022491455,0.03106846660375595,0.4961392879486084,0.4967960715293884,0.028148384764790535,0.5194605588912964,0.5076256394386292,0.020719360560178757,0.46029549837112427,0.4740210175514221,0.05346999317407608,0.4896690249443054,0.3649991750717163,-0.010198390111327171,0.508356511592865,0.3906576633453369,-0.02328038401901722,0.5321025848388672,0.5055199861526489,0.02142869494855404,0.5086920857429504,0.5085486173629761,0.03131647780537605,0.4417002201080322,0.4354913532733917,0.03803948685526848,0.5139859914779663,0.4615854322910309,0.0010258613619953394,0.5133969187736511,0.46465522050857544,0.0011083458084613085,0.5129164457321167,0.46847084164619446,0.0009238490019924939,0.5126371383666992,0.47294074296951294,0.00267617404460907,0.5115332007408142,0.4805273711681366,0.009006785228848457,0.5020383596420288,0.4603276252746582,0.004057992249727249,0.5009074211120605,0.4596335291862488,0.0036228231620043516,0.4999234974384308,0.45888179540634155,0.003048286074772477,0.4928566515445709,0.4551987946033478,0.002394137205556035,0.461375892162323,0.4394690990447998,0.006988071370869875,0.5058820247650146,0.3794603943824768,-0.01941470056772232,0.4972812235355377,0.3606245815753937,-0.01309351995587349,0.49240565299987793,0.36155638098716736,-0.011408580467104912,0.5032061338424683,0.4610229432582855,0.0052205235697329044,0.46341845393180847,0.4586624205112457,0.02189498022198677,0.5045997500419617,0.3607213795185089,-0.02039855532348156,0.5090503096580505,0.48823779821395874,0.014121615327894688,0.5209594368934631,0.39391109347343445,-0.03233525902032852,0.5130033493041992,0.3859219551086426,-0.028191721066832542,0.5187221765518188,0.38290539383888245,-0.029054613783955574,0.505752682685852,0.406001478433609,-0.020671792328357697,0.531626284122467,0.49866586923599243,0.01591985486447811,0.5304415822029114,0.4894696772098541,0.013582352548837662,0.5201113224029541,0.4913889169692993,0.013371092267334461,0.4914049506187439,0.47404199838638306,0.014833223074674606,0.4941043555736542,0.4294305741786957,-0.005148367490619421,0.49967852234840393,0.48221203684806824,0.015082056634128094,0.4772794842720032,0.43137335777282715,-0.004850303288549185,0.4887661933898926,0.439444363117218,-0.00279563688673079,0.4730648100376129,0.4455071687698364,0.0027174369897693396,0.5196077227592468,0.5007404088973999,0.015540756285190582,0.5018965601921082,0.4104992151260376,-0.015340087935328484,0.4867151081562042,0.4812619686126709,0.021756017580628395,0.49709028005599976,0.4892716407775879,0.02142871730029583,0.4843209683895111,0.46467310190200806,0.011525304988026619,0.4540531039237976,0.4482465982437134,0.024190036579966545,0.47521156072616577,0.4674329161643982,0.01696990616619587,0.44935929775238037,0.4530985951423645,0.04043122008442879,0.4845881760120392,0.45036426186561584,0.0019102208316326141,0.504185140132904,0.39634862542152405,-0.017973190173506737,0.510678768157959,0.4271540939807892,-0.02665284276008606,0.5061434507369995,0.4281062185764313,-0.01910032518208027,0.5135219693183899,0.4215807616710663,-0.0316055603325367,0.49181175231933594,0.3536391258239746,-0.017323534935712814,0.48080554604530334,0.34943991899490356,-0.020467232912778854,0.4709799587726593,0.3495684266090393,-0.020985711365938187,0.4627527892589569,0.3526139259338379,-0.018925048410892487,0.45686131715774536,0.3575824797153473,-0.015221544541418552,0.4528975188732147,0.3728634715080261,-0.0031213304027915,0.4320131540298462,0.39651477336883545,0.027858784422278404,0.4608829617500305,0.385783851146698,-0.004950988572090864,0.46907034516334534,0.38783618807792664,-0.007459545042365789,0.47838112711906433,0.3859589993953705,-0.008828106336295605,0.48625773191452026,0.3821179270744324,-0.009326985105872154,0.4919842779636383,0.3782816529273987,-0.009259977377951145,0.4960276484489441,0.37511202692985535,-0.009692384861409664,0.42713892459869385,0.39146047830581665,0.051087114959955215,0.505972683429718,0.4292682409286499,-0.015447978861629963,0.5104628801345825,0.4005449116230011,-0.026343267410993576,0.516122579574585,0.42801183462142944,-0.03062528744339943,0.5190554857254028,0.4307180941104889,-0.026499370113015175,0.5155556201934814,0.4287525713443756,-0.027321523055434227,0.5074506402015686,0.43078160285949707,-0.01224824320524931,0.5208858251571655,0.43151888251304626,-0.02787472866475582,0.5209803581237793,0.43224161863327026,-0.01955902762711048,0.49460384249687195,0.36777642369270325,-0.008616547100245953,0.49895069003105164,0.36990079283714294,-0.011329298838973045,0.5022530555725098,0.37211471796035767,-0.014865339733660221,0.46209755539894104,0.3665647804737091,-0.009348132647573948,0.4576147496700287,0.3639723062515259,-0.00987210776656866,0.5260308980941772,0.3934006094932556,-0.029042530804872513,0.5527831315994263,0.34613993763923645,0.005505281966179609,0.5312482118606567,0.42762431502342224,-0.018692493438720703,0.5668057799339294,0.2979271411895752,0.03103872761130333,0.5365093350410461,0.3612173795700073,-0.002258318942040205,0.542985737323761,0.35973280668258667,-0.0007713206578046083,0.5489850044250488,0.3574140965938568,0.0017197737470269203,0.5550838708877563,0.348604291677475,0.007665765937417746,0.5311558842658997,0.3610140085220337,-0.002821156056597829,0.5442138314247131,0.3333471715450287,-0.00696970010176301,0.5367024540901184,0.33654701709747314,-0.008438636548817158,0.5507577657699585,0.3329310119152069,-0.0036042630672454834,0.5546853542327881,0.33490437269210815,-0.00012250161671545357,0.5608178377151489,0.3534940481185913,0.012545702047646046,0.550072968006134,0.4828507900238037,0.024451665580272675,0.554305911064148,0.3426235318183899,0.007573225069791079,0.5752530097961426,0.33822253346443176,0.04251734912395477,0.5655094981193542,0.34462907910346985,0.018458321690559387,0.5505037307739258,0.4010903537273407,0.00034702508128248155,0.535114586353302,0.4474702477455139,-0.00771369319409132,0.5342249274253845,0.45529425144195557,-0.0032835868187248707,0.5403347611427307,0.44679200649261475,-0.0023125421721488237,0.5434396862983704,0.44674748182296753,0.003979793284088373,0.538515031337738,0.4529217481613159,0.0002477758680470288,0.5415093898773193,0.4510541558265686,0.005726305767893791,0.5515649914741516,0.45318809151649475,0.019062628969550133,0.5312941670417786,0.4256483018398285,-0.03148559108376503,0.5312101244926453,0.41681841015815735,-0.03488940745592117,0.562640905380249,0.32711416482925415,0.0006223082891665399,0.5346665978431702,0.3819441497325897,-0.00704640569165349,0.5415074229240417,0.41439199447631836,-0.01401184406131506,0.5406216979026794,0.40859255194664,-0.012847301550209522,0.5677705407142639,0.3918343782424927,0.010881398804485798,0.5286738276481628,0.40448254346847534,-0.03307821974158287,0.5500524640083313,0.32394886016845703,-0.01466376706957817,0.5577540993690491,0.3237241804599762,-0.007724421098828316,0.561032235622406,0.2849418818950653,0.013968510553240776,0.5245950222015381,0.33988359570503235,-0.022731129080057144,0.5305761098861694,0.342216432094574,-0.0069678653962910175,0.5551838874816895,0.4434782862663269,0.019227562472224236,0.5743842124938965,0.42001357674598694,0.07960699498653412,0.537804901599884,0.4210864007472992,-0.011348000727593899,0.5338162183761597,0.4254847466945648,-0.011892173439264297,0.5473164319992065,0.4469098746776581,0.017743729054927826,0.5461164712905884,0.44790956377983093,0.015414595603942871,0.5597179532051086,0.3168282210826874,-0.005671135615557432,0.5414415597915649,0.4168730080127716,-0.009684278629720211,0.5391572117805481,0.3282928764820099,-0.01996804215013981,0.5397185683250427,0.32069480419158936,-0.022930650040507317,0.5381612777709961,0.27277451753616333,-0.01901259459555149,0.5603510141372681,0.29893529415130615,0.0020236473064869642,0.5382419228553772,0.29541322588920593,-0.02221066690981388,0.5646284818649292,0.32121002674102783,0.005541661288589239,0.5663555264472961,0.30853796005249023,0.01668381690979004,0.5349154472351074,0.451692134141922,-0.006154350936412811,0.5395321846008301,0.45000821352005005,-0.0011889281449839473,0.5425828099250793,0.44887226819992065,0.004362598527222872,0.5366154909133911,0.42271289229393005,-0.010038281790912151,0.5466989278793335,0.44742703437805176,0.016434213146567345,0.5449087023735046,0.4513547122478485,0.013007765635848045,0.5454574227333069,0.4484518766403198,0.015148408710956573,0.5361151695251465,0.42134979367256165,-0.02120494470000267,0.540467381477356,0.4528402090072632,0.007246583234518766,0.5374204516410828,0.455156147480011,0.0035795066505670547,0.5333191752433777,0.45768189430236816,0.0004810875980183482,0.5370039343833923,0.4781091809272766,0.011962652206420898,0.5354228019714355,0.4702700972557068,0.003991542384028435,0.5351314544677734,0.46555477380752563,0.0020321677438914776,0.5343215465545654,0.46119776368141174,0.0022835477720946074,0.5331669449806213,0.45769816637039185,0.0018501626327633858,0.5403535962104797,0.45276308059692383,0.008303146809339523,0.5416537523269653,0.4538831114768982,0.008319203741848469,0.5428956747055054,0.4555898904800415,0.008353370241820812,0.5438054203987122,0.4577888548374176,0.01026449166238308,0.548882782459259,0.43491554260253906,0.004691475536674261,0.5754604339599609,0.3731180727481842,0.07925007492303848,0.5426348447799683,0.4508020281791687,0.012333878315985203,0.5438495874404907,0.450978547334671,0.012448637746274471,0.5322901606559753,0.4295065104961395,-0.01088029332458973,0.5399864912033081,0.42169931530952454,-0.004225161857903004,0.5330325961112976,0.42760783433914185,-0.01171883288770914,0.541199266910553,0.38450729846954346,-0.00261504715308547,0.5524023771286011,0.38706499338150024,0.0017142854630947113,0.5415028929710388,0.4111834466457367,-0.008321940898895264,0.5522957444190979,0.2760937213897705,-0.0033068640623241663,0.5515097379684448,0.2940041422843933,-0.01065233163535595,0.5512080192565918,0.3160194754600525,-0.01515145879238844,0.5482235550880432,0.46204957365989685,0.016638778150081635,0.525704026222229,0.32749703526496887,-0.027679694816470146,0.5235783457756042,0.2995213270187378,-0.029501670971512794,0.5218135118484497,0.273632287979126,-0.029193701222538948,0.5532487034797668,0.35352861881256104,0.0050184703432023525,0.5676626563072205,0.35793358087539673,0.01816134713590145,0.5277418494224548,0.36018452048301697,-0.0028322204016149044,0.5600427389144897,0.3367481529712677,0.006411968730390072,0.5302473306655884,0.3781798481941223,-0.010979020036756992,0.53899747133255,0.4141618609428406,-0.021546529605984688,0.5760197043418884,0.36043781042099,0.027961693704128265,0.5658882856369019,0.3666994273662567,0.013305253349244595,0.5598508715629578,0.37371453642845154,0.006869169417768717,0.5483200550079346,0.37649357318878174,0.002237708540633321,0.5391982793807983,0.3755364716053009,-0.0011180234141647816,0.5328258275985718,0.3737260103225708,-0.004788994789123535,0.5219681859016418,0.3707214593887329,-0.021991612389683723,0.5782695412635803,0.3802165687084198,0.030260378494858742,0.5641771554946899,0.3342619240283966,0.009511510841548443,0.529403805732727,0.42974114418029785,-0.02766166254878044,0.5358842611312866,0.3925825357437134,-0.007817991077899933,0.5730552673339844,0.3326505124568939,0.06477892398834229,0.5280458927154541,0.3710310459136963,-0.007571973837912083,0.5413018465042114,0.4101529121398926,-0.001772849471308291,0.5566155314445496,0.3423912525177002,0.009267712011933327,0.5376500487327576,0.4070166349411011,-0.02016426809132099,0.5758355259895325,0.39560332894325256,0.08114783465862274,0.5269587635993958,0.3567453622817993,-0.002026194240897894,0.5334016680717468,0.4048600494861603,-0.027928875759243965,0.5690286755561829,0.4512900114059448,0.047195613384246826,0.5671072006225586,0.4579116702079773,0.061328522861003876,0.5799767374992371,0.3766094446182251,0.054834142327308655,0.5746197700500488,0.4361514151096344,0.053697600960731506,0.5708452463150024,0.3217703700065613,0.031110119074583054,0.5510801672935486,0.4893716275691986,0.030675185844302177,0.5283229947090149,0.4308605194091797,-0.018432769924402237,0.5416795015335083,0.3965861201286316,-0.0033689693082123995,0.5693361163139343,0.3441959321498871,0.02586558274924755,0.5476392507553101,0.3518703281879425,0.0012634643353521824,0.54231196641922,0.35443243384361267,-0.000920710212085396,0.545805811882019,0.4520322382450104,0.014607448130846024,0.5786720514297485,0.39832282066345215,0.03640913590788841,0.5424309968948364,0.503437876701355,0.03325389698147774,0.5550411939620972,0.4840524196624756,0.04579003527760506,0.5604219436645508,0.4729875922203064,0.052602704614400864,0.5367306470870972,0.3556413948535919,-0.0021233458537608385,0.5314904451370239,0.3561345040798187,-0.0021648365072906017,0.528348982334137,0.3567780554294586,-0.0016507894033566117,0.5667852163314819,0.3302725553512573,0.01613212749361992,0.5314351916313171,0.3475281298160553,-0.004545250441879034,0.5365983247756958,0.34261786937713623,-0.005168028641492128,0.5425319075584412,0.34008389711380005,-0.004100865684449673,0.5480768084526062,0.33962109684944153,-0.0014756941236555576,0.5513375997543335,0.34070128202438354,0.0014000831870362163,0.5707772970199585,0.31292715668678284,0.04903119057416916,0.5508401393890381,0.34895870089530945,0.003654934698715806,0.5433960556983948,0.43340402841567993,-0.0007964101387187839,0.5380298495292664,0.4204017221927643,-0.014517263509333134,0.533647358417511,0.43630197644233704,-0.008643134497106075,0.5624069571495056,0.465551495552063,0.04259983077645302,0.5567139983177185,0.47714802622795105,0.03722142428159714,0.5431817770004272,0.4997338652610779,0.024372218176722527,0.5714916586875916,0.4411711096763611,0.07161787897348404,0.5283321738243103,0.3532976508140564,-0.0031666632276028395,0.5283434391021729,0.38512149453163147,-0.020157579332590103,0.5495789647102356,0.49470019340515137,0.038576140999794006,0.5799166560173035,0.39697209000587463,0.05814557895064354,0.5372837781906128,0.4551384747028351,0.0048477970995008945,0.5386597514152527,0.45747867226600647,0.005033064633607864,0.5397371649742126,0.46064406633377075,0.005039116833359003,0.5404480695724487,0.46468907594680786,0.006953934673219919,0.543612003326416,0.4707734286785126,0.013821658678352833,0.5438372492790222,0.44940638542175293,0.010782686993479729,0.5448168516159058,0.44803616404533386,0.010975165292620659,0.5456369519233704,0.44672954082489014,0.01088501513004303,0.5530955791473389,0.4381920099258423,0.011596651747822762,0.5734350085258484,0.4081684350967407,0.02280791848897934,0.5259624719619751,0.3739631772041321,-0.016118135303258896,0.523475170135498,0.35237202048301697,-0.008990518748760223,0.5261728763580322,0.35135725140571594,-0.005527820438146591,0.5426753163337708,0.45088106393814087,0.01170668937265873,0.5736821889877319,0.42711278796195984,0.03779315575957298,0.5205393433570862,0.3552806079387665,-0.01796063967049122,0.5470515489578247,0.4762842059135437,0.019481854513287544,0.5242187976837158,0.3827788233757019,-0.02652762271463871,0.534209132194519,0.39817285537719727,-0.016589941456913948,0.5395293831825256,0.48522311449050903,0.015922507271170616,0.5568037629127502,0.4545167088508606,0.02430698461830616,0.5470908880233765,0.41475626826286316,0.00198372476734221,0.552334725856781,0.46597105264663696,0.022509748116135597,0.5614488124847412,0.4079012870788574,0.006533070467412472,0.5537903308868408,0.42123889923095703,0.0061896494589746,0.5668360590934753,0.41899174451828003,0.01569010131061077,0.542224645614624,0.4934346675872803,0.018936654552817345,0.5371413230895996,0.4008635878562927,-0.010251840576529503,0.5613497495651245,0.45838332176208496,0.03266935423016548,0.5555633902549744,0.47075268626213074,0.029777977615594864,0.5608922243118286,0.4424993693828583,0.023071065545082092,0.5776283740997314,0.4134601354598999,0.041981473565101624,0.5676678419113159,0.44033530354499817,0.030335240066051483,0.5783843398094177,0.41651782393455505,0.05955049768090248,0.5588135719299316,0.42943617701530457,0.012586980126798153,0.5319775938987732,0.38870128989219666,-0.013554382137954235,0.5378760099411011,0.41932225227355957,-0.022696180269122124,0.5403400659561157,0.41845783591270447,-0.014593836851418018,0.535494863986969,0.41525739431381226,-0.02843538112938404,0.5276916027069092,0.34265607595443726,-0.011700501665472984,0.5377263426780701,0.3340164124965668,-0.012193378061056137,0.5468945503234863,0.33034607768058777,-0.01012366358190775,0.5540213584899902,0.3298019468784332,-0.0057968869805336,0.5583216547966003,0.33182573318481445,-0.000546767667401582,0.5605490207672119,0.3439342677593231,0.012665439397096634,0.5784022808074951,0.3570830523967743,0.04933781176805496,0.5587348937988281,0.3589702248573303,0.009545273147523403,0.5536068677902222,0.36446213722229004,0.005173975136131048,0.5455003976821899,0.36727455258369446,0.0015690024010837078,0.5374286770820618,0.36772406101226807,-0.0011283998610451818,0.5314251780509949,0.3669879734516144,-0.0030639497563242912,0.5274421572685242,0.36585813760757446,-0.004628678318113089,0.5740134716033936,0.35251253843307495,0.07412563264369965,0.5398998856544495,0.4197675883769989,-0.011037416756153107,0.5304389595985413,0.3949728310108185,-0.023151827976107597,0.5347576141357422,0.4224323034286499,-0.0281045101583004,0.5318712592124939,0.42676490545272827,-0.02501741610467434,0.5344394445419312,0.4231177866458893,-0.024732952937483788,0.5385816693305969,0.4221770465373993,-0.008529585786163807,0.5310769081115723,0.4283689260482788,-0.02666679583489895,0.5300371050834656,0.4295092225074768,-0.018552789464592934,0.5254518389701843,0.3582274913787842,-0.0033345213159918785,0.5239422917366028,0.36222222447395325,-0.007334644440561533,0.5238460898399353,0.3654557466506958,-0.011551285162568092,0.5530931949615479,0.34175243973731995,0.004167207982391119,0.5568387508392334,0.3376481533050537,0.004490523599088192,0.47316819429397583,0.3667808771133423,-0.010592089034616947,0.48021063208580017,0.3650607764720917,-0.010592089034616947,0.47205090522766113,0.35696080327033997,-0.010592089034616947,0.4659655690193176,0.3684801459312439,-0.010592089034616947,0.47425389289855957,0.37654218077659607,-0.010592089034616947,0.5405319929122925,0.34748685359954834,-0.00023613631492480636,0.5478917956352234,0.34498968720436096,-0.00023613631492480636,0.5387641787528992,0.3383408188819885,-0.00023613631492480636,0.533115029335022,0.3499352037906647,-0.00023613631492480636,0.5423752069473267,0.3566708266735077,-0.00023613631492480636
800.0000000000002,0.527852475643158,0.45188456773757935,-0.009015806019306183,0.5268687009811401,0.4277428984642029,-0.03298288956284523,0.525094747543335,0.43282660841941833,-0.01387820765376091,0.5158213973045349,0.39606496691703796,-0.03149111196398735,0.525954008102417,0.41878068447113037,-0.036817517131567,0.5235998630523682,0.4053660035133362,-0.03655179217457771,0.5165289640426636,0.37026017904281616,-0.026389824226498604,0.4638765752315521,0.37075075507164,-0.008606753312051296,0.5121460556983948,0.3437640070915222,-0.026795081794261932,0.5104947090148926,0.3307706117630005,-0.031125305220484734,0.5018911957740784,0.2777962386608124,-0.03507111221551895,0.5279141664505005,0.45502689480781555,-0.007398669142276049,0.5276822447776794,0.45818281173706055,-0.004825787153095007,0.5272532105445862,0.4603446125984192,-0.0009027939522638917,0.5271732807159424,0.4603148400783539,0.00040258144144900143,0.5277122259140015,0.464338481426239,0.00079767731949687,0.5280144214630127,0.4689677357673645,0.0004180782998446375,0.5279456377029419,0.47365128993988037,0.0025343592278659344,0.5286531448364258,0.4812432527542114,0.010352584533393383,0.5266243815422058,0.4312390089035034,-0.0288540106266737,0.5189458131790161,0.4313385784626007,-0.020481975749135017,0.42611604928970337,0.3336602449417114,0.008404494263231754,0.4848554730415344,0.37540796399116516,-0.011505668982863426,0.47849708795547485,0.37767982482910156,-0.011803412809967995,0.47171252965927124,0.37886086106300354,-0.010942728258669376,0.4610133469104767,0.37426310777664185,-0.007228923495858908,0.48993682861328125,0.3724498450756073,-0.0101614436134696,0.4715208113193512,0.35165828466415405,-0.018672075122594833,0.4794016182422638,0.35130879282951355,-0.017756013199687004,0.4645485579967499,0.35465574264526367,-0.016981666907668114,0.4600975811481476,0.35900330543518066,-0.014447652734816074,0.4557330012321472,0.3815924823284149,-0.003399604232981801,0.5065386891365051,0.4969324767589569,0.018295014277100563,0.46033626794815063,0.36816689372062683,-0.007184292189776897,0.42967015504837036,0.37672269344329834,0.021048525348305702,0.4459337592124939,0.3760532736778259,0.0005897400551475585,0.48621249198913574,0.41821983456611633,-0.00884093064814806,0.519494891166687,0.45200276374816895,-0.009667892940342426,0.5198796987533569,0.4593491852283478,-0.004965290427207947,0.5109267234802246,0.4554213285446167,-0.0065934197045862675,0.5046641826629639,0.45771563053131104,-0.0018101237947121263,0.5126599669456482,0.4601163864135742,-0.003262865822762251,0.5067269802093506,0.4604835510253906,0.0010112433228641748,0.49494796991348267,0.46813949942588806,0.011620745062828064,0.5214636325836182,0.4287053048610687,-0.03312724828720093,0.5197522044181824,0.42009058594703674,-0.03682742267847061,0.4502333402633667,0.3545125424861908,-0.01651722751557827,0.49709436297416687,0.3919565677642822,-0.013214507140219212,0.5028284788131714,0.4247468113899231,-0.019806448370218277,0.5012767314910889,0.4189577102661133,-0.01881316490471363,0.4637385606765747,0.4196619987487793,-0.004054189193993807,0.5177267789840698,0.4074576497077942,-0.03546515852212906,0.4679972231388092,0.3432869017124176,-0.026857890188694,0.4576892852783203,0.34752702713012695,-0.02275468222796917,0.43266886472702026,0.3170185089111328,-0.0066242096945643425,0.4988146722316742,0.34743180871009827,-0.027200261130928993,0.48624250292778015,0.35408517718315125,-0.01452904473990202,0.48860183358192444,0.46069779992103577,0.00992736779153347,0.44708162546157837,0.4566165506839752,0.05989417806267738,0.5080286860466003,0.42908957600593567,-0.01570611633360386,0.5137333869934082,0.4307727813720703,-0.014182453975081444,0.49575886130332947,0.460167795419693,0.010057887993752956,0.49742671847343445,0.4604211747646332,0.008825365453958511,0.4528670907020569,0.3418605327606201,-0.021668534725904465,0.5021088123321533,0.42717602849006653,-0.015298865735530853,0.48157578706741333,0.34279587864875793,-0.02853192202746868,0.4798530042171478,0.33549749851226807,-0.03181745857000351,0.4612102210521698,0.2913929224014282,-0.03133944049477577,0.44202908873558044,0.32923322916030884,-0.015608961693942547,0.4701847434043884,0.3122863173484802,-0.032440099865198135,0.44446370005607605,0.35009175539016724,-0.012775247916579247,0.43483293056488037,0.34257030487060547,-0.003070259001106024,0.5196437835693359,0.45598703622817993,-0.008013676851987839,0.5117913484573364,0.45785239338874817,-0.005042113363742828,0.5056844353675842,0.45909175276756287,-0.0007942758384160697,0.5094127058982849,0.4299659729003906,-0.013577843084931374,0.49662506580352783,0.46029964089393616,0.009432477876543999,0.500702440738678,0.46300095319747925,0.007238701917231083,0.49826329946517944,0.4605565369129181,0.00875009410083294,0.5123293995857239,0.4280908405780792,-0.025353943929076195,0.5074825882911682,0.4615533947944641,0.0027929169591516256,0.5133523344993591,0.46168312430381775,0.0002779609349090606,0.5200550556182861,0.46140098571777344,-0.0012730000307783484,0.5197650790214539,0.48286980390548706,0.00964026153087616,0.5196321606636047,0.47477418184280396,0.0018100112210959196,0.5198076367378235,0.46999025344848633,-0.00014094554353505373,0.5199726819992065,0.46532198786735535,0.00031309202313423157,0.5200790166854858,0.4614407420158386,5.763268927694298e-05,0.5075131058692932,0.46156665682792664,0.0038504006806761026,0.5065959692001343,0.46335914731025696,0.003818043041974306,0.5055446028709412,0.46580296754837036,0.0036483558360487223,0.5046636462211609,0.4685288369655609,0.005185295362025499,0.49621811509132385,0.4485922157764435,-0.0022363723255693913,0.43100932240486145,0.41241708397865295,0.05695551633834839,0.5259965062141418,0.4322080910205841,-0.019423726946115494,0.5030117630958557,0.46112775802612305,0.006770540960133076,0.5018994212150574,0.4619700312614441,0.006884195376187563,0.516398012638092,0.4335727095603943,-0.01311927568167448,0.5040289759635925,0.43092918395996094,-0.008624648675322533,0.515136182308197,0.4322235584259033,-0.013943924568593502,0.49041295051574707,0.39798101782798767,-0.010727585293352604,0.4796968102455139,0.40637168288230896,-0.009137277491390705,0.49993884563446045,0.4220083951950073,-0.01439560018479824,0.4437029957771301,0.30280518531799316,-0.020368637517094612,0.4531596004962921,0.318809449672699,-0.02506284974515438,0.4648509621620178,0.33625778555870056,-0.028032656759023666,0.5019650459289551,0.4747612178325653,0.010516545735299587,0.4958932399749756,0.3356610834598541,-0.03252456709742546,0.4873860776424408,0.30832424759864807,-0.035260360687971115,0.4799753427505493,0.28354182839393616,-0.03602813184261322,0.4652373194694519,0.3778170347213745,-0.009056184440851212,0.4486633539199829,0.389586478471756,0.000564245565328747,0.4931102395057678,0.3699583113193512,-0.00943597499281168,0.4534275233745575,0.3642868995666504,-0.00989586766809225,0.5015462040901184,0.38588082790374756,-0.01604284532368183,0.5075163841247559,0.4227481782436371,-0.026431400328874588,0.4409998655319214,0.39672669768333435,0.008219749666750431,0.45538297295570374,0.3961819112300873,-0.003223944455385208,0.4657606780529022,0.39878788590431213,-0.007252869661897421,0.47912508249282837,0.39484596252441406,-0.008625366725027561,0.4880761504173279,0.3891683518886566,-0.009473033249378204,0.4943042993545532,0.38401177525520325,-0.011179865337908268,0.5103749632835388,0.37366345524787903,-0.024557817727327347,0.4448440968990326,0.4162665605545044,0.010748404078185558,0.4472895860671997,0.3640718162059784,-0.00838464591652155,0.5232465267181396,0.43181517720222473,-0.02900669164955616,0.4996086061000824,0.4021081328392029,-0.013760725036263466,0.4236515462398529,0.3716669976711273,0.04126632213592529,0.4991764724254608,0.3788605034351349,-0.012663401663303375,0.49832800030708313,0.42123058438301086,-0.007729537785053253,0.45744508504867554,0.36899349093437195,-0.006166822277009487,0.5057660341262817,0.4155343174934387,-0.02514762617647648,0.4373933672904968,0.4343557059764862,0.059912435710430145,0.4919508695602417,0.3667985200881958,-0.008925453759729862,0.5116764307022095,0.4107975959777832,-0.03172334283590317,0.47193214297294617,0.4802205562591553,0.03334090858697891,0.47189801931381226,0.48728707432746887,0.04661388695240021,0.4354431629180908,0.41619670391082764,0.03373364731669426,0.45964083075523376,0.4694250524044037,0.03718598559498787,0.4314219355583191,0.35812053084373474,0.010299564339220524,0.5064042210578918,0.5045369863510132,0.024050273001194,0.5232487916946411,0.43251487612724304,-0.019328631460666656,0.493831992149353,0.4091666638851166,-0.01056921947747469,0.43901312351226807,0.3778337836265564,0.006284058094024658,0.47206324338912964,0.37307968735694885,-0.01121656596660614,0.47801852226257324,0.37233397364616394,-0.012005929835140705,0.49960052967071533,0.4642135202884674,0.008339513093233109,0.4483926296234131,0.4340268671512604,0.017760006710886955,0.5187015533447266,0.5120265483856201,0.029312344267964363,0.4970560371875763,0.5039376020431519,0.03625518083572388,0.486113578081131,0.49735891819000244,0.04068336635828018,0.5063501000404358,0.3040635287761688,-0.0342315249145031,0.5309691429138184,0.5101132988929749,0.029839640483260155,0.4831576347351074,0.37039363384246826,-0.011642484925687313,0.4878561794757843,0.3681841194629669,-0.010369026102125645,0.4908256530761719,0.3672857880592346,-0.009054247289896011,0.44073259830474854,0.36179593205451965,-0.0030831771437078714,0.4850092828273773,0.36030349135398865,-0.013050748035311699,0.47884678840637207,0.3580778241157532,-0.01501553226262331,0.47302380204200745,0.35861754417419434,-0.015482533723115921,0.46734368801116943,0.36110907793045044,-0.014314248226583004,0.46391594409942627,0.36408257484436035,-0.012278850190341473,0.4232409596443176,0.35084861516952515,0.0256013385951519,0.46747487783432007,0.3722780644893646,-0.009860455989837646,0.5253873467445374,0.4387398660182953,-0.010670528747141361,0.5031309127807617,0.44379910826683044,-0.006306009367108345,0.5083659887313843,0.42850062251091003,-0.018699822947382927,0.5163277983665466,0.44080936908721924,-0.011086585931479931,0.5137602686882019,0.3559695780277252,-0.024333147332072258,0.48437008261680603,0.4898993670940399,0.03151475265622139,0.4951991140842438,0.4972786605358124,0.028443414717912674,0.5186516642570496,0.5082921385765076,0.020711887627840042,0.4591662883758545,0.47445136308670044,0.05407149717211723,0.4897240102291107,0.36435163021087646,-0.010769489221274853,0.5083975791931152,0.3904048204421997,-0.023797763511538506,0.5313169360160828,0.5061694979667664,0.021484816446900368,0.507830023765564,0.5094479918479919,0.03144766390323639,0.4407643675804138,0.43578025698661804,0.038077373057603836,0.5134052038192749,0.4617452621459961,0.001517635420896113,0.5126916766166687,0.4647516906261444,0.0015327011933550239,0.5121100544929504,0.4684831202030182,0.001273596310056746,0.5117207765579224,0.47283193469047546,0.0029886183328926563,0.5101622939109802,0.48020926117897034,0.00918241310864687,0.5017885565757751,0.46044254302978516,0.0049189552664756775,0.5006494522094727,0.45977333188056946,0.0044812592677772045,0.49965953826904297,0.45905908942222595,0.003856141120195389,0.49090319871902466,0.4542504847049713,0.00300437118858099,0.4598308205604553,0.43917936086654663,0.006907713133841753,0.5059827566146851,0.37921127676963806,-0.01992052048444748,0.49750956892967224,0.3599075376987457,-0.013638265430927277,0.4925536811351776,0.3608982264995575,-0.011951226741075516,0.5029510855674744,0.46112632751464844,0.006062889937311411,0.4617573916912079,0.45859187841415405,0.0220738984644413,0.5049257278442383,0.35995298624038696,-0.021038204431533813,0.5079089999198914,0.48820164799690247,0.014151301234960556,0.5212448835372925,0.3936697840690613,-0.032894596457481384,0.5132128596305847,0.3856402337551117,-0.028779903426766396,0.5190173387527466,0.38261473178863525,-0.029625825583934784,0.5054690837860107,0.40573805570602417,-0.021152976900339127,0.5308493375778198,0.49909302592277527,0.01585930399596691,0.5296659469604492,0.48959672451019287,0.013333417475223541,0.5191606283187866,0.49151718616485596,0.013139666989445686,0.48994898796081543,0.4733317196369171,0.015429332852363586,0.4930558204650879,0.42897850275039673,-0.005380518268793821,0.4984121024608612,0.481838583946228,0.015451266430318356,0.4760350286960602,0.43091315031051636,-0.005147841759026051,0.48748457431793213,0.4389120042324066,-0.002791339298710227,0.4714430868625641,0.44506144523620605,0.0026601122226566076,0.5187467336654663,0.5011778473854065,0.015433075837790966,0.5013118386268616,0.41018885374069214,-0.01576458103954792,0.4854755997657776,0.48100075125694275,0.022239673882722855,0.49602171778678894,0.48933371901512146,0.021726835519075394,0.4826275110244751,0.46377837657928467,0.012009017169475555,0.45255064964294434,0.448307067155838,0.02429848723113537,0.4736250638961792,0.4670185148715973,0.01733217015862465,0.4481896460056305,0.45344188809394836,0.040648095309734344,0.48287415504455566,0.449563205242157,0.002142597921192646,0.5040108561515808,0.39610064029693604,-0.018412867560982704,0.5102958679199219,0.4270634353160858,-0.027172962203621864,0.5053902864456177,0.42790815234184265,-0.01953594572842121,0.5134555697441101,0.42150455713272095,-0.03215555101633072,0.49186408519744873,0.35294607281684875,-0.01794368587434292,0.48060786724090576,0.34888339042663574,-0.02116936631500721,0.4706161320209503,0.3491559624671936,-0.021724482998251915,0.46231508255004883,0.35228338837623596,-0.019679054617881775,0.45644956827163696,0.35726433992385864,-0.015968119725584984,0.4526989161968231,0.37245750427246094,-0.0037370456848293543,0.43163177371025085,0.3966097831726074,0.027556825429201126,0.4607656002044678,0.38535526394844055,-0.005476056132465601,0.4689960181713104,0.38739457726478577,-0.00794269423931837,0.47841954231262207,0.3854915499687195,-0.009269817732274532,0.4864140748977661,0.381585031747818,-0.009778909385204315,0.4922105669975281,0.37766408920288086,-0.0096604498103261,0.49629372358322144,0.3744361102581024,-0.010113687254488468,0.4268084168434143,0.39159494638442993,0.050942931324243546,0.5050919651985168,0.42903000116348267,-0.015839871019124985,0.5104708075523376,0.40031445026397705,-0.026888467371463776,0.5160351991653442,0.4280465543270111,-0.031126495450735092,0.5189585089683533,0.4308374524116516,-0.026903938502073288,0.5153569579124451,0.4287838935852051,-0.027785515412688255,0.5065417289733887,0.4305572509765625,-0.012569881975650787,0.5208565592765808,0.43165135383605957,-0.028273744508624077,0.5208598375320435,0.43236973881721497,-0.019876515492796898,0.494780033826828,0.3670835494995117,-0.009127678349614143,0.49923938512802124,0.369194895029068,-0.01179923303425312,0.5025646090507507,0.3714250326156616,-0.015345528721809387,0.46192467212677,0.3663259446620941,-0.010059906169772148,0.45731163024902344,0.3636986315250397,-0.010593321174383163,0.5263746380805969,0.39316093921661377,-0.029522165656089783,0.5528178215026855,0.3458859920501709,0.005631753709167242,0.5315857529640198,0.4276251196861267,-0.018946092575788498,0.5674270987510681,0.2977713644504547,0.03110467456281185,0.5374107360839844,0.3606812655925751,-0.00230400450527668,0.5436343550682068,0.35910770297050476,-0.0007367987418547273,0.5494663715362549,0.35679590702056885,0.0018281813245266676,0.5554150938987732,0.34830132126808167,0.007888355292379856,0.5321550369262695,0.36062222719192505,-0.0029017177876085043,0.5439717173576355,0.3335871994495392,-0.007055208552628756,0.5368590354919434,0.3367428779602051,-0.008588681928813457,0.5503479242324829,0.333074688911438,-0.0035818142350763083,0.5543084740638733,0.33494988083839417,-1.994051126530394e-05,0.5615037679672241,0.35302940011024475,0.01290389895439148,0.5496622323989868,0.48326778411865234,0.02486560121178627,0.5543357133865356,0.34252870082855225,0.007756421808153391,0.5753813982009888,0.33833035826683044,0.043226320296525955,0.5663219094276428,0.34432318806648254,0.01888987049460411,0.5510168671607971,0.40059763193130493,0.0004686745523940772,0.5346941947937012,0.4479055404663086,-0.007352335844188929,0.5337792038917542,0.45559343695640564,-0.0028062607161700726,0.5401421189308167,0.44719552993774414,-0.00176330772228539,0.5433887839317322,0.44708096981048584,0.004855857230722904,0.5382713079452515,0.45321768522262573,0.0009242956293746829,0.541390597820282,0.4513322114944458,0.00666045444086194,0.552003800868988,0.45191076397895813,0.020240524783730507,0.5316424369812012,0.425732284784317,-0.031877342611551285,0.5315801501274109,0.4167720377445221,-0.03534048795700073,0.5620976090431213,0.3269875943660736,0.0007540383376181126,0.5350043773651123,0.38166096806526184,-0.007100127171725035,0.5422378778457642,0.4138924479484558,-0.01418204978108406,0.5413155555725098,0.40803685784339905,-0.013018796220421791,0.5683379769325256,0.39113476872444153,0.011414573527872562,0.5290282964706421,0.4043113887310028,-0.03356795012950897,0.5489338636398315,0.3238537311553955,-0.01477757841348648,0.5567611455917358,0.3236125409603119,-0.007682275492697954,0.561837911605835,0.2845982313156128,0.013777893967926502,0.5242030620574951,0.3400087356567383,-0.02318015694618225,0.5310789942741394,0.3423067033290863,-0.007150023709982634,0.5559619665145874,0.44191810488700867,0.020449500530958176,0.5744879841804504,0.42054426670074463,0.08103456348180771,0.5384860038757324,0.4206496775150299,-0.011508896015584469,0.5343120694160461,0.4252163767814636,-0.012056157924234867,0.5473849177360535,0.44709157943725586,0.019114498049020767,0.5461848974227905,0.4480750560760498,0.016775032505393028,0.5586420893669128,0.3167620301246643,-0.005658420268446207,0.5422125458717346,0.41627365350723267,-0.009797353297472,0.5381935238838196,0.32831674814224243,-0.02025962620973587,0.5384951829910278,0.32071220874786377,-0.02332029677927494,0.5388948321342468,0.2722352147102356,-0.019775625318288803,0.5612761974334717,0.2983284592628479,0.0020519003737717867,0.5390644073486328,0.2946469783782959,-0.02270662598311901,0.5641550421714783,0.32113680243492126,0.005666963756084442,0.5671024918556213,0.30820542573928833,0.016885722056031227,0.5344750285148621,0.4520295262336731,-0.005705131217837334,0.5393060445785522,0.450337290763855,-0.000537190877366811,0.5424934029579163,0.449167400598526,0.005279279313981533,0.5372718572616577,0.4223012924194336,-0.010177959688007832,0.5467643141746521,0.4475995600223541,0.017805488780140877,0.544840395450592,0.45158126950263977,0.014224768616259098,0.545538604259491,0.4486008286476135,0.016490807756781578,0.5366680026054382,0.4211486577987671,-0.021480536088347435,0.5403407216072083,0.45310840010643005,0.008139776065945625,0.5371740460395813,0.4554417133331299,0.0042271241545677185,0.5328897833824158,0.4579806327819824,0.0009256754419766366,0.5365843176841736,0.4779234528541565,0.011780467815697193,0.5347840785980225,0.4703594446182251,0.004061811603605747,0.5345823168754578,0.46574828028678894,0.0022373704705387354,0.5338398814201355,0.4614464044570923,0.002624156652018428,0.5327433943748474,0.457992821931839,0.002269175136461854,0.5402104258537292,0.4530773162841797,0.00919559970498085,0.5414896011352539,0.4541754424571991,0.009145021438598633,0.5427082180976868,0.45582517981529236,0.009147828444838524,0.5435868501663208,0.4579509496688843,0.011100522242486477,0.5496949553489685,0.434020459651947,0.005474448204040527,0.5753687620162964,0.3735579550266266,0.08036822080612183,0.5425990223884583,0.4510608911514282,0.01351181697100401,0.543789803981781,0.4512259364128113,0.013622063212096691,0.5326432585716248,0.4293108284473419,-0.011023969389498234,0.5406929850578308,0.4210827052593231,-0.004281807225197554,0.5334664583206177,0.42738187313079834,-0.011873015202581882,0.541580080986023,0.3841475248336792,-0.002549242228269577,0.5528161525726318,0.38656267523765564,0.0019316055113449693,0.5422142744064331,0.4105689227581024,-0.008418936282396317,0.5531108975410461,0.27561333775520325,-0.003752195741981268,0.5524649620056152,0.29322323203086853,-0.010877125896513462,0.5498849153518677,0.31595030426979065,-0.015343866311013699,0.5483910441398621,0.46121394634246826,0.017500989139080048,0.5248434543609619,0.3276877701282501,-0.028199711814522743,0.5242644548416138,0.29884395003318787,-0.03018980473279953,0.5224639177322388,0.27308106422424316,-0.030182968825101852,0.5536406636238098,0.35304099321365356,0.005198900122195482,0.5686365365982056,0.3572557270526886,0.018654335290193558,0.5287483930587769,0.35988372564315796,-0.0029661827720701694,0.5600042939186096,0.33666232228279114,0.006654421798884869,0.5305646061897278,0.3779289424419403,-0.01112549751996994,0.5395944714546204,0.4138379395008087,-0.021835019811987877,0.5762146711349487,0.3603166937828064,0.028670093044638634,0.5667275786399841,0.3658830225467682,0.01377052254974842,0.5606539845466614,0.3728609085083008,0.007222249638289213,0.5492334365844727,0.3757188320159912,0.0024439101107418537,0.5401706099510193,0.3748897910118103,-0.0010452624410390854,0.5336980819702148,0.37319543957710266,-0.004820187576115131,0.5223162770271301,0.37040144205093384,-0.022471169009804726,0.5786571502685547,0.37987327575683594,0.03111489675939083,0.5642932653427124,0.33410409092903137,0.009777573868632317,0.5296587944030762,0.4298781752586365,-0.028004193678498268,0.5363605618476868,0.39218926429748535,-0.00791227724403143,0.5730685591697693,0.33283722400665283,0.06541487574577332,0.5287797451019287,0.37054890394210815,-0.007710530888289213,0.5419886708259583,0.4094793498516083,-0.0018006522441282868,0.55674147605896,0.3422803580760956,0.009515402838587761,0.5382324457168579,0.40661975741386414,-0.020457381382584572,0.5758376717567444,0.3961047828197479,0.0824432224035263,0.5279763340950012,0.3564992845058441,-0.002178278286010027,0.5338436961174011,0.40462926030158997,-0.0283312126994133,0.5691317915916443,0.45142319798469543,0.04843819886445999,0.5670117139816284,0.45855748653411865,0.06262583285570145,0.5801585912704468,0.376804918050766,0.055892378091812134,0.5749690532684326,0.4363194704055786,0.05497994273900986,0.571251630783081,0.3216949999332428,0.03156003728508949,0.5505817532539368,0.4901163578033447,0.031175164505839348,0.5285033583641052,0.431002140045166,-0.01869136467576027,0.542177140712738,0.3961274325847626,-0.0033683544024825096,0.5704819560050964,0.34388718008995056,0.026379739865660667,0.547867476940155,0.35129085183143616,0.0013081695651635528,0.5427955985069275,0.3538224697113037,-0.0009322758414782584,0.5457460880279541,0.45222774147987366,0.015867631882429123,0.5792858600616455,0.3980318307876587,0.03740912303328514,0.5416425466537476,0.504369854927063,0.03343062847852707,0.554527997970581,0.4850049912929535,0.04657406359910965,0.5600665211677551,0.4738057255744934,0.053694240748882294,0.5374874472618103,0.355120986700058,-0.002181852236390114,0.5324496030807495,0.35576561093330383,-0.0022533228620886803,0.5293793082237244,0.35648754239082336,-0.0017688737716525793,0.567106306552887,0.330135703086853,0.016437996178865433,0.5322126150131226,0.3475421369075775,-0.004693865776062012,0.5371243357658386,0.3427850008010864,-0.005290776025503874,0.5427197813987732,0.34034842252731323,-0.004171015694737434,0.548056960105896,0.33986321091651917,-0.0014674677513539791,0.5512759685516357,0.34082749485969543,0.0014588270569220185,0.5711061358451843,0.3129284381866455,0.04937399923801422,0.5509185791015625,0.3485231399536133,0.003750820877030492,0.5440370440483093,0.4327937960624695,-0.00041247994522564113,0.538697361946106,0.42002856731414795,-0.01472428161650896,0.5338855981826782,0.43610653281211853,-0.008609703741967678,0.5622032284736633,0.46587544679641724,0.04373026266694069,0.5563656091690063,0.47772347927093506,0.03804747387766838,0.5424973964691162,0.5004662871360779,0.02458163909614086,0.5715433359146118,0.44172316789627075,0.0730326920747757,0.5292606949806213,0.35312744975090027,-0.0033054007217288017,0.5287179350852966,0.3848436176776886,-0.02048821933567524,0.5489351153373718,0.49567994475364685,0.03903521969914436,0.5802295207977295,0.3972267210483551,0.0593160018324852,0.5370189547538757,0.4554579257965088,0.005486265756189823,0.5383562445640564,0.45776036381721497,0.005602911580353975,0.5393897891044617,0.4608611464500427,0.0055357604287564754,0.5400285124778748,0.4647822082042694,0.0074286009185016155,0.5435323119163513,0.47031018137931824,0.01423328835517168,0.543826162815094,0.4496382474899292,0.011972836218774319,0.5448175072669983,0.4482858180999756,0.012199814431369305,0.5456666946411133,0.44699862599372864,0.012097685597836971,0.5540288090705872,0.4369024932384491,0.012698241509497166,0.5742315053939819,0.40761247277259827,0.023618068546056747,0.5262976288795471,0.3736889064311981,-0.016426293179392815,0.5240715146064758,0.35223180055618286,-0.00928725115954876,0.5269419550895691,0.3512742817401886,-0.005723214708268642,0.5426769852638245,0.45108914375305176,0.012849646620452404,0.5743654370307922,0.42681556940078735,0.038884084671735764,0.5208002924919128,0.35511940717697144,-0.018459215760231018,0.5467579364776611,0.4762384295463562,0.01980527490377426,0.5245619416236877,0.3824920654296875,-0.027019590139389038,0.5346848964691162,0.3978134095668793,-0.016842974349856377,0.5389912128448486,0.4853654205799103,0.015837451443076134,0.5569170117378235,0.4537661373615265,0.02543432079255581,0.5477240681648254,0.4141002595424652,0.0021339557133615017,0.5521960854530334,0.4656062126159668,0.02328844740986824,0.5621386766433716,0.40726613998413086,0.006877202540636063,0.5544841885566711,0.4205169379711151,0.006683360319584608,0.5676357746124268,0.4182930588722229,0.016366245225071907,0.5416102409362793,0.4939129650592804,0.019030841067433357,0.5377205014228821,0.40037402510643005,-0.010404573753476143,0.5612798929214478,0.45816510915756226,0.033793553709983826,0.5552912950515747,0.47088420391082764,0.030560515820980072,0.5613635778427124,0.4414718449115753,0.024206921458244324,0.5783073902130127,0.4132981300354004,0.04308902844786644,0.5681108236312866,0.43981102108955383,0.03146130219101906,0.5787621736526489,0.416799396276474,0.060836151242256165,0.5596295595169067,0.42836081981658936,0.013414106331765652,0.5323877334594727,0.38839468359947205,-0.013750550337135792,0.538461446762085,0.4190741777420044,-0.02298702485859394,0.5410593152046204,0.4180178642272949,-0.014781607314944267,0.535978376865387,0.4151090681552887,-0.02877696044743061,0.5278772711753845,0.34269675612449646,-0.011960883624851704,0.5373902916908264,0.33407795429229736,-0.012351613491773605,0.5462031364440918,0.3303254544734955,-0.010175665840506554,0.5532823204994202,0.32972657680511475,-0.005718739237636328,0.5578051805496216,0.3317681849002838,-0.0003654469328466803,0.5609875917434692,0.343686580657959,0.012995840981602669,0.5784932971000671,0.3572693467140198,0.05026252195239067,0.5593640804290771,0.35841190814971924,0.009851004928350449,0.5543010234832764,0.3637755811214447,0.005420964676886797,0.5463246703147888,0.3666089177131653,0.0017284975619986653,0.5383878350257874,0.36717817187309265,-0.0011153357336297631,0.532394528388977,0.36657944321632385,-0.003109222510829568,0.5283333659172058,0.36550384759902954,-0.004769123159348965,0.5739136338233948,0.35282379388809204,0.07501162588596344,0.5406330227851868,0.41923969984054565,-0.011182987131178379,0.5308405160903931,0.39470943808555603,-0.023516517132520676,0.5352169871330261,0.42238113284111023,-0.02845156006515026,0.5322233438491821,0.42680469155311584,-0.025335896760225296,0.5349087119102478,0.4230351150035858,-0.025049174204468727,0.5392873883247375,0.4216555655002594,-0.00865038949996233,0.5313881039619446,0.428461492061615,-0.026992924511432648,0.5303027033805847,0.42957812547683716,-0.018807774409651756,0.5264264345169067,0.3579864501953125,-0.0035330657847225666,0.5247461795806885,0.3619305193424225,-0.007586885709315538,0.5244228839874268,0.3650664985179901,-0.011832556687295437,0.5530666708946228,0.3417709767818451,0.004283245652914047,0.5566884279251099,0.3376186490058899,0.004661604296416044,0.47288283705711365,0.3659380376338959,-0.01123978290706873,0.48013582825660706,0.36416465044021606,-0.01123978290706873,0.47169506549835205,0.3559044301509857,-0.01123978290706873,0.4654631018638611,0.36769747734069824,-0.01123978290706873,0.47406265139579773,0.3759346604347229,-0.01123978290706873,0.5403781533241272,0.3472873866558075,-0.00025336811086162925,0.5473107099533081,0.34489935636520386,-0.00025336811086162925,0.5387448072433472,0.3386012017726898,-0.00025336811086162925,0.5334640145301819,0.34961262345314026,-0.00025336811086162925,0.5421106219291687,0.3559814393520355,-0.00025336811086162925
833.3333333333336,0.543258547782898,0.4551329016685486,-0.008930839598178864,0.5431714653968811,0.43143248558044434,-0.032002076506614685,0.5405850410461426,0.436355859041214,-0.013478117063641548,0.5318402051925659,0.40022146701812744,-0.030918484553694725,0.5423851013183594,0.4227052628993988,-0.03572980687022209,0.5398337841033936,0.4094516932964325,-0.03546099364757538,0.5316919684410095,0.37424278259277344,-0.025489632040262222,0.4784122407436371,0.3754264712333679,-0.011275247670710087,0.5268242359161377,0.3465656638145447,-0.02580389566719532,0.5252511501312256,0.33363819122314453,-0.02999839559197426,0.5164155960083008,0.28272324800491333,-0.03396262973546982,0.5432920455932617,0.45818379521369934,-0.007336569018661976,0.5430076122283936,0.46126407384872437,-0.004810661543160677,0.5425086617469788,0.46338987350463867,-0.0010237934766337276,0.5424298048019409,0.4634108543395996,0.0003867341729346663,0.5430641770362854,0.46728676557540894,0.0007817852310836315,0.5433944463729858,0.471729040145874,0.0004883165238425136,0.5433139801025391,0.47628313302993774,0.0025946791283786297,0.5432732105255127,0.4828111231327057,0.010209710337221622,0.5426958799362183,0.43485909700393677,-0.027981935068964958,0.5349987149238586,0.4352831244468689,-0.020139724016189575,0.4380779266357422,0.33855360746383667,0.0036021305713802576,0.4991716742515564,0.37980082631111145,-0.013138622976839542,0.493013471364975,0.3821442723274231,-0.013771929778158665,0.4863061010837555,0.38337990641593933,-0.013244228437542915,0.47541406750679016,0.37877514958381653,-0.010110090486705303,0.5040753483772278,0.37678834795951843,-0.011393958702683449,0.48636704683303833,0.35524117946624756,-0.020384160801768303,0.49399855732917786,0.354766309261322,-0.019061187282204628,0.47944945096969604,0.3584354519844055,-0.019055183976888657,0.4748796820640564,0.3630155324935913,-0.016857005655765533,0.47006192803382874,0.3860860764980316,-0.006607033312320709,0.5210467576980591,0.49909695982933044,0.01651679165661335,0.47475194931030273,0.37272369861602783,-0.00999248307198286,0.44205689430236816,0.38137170672416687,0.01595577783882618,0.4599200487136841,0.38046425580978394,-0.0030866358429193497,0.5015401244163513,0.4223844110965729,-0.010593198239803314,0.5349388122558594,0.45547473430633545,-0.010023060254752636,0.5350902080535889,0.46265673637390137,-0.005392912775278091,0.5260879993438721,0.4590587615966797,-0.007499360479414463,0.519442081451416,0.46134477853775024,-0.003208991838619113,0.527594268321991,0.46360546350479126,-0.004150941502302885,0.5213319659233093,0.4640488624572754,-0.00028578005731105804,0.5094137787818909,0.4711771011352539,0.009568216279149055,0.5379219055175781,0.43261972069740295,-0.032374680042266846,0.536357045173645,0.42417773604393005,-0.03602440282702446,0.4653671979904175,0.3586650490760803,-0.019363004714250565,0.5122009515762329,0.39604559540748596,-0.014070174656808376,0.5191990733146667,0.4290671944618225,-0.020349839702248573,0.5174658894538879,0.4232284724712372,-0.019442744553089142,0.47860613465309143,0.4240869879722595,-0.007169904187321663,0.5341193079948425,0.4116499125957489,-0.0347796268761158,0.48379844427108765,0.3467017412185669,-0.028296396136283875,0.4733285903930664,0.3513222336769104,-0.0248752161860466,0.4454606771469116,0.3219265937805176,-0.010562362149357796,0.513772189617157,0.3499249815940857,-0.027064278721809387,0.5005548000335693,0.35762134194374084,-0.015611803159117699,0.5031241774559021,0.46408185362815857,0.0075181820429861546,0.45879340171813965,0.45992302894592285,0.05402822047472,0.5243117213249207,0.4333138167858124,-0.01605886220932007,0.5297378897666931,0.43467846512794495,-0.01412801630795002,0.5098515748977661,0.4636046588420868,0.007888056337833405,0.511531412601471,0.46390610933303833,0.006871991790831089,0.46839794516563416,0.34578078985214233,-0.024067683145403862,0.518263578414917,0.43128761649131775,-0.01595102995634079,0.49714311957359314,0.34566083550453186,-0.02919839136302471,0.4956347942352295,0.3383934497833252,-0.03242385759949684,0.4757845997810364,0.2964746952056885,-0.03281508386135101,0.4561312794685364,0.333697110414505,-0.01856926642358303,0.48526328802108765,0.3167894780635834,-0.0333048477768898,0.4591670632362366,0.35431450605392456,-0.01596740074455738,0.4482785761356354,0.34711477160453796,-0.0069115436635911465,0.534981369972229,0.4593634009361267,-0.008395049721002579,0.5268374681472778,0.46139049530029297,-0.005957942921668291,0.5203795433044434,0.46267858147621155,-0.0021280560176819563,0.5255805850028992,0.43404802680015564,-0.013827989809215069,0.5107247829437256,0.4637535810470581,0.007398406974971294,0.5150566697120667,0.4664168357849121,0.005565694533288479,0.5123437643051147,0.4640757441520691,0.0068577867932617664,0.5288241505622864,0.432492196559906,-0.025345776230096817,0.5219959020614624,0.46510034799575806,0.0014730643015354872,0.5281931757926941,0.46514612436294556,-0.0006988553213886917,0.5351582169532776,0.4646868109703064,-0.0018343563424423337,0.5345249176025391,0.4846569299697876,0.009057176299393177,0.5349820256233215,0.47760313749313354,0.001384327420964837,0.5351401567459106,0.4729743003845215,-0.000558258208911866,0.5352253317832947,0.4685092568397522,-0.0002056712401099503,0.5352070331573486,0.4647723138332367,-0.00043084597564302385,0.5220153331756592,0.46515464782714844,0.0026096028741449118,0.5212071537971497,0.4668115973472595,0.00256890500895679,0.5202634334564209,0.46912339329719543,0.0023676115088164806,0.5194651484489441,0.47171908617019653,0.0037878290750086308,0.5114529728889465,0.4521920680999756,-0.0037948305252939463,0.4420156180858612,0.4164828062057495,0.050607260316610336,0.5418263673782349,0.4357815980911255,-0.01884280890226364,0.51722651720047,0.46473532915115356,0.00514941057190299,0.5161910057067871,0.465480238199234,0.005247677210718393,0.5321876406669617,0.43727120757102966,-0.013143143616616726,0.5199040174484253,0.434817910194397,-0.0092774648219347,0.5310415029525757,0.4360215663909912,-0.013891924172639847,0.5055634379386902,0.4020955264568329,-0.012116695754230022,0.4948456287384033,0.4106214940547943,-0.011148687452077866,0.5159515738487244,0.4261498749256134,-0.01519639790058136,0.45740580558776855,0.3077658414840698,-0.023138340562582016,0.4678220748901367,0.3232728838920593,-0.027063969522714615,0.4806837737560272,0.339785099029541,-0.02962661162018776,0.5165550112724304,0.4775698482990265,0.00881269946694374,0.5112521052360535,0.3380095362663269,-0.0322696715593338,0.5024942755699158,0.31283748149871826,-0.03509895130991936,0.4947669208049774,0.28869563341140747,-0.03615468367934227,0.47974318265914917,0.38237816095352173,-0.011690802872180939,0.46272772550582886,0.3942776322364807,-0.0031205101404339075,0.5071882605552673,0.37424030900001526,-0.010512032546103,0.4680860638618469,0.3685845732688904,-0.012924166396260262,0.5166631937026978,0.38999107480049133,-0.016531065106391907,0.5240347981452942,0.4271220266819,-0.026545679196715355,0.45461273193359375,0.4013804793357849,0.0038337050937116146,0.4699212610721588,0.40081483125686646,-0.00662862416356802,0.4806905686855316,0.40323352813720703,-0.010078034363687038,0.49398043751716614,0.39903801679611206,-0.010678171180188656,0.5026428699493408,0.3932217061519623,-0.010954460129141808,0.508680522441864,0.38803189992904663,-0.012123356573283672,0.5256540775299072,0.3777097165584564,-0.02413913980126381,0.458677738904953,0.4207371175289154,0.006292271427810192,0.4617688059806824,0.36834076046943665,-0.01173005998134613,0.539421021938324,0.4356066584587097,-0.028334205970168114,0.5150689482688904,0.4062119424343109,-0.014593373984098434,0.4345100224018097,0.37624335289001465,0.03515463322401047,0.5135565400123596,0.38284197449684143,-0.013270794413983822,0.5140531659126282,0.4252789318561554,-0.008802024647593498,0.4717648923397064,0.37338465452194214,-0.009165448136627674,0.5220953822135925,0.4198043942451477,-0.02532624639570713,0.44865110516548157,0.43817684054374695,0.053727857768535614,0.5059574842453003,0.37116217613220215,-0.01009430829435587,0.5280581116676331,0.4150392413139343,-0.03144992142915726,0.4855618178844452,0.4833342134952545,0.029265616089105606,0.4850866198539734,0.4897329807281494,0.04211462661623955,0.4478738605976105,0.4205297827720642,0.02825555019080639,0.4728144407272339,0.4728165566921234,0.032459549605846405,0.4442673921585083,0.36276495456695557,0.005759722553193569,0.5207745432853699,0.5064606666564941,0.02199810929596424,0.5391923785209656,0.4361831843852997,-0.018856819719076157,0.5092092752456665,0.4132278561592102,-0.01181249599903822,0.4523889422416687,0.3823317289352417,0.0020504191052168608,0.48675253987312317,0.37784984707832336,-0.01348054688423872,0.49264052510261536,0.3770343065261841,-0.013950147666037083,0.5139906406402588,0.467559814453125,0.006539076566696167,0.4621545076370239,0.43822866678237915,0.013213269412517548,0.5329724550247192,0.5133947730064392,0.027646541595458984,0.5111436247825623,0.5057166814804077,0.03324339911341667,0.49987033009529114,0.4994082450866699,0.0369904600083828,0.5211023688316345,0.3083347976207733,-0.03307511657476425,0.5449188947677612,0.5110126733779907,0.02901463210582733,0.49755123257637024,0.37500154972076416,-0.013266324996948242,0.5020247101783752,0.3727058470249176,-0.011760687455534935,0.5048655271530151,0.37171146273612976,-0.010308513417840004,0.4546491503715515,0.3660804331302643,-0.006860299967229366,0.49926838278770447,0.3642038404941559,-0.01434500515460968,0.4932318925857544,0.36180365085601807,-0.01644199714064598,0.48753470182418823,0.36246609687805176,-0.01721280813217163,0.4819415211677551,0.36513835191726685,-0.016399933025240898,0.47849828004837036,0.36828988790512085,-0.01465690415352583,0.43456435203552246,0.3556250333786011,0.020066531375050545,0.48212599754333496,0.37703534960746765,-0.012362636625766754,0.5406706929206848,0.4419282078742981,-0.010418050922453403,0.5185636281967163,0.4474113881587982,-0.007366220001131296,0.5247767567634583,0.4328581988811493,-0.018943043425679207,0.531862735748291,0.44427013397216797,-0.011299953795969486,0.5285205245018005,0.3594115674495697,-0.023464111611247063,0.49831581115722656,0.492586612701416,0.028153661638498306,0.5093554258346558,0.4995364546775818,0.025734756141901016,0.5330486297607422,0.5098689794540405,0.019422870129346848,0.4716199040412903,0.4772622287273407,0.04886976256966591,0.5038455128669739,0.3685932159423828,-0.011981192976236343,0.5240275859832764,0.3945678174495697,-0.02373422309756279,0.5454418063163757,0.5073438882827759,0.020953910425305367,0.5221226811408997,0.5110390186309814,0.02905844897031784,0.4532793164253235,0.4398213028907776,0.03264544531702995,0.5282685160636902,0.4652480483055115,0.0006252260645851493,0.5276750922203064,0.468107134103775,0.0005963764269836247,0.5272027254104614,0.4716537594795227,0.00032413043663837016,0.5269004106521606,0.4758135676383972,0.0019912468269467354,0.5249313712120056,0.48253133893013,0.007963654585182667,0.5160530209541321,0.46400463581085205,0.0032752288971096277,0.514972984790802,0.4633144736289978,0.0027256642933934927,0.5140295028686523,0.4626050591468811,0.0020343975629657507,0.5058076977729797,0.4577382504940033,0.0009231458534486592,0.47425881028175354,0.44335052371025085,0.003265100298449397,0.5211930871009827,0.3833019435405731,-0.019953738898038864,0.5116662383079529,0.36359158158302307,-0.014099719934165478,0.5066012740135193,0.36476969718933105,-0.012869962491095066,0.5171369910240173,0.4647033214569092,0.004401227459311485,0.4755699634552002,0.4623672366142273,0.017958901822566986,0.519478440284729,0.363292396068573,-0.020897097885608673,0.522506058216095,0.49048882722854614,0.01268340740352869,0.5371442437171936,0.39776796102523804,-0.03188261389732361,0.5288833975791931,0.38978224992752075,-0.02822704240679741,0.5345730781555176,0.3866954743862152,-0.028678594157099724,0.5213702917098999,0.40992942452430725,-0.021402249112725258,0.5451956987380981,0.5004792213439941,0.015514803119003773,0.5441413521766663,0.4911191463470459,0.013080955483019352,0.5338152647018433,0.49334150552749634,0.01234651729464531,0.5043312311172485,0.47646498680114746,0.01298552006483078,0.5085461139678955,0.43299171328544617,-0.006810378283262253,0.512818455696106,0.4845770001411438,0.013465430587530136,0.4912368357181549,0.43517667055130005,-0.007560208439826965,0.5027281641960144,0.44293221831321716,-0.004694388248026371,0.48624780774116516,0.4491725265979767,-0.0003280119562987238,0.5333271026611328,0.5029471516609192,0.01435734611004591,0.5171308517456055,0.4143272638320923,-0.01641351357102394,0.4996711015701294,0.4841058850288391,0.019285477697849274,0.5103465914726257,0.4919077455997467,0.019359247758984566,0.4971086382865906,0.4672675132751465,0.009172530844807625,0.46611830592155457,0.4522435665130615,0.01973132975399494,0.4877966344356537,0.47064462304115295,0.013912046328186989,0.46089425683021545,0.4571846127510071,0.03536461666226387,0.49778369069099426,0.45337867736816406,-0.00022480040206573904,0.5195345282554626,0.4002692997455597,-0.01882551610469818,0.5268593430519104,0.431516170501709,-0.02717536687850952,0.5218307375907898,0.43223896622657776,-0.019899973645806313,0.5300520062446594,0.42579570412635803,-0.0317777544260025,0.5063530802726746,0.3562541604042053,-0.01861816830933094,0.4956161677837372,0.35225242376327515,-0.022274166345596313,0.48594436049461365,0.35272854566574097,-0.023305151611566544,0.4776701033115387,0.35605287551879883,-0.02176465466618538,0.4715363383293152,0.3613013029098511,-0.018539540469646454,0.466927170753479,0.37688136100769043,-0.006981270387768745,0.4439917206764221,0.40118277072906494,0.02216154709458351,0.4752804934978485,0.3898376524448395,-0.008478706702589989,0.48366108536720276,0.3917715847492218,-0.010464067570865154,0.49299299716949463,0.3897453844547272,-0.011275316588580608,0.5007487535476685,0.38574454188346863,-0.011356513947248459,0.5063389539718628,0.38179636001586914,-0.010728948749601841,0.5103675127029419,0.378543496131897,-0.010936163365840912,0.43765977025032043,0.3958875834941864,0.0446222722530365,0.5213483572006226,0.4331960082054138,-0.016294101253151894,0.5264664888381958,0.40451157093048096,-0.026755448430776596,0.5325658321380615,0.43229541182518005,-0.030702689662575722,0.5351429581642151,0.434886634349823,-0.02638275735080242,0.5317507982254028,0.43308156728744507,-0.02748914621770382,0.5226070284843445,0.4345274865627289,-0.012971209362149239,0.5370690822601318,0.43558695912361145,-0.02766474336385727,0.5368682146072388,0.43619364500045776,-0.019479859620332718,0.5088225603103638,0.37125393748283386,-0.010036117397248745,0.5133184790611267,0.3731701374053955,-0.012301821261644363,0.5169752836227417,0.3752670884132385,-0.015518514439463615,0.4764558672904968,0.3706859350204468,-0.012654950842261314,0.47192320227622986,0.36793074011802673,-0.013326020911335945,0.5419357419013977,0.39710140228271484,-0.028242217376828194,0.5656188726425171,0.3474511206150055,0.00834806077182293,0.5470086336135864,0.4312775731086731,-0.01808827370405197,0.5771880149841309,0.3000100553035736,0.03472311049699783,0.5501571297645569,0.36345309019088745,-0.00045950704952701926,0.5564932227134705,0.3616236448287964,0.0014589304337278008,0.5623517036437988,0.3589955270290375,0.004321723710745573,0.567658543586731,0.3498646914958954,0.010689989663660526,0.5450165867805481,0.36346161365509033,-0.0013817083090543747,0.557264506816864,0.3352319300174713,-0.0044321827590465546,0.5500009059906006,0.33889293670654297,-0.006468466017395258,0.5635437965393066,0.33437538146972656,-0.0006733028567396104,0.5671894550323486,0.3361162841320038,0.002953918417915702,0.5733076333999634,0.3545680046081543,0.01582396775484085,0.5624642372131348,0.48361313343048096,0.025522517040371895,0.5668120384216309,0.3437918424606323,0.010544544085860252,0.5852289199829102,0.33949148654937744,0.04646934196352959,0.5769492387771606,0.34531494975090027,0.022047927603125572,0.564292311668396,0.40330764651298523,0.0021968279033899307,0.5496649742126465,0.4509871304035187,-0.006845772732049227,0.5486975312232971,0.4585028290748596,-0.002435223665088415,0.554475724697113,0.44999197125434875,-0.0009353284258395433,0.5573086142539978,0.4496154487133026,0.00587267754599452,0.5527251958847046,0.45596224069595337,0.0015822488348931074,0.5554758906364441,0.45393863320350647,0.007420570123940706,0.5646217465400696,0.4534646272659302,0.0213056281208992,0.5476300120353699,0.4293653666973114,-0.030686188489198685,0.5476641058921814,0.42062947154045105,-0.033993836492300034,0.5749757885932922,0.32744672894477844,0.004281505011022091,0.5487418174743652,0.38496100902557373,-0.005721546243876219,0.5564013719558716,0.41754329204559326,-0.012660160660743713,0.5552884340286255,0.41169533133506775,-0.01150774210691452,0.5806685090065002,0.39291176199913025,0.014075566083192825,0.5449051260948181,0.40828937292099,-0.03218618407845497,0.563449501991272,0.32559800148010254,-0.011761078611016273,0.5706363916397095,0.3244621157646179,-0.004227457568049431,0.5722653269767761,0.2873077988624573,0.017430849373340607,0.5392522811889648,0.34400662779808044,-0.021508196368813515,0.5440883636474609,0.3448227643966675,-0.005455107428133488,0.5683101415634155,0.4435926377773285,0.02180115506052971,0.5825886130332947,0.419665664434433,0.08285443484783173,0.5529108643531799,0.4243740439414978,-0.010419067926704884,0.549185574054718,0.4288674294948578,-0.011280564591288567,0.5608804821968079,0.44924071431159973,0.020170677453279495,0.5597668886184692,0.4503621757030487,0.017673587426543236,0.5721279978752136,0.31722894310951233,-0.0021227125544101,0.5561825633049011,0.41979944705963135,-0.00843866914510727,0.5531342625617981,0.3312181830406189,-0.017874833196401596,0.5535121560096741,0.3232680559158325,-0.02078949473798275,0.5518262386322021,0.27622073888778687,-0.01680237427353859,0.5725981593132019,0.30053508281707764,0.005603311583399773,0.5526282787322998,0.29796773195266724,-0.019961275160312653,0.5764886736869812,0.3213422894477844,0.009300604462623596,0.5777502655982971,0.3099873661994934,0.020454389974474907,0.5494175553321838,0.45501288771629333,-0.0052414340898394585,0.5536931753158569,0.453085720539093,0.0002181202726205811,0.5564904808998108,0.45171666145324707,0.006176020950078964,0.5517795085906982,0.425957053899765,-0.009199666790664196,0.560306966304779,0.4498184323310852,0.018759222701191902,0.5586370825767517,0.453933984041214,0.015074151568114758,0.5591755509376526,0.45095643401145935,0.017367811873555183,0.5516555309295654,0.42499202489852905,-0.020099831745028496,0.5545021891593933,0.4557849168777466,0.0087797362357378,0.5516802668571472,0.45823872089385986,0.004704252816736698,0.5477756857872009,0.46090036630630493,0.001176641439087689,0.5506598353385925,0.47916409373283386,0.012029186822474003,0.5497286319732666,0.47287338972091675,0.004540280904620886,0.5495604276657104,0.46837764978408813,0.0027431813068687916,0.5488038659095764,0.46425876021385193,0.003027020487934351,0.5476230978965759,0.4609611928462982,0.002657263772562146,0.5543854236602783,0.45576056838035583,0.009916797280311584,0.5556566715240479,0.4567261338233948,0.009848360903561115,0.5568332672119141,0.4582767188549042,0.00993595365434885,0.5576584339141846,0.46031615138053894,0.011940623633563519,0.5629987716674805,0.43639838695526123,0.0066798836924135685,0.5840321779251099,0.3736942708492279,0.08272916078567505,0.556498110294342,0.453620970249176,0.014331289567053318,0.5576586127281189,0.4536670446395874,0.014417873695492744,0.54758620262146,0.432820588350296,-0.010321421548724174,0.5547470450401306,0.42444953322410583,-0.0033217240124940872,0.5483642220497131,0.43097659945487976,-0.011126378551125526,0.5549510717391968,0.38716644048690796,-0.0008874807972460985,0.565881073474884,0.3891097605228424,0.004037187434732914,0.5559945702552795,0.41407325863838196,-0.007020756136626005,0.5647167563438416,0.2789022922515869,-0.0002868892624974251,0.5648183822631836,0.2958793342113495,-0.007608200889080763,0.5642687082290649,0.3172362744808197,-0.012218568474054337,0.5613955855369568,0.4625740945339203,0.018411243334412575,0.540226936340332,0.33157268166542053,-0.026327084749937057,0.5385736227035522,0.30275124311447144,-0.028143154457211494,0.5363282561302185,0.2776215672492981,-0.028057951480150223,0.5662432909011841,0.35491326451301575,0.007888387888669968,0.5795415639877319,0.35890042781829834,0.021717526018619537,0.5417643785476685,0.3627772331237793,-0.001599916722625494,0.5721584558486938,0.33756017684936523,0.009814642369747162,0.544650137424469,0.3814157247543335,-0.009833080694079399,0.5543802380561829,0.41762208938598633,-0.02028961107134819,0.5872513651847839,0.36144712567329407,0.03191401809453964,0.5787917971611023,0.3677334487438202,0.016718950122594833,0.573587954044342,0.37496280670166016,0.009822553023695946,0.5625045299530029,0.3782165050506592,0.004578766413033009,0.5535579323768616,0.377642422914505,0.0006472549284808338,0.5473965406417847,0.3761146068572998,-0.003440546104684472,0.5371170043945312,0.3742074966430664,-0.02127300202846527,0.5897641181945801,0.38076525926589966,0.03421159088611603,0.5759601593017578,0.33479276299476624,0.01315404660999775,0.5455215573310852,0.4334719777107239,-0.02696875110268593,0.5501642227172852,0.3956432044506073,-0.00657276064157486,0.5820630788803101,0.33395934104919434,0.06842540204524994,0.5427541732788086,0.37370508909225464,-0.00648143608123064,0.5555305480957031,0.41289693117141724,-0.0006152401911094785,0.5688343048095703,0.34349051117897034,0.012422561645507812,0.5527334809303284,0.4104142487049103,-0.01894712634384632,0.5842611789703369,0.3957532048225403,0.0845070481300354,0.5408581495285034,0.35936060547828674,-0.0007665111916139722,0.5490995049476624,0.4084797203540802,-0.026833096519112587,0.5788528323173523,0.4508749842643738,0.04986535757780075,0.5757675170898438,0.45731794834136963,0.06384836882352829,0.5898715257644653,0.37706702947616577,0.05864335224032402,0.5841589570045471,0.43568047881126404,0.05676029622554779,0.5815609693527222,0.323275089263916,0.034965548664331436,0.562954843044281,0.4900689721107483,0.031724296510219574,0.5441633462905884,0.4345642030239105,-0.018011683598160744,0.5556285977363586,0.3992721736431122,-0.0019160812953487039,0.5799519419670105,0.34473711252212524,0.029677100479602814,0.5609959363937378,0.35348591208457947,0.0037880237214267254,0.5557774901390076,0.3563271164894104,0.00132911023683846,0.5594648122787476,0.4545040428638458,0.016786204650998116,0.5899797081947327,0.39848706126213074,0.04014280065894127,0.5547979474067688,0.5046613812446594,0.033344656229019165,0.5655331611633301,0.4843059778213501,0.04723088815808296,0.5698625445365906,0.4727853536605835,0.0546066053211689,0.5502521395683289,0.3578289747238159,-0.00022713080397807062,0.5451609492301941,0.35854077339172363,-0.0005647927173413336,0.542168378829956,0.35932034254074097,-0.00025309016928076744,0.5779358744621277,0.3307310938835144,0.019933508709073067,0.5447356700897217,0.3496253192424774,-0.0028816049452871084,0.5496466755867004,0.34430187940597534,-0.00308019295334816,0.5555259585380554,0.3414172828197479,-0.001672845333814621,0.5609692931175232,0.3407703936100006,0.0012479278957471251,0.5640892386436462,0.3418438732624054,0.004252624697983265,0.5805372595787048,0.3146653175354004,0.05272755026817322,0.5639637112617493,0.3504038453102112,0.006388654001057148,0.5578998327255249,0.4355725049972534,0.000632694223895669,0.5532320737838745,0.4238191545009613,-0.01351950317621231,0.5486949682235718,0.43919089436531067,-0.007966439239680767,0.572702169418335,0.4654301702976227,0.0447850339114666,0.5676098465919495,0.4773743450641632,0.03882325440645218,0.5559340119361877,0.5009250044822693,0.024740295484662056,0.5797409415245056,0.4405410885810852,0.07457566261291504,0.5420235395431519,0.3557085692882538,-0.0017249375814571977,0.5434792637825012,0.38860467076301575,-0.019233491271734238,0.5611065030097961,0.49542325735092163,0.03943488001823425,0.5896230936050415,0.3969969153404236,0.06172584742307663,0.5515302419662476,0.45829129219055176,0.006081182975322008,0.5529059767723083,0.46044185757637024,0.006220025010406971,0.5539219379425049,0.46340781450271606,0.006258539389818907,0.5545338988304138,0.4672339856624603,0.008176814764738083,0.5569739937782288,0.4715554118156433,0.014932646416127682,0.5576361417770386,0.4521075189113617,0.012834792956709862,0.5585445761680603,0.4506656527519226,0.013194874860346317,0.559307873249054,0.44933807849884033,0.013195076957345009,0.5667811632156372,0.43890246748924255,0.014067319221794605,0.5857263803482056,0.4085896611213684,0.02613331750035286,0.5407314896583557,0.3773758113384247,-0.015209708362817764,0.537638247013092,0.35556337237358093,-0.008139805868268013,0.5400365591049194,0.35414355993270874,-0.004272890742868185,0.5565682649612427,0.45365506410598755,0.013611898757517338,0.5847747325897217,0.42696788907051086,0.040922604501247406,0.535243570804596,0.35886818170547485,-0.017316561192274094,0.5597909688949585,0.4770222008228302,0.020464597269892693,0.5397830605506897,0.38641682267189026,-0.02581687457859516,0.5490745902061462,0.4015166163444519,-0.015529073774814606,0.5528393387794495,0.4863852560520172,0.016076134517788887,0.5690118074417114,0.4546639621257782,0.026617899537086487,0.5610623955726624,0.41709181666374207,0.0034913835115730762,0.5646725296974182,0.4663854241371155,0.024209676310420036,0.5748926997184753,0.40931418538093567,0.008921368978917599,0.5675179958343506,0.42295342683792114,0.008222098462283611,0.5797490477561951,0.41967537999153137,0.018437594175338745,0.5553634166717529,0.4946817457675934,0.01933450624346733,0.5515643954277039,0.4039832055568695,-0.009069993160665035,0.5726439952850342,0.45838817954063416,0.03500289469957352,0.5671658515930176,0.47106313705444336,0.031433314085006714,0.5732738375663757,0.4425745904445648,0.025789737701416016,0.5884735584259033,0.41336411237716675,0.04543847218155861,0.5791526436805725,0.4401996433734894,0.033195964992046356,0.5878186225891113,0.4162311851978302,0.0629529356956482,0.5721247792243958,0.4302157461643219,0.015088708139955997,0.546646237373352,0.3920142650604248,-0.012457516975700855,0.5533965229988098,0.4229026734828949,-0.021498430520296097,0.5553833842277527,0.4217214286327362,-0.01342252641916275,0.5514479279518127,0.4189167618751526,-0.027279410511255264,0.5416674613952637,0.34584110975265503,-0.010445852763950825,0.5512729287147522,0.3365728259086609,-0.010184376500546932,0.560108482837677,0.3321448266506195,-0.007427238393574953,0.5668736696243286,0.3309520184993744,-0.002596995560452342,0.5708160400390625,0.33271169662475586,0.0028588888235390186,0.5723797082901001,0.3447257876396179,0.01603013277053833,0.5883253812789917,0.3579760789871216,0.053346727043390274,0.5717456340789795,0.3601836860179901,0.012625203467905521,0.5671342611312866,0.3658744692802429,0.007928192615509033,0.5592776536941528,0.36907488107681274,0.003865103702992201,0.5513688325881958,0.3699072301387787,0.0005878002848476171,0.5456012487411499,0.3694531321525574,-0.0017204845789819956,0.5417831540107727,0.36855435371398926,-0.0035693871323019266,0.5827056169509888,0.35348427295684814,0.07767631858587265,0.5548252463340759,0.4228781461715698,-0.009942851029336452,0.545879602432251,0.3985191583633423,-0.022166939452290535,0.5507858395576477,0.42612892389297485,-0.02709483727812767,0.5477680563926697,0.43045344948768616,-0.024273429065942764,0.5502338409423828,0.42681965231895447,-0.023777306079864502,0.5535515546798706,0.4251693785190582,-0.007642820477485657,0.5470932722091675,0.43208056688308716,-0.025944571942090988,0.5458152890205383,0.433174729347229,-0.018033137544989586,0.5395281910896301,0.36098626255989075,-0.002297359751537442,0.5383265018463135,0.3652017414569855,-0.0064984760247170925,0.5385648608207703,0.36845239996910095,-0.010702315717935562,0.5657299160957336,0.34292730689048767,0.007110179867595434,0.5691280961036682,0.3387495279312134,0.007629240397363901,0.48656830191612244,0.37042686343193054,-0.013136480003595352,0.49385160207748413,0.3685731589794159,-0.013136480003595352,0.4853174388408661,0.36019811034202576,-0.013136480003595352,0.47911009192466736,0.372262567281723,-0.013136480003595352,0.48783332109451294,0.380592942237854,-0.013136480003595352,0.5516400933265686,0.3493134677410126,0.0019898763857781887,0.5586380362510681,0.34683024883270264,0.0019898763857781887,0.5499771237373352,0.34034135937690735,0.0019898763857781887,0.5446218252182007,0.3517133295536041,0.0019898763857781887,0.5534038543701172,0.3582545518875122,0.0019898763857781887
866.666666666667,0.5505788326263428,0.4551485776901245,-0.008543593809008598,0.5509937405586243,0.4302050471305847,-0.031237006187438965,0.5481030941009521,0.4353541433811188,-0.012830473482608795,0.5394361615180969,0.3995363414287567,-0.030777407810091972,0.5502839088439941,0.42161649465560913,-0.035006579011678696,0.5476161241531372,0.4085504114627838,-0.034851908683776855,0.5388980507850647,0.3736400604248047,-0.02538960427045822,0.4843653440475464,0.3762208819389343,-0.0135873444378376,0.5337875485420227,0.34574347734451294,-0.026030659675598145,0.5322341322898865,0.33279645442962646,-0.03033856488764286,0.5230134725570679,0.28174370527267456,-0.03445367142558098,0.5505903363227844,0.45794278383255005,-0.00694806594401598,0.5502527952194214,0.46074044704437256,-0.004362774081528187,0.5497047901153564,0.4627113342285156,-0.00042772499728016555,0.5493528246879578,0.462820827960968,0.0004148888401687145,0.5500349402427673,0.46668311953544617,0.0009964157361537218,0.5504079461097717,0.4710610508918762,0.0008383705280721188,0.5503181219100952,0.47548723220825195,0.0030930074863135815,0.5504966974258423,0.48230695724487305,0.01098308339715004,0.5504039525985718,0.43363162875175476,-0.027233842760324478,0.5426422357559204,0.4342767596244812,-0.01969856396317482,0.44334590435028076,0.3384895622730255,-0.0003138133615721017,0.5059227347373962,0.3805408179759979,-0.014639686793088913,0.499544620513916,0.38295674324035645,-0.015505863353610039,0.49262571334838867,0.3842500150203705,-0.015230724588036537,0.48139020800590515,0.3797028362751007,-0.012523362413048744,0.5109519362449646,0.37746813893318176,-0.012645435519516468,0.49209079146385193,0.3558967411518097,-0.022408125922083855,0.5000525116920471,0.35538142919540405,-0.020776240155100822,0.4850027561187744,0.3592059314250946,-0.02131178230047226,0.480426162481308,0.36389803886413574,-0.019259795546531677,0.4761136770248413,0.38721588253974915,-0.009189649485051632,0.5281834602355957,0.4986649751663208,0.016237741336226463,0.48060882091522217,0.3734714388847351,-0.01244954951107502,0.44749078154563904,0.3816598355770111,0.012209821492433548,0.4656851291656494,0.3818807601928711,-0.006078182253986597,0.5088395476341248,0.4224857687950134,-0.011496162042021751,0.5423296093940735,0.45574912428855896,-0.009911728091537952,0.5424331426620483,0.46227574348449707,-0.00524114677682519,0.5334529280662537,0.4590812921524048,-0.007840599864721298,0.5266565084457397,0.4611583948135376,-0.004090647213160992,0.534873366355896,0.46327129006385803,-0.004437682218849659,0.5284478068351746,0.46370840072631836,-0.0010147804860025644,0.5176373720169067,0.47198837995529175,0.008167814463376999,0.5458196997642517,0.4314752221107483,-0.03180290013551712,0.5443093776702881,0.4231880009174347,-0.03551071882247925,0.4703902304172516,0.3596872091293335,-0.022261442616581917,0.5190392732620239,0.39566949009895325,-0.014806093648076057,0.5269573330879211,0.4284946322441101,-0.020546866580843925,0.5250913500785828,0.4227689504623413,-0.019724180921912193,0.48567041754722595,0.42496833205223083,-0.009121494367718697,0.5419098138809204,0.41082507371902466,-0.03444530814886093,0.48899543285369873,0.3475121855735779,-0.03042336367070675,0.4783022403717041,0.35219430923461914,-0.02743658982217312,0.4512956738471985,0.32170090079307556,-0.01413836982101202,0.5201695561408997,0.3508411943912506,-0.027913138270378113,0.5069446563720703,0.35825100541114807,-0.017082972452044487,0.5116108655929565,0.465262770652771,0.005886686500161886,0.463215708732605,0.46036702394485474,0.05087195336818695,0.5320058465003967,0.43258026242256165,-0.016060763970017433,0.5374214053153992,0.4338950514793396,-0.013796700164675713,0.5165770053863525,0.46333175897598267,0.006255313288420439,0.5182474255561829,0.46367165446281433,0.0053421733900904655,0.47311094403266907,0.34661877155303955,-0.026859881356358528,0.526042103767395,0.43086686730384827,-0.01613517850637436,0.5028377175331116,0.34657853841781616,-0.030742041766643524,0.5010695457458496,0.33917245268821716,-0.03402925655245781,0.4823884665966034,0.29590296745300293,-0.035029336810112,0.4625234305858612,0.33360251784324646,-0.02183704264461994,0.49222302436828613,0.3162953853607178,-0.03535562753677368,0.4640764594078064,0.3554029166698456,-0.019120333716273308,0.4541779160499573,0.34714892506599426,-0.010505858808755875,0.5423561334609985,0.45927053689956665,-0.00830846931785345,0.5341637134552002,0.46122971177101135,-0.0063071236945688725,0.5275538563728333,0.4624254107475281,-0.002941068261861801,0.5332959890365601,0.4333550035953522,-0.013709301128983498,0.5174481272697449,0.46350714564323425,0.005836874712258577,0.5218737125396729,0.466232568025589,0.004188704304397106,0.5190623998641968,0.46383848786354065,0.005360030103474855,0.5365095138549805,0.4315229058265686,-0.02522428333759308,0.5290693044662476,0.46471524238586426,0.0008845335687510669,0.5354279279708862,0.4647155702114105,-0.0008372987504117191,0.5424569249153137,0.46416932344436646,-0.00156326440628618,0.5420176386833191,0.48427146673202515,0.009504669345915318,0.5421527028083801,0.4770948886871338,0.0015463951276615262,0.5423063635826111,0.4725847840309143,-0.0005593366222456098,0.5423429012298584,0.46814635396003723,-0.0003379083063919097,0.5422762632369995,0.4644090533256531,-0.0007154394406825304,0.5289292335510254,0.4649968147277832,0.0015780358808115125,0.5281792283058167,0.46666836738586426,0.0016606986755505204,0.5272597670555115,0.46897631883621216,0.0014692110707983375,0.5264834761619568,0.47148025035858154,0.002852369798347354,0.519882321357727,0.452543705701828,-0.0048141865991055965,0.4464615285396576,0.4167949855327606,0.046752527356147766,0.5494348406791687,0.4346567690372467,-0.018165497109293938,0.524013102054596,0.4645596444606781,0.0037596060428768396,0.5229895114898682,0.46531638503074646,0.003918538335710764,0.5399085283279419,0.4365103244781494,-0.012782521545886993,0.5276760458946228,0.43449845910072327,-0.009312832728028297,0.5387327671051025,0.4352589547634125,-0.013530620373785496,0.5124377608299255,0.40192192792892456,-0.013088922947645187,0.5018712282180786,0.4108993113040924,-0.012469950132071972,0.5236002802848816,0.4258018732070923,-0.01550973393023014,0.46371716260910034,0.30740368366241455,-0.026153020560741425,0.4745846688747406,0.3230093717575073,-0.029802698642015457,0.48563215136528015,0.3404664099216461,-0.031921982765197754,0.5245984196662903,0.4779130220413208,0.007838885299861431,0.5172431468963623,0.3388674557209015,-0.03324674069881439,0.5094999670982361,0.31218665838241577,-0.03643988072872162,0.5014543533325195,0.2879215180873871,-0.03747496381402016,0.48587021231651306,0.38330671191215515,-0.01392137911170721,0.4688754379749298,0.3955546021461487,-0.005942954681813717,0.5141103267669678,0.3749157190322876,-0.01168538723140955,0.4735918939113617,0.36966457962989807,-0.015707382932305336,0.52354896068573,0.38951507210731506,-0.017123226076364517,0.5317807793617249,0.426347553730011,-0.026545779779553413,0.46056339144706726,0.4020608961582184,0.0006697854259982705,0.4762202799320221,0.4019224941730499,-0.009162716567516327,0.48716259002685547,0.4041614532470703,-0.012164355255663395,0.5007264614105225,0.39978736639022827,-0.01222850289195776,0.5096268653869629,0.3938595652580261,-0.012146320194005966,0.5157994627952576,0.38854438066482544,-0.013037367723882198,0.5328476428985596,0.3771454393863678,-0.024358108639717102,0.4647754430770874,0.4217348098754883,0.0033346456475555897,0.4671579599380493,0.36958110332489014,-0.014778483659029007,0.5471736788749695,0.434440016746521,-0.027735143899917603,0.5221424102783203,0.4058292806148529,-0.015130127780139446,0.4392216205596924,0.37642624974250793,0.031070474535226822,0.5206919312477112,0.3832656145095825,-0.01403048262000084,0.5215780735015869,0.42505183815956116,-0.009190903045237064,0.4775943458080292,0.37435388565063477,-0.011753481812775135,0.5296939015388489,0.4191698431968689,-0.025414975360035896,0.4529789388179779,0.4385458827018738,0.05017821490764618,0.5128290057182312,0.37185922265052795,-0.011380080133676529,0.5357572436332703,0.4142927825450897,-0.03132614865899086,0.49168717861175537,0.48395246267318726,0.027315489947795868,0.49030113220214844,0.49014535546302795,0.039993464946746826,0.45307543873786926,0.4212172329425812,0.024871019646525383,0.4785025119781494,0.4735230803489685,0.030125195160508156,0.4498603641986847,0.3629208207130432,0.0020425282418727875,0.5275359749794006,0.5059306621551514,0.02178553305566311,0.5468277335166931,0.4350825846195221,-0.018278727307915688,0.5163635015487671,0.41305726766586304,-0.012483429163694382,0.4581576883792877,0.3840036392211914,-0.0012397563550621271,0.4929453730583191,0.37865927815437317,-0.015502112917602062,0.4990338683128357,0.3777913749217987,-0.015759648755192757,0.5208232402801514,0.46729207038879395,0.005103792995214462,0.4682989716529846,0.43917831778526306,0.010515422560274601,0.5393957495689392,0.5126145482063293,0.027907773852348328,0.5171518921852112,0.5053763389587402,0.03224639594554901,0.5055519342422485,0.4994317889213562,0.03541536256670952,0.5279996395111084,0.3075200915336609,-0.033646274358034134,0.5512992739677429,0.5100338459014893,0.029819656163454056,0.5041455030441284,0.3757028877735138,-0.014858984388411045,0.5087780356407166,0.37336647510528564,-0.013194062747061253,0.51171875,0.37238752841949463,-0.011664101853966713,0.4599456191062927,0.367505818605423,-0.010157311335206032,0.5056806802749634,0.3646162748336792,-0.01588963158428669,0.4993879795074463,0.3620695173740387,-0.01817355677485466,0.49344998598098755,0.36268842220306396,-0.019146421924233437,0.48768723011016846,0.36548471450805664,-0.018551930785179138,0.48424577713012695,0.3688180446624756,-0.016934258863329887,0.4394843876361847,0.35571274161338806,0.01601124368607998,0.48816370964050293,0.3778553903102875,-0.014557410962879658,0.5482820272445679,0.4412398934364319,-0.009851102717220783,0.5267307758331299,0.4473760426044464,-0.007821712642908096,0.5324689149856567,0.432043194770813,-0.018900446593761444,0.5398319363594055,0.4437774419784546,-0.011066220700740814,0.53547203540802,0.35867083072662354,-0.023547718301415443,0.5046725273132324,0.4928261935710907,0.02670886181294918,0.5158961415290833,0.4994075894355774,0.024918168783187866,0.539871096611023,0.5090375542640686,0.01986689493060112,0.476343035697937,0.47776609659194946,0.046243008226156235,0.5105423927307129,0.3691810071468353,-0.013385226018726826,0.5312919020652771,0.39402660727500916,-0.02396448329091072,0.5521440505981445,0.5063071250915527,0.02194426953792572,0.5284191966056824,0.5104283094406128,0.02865668199956417,0.4583868682384491,0.4405396580696106,0.029581397771835327,0.5353115797042847,0.4650401473045349,-3.7442910979734734e-05,0.5347816944122314,0.4679287374019623,6.089666567277163e-05,0.5343459844589233,0.4714653491973877,-0.0001776541321305558,0.5340533256530762,0.4755379557609558,0.0015136696165427566,0.5327355265617371,0.48243528604507446,0.007599011063575745,0.5229107737541199,0.4637174904346466,0.0020987316966056824,0.5218664407730103,0.46305015683174133,0.0014127627946436405,0.5209494233131409,0.4623413383960724,0.0006501390598714352,0.5144219994544983,0.45857489109039307,-0.0005788358394056559,0.4812205731868744,0.4442625045776367,0.0011826143600046635,0.5282162427902222,0.38278740644454956,-0.020375289022922516,0.5184541344642639,0.36421629786491394,-0.015043679624795914,0.5133264660835266,0.3654623031616211,-0.014131719246506691,0.5239751935005188,0.4643879234790802,0.0033195430878549814,0.48220211267471313,0.46318453550338745,0.01578015834093094,0.5263388156890869,0.3638105094432831,-0.02142208255827427,0.5299287438392639,0.4902721047401428,0.012418816797435284,0.5447474122047424,0.3970034718513489,-0.03145940601825714,0.5362880229949951,0.38918787240982056,-0.028243044391274452,0.5419986248016357,0.38603511452674866,-0.028435522690415382,0.528695821762085,0.4094012975692749,-0.021604053676128387,0.5521292686462402,0.4995671510696411,0.01640969328582287,0.5512259006500244,0.490431010723114,0.013927919790148735,0.5411204099655151,0.4927811622619629,0.012758559547364712,0.5119400024414062,0.47724390029907227,0.01155093964189291,0.5161295533180237,0.4329950213432312,-0.007433316670358181,0.5203018188476562,0.48483648896217346,0.012567940168082714,0.49874910712242126,0.4357071816921234,-0.008818097412586212,0.5105862021446228,0.4432605504989624,-0.005752828437834978,0.4937792420387268,0.449974924325943,-0.0019526486285030842,0.540455162525177,0.5021784901618958,0.014726328663527966,0.5244082808494568,0.4139072000980377,-0.01676803268492222,0.5066848397254944,0.48465263843536377,0.01778230257332325,0.5173975825309753,0.49199774861335754,0.018516071140766144,0.504899263381958,0.46837538480758667,0.007490763906389475,0.4722639322280884,0.4530922472476959,0.017223723232746124,0.4949122667312622,0.47155290842056274,0.012034891173243523,0.4660886526107788,0.45788413286209106,0.03260686993598938,0.5059003233909607,0.45427238941192627,-0.0016639564419165254,0.526656448841095,0.39978092908859253,-0.019224664196372032,0.5346043109893799,0.4305912256240845,-0.02709059976041317,0.5295907258987427,0.4315505623817444,-0.01994730904698372,0.5379019379615784,0.42487919330596924,-0.03154955431818962,0.5127938389778137,0.35699549317359924,-0.01987667754292488,0.5015546083450317,0.35295170545578003,-0.02395455352962017,0.491473913192749,0.3534325361251831,-0.025372296571731567,0.48299098014831543,0.35688331723213196,-0.02416021190583706,0.4768475592136383,0.36227095127105713,-0.021175246685743332,0.4727509617805481,0.3780457377433777,-0.009742564521729946,0.4493050277233124,0.40168479084968567,0.01853172481060028,0.4814809262752533,0.39087653160095215,-0.010848097503185272,0.4901014566421509,0.3926883339881897,-0.01249776128679514,0.49967920780181885,0.3905627131462097,-0.012926207855343819,0.5076618194580078,0.3864610195159912,-0.012696522288024426,0.5133711695671082,0.382419615983963,-0.011786450631916523,0.5174396634101868,0.3790929913520813,-0.011854195035994053,0.44224846363067627,0.3961191475391388,0.04061640426516533,0.5291216373443604,0.4326256513595581,-0.01634862646460533,0.5339323878288269,0.40390029549598694,-0.02681986801326275,0.5404240489006042,0.43124109506607056,-0.030357101932168007,0.542844831943512,0.4338381886482239,-0.025892361998558044,0.5394935607910156,0.4320555627346039,-0.02717837132513523,0.5303888916969299,0.43401074409484863,-0.012925295159220695,0.5448235869407654,0.43446674942970276,-0.02710771933197975,0.5445102453231812,0.4351543188095093,-0.018966414034366608,0.5157185196876526,0.3719492256641388,-0.01113111525774002,0.5203338861465454,0.3737010061740875,-0.013109245337545872,0.5240162014961243,0.3756682872772217,-0.016110528260469437,0.48225265741348267,0.371346116065979,-0.01502115000039339,0.47756457328796387,0.3688974976539612,-0.01585431769490242,0.5494163632392883,0.39628228545188904,-0.02755623497068882,0.5710029602050781,0.3470788598060608,0.01004746276885271,0.5544146299362183,0.4301355481147766,-0.017223848029971123,0.5814813375473022,0.2984119653701782,0.03685218468308449,0.5558199286460876,0.3629705607891083,0.0006091270479373634,0.5621305704116821,0.3610757887363434,0.002802247414365411,0.567924439907074,0.3584345281124115,0.005900623742491007,0.5729529857635498,0.3495252728462219,0.012523690238595009,0.5507409572601318,0.3630606234073639,-0.000603721768129617,0.5629779696464539,0.3347119390964508,-0.003185359761118889,0.555715799331665,0.33836570382118225,-0.005593127571046352,0.5692244172096252,0.33386096358299255,0.0008419437217526138,0.5727947950363159,0.33564966917037964,0.004631257150322199,0.5785285234451294,0.35417476296424866,0.017822127789258957,0.5684108734130859,0.4823785424232483,0.027002129703760147,0.5721133351325989,0.34360912442207336,0.012302860617637634,0.5891179442405701,0.3378760814666748,0.0490395613014698,0.5816981792449951,0.34496963024139404,0.02422194741666317,0.5703601241111755,0.4024938642978668,0.0037477188743650913,0.5567435026168823,0.45074746012687683,-0.006153840105980635,0.555661678314209,0.45767030119895935,-0.0017753236461430788,0.5611600875854492,0.448973149061203,-4.36144218838308e-05,0.5637552738189697,0.44796696305274963,0.006670678500086069,0.5594497323036194,0.4546911418437958,0.0023173659574240446,0.5619980096817017,0.45227667689323425,0.008053595200181007,0.5705046057701111,0.45362845063209534,0.02207254245877266,0.5552911758422852,0.4280863404273987,-0.029755819588899612,0.5554090738296509,0.4195108711719513,-0.03306187689304352,0.5804939270019531,0.3263595998287201,0.00628559710457921,0.5551705360412598,0.3840722441673279,-0.004797091707587242,0.5630571842193604,0.41659098863601685,-0.01130884513258934,0.5618692636489868,0.4108235538005829,-0.010186775587499142,0.585968017578125,0.39216676354408264,0.016300013288855553,0.5525535941123962,0.4073335826396942,-0.03132940083742142,0.5695708990097046,0.32424062490463257,-0.0105114271864295,0.5764413475990295,0.3232199549674988,-0.0025618639774620533,0.5770583152770996,0.28583818674087524,0.01929592527449131,0.5458204746246338,0.3422125279903412,-0.02124418318271637,0.5498229265213013,0.344255656003952,-0.004827377386391163,0.5739952921867371,0.4440059959888458,0.022833846509456635,0.5858138203620911,0.41763418912887573,0.08537521213293076,0.5596886277198792,0.42336344718933105,-0.009278704412281513,0.5561763644218445,0.42796415090560913,-0.010368043556809425,0.5670064687728882,0.44677990674972534,0.020797286182641983,0.5659347772598267,0.4480414390563965,0.0180892962962389,0.5778990983963013,0.3158923387527466,-0.00042081414721906185,0.5626288056373596,0.41901373863220215,-0.00711015285924077,0.5595694184303284,0.3296225666999817,-0.01707756705582142,0.5600159764289856,0.32163387537002563,-0.019990606233477592,0.5576981902122498,0.27498260140419006,-0.01587473414838314,0.5777958631515503,0.2992996573448181,0.00733336852863431,0.5588791966438293,0.2968253791332245,-0.01924854703247547,0.5819726586341858,0.3202548325061798,0.01137779001146555,0.5824832320213318,0.3086276948451996,0.022528674453496933,0.556435763835907,0.4544430375099182,-0.004590045195072889,0.5603917837142944,0.4519464671611786,0.0009949004743248224,0.5629633069038391,0.4500844478607178,0.006870578974485397,0.5585494637489319,0.42504000663757324,-0.008156069554388523,0.5664539337158203,0.4474320411682129,0.019253334030508995,0.5648386478424072,0.451808899641037,0.01540788821876049,0.5653672218322754,0.4486953616142273,0.017755087465047836,0.5588704943656921,0.42372989654541016,-0.0189021285623312,0.5610718727111816,0.45411503314971924,0.00947064533829689,0.5584291815757751,0.4569149911403656,0.005504694301635027,0.5547358989715576,0.459952175617218,0.0019565627444535494,0.5574467182159424,0.47861629724502563,0.012940964661538601,0.5564678311347961,0.471752405166626,0.0051870523020625114,0.5563087463378906,0.4674006700515747,0.003264671890065074,0.5555173754692078,0.4633355140686035,0.0033913759980350733,0.5543276071548462,0.4600675106048584,0.002840309636667371,0.5607704520225525,0.454143762588501,0.010150319896638393,0.561978816986084,0.45506930351257324,0.010197062976658344,0.5630984306335449,0.45653554797172546,0.010345453396439552,0.5638794898986816,0.45846474170684814,0.012416004203259945,0.5691690444946289,0.436207115650177,0.007663487922400236,0.5868701338768005,0.37181559205055237,0.08528421074151993,0.5628321170806885,0.4516713321208954,0.01457552146166563,0.5639176368713379,0.45164328813552856,0.01473703607916832,0.5546977519989014,0.4320010542869568,-0.009398606605827808,0.5611624717712402,0.4238206446170807,-0.002190937986597419,0.5554183125495911,0.4301224946975708,-0.010209042578935623,0.5611211061477661,0.3862993121147156,0.00033674598671495914,0.5717963576316833,0.3883092403411865,0.005695770028978586,0.5623825788497925,0.4133104383945465,-0.005703898146748543,0.5700035691261292,0.2775697708129883,0.001159669365733862,0.5705099105834961,0.2947262227535248,-0.006342296954244375,0.5704235434532166,0.31580525636672974,-0.010950123891234398,0.5675048828125,0.4623786211013794,0.01915837451815605,0.5469520092010498,0.3297569453716278,-0.026081247255206108,0.5451942682266235,0.3017321825027466,-0.028038660064339638,0.5426199436187744,0.2764703631401062,-0.02779085747897625,0.5716562271118164,0.3544020354747772,0.009647983126342297,0.5844278931617737,0.35855817794799805,0.024001063778996468,0.5475221872329712,0.3624061346054077,-0.0009639288182370365,0.5775194764137268,0.3370175063610077,0.011742831207811832,0.5512707829475403,0.3805614709854126,-0.009086408652365208,0.5614345669746399,0.41649362444877625,-0.019026566296815872,0.5917482376098633,0.36010128259658813,0.03452717512845993,0.5840840935707092,0.36719465255737305,0.018937725573778152,0.5791997313499451,0.37425723671913147,0.011742674745619297,0.5682625770568848,0.3773678243160248,0.006059742998331785,0.5594131946563721,0.37681007385253906,0.001754946424625814,0.5533697009086609,0.37530744075775146,-0.0026164082810282707,0.5441427230834961,0.37350594997406006,-0.020916258916258812,0.5942351222038269,0.3795713484287262,0.036982931196689606,0.5811408162117004,0.33413365483283997,0.015265812166035175,0.5531520247459412,0.432227224111557,-0.026089051738381386,0.5566878318786621,0.394808828830719,-0.005532592535018921,0.5852329730987549,0.33220016956329346,0.0708078071475029,0.548869252204895,0.372873455286026,-0.005875405389815569,0.5617488026618958,0.41224098205566406,0.000580920372158289,0.5741158127784729,0.3432123064994812,0.014261250384151936,0.559692919254303,0.4094204604625702,-0.017746996134519577,0.5872297883033752,0.39376166462898254,0.08709083497524261,0.546486496925354,0.35909026861190796,-0.0001778868754627183,0.5564716458320618,0.40748149156570435,-0.025768248364329338,0.5834681987762451,0.4494713842868805,0.05211372300982475,0.5801124572753906,0.45563140511512756,0.06597279757261276,0.5936073660850525,0.3753941059112549,0.06157749518752098,0.5883293151855469,0.43410351872444153,0.05941007658839226,0.5858890414237976,0.3217534124851227,0.03728136792778969,0.5687057971954346,0.4886099100112915,0.0334961824119091,0.5517125725746155,0.4334098696708679,-0.0172556322067976,0.5618489384651184,0.39849215745925903,-0.0006584933144040406,0.58419269323349,0.3444913327693939,0.03207392990589142,0.566579282283783,0.35300588607788086,0.005277256481349468,0.5614410042762756,0.35589879751205444,0.0026255615521222353,0.5656226277351379,0.4522472620010376,0.017211271449923515,0.5942631959915161,0.39722639322280884,0.04289672523736954,0.5607940554618835,0.5034722089767456,0.03459939360618591,0.5706607699394226,0.48269352316856384,0.04893248900771141,0.5746410489082336,0.4711112380027771,0.05646095424890518,0.5559090971946716,0.3574955463409424,0.0008339533233083785,0.5508192777633667,0.35827383399009705,0.0002733587461989373,0.5478163957595825,0.35906609892845154,0.0004284367896616459,0.5829394459724426,0.33015763759613037,0.022180411964654922,0.5502283573150635,0.34936314821243286,-0.0020903944969177246,0.5551139712333679,0.34405672550201416,-0.002086472697556019,0.561038076877594,0.3411865234375,-0.00043714523781090975,0.5664446949958801,0.34056660532951355,0.002719602081924677,0.5694968700408936,0.3416345715522766,0.0058461385779082775,0.5843146443367004,0.31297045946121216,0.054990675300359726,0.5694376230239868,0.3499498665332794,0.008011463098227978,0.5643957853317261,0.4351690113544464,0.001706592389382422,0.5601193308830261,0.42270731925964355,-0.012388034723699093,0.5558955073356628,0.43859684467315674,-0.007103343959897757,0.5776670575141907,0.4639686346054077,0.04672379419207573,0.5729565024375916,0.47586339712142944,0.04066693037748337,0.5621867775917053,0.49963974952697754,0.026234306395053864,0.5835007429122925,0.43867629766464233,0.07698550075292587,0.5476028323173523,0.3554498851299286,-0.0010471546556800604,0.5505410432815552,0.387806236743927,-0.018542416393756866,0.566679835319519,0.49398133158683777,0.04099626839160919,0.593361496925354,0.3952385485172272,0.06467897444963455,0.5580475330352783,0.4570477604866028,0.006323089357465506,0.559385359287262,0.4591694176197052,0.006605691742151976,0.5603848099708557,0.46206414699554443,0.0067386506125330925,0.560973584651947,0.46578335762023926,0.00872789602726698,0.5633725523948669,0.4711189866065979,0.015744224190711975,0.5639805793762207,0.45009395480155945,0.013369419611990452,0.5648499727249146,0.44860202074050903,0.013784529641270638,0.5656036734580994,0.4472016990184784,0.013876780867576599,0.5726326704025269,0.43905937671661377,0.015047707594931126,0.5905051231384277,0.4076355993747711,0.028539065271615982,0.5475741624832153,0.37659376859664917,-0.014672589488327503,0.5436887741088867,0.3547675907611847,-0.00785425677895546,0.5458279252052307,0.3536236882209778,-0.0037736636586487293,0.5629491806030273,0.4516996145248413,0.014175054617226124,0.5892290472984314,0.4258314371109009,0.04331812635064125,0.5416538119316101,0.35769128799438477,-0.017119428142905235,0.5659612417221069,0.4761878550052643,0.021610736846923828,0.5470684170722961,0.3856843113899231,-0.02533786930143833,0.5559969544410706,0.40063366293907166,-0.014547524973750114,0.5594465136528015,0.48556023836135864,0.017192332074046135,0.5747590065002441,0.45431503653526306,0.027746906504034996,0.5671921968460083,0.4164367616176605,0.004831061232835054,0.570578396320343,0.4657287001609802,0.02531851828098297,0.5805602073669434,0.408551424741745,0.01080451812595129,0.5735281109809875,0.4223657548427582,0.009623752906918526,0.5850051641464233,0.41897401213645935,0.020399700850248337,0.5617979168891907,0.49354588985443115,0.020663615316152573,0.5581467747688293,0.40315061807632446,-0.007959777489304543,0.5779946446418762,0.45745235681533813,0.036598388105630875,0.5728121399879456,0.4699545204639435,0.03294501081109047,0.5788866281509399,0.442406564950943,0.02723393216729164,0.5926746129989624,0.4120331406593323,0.048102837055921555,0.5841982960700989,0.4394269585609436,0.035080522298812866,0.5916744470596313,0.41445058584213257,0.06586402654647827,0.5778568983078003,0.43001213669776917,0.016538353636860847,0.553455114364624,0.3911685049533844,-0.011578935198485851,0.5605576634407043,0.42164769768714905,-0.020250706002116203,0.5621382594108582,0.4206901788711548,-0.012153205461800098,0.5588775277137756,0.4177369475364685,-0.026114447042346,0.5477592945098877,0.3447493612766266,-0.009999274276196957,0.5573259592056274,0.3356238901615143,-0.009377565234899521,0.5660700798034668,0.3313179016113281,-0.006232779938727617,0.5726721286773682,0.33018046617507935,-0.00104607455432415,0.5764263868331909,0.332019567489624,0.004640303552150726,0.5774983167648315,0.34439074993133545,0.018001340329647064,0.5920998454093933,0.3563218414783478,0.05616307631134987,0.5771373510360718,0.35968559980392456,0.014534953981637955,0.5727061033248901,0.36523211002349854,0.009600775316357613,0.564937174320221,0.368396133184433,0.0052514164708554745,0.5570929050445557,0.36926934123039246,0.0016438222955912352,0.5514269471168518,0.36883899569511414,-0.0009607244282960892,0.5477138161659241,0.3679231107234955,-0.003003119956701994,0.5855316519737244,0.35169562697410583,0.08012260496616364,0.561443030834198,0.42198166251182556,-0.00871566403657198,0.5531283020973206,0.39764443039894104,-0.0213001798838377,0.558253824710846,0.42482054233551025,-0.025996336713433266,0.5552354454994202,0.42921778559684753,-0.023347558453679085,0.5576106905937195,0.4255254864692688,-0.02270638570189476,0.5601319074630737,0.4244086444377899,-0.00653313472867012,0.5546481609344482,0.43082359433174133,-0.025033535435795784,0.5532858967781067,0.4320402145385742,-0.01722251996397972,0.5452834367752075,0.36058974266052246,-0.0018205957021564245,0.544336199760437,0.3645313084125519,-0.006125682033598423,0.5447922348976135,0.3675706088542938,-0.010325665585696697,0.5710795521736145,0.3427090346813202,0.008781136013567448,0.574578046798706,0.3383250832557678,0.009418121539056301,0.49319988489151,0.3710635006427765,-0.015003466978669167,0.5004510283470154,0.36906349658966064,-0.015003466978669167,0.4918718934059143,0.36074507236480713,-0.015003466978669167,0.48573848605155945,0.3730417788028717,-0.015003466978669167,0.4945235550403595,0.3813035488128662,-0.015003466978669167,0.5571349859237671,0.3483573794364929,0.0032067610882222652,0.5638801455497742,0.3460996448993683,0.0032067610882222652,0.5555433034896851,0.3393304944038391,0.0032067610882222652,0.5503537654876709,0.35052490234375,0.0032067610882222652,0.5587942600250244,0.35740602016448975,0.0032067610882222652
900.0000000000003,0.5542104840278625,0.4538545608520508,-0.008297826163470745,0.5562405586242676,0.42783796787261963,-0.030665943399071693,0.5527461171150208,0.4333144426345825,-0.01236667763441801,0.5447248816490173,0.39734402298927307,-0.030648725107312202,0.5556743144989014,0.41925162076950073,-0.03444454073905945,0.5529890060424805,0.40626662969589233,-0.034353431314229965,0.5440384745597839,0.37158361077308655,-0.0252840556204319,0.48832306265830994,0.37471503019332886,-0.015346872620284557,0.5390562415122986,0.34358420968055725,-0.02614900842308998,0.537693202495575,0.3305599093437195,-0.03055219165980816,0.5286202430725098,0.27934029698371887,-0.03496426343917847,0.5542120933532715,0.4566144347190857,-0.006711388006806374,0.553846538066864,0.45935744047164917,-0.004094583913683891,0.553260862827301,0.46124354004859924,-5.3614243370248005e-05,0.5529736876487732,0.4613521099090576,0.0004902378423139453,0.5536289215087891,0.4652245044708252,0.0012185961240902543,0.5539655685424805,0.4695858359336853,0.0011719719041138887,0.553820788860321,0.47397470474243164,0.003550024935975671,0.5537397861480713,0.4801132380962372,0.011654609814286232,0.5554664134979248,0.43133342266082764,-0.026686331257224083,0.5476241111755371,0.43215155601501465,-0.019391406327486038,0.4467991590499878,0.3363465666770935,-0.003144623711705208,0.5102553963661194,0.3791285455226898,-0.015805434435606003,0.5037660002708435,0.3816443979740143,-0.016861528158187866,0.4967278242111206,0.38287729024887085,-0.01676643081009388,0.4852706789970398,0.3780672550201416,-0.014354150742292404,0.5153660774230957,0.3758491277694702,-0.013608631677925587,0.4966352581977844,0.35333868861198425,-0.02391565963625908,0.5047390460968018,0.35277706384658813,-0.022060202434659004,0.4893893599510193,0.3567785322666168,-0.022989725694060326,0.48463174700737,0.36163997650146484,-0.021053330972790718,0.48001331090927124,0.3855927884578705,-0.011126180179417133,0.5312845706939697,0.4965441823005676,0.01591723971068859,0.48452210426330566,0.3717065751552582,-0.014294948428869247,0.4509391784667969,0.37990230321884155,0.009361077100038528,0.46953698992729187,0.38007447123527527,-0.008308312855660915,0.5135819315910339,0.4206862151622772,-0.01225622184574604,0.5461483001708984,0.45435935258865356,-0.009872646071016788,0.5462099313735962,0.4608360528945923,-0.005211280658841133,0.5374234318733215,0.4576352834701538,-0.008151136338710785,0.5307273864746094,0.4596640467643738,-0.00484108692035079,0.5387633442878723,0.46179693937301636,-0.004751290660351515,0.5324261784553528,0.46221408247947693,-0.0016853687120601535,0.5217800736427307,0.47065556049346924,0.006999806500971317,0.5511362552642822,0.4291316568851471,-0.03136998787522316,0.5497390627861023,0.42083632946014404,-0.035110700875520706,0.4750799238681793,0.3573225438594818,-0.024341268464922905,0.5237126350402832,0.3938246965408325,-0.015388025902211666,0.5320759415626526,0.42651018500328064,-0.020722946152091026,0.5301578640937805,0.4207904636859894,-0.019968321546912193,0.4901919960975647,0.42344343662261963,-0.010671351104974747,0.5473018288612366,0.40853381156921387,-0.03416959568858147,0.4941311776638031,0.3446536064147949,-0.03194040805101395,0.4832441508769989,0.34955698251724243,-0.029261713847517967,0.45532646775245667,0.31928181648254395,-0.01675201579928398,0.5252355933189392,0.34772780537605286,-0.028498413041234016,0.5116637349128723,0.3557268977165222,-0.01818666234612465,0.5160515308380127,0.46417126059532166,0.004494889173656702,0.4653133153915405,0.4590834081172943,0.04876391589641571,0.5370221734046936,0.43062153458595276,-0.01610408164560795,0.542349100112915,0.4318816661834717,-0.013581354171037674,0.5207391381263733,0.461871862411499,0.00489041768014431,0.5223933458328247,0.4622361660003662,0.004088148940354586,0.4781605899333954,0.34398359060287476,-0.028863415122032166,0.5310618877410889,0.42896953225135803,-0.016312086954712868,0.5080298185348511,0.3435247242450714,-0.03184281289577484,0.5064531564712524,0.3360326886177063,-0.03517233207821846,0.4875926375389099,0.2932739555835724,-0.036762941628694534,0.4669710397720337,0.3311859667301178,-0.024236435070633888,0.4975769519805908,0.3137475848197937,-0.03686792775988579,0.46878162026405334,0.35307028889656067,-0.021395614370703697,0.458125501871109,0.3449847400188446,-0.013176940381526947,0.5461695194244385,0.4578748047351837,-0.008307202719151974,0.5380975604057312,0.4597723186016083,-0.006653173826634884,0.5315712094306946,0.46093636751174927,-0.0036557393614202738,0.5382751822471619,0.43140605092048645,-0.013671502470970154,0.5215979814529419,0.4620608687400818,0.004537587519735098,0.5259143114089966,0.4647519886493683,0.003088465193286538,0.5232059359550476,0.46240898966789246,0.004136139526963234,0.5416678190231323,0.42941921949386597,-0.025148117914795876,0.5330053567886353,0.46321025490760803,0.0003129855322185904,0.5392783284187317,0.4632091522216797,-0.0010563693940639496,0.5461917519569397,0.46267902851104736,-0.0014549607876688242,0.5455211997032166,0.4820944666862488,0.009892583824694157,0.5458607077598572,0.475589394569397,0.0016979883657768369,0.5460647344589233,0.4710956811904907,-0.0005200615269131958,0.5461184978485107,0.46665528416633606,-0.0004143505357205868,0.5460405945777893,0.46290260553359985,-0.0009124460048042238,0.5328750014305115,0.4634893238544464,0.0007771102827973664,0.5321387648582458,0.46516042947769165,0.0009429802885279059,0.5312211513519287,0.4674682021141052,0.0007596523500978947,0.5304325819015503,0.46994632482528687,0.0020924655254930258,0.5246956944465637,0.4510035514831543,-0.0056383442133665085,0.4488183259963989,0.4153967499732971,0.044114913791418076,0.5543138980865479,0.43246954679489136,-0.01768844947218895,0.52801913022995,0.46309149265289307,0.0026674822438508272,0.5270153880119324,0.46384626626968384,0.0028625207487493753,0.5447597503662109,0.4344952404499054,-0.012530711479485035,0.5325866937637329,0.43264883756637573,-0.00939334835857153,0.5436258316040039,0.4332454204559326,-0.013288878835737705,0.5170654654502869,0.4001551866531372,-0.013866037130355835,0.506514847278595,0.4092320501804352,-0.013512939214706421,0.5285879969596863,0.4238884449005127,-0.015795791521668434,0.46835237741470337,0.30481866002082825,-0.028383206576108932,0.47951552271842957,0.32044458389282227,-0.03181089088320732,0.4908912181854248,0.3375715911388397,-0.0335768423974514,0.5285602807998657,0.4762062132358551,0.0070317527279257774,0.522642970085144,0.3355402946472168,-0.0339236743748188,0.5150483250617981,0.3097626864910126,-0.0374271422624588,0.5069804191589355,0.2853564918041229,-0.03860975801944733,0.4898205101490021,0.38187333941459656,-0.0156260933727026,0.47265657782554626,0.3940255641937256,-0.008068668656051159,0.5186142325401306,0.37310314178466797,-0.012585489079356194,0.47772982716560364,0.3675812780857086,-0.01776007004082203,0.5283096432685852,0.38759875297546387,-0.017573965713381767,0.5369992852210999,0.42421793937683105,-0.026558464393019676,0.4644455015659332,0.4004654884338379,-0.0017337326426059008,0.4800790846347809,0.4004921615123749,-0.011096942238509655,0.491193562746048,0.4027094542980194,-0.013768299482762814,0.5048475861549377,0.3982418179512024,-0.013437548652291298,0.5137365460395813,0.3921765089035034,-0.013077295385301113,0.5199770927429199,0.3867514729499817,-0.013746055774390697,0.537941575050354,0.3750869929790497,-0.024502122774720192,0.46868211030960083,0.4202948808670044,0.001040519680827856,0.4713285565376282,0.36751532554626465,-0.017012570053339005,0.5522792935371399,0.432159423828125,-0.027293257415294647,0.5269526243209839,0.40391576290130615,-0.015584646724164486,0.44199568033218384,0.3747642934322357,0.028191883116960526,0.5250161290168762,0.3813617527484894,-0.014612340368330479,0.5264561176300049,0.4232059121131897,-0.009566511027514935,0.4814508557319641,0.3724638521671295,-0.013693706132471561,0.5348541140556335,0.4170578420162201,-0.025493333116173744,0.45516541600227356,0.43717676401138306,0.047778911888599396,0.5173889994621277,0.37001460790634155,-0.012376361526548862,0.5410417914390564,0.4120578169822693,-0.031223198398947716,0.49454259872436523,0.4826260209083557,0.025689199566841125,0.4925065338611603,0.4889666438102722,0.0385764054954052,0.45620235800743103,0.4197320342063904,0.022230349481105804,0.4813278913497925,0.4721583127975464,0.028223304077982903,0.4535009562969208,0.3609873652458191,-0.0007592888432554901,0.5302934646606445,0.5038005113601685,0.021482307463884354,0.5517452359199524,0.4328869879245758,-0.017868101596832275,0.52112877368927,0.41121312975883484,-0.013057174161076546,0.46181246638298035,0.38216647505760193,-0.003707363037392497,0.4971228241920471,0.3774688243865967,-0.01706509105861187,0.5033761858940125,0.37660717964172363,-0.017163686454296112,0.524874210357666,0.4657805263996124,0.003940471448004246,0.4720580577850342,0.437732458114624,0.008370881900191307,0.5417457818984985,0.5102442502975464,0.028184032067656517,0.5194689035415649,0.5037615299224854,0.031629614531993866,0.5078040957450867,0.4981168210506439,0.034377843141555786,0.5336070656776428,0.30523544549942017,-0.03406011313199997,0.5535340309143066,0.5074748396873474,0.030501307919621468,0.508581280708313,0.3744005262851715,-0.016093190759420395,0.5132786631584167,0.3718535900115967,-0.014302149415016174,0.5162465572357178,0.370680034160614,-0.012709308415651321,0.46401455998420715,0.36546847224235535,-0.012590879574418068,0.510322093963623,0.3623753786087036,-0.01707865484058857,0.5039166808128357,0.3597218692302704,-0.01946938782930374,0.4978296160697937,0.36040985584259033,-0.020604077726602554,0.49191081523895264,0.3633308410644531,-0.020170198753476143,0.4883330464363098,0.36679279804229736,-0.01864846609532833,0.4425646960735321,0.35379981994628906,0.013117070309817791,0.4922187626361847,0.37653982639312744,-0.01623873971402645,0.5527715086936951,0.4393184185028076,-0.009440695866942406,0.5315729379653931,0.4456610083580017,-0.008189219050109386,0.5375391244888306,0.4300365746021271,-0.018906990066170692,0.5445849895477295,0.44187185168266296,-0.010912374593317509,0.540562093257904,0.35659369826316833,-0.02358996868133545,0.5074460506439209,0.4913683533668518,0.025451399385929108,0.5186319947242737,0.4977078437805176,0.02413235977292061,0.5425864458084106,0.506597101688385,0.020074762403964996,0.4784509539604187,0.4765581488609314,0.04449314996600151,0.5151615738868713,0.36719223856925964,-0.014466325752437115,0.5363413691520691,0.39195576310157776,-0.024143610149621964,0.5546695590019226,0.5036973357200623,0.022582903504371643,0.5308146476745605,0.5083988904953003,0.028472524136304855,0.46134036779403687,0.43908578157424927,0.02715277299284935,0.5391788482666016,0.46351566910743713,-0.0005414873594418168,0.5386766195297241,0.46642404794692993,-0.000354369287379086,0.5382290482521057,0.4699704051017761,-0.0005655967397615314,0.5378944873809814,0.47402718663215637,0.0011336212046444416,0.5364837646484375,0.48041266202926636,0.0073005729354918,0.5269739627838135,0.4622355103492737,0.0010887345997616649,0.5259539484977722,0.4615519642829895,0.0003077665460295975,0.5250747203826904,0.4608306586742401,-0.0005028158775530756,0.5191362500190735,0.45727482438087463,-0.0018266987754032016,0.48541027307510376,0.4427541196346283,-0.0005228124791756272,0.5331308841705322,0.3807953894138336,-0.020681703463196754,0.523106038570404,0.36191245913505554,-0.015773344784975052,0.5179551839828491,0.36321666836738586,-0.015085776336491108,0.5280145406723022,0.462910532951355,0.0023850013967603445,0.48577654361724854,0.4617760479450226,0.013975352980196476,0.5310304760932922,0.36131587624549866,-0.021814655512571335,0.533329427242279,0.4882526397705078,0.012158257886767387,0.5500403642654419,0.3948092758655548,-0.031106198206543922,0.5414782166481018,0.3870681822299957,-0.02823379822075367,0.5472149848937988,0.3839108943939209,-0.028226280584931374,0.5336961150169373,0.4073622524738312,-0.021780619397759438,0.5549007654190063,0.49704182147979736,0.01702999509871006,0.5542177557945251,0.4880751371383667,0.014565261080861092,0.5443424582481384,0.4904989004135132,0.013042832724750042,0.5157049894332886,0.47592246532440186,0.010318723507225513,0.5209026336669922,0.4312163293361664,-0.007993122562766075,0.5238363742828369,0.4831770062446594,0.01179076824337244,0.5034285187721252,0.43400317430496216,-0.009880131110548973,0.5152837634086609,0.441597580909729,-0.006655043922364712,0.4981728196144104,0.44845831394195557,-0.0033429313916713,0.5434557199478149,0.49976709485054016,0.014923041686415672,0.5293170809745789,0.411962628364563,-0.017076784744858742,0.5099833607673645,0.4832398593425751,0.016489123925566673,0.5205466747283936,0.49029120802879333,0.017725689336657524,0.508979082107544,0.46721452474594116,0.00603505177423358,0.4757605791091919,0.45166778564453125,0.015194780193269253,0.49858829379081726,0.47024205327033997,0.010445762425661087,0.4688872694969177,0.45645517110824585,0.030397754162549973,0.5104783773422241,0.45293906331062317,-0.002886533737182617,0.5315564870834351,0.39778298139572144,-0.019550073891878128,0.5398083329200745,0.4284704923629761,-0.02704092487692833,0.5346977114677429,0.42956238985061646,-0.02001071162521839,0.5432537794113159,0.42261257767677307,-0.03137621656060219,0.5176440477371216,0.3543434143066406,-0.02083083800971508,0.5064423084259033,0.35025668144226074,-0.025213584303855896,0.49628371000289917,0.3507861793041229,-0.026890521869063377,0.4876321256160736,0.35433343052864075,-0.02590884082019329,0.481243759393692,0.3599209189414978,-0.023108752444386482,0.47664424777030945,0.37619003653526306,-0.011796512641012669,0.4525863528251648,0.40008336305618286,0.015729470178484917,0.48538845777511597,0.38933879137039185,-0.01264152955263853,0.49414098262786865,0.39116963744163513,-0.014053601771593094,0.503795862197876,0.3890436887741089,-0.01420830562710762,0.5118474364280701,0.3848624527454376,-0.013745194301009178,0.5176292657852173,0.38067516684532166,-0.012603288516402245,0.5217897891998291,0.37725090980529785,-0.012557591311633587,0.4447970986366272,0.39463308453559875,0.03781747817993164,0.5341517925262451,0.43069833517074585,-0.01642577350139618,0.5390883088111877,0.401755690574646,-0.026869431138038635,0.5457263588905334,0.42899829149246216,-0.030102111399173737,0.54793381690979,0.43166089057922363,-0.025535646826028824,0.5446845889091492,0.4298994541168213,-0.026956427842378616,0.535348117351532,0.4321070909500122,-0.012928222306072712,0.5499308109283447,0.4322238564491272,-0.0266994908452034,0.5494575500488281,0.43299931287765503,-0.018608154729008675,0.520307719707489,0.3699791431427002,-0.011970981024205685,0.524819016456604,0.3716890513896942,-0.013722420670092106,0.5285192131996155,0.37357044219970703,-0.0165534820407629,0.48625215888023376,0.3694269061088562,-0.016793737187981606,0.4816065728664398,0.3668023645877838,-0.017748050391674042,0.5545888543128967,0.3941490352153778,-0.02702062390744686,0.5737700462341309,0.34547147154808044,0.011397884227335453,0.5591877698898315,0.4280130863189697,-0.016609307378530502,0.584585428237915,0.2973143458366394,0.03855492174625397,0.5587377548217773,0.3612368702888489,0.0014107567258179188,0.5650355219841003,0.35943543910980225,0.0038261699955910444,0.5708301663398743,0.35685965418815613,0.007122159469872713,0.5756217241287231,0.34786444902420044,0.01397545076906681,0.5537299513816833,0.36118051409721375,-1.220016201841645e-05,0.5667948126792908,0.3334270417690277,-0.0021889456547796726,0.5595601797103882,0.336803138256073,-0.004918613005429506,0.5728508234024048,0.3326415419578552,0.002063228515908122,0.5761508345603943,0.33437395095825195,0.005982368718832731,0.5813137292861938,0.3525370955467224,0.01941339671611786,0.5705249905586243,0.4801623225212097,0.028057968243956566,0.5748686194419861,0.3420454263687134,0.013713576830923557,0.5910280346870422,0.33698397874832153,0.05109264701604843,0.5843340158462524,0.3429654538631439,0.025976303964853287,0.5739280581474304,0.40111246705055237,0.004904315806925297,0.5602375268936157,0.44942498207092285,-0.005667424760758877,0.5591335296630859,0.45626890659332275,-0.0013424524804577231,0.564555287361145,0.44758281111717224,0.0005882299155928195,0.5670968294143677,0.44651132822036743,0.007241584360599518,0.5628373026847839,0.45325419306755066,0.0028106498066335917,0.5653530955314636,0.45077893137931824,0.008481517434120178,0.5727671980857849,0.4526754319667816,0.02266721986234188,0.5604140758514404,0.4257549047470093,-0.02905779704451561,0.560651957988739,0.41721615195274353,-0.032344721257686615,0.5845208168029785,0.324624240398407,0.007944032549858093,0.5594872236251831,0.3824050724506378,-0.0041350796818733215,0.5672774314880371,0.41482508182525635,-0.010339208878576756,0.5660207271575928,0.40913471579551697,-0.009247572161257267,0.588841438293457,0.39118075370788574,0.01802595518529415,0.5577840805053711,0.4051172435283661,-0.030651159584522247,0.5743886828422546,0.3224591910839081,-0.009439831599593163,0.5809410214424133,0.32159268856048584,-0.001135995495133102,0.5808191299438477,0.28445756435394287,0.020730527117848396,0.5507574081420898,0.3403058648109436,-0.020968273282051086,0.5534921884536743,0.34236037731170654,-0.004358303267508745,0.5762357115745544,0.4434114694595337,0.02359219826757908,0.5860432982444763,0.41627267003059387,0.08737316727638245,0.5639883875846863,0.42152249813079834,-0.008471944369375706,0.560599684715271,0.42610257863998413,-0.009730161167681217,0.570269763469696,0.44531330466270447,0.02127852290868759,0.5692320466041565,0.4465756416320801,0.0184379480779171,0.5825963020324707,0.3137180805206299,0.0010518766939640045,0.5666486620903015,0.4173906743526459,-0.006163567304611206,0.5645305514335632,0.3277805745601654,-0.016393203288316727,0.5652734637260437,0.31939515471458435,-0.019302479922771454,0.5627049803733826,0.27308034896850586,-0.015292319469153881,0.5819180011749268,0.2976754307746887,0.008796248584985733,0.5640482902526855,0.2948414087295532,-0.018630608916282654,0.5861122012138367,0.31801629066467285,0.013120104558765888,0.5859977602958679,0.3072690963745117,0.024236435070633888,0.5599274635314941,0.4531024694442749,-0.00414276821538806,0.5637903213500977,0.45054352283477783,0.0015294569311663508,0.566314697265625,0.44861602783203125,0.007348923943936825,0.5628275871276855,0.4232334792613983,-0.007416696287691593,0.5697377324104309,0.4459649324417114,0.01965203881263733,0.5681749582290649,0.45026931166648865,0.0157174002379179,0.5686970949172974,0.4472234845161438,0.018080856651067734,0.5635794401168823,0.42161819338798523,-0.0180427934974432,0.5644342303276062,0.45258864760398865,0.009943227283656597,0.5618078112602234,0.45543602108955383,0.006039125379174948,0.5581846237182617,0.45848405361175537,0.0024762621615082026,0.5603559613227844,0.4765428304672241,0.013754069805145264,0.559823751449585,0.47022080421447754,0.005773816257715225,0.559727668762207,0.4659058451652527,0.0037501708138734102,0.5589903593063354,0.4618542194366455,0.0037562272045761347,0.5578328371047974,0.458593487739563,0.0030580086167901754,0.5641854405403137,0.452621728181839,0.010396416299045086,0.5653461217880249,0.45352980494499207,0.010532568208873272,0.5664075613021851,0.4549678862094879,0.010730168782174587,0.5671200752258301,0.4568554162979126,0.012852582149207592,0.5722631216049194,0.4351251721382141,0.00839249324053526,0.5875815749168396,0.37084510922431946,0.08734213560819626,0.5662440061569214,0.4501510560512543,0.014822384342551231,0.567293643951416,0.450118750333786,0.015033557079732418,0.5590580701828003,0.4301697611808777,-0.008733343333005905,0.5650891065597534,0.42227697372436523,-0.001375800697132945,0.5598148703575134,0.4282832145690918,-0.009559407830238342,0.5651541948318481,0.38481518626213074,0.001246313564479351,0.5754457116127014,0.38705509901046753,0.006968144327402115,0.5663416385650635,0.41173213720321655,-0.004766365978866816,0.5743914842605591,0.2759374678134918,0.002210164675489068,0.5751854181289673,0.292891263961792,-0.005256280768662691,0.5754746794700623,0.31352442502975464,-0.009863313287496567,0.5698876976966858,0.46093419194221497,0.01979370415210724,0.5523269772529602,0.3275691866874695,-0.025816958397626877,0.5506404638290405,0.29962635040283203,-0.02792547270655632,0.5480178594589233,0.274311363697052,-0.027746085077524185,0.574397623538971,0.3527880012989044,0.01102717500180006,0.5871459245681763,0.35704338550567627,0.02579873986542225,0.5506145358085632,0.36042919754981995,-0.00047615772928111255,0.5807012319564819,0.3353385925292969,0.013313944451510906,0.5558327436447144,0.37876442074775696,-0.008541175164282322,0.5660520195960999,0.4144732654094696,-0.018112726509571075,0.5940671563148499,0.3591519594192505,0.036588627845048904,0.5870058536529541,0.36616796255111694,0.020676568150520325,0.5822867155075073,0.37361860275268555,0.013226982206106186,0.5713871717453003,0.37659135460853577,0.007198959589004517,0.562618613243103,0.3757339417934418,0.0025794217362999916,0.5567716360092163,0.37407374382019043,-0.002020240994170308,0.5491471886634827,0.37151092290878296,-0.02063017711043358,0.5963196158409119,0.37866464257240295,0.03910846263170242,0.5844167470932007,0.3322111666202545,0.016973065212368965,0.5581442713737488,0.4299573004245758,-0.025440039113163948,0.5609086751937866,0.3931475877761841,-0.0047967093996703625,0.5867477655410767,0.331428587436676,0.0727955624461174,0.5525433421134949,0.3715425729751587,-0.005436916835606098,0.5655213594436646,0.410773366689682,0.0014253028202801943,0.5768489837646484,0.3415018916130066,0.015752270817756653,0.5642270445823669,0.40750452876091003,-0.016887059435248375,0.5876488089561462,0.3925909698009491,0.08915399014949799,0.5495455861091614,0.3569568991661072,0.0002924439904745668,0.5614178776741028,0.4053775370121002,-0.024966349825263023,0.5844460129737854,0.4479452073574066,0.05372707545757294,0.5809277296066284,0.4540438652038574,0.06761470437049866,0.5948436260223389,0.3744036853313446,0.06378334760665894,0.5889676809310913,0.4326605200767517,0.061337847262620926,0.5886244773864746,0.32067641615867615,0.03916304185986519,0.5705885291099548,0.48625415563583374,0.03469197079539299,0.5565427541732788,0.4312403202056885,-0.016720129176974297,0.5657203197479248,0.3970021903514862,0.0002474365755915642,0.5865321159362793,0.34240594506263733,0.03399151191115379,0.5694984197616577,0.35136711597442627,0.0064400071278214455,0.5643966794013977,0.35424548387527466,0.003630477236583829,0.5689069032669067,0.45069336891174316,0.017581598833203316,0.5958618521690369,0.3962065577507019,0.04495573788881302,0.5627592206001282,0.5009676218032837,0.03562401235103607,0.572209358215332,0.48068684339523315,0.050220537930727005,0.5758698582649231,0.4693470895290375,0.05787484720349312,0.5588562488555908,0.3557359576225281,0.0016503751976415515,0.5537925362586975,0.35632380843162537,0.0009316491195932031,0.5508314371109009,0.35697171092033386,0.0009762585395947099,0.5861457586288452,0.3278946876525879,0.0240018367767334,0.5533682107925415,0.347480446100235,-0.0014810364227741957,0.5583473443984985,0.3425130844116211,-0.0013006669469177723,0.5642870664596558,0.3399195969104767,0.0005411187303252518,0.5695556998252869,0.33941566944122314,0.003883666591718793,0.5724158883094788,0.3403814733028412,0.007116102147847414,0.5866717100143433,0.3120870590209961,0.05685575306415558,0.572271466255188,0.3482950031757355,0.00929631944745779,0.5679081678390503,0.43383049964904785,0.0025183195248246193,0.5645344853401184,0.42078524827957153,-0.01158987171947956,0.5600541830062866,0.4368814527988434,-0.006470644846558571,0.5789937973022461,0.4621970057487488,0.04806912690401077,0.5745740532875061,0.47384268045425415,0.04191198572516441,0.5644159317016602,0.4970826506614685,0.02725423499941826,0.583899736404419,0.43717196583747864,0.07886683195829391,0.5507029891014099,0.3533620536327362,-0.0005206005298532546,0.5554043054580688,0.3858296573162079,-0.018040142953395844,0.5684278011322021,0.4916861057281494,0.04221241548657417,0.5942002534866333,0.3940853476524353,0.06685924530029297,0.5614833235740662,0.45555251836776733,0.006583337672054768,0.5627781748771667,0.45765697956085205,0.006981507875025272,0.5637170672416687,0.4605236053466797,0.00718706427142024,0.564235508441925,0.4642069935798645,0.009239726699888706,0.5659497380256653,0.46928098797798157,0.016484472900629044,0.56734299659729,0.4485703706741333,0.013754495419561863,0.5681977868080139,0.4470834732055664,0.014217368327081203,0.5689297914505005,0.44568946957588196,0.014383827336132526,0.5752593278884888,0.4382912516593933,0.015763605013489723,0.5925009250640869,0.40659406781196594,0.030354570597410202,0.5523829460144043,0.37468311190605164,-0.014276091009378433,0.5474337339401245,0.35259538888931274,-0.007670379709452391,0.5492266416549683,0.35149669647216797,-0.0034056827425956726,0.5663368701934814,0.45015817880630493,0.014578331261873245,0.5904735922813416,0.4246264100074768,0.045093584805727005,0.5460915565490723,0.35580673813819885,-0.016977332532405853,0.568278431892395,0.4741939902305603,0.022524066269397736,0.5521657466888428,0.3836166560649872,-0.024965938180685043,0.5605626702308655,0.3987656235694885,-0.013855665922164917,0.5621122717857361,0.4833008944988251,0.01804419606924057,0.5768827199935913,0.45310986042022705,0.02858102135360241,0.5707119107246399,0.4150775074958801,0.005794265307486057,0.5727266669273376,0.46411195397377014,0.02618168480694294,0.5835248231887817,0.40733933448791504,0.012238028459250927,0.5766853094100952,0.4211527705192566,0.010648902505636215,0.5873805284500122,0.4178957939147949,0.02186053991317749,0.5642668008804321,0.49108636379241943,0.021617982536554337,0.5623401403427124,0.4014755189418793,-0.007179779466241598,0.579749345779419,0.4559231400489807,0.03774352744221687,0.574678897857666,0.46809327602386475,0.034015804529190063,0.5810320377349854,0.4415132999420166,0.028288085013628006,0.5938766002655029,0.41088539361953735,0.05008253827691078,0.5858154892921448,0.4382379949092865,0.03645981848239899,0.5922684073448181,0.4130994975566864,0.06799227744340897,0.5805102586746216,0.4291508197784424,0.01759619452059269,0.5580161213874817,0.3893229067325592,-0.010954722762107849,0.5652512311935425,0.4195331037044525,-0.0193545613437891,0.5664402842521667,0.4188520610332489,-0.011249692179262638,0.5638557076454163,0.41553252935409546,-0.025249382480978966,0.5518276691436768,0.3426799774169922,-0.009681482799351215,0.5615992546081543,0.3339141607284546,-0.008730586618185043,0.5703051686286926,0.3298878073692322,-0.005249527283012867,0.5767208933830261,0.3288707733154297,0.000241293222643435,0.5800958871841431,0.33065176010131836,0.006106853019446135,0.5802397131919861,0.3424946665763855,0.019604472443461418,0.5936806797981262,0.355406790971756,0.058348506689071655,0.5799345374107361,0.35835951566696167,0.01603718474507332,0.5756633877754211,0.3640281558036804,0.010919077321887016,0.5679073929786682,0.367109090089798,0.00631730305030942,0.5601068735122681,0.3677766025066376,0.002419696655124426,0.5545758605003357,0.36717626452445984,-0.00040393313975073397,0.5510475039482117,0.3662075102329254,-0.002596845617517829,0.5865693688392639,0.35086357593536377,0.08214453607797623,0.5655975937843323,0.42024779319763184,-0.007843219675123692,0.5580577850341797,0.39560332894325256,-0.02065623551607132,0.5632274150848389,0.4225568175315857,-0.025189939886331558,0.5601166486740112,0.4270055890083313,-0.02267530746757984,0.5624669790267944,0.42332345247268677,-0.02192884124815464,0.5642349720001221,0.42273595929145813,-0.005746790207922459,0.5595853924751282,0.42857834696769714,-0.02437177672982216,0.5580751299858093,0.4299015700817108,-0.01665065810084343,0.5484932661056519,0.3585229516029358,-0.0014536033850163221,0.5478848814964294,0.3626807928085327,-0.005872691515833139,0.5487319827079773,0.36603429913520813,-0.010045397095382214,0.5739083290100098,0.3413037061691284,0.01013253815472126,0.5776199698448181,0.33678147196769714,0.010858097113668919,0.49687501788139343,0.36907336115837097,-0.01642632484436035,0.5043344497680664,0.36699000000953674,-0.01642632484436035,0.49547818303108215,0.3584665060043335,-0.01642632484436035,0.48922041058540344,0.3711550533771515,-0.01642632484436035,0.49829304218292236,0.3795895576477051,-0.01642632484436035,0.5596674084663391,0.34754836559295654,0.004168757237493992,0.5661374926567078,0.3455410897731781,0.004168757237493992,0.5581361055374146,0.33861786127090454,0.004168757237493992,0.5531632304191589,0.3495204746723175,0.004168757237493992,0.5612574815750122,0.35659360885620117,0.004168757237493992
933.3333333333337,0.5566264390945435,0.4516586363315582,-0.009191016666591167,0.559266984462738,0.42498689889907837,-0.031029824167490005,0.5552698969841003,0.43070188164711,-0.012880862690508366,0.5477374196052551,0.3945585787296295,-0.030676158145070076,0.5588027834892273,0.4163212478160858,-0.034681107848882675,0.5560905337333679,0.4033997356891632,-0.03437696769833565,0.546967625617981,0.3691125810146332,-0.024640385061502457,0.4905226230621338,0.372559130191803,-0.01611609011888504,0.5421599745750427,0.3412421941757202,-0.025065338239073753,0.5409627556800842,0.3281264901161194,-0.029234176501631737,0.5322313904762268,0.2773013114929199,-0.03258174657821655,0.5565686225891113,0.4545118808746338,-0.007676195818930864,0.5561002492904663,0.4573308825492859,-0.00509765837341547,0.5553897619247437,0.4592668116092682,-0.001128918956965208,0.5550985336303711,0.4593326449394226,-0.0005901098484173417,0.555732786655426,0.4632735550403595,1.5601141058141366e-05,0.556003212928772,0.4677127003669739,-0.00011046664440073073,0.5557286143302917,0.4721919000148773,0.0021944353356957436,0.5553314089775085,0.4779854416847229,0.010245862416923046,0.5583257079124451,0.4285891652107239,-0.027112700045108795,0.5502757430076599,0.4294414818286896,-0.019998939707875252,0.44837433099746704,0.33433640003204346,-0.0036404060665518045,0.5127067565917969,0.37697625160217285,-0.016126303002238274,0.5061563849449158,0.3794527053833008,-0.017415404319763184,0.4990357458591461,0.38065260648727417,-0.01750410720705986,0.4873802363872528,0.37592512369155884,-0.015253335237503052,0.5178614854812622,0.3737409710884094,-0.013684321194887161,0.4991609752178192,0.35092693567276,-0.024311110377311707,0.5073462724685669,0.35045546293258667,-0.022129615768790245,0.4917807877063751,0.35433536767959595,-0.023587210103869438,0.48689356446266174,0.35923436284065247,-0.021754397079348564,0.4821140468120575,0.38336101174354553,-0.01219268050044775,0.5325685143470764,0.4947527050971985,0.013398471288383007,0.48669421672821045,0.3695693910121918,-0.015064895153045654,0.4524737596511841,0.377975195646286,0.007904380559921265,0.4715374708175659,0.3779589533805847,-0.009421983733773232,0.5158356428146362,0.4180678427219391,-0.013367042876780033,0.5487198233604431,0.45207396149635315,-0.011023550294339657,0.5485501885414124,0.4587450623512268,-0.006475519854575396,0.5398828983306885,0.45548215508461,-0.009615733288228512,0.5329999327659607,0.45757806301116943,-0.0065518938936293125,0.5410239100456238,0.45972803235054016,-0.006251010112464428,0.5345510840415955,0.46015554666519165,-0.003345164470374584,0.5231084823608398,0.4685329794883728,0.0047805896028876305,0.5541403889656067,0.42624449729919434,-0.031870242208242416,0.5528503060340881,0.41785529255867004,-0.03551319241523743,0.47724443674087524,0.3548029661178589,-0.02502480521798134,0.5262071490287781,0.39139166474342346,-0.01570315845310688,0.5344892144203186,0.4237622916698456,-0.021637195721268654,0.5325710773468018,0.4180527329444885,-0.020820090547204018,0.49217525124549866,0.4208167791366577,-0.012338181026279926,0.5503808856010437,0.4056256115436554,-0.03440933674573898,0.49675923585891724,0.34197869896888733,-0.03197485953569412,0.48563751578330994,0.34691178798675537,-0.029638029634952545,0.45746347308158875,0.31694281101226807,-0.01676969975233078,0.5281757712364197,0.34527987241744995,-0.027803730219602585,0.5142883658409119,0.3535167872905731,-0.018070833757519722,0.5174229741096497,0.4619637727737427,0.0022153081372380257,0.46562913060188293,0.4576980769634247,0.04579497501254082,0.5393573641777039,0.4279266595840454,-0.016918927431106567,0.5447716116905212,0.4292355179786682,-0.014249555766582489,0.5226555466651917,0.4597533345222473,0.0028036274015903473,0.5243208408355713,0.4601234495639801,0.0021401660051196814,0.48046794533729553,0.34135758876800537,-0.029204655438661575,0.5333029627799988,0.4263206124305725,-0.017262045294046402,0.5108596682548523,0.3409308195114136,-0.031536005437374115,0.5093135237693787,0.33337414264678955,-0.03476203233003616,0.490882009267807,0.29066750407218933,-0.0356781892478466,0.4694482982158661,0.32866257429122925,-0.02450496144592762,0.5008823871612549,0.3110103905200958,-0.036174140870571136,0.470849871635437,0.35064029693603516,-0.022077711299061775,0.46018099784851074,0.3427526354789734,-0.013821135275065899,0.5486471056938171,0.45570236444473267,-0.00953303836286068,0.5404678583145142,0.45765769481658936,-0.00815518107265234,0.5337831974029541,0.4588584899902344,-0.005353986751288176,0.540586531162262,0.4287479519844055,-0.01442307885736227,0.5235174298286438,0.45994216203689575,0.0025346335023641586,0.5278418064117432,0.4626346230506897,0.0011518981773406267,0.5251391530036926,0.46029865741729736,0.0022099607158452272,0.5443248152732849,0.4266210198402405,-0.025885015726089478,0.5350486636161804,0.46117064356803894,-0.0013528711860999465,0.5414283871650696,0.46117162704467773,-0.002578329062089324,0.5483831763267517,0.4606425166130066,-0.002793414518237114,0.5470496416091919,0.47995156049728394,0.008212700486183167,0.5478070378303528,0.47372549772262573,5.7766334066400304e-05,0.5481382608413696,0.46913713216781616,-0.0020959845278412104,0.5482622981071472,0.4646303653717041,-0.001901924842968583,0.548204243183136,0.46081650257110596,-0.0022704284638166428,0.534892737865448,0.46138203144073486,-0.0009020474972203374,0.5341334939002991,0.46305379271507263,-0.0008185663027688861,0.5331870913505554,0.4653703570365906,-0.0010837503941729665,0.5323370695114136,0.4678906798362732,0.00016055672313086689,0.5265025496482849,0.44854363799095154,-0.007273486815392971,0.4494401514530182,0.4140896201133728,0.041904158890247345,0.5570144057273865,0.429806113243103,-0.018169378861784935,0.5299500226974487,0.46099722385406494,0.0008526413585059345,0.5289600491523743,0.4617299437522888,0.0009854784002527595,0.5472148656845093,0.43189185857772827,-0.013271482661366463,0.534750759601593,0.43008941411972046,-0.010278632864356041,0.5460759997367859,0.4306272864341736,-0.013982580043375492,0.5194329619407654,0.39771199226379395,-0.01450318843126297,0.5087917447090149,0.4066635072231293,-0.014547126367688179,0.5308482050895691,0.4212256669998169,-0.016714494675397873,0.47108110785484314,0.302236944437027,-0.027882590889930725,0.4824068546295166,0.31774014234542847,-0.03163949400186539,0.4934958517551422,0.3348733186721802,-0.03355063870549202,0.5299386382102966,0.47402074933052063,0.004896927159279585,0.5256384611129761,0.3329949378967285,-0.03307582065463066,0.5185326933860779,0.3072025179862976,-0.03620345890522003,0.5105471611022949,0.28293558955192566,-0.036890361458063126,0.4920049011707306,0.3796786963939667,-0.01648789644241333,0.474701851606369,0.39175230264663696,-0.009409691207110882,0.5211437344551086,0.37102416157722473,-0.012539980001747608,0.4798343777656555,0.36527347564697266,-0.018575113266706467,0.5309350490570068,0.38514602184295654,-0.01767759583890438,0.5397021770477295,0.42134755849838257,-0.027306174859404564,0.46622613072395325,0.39819279313087463,-0.0034239611122757196,0.48221826553344727,0.39806079864501953,-0.01249070093035698,0.4934747815132141,0.40014317631721497,-0.014964680187404156,0.5072706937789917,0.39571210741996765,-0.014271099120378494,0.5162588953971863,0.389723002910614,-0.01356806606054306,0.5225938558578491,0.38431623578071594,-0.013939173892140388,0.5408468842506409,0.3725672960281372,-0.02410641312599182,0.47032368183135986,0.4179757535457611,-0.0010248521575704217,0.47339290380477905,0.36523690819740295,-0.01792842708528042,0.5551307797431946,0.4293895959854126,-0.0278328787535429,0.5294190049171448,0.4013664722442627,-0.016086520627141,0.4428991377353668,0.3732594847679138,0.026825102046132088,0.5277050137519836,0.37890926003456116,-0.014563006348907948,0.5286086797714233,0.42063096165657043,-0.010446756146848202,0.48351576924324036,0.3703373372554779,-0.014531335793435574,0.5375243425369263,0.4142332971096039,-0.02614198997616768,0.45559820532798767,0.43584686517715454,0.04518977925181389,0.5198866724967957,0.36799684166908264,-0.012293693609535694,0.5439761877059937,0.4091711640357971,-0.031668707728385925,0.495367169380188,0.48088833689689636,0.02277170494198799,0.4929629862308502,0.4875904619693756,0.035442937165498734,0.4574439525604248,0.41786420345306396,0.020031843334436417,0.4821053743362427,0.47038257122039795,0.025307858362793922,0.45526450872421265,0.3589338958263397,-0.0017951916670426726,0.5314483642578125,0.5022609829902649,0.01873762160539627,0.5544392466545105,0.43020370602607727,-0.018414203077554703,0.5234443545341492,0.40866854786872864,-0.013830110430717468,0.46371889114379883,0.3801932632923126,-0.004999340046197176,0.49945491552352905,0.3752853274345398,-0.017711803317070007,0.5057927370071411,0.37443044781684875,-0.017662014812231064,0.5267685651779175,0.463689923286438,0.001918477937579155,0.47342923283576965,0.4355332851409912,0.005995128769427538,0.5427995324134827,0.5087531805038452,0.02545136958360672,0.5202317833900452,0.5025175213813782,0.02857944555580616,0.5084040760993958,0.4968525469303131,0.03126874566078186,0.5370990037918091,0.3030106723308563,-0.032261159271001816,0.5546342730522156,0.5059225559234619,0.02818550355732441,0.5110427141189575,0.3722642958164215,-0.016390066593885422,0.5157471895217896,0.369784414768219,-0.014421808533370495,0.5187299847602844,0.36865201592445374,-0.012693896889686584,0.465959757566452,0.3633129298686981,-0.013569888658821583,0.5128113031387329,0.3603464961051941,-0.017134148627519608,0.5063984990119934,0.35763514041900635,-0.01968357153236866,0.5003066658973694,0.35826215147972107,-0.021009832620620728,0.4943263828754425,0.3611365556716919,-0.02074442245066166,0.49065881967544556,0.36460208892822266,-0.01931717060506344,0.4437449872493744,0.3520353436470032,0.01220798585563898,0.4944750964641571,0.37436825037002563,-0.01697535812854767,0.5551159381866455,0.4367384910583496,-0.010049743577837944,0.5336145758628845,0.4431104362010956,-0.009504392743110657,0.5399600267410278,0.42729899287223816,-0.019647201523184776,0.5468735098838806,0.4392591118812561,-0.011831379495561123,0.5434936285018921,0.3543086051940918,-0.02271242067217827,0.5083197951316833,0.489787757396698,0.022552533075213432,0.5196412205696106,0.4962013363838196,0.02129240892827511,0.5438679456710815,0.5049514770507812,0.017547504976391792,0.4788060486316681,0.4751394987106323,0.04137947037816048,0.5176588892936707,0.36518123745918274,-0.014435218647122383,0.5391665101051331,0.38930580019950867,-0.02415943332016468,0.5559924840927124,0.5019981861114502,0.020470760762691498,0.5317619442939758,0.5070428252220154,0.025508778169751167,0.4623706638813019,0.43727001547813416,0.024638697504997253,0.5412858128547668,0.4614124000072479,-0.002083829138427973,0.5407525897026062,0.4643482565879822,-0.002012656768783927,0.5402529835700989,0.46793413162231445,-0.002323956461623311,0.5398268103599548,0.4720636010169983,-0.0007067310507409275,0.5379298329353333,0.4782220721244812,0.005312386434525251,0.5289773344993591,0.46015721559524536,-0.0007419817266054451,0.5280002355575562,0.45946359634399414,-0.001592833548784256,0.5271440148353577,0.45874103903770447,-0.0024283353704959154,0.5206999778747559,0.45493367314338684,-0.003802200546488166,0.48698994517326355,0.440337598323822,-0.0027384606655687094,0.5359028577804565,0.37830230593681335,-0.020522812381386757,0.5257978439331055,0.3597155213356018,-0.015349947847425938,0.5205539464950562,0.3611064851284027,-0.014865352772176266,0.5299624800682068,0.4608481824398041,0.0005678058369085193,0.486868679523468,0.4596923589706421,0.011338855139911175,0.5339060425758362,0.35889846086502075,-0.021228307858109474,0.5347047448158264,0.4862254858016968,0.009932344779372215,0.5530652403831482,0.3920641541481018,-0.03090900368988514,0.5444326400756836,0.384395569562912,-0.028001220896840096,0.5501824617385864,0.3812868297100067,-0.02778617851436138,0.5363428592681885,0.4046606123447418,-0.022182514891028404,0.5563458204269409,0.4951429069042206,0.015081820078194141,0.5557299852371216,0.4860270321369171,0.012841708026826382,0.5458086729049683,0.4884580373764038,0.01101604849100113,0.5169695615768433,0.473854124546051,0.00787291582673788,0.5229655504226685,0.42865344882011414,-0.009161531925201416,0.5251398086547852,0.481161504983902,0.009431703947484493,0.5054565668106079,0.43134570121765137,-0.011481881141662598,0.5171894431114197,0.4390505850315094,-0.00820966251194477,0.49982091784477234,0.44598329067230225,-0.005414357874542475,0.5448569059371948,0.497905969619751,0.012581026181578636,0.5317414999008179,0.40932974219322205,-0.0176966842263937,0.5110729932785034,0.48135852813720703,0.013786908239126205,0.521744966506958,0.4884834885597229,0.015097152441740036,0.5103180408477783,0.46501079201698303,0.00357230706140399,0.47685715556144714,0.4496186077594757,0.01259362418204546,0.49976855516433716,0.46811380982398987,0.007835005410015583,0.469725638628006,0.45467132329940796,0.027588732540607452,0.5120664238929749,0.450520396232605,-0.004875441547483206,0.53420490026474,0.39518943428993225,-0.01981554925441742,0.5424910187721252,0.425627738237381,-0.027785733342170715,0.5371010303497314,0.42682191729545593,-0.020873984321951866,0.5462031960487366,0.41966962814331055,-0.03198991343379021,0.5203850269317627,0.35206320881843567,-0.020467953756451607,0.5091292262077332,0.34778785705566406,-0.02510765567421913,0.4988468289375305,0.3481982946395874,-0.027078626677393913,0.4900342524051666,0.3517388105392456,-0.026387067511677742,0.48346343636512756,0.357430100440979,-0.023754773661494255,0.47870439291000366,0.37406256794929504,-0.012744897976517677,0.45399004220962524,0.39818742871284485,0.0138557655736804,0.48754751682281494,0.3870336413383484,-0.013690381310880184,0.49643421173095703,0.38879624009132385,-0.01495040487498045,0.5061909556388855,0.386705607175827,-0.014871921390295029,0.514324963092804,0.382597416639328,-0.014115827158093452,0.5201699733734131,0.37844526767730713,-0.012691766954958439,0.5243820548057556,0.3750120997428894,-0.012476792559027672,0.44555264711380005,0.3932860791683197,0.036031827330589294,0.536436915397644,0.4280243515968323,-0.017299002036452293,0.5419626832008362,0.3989965319633484,-0.027097513899207115,0.5486292243003845,0.4261178970336914,-0.030716272071003914,0.5507053136825562,0.4289165139198303,-0.02611248567700386,0.5474569797515869,0.427102655172348,-0.027590816840529442,0.537583589553833,0.4294929504394531,-0.013752950355410576,0.5527498722076416,0.4294513165950775,-0.02726110629737377,0.5521240234375,0.43031105399131775,-0.01918521709740162,0.5228720903396606,0.3678947985172272,-0.01178575586527586,0.527467668056488,0.3694428503513336,-0.013423907570540905,0.5312675833702087,0.37112879753112793,-0.016251616179943085,0.48850226402282715,0.3672530949115753,-0.017517173662781715,0.4837450087070465,0.364513099193573,-0.018527602776885033,0.5575376152992249,0.39149436354637146,-0.026593832299113274,0.576068639755249,0.3442718982696533,0.013998533599078655,0.5618637800216675,0.42536991834640503,-0.01686243899166584,0.5862383246421814,0.29738959670066833,0.043138254433870316,0.561083972454071,0.3598197102546692,0.0032313638366758823,0.5674026012420654,0.35817283391952515,0.005857920739799738,0.5731280446052551,0.35563626885414124,0.009382041171193123,0.5778043866157532,0.3467573821544647,0.01663351245224476,0.5560434460639954,0.3595266044139862,0.001594558241777122,0.569131076335907,0.3315337896347046,0.00014854720211587846,0.5618892908096313,0.33478063344955444,-0.002842504298314452,0.5751738548278809,0.3309919238090515,0.004622658248990774,0.5784509181976318,0.3329547047615051,0.008688387461006641,0.5833191275596619,0.3515826463699341,0.022150253877043724,0.5716372728347778,0.4785855710506439,0.02712569758296013,0.5770831108093262,0.34082871675491333,0.016460780054330826,0.5918444991111755,0.3369717001914978,0.05486489459872246,0.5861666202545166,0.34234383702278137,0.02913602441549301,0.5759096145629883,0.3992348909378052,0.005972280167043209,0.5624023675918579,0.44744911789894104,-0.0062372758984565735,0.5611194968223572,0.4544699788093567,-0.002074016258120537,0.5663848519325256,0.44592544436454773,0.00030458910623565316,0.5686730742454529,0.445161372423172,0.007165550719946623,0.5645391345024109,0.4517262876033783,0.002356212818995118,0.5668352246284485,0.44947510957717896,0.008214899338781834,0.5738331079483032,0.4509861469268799,0.022574948146939278,0.5633879899978638,0.42295849323272705,-0.029267314821481705,0.5637058615684509,0.4143720865249634,-0.03239930421113968,0.5865799784660339,0.3239087462425232,0.011290652677416801,0.5618218779563904,0.380437433719635,-0.0030461696442216635,0.5698531270027161,0.41229841113090515,-0.009938663803040981,0.5685398578643799,0.40668317675590515,-0.008738989941775799,0.5904207229614258,0.3897669315338135,0.019953276962041855,0.5608035326004028,0.40234506130218506,-0.030442748218774796,0.5767145156860352,0.32078975439071655,-0.0066937911324203014,0.583136796951294,0.32042771577835083,0.0019870528485625982,0.5829942226409912,0.28414738178253174,0.025256898254156113,0.5533319115638733,0.337578147649765,-0.019374318420886993,0.5558053255081177,0.34033140540122986,-0.0025113136507570744,0.5772956013679504,0.4417683184146881,0.023868503049016,0.5853292942047119,0.41621676087379456,0.08915209025144577,0.5665430426597595,0.418925940990448,-0.008291157893836498,0.5631116628646851,0.4235418438911438,-0.009906396269798279,0.5713183879852295,0.44452399015426636,0.021414758637547493,0.5703206658363342,0.44569817185401917,0.01845593936741352,0.584758460521698,0.3128933310508728,0.004452049266546965,0.569110095500946,0.41494324803352356,-0.005824371241033077,0.5670133233070374,0.32553422451019287,-0.014173737727105618,0.5678077340126038,0.3173477053642273,-0.016924316063523293,0.5658157467842102,0.27186843752861023,-0.011601953767240047,0.5843609571456909,0.29687339067459106,0.01266706082969904,0.5672608613967896,0.2932068705558777,-0.015652835369110107,0.5881227850914001,0.317599892616272,0.016762223094701767,0.5879631042480469,0.3068988621234894,0.028285017237067223,0.5620124936103821,0.45124492049217224,-0.0047909412533044815,0.5655649900436401,0.44896456599235535,0.0011399828363209963,0.5678535103797913,0.44729676842689514,0.0071584973484277725,0.5653412342071533,0.4206605851650238,-0.007361043244600296,0.5708063840866089,0.44513073563575745,0.019718296825885773,0.5693946480751038,0.449208527803421,0.015536662191152573,0.569801926612854,0.44630151987075806,0.018067646771669388,0.5663199424743652,0.41894957423210144,-0.017885781824588776,0.5658579468727112,0.4513024091720581,0.00960517581552267,0.5634487271308899,0.45393338799476624,0.005495938938111067,0.5600733160972595,0.45671898126602173,0.0016856833826750517,0.5618401765823364,0.4745057225227356,0.012613803148269653,0.5615562200546265,0.46855711936950684,0.004734375048428774,0.5615860819816589,0.46415987610816956,0.0027824989520013332,0.5609115958213806,0.46006566286087036,0.002878392580896616,0.5597357153892517,0.4567762315273285,0.0022760729771107435,0.5656443238258362,0.4512886106967926,0.010063028894364834,0.5667999982833862,0.45219558477401733,0.010117760859429836,0.567815363407135,0.4536501169204712,0.010272286832332611,0.5684636235237122,0.45558616518974304,0.012415530160069466,0.5739929676055908,0.4330686032772064,0.008624277077615261,0.5872789025306702,0.371198832988739,0.09045171737670898,0.5675380825996399,0.4490087032318115,0.014686645939946175,0.5685585737228394,0.4490176737308502,0.014843476004898548,0.5615032315254211,0.42764875292778015,-0.008993607945740223,0.5674072504043579,0.41990840435028076,-0.0012387061724439263,0.5622963905334473,0.42575037479400635,-0.00978025235235691,0.5673698782920837,0.3829725980758667,0.0024950779043138027,0.5774556994438171,0.3853742480278015,0.00849977694451809,0.5687469840049744,0.40935808420181274,-0.004282137844711542,0.5770332217216492,0.27517664432525635,0.006407257169485092,0.5780366063117981,0.29166847467422485,-0.0017607866320759058,0.5778310894966125,0.3121500015258789,-0.006874397862702608,0.5710737109184265,0.45909178256988525,0.0194037277251482,0.5550236701965332,0.3248916268348694,-0.023983778432011604,0.5540416836738586,0.2976900339126587,-0.02552166022360325,0.5514454245567322,0.27268925309181213,-0.02470976859331131,0.5766293406486511,0.3516663908958435,0.013515560887753963,0.5890175104141235,0.3561822772026062,0.02867545560002327,0.5528889298439026,0.35861149430274963,0.0010664047440513968,0.5828161835670471,0.33441177010536194,0.01638530194759369,0.5582988858222961,0.37668710947036743,-0.007522251922637224,0.568780779838562,0.4118365943431854,-0.01779516227543354,0.5951876640319824,0.3585573434829712,0.039672840386629105,0.5889069437980652,0.36508709192276,0.023247381672263145,0.5842617154121399,0.37222129106521606,0.015388304367661476,0.5735207796096802,0.3749677836894989,0.008932989090681076,0.5648653507232666,0.3739423155784607,0.004029787145555019,0.5590853691101074,0.37208062410354614,-0.0007601823308505118,0.5519575476646423,0.3691675066947937,-0.019757233560085297,0.5973114371299744,0.3778887391090393,0.04180510342121124,0.5863895416259766,0.3315776288509369,0.020315900444984436,0.5609847903251648,0.4272367060184479,-0.02574663795530796,0.5632803440093994,0.3910016715526581,-0.003932990599423647,0.5871903896331787,0.3318732976913452,0.0769042819738388,0.5548944473266602,0.36937278509140015,-0.004258299712091684,0.5677782893180847,0.4085148870944977,0.001946807955391705,0.5790199637413025,0.34041377902030945,0.018606530502438545,0.5668880939483643,0.40495777130126953,-0.016455722972750664,0.587087094783783,0.3927595615386963,0.09164384752511978,0.5517780184745789,0.35519179701805115,0.0019551573786884546,0.5642633438110352,0.4027288854122162,-0.024619651958346367,0.5845807790756226,0.44698235392570496,0.054387547075748444,0.5807027816772461,0.45346060395240784,0.06806202232837677,0.5951648950576782,0.3742457926273346,0.06680282950401306,0.5888690948486328,0.4319365620613098,0.06262034922838211,0.5900144577026367,0.32055920362472534,0.04314538463950157,0.5715982913970947,0.4848936200141907,0.03364377096295357,0.5592326521873474,0.4286024570465088,-0.017124081030488014,0.5679190754890442,0.3949719965457916,0.0011654593981802464,0.5883269906044006,0.34193846583366394,0.03740557283163071,0.571901798248291,0.3502199649810791,0.008737113326787949,0.5668136477470398,0.3530615270137787,0.005733563099056482,0.5700829029083252,0.44970202445983887,0.017443671822547913,0.5965545177459717,0.3953855335712433,0.04717602953314781,0.5637609362602234,0.49957433342933655,0.03382878005504608,0.5727742314338684,0.47974830865859985,0.04950757324695587,0.5760794878005981,0.4685695469379425,0.057702433317899704,0.5612384080886841,0.3544155955314636,0.003565389197319746,0.556117832660675,0.3547913432121277,0.0027109719812870026,0.5531043410301208,0.3552825450897217,0.0026923443656414747,0.588046133518219,0.3274824917316437,0.027602894231677055,0.555704653263092,0.34570515155792236,0.0004303319728933275,0.5607205033302307,0.34075045585632324,0.0007653982611373067,0.5666680335998535,0.33814364671707153,0.0028024238999933004,0.5719078779220581,0.33771970868110657,0.006339277606457472,0.5747274160385132,0.3388347625732422,0.009689870290458202,0.5877636671066284,0.3123965859413147,0.061300136148929596,0.5746306777000427,0.3471333384513855,0.011768540367484093,0.5698943138122559,0.4315732419490814,0.002616796875372529,0.5671581625938416,0.41815292835235596,-0.011409102939069271,0.5623125433921814,0.43437039852142334,-0.006800138391554356,0.5794229507446289,0.46109849214553833,0.0480801984667778,0.575295627117157,0.47265222668647766,0.041366420686244965,0.5656267404556274,0.4955121576786041,0.025653984397649765,0.5833209753036499,0.4368444085121155,0.07998332381248474,0.5529708862304688,0.35158056020736694,0.0012526791542768478,0.5581182241439819,0.38344070315361023,-0.017300613224506378,0.5692638754844666,0.49052339792251587,0.04097817465662956,0.5942052602767944,0.3938044309616089,0.06933815032243729,0.5631579160690308,0.4539845883846283,0.00604880740866065,0.5644581913948059,0.45608630776405334,0.006364929489791393,0.5653480887413025,0.4589691758155823,0.00652290228754282,0.5657712817192078,0.46270185708999634,0.008553808555006981,0.5672903656959534,0.46730732917785645,0.015782462432980537,0.5686389207839966,0.44747939705848694,0.013691059313714504,0.5695115923881531,0.4460178017616272,0.01423547975718975,0.5702670216560364,0.4446277618408203,0.014487884938716888,0.5766725540161133,0.4364452064037323,0.01612420193850994,0.5935461521148682,0.40536025166511536,0.032053396105766296,0.5550159215927124,0.3724718689918518,-0.013331073336303234,0.5497759580612183,0.3504026532173157,-0.006239485926926136,0.5515086054801941,0.34948328137397766,-0.0017421385273337364,0.5676255226135254,0.4490323066711426,0.014448580332100391,0.5909305810928345,0.4235835075378418,0.046430423855781555,0.5485232472419739,0.35323622822761536,-0.015797454863786697,0.5694399476051331,0.4724199175834656,0.02169528603553772,0.5550419092178345,0.3810964822769165,-0.02432888187468052,0.563141405582428,0.3963700830936432,-0.013260127045214176,0.5634931921958923,0.4813709259033203,0.016679855063557625,0.5777801871299744,0.4515974223613739,0.0285759549587965,0.5727134346961975,0.41301000118255615,0.006407458800822496,0.5737059116363525,0.46249663829803467,0.025756537914276123,0.5851777791976929,0.40563124418258667,0.013448361307382584,0.578404426574707,0.4192633032798767,0.011337735690176487,0.5886489152908325,0.41638997197151184,0.023014001548290253,0.5655906796455383,0.48931553959846497,0.020150747150182724,0.5647664666175842,0.39917710423469543,-0.00654520932585001,0.5804426074028015,0.45458847284317017,0.037825390696525574,0.5755326747894287,0.4666721224784851,0.033529531210660934,0.5819659233093262,0.44003042578697205,0.028759418055415154,0.5942707061767578,0.41007399559020996,0.05190558731555939,0.5864635705947876,0.43695536255836487,0.037216003984212875,0.5920834541320801,0.41265419125556946,0.06992942839860916,0.5818892121315002,0.4274651110172272,0.01828908920288086,0.5605425834655762,0.38706809282302856,-0.010148257948458195,0.5680023431777954,0.4168466627597809,-0.019130222499370575,0.5690455436706543,0.41626936197280884,-0.011003914289176464,0.5667552351951599,0.41278618574142456,-0.0250720102339983,0.5542222261428833,0.3404301404953003,-0.007915467023849487,0.5640022158622742,0.3318176865577698,-0.006560584530234337,0.5726699233055115,0.3280758559703827,-0.002751401625573635,0.5790320634841919,0.3274017572402954,0.0030262914951890707,0.582320511341095,0.3294796645641327,0.009112061001360416,0.5822750329971313,0.3416687250137329,0.022580862045288086,0.5942533612251282,0.35534173250198364,0.06181016564369202,0.5819931626319885,0.3572559952735901,0.018559595569968224,0.5777959823608398,0.3627467155456543,0.013141888193786144,0.5701637864112854,0.36567240953445435,0.00821403693407774,0.562419593334198,0.3661753237247467,0.00405200244858861,0.5568941235542297,0.3653550446033478,0.0010161706013604999,0.5533791780471802,0.36420637369155884,-0.0012955315178260207,0.5865766406059265,0.3513168692588806,0.08581811189651489,0.5681092739105225,0.41772010922431946,-0.007627993822097778,0.5608363151550293,0.39308786392211914,-0.020104270428419113,0.5661147236824036,0.4198003113269806,-0.025191130116581917,0.562873363494873,0.42432063817977905,-0.02289782464504242,0.565255343914032,0.4206281006336212,-0.021933095529675484,0.5666663646697998,0.4202560484409332,-0.005657641217112541,0.5623867511749268,0.4258745610713959,-0.0246475487947464,0.5607478618621826,0.4272669553756714,-0.01698176935315132,0.5507376194000244,0.35660022497177124,3.331186962896027e-05,0.5502168536186218,0.3605358302593231,-0.00462034996598959,0.5511151552200317,0.36370649933815,-0.008938956074416637,0.5761656165122986,0.33990779519081116,0.012797927483916283,0.5798451900482178,0.3356174826622009,0.01368395984172821,0.49920761585235596,0.36689069867134094,-0.01682319864630699,0.5068486928939819,0.3648906350135803,-0.01682319864630699,0.4978835880756378,0.35635465383529663,-0.01682319864630699,0.49137815833091736,0.3688832223415375,-0.01682319864630699,0.5005461573600769,0.3773188292980194,-0.01682319864630699,0.5617982149124146,0.3461120128631592,0.006356269121170044,0.5683534145355225,0.3441876173019409,0.006356269121170044,0.5602688789367676,0.3370289206504822,0.006356269121170044,0.555214524269104,0.3480418622493744,0.006356269121170044,0.5633987784385681,0.35532519221305847,0.006356269121170044
966.6666666666671,0.5568410158157349,0.45020487904548645,-0.00869204942137003,0.5598932504653931,0.4235982596874237,-0.03088037110865116,0.5555732250213623,0.4294886589050293,-0.012748638167977333,0.5484325289726257,0.39277032017707825,-0.03081948682665825,0.5594937205314636,0.4148101210594177,-0.03455619141459465,0.5568064451217651,0.401757150888443,-0.03434687852859497,0.5477004051208496,0.3671765923500061,-0.024966437369585037,0.4906459152698517,0.3704313337802887,-0.016908688470721245,0.5430202484130859,0.3391185402870178,-0.025533398613333702,0.5419060587882996,0.325968474149704,-0.029771560803055763,0.5333377718925476,0.27531954646110535,-0.03361523896455765,0.556765079498291,0.4530607759952545,-0.0071554058231413364,0.5562356114387512,0.4558793306350708,-0.004611692391335964,0.555439293384552,0.4578399062156677,-0.0006790465558879077,0.5551499724388123,0.457878053188324,0.000187034864211455,0.5557443499565125,0.4616745710372925,0.0007990983431227505,0.5559610724449158,0.46597450971603394,0.0006853300728835166,0.55560302734375,0.47039860486984253,0.003020388772711158,0.5550969839096069,0.4784412384033203,0.011006081476807594,0.5588734149932861,0.42726731300354004,-0.026966646313667297,0.5506179928779602,0.42809543013572693,-0.019935932010412216,0.4492332637310028,0.3317415118217468,-0.005263592582195997,0.5130726099014282,0.37534454464912415,-0.016672803089022636,0.5064967274665833,0.3777373135089874,-0.018030790612101555,0.49933841824531555,0.37878233194351196,-0.018193675205111504,0.4875279366970062,0.37361595034599304,-0.016053402796387672,0.5182127356529236,0.3721263110637665,-0.014228307642042637,0.49979332089424133,0.3480317294597626,-0.02502570115029812,0.5080320835113525,0.3477713465690613,-0.02278512716293335,0.4923040270805359,0.35137858986854553,-0.0243567805737257,0.48728686571121216,0.35635754466056824,-0.022557158023118973,0.4824466407299042,0.381005197763443,-0.013015626929700375,0.532139778137207,0.4946232736110687,0.01414928212761879,0.4867877662181854,0.3671112060546875,-0.015899719670414925,0.45313799381256104,0.37556135654449463,0.006659712176769972,0.47197866439819336,0.3752706050872803,-0.010390548035502434,0.5160382986068726,0.4161817133426666,-0.013694277964532375,0.5488932132720947,0.4505792558193207,-0.010618831031024456,0.5486196875572205,0.4572153687477112,-0.006044681183993816,0.539891242980957,0.4539910554885864,-0.009252485819160938,0.5328758955001831,0.45607349276542664,-0.006132359616458416,0.5409700274467468,0.4581723213195801,-0.005836754571646452,0.5343766808509827,0.4585955739021301,-0.002891886280849576,0.5221563577651978,0.46763503551483154,0.0053556798957288265,0.5547332763671875,0.42481306195259094,-0.031751539558172226,0.5535052418708801,0.41628915071487427,-0.035430844873189926,0.4780939817428589,0.3517201542854309,-0.026013217866420746,0.526625394821167,0.38942399621009827,-0.016081036999821663,0.5345891714096069,0.422122061252594,-0.021744882687926292,0.5326927304267883,0.4163115620613098,-0.02096761204302311,0.4924716055393219,0.4186268746852875,-0.012882083654403687,0.5510712265968323,0.4039338231086731,-0.0344378761947155,0.4977398216724396,0.33872202038764954,-0.03282630071043968,0.4865760803222656,0.3436915874481201,-0.030599502846598625,0.45847755670547485,0.3143038749694824,-0.01832534559071064,0.5289878249168396,0.34240230917930603,-0.028392912819981575,0.5149289965629578,0.3511365056037903,-0.018675198778510094,0.5164881348609924,0.4606391191482544,0.0026000100187957287,0.4654933512210846,0.4558759927749634,0.045200005173683167,0.5393953919410706,0.42642447352409363,-0.016968198120594025,0.5448918342590332,0.427843302488327,-0.014246542938053608,0.522354781627655,0.4582177996635437,0.0032965377904474735,0.5240139961242676,0.4585822820663452,0.0027011509519070387,0.4815322458744049,0.3380919098854065,-0.030239950865507126,0.5332832336425781,0.4247119128704071,-0.017366446554660797,0.5117688775062561,0.337759405374527,-0.03226759657263756,0.5103938579559326,0.3301407992839813,-0.035542238503694534,0.4920455515384674,0.28822416067123413,-0.03694630041718483,0.47044801712036133,0.32617050409317017,-0.025709770619869232,0.5019611120223999,0.3086482882499695,-0.03714805841445923,0.4717850983142853,0.34754303097724915,-0.023170793429017067,0.46108195185661316,0.34029778838157654,-0.015116654336452484,0.5487896800041199,0.45417970418930054,-0.009093907661736012,0.5404653549194336,0.4561282992362976,-0.00773882120847702,0.533650815486908,0.45731595158576965,-0.004896968137472868,0.5406032204627991,0.42728960514068604,-0.014482194557785988,0.5232136845588684,0.4584031403064728,0.0030605546198785305,0.527701199054718,0.46105101704597473,0.0018455027602612972,0.5248344540596008,0.45874232053756714,0.0027789694722741842,0.544622540473938,0.4251299500465393,-0.02590484917163849,0.5348185896873474,0.4596036970615387,-0.0009078772272914648,0.5413026809692383,0.4596096873283386,-0.0021807649172842503,0.5483639240264893,0.4591374397277832,-0.0023984729778021574,0.5466291904449463,0.48031139373779297,0.00891744252294302,0.5477295517921448,0.471838116645813,0.0008239719900302589,0.5481283068656921,0.467308908700943,-0.0013523777015507221,0.5482866168022156,0.46297794580459595,-0.0011767717078328133,0.5482428073883057,0.4592975378036499,-0.0015598081517964602,0.5347805619239807,0.45987820625305176,-0.00023075637000147253,0.5340611338615417,0.46148157119750977,-0.0001120406886911951,0.5331422686576843,0.4637182950973511,-0.00032813800498843193,0.5323090553283691,0.46623337268829346,0.0009207915281876922,0.5260223746299744,0.44714322686195374,-0.007009600289165974,0.4495996832847595,0.41187140345573425,0.040723927319049835,0.5574697256088257,0.4285515546798706,-0.018052397295832634,0.529721736907959,0.45949241518974304,0.0014921353431418538,0.5287883877754211,0.4601726531982422,0.0016607855213806033,0.5473282337188721,0.43059810996055603,-0.013191907666623592,0.5346460938453674,0.42856642603874207,-0.010337358340620995,0.5461996793746948,0.4292827844619751,-0.013953463174402714,0.5198062062263489,0.39569854736328125,-0.014921795576810837,0.5091661214828491,0.4045693576335907,-0.015051132999360561,0.5308789610862732,0.4195098876953125,-0.016870012506842613,0.4721897542476654,0.299640029668808,-0.02928014099597931,0.4834757447242737,0.3152882158756256,-0.032736361026763916,0.49461057782173157,0.33160099387168884,-0.034469932317733765,0.5291527509689331,0.4735819697380066,0.005581975448876619,0.526716411113739,0.3299083113670349,-0.033709265291690826,0.5195893049240112,0.30498626828193665,-0.03704166039824486,0.5117000341415405,0.2806910276412964,-0.0380268394947052,0.49219438433647156,0.37763798236846924,-0.01724768988788128,0.4750206470489502,0.38929927349090576,-0.010262618772685528,0.5215038657188416,0.36938905715942383,-0.013091188855469227,0.4802936017513275,0.362484872341156,-0.01945991814136505,0.5314441323280334,0.38319823145866394,-0.018041318282485008,0.5400262475013733,0.4197107255458832,-0.027369728311896324,0.4667849540710449,0.3957860469818115,-0.004336733836680651,0.4825242757797241,0.3957953453063965,-0.013224598951637745,0.49383655190467834,0.3980308473110199,-0.01557175349444151,0.5076471567153931,0.3937537372112274,-0.014813903719186783,0.5166007876396179,0.38786253333091736,-0.014038982801139355,0.522956907749176,0.38251444697380066,-0.014382985420525074,0.5415567755699158,0.37060409784317017,-0.024478884413838387,0.4706779718399048,0.4156402349472046,-0.001803143764846027,0.4739997386932373,0.36234375834465027,-0.018904494121670723,0.5556476712226868,0.4280484616756439,-0.027707038447260857,0.5297174453735352,0.39947742223739624,-0.01638818345963955,0.4434221684932709,0.3708316683769226,0.025287652388215065,0.5281413793563843,0.37714430689811707,-0.015007526613771915,0.5285849571228027,0.41889050602912903,-0.010633357800543308,0.4836745858192444,0.36775609850883484,-0.015384755097329617,0.5378521084785461,0.41248705983161926,-0.026258153840899467,0.4555715322494507,0.4337628483772278,0.0442795529961586,0.5202875137329102,0.36632397770881653,-0.012883514165878296,0.5445380210876465,0.4074467122554779,-0.03174295276403427,0.49506717920303345,0.47969135642051697,0.022889550775289536,0.49261710047721863,0.4865874648094177,0.03553531691431999,0.45774492621421814,0.4156174659729004,0.019027991220355034,0.4819753170013428,0.4687996506690979,0.025095166638493538,0.45603176951408386,0.35648706555366516,-0.0031071719713509083,0.5310532450675964,0.5023269653320312,0.0194871723651886,0.5548615455627441,0.42892611026763916,-0.018314069136977196,0.5236566662788391,0.4067724943161011,-0.014143259264528751,0.46416181325912476,0.37736260890960693,-0.006058549042791128,0.49972963333129883,0.3735765516757965,-0.018412943929433823,0.5061537027359009,0.372841477394104,-0.0183077584952116,0.5266447067260742,0.4621087908744812,0.0025890341494232416,0.4735746383666992,0.4333588480949402,0.005376583896577358,0.5424680709838867,0.5092485547065735,0.0263874139636755,0.5197436809539795,0.5024758577346802,0.029184406623244286,0.5079296827316284,0.49638962745666504,0.031671326607465744,0.5381255149841309,0.30095571279525757,-0.03299130126833916,0.5543766617774963,0.5064980387687683,0.02925913967192173,0.5114375948905945,0.370728462934494,-0.016998548060655594,0.5161294341087341,0.36823633313179016,-0.015015493147075176,0.5191065073013306,0.3670453429222107,-0.013291290029883385,0.46662265062332153,0.3603653907775879,-0.014662474393844604,0.5133560299873352,0.35819393396377563,-0.017757128924131393,0.5069315433502197,0.35515090823173523,-0.020353693515062332,0.5007426738739014,0.35558637976646423,-0.021726693958044052,0.49462783336639404,0.3583870828151703,-0.02150224708020687,0.490856409072876,0.36191606521606445,-0.020099185407161713,0.44444388151168823,0.3495018482208252,0.01058429665863514,0.49466267228126526,0.3724777400493622,-0.017731763422489166,0.5552423000335693,0.43565699458122253,-0.009812201373279095,0.5333312749862671,0.44177284836769104,-0.009345555678009987,0.5400564074516296,0.42579182982444763,-0.019715167582035065,0.5468195676803589,0.4381119906902313,-0.011630218476057053,0.5442694425582886,0.35229557752609253,-0.023141825571656227,0.5078963041305542,0.48905253410339355,0.02296382747590542,0.5192088484764099,0.4958861470222473,0.021885264664888382,0.5435549020767212,0.5052459239959717,0.018452659249305725,0.4785924255847931,0.4736725091934204,0.04107630252838135,0.5181312561035156,0.3633567690849304,-0.015043577179312706,0.5397606492042542,0.38742610812187195,-0.024427607655525208,0.5556898713111877,0.5024244785308838,0.02149978280067444,0.5313321352005005,0.5073381662368774,0.026298511773347855,0.46248605847358704,0.43518075346946716,0.02384166046977043,0.5412588119506836,0.45988619327545166,-0.001400417066179216,0.5407439470291138,0.4627090096473694,-0.0012941323220729828,0.5402514934539795,0.46616610884666443,-0.001557777402922511,0.5398178100585938,0.47024086117744446,8.246851939475164e-05,0.5372942686080933,0.478251188993454,0.006026274990290403,0.5287057757377625,0.45858943462371826,-0.00024364423006772995,0.5277546048164368,0.45791590213775635,-0.001104833441786468,0.5269046425819397,0.45721909403800964,-0.001961185596883297,0.5199662446975708,0.45351654291152954,-0.0034723137505352497,0.48707085847854614,0.4382953643798828,-0.003172416938468814,0.5365220308303833,0.3763558566570282,-0.020897679030895233,0.5263504981994629,0.35769420862197876,-0.015902571380138397,0.5210559368133545,0.3591379225254059,-0.015465455129742622,0.5296669006347656,0.4592615067958832,0.0010635636281222105,0.48671770095825195,0.4579407572746277,0.011123066768050194,0.5345982909202576,0.3567701578140259,-0.021716777235269547,0.5341808795928955,0.48605406284332275,0.010642090812325478,0.5537832975387573,0.39031359553337097,-0.03099684789776802,0.5451287031173706,0.38251993060112,-0.028251564130187035,0.550904393196106,0.37944933772087097,-0.027994586154818535,0.5367345213890076,0.40283769369125366,-0.02238418534398079,0.5560415387153625,0.49542924761772156,0.01611294038593769,0.555439829826355,0.4863164722919464,0.01375121995806694,0.5454214811325073,0.48862048983573914,0.011854925192892551,0.5162709355354309,0.4728128910064697,0.0083786491304636,0.5228922367095947,0.42694714665412903,-0.009323470294475555,0.5244906544685364,0.480555921792984,0.010072901844978333,0.505596399307251,0.42944905161857605,-0.01179561484605074,0.5170383453369141,0.43737658858299255,-0.00825550127774477,0.4997638165950775,0.4441574811935425,-0.005592014640569687,0.5445167422294617,0.49805310368537903,0.01348754484206438,0.531945526599884,0.407501220703125,-0.017912019044160843,0.5105531811714172,0.480411559343338,0.014224248006939888,0.5212311744689941,0.48796239495277405,0.015718014910817146,0.5096905827522278,0.4635904133319855,0.003833965864032507,0.47683706879615784,0.44763028621673584,0.012141467072069645,0.49938783049583435,0.46666795015335083,0.007947662845253944,0.469718873500824,0.4527750313282013,0.027031492441892624,0.5116583108901978,0.44886335730552673,-0.004823899827897549,0.5346542596817017,0.39330798387527466,-0.02009725011885166,0.5427994728088379,0.42408934235572815,-0.02781526930630207,0.5371873378753662,0.42526257038116455,-0.020941942930221558,0.546730101108551,0.4180624186992645,-0.0320071280002594,0.5210379958152771,0.34959423542022705,-0.021060867235064507,0.5098866820335388,0.34498193860054016,-0.025794075801968575,0.4996115267276764,0.3452037572860718,-0.027822373434901237,0.4907437860965729,0.3487030863761902,-0.027193253859877586,0.48405444622039795,0.3544606566429138,-0.024610456079244614,0.4790264070034027,0.3714885115623474,-0.013639847747981548,0.45448511838912964,0.3958348333835602,0.012714847922325134,0.48782557249069214,0.38482680916786194,-0.014435268938541412,0.4967966675758362,0.386746883392334,-0.015616116113960743,0.5065555572509766,0.38482189178466797,-0.015456619672477245,0.5146772861480713,0.38082829117774963,-0.0146156195551157,0.5205091834068298,0.37672513723373413,-0.01319480687379837,0.5247557163238525,0.3733058273792267,-0.012958722189068794,0.4458853602409363,0.39097052812576294,0.03461786359548569,0.5364377498626709,0.4264832139015198,-0.017376814037561417,0.5425542593002319,0.3971855640411377,-0.027279287576675415,0.5491163730621338,0.4246387779712677,-0.030665848404169083,0.5511327385902405,0.4275535047054291,-0.026024995371699333,0.5478531122207642,0.42566072940826416,-0.027557220309972763,0.5375351905822754,0.4280051290988922,-0.01380393747240305,0.5532267689704895,0.42809879779815674,-0.027147775515913963,0.5525029301643372,0.42900606989860535,-0.019105780869722366,0.5232901573181152,0.3661869168281555,-0.012347840704023838,0.5279194712638855,0.3676795959472656,-0.013924920000135899,0.5318151712417603,0.3693072497844696,-0.016714423894882202,0.4886437952518463,0.3646613657474518,-0.018325278535485268,0.4840494394302368,0.36176598072052,-0.019357845187187195,0.5582214593887329,0.3898013234138489,-0.02665403112769127,0.5762247443199158,0.343234658241272,0.013814248144626617,0.5624115467071533,0.4240424633026123,-0.016742585226893425,0.5856920480728149,0.29672738909721375,0.042515382170677185,0.56122887134552,0.3586794137954712,0.003089157398790121,0.5675896406173706,0.3570532500743866,0.005731147713959217,0.5733060240745544,0.3544968366622925,0.009246482513844967,0.5778961181640625,0.3457808792591095,0.016480514779686928,0.5561738014221191,0.3583078384399414,0.00136942183598876,0.569614052772522,0.3299446403980255,-6.828624464105815e-05,0.5623036623001099,0.33312034606933594,-0.0031135985627770424,0.5756510496139526,0.3295711874961853,0.004413585644215345,0.5788353681564331,0.3317176401615143,0.008492916822433472,0.5833501815795898,0.3505387604236603,0.02204497531056404,0.5712979435920715,0.47873497009277344,0.02819765731692314,0.5771999359130859,0.3398587107658386,0.016259267926216125,0.5908910036087036,0.33640268445014954,0.054537419229745865,0.5860832929611206,0.34130674600601196,0.028944579884409904,0.5759827494621277,0.3980790674686432,0.006125349551439285,0.5625959038734436,0.4461553394794464,-0.005707130301743746,0.5612242817878723,0.4531455934047699,-0.0015076420968398452,0.5665572285652161,0.4446817636489868,0.0009188518160954118,0.5688501596450806,0.44408223032951355,0.007949653081595898,0.5646069645881653,0.4505246877670288,0.003025501500815153,0.5669189691543579,0.4483993649482727,0.009007844142615795,0.5733976364135742,0.4505559206008911,0.023650165647268295,0.564017653465271,0.42157286405563354,-0.029101526364684105,0.5643821954727173,0.41289785504341125,-0.03225821629166603,0.587087094783783,0.32238540053367615,0.011035561561584473,0.5621945858001709,0.3788554072380066,-0.003150482662022114,0.5704180002212524,0.410861611366272,-0.009825958870351315,0.569070041179657,0.40519747138023376,-0.00865634810179472,0.5901284217834473,0.38887059688568115,0.02019217424094677,0.5614917278289795,0.4007571041584015,-0.030391661450266838,0.5776534080505371,0.3187862038612366,-0.006990136578679085,0.5839055776596069,0.318614661693573,0.0017083511920645833,0.5828490257263184,0.2832261323928833,0.02457866258919239,0.5542250871658325,0.33536970615386963,-0.01976199820637703,0.5561307072639465,0.3387158215045929,-0.00281593669205904,0.5768058896064758,0.4410652220249176,0.024854158982634544,0.5839043259620667,0.4158596694469452,0.0894283652305603,0.5671139359474182,0.41752249002456665,-0.008183305151760578,0.5636443495750427,0.42224517464637756,-0.009816831909120083,0.5713801383972168,0.44386667013168335,0.022437551990151405,0.5703844428062439,0.4449412226676941,0.01949143223464489,0.5855315327644348,0.3110458254814148,0.004123481456190348,0.5696295499801636,0.4135739505290985,-0.005704835988581181,0.5680282115936279,0.3233707845211029,-0.014531314373016357,0.5688963532447815,0.31512612104415894,-0.01734125055372715,0.5664305090904236,0.2704203426837921,-0.012407023459672928,0.5844783782958984,0.29554781317710876,0.012204799801111221,0.568019688129425,0.2914297580718994,-0.01622876711189747,0.5885467529296875,0.31608638167381287,0.016435490921139717,0.5876649022102356,0.30585944652557373,0.027827663347125053,0.5621724128723145,0.4499300718307495,-0.004219344351440668,0.5656945705413818,0.4477585256099701,0.0018101398600265384,0.5679891109466553,0.4462263584136963,0.007964096963405609,0.5659036040306091,0.41930317878723145,-0.007284644991159439,0.5708760619163513,0.4444175362586975,0.020744727924466133,0.5693740844726562,0.4484170377254486,0.016644418239593506,0.569875180721283,0.4454900622367859,0.019096925854682922,0.5669372081756592,0.41749927401542664,-0.01776319555938244,0.56587815284729,0.4502379894256592,0.010371931828558445,0.5634750127792358,0.45275527238845825,0.006133492570370436,0.5601217150688171,0.45541852712631226,0.0022173847537487745,0.5617048144340515,0.4749130606651306,0.013477259315550327,0.561346173286438,0.4669399559497833,0.005653985310345888,0.5614796280860901,0.4625876545906067,0.0036888932809233665,0.5608813166618347,0.4586619734764099,0.0037601811345666647,0.5597397089004517,0.45548880100250244,0.0031441173050552607,0.5656201243400574,0.45033836364746094,0.011068769730627537,0.5667356252670288,0.45125484466552734,0.011153330095112324,0.5676918029785156,0.4527024030685425,0.011365358717739582,0.5682777762413025,0.4546951651573181,0.013532084412872791,0.5737946033477783,0.4321914613246918,0.009284844622015953,0.585917055606842,0.37081846594810486,0.09024205803871155,0.567571222782135,0.44813215732574463,0.015735458582639694,0.5685687065124512,0.4481799006462097,0.01592186465859413,0.5619333982467651,0.426455557346344,-0.008819494396448135,0.5678693056106567,0.4186328947544098,-0.0011046999134123325,0.5627877712249756,0.4245099425315857,-0.009665142744779587,0.5676167607307434,0.3815285563468933,0.0024776882492005825,0.5774856805801392,0.38416680693626404,0.008568142540752888,0.5692152380943298,0.407949835062027,-0.0041906568221747875,0.5772956609725952,0.27399739623069763,0.005697673186659813,0.5785374045372009,0.2900790274143219,-0.002262934111058712,0.5788162350654602,0.31008097529411316,-0.007234382908791304,0.5707280039787292,0.4589785933494568,0.02050149068236351,0.5560737252235413,0.32257080078125,-0.02441914565861225,0.5549454092979431,0.2958121597766876,-0.02616431936621666,0.5523181557655334,0.27099382877349854,-0.025619598105549812,0.5767599940299988,0.35061171650886536,0.013372030109167099,0.5888996124267578,0.3551756739616394,0.028611548244953156,0.5530343055725098,0.3573319911956787,0.0007904104422777891,0.5830714106559753,0.3332480490207672,0.01619882509112358,0.5587631464004517,0.3750157952308655,-0.0076660034246742725,0.5694054961204529,0.4103468060493469,-0.01768500730395317,0.5945389270782471,0.357820987701416,0.03963969647884369,0.5888786315917969,0.36397117376327515,0.023262998089194298,0.5843527913093567,0.3709365725517273,0.01545631606131792,0.5736941695213318,0.37362855672836304,0.008932347409427166,0.5650638937950134,0.3725733757019043,0.0039630671963095665,0.5593292117118835,0.37064313888549805,-0.0009133620769716799,0.5526208877563477,0.3673194348812103,-0.020036211237311363,0.596641480922699,0.37720122933387756,0.041926898062229156,0.5865855813026428,0.3303253948688507,0.020083919167518616,0.5615445971488953,0.4259130358695984,-0.025583874434232712,0.5636945962905884,0.3894490897655487,-0.00397880282253027,0.5860277414321899,0.33153843879699707,0.07644392549991608,0.5552144646644592,0.367867648601532,-0.004477860406041145,0.5681638121604919,0.4071277678012848,0.0020313963759690523,0.579136073589325,0.3394475281238556,0.018427755683660507,0.5674824118614197,0.40341341495513916,-0.016394291073083878,0.585695743560791,0.39230695366859436,0.09163805097341537,0.5518996119499207,0.3539346158504486,0.0016515940660610795,0.5649024844169617,0.4011704921722412,-0.024559011682868004,0.5836207270622253,0.44674229621887207,0.05517781525850296,0.5796937942504883,0.4533599615097046,0.06881071627140045,0.5940868854522705,0.37373074889183044,0.06671372056007385,0.5876817107200623,0.4316117465496063,0.06316521763801575,0.5893518328666687,0.31979674100875854,0.042721498757600784,0.5712825655937195,0.48519814014434814,0.03470403328537941,0.5597259402275085,0.4273441433906555,-0.017001081258058548,0.568209707736969,0.3935679793357849,0.001189588918350637,0.5881104469299316,0.340993195772171,0.03719457983970642,0.5721268057823181,0.3491228222846985,0.00858370028436184,0.5670367479324341,0.3519764542579651,0.005573158152401447,0.5700271725654602,0.44899982213974,0.018552834168076515,0.5957621335983276,0.3947434425354004,0.047440722584724426,0.563586950302124,0.5001291036605835,0.03498874977231026,0.5724409222602844,0.48001089692115784,0.050562672317028046,0.5754541158676147,0.468635618686676,0.05865326151251793,0.5614088773727417,0.35331010818481445,0.0033726743422448635,0.5562301278114319,0.35361701250076294,0.0024724644608795643,0.5532156229019165,0.3540453314781189,0.002407652325928211,0.5881413221359253,0.32625606656074524,0.02732221409678459,0.5559027194976807,0.3443360924720764,0.00015491592057514936,0.5609809160232544,0.33934852480888367,0.0005070201586931944,0.5670060515403748,0.33676204085350037,0.00256519322283566,0.5722334980964661,0.3364568054676056,0.006124058272689581,0.5749985575675964,0.3377019166946411,0.009497043676674366,0.5868940949440002,0.3119376301765442,0.06073180213570595,0.574828028678894,0.3460630178451538,0.01160042267292738,0.5699224472045898,0.43060511350631714,0.0030668664257973433,0.5677579045295715,0.4167144298553467,-0.011327466927468777,0.5624961853027344,0.4333333373069763,-0.006470384541898966,0.5787398815155029,0.46099865436553955,0.04903390258550644,0.5748245716094971,0.4727557897567749,0.04237959906458855,0.565350353717804,0.4959273338317871,0.026744257658720016,0.5820206999778748,0.43662014603614807,0.08047010004520416,0.5531222820281982,0.3502802848815918,0.000953640032093972,0.5587083101272583,0.3817392587661743,-0.017428558319807053,0.569078266620636,0.49097105860710144,0.04212018847465515,0.5930383205413818,0.3933262228965759,0.06941085308790207,0.5631296038627625,0.45288002490997314,0.006985065061599016,0.5643801093101501,0.45491892099380493,0.007337967865169048,0.5651887655258179,0.4577125310897827,0.007555379532277584,0.5655189752578735,0.4614443778991699,0.009621672332286835,0.567101776599884,0.4674988389015198,0.016826577484607697,0.5687514543533325,0.44652339816093445,0.014603152871131897,0.5696491599082947,0.44511622190475464,0.015169561840593815,0.5704311728477478,0.4437468647956848,0.01541462354362011,0.5762814879417419,0.4356505870819092,0.01697736606001854,0.5929169058799744,0.4046625792980194,0.03245648741722107,0.5555821657180786,0.37071356177330017,-0.01354524027556181,0.5501770973205566,0.3487563133239746,-0.0066346460953354836,0.551764190196991,0.34799742698669434,-0.0020943647250533104,0.5676886439323425,0.44804850220680237,0.015356183052062988,0.5900285840034485,0.4230669438838959,0.04700223356485367,0.5491152405738831,0.3513161838054657,-0.016179798170924187,0.5691114664077759,0.4725000858306885,0.022732552140951157,0.5557160973548889,0.37932080030441284,-0.024506239220499992,0.5636739730834961,0.39477723836898804,-0.013291439972817898,0.5632466673851013,0.4816385805606842,0.017666680738329887,0.5772215127944946,0.451155424118042,0.02963704988360405,0.572855532169342,0.4118548333644867,0.006615559104830027,0.5732524394989014,0.4623147249221802,0.026839014142751694,0.5849292278289795,0.4047415554523468,0.013793053105473518,0.5782074928283691,0.41833701729774475,0.011784931644797325,0.5881237387657166,0.4156637191772461,0.023582641035318375,0.5653041005134583,0.4895918369293213,0.021238937973976135,0.565233588218689,0.3976394534111023,-0.0065435064025223255,0.5798327922821045,0.45428967475891113,0.03883887082338333,0.5750413537025452,0.46659356355667114,0.03458595648407936,0.5813624858856201,0.43940144777297974,0.029693426564335823,0.5933327674865723,0.40950408577919006,0.05229875445365906,0.5857256650924683,0.43646037578582764,0.03804035484790802,0.5908346772193909,0.4122418165206909,0.07022054493427277,0.5814111232757568,0.4266741871833801,0.018965622410178185,0.5610436201095581,0.3854355216026306,-0.010234920307993889,0.5686303377151489,0.4153890311717987,-0.019003653898835182,0.5696296095848083,0.4148487448692322,-0.010886852629482746,0.5674160718917847,0.41130223870277405,-0.024966446682810783,0.5547571182250977,0.3385905623435974,-0.008283010683953762,0.5646618604660034,0.3299277424812317,-0.006872577592730522,0.5733717679977417,0.3263241648674011,-0.0029803020879626274,0.5796765089035034,0.32584133744239807,0.002821591915562749,0.5828049778938293,0.32812562584877014,0.008920561522245407,0.5823165774345398,0.34066492319107056,0.022402754053473473,0.5932207107543945,0.354807585477829,0.061618078500032425,0.5820599794387817,0.3561588525772095,0.018495868891477585,0.5779300928115845,0.36153435707092285,0.013085712678730488,0.5703246593475342,0.3644391596317291,0.008136608637869358,0.5625835657119751,0.3649190664291382,0.003944151569157839,0.5570726990699768,0.3640260696411133,0.0008059860556386411,0.5536043047904968,0.3627980053424835,-0.0015455815009772778,0.5852994918823242,0.35098591446876526,0.08548489958047867,0.5686564445495605,0.41634437441825867,-0.007519415579736233,0.5614446997642517,0.3914537727832794,-0.02014951780438423,0.5667481422424316,0.41837403178215027,-0.025043925270438194,0.5634331107139587,0.4229649305343628,-0.022758960723876953,0.5658589005470276,0.4192018508911133,-0.0218021422624588,0.5671892166137695,0.4189424216747284,-0.005547227803617716,0.562950074672699,0.42454490065574646,-0.02449103631079197,0.5612667798995972,0.42598673701286316,-0.01686050184071064,0.550906777381897,0.3552694320678711,-0.00030643120408058167,0.5505090355873108,0.359034925699234,-0.0049447729252278805,0.5515262484550476,0.3620935380458832,-0.009239358827471733,0.5763621926307678,0.3388631045818329,0.012606248259544373,0.5800977945327759,0.33453357219696045,0.013496064580976963,0.4991856515407562,0.3648592531681061,-0.01751609519124031,0.506783127784729,0.3629419207572937,-0.01751609519124031,0.4978485107421875,0.35405462980270386,-0.01751609519124031,0.49139827489852905,0.36674922704696655,-0.01751609519124031,0.5005460381507874,0.3755567669868469,-0.01751609519124031,0.5621800422668457,0.34490448236465454,0.006133956369012594,0.5687452554702759,0.3429579734802246,0.006133956369012594,0.5606922507286072,0.3357807397842407,0.006133956369012594,0.5555835962295532,0.3468634784221649,0.006133956369012594,0.563740611076355,0.354149729013443,0.006133956369012594
1000.0000000000005,0.5545865297317505,0.4498053789138794,-0.008940032683312893,0.5593973398208618,0.42371320724487305,-0.03090898133814335,0.5548216700553894,0.42970433831214905,-0.012908394448459148,0.5478200316429138,0.392530620098114,-0.03071516565978527,0.5590204000473022,0.41481271386146545,-0.03451795130968094,0.5562635064125061,0.40164732933044434,-0.03422272950410843,0.5469411611557007,0.36674824357032776,-0.024595361202955246,0.48990195989608765,0.3693126142024994,-0.017204025760293007,0.5423499345779419,0.33882957696914673,-0.024935629218816757,0.5413236618041992,0.3256276249885559,-0.029025152325630188,0.5328508019447327,0.27456575632095337,-0.03233949467539787,0.554572343826294,0.4526453912258148,-0.007419703993946314,0.554164707660675,0.4553779363632202,-0.004905048292130232,0.5535358190536499,0.45723986625671387,-0.0010326054180040956,0.553180456161499,0.4573156237602234,-0.00021039455896243453,0.5537816882133484,0.46108970046043396,0.0003218682250007987,0.5540512204170227,0.4653269350528717,0.00013898716133553535,0.5538482069969177,0.46968305110931396,0.0023735524155199528,0.5541390776634216,0.47849100828170776,0.0102032870054245,0.5582985281944275,0.4274665117263794,-0.027032557874917984,0.5499266982078552,0.4282766580581665,-0.020108288154006004,0.4474376440048218,0.33087384700775146,-0.005654553417116404,0.5122618675231934,0.3741929233074188,-0.016729865223169327,0.505694568157196,0.37661653757095337,-0.018200917169451714,0.498546302318573,0.37771525979042053,-0.01846005767583847,0.48676368594169617,0.3725961744785309,-0.016424860805273056,0.5174098014831543,0.3709491491317749,-0.014197740703821182,0.49871522188186646,0.3469015955924988,-0.02506147138774395,0.5069949626922607,0.346628338098526,-0.022671686485409737,0.4912256896495819,0.3502878248691559,-0.024524595588445663,0.48625093698501587,0.3553367853164673,-0.02280239947140217,0.48152047395706177,0.3800841271877289,-0.013508683070540428,0.5310395359992981,0.4949971139431,0.012921529822051525,0.4860076904296875,0.3660511076450348,-0.016227656975388527,0.451188862323761,0.3750203251838684,0.005861248821020126,0.47086262702941895,0.37425923347473145,-0.010952102951705456,0.5151785612106323,0.4160037338733673,-0.014131845906376839,0.5465601086616516,0.4498647153377533,-0.010950729250907898,0.5465836524963379,0.4565250277519226,-0.006406193133443594,0.5378476977348328,0.4529603123664856,-0.009701071307063103,0.5311840176582336,0.4549245536327362,-0.006673866417258978,0.5391361117362976,0.4572223424911499,-0.0062672593630850315,0.5327780842781067,0.4574914574623108,-0.003389238379895687,0.5213117599487305,0.46783462166786194,0.004508486483246088,0.5542279481887817,0.42492374777793884,-0.03183767944574356,0.5530225038528442,0.41628533601760864,-0.0354655385017395,0.47675350308418274,0.3506219983100891,-0.026326853781938553,0.5258080959320068,0.3890702724456787,-0.016167255118489265,0.5337693691253662,0.4221939146518707,-0.02203313075006008,0.5318388938903809,0.41629672050476074,-0.02123083360493183,0.49144548177719116,0.41829028725624084,-0.013635783456265926,0.5505294799804688,0.4038122892379761,-0.034409716725349426,0.4962333142757416,0.337364137172699,-0.032791707664728165,0.4851316213607788,0.34246811270713806,-0.030761973932385445,0.4571492671966553,0.313332200050354,-0.018411440774798393,0.5279806852340698,0.34121519327163696,-0.027961747720837593,0.5139869451522827,0.35002776980400085,-0.01848161406815052,0.5156493782997131,0.4608180522918701,0.0017619067803025246,0.46334338188171387,0.4560248553752899,0.04332917556166649,0.5385687947273254,0.42656755447387695,-0.017225712537765503,0.5440829992294312,0.4280136823654175,-0.014475369825959206,0.5212559103965759,0.45712152123451233,0.0025685240980237722,0.5228670239448547,0.45748913288116455,0.0020491459872573614,0.48002588748931885,0.33698704838752747,-0.030377954244613647,0.532375156879425,0.42480987310409546,-0.017684338614344597,0.510363757610321,0.33636167645454407,-0.032014090567827225,0.5089170336723328,0.32889142632484436,-0.035219307988882065,0.49154406785964966,0.28716111183166504,-0.03633907064795494,0.4694857597351074,0.32550230622291565,-0.025819135829806328,0.5015736818313599,0.307868093252182,-0.0366877019405365,0.47042316198349,0.34651944041252136,-0.02349075861275196,0.4597020745277405,0.33967968821525574,-0.015434912405908108,0.5465918779373169,0.4535225033760071,-0.009438016451895237,0.5385240912437439,0.45517340302467346,-0.008179709315299988,0.5319960713386536,0.4562021493911743,-0.005411993712186813,0.5397526025772095,0.42744842171669006,-0.01474191527813673,0.5220946073532104,0.4573117196559906,0.0023790798150002956,0.5263742208480835,0.4600057601928711,0.001171405310742557,0.5236488580703735,0.45765620470046997,0.002129281172528863,0.5439736247062683,0.4252557158470154,-0.026112617924809456,0.5332635045051575,0.4585126042366028,-0.001429051044397056,0.5395634174346924,0.4586580693721771,-0.0026517107617110014,0.5464986562728882,0.45839425921440125,-0.002817331813275814,0.5457065105438232,0.48037922382354736,0.008058048784732819,0.5460391044616699,0.4710366725921631,0.00012944663467351347,0.5462755560874939,0.46656525135040283,-0.0019591485615819693,0.5463647842407227,0.4622988700866699,-0.0017112032510340214,0.5463013648986816,0.4586220383644104,-0.0020126563031226397,0.5331658124923706,0.45892202854156494,-0.0007865524967201054,0.532484769821167,0.4605482220649719,-0.000725189340300858,0.5316330790519714,0.4627542197704315,-0.0009794792858883739,0.5308926701545715,0.4652414917945862,0.00020169973140582442,0.5252284407615662,0.4472581744194031,-0.007560585625469685,0.44721224904060364,0.4117138087749481,0.03921729698777199,0.5568034052848816,0.42876678705215454,-0.01817244477570057,0.5283111333847046,0.4584481716156006,0.0008813710301183164,0.5274020433425903,0.45914754271507263,0.0010140896774828434,0.5465527772903442,0.4307919144630432,-0.013453776016831398,0.533729076385498,0.4286953806877136,-0.010662033222615719,0.5454069375991821,0.42946407198905945,-0.014194205403327942,0.5189645290374756,0.3953539729118347,-0.015165223740041256,0.5083205103874207,0.4042123556137085,-0.015505049377679825,0.5299596786499023,0.41952428221702576,-0.01717257872223854,0.4713292717933655,0.29857373237609863,-0.029046228155493736,0.4828810691833496,0.3145611882209778,-0.032580580562353134,0.4930298328399658,0.330387145280838,-0.03437582775950432,0.528296709060669,0.4737088978290558,0.004714254289865494,0.525547206401825,0.3288286030292511,-0.03318050503730774,0.5191920399665833,0.30425187945365906,-0.03630596771836281,0.5112959742546082,0.27972376346588135,-0.03706078603863716,0.49143365025520325,0.3765753507614136,-0.017582664266228676,0.47404614090919495,0.3883773982524872,-0.010909679345786572,0.52068692445755,0.36819857358932495,-0.01300489716231823,0.47924336791038513,0.3614603579044342,-0.01983930543065071,0.5306544303894043,0.38281920552253723,-0.018033165484666824,0.5393630266189575,0.41975128650665283,-0.027577662840485573,0.4652595520019531,0.39530399441719055,-0.005193719640374184,0.48163342475891113,0.39494580030441284,-0.013868109323084354,0.49301978945732117,0.3972582221031189,-0.01608380116522312,0.5069196820259094,0.3929513692855835,-0.015153841115534306,0.5159485936164856,0.38702356815338135,-0.0142112011089921,0.5223307013511658,0.3816578686237335,-0.014422706328332424,0.5408058762550354,0.3701580762863159,-0.024219628423452377,0.4692130386829376,0.4152842164039612,-0.0028322890866547823,0.47279974818229675,0.361285537481308,-0.019338291138410568,0.5550713539123535,0.4282292127609253,-0.027820216491818428,0.528878927230835,0.3992495834827423,-0.016535120084881783,0.4410609304904938,0.3702688217163086,0.024283703416585922,0.5275320410728455,0.37628617882728577,-0.014937221072614193,0.5276162624359131,0.41888391971588135,-0.010939107276499271,0.48286333680152893,0.3667527437210083,-0.015761516988277435,0.5371389985084534,0.4124360680580139,-0.0264273788779974,0.4532797634601593,0.4337674081325531,0.04255877435207367,0.5194228291511536,0.3651244044303894,-0.01276877336204052,0.5439431071281433,0.407340407371521,-0.031815338879823685,0.4936213791370392,0.4799135625362396,0.02140599675476551,0.49093806743621826,0.48689839243888855,0.033710066229104996,0.45580995082855225,0.4153538644313812,0.017820822075009346,0.4803501069545746,0.46893978118896484,0.023561842739582062,0.4543103575706482,0.35586845874786377,-0.0036528364289551973,0.5298612117767334,0.5027864575386047,0.01809626817703247,0.5541804432868958,0.4291228652000427,-0.018465213477611542,0.5227610468864441,0.4065898358821869,-0.014410886913537979,0.4629654288291931,0.3763323724269867,-0.006721772253513336,0.4989416003227234,0.3723670244216919,-0.018623782321810722,0.5053290724754333,0.3716237246990204,-0.018440671265125275,0.5253905057907104,0.4610339105129242,0.0018730205483734608,0.472089558839798,0.43316441774368286,0.004207504913210869,0.5411896705627441,0.5096860527992249,0.024853341281414032,0.5183209776878357,0.5029548406600952,0.02748827263712883,0.5064048767089844,0.49680542945861816,0.029929528012871742,0.5376017093658447,0.3004215955734253,-0.0319933146238327,0.5531049966812134,0.5068903565406799,0.02789643593132496,0.510604739189148,0.36950135231018066,-0.017040923237800598,0.5152882933616638,0.36699604988098145,-0.014993756078183651,0.5182520151138306,0.3658169209957123,-0.013220182619988918,0.4653366506099701,0.35934212803840637,-0.015139685943722725,0.5124043226242065,0.35708457231521606,-0.01765672117471695,0.5059828758239746,0.35409969091415405,-0.020315762609243393,0.4998173415660858,0.35457855463027954,-0.02178003452718258,0.49372726678848267,0.3574362099170685,-0.021658489480614662,0.49000266194343567,0.36097344756126404,-0.02032064087688923,0.4422970414161682,0.3487413227558136,0.0098892105743289,0.4939124882221222,0.3712964951992035,-0.017999380826950073,0.5545002818107605,0.43584200739860535,-0.0100090391933918,0.5325406789779663,0.4419023394584656,-0.009800152853131294,0.5392906069755554,0.42592597007751465,-0.019941607490181923,0.5460881590843201,0.43826618790626526,-0.01194079127162695,0.5434934496879578,0.3519410789012909,-0.022649360820651054,0.5065370798110962,0.4894244074821472,0.02151297964155674,0.517940878868103,0.4963093400001526,0.02045915275812149,0.5424308776855469,0.5057259202003479,0.01715701073408127,0.4766797125339508,0.47391843795776367,0.03919105604290962,0.5172176361083984,0.36219117045402527,-0.014936760067939758,0.5390560626983643,0.38711509108543396,-0.024347757920622826,0.5546091198921204,0.5028278827667236,0.020362049341201782,0.5300053358078003,0.507815957069397,0.02465258538722992,0.4606004059314728,0.43507054448127747,0.022472968325018883,0.5394627451896667,0.4590429961681366,-0.0019068949623033404,0.5389819741249084,0.4618833065032959,-0.001874870271421969,0.5385594367980957,0.4653117060661316,-0.002191950101405382,0.5382444262504578,0.46936601400375366,-0.0006289690500125289,0.5364115834236145,0.4783303737640381,0.005154960788786411,0.5273371934890747,0.4574614465236664,-0.0008258793386630714,0.5263991355895996,0.4567689895629883,-0.001715986174531281,0.5255595445632935,0.4560457766056061,-0.0025973008014261723,0.5191577076911926,0.45365601778030396,-0.004153506830334663,0.4858533442020416,0.4381290078163147,-0.004173559602349997,0.5357653498649597,0.37593874335289,-0.020755482837557793,0.5255870223045349,0.35665273666381836,-0.015589497983455658,0.5202146172523499,0.35804471373558044,-0.015257586725056171,0.528300404548645,0.4581482410430908,0.0004718740819953382,0.4853475093841553,0.4579761028289795,0.009862283244729042,0.5339196920394897,0.3558790385723114,-0.021332621574401855,0.5331910252571106,0.48628875613212585,0.009591760113835335,0.5531555414199829,0.3900885283946991,-0.03078804723918438,0.5444454550743103,0.382168710231781,-0.02804586850106716,0.550208568572998,0.37910228967666626,-0.027701780200004578,0.5360066294670105,0.40267103910446167,-0.022463934496045113,0.5550147294998169,0.49572333693504333,0.015067549422383308,0.5544379353523254,0.48647329211235046,0.01282058097422123,0.5444275140762329,0.48882946372032166,0.010823029093444347,0.51526939868927,0.47305572032928467,0.00737427594140172,0.5219606161117554,0.4269600510597229,-0.00975879654288292,0.5235017538070679,0.48081788420677185,0.009026551619172096,0.5046913623809814,0.4292745292186737,-0.01246859971433878,0.5161711573600769,0.4373859167098999,-0.008839501067996025,0.49872907996177673,0.444087952375412,-0.006446921732276678,0.5434589982032776,0.4984377920627594,0.012300511822104454,0.5311021208763123,0.40737515687942505,-0.01809585653245449,0.5093724727630615,0.4806973338127136,0.012991867028176785,0.5201076865196228,0.4882856607437134,0.014476467855274677,0.5087084174156189,0.46376147866249084,0.0028582164086401463,0.47533202171325684,0.4475763142108917,0.010855322703719139,0.4981960654258728,0.4667843282222748,0.0067982119508087635,0.4679041802883148,0.4528106451034546,0.025519851595163345,0.510764479637146,0.44892817735671997,-0.005555409472435713,0.533890962600708,0.39304110407829285,-0.020140420645475388,0.5421590209007263,0.42419537901878357,-0.028020277619361877,0.5363895893096924,0.42538222670555115,-0.021213144063949585,0.5461804270744324,0.4180797338485718,-0.03215064853429794,0.5200908780097961,0.3484260141849518,-0.02075369842350483,0.5087157487869263,0.34369978308677673,-0.025637168437242508,0.4983633756637573,0.34398147463798523,-0.027841683477163315,0.48951297998428345,0.3475818336009979,-0.027382291853427887,0.48292580246925354,0.35340210795402527,-0.02491001971065998,0.4780571460723877,0.37048429250717163,-0.01410108432173729,0.4525134563446045,0.39542514085769653,0.01169318612664938,0.4869675040245056,0.3839036226272583,-0.014888499863445759,0.49593937397003174,0.38586553931236267,-0.015990903601050377,0.5057676434516907,0.38388168811798096,-0.015711979940533638,0.5139365792274475,0.3798324167728424,-0.014713476411998272,0.5198014378547668,0.3756958544254303,-0.013187756761908531,0.524074375629425,0.37229055166244507,-0.012862131930887699,0.4434750974178314,0.3906235694885254,0.033378902822732925,0.5355729460716248,0.4266175329685211,-0.017661483958363533,0.5419095754623413,0.3969777524471283,-0.027273068204522133,0.548570454120636,0.42474567890167236,-0.03080940432846546,0.5505221486091614,0.4277211129665375,-0.02616504207253456,0.5472629070281982,0.4257967174053192,-0.027716578915715218,0.536649763584137,0.4281558096408844,-0.014087263494729996,0.5526381134986877,0.42827144265174866,-0.027273738756775856,0.5518158078193665,0.42919933795928955,-0.01926669292151928,0.5224611759185791,0.36503055691719055,-0.012189198285341263,0.5272536277770996,0.36668676137924194,-0.013711508363485336,0.5312005877494812,0.36844494938850403,-0.016516288742423058,0.4878254532814026,0.36368265748023987,-0.018600570037961006,0.4830888509750366,0.3607460856437683,-0.01967628113925457,0.5575492978096008,0.38960230350494385,-0.026355400681495667,0.5752735733985901,0.34232765436172485,0.0149082001298666,0.5617246031761169,0.4242452383041382,-0.016769323498010635,0.5843936204910278,0.2966543138027191,0.04447237402200699,0.5601745247840881,0.3577028810977936,0.003897760296240449,0.5664854645729065,0.35619744658470154,0.006619780324399471,0.5721703171730042,0.35376647114753723,0.01020651962608099,0.5767332911491394,0.34500735998153687,0.017570385709404945,0.5552222728729248,0.3572746515274048,0.002080076839774847,0.5688010454177856,0.3287908136844635,0.000996299902908504,0.5615683197975159,0.33197176456451416,-0.002143078949302435,0.5747588872909546,0.3284883201122284,0.005535841453820467,0.5778541564941406,0.3307710587978363,0.009645751677453518,0.581832766532898,0.3500441312789917,0.023127712309360504,0.570091187953949,0.47915515303611755,0.027582256123423576,0.5762054324150085,0.3388656675815582,0.01738891378045082,0.5892685651779175,0.3365570902824402,0.05596834421157837,0.5844902992248535,0.34088048338890076,0.030191637575626373,0.5749059915542603,0.39817115664482117,0.00652557285502553,0.5604826807975769,0.44562309980392456,-0.005860185716301203,0.5593459010124207,0.4525560140609741,-0.0017200409201905131,0.5646933317184448,0.44415464997291565,0.0008579395362176001,0.5671676397323608,0.4433560371398926,0.007944362238049507,0.5629611015319824,0.449777215719223,0.002902235835790634,0.5654644966125488,0.44745221734046936,0.008930117823183537,0.5724449157714844,0.4509230852127075,0.023511964827775955,0.5634980797767639,0.4216993451118469,-0.02906293235719204,0.5638706088066101,0.4129224419593811,-0.03214484453201294,0.5858088135719299,0.32162654399871826,0.012410501018166542,0.5611678957939148,0.3786921501159668,-0.002684502163901925,0.5696582794189453,0.4109610915184021,-0.009586718864738941,0.5682660341262817,0.4052196443080902,-0.008374733850359917,0.5887887477874756,0.38901516795158386,0.020880186930298805,0.5609003305435181,0.40067216753959656,-0.030175836756825447,0.576823890209198,0.3174077868461609,-0.005785984452813864,0.5828965306282043,0.3175450265407562,0.003010230604559183,0.5816609263420105,0.2831212282180786,0.026600193232297897,0.5533565878868103,0.3339148461818695,-0.0189546886831522,0.5554290413856506,0.3376675248146057,-0.001939403940923512,0.5758732557296753,0.4414420425891876,0.024906758219003677,0.5816127061843872,0.41641467809677124,0.0897790715098381,0.5663864016532898,0.4176831841468811,-0.008049547672271729,0.5629277229309082,0.4224157929420471,-0.009855851531028748,0.5703153610229492,0.44239145517349243,0.022448472678661346,0.5692745447158813,0.44356170296669006,0.01945718750357628,0.5844544768333435,0.3101663291454315,0.005547958426177502,0.56886225938797,0.4136905074119568,-0.0055125802755355835,0.5672578811645508,0.32180288434028625,-0.013483608141541481,0.5681799650192261,0.3135889172554016,-0.016194147989153862,0.5655142068862915,0.27005404233932495,-0.01056449394673109,0.5833257436752319,0.2957811951637268,0.013843117281794548,0.5670971870422363,0.2912861406803131,-0.014787343330681324,0.5870808959007263,0.3155747056007385,0.0179306548088789,0.5864368081092834,0.30611860752105713,0.029497608542442322,0.5601537227630615,0.44939371943473816,-0.004391870927065611,0.5639269948005676,0.4471135139465332,0.001717468025162816,0.5664077997207642,0.4453772008419037,0.007918024435639381,0.5651714205741882,0.41946786642074585,-0.0072210393846035,0.5697875022888184,0.442989706993103,0.02073006145656109,0.5681882500648499,0.4471028745174408,0.016508592292666435,0.5687414407730103,0.44415637850761414,0.01904783770442009,0.5662587881088257,0.41768601536750793,-0.01760232262313366,0.5645633935928345,0.4491977393627167,0.010240239091217518,0.5619588494300842,0.4519030749797821,0.0059452601708471775,0.5583840012550354,0.45475026965141296,0.001947365584783256,0.5607045888900757,0.4750380516052246,0.012759157456457615,0.5597092509269714,0.46620285511016846,0.005095113068819046,0.5597050189971924,0.4619005620479584,0.0032108717132359743,0.5590767860412598,0.45800483226776123,0.0033637634478509426,0.5579642653465271,0.4547980725765228,0.002815839136019349,0.564282238483429,0.4492420554161072,0.010900965891778469,0.5653970837593079,0.4501591920852661,0.010926353745162487,0.5663456320762634,0.4515901803970337,0.011101904325187206,0.5669757127761841,0.45353731513023376,0.013262166641652584,0.5730173587799072,0.4324178397655487,0.00939228292554617,0.5838217735290527,0.371149480342865,0.09121780842542648,0.5663696527481079,0.4468899965286255,0.015636971220374107,0.5673679113388062,0.44690877199172974,0.015789585188031197,0.5611951947212219,0.42664578557014465,-0.00889444537460804,0.567066490650177,0.4187951385974884,-0.001029563369229436,0.562061071395874,0.42468732595443726,-0.00972199160605669,0.5665144324302673,0.38144904375076294,0.002974757691845298,0.5762938261032104,0.38418880105018616,0.009127991273999214,0.5683989524841309,0.4079923927783966,-0.003938401583582163,0.5761857628822327,0.2737800180912018,0.007659934461116791,0.5774409174919128,0.29020848870277405,-0.0006948041263967752,0.578026294708252,0.30882591009140015,-0.00590420002117753,0.569734513759613,0.4592459201812744,0.020194590091705322,0.5552674531936646,0.3210567831993103,-0.023459771648049355,0.5542126893997192,0.29542267322540283,-0.024914396926760674,0.5516207218170166,0.27043449878692627,-0.02402622625231743,0.5756217837333679,0.34990257024765015,0.01440352015197277,0.5870376825332642,0.35486236214637756,0.029733575880527496,0.5521978139877319,0.35626956820487976,0.0014797997428104281,0.5818188190460205,0.33253493905067444,0.0174542348831892,0.5577910542488098,0.3747923970222473,-0.007212604396045208,0.5686928629875183,0.41044723987579346,-0.01745118573307991,0.5928963422775269,0.35799649357795715,0.040803004056215286,0.5870253443717957,0.36355113983154297,0.02426920086145401,0.5826292634010315,0.37034475803375244,0.016308670863509178,0.5722280144691467,0.3729027211666107,0.009617567993700504,0.5637701749801636,0.3717653155326843,0.004564737435430288,0.5581763386726379,0.3697988986968994,-0.0003672963648568839,0.5517995953559875,0.3669324815273285,-0.019583899527788162,0.595000147819519,0.3774338364601135,0.04289969056844711,0.5851235389709473,0.329755961894989,0.02144576795399189,0.5609632730484009,0.42611604928970337,-0.025602150708436966,0.5627561807632446,0.38934561610221863,-0.0035896217450499535,0.5842783451080322,0.3315989375114441,0.07796251028776169,0.5541573762893677,0.3670288026332855,-0.003949926700443029,0.567291796207428,0.40716156363487244,0.00226821587421,0.5779728889465332,0.3386371433734894,0.019582945853471756,0.5667091012001038,0.4034237861633301,-0.016118304803967476,0.5834492444992065,0.39279210567474365,0.09229965507984161,0.5512028336524963,0.35284674167633057,0.002402686281129718,0.5642133951187134,0.4011329710483551,-0.02430296503007412,0.5818639397621155,0.4472232460975647,0.05518351122736931,0.5776504278182983,0.4539257287979126,0.06865549087524414,0.5921773314476013,0.37410664558410645,0.06771814823150635,0.5857505798339844,0.4321037828922272,0.06339465081691742,0.5879430770874023,0.31995460391044617,0.04429902136325836,0.5699838995933533,0.48570165038108826,0.03400258719921112,0.5590539574623108,0.42756718397140503,-0.017093079164624214,0.5672115683555603,0.39354777336120605,0.0015736061614006758,0.5864157676696777,0.3406234681606293,0.03852316737174988,0.571173906326294,0.3482643663883209,0.009584872052073479,0.5660539865493774,0.35102006793022156,0.006502875592559576,0.5688589215278625,0.4476178288459778,0.018434513360261917,0.5940492153167725,0.3950907289981842,0.048165373504161835,0.562227725982666,0.5005794167518616,0.033837366849184036,0.5707712173461914,0.48056137561798096,0.049906935542821884,0.5736264586448669,0.46920931339263916,0.058250755071640015,0.5604538917541504,0.3522416353225708,0.004225257318466902,0.5553568601608276,0.3524906039237976,0.003270892659202218,0.552430272102356,0.35292232036590576,0.0031700171530246735,0.586508572101593,0.3259003460407257,0.028770601376891136,0.5553552508354187,0.34336093068122864,0.0010497550247237086,0.5604448318481445,0.33834102749824524,0.00146422628313303,0.5664345622062683,0.33570218086242676,0.003587431041523814,0.571570873260498,0.3353845477104187,0.007196119055151939,0.5742426514625549,0.336662232875824,0.010599730536341667,0.5854018330574036,0.31189584732055664,0.06251288950443268,0.5738968253135681,0.34522545337677,0.012655878439545631,0.5691520571708679,0.4307965636253357,0.003114629304036498,0.5670417547225952,0.4168793559074402,-0.011185026727616787,0.5617708563804626,0.43352779746055603,-0.006580072455108166,0.577165961265564,0.46150636672973633,0.0487767793238163,0.5733702182769775,0.4732694625854492,0.04188511148095131,0.5642057061195374,0.4963979721069336,0.025809267535805702,0.5797929763793945,0.4371832609176636,0.08054715394973755,0.5524933338165283,0.3492456078529358,0.0017661104211583734,0.5578852891921997,0.38151654601097107,-0.017042573541402817,0.5675781965255737,0.49148833751678467,0.04123103246092796,0.5910171270370483,0.3938019871711731,0.07015002518892288,0.5615833401679993,0.4519851803779602,0.006745621562004089,0.56283038854599,0.4540521204471588,0.007035793270915747,0.563642144203186,0.45684540271759033,0.007201201282441616,0.5640550255775452,0.4605685770511627,0.009221496991813183,0.5660802125930786,0.46768778562545776,0.016325950622558594,0.5674347281455994,0.44536954164505005,0.01456400752067566,0.5682515501976013,0.4439839720726013,0.015166235156357288,0.5689703822135925,0.4426671862602234,0.015456441789865494,0.5754774212837219,0.4359395205974579,0.01712002418935299,0.5914211273193359,0.4049583077430725,0.032995905727148056,0.5546772480010986,0.3704070448875427,-0.013094896450638771,0.5493418574333191,0.34775274991989136,-0.005924677476286888,0.5510503649711609,0.346999853849411,-0.001307987724430859,0.5664495229721069,0.446885347366333,0.015276247635483742,0.5883631706237793,0.4234658181667328,0.04734170809388161,0.5481586456298828,0.3503796458244324,-0.015562977641820908,0.5679630041122437,0.472821444272995,0.02216118574142456,0.5549657940864563,0.3790135383605957,-0.0241349246352911,0.5628333687782288,0.3947084844112396,-0.012970949523150921,0.5621907114982605,0.48189038038253784,0.01687013730406761,0.5760719776153564,0.45152899622917175,0.02950330451130867,0.5719308853149414,0.41198670864105225,0.006847686134278774,0.5720794796943665,0.46269023418426514,0.02647414244711399,0.5837463140487671,0.40492716431617737,0.014199161902070045,0.5772426724433899,0.41854023933410645,0.012031598947942257,0.5868463516235352,0.4159550964832306,0.023954879492521286,0.5642374753952026,0.489980548620224,0.02038993313908577,0.5643582344055176,0.3975834548473358,-0.006227515637874603,0.5784587264060974,0.4547029435634613,0.03868522122502327,0.5737184286117554,0.46701085567474365,0.034166622906923294,0.5802173018455505,0.43976256251335144,0.029780618846416473,0.5915637016296387,0.40991976857185364,0.05282280594110489,0.5842687487602234,0.43683692812919617,0.03819014132022858,0.5887855291366577,0.412750244140625,0.07069926708936691,0.5804294347763062,0.426946759223938,0.019195232540369034,0.5601551532745361,0.38528358936309814,-0.00984757486730814,0.5679482817649841,0.4155513644218445,-0.01880604587495327,0.5688987374305725,0.41499876976013184,-0.010711155831813812,0.5668044686317444,0.41137027740478516,-0.024778854101896286,0.5540050864219666,0.33743301033973694,-0.007412493694573641,0.5638958811759949,0.3286438286304474,-0.005867270287126303,0.5725489854812622,0.32512974739074707,-0.001885541481897235,0.5787400007247925,0.3248201012611389,0.004000545013695955,0.5817100405693054,0.32724177837371826,0.010159546509385109,0.5809204578399658,0.340052992105484,0.023588979616761208,0.591445803642273,0.3550673723220825,0.06286370009183884,0.5805947780609131,0.35558366775512695,0.019501227885484695,0.5765188336372375,0.3609210252761841,0.013981074094772339,0.5690354704856873,0.3636900782585144,0.008915472775697708,0.5614070892333984,0.364035964012146,0.004655162338167429,0.5560132265090942,0.36311668157577515,0.001430994481779635,0.5526201128959656,0.3618869483470917,-0.0009528659866191447,0.5833584070205688,0.3511575758457184,0.08674109727144241,0.567914605140686,0.41649192571640015,-0.007375678978860378,0.5606849789619446,0.391323447227478,-0.019824190065264702,0.5661700963973999,0.4185168445110321,-0.024925392121076584,0.5627976059913635,0.42316463589668274,-0.022747034206986427,0.5652252435684204,0.41938573122024536,-0.021699033677577972,0.5664292573928833,0.4191070795059204,-0.005474383011460304,0.5623377561569214,0.42475250363349915,-0.024495957419276237,0.5605809688568115,0.42620179057121277,-0.016924390569329262,0.5501542091369629,0.3542124032974243,0.0003779169055633247,0.5495956540107727,0.3581060767173767,-0.004346029832959175,0.5505449175834656,0.36123812198638916,-0.008718348108232021,0.5755016207695007,0.3378661572933197,0.01372586190700531,0.579014241695404,0.33371108770370483,0.014665993861854076,0.4987528920173645,0.36354175209999084,-0.017611756920814514,0.5063982009887695,0.3615994453430176,-0.017611756920814514,0.4974800944328308,0.3528054356575012,-0.017611756920814514,0.49092504382133484,0.36543846130371094,-0.017611756920814514,0.5000386238098145,0.37415462732315063,-0.017611756920814514,0.5614427924156189,0.34378767013549805,0.007093676365911961,0.5681374669075012,0.34187936782836914,0.007093676365911961,0.5599410533905029,0.33457785844802856,0.007093676365911961,0.5547353029251099,0.3456450402736664,0.007093676365911961,0.5630207061767578,0.3530012369155884,0.007093676365911961
1033.3333333333337,0.5556570887565613,0.44956567883491516,-0.008797734044492245,0.5595006346702576,0.4233444333076477,-0.030839871615171432,0.554972231388092,0.4293118119239807,-0.012839502654969692,0.5481002926826477,0.39223697781562805,-0.030730441212654114,0.559140682220459,0.41447019577026367,-0.034469399601221085,0.5564565062522888,0.4013318121433258,-0.03421640023589134,0.5473388433456421,0.36653614044189453,-0.0247019212692976,0.4900638163089752,0.3693781793117523,-0.017295807600021362,0.5427605509757996,0.33805733919143677,-0.025140291079878807,0.5417510271072388,0.3247656226158142,-0.02929798699915409,0.533395528793335,0.27412670850753784,-0.03295854851603508,0.5555666089057922,0.4524558484554291,-0.007273826748132706,0.5550155639648438,0.4552447497844696,-0.004765980411320925,0.5542140007019043,0.4571562707424164,-0.0009317536605522037,0.5539255142211914,0.4571389853954315,-1.4396600818145089e-05,0.5545351505279541,0.4610607624053955,0.0005050307954661548,0.5547690987586975,0.4654921591281891,0.00036275770980864763,0.554426372051239,0.47000619769096375,0.0026434462051838636,0.5540913939476013,0.47869664430618286,0.010504446923732758,0.5584207773208618,0.42708075046539307,-0.02695678360760212,0.5501202344894409,0.42787468433380127,-0.020024210214614868,0.4486176669597626,0.33010512590408325,-0.005880668293684721,0.5128256678581238,0.37414950132369995,-0.01685997098684311,0.5061588287353516,0.3766467273235321,-0.01829618588089943,0.4989316463470459,0.37773600220680237,-0.01852329447865486,0.4869774281978607,0.3725251257419586,-0.016482437029480934,0.5180506110191345,0.3708484172821045,-0.014332449063658714,0.49895378947257996,0.34642502665519714,-0.025197483599185944,0.5073726773262024,0.3461681008338928,-0.022852811962366104,0.49137651920318604,0.3498753607273102,-0.024607229977846146,0.48636025190353394,0.35499119758605957,-0.02287086844444275,0.48192736506462097,0.3797900378704071,-0.013523385860025883,0.5310397148132324,0.4949684739112854,0.013396776281297207,0.48612987995147705,0.3659855127334595,-0.01630840264260769,0.4521302282810211,0.3743634521961212,0.005857858806848526,0.4713042378425598,0.3737424910068512,-0.010957126505672932,0.5153988003730774,0.4155830144882202,-0.014087162911891937,0.5474384427070618,0.4496466815471649,-0.010794349946081638,0.547185480594635,0.4563920497894287,-0.006249072961509228,0.5382139086723328,0.45282062888145447,-0.009483096189796925,0.5310522317886353,0.45479074120521545,-0.006365115288645029,0.5393311977386475,0.45712292194366455,-0.006053606979548931,0.5325633883476257,0.4573882222175598,-0.003100952599197626,0.5210200548171997,0.46726304292678833,0.004989895969629288,0.5543524026870728,0.4245319962501526,-0.03175574168562889,0.5531764030456543,0.4158993363380432,-0.0354020856320858,0.47689303755760193,0.34996628761291504,-0.026380816474556923,0.5261843204498291,0.38880154490470886,-0.016181010752916336,0.5340450406074524,0.4216768741607666,-0.021962756291031837,0.5321435928344727,0.4158058762550354,-0.021179068833589554,0.49166202545166016,0.41784530878067017,-0.013507477007806301,0.5507392287254333,0.4034641981124878,-0.034386008977890015,0.4964539408683777,0.3369234800338745,-0.03290974721312523,0.4852730631828308,0.3419034779071808,-0.03082437254488468,0.4582091271877289,0.31254079937934875,-0.01871694065630436,0.5283010005950928,0.3408348262310028,-0.028179308399558067,0.5144705772399902,0.3496411442756653,-0.018692748621106148,0.5153335928916931,0.46007275581359863,0.002174259163439274,0.4637324810028076,0.45565295219421387,0.043875619769096375,0.538799524307251,0.4260770380496979,-0.01716255582869053,0.5442945957183838,0.4275633692741394,-0.014381969347596169,0.5202693343162537,0.45693808794021606,0.0030084692407399416,0.5219596028327942,0.45731496810913086,0.002480811206623912,0.4801488518714905,0.336154580116272,-0.030481252819299698,0.5326465368270874,0.4242631793022156,-0.01760915108025074,0.5106547474861145,0.335996150970459,-0.03219634294509888,0.509186327457428,0.32834339141845703,-0.035435378551483154,0.4922177791595459,0.2865767776966095,-0.03683648630976677,0.4703124463558197,0.32452690601348877,-0.02599840611219406,0.5021016001701355,0.30710306763648987,-0.036998946219682693,0.47055545449256897,0.3455948829650879,-0.023588376119732857,0.46065753698349,0.3387579619884491,-0.01559638325124979,0.5473463535308838,0.4533410966396332,-0.009271430782973766,0.5388145446777344,0.4550458490848541,-0.007956856861710548,0.531836986541748,0.456082284450531,-0.00510749826207757,0.53997802734375,0.42696380615234375,-0.014661051332950592,0.5211473107337952,0.4571332335472107,0.0028150463476777077,0.525711178779602,0.4599258303642273,0.0016336293192580342,0.5227875113487244,0.45748209953308105,0.0025649224407970905,0.5441709756851196,0.4248274266719818,-0.02603619359433651,0.532996416091919,0.45841729640960693,-0.0011579366400837898,0.5396700501441956,0.45857566595077515,-0.0024596587754786015,0.5469444990158081,0.4583047032356262,-0.0026846756227314472,0.5456019639968872,0.4804818332195282,0.008390486240386963,0.5463476777076721,0.4713667631149292,0.00043580724741332233,0.5467275977134705,0.4667304754257202,-0.0016888614045456052,0.5468764305114746,0.4622547924518585,-0.001486460561864078,0.5468223094940186,0.4584476351737976,-0.0017867163987830281,0.5329651832580566,0.45877182483673096,-0.0004326625494286418,0.532245934009552,0.4604610502719879,-0.00036121613811701536,0.5313130021095276,0.4627777934074402,-0.0005927192978560925,0.5304718017578125,0.4653586745262146,0.0006344408611766994,0.5251243114471436,0.44661176204681396,-0.007261316757649183,0.44794341921806335,0.4111348092556,0.039524972438812256,0.5569519400596619,0.4283786416053772,-0.018100935965776443,0.5277641415596008,0.45828747749328613,0.0013020756887272,0.5268175005912781,0.45902079343795776,0.001454513636417687,0.5467069149017334,0.4303467869758606,-0.013357220217585564,0.5339434146881104,0.4281542897224426,-0.010587291792035103,0.5455932021141052,0.4290176331996918,-0.014098700135946274,0.5192903280258179,0.39505594968795776,-0.015160992741584778,0.5085780620574951,0.4038509726524353,-0.015449721366167068,0.5302557945251465,0.41900956630706787,-0.01711583137512207,0.47220149636268616,0.29786643385887146,-0.029417946934700012,0.4835509955883026,0.3136470317840576,-0.0328245647251606,0.49323874711990356,0.32972538471221924,-0.03454824164509773,0.5280612111091614,0.47343361377716064,0.005187987815588713,0.5257944464683533,0.32822751998901367,-0.03343314677476883,0.5196818709373474,0.30362841486930847,-0.03668077290058136,0.5118738412857056,0.27924811840057373,-0.03764289617538452,0.49172866344451904,0.37657731771469116,-0.017634032294154167,0.47456181049346924,0.38798418641090393,-0.01087156031280756,0.5213828682899475,0.3680782616138458,-0.013158626854419708,0.47942787408828735,0.36106136441230774,-0.019884612411260605,0.5310550332069397,0.38257065415382385,-0.01806267537176609,0.5396039485931396,0.41928645968437195,-0.027508379891514778,0.4659000635147095,0.39474090933799744,-0.00509436521679163,0.48212069272994995,0.39468643069267273,-0.013809611089527607,0.4934884011745453,0.39707374572753906,-0.01604938879609108,0.507411003112793,0.39284995198249817,-0.015148106962442398,0.5164921879768372,0.3869520127773285,-0.014245280995965004,0.5228903293609619,0.3815823495388031,-0.014469064772129059,0.5412229299545288,0.3699290454387665,-0.024309154599905014,0.469623863697052,0.41476327180862427,-0.002646851819008589,0.47308897972106934,0.360702782869339,-0.019375454634428024,0.5552131533622742,0.427837610244751,-0.0277338158339262,0.5292187929153442,0.39890822768211365,-0.01654391549527645,0.4421154260635376,0.36960846185684204,0.024286242201924324,0.5280717015266418,0.37620365619659424,-0.01501679141074419,0.5278984904289246,0.41838401556015015,-0.010912414640188217,0.48301053047180176,0.36660733819007874,-0.015826450660824776,0.5374136567115784,0.41199764609336853,-0.026384510099887848,0.453816294670105,0.43328604102134705,0.04299410805106163,0.5201364159584045,0.36495596170425415,-0.012957717292010784,0.5441871881484985,0.40695661306381226,-0.03177707642316818,0.49371859431266785,0.4796990156173706,0.02188332937657833,0.4911021292209625,0.48674362897872925,0.03432204946875572,0.45637574791908264,0.41483527421951294,0.018010111525654793,0.48050832748413086,0.4686930477619171,0.023991497233510017,0.4552881717681885,0.355103462934494,-0.003752051154151559,0.5298961997032166,0.5027952194213867,0.018615376204252243,0.5543506145477295,0.42873087525367737,-0.018385356292128563,0.5230621099472046,0.40619176626205444,-0.014406493864953518,0.46353352069854736,0.3756605088710785,-0.006724540144205093,0.49927204847335815,0.372505247592926,-0.018731454387307167,0.5057781338691711,0.37167954444885254,-0.01855994574725628,0.5246350169181824,0.46099746227264404,0.002348523121327162,0.4723542034626007,0.43271076679229736,0.004458809271454811,0.5412168502807617,0.5098049640655518,0.025438064709305763,0.5184487104415894,0.5028668642044067,0.02813221514225006,0.5065532326698303,0.49668046832084656,0.03056265600025654,0.5380960702896118,0.2998269498348236,-0.032430700957775116,0.5530657172203064,0.507152259349823,0.028442170470952988,0.5111639499664307,0.36944693326950073,-0.01718115247786045,0.5159507393836975,0.36685630679130554,-0.015149634331464767,0.5189732909202576,0.3656526207923889,-0.01339054573327303,0.4656946063041687,0.35847994685173035,-0.015201212838292122,0.512874186038971,0.3567775785923004,-0.017849812284111977,0.5063216090202332,0.3536893427371979,-0.02048175223171711,0.5000733137130737,0.3541381061077118,-0.021919183433055878,0.49391883611679077,0.35704559087753296,-0.021765785291790962,0.49014005064964294,0.3607098460197449,-0.02042270451784134,0.44346916675567627,0.3480302691459656,0.009757504798471928,0.4941391348838806,0.3714330792427063,-0.018094796687364578,0.5545766949653625,0.4354616403579712,-0.009920086711645126,0.5325344800949097,0.4413125813007355,-0.009593755938112736,0.5395148396492004,0.4254539906978607,-0.01987939327955246,0.546137809753418,0.4378186762332916,-0.011807418428361416,0.5439184904098511,0.3514871597290039,-0.02282745949923992,0.5066563487052917,0.4892045557498932,0.0220473762601614,0.5180083513259888,0.496216356754303,0.021000554785132408,0.5424208641052246,0.5058168768882751,0.017646897584199905,0.4769405126571655,0.47366827726364136,0.03980380296707153,0.5178511142730713,0.3619868755340576,-0.015121454373002052,0.5394071340560913,0.3868369162082672,-0.02438044361770153,0.5545088648796082,0.5030961632728577,0.020822949707508087,0.5300914645195007,0.5078175663948059,0.025277353823184967,0.46098649501800537,0.43465009331703186,0.022745858877897263,0.5396392345428467,0.45889097452163696,-0.00162072095554322,0.5391369462013245,0.46183913946151733,-0.0015791968908160925,0.5386449098587036,0.4654234051704407,-0.0018602223135530949,0.5382172465324402,0.4696178734302521,-0.00024748037685640156,0.5362324714660645,0.4782830476760864,0.005583275109529495,0.5267385840415955,0.45731469988822937,-0.000443979719420895,0.5257864594459534,0.45661890506744385,-0.0013173504266887903,0.5249285697937012,0.45588791370391846,-0.0021974672563374043,0.518919050693512,0.4529261589050293,-0.0037833128590136766,0.48596253991127014,0.437721312046051,-0.003944827243685722,0.5361738801002502,0.3756982684135437,-0.020818602293729782,0.5260865688323975,0.3563656806945801,-0.01580098457634449,0.5208075046539307,0.3577624261379242,-0.015458142384886742,0.5277074575424194,0.4580029547214508,0.0008403705433011055,0.4854274392127991,0.457628071308136,0.010202432051301003,0.534349799156189,0.3555603623390198,-0.02152986079454422,0.5330981016159058,0.4862470328807831,0.010033546946942806,0.5534277558326721,0.3898211121559143,-0.03082308918237686,0.5447981357574463,0.3819241225719452,-0.028099989518523216,0.5505466461181641,0.37889283895492554,-0.027771294116973877,0.5363085865974426,0.4023055136203766,-0.022461062297225,0.5549353361129761,0.49600446224212646,0.015498059801757336,0.554384708404541,0.4867286682128906,0.01317519973963499,0.5443628430366516,0.488955557346344,0.011212560348212719,0.5151934027671814,0.4725661277770996,0.00784736406058073,0.5221738815307617,0.426428884267807,-0.009652427397668362,0.5234063863754272,0.48054924607276917,0.009512456133961678,0.5048009753227234,0.4288526177406311,-0.012348941527307034,0.5162395238876343,0.43684980273246765,-0.008633939549326897,0.49877047538757324,0.44363680481910706,-0.006245290860533714,0.5434399843215942,0.4985336661338806,0.012757663615047932,0.5314168930053711,0.40696924924850464,-0.018082337453961372,0.5094291567802429,0.4803493022918701,0.013484261929988861,0.520110547542572,0.4881252646446228,0.014971625991165638,0.5086068511009216,0.46315839886665344,0.0032548028975725174,0.4755222797393799,0.4471840560436249,0.011165695264935493,0.49820828437805176,0.4663938283920288,0.0071889967657625675,0.4681892395019531,0.45247623324394226,0.025889210402965546,0.5106906890869141,0.4483014941215515,-0.005270946305245161,0.5342434644699097,0.3927338123321533,-0.020154133439064026,0.5423613786697388,0.4237469434738159,-0.027943724766373634,0.5366398096084595,0.4248734414577484,-0.02113875187933445,0.5463797450065613,0.41766124963760376,-0.03205657750368118,0.5205128788948059,0.34810447692871094,-0.020973145961761475,0.5090408325195312,0.34333935379981995,-0.025799885392189026,0.49857473373413086,0.3435852825641632,-0.027945203706622124,0.4896560609340668,0.3471677601337433,-0.02742832712829113,0.4830343425273895,0.35298335552215576,-0.024938324466347694,0.478361576795578,0.37014222145080566,-0.014132039621472359,0.45329245924949646,0.3948383033275604,0.011793293058872223,0.48737818002700806,0.3837276101112366,-0.014905018731951714,0.49641889333724976,0.3857300579547882,-0.016002120450139046,0.5062853097915649,0.3838079869747162,-0.0157419852912426,0.5145033001899719,0.3797587752342224,-0.014808899722993374,0.5203990340232849,0.37559211254119873,-0.013279045931994915,0.5246639847755432,0.3721589148044586,-0.012988364323973656,0.4443743824958801,0.3899845778942108,0.03352276235818863,0.5358209609985352,0.42608729004859924,-0.01758980192244053,0.5421994924545288,0.3966480493545532,-0.027275724336504936,0.5487402677536011,0.42433497309684753,-0.03072684071958065,0.5506963133811951,0.4273258447647095,-0.02607518434524536,0.547437310218811,0.4253895580768585,-0.027637332677841187,0.5368713736534119,0.4276316463947296,-0.014010723680257797,0.5527928471565247,0.42787474393844604,-0.027184482663869858,0.5519989132881165,0.4288043975830078,-0.019186509773135185,0.5231422185897827,0.36487534642219543,-0.01237325556576252,0.5278088450431824,0.3665030002593994,-0.013876764103770256,0.5316967368125916,0.36830422282218933,-0.016628924757242203,0.48794370889663696,0.3635275065898895,-0.01869310438632965,0.4832080006599426,0.36049285531044006,-0.01973978988826275,0.5578293800354004,0.3893553614616394,-0.026425961405038834,0.5752929449081421,0.34250307083129883,0.0145050548017025,0.5618717670440674,0.4239193797111511,-0.01672905497252941,0.5848124027252197,0.29638564586639404,0.043647632002830505,0.5603033900260925,0.3576699495315552,0.003586270846426487,0.5666637420654297,0.35620421171188354,0.006302892230451107,0.5723742842674255,0.35377323627471924,0.009871136397123337,0.5769563317298889,0.34508848190307617,0.01718531921505928,0.5552562475204468,0.3571471869945526,0.0018096131971105933,0.5688332319259644,0.32903316617012024,0.0006152334390208125,0.5615450739860535,0.33206069469451904,-0.0025103557854890823,0.5748224854469299,0.32874199748039246,0.005153268110007048,0.5779591202735901,0.3309255540370941,0.009249504655599594,0.5823662281036377,0.3499521315097809,0.022772854194045067,0.5701720118522644,0.47930485010147095,0.027914060279726982,0.5762805938720703,0.3391202688217163,0.016980910673737526,0.5898669362068176,0.3363039195537567,0.0554252527654171,0.5850363969802856,0.3405628502368927,0.029764553532004356,0.5753716826438904,0.39796799421310425,0.00640619732439518,0.5615929365158081,0.4454323351383209,-0.005756395868957043,0.5601330995559692,0.45248299837112427,-0.0015948314685374498,0.5655977725982666,0.4439646303653717,0.0009542607585899532,0.5678927302360535,0.4433307647705078,0.008091649040579796,0.5636027455329895,0.44978266954421997,0.0030302717350423336,0.5659606456756592,0.44758886098861694,0.009100565686821938,0.5726318955421448,0.4505864083766937,0.02379859983921051,0.5636036396026611,0.42135748267173767,-0.029017308726906776,0.5639938712120056,0.4126124978065491,-0.032123539596796036,0.5862149000167847,0.3216232657432556,0.011955239810049534,0.561651349067688,0.3785584568977356,-0.002828008495271206,0.5698822736740112,0.4107128083705902,-0.009663854725658894,0.5685340762138367,0.40499213337898254,-0.008478025905787945,0.5894606709480286,0.3888256549835205,0.020734507590532303,0.5610961318016052,0.40038740634918213,-0.03020196408033371,0.5769590735435486,0.31786951422691345,-0.006132152862846851,0.5831317901611328,0.3178046941757202,0.002640363061800599,0.5821305513381958,0.2827067971229553,0.025747446343302727,0.5535826683044434,0.3342723846435547,-0.01922036148607731,0.555342972278595,0.33752405643463135,-0.0023054315242916346,0.5761146545410156,0.4409712255001068,0.025097768753767014,0.5823688507080078,0.41627615690231323,0.08977793157100677,0.5665786266326904,0.4174054265022278,-0.008110497146844864,0.5630938410758972,0.42212456464767456,-0.009819929488003254,0.5705534815788269,0.4430404305458069,0.02267901599407196,0.5695176124572754,0.4441286623477936,0.019706852734088898,0.5847374796867371,0.31015080213546753,0.005088225472718477,0.569082498550415,0.41342946887016296,-0.005582023411989212,0.5673820972442627,0.3223474621772766,-0.013818631879985332,0.5682762861251831,0.31403326988220215,-0.01658215932548046,0.5661039352416992,0.2695698142051697,-0.011365377344191074,0.5838605165481567,0.29495543241500854,0.013232764787971973,0.5677151679992676,0.2905062437057495,-0.015337061136960983,0.5876290798187256,0.3152468800544739,0.017388004809617996,0.5869176387786865,0.305462509393692,0.0288355965167284,0.5611193776130676,0.44927752017974854,-0.004270642064511776,0.564710259437561,0.4470488429069519,0.0018392105121165514,0.5670285820960999,0.4454560875892639,0.008086546324193478,0.5653619170188904,0.4191857874393463,-0.00723033444955945,0.5700318217277527,0.44359833002090454,0.020973671227693558,0.5685436725616455,0.4476207494735718,0.01679692044854164,0.5689822435379028,0.4446839690208435,0.019304828718304634,0.56644606590271,0.41738617420196533,-0.0176324974745512,0.5649228096008301,0.4494079053401947,0.01039828360080719,0.5624564290046692,0.4519847333431244,0.006052389275282621,0.5590073466300964,0.4547319710254669,0.002037130994722247,0.5607730150222778,0.4751795530319214,0.013069204986095428,0.5603361129760742,0.46655043959617615,0.005368458107113838,0.5604407787322998,0.4620957374572754,0.0034452849067747593,0.5598125457763672,0.45802971720695496,0.003547921311110258,0.5586369633674622,0.45471978187561035,0.0030114375986158848,0.5646757483482361,0.4494604766368866,0.011135254055261612,0.5658444762229919,0.45046356320381165,0.01116330549120903,0.5668322443962097,0.4519925117492676,0.011374345049262047,0.567455530166626,0.4540463089942932,0.013559853658080101,0.5732119679450989,0.43203115463256836,0.00948627945035696,0.5845855474472046,0.3709278404712677,0.09089580178260803,0.566666305065155,0.44725915789604187,0.01589958928525448,0.5677043199539185,0.4473494291305542,0.016060082241892815,0.561353325843811,0.42631813883781433,-0.008852957747876644,0.567293643951416,0.41851261258125305,-0.001059190952219069,0.562222421169281,0.4243813157081604,-0.009681661613285542,0.56705242395401,0.3812987506389618,0.0028360167052596807,0.5768784284591675,0.3840118646621704,0.00900138821452856,0.568669319152832,0.40776121616363525,-0.004034995101392269,0.5767541527748108,0.27329960465431213,0.00683447765186429,0.5780572891235352,0.2893059253692627,-0.0012804445577785373,0.5781307220458984,0.3090757131576538,-0.006340313237160444,0.569915771484375,0.45910805463790894,0.020517388358712196,0.5554682016372681,0.3214055597782135,-0.023785030469298363,0.5547822117805481,0.29480284452438354,-0.025409134104847908,0.5521919131278992,0.2699977457523346,-0.024754386395215988,0.5758184194564819,0.34994518756866455,0.014040904119610786,0.5878664255142212,0.35468992590904236,0.029363319277763367,0.552130937576294,0.35607343912124634,0.00119488756172359,0.5821259021759033,0.3324585258960724,0.017031965777277946,0.5582496523857117,0.37464678287506104,-0.0073429071344435215,0.5689074397087097,0.410184383392334,-0.01751217432320118,0.5936041474342346,0.3577900826931,0.04043654724955559,0.5879182815551758,0.36370715498924255,0.02395429089665413,0.5834351181983948,0.3707726001739502,0.016057725995779037,0.572820246219635,0.37329086661338806,0.009435862302780151,0.5642127394676208,0.3720012307167053,0.004385265056043863,0.5585127472877502,0.36991095542907715,-0.0005429426091723144,0.5522069334983826,0.36674341559410095,-0.019708573818206787,0.5957772135734558,0.3772393465042114,0.04263431206345558,0.5856038331985474,0.3295294940471649,0.02096603997051716,0.5610727071762085,0.42575106024742126,-0.0255430880934,0.5631663203239441,0.389168381690979,-0.003730724100023508,0.5848687291145325,0.3314055800437927,0.07736235111951828,0.5544300675392151,0.3670381009578705,-0.004124759696424007,0.5676009654998779,0.4069371223449707,0.0021679122000932693,0.5782077312469482,0.33869072794914246,0.019182993099093437,0.5669710040092468,0.4031814932823181,-0.016204338520765305,0.5842551589012146,0.3925893008708954,0.09214150905609131,0.5510039925575256,0.35257622599601746,0.002082524122670293,0.5644474625587463,0.40086740255355835,-0.024357188493013382,0.5823119878768921,0.447209894657135,0.055306561291217804,0.5781348347663879,0.4539337754249573,0.0688561350107193,0.5929715037345886,0.37388670444488525,0.06737633049488068,0.5863844156265259,0.4320465326309204,0.06340529024600983,0.588455080986023,0.3195638954639435,0.043672751635313034,0.5700168013572693,0.4859021008014679,0.034356940537691116,0.559187114238739,0.42719852924346924,-0.017033278942108154,0.5676382780075073,0.3933520019054413,0.0014327478129416704,0.5869648456573486,0.3402579426765442,0.038049258291721344,0.571173906326294,0.3483097553253174,0.009216854348778725,0.5660834312438965,0.3510408103466034,0.006157916039228439,0.5692185163497925,0.44821667671203613,0.01871810480952263,0.594857394695282,0.3948977291584015,0.04799910634756088,0.5622125864028931,0.5008401870727539,0.034349847584962845,0.5709536075592041,0.4806828498840332,0.050293173640966415,0.573918879032135,0.4692785441875458,0.058549538254737854,0.5604572296142578,0.35222128033638,0.0039000518154352903,0.555291473865509,0.3523707389831543,0.0029556313529610634,0.5522986054420471,0.35271239280700684,0.0028625561390072107,0.5870940685272217,0.3254135847091675,0.028235474601387978,0.5550624132156372,0.34316542744636536,0.000679262971971184,0.5601687431335449,0.3383632302284241,0.0010976705234497786,0.5661835074424744,0.3359205424785614,0.0032053852919489145,0.571378231048584,0.3357149064540863,0.006808105856180191,0.5741114616394043,0.33698415756225586,0.01020274218171835,0.5858702659606934,0.3117063641548157,0.061771731823682785,0.5738877058029175,0.345304012298584,0.012270329520106316,0.5693259239196777,0.4304465055465698,0.0031679896637797356,0.5672405958175659,0.4166049659252167,-0.01122885663062334,0.5618728399276733,0.4331890046596527,-0.0065077668987214565,0.5774074196815491,0.46154075860977173,0.04901716485619545,0.5735054016113281,0.473385214805603,0.0421907901763916,0.5641431212425232,0.49663054943084717,0.026228487491607666,0.5804368853569031,0.43712130188941956,0.08066653460264206,0.5522446632385254,0.34897512197494507,0.0014287697849795222,0.5582550168037415,0.38132011890411377,-0.017148848623037338,0.567651629447937,0.4916834235191345,0.04168027639389038,0.5918446183204651,0.39361101388931274,0.06991586834192276,0.5621219277381897,0.4520420730113983,0.0069512599147856236,0.5634205341339111,0.454205185174942,0.0072403112426400185,0.5642614364624023,0.4571242034435272,0.007454750128090382,0.564631462097168,0.46097803115844727,0.009519985876977444,0.5662263035774231,0.4677160382270813,0.016661904752254486,0.5678175687789917,0.4456932842731476,0.014779120683670044,0.5687096118927002,0.44430220127105713,0.015380799770355225,0.5694970488548279,0.4429434537887573,0.015648581087589264,0.5756984949111938,0.4354857802391052,0.017251309007406235,0.5921661257743835,0.4047759473323822,0.03291388601064682,0.5551114082336426,0.37023860216140747,-0.013224469497799873,0.5493680238723755,0.347504198551178,-0.006244466174393892,0.550916314125061,0.3467002213001251,-0.0016450987895950675,0.566742479801178,0.44722050428390503,0.015487567521631718,0.5890325307846069,0.42333605885505676,0.04732392355799675,0.5484217405319214,0.3502143919467926,-0.01580969989299774,0.568102240562439,0.47289127111434937,0.022490810602903366,0.5553120970726013,0.3788206875324249,-0.024227136746048927,0.5631659626960754,0.3944797217845917,-0.01307755894958973,0.5622389316558838,0.4820708632469177,0.01721269264817238,0.5762767195701599,0.45132049918174744,0.029761139303445816,0.5722392797470093,0.4117400646209717,0.006789177656173706,0.5722514986991882,0.46262234449386597,0.026789221912622452,0.5842969417572021,0.4047265648841858,0.014118810184299946,0.5775758624076843,0.41827303171157837,0.01203459408134222,0.5874167084693909,0.4157311022281647,0.02391538769006729,0.5642208456993103,0.49019014835357666,0.020781025290489197,0.5647011995315552,0.39737412333488464,-0.006347741466015577,0.5786922574043274,0.45464640855789185,0.03891313076019287,0.5738680362701416,0.4670685827732086,0.03446128964424133,0.5805198550224304,0.43946126103401184,0.02993517555296421,0.5923270583152771,0.40975964069366455,0.05272955447435379,0.5847326517105103,0.43669426441192627,0.038287777453660965,0.5895534157752991,0.4126203954219818,0.07059063017368317,0.5807653069496155,0.4266037940979004,0.019251037389039993,0.5605427026748657,0.3850994110107422,-0.00997088011354208,0.5681389570236206,0.41526931524276733,-0.018849875777959824,0.5690993070602417,0.4147324860095978,-0.01076542679220438,0.5669776201248169,0.4110862910747528,-0.02479698322713375,0.554006814956665,0.33739355206489563,-0.007776472717523575,0.5639438629150391,0.32887011766433716,-0.0062147341668605804,0.5726333856582642,0.32540470361709595,-0.002209258731454611,0.5788862109184265,0.3250197172164917,0.003658694913610816,0.5819380879402161,0.3273462653160095,0.009782280772924423,0.5813360214233398,0.3399047255516052,0.023191099986433983,0.592144250869751,0.3548435568809509,0.062414221465587616,0.5811072587966919,0.35566335916519165,0.01916983537375927,0.5770123600959778,0.3610386848449707,0.013710014522075653,0.5694239139556885,0.3638029396533966,0.008679014630615711,0.5616956353187561,0.3640856444835663,0.004399792291224003,0.5561988353729248,0.3630460798740387,0.0012090695090591908,0.552753746509552,0.3617474138736725,-0.001183015643619001,0.5840499401092529,0.35093897581100464,0.08626826107501984,0.5681119561195374,0.416219562292099,-0.007422167342156172,0.5609874725341797,0.39108362793922424,-0.019917355850338936,0.5663117170333862,0.41820961236953735,-0.024918293580412865,0.5629359483718872,0.422829806804657,-0.022706016898155212,0.5653864145278931,0.41907280683517456,-0.021694669499993324,0.5666369795799255,0.41881757974624634,-0.00549687584862113,0.5624645352363586,0.42440125346183777,-0.0244430098682642,0.5607229471206665,0.42585647106170654,-0.016871130093932152,0.5500279664993286,0.35395729541778564,7.501022628275678e-05,0.5496810674667358,0.3578992486000061,-0.004592390265315771,0.5507684350013733,0.361128032207489,-0.008893889375030994,0.5754616856575012,0.3381456434726715,0.01332588866353035,0.579180896282196,0.333740770816803,0.014258534647524357,0.4987187385559082,0.363732248544693,-0.017745202407240868,0.5063605904579163,0.3618045449256897,-0.017745202407240868,0.49739766120910645,0.3526971638202667,-0.017745202407240868,0.4908868074417114,0.3656107783317566,-0.017745202407240868,0.5000624656677246,0.37467145919799805,-0.017745202407240868,0.5612213611602783,0.34411874413490295,0.0067299786023795605,0.5675944089889526,0.342399001121521,0.0067299786023795605,0.5597456693649292,0.33502063155174255,0.0067299786023795605,0.554827094078064,0.3458956480026245,0.0067299786023795605,0.5628032684326172,0.3533666133880615,0.0067299786023795605
1066.666666666667,0.5508260130882263,0.44896751642227173,-0.008264570496976376,0.5556482076644897,0.42509788274765015,-0.03011137619614601,0.5509620904922485,0.4309000074863434,-0.012453591451048851,0.5446706414222717,0.39326733350753784,-0.030236586928367615,0.5554012656211853,0.41613131761550903,-0.033676110208034515,0.5528167486190796,0.4027612805366516,-0.033432260155677795,0.5439155101776123,0.36716368794441223,-0.024219252169132233,0.48702457547187805,0.36808687448501587,-0.01831045001745224,0.539747953414917,0.33913666009902954,-0.024654384702444077,0.5389111042022705,0.32586678862571716,-0.02872195839881897,0.5309205055236816,0.2742471694946289,-0.032195594161748886,0.5507551431655884,0.4519434869289398,-0.0067613390274345875,0.5502932071685791,0.45488500595092773,-0.004318892955780029,0.549605131149292,0.45689183473587036,-0.0005162720335647464,0.5491608381271362,0.45689088106155396,0.00012051293742842972,0.5497703552246094,0.4610038101673126,0.0006575931329280138,0.5500317215919495,0.46559950709342957,0.0003923361946363002,0.5497632622718811,0.470171719789505,0.00242444034665823,0.549562394618988,0.47862017154693604,0.009838224388659,0.5544809699058533,0.4288402199745178,-0.026300247758626938,0.5461626052856445,0.429359495639801,-0.019661396741867065,0.4447779357433319,0.32887566089630127,-0.007806260138750076,0.5095295310020447,0.373304545879364,-0.01733565330505371,0.5030322670936584,0.37571078538894653,-0.018963776528835297,0.4959144592285156,0.3767673075199127,-0.019375495612621307,0.4839974641799927,0.3712243437767029,-0.017594099044799805,0.5145936608314514,0.37011367082595825,-0.014701287262141705,0.4961119294166565,0.3454722464084625,-0.025751356035470963,0.5043994784355164,0.3453741669654846,-0.023210691288113594,0.48860254883766174,0.3487297296524048,-0.02539682947099209,0.4835745692253113,0.3537091612815857,-0.02382482960820198,0.4789508283138275,0.3786606192588806,-0.01481065433472395,0.5268115401268005,0.49570658802986145,0.011979174800217152,0.4830700159072876,0.3645554184913635,-0.0174252986907959,0.4482639729976654,0.3734152615070343,0.0036317859776318073,0.4683550000190735,0.3723644018173218,-0.012530072592198849,0.5122326016426086,0.41597333550453186,-0.014693827368319035,0.5425586104393005,0.44880345463752747,-0.010450978763401508,0.5424488186836243,0.45584675669670105,-0.005962478928267956,0.5332838296890259,0.4517984390258789,-0.009455706924200058,0.5261399149894714,0.4536442160606384,-0.006659023929387331,0.534593403339386,0.45638507604599,-0.005989875644445419,0.5278137922286987,0.45649537444114685,-0.003320620860904455,0.5174007415771484,0.4677717089653015,0.00396615220233798,0.550581693649292,0.4261898398399353,-0.031134696677327156,0.5496011972427368,0.41741469502449036,-0.03474052995443344,0.4743397831916809,0.349113404750824,-0.02763456664979458,0.5229863524436951,0.3891224265098572,-0.01643659919500351,0.5306437611579895,0.42276209592819214,-0.02193240076303482,0.5288344621658325,0.4167189598083496,-0.021186694502830505,0.48857372999191284,0.4177013039588928,-0.0147884925827384,0.547243595123291,0.40477144718170166,-0.03379335254430771,0.49389880895614624,0.3363899886608124,-0.03356744721531868,0.48277026414871216,0.34122583270072937,-0.0318487212061882,0.4550011157989502,0.31140729784965515,-0.020197993144392967,0.5254634618759155,0.34084734320640564,-0.028014251962304115,0.5113258361816406,0.3489612638950348,-0.01892157830297947,0.5118943452835083,0.460771381855011,0.0011713762069121003,0.4591212272644043,0.4560908079147339,0.040744438767433167,0.5351760387420654,0.4273073375225067,-0.01704436168074608,0.5404787063598633,0.42887958884239197,-0.014190775342285633,0.5154712200164795,0.4556836485862732,0.0021549640223383904,0.517150342464447,0.45614945888519287,0.0017630236689001322,0.4777432978153229,0.3356682360172272,-0.03154570236802101,0.5291783213615417,0.4253197908401489,-0.01765146292746067,0.5079888105392456,0.33567073941230774,-0.03239338472485542,0.5066663026809692,0.3282838761806488,-0.03556707128882408,0.4899294078350067,0.2859272360801697,-0.037121567875146866,0.46755239367485046,0.32402947545051575,-0.027254465967416763,0.49984073638916016,0.30699658393859863,-0.03725385293364525,0.4680575132369995,0.34483370184898376,-0.02495657093822956,0.45738691091537476,0.33808964490890503,-0.01722121797502041,0.5425084233283997,0.452635258436203,-0.008944543078541756,0.5339750051498413,0.4541710317134857,-0.007902257144451141,0.5269922018051147,0.45506903529167175,-0.0053480686619877815,0.5362918972969055,0.42820608615875244,-0.014592490158975124,0.5163543224334717,0.45592445135116577,0.002038710517808795,0.5208665728569031,0.45897120237350464,0.000913570576813072,0.5179716348648071,0.45636340975761414,0.0018539499724283814,0.5405314564704895,0.42620402574539185,-0.02576366811990738,0.5282909274101257,0.4576145112514496,-0.0013793247053399682,0.5350032448768616,0.4579516053199768,-0.002426654566079378,0.5423009991645813,0.45787766575813293,-0.0024351170286536217,0.5413612723350525,0.4803791046142578,0.007585718762129545,0.5415896773338318,0.4712767004966736,5.5383290600730106e-05,0.5419010519981384,0.4666137099266052,-0.001871153013780713,0.5420343279838562,0.4619835615158081,-0.00152516458183527,0.5420240759849548,0.45804449915885925,-0.0018164664506912231,0.5281254053115845,0.45807087421417236,-0.0008702851482667029,0.5274019837379456,0.4598001539707184,-0.0008345016976818442,0.5264507532119751,0.4621235728263855,-0.001149644609540701,0.5256369113922119,0.46467944979667664,-7.76067900005728e-05,0.5217644572257996,0.4476293921470642,-0.007713836617767811,0.4434206485748291,0.410818487405777,0.03640931844711304,0.5529416799545288,0.4300479590892792,-0.017622124403715134,0.5229480266571045,0.4574244022369385,0.0006678105564787984,0.5219812393188477,0.45812875032424927,0.0007780282176099718,0.5428677201271057,0.43172940611839294,-0.013158105313777924,0.5303933620452881,0.42925238609313965,-0.010662030428647995,0.5417523384094238,0.4303678572177887,-0.013898949138820171,0.5161613821983337,0.3953092098236084,-0.015651477500796318,0.5055385828018188,0.40393707156181335,-0.016268199309706688,0.5268968343734741,0.419901043176651,-0.0172200258821249,0.46953219175338745,0.2968951165676117,-0.03034067340195179,0.4811473488807678,0.313304603099823,-0.03360627219080925,0.49080121517181396,0.32943660020828247,-0.035182803869247437,0.5243021249771118,0.47367632389068604,0.0041743130423128605,0.5232095718383789,0.3284999430179596,-0.03318626061081886,0.5172883868217468,0.30378425121307373,-0.036462534219026566,0.5096026062965393,0.27893954515457153,-0.03732850402593613,0.48872604966163635,0.3754562735557556,-0.01864033006131649,0.4715439975261688,0.3868592381477356,-0.01240538340061903,0.5178183913230896,0.3674115836620331,-0.013460703194141388,0.47666987776756287,0.3597713112831116,-0.02115449868142605,0.5278434753417969,0.38291671872138977,-0.018153777346014977,0.5362064242362976,0.42050132155418396,-0.0272815003991127,0.46257680654525757,0.39410269260406494,-0.0069952658377587795,0.47912049293518066,0.39386335015296936,-0.015195777639746666,0.49052664637565613,0.39657190442085266,-0.017122600227594376,0.5043941736221313,0.3924301862716675,-0.01590568944811821,0.5133183598518372,0.38655638694763184,-0.0147427748888731,0.5195825099945068,0.38129574060440063,-0.014772891998291016,0.5379371643066406,0.3704208433628082,-0.024036752060055733,0.4663354754447937,0.4143543839454651,-0.004609975032508373,0.47033536434173584,0.359481543302536,-0.0207965150475502,0.551291823387146,0.4295154809951782,-0.027159960940480232,0.5259429216384888,0.39946383237838745,-0.016717730090022087,0.43761876225471497,0.36859285831451416,0.02158992365002632,0.5247465372085571,0.37605422735214233,-0.0151682673022151,0.5245038270950317,0.4191921055316925,-0.011158464476466179,0.48004549741744995,0.3651178181171417,-0.017028264701366425,0.5341068506240845,0.4130203425884247,-0.026191897690296173,0.44930168986320496,0.4333594739437103,0.03981362283229828,0.5165348052978516,0.3642444312572479,-0.013278694823384285,0.5408179759979248,0.40810883045196533,-0.031375735998153687,0.4895035922527313,0.4803054928779602,0.01971610262989998,0.4864448606967926,0.48775947093963623,0.03172281011939049,0.4526374936103821,0.4143769145011902,0.01548139750957489,0.47639691829681396,0.46899551153182983,0.021579371765255928,0.4516456723213196,0.35418957471847534,-0.005686843302100897,0.5254278182983398,0.5039177536964417,0.016984647139906883,0.5503453612327576,0.43032798171043396,-0.017960097640752792,0.519804835319519,0.4067145884037018,-0.014753293246030807,0.4605424702167511,0.37412914633750916,-0.008533676154911518,0.4962425231933594,0.3714407682418823,-0.019520560279488564,0.5026327967643738,0.37071409821510315,-0.019207967445254326,0.5197846293449402,0.4599562883377075,0.0015510108787566423,0.46892446279525757,0.4325415790081024,0.0023870188742876053,0.5364630222320557,0.5113400220870972,0.023796984925866127,0.5137260556221008,0.5044653415679932,0.0260161105543375,0.5018400549888611,0.49808165431022644,0.028255987912416458,0.5354313254356384,0.3003574013710022,-0.03176078572869301,0.5482686161994934,0.5086328983306885,0.027093306183815002,0.5078579187393188,0.3685646057128906,-0.01767553761601448,0.5124754905700684,0.36606132984161377,-0.015553280711174011,0.5153919458389282,0.3649125099182129,-0.013761947862803936,0.46296754479408264,0.35729679465293884,-0.016803402453660965,0.5096448659896851,0.3558976352214813,-0.018167104572057724,0.5032553672790527,0.3526715040206909,-0.020885951817035675,0.4970794916152954,0.35302361845970154,-0.022487085312604904,0.4909263253211975,0.355832040309906,-0.02252023294568062,0.4871460795402527,0.3593860864639282,-0.021302171051502228,0.43921101093292236,0.34679487347602844,0.007442005909979343,0.49113330245018005,0.37025874853134155,-0.01900865137577057,0.5506138205528259,0.43699949979782104,-0.009531811811029911,0.5290731191635132,0.44248291850090027,-0.009805374778807163,0.5359095931053162,0.42671918869018555,-0.019737927243113518,0.5424163937568665,0.43920642137527466,-0.011623687110841274,0.5406669974327087,0.35222020745277405,-0.022363096475601196,0.5023027062416077,0.49018967151641846,0.020052986219525337,0.5136317014694214,0.4973025321960449,0.019172634929418564,0.5378691554069519,0.506878137588501,0.01628204807639122,0.4723179340362549,0.4743631184101105,0.036916475743055344,0.5143774747848511,0.36123234033584595,-0.01545023825019598,0.5361098051071167,0.3875037431716919,-0.024173391982913017,0.5497897267341614,0.504075288772583,0.019737722352147102,0.5253515243530273,0.5094394683837891,0.02337821200489998,0.4572031795978546,0.43445685505867004,0.020167307928204536,0.5348238945007324,0.4583336412906647,-0.00185451190918684,0.5342767238616943,0.46137380599975586,-0.0018568214727565646,0.533781886100769,0.46505042910575867,-0.0022580698132514954,0.5334140658378601,0.4692813456058502,-0.0008327176328748465,0.5322746634483337,0.4783114194869995,0.004638558253645897,0.5219591856002808,0.4562849998474121,-0.0009394625667482615,0.5209554433822632,0.45548784732818604,-0.0018677717307582498,0.5200520157814026,0.45466357469558716,-0.0027907739859074354,0.51554274559021,0.45382505655288696,-0.004515203181654215,0.4826408624649048,0.4376838505268097,-0.005548774264752865,0.5329424142837524,0.37611278891563416,-0.020712846890091896,0.5228434205055237,0.35605067014694214,-0.015794960781931877,0.5174264907836914,0.35718825459480286,-0.015672530978918076,0.5229616761207581,0.4570697546005249,0.0003299480304121971,0.48167651891708374,0.4577937424182892,0.008253568783402443,0.5312269330024719,0.35566842555999756,-0.02132285386323929,0.5290705561637878,0.4865961968898773,0.008810794912278652,0.5498561263084412,0.3909720182418823,-0.030128469690680504,0.5414265394210815,0.3826809525489807,-0.027690652757883072,0.547048032283783,0.37976396083831787,-0.02719912678003311,0.5330194234848022,0.40311747789382935,-0.02233683317899704,0.5502740144729614,0.49655401706695557,0.01453923899680376,0.5497921705245972,0.4868987798690796,0.012364262714982033,0.5400858521461487,0.4891512393951416,0.010182497091591358,0.5114148855209351,0.47314757108688354,0.006587408483028412,0.5188060998916626,0.4271738529205322,-0.010127205401659012,0.5195193290710449,0.48104310035705566,0.00821515079587698,0.5016224980354309,0.42906925082206726,-0.013311870396137238,0.5129300951957703,0.437492311000824,-0.009352455846965313,0.49538132548332214,0.4438994228839874,-0.007457653060555458,0.5390323996543884,0.499165803194046,0.01154105830937624,0.5281071662902832,0.4077189564704895,-0.018138272687792778,0.5053831934928894,0.48104315996170044,0.011865058913826942,0.5160204172134399,0.4888375401496887,0.01341252401471138,0.5050224661827087,0.4637274444103241,0.0020057677756994963,0.4718588888645172,0.4472046196460724,0.009013843722641468,0.49443668127059937,0.4667775630950928,0.005583441816270351,0.464229941368103,0.45251065492630005,0.0232829786837101,0.5073059797286987,0.44894519448280334,-0.006178625393658876,0.5309581160545349,0.3933345675468445,-0.020150333642959595,0.538817286491394,0.42508962750434875,-0.02766895480453968,0.5331318378448486,0.4260733723640442,-0.02103806659579277,0.5428846478462219,0.41904085874557495,-0.031638238579034805,0.5174620747566223,0.347679078578949,-0.02104918472468853,0.5061968564987183,0.3427194654941559,-0.0261564701795578,0.49586328864097595,0.3428155779838562,-0.028599975630640984,0.4870159327983856,0.3462258279323578,-0.028369324281811714,0.4803975224494934,0.35186105966567993,-0.026115678250789642,0.475407212972641,0.36877793073654175,-0.01547709759324789,0.44946128129959106,0.3941195607185364,0.009382497519254684,0.4843759834766388,0.3827419579029083,-0.0160693246871233,0.49339619278907776,0.3849748969078064,-0.016961950808763504,0.5031824707984924,0.3830995261669159,-0.016472727060317993,0.5112479329109192,0.37909847497940063,-0.015279538929462433,0.5170032978057861,0.3750499188899994,-0.013620181009173393,0.5212307572364807,0.37175413966178894,-0.01319067645817995,0.4398113787174225,0.38931500911712646,0.03059264086186886,0.5322779417037964,0.4272591173648834,-0.017550289630889893,0.5388578772544861,0.3975715637207031,-0.026980619877576828,0.5450582504272461,0.4258417785167694,-0.030261682346463203,0.5467968583106995,0.42885902523994446,-0.02560071460902691,0.5436965823173523,0.4268612265586853,-0.02723146602511406,0.5332793593406677,0.42881307005882263,-0.013973988592624664,0.5488916635513306,0.429479718208313,-0.026648182421922684,0.5480061173439026,0.43033722043037415,-0.01879258081316948,0.5195882320404053,0.36427292227745056,-0.012595470994710922,0.5244182348251343,0.3662181496620178,-0.013938193209469318,0.5284304618835449,0.3682582974433899,-0.01661253720521927,0.48492705821990967,0.36213555932044983,-0.01967672072350979,0.48037129640579224,0.35908737778663635,-0.020847102627158165,0.5541180372238159,0.39058199524879456,-0.025615744292736053,0.5725911259651184,0.3423961400985718,0.01570679433643818,0.5578117370605469,0.4256104826927185,-0.01613629050552845,0.5813226103782654,0.2970065474510193,0.04500112682580948,0.5572801232337952,0.35762590169906616,0.004498682450503111,0.5636043548583984,0.35620054602622986,0.007317114155739546,0.5693531632423401,0.35387369990348816,0.01096278801560402,0.5739794969558716,0.3451344668865204,0.018379414454102516,0.552391529083252,0.357124388217926,0.0025452685076743364,0.5662833452224731,0.3290916681289673,0.0018479685531929135,0.558967113494873,0.33221665024757385,-0.0014563139993697405,0.5722950100898743,0.3287022113800049,0.006429386790841818,0.5753893852233887,0.3308684229850769,0.010539179667830467,0.5789888501167297,0.3502928912639618,0.02396976388990879,0.5651018023490906,0.48049330711364746,0.02746049128472805,0.5735547542572021,0.33900460600852966,0.018176399171352386,0.5857357978820801,0.3372601568698883,0.05668908357620239,0.5814666748046875,0.3409562408924103,0.031024903059005737,0.5708047747612,0.3993980884552002,0.007165520917624235,0.5569050908088684,0.44492414593696594,-0.00511009618639946,0.5555809736251831,0.4523095488548279,-0.001039582770317793,0.5613150596618652,0.4437015652656555,0.0016445391811430454,0.563877522945404,0.44323456287384033,0.008711413480341434,0.5593145489692688,0.44972702860832214,0.003637151326984167,0.5619375109672546,0.4476073682308197,0.009618740528821945,0.5678781867027283,0.45182865858078003,0.02395998127758503,0.5596545338630676,0.42317038774490356,-0.028192490339279175,0.5601368546485901,0.4143357574939728,-0.031221549957990646,0.5834581851959229,0.32161009311676025,0.013384096324443817,0.5574567914009094,0.3795473575592041,-0.0021716372575610876,0.565501868724823,0.4124295115470886,-0.00877652782946825,0.5641322731971741,0.4065755605697632,-0.007601418066769838,0.5845531225204468,0.3902643620967865,0.021747352555394173,0.5572890639305115,0.4018979072570801,-0.02930370904505253,0.5746373534202576,0.3173709511756897,-0.004883913788944483,0.5807086229324341,0.31756269931793213,0.003962280228734016,0.5789605379104614,0.2833254039287567,0.027232971042394638,0.5506794452667236,0.3336333930492401,-0.018406430259346962,0.5527247190475464,0.3377242982387543,-0.001380051951855421,0.571465015411377,0.44251805543899536,0.0255514457821846,0.5770470499992371,0.41837430000305176,0.0897001251578331,0.5623060464859009,0.41910862922668457,-0.007408533710986376,0.5589432120323181,0.4237503409385681,-0.00933927670121193,0.5670729875564575,0.443074107170105,0.023072179406881332,0.5660184025764465,0.4442082941532135,0.020056717097759247,0.5822762250900269,0.31007665395736694,0.006511779502034187,0.5646917223930359,0.4150765538215637,-0.004784413147717714,0.5649279356002808,0.3216075301170349,-0.012717095203697681,0.5659170746803284,0.3132854402065277,-0.01538996770977974,0.5631362795829773,0.27018874883651733,-0.00990320648998022,0.5805072784423828,0.29616579413414,0.014709506183862686,0.5645374655723572,0.29154688119888306,-0.01404524128884077,0.5846899747848511,0.31550538539886475,0.0188836008310318,0.5833067893981934,0.3066100478172302,0.030324572697281837,0.556487500667572,0.44891268014907837,-0.0036373527254909277,0.5604075193405151,0.4468884766101837,0.0025031715631484985,0.5630050897598267,0.4454161822795868,0.008652367629110813,0.561125636100769,0.4208333492279053,-0.006646529771387577,0.566531777381897,0.443662166595459,0.02133251540362835,0.5649040937423706,0.4478108882904053,0.017023634165525436,0.5654455423355103,0.44477254152297974,0.019626434892416,0.5622301697731018,0.41920343041419983,-0.016770916059613228,0.5609563589096069,0.44942739605903625,0.010873227380216122,0.5582132935523987,0.4519623816013336,0.006588658783584833,0.5545293688774109,0.4546344578266144,0.0025624067056924105,0.5559240579605103,0.47534996271133423,0.012531084008514881,0.5559050440788269,0.46692371368408203,0.005271491594612598,0.5559189319610596,0.4623887538909912,0.003541844431310892,0.5552257299423218,0.4581077992916107,0.003793627955019474,0.5540351867675781,0.4546355605125427,0.003254704177379608,0.5606645345687866,0.44952255487442017,0.011395345441997051,0.561898410320282,0.4506527781486511,0.011393480934202671,0.5629822015762329,0.45231547951698303,0.011559572070837021,0.563698947429657,0.4544111490249634,0.013682665303349495,0.5687841176986694,0.43374103307724,0.01014483068138361,0.5795958638191223,0.37245720624923706,0.09127061814069748,0.5628740787506104,0.4473594129085541,0.016154929995536804,0.5639855861663818,0.44751259684562683,0.01629815809428692,0.557183563709259,0.42795705795288086,-0.00835499633103609,0.5629297494888306,0.4201165437698364,-0.0004719810385722667,0.5580565929412842,0.4260143041610718,-0.009198181331157684,0.5626494884490967,0.3824212849140167,0.003549970453605056,0.5722869038581848,0.3852878212928772,0.00980548094958067,0.5642279982566833,0.4093065857887268,-0.0032285419292747974,0.5736883878707886,0.27393507957458496,0.008351189084351063,0.5748149156570435,0.2904830873012543,0.000157861941261217,0.5758852958679199,0.3086639642715454,-0.004976839292794466,0.5650182366371155,0.459979385137558,0.02047070488333702,0.5526967644691467,0.32066407799720764,-0.02283548191189766,0.5517997741699219,0.2956100404262543,-0.02436237968504429,0.5494118928909302,0.2704395353794098,-0.02354895882308483,0.5728297233581543,0.3499974012374878,0.015181549824774265,0.5840422511100769,0.3552759885787964,0.030604135245084763,0.5494163036346436,0.35605940222740173,0.001881814212538302,0.5792239308357239,0.3325068950653076,0.01834605075418949,0.5542368292808533,0.37552350759506226,-0.006713620387017727,0.5646498799324036,0.41196107864379883,-0.016579220071434975,0.5889285206794739,0.35906389355659485,0.04170088469982147,0.5842850208282471,0.36412546038627625,0.02517118491232395,0.579912543296814,0.37104058265686035,0.017167696729302406,0.5693578720092773,0.3735227584838867,0.010337760671973228,0.5608299374580383,0.3722566068172455,0.005155990831553936,0.5552341341972351,0.3702092468738556,9.83277932391502e-05,0.5486263632774353,0.36744385957717896,-0.019123030826449394,0.5906803011894226,0.37879759073257446,0.04380350932478905,0.5824527144432068,0.3297044038772583,0.0223412923514843,0.5571182370185852,0.42752301692962646,-0.024814197793602943,0.5589004158973694,0.39037948846817017,-0.003023919416591525,0.5806946158409119,0.33222872018814087,0.07822506129741669,0.5512529015541077,0.36735859513282776,-0.0035354718565940857,0.5630978345870972,0.4084191620349884,0.0028547621332108974,0.575308620929718,0.3387000560760498,0.020400522276759148,0.5626875758171082,0.40481576323509216,-0.01529444009065628,0.578996479511261,0.3944483995437622,0.09224894642829895,0.5483688116073608,0.3525245189666748,0.00280096591450274,0.5604241490364075,0.4024464190006256,-0.02342924289405346,0.5772873759269714,0.44900792837142944,0.05543547868728638,0.5730774998664856,0.45598649978637695,0.06853872537612915,0.5878348350524902,0.3754800856113434,0.06831265240907669,0.5812147855758667,0.43394145369529724,0.06370987743139267,0.5845603346824646,0.3205205202102661,0.04503041133284569,0.5650080442428589,0.48737823963165283,0.0337943471968174,0.555156946182251,0.42889687418937683,-0.016513796523213387,0.5632050037384033,0.3946625292301178,0.00216348422691226,0.5830159187316895,0.340841144323349,0.03934837505221367,0.5684354305267334,0.3482278287410736,0.01035073772072792,0.5632579922676086,0.3508971929550171,0.007204045541584492,0.5656347274780273,0.448361337184906,0.018959762528538704,0.5895735621452332,0.39665091037750244,0.048931021243333817,0.5572701096534729,0.5024709701538086,0.03326502442359924,0.5659325122833252,0.48264920711517334,0.04960272088646889,0.5689533352851868,0.471271276473999,0.05806250125169754,0.5576221942901611,0.352056622505188,0.00483362702652812,0.5525709390640259,0.3522450625896454,0.003784565022215247,0.5496402382850647,0.3526246249675751,0.003591989865526557,0.5836983919143677,0.3259150981903076,0.029658891260623932,0.5524263978004456,0.34336045384407043,0.0016107260016724467,0.5575442314147949,0.3386059105396271,0.0021494037937372923,0.5636217594146729,0.3360682427883148,0.004352985415607691,0.5688474178314209,0.33572617173194885,0.008013344369828701,0.5715274810791016,0.3369111716747284,0.01144111342728138,0.5820502638816833,0.3123396039009094,0.06291871517896652,0.5711896419525146,0.3452240526676178,0.0134509839117527,0.5649679899215698,0.43215516209602356,0.003782805288210511,0.5629656910896301,0.4183662235736847,-0.010486111976206303,0.5577379465103149,0.4348388910293579,-0.005997154861688614,0.5724676251411438,0.4632868766784668,0.04884849861264229,0.568520188331604,0.4750462770462036,0.04178740084171295,0.5592359900474548,0.4978715181350708,0.025438398122787476,0.5752071738243103,0.4392395317554474,0.08044660836458206,0.549630880355835,0.34900498390197754,0.002224746160209179,0.5543890595436096,0.38237395882606506,-0.01643945463001728,0.5626251697540283,0.4934896230697632,0.04084151238203049,0.5864773392677307,0.39545583724975586,0.07062561810016632,0.5577993988990784,0.45205557346343994,0.0072298916056752205,0.5591673851013184,0.45438072085380554,0.007507420144975185,0.5600904822349548,0.45749709010124207,0.007620624266564846,0.5605413913726807,0.46146124601364136,0.009542794898152351,0.5612695217132568,0.4682205319404602,0.01638912968337536,0.5640314817428589,0.44576597213745117,0.015182627364993095,0.5649411082267761,0.44434094429016113,0.015831999480724335,0.5657568573951721,0.44292914867401123,0.016169166192412376,0.5712071657180786,0.437157541513443,0.017893536016345024,0.5870459675788879,0.406419962644577,0.03376193717122078,0.5513041615486145,0.3710315525531769,-0.012623956426978111,0.5464781522750854,0.34760522842407227,-0.0055786119773983955,0.5482369661331177,0.3468093276023865,-0.0008699535392224789,0.5629647970199585,0.4472939670085907,0.015865957364439964,0.5839093923568726,0.4250771701335907,0.047883469611406326,0.5453252792358398,0.3504321277141571,-0.01517501287162304,0.5630346536636353,0.4737621545791626,0.022064540535211563,0.5516594052314758,0.3797788619995117,-0.02354234643280506,0.5589795708656311,0.39587464928627014,-0.012298193760216236,0.5573120713233948,0.48256099224090576,0.016568424180150032,0.5714005827903748,0.45268914103507996,0.029901057481765747,0.5676796436309814,0.4133107364177704,0.007418314926326275,0.5672380328178406,0.46379244327545166,0.026600370183587074,0.5795371532440186,0.40623170137405396,0.014890961349010468,0.5729953050613403,0.4198826551437378,0.01267269067466259,0.5825111269950867,0.4173355996608734,0.024681510403752327,0.5593016743659973,0.49106860160827637,0.020095665007829666,0.5603415966033936,0.39878833293914795,-0.005586696323007345,0.5737133622169495,0.4561619162559509,0.03896486386656761,0.5688222050666809,0.4684509038925171,0.034188393503427505,0.5757073163986206,0.44100838899612427,0.030389349907636642,0.5870838165283203,0.41159895062446594,0.053434643894433975,0.5797235369682312,0.4383014738559723,0.03872642293572426,0.5842171907424927,0.4145778715610504,0.07108040899038315,0.5761387944221497,0.42824694514274597,0.019898295402526855,0.5564568042755127,0.3862355053424835,-0.009257053956389427,0.5639005303382874,0.41710197925567627,-0.01792995072901249,0.564773678779602,0.4164988696575165,-0.009942261502146721,0.5629062652587891,0.4128674566745758,-0.023892061784863472,0.5512924194335938,0.3372899293899536,-0.0069297668524086475,0.5614206790924072,0.3287375569343567,-0.005193639546632767,0.5702033638954163,0.3253021836280823,-0.001050082966685295,0.5764144062995911,0.32491129636764526,0.004913819953799248,0.5793136358261108,0.32727089524269104,0.011078331619501114,0.5780947208404541,0.34006544947624207,0.02442019060254097,0.5875052809715271,0.3560982048511505,0.06356769055128098,0.5778201818466187,0.35589852929115295,0.020337233319878578,0.5737000703811646,0.3612658977508545,0.014761974103748798,0.5661333203315735,0.3639676570892334,0.009608994238078594,0.5584608912467957,0.3642198145389557,0.005243008024990559,0.5531010031700134,0.36321595311164856,0.0018745906418189406,0.5497256517410278,0.36196109652519226,-0.0005628510261885822,0.5794634222984314,0.3521145284175873,0.08688220381736755,0.5637834072113037,0.41791006922721863,-0.006680515594780445,0.5570477247238159,0.3924010097980499,-0.01909666322171688,0.5622467398643494,0.42002445459365845,-0.02403334155678749,0.5589067935943604,0.4245762825012207,-0.021979285404086113,0.5612712502479553,0.42086678743362427,-0.02087010256946087,0.5623354315757751,0.4204542338848114,-0.0048761870712041855,0.5584653615951538,0.42617475986480713,-0.023713065311312675,0.5566688776016235,0.4275498390197754,-0.01632249541580677,0.5473398566246033,0.35397157073020935,0.0007299485150724649,0.5466972589492798,0.3581344485282898,-0.00399510795250535,0.5476611256599426,0.36145490407943726,-0.008353996090590954,0.5728133916854858,0.33803364634513855,0.014552188105881214,0.5764709115028381,0.33371007442474365,0.015516354702413082,0.4957471787929535,0.36239558458328247,-0.018389493227005005,0.5034492611885071,0.3605683147907257,-0.018389493227005005,0.4945167899131775,0.3512028455734253,-0.018389493227005005,0.4878416061401367,0.36418914794921875,-0.018389493227005005,0.49701589345932007,0.37350770831108093,-0.018389493227005005,0.5582401156425476,0.3434893488883972,0.0077652884647250175,0.564821720123291,0.34166568517684937,0.0077652884647250175,0.5567901134490967,0.3343001902103424,0.0077652884647250175,0.5516252517700195,0.3453238010406494,0.0077652884647250175,0.5597594380378723,0.3527524769306183,0.0077652884647250175
1100.0000000000002,0.5507771968841553,0.44927719235420227,-0.00931193120777607,0.5556073784828186,0.4237021803855896,-0.031262267380952835,0.5506563186645508,0.4299112856388092,-0.013303560204803944,0.5443558692932129,0.3919598162174225,-0.030958354473114014,0.5553779602050781,0.4146437644958496,-0.034819040447473526,0.5527334213256836,0.4013174772262573,-0.034428663551807404,0.5436602234840393,0.3660084307193756,-0.024401487782597542,0.48610591888427734,0.36717838048934937,-0.018077906221151352,0.5393967032432556,0.3371637761592865,-0.024418756365776062,0.5386155843734741,0.323750376701355,-0.02838202379643917,0.5308535695075989,0.2730642557144165,-0.031404733657836914,0.5506101846694946,0.452062726020813,-0.0078050815500319,0.549990177154541,0.4547690749168396,-0.005327192600816488,0.5491539239883423,0.45667675137519836,-0.0015745896380394697,0.5487043261528015,0.4566756784915924,-0.0006356229423545301,0.5492709279060364,0.46063491702079773,-0.0002486782323103398,0.5494537353515625,0.4650973379611969,-0.00048801369848661125,0.549044668674469,0.4696289598941803,0.0016857474111020565,0.5489527583122253,0.480024516582489,0.009377487935125828,0.554376482963562,0.4275612533092499,-0.027396313846111298,0.5458914637565613,0.42827150225639343,-0.020583007484674454,0.44419029355049133,0.327653169631958,-0.006681156810373068,0.5086334943771362,0.37244683504104614,-0.017246199771761894,0.5020538568496704,0.3748246431350708,-0.01888413168489933,0.4948557913303375,0.3758366107940674,-0.019268376752734184,0.48289406299591064,0.37040480971336365,-0.017378080636262894,0.5138067603111267,0.36922991275787354,-0.014526508748531342,0.49547624588012695,0.3448350131511688,-0.02558242529630661,0.5037967562675476,0.34468865394592285,-0.022991949692368507,0.48787355422973633,0.34807097911834717,-0.025186680257320404,0.48273083567619324,0.3529614210128784,-0.023576175794005394,0.4776727557182312,0.3778132498264313,-0.014575528912246227,0.5254190564155579,0.4958193004131317,0.011640486307442188,0.4821719527244568,0.3638017773628235,-0.01710764691233635,0.4470871388912201,0.3724479079246521,0.0044310796074569225,0.4670006036758423,0.3715822696685791,-0.01208734605461359,0.5108193159103394,0.4151453673839569,-0.015132301487028599,0.5423910617828369,0.4491603374481201,-0.011521589942276478,0.5419712066650391,0.45569783449172974,-0.006989632733166218,0.5328125953674316,0.4520171880722046,-0.010408220812678337,0.5253715515136719,0.45379337668418884,-0.007365073077380657,0.5338727235794067,0.45622509717941284,-0.0069116149097681046,0.526870608329773,0.45637351274490356,-0.004001334309577942,0.5154032111167908,0.46790623664855957,0.0037174930330365896,0.5504163503646851,0.42480477690696716,-0.0322895348072052,0.5493713021278381,0.4159722626209259,-0.03588755056262016,0.4733063280582428,0.34805983304977417,-0.027193525806069374,0.5220035910606384,0.3882620930671692,-0.01660357043147087,0.5296725630760193,0.42174991965293884,-0.02279825322329998,0.5277639627456665,0.41575905680656433,-0.021969212219119072,0.4867936372756958,0.4168551564216614,-0.015019557438790798,0.5469760298728943,0.4033504128456116,-0.0347723662853241,0.4934883713722229,0.3356021046638489,-0.03318188712000847,0.4820712208747864,0.3402383625507355,-0.03139417618513107,0.45446914434432983,0.3099497854709625,-0.019132625311613083,0.5248813629150391,0.33999136090278625,-0.027793778106570244,0.5106828212738037,0.34812647104263306,-0.018679030239582062,0.509773313999176,0.46035289764404297,0.0008032716577872634,0.45719191431999207,0.4552205801010132,0.04148578643798828,0.5343493819236755,0.4263525605201721,-0.01787426322698593,0.5398903489112854,0.42796874046325684,-0.014981353655457497,0.5142084360122681,0.45572128891944885,0.0018718854989856482,0.5158870816230774,0.45612210035324097,0.0014779638731852174,0.47694268822669983,0.33441492915153503,-0.031034845858812332,0.5281107425689697,0.42444908618927,-0.018462207168340683,0.5076663494110107,0.33499646186828613,-0.032139480113983154,0.5063708424568176,0.32730773091316223,-0.03531045466661453,0.48955419659614563,0.28440606594085693,-0.0363255999982357,0.4668000638484955,0.3222275376319885,-0.02647712267935276,0.49931007623672485,0.3051976263523102,-0.03666467219591141,0.4668637812137604,0.34356945753097534,-0.024416567757725716,0.45655950903892517,0.3365042805671692,-0.016375698149204254,0.5422120094299316,0.4527242183685303,-0.010003696195781231,0.5333976745605469,0.4541952610015869,-0.008842656388878822,0.5261617302894592,0.4550754427909851,-0.006049325689673424,0.5355085134506226,0.4273124933242798,-0.01534411869943142,0.5150868892669678,0.4559268653392792,0.0017568711191415787,0.5197556614875793,0.4588595926761627,0.000634076539427042,0.51669842004776,0.4562942087650299,0.0015752457547932863,0.5399617552757263,0.42505213618278503,-0.026747222989797592,0.5272701978683472,0.4574129581451416,-0.002080705249682069,0.5341677665710449,0.45768070220947266,-0.0033531407825648785,0.5416684150695801,0.45760348439216614,-0.0034972273278981447,0.5402882695198059,0.481737345457077,0.0071127451956272125,0.5407530665397644,0.47080111503601074,-0.000673593080136925,0.541205108165741,0.4661704897880554,-0.0026990389451384544,0.5414179563522339,0.46164053678512573,-0.0023918908555060625,0.5414339900016785,0.45781219005584717,-0.00256337970495224,0.5271928310394287,0.45786651968955994,-0.001314934459514916,0.5264679193496704,0.4595937132835388,-0.0013233933132141829,0.5254964232444763,0.46190017461776733,-0.0016136723570525646,0.5246219635009766,0.464475154876709,-0.0004561208188533783,0.5200896859169006,0.44686159491539,-0.008299654349684715,0.44178491830825806,0.4099384546279907,0.037501752376556396,0.5527661442756653,0.42892828583717346,-0.018545089289546013,0.5218342542648315,0.4572623670101166,0.00039013923378661275,0.5208849906921387,0.45798560976982117,0.0004909951239824295,0.5422760844230652,0.4308483302593231,-0.014013427309691906,0.529314398765564,0.4284868538379669,-0.011382739059627056,0.5411766767501831,0.42947402596473694,-0.014718487858772278,0.5149573087692261,0.3944525122642517,-0.015843957662582397,0.5041031241416931,0.40305283665657043,-0.016476919874548912,0.5257361531257629,0.4190496802330017,-0.01794993318617344,0.4690701961517334,0.29536008834838867,-0.0293920636177063,0.48047858476638794,0.3114545941352844,-0.03293526917695999,0.49037495255470276,0.32832467555999756,-0.03477616608142853,0.5225374102592468,0.4742743670940399,0.003911230713129044,0.5227267742156982,0.327426016330719,-0.032936275005340576,0.516939103603363,0.30211031436920166,-0.035887766629457474,0.509373664855957,0.2775462865829468,-0.03660202771425247,0.48762720823287964,0.3745517432689667,-0.018481804057955742,0.4701313376426697,0.38606512546539307,-0.012156988494098186,0.517134428024292,0.3664935529232025,-0.013245520181953907,0.4755472242832184,0.35894736647605896,-0.020768960937857628,0.5270301699638367,0.38201144337654114,-0.018324093893170357,0.5354642868041992,0.41930079460144043,-0.028242366388440132,0.4609391689300537,0.3931158185005188,-0.006675347685813904,0.4777701795101166,0.3930443823337555,-0.01512443833053112,0.4892630875110626,0.39571094512939453,-0.01718541607260704,0.5032414197921753,0.3915334939956665,-0.015988759696483612,0.5122542977333069,0.385626882314682,-0.014795882627367973,0.5186083912849426,0.3803013563156128,-0.014778750017285347,0.5374975204467773,0.36930227279663086,-0.024202875792980194,0.46438145637512207,0.41341671347618103,-0.004488930106163025,0.4691111147403717,0.3585878908634186,-0.020338639616966248,0.5511384010314941,0.42824721336364746,-0.028264334425330162,0.5249502062797546,0.3985655903816223,-0.017106933519244194,0.43659746646881104,0.3677642345428467,0.02277195267379284,0.5238285660743713,0.3749775290489197,-0.015138071030378342,0.523269772529602,0.418423593044281,-0.011722308583557606,0.47898069024086,0.36436817049980164,-0.016693508252501488,0.533271074295044,0.41188713908195496,-0.0270512867718935,0.44742369651794434,0.4324423372745514,0.040778748691082,0.5158507823944092,0.3632894456386566,-0.012996496632695198,0.5402881503105164,0.4068105220794678,-0.032316144555807114,0.48783692717552185,0.47972920536994934,0.019694309681653976,0.4848448634147644,0.48697730898857117,0.032003551721572876,0.4506928026676178,0.4134683310985565,0.016045020893216133,0.4744570255279541,0.46843138337135315,0.021669553592801094,0.4506821930408478,0.35298898816108704,-0.004833074286580086,0.5241859555244446,0.5035600662231445,0.016639109700918198,0.5501424074172974,0.4292156994342804,-0.018882883712649345,0.5186006426811218,0.405852735042572,-0.01517240796238184,0.45903122425079346,0.37344247102737427,-0.008009804412722588,0.49530020356178284,0.37043431401252747,-0.01937917061150074,0.5017346143722534,0.3697601556777954,-0.019077984616160393,0.5186456441879272,0.45988282561302185,0.0012908375356346369,0.46679815649986267,0.43169617652893066,0.002443882869556546,0.5354118347167969,0.5107290744781494,0.023562638089060783,0.5124845504760742,0.5035799741744995,0.02603774331510067,0.5004894733428955,0.4972098469734192,0.028386786580085754,0.5352939963340759,0.29884153604507446,-0.03115440160036087,0.5473034381866455,0.5081994533538818,0.02688314951956272,0.507006049156189,0.3676604926586151,-0.01751886121928692,0.5117077231407166,0.36515218019485474,-0.015346632339060307,0.5146956443786621,0.3639788031578064,-0.013489528559148312,0.46154192090034485,0.35624971985816956,-0.016234206035733223,0.5090503096580505,0.3550681471824646,-0.017958208918571472,0.502681314945221,0.3519790768623352,-0.02070406824350357,0.49649643898010254,0.35242393612861633,-0.022309577092528343,0.49030178785324097,0.3552206754684448,-0.022325867787003517,0.4864252507686615,0.3586988151073456,-0.02108568698167801,0.4384666681289673,0.3458207845687866,0.008600614033639431,0.4901942312717438,0.3692746162414551,-0.01882968284189701,0.5501720905303955,0.4361632466316223,-0.010403182357549667,0.5276952981948853,0.441684752702713,-0.010539902374148369,0.5351325869560242,0.4256901741027832,-0.020571837201714516,0.5415989756584167,0.438398540019989,-0.012517661787569523,0.5403286218643188,0.35077789425849915,-0.022299541160464287,0.5008577108383179,0.48958414793014526,0.019985679537057877,0.5122638940811157,0.4967809319496155,0.01898733340203762,0.5367821455001831,0.5067916512489319,0.015825172886252403,0.4704956114292145,0.47359713912010193,0.03741271421313286,0.5137475728988647,0.36030638217926025,-0.015185361728072166,0.5355328917503357,0.3864019513130188,-0.024592379108071327,0.5489235520362854,0.5041483044624329,0.019330307841300964,0.5242170691490173,0.5086567997932434,0.023234250023961067,0.4550374746322632,0.433647483587265,0.020586222410202026,0.5340610146522522,0.45810046792030334,-0.0024767036084085703,0.533509373664856,0.46109539270401,-0.00254271924495697,0.532964825630188,0.4646953046321869,-0.002902407431975007,0.5324814319610596,0.4688957631587982,-0.0013615373754873872,0.5307881832122803,0.4793431758880615,0.004284385591745377,0.5208145380020142,0.4562073349952698,-0.0013915140880271792,0.5198789238929749,0.4555004835128784,-0.0023241573944687843,0.5190094113349915,0.45476222038269043,-0.003257668111473322,0.513612687587738,0.4531465172767639,-0.004971678834408522,0.4806423783302307,0.43694475293159485,-0.005777101032435894,0.5323193073272705,0.3750968873500824,-0.020873963832855225,0.5220637917518616,0.35502055287361145,-0.015550673007965088,0.5167406797409058,0.3562069237232208,-0.015384327620267868,0.5217748880386353,0.45691341161727905,-0.0001162404878414236,0.4797056019306183,0.4572056531906128,0.008127502165734768,0.5304012894630432,0.3545341491699219,-0.02121383510529995,0.5275737047195435,0.4871666729450226,0.008514649234712124,0.5497092604637146,0.3896370828151703,-0.030865304172039032,0.5410557389259338,0.38148656487464905,-0.0281283650547266,0.5468477606773376,0.37854906916618347,-0.0276319719851017,0.5322007536888123,0.40206465125083923,-0.022945795208215714,0.5495239496231079,0.4971138834953308,0.014122332446277142,0.5491073131561279,0.4879223108291626,0.011922040022909641,0.5389421582221985,0.4900916516780853,0.009748673066496849,0.5096480846405029,0.472986102104187,0.006329703144729137,0.5174182057380676,0.4264240264892578,-0.010646532289683819,0.5178428292274475,0.4812518060207367,0.007994985207915306,0.4999769330024719,0.4283023774623871,-0.013762085698544979,0.5113412141799927,0.43675586581230164,-0.009812508709728718,0.4935995936393738,0.44316309690475464,-0.007890397682785988,0.537915825843811,0.49960851669311523,0.011083701625466347,0.5270748138427734,0.40678244829177856,-0.018714549019932747,0.5037844181060791,0.48066946864128113,0.011661330237984657,0.5144785046577454,0.48868656158447266,0.013182873837649822,0.5031367540359497,0.4632331132888794,0.001631839433684945,0.4697421193122864,0.4464755356311798,0.00903827603906393,0.49261274933815,0.46627315878868103,0.005314085632562637,0.4620826840400696,0.4518445134162903,0.023560108616948128,0.5055167078971863,0.4482002258300781,-0.006644496228545904,0.5301750898361206,0.3923519253730774,-0.020548084750771523,0.5381882190704346,0.4238949716091156,-0.028675386682152748,0.5322535037994385,0.4250413775444031,-0.021924972534179688,0.5424322485923767,0.41769540309906006,-0.03269016370177269,0.5168048143386841,0.34682098031044006,-0.020771808922290802,0.505667507648468,0.34210437536239624,-0.025845451280474663,0.495318204164505,0.3421366214752197,-0.02826453559100628,0.4863169193267822,0.34541240334510803,-0.028010547161102295,0.4794609248638153,0.35099005699157715,-0.02569846250116825,0.4741966724395752,0.36798161268234253,-0.015102921985089779,0.4478990137577057,0.3931734561920166,0.010051536373794079,0.4831378757953644,0.3818838596343994,-0.015933219343423843,0.49223271012306213,0.3840841054916382,-0.01689724251627922,0.5021077394485474,0.3822154998779297,-0.01643974892795086,0.5102674961090088,0.37822723388671875,-0.015258661471307278,0.5161110162734985,0.3741145431995392,-0.013503173366189003,0.5203824639320374,0.37075328826904297,-0.013064982369542122,0.4384855628013611,0.3884871304035187,0.03175344690680504,0.5313339829444885,0.42633846402168274,-0.01837511733174324,0.5383120179176331,0.39636296033859253,-0.027650782838463783,0.5447059869766235,0.424548476934433,-0.03135994076728821,0.5465562343597412,0.42768484354019165,-0.026640770956873894,0.5433062314987183,0.42565953731536865,-0.028265761211514473,0.5323309898376465,0.42798468470573425,-0.014748713932931423,0.5486859083175659,0.42825374007225037,-0.02773379348218441,0.5477720499038696,0.4292525351047516,-0.019713256508111954,0.5189153552055359,0.363321989774704,-0.012337236665189266,0.523589551448822,0.3651476800441742,-0.013769436627626419,0.5275530219078064,0.3671186864376068,-0.01654667593538761,0.4841196835041046,0.3613952696323395,-0.019426504150032997,0.479388952255249,0.3583255410194397,-0.020545614883303642,0.5540764927864075,0.38930732011795044,-0.026277227327227592,0.5705327391624451,0.34238532185554504,0.016453411430120468,0.5576910972595215,0.42455533146858215,-0.017001479864120483,0.580575704574585,0.2976534962654114,0.046689774841070175,0.5559251308441162,0.3572777211666107,0.004933258984237909,0.5620883107185364,0.35605934262275696,0.007811219897121191,0.5676694512367249,0.35383617877960205,0.01154235377907753,0.5721127986907959,0.3450174927711487,0.019155234098434448,0.5510924458503723,0.35655051469802856,0.0029874208848923445,0.5646181702613831,0.32866084575653076,0.0024239022750407457,0.557568371295929,0.331428587436676,-0.0009134892025031149,0.5703515410423279,0.3285936713218689,0.007109685335308313,0.5733000040054321,0.3309144973754883,0.01129322312772274,0.577508270740509,0.35025954246520996,0.024814249947667122,0.5647663474082947,0.4808019697666168,0.027441242709755898,0.5715038180351257,0.33886510133743286,0.019032318145036697,0.5848701000213623,0.3377310633659363,0.058297183364629745,0.5802522897720337,0.3408297300338745,0.03212806209921837,0.5710819959640503,0.3988562822341919,0.007116363383829594,0.5568711161613464,0.44541671872138977,-0.006054188124835491,0.5552329421043396,0.4522145688533783,-0.0019456194713711739,0.5609498620033264,0.44403356313705444,0.00092823535669595,0.563278317451477,0.4434453248977661,0.008348263800144196,0.5587876439094543,0.44966042041778564,0.0029478759970515966,0.5612263679504395,0.44758278131484985,0.009254210628569126,0.567923903465271,0.4520513415336609,0.02418019436299801,0.5597050786018372,0.4218147397041321,-0.029307765886187553,0.5602071285247803,0.4129234850406647,-0.03232178837060928,0.5816328525543213,0.32209283113479614,0.014427263289690018,0.5575960278511047,0.37882328033447266,-0.0021250061690807343,0.5657777786254883,0.4115057587623596,-0.009440348483622074,0.5644445419311523,0.4056771695613861,-0.008175882510840893,0.584945797920227,0.39001283049583435,0.022150957956910133,0.5573362708091736,0.4005095362663269,-0.030221469700336456,0.5727688074111938,0.3177812099456787,-0.004084873013198376,0.5787201523780823,0.3180939555168152,0.004942766856402159,0.5783994793891907,0.2836233973503113,0.028779365122318268,0.5498263239860535,0.3331199586391449,-0.01805141195654869,0.5515100955963135,0.33671829104423523,-0.0008842492243275046,0.5714525580406189,0.4422866106033325,0.02575000561773777,0.5760557055473328,0.41840195655822754,0.09105734527111053,0.562414824962616,0.41821688413619995,-0.008071144111454487,0.5588823556900024,0.4228970408439636,-0.010049784556031227,0.5659666061401367,0.44315165281295776,0.02328229881823063,0.5648878812789917,0.44419682025909424,0.020220955833792686,0.5804824233055115,0.3104872703552246,0.007586024701595306,0.5649170875549316,0.4143170714378357,-0.0053942278027534485,0.5634375810623169,0.3217494487762451,-0.012168408371508121,0.5644463300704956,0.31351202726364136,-0.014827861450612545,0.563162088394165,0.26961448788642883,-0.008847808465361595,0.5802032947540283,0.2957271337509155,0.016122156754136086,0.564647912979126,0.29041588306427,-0.01311683189123869,0.5831975936889648,0.31573984026908875,0.020076312124729156,0.5828449726104736,0.30652645230293274,0.0318816676735878,0.556290864944458,0.449113130569458,-0.004577868152409792,0.5599672198295593,0.4470248818397522,0.001795414136722684,0.562350332736969,0.4455093741416931,0.008287369273602962,0.561163604259491,0.4200197458267212,-0.007273270282894373,0.5654247403144836,0.4436851739883423,0.021522659808397293,0.5637950301170349,0.44765201210975647,0.01713169738650322,0.5643330812454224,0.44472211599349976,0.0197868924587965,0.562384843826294,0.41806602478027344,-0.017622262239456177,0.5601553916931152,0.44935575127601624,0.010469836182892323,0.5576061606407166,0.4518009424209595,0.005885579623281956,0.5540710687637329,0.4544152617454529,0.0016230875626206398,0.5557549595832825,0.47665905952453613,0.01218192745000124,0.5551689863204956,0.4663022756576538,0.0046737235970795155,0.5553256869316101,0.46185293793678284,0.002850033575668931,0.5547103881835938,0.4577327072620392,0.003055417211726308,0.5535387992858887,0.4543894827365875,0.002630171598866582,0.5597898960113525,0.4493623971939087,0.011248593218624592,0.5609853267669678,0.45042601227760315,0.011196563020348549,0.5619751811027527,0.45198726654052734,0.011392234824597836,0.5625931024551392,0.4540574550628662,0.013617396354675293,0.5687808990478516,0.43314623832702637,0.00991631206125021,0.5786561965942383,0.3728067874908447,0.09296593815088272,0.5618643164634705,0.4472324550151825,0.016255903989076614,0.562933623790741,0.4473640024662018,0.016376078128814697,0.5570942759513855,0.4270898401737213,-0.009126828983426094,0.5630391240119934,0.4194682538509369,-0.001021231641061604,0.5579822659492493,0.42515429854393005,-0.009938648901879787,0.562913179397583,0.381771981716156,0.0036764463875442743,0.572623610496521,0.3847784399986267,0.010053770616650581,0.5645147562026978,0.4085463583469391,-0.003740511601790786,0.5734503269195557,0.2738286852836609,0.009676446206867695,0.574728786945343,0.28970104455947876,0.0013332704547792673,0.5740934610366821,0.30906766653060913,-0.004119817167520523,0.5650857090950012,0.4606243371963501,0.02059350162744522,0.5518552660942078,0.320309579372406,-0.022432032972574234,0.551866888999939,0.29428157210350037,-0.02362600341439247,0.5494920611381531,0.2695372700691223,-0.02269766293466091,0.5710154175758362,0.3500140607357025,0.01587357185781002,0.5829524993896484,0.3552953004837036,0.031523872166872025,0.5481334924697876,0.3553660213947296,0.002329173730686307,0.5773586630821228,0.332635760307312,0.019320329651236534,0.5542774796485901,0.3747214078903198,-0.006710672751069069,0.5649064779281616,0.4108175039291382,-0.017386766150593758,0.5887832641601562,0.35913926362991333,0.042775414884090424,0.5828553438186646,0.3645137548446655,0.025878293439745903,0.5783349275588989,0.37156763672828674,0.01765933446586132,0.567878246307373,0.3736010491847992,0.010688010603189468,0.5595278143882751,0.371873676776886,0.005418949760496616,0.5540703535079956,0.36955490708351135,0.0003172857395838946,0.5484663248062134,0.36638543009757996,-0.019211629405617714,0.5908188819885254,0.37871044874191284,0.044702913612127304,0.5809133052825928,0.32987362146377563,0.02344692312180996,0.5570392608642578,0.42628222703933716,-0.02588721551001072,0.5590822100639343,0.38956418633461,-0.0031992169097065926,0.579589307308197,0.33306193351745605,0.08004111796617508,0.5501829385757446,0.36657530069351196,-0.003332805586978793,0.5633813142776489,0.40774059295654297,0.0025113625451922417,0.5733746886253357,0.3385113477706909,0.0213092640042305,0.562971293926239,0.403702050447464,-0.015997866168618202,0.5780674815177917,0.39459356665611267,0.09381813555955887,0.5471367239952087,0.3517988324165344,0.0033295704051852226,0.5605833530426025,0.40117260813713074,-0.024255968630313873,0.5763331651687622,0.44904908537864685,0.056077271699905396,0.5718511939048767,0.4559342563152313,0.0693226158618927,0.5874537825584412,0.375569611787796,0.06970206648111343,0.5804000496864319,0.43397536873817444,0.06455380469560623,0.5839073061943054,0.32082599401474,0.04666770622134209,0.5643322467803955,0.48736023902893066,0.033777426928281784,0.555009663105011,0.42779800295829773,-0.01741669699549675,0.5634600520133972,0.3939657211303711,0.002023707376793027,0.5823072195053101,0.34052351117134094,0.040607016533613205,0.5665421485900879,0.348314106464386,0.010955165140330791,0.5616093873977661,0.3509204387664795,0.007746991701424122,0.5644740462303162,0.4482453465461731,0.019101519137620926,0.589637815952301,0.3965054452419281,0.04975316673517227,0.5563997626304626,0.5020787715911865,0.03319127485156059,0.564934492111206,0.48235762119293213,0.04998369887471199,0.5677497386932373,0.4711111783981323,0.058634500950574875,0.5561796426773071,0.35187017917633057,0.005347214639186859,0.5512068271636963,0.351783812046051,0.0043009063228964806,0.5483449697494507,0.3519718050956726,0.004148080945014954,0.5825639367103577,0.3257124125957489,0.03092189133167267,0.551162600517273,0.3424833118915558,0.002138610929250717,0.5561454892158508,0.33776921033859253,0.0026973229832947254,0.5619874596595764,0.3354732394218445,0.004946780391037464,0.5669581890106201,0.33536046743392944,0.008678036741912365,0.5695179104804993,0.3366718590259552,0.01215522363781929,0.5811269283294678,0.3131968379020691,0.06469274312257767,0.569171667098999,0.34528693556785583,0.014130666851997375,0.5649758577346802,0.43147286772727966,0.003321476746350527,0.5631141662597656,0.41738757491111755,-0.011178203858435154,0.5575449466705322,0.4340575635433197,-0.006771777290850878,0.5715005993843079,0.4632962942123413,0.04933936893939972,0.5676918625831604,0.47500213980674744,0.04205119609832764,0.5585510730743408,0.4979439973831177,0.025160586461424828,0.5740973353385925,0.439238965511322,0.0815117210149765,0.548380970954895,0.34825584292411804,0.0027692620642483234,0.55440354347229,0.38132745027542114,-0.016750572249293327,0.5617568492889404,0.49314022064208984,0.04097270593047142,0.5860670208930969,0.39544329047203064,0.07186546176671982,0.5571399927139282,0.45183590054512024,0.00682793790474534,0.5584651827812195,0.45405513048171997,0.007037658244371414,0.5592954158782959,0.45699989795684814,0.0072149294428527355,0.5596256256103516,0.4608735144138336,0.009263435378670692,0.5613089203834534,0.469238817691803,0.01632292941212654,0.5631204843521118,0.44574663043022156,0.015150885097682476,0.5640482902526855,0.444405734539032,0.015826456248760223,0.564895510673523,0.4430799186229706,0.01616271771490574,0.5711758732795715,0.43669557571411133,0.01791982538998127,0.5872032046318054,0.4062654376029968,0.0342494361102581,0.551249086856842,0.37009134888648987,-0.01265744585543871,0.545545756816864,0.34657764434814453,-0.005189660005271435,0.5471236109733582,0.34586063027381897,-0.00038275489350780845,0.5620049834251404,0.44723275303840637,0.015805108472704887,0.5835638642311096,0.4250452518463135,0.04849598556756973,0.5445140600204468,0.34933099150657654,-0.014994890429079533,0.5629015564918518,0.4743938148021698,0.022061139345169067,0.551563560962677,0.3786318600177765,-0.02392439730465412,0.5591754913330078,0.39482825994491577,-0.012761600315570831,0.5570481419563293,0.4834751784801483,0.01627751812338829,0.5711467266082764,0.45284730195999146,0.03018743172287941,0.5679007768630981,0.41275733709335327,0.007221241947263479,0.5670784115791321,0.4641823172569275,0.026804093271493912,0.57976895570755,0.40591487288475037,0.014983813278377056,0.5730825662612915,0.4194507598876953,0.012648378498852253,0.5825620889663696,0.4171316921710968,0.024891505017876625,0.558871328830719,0.49156901240348816,0.019816063344478607,0.5606111884117126,0.3978843688964844,-0.005971463397145271,0.5731815695762634,0.4562816619873047,0.03933615982532501,0.56836998462677,0.46862632036209106,0.034402694553136826,0.5754996538162231,0.4409061372280121,0.030659392476081848,0.5868649482727051,0.4114910066127777,0.05422621965408325,0.5793396830558777,0.4383099377155304,0.03913406282663345,0.5836077928543091,0.4145599603652954,0.0721617266535759,0.576068103313446,0.4278971254825592,0.019998058676719666,0.5565682649612427,0.38531243801116943,-0.0094985356554389,0.564103364944458,0.4159526824951172,-0.018793029710650444,0.5649795532226562,0.41555389761924744,-0.01066314335912466,0.5630903244018555,0.4115586578845978,-0.024825558066368103,0.550214409828186,0.3364638686180115,-0.006450765300542116,0.559951663017273,0.3282933831214905,-0.004573698155581951,0.5683720707893372,0.3252248764038086,-0.00030733016319572926,0.5744014978408813,0.3251247704029083,0.005760034080594778,0.5772611498832703,0.32757803797721863,0.0120199304074049,0.5765179991722107,0.3399863839149475,0.02541089616715908,0.5868921279907227,0.3563903272151947,0.0650654286146164,0.5761783123016357,0.3560214340686798,0.021037908270955086,0.572155237197876,0.361401230096817,0.01533727440983057,0.5646964907646179,0.36384317278862,0.010059600695967674,0.5571904182434082,0.36376476287841797,0.005587367340922356,0.5519276857376099,0.3625086545944214,0.002216634340584278,0.5486420392990112,0.36110827326774597,-0.0002591920201666653,0.5784137845039368,0.3526972532272339,0.08867337554693222,0.5639451742172241,0.4170836806297302,-0.0073356619104743,0.5571366548538208,0.39122650027275085,-0.01966141350567341,0.5623730421066284,0.4187676012516022,-0.02504722960293293,0.5588452219963074,0.42342257499694824,-0.022974973544478416,0.5613583326339722,0.41967883706092834,-0.021813523024320602,0.5624222755432129,0.4197218120098114,-0.005508709233254194,0.5584039688110352,0.4249711334705353,-0.02475661039352417,0.5565394163131714,0.4264846444129944,-0.017202012240886688,0.5461556315422058,0.3531615138053894,0.001180244144052267,0.5457244515419006,0.35713139176368713,-0.0036953496746718884,0.5467057228088379,0.36052405834198,-0.008166054263710976,0.5707678198814392,0.33786240220069885,0.015330224297940731,0.5743811130523682,0.3337351977825165,0.01636412926018238,0.49453839659690857,0.36165863275527954,-0.01817619800567627,0.5022537708282471,0.35990363359451294,-0.01817619800567627,0.4934203028678894,0.3507291376590729,-0.01817619800567627,0.4866507053375244,0.3633841276168823,-0.01817619800567627,0.49568361043930054,0.37251943349838257,-0.01817619800567627,0.5570653676986694,0.3438418507575989,0.008384986780583858,0.5633405447006226,0.3423005938529968,0.008384986780583858,0.5557637810707092,0.3346777558326721,0.008384986780583858,0.5508272051811218,0.3454720377922058,0.008384986780583858,0.5584979057312012,0.3531656861305237,0.008384986780583858
1133.3333333333335,0.5495287775993347,0.4495491683483124,-0.008984250947833061,0.5543338060379028,0.4247727394104004,-0.03110799752175808,0.5494565367698669,0.43080970644950867,-0.013073842041194439,0.5431922078132629,0.3928949236869812,-0.030997799709439278,0.5541288256645203,0.415763795375824,-0.0347176194190979,0.5515318512916565,0.40237870812416077,-0.034407634288072586,0.5425553321838379,0.3667755722999573,-0.024666042998433113,0.4849112927913666,0.36742788553237915,-0.018242841586470604,0.5383720993995667,0.33807170391082764,-0.02491864562034607,0.5376019477844238,0.32468491792678833,-0.02900124341249466,0.5299235582351685,0.27366623282432556,-0.03231148049235344,0.549386203289032,0.4523196816444397,-0.007458663545548916,0.54880690574646,0.45499539375305176,-0.004958309233188629,0.5480268001556396,0.45687222480773926,-0.0011768252588808537,0.5475738644599915,0.4568409323692322,-0.00021386289154179394,0.5481593608856201,0.460812509059906,0.00022528221597895026,0.5483717322349548,0.46531710028648376,3.27845336869359e-05,0.5480218529701233,0.4698789715766907,0.0022637697402387857,0.547806978225708,0.48050805926322937,0.010054630227386951,0.5531131625175476,0.4285638928413391,-0.02721961960196495,0.544698178768158,0.42917531728744507,-0.02038387395441532,0.44310232996940613,0.3277316391468048,-0.007170356810092926,0.5075140595436096,0.37277328968048096,-0.017389435321092606,0.500874400138855,0.375129371881485,-0.01901421882212162,0.4936477243900299,0.3761318325996399,-0.019400710240006447,0.48172685503959656,0.3706270158290863,-0.017511891201138496,0.5127319097518921,0.3695944547653198,-0.014725346118211746,0.49422723054885864,0.34499573707580566,-0.02585122175514698,0.5026012659072876,0.3448721766471863,-0.02330072782933712,0.48660919070243835,0.34823471307754517,-0.0254424549639225,0.481486976146698,0.3531576693058014,-0.023813657462596893,0.47643962502479553,0.37801575660705566,-0.014673486351966858,0.524261474609375,0.49639689922332764,0.012446240521967411,0.4809916019439697,0.36399397253990173,-0.017295660451054573,0.44569841027259827,0.37251797318458557,0.00433520320802927,0.4657347798347473,0.37164008617401123,-0.012239493429660797,0.5097697973251343,0.4157964289188385,-0.014965645037591457,0.5412685871124268,0.449401319026947,-0.011166227050125599,0.5409330725669861,0.4558958411216736,-0.0065921759232878685,0.5319122076034546,0.4522337317466736,-0.010027782060205936,0.5246602296829224,0.4539629817008972,-0.006982177030295134,0.5330047607421875,0.45639511942863464,-0.006507334765046835,0.5261631011962891,0.4565257132053375,-0.003600990865379572,0.5145761370658875,0.4684087336063385,0.0042358203791081905,0.5491653084754944,0.4258497953414917,-0.03212466463446617,0.548145592212677,0.4170700013637543,-0.03577094525098801,0.47202521562576294,0.3482915163040161,-0.027536600828170776,0.5209580063819885,0.38884246349334717,-0.01666869968175888,0.5286006927490234,0.4226176142692566,-0.02260800637304783,0.5267179012298584,0.41658908128738403,-0.021806631237268448,0.48569148778915405,0.41739046573638916,-0.014854484237730503,0.5457873344421387,0.4043882191181183,-0.03472741320729256,0.49199527502059937,0.335715651512146,-0.03363335505127907,0.480671763420105,0.3404710590839386,-0.031821951270103455,0.4534669518470764,0.31016677618026733,-0.019768165424466133,0.5238015651702881,0.3400324881076813,-0.028249338269233704,0.5095919966697693,0.34839963912963867,-0.01898293010890484,0.5089808106422424,0.46095553040504456,0.0012950843665748835,0.45584410429000854,0.4552296996116638,0.04195613041520119,0.5332744717597961,0.4272061586380005,-0.017656506970524788,0.5387744307518005,0.42883408069610596,-0.014776600524783134,0.5137248039245605,0.455834299325943,0.0023072983603924513,0.5153852105140686,0.4562332034111023,0.0018917807610705495,0.47557663917541504,0.33476772904396057,-0.0315067321062088,0.5270748138427734,0.4252724051475525,-0.018246226012706757,0.5062161087989807,0.3349456489086151,-0.032599471509456635,0.5048869252204895,0.3274141550064087,-0.03582959994673729,0.4885869324207306,0.28489601612091064,-0.037127040326595306,0.46576476097106934,0.3226596713066101,-0.02703888900578022,0.49831241369247437,0.3058420419692993,-0.03737228363752365,0.46566689014434814,0.3438781201839447,-0.024783562868833542,0.45543810725212097,0.33681240677833557,-0.0167988333851099,0.541130542755127,0.45295363664627075,-0.009629504755139351,0.5325157046318054,0.4543977975845337,-0.0084515530616045,0.5254479646682739,0.4552422761917114,-0.005657011177390814,0.5344285368919373,0.42816033959388733,-0.015146765857934952,0.5145981311798096,0.4560391306877136,0.0021761064417660236,0.5192115902900696,0.4589168131351471,0.0010679397964850068,0.5161840319633484,0.4564036726951599,0.0019819498993456364,0.538816511631012,0.4259487986564636,-0.02656339854001999,0.5265714526176453,0.4575474262237549,-0.001671620993874967,0.5333127975463867,0.4578236937522888,-0.0029319662135094404,0.540674090385437,0.4577704071998596,-0.0030760832596570253,0.5392103791236877,0.4821884334087372,0.007804989814758301,0.5398462414741516,0.4709779620170593,-8.292361599160358e-05,0.5402588844299316,0.4663356840610504,-0.002161651849746704,0.5404402017593384,0.4617694020271301,-0.001905860030092299,0.5404356122016907,0.4579384922981262,-0.0021213525906205177,0.526481032371521,0.45793429017066956,-0.000898520986083895,0.5257837176322937,0.45965805649757385,-0.000877046084497124,0.5248352885246277,0.4619537591934204,-0.0011254319688305259,0.5239920616149902,0.4645128548145294,4.948960486217402e-05,0.519195556640625,0.4476288855075836,-0.007968869060277939,0.4403369724750519,0.40986552834510803,0.037662822753190994,0.5515251755714417,0.42987269163131714,-0.018346106633543968,0.5212571024894714,0.45733606815338135,0.0007885797531343997,0.5203251242637634,0.45805659890174866,0.0009081447497010231,0.5411589741706848,0.4317287504673004,-0.013758105225861073,0.5282911062240601,0.4292956590652466,-0.011135398410260677,0.5400606393814087,0.4303446114063263,-0.014498258009552956,0.5139369964599609,0.3950202167034149,-0.015842696651816368,0.5030539035797119,0.40362924337387085,-0.016420114785432816,0.5247132182121277,0.4198377728462219,-0.017760109156370163,0.4680911898612976,0.29569709300994873,-0.030136875808238983,0.4794835150241852,0.31198054552078247,-0.033576738089323044,0.4888675808906555,0.3286060392856598,-0.03528644144535065,0.5216229557991028,0.4747505784034729,0.00448438199236989,0.5215703845024109,0.3275337219238281,-0.03348248451948166,0.5159404277801514,0.3028267025947571,-0.03665068373084068,0.5084087252616882,0.27812352776527405,-0.037448011338710785,0.48643502593040466,0.3747981786727905,-0.01860920526087284,0.46884286403656006,0.38618746399879456,-0.012203547172248363,0.5160738229751587,0.3668724596500397,-0.013472938910126686,0.4743146300315857,0.3591236174106598,-0.02100394107401371,0.5259683132171631,0.38262102007865906,-0.018435731530189514,0.5343344807624817,0.42023274302482605,-0.02807912603020668,0.4596375524997711,0.3933839499950409,-0.006652080453932285,0.47646456956863403,0.3932288885116577,-0.01512336265295744,0.48800450563430786,0.3960171043872833,-0.017167143523693085,0.5020961165428162,0.3919517993927002,-0.01600048691034317,0.5111914277076721,0.3861011266708374,-0.0148502541705966,0.5176212787628174,0.3808235824108124,-0.014902344904839993,0.5364108681678772,0.3700299561023712,-0.02443423867225647,0.46312403678894043,0.41376540064811707,-0.0043131522834300995,0.4678458869457245,0.35871657729148865,-0.020592710003256798,0.5498931407928467,0.4292348325252533,-0.028077363967895508,0.5238890647888184,0.39923882484436035,-0.017074743285775185,0.43524736166000366,0.36766326427459717,0.022628407925367355,0.5229081511497498,0.3755340576171875,-0.015316667966544628,0.5222672820091248,0.4191563129425049,-0.01152735948562622,0.47780704498291016,0.3645397126674652,-0.01687057875096798,0.5321689248085022,0.4127752184867859,-0.02692638710141182,0.4459967315196991,0.4324263036251068,0.04109087586402893,0.5147985219955444,0.36366182565689087,-0.013251864351332188,0.5391333103179932,0.4077789783477783,-0.03223240748047829,0.48665064573287964,0.47994422912597656,0.02040337584912777,0.4836128056049347,0.487089604139328,0.03266388550400734,0.44929105043411255,0.4136072099208832,0.016277829185128212,0.4732590615749359,0.46855688095092773,0.02231314778327942,0.44943034648895264,0.35314521193504333,-0.00509985676035285,0.522964596748352,0.5041950941085815,0.017541565001010895,0.5489200949668884,0.4301445484161377,-0.01867835223674774,0.51756352186203,0.4065132439136505,-0.015072429552674294,0.4577740430831909,0.37342333793640137,-0.008134864270687103,0.49407294392585754,0.3707317113876343,-0.019531337544322014,0.5005306005477905,0.3700734078884125,-0.019237713888287544,0.5181165337562561,0.4599190354347229,0.0017424103571102023,0.46559372544288635,0.432017058134079,0.002767785917967558,0.5342189073562622,0.5115799903869629,0.024432197213172913,0.5112650990486145,0.5040472745895386,0.026809021830558777,0.49926379323005676,0.4974796772003174,0.029105298221111298,0.5343061089515686,0.2995910048484802,-0.03196346387267113,0.5461548566818237,0.5090779066085815,0.027734532952308655,0.5058561563491821,0.3679800033569336,-0.01770353876054287,0.5105918049812317,0.36550402641296387,-0.01556369848549366,0.5136083364486694,0.3643513321876526,-0.013735891319811344,0.4603356122970581,0.3563975989818573,-0.016487909480929375,0.507947564125061,0.35537755489349365,-0.018211353570222855,0.5015234351158142,0.35223156213760376,-0.02096077799797058,0.49527114629745483,0.3526245653629303,-0.022553347051143646,0.4890593886375427,0.35539472103118896,-0.0225504282861948,0.485196977853775,0.3588906228542328,-0.021289609372615814,0.4372496008872986,0.3457876443862915,0.008277916349470615,0.4889832139015198,0.3695484399795532,-0.01898428052663803,0.5490134358406067,0.43704867362976074,-0.010132054798305035,0.5267342925071716,0.4425126612186432,-0.010224544443190098,0.5340473651885986,0.42655596137046814,-0.020389029756188393,0.5405157208442688,0.43927937746047974,-0.012215608730912209,0.5392748713493347,0.3515482544898987,-0.022669948637485504,0.49965351819992065,0.48991692066192627,0.020759321749210358,0.5110601186752319,0.49723324179649353,0.01983053795993328,0.5355650782585144,0.5075480341911316,0.016750523820519447,0.4692178964614868,0.4736332893371582,0.03799448534846306,0.5126665830612183,0.360651433467865,-0.01544719934463501,0.5344172120094299,0.387177437543869,-0.024677395820617676,0.5477466583251953,0.5049487948417664,0.02022198960185051,0.5229924917221069,0.509349524974823,0.024063853546977043,0.45369669795036316,0.4337780177593231,0.02097783423960209,0.5331990718841553,0.4581843614578247,-0.002041769912466407,0.532674252986908,0.4611756205558777,-0.002074959920719266,0.5321537256240845,0.4647829830646515,-0.0023850479628890753,0.5317039489746094,0.4689815640449524,-0.0008136578253470361,0.529801607131958,0.4797922372817993,0.004911832977086306,0.5202412605285645,0.4563436210155487,-0.0009975787252187729,0.5193061828613281,0.45564016699790955,-0.001928006182424724,0.5184377431869507,0.4548998177051544,-0.0028614127077162266,0.51279217004776,0.4538513422012329,-0.004586255177855492,0.4795216917991638,0.4373931288719177,-0.005443627014756203,0.5312479734420776,0.3757634162902832,-0.021044781431555748,0.5211523771286011,0.3554500639438629,-0.015876363962888718,0.515731930732727,0.35658958554267883,-0.01569714955985546,0.5212002396583557,0.4570395350456238,0.0002854448393918574,0.4786013662815094,0.457494854927063,0.008646423928439617,0.529577910900116,0.35503464937210083,-0.02154530957341194,0.526505172252655,0.48766183853149414,0.00923751201480627,0.5485389828681946,0.3905974328517914,-0.030933130532503128,0.5399215221405029,0.38231757283210754,-0.028272371739149094,0.545706570148468,0.379401832818985,-0.0278036966919899,0.5311061143875122,0.4028625786304474,-0.022901179268956184,0.548345685005188,0.49782299995422363,0.01493055373430252,0.547946572303772,0.48849958181381226,0.012668302282691002,0.5378252267837524,0.49062013626098633,0.010519605129957199,0.5086314082145691,0.47348925471305847,0.006918749772012234,0.5164119005203247,0.4271352291107178,-0.010411824099719524,0.5168032646179199,0.4817291796207428,0.008653649128973484,0.4989033639431,0.42892321944236755,-0.013493722304701805,0.5103386640548706,0.43744227290153503,-0.009520797058939934,0.49252426624298096,0.44372013211250305,-0.00749802915379405,0.5367352962493896,0.5002647638320923,0.011929352767765522,0.5260262489318848,0.40752872824668884,-0.018618976697325706,0.502653181552887,0.48110431432724,0.012339268811047077,0.5133472681045532,0.48916733264923096,0.013937849551439285,0.5021578073501587,0.4637846052646637,0.002170173916965723,0.4685886800289154,0.4467321038246155,0.00948640052229166,0.4915306866168976,0.46667617559432983,0.0058786990121006966,0.46081364154815674,0.45195072889328003,0.024096159264445305,0.5045554637908936,0.4488625228404999,-0.006256983615458012,0.5290840864181519,0.3930632174015045,-0.020573917776346207,0.5370447039604187,0.424815833568573,-0.028501221910119057,0.5311701893806458,0.425916850566864,-0.021723607555031776,0.5412455797195435,0.41870394349098206,-0.03255781903862953,0.5157455205917358,0.3470401167869568,-0.021148476749658585,0.5043827295303345,0.34216681122779846,-0.026233188807964325,0.4939677119255066,0.3422565162181854,-0.028626345098018646,0.4849708080291748,0.3455999493598938,-0.028347397223114967,0.478189617395401,0.3512015640735626,-0.02600986324250698,0.4729743003845215,0.3680977523326874,-0.015271530486643314,0.44647154211997986,0.39327549934387207,0.010126500390470028,0.48189467191696167,0.38212332129478455,-0.016001246869564056,0.4909937381744385,0.3843865990638733,-0.0169657114893198,0.5009320974349976,0.3825695216655731,-0.016520434990525246,0.5091787576675415,0.37861427664756775,-0.015352052636444569,0.5150924324989319,0.3745568096637726,-0.013674530200660229,0.5194265842437744,0.37124496698379517,-0.013263125903904438,0.43707209825515747,0.3883759081363678,0.03176423907279968,0.5302757620811462,0.4271847903728485,-0.018161915242671967,0.5371754169464111,0.3972368836402893,-0.027649162337183952,0.5435009598731995,0.42552655935287476,-0.031190210953354836,0.5453494787216187,0.4286094307899475,-0.026457615196704865,0.5421249866485596,0.42657822370529175,-0.028090493753552437,0.5312818884849548,0.42881712317466736,-0.014525532722473145,0.5474643707275391,0.42921268939971924,-0.02754480205476284,0.5465660095214844,0.4301656186580658,-0.019511498510837555,0.517895519733429,0.36370956897735596,-0.01260362844914198,0.5226974487304688,0.3656620979309082,-0.014025473967194557,0.5266926884651184,0.36768651008605957,-0.01678887940943241,0.4829101264476776,0.3616032898426056,-0.019617699086666107,0.47817832231521606,0.35850441455841064,-0.02075348049402237,0.5528842806816101,0.39025166630744934,-0.02635897509753704,0.5699043869972229,0.34243136644363403,0.015942201018333435,0.556410551071167,0.42548424005508423,-0.016837509348988533,0.580018162727356,0.29768311977386475,0.04584141820669174,0.5549132227897644,0.3577609956264496,0.004561338573694229,0.5611825585365295,0.35644033551216125,0.007405923213809729,0.5668679475784302,0.3541308641433716,0.011099793016910553,0.5712869167327881,0.34502607583999634,0.01865219511091709,0.55005943775177,0.3571088910102844,0.0026087865699082613,0.5639791488647461,0.3289070427417755,0.0018772195326164365,0.556800901889801,0.3318449556827545,-0.0014393692836165428,0.5697725415229797,0.3287019729614258,0.006536587607115507,0.5726854205131531,0.33096352219581604,0.010713440366089344,0.5765339732170105,0.350330650806427,0.02431866154074669,0.5635337829589844,0.48138707876205444,0.028056295588612556,0.5708339810371399,0.3388025164604187,0.01848401129245758,0.5844480991363525,0.33772996068000793,0.05767369270324707,0.5791497230529785,0.3407030701637268,0.03154405578970909,0.5698084831237793,0.3995458483695984,0.007032960187643766,0.5554953217506409,0.4457196593284607,-0.00576507393270731,0.5539510250091553,0.4524800181388855,-0.0016158295329660177,0.5595280528068542,0.4444338083267212,0.0011776835890486836,0.561830461025238,0.4438883662223816,0.008540662005543709,0.5574475526809692,0.44998055696487427,0.0032230555079877377,0.5598636269569397,0.4479599595069885,0.00948204006999731,0.5666539072990417,0.45260119438171387,0.024434581398963928,0.5584059953689575,0.4228738248348236,-0.029171070083975792,0.5589455366134644,0.4140242338180542,-0.032240066677331924,0.5810676217079163,0.3217158615589142,0.013676664792001247,0.5563501715660095,0.37944114208221436,-0.0023338531609624624,0.564440131187439,0.4123932719230652,-0.00937334168702364,0.5631071329116821,0.4065289795398712,-0.008139463141560555,0.5837783813476562,0.3905884921550751,0.02189846709370613,0.5561152100563049,0.4015549123287201,-0.03022066503763199,0.5724109411239624,0.3175927400588989,-0.004836719948798418,0.5783406496047974,0.3177770674228668,0.004142852034419775,0.5777599811553955,0.28380900621414185,0.02783229574561119,0.548969030380249,0.3336217701435089,-0.018613887950778008,0.5506099462509155,0.33727043867111206,-0.0013578557409346104,0.5702022314071655,0.4429192543029785,0.02591572515666485,0.5753400325775146,0.4183807373046875,0.09118647873401642,0.5610823035240173,0.4191022515296936,-0.007948680780827999,0.5575883388519287,0.42378634214401245,-0.009895015507936478,0.5645886659622192,0.4435901939868927,0.02343400940299034,0.5635219812393188,0.4446313679218292,0.020385168492794037,0.5800650715827942,0.3100690245628357,0.006729749962687492,0.5635814666748047,0.4151597023010254,-0.005303990561515093,0.5629140138626099,0.32179516553878784,-0.012836909852921963,0.5639986395835876,0.31340622901916504,-0.015553371049463749,0.5623250603675842,0.2700933516025543,-0.009823750704526901,0.579453706741333,0.2961965799331665,0.015148664824664593,0.5637189149856567,0.2911205291748047,-0.014052613638341427,0.5825195908546448,0.3153027296066284,0.019278960302472115,0.5821774005889893,0.30683934688568115,0.030992520973086357,0.5549535155296326,0.44940006732940674,-0.004271156620234251,0.5585788488388062,0.44738733768463135,0.002057719975709915,0.560943603515625,0.44591689109802246,0.008496401831507683,0.5598483085632324,0.4208901822566986,-0.00715213967487216,0.5640512704849243,0.44412195682525635,0.02167869545519352,0.5624399185180664,0.4480170011520386,0.017351485788822174,0.5629733204841614,0.4451504051685333,0.019953373819589615,0.5610318779945374,0.41901037096977234,-0.01752343960106373,0.5588385462760925,0.44969332218170166,0.010715149343013763,0.556321918964386,0.45207491517066956,0.00618350226432085,0.552841067314148,0.45464837551116943,0.0019755640532821417,0.554503321647644,0.47713997960090637,0.01279807835817337,0.5540363788604736,0.466580331325531,0.005191500764340162,0.5541330575942993,0.4621112644672394,0.0033116198610514402,0.5534871816635132,0.4579406678676605,0.0034704916179180145,0.5523089170455933,0.45458197593688965,0.0030029849149286747,0.5584650635719299,0.44964051246643066,0.011501580476760864,0.5596570372581482,0.4507184624671936,0.01148243434727192,0.560652494430542,0.452301561832428,0.011712772771716118,0.5612896680831909,0.4543680250644684,0.013945717364549637,0.5674962997436523,0.43392980098724365,0.010039853863418102,0.5782055854797363,0.3726893663406372,0.09275749325752258,0.5605068206787109,0.44757986068725586,0.016451099887490273,0.5615748167037964,0.4477229416370392,0.01659146323800087,0.5558146834373474,0.4279937148094177,-0.00892363116145134,0.5617212057113647,0.42029058933258057,-0.0008786569815129042,0.5566950440406799,0.42605236172676086,-0.009766175411641598,0.5616355538368225,0.38238656520843506,0.003465068293735385,0.5713775753974915,0.3854002058506012,0.009810172952711582,0.5631746649742126,0.40935617685317993,-0.0036854774225503206,0.5727119445800781,0.27414989471435547,0.0086896400898695,0.5738956928253174,0.2902868092060089,0.00036269030533730984,0.573777973651886,0.30873242020606995,-0.0049363477155566216,0.5638006329536438,0.46115222573280334,0.020947590470314026,0.5510967969894409,0.3206777274608612,-0.023096347227692604,0.5508950352668762,0.2950277030467987,-0.024503732100129128,0.5485920906066895,0.2701035141944885,-0.023634739220142365,0.5702376961708069,0.35015228390693665,0.01539550069719553,0.5817282795906067,0.3554280996322632,0.031039802357554436,0.5471252799034119,0.3559746742248535,0.0019451058469712734,0.5765906572341919,0.3325153589248657,0.018689049407839775,0.5530680418014526,0.37536153197288513,-0.006935628596693277,0.5635770559310913,0.41177454590797424,-0.01732259802520275,0.5880653262138367,0.35937991738319397,0.04230451583862305,0.5818195939064026,0.36469000577926636,0.025463536381721497,0.5774176716804504,0.37185800075531006,0.017311271280050278,0.5669509768486023,0.3740765154361725,0.010389057919383049,0.558538019657135,0.3725052773952484,0.00515128206461668,0.5530790090560913,0.3703141510486603,4.0838403947418556e-05,0.5473343133926392,0.36712443828582764,-0.019493745639920235,0.5899429321289062,0.37906426191329956,0.04436967149376869,0.5800473093986511,0.3296235501766205,0.022773953154683113,0.555754542350769,0.42727968096733093,-0.025724202394485474,0.5578005909919739,0.3902680575847626,-0.003301669843494892,0.5792397856712341,0.3328726589679718,0.0795072540640831,0.5492200255393982,0.3674609661102295,-0.0036291182041168213,0.5620417594909668,0.40850022435188293,0.002565983450040221,0.5725420713424683,0.33845528960227966,0.020749283954501152,0.5616536140441895,0.4046178162097931,-0.015972744673490524,0.5775259137153625,0.3945292830467224,0.09377272427082062,0.5461776852607727,0.35235533118247986,0.0029108647722750902,0.5593171119689941,0.40216195583343506,-0.024248559027910233,0.5753151178359985,0.44932442903518677,0.056371722370386124,0.5708255767822266,0.4560546875,0.06969452649354935,0.5868629813194275,0.37567976117134094,0.06939621269702911,0.5794626474380493,0.4341800808906555,0.06472761183977127,0.583360493183136,0.32095059752464294,0.04589531570672989,0.5631491541862488,0.4879818558692932,0.03447989746928215,0.55375075340271,0.4287424683570862,-0.017226217314600945,0.5621574521064758,0.3946593999862671,0.0019440898904576898,0.5809212327003479,0.34036004543304443,0.04000725597143173,0.5658780932426453,0.34856003522872925,0.01049402542412281,0.5608088374137878,0.351253867149353,0.007309729233384132,0.5631228089332581,0.44859540462493896,0.019326109439134598,0.5886722803115845,0.3968796133995056,0.04957503452897072,0.5552448034286499,0.5028870701789856,0.0339813157916069,0.5637519359588623,0.4827769100666046,0.05056643486022949,0.5666261315345764,0.471353679895401,0.059108976274728775,0.5552585124969482,0.3522873520851135,0.004924469627439976,0.5502302646636963,0.35227227210998535,0.0038810346741229296,0.5473636388778687,0.35250893235206604,0.0037177945487201214,0.5815103650093079,0.3254533112049103,0.030220622196793556,0.5502503514289856,0.3429214060306549,0.0016825066413730383,0.5553141236305237,0.33807483315467834,0.0022066484671086073,0.5612736940383911,0.3356723189353943,0.004430628847330809,0.5663250684738159,0.33546143770217896,0.008145692758262157,0.5688934326171875,0.33671265840530396,0.011623420752584934,0.5806772112846375,0.3130866587162018,0.06398814916610718,0.5685560703277588,0.3454361855983734,0.013642353005707264,0.5636863708496094,0.4323028028011322,0.003485702211037278,0.5617667436599731,0.4182905852794647,-0.011083208955824375,0.5563161373138428,0.4349411427974701,-0.006531547289341688,0.5704169869422913,0.463654488325119,0.04977584630250931,0.5665389895439148,0.4754607677459717,0.042627714574337006,0.557367742061615,0.4986844062805176,0.0259782113134861,0.573211133480072,0.4392739236354828,0.08177219331264496,0.5474440455436707,0.3487755358219147,0.0023249394726008177,0.5531987547874451,0.38212472200393677,-0.016910800710320473,0.5605756044387817,0.49377578496932983,0.04166271165013313,0.5853724479675293,0.39557793736457825,0.07173292338848114,0.555853545665741,0.4520527124404907,0.00714008929207921,0.5571779012680054,0.4542989730834961,0.007382750045508146,0.5580275654792786,0.4572758376598358,0.007600418291985989,0.5584011077880859,0.46116581559181213,0.009673633612692356,0.5600152015686035,0.4697457551956177,0.016786444932222366,0.5617416501045227,0.4461723566055298,0.015322583727538586,0.5626402497291565,0.4448446035385132,0.015982428565621376,0.5634662508964539,0.4435320794582367,0.016305524855852127,0.5699046850204468,0.4374223053455353,0.018022282049059868,0.5860846042633057,0.40677323937416077,0.03412191942334175,0.5500787496566772,0.3707798719406128,-0.012911888770759106,0.5445427894592285,0.34731531143188477,-0.005605512298643589,0.5461438298225403,0.34651216864585876,-0.0008317526080645621,0.560655415058136,0.44763055443763733,0.015999363735318184,0.5824971199035645,0.42542412877082825,0.048551250249147415,0.5435742139816284,0.3503120243549347,-0.015376782976090908,0.5616262555122375,0.4749220609664917,0.022609274834394455,0.5503990650177002,0.3794711232185364,-0.024108419194817543,0.5578862428665161,0.39566531777381897,-0.012812787666916847,0.5557953119277954,0.484027624130249,0.016962047666311264,0.5699636340141296,0.4533616900444031,0.030467869713902473,0.5665959715843201,0.4134969413280487,0.007259222213178873,0.5658422112464905,0.4646817445755005,0.02722219005227089,0.57854163646698,0.4065743088722229,0.014908462762832642,0.5718199014663696,0.4201681613922119,0.01268010213971138,0.5813732743263245,0.4177330732345581,0.024882914498448372,0.5576454997062683,0.4922347366809845,0.020555077120661736,0.559287965297699,0.39866703748703003,-0.00599411828443408,0.5720440745353699,0.45673325657844543,0.03967532515525818,0.5671787261962891,0.4691196084022522,0.03489884361624718,0.5743263959884644,0.44147175550460815,0.030822360888123512,0.5858720541000366,0.4118293821811676,0.05418277531862259,0.5782184600830078,0.4387672543525696,0.0392889566719532,0.5828061103820801,0.41471660137176514,0.07219110429286957,0.5748448371887207,0.4285838007926941,0.020051259547472,0.5553210973739624,0.3860541582107544,-0.009627955965697765,0.5627559423446655,0.41691380739212036,-0.018709147348999977,0.5636414289474487,0.4164537489414215,-0.010563785210251808,0.5617832541465759,0.4125898480415344,-0.024771984666585922,0.5493248105049133,0.336986780166626,-0.006955021061003208,0.5592781901359558,0.3285766541957855,-0.005172071512788534,0.5678524374961853,0.3253326117992401,-0.0009571303380653262,0.573908805847168,0.32510656118392944,0.0050825621001422405,0.5766765475273132,0.32747629284858704,0.011338755488395691,0.5755329728126526,0.33985668420791626,0.024835478514432907,0.5864046216011047,0.35643234848976135,0.06459925323724747,0.5752791166305542,0.3561566472053528,0.02059701457619667,0.5712764859199524,0.3616940379142761,0.014934714883565903,0.563746452331543,0.3642802834510803,0.009701038710772991,0.5561510324478149,0.3643188178539276,0.0052800485864281654,0.5508754253387451,0.3631761372089386,0.0018900949507951736,0.547601580619812,0.3618831932544708,-0.000577381462790072,0.5780311822891235,0.35253870487213135,0.08829542994499207,0.562613844871521,0.4179545044898987,-0.0072265206836164,0.5559011101722717,0.3921273648738861,-0.01973423734307289,0.5610396862030029,0.4197774827480316,-0.024936500936746597,0.5575433969497681,0.42438358068466187,-0.022823629900813103,0.5600195527076721,0.42064130306243896,-0.02169720083475113,0.5611042380332947,0.42057374119758606,-0.005373918451368809,0.5571068525314331,0.42595595121383667,-0.02459624968469143,0.5552656650543213,0.42741960287094116,-0.01702660694718361,0.5451678037643433,0.3538176119327545,0.0007866267114877701,0.5446999073028564,0.35797739028930664,-0.004040774889290333,0.5457528829574585,0.36148571968078613,-0.00849153846502304,0.5701331496238708,0.337857723236084,0.01478737685829401,0.5736774206161499,0.33369725942611694,0.01578684337437153,0.49374082684516907,0.36195293068885803,-0.018386077135801315,0.5014784932136536,0.36027050018310547,-0.018386077135801315,0.4926660656929016,0.35107117891311646,-0.018386077135801315,0.4858206510543823,0.36359626054763794,-0.018386077135801315,0.4948335587978363,0.37274280190467834,-0.018386077135801315,0.5563771724700928,0.3438916504383087,0.007906731218099594,0.5627729296684265,0.3423202335834503,0.007906731218099594,0.5550797581672668,0.3346419632434845,0.007906731218099594,0.5499998331069946,0.3455033302307129,0.007906731218099594,0.5577840209007263,0.35325515270233154,0.007906731218099594
1166.6666666666667,0.5485328435897827,0.4496484398841858,-0.009378147311508656,0.5534486174583435,0.42403075098991394,-0.03119853138923645,0.5486218929290771,0.4301982522010803,-0.013262180611491203,0.5423542857170105,0.39232227206230164,-0.030820520594716072,0.5532448887825012,0.4150063097476959,-0.03475063294172287,0.5506690740585327,0.4016973078250885,-0.0343477688729763,0.541777491569519,0.36642220616340637,-0.024313850328326225,0.48469260334968567,0.3670622408390045,-0.01764528453350067,0.5375990867614746,0.3376959264278412,-0.024362733587622643,0.5368340015411377,0.32430440187454224,-0.02833787351846695,0.5292222499847412,0.27347296476364136,-0.031343527138233185,0.5483655333518982,0.45241111516952515,-0.007880565710365772,0.547771155834198,0.45508962869644165,-0.005396089516580105,0.5469712615013123,0.4569798409938812,-0.0016433948185294867,0.5464309453964233,0.45699048042297363,-0.0007250984781421721,0.5469905734062195,0.4609389305114746,-0.00033372596953995526,0.5471798181533813,0.4654020071029663,-0.0005665873177349567,0.5468083620071411,0.4699416756629944,0.001611595624126494,0.5468668341636658,0.4799562692642212,0.009332054294645786,0.5522385239601135,0.4278630316257477,-0.02733658254146576,0.543879508972168,0.42851948738098145,-0.02048746682703495,0.4427981972694397,0.32749369740486145,-0.006121337413787842,0.5068372488021851,0.3726791739463806,-0.016963480040431023,0.5002085566520691,0.374967098236084,-0.018548374995589256,0.49304699897766113,0.37588372826576233,-0.01888968050479889,0.4814540445804596,0.37034279108047485,-0.016935480758547783,0.512113630771637,0.3695196509361267,-0.014284948818385601,0.49391642212867737,0.34489375352859497,-0.025203919038176537,0.5022259950637817,0.34481287002563477,-0.022690124809741974,0.48635268211364746,0.3480881452560425,-0.024768738076090813,0.4812829792499542,0.3529563546180725,-0.02313653752207756,0.4759725034236908,0.37777307629585266,-0.014112720265984535,0.5233100652694702,0.4958617091178894,0.011701351962983608,0.48090606927871704,0.36368802189826965,-0.01666301116347313,0.44536834955215454,0.37233948707580566,0.005039626732468605,0.465421587228775,0.3715168237686157,-0.011573711410164833,0.5089530348777771,0.41539424657821655,-0.014854062348604202,0.5403114557266235,0.4494870901107788,-0.011524979025125504,0.5398947596549988,0.4559222161769867,-0.007013462949544191,0.5309289693832397,0.4521889388561249,-0.010371486656367779,0.5236492156982422,0.45386645197868347,-0.007322520948946476,0.5319708585739136,0.4563477635383606,-0.006906496360898018,0.5251215696334839,0.4564135670661926,-0.003992321901023388,0.5136147141456604,0.4680394232273102,0.0037845252081751823,0.548284649848938,0.4251065254211426,-0.032195232808589935,0.5472644567489624,0.416305273771286,-0.035779111087322235,0.4718133807182312,0.34798485040664673,-0.02668873779475689,0.5201608538627625,0.3885529339313507,-0.01639966480433941,0.5278066396713257,0.4220145046710968,-0.022603057324886322,0.525910496711731,0.4160457253456116,-0.021769655868411064,0.4849294424057007,0.4170607924461365,-0.014593771658837795,0.5449274778366089,0.4037005603313446,-0.03464125841856003,0.49173322319984436,0.3355875015258789,-0.03279087692499161,0.4804575741291046,0.34020158648490906,-0.03093392215669155,0.4530147314071655,0.30987024307250977,-0.018621113151311874,0.5232675671577454,0.3403799533843994,-0.02761889435350895,0.5091607570648193,0.34836533665657043,-0.018429243937134743,0.5080074667930603,0.46055930852890015,0.0009437084081582725,0.4552515149116516,0.4553006589412689,0.041917044669389725,0.532489001750946,0.42660993337631226,-0.017723344266414642,0.5379822254180908,0.42822933197021484,-0.014880184084177017,0.5127164125442505,0.45564886927604675,0.0019422832410782576,0.5143557190895081,0.45605146884918213,0.0015062866732478142,0.47541287541389465,0.33437657356262207,-0.03055666759610176,0.5262870788574219,0.42471516132354736,-0.01827927865087986,0.5059021711349487,0.3350972533226013,-0.03185046464204788,0.5045987367630005,0.3274202048778534,-0.035014327615499496,0.4879612326622009,0.284614622592926,-0.03598936274647713,0.46515610814094543,0.3221246898174286,-0.025965843349695206,0.4975941479206085,0.3054012060165405,-0.036341868340969086,0.4654850363731384,0.3435076177120209,-0.023886283859610558,0.45495668053627014,0.3363325893878937,-0.015799526125192642,0.5401265621185303,0.45299288630485535,-0.010020008310675621,0.531500518321991,0.4543405771255493,-0.008829476311802864,0.5244241952896118,0.45512694120407104,-0.006028115749359131,0.5336554646492004,0.42756983637809753,-0.01520699542015791,0.5135738253593445,0.4558555483818054,0.0018024352611973882,0.5181388258934021,0.45883166790008545,0.0006282261456362903,0.5151412487030029,0.45623061060905457,0.001597885973751545,0.5379813313484192,0.425293892621994,-0.026589512825012207,0.5255093574523926,0.45745137333869934,-0.0020827767439186573,0.5322594046592712,0.4577986001968384,-0.0033606085926294327,0.5396109223365784,0.4578152596950531,-0.0035233881790190935,0.5382645726203918,0.4816407263278961,0.00710892491042614,0.5386723875999451,0.47100508213043213,-0.0007119366200640798,0.5390906929969788,0.4663775563240051,-0.0027438635006546974,0.5392947793006897,0.46186062693595886,-0.0024410125333815813,0.5393185019493103,0.4580521583557129,-0.0026130706537514925,0.5254042744636536,0.4579296112060547,-0.0013295714743435383,0.5246902704238892,0.459648460149765,-0.0013473740546032786,0.523739218711853,0.4619346857070923,-0.0016356495907530189,0.5228949785232544,0.4645082652568817,-0.000467935751657933,0.5182802081108093,0.44711238145828247,-0.008205289952456951,0.43998974561691284,0.40989232063293457,0.03802134841680527,0.5506703853607178,0.4292025864124298,-0.018492013216018677,0.520187497138977,0.45725613832473755,0.0003894528199452907,0.5192484259605408,0.4579687714576721,0.0004813511623069644,0.540342390537262,0.43111273646354675,-0.013927633874118328,0.5275011658668518,0.4287593364715576,-0.011242324486374855,0.5392542481422424,0.42973411083221436,-0.014624522067606449,0.5131180286407471,0.39473167061805725,-0.015587055124342442,0.5022397637367249,0.40330907702445984,-0.016142230480909348,0.5239105224609375,0.41933155059814453,-0.01775413751602173,0.4675387144088745,0.29540419578552246,-0.02896771766245365,0.4787853956222534,0.31144848465919495,-0.032501280307769775,0.48865264654159546,0.3283062279224396,-0.03437349945306778,0.5206661820411682,0.4743315279483795,0.003946274984627962,0.5210923552513123,0.32778212428092957,-0.032759442925453186,0.5152202248573303,0.30245980620384216,-0.03569140285253525,0.5077556371688843,0.2778804302215576,-0.036396678537130356,0.4860040843486786,0.3745027184486389,-0.01806582137942314,0.4683235287666321,0.38602280616760254,-0.011656970717012882,0.5155215859413147,0.3668159246444702,-0.01302197203040123,0.4741097390651703,0.3588753342628479,-0.02028295211493969,0.5251755118370056,0.3823121190071106,-0.018143707886338234,0.5335034728050232,0.41957995295524597,-0.028061792254447937,0.4590994119644165,0.3931550681591034,-0.0061284988187253475,0.4757523238658905,0.39301779866218567,-0.014655006118118763,0.4870905876159668,0.39576300978660583,-0.016779104247689247,0.5011031627655029,0.39176055788993835,-0.015658028423786163,0.5102438926696777,0.38595280051231384,-0.014534678310155869,0.5167232155799866,0.38067495822906494,-0.01457185484468937,0.5356193780899048,0.3696783483028412,-0.024065334349870682,0.46251943707466125,0.41353365778923035,-0.003951174207031727,0.4676167666912079,0.35850435495376587,-0.01982247456908226,0.5490241050720215,0.42852869629859924,-0.028180954977869987,0.5230977535247803,0.39886200428009033,-0.01690477505326271,0.4350529909133911,0.36762136220932007,0.023339537903666496,0.5220283269882202,0.37536317110061646,-0.014954757876694202,0.5214753746986389,0.418713241815567,-0.011533460579812527,0.47767528891563416,0.3642955422401428,-0.01622631959617138,0.5313429832458496,0.41218817234039307,-0.02686537615954876,0.44554460048675537,0.43247678875923157,0.04126574844121933,0.51435786485672,0.3635888695716858,-0.01275689247995615,0.5382823944091797,0.4071328938007355,-0.03215113654732704,0.48580068349838257,0.47982490062713623,0.020008603110909462,0.482795774936676,0.48702824115753174,0.03228627145290375,0.44881969690322876,0.4134843349456787,0.016631601378321648,0.47245946526527405,0.46851569414138794,0.022083496674895287,0.44907405972480774,0.3528361916542053,-0.0042344615794718266,0.5220146179199219,0.5036007165908813,0.016715245321393013,0.5480788946151733,0.4294743835926056,-0.01881486363708973,0.516761064529419,0.40613892674446106,-0.014941947534680367,0.4574894607067108,0.37340906262397766,-0.007452134042978287,0.4936024844646454,0.37040644884109497,-0.01899353601038456,0.4999748170375824,0.36983659863471985,-0.01873207837343216,0.5170559287071228,0.45985275506973267,0.0013031942071393132,0.4649182856082916,0.43182572722435,0.002941097831353545,0.533214271068573,0.5108316540718079,0.023587480187416077,0.5103766918182373,0.503593921661377,0.02617168053984642,0.4984133839607239,0.4972369372844696,0.028581304475665092,0.5335807204246521,0.2992638349533081,-0.03109610266983509,0.5450933575630188,0.5083644390106201,0.026809878647327423,0.5052928924560547,0.367810994386673,-0.017214113846421242,0.5100898742675781,0.3653862178325653,-0.015078474767506123,0.5131480097770691,0.36427581310272217,-0.013237621635198593,0.46014317870140076,0.3562122881412506,-0.015683619305491447,0.5074479579925537,0.35532325506210327,-0.0176759734749794,0.5010418891906738,0.3521772623062134,-0.020380349829792976,0.4948883354663849,0.3525644838809967,-0.02194182574748993,0.48879992961883545,0.35529831051826477,-0.021920623257756233,0.4850197434425354,0.35872921347618103,-0.020661089569330215,0.43706029653549194,0.3456495404243469,0.009176184423267841,0.48863041400909424,0.36917564272880554,-0.018415654078125954,0.5481780767440796,0.43644723296165466,-0.01039445772767067,0.5258395075798035,0.44194644689559937,-0.010439279489219189,0.5332425832748413,0.4259393811225891,-0.020414618775248528,0.5396749973297119,0.4386621117591858,-0.012462747283279896,0.5385105013847351,0.35121822357177734,-0.02222045511007309,0.4987872540950775,0.4896535873413086,0.02019270695745945,0.5101437568664551,0.4968240559101105,0.019120879471302032,0.5345644354820251,0.5068759322166443,0.01581912487745285,0.4684883952140808,0.473672479391098,0.03778393566608429,0.512199878692627,0.36057838797569275,-0.01492717768996954,0.5336078405380249,0.38673096895217896,-0.024430938065052032,0.5467103719711304,0.5042966604232788,0.01922042854130268,0.5220539569854736,0.5087019205093384,0.023318348452448845,0.45312660932540894,0.43370091915130615,0.021135522052645683,0.5321140885353088,0.45824936032295227,-0.0025076954625546932,0.5315565466880798,0.4612247347831726,-0.0025784100871533155,0.531029224395752,0.4648018777370453,-0.0029349816031754017,0.5305759310722351,0.4689915180206299,-0.0013886078959330916,0.5288494825363159,0.479303240776062,0.004295223392546177,0.5191893577575684,0.4561852812767029,-0.0013737283879891038,0.51827472448349,0.45548591017723083,-0.002289152005687356,0.5174253582954407,0.4547613561153412,-0.0032018981873989105,0.5118449926376343,0.4533933103084564,-0.004853719379752874,0.4787472188472748,0.4371250569820404,-0.005355440080165863,0.5304517149925232,0.3754265606403351,-0.020712316036224365,0.5205550789833069,0.3554152250289917,-0.015379348769783974,0.5152387022972107,0.3565399646759033,-0.015166285447776318,0.5201230049133301,0.4568953216075897,-0.00010788085637614131,0.4777868390083313,0.4573346972465515,0.008519432507455349,0.5288079380989075,0.3550035059452057,-0.02107074111700058,0.5255462527275085,0.4871918261051178,0.008561812341213226,0.5477051138877869,0.39002859592437744,-0.030778275802731514,0.5391114950180054,0.381853312253952,-0.027995683252811432,0.5449020266532898,0.3789428770542145,-0.027539951726794243,0.5302873849868774,0.40237364172935486,-0.022767463698983192,0.5473453998565674,0.4972291588783264,0.014010142534971237,0.5469844937324524,0.48795515298843384,0.011840060353279114,0.5368494391441345,0.4900820255279541,0.009731714613735676,0.5077425241470337,0.47313573956489563,0.006453726906329393,0.5155991315841675,0.42668962478637695,-0.010445590130984783,0.5158789157867432,0.48134344816207886,0.008074755780398846,0.49807846546173096,0.4285238981246948,-0.013430170714855194,0.5094852447509766,0.43699654936790466,-0.009604006074368954,0.4916941821575165,0.443371444940567,-0.0075578149408102036,0.53574538230896,0.49965959787368774,0.011070075444877148,0.5252243876457214,0.40708446502685547,-0.018522053956985474,0.5017896890640259,0.4807842969894409,0.011841525323688984,0.5124308466911316,0.48876214027404785,0.013291611336171627,0.5012615919113159,0.4634273648262024,0.001839316450059414,0.4678482413291931,0.4465988874435425,0.009496595710515976,0.49066996574401855,0.4664296507835388,0.005593802314251661,0.4601300358772278,0.45192086696624756,0.024060312658548355,0.5036731362342834,0.4484446048736572,-0.006424773950129747,0.5282848477363586,0.39265507459640503,-0.02036498300731182,0.536211371421814,0.4241468608379364,-0.028507398441433907,0.5303730964660645,0.42529475688934326,-0.021752256900072098,0.540385901927948,0.41799014806747437,-0.032536376267671585,0.5152847766876221,0.3471319377422333,-0.02056291326880455,0.5040473937988281,0.3421723544597626,-0.025549061596393585,0.4936777651309967,0.3421383202075958,-0.027891656383872032,0.48472633957862854,0.34539973735809326,-0.02758212387561798,0.4779735803604126,0.35094526410102844,-0.025236548855900764,0.4727427065372467,0.36787378787994385,-0.014615490101277828,0.4460865557193756,0.39312878251075745,0.010656412690877914,0.4813414216041565,0.3818598687648773,-0.015501114539802074,0.4902498424053192,0.38415712118148804,-0.016508109867572784,0.5001206398010254,0.3824153542518616,-0.016112636774778366,0.5083776116371155,0.3785189986228943,-0.014994264580309391,0.514351487159729,0.37447258830070496,-0.013286899775266647,0.5187034010887146,0.371134489774704,-0.012875770218670368,0.43680354952812195,0.38837963342666626,0.0323038250207901,0.5294901132583618,0.4265984296798706,-0.018210504204034805,0.5363413095474243,0.3966906666755676,-0.027484510093927383,0.5426375865936279,0.42481133341789246,-0.031227393075823784,0.5445032119750977,0.42792436480522156,-0.026542484760284424,0.5412740707397461,0.4258963167667389,-0.028133084997534752,0.5304993987083435,0.42824965715408325,-0.014610270969569683,0.5466021299362183,0.4285149574279785,-0.027642423287034035,0.5457352995872498,0.42950135469436646,-0.019629618152976036,0.5173757076263428,0.3636387288570404,-0.012130416929721832,0.5219972729682922,0.36554768681526184,-0.013599246740341187,0.5258470773696899,0.36752814054489136,-0.016384471207857132,0.48278799653053284,0.3613649010658264,-0.018987957388162613,0.47801774740219116,0.3582626283168793,-0.02008582279086113,0.5520551204681396,0.3897240161895752,-0.026237089186906815,0.569166362285614,0.34255069494247437,0.016148164868354797,0.5555416345596313,0.4248826801776886,-0.01698094978928566,0.5790836811065674,0.2980327904224396,0.04617222025990486,0.554084300994873,0.3578055500984192,0.004745519254356623,0.5603910684585571,0.35651895403862,0.00757630355656147,0.5660775303840637,0.3542304039001465,0.011267499066889286,0.5705779194831848,0.34525299072265625,0.018825823441147804,0.5491876602172852,0.357099324464798,0.002854645485058427,0.5632187128067017,0.32904699444770813,0.002216652501374483,0.5560082197189331,0.33195629715919495,-0.0010670232586562634,0.5690412521362305,0.3288557529449463,0.006853427272289991,0.5719807744026184,0.33111661672592163,0.011001513339579105,0.5757309198379517,0.35063067078590393,0.02444712445139885,0.5625927448272705,0.4810199737548828,0.02715437114238739,0.5701051950454712,0.33900508284568787,0.018710169941186905,0.5836209058761597,0.33809894323349,0.05778638646006584,0.578315794467926,0.3412622809410095,0.03171844407916069,0.569119930267334,0.39933040738105774,0.006903939414769411,0.5544769763946533,0.4459571838378906,-0.006165686994791031,0.5528818964958191,0.45265763998031616,-0.0020738448947668076,0.5584033727645874,0.4446978271007538,0.0007401204784400761,0.5606306791305542,0.44420987367630005,0.008073154836893082,0.5563132166862488,0.45023027062416077,0.0027510791551321745,0.5586432814598083,0.4482715427875519,0.00899395439773798,0.5658600330352783,0.45230311155319214,0.023812904953956604,0.5575301647186279,0.4221728444099426,-0.029277298599481583,0.5580546259880066,0.41331014037132263,-0.03229081630706787,0.5804071426391602,0.3223787844181061,0.014050843194127083,0.5556575655937195,0.3792875111103058,-0.0022250006441026926,0.5636248588562012,0.411998987197876,-0.00951957143843174,0.562323808670044,0.4061894416809082,-0.008257619105279446,0.5831387042999268,0.3905262351036072,0.021759897470474243,0.5552563071250916,0.4009149968624115,-0.030187349766492844,0.5717607736587524,0.3181527256965637,-0.0043459245935082436,0.5776962637901306,0.31838953495025635,0.004599601961672306,0.576874852180481,0.2840385437011719,0.02833053097128868,0.5484063625335693,0.3339270353317261,-0.01810562051832676,0.5497847199440002,0.3373193144798279,-0.0009960478637367487,0.5694194436073303,0.4426095485687256,0.025336725637316704,0.574601948261261,0.41881540417671204,0.09049520641565323,0.560251772403717,0.41865867376327515,-0.008114779368042946,0.5567342638969421,0.4232809245586395,-0.010049428790807724,0.5631701946258545,0.44407349824905396,0.022893648594617844,0.5621134638786316,0.4450921416282654,0.019859300926327705,0.5794198513031006,0.3107912540435791,0.007229222916066647,0.5627607703208923,0.41480621695518494,-0.005481640808284283,0.5622972846031189,0.32231301069259644,-0.012327066622674465,0.5634137988090515,0.3139183819293976,-0.014984933659434319,0.5615821480751038,0.270084410905838,-0.009074442088603973,0.5786348581314087,0.29615655541419983,0.015738869085907936,0.5629835724830627,0.29095181822776794,-0.01330490317195654,0.5818606019020081,0.3160955011844635,0.019678661599755287,0.5813435316085815,0.3069050908088684,0.03145099803805351,0.5539047122001648,0.4495992362499237,-0.004704590421169996,0.5574444532394409,0.4476345181465149,0.0015947609208524227,0.5597301721572876,0.446230411529541,0.008015316911041737,0.5589974522590637,0.42044633626937866,-0.007307861931622028,0.5626362562179565,0.4445945620536804,0.021151531487703323,0.5610753297805786,0.44846150279045105,0.016797449439764023,0.5615639090538025,0.4456045925617218,0.019433308392763138,0.5602027773857117,0.41846561431884766,-0.017650851979851723,0.557614266872406,0.45001569390296936,0.010217026807367802,0.5551807284355164,0.4523352086544037,0.005693558603525162,0.5517515540122986,0.4548354744911194,0.001494636875577271,0.5536026358604431,0.47663334012031555,0.012068814598023891,0.5527995824813843,0.46673351526260376,0.0045380983501672745,0.5529109835624695,0.4622775614261627,0.002708086045458913,0.5522908568382263,0.4581601023674011,0.002907325280830264,0.5511461496353149,0.45480918884277344,0.002483539516106248,0.5572059154510498,0.4500225782394409,0.01098477840423584,0.5583814382553101,0.4511011838912964,0.010932938195765018,0.5593594908714294,0.45268040895462036,0.011120791547000408,0.5599819421768188,0.45476382970809937,0.013328179717063904,0.5667018890380859,0.43354105949401855,0.009639042429625988,0.5774454474449158,0.37321367859840393,0.09237531572580338,0.5591951608657837,0.44799289107322693,0.015938283875584602,0.560228168964386,0.44814759492874146,0.016055673360824585,0.5549827218055725,0.42745441198349,-0.009145968593657017,0.5608904957771301,0.4199299216270447,-0.0011034553172066808,0.5558477640151978,0.4255273938179016,-0.009942060336470604,0.5609912276268005,0.3822616934776306,0.00350841972976923,0.5707456469535828,0.3852776885032654,0.009806065820157528,0.5623915791511536,0.4090525805950165,-0.0038364934735000134,0.5719152092933655,0.2742680609226227,0.009320293553173542,0.5731200575828552,0.29016825556755066,0.001033277134411037,0.5731328725814819,0.3093484044075012,-0.004388106986880302,0.5629825592041016,0.46080219745635986,0.020280446857213974,0.5506371855735779,0.32099518179893494,-0.02250669151544571,0.5501736998558044,0.2947966456413269,-0.02369863912463188,0.5478741526603699,0.27000337839126587,-0.022780464962124825,0.5694777965545654,0.35031363368034363,0.015565360896289349,0.580869197845459,0.3557693660259247,0.03111075423657894,0.5462021231651306,0.35590165853500366,0.002227804623544216,0.5759091973304749,0.3328973650932312,0.018952634185552597,0.5523452758789062,0.3751666843891144,-0.006772675551474094,0.5627476572990417,0.41127684712409973,-0.017429647967219353,0.5873396396636963,0.3595878779888153,0.04229127988219261,0.5809476971626282,0.3649316728115082,0.025486065074801445,0.5765299797058105,0.3720063269138336,0.01732507161796093,0.5660794973373413,0.3741758465766907,0.010442351922392845,0.5576683878898621,0.3725671172142029,0.0052456301636993885,0.5521883964538574,0.37027809023857117,0.00020502193365246058,0.546570360660553,0.36682289838790894,-0.019183417782187462,0.5892488956451416,0.3792088031768799,0.04419926926493645,0.5793223977088928,0.33023518323898315,0.0230544563382864,0.5548823475837708,0.4265981912612915,-0.025854596868157387,0.5570735931396484,0.390035480260849,-0.00328742410056293,0.5783926844596863,0.3334186375141144,0.0794445052742958,0.5483279824256897,0.3672895133495331,-0.0034050652757287025,0.5612890124320984,0.4082466661930084,0.0023968436289578676,0.5718669295310974,0.33873388171195984,0.020961053669452667,0.5608535408973694,0.4041840136051178,-0.01603679172694683,0.5767765045166016,0.3950358033180237,0.09324541687965393,0.5451775789260864,0.35227835178375244,0.0032261733431369066,0.5584836006164551,0.4016112685203552,-0.024258611723780632,0.5744536519050598,0.44939592480659485,0.055590447038412094,0.569961667060852,0.45621928572654724,0.06883347779512405,0.5861099362373352,0.37599384784698486,0.06917701661586761,0.5786697268486023,0.43436020612716675,0.06404472887516022,0.582534909248352,0.3211935758590698,0.046196069568395615,0.5621334314346313,0.4875935912132263,0.03347707912325859,0.5528888702392578,0.4280937910079956,-0.017378905788064003,0.5614643692970276,0.39445409178733826,0.0018873283406719565,0.580077052116394,0.3410821557044983,0.04015175253152847,0.5651094913482666,0.34857138991355896,0.010690951719880104,0.5600161552429199,0.35124677419662476,0.0075188591144979,0.5617501139640808,0.44906845688819885,0.018754776567220688,0.5879818797111511,0.39701393246650696,0.04924613609910011,0.5541538000106812,0.5022943615913391,0.03300273045897484,0.562743604183197,0.4825971722602844,0.04962051287293434,0.5656764507293701,0.4713669717311859,0.05819610133767128,0.5544204115867615,0.35228103399276733,0.005164697766304016,0.5493505597114563,0.35225120186805725,0.004154914990067482,0.5464229583740234,0.352462500333786,0.0040245805867016315,0.5807703137397766,0.32624033093452454,0.03050060197710991,0.5493372082710266,0.34293609857559204,0.002001301385462284,0.5544219613075256,0.33814844489097595,0.0025335559621453285,0.5603941679000854,0.3357148766517639,0.004744371399283409,0.5654857158660889,0.33550024032592773,0.00843442976474762,0.5681012272834778,0.3367863893508911,0.011881543323397636,0.5797563195228577,0.31355971097946167,0.0641288310289383,0.5678059458732605,0.3454844355583191,0.013841714709997177,0.5628874897956848,0.431869775056839,0.003141996217891574,0.5609455108642578,0.41782698035240173,-0.011210549622774124,0.5554805397987366,0.4343949258327484,-0.006830133032053709,0.5694853663444519,0.46361422538757324,0.04890084266662598,0.5655617713928223,0.47526630759239197,0.04168105125427246,0.556321382522583,0.49813735485076904,0.02494807168841362,0.5724276304244995,0.4395821988582611,0.08099731802940369,0.5464776754379272,0.34870466589927673,0.002651633694767952,0.5524208545684814,0.3817621171474457,-0.016752149909734726,0.5595099329948425,0.49337244033813477,0.04068154841661453,0.5846145749092102,0.39587870240211487,0.071347177028656,0.5546540021896362,0.45237207412719727,0.006621155887842178,0.5559515953063965,0.45460766553878784,0.006824934855103493,0.556779682636261,0.4575587511062622,0.006998111959546804,0.5571417808532715,0.46143263578414917,0.009030387736856937,0.5591597557067871,0.4693159759044647,0.016087613999843597,0.5604193210601807,0.44655823707580566,0.014828878454864025,0.5613204836845398,0.44524085521698,0.01548742689192295,0.5621474385261536,0.44394537806510925,0.01581062749028206,0.5691165924072266,0.4370729327201843,0.01754968799650669,0.5854144096374512,0.40676116943359375,0.0338013656437397,0.5493359565734863,0.37052634358406067,-0.012667336501181126,0.5437026023864746,0.34722721576690674,-0.005217885132879019,0.5452333688735962,0.34642452001571655,-0.00046617130283266306,0.5593442916870117,0.4480147957801819,0.015491908416152,0.5817575454711914,0.42548424005508423,0.048005372285842896,0.5428406596183777,0.3501139283180237,-0.014975547790527344,0.5607510805130005,0.474554181098938,0.021811429411172867,0.5495989918708801,0.3790557384490967,-0.023879051208496094,0.5571190714836121,0.39529332518577576,-0.012792631983757019,0.5548748970031738,0.4835439622402191,0.016113443300127983,0.5691109299659729,0.45316362380981445,0.029782269150018692,0.5658519268035889,0.4132360816001892,0.0070389932952821255,0.5649851560592651,0.46442630887031555,0.026470495387911797,0.5778586864471436,0.4063858985900879,0.0146676329895854,0.5710813403129578,0.41989707946777344,0.012368298135697842,0.5806782841682434,0.4175952076911926,0.024486634880304337,0.5566650629043579,0.4917258620262146,0.019606081768870354,0.558547854423523,0.398377925157547,-0.006040909327566624,0.5711587071418762,0.4566282629966736,0.038902126252651215,0.5662654638290405,0.46890202164649963,0.034044284373521805,0.5735137462615967,0.44126781821250916,0.03022022545337677,0.5851504802703857,0.41197338700294495,0.0537150539457798,0.577417254447937,0.438704252243042,0.0386701375246048,0.582033634185791,0.4149892032146454,0.07163936644792557,0.574088454246521,0.42832860350608826,0.019635822623968124,0.5545685291290283,0.3857613205909729,-0.009545681066811085,0.5619254112243652,0.4163786470890045,-0.0188278928399086,0.5628137588500977,0.41602009534835815,-0.010720216669142246,0.560925304889679,0.41197827458381653,-0.024831941351294518,0.5485761165618896,0.3371017873287201,-0.0065297833643853664,0.5585720539093018,0.32879340648651123,-0.004733213689178228,0.5671681761741638,0.32557594776153564,-0.0005472867051139474,0.5732457637786865,0.32539641857147217,0.005454991944134235,0.5760366320610046,0.32780885696411133,0.011670395731925964,0.5748238563537598,0.34030699729919434,0.025033941492438316,0.5856216549873352,0.3567858040332794,0.06453269720077515,0.5744763016700745,0.35639482736587524,0.0206945538520813,0.5704348683357239,0.3618512749671936,0.015038814395666122,0.5629199147224426,0.3643975555896759,0.009819110855460167,0.555317759513855,0.3643959164619446,0.005407711490988731,0.5499983429908752,0.3631732761859894,0.002096084877848625,0.5467047691345215,0.3617797791957855,-0.0003408552147448063,0.5772424340248108,0.3530770540237427,0.08806639164686203,0.56178218126297,0.4175466001033783,-0.007396562956273556,0.5551021695137024,0.3916633725166321,-0.019661132246255875,0.5601816177368164,0.41914868354797363,-0.02504475601017475,0.5566802620887756,0.42375656962394714,-0.022950490936636925,0.5591793060302734,0.42004305124282837,-0.021815486252307892,0.5602585673332214,0.4201681911945343,-0.005560062360018492,0.556242048740387,0.425295889377594,-0.024727368727326393,0.5544015765190125,0.4267958104610443,-0.017172791063785553,0.5441964268684387,0.3536922037601471,0.001109862932935357,0.5438016057014465,0.3578057587146759,-0.003732314333319664,0.5448931455612183,0.36122775077819824,-0.008189347572624683,0.5693667531013489,0.3379845917224884,0.015029496513307095,0.5730039477348328,0.3339300751686096,0.016036756336688995,0.49316322803497314,0.3616015315055847,-0.017826978117227554,0.5008036494255066,0.359892338514328,-0.017826978117227554,0.49207043647766113,0.35059845447540283,-0.017826978117227554,0.4853173494338989,0.3632661700248718,-0.017826978117227554,0.4942775368690491,0.3725218176841736,-0.017826978117227554,0.5553933382034302,0.3441964089870453,0.008172284811735153,0.5618427395820618,0.3425706923007965,0.008172284811735153,0.5540699362754822,0.3350558578968048,0.008172284811735153,0.5489583015441895,0.34588292241096497,0.008172284811735153,0.5568366050720215,0.35346245765686035,0.008172284811735153
1200.0,0.5482791662216187,0.4496494233608246,-0.009469463489949703,0.5533861517906189,0.4239876866340637,-0.031164810061454773,0.5485861301422119,0.43010610342025757,-0.013266751542687416,0.5422732830047607,0.3923436105251312,-0.030732423067092896,0.553177535533905,0.4150000214576721,-0.03470398113131523,0.5505951046943665,0.4017191231250763,-0.03428203612565994,0.5416911840438843,0.36647534370422363,-0.02417217567563057,0.48454010486602783,0.3671589195728302,-0.01751268468797207,0.5374733209609985,0.3375770151615143,-0.024172574281692505,0.5366964340209961,0.3241722881793976,-0.028118668124079704,0.5290924906730652,0.273603230714798,-0.031006015837192535,0.5481255650520325,0.4524696469306946,-0.007977649569511414,0.5475589036941528,0.455206960439682,-0.005489597097039223,0.5467807054519653,0.45711639523506165,-0.0017299462342634797,0.546268105506897,0.45712748169898987,-0.000913070747628808,0.5468153357505798,0.4610956907272339,-0.0005207916838116944,0.546999990940094,0.46558916568756104,-0.0007607494480907917,0.5466399788856506,0.4701594114303589,0.0014026084681972861,0.5468713641166687,0.4796132445335388,0.009108438156545162,0.5521799921989441,0.4277955889701843,-0.02730969525873661,0.5438331961631775,0.4284384846687317,-0.020464781671762466,0.44273847341537476,0.32729512453079224,-0.005853112321346998,0.5066864490509033,0.37287071347236633,-0.016866018995642662,0.500002920627594,0.3751736283302307,-0.01844025030732155,0.49281826615333557,0.37602493166923523,-0.018769079819321632,0.48128607869148254,0.3704272210597992,-0.016805235296487808,0.5120171904563904,0.3696333169937134,-0.014175121672451496,0.49378547072410583,0.3449324369430542,-0.025050712749361992,0.5021365284919739,0.34484919905662537,-0.022543052211403847,0.486192524433136,0.3481225073337555,-0.024609265848994255,0.48111477494239807,0.3529766798019409,-0.022980188950896263,0.4757673442363739,0.37776869535446167,-0.01399193238466978,0.523351788520813,0.4954585134983063,0.011457246728241444,0.48079657554626465,0.3637773096561432,-0.016524428501725197,0.4451904296875,0.3721166253089905,0.005188269075006247,0.46525874733924866,0.37146615982055664,-0.011429620906710625,0.5088577270507812,0.41530436277389526,-0.014819011092185974,0.5400594472885132,0.44946664571762085,-0.011612028814852238,0.5396997928619385,0.4560507833957672,-0.007111283019185066,0.5307708978652954,0.4522069990634918,-0.010473749600350857,0.5235871076583862,0.4539017081260681,-0.007462398614734411,0.5318465828895569,0.4564642012119293,-0.0070222169160842896,0.525076150894165,0.45650559663772583,-0.004141887649893761,0.5136809349060059,0.467800110578537,0.00356100732460618,0.5482220649719238,0.4250502586364746,-0.0321599543094635,0.5471944212913513,0.4162878096103668,-0.03573010861873627,0.4716140031814575,0.3479245603084564,-0.02648647502064705,0.5200704336166382,0.38851964473724365,-0.016313059255480766,0.527770459651947,0.42194366455078125,-0.022564155980944633,0.5258633494377136,0.415998637676239,-0.021725909784436226,0.484785795211792,0.4169376492500305,-0.014541281387209892,0.5448486804962158,0.40370896458625793,-0.034572336822748184,0.4915763735771179,0.3355993330478668,-0.03256765380501747,0.4802614450454712,0.3401826322078705,-0.030703434720635414,0.4529443383216858,0.3097393810749054,-0.018323369324207306,0.52323979139328,0.3404597043991089,-0.0274268239736557,0.5091074109077454,0.34839120507240295,-0.0182967372238636,0.508063793182373,0.460389643907547,0.0007650724146515131,0.4549897313117981,0.455064058303833,0.041885245591402054,0.5324618816375732,0.42651474475860596,-0.017699724063277245,0.5379518270492554,0.42814183235168457,-0.014857027679681778,0.5128101110458374,0.45568811893463135,0.001737258629873395,0.5144476294517517,0.4560999274253845,0.0012869004858657718,0.4752393662929535,0.33424705266952515,-0.030319318175315857,0.5262582898139954,0.4246438443660736,-0.018252301961183548,0.5058233141899109,0.33515360951423645,-0.03163951635360718,0.5045020580291748,0.32737112045288086,-0.03478476405143738,0.48783719539642334,0.28464043140411377,-0.035660989582538605,0.46503791213035583,0.3219531774520874,-0.02571072429418564,0.49742650985717773,0.30534860491752625,-0.03606589883565903,0.46532055735588074,0.34336259961128235,-0.023674868047237396,0.4548536241054535,0.3361135721206665,-0.015571429394185543,0.5398956537246704,0.4530562460422516,-0.010116816498339176,0.5313523411750793,0.454414427280426,-0.008943992666900158,0.5243639945983887,0.4551955461502075,-0.006177389994263649,0.5336323976516724,0.427479088306427,-0.015178047120571136,0.5136663317680359,0.4559003412723541,0.0015904410975053906,0.5181865692138672,0.4589111804962158,0.00038611391209997237,0.5152394771575928,0.45628586411476135,0.0013784179463982582,0.537929892539978,0.42520445585250854,-0.02654893882572651,0.525485098361969,0.45755070447921753,-0.002227579243481159,0.5321601629257202,0.4579274654388428,-0.00347317336127162,0.5394516587257385,0.45796146988868713,-0.003615559311583638,0.5382981896400452,0.4812723398208618,0.006880288477987051,0.5385561585426331,0.4712176024913788,-0.0009250589064322412,0.5389533042907715,0.46655356884002686,-0.0029446720145642757,0.5391557216644287,0.4620145559310913,-0.0026337052695453167,0.5391846895217896,0.45818957686424255,-0.002805928001180291,0.5253849625587463,0.458021879196167,-0.0015486531192436814,0.524668276309967,0.4597385823726654,-0.0015725104603916407,0.5237253904342651,0.4620454013347626,-0.0018785529537126422,0.522895336151123,0.46464189887046814,-0.0007150578312575817,0.5182945132255554,0.4469888508319855,-0.008314239792525768,0.4398077130317688,0.40960079431533813,0.038115885108709335,0.5506177544593811,0.42912161350250244,-0.018477201461791992,0.5202341079711914,0.45732516050338745,0.00016011795378290117,0.5192897915840149,0.4580391049385071,0.0002450359461363405,0.54030841588974,0.4310164451599121,-0.013932024128735065,0.5274758338928223,0.42868655920028687,-0.011240141466259956,0.5392206311225891,0.42964258790016174,-0.014608700759708881,0.5130190253257751,0.3946800231933594,-0.015509599819779396,0.5021228194236755,0.40322843194007874,-0.016061926260590553,0.5238698720932007,0.4192768633365631,-0.017720550298690796,0.4674399197101593,0.2953484058380127,-0.028653917834162712,0.4786332845687866,0.3113323450088501,-0.032234083861112595,0.4885084629058838,0.3281976580619812,-0.03413799777626991,0.5207197666168213,0.474040150642395,0.0037016679998487234,0.5210381150245667,0.3277369439601898,-0.03254178911447525,0.5150673389434814,0.302475243806839,-0.03541766479611397,0.5076232552528381,0.2779725193977356,-0.036062732338905334,0.485807865858078,0.3746028542518616,-0.01793794520199299,0.46812039613723755,0.3859593868255615,-0.011546235531568527,0.5154707431793213,0.3668646812438965,-0.012905635870993137,0.4739234745502472,0.3588622510433197,-0.020126858726143837,0.525085985660553,0.3822976052761078,-0.0180470310151577,0.5334486365318298,0.4195164442062378,-0.02801375836133957,0.4588998556137085,0.3929815888404846,-0.00602923147380352,0.47544676065444946,0.393009215593338,-0.014563074335455894,0.48672980070114136,0.39580050110816956,-0.016702504828572273,0.500784158706665,0.39189615845680237,-0.015571732074022293,0.5100093483924866,0.3861156404018402,-0.014450497925281525,0.5165557861328125,0.3807986080646515,-0.01447365153580904,0.5355328321456909,0.3697090148925781,-0.023927951231598854,0.46230655908584595,0.4133704900741577,-0.003888965118676424,0.4674403965473175,0.3584514260292053,-0.019651690497994423,0.5489674806594849,0.42845794558525085,-0.028153041377663612,0.5230227112770081,0.3988264501094818,-0.016840355470776558,0.4349396824836731,0.3673466145992279,0.023511717095971107,0.5218876004219055,0.37543079257011414,-0.014845337718725204,0.5214328765869141,0.4186573028564453,-0.011515449732542038,0.4775293469429016,0.36436641216278076,-0.016087930649518967,0.5312792658805847,0.41215306520462036,-0.026809314265847206,0.4453120827674866,0.4322209656238556,0.041305843740701675,0.5143555402755737,0.36359235644340515,-0.012634752318263054,0.5382083654403687,0.40712109208106995,-0.0320858471095562,0.4856613278388977,0.4795510768890381,0.019845565780997276,0.4826342761516571,0.4867040514945984,0.032125044614076614,0.44858115911483765,0.4132705330848694,0.01670239493250847,0.47223585844039917,0.46830034255981445,0.021977722644805908,0.4489445388317108,0.3526151776313782,-0.004040615167468786,0.5220388174057007,0.5031452178955078,0.016469936817884445,0.5480312705039978,0.42939406633377075,-0.018798550590872765,0.5166845321655273,0.4060823619365692,-0.014892944134771824,0.4573708772659302,0.3733058571815491,-0.0073082041926681995,0.4934004843235016,0.37056347727775574,-0.018871964886784554,0.4997991919517517,0.37001869082450867,-0.018613914027810097,0.5171201229095459,0.45994624495506287,0.0010644476860761642,0.46469739079475403,0.4316590428352356,0.0029561740811914206,0.5332324504852295,0.5103626251220703,0.023300891742110252,0.5103760957717896,0.5031226277351379,0.02592816762626171,0.498354971408844,0.49682092666625977,0.02836848422884941,0.5334492921829224,0.2993147373199463,-0.03082585334777832,0.5451065897941589,0.5079402327537537,0.026510465890169144,0.5051722526550293,0.36796456575393677,-0.01709783263504505,0.5100220441818237,0.36548012495040894,-0.014958780258893967,0.5131182074546814,0.3643184006214142,-0.013113572262227535,0.46001774072647095,0.3560912609100342,-0.01550581306219101,0.507398784160614,0.3553880453109741,-0.017547573894262314,0.5009675621986389,0.35231345891952515,-0.02024206332862377,0.49480414390563965,0.35271650552749634,-0.021794894710183144,0.4887140691280365,0.35543814301490784,-0.021771956235170364,0.4849240183830261,0.3588518798351288,-0.02051934227347374,0.4369853138923645,0.34541088342666626,0.009400550276041031,0.48844021558761597,0.36929014325141907,-0.018286529928445816,0.5481579303741455,0.43636196851730347,-0.010434197261929512,0.5258303284645081,0.44184333086013794,-0.0105070685967803,0.5332096815109253,0.4258413314819336,-0.020378457382321358,0.5396624803543091,0.438562273979187,-0.012505815364420414,0.5384057760238647,0.3512006402015686,-0.022055573761463165,0.4987310767173767,0.4892973005771637,0.019984208047389984,0.5101310014724731,0.4964108467102051,0.018892517313361168,0.5345938801765442,0.5064277648925781,0.015560369938611984,0.46824774146080017,0.473416805267334,0.03769553825259209,0.5121787786483765,0.360582172870636,-0.01479981280863285,0.5335264205932617,0.3867358863353729,-0.024334562942385674,0.5467349886894226,0.5038787722587585,0.018953099846839905,0.5220759510993958,0.5082107782363892,0.023051178082823753,0.45285746455192566,0.43350112438201904,0.021154537796974182,0.5320338010787964,0.45837098360061646,-0.0027119596488773823,0.5314747095108032,0.4613477289676666,-0.002786497352644801,0.5309526324272156,0.4649522006511688,-0.0031642038375139236,0.5305179953575134,0.46917760372161865,-0.0016310078790411353,0.5288993716239929,0.47896188497543335,0.004049170296639204,0.5192263722419739,0.4562544822692871,-0.0015537143917754292,0.5183048844337463,0.4555422067642212,-0.002469831146299839,0.5174577236175537,0.45479971170425415,-0.0033757281489670277,0.5118889808654785,0.4532524347305298,-0.004998978693038225,0.4785802662372589,0.43697088956832886,-0.005352717358618975,0.5303623676300049,0.37543344497680664,-0.020594999194145203,0.5205127596855164,0.35540926456451416,-0.015240252017974854,0.515215277671814,0.3565322160720825,-0.01503079291433096,0.5201727747917175,0.45697033405303955,-0.0002902964479289949,0.4776245057582855,0.45713937282562256,0.00844380259513855,0.5287157893180847,0.35499635338783264,-0.020920660346746445,0.5255879759788513,0.4868386387825012,0.00831505935639143,0.5476274490356445,0.3900628685951233,-0.030691105872392654,0.5390297770500183,0.3818831145763397,-0.027882451191544533,0.5448206663131714,0.3789907991886139,-0.02742633782327175,0.5302165746688843,0.40234819054603577,-0.02269936166703701,0.5473744869232178,0.496853768825531,0.013752281665802002,0.5470086336135864,0.48761186003685,0.011601684615015984,0.536896288394928,0.48971033096313477,0.009489841759204865,0.5077571272850037,0.4728889763355255,0.0062423935160040855,0.5155478119850159,0.4265974462032318,-0.010446363128721714,0.5159071087837219,0.48103612661361694,0.00783426035195589,0.4979711174964905,0.4284002482891083,-0.013421008363366127,0.5094360113143921,0.43687281012535095,-0.009651734493672848,0.49159374833106995,0.4432115852832794,-0.00760620879009366,0.5357943773269653,0.499252587556839,0.010819023475050926,0.5251617431640625,0.40704429149627686,-0.0184697937220335,0.5017696022987366,0.4804854393005371,0.011637899093329906,0.5124391913414001,0.4884096384048462,0.01305951364338398,0.5012533664703369,0.46323686838150024,0.0016827244544401765,0.4676364064216614,0.4464203715324402,0.00946514867246151,0.4905838966369629,0.46621274948120117,0.0054592564702034,0.4598601460456848,0.4517296254634857,0.02402057871222496,0.5036534667015076,0.44829925894737244,-0.006510620005428791,0.5282055735588074,0.39263859391212463,-0.020286232233047485,0.5361608266830444,0.42406216263771057,-0.02846253104507923,0.5303430557250977,0.42520439624786377,-0.021718502044677734,0.5403189659118652,0.4179506003856659,-0.0324750654399395,0.5152506232261658,0.34717535972595215,-0.02041228860616684,0.5039580464363098,0.3421986401081085,-0.02537296898663044,0.4935177266597748,0.3421473205089569,-0.0277089923620224,0.4845268130302429,0.3454037308692932,-0.027397872880101204,0.47776591777801514,0.3509339988231659,-0.02505766600370407,0.472577303647995,0.3678790032863617,-0.014473477378487587,0.4458794593811035,0.39290526509284973,0.010763933882117271,0.4811023771762848,0.3819034993648529,-0.015395698137581348,0.4899692237377167,0.3842393159866333,-0.01640603505074978,0.4998649060726166,0.3825864791870117,-0.01601366512477398,0.5081903338432312,0.3787003457546234,-0.014909890480339527,0.5142317414283752,0.37459608912467957,-0.013181369751691818,0.5186131000518799,0.3711971938610077,-0.012770010158419609,0.4366587698459625,0.3880838453769684,0.03243892267346382,0.5294646620750427,0.4265119731426239,-0.018183087930083275,0.5362629294395447,0.39668890833854675,-0.027403978630900383,0.5425752401351929,0.4247439503669739,-0.031186044216156006,0.544448733329773,0.4278462827205658,-0.02651277743279934,0.5412185192108154,0.42581525444984436,-0.028096124529838562,0.5304785370826721,0.4281662106513977,-0.014594119042158127,0.5465472340583801,0.4284399151802063,-0.027614204213023186,0.5456880927085876,0.42942047119140625,-0.019610179588198662,0.5173545479774475,0.36364009976387024,-0.01200607419013977,0.5219269394874573,0.36555975675582886,-0.01347749400883913,0.5257222056388855,0.3675437867641449,-0.01625477708876133,0.4826853573322296,0.36147114634513855,-0.018847409635782242,0.4778498411178589,0.3582932949066162,-0.019937315955758095,0.5519816279411316,0.38976234197616577,-0.0261569581925869,0.5692455172538757,0.3427298069000244,0.0162301454693079,0.5554749965667725,0.42483633756637573,-0.016961392015218735,0.5789680480957031,0.2980532646179199,0.04633422940969467,0.5542039275169373,0.35779666900634766,0.004814306274056435,0.5604615807533264,0.35659128427505493,0.0076469299383461475,0.5661438703536987,0.35437655448913574,0.011342685669660568,0.5707132816314697,0.3453941345214844,0.01890265755355358,0.5493453741073608,0.3570638597011566,0.0029450831934809685,0.5632701516151428,0.3291108012199402,0.002326610032469034,0.5560743808746338,0.33193448185920715,-0.0009500451269559562,0.5691054463386536,0.3289858102798462,0.006963714025914669,0.5720742344856262,0.33126264810562134,0.011104092001914978,0.5758945345878601,0.35075199604034424,0.024515945464372635,0.5626248717308044,0.4807315170764923,0.02689795382320881,0.5702279806137085,0.33915627002716064,0.018797487020492554,0.583643913269043,0.33807533979415894,0.05786601081490517,0.5785810351371765,0.3412046730518341,0.03180438280105591,0.569107711315155,0.3993339538574219,0.006908470764756203,0.5542301535606384,0.4458303153514862,-0.00625456590205431,0.5526950359344482,0.45269283652305603,-0.0021726656705141068,0.558207631111145,0.4445438086986542,0.0006326536531560123,0.5604801774024963,0.4440203905105591,0.007923874072730541,0.5561677813529968,0.45018821954727173,0.0026312340050935745,0.5585407018661499,0.448158860206604,0.00883769616484642,0.5658894181251526,0.4522016644477844,0.023569615557789803,0.5574660301208496,0.42214661836624146,-0.02924494445323944,0.557991623878479,0.4133179485797882,-0.032245904207229614,0.5804879665374756,0.32238325476646423,0.014194916002452374,0.5555930137634277,0.3793262243270874,-0.0021568851079791784,0.5635538101196289,0.4120233654975891,-0.009494529105722904,0.5622624754905701,0.40622463822364807,-0.008228599093854427,0.5831812024116516,0.39054831862449646,0.021761804819107056,0.555190920829773,0.40094417333602905,-0.030125552788376808,0.5716416239738464,0.31829971075057983,-0.004162084311246872,0.5776591897010803,0.31848376989364624,0.0047781080938875675,0.5767674446105957,0.28409719467163086,0.028533587232232094,0.5482785701751709,0.3340649902820587,-0.017924731597304344,0.5498878955841064,0.33723312616348267,-0.0008843031246215105,0.5694656372070312,0.4425944685935974,0.02513398416340351,0.5748535990715027,0.41870686411857605,0.0903773382306099,0.5601574182510376,0.4186552166938782,-0.0081056272611022,0.556645393371582,0.4232441484928131,-0.010033189319074154,0.5631586313247681,0.4437802731990814,0.022667910903692245,0.5621131062507629,0.44483447074890137,0.01962362974882126,0.5793922543525696,0.3107171058654785,0.007411598693579435,0.5626823902130127,0.4148225486278534,-0.005467566195875406,0.5621309280395508,0.32249075174331665,-0.01214249525219202,0.5631813406944275,0.31400614976882935,-0.014780707657337189,0.5614778399467468,0.27021434903144836,-0.008793813176453114,0.5785438418388367,0.2961775064468384,0.01593468151986599,0.5628970265388489,0.2910069227218628,-0.013064293190836906,0.5819809436798096,0.3158857226371765,0.019827278330922127,0.581247091293335,0.3069034218788147,0.031611811369657516,0.5536887049674988,0.4495548903942108,-0.004803753457963467,0.5572741031646729,0.44753676652908325,0.001475849887356162,0.5596017837524414,0.4460778832435608,0.007859846577048302,0.5589001178741455,0.4204368591308594,-0.007288557011634111,0.562626838684082,0.4443192780017853,0.02091984823346138,0.5610312223434448,0.44831597805023193,0.016542386263608932,0.5615607500076294,0.4453698396682739,0.019199278205633163,0.5601258277893066,0.4184570014476776,-0.017620939761400223,0.5575328469276428,0.44992494583129883,0.010066310875117779,0.5550549030303955,0.4523226022720337,0.005578403361141682,0.5515849590301514,0.4549053907394409,0.0014022862305864692,0.5535910725593567,0.476317435503006,0.011835153214633465,0.5526050925254822,0.46693912148475647,0.004324010573327541,0.5527164936065674,0.4624374210834503,0.0025070970878005028,0.5521166920661926,0.4582846462726593,0.002714267000555992,0.5510048270225525,0.4549032151699066,0.0022892269771546125,0.5571516156196594,0.44996941089630127,0.01075777504593134,0.5583014488220215,0.4510578513145447,0.010700810700654984,0.5592662692070007,0.45266348123550415,0.010872923769056797,0.5598794221878052,0.45477887988090515,0.013070167973637581,0.5667030215263367,0.4335395395755768,0.009510912001132965,0.577523946762085,0.37311795353889465,0.0923626497387886,0.5591741800308228,0.44785603880882263,0.015696236863732338,0.5601926445960999,0.4480019807815552,0.015806429088115692,0.5549201965332031,0.4273841977119446,-0.009157393127679825,0.5608093738555908,0.41993334889411926,-0.0011109987972304225,0.5557712316513062,0.42547276616096497,-0.00993354618549347,0.5609436631202698,0.38229361176490784,0.0035606944002211094,0.5707305073738098,0.38530224561691284,0.009851325303316116,0.5623270869255066,0.4090788960456848,-0.0038188800681382418,0.5718184113502502,0.27436667680740356,0.009562487713992596,0.5730395317077637,0.29020804166793823,0.0012510252417996526,0.5729747414588928,0.3093547523021698,-0.004192863591015339,0.5630054473876953,0.4606284201145172,0.02002040669322014,0.5503922700881958,0.3210577964782715,-0.022301876917481422,0.5500670075416565,0.2948634624481201,-0.023442663252353668,0.5477576851844788,0.27014750242233276,-0.022471696138381958,0.5695764422416687,0.35047632455825806,0.015642251819372177,0.5810671448707581,0.3558965027332306,0.031163666397333145,0.5463836193084717,0.3558691143989563,0.0023265525233000517,0.576049268245697,0.3329600393772125,0.019052380695939064,0.5522704124450684,0.375210165977478,-0.006689999718219042,0.5626819133758545,0.41130101680755615,-0.017394591122865677,0.5874135494232178,0.35959768295288086,0.04232732206583023,0.5810909867286682,0.36523279547691345,0.025521764531731606,0.5766269564628601,0.37238597869873047,0.017354557290673256,0.5661681890487671,0.3744688332080841,0.010493534617125988,0.5577710270881653,0.3727622628211975,0.0053052278235554695,0.5522972345352173,0.3704383671283722,0.00028300672420300543,0.5464840531349182,0.36687663197517395,-0.019050974398851395,0.5893612504005432,0.3792191445827484,0.044198889285326004,0.5795065760612488,0.33017539978027344,0.02316392958164215,0.5548214316368103,0.426542729139328,-0.025829432532191277,0.557009220123291,0.3900693953037262,-0.003240940859541297,0.5783483982086182,0.3333568274974823,0.07950667291879654,0.5484249591827393,0.36744818091392517,-0.0033090594224631786,0.5612285733222961,0.40826886892318726,0.0024018159601837397,0.5720186829566956,0.33885160088539124,0.02104758843779564,0.5607945919036865,0.4042169153690338,-0.0159930270165205,0.576950192451477,0.3949424922466278,0.09319127351045609,0.545377790927887,0.35219627618789673,0.0033295592293143272,0.558423638343811,0.4016427993774414,-0.024203959852457047,0.5746803879737854,0.44927850365638733,0.05538703873753548,0.5701985359191895,0.4560595750808716,0.0686206966638565,0.5862619876861572,0.37595683336257935,0.06918291002511978,0.5789582133293152,0.4342861473560333,0.0638919472694397,0.5824846625328064,0.3211825489997864,0.04631960019469261,0.562174379825592,0.4872536063194275,0.03321943059563637,0.5528329610824585,0.4280211925506592,-0.01736423186957836,0.5614163875579834,0.3944762051105499,0.0019154064357280731,0.5803752541542053,0.34089386463165283,0.04023263230919838,0.5651372671127319,0.3487183749675751,0.010769903659820557,0.5600637197494507,0.35130536556243896,0.0075994934886693954,0.56170254945755,0.4489290416240692,0.018499206751585007,0.5881513953208923,0.39700764417648315,0.049206849187612534,0.5541632771492004,0.5019004344940186,0.032700542360544205,0.5627976655960083,0.4822831153869629,0.04934801533818245,0.5658079981803894,0.471123605966568,0.057944249361753464,0.5545161366462708,0.35224854946136475,0.005251538939774036,0.5494934320449829,0.3521730601787567,0.0042496114037930965,0.546599805355072,0.35238081216812134,0.004128512926399708,0.58101886510849,0.325977623462677,0.03061552904546261,0.5494595766067505,0.3427458703517914,0.0021020984277129173,0.5545036196708679,0.33797502517700195,0.0026407474651932716,0.5604532361030579,0.3356623649597168,0.004850267432630062,0.5655478239059448,0.3355707824230194,0.008536294102668762,0.5681755542755127,0.3369215726852417,0.011974426917731762,0.5796653628349304,0.31354260444641113,0.06424365192651749,0.5678510665893555,0.3456639051437378,0.013922099024057388,0.5628745555877686,0.4318552613258362,0.003058567177504301,0.5608536601066589,0.4178256690502167,-0.011183209717273712,0.5554512143135071,0.4343394339084625,-0.00688024889677763,0.5696252584457397,0.4634220004081726,0.048662565648555756,0.5656462907791138,0.47499457001686096,0.0414305180311203,0.5563501715660095,0.49775636196136475,0.024682503193616867,0.5727111101150513,0.4394643306732178,0.0808364674448967,0.5466474294662476,0.34859076142311096,0.002757566748186946,0.5523462295532227,0.381805956363678,-0.016665969043970108,0.5595309734344482,0.4930048882961273,0.0403914600610733,0.5848450660705566,0.3958303928375244,0.07130787521600723,0.5545480847358704,0.4524015784263611,0.006414520554244518,0.5558121800422668,0.45466092228889465,0.006613639183342457,0.5566239953041077,0.4576551914215088,0.006767824292182922,0.5569775104522705,0.4615778923034668,0.008785516954958439,0.5591587424278259,0.4690681993961334,0.01583028770983219,0.5603700280189514,0.4463728964328766,0.014635889790952206,0.5612549185752869,0.44502508640289307,0.015291199088096619,0.5620651841163635,0.44370412826538086,0.015618455596268177,0.5691394209861755,0.4370771050453186,0.017383085563778877,0.5855484008789062,0.4067590534687042,0.033752914518117905,0.5492560863494873,0.3705733120441437,-0.012559864670038223,0.5438207387924194,0.3471795618534088,-0.005092477425932884,0.5453959107398987,0.3463386297225952,-0.00034738771500997245,0.559307336807251,0.4478582739830017,0.015297380276024342,0.581975519657135,0.4254506826400757,0.04788319766521454,0.5428611040115356,0.3501947820186615,-0.014832444489002228,0.5607800483703613,0.47430452704429626,0.021552957594394684,0.5495207905769348,0.37910693883895874,-0.02377186343073845,0.5570534467697144,0.3953259289264679,-0.01273619569838047,0.5548848509788513,0.4832324981689453,0.015867752954363823,0.5691988468170166,0.4530707597732544,0.02954908087849617,0.5658214092254639,0.41323322057724,0.007015833165496588,0.5650486946105957,0.4642494320869446,0.026212114840745926,0.5778974890708923,0.4063872694969177,0.014635371044278145,0.5710929036140442,0.4198833107948303,0.012293204665184021,0.5807708501815796,0.41758203506469727,0.024397632107138634,0.5566849112510681,0.49138617515563965,0.019348056986927986,0.5584836602210999,0.3984107971191406,-0.006001792382448912,0.5712747573852539,0.4565025568008423,0.03866937384009361,0.5663488507270813,0.46869105100631714,0.03379179537296295,0.5736182928085327,0.44123905897140503,0.030034851282835007,0.585373044013977,0.41195252537727356,0.053631480783224106,0.5775893330574036,0.4386587142944336,0.038495708256959915,0.5823214054107666,0.4149329662322998,0.07154723256826401,0.5741382241249084,0.4283198118209839,0.019517891108989716,0.5544983744621277,0.385800302028656,-0.00948039349168539,0.5618501901626587,0.41638413071632385,-0.018794918432831764,0.5627301335334778,0.41603216528892517,-0.010698655620217323,0.5608624219894409,0.41199591755867004,-0.02478485368192196,0.5486137270927429,0.33711937069892883,-0.006398449651896954,0.5585492849349976,0.32890549302101135,-0.004589720629155636,0.5671367049217224,0.32573336362838745,-0.00040219491347670555,0.5732383131980896,0.32555028796195984,0.005591206718236208,0.5760931968688965,0.3279409110546112,0.011791499331593513,0.5750170350074768,0.3403247594833374,0.02512090839445591,0.5857051014900208,0.3567574620246887,0.06457114964723587,0.5745976567268372,0.3566007912158966,0.020751556381583214,0.5705146789550781,0.36206427216529846,0.01509698573499918,0.5629948973655701,0.36454784870147705,0.009881234727799892,0.5554269552230835,0.3644639253616333,0.0054660034365952015,0.550139844417572,0.3632010519504547,0.0021825465373694897,0.5468537211418152,0.3618072271347046,-0.0002473234781064093,0.5772388577461243,0.3529917001724243,0.08808521926403046,0.5616952180862427,0.41755321621894836,-0.007379935123026371,0.5550334453582764,0.3916991353034973,-0.01959330588579178,0.560114324092865,0.4191402792930603,-0.02501140721142292,0.5566152334213257,0.423714816570282,-0.02292475290596485,0.5591096878051758,0.42002585530281067,-0.021784573793411255,0.5601676106452942,0.42016685009002686,-0.0055514732375741005,0.5561800003051758,0.42524728178977966,-0.024701768532395363,0.5543426275253296,0.4267342686653137,-0.017155487090349197,0.5444018840789795,0.353646844625473,0.001219706842675805,0.5439513325691223,0.3578161895275116,-0.003618581686168909,0.54497230052948,0.36135753989219666,-0.008067692629992962,0.5694662928581238,0.3381381034851074,0.01511852815747261,0.5731267333030701,0.3340495228767395,0.016130175441503525,0.49309462308883667,0.3616988956928253,-0.017696095630526543,0.5007726550102234,0.35999795794487,-0.017696095630526543,0.49196743965148926,0.35065263509750366,-0.017696095630526543,0.48519790172576904,0.36335426568984985,-0.017696095630526543,0.49424704909324646,0.3726651072502136,-0.017696095630526543,0.5554315447807312,0.34411415457725525,0.008266142569482327,0.5618477463722229,0.3425670862197876,0.008266142569482327,0.554115891456604,0.3348742723464966,0.008266142569482327,0.5490305423736572,0.34572529792785645,0.008266142569482327,0.5568671822547913,0.35348954796791077,0.008266142569482327
1233.3333333333333,0.544960618019104,0.44877877831459045,-0.008840286172926426,0.5510735511779785,0.4223213791847229,-0.030822768807411194,0.5460342764854431,0.4284961223602295,-0.012915125116705894,0.5401167869567871,0.3908514678478241,-0.030870836228132248,0.5509170293807983,0.41338256001472473,-0.034413889050483704,0.5483645796775818,0.40016698837280273,-0.034122809767723083,0.5395007133483887,0.3651479482650757,-0.02455855906009674,0.4825553596019745,0.3662952482700348,-0.018941065296530724,0.5355198383331299,0.33712780475616455,-0.02489333041012287,0.5348526835441589,0.32393530011177063,-0.02895737811923027,0.5274728536605835,0.2734370827674866,-0.03233726695179939,0.5448636412620544,0.4515514075756073,-0.007326486986130476,0.5443770289421082,0.4542691707611084,-0.004842241760343313,0.5436801910400391,0.4561534523963928,-0.001009274972602725,0.5432995557785034,0.45634281635284424,-0.00014801611541770399,0.5438343286514282,0.4601552188396454,0.00035277026472613215,0.544033408164978,0.46446138620376587,0.00014707804075442255,0.5437425374984741,0.4688689112663269,0.002336339559406042,0.5439002513885498,0.4778045117855072,0.01004598569124937,0.5497931838035583,0.42611825466156006,-0.026965808123350143,0.5413450002670288,0.4267730712890625,-0.020266486331820488,0.44045400619506836,0.3270750939846039,-0.0083500100299716,0.504661500453949,0.37190619111061096,-0.0178022813051939,0.4979340136051178,0.3740832209587097,-0.01951196976006031,0.49074193835258484,0.3749505579471588,-0.019984787330031395,0.4793323278427124,0.36964601278305054,-0.01824420876801014,0.5100409984588623,0.3688623309135437,-0.015073483809828758,0.4917275607585907,0.3446885645389557,-0.026415659114718437,0.5001083016395569,0.3446437120437622,-0.023750875145196915,0.48413151502609253,0.347780704498291,-0.02608802355825901,0.4791034758090973,0.352550208568573,-0.024505021050572395,0.47379636764526367,0.3769824504852295,-0.015461298637092113,0.5205550193786621,0.49359866976737976,0.011966205202043056,0.47888875007629395,0.3630993068218231,-0.018038684502243996,0.4432773292064667,0.3713971674442291,0.0031048182863742113,0.4634389877319336,0.37102651596069336,-0.01316074188798666,0.5068754553794861,0.41382452845573425,-0.015254111960530281,0.5368624329566956,0.44866740703582764,-0.011118338443338871,0.5366703867912292,0.45515894889831543,-0.006576185580343008,0.5278382301330566,0.45142096281051636,-0.010126997716724873,0.5209671854972839,0.45315349102020264,-0.007235432509332895,0.5290624499320984,0.45562344789505005,-0.006608376279473305,0.5225850343704224,0.4557194113731384,-0.0038285197224467993,0.5110701322555542,0.46608492732048035,0.003726150142028928,0.545926034450531,0.42339232563972473,-0.03189929947257042,0.5449845790863037,0.41466039419174194,-0.03553754836320877,0.46948421001434326,0.3476184606552124,-0.028407592326402664,0.5179614424705505,0.38717925548553467,-0.016844134777784348,0.5254567861557007,0.42032113671302795,-0.02267451584339142,0.5236247181892395,0.4143681526184082,-0.02189096435904503,0.48308324813842773,0.4154970645904541,-0.01547603216022253,0.5426784753799438,0.402147501707077,-0.03454398363828659,0.48913663625717163,0.3352615237236023,-0.03426152467727661,0.47792479395866394,0.3398647904396057,-0.03260159492492676,0.45094722509384155,0.3095991313457489,-0.020797712728381157,0.5211251378059387,0.34004729986190796,-0.028458038344979286,0.5071427226066589,0.34813785552978516,-0.019354457035660744,0.5056365132331848,0.4587486982345581,0.0007379896705970168,0.45277130603790283,0.4536072015762329,0.04074795916676521,0.5299967527389526,0.4248791038990021,-0.017676474526524544,0.5354428291320801,0.42649370431900024,-0.0147171001881361,0.510810136795044,0.45501917600631714,0.0018047746270895004,0.5124353766441345,0.4553914964199066,0.0014522827696055174,0.47295108437538147,0.33420178294181824,-0.032319605350494385,0.5239076614379883,0.4230010509490967,-0.018329909071326256,0.5034304857254028,0.3347814977169037,-0.03300812095403671,0.5020567178726196,0.3271925747394562,-0.0362163670361042,0.4863777160644531,0.28446489572525024,-0.03768400847911835,0.4633515775203705,0.32192301750183105,-0.027932090684771538,0.4960020184516907,0.30516794323921204,-0.03780160844326019,0.4633679986000061,0.3433767855167389,-0.025725672021508217,0.45298412442207336,0.33600232005119324,-0.017851904034614563,0.5367686152458191,0.4522019624710083,-0.009601891040802002,0.5284831523895264,0.4535972476005554,-0.008554654195904732,0.5217955112457275,0.4544318616390228,-0.005895625799894333,0.531143844127655,0.42583373188972473,-0.015152089297771454,0.5116544365882874,0.4552120566368103,0.0017081378027796745,0.5160184502601624,0.4580325186252594,0.0006712163449265063,0.5132297873497009,0.45556220412254333,0.001554145012050867,0.5355676412582397,0.42356809973716736,-0.02651769109070301,0.5230733752250671,0.4567279815673828,-0.0018584714271128178,0.5294697880744934,0.4570525288581848,-0.0029898532666265965,0.536522626876831,0.4570263624191284,-0.0030154474079608917,0.5353996753692627,0.47949686646461487,0.007687764707952738,0.535757303237915,0.4699154794216156,-0.00013746008335147053,0.5361180305480957,0.4654194414615631,-0.0021834596991539,0.5363156199455261,0.46105706691741943,-0.0018973530968651175,0.5363488793373108,0.4573894441127777,-0.0021626753732562065,0.5230350494384766,0.4571332633495331,-0.0011617563432082534,0.5222979784011841,0.4587784707546234,-0.001121931942179799,0.5213466286659241,0.4610123038291931,-0.0014001148520037532,0.5205143690109253,0.46352458000183105,-0.00027596810832619667,0.5160110592842102,0.4453960061073303,-0.008264929056167603,0.43761828541755676,0.40865135192871094,0.03630543500185013,0.5481592416763306,0.4274578392505646,-0.01816112920641899,0.5180863738059998,0.45645588636398315,0.00041649205377325416,0.5171229839324951,0.45716387033462524,0.0005404173862189054,0.5378248691558838,0.4293801188468933,-0.013693624176084995,0.5250988602638245,0.42702391743659973,-0.011197634041309357,0.5367210507392883,0.42799776792526245,-0.014431774616241455,0.5109890699386597,0.3933474123477936,-0.016112197190523148,0.5002578496932983,0.401886910200119,-0.016826635226607323,0.5216012001037598,0.41763541102409363,-0.01787240244448185,0.46574240922927856,0.2952139973640442,-0.030949944630265236,0.4771251678466797,0.31129521131515503,-0.03426166996359825,0.4860602617263794,0.3280855715274811,-0.035901620984077454,0.5180368423461914,0.47223278880119324,0.004054019693285227,0.5188146233558655,0.3276199698448181,-0.033668383955955505,0.5135380029678345,0.30216512084007263,-0.03683233633637428,0.5061726570129395,0.2777656316757202,-0.03772265836596489,0.48377725481987,0.3736298978328705,-0.019278692081570625,0.4661615788936615,0.38510918617248535,-0.013071056455373764,0.513498842716217,0.36622023582458496,-0.013801350258290768,0.4719410836696625,0.35839971899986267,-0.0218252781778574,0.5229672193527222,0.3809707760810852,-0.018557259812951088,0.5312091112136841,0.4178774654865265,-0.02806023135781288,0.45723962783813477,0.3919137418270111,-0.007668924517929554,0.47334834933280945,0.3918343782424927,-0.015886884182691574,0.484523206949234,0.39443591237068176,-0.01776665262877941,0.4986124336719513,0.39057353138923645,-0.01644892245531082,0.5079347491264343,0.38492122292518616,-0.015179041773080826,0.5145845413208008,0.37969809770584106,-0.015135153196752071,0.5334082841873169,0.3683898150920868,-0.02444014884531498,0.46068263053894043,0.4120599627494812,-0.0052971746772527695,0.46550843119621277,0.35813406109809875,-0.021493203938007355,0.5465762615203857,0.42679131031036377,-0.02786971442401409,0.5208578109741211,0.3973701298236847,-0.017198754474520683,0.43253806233406067,0.36676841974258423,0.021279146894812584,0.519953727722168,0.3743942081928253,-0.015501816757023335,0.5191550850868225,0.4170196056365967,-0.01167366188019514,0.475620836019516,0.3637771010398865,-0.01765235885977745,0.5290966629981995,0.4105253219604492,-0.026922300457954407,0.443148136138916,0.431000679731369,0.03979218378663063,0.5124101042747498,0.3630629777908325,-0.013619603589177132,0.5360482931137085,0.4055425226688385,-0.03213801607489586,0.48325303196907043,0.47781065106391907,0.019481664523482323,0.48004281520843506,0.48517870903015137,0.031788941472768784,0.4468255639076233,0.4120960831642151,0.015027900226414204,0.4701218605041504,0.46652743220329285,0.02126883529126644,0.44698891043663025,0.3521829843521118,-0.006251379381865263,0.5191485285758972,0.5014227628707886,0.01697573997080326,0.5455584526062012,0.4277210235595703,-0.018524616956710815,0.5145668983459473,0.4046177566051483,-0.015262492932379246,0.45570650696754456,0.373047798871994,-0.009167259559035301,0.4913017749786377,0.36947208642959595,-0.02012729085981846,0.49768713116645813,0.36894673109054565,-0.01976718194782734,0.5149572491645813,0.45906054973602295,0.0013057736214250326,0.4630070626735687,0.43015018105506897,0.0017935881623998284,0.5301713943481445,0.5086801648139954,0.024194810539484024,0.5073461532592773,0.5017366409301758,0.02621588483452797,0.4954514503479004,0.49541252851486206,0.02837417833507061,0.5316877365112305,0.29902005195617676,-0.031896889209747314,0.5420268774032593,0.5061115026473999,0.027670711278915405,0.5031015276908875,0.36704233288764954,-0.018159642815589905,0.5079997777938843,0.3647724986076355,-0.015972519293427467,0.511137843132019,0.36373502016067505,-0.014126591384410858,0.45826593041419983,0.35611382126808167,-0.017487818375229836,0.5054445266723633,0.3550807535648346,-0.018633026629686356,0.49900656938552856,0.3520590662956238,-0.021441088989377022,0.49281248450279236,0.35237917304039,-0.02310524694621563,0.4867168068885803,0.35498353838920593,-0.02317558042705059,0.4829450249671936,0.3583030104637146,-0.02195451408624649,0.4345683157444,0.34501510858535767,0.0070043099112808704,0.48639196157455444,0.3682941496372223,-0.01964164525270462,0.5455442070960999,0.4348719120025635,-0.009983914904296398,0.523527979850769,0.44025522470474243,-0.010382960550487041,0.5307670831680298,0.424219012260437,-0.020391356199979782,0.5371813774108887,0.43705108761787415,-0.012178548611700535,0.536297619342804,0.3502810597419739,-0.022621743381023407,0.49601539969444275,0.4876726567745209,0.01993301510810852,0.5073343515396118,0.4947735667228699,0.019124913960695267,0.531645655632019,0.5045473575592041,0.01636943593621254,0.46590763330459595,0.4718341827392578,0.03694387525320053,0.5102182030677795,0.36012065410614014,-0.01583850383758545,0.5313881039619446,0.3853161334991455,-0.024669069796800613,0.5436886548995972,0.5018607974052429,0.020024878904223442,0.5190198421478271,0.5067070126533508,0.02364347130060196,0.45108506083488464,0.4320746660232544,0.019759561866521835,0.5294232964515686,0.45752739906311035,-0.0022044486831873655,0.5288650393486023,0.460365891456604,-0.0022025788202881813,0.5283244848251343,0.4638308882713318,-0.0025514119770377874,0.5278943181037903,0.4679051637649536,-0.001027983147650957,0.5260928273200989,0.4771447777748108,0.004610820673406124,0.5170249342918396,0.4555101990699768,-0.001348110381513834,0.5160593390464783,0.4548259973526001,-0.002309125615283847,0.5151903629302979,0.45410388708114624,-0.0032631023786962032,0.5095513463020325,0.4516514539718628,-0.005030473694205284,0.4768506586551666,0.435341477394104,-0.006187317427247763,0.5282482504844666,0.37411975860595703,-0.021112533286213875,0.5186471343040466,0.3549368679523468,-0.01609155163168907,0.5133116245269775,0.35614636540412903,-0.016028398647904396,0.5180155634880066,0.4561905562877655,-4.0601022192277014e-05,0.47560814023017883,0.45540907979011536,0.007778045255690813,0.5267964601516724,0.35438382625579834,-0.02164982445538044,0.5228328108787537,0.4849337935447693,0.008845699951052666,0.5454062223434448,0.3885727524757385,-0.030708450824022293,0.5368743538856506,0.3804517090320587,-0.028194250538945198,0.5426103472709656,0.3775535821914673,-0.02763781137764454,0.5280494093894958,0.4008275866508484,-0.022915268316864967,0.5443325638771057,0.4947417378425598,0.014781387522816658,0.5439792275428772,0.4855838418006897,0.012570460326969624,0.5340116024017334,0.4877395033836365,0.01027640700340271,0.5051685571670532,0.4711596965789795,0.006322227884083986,0.5133439302444458,0.4249941110610962,-0.010636377148330212,0.5132288932800293,0.47920364141464233,0.008144189603626728,0.4961104989051819,0.42682963609695435,-0.013924606144428253,0.5073032975196838,0.43526968359947205,-0.009863213635981083,0.4896477162837982,0.441587895154953,-0.008067228831350803,0.5328869819641113,0.4972582459449768,0.011598643846809864,0.5229524374008179,0.40549400448799133,-0.018702901899814606,0.4991380572319031,0.47878506779670715,0.011626050807535648,0.5097457766532898,0.48662370443344116,0.013335290364921093,0.49887770414352417,0.46157097816467285,0.0015403563156723976,0.46577924489974976,0.44477352499961853,0.008511513471603394,0.4883200526237488,0.464477002620697,0.00513933040201664,0.45795756578445435,0.45007607340812683,0.02292056567966938,0.5014627575874329,0.4467037320137024,-0.00673238281160593,0.5260543823242188,0.3912023901939392,-0.020635057240724564,0.5338404774665833,0.4224261939525604,-0.028453903272747993,0.5279615521430969,0.4235883355140686,-0.021750543266534805,0.5380985736846924,0.4163137376308441,-0.03244495764374733,0.5132701992988586,0.34678763151168823,-0.02143511362373829,0.5017962455749512,0.341823935508728,-0.026680106297135353,0.49128633737564087,0.3417762815952301,-0.029222307726740837,0.48230665922164917,0.34500646591186523,-0.0290509182959795,0.4756513237953186,0.3505239188671112,-0.026789559051394463,0.4707079529762268,0.36733168363571167,-0.016113771125674248,0.4440518915653229,0.391958087682724,0.00886592734605074,0.47905904054641724,0.3809159994125366,-0.0167146734893322,0.4878601133823395,0.38311558961868286,-0.01756337285041809,0.4977695345878601,0.3814513385295868,-0.01699787937104702,0.5061808824539185,0.3776761293411255,-0.015712281689047813,0.5123105049133301,0.37371858954429626,-0.013958773575723171,0.5167369842529297,0.3703917860984802,-0.013498879037797451,0.4343585968017578,0.38735145330429077,0.030396999791264534,0.5270546078681946,0.42487794160842896,-0.018206492066383362,0.5341204404830933,0.39519354701042175,-0.027598511427640915,0.5402718186378479,0.42309096455574036,-0.03104873187839985,0.5420311093330383,0.426199346780777,-0.026291945949196815,0.5388453006744385,0.42418015003204346,-0.02797129936516285,0.5280515551567078,0.42651355266571045,-0.0145510733127594,0.5441485643386841,0.4267740845680237,-0.02735438197851181,0.5432024002075195,0.42774808406829834,-0.019379206001758575,0.5154240131378174,0.3630850911140442,-0.012907755561172962,0.5200811624526978,0.3648669421672821,-0.014225544407963753,0.5238158106803894,0.366650253534317,-0.01692691259086132,0.4807291328907013,0.36085882782936096,-0.020323462784290314,0.47588050365448,0.3577871024608612,-0.021499065682291985,0.5496812462806702,0.388288676738739,-0.02605997957289219,0.5675053000450134,0.3423927128314972,0.01655704341828823,0.5530136227607727,0.42314064502716064,-0.01658688671886921,0.5764673352241516,0.2978241443634033,0.04641568288207054,0.5522627830505371,0.3571157455444336,0.004972657188773155,0.5585914850234985,0.35594165325164795,0.00790133886039257,0.5642630457878113,0.3537190854549408,0.011661815457046032,0.5687497854232788,0.34502220153808594,0.01929451897740364,0.5473538637161255,0.3563200533390045,0.0029172960203140974,0.5614079236984253,0.32792800664901733,0.002397880656644702,0.5541185140609741,0.3308626711368561,-0.0010280197020620108,0.56732577085495,0.32792744040489197,0.0071345483884215355,0.5703160166740417,0.33046168088912964,0.011367312632501125,0.5736870169639587,0.35015153884887695,0.02499442920088768,0.5592855215072632,0.4788656234741211,0.028207363560795784,0.5684311389923096,0.3388100862503052,0.01911318674683571,0.580162525177002,0.33763182163238525,0.05849432200193405,0.5762336850166321,0.3408820331096649,0.03228458762168884,0.5660008788108826,0.39810076355934143,0.007567290682345629,0.5509935021400452,0.44507989287376404,-0.005521569866687059,0.5496005415916443,0.4518280625343323,-0.0014168252237141132,0.5551888942718506,0.4438799321651459,0.0014967980096116662,0.5576188564300537,0.44338059425354004,0.008877548389136791,0.5532122254371643,0.4493975341320038,0.0034856111742556095,0.5556880235671997,0.44741496443748474,0.009752452373504639,0.562529444694519,0.45067858695983887,0.024734381586313248,0.5551027059555054,0.4204634428024292,-0.028830794617533684,0.5556663870811462,0.4116939604282379,-0.031872935593128204,0.5783145427703857,0.3215094208717346,0.014412829652428627,0.5528877973556519,0.3780626952648163,-0.001987237948924303,0.5608447194099426,0.4104246497154236,-0.008954154327511787,0.5595157742500305,0.40466615557670593,-0.00772446021437645,0.5795789361000061,0.3895263671875,0.02265338785946369,0.5528638362884521,0.39940303564071655,-0.029866576194763184,0.5697035789489746,0.3167225122451782,-0.004300692118704319,0.575640082359314,0.31717634201049805,0.004785875324159861,0.5745393633842468,0.2839520573616028,0.02839561365544796,0.5461262464523315,0.3323344588279724,-0.018415875732898712,0.5478892922401428,0.33642449975013733,-0.0010385164059698582,0.566077709197998,0.44119447469711304,0.026348495855927467,0.5703021287918091,0.4176298975944519,0.09157029539346695,0.5575388073921204,0.4169932007789612,-0.007617667317390442,0.5541142225265503,0.4215952157974243,-0.00965599250048399,0.560535728931427,0.44309818744659424,0.02379084751009941,0.5594461560249329,0.4441296458244324,0.020694827660918236,0.5772742629051208,0.30988144874572754,0.007424711249768734,0.5599391460418701,0.4132286310195923,-0.004909310955554247,0.5601913928985596,0.3207104802131653,-0.012438291683793068,0.561260461807251,0.31263649463653564,-0.015122689306735992,0.559532642364502,0.2701389789581299,-0.00944521464407444,0.5762044191360474,0.296111524105072,0.015912069007754326,0.5607931017875671,0.29083123803138733,-0.013539085164666176,0.5796188116073608,0.31547385454177856,0.020052773877978325,0.578632116317749,0.3068125247955322,0.03180380538105965,0.5505261421203613,0.44873082637786865,-0.004046017304062843,0.5542954206466675,0.44678401947021484,0.002341793617233634,0.5567547082901001,0.4453754425048828,0.008789635263383389,0.5563064813613892,0.4187707304954529,-0.006865250412374735,0.559986412525177,0.4436248242855072,0.02200145833194256,0.5583182573318481,0.4474581480026245,0.017609966918826103,0.5588780045509338,0.444659560918808,0.020247269421815872,0.5575910806655884,0.416780948638916,-0.017137905582785606,0.5546619892120361,0.44914186000823975,0.011004050262272358,0.552096962928772,0.4514959454536438,0.006470224820077419,0.5485354661941528,0.45399758219718933,0.002223146613687277,0.55049729347229,0.47457486391067505,0.01289268210530281,0.5497512221336365,0.46566468477249146,0.005344859324395657,0.549788236618042,0.46133989095687866,0.0034949223045259714,0.5491706132888794,0.4573575556278229,0.0036722489167004824,0.5480802059173584,0.4541288912296295,0.003150735516101122,0.5543169975280762,0.44912174344062805,0.011712743900716305,0.5554694533348083,0.4501347541809082,0.01171956118196249,0.556477427482605,0.45165741443634033,0.011946244165301323,0.5571417212486267,0.4536648690700531,0.014174911193549633,0.5635878443717957,0.4321681261062622,0.010441981256008148,0.5733128190040588,0.37250810861587524,0.09321944415569305,0.5563792586326599,0.44704118371009827,0.016694312915205956,0.5574336647987366,0.4471636414527893,0.01685066893696785,0.5523258447647095,0.42577970027923584,-0.008677606470882893,0.5580605864524841,0.41834592819213867,-0.0005620309966616333,0.5532125234603882,0.4238384962081909,-0.009528081864118576,0.558069109916687,0.3811006546020508,0.00389665924012661,0.5675976276397705,0.38421472907066345,0.01036629918962717,0.5595284700393677,0.4075305461883545,-0.003282134886831045,0.5697318315505981,0.27428117394447327,0.009185440838336945,0.57083660364151,0.2901252210140228,0.0010230888146907091,0.571030855178833,0.30825284123420715,-0.004339785315096378,0.5596669912338257,0.45897698402404785,0.02118677832186222,0.5482921600341797,0.3196162283420563,-0.02284141071140766,0.5481123924255371,0.2946012616157532,-0.024186646565794945,0.5459654927253723,0.27003392577171326,-0.02343846671283245,0.5676666498184204,0.34996509552001953,0.01600828394293785,0.5786863565444946,0.35513967275619507,0.03179993852972984,0.5443648099899292,0.3550885319709778,0.0022049869876354933,0.5740249156951904,0.33243948221206665,0.019399872049689293,0.5496994853019714,0.37392619252204895,-0.006645090412348509,0.5600817203521729,0.40967079997062683,-0.01690918207168579,0.5836821794509888,0.35892122983932495,0.043142594397068024,0.5787505507469177,0.36393994092941284,0.02621973305940628,0.5744096040725708,0.37060537934303284,0.01799006387591362,0.564033031463623,0.3727114796638489,0.010906878858804703,0.5556554198265076,0.3711559474468231,0.005554869771003723,0.5501867532730103,0.36889296770095825,0.0003549442917574197,0.5441895723342896,0.36556389927864075,-0.01931009441614151,0.5853636264801025,0.3784051239490509,0.04523036628961563,0.5772643685340881,0.3296850919723511,0.023532811552286148,0.5524179339408875,0.4248613715171814,-0.025421595200896263,0.554301917552948,0.38870769739151,-0.0029320463072508574,0.5749303102493286,0.3329441547393799,0.0800258219242096,0.5462822318077087,0.365978479385376,-0.00338417268358171,0.5583527684211731,0.40676137804985046,0.00293898512609303,0.5700939297676086,0.3385488986968994,0.021403713151812553,0.5581591129302979,0.40265512466430664,-0.015573259443044662,0.5724771022796631,0.39409786462783813,0.09419461339712143,0.5434039831161499,0.3515971302986145,0.0031637430656701326,0.5559577941894531,0.4001045525074005,-0.023853329941630363,0.5707840919494629,0.44774356484413147,0.0568627193570137,0.5663187503814697,0.454618364572525,0.07002472877502441,0.5820232033729553,0.37528693675994873,0.07017544656991959,0.5746882557868958,0.43291670083999634,0.06533108651638031,0.5794475078582764,0.32089993357658386,0.046709123998880386,0.5589104890823364,0.4854227900505066,0.03459835425019264,0.5503743290901184,0.4263443648815155,-0.01701674424111843,0.5585331916809082,0.3931674659252167,0.002373256254941225,0.5779681205749512,0.34065982699394226,0.040803782641887665,0.5634242296218872,0.348352313041687,0.011036205105483532,0.5582897663116455,0.3508976101875305,0.007788276299834251,0.5590394735336304,0.4480448067188263,0.019600646570324898,0.5839686989784241,0.3960261940956116,0.050380248576402664,0.5510581731796265,0.5000834465026855,0.03405279666185379,0.5595729351043701,0.4806780219078064,0.05074990540742874,0.5623840093612671,0.46957021951675415,0.05936190485954285,0.5526682138442993,0.3517815172672272,0.005326113197952509,0.5475596189498901,0.3516266644001007,0.004209884908050299,0.5446275472640991,0.3517877459526062,0.003992059733718634,0.5785796642303467,0.3257865309715271,0.031013384461402893,0.5476312637329102,0.3421631455421448,0.0020253665279597044,0.5527973175048828,0.3373125195503235,0.002611445030197501,0.5588530898094177,0.33491960167884827,0.004913289565593004,0.5639772415161133,0.3348417282104492,0.008699656464159489,0.5665760636329651,0.3363278806209564,0.01222039945423603,0.5767707824707031,0.3132146894931793,0.06453776359558105,0.5661397576332092,0.3453475832939148,0.014224233105778694,0.5599020719528198,0.4304332435131073,0.0038432017900049686,0.5582610368728638,0.4161597490310669,-0.010739913210272789,0.5527427792549133,0.43287476897239685,-0.006287586409598589,0.5660823583602905,0.4617706537246704,0.05009991675615311,0.5622743964195251,0.47328510880470276,0.04283152148127556,0.553185760974884,0.49580469727516174,0.025969333946704865,0.5683812499046326,0.43816936016082764,0.08213203400373459,0.5447183847427368,0.3480144739151001,0.002618674421682954,0.5499176979064941,0.38041821122169495,-0.01662055216729641,0.5563874840736389,0.4912942945957184,0.04181835427880287,0.5804036855697632,0.39496085047721863,0.07245711237192154,0.551668643951416,0.4515950083732605,0.007326469291001558,0.5529208183288574,0.4537215232849121,0.007613931316882372,0.5537651777267456,0.45657750964164734,0.007819296792149544,0.5541803240776062,0.4603250026702881,0.009872252121567726,0.5559363961219788,0.467333048582077,0.016970641911029816,0.5576128363609314,0.44566139578819275,0.015607225708663464,0.5585280656814575,0.4443359375,0.01630006544291973,0.5593302249908447,0.4430569112300873,0.016662899404764175,0.5658776164054871,0.43572261929512024,0.0184749998152256,0.5815711617469788,0.40562981367111206,0.034886546432971954,0.5468264818191528,0.36928048729896545,-0.012687982991337776,0.5417138338088989,0.34640637040138245,-0.005423612426966429,0.5433734655380249,0.34569841623306274,-0.0005805256660096347,0.5565215349197388,0.4471142888069153,0.01629294455051422,0.5778895616531372,0.4241434931755066,0.049233462661504745,0.5405758619308472,0.3489852547645569,-0.015233783982694149,0.5574297904968262,0.472484827041626,0.022761285305023193,0.5472241640090942,0.3776867091655731,-0.023873474448919296,0.554446280002594,0.3938807547092438,-0.012465974316000938,0.5516926646232605,0.48130345344543457,0.01698685809969902,0.5657624006271362,0.4514693021774292,0.030818361788988113,0.5627882480621338,0.4118265211582184,0.007692842278629541,0.5616174936294556,0.46252918243408203,0.02746383659541607,0.5744417309761047,0.4051741659641266,0.015559345483779907,0.5678605437278748,0.41853800415992737,0.013187117874622345,0.5770816802978516,0.4163350462913513,0.025569917634129524,0.5534891486167908,0.48937514424324036,0.020572388544678688,0.5557500720024109,0.39695343375205994,-0.005631971638649702,0.567760169506073,0.4548421800136566,0.04005666822195053,0.5629080533981323,0.46693283319473267,0.03513924032449722,0.5701086521148682,0.43979161977767944,0.03133324533700943,0.5811440348625183,0.410804808139801,0.05492246523499489,0.5738140940666199,0.43719008564949036,0.03987475857138634,0.5778594613075256,0.41380515694618225,0.07285808771848679,0.5707509517669678,0.42701083421707153,0.020600752905011177,0.5519253611564636,0.3844231963157654,-0.00929679349064827,0.5592942833900452,0.4147084653377533,-0.01830153539776802,0.5600748658180237,0.41439688205718994,-0.010180013254284859,0.5584096908569336,0.41035300493240356,-0.024367811158299446,0.5465685725212097,0.33609849214553833,-0.006680797319859266,0.5565921664237976,0.3275871276855469,-0.004774406552314758,0.5652647614479065,0.32441049814224243,-0.0004547776479739696,0.5713794231414795,0.32440322637557983,0.005695824045687914,0.5741727948188782,0.3270576596260071,0.01202772930264473,0.5728524923324585,0.3399967849254608,0.02552112005650997,0.581824779510498,0.3562109172344208,0.06542665511369705,0.572477400302887,0.355704128742218,0.0212557390332222,0.5684634447097778,0.3609105944633484,0.015524210408329964,0.5609918832778931,0.36337587237358093,0.010198491625487804,0.5534003376960754,0.36335793137550354,0.005683710798621178,0.5480871796607971,0.36211705207824707,0.002184152603149414,0.5447577238082886,0.36071887612342834,-0.0003394746745470911,0.5734184980392456,0.35251596570014954,0.08878625929355621,0.5590147972106934,0.41592228412628174,-0.006869913544505835,0.552584707736969,0.39024266600608826,-0.019395379349589348,0.5576800107955933,0.4174404442310333,-0.024554118514060974,0.5541644096374512,0.42202824354171753,-0.022519195452332497,0.5566272735595703,0.41833972930908203,-0.02134057693183422,0.5574959516525269,0.4185439348220825,-0.005063491407781839,0.5537512898445129,0.42356401681900024,-0.024291206151247025,0.5518776178359985,0.4250422716140747,-0.01679687760770321,0.542361855506897,0.35293257236480713,0.0009999042376875877,0.5418149828910828,0.3568388819694519,-0.0038617083337157965,0.5427940487861633,0.3600538671016693,-0.008322175592184067,0.5677793622016907,0.3376725912094116,0.015400140546262264,0.5712980031967163,0.33355966210365295,0.01645169034600258,0.4915657043457031,0.36095359921455383,-0.018929103389382362,0.4992201626300812,0.35926926136016846,-0.018929103389382362,0.4905214309692383,0.35025644302368164,-0.018929103389382362,0.48372676968574524,0.3625933527946472,-0.018929103389382362,0.49261534214019775,0.37154242396354675,-0.018929103389382362,0.5533937811851501,0.3428299129009247,0.008368732407689095,0.5601422786712646,0.34111976623535156,0.008368732407689095,0.5520769357681274,0.3334357738494873,0.008368732407689095,0.5466405749320984,0.34452542662620544,0.008368732407689095,0.554802417755127,0.35226988792419434,0.008368732407689095
1266.6666666666665,0.5451083779335022,0.4468090832233429,-0.009297867305576801,0.5504472851753235,0.4199000895023346,-0.031010130420327187,0.5456418991088867,0.4260713458061218,-0.013142483308911324,0.5396714210510254,0.3886507451534271,-0.03068595938384533,0.5503032207489014,0.4109838008880615,-0.03454696014523506,0.5478335618972778,0.39789050817489624,-0.03415370732545853,0.5392602682113647,0.36323899030685425,-0.024220060557127,0.48259681463241577,0.36445680260658264,-0.017932148650288582,0.5352984070777893,0.3347693979740143,-0.02433723211288452,0.5346470475196838,0.32148629426956177,-0.028306620195508003,0.5274582505226135,0.27162280678749084,-0.03134584426879883,0.544966459274292,0.4496346712112427,-0.007832914590835571,0.5444076061248779,0.45236778259277344,-0.005373666062951088,0.5436362624168396,0.4542539715766907,-0.0016362527385354042,0.543323278427124,0.45428982377052307,-0.0005406165146268904,0.5438573956489563,0.4581892788410187,-0.00012950104428455234,0.5440306663513184,0.46259862184524536,-0.0003106679941993207,0.5436649322509766,0.4671008884906769,0.0019535610917955637,0.5436261892318726,0.47651180624961853,0.009756245650351048,0.5492225289344788,0.4237111508846283,-0.027172332629561424,0.5409733653068542,0.4243445098400116,-0.02038448676466942,0.44078245759010315,0.324642539024353,-0.006634216755628586,0.5043235421180725,0.3704874813556671,-0.01712830923497677,0.4976848065853119,0.3725604712963104,-0.018744152039289474,0.49058592319488525,0.37324610352516174,-0.019119085744023323,0.47928526997566223,0.3677721619606018,-0.01723223738372326,0.509639322757721,0.3674751818180084,-0.014446698129177094,0.4919189512729645,0.34282925724983215,-0.025445682927966118,0.5001439452171326,0.3429829180240631,-0.022889800369739532,0.4843679666519165,0.345793217420578,-0.02503249980509281,0.4792860448360443,0.3505133390426636,-0.02341328375041485,0.47372210025787354,0.37499338388442993,-0.014427882619202137,0.5202244520187378,0.49186089634895325,0.01192654762417078,0.4789770841598511,0.36120447516441345,-0.01697021722793579,0.44312915205955505,0.36905983090400696,0.004561710637062788,0.4634284973144531,0.36901724338531494,-0.01194342877715826,0.5064641237258911,0.41142773628234863,-0.014896281994879246,0.5369252562522888,0.4465480446815491,-0.011444848962128162,0.5365848541259766,0.4531596004962921,-0.007006712257862091,0.5277316570281982,0.4492115080356598,-0.010334152728319168,0.5206402540206909,0.45080775022506714,-0.00732233002781868,0.5288119316101074,0.45352596044540405,-0.006919313687831163,0.5221633315086365,0.45349738001823425,-0.004033278673887253,0.510805606842041,0.4636845588684082,0.003792551811784506,0.5453231334686279,0.42091187834739685,-0.03201817348599434,0.5443655252456665,0.4122157096862793,-0.035587456077337265,0.46972766518592834,0.34549424052238464,-0.02698170393705368,0.5177189707756042,0.38506370782852173,-0.01643504947423935,0.5250388383865356,0.4178515672683716,-0.022552156820893288,0.5231930613517761,0.41198453307151794,-0.021732091903686523,0.4825807809829712,0.4130423963069916,-0.014807240106165409,0.542133092880249,0.3998115062713623,-0.03447185084223747,0.4897678792476654,0.33337774872779846,-0.03296230360865593,0.478416383266449,0.33774834871292114,-0.031170489266514778,0.4512399733066559,0.30710625648498535,-0.019053148105740547,0.52117919921875,0.33897966146469116,-0.02766858972609043,0.5069867372512817,0.3466286361217499,-0.018616313114762306,0.5053120851516724,0.4561344385147095,0.0008850080193951726,0.452230304479599,0.4514758586883545,0.04140263795852661,0.5296470522880554,0.42239847779273987,-0.017661623656749725,0.5350831747055054,0.4240574240684509,-0.014797702431678772,0.5101258158683777,0.45241260528564453,0.0018734120531007648,0.5117735266685486,0.45288750529289246,0.0014586583711206913,0.4734196364879608,0.3318966031074524,-0.030817236751317978,0.5234935879707336,0.4205459952354431,-0.01823578216135502,0.5040095448493958,0.3333591818809509,-0.0319560207426548,0.5027278065681458,0.3255179524421692,-0.03510972112417221,0.4864532947540283,0.28219616413116455,-0.036208413541316986,0.4634012281894684,0.31923598051071167,-0.02630593627691269,0.4959152042865753,0.30268266797065735,-0.03649907186627388,0.4634893834590912,0.3411136567592621,-0.024220261722803116,0.4530586004257202,0.3333888649940491,-0.016215553507208824,0.5367704033851624,0.450151264667511,-0.009977832436561584,0.5283060073852539,0.45143449306488037,-0.00882030464708805,0.5214273929595947,0.4521402418613434,-0.00605105422437191,0.530791699886322,0.42337578535079956,-0.015148469246923923,0.5109865665435791,0.45265763998031616,0.001738797640427947,0.5154663324356079,0.4557446539402008,0.0006584133370779455,0.5125719308853149,0.45310935378074646,0.0015535932034254074,0.5351323485374451,0.42107468843460083,-0.026486823335289955,0.5226075649261475,0.4545573592185974,-0.0021163024939596653,0.5291566848754883,0.45499664545059204,-0.0033798995427787304,0.5363588333129883,0.45505163073539734,-0.0035279192961752415,0.5350996851921082,0.4779905676841736,0.007504909299314022,0.5356651544570923,0.4680769443511963,-0.0003922858741134405,0.5360607504844666,0.46345874667167664,-0.0024826370645314455,0.5362530946731567,0.4590238332748413,-0.0022337129339575768,0.536261796951294,0.45527130365371704,-0.0024326974526047707,0.5226070284843445,0.45498937368392944,-0.0012330742320045829,0.5218921303749084,0.4566320776939392,-0.0012173756258562207,0.5209569334983826,0.45889756083488464,-0.0014876608038321137,0.5201272368431091,0.461445689201355,-0.0003157712344545871,0.515536367893219,0.4427611529827118,-0.008199824020266533,0.4373135566711426,0.40639543533325195,0.03743243217468262,0.5476754307746887,0.425057053565979,-0.018378369510173798,0.5174879431724548,0.4542312026023865,0.00041599967516958714,0.5165526866912842,0.45490407943725586,0.0005245682550594211,0.5374050736427307,0.4269191324710846,-0.013816563412547112,0.5246702432632446,0.4245864450931549,-0.011185379698872566,0.5363273024559021,0.42555487155914307,-0.014530589804053307,0.5106862783432007,0.3911527991294861,-0.01566505618393421,0.49987518787384033,0.3995475172996521,-0.016269246116280556,0.5211769342422485,0.41525426506996155,-0.01772751286625862,0.4659525454044342,0.29277217388153076,-0.029293950647115707,0.4771004319190979,0.3086565434932709,-0.032752204686403275,0.48676377534866333,0.3259507417678833,-0.034555584192276,0.5177251696586609,0.47015130519866943,0.004066369496285915,0.5190639495849609,0.32632869482040405,-0.03278505429625511,0.5134449601173401,0.29990848898887634,-0.03575887531042099,0.5061800479888916,0.2757219672203064,-0.03648851066827774,0.4836947023868561,0.3718135952949524,-0.018331443890929222,0.46602725982666016,0.38304877281188965,-0.012004653923213482,0.5130993127822876,0.36485379934310913,-0.013188284821808338,0.47206759452819824,0.3564258813858032,-0.020598607137799263,0.5227368474006653,0.37889364361763,-0.018154019489884377,0.5307223796844482,0.41540905833244324,-0.027962137013673782,0.4568423628807068,0.3894861936569214,-0.006519780028611422,0.47320935130119324,0.3897261917591095,-0.01495433785021305,0.484338641166687,0.392333447933197,-0.01700061373412609,0.49829965829849243,0.38870304822921753,-0.015816880390048027,0.5075607895851135,0.3832477927207947,-0.014646759256720543,0.5141709446907043,0.37808388471603394,-0.01464974507689476,0.5331540703773499,0.36640119552612305,-0.024011103436350822,0.4601013660430908,0.4096623659133911,-0.004319365136325359,0.4656670391559601,0.3560808598995209,-0.02016562782227993,0.5460574626922607,0.4243425726890564,-0.028023255988955498,0.5205378532409668,0.39516618847846985,-0.01691642589867115,0.4326857924461365,0.3644960820674896,0.022757962346076965,0.5195019245147705,0.3727944493293762,-0.015027986839413643,0.5187495946884155,0.414681077003479,-0.01152659673243761,0.4756532311439514,0.3618841767311096,-0.016546018421649933,0.5286145806312561,0.4081631004810333,-0.02678307518362999,0.44264376163482666,0.42880919575691223,0.04069655388593674,0.5120850205421448,0.36167436838150024,-0.012953061610460281,0.5355356931686401,0.4031805396080017,-0.032016437500715256,0.4827934503555298,0.4757259488105774,0.019827695563435555,0.47961336374282837,0.48305416107177734,0.03201763331890106,0.4462486207485199,0.40983039140701294,0.01615523174405098,0.46953925490379333,0.4644968509674072,0.021773595362901688,0.4470008611679077,0.34974750876426697,-0.00469417218118906,0.5188103318214417,0.49975964426994324,0.016922693699598312,0.5451183915138245,0.42530548572540283,-0.018704097718000412,0.5142265558242798,0.4023350179195404,-0.014974575489759445,0.4555521607398987,0.37103572487831116,-0.007861478254199028,0.4912351369857788,0.3678298890590668,-0.01924256980419159,0.4975288212299347,0.3674255907535553,-0.018955949693918228,0.5144059062004089,0.4567576050758362,0.001315371599048376,0.4623499810695648,0.42782607674598694,0.0025850809179246426,0.5298692584037781,0.5072752833366394,0.023916175588965416,0.5070639848709106,0.4997810125350952,0.02623116411268711,0.49513888359069824,0.4933171272277832,0.028477290645241737,0.5316289663314819,0.2969604730606079,-0.031097110360860825,0.5417401194572449,0.5050103664398193,0.02719920314848423,0.502859354019165,0.36560118198394775,-0.0174194797873497,0.5076813101768494,0.36338478326797485,-0.015276184305548668,0.5107946991920471,0.3623688817024231,-0.01344042457640171,0.4583112299442291,0.35395610332489014,-0.016063658520579338,0.5052000284194946,0.35341596603393555,-0.017888983711600304,0.4989151954650879,0.35016700625419617,-0.020621154457330704,0.49287283420562744,0.35033291578292847,-0.022198902443051338,0.4868479073047638,0.352883517742157,-0.022190669551491737,0.4830808639526367,0.35624122619628906,-0.020941264927387238,0.434848427772522,0.3426802158355713,0.008611776866018772,0.48638471961021423,0.3665371537208557,-0.018690166994929314,0.5451347231864929,0.432375967502594,-0.010267001576721668,0.5230242609977722,0.43764787912368774,-0.010378161445260048,0.5304165482521057,0.4217117726802826,-0.020353317260742188,0.5367122292518616,0.4344713091850281,-0.012331302277743816,0.5361104011535645,0.34826499223709106,-0.022181427106261253,0.4956681728363037,0.4855763018131256,0.020143529400229454,0.5069676637649536,0.4928877055644989,0.01920137368142605,0.5313023924827576,0.5031368732452393,0.016149422153830528,0.4653913378715515,0.4697449505329132,0.03737271949648857,0.509920060634613,0.3586445450782776,-0.015131327323615551,0.5310544371604919,0.38317015767097473,-0.024365654215216637,0.5433828830718994,0.5008033514022827,0.019616294652223587,0.5187316536903381,0.5049970746040344,0.023542044684290886,0.4503641426563263,0.4299195110797882,0.020670946687459946,0.5291733145713806,0.4554004371166229,-0.0023669321089982986,0.52864009141922,0.4582918584346771,-0.002396885771304369,0.5281323790550232,0.46184009313583374,-0.002719980664551258,0.5277000665664673,0.4660092294216156,-0.001146405702456832,0.5257801413536072,0.47536763548851013,0.0045529515482485294,0.5164569020271301,0.453144371509552,-0.0014263911871239543,0.5155065655708313,0.45238274335861206,-0.002346496330574155,0.5146536827087402,0.4515981674194336,-0.0032546089496463537,0.5091423392295837,0.4489806294441223,-0.004900102969259024,0.4762229025363922,0.432969331741333,-0.0055924151092767715,0.5280004739761353,0.37207382917404175,-0.020698189735412598,0.518250584602356,0.35351258516311646,-0.01551617868244648,0.5129687786102295,0.3547092080116272,-0.015344355255365372,0.517417311668396,0.4539031386375427,-0.0001560660166433081,0.47507625818252563,0.45316559076309204,0.008273349143564701,0.5264009833335876,0.35293251276016235,-0.02109922468662262,0.5224930047988892,0.48317477107048035,0.008813615888357162,0.5449787974357605,0.3864259123802185,-0.030616559088230133,0.5365287661552429,0.3783615231513977,-0.027889395132660866,0.5422745943069458,0.3755362629890442,-0.027411572635173798,0.5276533365249634,0.3985629677772522,-0.022715823724865913,0.5440428853034973,0.4936489462852478,0.014439399354159832,0.5437153577804565,0.48440754413604736,0.01226808037608862,0.533695638179779,0.486286997795105,0.010107330977916718,0.5048590898513794,0.4688056707382202,0.006454101298004389,0.5129350423812866,0.42254236340522766,-0.010431733913719654,0.5129067301750183,0.47713813185691833,0.008200859650969505,0.4956187903881073,0.42435216903686523,-0.013494662009179592,0.5068738460540771,0.4327193796634674,-0.009607810527086258,0.4891723692417145,0.4390808343887329,-0.007665308192372322,0.5325652360916138,0.4958101511001587,0.011430853977799416,0.5225732326507568,0.40322065353393555,-0.018505722284317017,0.49883559346199036,0.47653791308403015,0.011815405450761318,0.509400486946106,0.4846714735031128,0.01339560467749834,0.49852627515792847,0.4590602517127991,0.0017711857799440622,0.4651588797569275,0.44253143668174744,0.009162516333162785,0.487908273935318,0.46214914321899414,0.005470849573612213,0.45725977420806885,0.44802939891815186,0.023643990978598595,0.501050591468811,0.4440755844116211,-0.006471934728324413,0.5257374048233032,0.3890334367752075,-0.02034110389649868,0.5333849191665649,0.4199160933494568,-0.028396612033247948,0.5275701284408569,0.4210766851902008,-0.021682651713490486,0.5375476479530334,0.41384196281433105,-0.03239420801401138,0.5131332278251648,0.34546759724617004,-0.020706387236714363,0.502029538154602,0.34027695655822754,-0.02571582794189453,0.4916829466819763,0.3399086892604828,-0.028094884008169174,0.48270440101623535,0.34297677874565125,-0.027823587879538536,0.47590675950050354,0.3484712541103363,-0.025508780032396317,0.47071972489356995,0.36540520191192627,-0.014958214946091175,0.44369661808013916,0.3896273374557495,0.010176070034503937,0.47897234559059143,0.37895023822784424,-0.015774661675095558,0.4877068102359772,0.38122111558914185,-0.01673281565308571,0.4975070059299469,0.37976962327957153,-0.016288183629512787,0.5058133006095886,0.37616071105003357,-0.015129650011658669,0.5118767619132996,0.37224745750427246,-0.013413364998996258,0.5162546038627625,0.36890700459480286,-0.012990820221602917,0.4342986047267914,0.3850862681865692,0.03171677887439728,0.5266661047935486,0.42239898443222046,-0.01815522462129593,0.5336939096450806,0.39294788241386414,-0.027389882132411003,0.5397551655769348,0.42058250308036804,-0.031078482046723366,0.5416063666343689,0.42373770475387573,-0.026402145624160767,0.5384092926979065,0.4216853976249695,-0.028003934770822525,0.5276452302932739,0.4240601658821106,-0.01454911194741726,0.543673038482666,0.42431318759918213,-0.027493616566061974,0.5427985191345215,0.4253235161304474,-0.019525760784745216,0.5150318741798401,0.3617013692855835,-0.012302777729928493,0.5195735096931458,0.3633855879306793,-0.013707528822124004,0.5233327746391296,0.36508482694625854,-0.016441375017166138,0.48086151480674744,0.3588568866252899,-0.019288422539830208,0.4759960174560547,0.3558318614959717,-0.020382266491651535,0.5493006706237793,0.3862091898918152,-0.02608090452849865,0.5670787692070007,0.3406917452812195,0.016125397756695747,0.5524976253509521,0.420921266078949,-0.01685561239719391,0.5769867300987244,0.2969444990158081,0.04597952961921692,0.552101731300354,0.35563480854034424,0.004745864309370518,0.5583810806274414,0.35448428988456726,0.00758204935118556,0.5639911890029907,0.35224348306655884,0.01126990094780922,0.5685016512870789,0.343402624130249,0.018816182389855385,0.5471809506416321,0.3547711968421936,0.002830331213772297,0.5610089302062988,0.3268548846244812,0.002184272976592183,0.5537971258163452,0.3296547532081604,-0.001104756724089384,0.5668681859970093,0.32677924633026123,0.006833659950643778,0.5698725581169128,0.32909223437309265,0.010992135852575302,0.573516309261322,0.34870707988739014,0.02444244734942913,0.5592929124832153,0.477672815322876,0.027510907500982285,0.567992627620697,0.3371504843235016,0.018690243363380432,0.5810346603393555,0.3365851044654846,0.05774426460266113,0.5761210322380066,0.3394562602043152,0.031704988330602646,0.5661482810974121,0.396354615688324,0.006988270673900843,0.5511365532875061,0.4430178701877594,-0.006069175433367491,0.5496237874031067,0.4498724639415741,-0.0020491378381848335,0.5552103519439697,0.44170814752578735,0.0008127662586048245,0.5575706362724304,0.4411344528198242,0.008116986602544785,0.5531991720199585,0.44737714529037476,0.0027655765879899263,0.555638313293457,0.4453392028808594,0.008985709398984909,0.5624979138374329,0.4489469528198242,0.02389521710574627,0.5545063614845276,0.4181377589702606,-0.02908540889620781,0.5551038980484009,0.40940067172050476,-0.03208030387759209,0.5781358480453491,0.32062041759490967,0.014102230779826641,0.5529544949531555,0.37639379501342773,-0.0021736796479672194,0.5606347918510437,0.40846365690231323,-0.009397509507834911,0.5593982934951782,0.4027615487575531,-0.008149586617946625,0.5801376104354858,0.388043075799942,0.021820658817887306,0.552390456199646,0.39720824360847473,-0.029997436329722404,0.5694274306297302,0.31646454334259033,-0.004253225866705179,0.5753945708274841,0.31669268012046814,0.004683168139308691,0.5748311281204224,0.28293710947036743,0.028178004547953606,0.5460339188575745,0.3317154347896576,-0.018062163144350052,0.5476059913635254,0.33494096994400024,-0.0010634548962116241,0.5660927891731262,0.43935954570770264,0.025400599464774132,0.5715838670730591,0.4165227711200714,0.09030310809612274,0.5571970343589783,0.4149589240550995,-0.008006944321095943,0.5536837577819824,0.41942936182022095,-0.009945387952029705,0.5603732466697693,0.440851628780365,0.022896192967891693,0.5593404769897461,0.4419427514076233,0.019856400787830353,0.5771235227584839,0.30913662910461426,0.007294812705367804,0.5597380995750427,0.4112754464149475,-0.0053752725943923,0.5599440336227417,0.3204844892024994,-0.012252744287252426,0.5610311627388,0.3121519088745117,-0.014901726506650448,0.5596917867660522,0.2687241733074188,-0.009104571305215359,0.5764343738555908,0.29471129179000854,0.015759306028485298,0.5609222650527954,0.2890787720680237,-0.013257700949907303,0.5796002149581909,0.31440094113349915,0.019716765731573105,0.5790472626686096,0.30556362867355347,0.031436946243047714,0.5506139993667603,0.4467359781265259,-0.004644881468266249,0.5542988181114197,0.4447014033794403,0.0016332874074578285,0.5567014217376709,0.4432128965854645,0.008036259561777115,0.555939257144928,0.4167119264602661,-0.007208606693893671,0.5598489046096802,0.4414108097553253,0.0211473498493433,0.5582435131072998,0.44550764560699463,0.01686059683561325,0.5587987899780273,0.44250717759132385,0.019427496939897537,0.557163417339325,0.41465285420417786,-0.017497120425105095,0.554619550704956,0.44714683294296265,0.010200070217251778,0.5520744919776917,0.4495503604412079,0.005691245663911104,0.5485208630561829,0.4520798921585083,0.0014995471574366093,0.5503602027893066,0.47324666380882263,0.01247739139944315,0.549628496170044,0.4639882445335388,0.004856856074184179,0.5497488379478455,0.4595314562320709,0.002963314764201641,0.5491814613342285,0.4554615616798401,0.003104590578004718,0.5480999946594238,0.4521351456642151,0.002657769713550806,0.5543243288993835,0.447248250246048,0.011092385277152061,0.5554577708244324,0.4482991695404053,0.011064712889492512,0.5564175248146057,0.44987261295318604,0.011281714774668217,0.5570247173309326,0.451955646276474,0.01349320076406002,0.5634874701499939,0.4301016330718994,0.009691588580608368,0.5747365355491638,0.3714335560798645,0.09212962538003922,0.5563810467720032,0.44508910179138184,0.015984855592250824,0.5574133396148682,0.44520771503448486,0.016116691753268242,0.5519489049911499,0.4234880805015564,-0.009009379893541336,0.5578199625015259,0.41634660959243774,-0.0010003037750720978,0.5528016090393066,0.4216112792491913,-0.009824602864682674,0.5582444667816162,0.37946224212646484,0.003561589168384671,0.5678874254226685,0.3826077878475189,0.009865136817097664,0.559435248374939,0.4056396782398224,-0.0037424196489155293,0.5699456334114075,0.2730807662010193,0.009235955774784088,0.5710015296936035,0.2885575592517853,0.0010718886042013764,0.5707800984382629,0.30771246552467346,-0.004302795510739088,0.5596800446510315,0.45740216970443726,0.020454654470086098,0.548249363899231,0.31886300444602966,-0.022422481328248978,0.5481624603271484,0.29270800948143005,-0.023661799728870392,0.5460521578788757,0.2684318423271179,-0.022784514352679253,0.5673770904541016,0.348405122756958,0.015560341067612171,0.5786311030387878,0.35380592942237854,0.03110482357442379,0.5441436171531677,0.35347780585289,0.002177608897909522,0.5737749338150024,0.33102038502693176,0.018961980938911438,0.5496800541877747,0.37220650911331177,-0.006709802430123091,0.5597569346427917,0.4076290726661682,-0.017272094264626503,0.584591805934906,0.35770413279533386,0.042292095720767975,0.5786392688751221,0.36288583278656006,0.02549167536199093,0.5741809010505676,0.36978381872177124,0.017354367300868034,0.5637723207473755,0.37181681394577026,0.010476556606590748,0.5554070472717285,0.3700905442237854,0.005278582684695721,0.5498866438865662,0.3676653802394867,0.0002264475479023531,0.5439972877502441,0.36372458934783936,-0.019088393077254295,0.5863828659057617,0.3771193325519562,0.04421824589371681,0.5771212577819824,0.328465074300766,0.0230615995824337,0.5518426895141602,0.4225170612335205,-0.025682000443339348,0.5543076395988464,0.38691145181655884,-0.0032259654253721237,0.5759820342063904,0.3320808410644531,0.07921034842729568,0.5459716320037842,0.3645409345626831,-0.003389233024790883,0.5583381056785583,0.40490177273750305,0.002469331957399845,0.5698146224021912,0.33692264556884766,0.02095414698123932,0.5579420328140259,0.40066465735435486,-0.015895800665020943,0.5739324688911438,0.3929942548274994,0.09302007406949997,0.5430409908294678,0.3498566150665283,0.0031551113352179527,0.5556048154830933,0.3980058431625366,-0.02408321015536785,0.5713438391685486,0.4465791583061218,0.05572838708758354,0.5669330954551697,0.45342862606048584,0.06884199380874634,0.5832861065864563,0.3741205334663391,0.06912778317928314,0.5755453109741211,0.43182334303855896,0.0641084685921669,0.5800908803939819,0.31981149315834045,0.04616556316614151,0.5588875412940979,0.4843553900718689,0.03385318070650101,0.549871563911438,0.4240017235279083,-0.017260538414120674,0.5586150288581848,0.39140039682388306,0.0019443859346210957,0.5779293775558472,0.33931034803390503,0.04013371467590332,0.5630847215652466,0.34666600823402405,0.010681995190680027,0.5580408573150635,0.34925466775894165,0.007507870905101299,0.5589083433151245,0.44611433148384094,0.0188011322170496,0.5850056409835815,0.39475616812705994,0.04925794154405594,0.55086350440979,0.49906259775161743,0.033409278839826584,0.5596739649772644,0.4794919490814209,0.049859270453453064,0.5626649856567383,0.46835219860076904,0.058323685079813004,0.5524653196334839,0.3501717150211334,0.005140733439475298,0.5473770499229431,0.3500120937824249,0.0041123852133750916,0.5443786382675171,0.3501288890838623,0.003963237162679434,0.5785478949546814,0.32452577352523804,0.030499817803502083,0.5471617579460144,0.3404354751110077,0.0019408395746722817,0.5522181987762451,0.3357125520706177,0.002474418142810464,0.5581856966018677,0.3333931267261505,0.004692254588007927,0.5633077025413513,0.33333128690719604,0.008398937992751598,0.5659511685371399,0.33474665880203247,0.011856179684400558,0.5775342583656311,0.31238794326782227,0.06391333043575287,0.5657523274421692,0.3436007499694824,0.013823497109115124,0.5597371459007263,0.42827701568603516,0.003237958997488022,0.5578967332839966,0.4141075611114502,-0.011096878908574581,0.5523912906646729,0.4304981231689453,-0.006683159153908491,0.5663661360740662,0.46056312322616577,0.04911242052912712,0.5624105930328369,0.4721143841743469,0.04197445511817932,0.5529964566230774,0.4947574734687805,0.02537156082689762,0.5693541169166565,0.43704184889793396,0.08088164776563644,0.544316828250885,0.3462190628051758,0.002586084185168147,0.5497230291366577,0.3785049319267273,-0.016639960929751396,0.5563316941261292,0.4902094602584839,0.041037946939468384,0.5816752314567566,0.3938089609146118,0.0713057667016983,0.5516844391822815,0.44968047738075256,0.006764811463654041,0.5529158115386963,0.45188888907432556,0.007004101760685444,0.5537130832672119,0.454843133687973,0.007221240550279617,0.5540565848350525,0.4587159752845764,0.009281197562813759,0.5559065937995911,0.46591290831565857,0.016367865726351738,0.5575530529022217,0.44351711869239807,0.014811249449849129,0.5584437847137451,0.44212281703948975,0.015480676665902138,0.5592226386070251,0.44078224897384644,0.015813976526260376,0.5658414959907532,0.43375369906425476,0.017584100365638733,0.5823472142219543,0.40423670411109924,0.03385289013385773,0.5467188358306885,0.36748620867729187,-0.012597433291375637,0.5414869785308838,0.34472420811653137,-0.005293584428727627,0.5430877208709717,0.3439628481864929,-0.0005488194874487817,0.5564832091331482,0.4450429677963257,0.015474541112780571,0.5786357522010803,0.422885537147522,0.04807912930846214,0.5404478311538696,0.3474581837654114,-0.014973193407058716,0.5574781894683838,0.4711504578590393,0.022137463092803955,0.5469368100166321,0.3757336437702179,-0.02374846301972866,0.5542985796928406,0.3919315040111542,-0.01268844772130251,0.5515849590301514,0.4800780415534973,0.016542091965675354,0.5659009218215942,0.4499083161354065,0.029920009896159172,0.5627850890159607,0.40995246171951294,0.007129737176001072,0.5617314577102661,0.46107417345046997,0.026700139045715332,0.574763834476471,0.4035312235355377,0.014781760983169079,0.5679144859313965,0.4166862964630127,0.012457596138119698,0.5775147080421448,0.4147655665874481,0.024595465511083603,0.553325891494751,0.4882417321205139,0.02004840224981308,0.555706262588501,0.3950801491737366,-0.005959720350801945,0.5680006742477417,0.4535108804702759,0.039082229137420654,0.5630595088005066,0.4656708240509033,0.034314289689064026,0.570309579372406,0.43816301226615906,0.030328650027513504,0.5820965766906738,0.40958189964294434,0.05373455956578255,0.574277937412262,0.43582993745803833,0.0387880876660347,0.5789778828620911,0.4127036929130554,0.07161740213632584,0.5708693861961365,0.42519399523735046,0.019713785499334335,0.5518333315849304,0.382576584815979,-0.009461904875934124,0.5588933229446411,0.41261541843414307,-0.018664425238966942,0.559776782989502,0.41238534450531006,-0.010595505125820637,0.5579537749290466,0.40819087624549866,-0.024654371663928032,0.5463349223136902,0.3348163068294525,-0.00658411206677556,0.5563129782676697,0.3267019987106323,-0.004732090048491955,0.5649256110191345,0.3236224353313446,-0.0005097966641187668,0.5710209608078003,0.32349997758865356,0.005495402030646801,0.5738664269447327,0.3259128928184509,0.011707833968102932,0.5727177262306213,0.33848056197166443,0.02502656914293766,0.5829237699508667,0.3551029562950134,0.06448978930711746,0.5722677707672119,0.3544310927391052,0.020698796957731247,0.5682012438774109,0.359747976064682,0.0150578822940588,0.5607728362083435,0.3622070252895355,0.009838949888944626,0.5532183647155762,0.3620893657207489,0.005426660645753145,0.5478626489639282,0.3607194125652313,0.002085553016513586,0.5445124506950378,0.3591870665550232,-0.00035995239159092307,0.574678897857666,0.351532906293869,0.0878107100725174,0.5587383508682251,0.413918673992157,-0.007284277118742466,0.5523042678833008,0.38822799921035767,-0.019528765231370926,0.5571473240852356,0.4152422547340393,-0.0248593520373106,0.5536250472068787,0.4197845160961151,-0.022790782153606415,0.5561299324035645,0.4161643981933594,-0.021647825837135315,0.5571995377540588,0.4165104031562805,-0.005456296727061272,0.5531941056251526,0.4212683439254761,-0.024557383731007576,0.5513705611228943,0.4227657616138458,-0.017052551731467247,0.5420660376548767,0.3511967360973358,0.0010332351084798574,0.5415629148483276,0.35515838861465454,-0.003768319496884942,0.5425230264663696,0.3584456443786621,-0.008174792863428593,0.5672206878662109,0.3360323905944824,0.01500785257667303,0.5709290504455566,0.33201026916503906,0.016029536724090576,0.49119833111763,0.3593606948852539,-0.018071308732032776,0.49895694851875305,0.3578304946422577,-0.018071308732032776,0.490210622549057,0.34849998354911804,-0.018071308732032776,0.4832307994365692,0.3608584403991699,-0.018071308732032776,0.4921972453594208,0.3701358139514923,-0.018071308732032776,0.5526338815689087,0.34186574816703796,0.008134814910590649,0.5593860149383545,0.340156614780426,0.008134814910590649,0.5513640642166138,0.33263731002807617,0.008134814910590649,0.5459113717079163,0.3436460494995117,0.008134814910590649,0.554024875164032,0.35120439529418945,0.008134814910590649
1299.9999999999998,0.5465162992477417,0.44401511549949646,-0.009764817543327808,0.551202654838562,0.41732102632522583,-0.031033383682370186,0.5464706420898438,0.42364683747291565,-0.013379243202507496,0.5403291583061218,0.3861120939254761,-0.03041030280292034,0.5510328412055969,0.4083282947540283,-0.03446713835000992,0.548518180847168,0.39523008465766907,-0.03394388034939766,0.5398423671722412,0.3607839345932007,-0.02361961640417576,0.4834102988243103,0.36240431666374207,-0.017603959888219833,0.535770833492279,0.33217179775238037,-0.023430202156305313,0.5350662469863892,0.31877774000167847,-0.027214016765356064,0.5277855396270752,0.2688449025154114,-0.02968701720237732,0.5464000105857849,0.44690564274787903,-0.008343097753822803,0.5458338856697083,0.449695885181427,-0.005922654177993536,0.5450189113616943,0.45162683725357056,-0.0022324007004499435,0.5447613596916199,0.4516197741031647,-0.0012586858356371522,0.5453552007675171,0.45545998215675354,-0.0009173845173791051,0.5455795526504517,0.45984819531440735,-0.001180485007353127,0.5452387928962708,0.4644005000591278,0.0009679936338216066,0.5444854497909546,0.4741131067276001,0.008577488362789154,0.5499972105026245,0.4212130606174469,-0.02725255861878395,0.5417525768280029,0.4219229519367218,-0.0205380916595459,0.44135069847106934,0.3229849338531494,-0.005835298914462328,0.5048548579216003,0.3684583008289337,-0.01681159809231758,0.4982556700706482,0.3705717921257019,-0.018457356840372086,0.49122652411460876,0.3712508976459503,-0.018844079226255417,0.48011040687561035,0.3658549189567566,-0.0169513039290905,0.5101717710494995,0.36532723903656006,-0.014054398983716965,0.4926924705505371,0.34066417813301086,-0.02493961527943611,0.5008400082588196,0.3407977223396301,-0.022320788353681564,0.485187292098999,0.34364691376686096,-0.024561800062656403,0.48011672496795654,0.34840893745422363,-0.022982178255915642,0.4745425879955292,0.37319087982177734,-0.01423028763383627,0.5211683511734009,0.48998066782951355,0.010458888486027718,0.4798775315284729,0.3592323958873749,-0.016619250178337097,0.44396236538887024,0.3675384819507599,0.004717100411653519,0.4643055200576782,0.36734312772750854,-0.011681062169373035,0.5071991682052612,0.409418523311615,-0.015065981075167656,0.5384641885757446,0.4439549744129181,-0.011933594942092896,0.5380872488021851,0.4506760835647583,-0.007576792500913143,0.5292666554450989,0.4470313489437103,-0.010897682048380375,0.5220940709114075,0.44899073243141174,-0.007960132323205471,0.5302959084510803,0.45136353373527527,-0.007522123865783215,0.5235769748687744,0.4516313076019287,-0.004690845496952534,0.5118964910507202,0.4617892801761627,0.0028124311938881874,0.5460848212242126,0.41837549209594727,-0.03206193074584007,0.5451156497001648,0.40960878133773804,-0.03553883731365204,0.47049471735954285,0.3433898985385895,-0.026378611102700233,0.518341600894928,0.38296884298324585,-0.016243159770965576,0.5258599519729614,0.4155702292919159,-0.022702038288116455,0.5239924788475037,0.40974119305610657,-0.02184554561972618,0.48329687118530273,0.41124802827835083,-0.015017353929579258,0.5428380966186523,0.3972107470035553,-0.03430956229567528,0.4904880225658417,0.3309604823589325,-0.03215320035815239,0.4791709780693054,0.33545055985450745,-0.030422039330005646,0.45166015625,0.3051914572715759,-0.017996791750192642,0.5217202305793762,0.3365020453929901,-0.026818320155143738,0.5076223611831665,0.34440097212791443,-0.018053963780403137,0.5064161419868469,0.45426374673843384,2.4659746486577205e-05,0.4535205364227295,0.4504189193248749,0.040372271090745926,0.5304650664329529,0.4201066792011261,-0.017847411334514618,0.5359073281288147,0.4217176139354706,-0.014990346506237984,0.5114320516586304,0.4510442018508911,0.0010517294285818934,0.5130831003189087,0.4514308571815491,0.0006597942556254566,0.47413915395736694,0.32960906624794006,-0.029992729425430298,0.524348258972168,0.4183213412761688,-0.01844308152794838,0.5046806931495667,0.3309203088283539,-0.031107213348150253,0.5033654570579529,0.3229794502258301,-0.03415336459875107,0.48675307631492615,0.2797301113605499,-0.03481300547719002,0.4637607932090759,0.3170965313911438,-0.02536160498857498,0.4962213635444641,0.300129234790802,-0.03527240827679634,0.4642457067966461,0.33913153409957886,-0.02357167750597,0.4535374939441681,0.3314830958843231,-0.01549399271607399,0.5383102297782898,0.447616845369339,-0.010509805753827095,0.5298259854316711,0.4492650628089905,-0.009409809485077858,0.5228732824325562,0.4502951204776764,-0.006698954850435257,0.5316228866577148,0.4210793077945709,-0.015333296731114388,0.5122933983802795,0.4512406885623932,0.0009400920243933797,0.5168604850769043,0.45405513048171997,-0.00020494309137575328,0.5138896703720093,0.45161229372024536,0.0007593734189867973,0.5358926653862,0.41868406534194946,-0.026592059060931206,0.5239927768707275,0.45267629623413086,-0.00279972143471241,0.5305944085121155,0.4528288245201111,-0.0040251933969557285,0.537799596786499,0.45259663462638855,-0.004142290912568569,0.5360205173492432,0.4756985604763031,0.006320945918560028,0.5372918844223022,0.465500146150589,-0.0013824196066707373,0.5376614332199097,0.4608435034751892,-0.0033684554509818554,0.53779536485672,0.456443190574646,-0.0030358419753611088,0.5377357006072998,0.4527575671672821,-0.0031664760317653418,0.5239984393119812,0.4530179500579834,-0.0020069803576916456,0.5233250260353088,0.4546259343624115,-0.002051285933703184,0.5224376916885376,0.45688915252685547,-0.0023970159236341715,0.5216416120529175,0.4594782590866089,-0.0012810458429157734,0.5165216326713562,0.44069626927375793,-0.008757169358432293,0.4385000467300415,0.40525057911872864,0.03702908009290695,0.5484619140625,0.4226047694683075,-0.018537381663918495,0.518815815448761,0.4524962306022644,-0.00037440838059410453,0.5179235339164734,0.453175812959671,-0.0003085284261032939,0.5382434725761414,0.4245642423629761,-0.014096296392381191,0.5255396366119385,0.4223749041557312,-0.011469352059066296,0.53715980052948,0.42320823669433594,-0.01475178450345993,0.5113072395324707,0.38914212584495544,-0.015585086308419704,0.5005112886428833,0.3976040184497833,-0.016278063878417015,0.5220065712928772,0.4130704402923584,-0.01790047064423561,0.4662867784500122,0.29058319330215454,-0.028047094121575356,0.4774048328399658,0.3062928318977356,-0.031659696251153946,0.487456738948822,0.32346588373184204,-0.03365011140704155,0.5187779664993286,0.46814924478530884,0.0029886860866099596,0.5195679068565369,0.32378071546554565,-0.03177877143025398,0.513776421546936,0.2972525656223297,-0.03443770110607147,0.5064897537231445,0.27306824922561646,-0.034974683076143265,0.48444315791130066,0.3698465824127197,-0.018058856949210167,0.4669211506843567,0.38137152791023254,-0.01190666388720274,0.5136576294898987,0.3625991642475128,-0.012754471972584724,0.4728769063949585,0.3544735014438629,-0.020183512941002846,0.5233445167541504,0.37671324610710144,-0.017868243157863617,0.5314874053001404,0.41302797198295593,-0.02803662046790123,0.4576643407344818,0.3878723978996277,-0.0065604317933321,0.47407132387161255,0.3879670202732086,-0.014932239428162575,0.4851277768611908,0.3904392123222351,-0.01698119193315506,0.4989582300186157,0.3866790235042572,-0.015723317861557007,0.5081514120101929,0.38112616539001465,-0.014482093043625355,0.5147472023963928,0.37581872940063477,-0.014376822859048843,0.5337401032447815,0.36401987075805664,-0.023473048582673073,0.4609774351119995,0.4080792963504791,-0.00460315914824605,0.4664791524410248,0.3542201817035675,-0.01972724311053753,0.5468235015869141,0.4218592643737793,-0.028121959418058395,0.5212236046791077,0.39302074909210205,-0.01685495302081108,0.43362927436828613,0.3631933629512787,0.022950196638703346,0.5200485587120056,0.3703678548336029,-0.014656048268079758,0.5195835828781128,0.4125623106956482,-0.011738300323486328,0.4765392243862152,0.35998910665512085,-0.016212496906518936,0.5293641090393066,0.4058155417442322,-0.02680051140487194,0.44391873478889465,0.42771053314208984,0.03998338431119919,0.5126896500587463,0.35938379168510437,-0.012475457042455673,0.5362569093704224,0.4006919860839844,-0.03193177282810211,0.4838953912258148,0.47432762384414673,0.018538018688559532,0.4807645082473755,0.48190027475357056,0.030639899894595146,0.447296679019928,0.4084289073944092,0.015748891979455948,0.4706695079803467,0.4631614089012146,0.020624538883566856,0.44765135645866394,0.34806379675865173,-0.00423173513263464,0.5197235345840454,0.4979498088359833,0.015288863331079483,0.5458988547325134,0.422868013381958,-0.01887378841638565,0.5149357318878174,0.4002682864665985,-0.015027056448161602,0.45646363496780396,0.36957237124443054,-0.007643867749720812,0.4918595254421234,0.3657519519329071,-0.01892392709851265,0.49808430671691895,0.3653743863105774,-0.018620280548930168,0.5158179402351379,0.45514002442359924,0.0004227586032357067,0.4632932245731354,0.42631566524505615,0.0020324685610830784,0.5306575894355774,0.5053668022155762,0.02220737561583519,0.5080205202102661,0.49835309386253357,0.02465546876192093,0.4961947798728943,0.4920516312122345,0.026993095874786377,0.5319840908050537,0.2942231595516205,-0.029683075845241547,0.5424379706382751,0.5029240846633911,0.02550780028104782,0.50339674949646,0.3635452389717102,-0.017040805891156197,0.5082143545150757,0.3612596392631531,-0.014855029992759228,0.511357307434082,0.3601611852645874,-0.012977469712495804,0.4591115117073059,0.3522743880748749,-0.015620586462318897,0.505878210067749,0.35123947262763977,-0.017392966896295547,0.4996761977672577,0.34809139370918274,-0.02012462355196476,0.4936988949775696,0.3482922315597534,-0.021725965663790703,0.4877113997936249,0.3508608043193817,-0.0217584278434515,0.48396536707878113,0.3542201817035675,-0.020550312474370003,0.4355968236923218,0.3412173390388489,0.00913305301219225,0.4870989918708801,0.3644477427005768,-0.018371757119894028,0.5460302829742432,0.4299263656139374,-0.010597383603453636,0.5239643454551697,0.4354689419269562,-0.010840087197721004,0.531206488609314,0.41939783096313477,-0.0204892847687006,0.5376242399215698,0.43209201097488403,-0.012714577838778496,0.5366406440734863,0.34579411149024963,-0.021436525508761406,0.49673008918762207,0.4841018319129944,0.01870720647275448,0.5079659223556519,0.4912736415863037,0.017651529982686043,0.5321497917175293,0.501108705997467,0.014470753259956837,0.46661871671676636,0.46866852045059204,0.03615076467394829,0.5105530023574829,0.35636791586875916,-0.01463632844388485,0.5316833257675171,0.3808092772960663,-0.02406918816268444,0.5441331267356873,0.4985882639884949,0.017953647300601006,0.5196017622947693,0.5033382177352905,0.02188059873878956,0.45150521397590637,0.4285688102245331,0.019986191764473915,0.5306150913238525,0.4531455934047699,-0.003120619338005781,0.5301405787467957,0.45597952604293823,-0.0032190578058362007,0.5296904444694519,0.45949435234069824,-0.003629086073487997,0.5293030142784119,0.46367672085762024,-0.0021368255838751793,0.526772141456604,0.4732343554496765,0.0034165671095252037,0.5177854299545288,0.4515210688114166,-0.0021342027466744184,0.5168575644493103,0.4508025646209717,-0.003055688925087452,0.5160132050514221,0.45006123185157776,-0.003964278846979141,0.5101856589317322,0.44702228903770447,-0.005577795673161745,0.47709062695503235,0.4313231110572815,-0.006104304920881987,0.5285946130752563,0.3697870969772339,-0.020280996337532997,0.5187929272651672,0.35110247135162354,-0.014912566170096397,0.5135626196861267,0.3523976802825928,-0.014784812927246094,0.5187317728996277,0.4522372782230377,-0.0008909309981390834,0.4760885238647461,0.45167458057403564,0.0073896748945117,0.5268791317939758,0.350386381149292,-0.0204513780772686,0.5234736204147339,0.4811991751194,0.007496933918446302,0.5456286072731018,0.3838302791118622,-0.030283330008387566,0.5371584892272949,0.37590235471725464,-0.02746748924255371,0.5428934693336487,0.3730139136314392,-0.026939617469906807,0.5283405780792236,0.3962647020816803,-0.022625133395195007,0.5448282361030579,0.4913843870162964,0.012923164293169975,0.5445362329483032,0.4820931851863861,0.010909047909080982,0.5345994830131531,0.4841262996196747,0.008726737461984158,0.5059754848480225,0.46704256534576416,0.005374033469706774,0.5137990117073059,0.4204963445663452,-0.010732948780059814,0.5139673352241516,0.47530195116996765,0.006971724797040224,0.4963928759098053,0.4224555790424347,-0.013840796425938606,0.5077735185623169,0.43075230717658997,-0.010057315230369568,0.4900447428226471,0.43732577562332153,-0.00824530329555273,0.5334445238113403,0.4937240183353424,0.009897932410240173,0.5232991576194763,0.4010329842567444,-0.01852375827729702,0.4999054968357086,0.4749145209789276,0.010580800473690033,0.5104270577430725,0.4829375743865967,0.012004373595118523,0.49961593747138977,0.4573097229003906,0.0008640357991680503,0.46616363525390625,0.4410952031612396,0.008391371928155422,0.48895636200904846,0.46054792404174805,0.004506892058998346,0.45842844247817993,0.4467185139656067,0.022691018879413605,0.5020418763160706,0.4422180950641632,-0.007074904162436724,0.5263911485671997,0.38677850365638733,-0.020167624577879906,0.5341497659683228,0.4175218343734741,-0.02848476730287075,0.5283883810043335,0.4187784194946289,-0.02185238152742386,0.5382989048957825,0.41134050488471985,-0.03238193690776825,0.5137175917625427,0.3431023955345154,-0.020030232146382332,0.5027053952217102,0.3379724621772766,-0.025019193068146706,0.4924408793449402,0.3376148045063019,-0.02745658904314041,0.4835081100463867,0.34073740243911743,-0.027243373915553093,0.4767051637172699,0.3463529050350189,-0.024984847754240036,0.47156864404678345,0.3635993003845215,-0.014649846591055393,0.44463860988616943,0.38818231225013733,0.010040029883384705,0.4797517657279968,0.3770872950553894,-0.015618671663105488,0.4883897006511688,0.3792954385280609,-0.016560794785618782,0.49810752272605896,0.37779560685157776,-0.016089553013443947,0.5063694715499878,0.37411510944366455,-0.014896201901137829,0.5124351382255554,0.3700641691684723,-0.01307056937366724,0.5168053507804871,0.3665895164012909,-0.012603703886270523,0.43536999821662903,0.38388824462890625,0.03162682428956032,0.527510941028595,0.4201332628726959,-0.01835484430193901,0.5343597531318665,0.39051374793052673,-0.027202025055885315,0.5405059456825256,0.4181060194969177,-0.031136715784668922,0.5423673391342163,0.4212876260280609,-0.026505619287490845,0.5391591191291809,0.4192495048046112,-0.028086088597774506,0.528501570224762,0.4218035936355591,-0.014777648262679577,0.5444328188896179,0.4218449890613556,-0.027598334476351738,0.5435770750045776,0.42289799451828003,-0.019690148532390594,0.5156144499778748,0.3593659996986389,-0.011815368197858334,0.5201143026351929,0.3609684705734253,-0.013221570290625095,0.5238446593284607,0.36255624890327454,-0.01594618707895279,0.4817589819431305,0.35684090852737427,-0.01891574263572693,0.4768393635749817,0.35383445024490356,-0.01999349519610405,0.5499351024627686,0.3836084306240082,-0.02572433091700077,0.5678435564041138,0.3379613161087036,0.017017263919115067,0.553260862827301,0.41845235228538513,-0.016953550279140472,0.5770447850227356,0.29462936520576477,0.04765243083238602,0.5527999401092529,0.3531718850135803,0.005426754709333181,0.5591583251953125,0.3519981801509857,0.008308629505336285,0.5647949576377869,0.3496749997138977,0.012049331329762936,0.5692266225814819,0.34067103266716003,0.019682640209794044,0.5477784276008606,0.35223257541656494,0.0035141760017722845,0.5615440011024475,0.32391735911369324,0.0031528056133538485,0.554245114326477,0.3267752528190613,-0.00017109289183281362,0.567484974861145,0.3238256275653839,0.007833852432668209,0.5705353617668152,0.3261606991291046,0.011994713917374611,0.5742294788360596,0.34610480070114136,0.025271115824580193,0.5599766373634338,0.4754257798194885,0.026211215183138847,0.5687046051025391,0.3343411386013031,0.019628645852208138,0.5811597108840942,0.33448678255081177,0.05873795226216316,0.5767022967338562,0.336853563785553,0.03267425298690796,0.5667921900749207,0.39389997720718384,0.0071362461894750595,0.5523489117622375,0.4403182566165924,-0.006499059963971376,0.5508718490600586,0.44728389382362366,-0.002577533945441246,0.5562891364097595,0.4392452836036682,0.0003865754697471857,0.5585635304450989,0.43898165225982666,0.007657612673938274,0.5542832016944885,0.4449940621852875,0.00225387723185122,0.5565963387489319,0.44317781925201416,0.008450623601675034,0.5635187029838562,0.4465540647506714,0.023117711767554283,0.5552541613578796,0.41554898023605347,-0.029078105464577675,0.5558012127876282,0.4067258834838867,-0.031968653202056885,0.5786887407302856,0.3175477981567383,0.015352473594248295,0.5535517930984497,0.37405356764793396,-0.0017422223463654518,0.5613477826118469,0.4058893918991089,-0.009328498505055904,0.5600769519805908,0.40019938349723816,-0.00803287047892809,0.5806814432144165,0.38560017943382263,0.022143198177218437,0.5530576705932617,0.39453619718551636,-0.029756778851151466,0.5699036121368408,0.3132600784301758,-0.003006111364811659,0.5759269595146179,0.31352680921554565,0.005978028755635023,0.5748867988586426,0.2804141044616699,0.030006498098373413,0.5463788509368896,0.3286310136318207,-0.017063649371266365,0.548008382320404,0.3321457505226135,-0.0001999727392103523,0.5671303272247314,0.436927855014801,0.02478777803480625,0.5720947980880737,0.4148935079574585,0.09002460539340973,0.5579525828361511,0.41245225071907043,-0.008053380064666271,0.5544501543045044,0.416943222284317,-0.010067212395370007,0.5610184073448181,0.4392673075199127,0.022286903113126755,0.5600051879882812,0.44023600220680237,0.01924058049917221,0.5775430798530579,0.3059600591659546,0.008702550083398819,0.5604645609855652,0.4087325632572174,-0.005371022969484329,0.5603381991386414,0.3173067271709442,-0.01110189501196146,0.5613720417022705,0.30890634655952454,-0.013633678667247295,0.5598859786987305,0.265924334526062,-0.007262939587235451,0.5765321254730225,0.2920372188091278,0.017341390252113342,0.5611632466316223,0.2862621545791626,-0.011662829667329788,0.5800150632858276,0.31136786937713623,0.021054554730653763,0.5791386961936951,0.3030579090118408,0.032900579273700714,0.5518583059310913,0.4441085457801819,-0.0051221176981925964,0.5553914904594421,0.44230031967163086,0.0011583897285163403,0.5576794147491455,0.44107431173324585,0.0075343018397688866,0.5566930174827576,0.4142158031463623,-0.007265542168170214,0.5605064630508423,0.43976205587387085,0.020536256954073906,0.5590384006500244,0.4436005651950836,0.016157180070877075,0.5594707131385803,0.44074875116348267,0.018806762993335724,0.5579178333282471,0.4121294319629669,-0.017452940344810486,0.5555300116539001,0.44497933983802795,0.009637427516281605,0.553131639957428,0.4471711218357086,0.005135673563927412,0.5497404336929321,0.44951650500297546,0.0009303740807808936,0.5511947274208069,0.47083258628845215,0.011323428712785244,0.5510207414627075,0.4613321125507355,0.0039029563777148724,0.5511203408241272,0.4568325877189636,0.0021137059666216373,0.5505136847496033,0.45279762148857117,0.0023471990134567022,0.5493847131729126,0.4495340585708618,0.0019600701052695513,0.555280864238739,0.4450395703315735,0.010439731180667877,0.5564178824424744,0.446085661649704,0.010354775004088879,0.5573781132698059,0.4476720690727234,0.010504837147891521,0.5579929351806641,0.44982320070266724,0.01267711166292429,0.5644673109054565,0.42757540941238403,0.009362686425447464,0.5750139951705933,0.3697415590286255,0.09259029477834702,0.5572060942649841,0.44308578968048096,0.015343858860433102,0.5582215189933777,0.44324108958244324,0.015435582958161831,0.5527512431144714,0.42100489139556885,-0.009218177758157253,0.5585642457008362,0.4138377904891968,-0.0011104054283350706,0.5535854697227478,0.4191291630268097,-0.0099784592166543,0.5588556528091431,0.3771086037158966,0.0039509935304522514,0.5684775114059448,0.3801894783973694,0.010241859592497349,0.5601356625556946,0.40310797095298767,-0.003681502304971218,0.5700522065162659,0.27039816975593567,0.011109678074717522,0.5711447596549988,0.2857927978038788,0.0026846355758607388,0.5711711645126343,0.30447080731391907,-0.0029284958727657795,0.5606250166893005,0.4549921154975891,0.019546903669834137,0.5485129356384277,0.31563878059387207,-0.021255692467093468,0.5484686493873596,0.28991377353668213,-0.022144455462694168,0.546317994594574,0.26560816168785095,-0.02103709802031517,0.5681600570678711,0.34576416015625,0.016386322677135468,0.579309344291687,0.35132288932800293,0.03189399465918541,0.5446621179580688,0.3508663773536682,0.002871595323085785,0.574410080909729,0.32814309000968933,0.020031483843922615,0.5502614974975586,0.36985304951667786,-0.00623379135504365,0.5604528188705444,0.4050370156764984,-0.0171672273427248,0.5848308205604553,0.35547858476638794,0.04302600398659706,0.5794734954833984,0.360442191362381,0.026171615347266197,0.5751453638076782,0.36736583709716797,0.017928509041666985,0.5647385716438293,0.3694114089012146,0.010991670191287994,0.556281328201294,0.36768099665641785,0.005773875862360001,0.5506525039672852,0.36520522832870483,0.000747769488953054,0.5445701479911804,0.36127838492393494,-0.01847895048558712,0.5867263674736023,0.3748713731765747,0.04468582570552826,0.5776671171188354,0.3256324827671051,0.024196486920118332,0.5526152849197388,0.4200098514556885,-0.025742189958691597,0.5549255609512329,0.38450419902801514,-0.002933005103841424,0.5760787725448608,0.3301926851272583,0.08032629638910294,0.5466670989990234,0.36199823021888733,-0.0028194901533424854,0.5590416789054871,0.40242141485214233,0.0025027182418853045,0.5704806447029114,0.3341212272644043,0.02190483920276165,0.5586037039756775,0.39808014035224915,-0.015732383355498314,0.574317991733551,0.3913569450378418,0.09313663840293884,0.5435047745704651,0.3471944332122803,0.0039007316809147596,0.5562554001808167,0.3953723907470703,-0.023867351934313774,0.5719754099845886,0.4445440173149109,0.054923903197050095,0.567569375038147,0.4516565203666687,0.06799286603927612,0.5835536122322083,0.3721303343772888,0.06953726708889008,0.5761346220970154,0.4298466444015503,0.06355219334363937,0.5801980495452881,0.31752264499664307,0.047415222972631454,0.5595070719718933,0.48215675354003906,0.032416924834251404,0.5506559610366821,0.42154234647750854,-0.017409345135092735,0.5592507123947144,0.38898080587387085,0.00216378690674901,0.5784231424331665,0.336739182472229,0.0411149337887764,0.5638965964317322,0.3440626561641693,0.011497724801301956,0.5588061213493347,0.3467305302619934,0.008284197188913822,0.559693455696106,0.44430384039878845,0.018086211755871773,0.5854682326316833,0.3925829529762268,0.04940430074930191,0.5514650344848633,0.4969365894794464,0.031792160123586655,0.5602623820304871,0.4775448441505432,0.04857807606458664,0.5632829666137695,0.46650147438049316,0.057236891239881516,0.5531448721885681,0.34767019748687744,0.005890242289751768,0.5479549169540405,0.3474518656730652,0.004850750323385,0.5448869466781616,0.34751009941101074,0.004710458219051361,0.5789607167243958,0.3217714726924896,0.03167978674173355,0.5475886464118958,0.33770400285720825,0.002765017794445157,0.5526818037033081,0.3329515755176544,0.003349820151925087,0.5587263703346252,0.33058637380599976,0.005607520695775747,0.5639398097991943,0.3304893374443054,0.00933395978063345,0.5666379332542419,0.33190494775772095,0.012791242450475693,0.5775917172431946,0.3102841079235077,0.06534968316555023,0.5665538907051086,0.34092795848846436,0.014677990227937698,0.5606398582458496,0.42573389410972595,0.0029591810889542103,0.5586526989936829,0.41159316897392273,-0.011079768650233746,0.5532769560813904,0.4279860556125641,-0.006996193900704384,0.567000687122345,0.45849618315696716,0.04804490879178047,0.5630258321762085,0.46999597549438477,0.04070302098989487,0.5536656379699707,0.49252626299858093,0.02378346025943756,0.5699536800384521,0.43534794449806213,0.08030600845813751,0.5447573661804199,0.34351786971092224,0.003374665044248104,0.550321102142334,0.37601810693740845,-0.01620398461818695,0.5569026470184326,0.48814237117767334,0.03957809507846832,0.582046389579773,0.39188095927238464,0.07138048112392426,0.5528029203414917,0.44725173711776733,0.006092329043895006,0.5540546178817749,0.44941309094429016,0.0062720151618123055,0.5548708438873291,0.45234960317611694,0.006408347748219967,0.5552389621734619,0.4562501311302185,0.008394709788262844,0.5567786693572998,0.4634990394115448,0.01534329354763031,0.5583938360214233,0.4415815770626068,0.01424342393875122,0.5592876076698303,0.4402466118335724,0.014936018735170364,0.5600758194923401,0.4389388859272003,0.015298089943826199,0.5668796896934509,0.4312591254711151,0.017168771475553513,0.582947850227356,0.4019189476966858,0.03387318551540375,0.5472933053970337,0.36508744955062866,-0.012055463157594204,0.5419003367424011,0.3419715464115143,-0.00450963294133544,0.543493390083313,0.3412421941757202,0.0002731899730861187,0.5573021173477173,0.443058580160141,0.014884622767567635,0.5792954564094543,0.42072051763534546,0.0477277971804142,0.5409262180328369,0.344686359167099,-0.014207366853952408,0.558249294757843,0.4688428044319153,0.020956294611096382,0.5475386381149292,0.37321150302886963,-0.023256249725818634,0.5549402832984924,0.38942185044288635,-0.012425108812749386,0.5523595809936523,0.4777555763721466,0.015220589935779572,0.5667468309402466,0.4476008415222168,0.02908826619386673,0.5635262131690979,0.4074699580669403,0.0070863887667655945,0.5625380873680115,0.4587819278240204,0.025668468326330185,0.5754348039627075,0.40105944871902466,0.014807036146521568,0.5687344670295715,0.4142046272754669,0.012299519032239914,0.5782439708709717,0.41236019134521484,0.024419056251645088,0.5540482997894287,0.48596736788749695,0.018594760447740555,0.5563620328903198,0.3926038444042206,-0.005763115826994181,0.5687065124511719,0.4512972831726074,0.03816389665007591,0.5637449622154236,0.4634457230567932,0.03315933421254158,0.5711849927902222,0.43580684065818787,0.029723165556788445,0.5826576948165894,0.4074755311012268,0.05359239876270294,0.5750042796134949,0.43358051776885986,0.038222067058086395,0.5794629454612732,0.4107937514781952,0.07136591523885727,0.5717730522155762,0.4227391183376312,0.01940271444618702,0.5524398684501648,0.38013479113578796,-0.0090941758826375,0.5596299767494202,0.410056471824646,-0.018589001148939133,0.560515284538269,0.4098343551158905,-0.010577755980193615,0.5586456060409546,0.4055567681789398,-0.024527957662940025,0.5467142462730408,0.3319084048271179,-0.005663876421749592,0.5567589998245239,0.32368066906929016,-0.0036988051142543554,0.565470278263092,0.32055285573005676,0.0005729484837502241,0.5716308355331421,0.3204466700553894,0.006617081351578236,0.5745077133178711,0.32290011644363403,0.012841517105698586,0.5733702182769775,0.33577632904052734,0.025990528985857964,0.583100438117981,0.35307323932647705,0.06519889086484909,0.5730774402618408,0.35185688734054565,0.021453503519296646,0.569069504737854,0.357232928276062,0.015748996287584305,0.5616233348846436,0.35975173115730286,0.010469835251569748,0.5539808869361877,0.35964930057525635,0.006007288582623005,0.548520565032959,0.35821986198425293,0.002694797469303012,0.5450969934463501,0.3566262722015381,0.00024885922903195024,0.5748454332351685,0.3497699201107025,0.08860813826322556,0.5594817996025085,0.4113888442516327,-0.007300744764506817,0.5529391765594482,0.3856610357761383,-0.019203126430511475,0.5578886270523071,0.4126681983470917,-0.024811476469039917,0.5543931722640991,0.4172922670841217,-0.02283329702913761,0.5568934082984924,0.4136430025100708,-0.02162284590303898,0.5579491257667542,0.4139955937862396,-0.0055320109240710735,0.5539674162864685,0.4187607765197754,-0.024613548070192337,0.5521470904350281,0.42030084133148193,-0.017176613211631775,0.5425275564193726,0.34853750467300415,0.0017528168391436338,0.5420758724212646,0.352527379989624,-0.003103340044617653,0.5431233048439026,0.3558083474636078,-0.0075460635125637054,0.5679312348365784,0.3332030475139618,0.015943942591547966,0.5716035962104797,0.32912054657936096,0.017018822953104973,0.49185317754745483,0.35727980732917786,-0.017662018537521362,0.49955642223358154,0.3557009696960449,-0.017662018537521362,0.4908619225025177,0.3464769124984741,-0.017662018537521362,0.48393872380256653,0.3588222563266754,-0.017662018537521362,0.49284714460372925,0.3679940402507782,-0.017662018537521362,0.5532822012901306,0.3393382728099823,0.008976510725915432,0.5601845383644104,0.33751800656318665,0.008976510725915432,0.5518248081207275,0.3299291431903839,0.008976510725915432,0.546389102935791,0.34120452404022217,0.008976510725915432,0.5548436641693115,0.348835825920105,0.008976510725915432
1333.333333333333,0.5471426248550415,0.44224148988723755,-0.009546801447868347,0.552529513835907,0.41656094789505005,-0.030649105086922646,0.5475566387176514,0.4228154420852661,-0.01309678889811039,0.5417479872703552,0.3851001560688019,-0.03017422929406166,0.5524342060089111,0.4075584411621094,-0.03408249840140343,0.5499462485313416,0.3943895399570465,-0.03357893228530884,0.5412909984588623,0.3596692979335785,-0.023411376401782036,0.48437169194221497,0.3602653443813324,-0.01797523722052574,0.5373051166534424,0.330848753452301,-0.02325182408094406,0.5366749167442322,0.3173666298389435,-0.027054453268647194,0.5296648144721985,0.26694729924201965,-0.029514195397496223,0.5470150113105774,0.44526565074920654,-0.008112987503409386,0.54646235704422,0.4482300877571106,-0.005677240900695324,0.5456714630126953,0.4502451419830322,-0.001966234063729644,0.5453682541847229,0.4501943290233612,-0.0014164320891723037,0.5459398031234741,0.4541580379009247,-0.001041089417412877,0.5461259484291077,0.458638995885849,-0.0013291137292981148,0.5457416772842407,0.463257372379303,0.0007194970967248082,0.5448836088180542,0.47165995836257935,0.008237351663410664,0.5512351393699646,0.420423686504364,-0.026880234479904175,0.5429413914680481,0.42103445529937744,-0.020265154540538788,0.44269871711730957,0.320044606924057,-0.006552026141434908,0.5062118768692017,0.36664554476737976,-0.017038073390722275,0.4995616674423218,0.36873891949653625,-0.018723856657743454,0.49246010184288025,0.3693830668926239,-0.019154461100697517,0.481121689081192,0.36361902952194214,-0.017346391454339027,0.5115312933921814,0.36353832483291626,-0.014202497899532318,0.49386683106422424,0.33813348412513733,-0.025189287960529327,0.502112090587616,0.3383885622024536,-0.022522902116179466,0.4862925708293915,0.3410758972167969,-0.024866528809070587,0.48117566108703613,0.34586822986602783,-0.02333536371588707,0.47565630078315735,0.3710175156593323,-0.014649163000285625,0.5216347575187683,0.4878573715686798,0.00988349411636591,0.4807547926902771,0.3568291664123535,-0.017014609649777412,0.4449528455734253,0.3649448752403259,0.00393954711034894,0.465356707572937,0.3648960590362549,-0.012190980836749077,0.5083879232406616,0.4079652428627014,-0.015210666693747044,0.5390612483024597,0.4421127140522003,-0.011811899021267891,0.5386867523193359,0.44916221499443054,-0.007441018242388964,0.5297471284866333,0.44510242342948914,-0.010938886553049088,0.5225399732589722,0.44700562953948975,-0.008240659721195698,0.5308355689048767,0.44972068071365356,-0.007557789795100689,0.5240736603736877,0.44985395669937134,-0.0049332519993186,0.512691855430603,0.4599883556365967,0.0021352912299335003,0.5474279522895813,0.417533814907074,-0.031718142330646515,0.5465220212936401,0.40875276923179626,-0.035200849175453186,0.47174596786499023,0.34090447425842285,-0.0267691221088171,0.5195856690406799,0.3816058933734894,-0.016299016773700714,0.5270939469337463,0.41448459029197693,-0.022585248574614525,0.5252425074577332,0.40860262513160706,-0.021757232025265694,0.4843965768814087,0.4094889461994171,-0.015343953855335712,0.5442598462104797,0.3962861895561218,-0.0340130440890789,0.49182069301605225,0.32860511541366577,-0.032343149185180664,0.480449914932251,0.33302196860313416,-0.030696190893650055,0.45311665534973145,0.302310049533844,-0.018582021817564964,0.5232860445976257,0.33455827832221985,-0.02674688585102558,0.5089617967605591,0.3421923816204071,-0.01822727732360363,0.5072451829910278,0.4527835249900818,-0.0006150529952719808,0.45362263917922974,0.44813740253448486,0.039530497044324875,0.5316537022590637,0.41909340023994446,-0.017728008329868317,0.5370625257492065,0.4207783341407776,-0.014776071533560753,0.5119200348854065,0.44908463954925537,0.0004215360095258802,0.5135622620582581,0.4495248794555664,5.3877694881521165e-05,0.47546762228012085,0.3271612226963043,-0.030330996960401535,0.525515079498291,0.41724127531051636,-0.018350331112742424,0.5060828924179077,0.3286871910095215,-0.031185558065772057,0.5048174262046814,0.320808082818985,-0.03424331545829773,0.48843061923980713,0.27726489305496216,-0.03501477465033531,0.46512413024902344,0.3144490718841553,-0.025866903364658356,0.4977809190750122,0.297982782125473,-0.03548162803053856,0.46551287174224854,0.33656027913093567,-0.024042807519435883,0.4548093378543854,0.32874464988708496,-0.016136910766363144,0.5388915538787842,0.4459361433982849,-0.010391147807240486,0.5303329825401306,0.44748473167419434,-0.009459838271141052,0.5233383178710938,0.4484189748764038,-0.006961736362427473,0.5327793955802917,0.42009618878364563,-0.015176004730165005,0.5127789974212646,0.4493110775947571,0.0003248272987548262,0.5173041224479675,0.45227402448654175,-0.000844958471134305,0.5143648386001587,0.44973087310791016,0.00016269987099803984,0.5371615290641785,0.4177158772945404,-0.026381922885775566,0.5244937539100647,0.4509615898132324,-0.0030170551035553217,0.531154453754425,0.4512782692909241,-0.004041309934109449,0.5384211540222168,0.4511772394180298,-0.003995699342340231,0.5366271734237671,0.4731712341308594,0.0058881058357656,0.5377678871154785,0.4642767906188965,-0.001745673711411655,0.5381788611412048,0.45955824851989746,-0.0036685699597001076,0.5383427143096924,0.4550703763961792,-0.003301840741187334,0.5383023023605347,0.4512900710105896,-0.0034491217229515314,0.5244483947753906,0.4513656497001648,-0.0025296255480498075,0.5237786173820496,0.45299649238586426,-0.0025816322304308414,0.5228753089904785,0.4552672505378723,-0.0029655518010258675,0.5220599174499512,0.45785006880760193,-0.0018942332826554775,0.517552375793457,0.4394841194152832,-0.009071541018784046,0.43895816802978516,0.40272611379623413,0.036105867475271225,0.5496191382408142,0.4217913746833801,-0.01820848323404789,0.5192589163780212,0.45075106620788574,-0.0009893993847072124,0.5183670520782471,0.4514208734035492,-0.0009308791486546397,0.5393853783607483,0.4236537218093872,-0.013900003395974636,0.5266469717025757,0.42135298252105713,-0.01139773242175579,0.5383080244064331,0.42228710651397705,-0.014535877853631973,0.5125426650047302,0.3877151608467102,-0.015694675967097282,0.5017259120941162,0.3960508108139038,-0.016443099826574326,0.5232090353965759,0.41191086173057556,-0.017849354073405266,0.46783679723739624,0.287858247756958,-0.028454061597585678,0.47884634137153625,0.30383217334747314,-0.0320252887904644,0.48882636427879333,0.321147620677948,-0.03389006480574608,0.5195630192756653,0.4660433530807495,0.0023221741430461407,0.5211707949638367,0.3217802941799164,-0.03173843026161194,0.5154447555541992,0.29538458585739136,-0.03450869396328926,0.5082940459251404,0.27086693048477173,-0.034986305981874466,0.4855395555496216,0.3678443431854248,-0.01842006854712963,0.46801209449768066,0.37924087047576904,-0.012396115809679031,0.5149954557418823,0.3608275055885315,-0.01287690456956625,0.473978191614151,0.3519587218761444,-0.020619509741663933,0.5246212482452393,0.3753940165042877,-0.01786782220005989,0.5327895879745483,0.4120060205459595,-0.027850033715367317,0.4586501717567444,0.3856370151042938,-0.007153158541768789,0.4752538800239563,0.38607701659202576,-0.015367146581411362,0.4864390790462494,0.38878557085990906,-0.017332041636109352,0.5003560185432434,0.3851100504398346,-0.015952004119753838,0.5095803141593933,0.3795662224292755,-0.014644192531704903,0.5161863565444946,0.37430649995803833,-0.014470182359218597,0.5351458787918091,0.3628233075141907,-0.02334081567823887,0.4619031250476837,0.4060031771659851,-0.005185189191251993,0.4676080346107483,0.3516817092895508,-0.020222382619976997,0.5480758547782898,0.4210282266139984,-0.027783716097474098,0.5224905014038086,0.3917404115200043,-0.016869494691491127,0.4345477819442749,0.36041131615638733,0.022056039422750473,0.5215361714363098,0.36891406774520874,-0.014692351222038269,0.5207671523094177,0.4113714396953583,-0.011764660477638245,0.47750145196914673,0.35752010345458984,-0.0166324470192194,0.5306760668754578,0.4047297239303589,-0.026640169322490692,0.44419240951538086,0.42532238364219666,0.0390951968729496,0.5139902830123901,0.3575710356235504,-0.012623952701687813,0.5376354455947876,0.3996726870536804,-0.03170163929462433,0.48412632942199707,0.47237640619277954,0.0178070068359375,0.48079219460487366,0.47986549139022827,0.029874369502067566,0.4480079412460327,0.4060889184474945,0.014983748085796833,0.47091686725616455,0.46109187602996826,0.019915640354156494,0.44881197810173035,0.34537994861602783,-0.004970134235918522,0.5200581550598145,0.4958539307117462,0.014740231446921825,0.5470654964447021,0.4220229685306549,-0.018567590042948723,0.5161664485931396,0.39893344044685364,-0.015091375447809696,0.45743635296821594,0.3670026957988739,-0.008254524320363998,0.4930579960346222,0.3638977110385895,-0.019233031198382378,0.4993792474269867,0.363538533449173,-0.018883975222706795,0.5162569284439087,0.45332038402557373,-0.0002312197320861742,0.4640820026397705,0.42430436611175537,0.0014408751158043742,0.5308935046195984,0.5032283067703247,0.02174735628068447,0.5081980228424072,0.4963562786579132,0.02395801804959774,0.49629613757133484,0.49008095264434814,0.026239367201924324,0.5337362885475159,0.2926081418991089,-0.02959921956062317,0.5425974130630493,0.500858724117279,0.02518518641591072,0.5047401189804077,0.36169153451919556,-0.017256412655115128,0.5095738172531128,0.35940438508987427,-0.015030346810817719,0.5126942992210388,0.3583270311355591,-0.013133241795003414,0.4602324962615967,0.34963858127593994,-0.016189653426408768,0.5071211457252502,0.3491033613681793,-0.01759292557835579,0.5008257627487183,0.3457104563713074,-0.020331917330622673,0.49475428462028503,0.3457912504673004,-0.021978914737701416,0.4886775612831116,0.3483232855796814,-0.022064536809921265,0.48487913608551025,0.351730614900589,-0.020894497632980347,0.4367833137512207,0.3383181691169739,0.008319810964167118,0.4881746768951416,0.3624858260154724,-0.018713412806391716,0.5470468997955322,0.42906004190444946,-0.010364536195993423,0.5250309109687805,0.43438076972961426,-0.0109403720125556,0.5324246287345886,0.41838517785072327,-0.02032610774040222,0.5387265682220459,0.4311305284500122,-0.012594778090715408,0.5381140112876892,0.3445707857608795,-0.021268846467137337,0.49698466062545776,0.4821643531322479,0.01798013411462307,0.5082488059997559,0.48929867148399353,0.016997627913951874,0.5324673056602478,0.49895671010017395,0.014036140404641628,0.4666343927383423,0.4664919972419739,0.03537490963935852,0.5118385553359985,0.3544657826423645,-0.014808784238994122,0.5330386757850647,0.3796278238296509,-0.023959213867783546,0.5443679690361023,0.49650245904922485,0.017636941745877266,0.519840657711029,0.5012535452842712,0.021281735971570015,0.45205217599868774,0.42631375789642334,0.0192488431930542,0.5311241149902344,0.45160186290740967,-0.0035213737282902002,0.5306329727172852,0.4544964134693146,-0.0036364449188113213,0.5301616787910461,0.4580596089363098,-0.004104396793991327,0.5297408103942871,0.4622853994369507,-0.0026730753015726805,0.5275174379348755,0.47084546089172363,0.0028320590499788523,0.5182566046714783,0.44964611530303955,-0.0025836052373051643,0.5173134803771973,0.44886311888694763,-0.0035372665151953697,0.516457200050354,0.4480554163455963,-0.00445682043209672,0.5111328959465027,0.44570446014404297,-0.006094448268413544,0.4779471457004547,0.42949947714805603,-0.006569399032741785,0.5299296975135803,0.3685254156589508,-0.02021353505551815,0.5202690958976746,0.34930387139320374,-0.014986452646553516,0.5149231553077698,0.35047000646591187,-0.014908787794411182,0.5192089080810547,0.45041337609291077,-0.0013197867665439844,0.4766191840171814,0.4497615396976471,0.006760623771697283,0.5285055041313171,0.3487582206726074,-0.020392712205648422,0.5240656137466431,0.4790111780166626,0.006904907524585724,0.5470535755157471,0.3828999698162079,-0.0299735888838768,0.5385681390762329,0.374796599149704,-0.02728506550192833,0.544327437877655,0.3719926178455353,-0.026698851957917213,0.5296494960784912,0.395107239484787,-0.022517776116728783,0.5451300740242004,0.489233136177063,0.012586647644639015,0.5448961853981018,0.479817658662796,0.010569768957793713,0.5351125597953796,0.4817971885204315,0.008271216414868832,0.5065908432006836,0.46528634428977966,0.00466968584805727,0.5148999691009521,0.4192025363445282,-0.010885098949074745,0.5145726799964905,0.4733272194862366,0.006289327517151833,0.49745994806289673,0.4208487272262573,-0.014124708250164986,0.5087900757789612,0.42934107780456543,-0.01038442738354206,0.49088820815086365,0.43568155169487,-0.008703923784196377,0.5338608026504517,0.49151527881622314,0.009438611567020416,0.5245645046234131,0.3998309075832367,-0.018480222672224045,0.5003406405448914,0.47305572032928467,0.009859160520136356,0.5108709931373596,0.4809665083885193,0.01133929193019867,0.5002906918525696,0.45573192834854126,0.00020724674686789513,0.4667622447013855,0.4390993118286133,0.007763672154396772,0.4894818067550659,0.45876258611679077,0.003834929782897234,0.4587842524051666,0.44452816247940063,0.021964168176054955,0.5029125809669495,0.44079163670539856,-0.007557544391602278,0.5276892185211182,0.3855445981025696,-0.020125050097703934,0.5354374051094055,0.41654080152511597,-0.028276056051254272,0.5296078324317932,0.41773709654808044,-0.021701496094465256,0.5396703481674194,0.41038766503334045,-0.032126136124134064,0.515158474445343,0.34106647968292236,-0.020158395171165466,0.5040390491485596,0.3356569707393646,-0.025199800729751587,0.49367502331733704,0.3351839482784271,-0.0276799276471138,0.48467952013015747,0.33824440836906433,-0.02754116989672184,0.4778464436531067,0.34383389353752136,-0.02535848878324032,0.4726203382015228,0.3611679673194885,-0.01509993989020586,0.4454888701438904,0.3857182562351227,0.009249831549823284,0.48090702295303345,0.3750806152820587,-0.016010433435440063,0.48966479301452637,0.3774709403514862,-0.01688873954117298,0.4994567334651947,0.3760339021682739,-0.016343168914318085,0.507759690284729,0.37238386273384094,-0.015104767866432667,0.5138257741928101,0.36838310956954956,-0.013188587501645088,0.5182235836982727,0.3649658262729645,-0.012684036046266556,0.43604984879493713,0.3812223970890045,0.030680298805236816,0.5286843180656433,0.4190947413444519,-0.01822563447058201,0.5357333421707153,0.3894173204898834,-0.027036113664507866,0.5418415665626526,0.4171854555606842,-0.03085457719862461,0.5436062812805176,0.4204004108905792,-0.026200341060757637,0.540446400642395,0.4183180034160614,-0.02782572992146015,0.5296344757080078,0.42080143094062805,-0.014646369963884354,0.5456789135932922,0.4209827482700348,-0.02727399207651615,0.5447493195533752,0.42203205823898315,-0.01939934305846691,0.5169512629508972,0.35759368538856506,-0.011914764530956745,0.5215741991996765,0.3593505918979645,-0.013256842270493507,0.5253910422325134,0.3610805571079254,-0.015917133539915085,0.48265182971954346,0.3544006645679474,-0.019278204068541527,0.47786080837249756,0.3513133227825165,-0.020397718995809555,0.5513362288475037,0.3827377259731293,-0.02537453919649124,0.5687915682792664,0.3369003236293793,0.017456358298659325,0.5543978214263916,0.4176902770996094,-0.01658998429775238,0.5777506828308105,0.293717622756958,0.04825836420059204,0.5542412996292114,0.3517912030220032,0.005711440462619066,0.5603309869766235,0.35071542859077454,0.008659523911774158,0.5658193230628967,0.3485857844352722,0.01246003806591034,0.5702306032180786,0.3397003412246704,0.020146125927567482,0.5494914650917053,0.35086292028427124,0.003759646788239479,0.5627256035804749,0.32295435667037964,0.0035407214891165495,0.5557160973548889,0.3256722688674927,0.0001268112100660801,0.5684723854064941,0.3229261338710785,0.008273915387690067,0.5714549422264099,0.3252868950366974,0.012447466142475605,0.5752047300338745,0.34531792998313904,0.0257550198584795,0.5599648356437683,0.47390246391296387,0.02605290338397026,0.5696803331375122,0.3333304524421692,0.020074695348739624,0.5816212296485901,0.3337627053260803,0.05921058729290962,0.5777562260627747,0.33607402443885803,0.03317730501294136,0.567640483379364,0.3932984173297882,0.0075343758799135685,0.5529974102973938,0.43849843740463257,-0.006205296143889427,0.551540195941925,0.4457949995994568,-0.002278174040839076,0.5570816397666931,0.43735241889953613,0.0006904261535964906,0.559438943862915,0.4369768798351288,0.007849984802305698,0.555041491985321,0.4433613419532776,0.0025342353619635105,0.557454526424408,0.4413583278656006,0.008623198606073856,0.563463568687439,0.44559234380722046,0.023037143051624298,0.5565468668937683,0.4148416519165039,-0.028660684823989868,0.5571703314781189,0.4060301184654236,-0.031541794538497925,0.5794106721878052,0.3168078362941742,0.015909142792224884,0.5547384023666382,0.3731725513935089,-0.0014545884914696217,0.5624606609344482,0.40528273582458496,-0.00887217279523611,0.5611910223960876,0.39956068992614746,-0.007600294891744852,0.5813279747962952,0.38515132665634155,0.022693241015076637,0.5544495582580566,0.3937619626522064,-0.02934494987130165,0.5707769393920898,0.3122951090335846,-0.0025561104994267225,0.5766566395759583,0.31270843744277954,0.006523288786411285,0.5759217739105225,0.27939003705978394,0.030611559748649597,0.5478992462158203,0.3272802531719208,-0.016802294179797173,0.5497420430183411,0.33091306686401367,3.718887091963552e-05,0.5671611428260803,0.4363740384578705,0.024851078167557716,0.5717085599899292,0.4139844477176666,0.09042183309793472,0.5590315461158752,0.4117848873138428,-0.007650807965546846,0.555508017539978,0.41622620820999146,-0.009710829704999924,0.5620542168617249,0.4370560944080353,0.02228378690779209,0.5610454082489014,0.43810877203941345,0.019197801128029823,0.5783494710922241,0.30517539381980896,0.009250123985111713,0.5614984631538391,0.408139169216156,-0.004938661586493254,0.5614975094795227,0.3161180019378662,-0.010740202851593494,0.5625230073928833,0.30778592824935913,-0.013261176645755768,0.5614903569221497,0.2645578682422638,-0.0068177408538758755,0.577731728553772,0.2910662889480591,0.017823224887251854,0.5627710819244385,0.28507936000823975,-0.011339233256876469,0.5808888077735901,0.3106876611709595,0.02161267213523388,0.5800788402557373,0.3021770417690277,0.03337566927075386,0.5525109767913818,0.4424426853656769,-0.004825802985578775,0.5561590790748596,0.440532922744751,0.0014420747756958008,0.5585386157035828,0.43915891647338867,0.00771393021568656,0.5577436089515686,0.4135381281375885,-0.006893728394061327,0.5615428686141968,0.43759292364120483,0.02050875872373581,0.5600335597991943,0.44166386127471924,0.01602363772690296,0.5605214238166809,0.4386521577835083,0.018758637830615044,0.5590997934341431,0.41143351793289185,-0.017013169825077057,0.5564309358596802,0.44319283962249756,0.009820117615163326,0.5539090037345886,0.44560685753822327,0.005418897140771151,0.5504332780838013,0.4481109082698822,0.0012478051939979196,0.5513261556625366,0.4686041474342346,0.011056061834096909,0.5515696406364441,0.46017444133758545,0.003730884985998273,0.5517163872718811,0.45560115575790405,0.002011744072660804,0.551153302192688,0.45144808292388916,0.002280560554936528,0.5500445365905762,0.4480874538421631,0.0018635774031281471,0.5561944842338562,0.4433145821094513,0.010315419174730778,0.557319700717926,0.4443974494934082,0.010225687175989151,0.5582576394081116,0.4460221827030182,0.010342379100620747,0.5588352680206299,0.44818902015686035,0.012497357092797756,0.5649130940437317,0.42706099152565,0.009581237100064754,0.5749042630195618,0.3689226508140564,0.0930279940366745,0.5582186579704285,0.44119423627853394,0.015219418331980705,0.5592268109321594,0.4413376748561859,0.015300310216844082,0.5537552237510681,0.420282244682312,-0.008890310302376747,0.5595027208328247,0.4132442772388458,-0.0007665744051337242,0.5546149015426636,0.4184112250804901,-0.009630253538489342,0.5599256753921509,0.37634530663490295,0.004292432218790054,0.5693893432617188,0.3795911967754364,0.010692150332033634,0.5611639618873596,0.4024833142757416,-0.003267929656431079,0.5713746547698975,0.2692323327064514,0.011650082655251026,0.5725521445274353,0.2847277522087097,0.0031039544846862555,0.5720995664596558,0.3035549223423004,-0.0024786011781543493,0.5605588555335999,0.4535870850086212,0.019376980140805244,0.5499696731567383,0.3143729567527771,-0.020995832979679108,0.5501741766929626,0.28855282068252563,-0.021939774975180626,0.5481003522872925,0.26400038599967957,-0.020719537511467934,0.5691397786140442,0.34474876523017883,0.016839828342199326,0.5802595615386963,0.35064685344696045,0.03241317719221115,0.5465559363365173,0.34951362013816833,0.00310147856362164,0.5753095149993896,0.32734405994415283,0.020508984103798866,0.5515412092208862,0.36889714002609253,-0.00596111174672842,0.5616669058799744,0.40439853072166443,-0.016707828268408775,0.5854082107543945,0.35492366552352905,0.04357878863811493,0.5802795886993408,0.3597792088985443,0.026690538972616196,0.5758839249610901,0.36663374304771423,0.018384575843811035,0.5656350255012512,0.3684520125389099,0.011371989734470844,0.5574243068695068,0.366558313369751,0.006065885536372662,0.5520128607749939,0.3640373647212982,0.0010056624887511134,0.5460014343261719,0.36023253202438354,-0.01822947897017002,0.5871533155441284,0.3744201958179474,0.04525795951485634,0.5785908699035645,0.32488518953323364,0.02471548691391945,0.5538375377655029,0.41925278306007385,-0.02534255012869835,0.5560552477836609,0.3837023079395294,-0.002609402174130082,0.5762727856636047,0.3293779790401459,0.08083497732877731,0.5481616854667664,0.3608197569847107,-0.0025880602188408375,0.5599993467330933,0.4017817974090576,0.0028265295550227165,0.5714825987815857,0.3331682085990906,0.022362420335412025,0.5598230957984924,0.39740025997161865,-0.01529675628989935,0.5740393400192261,0.39052528142929077,0.0935613140463829,0.5455098152160645,0.3458273112773895,0.004126334562897682,0.5575698018074036,0.39464592933654785,-0.023432450369000435,0.5718410611152649,0.4436434805393219,0.05507964640855789,0.567237138748169,0.4505826532840729,0.06817838549613953,0.5837143063545227,0.37152040004730225,0.07003607600927353,0.5759627223014832,0.4290215075016022,0.06387919932603836,0.580888569355011,0.3167259693145752,0.04788670316338539,0.559497058391571,0.48065799474716187,0.03229900822043419,0.5517961382865906,0.42075154185295105,-0.01706245355308056,0.5602485537528992,0.3882800340652466,0.002519037341699004,0.5795522332191467,0.3359856605529785,0.041633378714323044,0.564897358417511,0.3428696393966675,0.011889600194990635,0.559992790222168,0.3454078435897827,0.008636562153697014,0.5606674551963806,0.44232451915740967,0.017972515895962715,0.5856661796569824,0.39211753010749817,0.04993929713964462,0.5514907836914062,0.4951217770576477,0.031601060181856155,0.5601073503494263,0.4762554466724396,0.048520758748054504,0.5630492568016052,0.4653511643409729,0.0572667121887207,0.5545927286148071,0.34627267718315125,0.006198637653142214,0.549691379070282,0.3460512161254883,0.005121975671499968,0.5468059778213501,0.3461262881755829,0.004955591633915901,0.5800417065620422,0.32105553150177,0.03219977021217346,0.5493767261505127,0.3363853394985199,0.003039364004507661,0.5542185306549072,0.3316785991191864,0.0036846469156444073,0.5600268840789795,0.3294086456298828,0.005991676356643438,0.5650516152381897,0.3294054865837097,0.009755190461874008,0.5676524043083191,0.3308659791946411,0.013218819163739681,0.5780133605003357,0.3094443082809448,0.06591607630252838,0.5674996376037598,0.3398232161998749,0.015105150640010834,0.5612979531288147,0.42516911029815674,0.0032588099129498005,0.5597702860832214,0.41093143820762634,-0.010675936006009579,0.5541486740112305,0.42725011706352234,-0.0067064049653708935,0.566897988319397,0.45746198296546936,0.04804801940917969,0.5629695653915405,0.4687841236591339,0.040635399520397186,0.5537503957748413,0.49070069193840027,0.023592809215188026,0.5695545077323914,0.4343340992927551,0.08066393435001373,0.5467084646224976,0.3421887457370758,0.003618431743234396,0.5516530275344849,0.37510254979133606,-0.015909278765320778,0.556826114654541,0.4866218566894531,0.039463113993406296,0.5820028781890869,0.39123979210853577,0.07186588644981384,0.553571879863739,0.4457005560398102,0.006002693437039852,0.5548220276832581,0.44794151186943054,0.00618469575420022,0.5555989146232605,0.4509575068950653,0.00626795832067728,0.5559060573577881,0.45494118332862854,0.008204209618270397,0.5567439198493958,0.4616544544696808,0.01513240672647953,0.5593589544296265,0.43956926465034485,0.014321787282824516,0.5602549910545349,0.43816691637039185,0.015016255900263786,0.561052143573761,0.43679654598236084,0.015395566821098328,0.567115068435669,0.4307805597782135,0.017306314781308174,0.583271324634552,0.4014389216899872,0.03439318761229515,0.5486557483673096,0.3640826642513275,-0.011796758510172367,0.5437767505645752,0.34065335988998413,-0.004332392476499081,0.5454404950141907,0.3399243950843811,0.00048626100760884583,0.5582894086837769,0.44108858704566956,0.014945711940526962,0.5793091654777527,0.4200754165649414,0.04810043051838875,0.5425904989242554,0.3434474766254425,-0.014014750719070435,0.5582194328308105,0.4672192931175232,0.020750345662236214,0.548949122428894,0.3722538650035858,-0.022972363978624344,0.5561549067497253,0.3886435627937317,-0.01207050308585167,0.5524776577949524,0.4757339656352997,0.014946524053812027,0.5667306184768677,0.446710467338562,0.029039785265922546,0.564335286617279,0.40687382221221924,0.0074095348827540874,0.5624766945838928,0.45754534006118774,0.025513287633657455,0.5760724544525146,0.4005338251590729,0.015237241983413696,0.5693445205688477,0.4136542081832886,0.012578790076076984,0.578657329082489,0.4118547737598419,0.024785805493593216,0.5541496276855469,0.4840872287750244,0.018367888405919075,0.5574801564216614,0.39186716079711914,-0.005407948512583971,0.5686659812927246,0.4503481388092041,0.03816717490553856,0.5636997818946838,0.4622418284416199,0.03305695950984955,0.5712703466415405,0.43520668148994446,0.029854245483875275,0.5826802849769592,0.40692341327667236,0.0540691614151001,0.5750345587730408,0.43287423253059387,0.038422148674726486,0.5793007016181946,0.41006162762641907,0.071815125644207,0.5721357464790344,0.42227500677108765,0.01965317316353321,0.5536770224571228,0.3792659640312195,-0.008789204992353916,0.5608289837837219,0.4093928635120392,-0.018131261691451073,0.5616285800933838,0.4092094898223877,-0.010138405486941338,0.5599442720413208,0.40488746762275696,-0.02404959872364998,0.5484223961830139,0.33063754439353943,-0.005451959557831287,0.5580921769142151,0.32260844111442566,-0.0033953581005334854,0.5664828419685364,0.3196547031402588,0.0009639288182370365,0.5724613666534424,0.3196365237236023,0.007076675537973642,0.5752947330474854,0.32211461663246155,0.013320541940629482,0.5743623971939087,0.33489546179771423,0.026473117992281914,0.5834339261054993,0.35241755843162537,0.06569788604974747,0.5739724636077881,0.351031631231308,0.02191133424639702,0.5699781179428101,0.35634270310401917,0.016164680942893028,0.5626862645149231,0.35865461826324463,0.010825105011463165,0.5553039908409119,0.3584018647670746,0.0062696426175534725,0.5500991940498352,0.3569395840167999,0.0029325515497475863,0.5468208193778992,0.3553514778614044,0.00045352845336310565,0.5748802423477173,0.3489557206630707,0.08907914906740189,0.560539186000824,0.41076841950416565,-0.006884207017719746,0.5542603731155396,0.3848392963409424,-0.01884263940155506,0.5591468214988708,0.4119727313518524,-0.024373766034841537,0.555581271648407,0.4165433943271637,-0.02243592031300068,0.5581015944480896,0.41292664408683777,-0.021200574934482574,0.5589455962181091,0.4133639335632324,-0.005159846041351557,0.5551711916923523,0.4180142283439636,-0.02421420067548752,0.5532792210578918,0.41952407360076904,-0.016821477562189102,0.5445260405540466,0.34717854857444763,0.0019606759306043386,0.5439064502716064,0.35123246908187866,-0.0029167593456804752,0.5447452664375305,0.3546117842197418,-0.0073303659446537495,0.5689104795455933,0.33218270540237427,0.016389185562729836,0.5725300908088684,0.32823365926742554,0.017479049041867256,0.4927353858947754,0.35509374737739563,-0.017925875261425972,0.5003784894943237,0.35360896587371826,-0.017925875261425972,0.4917697012424469,0.34413397312164307,-0.017925875261425972,0.4848853349685669,0.35653454065322876,-0.017925875261425972,0.4937115013599396,0.3659580945968628,-0.017925875261425972,0.5548043847084045,0.33782610297203064,0.009328888729214668,0.5613712668418884,0.3362131416797638,0.009328888729214668,0.5536041855812073,0.3286356031894684,0.009328888729214668,0.548278272151947,0.3394831418991089,0.009328888729214668,0.5561277866363525,0.3470907509326935,0.009328888729214668
1366.6666666666663,0.5495357513427734,0.4399120807647705,-0.009463067166507244,0.55440753698349,0.4142729640007019,-0.030526302754878998,0.5492793917655945,0.4204421639442444,-0.013075114227831364,0.5438524484634399,0.3828580379486084,-0.030107691884040833,0.5543783903121948,0.4053318202495575,-0.0339474156498909,0.5519768595695496,0.3922090530395508,-0.033467020839452744,0.5435505509376526,0.3575759828090668,-0.023424943909049034,0.4867290258407593,0.3578648865222931,-0.018123943358659744,0.539833128452301,0.3291609287261963,-0.023366767913103104,0.539334774017334,0.3158282935619354,-0.027171263471245766,0.532674252986908,0.2657164931297302,-0.029698364436626434,0.5494058132171631,0.4430025517940521,-0.008019651286303997,0.5487939715385437,0.446044921875,-0.005591335706412792,0.5479021072387695,0.44812971353530884,-0.0018796443473547697,0.5476539134979248,0.44804060459136963,-0.0011803111992776394,0.5482524037361145,0.45197293162345886,-0.0007881132769398391,0.5484278798103333,0.45642775297164917,-0.0010691002244129777,0.5479693412780762,0.46102917194366455,0.0009773970814421773,0.5463721752166748,0.47005805373191833,0.008415293879806995,0.5530661940574646,0.4181225895881653,-0.026780981570482254,0.5446995496749878,0.4186529219150543,-0.020210284739732742,0.44538646936416626,0.31691062450408936,-0.007037330884486437,0.5086482763290405,0.3640020191669464,-0.017073312774300575,0.5020235180854797,0.36607131361961365,-0.01878379099071026,0.4949028193950653,0.36671093106269836,-0.019249755889177322,0.4834340512752533,0.3610497713088989,-0.017518281936645508,0.5139277577400208,0.360984742641449,-0.014271637424826622,0.4962170422077179,0.33587852120399475,-0.025307627394795418,0.50446617603302,0.3361247181892395,-0.022597206756472588,0.48864054679870605,0.33880290389060974,-0.02502095140516758,0.483493447303772,0.343538373708725,-0.02349388599395752,0.47803086042404175,0.36805427074432373,-0.014870025217533112,0.5228341817855835,0.48617836833000183,0.010050120763480663,0.4830601215362549,0.3544555604457855,-0.017209894955158234,0.44717809557914734,0.3616195321083069,0.0035046949051320553,0.4675930440425873,0.3617531359195709,-0.012483922764658928,0.5103508830070496,0.4050719439983368,-0.015212524682283401,0.5414494872093201,0.43982842564582825,-0.011742249131202698,0.5409971475601196,0.44703152775764465,-0.0073566557839512825,0.5319481492042542,0.4429951310157776,-0.010847345925867558,0.5245874524116516,0.4450497329235077,-0.008093539625406265,0.5330073833465576,0.44770583510398865,-0.0074481782503426075,0.5261164307594299,0.44794392585754395,-0.004786018282175064,0.5138394832611084,0.4577775001525879,0.002329549752175808,0.5492810606956482,0.41520658135414124,-0.031602151691913605,0.5484523177146912,0.40646231174468994,-0.0350748673081398,0.47398674488067627,0.3381517827510834,-0.027084434404969215,0.5217698216438293,0.3789609968662262,-0.016316408291459084,0.5287876129150391,0.41183677315711975,-0.022540632635354996,0.526980459690094,0.4059416353702545,-0.021710319444537163,0.48649272322654724,0.40625667572021484,-0.015462292358279228,0.5462771654129028,0.3940243721008301,-0.03391517698764801,0.4941568970680237,0.32616013288497925,-0.03260486572980881,0.48275521397590637,0.3304580748081207,-0.031026773154735565,0.4560690224170685,0.2994796931743622,-0.019015002995729446,0.5255181789398193,0.3321182131767273,-0.026892762631177902,0.5112816095352173,0.3398953676223755,-0.018280165269970894,0.5083941221237183,0.45037248730659485,-0.00044534250628203154,0.45495009422302246,0.4448188543319702,0.03914656862616539,0.5332958698272705,0.4164983630180359,-0.017689881846308708,0.5387197136878967,0.4182558059692383,-0.014769528992474079,0.5138062238693237,0.44734692573547363,0.000610817049164325,0.5154670476913452,0.4477648138999939,0.0002655527205206454,0.47770676016807556,0.3245490491390228,-0.030673354864120483,0.52714604139328,0.41453713178634644,-0.01832353137433529,0.5083757638931274,0.32625097036361694,-0.03137286379933357,0.5071411728858948,0.3184703290462494,-0.03442570939660072,0.49167701601982117,0.275257408618927,-0.035270702093839645,0.46799972653388977,0.3117903769016266,-0.026209918782114983,0.5008350014686584,0.29593992233276367,-0.03564927354454994,0.4676750898361206,0.3336983323097229,-0.02439729869365692,0.45748427510261536,0.32583531737327576,-0.01651761680841446,0.5412699580192566,0.4437222480773926,-0.010305316187441349,0.532541036605835,0.4454145133495331,-0.009350166656076908,0.5253983736038208,0.44647932052612305,-0.006810443475842476,0.5344164371490479,0.4175044894218445,-0.015164341777563095,0.5146750807762146,0.4475615620613098,0.0005204846384003758,0.5192533135414124,0.4503888487815857,-0.0006015402032062411,0.516277015209198,0.44794797897338867,0.00036943028680980206,0.538916826248169,0.4152480363845825,-0.026308447122573853,0.5264976620674133,0.44906461238861084,-0.0028710393235087395,0.5332672595977783,0.44929516315460205,-0.003932376392185688,0.5406341552734375,0.4491078555583954,-0.003908033482730389,0.5380052328109741,0.47145265340805054,0.006050188560038805,0.5399304628372192,0.46205756068229675,-0.0015142705524340272,0.5404256582260132,0.45735231041908264,-0.003432857571169734,0.54060959815979,0.45290040969848633,-0.0030703414231538773,0.5405480861663818,0.4491533041000366,-0.003235466545447707,0.5264666080474854,0.44938212633132935,-0.002300975611433387,0.5258052945137024,0.45098716020584106,-0.002343847183510661,0.5248924493789673,0.45323145389556885,-0.0027060462161898613,0.5240275263786316,0.4558042287826538,-0.0016346370102837682,0.518929660320282,0.4369402229785919,-0.008967453613877296,0.4406850337982178,0.3992091417312622,0.03561869263648987,0.5514070987701416,0.419450968503952,-0.018161484971642494,0.5211724638938904,0.4488791227340698,-0.0007636492373421788,0.5203197598457336,0.44953155517578125,-0.0006949747912585735,0.5410131216049194,0.42117202281951904,-0.01388621050864458,0.5282569527626038,0.4186427891254425,-0.011389655992388725,0.5399525165557861,0.41978365182876587,-0.0145316356793046,0.5147026181221008,0.3849116265773773,-0.015732189640402794,0.503893256187439,0.393075555562973,-0.016534743830561638,0.5248916149139404,0.4091961085796356,-0.01781720668077469,0.4710049033164978,0.28539392352104187,-0.028809143230319023,0.4818703532218933,0.30145612359046936,-0.03228568658232689,0.49113720655441284,0.3187546730041504,-0.034129686653614044,0.5207470655441284,0.4640284478664398,0.0025305140297859907,0.5234774351119995,0.3195191025733948,-0.031876418739557266,0.5184313654899597,0.293641597032547,-0.0346178337931633,0.5114822387695312,0.26926809549331665,-0.035181257873773575,0.4879186451435089,0.3652012348175049,-0.018559927120804787,0.47042903304100037,0.3758765161037445,-0.012631881050765514,0.5173470973968506,0.3583548367023468,-0.012954206205904484,0.47622403502464294,0.34933197498321533,-0.0208559799939394,0.5268546342849731,0.372883141040802,-0.017887627705931664,0.5346010327339172,0.4094843566417694,-0.027774935588240623,0.46086686849594116,0.38228821754455566,-0.007440358400344849,0.4778061807155609,0.38274264335632324,-0.015537562780082226,0.4890499711036682,0.3855555057525635,-0.017437735572457314,0.5028960704803467,0.38207072019577026,-0.01604587212204933,0.5120359063148499,0.3767041563987732,-0.014699514955282211,0.5185595750808716,0.37161725759506226,-0.01451944001019001,0.5374252200126648,0.3606114983558655,-0.023365609347820282,0.463964581489563,0.4025646150112152,-0.005424368195235729,0.46982038021087646,0.34878474473953247,-0.020504046231508255,0.5498939752578735,0.4187038838863373,-0.02768779918551445,0.5244932174682617,0.3891051411628723,-0.016844667494297028,0.43669548630714417,0.3569332957267761,0.021495964378118515,0.5238775014877319,0.36640694737434387,-0.014744410291314125,0.5224598050117493,0.4086052179336548,-0.011727975681424141,0.4797302484512329,0.35502392053604126,-0.016843948513269424,0.5325306057929993,0.40219154953956604,-0.02657289244234562,0.44570887088775635,0.4218254089355469,0.0386541485786438,0.5162232518196106,0.3551638424396515,-0.012707575224339962,0.539604902267456,0.39729663729667664,-0.031618837267160416,0.48530444502830505,0.4697645306587219,0.017787188291549683,0.481894850730896,0.47728168964385986,0.029755201190710068,0.44987598061561584,0.40263354778289795,0.01459205336868763,0.47223860025405884,0.4581225514411926,0.01976516842842102,0.4512750804424286,0.3422204852104187,-0.005393047351390123,0.5212042927742004,0.49439382553100586,0.014881422743201256,0.5488443970680237,0.41966068744659424,-0.018520228564739227,0.518127977848053,0.3961547017097473,-0.015077399089932442,0.45961853861808777,0.3635583817958832,-0.008586674928665161,0.49551230669021606,0.3614262044429779,-0.019321126863360405,0.5018517374992371,0.36102890968322754,-0.01895723305642605,0.5181788802146912,0.45144858956336975,1.3458389958032058e-06,0.4659349024295807,0.4209018349647522,0.0012367075541988015,0.5321113467216492,0.5020672678947449,0.02180810645222664,0.5092543959617615,0.4946135878562927,0.023980576545000076,0.497333824634552,0.48797106742858887,0.02622303180396557,0.5365904569625854,0.2911735773086548,-0.029684795066714287,0.5439611077308655,0.4998176693916321,0.025269392877817154,0.507175087928772,0.35917899012565613,-0.017333919182419777,0.5119452476501465,0.35692155361175537,-0.015119556337594986,0.5150091648101807,0.35587263107299805,-0.01323101669549942,0.4623224437236786,0.3465157747268677,-0.016524486243724823,0.5094014406204224,0.34681838750839233,-0.01765832118690014,0.5031311511993408,0.34349387884140015,-0.02043708972632885,0.4970787465572357,0.34360471367836,-0.022092081606388092,0.4910273849964142,0.34609392285346985,-0.022198693826794624,0.4872189164161682,0.34944742918014526,-0.021037667989730835,0.43921753764152527,0.33496400713920593,0.007780122105032206,0.49058231711387634,0.3600577414035797,-0.018839314579963684,0.5487117767333984,0.4267593026161194,-0.010344484820961952,0.526477575302124,0.4318283796310425,-0.010902456007897854,0.5341017246246338,0.41581106185913086,-0.02028019353747368,0.5402866005897522,0.42874497175216675,-0.012572960928082466,0.5405058860778809,0.3426438271999359,-0.021329188719391823,0.49808138608932495,0.4799546003341675,0.018031608313322067,0.509325385093689,0.4875040054321289,0.017098598182201385,0.5337324142456055,0.49770867824554443,0.014211094938218594,0.4678400754928589,0.4635011851787567,0.03509311005473137,0.514098048210144,0.35211676359176636,-0.0148837985470891,0.5352053046226501,0.37726372480392456,-0.02392076700925827,0.5457834601402283,0.4954345226287842,0.01784467324614525,0.5209507942199707,0.49985072016716003,0.021332580596208572,0.4537196159362793,0.42289942502975464,0.018907787278294563,0.5332481861114502,0.4495249092578888,-0.0033064251765608788,0.5327743291854858,0.45238569378852844,-0.0034014626871794462,0.5322867631912231,0.45591306686401367,-0.0038484707474708557,0.5318095684051514,0.4601234793663025,-0.0024180228356271982,0.5287693738937378,0.4690013825893402,0.0030149794183671474,0.5202054977416992,0.44782981276512146,-0.0024139941670000553,0.519261360168457,0.4470352232456207,-0.00335802068002522,0.5183880925178528,0.4462212026119232,-0.004277500323951244,0.5123945474624634,0.44319188594818115,-0.005933587439358234,0.4797598719596863,0.42624610662460327,-0.006675587501376867,0.5322015881538391,0.3661730885505676,-0.02023947425186634,0.5225201845169067,0.3469962775707245,-0.01503745000809431,0.5171998739242554,0.3481387794017792,-0.01497911848127842,0.5211264491081238,0.4485911428928375,-0.0011461111716926098,0.4781040847301483,0.44670242071151733,0.006684338208287954,0.5307861566543579,0.34647539258003235,-0.02043982222676277,0.5252887606620789,0.47720664739608765,0.007070056162774563,0.5491589307785034,0.38073858618736267,-0.029898930341005325,0.5407541990280151,0.3725566267967224,-0.027249472215771675,0.5465033650398254,0.36985132098197937,-0.026653816923499107,0.5316367149353027,0.3925965428352356,-0.022468267008662224,0.5465524792671204,0.48799437284469604,0.012794559821486473,0.546349823474884,0.478379487991333,0.010752814821898937,0.5364501476287842,0.480196088552475,0.008447587490081787,0.5077547430992126,0.4629805088043213,0.004828732926398516,0.5165802836418152,0.4163920283317566,-0.0108595946803689,0.5157331228256226,0.4712831377983093,0.006463341414928436,0.49934664368629456,0.4178393483161926,-0.014124743640422821,0.5104183554649353,0.4265553653240204,-0.010319945402443409,0.4925757646560669,0.4326646029949188,-0.008660531602799892,0.5351629257202148,0.49006497859954834,0.009625810198485851,0.526436984539032,0.39719244837760925,-0.018440119922161102,0.5015141367912292,0.47074276208877563,0.009965538047254086,0.512008786201477,0.4790326952934265,0.011484014801681042,0.5015316605567932,0.45316511392593384,0.0003328742168378085,0.4684155285358429,0.43582087755203247,0.007592334412038326,0.4907934069633484,0.4560350775718689,0.0038995256181806326,0.46028491854667664,0.441261887550354,0.02168181538581848,0.5043659210205078,0.43804919719696045,-0.007466068025678396,0.5297867655754089,0.38304176926612854,-0.020093636587262154,0.5372076630592346,0.4140481650829315,-0.02819470874965191,0.5312795639038086,0.4151213467121124,-0.021654214709997177,0.5415506362915039,0.40800103545188904,-0.03205060586333275,0.5174286365509033,0.33873191475868225,-0.020207703113555908,0.5063457489013672,0.33336251974105835,-0.025315847247838974,0.4960276186466217,0.3328964114189148,-0.02785792388021946,0.4870365262031555,0.3358912467956543,-0.0277557335793972,0.4801621735095978,0.34136247634887695,-0.025584759190678596,0.47485989332199097,0.3583725094795227,-0.015360942110419273,0.4475446045398712,0.3823033273220062,0.008829296566545963,0.48334911465644836,0.3721333146095276,-0.01617366261780262,0.4921696186065674,0.37453436851501465,-0.017014583572745323,0.5019444227218628,0.37316516041755676,-0.016433225944638252,0.5101929903030396,0.36961957812309265,-0.01513637974858284,0.5161871314048767,0.36574020981788635,-0.013253692537546158,0.5205397009849548,0.3624504804611206,-0.012735328637063503,0.4379657804965973,0.37771427631378174,0.030138365924358368,0.5303105711936951,0.41644486784935,-0.018195055425167084,0.5378059148788452,0.387052446603775,-0.02697604149580002,0.5436646938323975,0.4148012697696686,-0.030751751735806465,0.5454010963439941,0.4180433452129364,-0.026113830506801605,0.5422413945198059,0.41591206192970276,-0.027735237032175064,0.5312543511390686,0.4181438386440277,-0.014632271602749825,0.5474839210510254,0.41863924264907837,-0.02718132920563221,0.5465099215507507,0.41965389251708984,-0.01934804581105709,0.5192359685897827,0.3552177846431732,-0.011990958824753761,0.5238502025604248,0.35696280002593994,-0.013310462236404419,0.5277044773101807,0.3587321639060974,-0.015982046723365784,0.4849701225757599,0.3520820438861847,-0.019452689215540886,0.48013556003570557,0.34888070821762085,-0.02057800069451332,0.5534245371818542,0.380616158246994,-0.025301169604063034,0.5707499980926514,0.3358946144580841,0.017375420778989792,0.5562497973442078,0.415373295545578,-0.016532287001609802,0.5797098278999329,0.2926906943321228,0.04783795401453972,0.5560132265090942,0.3504554331302643,0.005720498971641064,0.5622632503509521,0.3494778871536255,0.008656520396471024,0.5677907466888428,0.3473053574562073,0.01242885459214449,0.5720828771591187,0.3386342525482178,0.020057784393429756,0.5511001944541931,0.34932875633239746,0.003722621127963066,0.5649294853210449,0.3214043378829956,0.003486423520371318,0.5577896237373352,0.32394343614578247,9.371373744215816e-05,0.5706770420074463,0.3216460645198822,0.00819406472146511,0.5735723972320557,0.32422155141830444,0.012365322560071945,0.5770329833030701,0.3440185785293579,0.025627877563238144,0.5615806579589844,0.4724489450454712,0.02626795880496502,0.5715954899787903,0.33237865567207336,0.01996290311217308,0.5833767056465149,0.3322974443435669,0.058917563408613205,0.5794666409492493,0.33503594994544983,0.03298645094037056,0.5695134401321411,0.3912074565887451,0.007596373558044434,0.5552992224693298,0.43622565269470215,-0.00611434131860733,0.553758442401886,0.4436632990837097,-0.002167542465031147,0.5592812895774841,0.4351422190666199,0.0008184222388081253,0.5615181922912598,0.4349130690097809,0.008045531809329987,0.5571147203445435,0.4413072466850281,0.0026857019402086735,0.5594030618667603,0.43937474489212036,0.008830316364765167,0.5650779604911804,0.44377401471138,0.023314671590924263,0.5584366917610168,0.41258394718170166,-0.028540676459670067,0.5591219067573547,0.40384745597839355,-0.03141285479068756,0.5814263224601746,0.3159465193748474,0.01569829136133194,0.556769609451294,0.3710392415523529,-0.0014435185585170984,0.5644381642341614,0.4030097424983978,-0.008815349079668522,0.5631958842277527,0.3973071277141571,-0.00754349771887064,0.5831245183944702,0.38323867321014404,0.022707879543304443,0.5564671754837036,0.3916238248348236,-0.029239118099212646,0.5731598734855652,0.3107770085334778,-0.0027326380368322134,0.5788926482200623,0.311549574136734,0.0063077243976294994,0.5780931711196899,0.2785035967826843,0.030234944075345993,0.5501798987388611,0.3248838186264038,-0.016927290707826614,0.5516288876533508,0.3291471302509308,4.456736860447563e-06,0.5687954425811768,0.43451017141342163,0.02509739249944687,0.5732275247573853,0.4120514690876007,0.09012165665626526,0.56097412109375,0.4094292223453522,-0.007591579109430313,0.5573994517326355,0.41387656331062317,-0.009692588821053505,0.5636715888977051,0.43532896041870117,0.02255728282034397,0.5626623630523682,0.43631765246391296,0.019486261531710625,0.5805351734161377,0.3042577803134918,0.00902909692376852,0.5634616613388062,0.4058305323123932,-0.004902001470327377,0.5639228224754333,0.31415125727653503,-0.010876700282096863,0.5650269985198975,0.30603501200675964,-0.013392980210483074,0.5640771985054016,0.26372072100639343,-0.007040036842226982,0.5799463987350464,0.29007256031036377,0.01759166084229946,0.565299391746521,0.284026563167572,-0.011458811350166798,0.5827850699424744,0.3099759817123413,0.02136142924427986,0.5821250677108765,0.30107319355010986,0.03311064466834068,0.5547927618026733,0.44024553894996643,-0.00471895094960928,0.558315098285675,0.43841347098350525,0.0015920534497126937,0.56056147813797,0.4371446669101715,0.007919538766145706,0.5596714615821838,0.41117486357688904,-0.006873237434774637,0.563164234161377,0.4358311891555786,0.020787497982382774,0.5617902874946594,0.4397761821746826,0.01633668690919876,0.5621713399887085,0.43681129813194275,0.01904032938182354,0.5610162615776062,0.4091249704360962,-0.01693166233599186,0.5582951307296753,0.44122737646102905,0.010023362003266811,0.5559093952178955,0.4436001181602478,0.0055727106519043446,0.5525718331336975,0.44603651762008667,0.0013633661437779665,0.5529151558876038,0.46693968772888184,0.011269152164459229,0.5537247061729431,0.4579421877861023,0.004017996601760387,0.5539448857307434,0.4533984661102295,0.002305678091943264,0.5533824563026428,0.4492967128753662,0.0025681795086711645,0.5522281527519226,0.44598183035850525,0.00213506817817688,0.5580770969390869,0.4413312077522278,0.010613306425511837,0.559211790561676,0.44241026043891907,0.010538792237639427,0.5601372718811035,0.44400399923324585,0.010674824006855488,0.5606867074966431,0.4461694359779358,0.012827404774725437,0.5666415691375732,0.42501524090766907,0.009729377925395966,0.5764326453208923,0.36720043420791626,0.09263376891613007,0.5599992871284485,0.43927237391471863,0.015510961413383484,0.5609989762306213,0.4394384026527405,0.015608293004333973,0.5555835962295532,0.4179439842700958,-0.008871037513017654,0.5614100694656372,0.4109259247779846,-0.0007482481305487454,0.5564756393432617,0.4160667061805725,-0.009613540023565292,0.5618935823440552,0.37421712279319763,0.004302666988223791,0.5712746977806091,0.3775649070739746,0.010686645284295082,0.5631537437438965,0.40021252632141113,-0.0032227765768766403,0.5737431049346924,0.2684181332588196,0.011343407444655895,0.574923038482666,0.2837504744529724,0.0029344100039452314,0.5744955539703369,0.30227452516555786,-0.002630888717249036,0.5621935129165649,0.4518398344516754,0.01966722123324871,0.5524058938026428,0.31210729479789734,-0.021115195006132126,0.5528531670570374,0.28734683990478516,-0.022025445476174355,0.5509001016616821,0.2630351781845093,-0.02089708112180233,0.571058988571167,0.34359222650527954,0.016778653487563133,0.5820906758308411,0.34923017024993896,0.03228136897087097,0.5480908155441284,0.34785956144332886,0.003049064427614212,0.5772417783737183,0.3264196515083313,0.020358160138130188,0.5536261796951294,0.3667862117290497,-0.005963141564279795,0.5636337399482727,0.4021622836589813,-0.01662609912455082,0.5872043967247009,0.3532851040363312,0.043419986963272095,0.5821616649627686,0.3580828011035919,0.026616424322128296,0.5778647065162659,0.3646518290042877,0.01837494969367981,0.5676455497741699,0.3664255440235138,0.011355146765708923,0.5593936443328857,0.3645162582397461,0.0060598161071538925,0.5539641380310059,0.36191362142562866,0.0009874440729618073,0.5482131838798523,0.3581746816635132,-0.018246188759803772,0.588921308517456,0.3726426959037781,0.04515513405203819,0.5804535150527954,0.3239806294441223,0.024533070623874664,0.5556809306144714,0.4169611632823944,-0.025244593620300293,0.5580896139144897,0.38151440024375916,-0.002565170871093869,0.5779027342796326,0.32795441150665283,0.0803823322057724,0.5501211881637573,0.3586593568325043,-0.0026260348968207836,0.5619697570800781,0.39949485659599304,0.0028727015014737844,0.57334965467453,0.3322325348854065,0.02223007008433342,0.5618258118629456,0.3951960802078247,-0.01521982904523611,0.5755729079246521,0.38866665959358215,0.09319359064102173,0.5470198392868042,0.3442929983139038,0.004066468216478825,0.5595827102661133,0.392494261264801,-0.023336101323366165,0.5734795331954956,0.44180986285209656,0.05513232573866844,0.5687921047210693,0.4487631916999817,0.06809327006340027,0.5853738784790039,0.36980491876602173,0.06978805363178253,0.5775772333145142,0.42713749408721924,0.0638287290930748,0.5827703475952148,0.3154526948928833,0.047596994787454605,0.5611438155174255,0.47936224937438965,0.032476894557476044,0.5535982847213745,0.4184250831604004,-0.017015401273965836,0.5622205138206482,0.38609543442726135,0.002566370414569974,0.5812471508979797,0.3349730968475342,0.04142335057258606,0.5669010281562805,0.34186404943466187,0.011861619539558887,0.5619168281555176,0.34439903497695923,0.008619425818324089,0.5623998045921326,0.44047385454177856,0.01827971637248993,0.5874037742614746,0.39025917649269104,0.04987596347928047,0.5529979467391968,0.49402549862861633,0.03168570622801781,0.5617179870605469,0.4747864007949829,0.0485646054148674,0.5646508932113647,0.4636921286582947,0.05727199837565422,0.5563648343086243,0.34513601660728455,0.0061707948334515095,0.5512657165527344,0.34469714760780334,0.005076301284134388,0.5483021140098572,0.34462109208106995,0.004892983008176088,0.5817906260490417,0.3201757073402405,0.031973376870155334,0.5512248277664185,0.3349704146385193,0.003009354928508401,0.5562992691993713,0.3303718864917755,0.003630000865086913,0.562241792678833,0.32817721366882324,0.005937493406236172,0.5672488808631897,0.32826125621795654,0.009688744321465492,0.5697835087776184,0.32980820536613464,0.013146107085049152,0.5797826051712036,0.3082422614097595,0.06546084582805634,0.569496214389801,0.33882227540016174,0.015046244487166405,0.5630695819854736,0.423002690076828,0.0033333958126604557,0.56171053647995,0.40858322381973267,-0.010623708367347717,0.5558920502662659,0.42500337958335876,-0.006668085232377052,0.5685693621635437,0.45575645565986633,0.04816095903515816,0.5646442770957947,0.4672737717628479,0.04077806696295738,0.555313766002655,0.4895322918891907,0.02380257286131382,0.5710805654525757,0.43241775035858154,0.08045127242803574,0.5483316779136658,0.34069302678108215,0.0035727766808122396,0.5537641644477844,0.37299492955207825,-0.01586480624973774,0.5584090948104858,0.48535865545272827,0.0395268052816391,0.5836392045021057,0.38941526412963867,0.07165441662073135,0.555607259273529,0.4436492919921875,0.006285509560257196,0.5568851232528687,0.44585445523262024,0.0064854929223656654,0.5576567649841309,0.4488239884376526,0.006598006933927536,0.5579198002815247,0.4527828097343445,0.008532984182238579,0.5583796501159668,0.45994967222213745,0.015404424630105495,0.5611967444419861,0.43765851855278015,0.014564208686351776,0.5621324181556702,0.43626895546913147,0.015269304625689983,0.562964916229248,0.4348846971988678,0.01564183458685875,0.568783164024353,0.4288359582424164,0.017525047063827515,0.5850169062614441,0.3995193839073181,0.03443700075149536,0.5508047342300415,0.36201000213623047,-0.0118060652166605,0.5455614328384399,0.33871254324913025,-0.004375922027975321,0.5471082925796509,0.3381899893283844,0.00042371274321340024,0.5600881576538086,0.439147025346756,0.015187371522188187,0.5809964537620544,0.4181734025478363,0.04814273118972778,0.5446229577064514,0.34110400080680847,-0.014062275178730488,0.5598295331001282,0.4656134247779846,0.02098122239112854,0.5510973930358887,0.3701542913913727,-0.02293068915605545,0.5581809282302856,0.3864683210849762,-0.012007953599095345,0.5540264844894409,0.47421637177467346,0.015149936079978943,0.568376362323761,0.44491419196128845,0.029279159381985664,0.566202700138092,0.40468719601631165,0.007476527243852615,0.5641049146652222,0.45583510398864746,0.02576470375061035,0.577873945236206,0.39854907989501953,0.015332302078604698,0.5711057186126709,0.41161608695983887,0.012699191458523273,0.580396294593811,0.4099244475364685,0.024935584515333176,0.5556893348693848,0.48274919390678406,0.018582280725240707,0.55949866771698,0.3896400034427643,-0.005356629844754934,0.5703330636024475,0.4486003816127777,0.03834877535700798,0.5653466582298279,0.4606534242630005,0.033263541758060455,0.572928249835968,0.4333421587944031,0.030077897012233734,0.5843758583068848,0.40503421425819397,0.05403300002217293,0.5767227411270142,0.4310043454170227,0.03859051316976547,0.5809043049812317,0.40818193554878235,0.07165760546922684,0.5738297700881958,0.42033904790878296,0.019834211096167564,0.5557447671890259,0.3771193027496338,-0.008748956955969334,0.5627613663673401,0.4071059823036194,-0.018045978620648384,0.5635817646980286,0.4068991541862488,-0.010087147355079651,0.5619068145751953,0.4026872515678406,-0.023953109979629517,0.5503952503204346,0.3286793529987335,-0.005488581024110317,0.5603030323982239,0.320789098739624,-0.003470170311629772,0.5687834024429321,0.3181294798851013,0.0008470444008708,0.5747334957122803,0.31840813159942627,0.0069389487616717815,0.5774189233779907,0.3210967183113098,0.013175432570278645,0.5761582851409912,0.33393171429634094,0.026308182626962662,0.5851190090179443,0.35083258152008057,0.0654313936829567,0.5758439302444458,0.34959644079208374,0.02183503285050392,0.5719397068023682,0.35472866892814636,0.016115844249725342,0.5646436810493469,0.35700780153274536,0.010797321796417236,0.5571632981300354,0.35670527815818787,0.006281214766204357,0.5518575310707092,0.3551093339920044,0.002890857635065913,0.5485548377037048,0.3534173369407654,0.00041517644422128797,0.5764432549476624,0.34735336899757385,0.08865302801132202,0.5624855756759644,0.408439964056015,-0.006846550852060318,0.5563154816627502,0.3827097415924072,-0.018772143870592117,0.5610619187355042,0.40971487760543823,-0.0242678914219141,0.5574460029602051,0.4142533242702484,-0.022349882870912552,0.5600036978721619,0.4106420576572418,-0.021108131855726242,0.5608675479888916,0.41102588176727295,-0.0051339236088097095,0.5570237636566162,0.4157290756702423,-0.024121420457959175,0.5551007986068726,0.41720426082611084,-0.016765566542744637,0.546058177947998,0.3454984128475189,0.0018928988138213754,0.545642077922821,0.34925365447998047,-0.002970646834000945,0.5467034578323364,0.3524233400821686,-0.007383954245597124,0.5709440112113953,0.331184059381485,0.01629091240465641,0.5745118856430054,0.3273186683654785,0.017381833866238594,0.49496713280677795,0.35270875692367554,-0.018037745729088783,0.5026440620422363,0.3512890636920929,-0.018037745729088783,0.4940921366214752,0.3418004810810089,-0.018037745729088783,0.48710253834724426,0.35407906770706177,-0.018037745729088783,0.49585244059562683,0.3635190725326538,-0.018037745729088783,0.5566226840019226,0.3365050256252289,0.009271722286939621,0.5632691383361816,0.33489856123924255,0.009271722286939621,0.5553902387619019,0.32722511887550354,0.009271722286939621,0.5500020980834961,0.3381405174732208,0.009271722286939621,0.5579712390899658,0.34592002630233765,0.009271722286939621
1399.9999999999995,0.5488533973693848,0.43991389870643616,-0.009431538172066212,0.5544513463973999,0.41434013843536377,-0.030635178089141846,0.549085795879364,0.42071983218193054,-0.013118790462613106,0.5439216494560242,0.3827281594276428,-0.03027174063026905,0.5544698238372803,0.4052742123603821,-0.03407176211476326,0.5520607829093933,0.3920786678791046,-0.03360169753432274,0.54356449842453,0.35730883479118347,-0.023512953892350197,0.4869677424430847,0.3576384484767914,-0.01849675364792347,0.5398969650268555,0.3287372887134552,-0.0234012883156538,0.5394651293754578,0.31532981991767883,-0.027194874361157417,0.5328434109687805,0.2656590938568115,-0.029778480529785156,0.5487244129180908,0.4430384933948517,-0.007983220741152763,0.5481271147727966,0.44610098004341125,-0.005553479306399822,0.5472627282142639,0.4481852054595947,-0.0019126619445160031,0.5469872951507568,0.4480869770050049,-0.0012033110251650214,0.5475770831108093,0.4520829916000366,-0.0008969306945800781,0.5477490425109863,0.45660683512687683,-0.0011765388771891594,0.5472999811172485,0.4612749218940735,0.0008876301581040025,0.5457317233085632,0.47030964493751526,0.008368043228983879,0.5530430674552917,0.4182753562927246,-0.026874668896198273,0.544603168964386,0.4188365936279297,-0.02031707391142845,0.44481584429740906,0.3177535831928253,-0.007513817865401506,0.5087342262268066,0.36392906308174133,-0.017300792038440704,0.5021156668663025,0.3660251498222351,-0.019063660874962807,0.4950118660926819,0.36665427684783936,-0.01956629380583763,0.4835982024669647,0.3609551787376404,-0.01788509264588356,0.514037013053894,0.3608221411705017,-0.014465770684182644,0.49654915928840637,0.335493803024292,-0.025640567764639854,0.5047726035118103,0.3357275128364563,-0.022860640659928322,0.48895132541656494,0.33846089243888855,-0.025390392169356346,0.48376771807670593,0.3432490825653076,-0.023883353918790817,0.478029727935791,0.3682374656200409,-0.015257244929671288,0.5221538543701172,0.48633304238319397,0.009883436374366283,0.4833061993122101,0.3542596995830536,-0.01758532039821148,0.446515828371048,0.36241838335990906,0.003063733223825693,0.4675251841545105,0.3620816767215729,-0.012919368222355843,0.510103166103363,0.4053982198238373,-0.015496340580284595,0.5406953692436218,0.43974900245666504,-0.011750374920666218,0.5402828454971313,0.44703325629234314,-0.007338305935263634,0.5312027931213379,0.4428996443748474,-0.01087864302098751,0.52387934923172,0.44495537877082825,-0.00812231469899416,0.5323066711425781,0.44765758514404297,-0.007441323716193438,0.5254442095756531,0.44786375761032104,-0.004764311481267214,0.5132980346679688,0.45801523327827454,0.002272612415254116,0.5493163466453552,0.41529276967048645,-0.03173557668924332,0.5485381484031677,0.4064211845397949,-0.035232994705438614,0.47419798374176025,0.3380531072616577,-0.027516692876815796,0.5216692686080933,0.37911587953567505,-0.016504110768437386,0.5286995768547058,0.412052720785141,-0.022733792662620544,0.5268835425376892,0.40610751509666443,-0.02190593257546425,0.48605507612228394,0.4067227244377136,-0.015886323526501656,0.5463679432868958,0.39392417669296265,-0.03408948332071304,0.49461233615875244,0.3257681727409363,-0.03292520344257355,0.48312410712242126,0.3301822543144226,-0.03142208233475685,0.45579415559768677,0.30015209317207336,-0.01946989633142948,0.5258323550224304,0.3317182660102844,-0.027038952335715294,0.5115460753440857,0.33951348066329956,-0.01848430745303631,0.5079261660575867,0.4505413770675659,-0.0005804953398182988,0.45418068766593933,0.44552892446517944,0.03887863829731941,0.5331822633743286,0.4167800545692444,-0.017815737053751945,0.5385986566543579,0.41851282119750977,-0.014860780909657478,0.5131526589393616,0.4472395181655884,0.0005587126361206174,0.5148148536682129,0.44766390323638916,0.0002587487979326397,0.4780263602733612,0.3243260383605957,-0.03108183853328228,0.5270007252693176,0.414789617061615,-0.018497006967663765,0.5088533163070679,0.3258637487888336,-0.03159722313284874,0.5076314806938171,0.3180534243583679,-0.034652359783649445,0.49179351329803467,0.27545320987701416,-0.0355960838496685,0.4680830240249634,0.3124020993709564,-0.026648135855793953,0.5011479258537292,0.29598259925842285,-0.03592051565647125,0.46775805950164795,0.33371540904045105,-0.02483426220715046,0.4572870135307312,0.3266114294528961,-0.016968535259366035,0.5405294299125671,0.4436981678009033,-0.010295307263731956,0.5318171381950378,0.4453534483909607,-0.009357376024127007,0.5247052311897278,0.4463944435119629,-0.006806335411965847,0.5342856645584106,0.41778063774108887,-0.015291210263967514,0.5140236020088196,0.4474588632583618,0.0004975702031515539,0.5185863971710205,0.45034700632095337,-0.0005992750520817935,0.5156271457672119,0.44785141944885254,0.00036545598413795233,0.5388892889022827,0.4154612720012665,-0.02647683210670948,0.5258403420448303,0.44898635149002075,-0.0028852715622633696,0.5325856804847717,0.44924604892730713,-0.003968830686062574,0.5399509072303772,0.44910728931427,-0.0039580026641488075,0.5373430848121643,0.4717433452606201,0.005983332637697458,0.5392138957977295,0.4622556269168854,-0.0015989032108336687,0.5397003889083862,0.4574849307537079,-0.0035255709663033485,0.5398890376091003,0.4529626667499542,-0.0031684234272688627,0.5398439764976501,0.4491560459136963,-0.003257782431319356,0.5257927775382996,0.4493452310562134,-0.002292843535542488,0.5251184105873108,0.4509822130203247,-0.002370235975831747,0.524194061756134,0.45325911045074463,-0.002725872676819563,0.5233325958251953,0.4558626413345337,-0.0016601915704086423,0.5186209678649902,0.43712085485458374,-0.009020387195050716,0.43972140550613403,0.40021681785583496,0.035259488970041275,0.5513043999671936,0.4196677505970001,-0.018229685723781586,0.5205309391021729,0.4488154649734497,-0.0007387581863440573,0.5196611285209656,0.4494819939136505,-0.0006903124158270657,0.5408758521080017,0.4214460849761963,-0.013964932411909103,0.5280771255493164,0.4189158082008362,-0.011510008946061134,0.5398287177085876,0.42003992199897766,-0.014617891050875187,0.5145207047462463,0.38517051935195923,-0.015973497182130814,0.5036281943321228,0.39342331886291504,-0.01685936562716961,0.5247452259063721,0.409415066242218,-0.017996514216065407,0.4709641933441162,0.28584080934524536,-0.029210539534687996,0.4821389615535736,0.30182981491088867,-0.0326591432094574,0.4915873110294342,0.3183748126029968,-0.03446447104215622,0.520174503326416,0.4642565846443176,0.0024957535788416862,0.5238281488418579,0.31905609369277954,-0.03201737627387047,0.5186946392059326,0.2934980094432831,-0.03477548807859421,0.5116330981254578,0.2692977786064148,-0.03538470342755318,0.4880581498146057,0.3651202619075775,-0.018898380920290947,0.4703499972820282,0.3763086795806885,-0.01306882780045271,0.5175096392631531,0.3581201732158661,-0.013133849948644638,0.4763963222503662,0.34926965832710266,-0.021273823454976082,0.5268017053604126,0.37293896079063416,-0.018054958432912827,0.5346019268035889,0.40962398052215576,-0.027966612949967384,0.4603046774864197,0.38291865587234497,-0.007916407659649849,0.4777473211288452,0.38312017917633057,-0.01596122235059738,0.48905232548713684,0.3857988119125366,-0.017803359776735306,0.5029662847518921,0.3821479082107544,-0.016328684985637665,0.5121204257011414,0.3766591548919678,-0.01491694524884224,0.5186561346054077,0.3714523911476135,-0.014690352603793144,0.5374424457550049,0.36039215326309204,-0.023495923727750778,0.4633331596851349,0.40318989753723145,-0.005902744829654694,0.4698784649372101,0.34891077876091003,-0.020931687206029892,0.5498586893081665,0.4188552796840668,-0.02780049853026867,0.5243782997131348,0.38926759362220764,-0.01704041101038456,0.43575161695480347,0.3579586148262024,0.02103116363286972,0.5239834189414978,0.3661233186721802,-0.014897986315190792,0.5222604870796204,0.40886467695236206,-0.011901616118848324,0.47993630170822144,0.3549005091190338,-0.017237816005945206,0.5325235724449158,0.40228065848350525,-0.02676636166870594,0.4448549449443817,0.42273181676864624,0.03833804279565811,0.5164583921432495,0.3548840582370758,-0.01290224865078926,0.5396619439125061,0.39727213978767395,-0.031811170279979706,0.48478686809539795,0.46998172998428345,0.017464982345700264,0.481361448764801,0.47743669152259827,0.029538221657276154,0.4490991234779358,0.40340790152549744,0.014182035811245441,0.47160863876342773,0.45853471755981445,0.019394980743527412,0.45080313086509705,0.3430137634277344,-0.005826609209179878,0.5205453038215637,0.4943775534629822,0.01469509582966566,0.5487309694290161,0.4198667109012604,-0.018604131415486336,0.5179301500320435,0.3964172601699829,-0.015300796367228031,0.45941174030303955,0.3641001880168915,-0.009040606208145618,0.4956841468811035,0.3612297475337982,-0.019653527066111565,0.5019843578338623,0.36088716983795166,-0.019248977303504944,0.5175095200538635,0.45141035318374634,-6.3887609940138645e-06,0.46527019143104553,0.42150864005088806,0.0007939410279504955,0.531310498714447,0.5019073486328125,0.021741606295108795,0.5086590647697449,0.4945249557495117,0.0238703154027462,0.4968019425868988,0.4879509210586548,0.026070192456245422,0.5368014574050903,0.29099351167678833,-0.029699023813009262,0.5430796146392822,0.49965739250183105,0.025255437940359116,0.5072996020317078,0.3590441346168518,-0.017579372972249985,0.5120899081230164,0.35674649477005005,-0.01533808559179306,0.5151926875114441,0.3556481599807739,-0.013433489948511124,0.4622516334056854,0.3467925190925598,-0.016970057040452957,0.5096524357795715,0.3464760184288025,-0.017887407913804054,0.5034075975418091,0.34313973784446716,-0.020711060613393784,0.4974013864994049,0.3432849049568176,-0.022414471954107285,0.49134859442710876,0.3458256721496582,-0.022555630654096603,0.4875308573246002,0.3491974472999573,-0.021416310220956802,0.4384247660636902,0.33591189980506897,0.007306395564228296,0.4908008575439453,0.35982343554496765,-0.019196683540940285,0.5484628081321716,0.427031010389328,-0.010342666879296303,0.5262588262557983,0.4320323169231415,-0.010961507447063923,0.5340158343315125,0.41608449816703796,-0.02043275535106659,0.5400799512863159,0.4289921224117279,-0.01260899007320404,0.5405033826828003,0.34231260418891907,-0.021381136029958725,0.49756279587745667,0.48007702827453613,0.017798837274312973,0.5087857246398926,0.4874887466430664,0.016903135925531387,0.532988965511322,0.4977104961872101,0.01406942494213581,0.46720144152641296,0.46393048763275146,0.03486994281411171,0.5143434405326843,0.3518158197402954,-0.015093974769115448,0.5352080464363098,0.3772122263908386,-0.024083884432911873,0.5449758172035217,0.49538975954055786,0.017767492681741714,0.5202590227127075,0.49972063302993774,0.021232198923826218,0.4529387652873993,0.4236294627189636,0.01851913332939148,0.5325534343719482,0.4495031237602234,-0.003309287130832672,0.5320585370063782,0.4524138271808624,-0.003464202396571636,0.5315617322921753,0.45599520206451416,-0.0038980855606496334,0.5310879349708557,0.4602624773979187,-0.002458887407556176,0.5281422734260559,0.46924081444740295,0.002971310866996646,0.5195598006248474,0.44773149490356445,-0.0023853753227740526,0.5186035633087158,0.4469359815120697,-0.0033596386201679707,0.5177235007286072,0.44612276554107666,-0.004303809255361557,0.5119813084602356,0.44336310029029846,-0.006027731578797102,0.4792017340660095,0.42675578594207764,-0.007092683110386133,0.5321919918060303,0.36609092354774475,-0.020382113754749298,0.522695779800415,0.34661996364593506,-0.015143548138439655,0.5174121260643005,0.3477916121482849,-0.015158817172050476,0.5205009579658508,0.4484943151473999,-0.0011423276737332344,0.4775349199771881,0.44713717699050903,0.006308248266577721,0.530933141708374,0.34605103731155396,-0.02054947055876255,0.5246449112892151,0.47741347551345825,0.0069679380394518375,0.5492220520973206,0.3805775046348572,-0.03002239763736725,0.5407944321632385,0.37239301204681396,-0.027393652126193047,0.546547532081604,0.3696458637714386,-0.026764146983623505,0.5316057801246643,0.3926684856414795,-0.022641919553279877,0.5458158254623413,0.48806774616241455,0.012702272273600101,0.5456603169441223,0.478537917137146,0.01066738273948431,0.5357368588447571,0.4804198145866394,0.00832855049520731,0.5072518587112427,0.4632134437561035,0.004699246492236853,0.5163446664810181,0.4167039692401886,-0.011027122847735882,0.5151779651641846,0.47150152921676636,0.006364505272358656,0.4989931285381317,0.418220192193985,-0.014480380341410637,0.5101168751716614,0.42686110734939575,-0.01049027405679226,0.4921291768550873,0.4330606460571289,-0.0090189129114151,0.534419059753418,0.4902283847332001,0.00947281438857317,0.5263338685035706,0.39735063910484314,-0.018624547868967056,0.5009990334510803,0.4709404408931732,0.009754309430718422,0.5114463567733765,0.4791335165500641,0.011313315480947495,0.5010812282562256,0.4534156918525696,0.00011897043441422284,0.46776312589645386,0.4363687038421631,0.0071828728541731834,0.49031174182891846,0.4563193917274475,0.0035936161875724792,0.4595363736152649,0.44187644124031067,0.021296914666891098,0.5039678812026978,0.4383397400379181,-0.007650835905224085,0.5297401547431946,0.3831055164337158,-0.02027495950460434,0.5371896624565125,0.4142439365386963,-0.028377534821629524,0.5311891436576843,0.4153757393360138,-0.02182544767856598,0.5416074991226196,0.4080507457256317,-0.03221886605024338,0.5177117586135864,0.3383214771747589,-0.02035221830010414,0.5067253112792969,0.33295321464538574,-0.02554292231798172,0.4964213967323303,0.33249861001968384,-0.02817343734204769,0.48739001154899597,0.33556732535362244,-0.028135698288679123,0.4804426431655884,0.34112516045570374,-0.025994928553700447,0.4749291241168976,0.35847845673561096,-0.01576714776456356,0.44679006934165955,0.3830881714820862,0.008389001712203026,0.48336902260780334,0.3722604811191559,-0.016534456983208656,0.49219128489494324,0.37463614344596863,-0.017335262149572372,0.5019989013671875,0.37320539355278015,-0.016696792095899582,0.5102488994598389,0.3695778250694275,-0.015345489606261253,0.5162662863731384,0.3655889630317688,-0.013429360464215279,0.5206366777420044,0.36220550537109375,-0.012888485565781593,0.4369654953479767,0.3787599802017212,0.029735982418060303,0.5301834344863892,0.4167177379131317,-0.018352359533309937,0.5378369688987732,0.38701456785202026,-0.02715308591723442,0.5436862707138062,0.41492798924446106,-0.030916355550289154,0.54534912109375,0.4182039499282837,-0.026237742975354195,0.5422194004058838,0.416090726852417,-0.027888823300600052,0.5311017036437988,0.41842207312583923,-0.014756693504750729,0.547437310218811,0.4187927842140198,-0.027297044172883034,0.5464081764221191,0.41985058784484863,-0.0194415133446455,0.5194466710090637,0.3549025356769562,-0.012160588055849075,0.5239728689193726,0.3566268980503082,-0.013443835079669952,0.5278277397155762,0.35835182666778564,-0.016111552715301514,0.48526084423065186,0.3518398106098175,-0.019833754748106003,0.4803607165813446,0.3486868441104889,-0.02097175642848015,0.5534634590148926,0.380470871925354,-0.02536918595433235,0.570806622505188,0.3357704281806946,0.01768609881401062,0.5561613440513611,0.4155462384223938,-0.016577301546931267,0.5798954367637634,0.29317545890808105,0.048202358186244965,0.5558731555938721,0.349979043006897,0.005914907902479172,0.5620406866073608,0.34914660453796387,0.008897611871361732,0.5675749182701111,0.34717679023742676,0.012701881118118763,0.5722185373306274,0.33849644660949707,0.02039223350584507,0.5510328412055969,0.3488866984844208,0.003870449960231781,0.5648317933082581,0.3217484951019287,0.0037098645698279142,0.5577408075332642,0.32422810792922974,0.00027292745653539896,0.5705904364585876,0.3218907117843628,0.008458590134978294,0.573544442653656,0.3242964446544647,0.012664031237363815,0.5770098567008972,0.34404265880584717,0.026014314964413643,0.5608700513839722,0.47267836332321167,0.02641790546476841,0.5717827677726746,0.33223289251327515,0.020298289135098457,0.5832887291908264,0.3328685462474823,0.0595819465816021,0.5797517895698547,0.3348991572856903,0.033443111926317215,0.5693051815032959,0.3914966583251953,0.007735530845820904,0.5546977519989014,0.43624114990234375,-0.0060499575920403,0.5531752705574036,0.4437485933303833,-0.0020862098317593336,0.5587736368179321,0.4352482557296753,0.000956348842009902,0.5610813498497009,0.43503832817077637,0.008282380178570747,0.5566176176071167,0.4414208233356476,0.0028317586984485388,0.5589852929115295,0.43949249386787415,0.009059189818799496,0.5645939707756042,0.4441695511341095,0.02365502528846264,0.5584787130355835,0.4126344621181488,-0.028616880998015404,0.5591809749603271,0.4037908911705017,-0.031499866396188736,0.5817193984985352,0.31624120473861694,0.016112644225358963,0.556632399559021,0.3711361885070801,-0.0013745402684435248,0.5642935633659363,0.4031686782836914,-0.008785536512732506,0.5630365014076233,0.39743924140930176,-0.0075093903578817844,0.5828671455383301,0.38363921642303467,0.02302437461912632,0.5565208196640015,0.39151114225387573,-0.02932131290435791,0.5730648040771484,0.3118650019168854,-0.0024132011458277702,0.5789722204208374,0.3122832775115967,0.006680875550955534,0.5783724188804626,0.27882078289985657,0.030524911358952522,0.5499976873397827,0.3260710537433624,-0.016830699518322945,0.5516291260719299,0.32921451330184937,0.00015130991232581437,0.5683521032333374,0.4348343312740326,0.025482501834630966,0.5723282694816589,0.4128650724887848,0.09060729295015335,0.5608676075935364,0.4096737802028656,-0.0075974720530211926,0.5572909712791443,0.41414037346839905,-0.009722603484988213,0.5634763240814209,0.43532711267471313,0.022931629791855812,0.5624486207962036,0.43634355068206787,0.01983070932328701,0.5807228088378906,0.30481141805648804,0.009422684088349342,0.5633118152618408,0.4060651361942291,-0.004855736158788204,0.5636851191520691,0.31550273299217224,-0.010667887516319752,0.5648078918457031,0.307228684425354,-0.01318616233766079,0.5642362833023071,0.2637086510658264,-0.00689717335626483,0.5801585912704468,0.2903740406036377,0.018031954765319824,0.5654534697532654,0.2838297486305237,-0.011217684485018253,0.5832074284553528,0.31007182598114014,0.021807735785841942,0.5822760462760925,0.30156248807907104,0.03365275263786316,0.554196298122406,0.4403010904788971,-0.004637992009520531,0.5578081011772156,0.43852123618125916,0.0017409879947081208,0.56013423204422,0.43725767731666565,0.00815038476139307,0.5595600605010986,0.411439448595047,-0.006868490017950535,0.562958300113678,0.43584251403808594,0.0211489200592041,0.5615090131759644,0.4398823380470276,0.016629641875624657,0.5619392395019531,0.4368560314178467,0.019376365467905998,0.5609715580940247,0.4092727303504944,-0.016943586990237236,0.5578944683074951,0.44134384393692017,0.010206199251115322,0.5554285049438477,0.44370976090431213,0.005661030765622854,0.5520071983337402,0.4461241662502289,0.0013744094176217914,0.5523248910903931,0.4672597050666809,0.01127529051154852,0.5531492233276367,0.4582386612892151,0.003980446606874466,0.5533536076545715,0.45362579822540283,0.002248549135401845,0.5527889728546143,0.4494466781616211,0.0025043534114956856,0.5516409277915955,0.4460625648498535,0.002148535568267107,0.5576764941215515,0.44146499037742615,0.010809565894305706,0.5588300824165344,0.44257310032844543,0.010694143362343311,0.5597776770591736,0.44420066475868225,0.010854297317564487,0.5603439211845398,0.4463954567909241,0.013045545667409897,0.5663131475448608,0.425279438495636,0.010005397722125053,0.5759370923042297,0.3680204749107361,0.09317003190517426,0.5596636533737183,0.4393843412399292,0.015808405354619026,0.5606935024261475,0.4395478367805481,0.01588687114417553,0.5554077625274658,0.41826289892196655,-0.008869295008480549,0.5612449645996094,0.4112366735935211,-0.0006893660174682736,0.5563337802886963,0.4163608253002167,-0.00963602215051651,0.5617488622665405,0.3744127154350281,0.004426473751664162,0.5711054801940918,0.3778432011604309,0.010874585248529911,0.5629823207855225,0.40041252970695496,-0.0031647493597120047,0.5739901065826416,0.2685454487800598,0.01154948491603136,0.5751488208770752,0.28381115198135376,0.0032864732202142477,0.5744544267654419,0.30319714546203613,-0.0023129188921302557,0.5616378784179688,0.4522009491920471,0.019935324788093567,0.5522445440292358,0.31336936354637146,-0.021005213260650635,0.5530048608779907,0.28708943724632263,-0.021905919536948204,0.5510227084159851,0.26296257972717285,-0.020856652408838272,0.5710041522979736,0.34348544478416443,0.01708371564745903,0.5819754600524902,0.3493648171424866,0.032715585082769394,0.5480465888977051,0.34745386242866516,0.003171095624566078,0.5774263143539429,0.326378732919693,0.020754914730787277,0.5535162687301636,0.36678799986839294,-0.005922218319028616,0.5635526180267334,0.4022456705570221,-0.016625558957457542,0.586935818195343,0.3537527024745941,0.043946895748376846,0.581794798374176,0.3584912419319153,0.027005814015865326,0.5773062109947205,0.365263432264328,0.018688729032874107,0.5671250820159912,0.3668537437915802,0.011588516645133495,0.5589526891708374,0.36476632952690125,0.006229899358004332,0.5535520315170288,0.36210620403289795,0.0010946682887151837,0.548193633556366,0.3579268455505371,-0.018277110531926155,0.5885578393936157,0.37318241596221924,0.045677077025175095,0.5807273387908936,0.32400014996528625,0.024966616183519363,0.5556641221046448,0.41709986329078674,-0.02531312219798565,0.5579543113708496,0.3816300928592682,-0.002517909975722432,0.5777838826179504,0.3286421000957489,0.08088099211454391,0.5497350692749023,0.3588092029094696,-0.0025489991530776024,0.5617830753326416,0.399755597114563,0.0029696738347411156,0.5735612511634827,0.33207574486732483,0.022600356489419937,0.5617175698280334,0.39525124430656433,-0.015222578309476376,0.5748602151870728,0.38952165842056274,0.09368279576301575,0.5470353960990906,0.3437456786632538,0.004195920657366514,0.5595622658729553,0.39245185256004333,-0.023374957963824272,0.5725061297416687,0.4422646760940552,0.05558548867702484,0.5676554441452026,0.4492788314819336,0.06849659234285355,0.5848895311355591,0.37047523260116577,0.07045181840658188,0.5766792297363281,0.42769646644592285,0.06433597207069397,0.5828115344047546,0.3159702718257904,0.04819321259856224,0.5602731704711914,0.47950202226638794,0.03263819217681885,0.553500771522522,0.4186367094516754,-0.017074808478355408,0.5620602369308472,0.3863169848918915,0.002649574540555477,0.5816202759742737,0.33478444814682007,0.04194794222712517,0.5667324066162109,0.3415353298187256,0.012130776420235634,0.561741292476654,0.3438551723957062,0.008853440172970295,0.5621334910392761,0.4405730664730072,0.018602220341563225,0.5869066715240479,0.3908326327800751,0.05037206783890724,0.5520690679550171,0.4939623177051544,0.03177279978990555,0.5606704354286194,0.47500157356262207,0.04883602634072304,0.5635356903076172,0.46405380964279175,0.05762777477502823,0.5562670230865479,0.3444935083389282,0.0063642049208283424,0.5512808561325073,0.34408968687057495,0.005238774698227644,0.5483388304710388,0.34407126903533936,0.005033993162214756,0.5821972489356995,0.3201194107532501,0.032469309866428375,0.5511806011199951,0.33465254306793213,0.003158587496727705,0.556179404258728,0.3302222788333893,0.003803508123382926,0.5620226263999939,0.3281727433204651,0.006144409533590078,0.5670707821846008,0.32829976081848145,0.009932847693562508,0.5697015523910522,0.3297877609729767,0.013429863378405571,0.5798391699790955,0.30882683396339417,0.06589203327894211,0.5694247484207153,0.33861786127090454,0.015341483987867832,0.5627736449241638,0.42326951026916504,0.003507375717163086,0.5616267919540405,0.40879541635513306,-0.010624523274600506,0.5556395053863525,0.4252893328666687,-0.006617544684559107,0.5676072835922241,0.45611655712127686,0.04853739216923714,0.5637019276618958,0.4675181806087494,0.04104801267385483,0.5545117855072021,0.48958849906921387,0.023838169872760773,0.5700159668922424,0.433094322681427,0.08087609708309174,0.5483208894729614,0.34021806716918945,0.003706143004819751,0.5537276268005371,0.37290728092193604,-0.015885327011346817,0.5574353337287903,0.4854261577129364,0.03971664607524872,0.5830162763595581,0.3901178538799286,0.0722728967666626,0.5551154017448425,0.44376951456069946,0.006384911946952343,0.5564045906066895,0.4460342824459076,0.00653351005166769,0.5571869015693665,0.44906139373779297,0.006664355751127005,0.5574662685394287,0.4530847668647766,0.00864160992205143,0.5577863454818726,0.460280179977417,0.015553566627204418,0.5608534812927246,0.43774864077568054,0.014857676811516285,0.561787486076355,0.43635135889053345,0.015579579398036003,0.5626170635223389,0.4349724352359772,0.01596522517502308,0.5684287548065186,0.42911484837532043,0.017882930114865303,0.5845482349395752,0.40001416206359863,0.03480381891131401,0.5507391095161438,0.36187854409217834,-0.011805473826825619,0.545524537563324,0.3386947214603424,-0.004296306520700455,0.547105073928833,0.33795347809791565,0.0005508888280019164,0.5597419738769531,0.43925079703330994,0.01547214761376381,0.5802639126777649,0.4186879098415375,0.04857340455055237,0.5444538593292236,0.34147781133651733,-0.0140320910140872,0.5591734647750854,0.46590855717658997,0.02113836258649826,0.5511119365692139,0.36996471881866455,-0.022992942482233047,0.5580873489379883,0.3865111470222473,-0.012012340128421783,0.5534074902534485,0.47445663809776306,0.015153632499277592,0.5677320957183838,0.4452642798423767,0.02964043989777565,0.5659725069999695,0.40502387285232544,0.007625900208950043,0.5634226202964783,0.4562055170536041,0.026038698852062225,0.5775601863861084,0.39889538288116455,0.015556336380541325,0.5708117485046387,0.4119381606578827,0.012963172048330307,0.579920768737793,0.41032201051712036,0.025256093591451645,0.5550347566604614,0.48291414976119995,0.018604259938001633,0.5593578219413757,0.38976535201072693,-0.005325264763087034,0.5695221424102783,0.4489399790763855,0.038712721318006516,0.5645283460617065,0.4609281122684479,0.03352103382349014,0.5723384618759155,0.4336889684200287,0.03045470453798771,0.5837397575378418,0.40561574697494507,0.05451769754290581,0.5759446024894714,0.4314104914665222,0.03897279500961304,0.5801470875740051,0.4088493585586548,0.0722384825348854,0.573448657989502,0.42066437005996704,0.020164024084806442,0.5556511878967285,0.37713831663131714,-0.008731192909181118,0.5627098679542542,0.4072337746620178,-0.018053129315376282,0.563468337059021,0.4070955216884613,-0.010069307871162891,0.5619080066680908,0.4026969075202942,-0.024006446823477745,0.5503518581390381,0.3290586769580841,-0.005358200054615736,0.5601824522018433,0.3214070200920105,-0.003256129566580057,0.5686520934104919,0.318676233291626,0.0011299768229946494,0.5746481418609619,0.318795770406723,0.007269307505339384,0.577475368976593,0.32130324840545654,0.013551279902458191,0.5764110684394836,0.3337833881378174,0.026710717007517815,0.5848327279090881,0.3514353036880493,0.06611736863851547,0.5756969451904297,0.34973201155662537,0.02218860201537609,0.5716046094894409,0.35490894317626953,0.01642223261296749,0.5642979741096497,0.3570365309715271,0.011046736501157284,0.556900143623352,0.3565693795681,0.006474688649177551,0.5516449213027954,0.3549550473690033,0.0030290228314697742,0.5483678579330444,0.35329166054725647,0.0005180977750569582,0.5761528015136719,0.34810909628868103,0.08919017761945724,0.5623602867126465,0.40867945551872253,-0.006825306452810764,0.5562964081764221,0.382644921541214,-0.01880517229437828,0.5610780715942383,0.4097854793071747,-0.024309951812028885,0.5573989748954773,0.41438376903533936,-0.022407010197639465,0.5599839687347412,0.41074904799461365,-0.021143853664398193,0.5607306957244873,0.41131001710891724,-0.0051145246252417564,0.5569915771484375,0.4158620536327362,-0.02418343909084797,0.5550048351287842,0.4174017310142517,-0.016821857541799545,0.5460426807403564,0.34508436918258667,0.001996845006942749,0.545517086982727,0.34912556409835815,-0.002892537275329232,0.546403169631958,0.35254430770874023,-0.007345904596149921,0.570991575717926,0.3311084806919098,0.016601933166384697,0.5746301412582397,0.3272308111190796,0.017715098336338997,0.49508917331695557,0.352480411529541,-0.018334193155169487,0.5029560923576355,0.35100609064102173,-0.018334193155169487,0.4941564202308655,0.34119608998298645,-0.018334193155169487,0.4870053827762604,0.3539137840270996,-0.018334193155169487,0.49604859948158264,0.3637017011642456,-0.018334193155169487,0.5563108325004578,0.33648309111595154,0.009495017118752003,0.5630394220352173,0.3349945843219757,0.009495017118752003,0.5550762414932251,0.32720300555229187,0.009495017118752003,0.5496167540550232,0.3380352854728699,0.009495017118752003,0.5576815605163574,0.3458668291568756,0.009495017118752003
1433.3333333333328,0.5533863306045532,0.43885618448257446,-0.009826965630054474,0.5574722290039062,0.41167718172073364,-0.030476635321974754,0.5523086786270142,0.417732298374176,-0.013320593163371086,0.5480066537857056,0.37994441390037537,-0.029670555144548416,0.557665228843689,0.40267640352249146,-0.033765483647584915,0.555716335773468,0.38955947756767273,-0.03315212205052376,0.5485890507698059,0.35507944226264954,-0.022832714021205902,0.4924618899822235,0.35374850034713745,-0.017177315428853035,0.5457562208175659,0.3267967104911804,-0.022476747632026672,0.5455775856971741,0.3134889006614685,-0.026076870039105415,0.5404537916183472,0.26288747787475586,-0.027956167235970497,0.5530773401260376,0.44187772274017334,-0.008470901288092136,0.5522030591964722,0.4447941184043884,-0.006142194848507643,0.5510701537132263,0.44680291414260864,-0.0025599165819585323,0.550919234752655,0.4466458559036255,-0.0014030872844159603,0.5513514280319214,0.45058226585388184,-0.0010864516953006387,0.5512805581092834,0.4550570845603943,-0.0014286937657743692,0.5504524111747742,0.4596163034439087,0.0005219815066084266,0.5485395193099976,0.4688270688056946,0.007693932857364416,0.5560696721076965,0.4155288338661194,-0.026817508041858673,0.5478966236114502,0.4156123399734497,-0.02029374986886978,0.45310887694358826,0.3093699812889099,-0.005513347685337067,0.5140947699546814,0.3606370985507965,-0.016399098560214043,0.5075672268867493,0.3623703718185425,-0.01804957538843155,0.5005571246147156,0.3626427948474884,-0.018449777737259865,0.48918837308883667,0.35664209723472595,-0.01662023924291134,0.5193266868591309,0.3579496145248413,-0.013613637536764145,0.5027956962585449,0.3318307399749756,-0.024128874763846397,0.5108528733253479,0.3325985074043274,-0.02150634676218033,0.4951675534248352,0.3343162536621094,-0.023834945634007454,0.4898137152194977,0.3388294577598572,-0.02233908325433731,0.4838850498199463,0.36302751302719116,-0.01404606457799673,0.5251310467720032,0.48294010758399963,0.00926532968878746,0.48888012766838074,0.35022127628326416,-0.016221053898334503,0.453768253326416,0.35419636964797974,0.0043440815061330795,0.4737395942211151,0.3561650514602661,-0.011531305499374866,0.5141956806182861,0.40068525075912476,-0.015067648142576218,0.5454223155975342,0.4383397400379181,-0.012074501253664494,0.5444925427436829,0.4453059732913971,-0.007894672453403473,0.5357768535614014,0.4410059452056885,-0.011165532283484936,0.5282489657402039,0.44259992241859436,-0.008336919359862804,0.5364540219306946,0.44553688168525696,-0.007919924333691597,0.5295146107673645,0.4453762471675873,-0.005189551506191492,0.5159550905227661,0.453637957572937,0.002033974276855588,0.5523883700370789,0.41224902868270874,-0.03151330724358559,0.5517997145652771,0.40342316031455994,-0.03485603630542755,0.48058950901031494,0.33254474401474,-0.025751154869794846,0.5264041423797607,0.3755131661891937,-0.015910590067505836,0.5323473811149597,0.40799424052238464,-0.022451214492321014,0.5306953191757202,0.4021357297897339,-0.021577220410108566,0.4906963109970093,0.40052711963653564,-0.015124225988984108,0.5500336289405823,0.3910104036331177,-0.033570729196071625,0.5011441707611084,0.3215644359588623,-0.031260017305612564,0.48960578441619873,0.3251989483833313,-0.02964593656361103,0.4640028774738312,0.29241353273391724,-0.017175626009702682,0.5318059325218201,0.3294541835784912,-0.0258711539208889,0.5173313617706299,0.33679381012916565,-0.017321525141596794,0.5105783939361572,0.44563326239585876,-0.0006707392167299986,0.4594455361366272,0.43873894214630127,0.03843478113412857,0.5366735458374023,0.4129413068294525,-0.017745595425367355,0.5419477224349976,0.414998322725296,-0.01491773221641779,0.5171314477920532,0.44411322474479675,0.00041989036253653467,0.518801748752594,0.44457295536994934,6.801703420933336e-05,0.48473483324050903,0.31886839866638184,-0.029162069782614708,0.5306182503700256,0.41072195768356323,-0.01833408698439598,0.5152076482772827,0.3225666284561157,-0.03012622706592083,0.5142402648925781,0.3145756125450134,-0.033057618886232376,0.4996704161167145,0.2699846625328064,-0.033237382769584656,0.4752867519855499,0.3052482008934021,-0.024519050493836403,0.5080434083938599,0.2911336421966553,-0.03392999991774559,0.4743593633174896,0.32767951488494873,-0.02301870472729206,0.4646073579788208,0.3188272714614868,-0.015058785676956177,0.545030951499939,0.442117840051651,-0.010719751007854939,0.5361967086791992,0.4433269202709198,-0.009735808707773685,0.5289504528045654,0.4439709484577179,-0.007131526246666908,0.5377466678619385,0.4140627682209015,-0.01525000762194395,0.5180045366287231,0.4443478286266327,0.00032667809864506125,0.5224414467811584,0.44736814498901367,-0.0007564658881165087,0.5196245908737183,0.4447736144065857,0.00018782151164487004,0.5422431230545044,0.4117906093597412,-0.026226045563817024,0.5297880172729492,0.4464719295501709,-0.0033556753769516945,0.5365455746650696,0.44708213210105896,-0.004512867424637079,0.5438880920410156,0.44731244444847107,-0.004553837236016989,0.5401005148887634,0.4696461856365204,0.005360458977520466,0.5423639416694641,0.46015647053718567,-0.0019320434657856822,0.5432628989219666,0.4554821252822876,-0.003747322363778949,0.5437314510345459,0.4510221779346466,-0.003309825900942087,0.5438525676727295,0.4472767114639282,-0.0034147039987146854,0.5297818779945374,0.44664835929870605,-0.002409967826679349,0.5289997458457947,0.4482567608356476,-0.0024994704872369766,0.5279149413108826,0.4504862427711487,-0.0029098864179104567,0.526813805103302,0.453032523393631,-0.0018695583567023277,0.5214003920555115,0.4329129159450531,-0.009112533181905746,0.4465144872665405,0.39220869541168213,0.035572849214076996,0.5544140934944153,0.41678929328918457,-0.01831728033721447,0.5244875550270081,0.4458800256252289,-0.0008717226446606219,0.5235975980758667,0.4465195834636688,-0.0008352581062354147,0.544018030166626,0.4180111885070801,-0.01411492470651865,0.5315752625465393,0.41497766971588135,-0.011563819833099842,0.5430659651756287,0.41656458377838135,-0.014706650748848915,0.5191560387611389,0.3810677230358124,-0.015386111102998257,0.508181631565094,0.38845381140708923,-0.01618405431509018,0.5285167694091797,0.40536290407180786,-0.017770573496818542,0.47907501459121704,0.2790665030479431,-0.026796437799930573,0.4892244338989258,0.2956521511077881,-0.030535999685525894,0.49837005138397217,0.3138774037361145,-0.03263657167553902,0.5228636264801025,0.4606335163116455,0.002154225716367364,0.5301779508590698,0.3166087865829468,-0.03067007102072239,0.5254444479942322,0.2897997796535492,-0.033025167882442474,0.5194050073623657,0.2651124894618988,-0.033265121281147,0.49361613392829895,0.36088666319847107,-0.01770983263850212,0.4762463867664337,0.37034013867378235,-0.011840395629405975,0.5227687954902649,0.3555840849876404,-0.012271343730390072,0.4824800193309784,0.3442736268043518,-0.019704550504684448,0.5316333174705505,0.3696593940258026,-0.017415961250662804,0.5381208658218384,0.40579673647880554,-0.02761467546224594,0.4665667414665222,0.37539297342300415,-0.006741747260093689,0.4835050404071808,0.3774113059043884,-0.014821212738752365,0.49465033411979675,0.38067132234573364,-0.016832243651151657,0.5083349347114563,0.37801647186279297,-0.015553545206785202,0.51740962266922,0.37328004837036133,-0.014242707751691341,0.5238854289054871,0.36861398816108704,-0.01403777301311493,0.5423856377601624,0.35779377818107605,-0.022752322256565094,0.46895354986190796,0.3958301544189453,-0.004992940463125706,0.47625330090522766,0.34322646260261536,-0.01930711604654789,0.5529553294181824,0.4158799946308136,-0.027694905176758766,0.528751015663147,0.38558903336524963,-0.01657285913825035,0.44375479221343994,0.34925976395606995,0.022175772115588188,0.5292080044746399,0.3637215197086334,-0.014206133782863617,0.5261290073394775,0.4047888219356537,-0.011747692711651325,0.4856608211994171,0.3505115509033203,-0.01584426686167717,0.5362775325775146,0.3985467851161957,-0.026361413300037384,0.4508638083934784,0.4152427315711975,0.0382516086101532,0.5217447876930237,0.35244202613830566,-0.011944289319217205,0.5433829426765442,0.39395129680633545,-0.031321488320827484,0.48856326937675476,0.4645236134529114,0.01717413030564785,0.48533928394317627,0.4721176028251648,0.028788985684514046,0.4553438127040863,0.3956097960472107,0.014745497144758701,0.4759654998779297,0.452360600233078,0.019197914749383926,0.4581906497478485,0.3349398374557495,-0.004248685669153929,0.5235169529914856,0.4910086393356323,0.013889308087527752,0.5519149899482727,0.41684484481811523,-0.018664361909031868,0.5222113728523254,0.3922901153564453,-0.014893311075866222,0.4657759666442871,0.35752934217453003,-0.007659223861992359,0.5011754035949707,0.3575756549835205,-0.018449891358613968,0.5074930787086487,0.3573928475379944,-0.018139032647013664,0.5212423801422119,0.4484158754348755,-0.00017908609879668802,0.4703522026538849,0.41445496678352356,0.0012989724054932594,0.5341891646385193,0.49951499700546265,0.020463792607188225,0.511903703212738,0.4907330870628357,0.02282453514635563,0.5003198385238647,0.4834873676300049,0.025164669379591942,0.5434471368789673,0.2884703278541565,-0.028293786570429802,0.5458991527557373,0.498116135597229,0.023862021043896675,0.5127818584442139,0.3557835817337036,-0.016566025093197823,0.5174969434738159,0.3538428843021393,-0.014361654408276081,0.5205311179161072,0.35303428769111633,-0.012480014003813267,0.46885672211647034,0.3404708802700043,-0.015334785915911198,0.5152047872543335,0.34379467368125916,-0.01674148067831993,0.5092134475708008,0.3400697708129883,-0.01942378655076027,0.5033007860183716,0.339779794216156,-0.02102086879312992,0.4971846640110016,0.34195417165756226,-0.021113915368914604,0.4932413697242737,0.34519898891448975,-0.019971339032053947,0.4467288553714752,0.3272150754928589,0.008900722488760948,0.49626651406288147,0.3560606837272644,-0.017914384603500366,0.5515596866607666,0.4244086742401123,-0.010662191547453403,0.5290922522544861,0.42818957567214966,-0.011109783314168453,0.5374972820281982,0.4122267961502075,-0.02026229351758957,0.5430199503898621,0.42586779594421387,-0.012839089147746563,0.5460970997810364,0.3402382731437683,-0.02060185931622982,0.5009865164756775,0.47533804178237915,0.01728707365691662,0.5119611024856567,0.4834430515766144,0.016222115606069565,0.5357676148414612,0.49513497948646545,0.013105380348861217,0.4717891216278076,0.4578753709793091,0.03420620039105415,0.5197122693061829,0.3493296802043915,-0.014048819430172443,0.5397063493728638,0.37414464354515076,-0.023445958271622658,0.5476431250572205,0.49368250370025635,0.016671687364578247,0.523272693157196,0.49660226702690125,0.020096536725759506,0.458548367023468,0.4162633717060089,0.018729425966739655,0.5365538597106934,0.4471966326236725,-0.003442011307924986,0.5359060764312744,0.4500434398651123,-0.0035831343848258257,0.5351609587669373,0.45357680320739746,-0.004088996909558773,0.534325122833252,0.4577496647834778,-0.0027139284648001194,0.5308346152305603,0.46639567613601685,0.0025286551099270582,0.5235961675643921,0.4449145495891571,-0.002709121210500598,0.5227109789848328,0.44413700699806213,-0.0035902445670217276,0.5218753814697266,0.4433438181877136,-0.004468711093068123,0.514725387096405,0.438743531703949,-0.006045782472938299,0.48360320925712585,0.4203423857688904,-0.006631708703935146,0.537086009979248,0.3631334900856018,-0.019693950191140175,0.5281330943107605,0.3443305194377899,-0.014241787604987621,0.5228472948074341,0.34532982110977173,-0.014118613675236702,0.5244508385658264,0.44567155838012695,-0.0014953943900763988,0.48168882727622986,0.4409715533256531,0.0063987611792981625,0.5364631414413452,0.3441104292869568,-0.0196651853621006,0.5275177359580994,0.4742221236228943,0.006409758701920509,0.5533294677734375,0.3781386911869049,-0.029486294835805893,0.5453080534934998,0.3696816563606262,-0.026702450588345528,0.5510804653167725,0.36732202768325806,-0.026132235303521156,0.5356983542442322,0.3891755938529968,-0.02218191884458065,0.5484822988510132,0.4863622188568115,0.011858822777867317,0.5484392046928406,0.47694873809814453,0.00994228944182396,0.5385679602622986,0.4780690371990204,0.007677699904888868,0.510254979133606,0.45854485034942627,0.004449258558452129,0.5200338363647461,0.4122631549835205,-0.010919002816081047,0.518086850643158,0.4674994945526123,0.005946506280452013,0.502952516078949,0.4127867519855499,-0.014040120877325535,0.5135524272918701,0.4220852851867676,-0.01038083154708147,0.495966374874115,0.4273003339767456,-0.008700387552380562,0.5372277498245239,0.48767077922821045,0.008733652532100677,0.5304125547409058,0.3935885429382324,-0.018250657245516777,0.5042913556098938,0.4660770893096924,0.009446650743484497,0.5145509839057922,0.47501400113105774,0.010788056999444962,0.504206657409668,0.4481900632381439,6.512099207611755e-05,0.47245505452156067,0.4296587407588959,0.0073957620188593864,0.4938858449459076,0.4507574439048767,0.0035999419633299112,0.4645922780036926,0.4350125789642334,0.02123386226594448,0.5072285532951355,0.4331742823123932,-0.00757621880620718,0.5341968536376953,0.37973612546920776,-0.019719192758202553,0.5405802726745605,0.4104733169078827,-0.02806403487920761,0.5347335338592529,0.4113868474960327,-0.02162211574614048,0.5449872016906738,0.4045778214931488,-0.031849928200244904,0.5234189033508301,0.335833340883255,-0.019219117239117622,0.5128480195999146,0.3298327624797821,-0.024152515456080437,0.5027481913566589,0.3287090063095093,-0.026627270504832268,0.4937490224838257,0.3311915993690491,-0.026486564427614212,0.4866393208503723,0.3363608121871948,-0.02433999441564083,0.4808751940727234,0.35336872935295105,-0.014370124787092209,0.4536389708518982,0.3750041723251343,0.009335197508335114,0.489091157913208,0.3673447072505951,-0.01541957352310419,0.49785116314888,0.37006840109825134,-0.016324296593666077,0.507488489151001,0.3692637085914612,-0.01582537591457367,0.5156033039093018,0.36622995138168335,-0.014595137909054756,0.5215250849723816,0.36272668838500977,-0.012694870121777058,0.5258582234382629,0.35968244075775146,-0.012155775912106037,0.4444410800933838,0.3703599274158478,0.03042253851890564,0.5337109565734863,0.4127485454082489,-0.018221111968159676,0.5419512987136841,0.3838433027267456,-0.02660064958035946,0.546900749206543,0.4114946722984314,-0.030633488669991493,0.5485770106315613,0.41496461629867554,-0.02610831893980503,0.5455026030540466,0.41259926557540894,-0.02765943482518196,0.5345759987831116,0.41456830501556396,-0.014753089286386967,0.5505836009979248,0.41566431522369385,-0.02719084732234478,0.5496272444725037,0.41671374440193176,-0.019459057599306107,0.5246915817260742,0.35256844758987427,-0.011270995251834393,0.5292204022407532,0.3543621897697449,-0.012660656124353409,0.5331224799156189,0.3562632203102112,-0.015372665598988533,0.4908894896507263,0.3478259742259979,-0.018420351669192314,0.48625314235687256,0.3441908359527588,-0.01949409395456314,0.5576084852218628,0.37836116552352905,-0.02498606964945793,0.5763612985610962,0.335263729095459,0.01731633022427559,0.5592051148414612,0.4131802022457123,-0.016700275242328644,0.5858222246170044,0.2940109968185425,0.04779815301299095,0.5614317059516907,0.34903275966644287,0.005796508397907019,0.5676802396774292,0.34831732511520386,0.008663899265229702,0.5732042193412781,0.34649205207824707,0.01236861664801836,0.577656626701355,0.3383956253528595,0.019910914823412895,0.5565242767333984,0.3477357029914856,0.003912519197911024,0.5708381533622742,0.3211233615875244,0.0038430618587881327,0.5636814832687378,0.3233487010002136,0.0005366242257878184,0.576556921005249,0.32147377729415894,0.008428306318819523,0.5793821811676025,0.3240404725074768,0.012476593255996704,0.5823203325271606,0.344379723072052,0.025341467931866646,0.5639320015907288,0.47205424308776855,0.025145722553133965,0.5772598385810852,0.33208540081977844,0.01989162340760231,0.588782548904419,0.3337695598602295,0.058079127222299576,0.5846759676933289,0.3359876275062561,0.03263450041413307,0.573737621307373,0.39079493284225464,0.007306789048016071,0.5590862035751343,0.4356345236301422,-0.006510432343930006,0.5569826364517212,0.4427938461303711,-0.0027332091704010963,0.5626594424247742,0.4348633289337158,0.0003227721608709544,0.5645328164100647,0.43495866656303406,0.007530211936682463,0.5600757002830505,0.440776526927948,0.00211434718221426,0.562110424041748,0.43917274475097656,0.008260102942585945,0.5680097937583923,0.44335389137268066,0.022633139044046402,0.5615091323852539,0.41030704975128174,-0.02853657491505146,0.5624291300773621,0.40157362818717957,-0.03128606453537941,0.5873920321464539,0.3164609372615814,0.015774570405483246,0.5616667866706848,0.3699047267436981,-0.0013705618912354112,0.5679589509963989,0.4017535448074341,-0.009039493277668953,0.5670063495635986,0.39606717228889465,-0.007737124338746071,0.587662398815155,0.3839029371738434,0.02219514735043049,0.5602065920829773,0.3893336355686188,-0.029012292623519897,0.579430341720581,0.31111711263656616,-0.0022061429917812347,0.5850660800933838,0.31198468804359436,0.006649479269981384,0.5846637487411499,0.2794647812843323,0.03065970167517662,0.556466817855835,0.32421112060546875,-0.016163457185029984,0.5574182868003845,0.32808858156204224,0.00044363277265802026,0.5719293355941772,0.43413084745407104,0.02442961186170578,0.5782192945480347,0.41371506452560425,0.0880483090877533,0.564184844493866,0.40790417790412903,-0.007854961790144444,0.560478687286377,0.4119487702846527,-0.009938704781234264,0.5658676624298096,0.43602168560028076,0.021980026736855507,0.5648776292800903,0.43678951263427734,0.018973004072904587,0.5867334604263306,0.3048866093158722,0.009385826997458935,0.5669481754302979,0.4046226739883423,-0.005211935844272375,0.570237398147583,0.31429630517959595,-0.010192579589784145,0.5715271234512329,0.30610784888267517,-0.012620469555258751,0.5713428258895874,0.26315972208976746,-0.00586740393191576,0.5861136317253113,0.29068753123283386,0.017924143001437187,0.571797251701355,0.28338366746902466,-0.010513109154999256,0.5887412428855896,0.31091824173927307,0.021384136751294136,0.587992250919342,0.3020067811012268,0.033038634806871414,0.5583034157752991,0.4395389258861542,-0.005185727030038834,0.5614956617355347,0.4380282461643219,0.0010686158202588558,0.5634325742721558,0.4370853304862976,0.007385945413261652,0.5628371238708496,0.409566193819046,-0.0071364836767315865,0.5653715133666992,0.43641287088394165,0.02023923210799694,0.5641322731971741,0.4400171637535095,0.01586473546922207,0.5643950700759888,0.437175452709198,0.018542423844337463,0.5641831755638123,0.40731170773506165,-0.017075929790735245,0.5608294010162354,0.4409380257129669,0.009364509955048561,0.5586736798286438,0.44297900795936584,0.004884775727987289,0.5555745959281921,0.44507232308387756,0.0006763956043869257,0.5552868843078613,0.46613505482673645,0.010533393360674381,0.5562263131141663,0.4569660425186157,0.003542251419275999,0.5567759275436401,0.452450692653656,0.0019374014809727669,0.5564007759094238,0.44833213090896606,0.002271992154419422,0.5553165078163147,0.44498834013938904,0.0019188818987458944,0.5606426000595093,0.44106414914131165,0.010310826823115349,0.5617974400520325,0.44224241375923157,0.010162809863686562,0.5626693367958069,0.4438953995704651,0.010237220674753189,0.5630906820297241,0.44612249732017517,0.012327244505286217,0.5698093175888062,0.4243236482143402,0.009225275367498398,0.5818395018577576,0.36892926692962646,0.09098377078771591,0.5623739957809448,0.439293771982193,0.015137032605707645,0.5633781552314758,0.4395771324634552,0.015166735276579857,0.5586651563644409,0.41575613617897034,-0.00919397547841072,0.5647429823875427,0.40959984064102173,-0.0011328086256980896,0.559546172618866,0.4139914810657501,-0.009887303225696087,0.5667523145675659,0.3734443783760071,0.004223329946398735,0.5759567618370056,0.377373069524765,0.010464925318956375,0.5669376850128174,0.3990614414215088,-0.0034968715626746416,0.5806877017021179,0.2688172161579132,0.012174027040600777,0.5812647938728333,0.2838922142982483,0.003600289113819599,0.5808739066123962,0.30265170335769653,-0.0020374704618006945,0.5649669766426086,0.45137453079223633,0.0189644955098629,0.5590903759002686,0.3116423785686493,-0.02019342966377735,0.5594915151596069,0.28574830293655396,-0.020835069939494133,0.5584456920623779,0.26146113872528076,-0.01941610313951969,0.5765103101730347,0.34306880831718445,0.016660988330841064,0.5869772434234619,0.3502049446105957,0.0318119190633297,0.5534740090370178,0.3461110293865204,0.0032938076183199883,0.5829649567604065,0.3265990614891052,0.020294222980737686,0.5585911870002747,0.3653305172920227,-0.005769276525825262,0.5670940279960632,0.4005846083164215,-0.016742320731282234,0.592418372631073,0.35468724370002747,0.04267842322587967,0.5870800018310547,0.358725368976593,0.026191486045718193,0.5828326940536499,0.36480581760406494,0.018079938367009163,0.572721540927887,0.3658696711063385,0.011206672526896,0.5645452737808228,0.3634923994541168,0.0060335444286465645,0.5591270327568054,0.36052000522613525,0.0011076824739575386,0.5532904863357544,0.3560565710067749,-0.017757484689354897,0.59388267993927,0.3741186559200287,0.044205691665410995,0.5860574841499329,0.32476237416267395,0.024406997486948967,0.5586744546890259,0.4145621955394745,-0.025311991572380066,0.5625763535499573,0.3802544176578522,-0.002609137911349535,0.58346027135849,0.32961955666542053,0.07942365854978561,0.555339515209198,0.35685989260673523,-0.0023870295844972134,0.5658622980117798,0.3984072506427765,0.0025427662767469883,0.5790186524391174,0.33216381072998047,0.022102953866124153,0.565626323223114,0.39363959431648254,-0.015278363600373268,0.580828070640564,0.390397310256958,0.09132316708564758,0.5523484349250793,0.34246325492858887,0.004352838732302189,0.5633668899536133,0.39056655764579773,-0.023244274780154228,0.577240526676178,0.4428006112575531,0.05358000844717026,0.572675883769989,0.44964373111724854,0.0661809965968132,0.5905349254608154,0.37154465913772583,0.06835407763719559,0.5819078683853149,0.4286041855812073,0.06211572140455246,0.5883344411849976,0.316725492477417,0.0471435971558094,0.563457727432251,0.4789379835128784,0.031086347997188568,0.5565609931945801,0.4159509539604187,-0.017190400511026382,0.5666170716285706,0.3851860463619232,0.002387625863775611,0.586171567440033,0.33645498752593994,0.0408984012901783,0.5724528431892395,0.34065815806388855,0.011870918795466423,0.5674579739570618,0.3429303467273712,0.008683412335813046,0.5646876692771912,0.44082579016685486,0.017742209136486053,0.592203676700592,0.3918115198612213,0.048704519867897034,0.5550433397293091,0.49300673604011536,0.030164048075675964,0.5645095109939575,0.47470220923423767,0.0468718521296978,0.5679265856742859,0.46400952339172363,0.055480632930994034,0.5618861317634583,0.3435409665107727,0.0063046738505363464,0.5567888021469116,0.34301599860191345,0.005284317769110203,0.5537417531013489,0.3428713381290436,0.005148238968104124,0.5872734785079956,0.3215771019458771,0.03171243518590927,0.5567743182182312,0.33384010195732117,0.003355465829372406,0.5619438290596008,0.3297625780105591,0.003985936287790537,0.567894697189331,0.3278498351573944,0.006225870456546545,0.5729057192802429,0.3280661404132843,0.009869215078651905,0.575433611869812,0.3295791447162628,0.013229909352958202,0.5854997038841248,0.30982670187950134,0.06496916711330414,0.5750733613967896,0.3378883898258209,0.015015184879302979,0.5662343502044678,0.4219376742839813,0.002858472988009453,0.5649067759513855,0.4070569574832916,-0.010826032608747482,0.5588063597679138,0.4232023358345032,-0.007035504095256329,0.5717818737030029,0.4562544822692871,0.046682313084602356,0.5674023628234863,0.46728652715682983,0.03933408111333847,0.5572737455368042,0.4885624647140503,0.022517887875437737,0.5755742788314819,0.43377766013145447,0.07842811942100525,0.5537382364273071,0.33904290199279785,0.0038934326730668545,0.5583327412605286,0.37114518880844116,-0.01558732707053423,0.5607721209526062,0.4848320186138153,0.03790314123034477,0.5886775851249695,0.3911992907524109,0.07001203298568726,0.5584414601325989,0.4430236518383026,0.006041988264769316,0.5596965551376343,0.445300430059433,0.006160991732031107,0.5603668689727783,0.44830313324928284,0.006210174411535263,0.5603941679000854,0.4522498846054077,0.008048415184020996,0.5609826445579529,0.4593823254108429,0.014698708429932594,0.5636752247810364,0.43779227137565613,0.014031026512384415,0.5646910071372986,0.4365582764148712,0.01474815048277378,0.5656136274337769,0.43528255820274353,0.015116644091904163,0.5719119906425476,0.4283961057662964,0.016991304233670235,0.5894323587417603,0.4006182849407196,0.03358037769794464,0.5558297634124756,0.3602043688297272,-0.011454487219452858,0.551213800907135,0.33705028891563416,-0.003887704573571682,0.5526414513587952,0.3365601897239685,0.0008378480561077595,0.5624812841415405,0.4391278624534607,0.014575154520571232,0.5852888226509094,0.4194529354572296,0.046889323741197586,0.5504294633865356,0.33927708864212036,-0.01347990520298481,0.5623337030410767,0.46510499715805054,0.020059332251548767,0.5556806325912476,0.3679824769496918,-0.022485679015517235,0.5623512864112854,0.3848811089992523,-0.011963670141994953,0.5562615394592285,0.4733278751373291,0.014274670742452145,0.5713687539100647,0.4448719024658203,0.028433261439204216,0.5699367523193359,0.4039653241634369,0.00707979453727603,0.5668642520904541,0.4555710554122925,0.024854913353919983,0.5819358825683594,0.39878204464912415,0.014876061119139194,0.5746684074401855,0.4113277792930603,0.012217252515256405,0.5842815637588501,0.41052207350730896,0.02425694651901722,0.5577230453491211,0.4818454384803772,0.01753782480955124,0.5636630058288574,0.3883119821548462,-0.005462466739118099,0.5734355449676514,0.4489372968673706,0.03720524534583092,0.5681009292602539,0.46058595180511475,0.03209846094250679,0.5761921405792236,0.4334758520126343,0.02927267551422119,0.5890397429466248,0.40658828616142273,0.05269119143486023,0.5803927183151245,0.4317508339881897,0.03755681961774826,0.5857003927230835,0.40994584560394287,0.06986725330352783,0.5772161483764648,0.4203067123889923,0.01926550269126892,0.5602784156799316,0.3755766451358795,-0.008642769418656826,0.5660015344619751,0.405423641204834,-0.018171727657318115,0.566893994808197,0.4055273234844208,-0.010328773409128189,0.5652691721916199,0.4007510840892792,-0.023946404457092285,0.556333601474762,0.32760360836982727,-0.004928463138639927,0.5663730502128601,0.32034313678741455,-0.0029396272730082273,0.5748675465583801,0.317961722612381,0.0012672275770455599,0.5807611346244812,0.31836989521980286,0.0072137960232794285,0.5833545327186584,0.32114434242248535,0.013282905332744122,0.5816547274589539,0.33431631326675415,0.02610994316637516,0.5903739333152771,0.35248494148254395,0.06426692008972168,0.5811507105827332,0.3496820330619812,0.021570434793829918,0.5771883130073547,0.3544163405895233,0.01594577170908451,0.5699270367622375,0.3562147617340088,0.010722718201577663,0.5624697804450989,0.3555332124233246,0.00629520695656538,0.5571513772010803,0.3536633849143982,0.0030473091173917055,0.5538532137870789,0.35171571373939514,0.0006515458808280528,0.5819248557090759,0.34903424978256226,0.0873357355594635,0.565802812576294,0.4070837199687958,-0.007127656601369381,0.5604996085166931,0.3807923197746277,-0.01859244704246521,0.5641792416572571,0.40770676732063293,-0.02432289347052574,0.5604565143585205,0.4120691418647766,-0.02244178205728531,0.5630965232849121,0.40866851806640625,-0.021200399845838547,0.5641234517097473,0.40955862402915955,-0.005447366740554571,0.5600222945213318,0.41345226764678955,-0.0242005605250597,0.5580546259880066,0.4148789048194885,-0.016938112676143646,0.5514042377471924,0.3436066508293152,0.002207988640293479,0.5510181188583374,0.3473515212535858,-0.0026074161287397146,0.5520954132080078,0.35037317872047424,-0.006983946077525616,0.5765987634658813,0.33091485500335693,0.016300631687045097,0.5802905559539795,0.32718583941459656,0.017384149134159088,0.5006090998649597,0.3486047387123108,-0.017124637961387634,0.5081775188446045,0.3476521372795105,-0.017124637961387634,0.5000911355018616,0.3379255533218384,-0.017124637961387634,0.49286654591560364,0.3495091497898102,-0.017124637961387634,0.5011434555053711,0.35920557379722595,-0.017124637961387634,0.5618483424186707,0.3359546363353729,0.009420500136911869,0.5688266754150391,0.33451035618782043,0.009420500136911869,0.5607852339744568,0.32679641246795654,0.009420500136911869,0.5549090504646301,0.3374272286891937,0.009420500136911869,0.5630147457122803,0.3452085256576538,0.009420500136911869
1466.666666666666,0.554361879825592,0.43827033042907715,-0.00983401108533144,0.5599244236946106,0.41224125027656555,-0.030344245955348015,0.554426908493042,0.4182262420654297,-0.01320546306669712,0.5505580902099609,0.38020968437194824,-0.02971535548567772,0.5602530837059021,0.40318763256073,-0.033633582293987274,0.5583034157752991,0.3899553418159485,-0.03302425891160965,0.5510481595993042,0.355158269405365,-0.02273126319050789,0.49466317892074585,0.3530418574810028,-0.018261073157191277,0.5483749508857727,0.3266274929046631,-0.02236280031502247,0.5483712553977966,0.31320884823799133,-0.02595016546547413,0.5434922575950623,0.26270490884780884,-0.027637256309390068,0.5540531277656555,0.44130223989486694,-0.00848583597689867,0.5532124042510986,0.44427213072776794,-0.0061361161060631275,0.5521087050437927,0.4462732970714569,-0.0025608802679926157,0.5520317554473877,0.44616392254829407,-0.0016374599654227495,0.5524051785469055,0.450067400932312,-0.0013457369059324265,0.5523132085800171,0.45446527004241943,-0.0016748466296121478,0.5515155792236328,0.4589114785194397,0.000316809891955927,0.5496132373809814,0.4677045941352844,0.007600093260407448,0.5583918690681458,0.4161350727081299,-0.026689965277910233,0.5500370264053345,0.4161515235900879,-0.020312262699007988,0.45425155758857727,0.3091772794723511,-0.006913792807608843,0.5162911415100098,0.3603614270687103,-0.017034584656357765,0.5096457004547119,0.3619959354400635,-0.01884349063038826,0.5025755167007446,0.36214661598205566,-0.019388124346733093,0.49128222465515137,0.35595887899398804,-0.017759637907147408,0.5216652750968933,0.35768455266952515,-0.014112039469182491,0.5051828026771545,0.33105117082595825,-0.02509365975856781,0.5132896900177002,0.331820547580719,-0.022251874208450317,0.49750247597694397,0.33356207609176636,-0.024921342730522156,0.4921039342880249,0.3381020426750183,-0.023487893864512444,0.4856933057308197,0.36242616176605225,-0.01527723390609026,0.5259210467338562,0.48244741559028625,0.008429910987615585,0.4911288917064667,0.3494715094566345,-0.01735084131360054,0.4547072649002075,0.35415026545524597,0.002683615079149604,0.4754403829574585,0.3555162250995636,-0.012926055118441582,0.5162222385406494,0.40068578720092773,-0.01570872589945793,0.5465191602706909,0.43771058320999146,-0.012212611734867096,0.5456306338310242,0.4447556138038635,-0.008012641221284866,0.5369958877563477,0.4403994381427765,-0.011560683138668537,0.5296083688735962,0.4420304298400879,-0.009000715799629688,0.5377545356750488,0.4449804425239563,-0.008249176666140556,0.5309528112411499,0.44482460618019104,-0.0057320622727274895,0.5181868672370911,0.45322057604789734,0.000983431818895042,0.5548399686813354,0.41285204887390137,-0.031484901905059814,0.5544010400772095,0.40391865372657776,-0.03484388068318367,0.48272162675857544,0.33187413215637207,-0.02701585926115513,0.5284991264343262,0.3754047155380249,-0.01630418188869953,0.5345832705497742,0.4082922339439392,-0.02278897725045681,0.5329752564430237,0.4023128151893616,-0.021935945376753807,0.4922480583190918,0.4005827009677887,-0.016328440979123116,0.5526386499404907,0.39140474796295166,-0.03359418734908104,0.5035209655761719,0.3208583891391754,-0.0321042537689209,0.4919157326221466,0.32453861832618713,-0.03072219155728817,0.4656204581260681,0.2921309173107147,-0.018418630585074425,0.5343190431594849,0.3287988305091858,-0.026071328669786453,0.5198326110839844,0.33611539006233215,-0.017898300662636757,0.5130676031112671,0.44544050097465515,-0.0018171471310779452,0.459251344203949,0.4385608732700348,0.03671595826745033,0.5388354659080505,0.41330379247665405,-0.017938638105988503,0.5441382527351379,0.41538912057876587,-0.014967345632612705,0.5187504291534424,0.4435538053512573,-0.000659872021060437,0.5204269886016846,0.44400060176849365,-0.0009162559290416539,0.48699334263801575,0.3182224631309509,-0.03030513972043991,0.5328087210655212,0.41092702746391296,-0.018652789294719696,0.5176591873168945,0.32181450724601746,-0.03067033365368843,0.5167326927185059,0.31388014554977417,-0.03360572084784508,0.5022677779197693,0.269630491733551,-0.033840831369161606,0.4774210453033447,0.3050088584423065,-0.02582157403230667,0.5108703970909119,0.29077765345573425,-0.03460892662405968,0.4763883054256439,0.3270007371902466,-0.024329079315066338,0.46631988883018494,0.3186512589454651,-0.016508866101503372,0.5461277961730957,0.44153231382369995,-0.010868452489376068,0.5374420285224915,0.4427545964717865,-0.010113844648003578,0.5303359627723694,0.44341689348220825,-0.007739828433841467,0.5399021506309509,0.41437074542045593,-0.015410998836159706,0.5196225047111511,0.44378340244293213,-0.0006919625448063016,0.5239908695220947,0.44671300053596497,-0.0017104869475588202,0.521260142326355,0.4441951811313629,-0.0007929270504973829,0.5444871783256531,0.41238847374916077,-0.026407480239868164,0.5312585234642029,0.4458925127983093,-0.003873086767271161,0.537885844707489,0.446505606174469,-0.0048345960676670074,0.5450628399848938,0.4467412233352661,-0.004694242496043444,0.5413764119148254,0.4685317277908325,0.005126632750034332,0.5435300469398499,0.45937973260879517,-0.0022691332269459963,0.5444051623344421,0.45482930541038513,-0.00413085101172328,0.5449073910713196,0.45042598247528076,-0.0037201535888016224,0.5450824499130249,0.4467252492904663,-0.0037884607445448637,0.5313194394111633,0.4460369348526001,-0.0031281074043363333,0.5304916501045227,0.44761162996292114,-0.003234411356970668,0.5293642282485962,0.44979292154312134,-0.003656131913885474,0.5282602906227112,0.45226621627807617,-0.002677222015336156,0.5238806009292603,0.4327486455440521,-0.009830224327743053,0.4466584324836731,0.39209726452827454,0.03386301547288895,0.5566255450248718,0.41740882396698,-0.018215220421552658,0.5261187553405762,0.44526997208595276,-0.001772135030478239,0.5251803398132324,0.445892333984375,-0.0017543386202305555,0.5462889075279236,0.4184257388114929,-0.014135218225419521,0.5337105393409729,0.4151268005371094,-0.011774778366088867,0.5453029274940491,0.4169873595237732,-0.01474576536566019,0.5212029218673706,0.3809460997581482,-0.01594383269548416,0.5101122856140137,0.38839447498321533,-0.01697937771677971,0.5307530760765076,0.40548357367515564,-0.01813754066824913,0.4811578094959259,0.27868062257766724,-0.027775123715400696,0.4917186200618744,0.2952929437160492,-0.031575143337249756,0.5007477402687073,0.3132096827030182,-0.03353104740381241,0.5247562527656555,0.45994138717651367,0.0012701575178653002,0.532778799533844,0.31595009565353394,-0.030871981754899025,0.5284203886985779,0.2895581126213074,-0.03330180048942566,0.5222724676132202,0.26483553647994995,-0.03340999782085419,0.4956522583961487,0.3602742850780487,-0.01876533031463623,0.4777996242046356,0.369748592376709,-0.013246854767203331,0.5252280831336975,0.3552829921245575,-0.012724521569907665,0.4845595359802246,0.343585729598999,-0.020985262468457222,0.5338005423545837,0.36959221959114075,-0.017717460170388222,0.5404637455940247,0.4062636196613312,-0.02785772830247879,0.4676038920879364,0.37541255354881287,-0.008353117853403091,0.48509255051612854,0.37690243124961853,-0.0161620881408453,0.4963344931602478,0.38026145100593567,-0.01794407144188881,0.5101743340492249,0.37767672538757324,-0.01635599136352539,0.5193935632705688,0.3729522228240967,-0.014826182276010513,0.5260279178619385,0.36827507615089417,-0.014449681155383587,0.5448546409606934,0.35781925916671753,-0.02281561866402626,0.4698635935783386,0.39589717984199524,-0.006631101947277784,0.4781680703163147,0.3425619602203369,-0.02067786268889904,0.5552349090576172,0.416496217250824,-0.027652380988001823,0.530918300151825,0.385597288608551,-0.01694365032017231,0.44426611065864563,0.349245548248291,0.02059035748243332,0.5314643979072571,0.363361120223999,-0.014514593407511711,0.5282888412475586,0.4048408269882202,-0.012126022018492222,0.48780763149261475,0.3497830033302307,-0.017042797058820724,0.5386549234390259,0.398863822221756,-0.02661227248609066,0.45078110694885254,0.41509443521499634,0.03653986379504204,0.5242571830749512,0.3521028459072113,-0.012440082617104053,0.5458968281745911,0.3943202793598175,-0.03145937621593475,0.48900720477104187,0.46436065435409546,0.015674123540520668,0.4852800965309143,0.4719979763031006,0.027264568954706192,0.4557439386844635,0.39556655287742615,0.013061369769275188,0.47623109817504883,0.4522000253200531,0.017608100548386574,0.4595222473144531,0.33484819531440735,-0.005789553746581078,0.5239354968070984,0.49069374799728394,0.013005957007408142,0.5540943145751953,0.4174332022666931,-0.01861291565001011,0.5242951512336731,0.39226609468460083,-0.015368424355983734,0.4672534167766571,0.35681915283203125,-0.009176376275718212,0.5033087134361267,0.35704314708709717,-0.019402651116251945,0.5096537470817566,0.3570333421230316,-0.01896381564438343,0.5227831602096558,0.4477215111255646,-0.0011826397385448217,0.4710983335971832,0.41446733474731445,-0.00028960284544155,0.534299373626709,0.49922648072242737,0.019799113273620605,0.5120043754577637,0.49061161279678345,0.02169320359826088,0.5003740191459656,0.4833730459213257,0.023832855746150017,0.5465097427368164,0.288339763879776,-0.028109503909945488,0.5459921956062317,0.49774301052093506,0.023453565314412117,0.5150195956230164,0.3555239737033844,-0.017249802127480507,0.5198529958724976,0.35360610485076904,-0.014958064071834087,0.5229777693748474,0.3527566194534302,-0.013006245717406273,0.47060394287109375,0.3397812843322754,-0.016778161749243736,0.5177069306373596,0.34312528371810913,-0.017387110739946365,0.5116497278213501,0.33927401900291443,-0.020197317004203796,0.5056432485580444,0.33897456526756287,-0.021929137408733368,0.49948999285697937,0.34117454290390015,-0.022138109430670738,0.4955296218395233,0.34443822503089905,-0.02106095291674137,0.447507381439209,0.32712987065315247,0.007407053839415312,0.4984278976917267,0.35541650652885437,-0.01896156184375286,0.5536363124847412,0.4244091808795929,-0.010543061420321465,0.5315271615982056,0.4280948042869568,-0.0115348594263196,0.5396641492843628,0.41266101598739624,-0.020459316670894623,0.5453222393989563,0.42581844329833984,-0.012906087562441826,0.5485233068466187,0.34016919136047363,-0.02049650065600872,0.5014536380767822,0.4751558005809784,0.01596025563776493,0.5124332308769226,0.48319876194000244,0.015108548104763031,0.5361549258232117,0.49470409750938416,0.012507262639701366,0.4716111719608307,0.45772743225097656,0.03258158639073372,0.5222226977348328,0.3488648533821106,-0.014610148034989834,0.5420754551887512,0.37426650524139404,-0.02362140640616417,0.5480070114135742,0.49315690994262695,0.01632756181061268,0.5234026312828064,0.4964165985584259,0.01916464790701866,0.4587940573692322,0.41615045070648193,0.017081091180443764,0.5379378795623779,0.44660818576812744,-0.00398697005584836,0.5372490882873535,0.44941335916519165,-0.0041631362400949,0.5364636778831482,0.45287925004959106,-0.004675680305808783,0.535635232925415,0.4569554328918457,-0.003329190891236067,0.5324404239654541,0.4654516875743866,0.0019045097287744284,0.5251622200012207,0.4443475604057312,-0.0034816123079508543,0.52423495054245,0.44358423352241516,-0.004453115165233612,0.5233800411224365,0.4427958130836487,-0.005378045607358217,0.5172294974327087,0.4385482966899872,-0.007054316811263561,0.48479825258255005,0.4203512966632843,-0.007977678440511227,0.5394097566604614,0.3631303310394287,-0.019872553646564484,0.5306301116943359,0.34390103816986084,-0.014523684978485107,0.5253652930259705,0.3448627293109894,-0.014593632891774178,0.5260498523712158,0.44508805871009827,-0.002257034881040454,0.4825141429901123,0.44084519147872925,0.004925723187625408,0.5389112234115601,0.3436899781227112,-0.01979338750243187,0.528715193271637,0.47352102398872375,0.005707938224077225,0.555866003036499,0.37842634320259094,-0.02936912141740322,0.5478013753890991,0.36983612179756165,-0.02674858085811138,0.5535804033279419,0.3674893081188202,-0.026038916781544685,0.5380007028579712,0.38935208320617676,-0.02241736650466919,0.5490995645523071,0.4856247007846832,0.011508842930197716,0.5492715239524841,0.4759768843650818,0.00969317089766264,0.5395536422729492,0.4771724343299866,0.00723042618483305,0.5119158029556274,0.4582611918449402,0.0033012579660862684,0.5221732258796692,0.4122757017612457,-0.011418884620070457,0.5195140242576599,0.46703076362609863,0.004988711327314377,0.5047791600227356,0.4128158390522003,-0.014946690760552883,0.5156832933425903,0.4220616817474365,-0.011141138151288033,0.4975336194038391,0.42731016874313354,-0.009841854684054852,0.5379111766815186,0.4870237410068512,0.008151659741997719,0.5326400995254517,0.3936905860900879,-0.018577689304947853,0.5053049325942993,0.46587857604026794,0.008173620328307152,0.5154973864555359,0.4746662974357605,0.009740371257066727,0.5060505867004395,0.44808512926101685,-0.0011668982915580273,0.47307032346725464,0.42958879470825195,0.005830578040331602,0.4950609803199768,0.4506150782108307,0.0022270495537668467,0.46474000811576843,0.4348623752593994,0.019588731229305267,0.5093099474906921,0.4331585168838501,-0.00856969878077507,0.5364365577697754,0.3797956109046936,-0.02000211924314499,0.5428593158721924,0.4110409617424011,-0.028272146359086037,0.5369205474853516,0.41175293922424316,-0.021888969466090202,0.5474691987037659,0.4051242768764496,-0.03196964040398598,0.5259432196617126,0.3351781964302063,-0.019636815413832664,0.5152923464775085,0.3290259540081024,-0.024814575910568237,0.5051326751708984,0.32792216539382935,-0.027519412338733673,0.4960600435733795,0.33044901490211487,-0.027571670711040497,0.4888628423213959,0.33564046025276184,-0.025534797459840775,0.4828147888183594,0.3527071177959442,-0.01565348356962204,0.45424482226371765,0.37498751282691956,0.007628608029335737,0.4909142255783081,0.3667909801006317,-0.016564298421144485,0.4996843934059143,0.36962658166885376,-0.017306767404079437,0.5094161629676819,0.3689074218273163,-0.016602985560894012,0.5176820755004883,0.36592379212379456,-0.015175827778875828,0.5237616896629333,0.36242619156837463,-0.01312793418765068,0.5281915664672852,0.3593694269657135,-0.012509528547525406,0.44480302929878235,0.37032437324523926,0.02881566435098648,0.5358904600143433,0.4130345582962036,-0.018480921164155006,0.5443813800811768,0.3840981423854828,-0.02675555646419525,0.5492761135101318,0.4121338129043579,-0.030718885362148285,0.5507871508598328,0.4155658781528473,-0.026121556758880615,0.5477651357650757,0.41323795914649963,-0.027754543349146843,0.536725640296936,0.4148004949092865,-0.014934027567505836,0.5528386235237122,0.4162760376930237,-0.027165016159415245,0.5517948269844055,0.41727644205093384,-0.01944417878985405,0.5272229313850403,0.3522176146507263,-0.011678323149681091,0.5316407084465027,0.35401999950408936,-0.012935901992022991,0.5354783535003662,0.35588014125823975,-0.015571619383990765,0.4931633472442627,0.34707018733024597,-0.019528644159436226,0.4884786009788513,0.3434606194496155,-0.020668042823672295,0.5600256323814392,0.37863293290138245,-0.02470516227185726,0.5790736079216003,0.3363230228424072,0.018707145005464554,0.5614777207374573,0.4137056767940521,-0.01648467220366001,0.5885124206542969,0.2941395342350006,0.050038691610097885,0.5641969442367554,0.34979063272476196,0.00671782111749053,0.5703059434890747,0.3491145670413971,0.009741709567606449,0.5757799744606018,0.3473467230796814,0.013600778765976429,0.5803712010383606,0.33927711844444275,0.021365797147154808,0.5594443678855896,0.34853672981262207,0.004647132009267807,0.5735592842102051,0.3217327296733856,0.0048791710287332535,0.5664754509925842,0.3239070177078247,0.0013768567005172372,0.579259991645813,0.32222485542297363,0.009647350758314133,0.5821148157119751,0.3249127268791199,0.013841301202774048,0.5850014686584473,0.34512022137641907,0.02690863236784935,0.5641807317733765,0.47144049406051636,0.025303425267338753,0.5800297260284424,0.33305051922798157,0.02135179005563259,0.5905802845954895,0.3340962529182434,0.06039455160498619,0.5876373052597046,0.33670932054519653,0.034441135823726654,0.5751950144767761,0.39082300662994385,0.008039405569434166,0.5601041913032532,0.43519729375839233,-0.006372848991304636,0.5579977035522461,0.4424743056297302,-0.0026393893640488386,0.5638062953948975,0.4346812665462494,0.0005699429893866181,0.5657615065574646,0.4350288510322571,0.0077832164242863655,0.5611479878425598,0.4406675696372986,0.002265485469251871,0.5632390379905701,0.439260870218277,0.008402912877500057,0.5687286257743835,0.44282570481300354,0.02280319668352604,0.5639210343360901,0.4108768701553345,-0.028292927891016006,0.5649039149284363,0.40206021070480347,-0.031027793884277344,0.5899659991264343,0.31736958026885986,0.01751639135181904,0.5633789300918579,0.3698520362377167,-0.0008199014118872583,0.5697920918464661,0.40195658802986145,-0.008491204120218754,0.5687149167060852,0.39620649814605713,-0.00717538595199585,0.5889254212379456,0.3840102255344391,0.023410648107528687,0.5626839399337769,0.38972094655036926,-0.028718501329421997,0.5817842483520508,0.31194818019866943,-0.0010272564832121134,0.5874955058097839,0.31286585330963135,0.008115500211715698,0.5875675678253174,0.2794884145259857,0.03268635645508766,0.5588805079460144,0.3246021270751953,-0.01569344848394394,0.5603537559509277,0.3287104666233063,0.0011588998604565859,0.5727638602256775,0.43379926681518555,0.02476312220096588,0.5775120258331299,0.41380542516708374,0.08963716775178909,0.5661770105361938,0.408199280500412,-0.007439953275024891,0.5625115633010864,0.41235360503196716,-0.0096930842846632,0.5672603249549866,0.4365692734718323,0.022168932482600212,0.5662587285041809,0.43726468086242676,0.01906697452068329,0.5892469882965088,0.3058996796607971,0.010985618457198143,0.5686570405960083,0.404754102230072,-0.004670747090131044,0.5726229548454285,0.3149339556694031,-0.00935574620962143,0.573881983757019,0.30693942308425903,-0.0117286816239357,0.5744658708572388,0.2630716562271118,-0.0045581297017633915,0.5890637636184692,0.29096895456314087,0.01973809488117695,0.5749927759170532,0.28332269191741943,-0.009441215544939041,0.5914416909217834,0.31179240345954895,0.02329080179333687,0.5907291173934937,0.3024185597896576,0.03514448180794716,0.5593174695968628,0.43917226791381836,-0.005075895227491856,0.562594473361969,0.43789219856262207,0.0012528083752840757,0.5646156072616577,0.4371751844882965,0.007567264139652252,0.5648090839385986,0.40984076261520386,-0.006779579445719719,0.5667527318000793,0.436929851770401,0.020380880683660507,0.5654130578041077,0.4403343200683594,0.015888025984168053,0.5657313466072083,0.43762171268463135,0.018615439534187317,0.5663982033729553,0.4078451693058014,-0.016642265021800995,0.561930775642395,0.44100260734558105,0.009508469142019749,0.5597231984138489,0.442848265171051,0.005021462216973305,0.5565856099128723,0.44472140073776245,0.0007621335098519921,0.5560842752456665,0.4650827646255493,0.010507590137422085,0.5572910308837891,0.4564340114593506,0.0034284102730453014,0.5578036904335022,0.4520377516746521,0.0017825233517214656,0.5574418902397156,0.44798988103866577,0.002092754002660513,0.5564107298851013,0.44469302892684937,0.00174054189119488,0.5618073344230652,0.4411545693874359,0.01026587188243866,0.5629488825798035,0.4423239231109619,0.010124160908162594,0.5638622045516968,0.44395944476127625,0.010220585390925407,0.5643324851989746,0.4461213946342468,0.012339649721980095,0.5711849927902222,0.4240996539592743,0.009633222594857216,0.5822255611419678,0.3691699206829071,0.09308074414730072,0.563575029373169,0.4395584762096405,0.015140177682042122,0.5646098852157593,0.4398755729198456,0.015181191265583038,0.5606043338775635,0.4162410795688629,-0.00891872402280569,0.5664371252059937,0.40972384810447693,-0.0006848978810012341,0.561532735824585,0.4144611358642578,-0.009636595845222473,0.5683072209358215,0.3734387755393982,0.004923081491142511,0.5774694085121155,0.3774126172065735,0.011371155269443989,0.5685232281684875,0.39915353059768677,-0.0029318430460989475,0.5837433338165283,0.2687484622001648,0.01387315895408392,0.5844298601150513,0.28399595618247986,0.005060375202447176,0.5832683444023132,0.30366188287734985,-0.0007695138338021934,0.5656521916389465,0.4506666362285614,0.019067659974098206,0.5614324808120728,0.3121457099914551,-0.019668318331241608,0.5626553893089294,0.28564944863319397,-0.02019822970032692,0.5615471601486206,0.2613249123096466,-0.018595462664961815,0.579154372215271,0.3439633548259735,0.01802770420908928,0.5896929502487183,0.35070091485977173,0.03354835882782936,0.5565086007118225,0.3469560444355011,0.003961785696446896,0.5857318639755249,0.32754454016685486,0.021945353597402573,0.5604731440544128,0.3653109669685364,-0.005300878081470728,0.5691649913787842,0.4009840488433838,-0.01623997837305069,0.5937994718551636,0.3549090623855591,0.04464029520750046,0.589503824710846,0.3592380881309509,0.027752475813031197,0.5850917100906372,0.365238219499588,0.019359245896339417,0.5749940276145935,0.3662372827529907,0.01218637079000473,0.5669162273406982,0.3638836741447449,0.0068005286157131195,0.5615715384483337,0.3609655797481537,0.0017020266968756914,0.5555851459503174,0.35612401366233826,-0.017488501965999603,0.5948719382286072,0.37432023882865906,0.04606322944164276,0.588893473148346,0.3256071209907532,0.02621050551533699,0.5610013604164124,0.4151685833930969,-0.025105807930231094,0.5642732381820679,0.38029053807258606,-0.0020749580580741167,0.5850971341133118,0.3298438489437103,0.08173618465662003,0.5578300952911377,0.35736721754074097,-0.001887799589894712,0.5673408508300781,0.398465096950531,0.003101218957453966,0.5818114280700684,0.3330845832824707,0.02364744059741497,0.5675514936447144,0.39392125606536865,-0.014785249717533588,0.5806547999382019,0.3906247615814209,0.09318806976079941,0.5555180311203003,0.34339791536331177,0.005041958298534155,0.5655861496925354,0.3909240961074829,-0.022827718406915665,0.5768778920173645,0.4424733817577362,0.054580893367528915,0.5718548893928528,0.449592262506485,0.06708773970603943,0.5912725925445557,0.3717974126338959,0.07055296003818512,0.5814847350120544,0.42837944626808167,0.06350244581699371,0.5907037854194641,0.317062109708786,0.049371302127838135,0.5634537935256958,0.4784903824329376,0.031331345438957214,0.5588001608848572,0.4165521562099457,-0.017045550048351288,0.5681369304656982,0.3852056562900543,0.0030068792402744293,0.5893526673316956,0.3368794918060303,0.04290647432208061,0.5751009583473206,0.3417261838912964,0.013081428594887257,0.5701601505279541,0.34390726685523987,0.009764323942363262,0.5660207867622375,0.4411344528198242,0.017820337787270546,0.5927448272705078,0.39192602038383484,0.050359923392534256,0.5549668073654175,0.49271905422210693,0.030040092766284943,0.5640264749526978,0.4745467007160187,0.047219060361385345,0.5672441720962524,0.46390271186828613,0.05607537180185318,0.5647247433662415,0.34445029497146606,0.007239982485771179,0.5597798228263855,0.3439318835735321,0.006092716474086046,0.5568460822105408,0.3438107967376709,0.005884761456400156,0.5903223156929016,0.32224056124687195,0.033714659512043,0.5597912073135376,0.3343960642814636,0.004130503162741661,0.5648250579833984,0.33009785413742065,0.00485593918710947,0.5707054734230042,0.3282123804092407,0.007244081236422062,0.5756852626800537,0.32857459783554077,0.011051410809159279,0.578213632106781,0.33029139041900635,0.014533668756484985,0.5878407955169678,0.3099960684776306,0.06728995591402054,0.577735960483551,0.3389928936958313,0.0163304153829813,0.567751944065094,0.42180564999580383,0.003278335789218545,0.5669935941696167,0.40739110112190247,-0.010404635220766068,0.5607075691223145,0.4231857657432556,-0.006773620843887329,0.5714867115020752,0.4558482766151428,0.04734502360224724,0.5672176480293274,0.46687138080596924,0.03977249190211296,0.5574769377708435,0.4880552589893341,0.022479871287941933,0.5746634006500244,0.43376585841178894,0.07965308427810669,0.5568642020225525,0.33987897634506226,0.004617201630026102,0.5604842305183411,0.37126824259757996,-0.015232267789542675,0.5605072379112244,0.4846336841583252,0.03805719316005707,0.5888710021972656,0.39133766293525696,0.07200685888528824,0.5595630407333374,0.44293662905693054,0.005936908069998026,0.5607744455337524,0.44517800211906433,0.006068639922887087,0.5614625215530396,0.4481183588504791,0.00613305252045393,0.5615289211273193,0.4519444704055786,0.008010296151041985,0.5616471171379089,0.4584900736808777,0.014739074744284153,0.5648998618125916,0.43808412551879883,0.014148061163723469,0.565966010093689,0.43687719106674194,0.014897779561579227,0.566929042339325,0.4356037676334381,0.015339174307882786,0.5731059312820435,0.4280781149864197,0.01737387105822563,0.5901492834091187,0.4006415009498596,0.034796785563230515,0.5579304099082947,0.3602302670478821,-0.01109712477773428,0.5541322827339172,0.33775418996810913,-0.003426816314458847,0.5557312369346619,0.33733487129211426,0.0014707514783367515,0.5636685490608215,0.43937772512435913,0.014710026793181896,0.5853518843650818,0.41925138235092163,0.048078157007694244,0.5529122352600098,0.3398359715938568,-0.01315309852361679,0.5627539753913879,0.46437153220176697,0.02015870437026024,0.5580414533615112,0.36814194917678833,-0.022249525412917137,0.5642818212509155,0.38505038619041443,-0.011525268666446209,0.5568487644195557,0.4724423289299011,0.014196164906024933,0.571837842464447,0.4443833827972412,0.028742089867591858,0.5713511109352112,0.4039810299873352,0.0076662348583340645,0.5672360062599182,0.45498013496398926,0.025057341903448105,0.5831987261772156,0.39877814054489136,0.01571900211274624,0.5760263204574585,0.41123542189598083,0.012827267870306969,0.5852022171020508,0.4104442000389099,0.025124168023467064,0.5581526756286621,0.4811519384384155,0.0174687672406435,0.5653551816940308,0.3884204626083374,-0.00494918879121542,0.573553740978241,0.448467493057251,0.03772508725523949,0.5681961178779602,0.46003618836402893,0.03241449594497681,0.5768344402313232,0.4331524670124054,0.029778510332107544,0.5891947746276855,0.40656837821006775,0.05417526140809059,0.5806055665016174,0.43143975734710693,0.03832642734050751,0.5854652523994446,0.4098920524120331,0.07162493467330933,0.5783804059028625,0.4201306402683258,0.019832657650113106,0.5621968507766724,0.3756430745124817,-0.008181991055607796,0.5681819319725037,0.40590837597846985,-0.017696674913167953,0.5688600540161133,0.4058062732219696,-0.009839417412877083,0.5675720572471619,0.40125346183776855,-0.023551082238554955,0.559137225151062,0.3282524049282074,-0.004322555381804705,0.5689840316772461,0.3210059702396393,-0.0020855015609413385,0.5773892998695374,0.3187010586261749,0.0023741666227579117,0.5832769870758057,0.3192087411880493,0.008555795066058636,0.5859674215316772,0.32207155227661133,0.01482364721596241,0.58449387550354,0.33515220880508423,0.027742605656385422,0.5916700959205627,0.3527674973011017,0.06658371537923813,0.5836871266365051,0.3503815531730652,0.023023147135972977,0.5796190500259399,0.3550451099872589,0.017200589179992676,0.5723839402198792,0.35679733753204346,0.01175711676478386,0.565062403678894,0.35610854625701904,0.007143209222704172,0.5598770380020142,0.354265034198761,0.0037052128463983536,0.5566322803497314,0.35233810544013977,0.0012039135908707976,0.5828818678855896,0.3492791950702667,0.08955136686563492,0.567656397819519,0.4072888195514679,-0.006661085411906242,0.5627037286758423,0.38103410601615906,-0.01821119524538517,0.566533625125885,0.4082903265953064,-0.023961560800671577,0.5627707839012146,0.4126388132572174,-0.022196779027581215,0.5654155611991882,0.40923649072647095,-0.02085014432668686,0.5659496784210205,0.40975844860076904,-0.00504128634929657,0.5623389482498169,0.4140481948852539,-0.023976067081093788,0.5602990984916687,0.41545113921165466,-0.016761651262640953,0.5545271635055542,0.3444666564464569,0.0028045005165040493,0.553861677646637,0.34800985455513,-0.002149224281311035,0.5546387434005737,0.35095861554145813,-0.006617515813559294,0.5793678164482117,0.3317699134349823,0.017687615007162094,0.5830488204956055,0.3281443119049072,0.018848832696676254,0.5027317404747009,0.34828078746795654,-0.017965348437428474,0.5104884505271912,0.3473914563655853,-0.017965348437428474,0.5022222995758057,0.33724430203437805,-0.017965348437428474,0.4947643280029297,0.3491029143333435,-0.017965348437428474,0.5032521486282349,0.35923123359680176,-0.017965348437428474,0.5645919442176819,0.33648762106895447,0.01047593355178833,0.5715001821517944,0.3351901173591614,0.01047593355178833,0.5637561082839966,0.32745668292045593,0.01047593355178833,0.5577170848846436,0.3378562033176422,0.01047593355178833,0.565516471862793,0.34560343623161316,0.01047593355178833
1499.9999999999993,0.5549919605255127,0.43907010555267334,-0.009288414381444454,0.5613914728164673,0.41277894377708435,-0.029975546523928642,0.5557105541229248,0.4186064600944519,-0.01281562726944685,0.5522491335868835,0.3808583617210388,-0.029771137982606888,0.5618114471435547,0.403815895318985,-0.033337660133838654,0.5599403381347656,0.39065611362457275,-0.032873205840587616,0.5528432726860046,0.3559446930885315,-0.02304387465119362,0.4963637888431549,0.3526533544063568,-0.01912430301308632,0.5503602027893066,0.32702237367630005,-0.02295849472284317,0.5505055785179138,0.3135930001735687,-0.026697803288698196,0.5460765361785889,0.26347002387046814,-0.029083967208862305,0.5546905398368835,0.44201770424842834,-0.007922334596514702,0.5538827180862427,0.4448784589767456,-0.005562497302889824,0.5528294444084167,0.4468185007572174,-0.0019755116663873196,0.5527963042259216,0.44672077894210815,-0.0009926187340170145,0.5531374216079712,0.45055946707725525,-0.0006309333839453757,0.553024411201477,0.4548817276954651,-0.0008451762259937823,0.5522350072860718,0.45922309160232544,0.0012773423222824931,0.5504406094551086,0.46811842918395996,0.008726075291633606,0.55978924036026,0.41658544540405273,-0.026301369071006775,0.5514549612998962,0.4164615869522095,-0.01999897137284279,0.4559210538864136,0.3080052137374878,-0.008597413077950478,0.5178112983703613,0.3601396381855011,-0.01771470718085766,0.5111628770828247,0.361613929271698,-0.019526001065969467,0.5040886402130127,0.3616967797279358,-0.0201052725315094,0.49285298585891724,0.35556912422180176,-0.018589690327644348,0.5232025384902954,0.35765326023101807,-0.0147562799975276,0.5071445107460022,0.3311445713043213,-0.025958770886063576,0.5152020454406738,0.3320043981075287,-0.023097705096006393,0.4994460344314575,0.3335217535495758,-0.025798499584197998,0.4939740300178528,0.3379477262496948,-0.024384910240769386,0.4870899021625519,0.3619399070739746,-0.016089413315057755,0.5264413952827454,0.4820682406425476,0.009547190740704536,0.4928538501262665,0.349195659160614,-0.01825469732284546,0.4559459984302521,0.3529665768146515,0.0014847199199721217,0.4769030809402466,0.3550278842449188,-0.013902920298278332,0.517616868019104,0.4005243182182312,-0.0158339012414217,0.5472645163536072,0.4384617805480957,-0.011713900603353977,0.5464076995849609,0.44530144333839417,-0.007476309780031443,0.5379526615142822,0.4409796893596649,-0.0110881133005023,0.5307421088218689,0.4424547553062439,-0.008549453690648079,0.5387036800384521,0.4454396367073059,-0.007757467683404684,0.5320715308189392,0.44519367814064026,-0.005258163437247276,0.5190181136131287,0.45280107855796814,0.0016255703521892428,0.5563239455223083,0.4133065342903137,-0.03114660643041134,0.5559755563735962,0.40444809198379517,-0.03457923233509064,0.4847738742828369,0.3316643238067627,-0.028070995584130287,0.5301356315612793,0.37557312846183777,-0.016620324924588203,0.5361495018005371,0.40836554765701294,-0.02267342060804367,0.534552812576294,0.4024077355861664,-0.021888867020606995,0.49352461099624634,0.40007755160331726,-0.016643963754177094,0.5542799234390259,0.3920022249221802,-0.03348539024591446,0.5058034062385559,0.3209502100944519,-0.033040158450603485,0.4941251575946808,0.32445064187049866,-0.03171544522047043,0.467678427696228,0.29124775528907776,-0.020147083327174187,0.536375880241394,0.32920247316360474,-0.026778100058436394,0.5216649770736694,0.3363008499145508,-0.01872084103524685,0.5139833688735962,0.4449164867401123,-0.0013722615549340844,0.45910632610321045,0.4371410608291626,0.03662586957216263,0.5403410196304321,0.41339850425720215,-0.017791748046875,0.5455896258354187,0.41556262969970703,-0.01467713713645935,0.5201964974403381,0.44375720620155334,-0.00020949965983163565,0.5218380689620972,0.4442237615585327,-0.00044016019091941416,0.48935166001319885,0.31809526681900024,-0.031457722187042236,0.5343341827392578,0.41092535853385925,-0.018510062247514725,0.5199000239372253,0.32207369804382324,-0.03151768818497658,0.5191065669059753,0.31408509612083435,-0.03454205021262169,0.5048880577087402,0.2696104943752289,-0.03547869622707367,0.4795280992984772,0.3043959140777588,-0.027277138084173203,0.5133122205734253,0.29079896211624146,-0.035933442413806915,0.47852274775505066,0.3267216980457306,-0.02553248032927513,0.4681330919265747,0.31781330704689026,-0.017984166741371155,0.5468824505805969,0.44217610359191895,-0.010349960997700691,0.5383846163749695,0.4432709813117981,-0.009628912433981895,0.5314529538154602,0.44381749629974365,-0.007266257889568806,0.541381299495697,0.4144674837589264,-0.015197868458926678,0.5210491418838501,0.44399815797805786,-0.00022491897107101977,0.5252833962440491,0.44694292545318604,-0.0011112556094303727,0.5226592421531677,0.4444293975830078,-0.0003057708381675184,0.5459798574447632,0.4126380681991577,-0.02620198018848896,0.5323971509933472,0.44624295830726624,-0.003376706037670374,0.5388501882553101,0.4469299614429474,-0.00432096840813756,0.545877993106842,0.44722631573677063,-0.004149360582232475,0.5421286821365356,0.468786358833313,0.006212110631167889,0.5443130135536194,0.45960113406181335,-0.0013411815743893385,0.545187771320343,0.455160528421402,-0.003322297940030694,0.5457081198692322,0.4508456587791443,-0.003036906011402607,0.5459175109863281,0.4472121000289917,-0.0031783536542207003,0.5324497222900391,0.44637423753738403,-0.0025779001880437136,0.531613290309906,0.4479064345359802,-0.002612424548715353,0.5304872393608093,0.45003801584243774,-0.002962712664157152,0.5293871164321899,0.45244520902633667,-0.0019403374753892422,0.5250416398048401,0.4324946105480194,-0.009473804384469986,0.4472070038318634,0.3903923034667969,0.03301816061139107,0.5579804182052612,0.41781938076019287,-0.017846355214715004,0.5273846983909607,0.445539265871048,-0.0012457499979063869,0.5264537334442139,0.4461449980735779,-0.0011776421451941133,0.5476765632629395,0.41862863302230835,-0.013777228072285652,0.5351459383964539,0.41508254408836365,-0.011568596586585045,0.5467239618301392,0.4171743094921112,-0.014423919841647148,0.5227814316749573,0.38093486428260803,-0.016248099505901337,0.511607825756073,0.3881947994232178,-0.017275651916861534,0.5322850346565247,0.40549206733703613,-0.018075544387102127,0.48355594277381897,0.27819696068763733,-0.029467102140188217,0.49404558539390564,0.29496878385543823,-0.03298306465148926,0.5031761527061462,0.3132408857345581,-0.0346238911151886,0.5254763960838318,0.4597816467285156,0.002078739460557699,0.5350630879402161,0.3163321912288666,-0.03169950470328331,0.5308793783187866,0.2899220585823059,-0.034531306475400925,0.524936854839325,0.2652222216129303,-0.03494608774781227,0.4971807599067688,0.3598071336746216,-0.01953738182783127,0.4789954125881195,0.3691381812095642,-0.014061817899346352,0.5267857313156128,0.35536065697669983,-0.01339737419039011,0.4863150417804718,0.3433062434196472,-0.021957721561193466,0.5354981422424316,0.36991748213768005,-0.018042469397187233,0.5420325398445129,0.40649038553237915,-0.02771742455661297,0.468933641910553,0.3744797706604004,-0.009165382012724876,0.4862237572669983,0.3762706518173218,-0.016831496730446815,0.49743422865867615,0.3797266185283661,-0.018494863063097,0.5113539099693298,0.377376914024353,-0.016804037615656853,0.5206664204597473,0.37283632159233093,-0.01525901909917593,0.527388334274292,0.368306964635849,-0.01487044058740139,0.546657145023346,0.3584733307361603,-0.023173080757260323,0.47092562913894653,0.3949703574180603,-0.007195963524281979,0.47993311285972595,0.3421981930732727,-0.021737704053521156,0.5566582083702087,0.4168960750102997,-0.027283286675810814,0.5325003862380981,0.3857557773590088,-0.017140168696641922,0.44530588388442993,0.3476519286632538,0.019200943410396576,0.5329093337059021,0.36349764466285706,-0.014967367053031921,0.5297639966011047,0.4047968089580536,-0.012110007926821709,0.48946407437324524,0.3494696319103241,-0.01796071231365204,0.540249228477478,0.39910638332366943,-0.02655896171927452,0.45097410678863525,0.4134536385536194,0.03604348376393318,0.5258472561836243,0.3521890938282013,-0.01319835428148508,0.5475206971168518,0.39475932717323303,-0.03137509897351265,0.48908093571662903,0.4637303352355957,0.016111670061945915,0.4850054979324341,0.4711487293243408,0.027764206752181053,0.45646053552627563,0.3943100869655609,0.012356698513031006,0.4762269854545593,0.4514337182044983,0.017785517498850822,0.4610225558280945,0.3338185250759125,-0.007170504424721003,0.5243824124336243,0.4901605248451233,0.01423077005892992,0.5554786920547485,0.41780325770378113,-0.0182601697742939,0.5258075594902039,0.3922392427921295,-0.015529753640294075,0.46862655878067017,0.3562687635421753,-0.010231238789856434,0.5049524903297424,0.3565545380115509,-0.02019110508263111,0.5112751722335815,0.3566077649593353,-0.01971648447215557,0.524094820022583,0.4479205012321472,-0.0005766284302808344,0.4718272089958191,0.4135281443595886,-0.000610277580562979,0.5347467660903931,0.49861347675323486,0.021156862378120422,0.5121504664421082,0.4897375702857971,0.02268083393573761,0.5002918839454651,0.48254287242889404,0.024585671722888947,0.548898458480835,0.28900033235549927,-0.02924419566988945,0.5464832186698914,0.4973123073577881,0.024903835728764534,0.51662278175354,0.3552534282207489,-0.017985425889492035,0.5214501023292542,0.35352620482444763,-0.015694918110966682,0.5245633721351624,0.3527878522872925,-0.013759275898337364,0.47237250208854675,0.3393362760543823,-0.017946060746908188,0.5194811224937439,0.34326261281967163,-0.01821286231279373,0.5135065913200378,0.33939868211746216,-0.021033352240920067,0.5075346827507019,0.33902838826179504,-0.022784756496548653,0.501375138759613,0.3411118686199188,-0.023004459217190742,0.49735304713249207,0.34427839517593384,-0.021948790177702904,0.44883495569229126,0.32572683691978455,0.005820273421704769,0.5001073479652405,0.3549588918685913,-0.01979176513850689,0.554847002029419,0.42480894923210144,-0.010093960911035538,0.5327941179275513,0.4279946982860565,-0.011173657141625881,0.541193962097168,0.41279008984565735,-0.020302796736359596,0.5465927720069885,0.4260505735874176,-0.0124715780839324,0.55039381980896,0.340767502784729,-0.020984269678592682,0.5016809701919556,0.47449174523353577,0.01670640893280506,0.5127429366111755,0.48258280754089355,0.01611902192234993,0.536694347858429,0.4943481683731079,0.013927404768764973,0.47130686044692993,0.4566343128681183,0.03281788527965546,0.5238754749298096,0.3489723205566406,-0.015400690957903862,0.5437874794006348,0.37476634979248047,-0.023834725841879845,0.5485810041427612,0.49302420020103455,0.017846399918198586,0.5237268805503845,0.49563685059547424,0.020357290282845497,0.45913511514663696,0.41496333479881287,0.01665879599750042,0.5389072895050049,0.4470280408859253,-0.0034075730945914984,0.5381991267204285,0.4497642517089844,-0.0035083789844065905,0.5373955368995667,0.45315641164779663,-0.003930649254471064,0.5365586876869202,0.4571305513381958,-0.0024993757251650095,0.5331448316574097,0.46550995111465454,0.00286470097489655,0.526444137096405,0.4446379840373993,-0.0030094333924353123,0.5255240201950073,0.44387778639793396,-0.00399197218939662,0.5246861577033997,0.44309160113334656,-0.004940425045788288,0.5182677507400513,0.4381079375743866,-0.0067031774669885635,0.4856516420841217,0.4196702241897583,-0.008113771677017212,0.5411623120307922,0.3636249005794525,-0.0202290378510952,0.5323731899261475,0.3441281020641327,-0.015248319134116173,0.5270659923553467,0.34501200914382935,-0.015359149314463139,0.5273333787918091,0.44537353515625,-0.0017656090203672647,0.4829261600971222,0.4401339888572693,0.005002651363611221,0.5406704545021057,0.3440174460411072,-0.02037770301103592,0.5292690992355347,0.47337377071380615,0.006758253555744886,0.5575562715530396,0.3791743814945221,-0.029384560883045197,0.5495467185974121,0.3705029785633087,-0.026958193629980087,0.5553205609321594,0.368279367685318,-0.02621644176542759,0.539608359336853,0.38964635133743286,-0.022502975538372993,0.5497522354125977,0.4856823682785034,0.012929397635161877,0.550011932849884,0.47622305154800415,0.010966816917061806,0.5402040481567383,0.4772337079048157,0.008447865024209023,0.5125566720962524,0.45776858925819397,0.003956912085413933,0.5235398411750793,0.4120875895023346,-0.011341631412506104,0.5200775861740112,0.46668094396591187,0.0058692763559520245,0.5059865117073059,0.41246894001960754,-0.015000262297689915,0.5168861746788025,0.4217549264431,-0.010980699211359024,0.4985025227069855,0.4267616868019104,-0.009813022799789906,0.5385135412216187,0.48684942722320557,0.009478253312408924,0.5342081189155579,0.39383143186569214,-0.018655920401215553,0.5057770609855652,0.4653032720088959,0.00884243380278349,0.515935480594635,0.47420233488082886,0.010672428645193577,0.5067980289459229,0.447542667388916,-0.0007570007583126426,0.4735183119773865,0.42869773507118225,0.005708890501409769,0.4955609142780304,0.4500505328178406,0.0025452207773923874,0.46483010053634644,0.4338381290435791,0.01947006583213806,0.5103259086608887,0.4326627552509308,-0.008344143629074097,0.5380868315696716,0.38011839985847473,-0.0202102642506361,0.5443822741508484,0.411278635263443,-0.02808167226612568,0.5384640097618103,0.41183915734291077,-0.02172090671956539,0.5490397214889526,0.40551578998565674,-0.03176075965166092,0.5278490781784058,0.33544114232063293,-0.020454805344343185,0.517325222492218,0.3292548954486847,-0.025674082338809967,0.5072171688079834,0.3280046284198761,-0.02839471772313118,0.49809613823890686,0.330365926027298,-0.028470180928707123,0.4907911717891693,0.3354471027851105,-0.026471363380551338,0.4843786060810089,0.35233768820762634,-0.01658770814538002,0.45527637004852295,0.3737354874610901,0.006668427959084511,0.49226605892181396,0.3662949204444885,-0.01729651540517807,0.5010119080543518,0.3691730499267578,-0.017940325662493706,0.5107719898223877,0.368581086397171,-0.017161011695861816,0.5190905928611755,0.3657674193382263,-0.015737716108560562,0.5252214670181274,0.362438440322876,-0.013655668124556541,0.5296984314918518,0.3594875633716583,-0.013056817464530468,0.4456184208393097,0.3686418831348419,0.02765820361673832,0.5374012589454651,0.4130733907222748,-0.01830700784921646,0.5460372567176819,0.3845817744731903,-0.026837509125471115,0.5507923364639282,0.41249582171440125,-0.030446194112300873,0.5522263050079346,0.4159056544303894,-0.02579388953745365,0.5492568016052246,0.41355034708976746,-0.027496851980686188,0.5381907224655151,0.41482463479042053,-0.014724429696798325,0.554273784160614,0.4166416823863983,-0.026805764064192772,0.553196907043457,0.41760724782943726,-0.01910875365138054,0.5288159847259521,0.3523551821708679,-0.01238658931106329,0.5332267880439758,0.354213148355484,-0.013537632301449776,0.5370410680770874,0.3561009466648102,-0.01606009714305401,0.494933158159256,0.34684979915618896,-0.020424773916602135,0.4902465343475342,0.3432169556617737,-0.021588105708360672,0.561683714389801,0.37942638993263245,-0.024701060727238655,0.58079993724823,0.33762428164482117,0.01824846863746643,0.5627999305725098,0.4141903519630432,-0.01612686552107334,0.5903851985931396,0.2952004075050354,0.048953600227832794,0.5660781264305115,0.35066935420036316,0.006305831018835306,0.5721604824066162,0.35002318024635315,0.009382237680256367,0.5776051878929138,0.3483158349990845,0.013264388777315617,0.5821420550346375,0.3405661880970001,0.02097220905125141,0.5613260269165039,0.34939584136009216,0.004208459984511137,0.5753247141838074,0.322694331407547,0.004342314787209034,0.5682945251464844,0.3247910439968109,0.0007816990837454796,0.5809956192970276,0.32327333092689514,0.009157613851130009,0.5838367938995361,0.32607245445251465,0.013359581120312214,0.5868414640426636,0.34631022810935974,0.026570243760943413,0.5649101734161377,0.47165197134017944,0.026626190170645714,0.5817658305168152,0.33445143699645996,0.020872199907898903,0.5920197367668152,0.33502981066703796,0.05986281484365463,0.5894480347633362,0.3380747139453888,0.033996958285570145,0.5766429305076599,0.39162081480026245,0.008204959332942963,0.5607097148895264,0.43603628873825073,-0.005811229348182678,0.5586737394332886,0.44307559728622437,-0.002043194370344281,0.5644700527191162,0.4354346990585327,0.0011707848170772195,0.5665366649627686,0.43562811613082886,0.008400638587772846,0.5618928074836731,0.4412316381931305,0.002872565994039178,0.5640835762023926,0.4397467374801636,0.009022553451359272,0.5694776773452759,0.4433445930480957,0.02366393432021141,0.5653523802757263,0.41146570444107056,-0.02791513130068779,0.5664170384407043,0.4027577340602875,-0.03071783483028412,0.5915899276733398,0.3183801472187042,0.01694358140230179,0.5649816393852234,0.3705710172653198,-0.0009564112988300622,0.5710044503211975,0.4026191234588623,-0.00821199081838131,0.5699952244758606,0.396921306848526,-0.006961658596992493,0.5904716849327087,0.3850611448287964,0.023568009957671165,0.5642759799957275,0.3904772996902466,-0.028557412326335907,0.5833532810211182,0.3126493990421295,-0.0016464695800095797,0.5890728831291199,0.3136940598487854,0.007544645573943853,0.589693546295166,0.28067463636398315,0.0314851813018322,0.5605869293212891,0.32498905062675476,-0.016305191442370415,0.562213122844696,0.3295808732509613,0.0005275883013382554,0.5735518336296082,0.4343845546245575,0.025489751249551773,0.5786811113357544,0.41414496302604675,0.09010914713144302,0.5673540830612183,0.4087296426296234,-0.007151157129555941,0.5637113451957703,0.41284167766571045,-0.009334782138466835,0.568290650844574,0.43684181571006775,0.022841300815343857,0.5672972202301025,0.4375580847263336,0.01972939819097519,0.5907963514328003,0.3069050908088684,0.010283838957548141,0.5698140263557434,0.4053674042224884,-0.004376749508082867,0.57425856590271,0.315471887588501,-0.00997537188231945,0.5754706859588623,0.3076590299606323,-0.012432831339538097,0.5769525766372681,0.2642803192138672,-0.005893480032682419,0.5911658406257629,0.2920822501182556,0.018792573362588882,0.5773583650588989,0.28431782126426697,-0.010488619096577168,0.5930699706077576,0.3129849135875702,0.022607365623116493,0.5926068425178528,0.30349457263946533,0.03424229100346565,0.5599440932273865,0.4398840367794037,-0.004490491934120655,0.5632907152175903,0.43853992223739624,0.0018615876324474812,0.5654186010360718,0.43771421909332275,0.008195765316486359,0.5659880638122559,0.41034388542175293,-0.00646699545904994,0.5677865743637085,0.4372107684612274,0.021049579605460167,0.5663941502571106,0.4407063126564026,0.016643503680825233,0.5667755007743835,0.4379276633262634,0.019279245287179947,0.5677192807197571,0.40839701890945435,-0.01632695645093918,0.5628180503845215,0.4414639472961426,0.010136263445019722,0.5605204701423645,0.44336843490600586,0.005634225904941559,0.5573233962059021,0.4452660083770752,0.0013643609127029777,0.5569486618041992,0.4655783176422119,0.011652380228042603,0.5580229759216309,0.456813782453537,0.004408589098602533,0.5585365891456604,0.45250946283340454,0.0026481053791940212,0.5581961274147034,0.44852083921432495,0.002832643687725067,0.5571993589401245,0.4452659785747528,0.002408914268016815,0.5627257227897644,0.4416396915912628,0.01094420813024044,0.5638580322265625,0.44280266761779785,0.010867662727832794,0.5647633075714111,0.44442299008369446,0.01102481596171856,0.5652288794517517,0.44656258821487427,0.01319311372935772,0.5721274018287659,0.42470741271972656,0.010185472667217255,0.5832695960998535,0.3696514070034027,0.09291364997625351,0.5645634531974792,0.43995487689971924,0.01582305319607258,0.5655938982963562,0.4402602016925812,0.015907613560557365,0.5617854595184326,0.4167099595069885,-0.008503640070557594,0.5675749778747559,0.4102572500705719,-0.00035823494545184076,0.5627232789993286,0.4149392545223236,-0.009249314665794373,0.5698787569999695,0.3741729259490967,0.004866480827331543,0.5790433883666992,0.3782777786254883,0.01142076961696148,0.5697452425956726,0.3998337984085083,-0.0026974836364388466,0.5860725045204163,0.2700105905532837,0.012610631063580513,0.5866893529891968,0.2850940525531769,0.004057043232023716,0.5847976803779602,0.30455923080444336,-0.0015173323918133974,0.5664880275726318,0.45122432708740234,0.020047588273882866,0.5630821585655212,0.3126884996891022,-0.020386850461363792,0.5650475025177002,0.28652888536453247,-0.021286526694893837,0.564103364944458,0.2623712122440338,-0.019984658807516098,0.5809439420700073,0.34509629011154175,0.017679648473858833,0.5915772914886475,0.35183337330818176,0.03326350823044777,0.5583833456039429,0.34780171513557434,0.0034720480907708406,0.5874504446983337,0.3287890553474426,0.02143915742635727,0.5621194243431091,0.3660504221916199,-0.005486990790814161,0.570502519607544,0.40166348218917847,-0.015965819358825684,0.5953271985054016,0.35597139596939087,0.044439516961574554,0.5913748145103455,0.3601306676864624,0.027585577219724655,0.5869724154472351,0.36589115858078003,0.019241275265812874,0.5768771767616272,0.3667801320552826,0.012071593664586544,0.5687958002090454,0.36441123485565186,0.0066061136312782764,0.5634332895278931,0.36147448420524597,0.0014605751493945718,0.557330310344696,0.35694536566734314,-0.017781497910618782,0.5964197516441345,0.37537530064582825,0.046115290373563766,0.5906236171722412,0.32686686515808105,0.02567719668149948,0.5623818635940552,0.41565006971359253,-0.02470691129565239,0.5657966732978821,0.38100728392601013,-0.0020964648574590683,0.5863416194915771,0.3305874764919281,0.08103245496749878,0.5596596002578735,0.3578621745109558,-0.0022068817634135485,0.5685679316520691,0.39911964535713196,0.003267931519076228,0.5835695266723633,0.3344574272632599,0.023177342489361763,0.5689464211463928,0.3946555256843567,-0.014594530686736107,0.5817633867263794,0.3910048007965088,0.09332454204559326,0.5574183464050293,0.3443317711353302,0.004479383118450642,0.5671064853668213,0.391680508852005,-0.022645851597189903,0.578111469745636,0.4430895149707794,0.05549510940909386,0.5730640888214111,0.4499475359916687,0.06806322932243347,0.5926635265350342,0.3726429045200348,0.07051374018192291,0.5828737616539001,0.4291078448295593,0.06423255801200867,0.592353343963623,0.3180845081806183,0.048625648021698,0.5641120672225952,0.4785272181034088,0.03278014063835144,0.5601350665092468,0.4169977009296417,-0.016674472019076347,0.5695946216583252,0.38591742515563965,0.003062199568375945,0.591219961643219,0.3383375108242035,0.04245218634605408,0.5768687129020691,0.34281328320503235,0.012654639780521393,0.5719804763793945,0.3449239730834961,0.00933727528899908,0.566999614238739,0.4414907991886139,0.018590789288282394,0.5942803025245667,0.3928713798522949,0.05063691735267639,0.5554957389831543,0.49235862493515015,0.031535353511571884,0.5647983551025391,0.47439587116241455,0.048525042831897736,0.5682306885719299,0.4639824330806732,0.057237427681684494,0.5665832757949829,0.3454359769821167,0.006780870724469423,0.5616530776023865,0.34489041566848755,0.005599786061793566,0.5587359070777893,0.3447456955909729,0.005352645181119442,0.5920799970626831,0.3236320912837982,0.03310908004641533,0.5616837739944458,0.3354351222515106,0.0035470114089548588,0.5667161345481873,0.3312135338783264,0.004300798289477825,0.5725740790367126,0.3294239640235901,0.006714972667396069,0.5775025486946106,0.32987430691719055,0.010553380474448204,0.5800007581710815,0.3316454291343689,0.014033404178917408,0.5894387364387512,0.3109371066093445,0.06635624915361404,0.5794678926467896,0.340198278427124,0.0158945694565773,0.5687585473060608,0.4223639667034149,0.0037983309011906385,0.5681964159011841,0.40793728828430176,-0.010135924443602562,0.5618311762809753,0.4236888289451599,-0.006272520404309034,0.5724551677703857,0.4561871886253357,0.04847516864538193,0.5680549740791321,0.46703213453292847,0.0410783477127552,0.5580493211746216,0.48801085352897644,0.02402602508664131,0.5758992433547974,0.4341520667076111,0.08041900396347046,0.558755099773407,0.3408575654029846,0.004045977257192135,0.5621410012245178,0.3720645606517792,-0.015351864509284496,0.5611302852630615,0.4843471348285675,0.03948899731040001,0.5903226137161255,0.39210042357444763,0.07222583889961243,0.5604044198989868,0.44349223375320435,0.0066116913221776485,0.5615975856781006,0.44570496678352356,0.006814909633249044,0.562274158000946,0.4486210346221924,0.006968033965677023,0.5623315572738647,0.4523932635784149,0.00893257837742567,0.5625180006027222,0.4590480923652649,0.015821799635887146,0.565855860710144,0.43847084045410156,0.014803074300289154,0.5668971538543701,0.43727922439575195,0.01555641833692789,0.567835807800293,0.4360359013080597,0.0159816425293684,0.5739667415618896,0.4286877512931824,0.01797395944595337,0.5916285514831543,0.4016326069831848,0.035190608352422714,0.5596297979354858,0.3610130250453949,-0.011354971677064896,0.5559789538383484,0.33853620290756226,-0.004032653756439686,0.5576090216636658,0.3382294774055481,0.0008609942742623389,0.5646448135375977,0.4397631287574768,0.015365514904260635,0.586722195148468,0.4200995862483978,0.04868675023317337,0.5546500086784363,0.3403815031051636,-0.01367873139679432,0.5636008381843567,0.46475547552108765,0.021371645852923393,0.5597424507141113,0.36897164583206177,-0.022407587617635727,0.565791130065918,0.3857821226119995,-0.01148777361959219,0.5576263666152954,0.472768098115921,0.015499957837164402,0.572721540927887,0.44490474462509155,0.02966826781630516,0.5725300908088684,0.4046628177165985,0.007961888797581196,0.5680972933769226,0.45540615916252136,0.026151170954108238,0.584624171257019,0.3997116982936859,0.01604476012289524,0.5771742463111877,0.4119718074798584,0.013260029256343842,0.5864946842193604,0.4113404452800751,0.025577416643500328,0.558804452419281,0.4812895655632019,0.01891797035932541,0.5667681694030762,0.3891289234161377,-0.004868264310061932,0.5745033621788025,0.4489564299583435,0.03873882070183754,0.5690702199935913,0.4603637754917145,0.03360781818628311,0.5778046250343323,0.43381357192993164,0.03054196573793888,0.5906740427017212,0.4074247479438782,0.05463197082281113,0.5817921757698059,0.4322027266025543,0.039083655923604965,0.5869123339653015,0.41061532497406006,0.07211453467607498,0.5794293284416199,0.4208543002605438,0.020391302183270454,0.5637882947921753,0.37639063596725464,-0.008255052380263805,0.5695016384124756,0.40650883316993713,-0.017387477681040764,0.5700477957725525,0.40640589594841003,-0.009532751515507698,0.5690125226974487,0.4019518196582794,-0.023224731907248497,0.5609474778175354,0.3289667069911957,-0.004970057401806116,0.570723295211792,0.3217476010322571,-0.002695402130484581,0.5790655612945557,0.3195166289806366,0.001818947377614677,0.5849342942237854,0.32011446356773376,0.008050765842199326,0.5876351594924927,0.3231288492679596,0.014326317235827446,0.5862706899642944,0.33649876713752747,0.02729113958775997,0.5930323600769043,0.3536730110645294,0.06630714982748032,0.5855327844619751,0.3514121472835541,0.022733239457011223,0.5815012454986572,0.3558672070503235,0.016961075365543365,0.574275553226471,0.35752949118614197,0.011523237451910973,0.5669602155685425,0.356818825006485,0.006824771407991648,0.5617678761482239,0.3549688160419464,0.0033558469731360674,0.5584991574287415,0.35302191972732544,0.0007917245966382325,0.5839561223983765,0.34986597299575806,0.08909516036510468,0.5688123106956482,0.4078562259674072,-0.006358410231769085,0.5643019676208496,0.3818092346191406,-0.018194328993558884,0.5679238438606262,0.4088987410068512,-0.02360941655933857,0.5641303658485413,0.4131430387496948,-0.021825535222887993,0.5667725205421448,0.4097939133644104,-0.020512893795967102,0.5670993328094482,0.41028499603271484,-0.004724948666989803,0.5637089610099792,0.4145497679710388,-0.02358243055641651,0.5616217851638794,0.4159165322780609,-0.016396639868617058,0.556403636932373,0.3453300893306732,0.0022490054834634066,0.555709958076477,0.3487064838409424,-0.002653127536177635,0.5564308762550354,0.3514878749847412,-0.0070116473361849785,0.5811335444450378,0.333157479763031,0.01720055378973484,0.5847768187522888,0.32942551374435425,0.01836925931274891,0.5044572949409485,0.3481283485889435,-0.018782876431941986,0.5121773481369019,0.3473864793777466,-0.018782876431941986,0.5040803551673889,0.3373676538467407,-0.018782876431941986,0.4965391159057617,0.3487933576107025,-0.018782876431941986,0.5048424601554871,0.358792245388031,-0.018782876431941986,0.5664802193641663,0.3374541103839874,0.009975995868444443,0.5734891891479492,0.3361949324607849,0.009975995868444443,0.565676212310791,0.32833585143089294,0.009975995868444443,0.5595024824142456,0.3387618064880371,0.009975995868444443,0.5673528909683228,0.3466692566871643,0.009975995868444443
1533.3333333333326,0.5553427934646606,0.43973520398139954,-0.009606090374290943,0.5616877675056458,0.41345301270484924,-0.030240371823310852,0.5560944676399231,0.4193614423274994,-0.013007245026528835,0.5526697635650635,0.38148409128189087,-0.029866080731153488,0.5621235370635986,0.404482364654541,-0.033595968037843704,0.5603095293045044,0.39130499958992004,-0.033077336847782135,0.5533932447433472,0.35657748579978943,-0.022989211603999138,0.4974954426288605,0.35275691747665405,-0.018861733376979828,0.5510417222976685,0.3276177942752838,-0.02280403859913349,0.551243782043457,0.3141789436340332,-0.026491079479455948,0.5470252633094788,0.2643236517906189,-0.02869107946753502,0.555040717124939,0.44272953271865845,-0.008255109190940857,0.5542368292808533,0.445634126663208,-0.00588837219402194,0.5531870722770691,0.447597861289978,-0.0023028638679534197,0.5531109571456909,0.4474765658378601,-0.0012807762250304222,0.5534844398498535,0.45126932859420776,-0.0009542990010231733,0.5534102320671082,0.45556625723838806,-0.0011622639140114188,0.5526694059371948,0.4599425196647644,0.000997241004370153,0.5506529808044434,0.4691677689552307,0.008543124422430992,0.5600971579551697,0.41727274656295776,-0.02655700407922268,0.5517953038215637,0.4171702265739441,-0.020191416144371033,0.45673850178718567,0.3085225820541382,-0.007952089421451092,0.5187152624130249,0.3605142831802368,-0.017509233206510544,0.5120322108268738,0.3619028627872467,-0.01931893080472946,0.5049740672111511,0.36191612482070923,-0.019884226843714714,0.49391764402389526,0.3557506203651428,-0.018322346732020378,0.52420574426651,0.35807105898857117,-0.014564762823283672,0.508285641670227,0.3314189612865448,-0.02570587769150734,0.5163294076919556,0.3323107659816742,-0.022857971489429474,0.500589907169342,0.3337444067001343,-0.025537556037306786,0.49512729048728943,0.3381364643573761,-0.02411525696516037,0.4878793954849243,0.36221227049827576,-0.015814868733286858,0.5264503955841064,0.4827943742275238,0.009370362386107445,0.49405667185783386,0.34935513138771057,-0.017969386652112007,0.4563398063182831,0.3534434735774994,0.0020183310844004154,0.47769173979759216,0.35528796911239624,-0.013552947901189327,0.5180574655532837,0.4011901915073395,-0.01581900380551815,0.5475984215736389,0.4391159415245056,-0.011990358121693134,0.5467264652252197,0.4460439682006836,-0.007765496615320444,0.538224458694458,0.4416911005973816,-0.011313429102301598,0.5309345722198486,0.4432240426540375,-0.008716505020856857,0.5389683842658997,0.4462064504623413,-0.007993930950760841,0.5322659015655518,0.445985347032547,-0.0054327682591974735,0.5193027853965759,0.4537285566329956,0.0015465373871847987,0.5566109418869019,0.41396328806877136,-0.031397007405757904,0.5562716126441956,0.40510374307632446,-0.03481981158256531,0.4857088029384613,0.3319733738899231,-0.02774442918598652,0.5306845307350159,0.37619486451148987,-0.016545191407203674,0.5365757942199707,0.4091102182865143,-0.022786181420087814,0.5350034236907959,0.4031488001346588,-0.02197495847940445,0.4938957691192627,0.40064552426338196,-0.016562938690185547,0.5546365976333618,0.3926396667957306,-0.03366309404373169,0.5067285299301147,0.321234792470932,-0.03276945650577545,0.49507996439933777,0.32475945353507996,-0.031417593359947205,0.46869534254074097,0.2918083965778351,-0.019545838236808777,0.5373600721359253,0.32954367995262146,-0.02659490518271923,0.5228081345558167,0.3366517424583435,-0.018486332148313522,0.5143320560455322,0.44577619433403015,-0.0014274469576776028,0.4592154324054718,0.4377531409263611,0.03695257753133774,0.5407640933990479,0.4141671061515808,-0.017885908484458923,0.5459806323051453,0.41633954644203186,-0.014821680262684822,0.5202473998069763,0.4445594549179077,-0.0002876530634239316,0.5218820571899414,0.44501829147338867,-0.0005348407430574298,0.4902636408805847,0.3184646964073181,-0.031115666031837463,0.5347742438316345,0.41172632575035095,-0.01860855333507061,0.52083820104599,0.3223388195037842,-0.03127937391400337,0.5200179815292358,0.31442007422447205,-0.03427557647228241,0.5059096217155457,0.2703186869621277,-0.03499855101108551,0.4804733097553253,0.3049693703651428,-0.026807280257344246,0.5142242908477783,0.2914683222770691,-0.03554151952266693,0.4794340133666992,0.32707422971725464,-0.02513434924185276,0.4689258933067322,0.31833821535110474,-0.017448507249355316,0.5472067594528198,0.4428746998310089,-0.010637260042130947,0.5386572480201721,0.44401252269744873,-0.0098670469596982,0.5316526293754578,0.4445969760417938,-0.007443895097821951,0.5417989492416382,0.4152553975582123,-0.015316146425902843,0.521098792552948,0.44479432702064514,-0.00031151773873716593,0.525441586971283,0.4477509558200836,-0.0012366354931145906,0.522697389125824,0.4452216625213623,-0.00040619116043671966,0.546349823474884,0.41333362460136414,-0.026364590972661972,0.5325915217399597,0.4470341205596924,-0.0035588357131928205,0.5391121506690979,0.447701096534729,-0.0045603299513459206,0.5462018251419067,0.44799092411994934,-0.00443987874314189,0.5422995686531067,0.46983322501182556,0.006056684069335461,0.5447618365287781,0.46030887961387634,-0.001584903453476727,0.5455844402313232,0.455841600894928,-0.0035898778587579727,0.5460556149482727,0.4515623152256012,-0.0033158620353788137,0.5462268590927124,0.44797417521476746,-0.0034279015380889177,0.5326433777809143,0.44719281792640686,-0.00273676635697484,0.5318453311920166,0.4487049877643585,-0.002785097574815154,0.5307540893554688,0.45083099603652954,-0.0031334939412772655,0.5296993851661682,0.4532528817653656,-0.0020977756939828396,0.5254330635070801,0.4332932233810425,-0.009575015865266323,0.4473758041858673,0.3908974826335907,0.0335557796061039,0.5583133697509766,0.4185304641723633,-0.018062930554151535,0.5275043249130249,0.44635868072509766,-0.0013541679363697767,0.5265947580337524,0.4469572901725769,-0.0013012930285185575,0.548064649105072,0.4194198250770569,-0.01393903512507677,0.5355689525604248,0.41591933369636536,-0.011658435687422752,0.5471112132072449,0.4179542660713196,-0.014576686546206474,0.523311197757721,0.38156041502952576,-0.016172830015420914,0.5120747089385986,0.38879722356796265,-0.017207559198141098,0.5327395796775818,0.4062674045562744,-0.0181443989276886,0.4846263527870178,0.2788199186325073,-0.028932230547070503,0.4950264096260071,0.29559868574142456,-0.03255173936486244,0.504075288772583,0.3136010766029358,-0.034309905022382736,0.5256957411766052,0.46072542667388916,0.0019761978182941675,0.5360054969787598,0.3166728615760803,-0.031471919268369675,0.5317416191101074,0.29063111543655396,-0.034170620143413544,0.525896430015564,0.2660042643547058,-0.034516219049692154,0.49815621972084045,0.35996922850608826,-0.019290518015623093,0.47962093353271484,0.36945271492004395,-0.013775921426713467,0.5278820991516113,0.3557920455932617,-0.013200084678828716,0.4873485267162323,0.3435276746749878,-0.021655011922121048,0.5360532402992249,0.3705317974090576,-0.017970168963074684,0.542417049407959,0.4071645140647888,-0.027864910662174225,0.46924838423728943,0.3749387562274933,-0.008851501159369946,0.4867955446243286,0.37663280963897705,-0.016619455069303513,0.4980241656303406,0.3801611363887787,-0.018333598971366882,0.5120531916618347,0.37786322832107544,-0.016667289659380913,0.5214574337005615,0.3733600080013275,-0.01512504369020462,0.528273344039917,0.3688373267650604,-0.014743614010512829,0.54721599817276,0.3590836524963379,-0.023101462051272392,0.47115790843963623,0.39546188712120056,-0.006968354340642691,0.4808380901813507,0.3424638509750366,-0.02138034999370575,0.5569604635238647,0.4175741374492645,-0.02752656117081642,0.5330070853233337,0.386420875787735,-0.017118653282523155,0.44567954540252686,0.3481784760951996,0.01986558735370636,0.5338485240936279,0.3640085756778717,-0.014840875752270222,0.5302246809005737,0.40558329224586487,-0.012142677791416645,0.49061352014541626,0.34965279698371887,-0.017670821398496628,0.5406627655029297,0.3997860550880432,-0.02667221985757351,0.4511053264141083,0.41398534178733826,0.03648850694298744,0.5270647406578064,0.3525967001914978,-0.012975060380995274,0.5478952527046204,0.39540135860443115,-0.031522203236818314,0.4892108738422394,0.46434229612350464,0.016128819435834885,0.4850411117076874,0.4718573987483978,0.027872005477547646,0.45660462975502014,0.39476969838142395,0.012764560990035534,0.4763592481613159,0.45201820135116577,0.017886361107230186,0.46159160137176514,0.3343188464641571,-0.0066011929884552956,0.5243287682533264,0.49077892303466797,0.01402340829372406,0.5558021068572998,0.4185076653957367,-0.018466535955667496,0.5263016223907471,0.3929269313812256,-0.015509694814682007,0.46934404969215393,0.3565610349178314,-0.009826485998928547,0.5059228539466858,0.356678307056427,-0.019957568496465683,0.512200117111206,0.35684823989868164,-0.019492043182253838,0.5242738127708435,0.44874149560928345,-0.0006887525087222457,0.4720291793346405,0.41402554512023926,-0.00043701351387426257,0.5346419811248779,0.4992736279964447,0.020998293533921242,0.5120921730995178,0.49041855335235596,0.022678053006529808,0.5002844333648682,0.48323994874954224,0.02463812753558159,0.5497428178787231,0.28978314995765686,-0.028904620558023453,0.5464469790458679,0.49798595905303955,0.024690596386790276,0.5175809264183044,0.3555859625339508,-0.01775921881198883,0.5224946737289429,0.3539167642593384,-0.015472572296857834,0.5256959199905396,0.35320571064949036,-0.013534470461308956,0.4732336103916168,0.33964091539382935,-0.017523696646094322,0.5206894874572754,0.34364619851112366,-0.017963910475373268,0.5147001147270203,0.339782178401947,-0.02078205719590187,0.5087249279022217,0.3394060432910919,-0.022525101900100708,0.5025728344917297,0.3414585590362549,-0.022737879306077957,0.49856364727020264,0.3445584774017334,-0.02167881838977337,0.4494110345840454,0.32624274492263794,0.0064983549527823925,0.5011590719223022,0.3550407588481903,-0.019540803506970406,0.5552526116371155,0.4255922734737396,-0.01029838528484106,0.5332074165344238,0.42881929874420166,-0.011295214295387268,0.5416098833084106,0.41353240609169006,-0.02042575366795063,0.5469720959663391,0.42685145139694214,-0.012652487494051456,0.5510186553001404,0.34139007329940796,-0.020854666829109192,0.5017614364624023,0.4751202464103699,0.01666182465851307,0.5127569437026978,0.48319658637046814,0.01599711924791336,0.5366378426551819,0.49501171708106995,0.013642591424286366,0.4713743329048157,0.45733150839805603,0.03303507715463638,0.5250908136367798,0.34936368465423584,-0.015166699886322021,0.544276773929596,0.3753903806209564,-0.02383272536098957,0.5485765933990479,0.4936952590942383,0.017509520053863525,0.5236262083053589,0.4962976574897766,0.020276328548789024,0.45924079418182373,0.415446400642395,0.01697147823870182,0.5391729474067688,0.4478120803833008,-0.003613624954596162,0.5385047793388367,0.450521320104599,-0.0037372789811342955,0.5377528071403503,0.453889936208725,-0.004145090933889151,0.536972165107727,0.4578820765018463,-0.002697193529456854,0.5333198308944702,0.466497004032135,0.0027364606503397226,0.5265398025512695,0.4454367756843567,-0.00312251690775156,0.5256267189979553,0.4446762204170227,-0.0041035618633031845,0.5247892141342163,0.4438912868499756,-0.00504810456186533,0.518646240234375,0.4389311969280243,-0.006772707682102919,0.485943466424942,0.42022353410720825,-0.008035393431782722,0.5417201519012451,0.36423221230506897,-0.02014797367155552,0.5334683060646057,0.344563364982605,-0.015031691640615463,0.5282333493232727,0.34541693329811096,-0.015141463838517666,0.5274298787117004,0.44616737961769104,-0.0018902876181527972,0.48316338658332825,0.4407009482383728,0.005071381106972694,0.5416328310966492,0.3445207476615906,-0.02022009715437889,0.5293745994567871,0.4742192029953003,0.006630705203860998,0.5579851865768433,0.37981632351875305,-0.02950366772711277,0.5500254034996033,0.3711259067058563,-0.026966480538249016,0.5558061003684998,0.3689170479774475,-0.026242772117257118,0.5400651097297668,0.3903020918369293,-0.022549614310264587,0.5498125553131104,0.4864453375339508,0.012610395438969135,0.5501543879508972,0.47711145877838135,0.010711577720940113,0.5402966141700745,0.478121817111969,0.008239364251494408,0.512771487236023,0.4585673213005066,0.003891316242516041,0.5239619612693787,0.41287028789520264,-0.011351622641086578,0.520226001739502,0.4675019383430481,0.005776383448392153,0.506369948387146,0.4130924940109253,-0.014982547610998154,0.5172737240791321,0.4224911630153656,-0.010986262932419777,0.4988400638103485,0.4273715615272522,-0.0097960801795125,0.5385215282440186,0.48761385679244995,0.009217756800353527,0.5346822142601013,0.39453211426734924,-0.01868683472275734,0.5059187412261963,0.4659912884235382,0.008788083679974079,0.5160040259361267,0.4748934805393219,0.010558235459029675,0.5070779323577881,0.44830256700515747,-0.0007871242705732584,0.4737182855606079,0.42921358346939087,0.005847686901688576,0.4957953691482544,0.45069074630737305,0.0025468652602285147,0.4649384319782257,0.4343700706958771,0.019686345010995865,0.5106900930404663,0.43340224027633667,-0.008346069604158401,0.5385867357254028,0.38075706362724304,-0.020199984312057495,0.5447515249252319,0.41195663809776306,-0.028247695416212082,0.5388849377632141,0.4125843048095703,-0.021850688382983208,0.5493649840354919,0.40616369247436523,-0.03193821758031845,0.5289310812950134,0.3357658386230469,-0.020221620798110962,0.5183719396591187,0.32950401306152344,-0.02542874775826931,0.5082573294639587,0.3282480239868164,-0.028146252036094666,0.49914026260375977,0.33059829473495483,-0.028213685378432274,0.491852343082428,0.3356710970401764,-0.026201156899333,0.4853369891643524,0.3525713086128235,-0.016273902729153633,0.45551520586013794,0.37418413162231445,0.0071447729133069515,0.49303340911865234,0.3665775954723358,-0.017059311270713806,0.5017319917678833,0.36951136589050293,-0.017737019807100296,0.5115371346473694,0.36897942423820496,-0.016983339563012123,0.51993328332901,0.36621996760368347,-0.015562528744339943,0.5261774063110352,0.3629210591316223,-0.013495669700205326,0.5307186245918274,0.3599735498428345,-0.012900728732347488,0.44587600231170654,0.3691617250442505,0.02828752063214779,0.5378282070159912,0.41386106610298157,-0.018420342355966568,0.5464659929275513,0.3852103054523468,-0.026905259117484093,0.5510979890823364,0.413155198097229,-0.03065815195441246,0.5525514483451843,0.4165862202644348,-0.0260162316262722,0.5495891571044922,0.41422587633132935,-0.027691982686519623,0.5386135578155518,0.41564279794692993,-0.014835075475275517,0.5545859336853027,0.4173167943954468,-0.027044188231229782,0.553524911403656,0.41831284761428833,-0.019308649003505707,0.5299835801124573,0.35277044773101807,-0.012183628045022488,0.5342922806739807,0.3546929359436035,-0.013367658481001854,0.5380144119262695,0.3566015660762787,-0.015927961096167564,0.4961429834365845,0.34706348180770874,-0.020150233060121536,0.49138936400413513,0.3433915376663208,-0.021305808797478676,0.5621359944343567,0.38009312748908997,-0.02482076734304428,0.5818449258804321,0.33822107315063477,0.018361443653702736,0.5631577968597412,0.4149438738822937,-0.016339292749762535,0.5919796824455261,0.2962747812271118,0.04925806447863579,0.5667823553085327,0.35126441717147827,0.0063961041159927845,0.5729390382766724,0.35071122646331787,0.009456122294068336,0.5784682631492615,0.3490632176399231,0.013327942229807377,0.5831491351127625,0.3411557078361511,0.021064650267362595,0.561992883682251,0.3499062657356262,0.004318000748753548,0.5763583183288574,0.32343295216560364,0.004464362282305956,0.5692013502120972,0.3254869878292084,0.0009242350934073329,0.5821061134338379,0.3239786922931671,0.00927001517266035,0.5849710702896118,0.32669705152511597,0.01347258873283863,0.5878061652183533,0.3470174968242645,0.02665841393172741,0.5652709603309631,0.47250455617904663,0.02634856477379799,0.5828463435173035,0.3349902331829071,0.020999884232878685,0.5936489701271057,0.3361365497112274,0.060187604278326035,0.5904416441917419,0.33861044049263,0.03415541350841522,0.577336847782135,0.3925240635871887,0.008070478215813637,0.5610309839248657,0.4367300570011139,-0.0061364793218672276,0.5589868426322937,0.44386905431747437,-0.0023838772904127836,0.5647368431091309,0.43623286485671997,0.000853983627166599,0.5667280554771423,0.43658754229545593,0.008111806586384773,0.5621514320373535,0.442104309797287,0.00254306779243052,0.5642679929733276,0.44074007868766785,0.0087297223508358,0.5701379776000977,0.44435393810272217,0.02343352511525154,0.5656704306602478,0.4121665954589844,-0.028185585513710976,0.5667638182640076,0.4034513235092163,-0.030977219343185425,0.5928233861923218,0.31922686100006104,0.01709906756877899,0.5656281113624573,0.3713448643684387,-0.0009700542432256043,0.5714775919914246,0.40347036719322205,-0.008406945504248142,0.5705110430717468,0.3977600336074829,-0.007128736935555935,0.591377854347229,0.3860994875431061,0.0234321691095829,0.5646728277206421,0.39115530252456665,-0.02875891886651516,0.584588348865509,0.31371137499809265,-0.0014685374917462468,0.5903453230857849,0.3146960735321045,0.007697900291532278,0.5911280512809753,0.2817361354827881,0.031770482659339905,0.5614792704582214,0.3258511424064636,-0.01613861322402954,0.5629953145980835,0.33016490936279297,0.0006855425890535116,0.5742719769477844,0.43536821007728577,0.025256335735321045,0.5799669027328491,0.41528239846229553,0.09014392644166946,0.5677827596664429,0.4095902442932129,-0.007342375814914703,0.5641182661056519,0.4136554002761841,-0.009528986178338528,0.5683170557022095,0.43809443712234497,0.02260489948093891,0.5673259496688843,0.4387718439102173,0.019494490697979927,0.5920875668525696,0.3078424036502838,0.010469281114637852,0.5703060030937195,0.4062519669532776,-0.0045593478716909885,0.5753718018531799,0.31647050380706787,-0.009806103073060513,0.5766763091087341,0.30857059359550476,-0.012238766998052597,0.5781064033508301,0.2652733623981476,-0.005555395502597094,0.592409074306488,0.29314255714416504,0.019089005887508392,0.5783726572990417,0.28523045778274536,-0.010173398070037365,0.5943059325218201,0.31372591853141785,0.02281949110329151,0.59397953748703,0.30459535121917725,0.03458896279335022,0.5602606534957886,0.44063371419906616,-0.004830635618418455,0.5635524988174438,0.4393850564956665,0.0015314851189032197,0.5656045079231262,0.438692182302475,0.007899254560470581,0.5664181709289551,0.41119980812072754,-0.00663736229762435,0.5678181648254395,0.4384424090385437,0.020816480740904808,0.5664538741111755,0.4418400228023529,0.016402695327997208,0.5668014883995056,0.4391272962093353,0.0190445464104414,0.5680925250053406,0.40919262170791626,-0.016547104343771935,0.5629906058311462,0.4424537122249603,0.009846239350736141,0.5607742071151733,0.4442462623119354,0.005309150088578463,0.55763179063797,0.4460812509059906,0.0010245125740766525,0.5572733283042908,0.46666955947875977,0.011442099697887897,0.5583893060684204,0.45758944749832153,0.004113826435059309,0.5588494539260864,0.45325344800949097,0.0023188507184386253,0.5584734082221985,0.44928184151649475,0.002499692840501666,0.557457447052002,0.44604769349098206,0.0021074817050248384,0.5628619194030762,0.4425992965698242,0.010684358887374401,0.5639852285385132,0.4437779486179352,0.01059789676219225,0.5648899078369141,0.44542554020881653,0.01076663751155138,0.5653695464134216,0.4476008713245392,0.012950464151799679,0.5727513432502747,0.4256293475627899,0.00995651725679636,0.5849276781082153,0.37075525522232056,0.09314461797475815,0.5646413564682007,0.44103163480758667,0.015589007176458836,0.5656604766845703,0.44135698676109314,0.015667034313082695,0.5621879696846008,0.41751497983932495,-0.00870266929268837,0.5680723190307617,0.4111573398113251,-0.0005118345143273473,0.5631269812583923,0.4157445430755615,-0.009449991397559643,0.570568323135376,0.37500181794166565,0.00482268026098609,0.5798093676567078,0.37918728590011597,0.011325986124575138,0.5702798962593079,0.40070176124572754,-0.0028547607362270355,0.5873697996139526,0.2710435092449188,0.012902284972369671,0.587827205657959,0.2860979437828064,0.004355850163847208,0.58609539270401,0.3055402636528015,-0.0013109969440847635,0.5670402646064758,0.45226573944091797,0.01982838660478592,0.5641131401062012,0.31349292397499084,-0.020183047279715538,0.5659635663032532,0.28737664222717285,-0.02095898427069187,0.5651372671127319,0.2633069157600403,-0.019621850922703743,0.5818924903869629,0.3457816541194916,0.01774556003510952,0.5925199389457703,0.3525792360305786,0.03334478661417961,0.5590268969535828,0.34824684262275696,0.0035986104048788548,0.5885753631591797,0.3293687701225281,0.021576469764113426,0.5627427697181702,0.36678221821784973,-0.00548778660595417,0.5709251761436462,0.40245193243026733,-0.016178712248802185,0.5966874361038208,0.3570426106452942,0.044529445469379425,0.5923441648483276,0.3611661195755005,0.02759748511016369,0.5878779292106628,0.3671424686908722,0.019218705594539642,0.5776404738426208,0.36797821521759033,0.012064077891409397,0.5694724917411804,0.36547717452049255,0.006635565776377916,0.5640645623207092,0.3624593913555145,0.0014958567917346954,0.5578974485397339,0.3576034903526306,-0.017733165994286537,0.5976705551147461,0.3764839470386505,0.04610742628574371,0.5917441844940186,0.32748591899871826,0.025834981352090836,0.5627044439315796,0.41635483503341675,-0.02496509440243244,0.5663931965827942,0.38179680705070496,-0.002159662777557969,0.5881631970405579,0.3316693902015686,0.08137493580579758,0.5602961778640747,0.35878172516822815,-0.0021409981418401003,0.5691397786140442,0.40000033378601074,0.0031724772416055202,0.584638774394989,0.33496612310409546,0.023310881108045578,0.5694165229797363,0.3954368531703949,-0.014774090610444546,0.5832646489143372,0.3921372592449188,0.0934540182352066,0.558039128780365,0.3446596562862396,0.004629438742995262,0.567541778087616,0.3924030065536499,-0.022841401398181915,0.5789330005645752,0.44414031505584717,0.0553264357149601,0.5739240050315857,0.4509628415107727,0.06792280077934265,0.594181478023529,0.3737812936306,0.07069496810436249,0.5838983654975891,0.43023598194122314,0.06412030756473541,0.5938674211502075,0.3191920518875122,0.04897729679942131,0.5643882751464844,0.47928139567375183,0.03247334063053131,0.560479998588562,0.4177204370498657,-0.01689029671251774,0.5702354907989502,0.3867641091346741,0.0029757171869277954,0.592090368270874,0.3387903571128845,0.04264511168003082,0.5778053402900696,0.3434355556964874,0.012751110829412937,0.5728201270103455,0.34549370408058167,0.009435242041945457,0.5670536160469055,0.4426630437374115,0.018350109457969666,0.595446765422821,0.39398807287216187,0.050576381385326385,0.5555843710899353,0.4930523931980133,0.031296588480472565,0.5652109980583191,0.47517967224121094,0.04834019020199776,0.5688489079475403,0.4648613929748535,0.0570714958012104,0.5673425793647766,0.34593087434768677,0.00688937259837985,0.5623603463172913,0.3453108072280884,0.005725270602852106,0.5593945980072021,0.3451176881790161,0.005492851138114929,0.5931414365768433,0.3241853415966034,0.03333096206188202,0.56236732006073,0.3358963131904602,0.0036903144791722298,0.567475438117981,0.3317812979221344,0.004436640068888664,0.5734202861785889,0.3300464153289795,0.006834687665104866,0.5784527659416199,0.33049556612968445,0.010669433511793613,0.581002950668335,0.3322317600250244,0.014157074503600597,0.5911852717399597,0.3120162785053253,0.06669498234987259,0.5804734826087952,0.3408038318157196,0.01599649339914322,0.569303572177887,0.4232567548751831,0.0035746723879128695,0.568608283996582,0.4087819755077362,-0.01031637005507946,0.5622772574424744,0.4245144724845886,-0.006504042074084282,0.5730889439582825,0.4571305811405182,0.048260532319545746,0.5685043334960938,0.46785369515419006,0.040820974856615067,0.558189332485199,0.48875486850738525,0.023678068071603775,0.5769768357276917,0.43525636196136475,0.08033108711242676,0.5593989491462708,0.34121155738830566,0.004192329477518797,0.5626811385154724,0.37276750802993774,-0.015395003370940685,0.5613607168197632,0.48506125807762146,0.03927406668663025,0.5917274355888367,0.39325931668281555,0.07231678068637848,0.5606077313423157,0.4443376660346985,0.00632311450317502,0.561799943447113,0.44655585289001465,0.0065065533854067326,0.5624921321868896,0.4494732618331909,0.006677332334220409,0.5625959038734436,0.4532783031463623,0.008670104667544365,0.562961995601654,0.46011102199554443,0.015597321093082428,0.565947413444519,0.43958795070648193,0.014534316025674343,0.5669904947280884,0.4384000301361084,0.015287965536117554,0.5679260492324829,0.43716511130332947,0.01571611501276493,0.5746505260467529,0.429644376039505,0.017744120210409164,0.592574954032898,0.4027215242385864,0.03501330316066742,0.5602261424064636,0.3617008328437805,-0.011331851594150066,0.5566495060920715,0.33906543254852295,-0.0038724448531866074,0.5582696199417114,0.33865389227867126,0.0010248615872114897,0.5647271871566772,0.44086483120918274,0.015117781236767769,0.5876556634902954,0.421203076839447,0.04852531850337982,0.5553838014602661,0.3411502540111542,-0.013533518649637699,0.5640160441398621,0.4657045900821686,0.02114652842283249,0.5602524280548096,0.36963945627212524,-0.02243966795504093,0.56630539894104,0.3865419030189514,-0.011592907831072807,0.5579043030738831,0.47371000051498413,0.015239994041621685,0.573398232460022,0.44591206312179565,0.029443850740790367,0.5731572508811951,0.4055900275707245,0.007827998138964176,0.5686532855033875,0.4563738703727722,0.025931907817721367,0.5853766202926636,0.4007042646408081,0.015857569873332977,0.5778476595878601,0.4129318296909332,0.013091004453599453,0.5872817039489746,0.412380188703537,0.02537524327635765,0.5590226054191589,0.48212915658950806,0.018592383712530136,0.5673173069953918,0.3899335265159607,-0.004972128663212061,0.5751640796661377,0.44994425773620605,0.03850841149687767,0.5695792436599731,0.4612504243850708,0.033356837928295135,0.5785468816757202,0.43483400344848633,0.030303752049803734,0.5917700529098511,0.40854522585868835,0.054534438997507095,0.5825830698013306,0.43326535820961,0.03886181488633156,0.5881725549697876,0.4117848873138428,0.07210469990968704,0.5801451206207275,0.42185696959495544,0.020172975957393646,0.5643560886383057,0.3771323263645172,-0.00830859038978815,0.5698854327201843,0.40730446577072144,-0.017612669616937637,0.5704870820045471,0.40726304054260254,-0.009733125567436218,0.5693924427032471,0.4026902914047241,-0.023481490090489388,0.5617492198944092,0.3295932412147522,-0.0048055499792099,0.5717211961746216,0.32254087924957275,-0.0025388363283127546,0.5802050828933716,0.32036125659942627,0.0019616526551544666,0.5861337184906006,0.32092922925949097,0.008175567723810673,0.5888298153877258,0.32385411858558655,0.01445202436298132,0.5873258113861084,0.3370301425457001,0.027427133172750473,0.5946351289749146,0.3547897934913635,0.06655946373939514,0.5864783525466919,0.35225710272789,0.022793425247073174,0.5823574066162109,0.3568304777145386,0.016998659819364548,0.5750270485877991,0.358449786901474,0.011564879678189754,0.5676324963569641,0.35762760043144226,0.006898052990436554,0.5623959302902222,0.3556828796863556,0.003443295368924737,0.5591099262237549,0.35370099544525146,0.0008972506038844585,0.585717499256134,0.35095712542533875,0.08939710259437561,0.5692688226699829,0.40873441100120544,-0.006541933864355087,0.5647828578948975,0.3825184404850006,-0.018309399485588074,0.5682757496833801,0.40964454412460327,-0.023855039849877357,0.5644781589508057,0.41388553380966187,-0.022067170590162277,0.567134439945221,0.41055750846862793,-0.02074355259537697,0.5675617456436157,0.4111674129962921,-0.0048975637182593346,0.5640438199043274,0.4152750074863434,-0.023834053426980972,0.561975359916687,0.4166560769081116,-0.0166131891310215,0.5570271015167236,0.34572386741638184,0.0023988091852515936,0.5563229918479919,0.34932905435562134,-0.0025185432750731707,0.5570821762084961,0.3523159623146057,-0.0069185830652713776,0.5821785926818848,0.3337141275405884,0.017322972416877747,0.5858970880508423,0.32995641231536865,0.01848440431058407,0.505784809589386,0.34849268198013306,-0.018535472452640533,0.5135998725891113,0.34776926040649414,-0.018535472452640533,0.5054121017456055,0.33761700987815857,-0.018535472452640533,0.4977571666240692,0.3491153120994568,-0.018535472452640533,0.5061585307121277,0.359287291765213,-0.018535472452640533,0.5670598149299622,0.3381379246711731,0.010099034756422043,0.5740283727645874,0.336899071931839,0.010099034756422043,0.5662210583686829,0.3290654420852661,0.010099034756422043,0.5601375102996826,0.3394412696361542,0.010099034756422043,0.5679787993431091,0.3473236560821533,0.010099034756422043
1566.6666666666658,0.5558988451957703,0.4394233524799347,-0.009755613282322884,0.5624464154243469,0.4121653437614441,-0.030596427619457245,0.5570180416107178,0.4181346893310547,-0.01322497520595789,0.553337812423706,0.38025596737861633,-0.029993200674653053,0.5628359317779541,0.4031791388988495,-0.033954933285713196,0.561019241809845,0.39003100991249084,-0.03340211883187294,0.5541601777076721,0.3555375039577484,-0.0231611430644989,0.4986361265182495,0.3517988622188568,-0.017876219004392624,0.5517988204956055,0.32734644412994385,-0.022928157821297646,0.5519311428070068,0.3140878677368164,-0.026603257283568382,0.5476338863372803,0.26393625140190125,-0.0286080464720726,0.5555562376976013,0.44228851795196533,-0.008395257405936718,0.5547226667404175,0.44511446356773376,-0.006018566899001598,0.5536636114120483,0.4470559060573578,-0.0023825932294130325,0.5535235404968262,0.44710999727249146,-0.00146137282717973,0.5539014339447021,0.45099183917045593,-0.0011419554939493537,0.5538201928138733,0.4553818702697754,-0.0014286775840446353,0.5530652403831482,0.45975610613822937,0.0006389337941072881,0.5515098571777344,0.4679098129272461,0.008114018477499485,0.5609208941459656,0.41599011421203613,-0.026887815445661545,0.552547037601471,0.4159029722213745,-0.020358523353934288,0.4580836594104767,0.3083448112010956,-0.006264910101890564,0.5195969343185425,0.35959291458129883,-0.016830354928970337,0.5129600167274475,0.36089175939559937,-0.018575644120573997,0.5059489011764526,0.36092865467071533,-0.0190634336322546,0.4950663149356842,0.35491353273391724,-0.017319899052381516,0.5250652432441711,0.3572901487350464,-0.014026882126927376,0.5092419385910034,0.3312946557998657,-0.02493903785943985,0.5172234177589417,0.33218544721603394,-0.02220471389591694,0.5016282200813293,0.33352968096733093,-0.02468838356435299,0.49625012278556824,0.3377821147441864,-0.023181907832622528,0.48893240094184875,0.3615186810493469,-0.014735756441950798,0.5272988080978394,0.48187410831451416,0.00933494046330452,0.4952545166015625,0.348532110452652,-0.016941610723733902,0.4579170346260071,0.35303518176078796,0.0037257603835314512,0.47889724373817444,0.3548736572265625,-0.01229818630963564,0.5188030004501343,0.4000881612300873,-0.015374764800071716,0.5481404066085815,0.4387565851211548,-0.0120630394667387,0.5471828579902649,0.44542673230171204,-0.007813975214958191,0.538777768611908,0.4411551058292389,-0.011248876340687275,0.5314610600471497,0.44244176149368286,-0.0085272416472435,0.5394421815872192,0.44548606872558594,-0.007932738400995731,0.532749593257904,0.4451455771923065,-0.005279269069433212,0.5198639035224915,0.4526686668395996,0.0018036352703347802,0.557292640209198,0.4126618504524231,-0.031680360436439514,0.5568846464157104,0.4037978947162628,-0.03509638085961342,0.4868731200695038,0.33203747868537903,-0.02671816572546959,0.5314770936965942,0.37513959407806396,-0.016246076673269272,0.5371439456939697,0.40788042545318604,-0.022665534168481827,0.5356077551841736,0.40194106101989746,-0.021806519478559494,0.49480223655700684,0.3995942175388336,-0.015717443078756332,0.5552868843078613,0.3913673162460327,-0.0338655449450016,0.5075758099555969,0.3214074671268463,-0.03216971829533577,0.4960874617099762,0.32490551471710205,-0.030637549236416817,0.46966055035591125,0.29163050651550293,-0.018082382157444954,0.5380422472953796,0.3294234275817871,-0.02644791081547737,0.5236824750900269,0.3364018499851227,-0.01788708195090294,0.5148129463195801,0.4447815418243408,-0.0009968274971470237,0.46088922023773193,0.43748071789741516,0.03848329931497574,0.5413879156112671,0.4129403829574585,-0.017802193760871887,0.5466821789741516,0.41509145498275757,-0.014926203526556492,0.5205919742584229,0.44333216547966003,9.634445450501516e-05,0.5222500562667847,0.44386568665504456,-0.0002126674517057836,0.4913255572319031,0.3187810480594635,-0.0301950816065073,0.5353699922561646,0.4105162024497986,-0.018472516909241676,0.5215739011764526,0.32241636514663696,-0.030886730179190636,0.5207037329673767,0.31456464529037476,-0.03386861830949783,0.5064668655395508,0.2700306177139282,-0.03418391942977905,0.481307715177536,0.30476897954940796,-0.025601422414183617,0.5147836208343506,0.2911916971206665,-0.03489578142762184,0.48068439960479736,0.3273020386695862,-0.023957837373018265,0.4700630307197571,0.31810882687568665,-0.01598798856139183,0.5476919412612915,0.44235125184059143,-0.010692029260098934,0.5391560792922974,0.44335824251174927,-0.00979534350335598,0.5321511030197144,0.44377782940864563,-0.007279545068740845,0.542446494102478,0.4140263795852661,-0.015316789038479328,0.5214587450027466,0.4436061382293701,2.8941096388734877e-05,0.525779664516449,0.44669660925865173,-0.0010451232083141804,0.5230638384819031,0.4441126585006714,-0.0001079191715689376,0.546979546546936,0.4120500683784485,-0.026408398523926735,0.5330774784088135,0.44619593024253845,-0.003392403246834874,0.5395870208740234,0.4469744563102722,-0.004469624720513821,0.5466551184654236,0.44735297560691833,-0.00443962961435318,0.5430902242660522,0.4685705304145813,0.005706598050892353,0.5450626015663147,0.45998767018318176,-0.001870815991424024,0.5459142327308655,0.4555323123931885,-0.0038000307977199554,0.5464173555374146,0.4511584937572479,-0.0034347509499639273,0.546622097492218,0.4475001096725464,-0.003532766131684184,0.5330578684806824,0.44635245203971863,-0.0026441761292517185,0.5322098731994629,0.4478553831577301,-0.002720441436395049,0.531062662601471,0.4499755799770355,-0.0030888179317116737,0.5299575328826904,0.4523409605026245,-0.002041590865701437,0.5259594917297363,0.43219107389450073,-0.009321482852101326,0.4493600130081177,0.39062249660491943,0.03544098511338234,0.5591933727264404,0.417282372713089,-0.018315449357032776,0.5279392004013062,0.445363849401474,-0.001155613106675446,0.526972770690918,0.44594332575798035,-0.0011137177934870124,0.5488117337226868,0.4181755781173706,-0.014047299511730671,0.5362215638160706,0.41472965478897095,-0.011554106138646603,0.5478336215019226,0.41670575737953186,-0.014694147743284702,0.5241274237632751,0.3805145025253296,-0.015756288543343544,0.5128971934318542,0.38773801922798157,-0.016666283831000328,0.5333632230758667,0.40507444739341736,-0.01794501021504402,0.4853294789791107,0.2786107063293457,-0.027773505076766014,0.49566414952278137,0.2954091727733612,-0.031595733016729355,0.5049352645874023,0.3138768672943115,-0.03359324112534523,0.5263211727142334,0.4595556855201721,0.0020517343655228615,0.5366061329841614,0.31669071316719055,-0.03131382167339325,0.5322887897491455,0.2902134656906128,-0.033811215311288834,0.5264397859573364,0.2656329870223999,-0.0340636782348156,0.4992190897464752,0.3590347170829773,-0.018376706168055534,0.4805949926376343,0.3688525855541229,-0.012556817382574081,0.5287227630615234,0.3551183342933655,-0.01268908940255642,0.48854178190231323,0.34316733479499817,-0.020561769604682922,0.5368302464485168,0.36947423219680786,-0.017758850008249283,0.5429835319519043,0.40589702129364014,-0.02785816602408886,0.47052428126335144,0.3742067217826843,-0.007450811564922333,0.4876399040222168,0.37585511803627014,-0.015529831871390343,0.4987817704677582,0.37927931547164917,-0.017441807314753532,0.5128313302993774,0.37695059180259705,-0.01603531464934349,0.5222479104995728,0.37249812483787537,-0.014620346017181873,0.5290665626525879,0.36803358793258667,-0.014380764216184616,0.5479399561882019,0.35804951190948486,-0.0231272391974926,0.4723919928073883,0.39464667439460754,-0.005637557245790958,0.4820442497730255,0.3422698676586151,-0.0201871357858181,0.5577146410942078,0.4162863492965698,-0.027800487354397774,0.533757209777832,0.38531002402305603,-0.01684143766760826,0.4476221799850464,0.34799468517303467,0.021844934672117233,0.5346128940582275,0.3632415533065796,-0.014549372717738152,0.5309182405471802,0.404422789812088,-0.01185657549649477,0.491866797208786,0.34896063804626465,-0.016598809510469437,0.54127037525177,0.39856234192848206,-0.026621131226420403,0.4529600143432617,0.41370919346809387,0.03822421655058861,0.5279694199562073,0.3519676923751831,-0.012399515137076378,0.5485038757324219,0.39415934681892395,-0.03160402178764343,0.49011319875717163,0.4637783169746399,0.016999952495098114,0.4861958622932434,0.47151780128479004,0.02884461171925068,0.4582099914550781,0.39423975348472595,0.014399233274161816,0.4774511158466339,0.45151209831237793,0.019012784585356712,0.4629923403263092,0.33398064970970154,-0.004990067798644304,0.5252323746681213,0.49003249406814575,0.014017965644598007,0.5566325783729553,0.41726571321487427,-0.018679795786738396,0.5270711183547974,0.39182716608047485,-0.01515237893909216,0.47068676352500916,0.3563394248485565,-0.0083953607827425,0.5069101452827454,0.3555873930454254,-0.019084997475147247,0.5131145119667053,0.35578495264053345,-0.018709667026996613,0.5245712399482727,0.447618693113327,-0.0004607557784765959,0.4732111692428589,0.41325241327285767,0.0008128582267090678,0.5357523560523987,0.4986419677734375,0.020873211324214935,0.5130898356437683,0.4899313747882843,0.02308700419962406,0.5013074278831482,0.4828171133995056,0.025315508246421814,0.5503310561180115,0.2893262207508087,-0.028857776895165443,0.5476999878883362,0.49733954668045044,0.024343254044651985,0.5184656977653503,0.3546396791934967,-0.017073245719075203,0.5233792066574097,0.3531186878681183,-0.014846851117908955,0.5265877842903137,0.35251885652542114,-0.012944987043738365,0.47455692291259766,0.3396659791469574,-0.01618998683989048,0.5216317176818848,0.34319204092025757,-0.017298979684710503,0.5156892538070679,0.3393852412700653,-0.02008694037795067,0.5097370743751526,0.3389476239681244,-0.02175011672079563,0.503608226776123,0.3409014344215393,-0.021872783079743385,0.4996570944786072,0.34389761090278625,-0.0207336638122797,0.4510906934738159,0.3260591924190521,0.008365029469132423,0.5022271871566772,0.3540004789829254,-0.018604230135679245,0.5561255216598511,0.42441442608833313,-0.010495134629309177,0.5338045954704285,0.4276692867279053,-0.011184698902070522,0.542216420173645,0.41228967905044556,-0.020393969491124153,0.5476712584495544,0.42565232515335083,-0.012760065495967865,0.5518191456794739,0.3407118320465088,-0.02095571719110012,0.5026067495346069,0.4744946360588074,0.01721333898603916,0.5136058926582336,0.4825541079044342,0.016261612996459007,0.5376164317131042,0.4941636025905609,0.013345285318791866,0.4727817475795746,0.4570309519767761,0.03427105024456978,0.5260010361671448,0.3487836420536041,-0.01456343661993742,0.5449762940406799,0.37423646450042725,-0.023783884942531586,0.5496963858604431,0.492832213640213,0.01699773035943508,0.5246540307998657,0.49573320150375366,0.02042505331337452,0.4607497751712799,0.4149412512779236,0.018490588292479515,0.5395820736885071,0.4471662938594818,-0.003617312991991639,0.538861870765686,0.4498996138572693,-0.00375967170111835,0.5380538105964661,0.45331311225891113,-0.004209438804537058,0.537224531173706,0.45727381110191345,-0.0027883953880518675,0.53401780128479,0.46525758504867554,0.0025993604212999344,0.5269985795021057,0.444452702999115,-0.0028911002445966005,0.5260797142982483,0.44367238879203796,-0.003838923294097185,0.5252484679222107,0.44287505745887756,-0.004742782097309828,0.5191181302070618,0.4378891885280609,-0.006378167774528265,0.4869011342525482,0.4192848205566406,-0.00712059810757637,0.5424720048904419,0.3631829023361206,-0.020046252757310867,0.5343104004859924,0.34408026933670044,-0.014652812853455544,0.5291058421134949,0.3449484705924988,-0.014629930257797241,0.5278769135475159,0.44522204995155334,-0.001649367855861783,0.48408153653144836,0.4399549961090088,0.006052476819604635,0.5423197746276855,0.3440590500831604,-0.02008289471268654,0.5301652550697327,0.4731610119342804,0.006522187031805515,0.5587077140808105,0.37858226895332336,-0.02976381778717041,0.5507146120071411,0.36995670199394226,-0.027059730142354965,0.5565412044525146,0.3677425682544708,-0.02644641138613224,0.5407450795173645,0.38912615180015564,-0.022443782538175583,0.5508347749710083,0.4854366183280945,0.012078676372766495,0.5510922074317932,0.4759734869003296,0.010229858569800854,0.5411545038223267,0.4769892692565918,0.007900816388428211,0.513401448726654,0.45758670568466187,0.004226130433380604,0.5246422290802002,0.4117256999015808,-0.011043582111597061,0.52095627784729,0.4664990305900574,0.005888667423278093,0.5071015357971191,0.4119870960712433,-0.01442039106041193,0.5178868174552917,0.42136067152023315,-0.010601193644106388,0.49957403540611267,0.4263441562652588,-0.009096132591366768,0.5394257307052612,0.486615926027298,0.008898974396288395,0.5353831648826599,0.39337700605392456,-0.018476899713277817,0.5066429972648621,0.4651448726654053,0.009261293336749077,0.5167896151542664,0.4740525186061859,0.010760007426142693,0.5076502561569214,0.4473414123058319,-0.0002673458366189152,0.47481295466423035,0.42851749062538147,0.007025668863207102,0.4965232312679291,0.4498518109321594,0.003260648110881448,0.4662834703922272,0.43388649821281433,0.021054552868008614,0.5112346410751343,0.4323325753211975,-0.007882144302129745,0.5393190979957581,0.37962377071380615,-0.020023299381136894,0.5453459620475769,0.41066959500312805,-0.02828480862081051,0.5394579172134399,0.41134533286094666,-0.02179010771214962,0.5499488711357117,0.4048716127872467,-0.03209952265024185,0.5297523140907288,0.3355119228363037,-0.019756147637963295,0.5192162990570068,0.3294554352760315,-0.02487468719482422,0.5091577768325806,0.3282279968261719,-0.027470998466014862,0.500137209892273,0.3304995894432068,-0.027407292276620865,0.49295705556869507,0.3354811668395996,-0.025260161608457565,0.48655733466148376,0.35197147727012634,-0.01513751782476902,0.4571326971054077,0.37368446588516235,0.00885368138551712,0.49403029680252075,0.3657601475715637,-0.016054127365350723,0.5026454329490662,0.3686181902885437,-0.01690690964460373,0.5124238729476929,0.3680551052093506,-0.016313757747411728,0.5208049416542053,0.3653572201728821,-0.014957521110773087,0.527039110660553,0.3621552288532257,-0.013057311996817589,0.5315678715705872,0.3592643141746521,-0.012502131052315235,0.44790250062942505,0.3689468502998352,0.03025004081428051,0.5384268164634705,0.4126407504081726,-0.018342647701501846,0.5471365451812744,0.3840014338493347,-0.02690284699201584,0.5517140030860901,0.41185063123703003,-0.030830657109618187,0.5532630681991577,0.41529786586761475,-0.026233594864606857,0.55023592710495,0.412930428981781,-0.0278315506875515,0.53924959897995,0.41442790627479553,-0.01478788536041975,0.5553103685379028,0.4160284996032715,-0.027296526357531548,0.5543111562728882,0.41705596446990967,-0.01950252056121826,0.5308294296264648,0.35216566920280457,-0.011695073917508125,0.5351240634918213,0.35405123233795166,-0.01302648987621069,0.5387576818466187,0.35591983795166016,-0.015738822519779205,0.49729371070861816,0.34631702303886414,-0.01916927471756935,0.4925827085971832,0.34289711713790894,-0.020288478583097458,0.562923789024353,0.3788940906524658,-0.0251530259847641,0.5827294588088989,0.33848559856414795,0.017848027870059013,0.5641752481460571,0.41373172402381897,-0.016657371073961258,0.5937134623527527,0.29616451263427734,0.0485643595457077,0.5679410696029663,0.3515394926071167,0.006131459027528763,0.5740416049957275,0.35095295310020447,0.009055688045918941,0.579487681388855,0.34920573234558105,0.01282710675150156,0.5840919613838196,0.34138745069503784,0.020488252863287926,0.563178539276123,0.3501516878604889,0.0041109723970294,0.57723069190979,0.323086678981781,0.004020434804260731,0.5701477527618408,0.3251327872276306,0.0006251041195355356,0.5829410552978516,0.3238244950771332,0.008712388575077057,0.5858173370361328,0.3267580568790436,0.012882111594080925,0.588801383972168,0.3470771610736847,0.026024719700217247,0.5666548013687134,0.47180405259132385,0.025684228166937828,0.5837016105651855,0.33524730801582336,0.02045348659157753,0.5955597758293152,0.3360477089881897,0.059451859444379807,0.5915648937225342,0.3388480842113495,0.03344505652785301,0.5785539150238037,0.3916618525981903,0.0076346248388290405,0.5615973472595215,0.43648356199264526,-0.00637431675568223,0.5594429969787598,0.4433964490890503,-0.0025712638162076473,0.565152108669281,0.4360182285308838,0.0005403165123425424,0.5669817924499512,0.4363282322883606,0.007778939325362444,0.5625224709510803,0.4416957199573517,0.0023105740547180176,0.5644980072975159,0.44040733575820923,0.00848560780286789,0.5713918805122375,0.4435284733772278,0.022987494245171547,0.5665267705917358,0.4109124541282654,-0.02859795093536377,0.5675655007362366,0.4021780490875244,-0.03140832111239433,0.5935965776443481,0.31934404373168945,0.01627347618341446,0.5667205452919006,0.3704032599925995,-0.0012683563400059938,0.572749674320221,0.4023437201976776,-0.008836616761982441,0.571782112121582,0.39664706587791443,-0.00753035256639123,0.5927976369857788,0.3854782283306122,0.022732416167855263,0.5654759407043457,0.3899058699607849,-0.029159098863601685,0.5851955413818359,0.3133895993232727,-0.002156527480110526,0.590984582901001,0.31457096338272095,0.006864716298878193,0.5925929546356201,0.2815884053707123,0.031091568991541862,0.5623390674591064,0.32542839646339417,-0.0164214875549078,0.5640455484390259,0.3299713730812073,0.0005207399954088032,0.5756018161773682,0.4346104860305786,0.024801140651106834,0.5826098322868347,0.4153329133987427,0.08945977687835693,0.5689828395843506,0.4084494113922119,-0.007660798262804747,0.5652389526367188,0.4124588966369629,-0.009832140989601612,0.5683298707008362,0.4377540946006775,0.022265825420618057,0.5673261880874634,0.43848228454589844,0.01921686716377735,0.5928045511245728,0.3077872395515442,0.009669772349298,0.5716181397438049,0.4051401615142822,-0.004950142465531826,0.5760535001754761,0.31606683135032654,-0.010296166874468327,0.5773045420646667,0.3082660436630249,-0.012741276063024998,0.5791354179382324,0.26498574018478394,-0.005985920317471027,0.5937217473983765,0.29303520917892456,0.018378227949142456,0.5792608261108398,0.2850204110145569,-0.010603444650769234,0.595214307308197,0.3139115571975708,0.02200959622859955,0.5955277681350708,0.30449360609054565,0.03387374430894852,0.5607705116271973,0.44024214148521423,-0.005052031949162483,0.5639495253562927,0.4390415847301483,0.0012626571115106344,0.5658535957336426,0.4383809268474579,0.007611490320414305,0.5676056146621704,0.41004401445388794,-0.006967100314795971,0.56782066822052,0.43813440203666687,0.02050783671438694,0.5665660500526428,0.44147950410842896,0.016079381108283997,0.5667883157730103,0.4388614594936371,0.01876162178814411,0.5691673755645752,0.4080188274383545,-0.016974782571196556,0.563198983669281,0.4420980215072632,0.009639252908527851,0.5611072778701782,0.4438028633594513,0.00513892387971282,0.558048665523529,0.44557809829711914,0.0008912654011510313,0.5581842660903931,0.46550920605659485,0.010962529107928276,0.5588220953941345,0.4574083387851715,0.003708922304213047,0.5592709183692932,0.4530722498893738,0.0019871771801263094,0.5588678121566772,0.44899699091911316,0.0022559629287570715,0.5578344464302063,0.4456758201122284,0.001882276264950633,0.5630508661270142,0.4422260820865631,0.010410990566015244,0.5642114877700806,0.44340458512306213,0.010304385796189308,0.5651633739471436,0.44506701827049255,0.010437554679811,0.5656773447990417,0.4471908509731293,0.012577733024954796,0.5738822817802429,0.4247366487979889,0.009557767771184444,0.5874642729759216,0.37086722254753113,0.0925067812204361,0.5647119283676147,0.4406946897506714,0.015300453640520573,0.5657529830932617,0.44100797176361084,0.015363940969109535,0.5632777214050293,0.416293203830719,-0.008999032899737358,0.5693483352661133,0.4100450873374939,-0.0008152442169375718,0.5642404556274414,0.4145307242870331,-0.009756594896316528,0.5717445015907288,0.37412723898887634,0.004440958146005869,0.5810261368751526,0.37841251492500305,0.010780121199786663,0.5715811848640442,0.3996180295944214,-0.0032302080653607845,0.5886262059211731,0.27084583044052124,0.012315424159169197,0.5889169573783875,0.2859770357608795,0.0037617208436131477,0.5867180228233337,0.3053218424320221,-0.0019580393563956022,0.5681514739990234,0.45135968923568726,0.019361082464456558,0.5648996829986572,0.31307536363601685,-0.02049693651497364,0.5666931867599487,0.2870122790336609,-0.021174609661102295,0.5659608840942383,0.262954443693161,-0.01981304958462715,0.5828565955162048,0.3459627032279968,0.01718137413263321,0.5935682058334351,0.3525453805923462,0.03264027461409569,0.5602190494537354,0.34847381711006165,0.0034443610347807407,0.5894818902015686,0.32965192198753357,0.02088712342083454,0.5637391805648804,0.36581093072891235,-0.0057607488706707954,0.572047233581543,0.40128982067108154,-0.016629895195364952,0.5984966158866882,0.35673797130584717,0.04372996464371681,0.5932340025901794,0.3608417510986328,0.026903005316853523,0.5886976718902588,0.36655136942863464,0.018628528341650963,0.5785508155822754,0.3674548864364624,0.011583765968680382,0.5704699754714966,0.3650805652141571,0.00630181236192584,0.5651056170463562,0.36207133531570435,0.0012303885305300355,0.5587283968925476,0.3566047251224518,-0.017971275374293327,0.5995202660560608,0.3761363625526428,0.04526975005865097,0.5927245020866394,0.3277513384819031,0.02507181093096733,0.5635805130004883,0.41510090231895447,-0.025343528017401695,0.5675376653671265,0.38078010082244873,-0.0024505234323441982,0.5903526544570923,0.331752747297287,0.08077660202980042,0.561324417591095,0.3584005534648895,-0.0023485803976655006,0.5704639554023743,0.3989507257938385,0.0028972795698791742,0.5855588912963867,0.3352851867675781,0.022715499624609947,0.5705605745315552,0.3942805230617523,-0.015187432989478111,0.5859053134918213,0.39223000407218933,0.092788465321064,0.5592454075813293,0.34497174620628357,0.004503280855715275,0.5684853792190552,0.3912057876586914,-0.02327059395611286,0.5810476541519165,0.44381773471832275,0.05461769178509712,0.5762888789176941,0.4507960379123688,0.06724061816930771,0.5964063405990601,0.37367796897888184,0.06991942971944809,0.5861565470695496,0.43000784516334534,0.06336605548858643,0.595592737197876,0.31907206773757935,0.048263803124427795,0.5659655332565308,0.47871363162994385,0.03174469247460365,0.5614310503005981,0.4164809286594391,-0.01716640591621399,0.5714627504348755,0.38581934571266174,0.002642974490299821,0.5934778451919556,0.33903440833091736,0.04189985990524292,0.5787773132324219,0.3437899351119995,0.012311149388551712,0.5738798379898071,0.345905065536499,0.009060224518179893,0.5671899914741516,0.44224393367767334,0.017998237162828445,0.5974081158638,0.3936541974544525,0.04978227615356445,0.5570800304412842,0.49247801303863525,0.030786868184804916,0.5671865940093994,0.47483646869659424,0.04771726578474045,0.5710189938545227,0.4645950198173523,0.05642547830939293,0.5684835910797119,0.346348375082016,0.00659814290702343,0.563540518283844,0.34569379687309265,0.005503603722900152,0.560591995716095,0.3454560935497284,0.005322322715073824,0.59431391954422,0.3244127929210663,0.03256373479962349,0.5635485053062439,0.33584895730018616,0.003494234522804618,0.5685873031616211,0.3315373361110687,0.0041349767707288265,0.5744642615318298,0.3297727108001709,0.006441446952521801,0.5794195532798767,0.33032941818237305,0.010189746506512165,0.5819253325462341,0.33223897218704224,0.01365832518786192,0.5931445956230164,0.31198322772979736,0.06605073064565659,0.5813913941383362,0.3411204218864441,0.01550535298883915,0.5704244375228882,0.4222561717033386,0.003191473428159952,0.5697884559631348,0.4076381325721741,-0.010671716183423996,0.5632474422454834,0.4233672022819519,-0.006807354744523764,0.5750575661659241,0.4567519724369049,0.04756304621696472,0.5703131556510925,0.46741217374801636,0.04011262208223343,0.5595048069953918,0.48801711201667786,0.022998113185167313,0.5795191526412964,0.43520525097846985,0.07962309569120407,0.5605937838554382,0.3414202928543091,0.004027206916362047,0.5635753870010376,0.37167173624038696,-0.015680309385061264,0.5630955696105957,0.4846130609512329,0.03866894915699959,0.5940456986427307,0.39315512776374817,0.07155095785856247,0.5609117746353149,0.4439527094364166,0.0060691023245453835,0.5621334314346313,0.44622063636779785,0.0062244790606200695,0.5628738403320312,0.4491977393627167,0.006346444599330425,0.5630178451538086,0.45297425985336304,0.008283038623631,0.5639724731445312,0.45908695459365845,0.01510960515588522,0.5659970641136169,0.4393239915370941,0.014254861511290073,0.5670642852783203,0.43811434507369995,0.014971817843616009,0.568009078502655,0.43687596917152405,0.015370642766356468,0.5758605599403381,0.4288478493690491,0.017316490411758423,0.594257116317749,0.4022212028503418,0.03428573161363602,0.5611306428909302,0.3607090711593628,-0.011571627110242844,0.5577751994132996,0.33901137113571167,-0.003937194123864174,0.5594435930252075,0.3387283980846405,0.0008867100696079433,0.5647879838943481,0.44059669971466064,0.014869422651827335,0.5896062850952148,0.42081499099731445,0.04781926050782204,0.5563439726829529,0.34079450368881226,-0.01365614403039217,0.5652207136154175,0.46486222743988037,0.020562248304486275,0.5610570311546326,0.36850422620773315,-0.022714907303452492,0.5673608779907227,0.3854290544986725,-0.011913315393030643,0.5589427351951599,0.4726985692977905,0.014663564041256905,0.5748780965805054,0.44524767994880676,0.028915023431181908,0.5744540095329285,0.4046095311641693,0.00745823560282588,0.570015013217926,0.45564883947372437,0.02537388913333416,0.5866699814796448,0.39995571970939636,0.01529456116259098,0.5790656208992004,0.41206279397010803,0.012629368342459202,0.5887768268585205,0.41174736618995667,0.024802321568131447,0.5601825714111328,0.48125016689300537,0.01792735606431961,0.568519115447998,0.388863205909729,-0.005286815110594034,0.5768963694572449,0.44942882657051086,0.03787916898727417,0.5711649060249329,0.46067214012145996,0.03272140398621559,0.5800650119781494,0.4342038929462433,0.02975684404373169,0.5938149094581604,0.40823492407798767,0.05378350615501404,0.5843688249588013,0.43277639150619507,0.03823152557015419,0.5905252695083618,0.4116505980491638,0.07132839411497116,0.5814480185508728,0.4211192727088928,0.019665127620100975,0.5653771162033081,0.3760744035243988,-0.008598548360168934,0.5709801316261292,0.4061371088027954,-0.018064966425299644,0.571720540523529,0.40612533688545227,-0.010139224119484425,0.5703604221343994,0.4014686048030853,-0.023980824276804924,0.5627462863922119,0.32942187786102295,-0.004967444110661745,0.5725530982017517,0.3222076892852783,-0.002918738406151533,0.5809395909309387,0.3200843930244446,0.0014058677479624748,0.5868568420410156,0.3208369314670563,0.007484239526093006,0.5896110534667969,0.3239583373069763,0.01370937842875719,0.5883201360702515,0.33733484148979187,0.026774683967232704,0.5967206358909607,0.3546901047229767,0.06578899919986725,0.5874153971672058,0.35218754410743713,0.022203603759407997,0.5833116173744202,0.356642484664917,0.016450680792331696,0.5760685205459595,0.35832980275154114,0.01111498475074768,0.5687527060508728,0.35758519172668457,0.006629756651818752,0.5635480284690857,0.3556377589702606,0.003215325064957142,0.5602739453315735,0.3535970151424408,0.0007544883410446346,0.5881084203720093,0.3510917127132416,0.08880411833524704,0.570530116558075,0.40760335326194763,-0.006910237018018961,0.565684974193573,0.38136041164398193,-0.01864778995513916,0.5692339539527893,0.4084329903125763,-0.0243015605956316,0.5654486417770386,0.4126717746257782,-0.02244228683412075,0.5681347250938416,0.4093644320964813,-0.02115805819630623,0.5688038468360901,0.41002899408340454,-0.005217181984335184,0.5649672150611877,0.41403841972351074,-0.024215230718255043,0.562970757484436,0.4154272973537445,-0.01690775901079178,0.5582144856452942,0.34592387080192566,0.002301991218701005,0.5574824810028076,0.3492129445075989,-0.002605574205517769,0.5581169128417969,0.3519706130027771,-0.007082280237227678,0.5830551981925964,0.3338513672351837,0.016794083639979362,0.5867725014686584,0.330234557390213,0.0178859680891037,0.5072929859161377,0.3475874066352844,-0.01774728298187256,0.5148297548294067,0.3468877077102661,-0.01774728298187256,0.5069672465324402,0.3371638059616089,-0.01774728298187256,0.4995432496070862,0.34819671511650085,-0.01774728298187256,0.5076121687889099,0.3579530417919159,-0.01774728298187256,0.568538248538971,0.3383942246437073,0.009740350767970085,0.5754514336585999,0.3371754586696625,0.009740350767970085,0.5678165555000305,0.32923734188079834,0.009740350767970085,0.5617028474807739,0.33967745304107666,0.009740350767970085,0.5693508982658386,0.34768033027648926,0.009740350767970085
1599.999999999999,0.5582185387611389,0.43764135241508484,-0.010192620567977428,0.5632961988449097,0.4113091230392456,-0.030780421569943428,0.5578368902206421,0.4174148142337799,-0.013471737504005432,0.5543727874755859,0.3792897164821625,-0.029949458315968513,0.5637623071670532,0.40229207277297974,-0.034084502607584,0.5620248317718506,0.3891105055809021,-0.03342515230178833,0.555344820022583,0.35457128286361694,-0.022800784558057785,0.4995849132537842,0.3502520024776459,-0.017738236114382744,0.5531631708145142,0.32640108466148376,-0.02229190617799759,0.5533978939056396,0.31310030817985535,-0.025834962725639343,0.5495582818984985,0.2628844380378723,-0.027306534349918365,0.5577741265296936,0.4405732750892639,-0.008833673782646656,0.5567746758460999,0.4434093236923218,-0.006450725719332695,0.5555452704429626,0.44532689452171326,-0.0027986110653728247,0.5553874373435974,0.44535723328590393,-0.0021949985530227423,0.5558481216430664,0.44925299286842346,-0.00190726388245821,0.5557834506034851,0.4536832869052887,-0.0022802455350756645,0.5549250245094299,0.45805269479751587,-0.0003342402633279562,0.5520343780517578,0.4664464592933655,0.00700025912374258,0.5617305040359497,0.41518279910087585,-0.02709166705608368,0.5533458590507507,0.4150571823120117,-0.020581845194101334,0.45964518189430237,0.30681610107421875,-0.005782203748822212,0.52056485414505,0.3583410084247589,-0.01667904295027256,0.5138785243034363,0.35965487360954285,-0.018461652100086212,0.5068453550338745,0.3596544861793518,-0.018967291340231895,0.4960557222366333,0.3533823490142822,-0.017208216711878777,0.5260829925537109,0.3559786081314087,-0.01379003468900919,0.5101425051689148,0.3297974169254303,-0.02470158040523529,0.5182207822799683,0.3307316303253174,-0.02189418487250805,0.5025044679641724,0.33202213048934937,-0.024490201845765114,0.49714627861976624,0.33625179529190063,-0.023011192679405212,0.4899342954158783,0.36010628938674927,-0.014656941406428814,0.5277227759361267,0.4804783761501312,0.00808673445135355,0.4962262511253357,0.34686678647994995,-0.016783230006694794,0.459365576505661,0.35139235854148865,0.0038287427742034197,0.4799751341342926,0.3533626198768616,-0.012173810973763466,0.5197820663452148,0.39913156628608704,-0.015551256947219372,0.55052250623703,0.43703871965408325,-0.012522931210696697,0.5492538809776306,0.44379761815071106,-0.008265359327197075,0.5407738089561462,0.43957793712615967,-0.011772703379392624,0.5330548286437988,0.4410425126552582,-0.009135144762694836,0.5413028597831726,0.44398605823516846,-0.008426847867667675,0.5343166589736938,0.4437676966190338,-0.005839468911290169,0.5209780931472778,0.45166027545928955,0.0009084857301786542,0.558129608631134,0.41175931692123413,-0.03189634531736374,0.5577906370162964,0.4028770327568054,-0.035263463854789734,0.48782777786254883,0.33053120970726013,-0.026430658996105194,0.5324680805206299,0.37425437569618225,-0.016161972656846046,0.5379547476768494,0.4070327877998352,-0.022916279733181,0.5364473462104797,0.40109017491340637,-0.022019075229763985,0.4958552122116089,0.3983893394470215,-0.015892792493104935,0.5562620162963867,0.39041754603385925,-0.033936623483896255,0.5084912776947021,0.3201363980770111,-0.03171714395284653,0.49700111150741577,0.3235008716583252,-0.03023725003004074,0.4712427258491516,0.2901354432106018,-0.017461663112044334,0.5390942096710205,0.3285734951496124,-0.025891073048114777,0.5247582197189331,0.3350156545639038,-0.01754894107580185,0.516070544719696,0.44388747215270996,-0.001757259014993906,0.46238330006599426,0.43545281887054443,0.03778164088726044,0.5421877503395081,0.41212525963783264,-0.018051553517580032,0.5474978089332581,0.4143344461917877,-0.015148788690567017,0.5215134620666504,0.4423580467700958,-0.0006375418161042035,0.5232421159744263,0.44281643629074097,-0.0009457897976972163,0.4922853410243988,0.3173161745071411,-0.029747236520051956,0.5361993312835693,0.4097413122653961,-0.018735552206635475,0.5225554704666138,0.3213821351528168,-0.03038768842816353,0.5217126607894897,0.31349337100982666,-0.033307433128356934,0.5082074999809265,0.2686408460140228,-0.03329048305749893,0.482638418674469,0.3032151460647583,-0.02504637837409973,0.5162972807884216,0.28986355662345886,-0.03413671255111694,0.4817422926425934,0.32574591040611267,-0.023619219660758972,0.4713806211948395,0.31650519371032715,-0.015549364499747753,0.5499421954154968,0.4407002925872803,-0.011161303147673607,0.5411287546157837,0.4418424069881439,-0.01031521987169981,0.5337576866149902,0.4423961639404297,-0.007867716252803802,0.5432646870613098,0.41325780749320984,-0.015538192354142666,0.5224324464797974,0.4425984025001526,-0.0006964458734728396,0.5269142985343933,0.445461630821228,-0.0018916168482974172,0.5240466594696045,0.4430195987224579,-0.0008417430799454451,0.5477823615074158,0.41112250089645386,-0.02664754167199135,0.5345368385314941,0.4447617828845978,-0.003947838209569454,0.54131019115448,0.44542792439460754,-0.004956635646522045,0.5485472679138184,0.44568800926208496,-0.004876499064266682,0.5437295436859131,0.46708980202674866,0.004604523070156574,0.5468610525131226,0.45829856395721436,-0.002838136162608862,0.5478103756904602,0.45385220646858215,-0.004665588494390249,0.5483168363571167,0.4494485557079315,-0.004213545937091112,0.5484742522239685,0.4457969069480896,-0.004269906785339117,0.5344655513763428,0.4448993504047394,-0.003429831936955452,0.5336270332336426,0.4464113712310791,-0.0035549572203308344,0.5324467420578003,0.44853508472442627,-0.003992060199379921,0.5312620401382446,0.45089849829673767,-0.0029964004643261433,0.5270947813987732,0.4314126670360565,-0.009887357242405415,0.4509543180465698,0.388833224773407,0.03520858660340309,0.5599817633628845,0.4165134131908417,-0.01851721480488777,0.5291069746017456,0.4440704882144928,-0.0019398845033720136,0.5281543135643005,0.4446905255317688,-0.0019356292905285954,0.5496498942375183,0.41744428873062134,-0.014347936026751995,0.5371016263961792,0.4140251874923706,-0.011837650090456009,0.5486595034599304,0.41596344113349915,-0.014941667206585407,0.5250914692878723,0.3796185255050659,-0.015736332163214684,0.5138887166976929,0.3867415189743042,-0.01669587567448616,0.534216582775116,0.4042712152004242,-0.018174760043621063,0.486970990896225,0.27714788913726807,-0.027038495987653732,0.49706482887268066,0.2939178943634033,-0.03095017373561859,0.5058871507644653,0.31253573298454285,-0.03308683633804321,0.5273290276527405,0.4583125412464142,0.0010386992944404483,0.537684440612793,0.3158462345600128,-0.030668901279568672,0.5338943600654602,0.2890579104423523,-0.03294338285923004,0.5282803177833557,0.26436367630958557,-0.03298966586589813,0.5001577734947205,0.3576442301273346,-0.018274422734975815,0.48161476850509644,0.36751121282577515,-0.01255347765982151,0.5297724604606628,0.35376662015914917,-0.012409794144332409,0.4895308017730713,0.34161409735679626,-0.020390642806887627,0.5378550887107849,0.36856475472450256,-0.017616327852010727,0.5438109636306763,0.40497374534606934,-0.028083674609661102,0.47178182005882263,0.3727160394191742,-0.007534002419561148,0.4885585904121399,0.3746492862701416,-0.015593362972140312,0.49962183833122253,0.3781874477863312,-0.01749582588672638,0.5136740803718567,0.3758845329284668,-0.016013657674193382,0.5231289863586426,0.37139368057250977,-0.014545814134180546,0.5299736857414246,0.36691731214523315,-0.014230499044060707,0.5490754842758179,0.3570665419101715,-0.02281917631626129,0.4736582636833191,0.39314475655555725,-0.00588372815400362,0.4830758571624756,0.3407211899757385,-0.019994206726551056,0.5585155487060547,0.41544240713119507,-0.028031451627612114,0.5347123146057129,0.3844374418258667,-0.01686675474047661,0.4491783082485199,0.34635263681411743,0.022011328488588333,0.5355598330497742,0.3621290326118469,-0.01432067435234785,0.531811535358429,0.40363383293151855,-0.012068867683410645,0.4928710460662842,0.3473217487335205,-0.016444649547338486,0.5421327352523804,0.39765307307243347,-0.026789743453264236,0.4545901417732239,0.41178637742996216,0.03776778653264046,0.52901691198349,0.350545197725296,-0.012082231231033802,0.5494285821914673,0.39321327209472656,-0.03172774240374565,0.4911876618862152,0.4619085490703583,0.0160157959908247,0.48720893263816833,0.46951061487197876,0.02781406044960022,0.45973679423332214,0.39245375990867615,0.014136900193989277,0.4787452816963196,0.44949615001678467,0.018184667453169823,0.46438130736351013,0.3323935568332672,-0.0046962350606918335,0.5255144834518433,0.488517165184021,0.01267717033624649,0.5574072599411011,0.4164634943008423,-0.01889897882938385,0.5280065536499023,0.39096400141716003,-0.015244031324982643,0.4718657433986664,0.35481980443000793,-0.008293545804917812,0.5078256130218506,0.3542405962944031,-0.018954075872898102,0.5140537619590759,0.35449063777923584,-0.01855737902224064,0.5256183743476868,0.44640353322029114,-0.0013202095869928598,0.47452035546302795,0.41164064407348633,0.0004174154601059854,0.535738468170166,0.4971621632575989,0.019487351179122925,0.5134382247924805,0.4883424639701843,0.021782681345939636,0.501954972743988,0.48104938864707947,0.024132294580340385,0.5520172119140625,0.28837522864341736,-0.02783329039812088,0.5476315021514893,0.49592316150665283,0.023020485416054726,0.5194516777992249,0.3533237874507904,-0.016867538914084435,0.5244196057319641,0.3517439365386963,-0.014588722959160805,0.5276477336883545,0.35111698508262634,-0.0126408776268363,0.47572261095046997,0.33807533979415894,-0.015964705497026443,0.5226374864578247,0.3416140675544739,-0.017008289694786072,0.5166391730308533,0.33771777153015137,-0.019809897989034653,0.510641872882843,0.33727407455444336,-0.021516624838113785,0.5045155882835388,0.3392403721809387,-0.021683819591999054,0.5005795359611511,0.3422475755214691,-0.02056668885052204,0.45265212655067444,0.3244900405406952,0.008717411197721958,0.503154456615448,0.35255756974220276,-0.018470874056220055,0.5570270419120789,0.4237527549266815,-0.010827166959643364,0.5348188877105713,0.4269625246524811,-0.011653237976133823,0.5430077314376831,0.41142538189888,-0.020609552040696144,0.5486317276954651,0.4249563217163086,-0.013161150738596916,0.5530819296836853,0.3397655189037323,-0.020453795790672302,0.503358781337738,0.4728426933288574,0.01606794074177742,0.5141571760177612,0.480970561504364,0.014998755417764187,0.5377313494682312,0.49272239208221436,0.011975807137787342,0.47404783964157104,0.4549563229084015,0.03341472148895264,0.5270365476608276,0.34730643033981323,-0.014249518513679504,0.5459965467453003,0.3732896149158478,-0.023678947240114212,0.5497734546661377,0.49142342805862427,0.01566716469824314,0.5247817039489746,0.49421897530555725,0.019031841307878494,0.46232870221138,0.413027822971344,0.018035046756267548,0.5412591695785522,0.44556599855422974,-0.004378824960440397,0.5405554175376892,0.4482908248901367,-0.00457614054903388,0.5397353172302246,0.4517058730125427,-0.0051118978299200535,0.5388274788856506,0.4556495249271393,-0.0037741775158792734,0.5348548293113708,0.4638426899909973,0.0015324066625908017,0.5282061696052551,0.4432227313518524,-0.0035333866253495216,0.5272798538208008,0.44246456027030945,-0.004497741349041462,0.5264055132865906,0.44166284799575806,-0.005414105020463467,0.52036452293396,0.4370806813240051,-0.007032394874840975,0.4880829155445099,0.417853444814682,-0.007498054765164852,0.5435564517974854,0.36223411560058594,-0.019813524559140205,0.5354025959968567,0.3428837060928345,-0.014247282408177853,0.5301946997642517,0.3436035215854645,-0.014265342615544796,0.529034435749054,0.4439312815666199,-0.0022883976344019175,0.48530349135398865,0.4382849931716919,0.005399645306169987,0.5433974862098694,0.3430445194244385,-0.019657433032989502,0.5308223366737366,0.47178855538368225,0.0053526246920228004,0.5597745776176453,0.3776432275772095,-0.029663674533367157,0.5517932176589966,0.36897793412208557,-0.02687636949121952,0.557664155960083,0.3667844831943512,-0.02621602639555931,0.5416643619537354,0.3882245719432831,-0.02249307557940483,0.5510473251342773,0.4840703010559082,0.010800297372043133,0.5514649152755737,0.4745883345603943,0.009028822183609009,0.5416181683540344,0.4755919575691223,0.006672087125480175,0.5144034624099731,0.4564511775970459,0.003280939534306526,0.5255724787712097,0.4109075367450714,-0.011340122669935226,0.5217881202697754,0.46524831652641296,0.004795336630195379,0.5081402063369751,0.4108595848083496,-0.014720345847308636,0.5189304947853088,0.42044883966445923,-0.011043570004403591,0.5006447434425354,0.4251181483268738,-0.009562516584992409,0.5396813750267029,0.4852435290813446,0.0075887516140937805,0.5362760424613953,0.3925134539604187,-0.018585342913866043,0.507476270198822,0.46375301480293274,0.008227113634347916,0.5174726247787476,0.4726356565952301,0.009592623449862003,0.5087828636169434,0.446243554353714,-0.001032130909152329,0.476132333278656,0.4267924427986145,0.0064820279367268085,0.4976232647895813,0.4483620822429657,0.0024809192400425673,0.4677608907222748,0.431878000497818,0.020406803116202354,0.5123979449272156,0.43139469623565674,-0.00842239148914814,0.5402968525886536,0.3787168264389038,-0.019988376647233963,0.5461558103561401,0.40973347425460815,-0.028525397181510925,0.5402570962905884,0.41049724817276,-0.02204587310552597,0.5508118867874146,0.4039211571216583,-0.03228724002838135,0.5308240652084351,0.33436015248298645,-0.019350264221429825,0.5202082395553589,0.3282122313976288,-0.02448645420372486,0.5100752115249634,0.32688993215560913,-0.02714473195374012,0.5010455846786499,0.32909467816352844,-0.02714730054140091,0.4938938319683075,0.3339903950691223,-0.025044774636626244,0.48759952187538147,0.3503735065460205,-0.014995605684816837,0.45859718322753906,0.37198638916015625,0.008759656921029091,0.49497970938682556,0.36442631483078003,-0.016016697511076927,0.5035324692726135,0.36742016673088074,-0.01686359941959381,0.5133214592933655,0.3668905198574066,-0.016245096921920776,0.5217432379722595,0.3641696274280548,-0.014853540807962418,0.528010368347168,0.36093032360076904,-0.012853395193815231,0.5325677394866943,0.35803166031837463,-0.012254634872078896,0.4494612216949463,0.3672463595867157,0.03024362586438656,0.5392444729804993,0.41185200214385986,-0.01859629712998867,0.5481140613555908,0.3830525279045105,-0.02690841630101204,0.552533745765686,0.41090714931488037,-0.03106294944882393,0.5540688037872314,0.4144168496131897,-0.02646506018936634,0.5510420799255371,0.4119963049888611,-0.028061220422387123,0.5401014089584351,0.4136923849582672,-0.015040749683976173,0.5561068654060364,0.41515958309173584,-0.02753068320453167,0.5550929307937622,0.4162313938140869,-0.019724246114492416,0.5318945050239563,0.35080674290657043,-0.011365868151187897,0.5361729264259338,0.3528321087360382,-0.012693651020526886,0.5397671461105347,0.35481563210487366,-0.015409681014716625,0.4982398748397827,0.3446606993675232,-0.019001871347427368,0.49354586005210876,0.3413071930408478,-0.02013421058654785,0.5639902353286743,0.3780202269554138,-0.02499261125922203,0.583514392375946,0.33832797408103943,0.01878904551267624,0.5649754405021667,0.4129987955093384,-0.016789982095360756,0.5950450897216797,0.29618850350379944,0.05055783689022064,0.5685086250305176,0.3511846661567688,0.006770203355699778,0.5747431516647339,0.350727379322052,0.009766258299350739,0.5802463889122009,0.3490088880062103,0.013627356849610806,0.5847999453544617,0.34128227829933167,0.02143019065260887,0.5636227130889893,0.3495757579803467,0.004731171298772097,0.578224778175354,0.32273662090301514,0.004909776151180267,0.5710087418556213,0.32458895444869995,0.0014487203443422914,0.5839505791664124,0.32364994287490845,0.009673903696238995,0.5867664813995361,0.3266800343990326,0.013881458900868893,0.5894717574119568,0.3470644950866699,0.026974117383360863,0.5667943954467773,0.4707963168621063,0.024691062048077583,0.5844690799713135,0.33516132831573486,0.021450139582157135,0.5961863398551941,0.33609721064567566,0.060781050473451614,0.5921105742454529,0.3389182686805725,0.034591373056173325,0.5793662667274475,0.3912367820739746,0.007864844053983688,0.5635982751846313,0.4348623752593994,-0.006760023068636656,0.5611189603805542,0.44182902574539185,-0.00298309582285583,0.5667282342910767,0.43459683656692505,0.0002014485653489828,0.568093478679657,0.4351534843444824,0.00740981986746192,0.5638070106506348,0.4403112530708313,0.0019225514261052012,0.565403163433075,0.4392140507698059,0.008065922185778618,0.5723009705543518,0.44287487864494324,0.022352734580636024,0.567390501499176,0.41009700298309326,-0.028733808547258377,0.5685033202171326,0.4013459384441376,-0.03148452565073967,0.5946329236030579,0.3193559944629669,0.017540792003273964,0.5677267909049988,0.369833767414093,-0.0008646174683235586,0.57370525598526,0.4017237722873688,-0.008755684830248356,0.5727556347846985,0.39601317048072815,-0.00739822955802083,0.5933467745780945,0.3852352797985077,0.023242533206939697,0.5664891004562378,0.38904228806495667,-0.02911670133471489,0.5865368247032166,0.3130974769592285,-0.0010443571954965591,0.5922147035598755,0.31445103883743286,0.008089934475719929,0.594134509563446,0.28149357438087463,0.03309450298547745,0.5636475086212158,0.32482635974884033,-0.015656404197216034,0.5647124648094177,0.3292555809020996,0.0012807411840185523,0.5765928626060486,0.43413981795310974,0.024388747289776802,0.582206130027771,0.41502732038497925,0.09010069817304611,0.5699366331100464,0.40781131386756897,-0.007668360136449337,0.5661411881446838,0.41180509328842163,-0.009938881732523441,0.5684912800788879,0.43707603216171265,0.021804695948958397,0.5674556493759155,0.4377363324165344,0.018700122833251953,0.5940099954605103,0.3076522946357727,0.01100709568709135,0.5725818276405334,0.4045783281326294,-0.0048974198289215565,0.5774090886116028,0.3156672716140747,-0.009340067394077778,0.5787883996963501,0.30776000022888184,-0.01169436052441597,0.5809381604194641,0.26445654034614563,-0.004263543989509344,0.5951507687568665,0.2929411232471466,0.019933165982365608,0.5808748006820679,0.2845371961593628,-0.009251064620912075,0.5961728096008301,0.31394025683403015,0.02339366264641285,0.5967884063720703,0.3045010268688202,0.035441190004348755,0.562622606754303,0.43867528438568115,-0.005453125573694706,0.5653961896896362,0.43767207860946655,0.0008875923813320696,0.5668772459030151,0.43720656633377075,0.007204724475741386,0.5685369968414307,0.4094286561012268,-0.006988020613789558,0.5679758191108704,0.4374271333217621,0.020015200600028038,0.5670732855796814,0.44042304158210754,0.015422510914504528,0.5669494867324829,0.4380488395690918,0.018237672746181488,0.570051372051239,0.40728482604026794,-0.016975058242678642,0.5640048980712891,0.44081664085388184,0.009216897189617157,0.5622730255126953,0.44234639406204224,0.004746999125927687,0.5595797896385193,0.4439668357372284,0.0004956850898452103,0.5586462020874023,0.46417516469955444,0.00986411701887846,0.5604594945907593,0.45571863651275635,0.002746837679296732,0.5609914660453796,0.45139366388320923,0.0011261110194027424,0.5605372786521912,0.44730305671691895,0.0014954606303945184,0.5594000220298767,0.44398584961891174,0.0011527850292623043,0.5638913512229919,0.44088679552078247,0.009747295640408993,0.5650962591171265,0.442073255777359,0.009593850933015347,0.5660444498062134,0.4437280297279358,0.009655522182583809,0.5665285587310791,0.44584834575653076,0.011774648912250996,0.5749146938323975,0.4242587089538574,0.00932178646326065,0.5875036716461182,0.37089356780052185,0.09377451241016388,0.5652449131011963,0.4395943284034729,0.014691505581140518,0.566285252571106,0.43993768095970154,0.014720166102051735,0.5641594529151917,0.4156385064125061,-0.009194028563797474,0.5702539682388306,0.40952497720718384,-0.0008595255785621703,0.5651245713233948,0.4138736426830292,-0.009893915615975857,0.5726798176765442,0.37366318702697754,0.004849188029766083,0.5818428993225098,0.3780660629272461,0.011230213567614555,0.57255619764328,0.3990324139595032,-0.0031200088560581207,0.5903042554855347,0.27057260274887085,0.014200632460415363,0.590438961982727,0.28575265407562256,0.005235997494310141,0.5881099700927734,0.3049471974372864,-0.0007353551918640733,0.5688512325286865,0.4504394233226776,0.018542980775237083,0.5664333701133728,0.3124753534793854,-0.01961112581193447,0.5683588981628418,0.2862887978553772,-0.019980859011411667,0.5678519606590271,0.26216548681259155,-0.01830580085515976,0.5835891366004944,0.34581446647644043,0.018065037205815315,0.5941113233566284,0.3526548147201538,0.033624421805143356,0.5605822801589966,0.3477197289466858,0.0040734438225626945,0.5903159379959106,0.3296585977077484,0.022017087787389755,0.5648040175437927,0.365163117647171,-0.005359492730349302,0.5729582905769348,0.4005867838859558,-0.016573933884501457,0.5988692045211792,0.356732040643692,0.044745590537786484,0.5939080715179443,0.3609059751033783,0.02775372751057148,0.589489221572876,0.36650198698043823,0.01930386759340763,0.5793830752372742,0.36722514033317566,0.01213680487126112,0.5712584257125854,0.3646836280822754,0.00679782684892416,0.565870463848114,0.36149972677230835,0.0017167965415865183,0.5599105954170227,0.35573673248291016,-0.017558667808771133,0.5996847152709961,0.3760696053504944,0.046086009591817856,0.5934906601905823,0.3278227150440216,0.026313040405511856,0.5643975734710693,0.41432690620422363,-0.025511177256703377,0.5684943795204163,0.38017168641090393,-0.002156532136723399,0.5910351872444153,0.3318328261375427,0.08247213065624237,0.5621256232261658,0.35768115520477295,-0.001851321430876851,0.5714185237884521,0.39839446544647217,0.0030037183314561844,0.5862783193588257,0.33524131774902344,0.023744313046336174,0.571506142616272,0.3935736417770386,-0.01507414598017931,0.5856403112411499,0.39215782284736633,0.09378397464752197,0.5595420598983765,0.34416213631629944,0.005183380097150803,0.5694606900215149,0.3904268443584442,-0.023188862949609756,0.580826997756958,0.44315311312675476,0.054386455565690994,0.5758448243141174,0.4500792324542999,0.067186638712883,0.5963307619094849,0.3736800253391266,0.07085523754358292,0.5858195424079895,0.42947596311569214,0.06345241516828537,0.596595048904419,0.319090873003006,0.04974495619535446,0.5659172534942627,0.47766563296318054,0.030735807493329048,0.5622219443321228,0.41573312878608704,-0.0173477903008461,0.572367787361145,0.38531050086021423,0.0029093895573168993,0.5938448309898376,0.3392142057418823,0.04311351850628853,0.579564094543457,0.34358325600624084,0.013130869716405869,0.5745847225189209,0.3456694483757019,0.00981051567941904,0.5676517486572266,0.44119831919670105,0.017363687977194786,0.5973948836326599,0.3935241401195526,0.05035457760095596,0.5569269061088562,0.49122345447540283,0.029587123543024063,0.5668950080871582,0.47390216588974,0.04700222983956337,0.5706614255905151,0.4637700319290161,0.05600825324654579,0.5690545439720154,0.3460078239440918,0.007302893325686455,0.5639658570289612,0.3451481759548187,0.006182997953146696,0.5609257817268372,0.34473973512649536,0.006005489733070135,0.594948410987854,0.3245524764060974,0.03388955816626549,0.5640597939491272,0.33518826961517334,0.004249179270118475,0.5692675113677979,0.3310891091823578,0.004946895409375429,0.5752465128898621,0.32947733998298645,0.007307927589863539,0.5802411437034607,0.33015379309654236,0.011106041260063648,0.582739531993866,0.3321141004562378,0.014595070853829384,0.594195544719696,0.31204450130462646,0.06793736666440964,0.582192599773407,0.3409222364425659,0.01639140397310257,0.5714108943939209,0.4217396080493927,0.0029798250179737806,0.5707342028617859,0.4069770574569702,-0.010651640594005585,0.5641923546791077,0.42277663946151733,-0.007107519078999758,0.57493656873703,0.45599010586738586,0.04701364040374756,0.5702170729637146,0.4665220379829407,0.039314936846494675,0.5595219731330872,0.4868030250072479,0.02177608199417591,0.5790423154830933,0.4346410632133484,0.0799240991473198,0.5609662532806396,0.34061917662620544,0.004746175836771727,0.5646461248397827,0.3708953261375427,-0.015383774414658546,0.562868058681488,0.4835313558578491,0.037699777632951736,0.5937497615814209,0.3930501341819763,0.07223927974700928,0.5621277689933777,0.44239452481269836,0.005376535467803478,0.5634213089942932,0.4446636736392975,0.005486530251801014,0.5641857981681824,0.447634220123291,0.005509341135621071,0.5642932653427124,0.4514095187187195,0.007377127185463905,0.5645014643669128,0.45793598890304565,0.014128710143268108,0.5664975047111511,0.4383447766304016,0.01379841286689043,0.5676310062408447,0.437164843082428,0.014534253627061844,0.5686365962028503,0.43593260645866394,0.014973030425608158,0.5769179463386536,0.42839643359184265,0.01703936979174614,0.5944789052009583,0.40195953845977783,0.034615032374858856,0.5622584819793701,0.3599528670310974,-0.011164030060172081,0.5584473609924316,0.3381158411502838,-0.0032590138725936413,0.559902012348175,0.3378576934337616,0.001615552813746035,0.5652619004249573,0.4395197629928589,0.014393155463039875,0.5896023511886597,0.4203953146934509,0.04793132096529007,0.5574364066123962,0.33984529972076416,-0.013073388487100601,0.5655274987220764,0.46382081508636475,0.019553018733859062,0.5621764659881592,0.36762574315071106,-0.022431455552577972,0.5683400630950928,0.3847350776195526,-0.01170789822936058,0.5592543482780457,0.4714791774749756,0.01351136900484562,0.5754271149635315,0.44460606575012207,0.028316328302025795,0.5753811597824097,0.404131144285202,0.007507961243391037,0.5704275369644165,0.45481473207473755,0.024538246914744377,0.5873239040374756,0.3995841145515442,0.015463328920304775,0.5799643397331238,0.4116222858428955,0.012589957565069199,0.589279055595398,0.4113886058330536,0.024855898693203926,0.5603561401367188,0.4800768494606018,0.016740428283810616,0.5694828033447266,0.38821491599082947,-0.005087109282612801,0.5770849585533142,0.4487241506576538,0.03733460605144501,0.5713121294975281,0.45981037616729736,0.03191404789686203,0.5807035565376282,0.4337015151977539,0.029412727802991867,0.593716025352478,0.4079863429069519,0.05414160341024399,0.5845670104026794,0.43222734332084656,0.03802787512540817,0.590153694152832,0.411348819732666,0.07174340635538101,0.5823094248771667,0.4207092523574829,0.01952391490340233,0.5663901567459106,0.3753860592842102,-0.008295169100165367,0.5718745589256287,0.4054107367992401,-0.018047478049993515,0.5726667642593384,0.40549683570861816,-0.010108629241585732,0.5712757706642151,0.40068891644477844,-0.023968279361724854,0.5635924339294434,0.3286593556404114,-0.0041865515522658825,0.5736193656921387,0.3216747045516968,-0.0020279332529753447,0.5820990204811096,0.3197607398033142,0.0023638810962438583,0.58799809217453,0.3206995129585266,0.008535935543477535,0.5906373262405396,0.3239365816116333,0.014832661487162113,0.5889695882797241,0.3373200297355652,0.027853751555085182,0.596968412399292,0.35473155975341797,0.06692898273468018,0.5881351828575134,0.35214507579803467,0.023057283833622932,0.5840874314308167,0.35650691390037537,0.017192751169204712,0.5768216848373413,0.35809221863746643,0.011754299513995647,0.5694102048873901,0.35719722509384155,0.007189223077148199,0.5641234517097473,0.3550420105457306,0.0037800981663167477,0.5608429908752441,0.35285454988479614,0.0013010675320401788,0.5884678959846497,0.3511398136615753,0.0902986228466034,0.5714849829673767,0.4070143401622772,-0.006893562152981758,0.5667155981063843,0.3805736303329468,-0.01844925992190838,0.5701149106025696,0.407652884721756,-0.024364950135350227,0.5662663578987122,0.4119322597980499,-0.022571688517928123,0.5690027475357056,0.4086078405380249,-0.021216457709670067,0.5697247982025146,0.40946879982948303,-0.005252464674413204,0.5657825469970703,0.41328293085098267,-0.024370940402150154,0.5637633800506592,0.41469433903694153,-0.017064986750483513,0.5585585236549377,0.3450663685798645,0.0029528597369790077,0.5580844283103943,0.3483459949493408,-0.002027819398790598,0.5589855909347534,0.35109853744506836,-0.006568361073732376,0.5838534235954285,0.3337458372116089,0.017761673778295517,0.5876238942146301,0.3301953375339508,0.018914518877863884,0.5082988142967224,0.3460353910923004,-0.01753249391913414,0.5159779787063599,0.345416396856308,-0.01753249391913414,0.5080000162124634,0.3355153501033783,-0.01753249391913414,0.5004106760025024,0.34659701585769653,-0.01753249391913414,0.5085958242416382,0.3565308451652527,-0.01753249391913414,0.5693936347961426,0.3377634882926941,0.010559980757534504,0.5764887928962708,0.3367256224155426,0.010559980757534504,0.5686896443367004,0.32861244678497314,0.010559980757534504,0.5623325705528259,0.33884450793266296,0.010559980757534504,0.5701697468757629,0.3470189869403839,0.010559980757534504
1633.3333333333323,0.5576727390289307,0.43728315830230713,-0.010133983567357063,0.5630771517753601,0.41112256050109863,-0.030810486525297165,0.5575851202011108,0.41725799441337585,-0.013464820571243763,0.5541626214981079,0.37932825088500977,-0.03008117713034153,0.5635550618171692,0.4021492302417755,-0.034127745777368546,0.5618201494216919,0.38906848430633545,-0.03348452225327492,0.5551201701164246,0.3547646701335907,-0.02292582578957081,0.4993336498737335,0.35071858763694763,-0.018261728808283806,0.5529702305793762,0.3269108533859253,-0.022497138008475304,0.5532132983207703,0.31366831064224243,-0.026070496067404747,0.5492607355117798,0.26342299580574036,-0.027564965188503265,0.5573197603225708,0.44023847579956055,-0.008783788420259953,0.5564208030700684,0.44314736127853394,-0.006406879052519798,0.5552788376808167,0.4451329708099365,-0.002777350600808859,0.5552177429199219,0.44515371322631836,-0.002062651328742504,0.5556416511535645,0.4490639865398407,-0.0017874854383990169,0.5555710792541504,0.45351293683052063,-0.0021470682695508003,0.5547597408294678,0.4579453468322754,-0.0001629372563911602,0.551892101764679,0.4663900136947632,0.007228253874927759,0.561490535736084,0.41500332951545715,-0.027115100994706154,0.5530737638473511,0.4148409068584442,-0.020644687116146088,0.45888751745224,0.30706512928009033,-0.006520914379507303,0.5205132365226746,0.35858699679374695,-0.017014730721712112,0.5138036608695984,0.3599611520767212,-0.018855299800634384,0.5067327618598938,0.35998767614364624,-0.01941477321088314,0.49576449394226074,0.3537725508213043,-0.01774492859840393,0.5260464549064636,0.35619592666625977,-0.014086424373090267,0.5099859237670898,0.32999980449676514,-0.02519930712878704,0.5180912017822266,0.3309091031551361,-0.022313503548502922,0.502324104309082,0.3323010802268982,-0.025039060041308403,0.4969261586666107,0.3365991711616516,-0.023576728999614716,0.4896288812160492,0.360361784696579,-0.01522473432123661,0.5275866389274597,0.48039543628692627,0.008089736104011536,0.4959210753440857,0.3473198711872101,-0.01733495481312275,0.4585930407047272,0.35145869851112366,0.003090595593675971,0.4795287847518921,0.3536006212234497,-0.012828612700104713,0.519392192363739,0.3990243077278137,-0.015820732340216637,0.5498912334442139,0.43671393394470215,-0.012536532245576382,0.5488604307174683,0.44357481598854065,-0.008282930590212345,0.5402978658676147,0.4394100606441498,-0.011854645796120167,0.5328192710876465,0.4409773051738739,-0.00923633947968483,0.5409795641899109,0.44382405281066895,-0.00849098339676857,0.5341446399688721,0.44366511702537537,-0.005911382380872965,0.5206724405288696,0.45130813121795654,0.0008265142096206546,0.5579069256782532,0.4115454852581024,-0.03196287527680397,0.5576010346412659,0.40270963311195374,-0.03535393625497818,0.4876628518104553,0.3308461308479309,-0.027142640203237534,0.5321250557899475,0.3743109107017517,-0.016388380900025368,0.5376632809638977,0.40680867433547974,-0.023113852366805077,0.5361595153808594,0.40091341733932495,-0.02222098782658577,0.4953482449054718,0.3982561230659485,-0.016371194273233414,0.5560592412948608,0.3903534412384033,-0.03405613824725151,0.5085400938987732,0.3204686939716339,-0.03232245147228241,0.49697065353393555,0.3238402009010315,-0.030926503241062164,0.4706697463989258,0.29050272703170776,-0.018174169585108757,0.5391855239868164,0.32892730832099915,-0.02623862773180008,0.5246694684028625,0.33521318435668945,-0.01789838820695877,0.5157357454299927,0.4434654116630554,-0.0019331983057782054,0.46169668436050415,0.43536633253097534,0.03730614110827446,0.5418584942817688,0.4118838310241699,-0.01817372813820839,0.5471982955932617,0.4141354560852051,-0.015217275358736515,0.5217442512512207,0.44235196709632874,-0.0007587805739603937,0.5234369039535522,0.4427955746650696,-0.0010267336620017886,0.49223729968070984,0.31764715909957886,-0.030461272224783897,0.5358937382698059,0.40951743721961975,-0.01891854777932167,0.5226564407348633,0.32174986600875854,-0.030861224979162216,0.5218493342399597,0.3138846158981323,-0.03380158543586731,0.5078716278076172,0.2691105902194977,-0.03382263332605362,0.482242226600647,0.3036808967590332,-0.02580052986741066,0.5160910487174988,0.2903398275375366,-0.03469856455922127,0.48148313164711,0.3260335922241211,-0.024370212107896805,0.47080591320991516,0.3168658912181854,-0.016324520111083984,0.5494260191917419,0.44041556119918823,-0.011177712120115757,0.5407007336616516,0.44166263937950134,-0.010387497954070568,0.5335387587547302,0.4423070549964905,-0.007952393032610416,0.542945921421051,0.41303128004074097,-0.015651125460863113,0.522632896900177,0.4425814747810364,-0.0007913259323686361,0.5270254015922546,0.4454382658004761,-0.0019283888395875692,0.5242690443992615,0.4429928660392761,-0.0009136719163507223,0.5474830269813538,0.41086509823799133,-0.026791155338287354,0.5344492197036743,0.4446985721588135,-0.004022659733891487,0.5410849452018738,0.4453188180923462,-0.0050219823606312275,0.5482566356658936,0.44553834199905396,-0.004914410412311554,0.5435274839401245,0.46701234579086304,0.0047595626674592495,0.546635627746582,0.45821812748908997,-0.002738102339208126,0.5475611090660095,0.45370930433273315,-0.0045991623774170876,0.5480753779411316,0.44928592443466187,-0.0041590346954762936,0.5482607483863831,0.4456133544445038,-0.004200891125947237,0.534439206123352,0.4447828531265259,-0.0034256610088050365,0.5335803031921387,0.44632381200790405,-0.0035505916457623243,0.5323969721794128,0.4484861493110657,-0.003985264338552952,0.5312318205833435,0.45090293884277344,-0.002990555018186569,0.5267682075500488,0.4310862720012665,-0.010027064941823483,0.4500218331813812,0.3888988196849823,0.034592196345329285,0.5597268342971802,0.4163433015346527,-0.018530532717704773,0.5292258262634277,0.4439883232116699,-0.0019653639756143093,0.5282586216926575,0.44462576508522034,-0.001963467337191105,0.549372136592865,0.41726455092430115,-0.014399019069969654,0.536791980266571,0.41380950808525085,-0.011955936439335346,0.5483709573745728,0.41577279567718506,-0.015002017840743065,0.5246987342834473,0.3796345591545105,-0.016010848805308342,0.5134546756744385,0.3866988718509674,-0.0170599315315485,0.5339043736457825,0.40409019589424133,-0.018367579206824303,0.48655062913894653,0.2775837779045105,-0.027679815888404846,0.4967941641807556,0.29441916942596436,-0.03163067623972893,0.5059637427330017,0.31289923191070557,-0.03371041268110275,0.5270684361457825,0.45804035663604736,0.0010326739866286516,0.5378090143203735,0.316276490688324,-0.031047727912664413,0.5336838960647583,0.2895153760910034,-0.033368732780218124,0.5279654860496521,0.26485466957092285,-0.033379022032022476,0.4999426305294037,0.3580109477043152,-0.018769768998026848,0.4812762141227722,0.3676569163799286,-0.01316484622657299,0.5297414064407349,0.3539847433567047,-0.012690559029579163,0.4892409145832062,0.3419532775878906,-0.02101689949631691,0.5375471115112305,0.3686579465866089,-0.01782311499118805,0.5435550808906555,0.40475746989250183,-0.028255140408873558,0.47116023302078247,0.37270110845565796,-0.008201587945222855,0.4883353114128113,0.3747618496417999,-0.016146326437592506,0.49951714277267456,0.37826716899871826,-0.017957225441932678,0.513618528842926,0.3759656250476837,-0.016377469524741173,0.5230752825737,0.37147581577301025,-0.014836570248007774,0.5299249291419983,0.3670337498188019,-0.014472544193267822,0.548835277557373,0.35723015666007996,-0.02300199307501316,0.4730340540409088,0.39304494857788086,-0.006507788319140673,0.4827461540699005,0.3410143554210663,-0.02067771553993225,0.5582759976387024,0.41523781418800354,-0.028084812685847282,0.5343689322471619,0.38442161679267883,-0.017065202817320824,0.4482010006904602,0.34643957018852234,0.021288186311721802,0.5355376601219177,0.3623039424419403,-0.014541065320372581,0.5314598083496094,0.40347525477409363,-0.012242765165865421,0.49255016446113586,0.34774428606033325,-0.017018334940075874,0.5418716669082642,0.397503137588501,-0.026970338076353073,0.45376694202423096,0.4117916524410248,0.037222057580947876,0.5289413332939148,0.3507899343967438,-0.012384764850139618,0.5492106676101685,0.39311710000038147,-0.03188250586390495,0.49084988236427307,0.4616100788116455,0.015729423612356186,0.48690056800842285,0.46922746300697327,0.02752799540758133,0.45900678634643555,0.39241448044776917,0.013492366299033165,0.47827133536338806,0.4492264986038208,0.01778576336801052,0.4636912941932678,0.3325788080692291,-0.005452892277389765,0.5254230499267578,0.488463431596756,0.012665512971580029,0.5571573376655579,0.4162704646587372,-0.018933095037937164,0.5276339054107666,0.3909141719341278,-0.015466812066733837,0.47126680612564087,0.35494664311408997,-0.008991973474621773,0.5077193975448608,0.35469144582748413,-0.019415434449911118,0.5140067934989929,0.35488685965538025,-0.018972454592585564,0.5257632732391357,0.44642025232315063,-0.0013700594427064061,0.4739052951335907,0.4114857316017151,-0.00014664902118965983,0.5356806516647339,0.4972052574157715,0.01954788900911808,0.5133028626441956,0.48824450373649597,0.021670926362276077,0.5017666816711426,0.48083972930908203,0.02394242398440838,0.5517926216125488,0.28889089822769165,-0.028098050504922867,0.5475956797599792,0.4960029125213623,0.023188861086964607,0.5194234251976013,0.3536566197872162,-0.017237568274140358,0.5243955254554749,0.3520156443119049,-0.014921161346137524,0.5276021957397461,0.35136374831199646,-0.012957391329109669,0.47524651885032654,0.3382922410964966,-0.016695598140358925,0.5224930047988892,0.34182101488113403,-0.017372332513332367,0.5164629817008972,0.3379151523113251,-0.020235469564795494,0.5104531049728394,0.3375122845172882,-0.0219909455627203,0.5043100118637085,0.3395406901836395,-0.022201567888259888,0.5003455281257629,0.34261077642440796,-0.021103186532855034,0.4517730474472046,0.3246273696422577,0.007976178079843521,0.5029774308204651,0.3530295193195343,-0.018965572118759155,0.5567835569381714,0.4235897958278656,-0.010785668157041073,0.5345242023468018,0.4266735315322876,-0.011763965710997581,0.5426780581474304,0.41117382049560547,-0.020749446004629135,0.5483774542808533,0.424747496843338,-0.013188311830163002,0.5528631210327148,0.34009477496147156,-0.020605619996786118,0.5031158328056335,0.47262629866600037,0.01589498482644558,0.5140138864517212,0.48081058263778687,0.014911116100847721,0.5376884341239929,0.49269798398017883,0.012072433717548847,0.47356152534484863,0.454748272895813,0.03303474187850952,0.526940107345581,0.34755459427833557,-0.014578614383935928,0.545743465423584,0.3733620047569275,-0.02384384721517563,0.5497697591781616,0.4914166331291199,0.015890294685959816,0.5246955752372742,0.4942154288291931,0.018992887809872627,0.46163415908813477,0.41292545199394226,0.017466209828853607,0.5410956740379333,0.4454173445701599,-0.004349354188889265,0.5403697490692139,0.4481717646121979,-0.004556368105113506,0.5395362377166748,0.451619029045105,-0.005081240553408861,0.5386478900909424,0.4556201696395874,-0.003731107572093606,0.5346226692199707,0.4636676013469696,0.0015954541740939021,0.5282637476921082,0.4431678056716919,-0.0036077462136745453,0.5273222923278809,0.44242677092552185,-0.0045949602499604225,0.5264595150947571,0.4416581690311432,-0.00553039088845253,0.5200173854827881,0.436705619096756,-0.00720819178968668,0.4875572919845581,0.4176482856273651,-0.007963739335536957,0.543281614780426,0.36236506700515747,-0.020004043355584145,0.5353599786758423,0.34316012263298035,-0.014488606713712215,0.530121386051178,0.3438357710838318,-0.014576081186532974,0.5291470885276794,0.44388651847839355,-0.0023671980015933514,0.4848408102989197,0.43800899386405945,0.004996445961296558,0.5434560179710388,0.3433225452899933,-0.01987866498529911,0.5306494235992432,0.47163546085357666,0.005393104627728462,0.5595622658729553,0.37770241498947144,-0.029739229008555412,0.5515695810317993,0.3690873086452484,-0.02702207863330841,0.5574450492858887,0.36692187190055847,-0.026313839480280876,0.5413798093795776,0.38817599415779114,-0.022661544382572174,0.5510326623916626,0.4840330183506012,0.01100863702595234,0.5513946413993835,0.47452959418296814,0.009227849543094635,0.5414863228797913,0.4755127727985382,0.006795660592615604,0.514129102230072,0.45612993836402893,0.0031529755797237158,0.5252137184143066,0.41072291135787964,-0.011528600007295609,0.5215787291526794,0.4650029242038727,0.004762429278343916,0.5077093243598938,0.4106772840023041,-0.015049601905047894,0.5185498595237732,0.4202176332473755,-0.01125079020857811,0.5002056956291199,0.4248672127723694,-0.009906805120408535,0.539600670337677,0.48519203066825867,0.00768326735123992,0.535946249961853,0.39242759346961975,-0.01877160742878914,0.5072270631790161,0.4634837210178375,0.008059411309659481,0.5173077583312988,0.4724353551864624,0.009521709755063057,0.5084663033485413,0.44587311148643494,-0.001264470862224698,0.47556474804878235,0.4265834093093872,0.0059880404733121395,0.497291624546051,0.4480286240577698,0.0021920818835496902,0.46714696288108826,0.43169569969177246,0.019900215789675713,0.5120090246200562,0.431091845035553,-0.008658462204039097,0.5399987697601318,0.378743439912796,-0.020175350829958916,0.5458704829216003,0.40947583317756653,-0.028682652860879898,0.5399472117424011,0.41024917364120483,-0.02221294678747654,0.5505868792533875,0.40372487902641296,-0.032424669712781906,0.5308042764663696,0.33465635776519775,-0.019661812111735344,0.5201840996742249,0.32848718762397766,-0.024913104251027107,0.5100213885307312,0.32717055082321167,-0.02767931856215,0.5009466409683228,0.3294216990470886,-0.02774500660598278,0.4937185049057007,0.3343343138694763,-0.025678208097815514,0.48721447587013245,0.3507594168186188,-0.015602447092533112,0.45783451199531555,0.37199801206588745,0.008052907884120941,0.4947408437728882,0.36466851830482483,-0.01653710938990116,0.5034046173095703,0.367613822221756,-0.01731020025908947,0.5132492184638977,0.3670664131641388,-0.01661561243236065,0.5216737985610962,0.3643146753311157,-0.015152383595705032,0.527938187122345,0.36107268929481506,-0.01311617810279131,0.5325034856796265,0.35820838809013367,-0.012487812899053097,0.44846129417419434,0.3673272430896759,0.029573814943432808,0.538931131362915,0.4116133749485016,-0.01875189132988453,0.5478746891021729,0.38305455446243286,-0.02706647478044033,0.552289605140686,0.4106629192829132,-0.03117629699409008,0.5538108348846436,0.41418951749801636,-0.026535730808973312,0.5507670044898987,0.41174644231796265,-0.028170093894004822,0.5397942662239075,0.41347432136535645,-0.015164460986852646,0.5558640956878662,0.4149385392665863,-0.027594057843089104,0.5548329949378967,0.41602542996406555,-0.019770927727222443,0.5318470597267151,0.3510414659976959,-0.011635735630989075,0.5361152291297913,0.3530508577823639,-0.012919658794999123,0.5397659540176392,0.3550543189048767,-0.015619812533259392,0.4979701340198517,0.3450700044631958,-0.01954565942287445,0.49328020215034485,0.34169819951057434,-0.02070757746696472,0.5637699365615845,0.37808769941329956,-0.02500077523291111,0.5833567976951599,0.3383919596672058,0.019120868295431137,0.5646794438362122,0.41284939646720886,-0.016761405393481255,0.5949021577835083,0.29693228006362915,0.05088215321302414,0.5680872797966003,0.35093021392822266,0.006988962180912495,0.5742905139923096,0.35057711601257324,0.010034909471869469,0.5798161029815674,0.3490082919597626,0.01393571961671114,0.5845639705657959,0.34142372012138367,0.02179168164730072,0.5632558465003967,0.34933969378471375,0.00488186813890934,0.5782389640808105,0.32311639189720154,0.005127341952174902,0.5710656642913818,0.32486656308174133,0.001606820966117084,0.5839165449142456,0.324074923992157,0.009943376295268536,0.5866829752922058,0.32709312438964844,0.014190458692610264,0.589067816734314,0.34728413820266724,0.027381448075175285,0.5667972564697266,0.4708227515220642,0.02510962262749672,0.5843905210494995,0.3353501856327057,0.02179758809506893,0.5961293578147888,0.3367138206958771,0.061400771141052246,0.5919458866119385,0.3391963243484497,0.03504350781440735,0.5791501402854919,0.39132919907569885,0.008159155026078224,0.5632497668266296,0.43438854813575745,-0.006627339869737625,0.560970664024353,0.4414950907230377,-0.0028671110048890114,0.5666710138320923,0.43410903215408325,0.0004265276074875146,0.5683183073997498,0.4346957206726074,0.0077278888784348965,0.5638709664344788,0.43991175293922424,0.00212296936661005,0.565678596496582,0.4387780427932739,0.008349011652171612,0.5722013115882874,0.44270944595336914,0.022817358374595642,0.5671500563621521,0.40992608666419983,-0.028724879026412964,0.5682836174964905,0.40121978521347046,-0.031480561941862106,0.5948060750961304,0.31976747512817383,0.01788884401321411,0.5674428343772888,0.37001892924308777,-0.000721565040294081,0.5734055638313293,0.4016342759132385,-0.00860318262130022,0.5724644660949707,0.3959614038467407,-0.007240551523864269,0.5931949615478516,0.38546690344810486,0.023696238175034523,0.5662671327590942,0.3890129625797272,-0.02911585010588169,0.586682140827179,0.3132900893688202,-0.0008817267371341586,0.5924085974693298,0.31482335925102234,0.008333164267241955,0.5940535068511963,0.2822871506214142,0.033341437578201294,0.5634534955024719,0.32482194900512695,-0.015732116997241974,0.5647391676902771,0.32938459515571594,0.0014083735877647996,0.5765106081962585,0.4339418411254883,0.024877015501260757,0.5821508765220642,0.41557297110557556,0.0906490683555603,0.5696126222610474,0.4076935350894928,-0.007556947413831949,0.5658222436904907,0.41168543696403503,-0.00989051628857851,0.569165050983429,0.43667715787887573,0.022265387699007988,0.5681472420692444,0.43730220198631287,0.019129283726215363,0.5943560004234314,0.3079596161842346,0.01127400528639555,0.5722643733024597,0.4044753313064575,-0.004736145492643118,0.5773922801017761,0.31574589014053345,-0.009288273751735687,0.5788776874542236,0.3077428340911865,-0.011653492227196693,0.5807524919509888,0.26516586542129517,-0.004211059305816889,0.5950558185577393,0.29379451274871826,0.020250597968697548,0.5806899666786194,0.2852184772491455,-0.009201186709105968,0.5964232683181763,0.31430232524871826,0.023771854117512703,0.5966673493385315,0.3053201138973236,0.03588288277387619,0.5623792409896851,0.4382605254650116,-0.0053237141110002995,0.5653912425041199,0.437223345041275,0.0011044821003451943,0.5671194195747375,0.4367653429508209,0.007501821964979172,0.56821209192276,0.4093102812767029,-0.006895172409713268,0.5686535835266113,0.4370037615299225,0.020457319915294647,0.5676354765892029,0.44014042615890503,0.015836793929338455,0.5676143765449524,0.4376201033592224,0.0186610110104084,0.5697526335716248,0.40714767575263977,-0.016882171854376793,0.5643022060394287,0.4404451549053192,0.00947632547467947,0.5623781085014343,0.4420239329338074,0.004923575557768345,0.5594972968101501,0.44371533393859863,0.0005939576076343656,0.5585399866104126,0.46413981914520264,0.010152770206332207,0.5604622960090637,0.45564988255500793,0.0029883214738219976,0.5609448552131653,0.45124924182891846,0.0013411050895228982,0.5605068802833557,0.4471215307712555,0.0016924003139138222,0.5593917965888977,0.4437806010246277,0.0013612238690257072,0.5642340779304504,0.4405917525291443,0.010087644681334496,0.5654640197753906,0.4418410658836365,0.009929761290550232,0.566459059715271,0.4435581862926483,0.010021926835179329,0.5669946670532227,0.44575822353363037,0.01216948963701725,0.57476806640625,0.42410868406295776,0.009671613574028015,0.587437629699707,0.3715299367904663,0.09433277696371078,0.5657251477241516,0.43923327326774597,0.015093346126377583,0.5667997598648071,0.4396107494831085,0.015123840421438217,0.5638730525970459,0.41551876068115234,-0.009116983972489834,0.5699412822723389,0.40941643714904785,-0.0007056211470626295,0.5648186802864075,0.4137498140335083,-0.00984086561948061,0.5724156498908997,0.37383848428726196,0.005060635041445494,0.5816271901130676,0.37825751304626465,0.011526363901793957,0.5722522735595703,0.39896902441978455,-0.002941374434158206,0.5901945233345032,0.2713589370250702,0.014361304230988026,0.5903261303901672,0.2865537405014038,0.005438670050352812,0.588386595249176,0.3050776720046997,-0.0005602066521532834,0.5687516927719116,0.45031917095184326,0.018977981060743332,0.5663715600967407,0.3123460114002228,-0.019701950252056122,0.5681414008140564,0.28686487674713135,-0.02007921226322651,0.5675957798957825,0.26278960704803467,-0.018398985266685486,0.5832353830337524,0.3458833396434784,0.018403714522719383,0.5935875773429871,0.35302498936653137,0.0341050885617733,0.5602876543998718,0.34751513600349426,0.004193540196865797,0.5902559757232666,0.32998910546302795,0.022393694147467613,0.564522922039032,0.365357369184494,-0.00526925316080451,0.5726801156997681,0.4004897475242615,-0.016465013846755028,0.5987526774406433,0.3572215139865875,0.04531921073794365,0.593153715133667,0.3612254559993744,0.028219984844326973,0.588628888130188,0.3667835593223572,0.019710922613739967,0.5785930156707764,0.3674100637435913,0.012435090728104115,0.5705730319023132,0.36478593945503235,0.007016858551651239,0.5652686953544617,0.3615797460079193,0.0018567274091765285,0.559681236743927,0.3559359610080719,-0.017612650990486145,0.5995508432388306,0.3764926791191101,0.046698249876499176,0.5934857130050659,0.3281629979610443,0.02672436088323593,0.5641465187072754,0.41415587067604065,-0.02550230734050274,0.5682286024093628,0.3802703320980072,-0.0020022199023514986,0.5909430384635925,0.33244743943214417,0.08295406401157379,0.5615772604942322,0.3577241003513336,-0.0017683254554867744,0.5711060762405396,0.39835309982299805,0.003214953700080514,0.586139440536499,0.3354722261428833,0.024115458130836487,0.571233332157135,0.3935330808162689,-0.014963273890316486,0.5855787992477417,0.3927616775035858,0.09433313459157944,0.559383749961853,0.34394529461860657,0.0052979448810219765,0.5692169070243835,0.3904028832912445,-0.02313283644616604,0.5807870626449585,0.44335246086120605,0.05503323674201965,0.5757788419723511,0.45039042830467224,0.06769897043704987,0.5962092280387878,0.37422195076942444,0.07156488299369812,0.5857915878295898,0.42980578541755676,0.06414292752742767,0.5964820384979248,0.31979650259017944,0.05027124658226967,0.5659265518188477,0.4777231216430664,0.031181445345282555,0.5619513988494873,0.41557368636131287,-0.017342330887913704,0.5721006989479065,0.3853972554206848,0.0031214558985084295,0.5937662124633789,0.3395366966724396,0.043632760643959045,0.5792705416679382,0.34344005584716797,0.013420606032013893,0.5742563605308533,0.34538549184799194,0.010061073116958141,0.5682656168937683,0.44097191095352173,0.017795899882912636,0.5972838997840881,0.3939080536365509,0.050989292562007904,0.5569145679473877,0.49134141206741333,0.029849106445908546,0.5668564438819885,0.4740961492061615,0.04741394892334938,0.5706100463867188,0.46399742364883423,0.05647923797369003,0.5687476396560669,0.3456326425075531,0.007500907871872187,0.563715398311615,0.34479406476020813,0.006339852698147297,0.5607149004936218,0.34444570541381836,0.006133087445050478,0.5950419306755066,0.32486197352409363,0.03434865176677704,0.5641670823097229,0.33550605177879333,0.004391194321215153,0.5694590210914612,0.33167341351509094,0.005110349040478468,0.5753685832023621,0.33017364144325256,0.007516535930335522,0.5802612900733948,0.3308030962944031,0.011364934965968132,0.5827041268348694,0.332614004611969,0.014893990010023117,0.59404057264328,0.3127155601978302,0.06834235787391663,0.5819562673568726,0.3408982455730438,0.01670658588409424,0.5712044835090637,0.42158788442611694,0.0032348595559597015,0.570418655872345,0.40685567259788513,-0.010545863769948483,0.5639596581459045,0.42262494564056396,-0.00698227109387517,0.574898362159729,0.4561178982257843,0.047595325857400894,0.5701971650123596,0.4666012227535248,0.03982645645737648,0.559542179107666,0.48682379722595215,0.022122323513031006,0.5789875388145447,0.43508297204971313,0.08044040203094482,0.5609093308448792,0.34060221910476685,0.004873023834079504,0.5644046068191528,0.3710331320762634,-0.015348314307630062,0.5628621578216553,0.4836786389350891,0.03805019333958626,0.5936587452888489,0.39355477690696716,0.07295886427164078,0.5622910261154175,0.4421558380126953,0.005656547378748655,0.563592255115509,0.44447705149650574,0.0057640415616333485,0.5643814206123352,0.447509229183197,0.005815332755446434,0.5645275712013245,0.4513685703277588,0.0077156079933047295,0.5644093155860901,0.45785436034202576,0.014507666230201721,0.5670068264007568,0.43788835406303406,0.014154165051877499,0.5681229829788208,0.4367327392101288,0.014913110062479973,0.5691206455230713,0.4355168640613556,0.015369847416877747,0.5768223404884338,0.4282221496105194,0.017481008544564247,0.5943902730941772,0.4022064507007599,0.03515223413705826,0.5620036721229553,0.36015090346336365,-0.011148538440465927,0.5582177042961121,0.3379969596862793,-0.00322945648804307,0.5597758293151855,0.3377950191497803,0.0017141896532848477,0.5657511949539185,0.4391012489795685,0.014749585650861263,0.5895503163337708,0.420642226934433,0.04854804277420044,0.5570816993713379,0.33980053663253784,-0.013122246600687504,0.5654882192611694,0.4637889862060547,0.019957929849624634,0.5619530081748962,0.36776816844940186,-0.022465594112873077,0.5680794715881348,0.38478174805641174,-0.011610811576247215,0.5592224597930908,0.4714440703392029,0.013808379881083965,0.5753377676010132,0.4445362091064453,0.02882200852036476,0.5751062035560608,0.404106080532074,0.007786201313138008,0.5703524351119995,0.4547693729400635,0.02500123716890812,0.5871780514717102,0.39968597888946533,0.015864089131355286,0.5797832608222961,0.41159337759017944,0.012968684546649456,0.5891610980033875,0.41148439049720764,0.02535582147538662,0.5603758096694946,0.4800698161125183,0.017064670100808144,0.5692020058631897,0.38824352622032166,-0.004941989202052355,0.5770137906074524,0.44876784086227417,0.03788137435913086,0.5712790489196777,0.4598425030708313,0.03239680826663971,0.5806107521057129,0.43363070487976074,0.02993701957166195,0.5936462879180908,0.408346027135849,0.054788995534181595,0.5844833254814148,0.43231987953186035,0.03860148414969444,0.5901036262512207,0.41180527210235596,0.0724712386727333,0.5822012424468994,0.4206472635269165,0.019979188218712807,0.5661317110061646,0.3755035400390625,-0.008192269131541252,0.5715820789337158,0.4052812159061432,-0.01794801466166973,0.5723607540130615,0.4053816497325897,-0.009979208931326866,0.5710134506225586,0.4005821943283081,-0.0239202082157135,0.5634997487068176,0.3287026286125183,-0.004123359452933073,0.5736111402511597,0.3218594491481781,-0.0019084441009908915,0.5821080803871155,0.32006537914276123,0.0025523309595882893,0.5880049467086792,0.32110410928726196,0.008802462369203568,0.5906325578689575,0.3243360221385956,0.015161439776420593,0.5887832045555115,0.33754366636276245,0.028249692171812057,0.5968713164329529,0.35531362891197205,0.06761249154806137,0.587615966796875,0.3523487150669098,0.023457350209355354,0.5834714770317078,0.35666483640670776,0.01754244603216648,0.5762224793434143,0.358127236366272,0.012042192742228508,0.5688703656196594,0.35713115334510803,0.007418950088322163,0.5636398792266846,0.3549787998199463,0.003925558645278215,0.5604087710380554,0.35278767347335815,0.0014055183855816722,0.5883930921554565,0.35175615549087524,0.09082745015621185,0.5711676478385925,0.40689516067504883,-0.006762566510587931,0.5664751529693604,0.3806367814540863,-0.018399327993392944,0.5698370933532715,0.40749460458755493,-0.024309977889060974,0.5659783482551575,0.4117735028266907,-0.022546203806996346,0.5687129497528076,0.40845057368278503,-0.021157480776309967,0.5694044828414917,0.40935009717941284,-0.005134264472872019,0.5655161142349243,0.41311466693878174,-0.0243521761149168,0.5634780526161194,0.4145382344722748,-0.01704961061477661,0.5583329796791077,0.34487491846084595,0.0030407817102968693,0.5577224493026733,0.3482397496700287,-0.001977009465917945,0.5585271716117859,0.3510812520980835,-0.006559060886502266,0.5837951302528381,0.33409762382507324,0.018082743510603905,0.5875350832939148,0.3305376470088959,0.019259529188275337,0.5082255601882935,0.34647229313850403,-0.017967425286769867,0.5157604217529297,0.3457995057106018,-0.017967425286769867,0.507933497428894,0.33603009581565857,-0.017967425286769867,0.5004785060882568,0.34703323245048523,-0.017967425286769867,0.5085127353668213,0.356844425201416,-0.017967425286769867,0.5692353248596191,0.3380294740200043,0.010788205079734325,0.5763436555862427,0.33706557750701904,0.010788205079734325,0.5685533881187439,0.3287762701511383,0.010788205079734325,0.5621669292449951,0.3390309512615204,0.010788205079734325,0.5699900984764099,0.34737706184387207,0.010788205079734325
1666.6666666666656,0.5585406422615051,0.43585771322250366,-0.010095846839249134,0.5640138983726501,0.4091527760028839,-0.030455367639660835,0.5587021112442017,0.41520634293556213,-0.013200155459344387,0.5554380416870117,0.3773692548274994,-0.029730090871453285,0.5645430684089661,0.4002685546875,-0.03376151993870735,0.5629472136497498,0.3872228264808655,-0.03313402459025383,0.5566264390945435,0.35288670659065247,-0.022726381197571754,0.5004385709762573,0.34784120321273804,-0.01782698556780815,0.5546059608459473,0.32479047775268555,-0.022406524047255516,0.554882287979126,0.31152117252349854,-0.02601415291428566,0.5513887405395508,0.2611355185508728,-0.02763345278799534,0.5581549406051636,0.4388630986213684,-0.008774657733738422,0.5572847127914429,0.441689670085907,-0.006389534566551447,0.5562115907669067,0.44348660111427307,-0.0026987900491803885,0.5562114715576172,0.44354090094566345,-0.001937533961609006,0.5566282272338867,0.44752901792526245,-0.0015537914587184787,0.5565750598907471,0.4520564079284668,-0.0018194023286923766,0.5558391809463501,0.45655468106269836,0.0002620443410705775,0.5529015064239502,0.4643576741218567,0.007804194465279579,0.5624533891677856,0.41295620799064636,-0.026778725907206535,0.5543052554130554,0.4126872420310974,-0.020305942744016647,0.4612979590892792,0.30331361293792725,-0.006081964820623398,0.5215277075767517,0.35617688298225403,-0.016774550080299377,0.5147761702537537,0.3573836088180542,-0.018530990928411484,0.5077152252197266,0.3572305142879486,-0.01903381384909153,0.4969453811645508,0.3507517874240875,-0.01729661226272583,0.5271385312080383,0.35393238067626953,-0.013899984769523144,0.5113770961761475,0.3275884687900543,-0.02480480633676052,0.5194867849349976,0.3286929130554199,-0.022041546180844307,0.5036560297012329,0.3296085000038147,-0.024582872167229652,0.49822482466697693,0.33368629217147827,-0.023102981969714165,0.49090465903282166,0.35710155963897705,-0.0147555535659194,0.5286575555801392,0.47774168848991394,0.00870389025658369,0.49714088439941406,0.34438586235046387,-0.01689366064965725,0.4605253338813782,0.34782764315605164,0.003651742124930024,0.4811480641365051,0.350035697221756,-0.012298018671572208,0.5210283994674683,0.3965732753276825,-0.015409155748784542,0.5508077144622803,0.4348107874393463,-0.012398961000144482,0.5497240424156189,0.4418277442455292,-0.008223217912018299,0.5411614179611206,0.4372159540653229,-0.011691374704241753,0.5335671305656433,0.43859463930130005,-0.009143601171672344,0.5417771935462952,0.4418056607246399,-0.008436620235443115,0.5348369479179382,0.4414311349391937,-0.005908256396651268,0.5223938822746277,0.4489455223083496,0.001000234973616898,0.5589284896850586,0.40947869420051575,-0.03157025948166847,0.5586503744125366,0.4007374048233032,-0.03493563085794449,0.4890962839126587,0.3274692893028259,-0.026536256074905396,0.5337343811988831,0.371988445520401,-0.016138633713126183,0.5392584204673767,0.40457433462142944,-0.02267410047352314,0.5377973914146423,0.398712158203125,-0.02180442027747631,0.49707987904548645,0.39553362131118774,-0.015833664685487747,0.5572232007980347,0.3884096145629883,-0.03364347293972969,0.5097531080245972,0.3176800608634949,-0.03184662014245987,0.4982602000236511,0.3207367956638336,-0.030349094420671463,0.4730217754840851,0.28686970472335815,-0.01779397390782833,0.5404576659202576,0.32667383551597595,-0.026002993807196617,0.5260250568389893,0.33309078216552734,-0.01772666536271572,0.517572820186615,0.4411807656288147,-0.0017439776565879583,0.4630744457244873,0.43197622895240784,0.03778701648116112,0.5434495210647583,0.4096459150314331,-0.01782379299402237,0.5486356616020203,0.41195228695869446,-0.014899605885148048,0.5222829580307007,0.439784437417984,-0.0007166992872953415,0.5239800810813904,0.4403047263622284,-0.0010390253737568855,0.49373406171798706,0.31442975997924805,-0.02989593707025051,0.5375757217407227,0.40727654099464417,-0.01850660890340805,0.5238217115402222,0.31918373703956604,-0.030514972284436226,0.5231195688247681,0.31131452322006226,-0.03344719111919403,0.5099957585334778,0.26612961292266846,-0.03362370654940605,0.4841986894607544,0.30006498098373413,-0.02529948391020298,0.5178787708282471,0.28742992877960205,-0.03440859541296959,0.483250230550766,0.32248151302337646,-0.023761974647641182,0.47284430265426636,0.31314989924430847,-0.0157887265086174,0.5502974987030029,0.438660204410553,-0.011088834144175053,0.5415259003639221,0.4395924210548401,-0.010296138934791088,0.5342522263526917,0.4400167465209961,-0.007915890775620937,0.5445082187652588,0.41081470251083374,-0.015299621038138866,0.5231701731681824,0.44005027413368225,-0.0007849422399885952,0.5276623368263245,0.44303256273269653,-0.0018787558656185865,0.5248013734817505,0.4405519664287567,-0.0009239165810868144,0.5488420128822327,0.40862542390823364,-0.026364682242274284,0.5351505875587463,0.4424777328968048,-0.003989823628216982,0.5418892502784729,0.4432600736618042,-0.004935482516884804,0.5491423010826111,0.44367676973342896,-0.004801708739250898,0.544706404209137,0.4648011028766632,0.005364296957850456,0.5477907657623291,0.45654433965682983,-0.0022903026547282934,0.5486122965812683,0.45195916295051575,-0.004236950073391199,0.5490666627883911,0.4474797248840332,-0.0038906296249479055,0.5492051839828491,0.443767786026001,-0.0040381778962910175,0.5351632237434387,0.442597895860672,-0.003354252316057682,0.5343657732009888,0.44409483671188354,-0.0034075307194143534,0.5332340002059937,0.44624942541122437,-0.0038052494637668133,0.5321462750434875,0.44867366552352905,-0.0027855862863361835,0.5284477472305298,0.4288589656352997,-0.009852007031440735,0.451841801404953,0.38513845205307007,0.03508511930704117,0.5607601404190063,0.4142760932445526,-0.018244648352265358,0.5298116207122803,0.4416874051094055,-0.001961060566827655,0.5288709998130798,0.44227588176727295,-0.0019201894756406546,0.5507262945175171,0.4151068329811096,-0.014070152305066586,0.5384432077407837,0.41158974170684814,-0.011611872352659702,0.5497639179229736,0.41360700130462646,-0.014681033790111542,0.5263742804527283,0.37722235918045044,-0.015700140967965126,0.5151299834251404,0.3841716945171356,-0.016633853316307068,0.5356102585792542,0.4018558859825134,-0.017979877069592476,0.4887832999229431,0.2742033004760742,-0.027391383424401283,0.4986597001552582,0.29105427861213684,-0.031214846298098564,0.5073050260543823,0.31005480885505676,-0.033252082765102386,0.5285862684249878,0.45570170879364014,0.001310291001573205,0.5392342805862427,0.3139658570289612,-0.030818892642855644,0.5354860424995422,0.28700265288352966,-0.03323676064610481,0.5300808548927307,0.26224565505981445,-0.03331342712044716,0.5010076761245728,0.35508930683135986,-0.018350426107645035,0.48261457681655884,0.3641055226325989,-0.012640058062970638,0.5308812260627747,0.3518223762512207,-0.012531914748251438,0.49063780903816223,0.3386842906475067,-0.02050630748271942,0.539111852645874,0.3664165735244751,-0.01759256422519684,0.5449327826499939,0.40254953503608704,-0.027806570753455162,0.47291556000709534,0.369417667388916,-0.007603473495692015,0.48934945464134216,0.3714393079280853,-0.015633253380656242,0.5002696514129639,0.37527599930763245,-0.017525650560855865,0.5143322944641113,0.37336036562919617,-0.01603064127266407,0.5238903164863586,0.3691268861293793,-0.014578697271645069,0.5308547616004944,0.3648551106452942,-0.014271792955696583,0.5503537058830261,0.35523533821105957,-0.022761596366763115,0.47474420070648193,0.3899348974227905,-0.005896993912756443,0.48433437943458557,0.3375128507614136,-0.020127197727560997,0.559322714805603,0.4131387770175934,-0.027717225253582,0.5359934568405151,0.38215580582618713,-0.01677825301885605,0.45041903853416443,0.342623770236969,0.02181190624833107,0.5365416407585144,0.36026352643966675,-0.014372051693499088,0.5332236289978027,0.40121740102767944,-0.011919989250600338,0.4937983453273773,0.3446469306945801,-0.016557015478610992,0.5433157682418823,0.3953395187854767,-0.02654760330915451,0.455316424369812,0.408197820186615,0.037702783942222595,0.5301672220230103,0.34861400723457336,-0.0122323427349329,0.5504755973815918,0.3910517692565918,-0.031448330730199814,0.49203312397003174,0.4587755501270294,0.016246268525719643,0.4879111051559448,0.46626389026641846,0.027992814779281616,0.4606470763683319,0.3889726400375366,0.014070281758904457,0.47961193323135376,0.4462084174156189,0.018352588638663292,0.4657094478607178,0.3289143145084381,-0.004916336387395859,0.526348352432251,0.4857563376426697,0.013337953016161919,0.5582675337791443,0.4141691327095032,-0.018624234944581985,0.5293254852294922,0.3885619640350342,-0.015138517133891582,0.4732089042663574,0.3511369526386261,-0.00842808373272419,0.5087075233459473,0.35197728872299194,-0.01904112659394741,0.5149994492530823,0.3523150384426117,-0.01864991895854473,0.5264425277709961,0.4439767301082611,-0.0013091558357700706,0.4755770266056061,0.40841028094291687,0.00043263949919492006,0.536541759967804,0.49469393491744995,0.020249802619218826,0.5141691565513611,0.48539668321609497,0.02222456783056259,0.5026559829711914,0.477957159280777,0.024416450411081314,0.5536260604858398,0.28662997484207153,-0.028165390715003014,0.5484724044799805,0.49373626708984375,0.023830430582165718,0.5204692482948303,0.3512083888053894,-0.01697603613138199,0.5255128145217896,0.34971025586128235,-0.014710680581629276,0.5287772417068481,0.34914329648017883,-0.012782467529177666,0.4771864414215088,0.3346129059791565,-0.01611652784049511,0.5238417387008667,0.3397804796695709,-0.01715782657265663,0.5178316235542297,0.33588072657585144,-0.019940124824643135,0.5117902159690857,0.3353390693664551,-0.021628426387906075,0.5056040287017822,0.33713266253471375,-0.02178017795085907,0.5015920400619507,0.33998072147369385,-0.020661311224102974,0.4541317820549011,0.3208402991294861,0.008455554954707623,0.5040055513381958,0.3502180874347687,-0.018555913120508194,0.5578737854957581,0.4215894937515259,-0.010586142539978027,0.5360910892486572,0.42449817061424255,-0.011493542231619358,0.5442361235618591,0.4089191257953644,-0.020372236147522926,0.54967200756073,0.42264896631240845,-0.012907726690173149,0.5544818639755249,0.33811837434768677,-0.020481770858168602,0.5041791200637817,0.4698159098625183,0.016398517414927483,0.514983594417572,0.4780539274215698,0.015494066290557384,0.5385525226593018,0.49018800258636475,0.012761592864990234,0.4747451841831207,0.45159292221069336,0.03350464627146721,0.5282022356987,0.34541550278663635,-0.014400492422282696,0.5471866726875305,0.37126031517982483,-0.02356489934027195,0.5505832433700562,0.48917156457901,0.01647454872727394,0.5255433917045593,0.49148231744766235,0.01965809054672718,0.4631554186344147,0.4095807373523712,0.018032342195510864,0.5419523119926453,0.44337043166160583,-0.0042191422544419765,0.5413000583648682,0.4461251497268677,-0.004336840007454157,0.540536642074585,0.4496099352836609,-0.0048049939796328545,0.539758026599884,0.4536694586277008,-0.0034073262941092253,0.5359823107719421,0.4613625407218933,0.002030143979936838,0.5288150310516357,0.44077423214912415,-0.0036347408313304186,0.5278921127319336,0.43995967507362366,-0.004595669452100992,0.5270510315895081,0.43911442160606384,-0.005493438336998224,0.5218421816825867,0.4344364404678345,-0.007064376026391983,0.48924973607063293,0.4147995114326477,-0.007414983585476875,0.5448147654533386,0.36023834347724915,-0.01978282444179058,0.5366722941398621,0.34109923243522644,-0.014424307271838188,0.5314334034919739,0.3417533040046692,-0.014436363242566586,0.5297130346298218,0.4415506422519684,-0.0023674278054386377,0.4863995313644409,0.4351051449775696,0.0055214702151715755,0.5447208881378174,0.34138810634613037,-0.019727781414985657,0.5318515300750732,0.4691658616065979,0.005949352402240038,0.560820460319519,0.3758358955383301,-0.029443126171827316,0.5529596209526062,0.3671005964279175,-0.02673747017979622,0.5588204264640808,0.36503419280052185,-0.02607184275984764,0.5428560376167297,0.38601261377334595,-0.02233293280005455,0.5518710613250732,0.48181816935539246,0.011610607616603374,0.5523253679275513,0.47240322828292847,0.009843443520367146,0.5425705313682556,0.4731566309928894,0.00745020667091012,0.5155681371688843,0.45365220308303833,0.0034483796916902065,0.5269138813018799,0.40838080644607544,-0.011186622083187103,0.5228731036186218,0.4624977111816406,0.0051720645278692245,0.5093614459037781,0.4081011414527893,-0.01455161813646555,0.5201985836029053,0.4178030490875244,-0.010934030637145042,0.5018623471260071,0.4222244918346405,-0.00943480059504509,0.5405697226524353,0.48271608352661133,0.008367765694856644,0.537580668926239,0.39020854234695435,-0.018440179526805878,0.5084680318832397,0.4608249366283417,0.008480486460030079,0.5184328556060791,0.469788134098053,0.010030022822320461,0.5100480318069458,0.44342944025993347,-0.0009350667241960764,0.47717320919036865,0.42352086305618286,0.006548337638378143,0.4987376928329468,0.4453672766685486,0.0026227037888020277,0.4685856103897095,0.4284786283969879,0.020487133413553238,0.5137263536453247,0.42867231369018555,-0.0083592738956213,0.5415180921554565,0.3765432834625244,-0.019893251359462738,0.5472313761711121,0.4072388708591461,-0.028238529339432716,0.5415205955505371,0.4080008566379547,-0.021794196218252182,0.5517828464508057,0.4016064405441284,-0.03197896480560303,0.5321063995361328,0.33244237303733826,-0.019548896700143814,0.5214595198631287,0.32606685161590576,-0.024657364934682846,0.5112738013267517,0.32453784346580505,-0.027273857966065407,0.5021990537643433,0.3265290856361389,-0.02724836952984333,0.49501919746398926,0.33121851086616516,-0.025151768699288368,0.4886452853679657,0.3474489152431488,-0.015119953081011772,0.4596167802810669,0.3684479296207428,0.008639602921903133,0.4958263337612152,0.3615621328353882,-0.01609886810183525,0.5043254494667053,0.36475592851638794,-0.016919923946261406,0.5141238570213318,0.3644706606864929,-0.016295859590172768,0.5226255059242249,0.3619389533996582,-0.014924476854503155,0.5290032625198364,0.3588644862174988,-0.012934688478708267,0.533636212348938,0.3561122417449951,-0.012351281940937042,0.45052045583724976,0.3635045886039734,0.03006606176495552,0.5405561327934265,0.40937283635139465,-0.018358644098043442,0.5492227077484131,0.3809817135334015,-0.026717254891991615,0.5534657835960388,0.40849530696868896,-0.03074473887681961,0.5549900531768799,0.41202065348625183,-0.02616032399237156,0.5520240068435669,0.40953367948532104,-0.027761846780776978,0.5414016246795654,0.4112487733364105,-0.01480934303253889,0.5569795966148376,0.41280150413513184,-0.027218731120228767,0.5560113191604614,0.4138922393321991,-0.01945231296122074,0.5330613851547241,0.3489399552345276,-0.011503367684781551,0.5373416543006897,0.3510451912879944,-0.012812801636755466,0.5408937335014343,0.3530968427658081,-0.01546523068100214,0.4991835355758667,0.3422855734825134,-0.01910119503736496,0.494559109210968,0.3386179506778717,-0.02023681439459324,0.5650172233581543,0.37629395723342896,-0.02480337582528591,0.585387110710144,0.33638378977775574,0.018456852063536644,0.5655913352966309,0.41096433997154236,-0.016530439257621765,0.5966424345970154,0.2949279844760895,0.05007336288690567,0.5699222087860107,0.34876716136932373,0.006541004870086908,0.5761770009994507,0.3485140800476074,0.009521354921162128,0.5817714333534241,0.34708404541015625,0.013359185308218002,0.5866182446479797,0.33943212032318115,0.02109278365969658,0.5650768280029297,0.34716692566871643,0.004517851863056421,0.5802221894264221,0.3213163912296295,0.004620986990630627,0.572983980178833,0.32302939891815186,0.001155321835540235,0.5859479308128357,0.3222099244594574,0.009364910423755646,0.5887385606765747,0.32512784004211426,0.013549206778407097,0.5910994410514832,0.3453669846057892,0.02661491185426712,0.5675795078277588,0.46890026330947876,0.025200089439749718,0.5864310264587402,0.3332231938838959,0.0210893414914608,0.5980112552642822,0.33491623401641846,0.06015419214963913,0.5938368439674377,0.3372640609741211,0.03413862735033035,0.5802599787712097,0.38988664746284485,0.007882677018642426,0.5639877319335938,0.4331051707267761,-0.006654426921159029,0.5617682337760925,0.44022712111473083,-0.0029472217429429293,0.5673127770423889,0.4331124722957611,0.00022737150720786303,0.568979024887085,0.43379828333854675,0.0072898417711257935,0.5646268129348755,0.4388446807861328,0.0018773430492728949,0.5664604902267456,0.4378279447555542,0.007916314527392387,0.5728522539138794,0.4414350986480713,0.022255782037973404,0.5680351257324219,0.40805768966674805,-0.02842060662806034,0.5692633390426636,0.3994543254375458,-0.031176205724477768,0.5966820120811462,0.31828612089157104,0.01713353581726551,0.5688462257385254,0.3682889938354492,-0.0009089232771657407,0.5742567181587219,0.40015602111816406,-0.008570107631385326,0.573397159576416,0.39449813961982727,-0.00724443607032299,0.5944198966026306,0.3842710256576538,0.023053929209709167,0.5673839449882507,0.38724976778030396,-0.028848152607679367,0.5886732339859009,0.3122595250606537,-0.0013818336883559823,0.5943611264228821,0.313571572303772,0.007716833148151636,0.5957391858100891,0.28028061985969543,0.032618992030620575,0.5653753876686096,0.32347652316093445,-0.01584097184240818,0.5666020512580872,0.3274441063404083,0.0009928394574671984,0.5771432518959045,0.432925820350647,0.024173250421881676,0.5839175581932068,0.4138058125972748,0.08992527425289154,0.570378839969635,0.4060845971107483,-0.0074716294184327126,0.5666496157646179,0.4099065065383911,-0.009699508547782898,0.5700752139091492,0.43584969639778137,0.021515700966119766,0.5690540671348572,0.4365112781524658,0.018417198210954666,0.5962135195732117,0.30673807859420776,0.010565795935690403,0.573066234588623,0.4029943346977234,-0.004725384060293436,0.5794219374656677,0.31468579173088074,-0.009605636820197105,0.5808863043785095,0.30673468112945557,-0.01197938621044159,0.5826900005340576,0.263214647769928,-0.004682968370616436,0.5967429876327515,0.29167237877845764,0.019339201971888542,0.5824815034866333,0.2832828164100647,-0.009722253307700157,0.5982208251953125,0.31279581785202026,0.0229248758405447,0.5983872413635254,0.303216814994812,0.03480222821235657,0.5631126165390015,0.43706196546554565,-0.005395346786826849,0.5660725235939026,0.4362117350101471,0.000863177701830864,0.5678302645683289,0.4358506202697754,0.007065548561513424,0.5689884424209595,0.40765222907066345,-0.006786728743463755,0.569555938243866,0.43619516491889954,0.019726915284991264,0.568551778793335,0.43926090002059937,0.015274683013558388,0.5685012936592102,0.43685582280158997,0.017969224601984024,0.5705752372741699,0.40542346239089966,-0.016731442883610725,0.5651634335517883,0.4394490718841553,0.009088752791285515,0.5632175803184509,0.44084325432777405,0.004720635246485472,0.5603494644165039,0.44229656457901,0.0005565288010984659,0.5593976974487305,0.4622333347797394,0.010593486949801445,0.5614501237869263,0.4545127749443054,0.0032751208636909723,0.561877429485321,0.4500075876712799,0.001542955287732184,0.5614436864852905,0.44578123092651367,0.0018006648169830441,0.560344398021698,0.44235241413116455,0.0013748826459050179,0.5652104020118713,0.4395550489425659,0.00973255094140768,0.5664122700691223,0.44080689549446106,0.009640945121645927,0.5673815608024597,0.44260159134864807,0.009740057401359081,0.5679141879081726,0.4448690712451935,0.011849477887153625,0.5754591226577759,0.4228452146053314,0.00920617114752531,0.5893939733505249,0.36962345242500305,0.09340722113847733,0.5666714310646057,0.4383278787136078,0.014527651481330395,0.5677314400672913,0.43871116638183594,0.01458150427788496,0.5647687911987305,0.4136502742767334,-0.008935286663472652,0.570732057094574,0.4078669846057892,-0.0006874347454868257,0.5656802654266357,0.41192445158958435,-0.009644879959523678,0.5737396478652954,0.3722245395183563,0.004780878778547049,0.5829076170921326,0.376820832490921,0.011142866685986519,0.5731468796730042,0.3975132703781128,-0.002985942643135786,0.591969907283783,0.26939091086387634,0.013753137551248074,0.5920337438583374,0.2844947874546051,0.004694955423474312,0.5903187394142151,0.30405089259147644,-0.0011287261731922626,0.5695024728775024,0.44882991909980774,0.018657615408301353,0.568293035030365,0.3111574053764343,-0.019840147346258163,0.5699658989906311,0.28486761450767517,-0.02037702687084675,0.5696603059768677,0.2607444226741791,-0.018675465136766434,0.5852718949317932,0.34397831559181213,0.017761727795004845,0.5957204699516296,0.3511754274368286,0.03322271257638931,0.5621088743209839,0.34538447856903076,0.0038544698618352413,0.5922353863716125,0.32805198431015015,0.021602949127554893,0.5659916400909424,0.363560289144516,-0.005381196737289429,0.5735898017883301,0.3988959789276123,-0.016347650438547134,0.6005065441131592,0.3557436764240265,0.04429387301206589,0.5953799486160278,0.3595544099807739,0.027418088167905807,0.590803325176239,0.3652229309082031,0.01904618740081787,0.5805977582931519,0.3657107651233673,0.011961448937654495,0.5724807977676392,0.3629242181777954,0.00665313471108675,0.5671476125717163,0.3596844971179962,0.0015999659663066268,0.561189591884613,0.35412535071372986,-0.01752200908958912,0.6011452674865723,0.375193327665329,0.04569871723651886,0.5953794717788696,0.3263486623764038,0.025860842317342758,0.5650555491447449,0.4121784269809723,-0.025208255276083946,0.5694367289543152,0.3786207437515259,-0.002131943590939045,0.59287029504776,0.3305376172065735,0.08200754970312119,0.5634549856185913,0.35588160157203674,-0.0019610587041825056,0.5720201134681702,0.3968844413757324,0.0030742562375962734,0.5882071852684021,0.3333826959133148,0.023360854014754295,0.5722376108169556,0.39195746183395386,-0.014877463690936565,0.587500810623169,0.39091482758522034,0.09352388978004456,0.5611410737037659,0.34177717566490173,0.004926513414829969,0.570309579372406,0.38871118426322937,-0.02295156940817833,0.5821657180786133,0.441926509141922,0.054321762174367905,0.5773068070411682,0.4487169682979584,0.06722158938646317,0.5981807112693787,0.3726465404033661,0.07036035507917404,0.5872960090637207,0.42841091752052307,0.06327979266643524,0.598278284072876,0.31786835193634033,0.04910403862595558,0.5667850375175476,0.4757276177406311,0.03128580003976822,0.5629262328147888,0.4135637879371643,-0.017079263925552368,0.5732357501983643,0.3838423788547516,0.002930231625214219,0.5955167412757874,0.3376484215259552,0.042608097195625305,0.5812113285064697,0.3414589464664459,0.012839221395552158,0.5761143565177917,0.34329700469970703,0.009542882442474365,0.5691640973091125,0.440116286277771,0.017194118350744247,0.5987511873245239,0.3926427960395813,0.05003420263528824,0.5578130483627319,0.4891921281814575,0.03034021146595478,0.567963719367981,0.47206825017929077,0.04739566892385483,0.5719174146652222,0.46212685108184814,0.05619458109140396,0.5705499053001404,0.3434450328350067,0.007052727974951267,0.5654827952384949,0.3425699770450592,0.005934432148933411,0.5624794363975525,0.3422462046146393,0.0057508754543960094,0.5967992544174194,0.3230687081813812,0.03338446095585823,0.5658667683601379,0.3331524729728699,0.0039751543663442135,0.5711522698402405,0.329224169254303,0.004667798988521099,0.5771816372871399,0.32769879698753357,0.007020856719464064,0.5821977257728577,0.3283764719963074,0.010807030834257603,0.5846966505050659,0.3302804231643677,0.014276131056249142,0.5958842635154724,0.31077709794044495,0.06746035069227219,0.5839639902114868,0.3389313817024231,0.016077114269137383,0.57196044921875,0.4201623797416687,0.003044816665351391,0.5711832642555237,0.4052354693412781,-0.010450992733240128,0.5648588538169861,0.4208543002605438,-0.0068811336532235146,0.576097309589386,0.4544790983200073,0.0471164733171463,0.5712375640869141,0.4647725224494934,0.039644449949264526,0.5603203773498535,0.48471516370773315,0.022516297176480293,0.5806448459625244,0.4334140419960022,0.07987519353628159,0.562652587890625,0.3383738398551941,0.004481384065002203,0.5657466650009155,0.3692491352558136,-0.015302342362701893,0.5638153553009033,0.48157989978790283,0.038297295570373535,0.5955209732055664,0.3920198678970337,0.07184235751628876,0.5632491111755371,0.4409405589103699,0.005493066273629665,0.5645375847816467,0.44330376386642456,0.0056722587905824184,0.565315306186676,0.4464395046234131,0.0057601830922067165,0.5654851198196411,0.4504115581512451,0.007665198761969805,0.5652039647102356,0.45615747570991516,0.01452322956174612,0.5678195357322693,0.43703508377075195,0.013564396649599075,0.5689067840576172,0.43585842847824097,0.014282908290624619,0.5698683261871338,0.43464815616607666,0.014717772603034973,0.5774338841438293,0.4271395206451416,0.01679755188524723,0.5955733060836792,0.40103378891944885,0.03442012518644333,0.5635029673576355,0.35833683609962463,-0.011162592098116875,0.560041069984436,0.3360954523086548,-0.0034976662136614323,0.5616022944450378,0.3357403874397278,0.001344625256024301,0.5665998458862305,0.4382469058036804,0.014176206663250923,0.5908094048500061,0.41941192746162415,0.04774707555770874,0.5589194893836975,0.3380899429321289,-0.013187474571168423,0.5662959814071655,0.4619868993759155,0.020043594762682915,0.5633201599121094,0.36595556139945984,-0.02231326699256897,0.5692318677902222,0.3831096589565277,-0.011589143425226212,0.5600175261497498,0.4694408178329468,0.014255889691412449,0.5762626528739929,0.44321495294570923,0.028268026188015938,0.5760186314582825,0.4026758372783661,0.007556050084531307,0.5712375044822693,0.45316919684410095,0.024748053401708603,0.5882362127304077,0.3984350562095642,0.015444641932845116,0.5806789994239807,0.41028815507888794,0.012534699402749538,0.5901955962181091,0.4103427827358246,0.02473820559680462,0.5610983371734619,0.47799035906791687,0.017477797344326973,0.5702656507492065,0.38666707277297974,-0.004994655959308147,0.5780988335609436,0.44732487201690674,0.037354715168476105,0.5722500085830688,0.45814019441604614,0.03218390792608261,0.5815371870994568,0.4325352907180786,0.029261689633131027,0.5950484275817871,0.4070585072040558,0.0538761205971241,0.5856435894966125,0.43113282322883606,0.03790014609694481,0.5918047428131104,0.4103185534477234,0.07144568860530853,0.5830211043357849,0.4195530116558075,0.01938335783779621,0.5674206018447876,0.3737694025039673,-0.008249619975686073,0.5724221467971802,0.4036148190498352,-0.017805190756917,0.5731545686721802,0.4038425087928772,-0.00989985279738903,0.5719580054283142,0.3988797664642334,-0.023689869791269302,0.5654022097587585,0.3270087242126465,-0.004476678092032671,0.5756041407585144,0.3203980624675751,-0.002347266301512718,0.5841479301452637,0.31861087679862976,0.0020434961188584566,0.5900628566741943,0.31951582431793213,0.00819140300154686,0.5926628708839417,0.3225920796394348,0.014448333531618118,0.5907894372940063,0.33556315302848816,0.02744356542825699,0.5988269448280334,0.3536444306373596,0.06635104864835739,0.5896714925765991,0.3505173921585083,0.022737421095371246,0.5854737758636475,0.35487619042396545,0.016926750540733337,0.5781292915344238,0.3562133312225342,0.011534100398421288,0.570717990398407,0.3550895154476166,0.006994479801505804,0.5654769539833069,0.3529147505760193,0.003602635581046343,0.5622345209121704,0.35078492760658264,0.0011337928008288145,0.5903343558311462,0.34984880685806274,0.0898635983467102,0.571941614151001,0.4053579568862915,-0.0066973865032196045,0.5676909685134888,0.37889379262924194,-0.018297404050827026,0.5706871747970581,0.4057113528251648,-0.024081340059638023,0.5668611526489258,0.409881055355072,-0.022288743406534195,0.5695403814315796,0.40666621923446655,-0.020948342978954315,0.5701848268508911,0.40775659680366516,-0.005052682012319565,0.5664029121398926,0.4111860692501068,-0.0240729171782732,0.5644146800041199,0.4125910997390747,-0.016799038276076317,0.5601443648338318,0.3427931070327759,0.0027239767368882895,0.5595296025276184,0.3462984263896942,-0.0022008540108799934,0.5603700876235962,0.34929901361465454,-0.006662664003670216,0.585815966129303,0.3318635821342468,0.017421146854758263,0.5895780324935913,0.3284929096698761,0.018556158989667892,0.5094757676124573,0.34375661611557007,-0.017646169289946556,0.5171090364456177,0.34331199526786804,-0.017646169289946556,0.5093093514442444,0.3330654203891754,-0.017646169289946556,0.501606822013855,0.3441021740436554,-0.017646169289946556,0.509627640247345,0.3543907701969147,-0.017646169289946556,0.5705617070198059,0.3359438478946686,0.01026996597647667,0.5776150822639465,0.3349309265613556,0.01026996597647667,0.5698803663253784,0.3267478048801422,0.01026996597647667,0.5635324120521545,0.33699485659599304,0.01026996597647667,0.5713257193565369,0.34526607394218445,0.01026996597647667
1699.9999999999989,0.5609390735626221,0.4342471659183502,-0.010292029939591885,0.5653836727142334,0.4072591960430145,-0.030441230162978172,0.5601149201393127,0.41335999965667725,-0.013331133872270584,0.5568389296531677,0.3757535517215729,-0.02953953854739666,0.5658912062644958,0.3984012007713318,-0.033690523356199265,0.5642829537391663,0.38549065589904785,-0.03300203010439873,0.5580189228057861,0.35162582993507385,-0.02243576943874359,0.5023786425590515,0.34608539938926697,-0.01747547835111618,0.5560977458953857,0.3240118622779846,-0.021970059722661972,0.5564303994178772,0.31085681915283203,-0.025468412786722183,0.5530309677124023,0.2604719400405884,-0.026746857911348343,0.5605036020278931,0.43718045949935913,-0.008998475037515163,0.5595148801803589,0.439932644367218,-0.006660102866590023,0.5583035945892334,0.4417415261268616,-0.0030631553381681442,0.5582554936408997,0.44181257486343384,-0.002200555056333542,0.5587101578712463,0.4457087814807892,-0.0019081634236499667,0.5586368441581726,0.4501173794269562,-0.0022150403819978237,0.5577914714813232,0.4545018970966339,-0.000198128996999003,0.5545749068260193,0.4627155363559723,0.0072135538794100285,0.5638338327407837,0.4110928177833557,-0.026803774759173393,0.5557406544685364,0.41082608699798584,-0.02036953531205654,0.463199257850647,0.3020249605178833,-0.005512891802936792,0.5233742594718933,0.35480478405952454,-0.016426758840680122,0.5166500806808472,0.3559607267379761,-0.018192090094089508,0.5096176266670227,0.35571736097335815,-0.01870385929942131,0.49890270829200745,0.34897762537002563,-0.016976526007056236,0.5289508700370789,0.35258468985557556,-0.01357309240847826,0.5132226347923279,0.32594606280326843,-0.02432776428759098,0.5213121771812439,0.32718396186828613,-0.021558526903390884,0.5055492520332336,0.3278828263282776,-0.024129055440425873,0.5001537203788757,0.3319038152694702,-0.022678110748529434,0.4928618371486664,0.355351984500885,-0.014487043023109436,0.5303102731704712,0.47603774070739746,0.008030942641198635,0.49909543991088867,0.3424989581108093,-0.01654321327805519,0.4622246026992798,0.3464142978191376,0.003864503465592861,0.4830462336540222,0.3481947183609009,-0.012021207250654697,0.5225833058357239,0.39480897784233093,-0.01540291029959917,0.5532602667808533,0.433371901512146,-0.012600929476320744,0.5519727468490601,0.4401535987854004,-0.008485070429742336,0.5435041785240173,0.4358539283275604,-0.011888080276548862,0.5357252955436707,0.43723317980766296,-0.009287603199481964,0.5439549684524536,0.4402332901954651,-0.008660802617669106,0.5368890762329102,0.43992704153060913,-0.0060837906785309315,0.5238523483276367,0.4470331072807312,0.0007769956719130278,0.5603259205818176,0.4075596332550049,-0.03155010938644409,0.5600413680076599,0.3988324999809265,-0.034859172999858856,0.49092182517051697,0.3257719874382019,-0.026113361120224,0.5353414416313171,0.37047240138053894,-0.015951301902532578,0.5407384037971497,0.40267932415008545,-0.022688724100589752,0.5392881631851196,0.39687326550483704,-0.02179167978465557,0.4986521899700165,0.3937045633792877,-0.015822764486074448,0.5586087703704834,0.38664257526397705,-0.03351203724741936,0.5115569829940796,0.31630241870880127,-0.03133956342935562,0.5000831484794617,0.3191750645637512,-0.029885249212384224,0.47508272528648376,0.28568485379219055,-0.017063278704881668,0.5421319603919983,0.32596859335899353,-0.025537388399243355,0.5278404951095581,0.33171728253364563,-0.017265325412154198,0.5189532041549683,0.4391610324382782,-0.0019257542444393039,0.46434447169303894,0.43075883388519287,0.03718714788556099,0.5449166297912598,0.4077713191509247,-0.01786193437874317,0.5500842332839966,0.41009142994880676,-0.014999564737081528,0.5240010619163513,0.438364177942276,-0.0008397586643695831,0.5257180333137512,0.43884992599487305,-0.0011465229326859117,0.49547678232192993,0.31281930208206177,-0.029388736933469772,0.5390369296073914,0.4053962528705597,-0.01856079138815403,0.5255988836288452,0.3181472718715668,-0.029986722394824028,0.5248527526855469,0.31028303503990173,-0.0328674241900444,0.5120641589164734,0.26517266035079956,-0.03269387036561966,0.48635217547416687,0.2988823652267456,-0.024712851271033287,0.5199693441390991,0.2864261567592621,-0.033664770424366,0.48499637842178345,0.32076144218444824,-0.02332358993589878,0.47485148906707764,0.3118707835674286,-0.01529246848076582,0.552678644657135,0.437093585729599,-0.011308369226753712,0.5438149571418762,0.4381178617477417,-0.010500211268663406,0.5363781452178955,0.4385804235935211,-0.008071266114711761,0.5459665060043335,0.40895044803619385,-0.015379869379103184,0.524906575679779,0.43861454725265503,-0.0008977627730928361,0.5294551253318787,0.44150543212890625,-0.0020222363527864218,0.5265378952026367,0.4390743672847748,-0.0010367769282311201,0.5503053069114685,0.40673261880874634,-0.026361020281910896,0.5370961427688599,0.4409215450286865,-0.0042179725132882595,0.5439438819885254,0.44164037704467773,-0.005233135540038347,0.5512483716011047,0.44197726249694824,-0.00515085319057107,0.5463020205497742,0.46312281489372253,0.004793947096914053,0.5496973991394043,0.45457616448402405,-0.0027284761890769005,0.5506381988525391,0.45010754466056824,-0.004617761820554733,0.5511243343353271,0.4457397162914276,-0.004230234306305647,0.5512582063674927,0.4421064555644989,-0.004291631281375885,0.5370478630065918,0.44105154275894165,-0.0035122917033731937,0.5362328290939331,0.4425200819969177,-0.003617484588176012,0.5350772142410278,0.44462233781814575,-0.004030738025903702,0.5339270234107971,0.44698598980903625,-0.003024731297045946,0.5298298597335815,0.4268994629383087,-0.009953712113201618,0.45321139693260193,0.3839209973812103,0.03484728932380676,0.562153160572052,0.4124215245246887,-0.018334385007619858,0.5316035151481628,0.44016265869140625,-0.0020719177555292845,0.5306751132011414,0.4407519996166229,-0.0020615740213543177,0.5521526336669922,0.41324710845947266,-0.014206351712346077,0.539888322353363,0.4097219705581665,-0.011724584735929966,0.5511998534202576,0.4117414653301239,-0.0147946085780859,0.527995228767395,0.3756229877471924,-0.015562382526695728,0.5167630314826965,0.38244545459747314,-0.016555307433009148,0.5370819568634033,0.400020956993103,-0.0179994348436594,0.49092793464660645,0.27312788367271423,-0.026541613042354584,0.5008652806282043,0.28997719287872314,-0.030536960810422897,0.5090600848197937,0.3086503744125366,-0.03267965838313103,0.5300759077072144,0.45385774970054626,0.0010027128737419844,0.540850818157196,0.31330978870391846,-0.030253669247031212,0.537359893321991,0.2860732078552246,-0.03247269243001938,0.5319566130638123,0.26141560077667236,-0.03237267956137657,0.5029447078704834,0.35344207286834717,-0.018026819452643394,0.48461413383483887,0.36232149600982666,-0.012420478276908398,0.5326732993125916,0.35050272941589355,-0.012198759242892265,0.49254390597343445,0.3369053602218628,-0.020127978175878525,0.5406947731971741,0.3649657368659973,-0.01737224869430065,0.5464192628860474,0.4006427526473999,-0.027775736525654793,0.4745933711528778,0.36779478192329407,-0.007462974172085524,0.49141064286231995,0.36973124742507935,-0.015440628863871098,0.5023528337478638,0.37366700172424316,-0.017327699810266495,0.5163466334342957,0.3718718886375427,-0.015837248414754868,0.525830090045929,0.3677341639995575,-0.01436040922999382,0.5327225923538208,0.36353304982185364,-0.014033647254109383,0.551817774772644,0.353911817073822,-0.02246922254562378,0.4762730896472931,0.3882388472557068,-0.005890021100640297,0.4861849844455719,0.3357369899749756,-0.019747581332921982,0.5607268810272217,0.4112555980682373,-0.02773771993815899,0.5375379920005798,0.3805379867553711,-0.016657870262861252,0.4520256519317627,0.3413383960723877,0.021963518112897873,0.5383575558662415,0.35901376605033875,-0.014108502306044102,0.5346875786781311,0.3994291126728058,-0.01195262186229229,0.49578621983528137,0.34278449416160583,-0.01622411049902439,0.5448072552680969,0.39351651072502136,-0.02648479864001274,0.4565960764884949,0.4069979190826416,0.03727265074849129,0.5319436192512512,0.34727558493614197,-0.01186734065413475,0.5519208908081055,0.3892628848552704,-0.0313403345644474,0.4934760332107544,0.4571586847305298,0.015702614560723305,0.48939716815948486,0.46474722027778625,0.027257978916168213,0.46206802129745483,0.38753390312194824,0.0139639712870121,0.48090511560440063,0.44474923610687256,0.017831526696681976,0.46755945682525635,0.32755306363105774,-0.004555422812700272,0.528078019618988,0.4840332865715027,0.012539119459688663,0.559678852558136,0.41230708360671997,-0.018713368102908134,0.5308780074119568,0.3868817389011383,-0.0150764686986804,0.475050687789917,0.3492673933506012,-0.00817001424729824,0.5105976462364197,0.35046619176864624,-0.018678952008485794,0.5168561935424805,0.3509035110473633,-0.01828099973499775,0.5281804800033569,0.4424419701099396,-0.0014580272836610675,0.4769529402256012,0.40676215291023254,0.00027006983873434365,0.5383594036102295,0.49304407835006714,0.019214924424886703,0.5159262418746948,0.48367077112197876,0.021376794204115868,0.5043206214904785,0.47628819942474365,0.02364795282483101,0.5552349090576172,0.28587111830711365,-0.027425236999988556,0.5502606630325317,0.49220898747444153,0.022760093212127686,0.5223050713539124,0.3498355448246002,-0.01660916581749916,0.5273220539093018,0.3483521640300751,-0.01434781588613987,0.5305694341659546,0.3478063642978668,-0.012424773536622524,0.4789595603942871,0.33279648423194885,-0.015751421451568604,0.5256080627441406,0.3382134735584259,-0.016717713326215744,0.5196306109428406,0.3341406583786011,-0.019487399607896805,0.5136253237724304,0.3334892690181732,-0.02117401733994484,0.5074729919433594,0.3352190852165222,-0.02134549617767334,0.5035021901130676,0.33806195855140686,-0.020250562578439713,0.4558814465999603,0.31951770186424255,0.008824064396321774,0.5059199333190918,0.34858182072639465,-0.018200688064098358,0.559319257736206,0.4197849631309509,-0.010742506012320518,0.5375084280967712,0.42256852984428406,-0.011632686480879784,0.5457141399383545,0.4070295989513397,-0.020394975319504738,0.5511175394058228,0.4207974076271057,-0.013069640845060349,0.5559143424034119,0.337116539478302,-0.020109692588448524,0.5057687163352966,0.46811461448669434,0.015791088342666626,0.5166620016098022,0.4763072729110718,0.014785788021981716,0.5403004288673401,0.4885355532169342,0.011889390647411346,0.4760884642601013,0.45025983452796936,0.032810140401124954,0.5299786925315857,0.3440070152282715,-0.01399973314255476,0.5486834645271301,0.3697361350059509,-0.023342007771134377,0.5523377060890198,0.4876205325126648,0.015578138642013073,0.5273481607437134,0.48975855112075806,0.01871384307742119,0.4644366502761841,0.40818914771080017,0.01775231584906578,0.5439457297325134,0.44178634881973267,-0.004430732224136591,0.5432727932929993,0.4444805383682251,-0.004615458659827709,0.5424699187278748,0.44787368178367615,-0.005102866794914007,0.5415937900543213,0.45181703567504883,-0.0037313213106244802,0.5375164151191711,0.45959872007369995,0.0016048921970650554,0.5306927561759949,0.4393090009689331,-0.003759265411645174,0.529800295829773,0.43854397535324097,-0.004709639120846987,0.5289679765701294,0.43773743510246277,-0.005598113872110844,0.5231973528862,0.4324246644973755,-0.007159753702580929,0.49065515398979187,0.41303858160972595,-0.007563397288322449,0.5463475584983826,0.3588518798351288,-0.019519561901688576,0.5383937954902649,0.33997130393981934,-0.014005862176418304,0.5332015752792358,0.3404735028743744,-0.01402323879301548,0.5315287709236145,0.440030574798584,-0.002528625074774027,0.4877399802207947,0.4334583878517151,0.005179979372769594,0.5463994741439819,0.34044790267944336,-0.019338537007570267,0.533430814743042,0.4674489200115204,0.005391534883528948,0.5621697902679443,0.37426114082336426,-0.029254218563437462,0.5543929934501648,0.365620881319046,-0.026480279862880707,0.5601876378059387,0.36360830068588257,-0.025817278772592545,0.5443615317344666,0.3843270242214203,-0.022210653871297836,0.553611159324646,0.4802573323249817,0.01079600676894188,0.5540376901626587,0.47081178426742554,0.009121306240558624,0.5442039966583252,0.47151485085487366,0.0067626191303133965,0.5170782804489136,0.45177382230758667,0.003125013317912817,0.5283933281898499,0.4065599739551544,-0.011244078166782856,0.5244426131248474,0.46069782972335815,0.004740527831017971,0.5108677744865417,0.40626245737075806,-0.014621550217270851,0.5216463804244995,0.41593220829963684,-0.01099991425871849,0.5033039450645447,0.420362263917923,-0.009576416574418545,0.542252779006958,0.4810832142829895,0.007587254513055086,0.5390925407409668,0.38849765062332153,-0.018373588100075722,0.510040819644928,0.459009051322937,0.008029843680560589,0.5200657844543457,0.4680047035217285,0.00945175439119339,0.5114958882331848,0.441495418548584,-0.0011871756287291646,0.4784848690032959,0.42193377017974854,0.006243904586881399,0.5001890063285828,0.4435579180717468,0.0023040282540023327,0.46982884407043457,0.427105188369751,0.020044907927513123,0.5151163339614868,0.4267215430736542,-0.008471064269542694,0.5430538058280945,0.3749770522117615,-0.019724002107977867,0.5487033724784851,0.40532177686691284,-0.028217392042279243,0.5429978370666504,0.4060927629470825,-0.02182699553668499,0.5532301068305969,0.39970237016677856,-0.031917981803417206,0.5338608622550964,0.33134299516677856,-0.019061392173171043,0.5232625603675842,0.3247615098953247,-0.024151703342795372,0.5131300687789917,0.32305392622947693,-0.026792477816343307,0.5040929913520813,0.32493266463279724,-0.02679687924683094,0.49693289399147034,0.32951462268829346,-0.02473897486925125,0.49057984352111816,0.3455773591995239,-0.014806813560426235,0.4611908495426178,0.36700648069381714,0.008705666288733482,0.4978172481060028,0.3598718047142029,-0.01583237387239933,0.5063039660453796,0.36319392919540405,-0.01665385812520981,0.5160636305809021,0.3630160093307495,-0.016027765348553658,0.5245107412338257,0.36056259274482727,-0.014632480219006538,0.5308290123939514,0.35753145813941956,-0.012655018828809261,0.5354177355766296,0.35482603311538696,-0.012057662010192871,0.45202261209487915,0.3622637391090393,0.030041556805372238,0.5420170426368713,0.4074825346469879,-0.018414780497550964,0.55068039894104,0.3793362081050873,-0.026552341878414154,0.5549022555351257,0.4065778851509094,-0.030717071145772934,0.5564202666282654,0.4101448059082031,-0.026182672008872032,0.5534694194793701,0.4076456129550934,-0.02775334194302559,0.5428509712219238,0.4093756377696991,-0.01489665824919939,0.5583970546722412,0.4109150767326355,-0.02724280394613743,0.557435929775238,0.41202932596206665,-0.019528312608599663,0.5348236560821533,0.3476504683494568,-0.011155612766742706,0.5390768051147461,0.34983158111572266,-0.012483331374824047,0.542643129825592,0.3519507348537445,-0.015168107114732265,0.5011281967163086,0.3403750956058502,-0.018719185143709183,0.49651893973350525,0.33679962158203125,-0.019851993769407272,0.5663512945175171,0.37476515769958496,-0.024633120745420456,0.5868167281150818,0.3357238471508026,0.0186418816447258,0.5669337511062622,0.4091770648956299,-0.016605885699391365,0.5986322164535522,0.2948514223098755,0.050296761095523834,0.5716608762741089,0.3479214012622833,0.006767884828150272,0.5778161287307739,0.3476686179637909,0.009722274728119373,0.5833330154418945,0.3462764620780945,0.013532365672290325,0.5881437659263611,0.33880308270454407,0.021233612671494484,0.5668296813964844,0.34634312987327576,0.004750472959131002,0.5816051959991455,0.3207833170890808,0.0049553243443369865,0.5744591355323792,0.32241350412368774,0.0015252969460561872,0.587294340133667,0.3217383623123169,0.009649204090237617,0.5901088714599609,0.3246650695800781,0.013796067796647549,0.5927327871322632,0.34477755427360535,0.02669634483754635,0.5693554282188416,0.467652827501297,0.024515442550182343,0.5879012942314148,0.33270251750946045,0.021264780312776566,0.5999723672866821,0.33469903469085693,0.060166019946336746,0.5956305265426636,0.33675917983055115,0.03422922268509865,0.5818333029747009,0.38858452439308167,0.0078087011352181435,0.5662772059440613,0.43159210681915283,-0.006846456788480282,0.5638367533683777,0.43849536776542664,-0.003198126330971718,0.5693860650062561,0.4315628409385681,3.948835001210682e-05,0.5708262324333191,0.4322454035282135,0.007154529914259911,0.5665332674980164,0.4371365010738373,0.0016684799920767546,0.5681993365287781,0.43615227937698364,0.007762556429952383,0.5746216773986816,0.4398621916770935,0.022027594968676567,0.5693836808204651,0.4062143564224243,-0.028414012864232063,0.5705769658088684,0.39764460921287537,-0.03111393377184868,0.5980679988861084,0.3177349269390106,0.017369378358125687,0.5702864527702332,0.36709433794021606,-0.0007945116376504302,0.5756192803382874,0.39851921796798706,-0.008614747785031796,0.5747964978218079,0.39292991161346436,-0.007266921456903219,0.5961598753929138,0.3832547664642334,0.022923242300748825,0.568697452545166,0.38557204604148865,-0.028733085840940475,0.5897167921066284,0.3116379380226135,-0.0010042733047157526,0.5955269932746887,0.3130147457122803,0.00801230687648058,0.5975621938705444,0.28021305799484253,0.03302206099033356,0.5665023922920227,0.3227568566799164,-0.01542094349861145,0.5681763887405396,0.32675355672836304,0.0013585551641881466,0.5789188742637634,0.43127161264419556,0.023984897881746292,0.5860331058502197,0.41368597745895386,0.08910682797431946,0.5717276930809021,0.4043899476528168,-0.007550292648375034,0.5680059194564819,0.4081437587738037,-0.00982167012989521,0.5714150071144104,0.4342760443687439,0.021390831097960472,0.5703976154327393,0.43486663699150085,0.018318217247724533,0.5974120497703552,0.3061768412590027,0.010892187245190144,0.5744554400444031,0.4013483226299286,-0.004810350947082043,0.5803947448730469,0.31402984261512756,-0.009177456609904766,0.5817994475364685,0.306083619594574,-0.011490636505186558,0.5842595100402832,0.2628960609436035,-0.003940400667488575,0.5983277559280396,0.29165947437286377,0.019741462543606758,0.5839129686355591,0.2829281687736511,-0.009082665666937828,0.5996682643890381,0.3122447431087494,0.023173056542873383,0.600135087966919,0.30320727825164795,0.0351058728992939,0.5653108358383179,0.4354310929775238,-0.005607189144939184,0.5680831670761108,0.4345870912075043,0.0006755607901141047,0.5696377754211426,0.43423593044281006,0.006927689537405968,0.5703458189964294,0.4059390425682068,-0.006883955094963312,0.5709069967269897,0.4345898926258087,0.019616782665252686,0.5700230002403259,0.43750715255737305,0.015148292295634747,0.569864809513092,0.43516552448272705,0.017866535112261772,0.5719020962715149,0.4037075340747833,-0.0167525764554739,0.5668202042579651,0.4377087354660034,0.008879739791154861,0.5650281310081482,0.43909454345703125,0.004442742094397545,0.562315821647644,0.44054028391838074,0.00022068254475016147,0.561115562915802,0.46066591143608093,0.010031219571828842,0.5633165240287781,0.45240890979766846,0.0028618101496249437,0.5638377666473389,0.4480358958244324,0.0011837707133963704,0.5634061098098755,0.44395044445991516,0.0014861914096400142,0.5622555017471313,0.4406188726425171,0.0011440751841291785,0.566811203956604,0.437813937664032,0.009597519412636757,0.5680354237556458,0.43903112411499023,0.009454906918108463,0.5689927935600281,0.440741628408432,0.009544974192976952,0.5694795846939087,0.4429363012313843,0.011639808304607868,0.5771033763885498,0.4211619794368744,0.009096387773752213,0.5915324687957764,0.3695512115955353,0.09290410578250885,0.5681578516960144,0.4365936517715454,0.014430726878345013,0.5692240595817566,0.43697211146354675,0.01445847563445568,0.566163182258606,0.4118427634239197,-0.009086727164685726,0.5721405744552612,0.40617552399635315,-0.0008165749022737145,0.5670523047447205,0.41013434529304504,-0.00978060718625784,0.575239360332489,0.37103360891342163,0.004828710574656725,0.5844883322715759,0.37566521763801575,0.01110105961561203,0.5745732188224792,0.3959423899650574,-0.003041329560801387,0.5936233401298523,0.26924368739128113,0.014331597834825516,0.5934875011444092,0.28438693284988403,0.005219191778451204,0.5913345813751221,0.3034510016441345,-0.0006882013403810561,0.5712672472000122,0.4473211169242859,0.018354281783103943,0.5692771077156067,0.3104245364665985,-0.019321085885167122,0.5714643001556396,0.28427308797836304,-0.019664382562041283,0.5712342262268066,0.26025456190109253,-0.01783205382525921,0.5867862105369568,0.3432271182537079,0.0179057065397501,0.597391664981842,0.3505885899066925,0.03324829414486885,0.5638346076011658,0.34455549716949463,0.004099009092897177,0.5937307476997375,0.32756850123405457,0.021791504696011543,0.5673969984054565,0.36237016320228577,-0.0052228206768631935,0.5749227404594421,0.3972305655479431,-0.016344204545021057,0.6023330092430115,0.355251669883728,0.044233426451683044,0.5969631671905518,0.3589082956314087,0.027430588379502296,0.5923832058906555,0.3644949197769165,0.01908661611378193,0.5822612047195435,0.3649222254753113,0.012027191929519176,0.5741841793060303,0.3621272146701813,0.006773929577320814,0.5688135027885437,0.35886967182159424,0.0017577194375917315,0.5625631809234619,0.35291093587875366,-0.017255855724215508,0.6030488014221191,0.37457722425460815,0.045516204088926315,0.5969685316085815,0.32587310671806335,0.026044724509119987,0.5664181113243103,0.41033369302749634,-0.02523767203092575,0.5709039568901062,0.3772772252559662,-0.0020672844257205725,0.5949628353118896,0.3304165303707123,0.08184774965047836,0.5650508403778076,0.35500842332839966,-0.0017555938102304935,0.5734913945198059,0.3953574597835541,0.003022183431312442,0.5897092223167419,0.332876980304718,0.023516355082392693,0.5736023783683777,0.39037051796913147,-0.01484489906579256,0.5896461606025696,0.39085015654563904,0.09284193813800812,0.5628853440284729,0.34093227982521057,0.005200953688472509,0.5716375112533569,0.3870912492275238,-0.022873668000102043,0.5841161012649536,0.44124725461006165,0.053700078278779984,0.5792582035064697,0.448211669921875,0.06633038818836212,0.6002265810966492,0.37238383293151855,0.07007414847612381,0.5893656015396118,0.42794710397720337,0.06265565007925034,0.6001378893852234,0.3177346885204315,0.04926767200231552,0.5685482621192932,0.4745367467403412,0.030470645055174828,0.5643017292022705,0.4117307662963867,-0.017174087464809418,0.5747499465942383,0.38249948620796204,0.002929698908701539,0.5974318385124207,0.33707836270332336,0.04266668111085892,0.5826899409294128,0.3405948281288147,0.013051822781562805,0.5777145624160767,0.34239721298217773,0.009771712124347687,0.5706044435501099,0.4383620023727417,0.017049657180905342,0.6007567048072815,0.3920300304889679,0.049721021205186844,0.559575080871582,0.487815260887146,0.029274726286530495,0.5697633028030396,0.4710966944694519,0.04645994305610657,0.5737751722335815,0.461364209651947,0.05530652403831482,0.5722582340240479,0.3425617814064026,0.007291297893971205,0.5672464370727539,0.34172362089157104,0.006186084821820259,0.5642380118370056,0.34141436219215393,0.0060095032677054405,0.5984830856323242,0.3225667178630829,0.033558666706085205,0.5675868391990662,0.33251190185546875,0.00430076802149415,0.5728380084037781,0.3287721276283264,0.004992451518774033,0.578737735748291,0.32741445302963257,0.007324048317968845,0.5836632251739502,0.32813844084739685,0.011070514097809792,0.5861388444900513,0.3299695551395416,0.014517378062009811,0.5979531407356262,0.31067076325416565,0.06749791651964188,0.5853896737098694,0.33815261721611023,0.01627056859433651,0.5734996199607849,0.41842883825302124,0.002892223419621587,0.572516918182373,0.4035404622554779,-0.01049689669162035,0.5663146376609802,0.41907620429992676,-0.007048991974443197,0.577934741973877,0.4536212384700775,0.046450428664684296,0.573032557964325,0.463752806186676,0.03890474885702133,0.5620498061180115,0.4833379089832306,0.021639788523316383,0.5826910734176636,0.4331444203853607,0.07897689938545227,0.5643787980079651,0.3375912308692932,0.004775418434292078,0.5671155452728271,0.36789900064468384,-0.015122335404157639,0.565591037273407,0.4803917706012726,0.037298139184713364,0.5976307392120361,0.39175909757614136,0.07140665501356125,0.5650054216384888,0.4392058253288269,0.005310317035764456,0.5663271546363831,0.44149309396743774,0.005425124894827604,0.5670955777168274,0.4445018470287323,0.0054978965781629086,0.5672088265419006,0.44834011793136597,0.00737793231382966,0.5669615268707275,0.4546387195587158,0.01410878635942936,0.5693726539611816,0.4353760778903961,0.013446534052491188,0.5704876184463501,0.43425843119621277,0.014176318421959877,0.5714669227600098,0.4330880045890808,0.014613667502999306,0.5791749954223633,0.4254547357559204,0.01669289357960224,0.5975089073181152,0.4001498818397522,0.03413904830813408,0.5648839473724365,0.3571361303329468,-0.010950825177133083,0.5616103410720825,0.3352791368961334,-0.003139062551781535,0.5632476806640625,0.33496978878974915,0.0016821747412905097,0.5681268572807312,0.4365074336528778,0.014034188352525234,0.5928149223327637,0.4186728596687317,0.04729708284139633,0.5603420734405518,0.3372541069984436,-0.012825953774154186,0.568075954914093,0.46062812209129333,0.019485535100102425,0.5646668076515198,0.36457398533821106,-0.02207752875983715,0.5706261992454529,0.3816494643688202,-0.011503210291266441,0.5617664456367493,0.4679718613624573,0.013566296547651291,0.57801753282547,0.44189366698265076,0.027938248589634895,0.5775246024131775,0.40119633078575134,0.0074636745266616344,0.573000967502594,0.45186322927474976,0.02430645190179348,0.5899423360824585,0.39723241329193115,0.015279365703463554,0.5822885632514954,0.408859521150589,0.012424107640981674,0.592007577419281,0.40921545028686523,0.024517161771655083,0.5628395080566406,0.4765893220901489,0.01669386774301529,0.5717088580131531,0.38521119952201843,-0.0049648587591946125,0.579888641834259,0.44626158475875854,0.03686027601361275,0.5740362405776978,0.4569929242134094,0.03158121183514595,0.5833003520965576,0.43119001388549805,0.02898169681429863,0.5970954895019531,0.40647831559181213,0.053449634462594986,0.5875186324119568,0.43013274669647217,0.03751126304268837,0.5939220190048218,0.41003096103668213,0.07088305056095123,0.5847449898719788,0.4181119203567505,0.019225312396883965,0.5688284635543823,0.37243324518203735,-0.008125150576233864,0.5737393498420715,0.4019114673137665,-0.017810607329010963,0.5744966864585876,0.4021671414375305,-0.009958401322364807,0.5732715129852295,0.3971496820449829,-0.02367580309510231,0.5668098330497742,0.32629162073135376,-0.004066685680299997,0.5768605470657349,0.31974905729293823,-0.0019492532592266798,0.5853438377380371,0.3180290460586548,0.0023919004015624523,0.5912719368934631,0.3189891278743744,0.00848131999373436,0.5939743518829346,0.32209134101867676,0.01468733325600624,0.5924172401428223,0.33502617478370667,0.027568252757191658,0.600822389125824,0.3534042239189148,0.06621384620666504,0.5912686586380005,0.34984835982322693,0.022827154025435448,0.5870856046676636,0.3541237413883209,0.017031308263540268,0.5798082947731018,0.35541415214538574,0.011668231338262558,0.5724546313285828,0.35428354144096375,0.00718499394133687,0.5672004222869873,0.3521050214767456,0.003807076020166278,0.5639175772666931,0.34993892908096313,0.001367046032100916,0.5924426913261414,0.3497506380081177,0.08953458070755005,0.5733069181442261,0.4036751389503479,-0.0067817033268511295,0.5690371990203857,0.37741178274154663,-0.018165869638323784,0.5720126628875732,0.40393421053886414,-0.02407487854361534,0.5682055354118347,0.4080895483493805,-0.022323541343212128,0.5708749890327454,0.4049112796783447,-0.020960014313459396,0.571567177772522,0.4060492217540741,-0.005163651891052723,0.5677559971809387,0.4093649089336395,-0.024105234071612358,0.5657737255096436,0.4107804596424103,-0.016886327415704727,0.5618563890457153,0.3419470191001892,0.003000452183187008,0.5611761212348938,0.34541836380958557,-0.0019183637341484427,0.5619128346443176,0.3483894467353821,-0.0064098103903234005,0.5872718095779419,0.33145809173583984,0.01763089932501316,0.5910214781761169,0.3280123472213745,0.018758457154035568,0.5112846493721008,0.3422201871871948,-0.017257658764719963,0.5190436244010925,0.3418426811695099,-0.017257658764719963,0.5111541748046875,0.3315299153327942,-0.017257658764719963,0.5033023357391357,0.3425108790397644,-0.017257658764719963,0.5114078521728516,0.35285723209381104,-0.017257658764719963,0.5721346139907837,0.33505359292030334,0.010518754832446575,0.5792350769042969,0.3340410888195038,0.010518754832446575,0.571428120136261,0.3259691894054413,0.010518754832446575,0.5650613307952881,0.33609575033187866,0.010518754832446575,0.5729070901870728,0.34425869584083557,0.010518754832446575
1733.3333333333321,0.5634450912475586,0.4325854182243347,-0.010342340916395187,0.5669935941696167,0.4056432843208313,-0.030492013320326805,0.5618133544921875,0.4117646813392639,-0.013302680104970932,0.5586576461791992,0.3742530345916748,-0.029618030413985252,0.5675318241119385,0.39684587717056274,-0.03375981003046036,0.5660243034362793,0.3840000033378601,-0.033085789531469345,0.5600244998931885,0.3502809703350067,-0.02255883440375328,0.5044078826904297,0.3444671630859375,-0.017496133223176003,0.5582447648048401,0.32283827662467957,-0.022184966132044792,0.5586107969284058,0.3097403645515442,-0.0257314071059227,0.5553971529006958,0.25957104563713074,-0.027021320536732674,0.5629028081893921,0.4356429874897003,-0.00905985664576292,0.5617448687553406,0.4384642243385315,-0.006702309008687735,0.5603598952293396,0.4402945637702942,-0.0030572216492146254,0.5602550506591797,0.440418541431427,-0.0020656115375459194,0.5608119964599609,0.4443921446800232,-0.0017207928467541933,0.5607929825782776,0.44887199997901917,-0.001970307668671012,0.5598906874656677,0.45335716009140015,0.00015312123287003487,0.5562921166419983,0.46152228116989136,0.007753530517220497,0.5654544830322266,0.4094451665878296,-0.026841027662158012,0.5574532747268677,0.40910202264785767,-0.020376376807689667,0.46567070484161377,0.30024453997612,-0.0054248482920229435,0.5252479314804077,0.35327404737472534,-0.016475439071655273,0.5185577273368835,0.35439515113830566,-0.018230320885777473,0.5115666389465332,0.3540877103805542,-0.01873246766626835,0.5009462833404541,0.3472776412963867,-0.016988545656204224,0.5307930111885071,0.35105639696121216,-0.013645004481077194,0.5153172612190247,0.32452112436294556,-0.02444472350180149,0.5233601927757263,0.3258001208305359,-0.02169519104063511,0.5076616406440735,0.3263818323612213,-0.024227755144238472,0.5022651553153992,0.330313503742218,-0.0227496474981308,0.494924932718277,0.3535011410713196,-0.014483848586678505,0.5320682525634766,0.4743286371231079,0.008544102311134338,0.5011687278747559,0.340862512588501,-0.016563164070248604,0.46448615193367004,0.34436047077178955,0.003976954147219658,0.4851644039154053,0.3462376892566681,-0.012008195742964745,0.524469792842865,0.39303168654441833,-0.01533634215593338,0.555780827999115,0.43169453740119934,-0.012624586932361126,0.5541505217552185,0.4387097656726837,-0.008527298457920551,0.5456454753875732,0.43418750166893005,-0.011913091875612736,0.537376880645752,0.43562883138656616,-0.00932298693805933,0.545892059803009,0.43880900740623474,-0.00871254876255989,0.5384657382965088,0.4385272264480591,-0.006136053241789341,0.5259143114089966,0.4453127980232239,0.0008982926956377923,0.5619469881057739,0.4058738648891449,-0.03159249573945999,0.5616965889930725,0.3972214460372925,-0.03491978347301483,0.4930831789970398,0.3240180015563965,-0.02617958001792431,0.5372405648231506,0.36885225772857666,-0.015997298061847687,0.5425211787223816,0.40091606974601746,-0.022687358781695366,0.541109025478363,0.39515581727027893,-0.02179272286593914,0.5005970001220703,0.3917926251888275,-0.015748264268040657,0.5603435635566711,0.385092169046402,-0.033579643815755844,0.5137025117874146,0.3147750198841095,-0.03149736672639847,0.5022492408752441,0.3175524175167084,-0.0300066526979208,0.4775417149066925,0.28405052423477173,-0.01708001270890236,0.5441524982452393,0.3245883285999298,-0.02573215402662754,0.5298137068748474,0.33032962679862976,-0.01740618795156479,0.5211067199707031,0.43741241097450256,-0.0018539117882028222,0.4663195013999939,0.42844927310943604,0.03763395920395851,0.5466905236244202,0.4059826135635376,-0.017835820093750954,0.5518632531166077,0.4083734452724457,-0.014980847015976906,0.5247873663902283,0.4370320737361908,-0.0008289239485748112,0.5265496373176575,0.4375133514404297,-0.001153570949099958,0.4976827800273895,0.311142235994339,-0.029507525265216827,0.5408693552017212,0.40365368127822876,-0.018538398668169975,0.5277025103569031,0.316697895526886,-0.030172107741236687,0.5270200967788696,0.30885183811187744,-0.03307383880019188,0.5144440531730652,0.2638903260231018,-0.032885681837797165,0.48864275217056274,0.29722315073013306,-0.02482565864920616,0.5222067832946777,0.2850857079029083,-0.03391227126121521,0.4871964454650879,0.3189341425895691,-0.023372340947389603,0.4771764874458313,0.31008899211883545,-0.015323103405535221,0.5550523996353149,0.435558021068573,-0.0113539919257164,0.5459109544754028,0.43659600615501404,-0.01054858136922121,0.5380291938781738,0.4370840787887573,-0.008124484680593014,0.5477604269981384,0.4071909189224243,-0.015355108305811882,0.5257290005683899,0.43728384375572205,-0.0008996727410703897,0.5304828882217407,0.4402892291545868,-0.00197336683049798,0.5273544788360596,0.43773791193962097,-0.001039962051436305,0.5519971251487732,0.40491536259651184,-0.026375681161880493,0.5385404229164124,0.4395318627357483,-0.004239968955516815,0.5457266569137573,0.440238356590271,-0.005243432708084583,0.5532437562942505,0.4405335485935211,-0.005149093456566334,0.548043966293335,0.46179062128067017,0.005310560576617718,0.55167156457901,0.45345088839530945,-0.002394443843513727,0.5526732206344604,0.44887396693229675,-0.00437497440725565,0.5531185865402222,0.44441914558410645,-0.00404171971604228,0.5531765222549438,0.4407556653022766,-0.004157230257987976,0.5383896827697754,0.43983471393585205,-0.0034397533163428307,0.537594199180603,0.4413163661956787,-0.003501034341752529,0.5364340543746948,0.4434731900691986,-0.0038864382077008486,0.5352517366409302,0.44588571786880493,-0.0028571730945259333,0.5318196415901184,0.425153523683548,-0.009969625622034073,0.45544424653053284,0.38163021206855774,0.03523679077625275,0.5638073086738586,0.41079068183898926,-0.01834098994731903,0.5326263308525085,0.43891963362693787,-0.0020443557295948267,0.5317237973213196,0.4395204782485962,-0.0020127787720412016,0.5539258122444153,0.4115668833255768,-0.01416065078228712,0.5417606830596924,0.40801170468330383,-0.011665398254990578,0.5529749989509583,0.41004523634910583,-0.014765503816306591,0.5299004316329956,0.3739425241947174,-0.015574382618069649,0.5186684131622314,0.3806855082511902,-0.016530010849237442,0.5389341711997986,0.3983035385608673,-0.01798301376402378,0.49334976077079773,0.2716454863548279,-0.026665469631552696,0.5031197667121887,0.28845787048339844,-0.03072146326303482,0.5112506151199341,0.3071103096008301,-0.0328495129942894,0.5320086479187012,0.45222237706184387,0.0012338928645476699,0.5429922938346863,0.3119726777076721,-0.030484257265925407,0.539599597454071,0.2848907709121704,-0.03275948017835617,0.5343169569969177,0.26031890511512756,-0.03261047601699829,0.5049467086791992,0.35176169872283936,-0.018047116696834564,0.4866859018802643,0.3603118658065796,-0.012389468960464,0.5345044136047363,0.3489765226840973,-0.012280949391424656,0.49466028809547424,0.3351457118988037,-0.020160935819149017,0.5426079034805298,0.3634006977081299,-0.017442520707845688,0.5481456518173218,0.39888495206832886,-0.027795087546110153,0.47664618492126465,0.36574986577033997,-0.00738205760717392,0.4934212863445282,0.36779987812042236,-0.015411064960062504,0.5042809247970581,0.37186363339424133,-0.017317326739430428,0.5182062983512878,0.37021541595458984,-0.01584911160171032,0.5276534557342529,0.36615118384361267,-0.014397219754755497,0.5345309972763062,0.362001895904541,-0.014098268933594227,0.5537946820259094,0.35249820351600647,-0.02258082665503025,0.4782615303993225,0.38616687059402466,-0.005771794356405735,0.488336443901062,0.3338726758956909,-0.0197735745459795,0.562367856502533,0.40956664085388184,-0.027770187705755234,0.5394142270088196,0.3788890540599823,-0.01667650416493416,0.4544350206851959,0.33927783370018005,0.0222474355250597,0.5401700735092163,0.3575400710105896,-0.014194744639098644,0.5365738868713379,0.39771708846092224,-0.011908571235835552,0.4978388547897339,0.3410717844963074,-0.016235919669270515,0.5465784668922424,0.39182424545288086,-0.02651158720254898,0.45868730545043945,0.40465301275253296,0.03770526871085167,0.5337634682655334,0.34574317932128906,-0.011952332220971584,0.5536695718765259,0.38764727115631104,-0.03138640522956848,0.4952581822872162,0.4551090598106384,0.016089778393507004,0.49112629890441895,0.4626426696777344,0.027722584083676338,0.4641384780406952,0.38532790541648865,0.014191588386893272,0.4827802777290344,0.44258466362953186,0.018198605626821518,0.4698837995529175,0.32563573122024536,-0.00451298663392663,0.5297868251800537,0.48233652114868164,0.01310497336089611,0.5613608956336975,0.4106379747390747,-0.018715964630246162,0.5327703952789307,0.38518044352531433,-0.015057574957609177,0.4771844446659088,0.3471651077270508,-0.008122975006699562,0.5125552415847778,0.3489118814468384,-0.01871723309159279,0.5187791585922241,0.3493956923484802,-0.018328621983528137,0.5291396379470825,0.44124746322631836,-0.00140597193967551,0.4789155125617981,0.4046345353126526,0.00044329880620352924,0.540067732334137,0.49150824546813965,0.019911274313926697,0.5175727605819702,0.48179689049720764,0.021933145821094513,0.5059736967086792,0.47429603338241577,0.024138953536748886,0.557491660118103,0.284847617149353,-0.027733737602829933,0.5520697832107544,0.49084872007369995,0.023461928591132164,0.5241921544075012,0.34833604097366333,-0.01667095720767975,0.5291643738746643,0.34684082865715027,-0.014419245533645153,0.5323877930641174,0.34627795219421387,-0.012502215802669525,0.48115989565849304,0.330832302570343,-0.015752138569951057,0.5275315642356873,0.3368140757083893,-0.016822025179862976,0.5216099619865417,0.3328227996826172,-0.019605878740549088,0.515653133392334,0.3321744501590729,-0.021281156688928604,0.509549081325531,0.33382976055145264,-0.021431362256407738,0.5055902004241943,0.3365706503391266,-0.020314181223511696,0.458341121673584,0.3176056146621704,0.009011228568851948,0.5079131126403809,0.34698647260665894,-0.018227385357022285,0.5609863996505737,0.41824185848236084,-0.01071139145642519,0.5394046902656555,0.4208485782146454,-0.01160651445388794,0.5474632978439331,0.40521493554115295,-0.02039547823369503,0.5528545379638672,0.4191567301750183,-0.01302357204258442,0.5580116510391235,0.3358641564846039,-0.02026774175465107,0.5074716806411743,0.4661667048931122,0.016212698072195053,0.5183634757995605,0.4744703769683838,0.015280913561582565,0.5420196652412415,0.4870184659957886,0.012501007877290249,0.4779365062713623,0.4480524957180023,0.03325391188263893,0.5318308472633362,0.34250977635383606,-0.014098753221333027,0.5505593419075012,0.36820051074028015,-0.02341679111123085,0.5541427135467529,0.4862816333770752,0.016195708885788918,0.5290142893791199,0.4880406856536865,0.019350800663232803,0.46643057465553284,0.40593984723091125,0.018031777814030647,0.5456488728523254,0.4405219256877899,-0.004322784021496773,0.5450050234794617,0.44324934482574463,-0.0044561889953911304,0.5442139506340027,0.4467153549194336,-0.004902116023004055,0.5433034896850586,0.4507367014884949,-0.0034819678403437138,0.5393480062484741,0.45809298753738403,0.001969055738300085,0.5317842960357666,0.43791893124580383,-0.0037999094929546118,0.5309170484542847,0.4371177554130554,-0.004751486703753471,0.5300711989402771,0.4362451434135437,-0.0056318738497793674,0.5252998471260071,0.4306696057319641,-0.007169494871050119,0.4926280975341797,0.41098952293395996,-0.00741518335416913,0.5482884049415588,0.35735687613487244,-0.019612953066825867,0.5402960777282715,0.3385579288005829,-0.014153758063912392,0.5350999236106873,0.3390212655067444,-0.014159918762743473,0.532562255859375,0.43864041566848755,-0.0025509612169116735,0.4896864593029022,0.4313473105430603,0.005439806263893843,0.5483270883560181,0.33908626437187195,-0.019480368122458458,0.5352335572242737,0.46580570936203003,0.005857017822563648,0.5639998912811279,0.3728107810020447,-0.029348991811275482,0.5562849044799805,0.3641532361507416,-0.026578905060887337,0.5621002316474915,0.36219626665115356,-0.025928940623998642,0.5461808443069458,0.3826945126056671,-0.022250749170780182,0.5553898811340332,0.4788961708545685,0.011390053667128086,0.5557896494865417,0.469504714012146,0.009697426110506058,0.5459646582603455,0.4700358510017395,0.007327979430556297,0.518975555896759,0.4499590992927551,0.003328274469822645,0.5303062200546265,0.4047926068305969,-0.01117982529103756,0.5262755751609802,0.4589456021785736,0.005076279863715172,0.5127895474433899,0.40437594056129456,-0.014502188190817833,0.5235793590545654,0.4141043722629547,-0.01094220019876957,0.5052732825279236,0.4183916747570038,-0.009429429657757282,0.54399573802948,0.47953933477401733,0.00817338190972805,0.5409372448921204,0.3868226706981659,-0.018383866176009178,0.5118223428726196,0.45711615681648254,0.008346112444996834,0.5218318700790405,0.4661988914012909,0.009873754344880581,0.5134927034378052,0.4396476447582245,-0.0010394882410764694,0.48042914271354675,0.4197719395160675,0.006483907345682383,0.5020965337753296,0.4415813386440277,0.0025316402316093445,0.4717593491077423,0.4248659014701843,0.020374543964862823,0.5171409249305725,0.4248761534690857,-0.008409137837588787,0.5449228882789612,0.3733771741390228,-0.019774504005908966,0.5504013895988464,0.40350839495658875,-0.028238369151949883,0.5447577834129333,0.4042953848838806,-0.02182510681450367,0.5549071431159973,0.3979969024658203,-0.0319594107568264,0.5358370542526245,0.32995155453681946,-0.019227514043450356,0.5253228545188904,0.32333606481552124,-0.02430356852710247,0.515232264995575,0.32157066464424133,-0.026919934898614883,0.5062143802642822,0.32337063550949097,-0.026900356635451317,0.4990631341934204,0.3278418481349945,-0.02481098473072052,0.4926632046699524,0.34377628564834595,-0.014810695312917233,0.46335262060165405,0.36485832929611206,0.008871587924659252,0.49983009696006775,0.3580784499645233,-0.015834104269742966,0.5082442760467529,0.3614734709262848,-0.01666782796382904,0.5179466009140015,0.3613930940628052,-0.016057124361395836,0.5263586640357971,0.358999103307724,-0.014673128724098206,0.5326557755470276,0.355999231338501,-0.012728851288557053,0.5372438430786133,0.35332515835762024,-0.01214667409658432,0.45435938239097595,0.36007606983184814,0.03038337081670761,0.5438157320022583,0.4057157039642334,-0.01839635707437992,0.552495539188385,0.3777697682380676,-0.02661231905221939,0.5565565228462219,0.4048118591308594,-0.030751612037420273,0.5581068396568298,0.4084034264087677,-0.026210572570562363,0.5551506876945496,0.40585339069366455,-0.027778884395956993,0.5446822047233582,0.4076421558856964,-0.01486598514020443,0.5600633025169373,0.40919578075408936,-0.027274085208773613,0.5591355562210083,0.4103272557258606,-0.019533034414052963,0.536666750907898,0.3461416959762573,-0.011255486868321896,0.5409243106842041,0.34837567806243896,-0.012598767876625061,0.5444881319999695,0.3505307137966156,-0.015280387364327908,0.5032123923301697,0.3388079106807709,-0.018760107457637787,0.4986175298690796,0.3351193368434906,-0.01988990604877472,0.5681792497634888,0.3733673691749573,-0.02473209984600544,0.5890220999717712,0.33462071418762207,0.01846851222217083,0.5685184597969055,0.4076271057128906,-0.016621017828583717,0.6009615063667297,0.2943650186061859,0.05013585835695267,0.5735657811164856,0.3467678725719452,0.006636410485953093,0.5797883868217468,0.34662094712257385,0.009573201648890972,0.5853669047355652,0.3452557325363159,0.013369687832891941,0.5902023911476135,0.3376360833644867,0.021060969680547714,0.5687320232391357,0.34506720304489136,0.004619336687028408,0.584036648273468,0.3195546865463257,0.004735314752906561,0.5768375396728516,0.32113489508628845,0.0013182752300053835,0.5897213816642761,0.32051438093185425,0.009425923228263855,0.5924544334411621,0.323443740606308,0.013584785163402557,0.5946200489997864,0.34368810057640076,0.02653086930513382,0.5712491869926453,0.46642157435417175,0.02495887316763401,0.5900880098342896,0.33147358894348145,0.021084876731038094,0.6023229360580444,0.3340841233730316,0.06001469865441322,0.5974416136741638,0.3356113135814667,0.03405238315463066,0.5835469365119934,0.3874952793121338,0.007789398077875376,0.5686841607093811,0.43008533120155334,-0.006887485273182392,0.5659151077270508,0.4371846318244934,-0.003255766350775957,0.571654736995697,0.4301814138889313,-2.0861438315478154e-05,0.5728424787521362,0.4310552775859833,0.007054241374135017,0.568487823009491,0.43593087792396545,0.0015861119609326124,0.5699937343597412,0.43506214022636414,0.007654570508748293,0.5762481689453125,0.43887147307395935,0.022045983001589775,0.5709772109985352,0.40465301275253296,-0.028471339493989944,0.5722349882125854,0.3961569368839264,-0.031188953667879105,0.6004571318626404,0.31634485721588135,0.01714305952191353,0.5721582174301147,0.3658587634563446,-0.0008826939738355577,0.5772397518157959,0.3972269594669342,-0.008651172742247581,0.5764679908752441,0.3916696310043335,-0.007306636776775122,0.5979444980621338,0.38244494795799255,0.022823559120297432,0.5704440474510193,0.38413572311401367,-0.028822993859648705,0.5925062894821167,0.310223788022995,-0.00127409806009382,0.5981645584106445,0.31159478425979614,0.007739254739135504,0.599960207939148,0.27975592017173767,0.032802764326334,0.5690683722496033,0.3211837112903595,-0.015646591782569885,0.5704439878463745,0.3254280388355255,0.0011806432157754898,0.5805133581161499,0.43037962913513184,0.023935189470648766,0.5882729291915894,0.41275474429130554,0.08931725472211838,0.5732706189155579,0.4030088782310486,-0.007559868507087231,0.5695611238479614,0.4066990315914154,-0.009819567203521729,0.5727577805519104,0.43344971537590027,0.021289680153131485,0.571711003780365,0.43396589159965515,0.018214091658592224,0.6000810861587524,0.3047370910644531,0.01061076857149601,0.5760493278503418,0.4000808894634247,-0.004826575517654419,0.5832013487815857,0.3125684857368469,-0.009439812041819096,0.5847195982933044,0.30465084314346313,-0.011779872700572014,0.5867210030555725,0.26231953501701355,-0.00422520749270916,0.6007077693939209,0.29109203815460205,0.019453594461083412,0.5863021016120911,0.2822408378124237,-0.00942175555974245,0.6020298004150391,0.3108779191970825,0.02294808067381382,0.602454662322998,0.30263999104499817,0.03487151488661766,0.567578911781311,0.4340578615665436,-0.005667882040143013,0.570226788520813,0.43333154916763306,0.0005913957138545811,0.5715640783309937,0.4331025183200836,0.006816409062594175,0.5718859434127808,0.4045507609844208,-0.006893117446452379,0.5722494721412659,0.433735191822052,0.019510015845298767,0.5715557932853699,0.43655645847320557,0.015112270601093769,0.5711706876754761,0.4342166781425476,0.01776541955769062,0.5734741687774658,0.40222227573394775,-0.01679803617298603,0.5684919953346252,0.4365510046482086,0.008797460235655308,0.5668231248855591,0.4378579258918762,0.004395259078592062,0.564245879650116,0.43920472264289856,0.00020863590179942548,0.5628122091293335,0.4595387578010559,0.01052064634859562,0.5653392672538757,0.45133012533187866,0.0031656951177865267,0.565894603729248,0.4468478262424469,0.0014040267560631037,0.5653942227363586,0.44268742203712463,0.0016457091551274061,0.5641534924507141,0.43931275606155396,0.0012548385420814157,0.5684571266174316,0.4367385804653168,0.009608331136405468,0.569720983505249,0.43799591064453125,0.009504924528300762,0.5706966519355774,0.4397541284561157,0.009626388549804688,0.5711610317230225,0.4420183002948761,0.011728271842002869,0.5786375999450684,0.42008963227272034,0.009002319537103176,0.5938587188720703,0.3687400817871094,0.0930018275976181,0.5696588754653931,0.4355868697166443,0.014380260370671749,0.57076096534729,0.43599459528923035,0.01442488469183445,0.5677635669708252,0.41037338972091675,-0.00905347429215908,0.5737126469612122,0.4049052298069,-0.0007972089806571603,0.5686299800872803,0.4086724519729614,-0.009770924225449562,0.5770736932754517,0.369882196187973,0.004748770501464605,0.5862988233566284,0.37466108798980713,0.01102146040648222,0.5762191414833069,0.3947039842605591,-0.003065743250772357,0.5960868000984192,0.2687617540359497,0.014072478748857975,0.5959148406982422,0.28377828001976013,0.0049017625860869884,0.5942184329032898,0.3020198941230774,-0.0009780562249943614,0.5729519128799438,0.44627296924591064,0.018491601571440697,0.5720516443252563,0.30894041061401367,-0.019593628123402596,0.5737830996513367,0.2834457457065582,-0.019997090101242065,0.5736515522003174,0.25954699516296387,-0.018123647198081017,0.58884596824646,0.3421778082847595,0.017736708745360374,0.5990739464759827,0.3496150076389313,0.03309178352355957,0.5657764077186584,0.3432231545448303,0.003970643039792776,0.5959046483039856,0.3262940049171448,0.02158866822719574,0.569308876991272,0.3610920310020447,-0.005322825163602829,0.5765594244003296,0.3958497643470764,-0.016398215666413307,0.6044944524765015,0.35458022356033325,0.04408476874232292,0.5986952185630798,0.3579835891723633,0.02727639116346836,0.59416264295578,0.36352869868278503,0.01894940435886383,0.5840473175048828,0.36377012729644775,0.011906091123819351,0.5759837627410889,0.360840767621994,0.006669238209724426,0.5706685185432434,0.35752296447753906,0.0016484856605529785,0.5645579099655151,0.35161682963371277,-0.017384430393576622,0.6050572991371155,0.3739078640937805,0.04539767652750015,0.5990818738937378,0.32460087537765503,0.02584211714565754,0.5680148601531982,0.408731073141098,-0.025278393179178238,0.572683572769165,0.3760170638561249,-0.0021250774152576923,0.5973713397979736,0.329813152551651,0.08183684200048447,0.5669876933097839,0.3536664545536041,-0.0018743992550298572,0.5751307606697083,0.3941396474838257,0.003017179202288389,0.5918247699737549,0.3316199481487274,0.02333732880651951,0.5752966403961182,0.38903436064720154,-0.014900892041623592,0.5919454097747803,0.38995659351348877,0.09300407767295837,0.5648683309555054,0.3396201431751251,0.005060109309852123,0.573370099067688,0.38570305705070496,-0.02295031026005745,0.5862682461738586,0.4403105676174164,0.05392199382185936,0.581497311592102,0.4472033977508545,0.0666409507393837,0.6024720072746277,0.37167397141456604,0.07003083825111389,0.5915181040763855,0.4271053373813629,0.06282559037208557,0.6024643778800964,0.31715303659439087,0.04907893389463425,0.5705520510673523,0.47331738471984863,0.03097693994641304,0.5659321546554565,0.4101337194442749,-0.01717962883412838,0.5764868855476379,0.3813154995441437,0.002889796392992139,0.5990762114524841,0.3359185755252838,0.04249617084860802,0.5848574638366699,0.33967500925064087,0.012884634546935558,0.5797878503799438,0.3414558470249176,0.009609940461814404,0.572106122970581,0.43745920062065125,0.017008431255817413,0.6027014851570129,0.3913027346134186,0.04967363923788071,0.5615166425704956,0.48654305934906006,0.02993585541844368,0.5718923211097717,0.4698793888092041,0.04693503677845001,0.5759829878807068,0.460225909948349,0.0556858591735363,0.5742542743682861,0.3415045738220215,0.007139916531741619,0.56920325756073,0.34051328897476196,0.0060399905778467655,0.5661976933479309,0.34011292457580566,0.005866314750164747,0.6005221605300903,0.32133734226226807,0.033364832401275635,0.5697113871574402,0.3312263488769531,0.004121143836528063,0.5750707387924194,0.3275180459022522,0.004788236226886511,0.5810723900794983,0.3261910676956177,0.0071125212125480175,0.586012065410614,0.32692140340805054,0.010865260846912861,0.5884402394294739,0.3287416994571686,0.014322320930659771,0.6003061532974243,0.31014299392700195,0.06741052865982056,0.587595522403717,0.33716535568237305,0.016094913706183434,0.5750582814216614,0.41723424196243286,0.0028631261084228754,0.5740634202957153,0.40213286876678467,-0.010521050542593002,0.5679183006286621,0.4176587462425232,-0.007020607125014067,0.5800687074661255,0.4525434672832489,0.04675298556685448,0.5751343965530396,0.46259430050849915,0.039314307272434235,0.5639457702636719,0.482067734003067,0.02222364768385887,0.5849307775497437,0.43220606446266174,0.07922539114952087,0.5664158463478088,0.3362944722175598,0.004619067534804344,0.5689919590950012,0.36656123399734497,-0.015222448855638504,0.5676336288452148,0.4791477918624878,0.03787369653582573,0.5998449921607971,0.3909892439842224,0.07144036144018173,0.5667839050292969,0.4380282461643219,0.005376216024160385,0.568170428276062,0.440360426902771,0.005536944139748812,0.5689741373062134,0.44343653321266174,0.005654256325215101,0.5690740942955017,0.4473671317100525,0.007566950283944607,0.5686655044555664,0.4535508453845978,0.014397053979337215,0.57093346118927,0.43437066674232483,0.0133210439234972,0.5721315145492554,0.43325892090797424,0.014039690606296062,0.5731546878814697,0.43206730484962463,0.014477637596428394,0.5807066559791565,0.42450499534606934,0.016576752066612244,0.5992749333381653,0.3993545174598694,0.03409165143966675,0.5668462514877319,0.3558388352394104,-0.01106580626219511,0.5637630224227905,0.333880752325058,-0.003308191429823637,0.5653595924377441,0.3336261808872223,0.0015153471613302827,0.5696243047714233,0.4354112148284912,0.013939419761300087,0.5947359800338745,0.4178486466407776,0.047357119619846344,0.562562108039856,0.33583396673202515,-0.012982978485524654,0.5698897242546082,0.4594539999961853,0.01988443359732628,0.5665746331214905,0.36321473121643066,-0.022191794589161873,0.5723845958709717,0.38031986355781555,-0.011569583788514137,0.5635299682617188,0.4667285978794098,0.014103056862950325,0.5798401832580566,0.44087928533554077,0.028026539832353592,0.5791382789611816,0.40003806352615356,0.007458772975951433,0.5748485922813416,0.4507475197315216,0.02454647608101368,0.5916124582290649,0.3962753713130951,0.015271976590156555,0.5838871598243713,0.40778589248657227,0.012384840287268162,0.5936698913574219,0.4083186089992523,0.024509968236088753,0.5646520256996155,0.47529223561286926,0.017247214913368225,0.5734267234802246,0.3839367628097534,-0.005011425819247961,0.5818769335746765,0.44522911310195923,0.03704318776726723,0.5760276317596436,0.4558591842651367,0.03191223740577698,0.5850570201873779,0.4302803874015808,0.028988441452383995,0.5990630388259888,0.40570303797721863,0.05346907675266266,0.5894187092781067,0.4292537569999695,0.037575408816337585,0.5961120128631592,0.4092197120189667,0.07098802924156189,0.5863447785377502,0.4171655774116516,0.019167546182870865,0.5706581473350525,0.37111976742744446,-0.008206711150705814,0.5753255486488342,0.4004649519920349,-0.017862148582935333,0.576076090335846,0.40081992745399475,-0.009985623881220818,0.5749121308326721,0.3957085609436035,-0.023754525929689407,0.5691806077957153,0.3248642086982727,-0.004271790850907564,0.5794041156768799,0.3184071481227875,-0.002187236910685897,0.5879294872283936,0.3167548179626465,0.0021504261530935764,0.5938054919242859,0.3177265524864197,0.008235566318035126,0.5963665246963501,0.3208068907260895,0.014461171813309193,0.5943958163261414,0.33381038904190063,0.027382729575037956,0.6031158566474915,0.3527456820011139,0.06611119210720062,0.5931716561317444,0.3487946689128876,0.02267715334892273,0.5889854431152344,0.353084534406662,0.016883011907339096,0.581673800945282,0.3542900085449219,0.011529025621712208,0.5742913484573364,0.3530360460281372,0.007070794701576233,0.5690626502037048,0.3507668972015381,0.003683767979964614,0.5658262968063354,0.34857696294784546,0.0012498890282586217,0.5948138236999512,0.34904584288597107,0.0895749107003212,0.5748730301856995,0.4023514688014984,-0.0067942882888019085,0.5708397030830383,0.376046746969223,-0.018252432346343994,0.5735877156257629,0.4024163484573364,-0.024131976068019867,0.5697811841964722,0.4065290689468384,-0.022361448034644127,0.572439432144165,0.40338626503944397,-0.021008029580116272,0.5731270909309387,0.40472328662872314,-0.005157396662980318,0.569341778755188,0.4077872931957245,-0.024143580347299576,0.567375123500824,0.4092072546482086,-0.01689799688756466,0.5638476610183716,0.3406027555465698,0.0028648737352341413,0.5631619095802307,0.34405481815338135,-0.002047813031822443,0.5639468431472778,0.34704816341400146,-0.006541761569678783,0.589521586894989,0.33022579550743103,0.017441818490624428,0.5932522416114807,0.3267587125301361,0.018561415374279022,0.5132793188095093,0.34082308411598206,-0.01732442155480385,0.5209681987762451,0.3405304253101349,-0.01732442155480385,0.5131899118423462,0.3301437199115753,-0.01732442155480385,0.5053549408912659,0.34102335572242737,-0.01732442155480385,0.5133705139160156,0.35145846009254456,-0.01732442155480385,0.5743542313575745,0.33389145135879517,0.010344973765313625,0.5814641118049622,0.33296582102775574,0.010344973765313625,0.5737549662590027,0.3247738182544708,0.010344973765313625,0.5672607421875,0.33483800292015076,0.010344973765313625,0.5750142335891724,0.34312209486961365,0.010344973765313625
1766.6666666666654,0.5636633038520813,0.4337785542011261,-0.009471503086388111,0.5693808794021606,0.4071789085865021,-0.03012271039187908,0.5639548897743225,0.4127962291240692,-0.012891937978565693,0.5612050890922546,0.3756934702396393,-0.02987113781273365,0.5699662566184998,0.3984472155570984,-0.033486515283584595,0.5684848427772522,0.38555651903152466,-0.03300638869404793,0.5625582933425903,0.35164397954940796,-0.023143397644162178,0.506808876991272,0.3445103168487549,-0.01910986192524433,0.5609212517738342,0.324072927236557,-0.023143308237195015,0.5613964796066284,0.31109705567359924,-0.02688024193048477,0.558307945728302,0.2610435485839844,-0.029176056385040283,0.5632151961326599,0.4365794062614441,-0.008154934272170067,0.56224524974823,0.4392015039920807,-0.00581854535266757,0.5610747337341309,0.44095224142074585,-0.002236605156213045,0.5610523819923401,0.4409838914871216,-0.0007756070699542761,0.5614888668060303,0.4447076618671417,-0.0004011228447780013,0.5614270567893982,0.44891756772994995,-0.0005447537405416369,0.5606358647346497,0.4530753493309021,0.00171007146127522,0.5582708716392517,0.46223729848861694,0.009366734884679317,0.5677802562713623,0.41085562109947205,-0.026445113122463226,0.5597083568572998,0.41035908460617065,-0.020122775807976723,0.4679798483848572,0.30017369985580444,-0.008541237562894821,0.5277590751647949,0.35351723432540894,-0.017670636996626854,0.5210943818092346,0.35448142886161804,-0.01949457637965679,0.5140719413757324,0.354139506816864,-0.020104259252548218,0.5033184885978699,0.3473305106163025,-0.018590381368994713,0.5332595109939575,0.351516991853714,-0.014757123775780201,0.5179046392440796,0.3247729539871216,-0.02594476193189621,0.5259543657302856,0.32608455419540405,-0.023106606677174568,0.5101996064186096,0.3266077935695648,-0.025808284059166908,0.504737913608551,0.33053502440452576,-0.0243978351354599,0.49722835421562195,0.3535313606262207,-0.01609721966087818,0.5339614152908325,0.4744703769683838,0.010005144402384758,0.5034929513931274,0.340957909822464,-0.018254399299621582,0.46635541319847107,0.344208687543869,0.0016121345106512308,0.4874298870563507,0.3462596833705902,-0.013912607915699482,0.5267065763473511,0.3934851884841919,-0.01584443636238575,0.5560800433158875,0.43286749720573425,-0.011882854625582695,0.5547928810119629,0.43930545449256897,-0.007724008057266474,0.5465320348739624,0.43502938747406006,-0.011251194402575493,0.5388816595077515,0.4361557364463806,-0.008630091324448586,0.5469603538513184,0.43922358751296997,-0.007962428033351898,0.5400458574295044,0.43878716230392456,-0.005362408235669136,0.5275542736053467,0.44502732157707214,0.001904669334180653,0.5643720626831055,0.4074130058288574,-0.03129526600241661,0.5642248392105103,0.39876866340637207,-0.03472810611128807,0.49568241834640503,0.32445454597473145,-0.02818918041884899,0.5397178530693054,0.3695782721042633,-0.01667575165629387,0.5448998808860779,0.40180259943008423,-0.022803230211138725,0.5434983372688293,0.395956426858902,-0.022002292796969414,0.5026719570159912,0.39199745655059814,-0.016689414158463478,0.5628700256347656,0.386594295501709,-0.03361402079463005,0.5164654850959778,0.31515946984291077,-0.03322039917111397,0.5049591660499573,0.31802645325660706,-0.03190404176712036,0.480198472738266,0.28433865308761597,-0.020169874653220177,0.5469521284103394,0.32468539476394653,-0.02693687193095684,0.5323734283447266,0.33068355917930603,-0.018735384568572044,0.5227483510971069,0.4369158148765564,-0.0012148853857070208,0.4671914577484131,0.42776361107826233,0.03668972849845886,0.5489881038665771,0.40692657232284546,-0.017866702750325203,0.5541061758995056,0.4093270003795624,-0.014784327708184719,0.5274098515510559,0.43697860836982727,-6.118895544204861e-05,0.5290758013725281,0.43748101592063904,-0.0002935434167739004,0.5004066824913025,0.3117411434650421,-0.03162407875061035,0.543144702911377,0.4043077826499939,-0.018617771565914154,0.5304813981056213,0.31682848930358887,-0.03167450800538063,0.5298243165016174,0.3091038763523102,-0.034704141318798065,0.5174793004989624,0.2649935185909271,-0.03557467833161354,0.4914931356906891,0.29775696992874146,-0.027356557548046112,0.525292694568634,0.286277174949646,-0.036066360771656036,0.4897599220275879,0.31936290860176086,-0.025609182193875313,0.4797176420688629,0.31031981110572815,-0.01795385405421257,0.5554831027984619,0.4363984763622284,-0.010561871342360973,0.54683518409729,0.4371916651725769,-0.009817413985729218,0.5395327806472778,0.4374687075614929,-0.007363755255937576,0.5500067472457886,0.40805962681770325,-0.015300929546356201,0.5282935500144958,0.43723809719085693,-7.838932651793584e-05,0.5327628254890442,0.44018709659576416,-0.0008721736958250403,0.5298578143119812,0.4377143383026123,-0.0001570986059959978,0.5544006824493408,0.40626534819602966,-0.02633342146873474,0.5402553081512451,0.43974682688713074,-0.0034862388856709003,0.5469530820846558,0.4405830204486847,-0.004522905685007572,0.5541054606437683,0.4410465657711029,-0.004401640500873327,0.5499107837677002,0.462453156709671,0.006848681252449751,0.5526095032691956,0.45305168628692627,-0.0009135330910794437,0.553497314453125,0.4487994313240051,-0.003002418205142021,0.5539760589599609,0.4446330666542053,-0.002793326508253813,0.5541287064552307,0.4411522150039673,-0.0029444177635014057,0.540232241153717,0.43989327549934387,-0.0023437829222530127,0.5394166707992554,0.4413066804409027,-0.0023424106184393167,0.538270115852356,0.44333013892173767,-0.0026369548868387938,0.5371466875076294,0.44559550285339355,-0.0015869307098910213,0.5336987376213074,0.4251655340194702,-0.009527398273348808,0.4565902352333069,0.38089442253112793,0.03318771347403526,0.5660603642463684,0.41204673051834106,-0.01797301135957241,0.5348814725875854,0.43890121579170227,-0.0010236360831186175,0.5339608192443848,0.43946701288223267,-0.0009455721010453999,0.5561215877532959,0.4124698042869568,-0.013846350833773613,0.543895423412323,0.40850043296813965,-0.011618594639003277,0.5551930665969849,0.4109779894351959,-0.014522378332912922,0.5323413610458374,0.374476820230484,-0.016292843967676163,0.5210226774215698,0.38108333945274353,-0.017341865226626396,0.5412307381629944,0.3989323377609253,-0.01817159727215767,0.4962492287158966,0.2723386585712433,-0.029567239806056023,0.5061514973640442,0.2892969846725464,-0.03309851512312889,0.5140318870544434,0.30764317512512207,-0.0347888357937336,0.5336902737617493,0.45239126682281494,0.002483378630131483,0.5458213686943054,0.31201422214508057,-0.03185313194990158,0.5426364541053772,0.286279559135437,-0.03466269373893738,0.5373458862304688,0.2616742253303528,-0.035032182931900024,0.5073710083961487,0.35177820920944214,-0.01954750344157219,0.4888305366039276,0.3602513372898102,-0.014059734530746937,0.5369254350662231,0.34956875443458557,-0.013411962427198887,0.49710705876350403,0.3353813886642456,-0.021997135132551193,0.5451450943946838,0.364321768283844,-0.01810888946056366,0.550641655921936,0.4001186192035675,-0.027854854241013527,0.47865238785743713,0.3657848536968231,-0.00913713313639164,0.4956585168838501,0.3677292764186859,-0.016849001869559288,0.5066392421722412,0.3718965947628021,-0.01849604956805706,0.5206801891326904,0.370432585477829,-0.01681068167090416,0.5301691293716431,0.36655136942863464,-0.015266232192516327,0.5370526909828186,0.3625560402870178,-0.014916281215846539,0.5563950538635254,0.35379457473754883,-0.023268144577741623,0.48002946376800537,0.3860947787761688,-0.007192932069301605,0.4907569885253906,0.33408108353614807,-0.021789073944091797,0.5647034049034119,0.4109807312488556,-0.027426699176430702,0.5418163537979126,0.3796415627002716,-0.01719253696501255,0.4560696482658386,0.3386784493923187,0.019432011991739273,0.5427111983299255,0.3581823706626892,-0.015025720931589603,0.5387775897979736,0.3982051610946655,-0.012143480591475964,0.5002254843711853,0.3411911725997925,-0.017969369888305664,0.5490700602531433,0.3929145932197571,-0.026680057868361473,0.4596262276172638,0.40391677618026733,0.03614643216133118,0.5361643433570862,0.3463675081729889,-0.01319569069892168,0.5562195181846619,0.38898131251335144,-0.031492844223976135,0.4967043101787567,0.45488741993904114,0.016320258378982544,0.4923425316810608,0.462309867143631,0.02789333090186119,0.4654821753501892,0.3850085437297821,0.012454851530492306,0.4840181767940521,0.44230782985687256,0.017886700108647346,0.4720778167247772,0.32566073536872864,-0.007076290436089039,0.5316643714904785,0.4824092388153076,0.01461856160312891,0.5636122822761536,0.41189858317375183,-0.01838417910039425,0.535074770450592,0.3857180178165436,-0.015562819316983223,0.47935548424720764,0.34710782766342163,-0.01020115613937378,0.5150647759437561,0.34890520572662354,-0.02016352117061615,0.5213054418563843,0.34944695234298706,-0.019678505137562752,0.5315090417861938,0.44107314944267273,-0.00033680774504318833,0.4804280996322632,0.4044899046421051,-0.0006241864757612348,0.5418855547904968,0.4916040897369385,0.021706510335206985,0.5192246437072754,0.48162761330604553,0.02303459495306015,0.5074425339698792,0.4740631580352783,0.02482929453253746,0.5603950023651123,0.2862898111343384,-0.02938179485499859,0.553877592086792,0.491030216217041,0.02550503984093666,0.5267010927200317,0.3485485911369324,-0.01794959232211113,0.5316413640975952,0.3472667932510376,-0.01566212996840477,0.5348235368728638,0.3468407988548279,-0.013752126134932041,0.48352503776550293,0.33096885681152344,-0.017950303852558136,0.5300658941268921,0.3372563421726227,-0.018180055543780327,0.5241966247558594,0.3331025242805481,-0.021005507558584213,0.5182021856307983,0.3323487341403961,-0.022760896012187004,0.5119969844818115,0.33394065499305725,-0.022981828078627586,0.507967472076416,0.3366794288158417,-0.0219157412648201,0.460313081741333,0.3172486424446106,0.005971303675323725,0.5103777647018433,0.3469943404197693,-0.019768554717302322,0.5630764365196228,0.4189039170742035,-0.010144416242837906,0.5413965582847595,0.42108604311943054,-0.011243055574595928,0.5498045086860657,0.4063025712966919,-0.02041669189929962,0.5549519062042236,0.41972413659095764,-0.012525863945484161,0.5605904459953308,0.3370524048805237,-0.02109064906835556,0.5091356039047241,0.4659748077392578,0.0170003529638052,0.5201501250267029,0.47436749935150146,0.01646549440920353,0.5439432859420776,0.48723846673965454,0.014349490404129028,0.47894930839538574,0.44754570722579956,0.03285834193229675,0.5342772603034973,0.3431023061275482,-0.015391270630061626,0.553121030330658,0.36941468715667725,-0.02390744909644127,0.5560152530670166,0.48660892248153687,0.01827317848801613,0.5307787656784058,0.4880005121231079,0.020817069336771965,0.4675612449645996,0.40557000041007996,0.016703961417078972,0.5469754338264465,0.44072383642196655,-0.0031785047613084316,0.5462921857833862,0.44330453872680664,-0.003253899747505784,0.5454933643341064,0.4465647041797638,-0.003590300213545561,0.5446445941925049,0.45033955574035645,-0.002091660862788558,0.5411010384559631,0.45860153436660767,0.003393379971385002,0.5339645743370056,0.43803513050079346,-0.0029986859299242496,0.5330805778503418,0.4372832775115967,-0.0039729708805680275,0.5322656631469727,0.43648838996887207,-0.004917928017675877,0.5270324349403381,0.4303818941116333,-0.006671978626400232,0.4943162202835083,0.4110264182090759,-0.00812447164207697,0.5508677959442139,0.35848742723464966,-0.02030109241604805,0.5428699851036072,0.33904218673706055,-0.01531258039176464,0.5375678539276123,0.3395305275917053,-0.015404889360070229,0.5347896814346313,0.43874990940093994,-0.001743641565553844,0.49112802743911743,0.4311939477920532,0.005073068663477898,0.5509933829307556,0.3396318554878235,-0.02046462893486023,0.5370517373085022,0.4660574793815613,0.007299599703401327,0.5664814710617065,0.3743168115615845,-0.029491424560546875,0.5588582754135132,0.36554253101348877,-0.027043165639042854,0.5646069645881653,0.3636559844017029,-0.026307053864002228,0.5486577749252319,0.38370683789253235,-0.02259468287229538,0.5573148727416992,0.47930148243904114,0.013394503854215145,0.5577390193939209,0.4700317978858948,0.011512432247400284,0.5478748679161072,0.47048360109329224,0.009015743620693684,0.5207393169403076,0.4496951699256897,0.004240970592945814,0.5324376821517944,0.4051271677017212,-0.011351024731993675,0.5280398726463318,0.4589093029499054,0.006307309027761221,0.5148586630821228,0.40471529960632324,-0.0149719612672925,0.5256256461143494,0.41431868076324463,-0.01096478383988142,0.5071350932121277,0.4184792935848236,-0.009731074795126915,0.5459520816802979,0.47983673214912415,0.00996143463999033,0.5433147549629211,0.3875952363014221,-0.018732022494077682,0.5135888457298279,0.45693331956863403,0.009139293804764748,0.5236411690711975,0.46615177392959595,0.011060581542551517,0.5152417421340942,0.4393009543418884,-0.0005808371352031827,0.4817945063114166,0.41956251859664917,0.0057247718796133995,0.5037245750427246,0.441420316696167,0.0027235234156250954,0.4728734791278839,0.42450448870658875,0.019513659179210663,0.5190108418464661,0.4247443675994873,-0.008284877054393291,0.5474086999893188,0.3743700087070465,-0.02027934230864048,0.5528426170349121,0.40485140681266785,-0.028223145753145218,0.5471157431602478,0.4052732288837433,-0.02184903435409069,0.5574430227279663,0.39945971965789795,-0.0319146029651165,0.5384737849235535,0.3302380442619324,-0.020540114492177963,0.5279871821403503,0.32361340522766113,-0.02577148750424385,0.5178799033164978,0.32191067934036255,-0.028488056734204292,0.5088233351707458,0.3237031400203705,-0.028573106974363327,0.5016030073165894,0.32816436886787415,-0.026588380336761475,0.4949989318847656,0.34390148520469666,-0.016602713614702225,0.46497559547424316,0.3646245002746582,0.0068102492950856686,0.5021841526031494,0.3580986559391022,-0.01729980669915676,0.5107031464576721,0.3615552484989166,-0.017939291894435883,0.5204640030860901,0.36155471205711365,-0.0171616580337286,0.5288763642311096,0.3593199849128723,-0.015700090676546097,0.5351450443267822,0.356499582529068,-0.01368445623666048,0.5397302508354187,0.35392478108406067,-0.01309746503829956,0.45573535561561584,0.3593829572200775,0.02790127508342266,0.5460994243621826,0.4065057635307312,-0.018412765115499496,0.5550312399864197,0.3790408968925476,-0.02693280763924122,0.5590088963508606,0.4063236713409424,-0.030584610998630524,0.5604201555252075,0.4097864329814911,-0.025935355573892593,0.557535707950592,0.40729039907455444,-0.02763139083981514,0.5468754768371582,0.40831848978996277,-0.014811170287430286,0.5623891949653625,0.41060662269592285,-0.026954906061291695,0.5613858699798584,0.41157469153404236,-0.019237026572227478,0.5390738844871521,0.34677359461784363,-0.01241432037204504,0.5434300899505615,0.3489973843097687,-0.013601456768810749,0.5470687747001648,0.351196825504303,-0.016148172318935394,0.505555272102356,0.33891505002975464,-0.02040093205869198,0.5010379552841187,0.33531391620635986,-0.021604526787996292,0.5706090927124023,0.3747975528240204,-0.024801721796393394,0.5909411311149597,0.3351849317550659,0.018156638368964195,0.5708133578300476,0.408760666847229,-0.016233384609222412,0.6029883623123169,0.2946406304836273,0.04920332878828049,0.5755335092544556,0.3471641540527344,0.006259182933717966,0.581779420375824,0.3468816876411438,0.009303920902311802,0.5873729586601257,0.34554484486579895,0.013154460117220879,0.5922120809555054,0.3382355868816376,0.020835796371102333,0.5706937313079834,0.3456723392009735,0.004142131190747023,0.586024820804596,0.3208736777305603,0.004288255237042904,0.5787668228149414,0.32249194383621216,0.0007341375458054245,0.5917179584503174,0.3217608332633972,0.009072118438780308,0.5944719314575195,0.3245667815208435,0.013261976651847363,0.5967745780944824,0.34402233362197876,0.026381006464362144,0.5730592012405396,0.46650731563568115,0.027042843401432037,0.5920366048812866,0.3322317600250244,0.020757824182510376,0.6043104529380798,0.33398792147636414,0.05975715443491936,0.5995043516159058,0.3361376225948334,0.03381999209523201,0.585824191570282,0.3878437876701355,0.008125018328428268,0.5691031217575073,0.4312876760959625,-0.00596266146749258,0.5666770339012146,0.4378551244735718,-0.0022884763311594725,0.5723801851272583,0.43122395873069763,0.0010369645897299051,0.5739588737487793,0.43183183670043945,0.008324132300913334,0.5695465803146362,0.436542272567749,0.0026759218890219927,0.5713557004928589,0.43559393286705017,0.008903540670871735,0.578142523765564,0.43837177753448486,0.02385878935456276,0.5733275413513184,0.40611812472343445,-0.028060462325811386,0.5745990872383118,0.3976723849773407,-0.030856193974614143,0.6026087999343872,0.3177891671657562,0.016709422692656517,0.5744450092315674,0.36652159690856934,-0.0010277617257088423,0.5793393850326538,0.3980085253715515,-0.008277231827378273,0.5785572528839111,0.3924151659011841,-0.0070098331198096275,0.6002314686775208,0.3824668526649475,0.023274457082152367,0.5728252530097961,0.3856235146522522,-0.02867981605231762,0.5945428013801575,0.3120560646057129,-0.0019242136040702462,0.6002752780914307,0.3132840394973755,0.007213490549474955,0.6021665930747986,0.28038716316223145,0.03166447952389717,0.5711796283721924,0.3232361674308777,-0.016503602266311646,0.5723369121551514,0.32667842507362366,0.0005096496315672994,0.5823941826820374,0.42966228723526,0.025559399276971817,0.5899754762649536,0.41198232769966125,0.09042424708604813,0.5754661560058594,0.40380123257637024,-0.007192579098045826,0.5717771649360657,0.4075862765312195,-0.009429151192307472,0.5748243927955627,0.43374767899513245,0.022901827469468117,0.5738112926483154,0.43430253863334656,0.01980895921587944,0.6021701097488403,0.30642738938331604,0.009973350912332535,0.5781389474868774,0.4006669819355011,-0.004432614427059889,0.585222065448761,0.31455785036087036,-0.010182695463299751,0.5867185592651367,0.30662181973457336,-0.012628369964659214,0.5892896056175232,0.26363009214401245,-0.0058166710659861565,0.6029581427574158,0.29184579849243164,0.018582375720143318,0.588924765586853,0.28350234031677246,-0.010643125511705875,0.6041840314865112,0.3122803568840027,0.022414712235331535,0.6045421957969666,0.30309590697288513,0.03411642089486122,0.5681321024894714,0.43494388461112976,-0.0046938336454331875,0.5710868239402771,0.43409645557403564,0.0016928488621488214,0.5727862119674683,0.433735728263855,0.008092273958027363,0.5741066932678223,0.40530407428741455,-0.006531577557325363,0.574320375919342,0.43404674530029297,0.021110227331519127,0.5733213424682617,0.4369548559188843,0.01683841086924076,0.5732731819152832,0.43458086252212524,0.0193629153072834,0.5757465958595276,0.4033609926700592,-0.016414687037467957,0.569995105266571,0.4370810389518738,0.010007680393755436,0.5680486559867859,0.438424676656723,0.005435079801827669,0.5651934146881104,0.43981626629829407,0.0011243207845836878,0.564889669418335,0.46011263132095337,0.012240443378686905,0.5662150382995605,0.45115455985069275,0.004820919595658779,0.566685140132904,0.4469878077507019,0.0029471588786691427,0.566250741481781,0.4430818557739258,0.003069700673222542,0.5651620030403137,0.43987810611724854,0.0026339550968259573,0.5699731707572937,0.43722233176231384,0.011157143861055374,0.5711673498153687,0.4384334087371826,0.011110087856650352,0.5721245408058167,0.4401094913482666,0.011324265040457249,0.5726242065429688,0.442236065864563,0.013509747572243214,0.5807240009307861,0.41993802785873413,0.01014123484492302,0.5955339670181274,0.3679805099964142,0.09327631443738937,0.571448028087616,0.4360177218914032,0.01600290648639202,0.5725123286247253,0.4364125728607178,0.01609940081834793,0.5699055194854736,0.41126054525375366,-0.008557216264307499,0.5758830308914185,0.40535181760787964,-0.00037603938835673034,0.5708099603652954,0.4095711410045624,-0.009339194744825363,0.5793038010597229,0.3703387677669525,0.004747407976537943,0.5885692834854126,0.3749401569366455,0.01118879672139883,0.5782961845397949,0.39528557658195496,-0.0027361989486962557,0.5984565019607544,0.26975831389427185,0.012731781229376793,0.5983310341835022,0.28478074073791504,0.0038668145425617695,0.5962146520614624,0.3038639426231384,-0.0017569349147379398,0.5749775171279907,0.4462428689002991,0.02037849649786949,0.5741580724716187,0.3111192584037781,-0.020571542903780937,0.5765666365623474,0.28486090898513794,-0.021406499668955803,0.5763949751853943,0.26100945472717285,-0.019978147000074387,0.5908445119857788,0.342565655708313,0.017538614571094513,0.6013675332069397,0.3497487008571625,0.03306567296385765,0.5677180886268616,0.3439842760562897,0.0034080459736287594,0.5979769229888916,0.3273007869720459,0.021266715601086617,0.5716620683670044,0.36194902658462524,-0.005567185580730438,0.5787674188613892,0.3969413638114929,-0.016050463542342186,0.6065040826797485,0.3545132577419281,0.044221870601177216,0.6010956168174744,0.3578729033470154,0.027386799454689026,0.5965531468391418,0.36338895559310913,0.01905781403183937,0.586330235004425,0.363900363445282,0.011910242028534412,0.5781919360160828,0.3612000048160553,0.006518515758216381,0.5728703141212463,0.3580620288848877,0.0013770144432783127,0.5670339465141296,0.35287684202194214,-0.017885535955429077,0.607184648513794,0.3736964762210846,0.045863766223192215,0.6011451482772827,0.32558533549308777,0.0255139097571373,0.5703525543212891,0.41008174419403076,-0.024843797087669373,0.5749525427818298,0.3767290711402893,-0.00212163501419127,0.599173903465271,0.32941532135009766,0.0813896507024765,0.5691888332366943,0.35438406467437744,-0.002285538474097848,0.5772227048873901,0.3945865333080292,0.003278576536104083,0.5938284397125244,0.3324431777000427,0.023028813302516937,0.5774807333946228,0.39006733894348145,-0.014659534208476543,0.59364914894104,0.3891454339027405,0.09367280453443527,0.566756010055542,0.34043794870376587,0.004425200633704662,0.575671374797821,0.38700249791145325,-0.02274751104414463,0.5880221128463745,0.4399980306625366,0.05560046061873436,0.5831981301307678,0.44681593775749207,0.06838570535182953,0.6044416427612305,0.3712575435638428,0.07039603590965271,0.5933622717857361,0.42668619751930237,0.06421508640050888,0.6044913530349731,0.3173329532146454,0.04853176325559616,0.5722777843475342,0.47342154383659363,0.033154331147670746,0.568183183670044,0.41135916113853455,-0.016790812835097313,0.578709602355957,0.38179242610931396,0.003026412334293127,0.6010825634002686,0.3365425765514374,0.04229104891419411,0.5867469906806946,0.3399319052696228,0.01256624236702919,0.5816833972930908,0.3416813611984253,0.009261082857847214,0.573911726474762,0.4377860724925995,0.018765484914183617,0.604869544506073,0.39098405838012695,0.05042154714465141,0.5632714033126831,0.4866913855075836,0.03212123364210129,0.5735752582550049,0.4697992503643036,0.04903204366564751,0.5776464343070984,0.4600144922733307,0.057652514427900314,0.5761563181877136,0.34186413884162903,0.0067094541154801846,0.5710981488227844,0.3410857617855072,0.005524895619601011,0.5680890083312988,0.34083792567253113,0.005274810362607241,0.6025086045265198,0.3222772479057312,0.03296634554862976,0.5715389251708984,0.33206039667129517,0.003535086987540126,0.5768457055091858,0.3282936215400696,0.004265199415385723,0.5828717350959778,0.3268590569496155,0.006663969252258539,0.5878736972808838,0.327556848526001,0.010489827021956444,0.5903433561325073,0.32941463589668274,0.013966497965157032,0.6022140383720398,0.3101018965244293,0.06667635589838028,0.5894978046417236,0.33755698800086975,0.015793686732649803,0.5771618485450745,0.4173622727394104,0.0037471638061106205,0.5762748122215271,0.4030352234840393,-0.010197075083851814,0.5700318813323975,0.41816991567611694,-0.006312944460660219,0.5817164182662964,0.4523125886917114,0.048703137785196304,0.5768102407455444,0.46253502368927,0.04140181466937065,0.5657278895378113,0.4822810888290405,0.024430589750409126,0.586609423160553,0.43160349130630493,0.08068729192018509,0.5682956576347351,0.33711928129196167,0.003999447450041771,0.5713914036750793,0.3677510619163513,-0.01541990227997303,0.5693606734275818,0.47920048236846924,0.04006824269890785,0.6018279790878296,0.39049357175827026,0.07212668657302856,0.5680336356163025,0.43855351209640503,0.0068320780992507935,0.5693004131317139,0.4407721757888794,0.007061316166073084,0.5700623393058777,0.44368910789489746,0.007291705347597599,0.5702058672904968,0.44736045598983765,0.009319615550339222,0.5707569718360901,0.453893780708313,0.016267018392682076,0.5726637244224548,0.4348171353340149,0.01477040909230709,0.5737749338150024,0.4337388277053833,0.015528085641562939,0.5747267603874207,0.4326179027557373,0.01596004329621792,0.5827117562294006,0.42401227355003357,0.01796700432896614,0.6015303134918213,0.399169921875,0.03494252264499664,0.5692605376243591,0.35692498087882996,-0.011455992236733437,0.5657284259796143,0.3350932002067566,-0.0040646507404744625,0.5672606229782104,0.3346724510192871,0.0008196939597837627,0.5714278221130371,0.43589484691619873,0.01534873154014349,0.5967468619346619,0.4174846410751343,0.04859704151749611,0.5647141933441162,0.33720627427101135,-0.013741998933255672,0.5718363523483276,0.4595993757247925,0.021846015006303787,0.5690245628356934,0.3645895719528198,-0.022495437413454056,0.5746589303016663,0.38130101561546326,-0.011531337164342403,0.5654863119125366,0.46711301803588867,0.016038969159126282,0.5815978050231934,0.4404290020465851,0.029876084998250008,0.5812482833862305,0.40031710267066956,0.007962592877447605,0.5766972303390503,0.4505780339241028,0.02650795876979828,0.5939270257949829,0.39642778038978577,0.0159135814756155,0.5860286355018616,0.40786755084991455,0.01324443332850933,0.595831036567688,0.408184289932251,0.025485044345259666,0.5665121078491211,0.47554826736450195,0.019373413175344467,0.5756096839904785,0.3846730589866638,-0.004889682400971651,0.5835717916488647,0.4449113607406616,0.03894120827317238,0.5777708888053894,0.45574498176574707,0.033934805542230606,0.5868675708770752,0.42972254753112793,0.03059377521276474,0.601148247718811,0.4053097665309906,0.054478105157613754,0.5912936925888062,0.42888152599334717,0.03911376744508743,0.5980243682861328,0.4087306559085846,0.07202934473752975,0.588383138179779,0.4168352484703064,0.020347021520137787,0.5729906558990479,0.3720758259296417,-0.0083004804328084,0.5775755047798157,0.40160199999809265,-0.017480546608567238,0.5782247185707092,0.40164852142333984,-0.009596111252903938,0.577204704284668,0.39706534147262573,-0.02337377518415451,0.571113109588623,0.326374888420105,-0.0050165182910859585,0.581377387046814,0.3200170695781708,-0.0028296380769461393,0.5899568200111389,0.31829139590263367,0.001624900265596807,0.5958902835845947,0.31912901997566223,0.007833380252122879,0.5984662175178528,0.322076678276062,0.014115756377577782,0.596423864364624,0.33450695872306824,0.027114128693938255,0.605066180229187,0.35247328877449036,0.06619046628475189,0.5953424572944641,0.3490370810031891,0.02257438935339451,0.5911682844161987,0.353246808052063,0.016801316291093826,0.5838031768798828,0.3545337915420532,0.011402339674532413,0.5763813257217407,0.35344627499580383,0.00679131830111146,0.5711393356323242,0.3513799011707306,0.0032885470427572727,0.5679063200950623,0.34933820366859436,0.0007450557895936072,0.5965303182601929,0.3484137952327728,0.08946830779314041,0.5770098567008972,0.40303319692611694,-0.006411510985344648,0.5731997489929199,0.3772986829280853,-0.01826644502580166,0.5759181380271912,0.403764009475708,-0.023725781589746475,0.57211834192276,0.4077659845352173,-0.021948223933577538,0.574767529964447,0.40462443232536316,-0.020619509741663933,0.575311005115509,0.405326247215271,-0.004771387670189142,0.5716816782951355,0.40909409523010254,-0.023711496964097023,0.5696408748626709,0.41038116812705994,-0.0165119506418705,0.5657599568367004,0.3415009081363678,0.0022016875445842743,0.5652135014533997,0.3449958562850952,-0.0027050753124058247,0.5661279559135437,0.3479972779750824,-0.007109193131327629,0.5914481282234192,0.33094435930252075,0.017103463411331177,0.5952703952789307,0.32777902483940125,0.018250463530421257,0.5157517790794373,0.340770423412323,-0.018760662525892258,0.5234484672546387,0.3405492901802063,-0.018760662525892258,0.5157346129417419,0.33035314083099365,-0.018760662525892258,0.507845938205719,0.3408902883529663,-0.018760662525892258,0.5157668590545654,0.3511272966861725,-0.018760662525892258,0.5765645503997803,0.33457958698272705,0.009905833750963211,0.5836375951766968,0.33359670639038086,0.009905833750963211,0.5759552717208862,0.3254924714565277,0.009905833750963211,0.5695180892944336,0.3356023132801056,0.009905833750963211,0.5772755146026611,0.3438194692134857,0.009905833750963211
1799.9999999999986,0.5618631839752197,0.43525978922843933,-0.009531697258353233,0.5674540996551514,0.40803226828575134,-0.030381200835108757,0.5623751282691956,0.413983017206192,-0.012875745072960854,0.5594480633735657,0.37665218114852905,-0.030084853991866112,0.5680736303329468,0.3993432819843292,-0.033812228590250015,0.5667247772216797,0.3864952027797699,-0.033364128321409225,0.5611186623573303,0.3525519371032715,-0.023469898849725723,0.5056286454200745,0.34533968567848206,-0.018389735370874405,0.5595729947090149,0.32506221532821655,-0.023571442812681198,0.5600406527519226,0.3120826184749603,-0.02741135098040104,0.5571324229240417,0.2618156671524048,-0.02973911166191101,0.5615066289901733,0.43799155950546265,-0.008170656859874725,0.560672402381897,0.44054970145225525,-0.005740709602832794,0.559646725654602,0.44222426414489746,-0.0019705891609191895,0.5597518682479858,0.44222915172576904,-0.0009545625653117895,0.5601321458816528,0.44587984681129456,-0.0004580238601192832,0.5600711107254028,0.45002883672714233,-0.0005778130725957453,0.5593650937080383,0.45413994789123535,0.0017442122334614396,0.5566346049308777,0.46401381492614746,0.009645489975810051,0.5659306645393372,0.4117005467414856,-0.02663724683225155,0.5579649209976196,0.4112074375152588,-0.02010449208319187,0.46702444553375244,0.3009254038333893,-0.007144826930016279,0.5267685055732727,0.3544340431690216,-0.01724664866924286,0.519970178604126,0.3555070459842682,-0.018984541296958923,0.5128829479217529,0.35519853234291077,-0.01949293538928032,0.5021876692771912,0.34814468026161194,-0.0177985280752182,0.5324158668518066,0.35229605436325073,-0.014471347443759441,0.5167130827903748,0.3253539204597473,-0.025618428364396095,0.5248817205429077,0.3266507387161255,-0.022913403809070587,0.5090107917785645,0.3272211253643036,-0.025365959852933884,0.5035978555679321,0.33119651675224304,-0.02384401112794876,0.49600961804389954,0.35451292991638184,-0.015176058746874332,0.53219074010849,0.4758906364440918,0.010857044719159603,0.5023539066314697,0.34161466360092163,-0.017494959756731987,0.46559059619903564,0.34475550055503845,0.0032119888346642256,0.4862499237060547,0.3470971882343292,-0.01284740399569273,0.5251571536064148,0.3948286175727844,-0.015221195295453072,0.5542541742324829,0.4342706799507141,-0.011786255054175854,0.5532358884811401,0.44059842824935913,-0.007512676063925028,0.5449285507202148,0.4363534450531006,-0.011009619571268559,0.5375825762748718,0.4373987317085266,-0.008370468392968178,0.5455315113067627,0.4404931366443634,-0.007694973610341549,0.538829505443573,0.4400348961353302,-0.0051029701717197895,0.5266192555427551,0.4472335875034332,0.0022871028631925583,0.5624016523361206,0.4082087278366089,-0.03148074448108673,0.5622256398200989,0.39967772364616394,-0.034968238323926926,0.4946381449699402,0.32525795698165894,-0.0274665430188179,0.5380654335021973,0.3706381916999817,-0.016451416537165642,0.5431787967681885,0.4029838740825653,-0.022535087540745735,0.541796088218689,0.39720582962036133,-0.021721255034208298,0.5012868642807007,0.39339813590049744,-0.01567171700298786,0.5609971284866333,0.38754168152809143,-0.033838335424661636,0.5151947140693665,0.3161189556121826,-0.03296544775366783,0.5037969946861267,0.3188999593257904,-0.031416334211826324,0.4789528548717499,0.285209983587265,-0.019171083346009254,0.5458034873008728,0.3258819580078125,-0.027125921100378036,0.5314755439758301,0.33128318190574646,-0.01857992820441723,0.5220503807067871,0.43924885988235474,-0.0006414656527340412,0.4672603905200958,0.42756083607673645,0.039074819535017014,0.5473567843437195,0.40801161527633667,-0.017594315111637115,0.5524969100952148,0.4104708433151245,-0.01465355884283781,0.5266433358192444,0.4380331039428711,0.0002874816709663719,0.5282732844352722,0.4386041760444641,-6.868247146485373e-05,0.4993487298488617,0.31258994340896606,-0.031065573915839195,0.5415946245193481,0.4056827425956726,-0.018291981890797615,0.52919602394104,0.3179674744606018,-0.03165246918797493,0.5285272598266602,0.3102514147758484,-0.034716613590717316,0.5160112977027893,0.26587241888046265,-0.03542303293943405,0.4898931682109833,0.29870644211769104,-0.026639997959136963,0.5236141681671143,0.28725314140319824,-0.036052875220775604,0.4888281226158142,0.320126473903656,-0.024749543517827988,0.47835004329681396,0.31114813685417175,-0.016889696940779686,0.553769052028656,0.43773162364959717,-0.01043639611452818,0.5452825427055359,0.43847426772117615,-0.00957909133285284,0.5382538437843323,0.43871039152145386,-0.007123674266040325,0.5484429001808167,0.4092375338077545,-0.015082184225320816,0.527503490447998,0.4383258521556854,0.00019743001030292362,0.5319736003875732,0.44130200147628784,-0.000777819543145597,0.5290727019309998,0.4388658106327057,4.129633089178242e-05,0.5525376200675964,0.4069989323616028,-0.026246285066008568,0.539159893989563,0.44102904200553894,-0.003138642990961671,0.5456627607345581,0.44186025857925415,-0.004129505250602961,0.5527112483978271,0.4423198401927948,-0.004029641393572092,0.5483352541923523,0.4641821086406708,0.007226083427667618,0.5515146851539612,0.4540563225746155,-0.0007697711698710918,0.5522916316986084,0.4498622715473175,-0.002928052330389619,0.5527293086051941,0.4457748830318451,-0.0027432849165052176,0.5528806447982788,0.4423702657222748,-0.003007017308846116,0.5392687320709229,0.4411006271839142,-0.002335606375709176,0.5385071039199829,0.44245675206184387,-0.002271777018904686,0.5374112725257874,0.4444286525249481,-0.0025512869469821453,0.5363649725914001,0.4466370940208435,-0.001455033547244966,0.5327415466308594,0.42709606885910034,-0.009208714589476585,0.4566294550895691,0.3808879554271698,0.03556722775101662,0.5643208026885986,0.41300439834594727,-0.01802007108926773,0.5340520739555359,0.4401082396507263,-0.0009631156572140753,0.5331340432167053,0.44063034653663635,-0.0008561690920032561,0.5545515418052673,0.413715124130249,-0.013702047988772392,0.5425201058387756,0.41003164649009705,-0.01126935612410307,0.553598165512085,0.4121655821800232,-0.01438878197222948,0.5306904911994934,0.37565305829048157,-0.015862004831433296,0.5193964242935181,0.3824280798435211,-0.01667729765176773,0.5396617650985718,0.4002986550331116,-0.017818165943026543,0.49484068155288696,0.2732659876346588,-0.0290179755538702,0.5044470429420471,0.29029566049575806,-0.03271852433681488,0.5128059387207031,0.30859413743019104,-0.034501127898693085,0.5325706005096436,0.4542945623397827,0.002819917630404234,0.5446366667747498,0.31332021951675415,-0.0321161113679409,0.5410969257354736,0.28721141815185547,-0.03496653586626053,0.5359588265419006,0.26247185468673706,-0.03525456041097641,0.5061825513839722,0.35276344418525696,-0.01883099228143692,0.48751506209373474,0.36137205362319946,-0.012967627495527267,0.5361748337745667,0.35027840733528137,-0.013165787793695927,0.49601051211357117,0.33606991171836853,-0.021220631897449493,0.543493926525116,0.36529797315597534,-0.018013378605246544,0.5487232804298401,0.4010636508464813,-0.02774730511009693,0.47744473814964294,0.3666221499443054,-0.00778779573738575,0.49424657225608826,0.3690378665924072,-0.015850422903895378,0.5051790475845337,0.37329643964767456,-0.017689278349280357,0.5192970037460327,0.37166842818260193,-0.016226043924689293,0.5288680195808411,0.36758294701576233,-0.014859399758279324,0.5358287692070007,0.36350658535957336,-0.014690923504531384,0.5548309087753296,0.35469719767570496,-0.02344316616654396,0.4789823293685913,0.3870539367198944,-0.005757790058851242,0.48964619636535645,0.3348304033279419,-0.020889241248369217,0.5628305673599243,0.41179487109184265,-0.027559861540794373,0.5401741862297058,0.38076475262641907,-0.01692137122154236,0.45578253269195557,0.33905619382858276,0.021511739119887352,0.5415689945220947,0.3591472804546356,-0.014913268387317657,0.5373197197914124,0.3996347486972809,-0.011705729179084301,0.4991523027420044,0.34186503291130066,-0.01715100184082985,0.547204852104187,0.39397525787353516,-0.026569778099656105,0.4598056674003601,0.4037409722805023,0.038578666746616364,0.5354978442192078,0.3470221161842346,-0.012928629294037819,0.5543009042739868,0.38995853066444397,-0.03155800327658653,0.49587446451187134,0.45552197098731995,0.01785125397145748,0.4915884733200073,0.4624983072280884,0.029750103130936623,0.46502795815467834,0.38535839319229126,0.014340297318994999,0.4835798144340515,0.4426024854183197,0.0196941290050745,0.4710368812084198,0.3263631761074066,-0.005711357109248638,0.5297901034355164,0.48364871740341187,0.015685245394706726,0.5618598461151123,0.4128212630748749,-0.018392952159047127,0.5335057973861694,0.3869931995868683,-0.015124206431210041,0.47812727093696594,0.34795427322387695,-0.008931261487305164,0.5139141082763672,0.34995904564857483,-0.019562453031539917,0.5202386975288391,0.35049203038215637,-0.019169893115758896,0.5307883620262146,0.4421321153640747,-0.0001711839868221432,0.4796909689903259,0.4052606523036957,0.0009333336493000388,0.5398493409156799,0.4929202198982239,0.022671658545732498,0.5175389051437378,0.48250266909599304,0.024386005476117134,0.506144642829895,0.4746426045894623,0.02638815902173519,0.559101939201355,0.2872283458709717,-0.02995099499821663,0.5520029067993164,0.49245476722717285,0.026180505752563477,0.5257605314254761,0.3494809865951538,-0.017535405233502388,0.5308715105056763,0.34803467988967896,-0.015316949225962162,0.5341370701789856,0.34752675890922546,-0.013446299359202385,0.48247525095939636,0.3317166566848755,-0.01688087359070778,0.5292197465896606,0.33770063519477844,-0.01790732890367508,0.5231724977493286,0.3335029184818268,-0.020716127008199692,0.517035186290741,0.3328136205673218,-0.02238391526043415,0.5107941627502441,0.3344968855381012,-0.022494489327073097,0.5067856311798096,0.33729439973831177,-0.021330488845705986,0.4596869945526123,0.3178504407405853,0.007736405357718468,0.509195864200592,0.34795552492141724,-0.01909041777253151,0.5615916848182678,0.4204707741737366,-0.010143025778234005,0.5402017831802368,0.42288729548454285,-0.010934147983789444,0.5480828285217285,0.40725672245025635,-0.020229199901223183,0.5535306930541992,0.42133235931396484,-0.01239717099815607,0.5592401623725891,0.33797144889831543,-0.021429045125842094,0.5078175663948059,0.4669042229652405,0.0182933509349823,0.5185427665710449,0.47544851899147034,0.017636550590395927,0.5419523119926453,0.488648384809494,0.01524353213608265,0.47864866256713867,0.4474567174911499,0.035016659647226334,0.5335561633110046,0.34367290139198303,-0.01513261441141367,0.5513955950737,0.3703814148902893,-0.02398286946117878,0.554186999797821,0.4881240725517273,0.018926700577139854,0.5288441181182861,0.4891337752342224,0.021985584869980812,0.4673043191432953,0.4057490825653076,0.018679067492485046,0.5458341836929321,0.4419233798980713,-0.0031883891206234694,0.5452138781547546,0.4444338381290436,-0.003179840976372361,0.5444780588150024,0.44763562083244324,-0.003495369339361787,0.5437303781509399,0.45136451721191406,-0.0019577390048652887,0.5397460460662842,0.4603351950645447,0.0037320004776120186,0.5330158472061157,0.43924424052238464,-0.0027564549818634987,0.5321145057678223,0.4384514093399048,-0.0037234609480947256,0.5313053727149963,0.4376484751701355,-0.004635471384972334,0.52629154920578,0.4325619339942932,-0.00626692920923233,0.4934201240539551,0.4121335446834564,-0.006851007230579853,0.549247145652771,0.35941505432128906,-0.020343691110610962,0.5420543551445007,0.33988234400749207,-0.015295049175620079,0.5368184447288513,0.3402125835418701,-0.015277390368282795,0.5339128971099854,0.4400166869163513,-0.0014608307974413037,0.4905380606651306,0.4319983422756195,0.00657153595238924,0.5499913096427917,0.34063106775283813,-0.020596399903297424,0.5355039238929749,0.46765273809432983,0.007905656471848488,0.5648424625396729,0.3752582371234894,-0.029844187200069427,0.5571873784065247,0.36647701263427734,-0.027275608852505684,0.5630665421485901,0.364580899477005,-0.02665482833981514,0.5468845367431641,0.3847692608833313,-0.022502072155475616,0.5555317401885986,0.48093563318252563,0.013894209638237953,0.5560365319252014,0.4717555344104767,0.01193182822316885,0.5461413264274597,0.4721226096153259,0.00958267878741026,0.51955646276474,0.4515424072742462,0.004900134168565273,0.5310289263725281,0.40663447976112366,-0.010827402584254742,0.5266697406768799,0.4606197476387024,0.006906607188284397,0.5135139226913452,0.4060951769351959,-0.014113920740783215,0.5243914723396301,0.41590261459350586,-0.01039514783769846,0.5060916543006897,0.4198582172393799,-0.008709692396223545,0.5440377593040466,0.48136526346206665,0.010692405514419079,0.5416399836540222,0.38877540826797485,-0.01847684197127819,0.5122767090797424,0.45832177996635437,0.01014435850083828,0.5221107006072998,0.46756231784820557,0.011986508034169674,0.5142775177955627,0.4411862790584564,0.00025844163610599935,0.48126766085624695,0.42016616463661194,0.007376390043646097,0.5028398633003235,0.4426654577255249,0.003858418669551611,0.4726158678531647,0.4245992600917816,0.021504012867808342,0.5180869102478027,0.42662373185157776,-0.007596212904900312,0.5457069277763367,0.37538811564445496,-0.020180709660053253,0.5509448647499084,0.4056358337402344,-0.02814682573080063,0.5453930497169495,0.4063507318496704,-0.02162248082458973,0.5554381012916565,0.4003065228462219,-0.03198074549436569,0.537545382976532,0.3310888707637787,-0.02052696794271469,0.5268662571907043,0.3244074285030365,-0.02564873918890953,0.5166575908660889,0.32267436385154724,-0.028218751773238182,0.5076113939285278,0.32444658875465393,-0.028144339099526405,0.5004739761352539,0.3288935124874115,-0.02600204199552536,0.49387162923812866,0.3446773886680603,-0.015689121559262276,0.4643101692199707,0.36506712436676025,0.008566504344344139,0.5009000897407532,0.35918745398521423,-0.016454633325338364,0.5093756914138794,0.3627157509326935,-0.01725502870976925,0.519212543964386,0.3626367747783661,-0.016640013083815575,0.5277478098869324,0.36024636030197144,-0.015293176285922527,0.5341321229934692,0.35732710361480713,-0.01345022488385439,0.5387976169586182,0.3547571301460266,-0.012928769923746586,0.4555971026420593,0.35956430435180664,0.03017689287662506,0.544506311416626,0.4077507555484772,-0.018140072003006935,0.5532222986221313,0.380026251077652,-0.026987263932824135,0.5570356249809265,0.407031774520874,-0.03066149540245533,0.5585880875587463,0.4105297327041626,-0.02601407654583454,0.5556501746177673,0.4079684317111969,-0.02765105664730072,0.5454077124595642,0.40968865156173706,-0.01454115193337202,0.5605324506759644,0.4113871157169342,-0.02706710435450077,0.5596334934234619,0.41245949268341064,-0.019231479614973068,0.5383709669113159,0.3474728763103485,-0.012221761979162693,0.5425698757171631,0.3498503267765045,-0.013527537696063519,0.5460312962532043,0.3521724343299866,-0.016152210533618927,0.5043883919715881,0.3395565152168274,-0.019727637991309166,0.49995097517967224,0.3359734117984772,-0.02090761996805668,0.5690851807594299,0.3757876753807068,-0.02521427534520626,0.5900077819824219,0.33669930696487427,0.01737256348133087,0.5691565871238708,0.4097867012023926,-0.016368521377444267,0.6032192707061768,0.29565849900245667,0.04820134490728378,0.5745989680290222,0.3483407199382782,0.005730878561735153,0.58069908618927,0.3482182025909424,0.008656710386276245,0.5862562656402588,0.3470204174518585,0.012428142130374908,0.5913432836532593,0.3397218883037567,0.02003556862473488,0.5698773860931396,0.34673717617988586,0.003691953606903553,0.585241436958313,0.3223511576652527,0.0034394022077322006,0.5781275033950806,0.3237641751766205,1.4712421034346335e-05,0.5908299088478088,0.3233720362186432,0.008139125071465969,0.5935395956039429,0.3262161314487457,0.01232469268143177,0.5958872437477112,0.345691055059433,0.025586294010281563,0.5717734098434448,0.46819213032722473,0.027071580290794373,0.5912421345710754,0.3338000178337097,0.019946249201893806,0.6043421030044556,0.33527258038520813,0.058952104300260544,0.5991429686546326,0.3377154469490051,0.03295770660042763,0.5846014022827148,0.38943877816200256,0.00770434457808733,0.5674402713775635,0.4326932430267334,-0.006144266575574875,0.5652989745140076,0.4391266107559204,-0.0023447612766176462,0.5709857940673828,0.4325430989265442,0.0007276781834661961,0.5728453397750854,0.43299415707588196,0.007791542913764715,0.5683799386024475,0.43773648142814636,0.0024328050203621387,0.5704047083854675,0.4366970956325531,0.008469568565487862,0.5771614909172058,0.44089606404304504,0.0231527891010046,0.5714877247810364,0.40699583292007446,-0.028373703360557556,0.5728568434715271,0.39862510561943054,-0.0312497615814209,0.6018906831741333,0.31953856348991394,0.01564428023993969,0.5732975602149963,0.36771637201309204,-0.0014132093638181686,0.577991247177124,0.39935892820358276,-0.008589578792452812,0.5772901773452759,0.3937951624393463,-0.007325462065637112,0.5991163849830627,0.3843577802181244,0.022578798234462738,0.5712162256240845,0.3865985572338104,-0.029109254479408264,0.5935010313987732,0.313681423664093,-0.0029269573278725147,0.5993605852127075,0.31504032015800476,0.006108585745096207,0.6021867990493774,0.28143441677093506,0.030530747026205063,0.570130467414856,0.32457441091537476,-0.017097610980272293,0.5717819333076477,0.3277900218963623,-5.8454803365748376e-05,0.5814539194107056,0.4323660731315613,0.024821840226650238,0.5895555019378662,0.41293463110923767,0.09042424708604813,0.5740172863006592,0.40508413314819336,-0.007376212626695633,0.5702751278877258,0.4088723659515381,-0.00952445063740015,0.5743365287780762,0.43454134464263916,0.02211599238216877,0.573315441608429,0.4351884722709656,0.019029367715120316,0.6014592051506042,0.30817461013793945,0.008841404691338539,0.5768051147460938,0.40218386054039,-0.004676151089370251,0.5840848088264465,0.3160455524921417,-0.011027166619896889,0.5856760740280151,0.30810457468032837,-0.013533160090446472,0.5887882113456726,0.26456570625305176,-0.006861774250864983,0.6027963757514954,0.29313480854034424,0.01743437722325325,0.5882535576820374,0.2846696376800537,-0.011655723676085472,0.6037071943283081,0.31393420696258545,0.021343421190977097,0.6045392155647278,0.30434247851371765,0.03307748958468437,0.5665975213050842,0.4362611174583435,-0.004843521863222122,0.5697888731956482,0.43534111976623535,0.0013945010723546147,0.5717360377311707,0.4348739981651306,0.00759467389434576,0.5726343393325806,0.4066627621650696,-0.006679352838546038,0.573822021484375,0.43487855792045593,0.020330559462308884,0.5726178288459778,0.43794751167297363,0.016061455011367798,0.5727706551551819,0.43552112579345703,0.01858566142618656,0.5741658806800842,0.40431684255599976,-0.016722749918699265,0.5691171884536743,0.4382099211215973,0.009693307802081108,0.5669902563095093,0.4396074414253235,0.005349659360945225,0.563942551612854,0.44104886054992676,0.0012320078676566482,0.5632802248001099,0.46199339628219604,0.012319574132561684,0.5649696588516235,0.45226091146469116,0.004647649358958006,0.565390408039093,0.44813382625579834,0.002713259542360902,0.5649985671043396,0.44425731897354126,0.002815885003656149,0.5639932155609131,0.4410935938358307,0.002274288097396493,0.5691284537315369,0.43832334876060486,0.010494371876120567,0.5702686905860901,0.43951988220214844,0.010516880080103874,0.5712018609046936,0.4411914348602295,0.010722670704126358,0.5717235207557678,0.4432927072048187,0.012887840159237385,0.5794312953948975,0.4221595227718353,0.009564759209752083,0.5956230759620667,0.36900627613067627,0.093051478266716,0.5707558393478394,0.43707147240638733,0.015218800865113735,0.5718094706535339,0.4374357759952545,0.015343724749982357,0.5684140920639038,0.41262155771255493,-0.00862985011190176,0.57450270652771,0.40702489018440247,-0.000495163956657052,0.5693148374557495,0.4108876883983612,-0.009425156749784946,0.5781919956207275,0.37169715762138367,0.004321146756410599,0.5874671936035156,0.37656211853027344,0.010646275244653225,0.5770229697227478,0.39677754044532776,-0.0029998470563441515,0.5982521176338196,0.27080145478248596,0.011568752117455006,0.5979772806167603,0.28607872128486633,0.0027491494547575712,0.5953216552734375,0.30548930168151855,-0.00280842580832541,0.5737279653549194,0.44845831394195557,0.019810978323221207,0.5731594562530518,0.312417209148407,-0.021290425211191177,0.5755898952484131,0.2858865261077881,-0.022246001288294792,0.5755690336227417,0.2618370056152344,-0.02080317586660385,0.5898210406303406,0.3440641760826111,0.016764363273978233,0.6004452705383301,0.3514927923679352,0.03224879130721092,0.5669929385185242,0.3449547588825226,0.003013472305610776,0.5972434878349304,0.3289424180984497,0.020320121198892593,0.5704623460769653,0.3630397915840149,-0.005949513986706734,0.5772943496704102,0.3980526030063629,-0.016409311443567276,0.606128990650177,0.35602399706840515,0.04338601976633072,0.5997231006622314,0.3598356544971466,0.026583880186080933,0.5949383974075317,0.3654446303844452,0.01834050565958023,0.5848124027252197,0.3657678961753845,0.011323930695652962,0.5768291354179382,0.362872838973999,0.006059004459530115,0.5715961456298828,0.35960832238197327,0.0009741881513036788,0.5656973719596863,0.3538326919078827,-0.01828310638666153,0.6064269542694092,0.3753994107246399,0.04509362205862999,0.6006487607955933,0.3272336423397064,0.02452138066291809,0.568540096282959,0.4109792113304138,-0.0250786654651165,0.573710024356842,0.3779844045639038,-0.002449760911986232,0.5995884537696838,0.330459326505661,0.08081645518541336,0.5679741501808167,0.3558051288127899,-0.0026552763301879168,0.5759777426719666,0.3961428105831146,0.003097153501585126,0.5930526852607727,0.3339559733867645,0.02219681441783905,0.5761213898658752,0.3912475109100342,-0.01501486822962761,0.5934697985649109,0.39012691378593445,0.0935826376080513,0.566253125667572,0.34131282567977905,0.004007319454103708,0.5741898417472839,0.3880583941936493,-0.023166701197624207,0.5870932936668396,0.44146469235420227,0.05540495365858078,0.5824167728424072,0.44799038767814636,0.06845835596323013,0.6039842367172241,0.3725869655609131,0.06986841559410095,0.5924338102340698,0.4280258119106293,0.06400759518146515,0.604576587677002,0.31855979561805725,0.04761533439159393,0.5709770917892456,0.47493571043014526,0.033373575657606125,0.5664883852005005,0.4123443365097046,-0.016861386597156525,0.5774940848350525,0.3832358121871948,0.0026941224932670593,0.6010076403617859,0.33800578117370605,0.04141636937856674,0.585679829120636,0.341278076171875,0.011855117045342922,0.5806837677955627,0.3428851366043091,0.008608605712652206,0.5732244849205017,0.4387243390083313,0.01798209920525551,0.6038536429405212,0.39264243841171265,0.04981342330574989,0.5616560578346252,0.48817434906959534,0.032553091645240784,0.5724447965621948,0.4711475670337677,0.04919205233454704,0.5767027735710144,0.46128177642822266,0.057747941464185715,0.575305163860321,0.34293484687805176,0.006139344070106745,0.5704140067100525,0.3420620858669281,0.00502317538484931,0.5675101280212402,0.34175345301628113,0.004825242795050144,0.6023524403572083,0.323803186416626,0.03198986500501633,0.571117103099823,0.3333436846733093,0.0029496080242097378,0.5763943195343018,0.3298719823360443,0.003569228807464242,0.5822136402130127,0.3287132680416107,0.00588627764955163,0.5870550870895386,0.32950904965400696,0.009652634151279926,0.5894802212715149,0.3312866687774658,0.013131371699273586,0.6026031970977783,0.3111230432987213,0.06587786227464676,0.5884601473808289,0.3389946222305298,0.015034965239465237,0.5758221745491028,0.41936805844306946,0.003388345008715987,0.5748067498207092,0.40420886874198914,-0.010415238328278065,0.5686010718345642,0.4198969602584839,-0.006459996569901705,0.580808699131012,0.45380306243896484,0.04858715832233429,0.5757681131362915,0.4640257954597473,0.041451968252658844,0.5641649961471558,0.4838477373123169,0.02483932301402092,0.5859926342964172,0.4326421618461609,0.08071449398994446,0.5678204894065857,0.3381480574607849,0.0035071030724793673,0.5700504183769226,0.36878377199172974,-0.015809405595064163,0.5679894089698792,0.4806372821331024,0.040324725210666656,0.6011583805084229,0.39176809787750244,0.07175858318805695,0.5670226812362671,0.43970757722854614,0.006321030668914318,0.568213701248169,0.4419103264808655,0.006618091836571693,0.5689380764961243,0.44481801986694336,0.0068376497365534306,0.5690923929214478,0.44848236441612244,0.008866777643561363,0.5692936182022095,0.45589491724967957,0.015927763655781746,0.5719463229179382,0.4358212947845459,0.014106743969023228,0.5730043649673462,0.4347253143787384,0.014800004661083221,0.5739201307296753,0.4336089789867401,0.015213750302791595,0.5815545320510864,0.4265417456626892,0.017218736931681633,0.6002587676048279,0.4010136127471924,0.03430093452334404,0.5680070519447327,0.3579328954219818,-0.011835070326924324,0.5650474429130554,0.33609241247177124,-0.0044542946852743626,0.5666852593421936,0.3356327414512634,0.00035264395410194993,0.5707193613052368,0.43696823716163635,0.014789109118282795,0.5955942273139954,0.41916629672050476,0.048147913068532944,0.5637508034706116,0.3384215533733368,-0.014119094237685204,0.5705170631408691,0.4614602029323578,0.021724281832575798,0.5676080584526062,0.3655632734298706,-0.022904308512806892,0.5733362436294556,0.3824710547924042,-0.011862237006425858,0.5639388561248779,0.46890416741371155,0.016246359795331955,0.5807335376739502,0.4426630139350891,0.029283398762345314,0.5800604820251465,0.40200892090797424,0.007645408157259226,0.5756459832191467,0.45260944962501526,0.026116475462913513,0.5926196575164795,0.3982357382774353,0.015378864482045174,0.5848154425621033,0.4097411632537842,0.012717296369373798,0.5945422649383545,0.41012367606163025,0.024895573034882545,0.5649607181549072,0.47722935676574707,0.01963336020708084,0.5743604302406311,0.3859751522541046,-0.0051784818060696125,0.5826920866966248,0.4467804729938507,0.038547638803720474,0.5767585635185242,0.4575178027153015,0.03377632051706314,0.5859739780426025,0.43206679821014404,0.029917560517787933,0.600073516368866,0.40688231587409973,0.05399690195918083,0.5902514457702637,0.4308212995529175,0.038557618856430054,0.5972360372543335,0.4099613428115845,0.07177923619747162,0.587238073348999,0.4190937280654907,0.01968107372522354,0.5717223286628723,0.373196542263031,-0.008654902689158916,0.5760255455970764,0.4026014804840088,-0.017827199772000313,0.5768069624900818,0.40292343497276306,-0.00985849928110838,0.5755923986434937,0.39804327487945557,-0.023799557238817215,0.5703824758529663,0.3275100588798523,-0.005591819994151592,0.5805063843727112,0.3213033974170685,-0.003615038702264428,0.588976263999939,0.31974267959594727,0.0006997851305641234,0.5948753356933594,0.32075121998786926,0.006806561257690191,0.5975422859191895,0.32375994324684143,0.013080695644021034,0.5958030223846436,0.3360063433647156,0.026257354766130447,0.6048827767372131,0.35377368330955505,0.06548776477575302,0.5942271947860718,0.35075539350509644,0.0218230951577425,0.5898998379707336,0.35498541593551636,0.016085250303149223,0.5825687050819397,0.35612741112709045,0.010771839879453182,0.5752830505371094,0.3548513650894165,0.006309165619313717,0.570143461227417,0.35265305638313293,0.0028758766129612923,0.5669685006141663,0.35052385926246643,0.00039939992711879313,0.5968290567398071,0.3494458496570587,0.08907084167003632,0.5756171345710754,0.40444791316986084,-0.006620875559747219,0.5717900395393372,0.3783462643623352,-0.018655557185411453,0.5741957426071167,0.40465477108955383,-0.024066848680377007,0.570400595664978,0.40870532393455505,-0.022180134430527687,0.5730948448181152,0.4055252969264984,-0.02091360092163086,0.5738810896873474,0.4068499505519867,-0.004905871581286192,0.569912850856781,0.41001126170158386,-0.02394735999405384,0.56797194480896,0.4114002585411072,-0.01661546900868416,0.5651500821113586,0.34238794445991516,0.00184615608304739,0.56439208984375,0.34605899453163147,-0.003017953597009182,0.5650397539138794,0.3492610454559326,-0.007452562917023897,0.5906097888946533,0.3326883316040039,0.01627364754676819,0.5944238305091858,0.32936790585517883,0.017346719279885292,0.5149405002593994,0.3416011929512024,-0.01828921027481556,0.5225095748901367,0.3413167893886566,-0.01828921027481556,0.5148621201515198,0.33149591088294983,-0.01828921027481556,0.5071849822998047,0.34179940819740295,-0.01828921027481556,0.5150007009506226,0.35162433981895447,-0.01828921027481556,0.5757932066917419,0.336050808429718,0.009236402809619904,0.5826650261878967,0.3353111445903778,0.009236402809619904,0.5752748847007751,0.3270283043384552,0.009236402809619904,0.5689755082130432,0.3368379771709442,0.009236402809619904,0.5764108300209045,0.3451865315437317,0.009236402809619904
1833.333333333332,0.5621330142021179,0.4351334273815155,-0.00943931844085455,0.5671967267990112,0.4081379771232605,-0.030465740710496902,0.5621453523635864,0.41404587030410767,-0.01289463322609663,0.5592297315597534,0.37662607431411743,-0.03022840805351734,0.5678130984306335,0.3994281589984894,-0.03392070159316063,0.566484272480011,0.38652825355529785,-0.03350245952606201,0.5609444379806519,0.35246536135673523,-0.02365286275744438,0.5056832432746887,0.34531939029693604,-0.01852935552597046,0.5594408512115479,0.32490357756614685,-0.0238003171980381,0.5599147081375122,0.31189271807670593,-0.027674632146954536,0.5570437908172607,0.2616690993309021,-0.030218690633773804,0.561730682849884,0.43790164589881897,-0.008067172951996326,0.560836672782898,0.44048333168029785,-0.005637970753014088,0.5597507357597351,0.4421619772911072,-0.0018887394107878208,0.5598610639572144,0.44223085045814514,-0.0007829433889128268,0.5602596402168274,0.44594526290893555,-0.0003062983450945467,0.5601927638053894,0.45018941164016724,-0.00041797602898441255,0.5594384670257568,0.4543859660625458,0.0019178930670022964,0.5564820170402527,0.4640929102897644,0.00983625091612339,0.5656831860542297,0.4117991030216217,-0.02670537680387497,0.5576685070991516,0.41126060485839844,-0.020148390904068947,0.46695399284362793,0.3007233142852783,-0.007392423693090677,0.5267860293388367,0.35443875193595886,-0.01737639307975769,0.519995927810669,0.3555145263671875,-0.01910814270377159,0.5129231214523315,0.35516130924224854,-0.01961776241660118,0.5022035241127014,0.34808793663978577,-0.01792331039905548,0.532422661781311,0.35223981738090515,-0.014606599695980549,0.5168225169181824,0.32516005635261536,-0.025777727365493774,0.5249757766723633,0.3264539837837219,-0.02307986654341221,0.5091153979301453,0.32705479860305786,-0.02551831677556038,0.5036786198616028,0.33104145526885986,-0.02399110607802868,0.4960518479347229,0.35436251759529114,-0.015275188721716404,0.5320053696632385,0.47578945755958557,0.01116910669952631,0.5024017691612244,0.34158259630203247,-0.017634259536862373,0.4654161036014557,0.34458279609680176,0.003134580096229911,0.48624151945114136,0.34691187739372253,-0.012957504019141197,0.5248836874961853,0.39467984437942505,-0.015257094986736774,0.5544293522834778,0.4340871572494507,-0.011693648993968964,0.5532940626144409,0.44050732254981995,-0.007393970619887114,0.5448761582374573,0.43623340129852295,-0.01086445152759552,0.5373234748840332,0.43732863664627075,-0.008125534281134605,0.5454286336898804,0.4404144883155823,-0.007519983686506748,0.5385627150535583,0.4399695098400116,-0.004841197282075882,0.526237428188324,0.446923166513443,0.0027000715490430593,0.5621175169944763,0.4082975685596466,-0.03156275674700737,0.5619521737098694,0.399738609790802,-0.03507533669471741,0.4947032928466797,0.32507845759391785,-0.027662474662065506,0.5378885865211487,0.37051352858543396,-0.016544628888368607,0.5428072810173035,0.40289855003356934,-0.02259950153529644,0.5414507985115051,0.3970930278301239,-0.021792137995362282,0.5010049939155579,0.3931402564048767,-0.0156757440418005,0.5607473850250244,0.3875584602355957,-0.033969707787036896,0.5153904557228088,0.3159419894218445,-0.03319636359810829,0.5039512515068054,0.3187342584133148,-0.03163767606019974,0.47888484597206116,0.28497934341430664,-0.019489217549562454,0.5458214282989502,0.3256903886795044,-0.027358278632164,0.5315372347831726,0.33110326528549194,-0.018746094778180122,0.5216172933578491,0.43887078762054443,-0.00028517463942989707,0.46689674258232117,0.4275405704975128,0.03939269110560417,0.5469866991043091,0.4079619348049164,-0.017641747370362282,0.5521621704101562,0.41045767068862915,-0.01468332763761282,0.5260491371154785,0.4380476772785187,0.000687530031427741,0.5277156829833984,0.43859755992889404,0.000341675739036873,0.49947431683540344,0.3124270439147949,-0.03130672872066498,0.541202187538147,0.4055628776550293,-0.018334461376070976,0.5293455123901367,0.3177829384803772,-0.031889285892248154,0.528691291809082,0.3100854754447937,-0.0349835567176342,0.5159026384353638,0.265666127204895,-0.03585273027420044,0.4898013770580292,0.2984555661678314,-0.0269041508436203,0.5234812498092651,0.2870207130908966,-0.036378372460603714,0.48882269859313965,0.31995072960853577,-0.024960752576589584,0.47825855016708374,0.3109291195869446,-0.017111439257860184,0.5538891553878784,0.43760937452316284,-0.010323194786906242,0.5452151298522949,0.4383839964866638,-0.009408337064087391,0.5379932522773743,0.43864819407463074,-0.006865191739052534,0.5480709075927734,0.40918630361557007,-0.015119405463337898,0.5269313454627991,0.4383295774459839,0.000603830732870847,0.5315220952033997,0.4412951171398163,-0.0003592723805923015,0.5285215377807617,0.4388502240180969,0.0004499152710195631,0.5522158741950989,0.40701350569725037,-0.02632206492125988,0.5388761162757874,0.44094541668891907,-0.002885288093239069,0.5455297231674194,0.44176435470581055,-0.003959615249186754,0.5527129173278809,0.4422260522842407,-0.003921830095350742,0.548101007938385,0.4642444849014282,0.007453987840563059,0.5514727830886841,0.4542486071586609,-0.000554684258531779,0.552299976348877,0.4499741792678833,-0.0027242533396929502,0.5527540445327759,0.4457966089248657,-0.002550027798861265,0.552897036075592,0.44234099984169006,-0.0028010387904942036,0.5389951467514038,0.44105100631713867,-0.0020080083049833775,0.5382297039031982,0.4424288272857666,-0.0019444682402536273,0.5371093153953552,0.44443273544311523,-0.0021996749565005302,0.5360301733016968,0.44667741656303406,-0.0010805168421939015,0.5323278307914734,0.42689022421836853,-0.008994348347187042,0.4563506841659546,0.38078808784484863,0.035705484449863434,0.5640833377838135,0.4130958318710327,-0.018061164766550064,0.5336406826972961,0.4400671720504761,-0.0005702066700905561,0.5327118635177612,0.44060757756233215,-0.0004546348936855793,0.5542446374893188,0.41371509432792664,-0.013712930493056774,0.5421261191368103,0.40990206599235535,-0.011280256323516369,0.5532772541046143,0.41215938329696655,-0.014413234777748585,0.530502438545227,0.37549400329589844,-0.015938565135002136,0.5191856026649475,0.3822256326675415,-0.016739899292588234,0.5393007397651672,0.4001650810241699,-0.01786714978516102,0.49474644660949707,0.2730313539505005,-0.029386987909674644,0.5043382048606873,0.2900422215461731,-0.03301647678017616,0.5129950642585754,0.3084389865398407,-0.03476051986217499,0.5322208404541016,0.4541357755661011,0.0032152363564819098,0.5446885824203491,0.3131425082683563,-0.03237951174378395,0.5409644842147827,0.28701674938201904,-0.0353001244366169,0.5358496308326721,0.2622968554496765,-0.03571639582514763,0.5062218904495239,0.3527069389820099,-0.01895418018102646,0.4876152575016022,0.3611587584018707,-0.013040682300925255,0.536189615726471,0.35015973448753357,-0.013313904404640198,0.49602609872817993,0.33592432737350464,-0.021367866545915604,0.5433276891708374,0.3651980459690094,-0.01812782511115074,0.5484011173248291,0.4010331332683563,-0.0278353001922369,0.4772427976131439,0.36640387773513794,-0.00782321859151125,0.4943754971027374,0.36883363127708435,-0.01590808294713497,0.5053223371505737,0.3731094300746918,-0.017745770514011383,0.5193988680839539,0.37154287099838257,-0.016297440975904465,0.5289415717124939,0.3674955368041992,-0.014943649992346764,0.5358824133872986,0.36341163516044617,-0.01479398738592863,0.5546615123748779,0.3546103537082672,-0.023616697639226913,0.4786836802959442,0.3868134617805481,-0.005733740050345659,0.48964524269104004,0.33466005325317383,-0.02104346640408039,0.5625657439231873,0.4118829071521759,-0.027625631541013718,0.5399372577667236,0.38064730167388916,-0.017004067078232765,0.4556312561035156,0.33890795707702637,0.02146786078810692,0.5416035056114197,0.3590303957462311,-0.01503985095769167,0.5369627475738525,0.39947614073753357,-0.011733146384358406,0.4991489350795746,0.3417744040489197,-0.017285233363509178,0.546903133392334,0.39391541481018066,-0.026668038219213486,0.45945310592651367,0.40368810296058655,0.03880017623305321,0.5354922413825989,0.34687429666519165,-0.013083994388580322,0.5540392398834229,0.38994982838630676,-0.031675439327955246,0.49556809663772583,0.45540475845336914,0.018155939877033234,0.49132853746414185,0.46247509121894836,0.030154775828123093,0.46469607949256897,0.38521435856819153,0.014399026520550251,0.4832073450088501,0.442518949508667,0.01994144916534424,0.4709046185016632,0.3261655867099762,-0.005866597406566143,0.5296534299850464,0.48351913690567017,0.015999365597963333,0.5616015791893005,0.41290387511253357,-0.01843223348259926,0.5332435369491577,0.3868449926376343,-0.015184685587882996,0.4780614376068115,0.347740113735199,-0.009032545611262321,0.5139707922935486,0.3499714732170105,-0.01970190368592739,0.5202780365943909,0.3505305349826813,-0.01930912211537361,0.5303037762641907,0.44214576482772827,0.000255167338764295,0.479308158159256,0.40506511926651,0.0010327677009627223,0.5397619009017944,0.49278226494789124,0.023068411275744438,0.5173923969268799,0.4823932349681854,0.024819448590278625,0.505950927734375,0.474567174911499,0.02682214230298996,0.5589832067489624,0.2870567739009857,-0.03029458597302437,0.5519303679466248,0.4923287034034729,0.026571331545710564,0.5257819294929504,0.34950876235961914,-0.017678655683994293,0.530868411064148,0.3480028808116913,-0.015465577132999897,0.5341276526451111,0.3474292755126953,-0.013600125908851624,0.48239681124687195,0.33152124285697937,-0.017039073631167412,0.5292730331420898,0.3375697731971741,-0.018067169934511185,0.5232504606246948,0.33339443802833557,-0.02087460272014141,0.5171443819999695,0.33272674679756165,-0.022540444508194923,0.5109184384346008,0.3344273865222931,-0.022645076736807823,0.5068971514701843,0.33723390102386475,-0.02147611230611801,0.45958030223846436,0.3176725506782532,0.007581706158816814,0.5092570781707764,0.3479461073875427,-0.019228318706154823,0.5613616704940796,0.42051205039024353,-0.010123521089553833,0.5398288369178772,0.4227522611618042,-0.010822425596415997,0.547727644443512,0.4072265625,-0.020289737731218338,0.553215503692627,0.4213194251060486,-0.012358758598566055,0.5590935349464417,0.3378586173057556,-0.021636443212628365,0.5076003670692444,0.4667578637599945,0.01864570938050747,0.5183751583099365,0.4753059148788452,0.01798204518854618,0.5418423414230347,0.48854103684425354,0.015538237057626247,0.4783310890197754,0.44744542241096497,0.03537967428565025,0.5335780382156372,0.3435289263725281,-0.015290729701519012,0.5511987805366516,0.3703157603740692,-0.02411498688161373,0.554095447063446,0.48802608251571655,0.01921737752854824,0.52872633934021,0.48900845646858215,0.022399235516786575,0.4668987989425659,0.40565186738967896,0.018798429518938065,0.5457172989845276,0.44187653064727783,-0.00292615476064384,0.5450951457023621,0.4444185793399811,-0.00291944551281631,0.5443356037139893,0.44767892360687256,-0.0032100307289510965,0.543552041053772,0.45146119594573975,-0.0016444491920992732,0.5394408106803894,0.4603024125099182,0.004070746246725321,0.5325735807418823,0.439196914434433,-0.002409987850114703,0.531658947467804,0.43841367959976196,-0.0033704955130815506,0.5308341979980469,0.4376082122325897,-0.004291881807148457,0.5258480310440063,0.4322492778301239,-0.005964957643300295,0.49303069710731506,0.41192010045051575,-0.006757334806025028,0.5490822792053223,0.3593292534351349,-0.020487934350967407,0.5420260429382324,0.33974412083625793,-0.015470467507839203,0.5368348360061646,0.3400430679321289,-0.015444394201040268,0.5334758758544922,0.4399469792842865,-0.0011159274727106094,0.4901297688484192,0.43183961510658264,0.006772435735911131,0.5499747395515442,0.3404832184314728,-0.020792091265320778,0.5352645516395569,0.4675745368003845,0.008227434940636158,0.5646255612373352,0.3752446472644806,-0.029995666816830635,0.5569915175437927,0.3664175868034363,-0.027434570714831352,0.5628722906112671,0.364531010389328,-0.02682076208293438,0.5466390252113342,0.3846946656703949,-0.022605422884225845,0.5554195046424866,0.48088186979293823,0.014158481732010841,0.5559033155441284,0.4717537760734558,0.012153728865087032,0.5459526181221008,0.4721127450466156,0.009830591268837452,0.5192418694496155,0.4512816071510315,0.005284402519464493,0.5306861400604248,0.4064745604991913,-0.010802282951772213,0.5263974666595459,0.4604387879371643,0.007285861764103174,0.5131862163543701,0.4059147536754608,-0.014091933146119118,0.5240353345870972,0.41572749614715576,-0.010276840068399906,0.5057083964347839,0.4196505546569824,-0.008586633019149303,0.5438884496688843,0.4813092052936554,0.010967803187668324,0.5413579940795898,0.38865676522254944,-0.018554089590907097,0.5120116472244263,0.4581166207790375,0.010504300706088543,0.5218906402587891,0.46739503741264343,0.012336532585322857,0.5139064788818359,0.4408966600894928,0.0005766964168287814,0.48085394501686096,0.420012891292572,0.0075377002358436584,0.5024689435958862,0.44246453046798706,0.004139216151088476,0.47220557928085327,0.4245325028896332,0.021695313975214958,0.5176820158958435,0.4263495206832886,-0.007390873972326517,0.5454975366592407,0.3753006160259247,-0.020285654813051224,0.5506166219711304,0.4056357145309448,-0.028231795877218246,0.5450231432914734,0.4062948524951935,-0.021681854501366615,0.5551437139511108,0.4003327488899231,-0.032078467309474945,0.5375663042068481,0.3309168219566345,-0.020714066922664642,0.5269569754600525,0.3242075741291046,-0.02583862841129303,0.5167859196662903,0.32247456908226013,-0.028401663526892662,0.5077328681945801,0.3242751359939575,-0.028314940631389618,0.5005559325218201,0.3287223279476166,-0.02616540715098381,0.493865966796875,0.3445160686969757,-0.015814224258065224,0.46407315135002136,0.3649017810821533,0.008564282208681107,0.5009576678276062,0.3590468466281891,-0.016545716673135757,0.5094363689422607,0.3625928461551666,-0.01734411157667637,0.5192568302154541,0.36257344484329224,-0.016732556745409966,0.5277710556983948,0.3602063059806824,-0.015397461131215096,0.5341377258300781,0.35724616050720215,-0.013568567112088203,0.538786768913269,0.3546419143676758,-0.01306146290153265,0.45539090037345886,0.35943329334259033,0.030223902314901352,0.5441206097602844,0.4076651334762573,-0.018184948712587357,0.5529999732971191,0.3799847960472107,-0.027113068848848343,0.5567336678504944,0.4070865511894226,-0.030745696276426315,0.5582996010780334,0.4105967879295349,-0.026078209280967712,0.5553442239761353,0.4080110788345337,-0.027728049084544182,0.5450169444084167,0.40959563851356506,-0.014571046456694603,0.5602560043334961,0.4114646315574646,-0.0271326694637537,0.5593557357788086,0.4125294089317322,-0.019273940473794937,0.5383884906768799,0.3473183810710907,-0.012381638400256634,0.5425431132316589,0.3497144281864166,-0.013684762641787529,0.5460320115089417,0.3520377576351166,-0.01630791462957859,0.5044785141944885,0.3395056426525116,-0.019872037693858147,0.49998798966407776,0.33585208654403687,-0.021050138399004936,0.5688809752464294,0.37578731775283813,-0.02536587230861187,0.5899520516395569,0.3365645706653595,0.01719154790043831,0.5689624547958374,0.40986648201942444,-0.016419479623436928,0.6032071113586426,0.29569780826568604,0.047881077975034714,0.5746918320655823,0.34813565015792847,0.005574093200266361,0.5807027220726013,0.3479846715927124,0.008501630276441574,0.5862326622009277,0.34685182571411133,0.012268089689314365,0.5913366079330444,0.33960846066474915,0.01986752077937126,0.5700536966323853,0.3466452360153198,0.0035356590524315834,0.5852020382881165,0.322269082069397,0.0032385012600570917,0.5781683325767517,0.3236803710460663,-0.00018504993931856006,0.5907620787620544,0.3232862651348114,0.007944900542497635,0.5934712886810303,0.3261295557022095,0.012134028598666191,0.5959329605102539,0.34564563632011414,0.025440789759159088,0.5717683434486389,0.4682241380214691,0.02736138366162777,0.5912101864814758,0.33367443084716797,0.019763778895139694,0.6043905019760132,0.3354356586933136,0.0588098019361496,0.599273145198822,0.33763447403907776,0.032799024134874344,0.5845577120780945,0.38946616649627686,0.007643244229257107,0.5676910281181335,0.43258097767829895,-0.006070051807910204,0.5654047727584839,0.4391040802001953,-0.002238942077383399,0.5710999965667725,0.4325752258300781,0.0008369491552002728,0.5728071331977844,0.43316900730133057,0.007980634458363056,0.5683756470680237,0.43780800700187683,0.002574211684986949,0.5702841281890869,0.4368767738342285,0.00867719016969204,0.5772773027420044,0.44076478481292725,0.02348688617348671,0.5712574124336243,0.40710508823394775,-0.028459621593356133,0.5726234316825867,0.39871442317962646,-0.031361885368824005,0.6018342971801758,0.3193643391132355,0.015400423668324947,0.5731744170188904,0.36769115924835205,-0.0015254097525030375,0.577906608581543,0.39937523007392883,-0.008667995221912861,0.5772079825401306,0.39378777146339417,-0.007411460857838392,0.5991584062576294,0.3843908905982971,0.022533820942044258,0.5709900856018066,0.38663923740386963,-0.02924751490354538,0.5933345556259155,0.31358101963996887,-0.003181923646479845,0.5992173552513123,0.31489652395248413,0.005856479052454233,0.6022098064422607,0.28141817450523376,0.03014465607702732,0.5700305700302124,0.32452392578125,-0.017334606498479843,0.5719082355499268,0.32771652936935425,-0.000253138568950817,0.5816084146499634,0.432185560464859,0.02510388009250164,0.5897035598754883,0.41320595145225525,0.09068931639194489,0.5739180445671082,0.40511399507522583,-0.007434546016156673,0.5701491832733154,0.40891164541244507,-0.009559989906847477,0.5739845633506775,0.4349895715713501,0.02243184857070446,0.5729590058326721,0.4356011748313904,0.019353410229086876,0.6013502478599548,0.3079797625541687,0.008557676337659359,0.5767596960067749,0.40216901898384094,-0.004735682159662247,0.5839380621910095,0.3159603178501129,-0.01128039974719286,0.5854873657226562,0.30800437927246094,-0.013815567828714848,0.5887892842292786,0.264475554227829,-0.007328728213906288,0.6027840375900269,0.29309892654418945,0.017119405791163445,0.5882126092910767,0.284548282623291,-0.012000047601759434,0.6037258505821228,0.3137108087539673,0.021077623590826988,0.60451340675354,0.30437904596328735,0.032795920968055725,0.5667786002159119,0.436210036277771,-0.0047464738599956036,0.5698487162590027,0.4354037642478943,0.0015295334160327911,0.571662425994873,0.43505334854125977,0.0077999127097427845,0.5725491642951965,0.40668225288391113,-0.0067252591252326965,0.573468029499054,0.4353111684322357,0.02065141312777996,0.5723666548728943,0.43829721212387085,0.016397349536418915,0.5724102854728699,0.435915470123291,0.018908603116869926,0.5739961862564087,0.4043896496295929,-0.01680617220699787,0.5689448714256287,0.4383753538131714,0.00988872442394495,0.5669254660606384,0.43966764211654663,0.005480763036757708,0.5639733672142029,0.44103118777275085,0.0013191943289712071,0.5632277727127075,0.4620949625968933,0.01252194307744503,0.5650273561477661,0.45254576206207275,0.004830258898437023,0.5654808282852173,0.4483211636543274,0.0028834384866058826,0.5650743246078491,0.4443526566028595,0.0029742978513240814,0.5640348792076111,0.44112899899482727,0.002451480831950903,0.5689653754234314,0.43852344155311584,0.010761317797005177,0.5701301097869873,0.43975555896759033,0.010779041796922684,0.5710788369178772,0.44148021936416626,0.011002222076058388,0.5715932846069336,0.4436420202255249,0.013188183307647705,0.5794689059257507,0.4221031963825226,0.00972029659897089,0.5957078337669373,0.3692381978034973,0.09310997277498245,0.5704939365386963,0.43736305832862854,0.01553704310208559,0.5715568661689758,0.437750905752182,0.01566566713154316,0.5682704448699951,0.4126598834991455,-0.00864837970584631,0.5744686126708984,0.4069932699203491,-0.0005227046203799546,0.5691807866096497,0.4109251797199249,-0.009455106221139431,0.5780919194221497,0.3716779351234436,0.004224213305860758,0.5874126553535461,0.3765605390071869,0.010557203553617,0.5769712924957275,0.3967586159706116,-0.0030674003064632416,0.5982897281646729,0.27073830366134644,0.011141130700707436,0.5979659557342529,0.2859855890274048,0.002416681032627821,0.5951488018035889,0.30534571409225464,-0.0030979427974671125,0.573809802532196,0.4484351575374603,0.02013517916202545,0.5729794502258301,0.31234121322631836,-0.02155786007642746,0.5755093097686768,0.285747766494751,-0.022586720064282417,0.5755230784416199,0.2617252469062805,-0.021285440772771835,0.5898009538650513,0.34393179416656494,0.0165985319763422,0.6005206108093262,0.3515074849128723,0.03212599456310272,0.5672219395637512,0.34495651721954346,0.002844547387212515,0.597222089767456,0.3288303315639496,0.020128129050135612,0.5703234672546387,0.3630131781101227,-0.006077964790165424,0.5771464109420776,0.3981049060821533,-0.016507841646671295,0.6061576008796692,0.35616087913513184,0.04329582676291466,0.5997305512428284,0.3598969280719757,0.026477400213479996,0.5948985815048218,0.36549416184425354,0.018242251127958298,0.5847758650779724,0.3657180368900299,0.011224377900362015,0.5768366456031799,0.3627782464027405,0.005953164305537939,0.5716362595558167,0.3595537841320038,0.0008532950887456536,0.5655362606048584,0.3537726104259491,-0.01845858246088028,0.6065139174461365,0.3755245506763458,0.045066673308610916,0.600693941116333,0.32708919048309326,0.024315694347023964,0.5683103203773499,0.41107967495918274,-0.02514754608273506,0.5736034512519836,0.37796279788017273,-0.0025462480261921883,0.5996189117431641,0.33062028884887695,0.08068886399269104,0.5680156350135803,0.35579583048820496,-0.002794368891045451,0.5759336948394775,0.3961060643196106,0.0030485012102872133,0.5930463671684265,0.3338405191898346,0.02201957441866398,0.5759807825088501,0.39126843214035034,-0.015123334713280201,0.5935983657836914,0.39039355516433716,0.09374171495437622,0.5665179491043091,0.34132447838783264,0.0038266771007329226,0.5739993453025818,0.38809919357299805,-0.02329608052968979,0.5872533917427063,0.44161659479141235,0.05567309632897377,0.5825304985046387,0.44815632700920105,0.06882200390100479,0.6041123867034912,0.37281572818756104,0.06986489146947861,0.5926434993743896,0.4282527565956116,0.06421458721160889,0.6045722365379333,0.31866151094436646,0.0473993644118309,0.5709662437438965,0.4749488830566406,0.03367822989821434,0.5662679076194763,0.41243788599967957,-0.01690349355340004,0.5774198174476624,0.3832208514213562,0.002613059477880597,0.6012297868728638,0.3378930389881134,0.0412626750767231,0.5856217741966248,0.3410755693912506,0.011682468466460705,0.5806818604469299,0.3426467180252075,0.008438828401267529,0.5729629993438721,0.43911606073379517,0.01832377165555954,0.6040194034576416,0.3927978277206421,0.04986119642853737,0.5616233348846436,0.48809200525283813,0.03294495865702629,0.5724691152572632,0.4711644649505615,0.04959653690457344,0.5767709016799927,0.46136415004730225,0.058143250644207,0.5753921866416931,0.34272500872612,0.005968849174678326,0.57059246301651,0.3419512212276459,0.004850256722420454,0.5677465796470642,0.34172531962394714,0.0046484400518238544,0.6025000810623169,0.32363876700401306,0.03177645802497864,0.5712615847587585,0.3332148790359497,0.0027590584941208363,0.5764686465263367,0.32966741919517517,0.0033779731020331383,0.5822396874427795,0.32854247093200684,0.005692058242857456,0.5870378613471985,0.32938453555107117,0.00946088694036007,0.5894420742988586,0.3311749994754791,0.01294266153126955,0.6025950312614441,0.3112219274044037,0.06564554572105408,0.5883891582489014,0.33883917331695557,0.014856812544167042,0.5757894515991211,0.4193466901779175,0.003462200751528144,0.5746866464614868,0.4042564928531647,-0.010485299862921238,0.5684584379196167,0.41993170976638794,-0.006438105832785368,0.580884575843811,0.4538933038711548,0.04890941083431244,0.5757994055747986,0.46407458186149597,0.041773583739995956,0.564110517501831,0.4838138818740845,0.025132037699222565,0.5861318111419678,0.4328751862049103,0.08103425800800323,0.5680410265922546,0.3381310999393463,0.003323148936033249,0.5698820948600769,0.3687676191329956,-0.015954073518514633,0.5679857134819031,0.4806100130081177,0.04072194918990135,0.601346492767334,0.39203348755836487,0.0718279480934143,0.5669690370559692,0.43981292843818665,0.006533706095069647,0.5681935548782349,0.44206494092941284,0.006822123657912016,0.5689376592636108,0.44504794478416443,0.007065867073833942,0.569085955619812,0.4487966299057007,0.009118989109992981,0.5693297982215881,0.4559505581855774,0.016202785074710846,0.5716934204101562,0.43612170219421387,0.014380895532667637,0.5727804899215698,0.4350351095199585,0.01507801003754139,0.5737231969833374,0.43392014503479004,0.015480180270969868,0.5816676616668701,0.42640870809555054,0.017445160076022148,0.6004078388214111,0.40111085772514343,0.03434339165687561,0.567852795124054,0.3578943610191345,-0.011990921571850777,0.5652019381523132,0.33610275387763977,-0.004647445399314165,0.5669040679931641,0.3356475234031677,0.0001576315116835758,0.5704423189163208,0.43724316358566284,0.015059329569339752,0.5958018898963928,0.41930896043777466,0.04829896241426468,0.5637455582618713,0.3384581506252289,-0.014322846196591854,0.5705301761627197,0.4614984393119812,0.022006183862686157,0.5674220323562622,0.3655291199684143,-0.023068953305482864,0.5731871724128723,0.3824695646762848,-0.01197600644081831,0.5638825297355652,0.4689483642578125,0.01648467779159546,0.5808138251304626,0.4426034688949585,0.029601378366351128,0.580025851726532,0.4020012617111206,0.007637580391019583,0.5756909251213074,0.45259732007980347,0.026436513289809227,0.5926631689071655,0.3982890248298645,0.015364717692136765,0.5848239660263062,0.40974700450897217,0.012789160013198853,0.5946608185768127,0.41017475724220276,0.02496705949306488,0.5649025440216064,0.47723641991615295,0.01990446448326111,0.5742541551589966,0.38595280051231384,-0.00527023384347558,0.5827720761299133,0.4468030333518982,0.03885755315423012,0.5767960548400879,0.4575340151786804,0.03409050405025482,0.5860957503318787,0.431993305683136,0.030166015028953552,0.6002792119979858,0.40706488490104675,0.054108086973428726,0.5904209017753601,0.4308730959892273,0.03878184035420418,0.5974489450454712,0.41023656725883484,0.07192103564739227,0.5873298645019531,0.4190295934677124,0.019824855029582977,0.5715768337249756,0.3731832206249237,-0.008774959482252598,0.5758636593818665,0.402677446603775,-0.017920879647135735,0.5767109394073486,0.4029609262943268,-0.009928728453814983,0.575397789478302,0.3981229066848755,-0.023908648639917374,0.5704649686813354,0.3274824917316437,-0.005798710510134697,0.5804662704467773,0.32126250863075256,-0.0038325407076627016,0.5888620615005493,0.3196832835674286,0.00048685120418667793,0.5947434306144714,0.3206561803817749,0.0065998658537864685,0.5974406003952026,0.32365429401397705,0.012879051268100739,0.5958466529846191,0.3358902931213379,0.02608693391084671,0.6049512624740601,0.35397279262542725,0.06541920453310013,0.5942354202270508,0.3507041335105896,0.02168653905391693,0.5898852944374084,0.35490506887435913,0.015958132222294807,0.5825650691986084,0.35597947239875793,0.010647746734321117,0.5753373503684998,0.3546953797340393,0.006182058248668909,0.5702675580978394,0.35257434844970703,0.002739140996709466,0.5671138763427734,0.3505094051361084,0.0002542402071412653,0.5968902707099915,0.3496435284614563,0.08903391659259796,0.5755470395088196,0.4044559597969055,-0.006679111160337925,0.5716017484664917,0.37835410237312317,-0.01879217103123665,0.5739953517913818,0.4047548174858093,-0.024158725515007973,0.5701920390129089,0.4087986648082733,-0.022249730303883553,0.572897732257843,0.4056147336959839,-0.020996632054448128,0.5738296508789062,0.4068436920642853,-0.004948521964251995,0.5696953535079956,0.41011226177215576,-0.02401483803987503,0.5677651762962341,0.4114883542060852,-0.016660131514072418,0.5654101371765137,0.34242716431617737,0.001664519077166915,0.5645458698272705,0.3460790812969208,-0.003187458263710141,0.5650802850723267,0.34929096698760986,-0.007615109905600548,0.5905723571777344,0.3325752019882202,0.01608601026237011,0.5943793654441833,0.3292540907859802,0.017159968614578247,0.5147340297698975,0.34170717000961304,-0.0184373427182436,0.5223485231399536,0.3414272964000702,-0.0184373427182436,0.5146963000297546,0.3312631845474243,-0.0184373427182436,0.5069267749786377,0.34187307953834534,-0.0184373427182436,0.5147601366043091,0.35205626487731934,-0.0184373427182436,0.5758411884307861,0.33574530482292175,0.009054341353476048,0.5825821161270142,0.33511605858802795,0.009054341353476048,0.5753739476203918,0.3266717791557312,0.009054341353476048,0.5691598057746887,0.3364242911338806,0.009054341353476048,0.5764052867889404,0.34494686126708984,0.009054341353476048
1866.6666666666652,0.5584482550621033,0.43608608841896057,-0.009249154478311539,0.5637863278388977,0.41050416231155396,-0.03032280132174492,0.5589485168457031,0.41625791788101196,-0.012720637023448944,0.5561968088150024,0.3789463937282562,-0.02999873273074627,0.564428448677063,0.4018475413322449,-0.03379019722342491,0.5632538199424744,0.38894566893577576,-0.03337385505437851,0.5581842064857483,0.3547239601612091,-0.023574383929371834,0.5030805468559265,0.34644973278045654,-0.01759394258260727,0.5568461418151855,0.3273082375526428,-0.02374459244310856,0.5573318004608154,0.3143342137336731,-0.02765144780278206,0.5546678900718689,0.2634851932525635,-0.030123332515358925,0.5580755472183228,0.43897655606269836,-0.007862611673772335,0.5572550892829895,0.4417957067489624,-0.00541693065315485,0.5562561750411987,0.4436209797859192,-0.001604453893378377,0.5563504695892334,0.44359278678894043,-0.0009785012807697058,0.5566529035568237,0.44723212718963623,-0.00046519713941961527,0.5565276145935059,0.4513722062110901,-0.0006571932462975383,0.5557909607887268,0.4555048942565918,0.001541057019494474,0.5533038377761841,0.4646763205528259,0.009337407536804676,0.5623246431350708,0.4140952527523041,-0.026546495035290718,0.5544803738594055,0.4134409725666046,-0.019890213385224342,0.46505266427993774,0.3018236756324768,-0.005954497028142214,0.5240597724914551,0.3554673194885254,-0.016755254939198494,0.5173535943031311,0.3564249575138092,-0.018390055745840073,0.5103151202201843,0.3561808168888092,-0.018793189898133278,0.4996638298034668,0.3493307828903198,-0.0169513076543808,0.5296259522438049,0.3535836637020111,-0.014094133861362934,0.5141170024871826,0.32724693417549133,-0.02502034604549408,0.5221946239471436,0.3285927474498749,-0.022473566234111786,0.5064519047737122,0.3289526104927063,-0.024669643491506577,0.5010519623756409,0.3327474892139435,-0.02308865822851658,0.4935147166252136,0.35563135147094727,-0.014232135377824306,0.529155969619751,0.47694170475006104,0.011016394011676311,0.49978363513946533,0.3429286479949951,-0.01667299121618271,0.46355128288269043,0.345643550157547,0.004580333828926086,0.48383694887161255,0.34816816449165344,-0.01179394219070673,0.522284209728241,0.39651066064834595,-0.014683019369840622,0.5508424639701843,0.4350133240222931,-0.011389079503715038,0.5498611927032471,0.4417586326599121,-0.0070832460187375546,0.5415475368499756,0.4370976388454437,-0.010496730916202068,0.5344036221504211,0.4383319616317749,-0.007838939316570759,0.5422913432121277,0.44156911969184875,-0.0071915509179234505,0.5357836484909058,0.44109973311424255,-0.004601111635565758,0.5235656499862671,0.4482649266719818,0.0026857517659664154,0.5587522387504578,0.41061437129974365,-0.03134831041097641,0.5586258769035339,0.40209606289863586,-0.034861207008361816,0.4920048117637634,0.3267717957496643,-0.026599641889333725,0.5353169441223145,0.3725070357322693,-0.01612762361764908,0.5400276184082031,0.40502575039863586,-0.022091813385486603,0.5387552380561829,0.39920663833618164,-0.021281542256474495,0.49860289692878723,0.39476293325424194,-0.014775455929338932,0.557551920413971,0.3899213671684265,-0.03373059630393982,0.5125347971916199,0.31808575987815857,-0.032484449446201324,0.5011346936225891,0.3206661641597748,-0.03074282966554165,0.4768696129322052,0.28631463646888733,-0.018221132457256317,0.5431365370750427,0.32797589898109436,-0.027063528075814247,0.5286914706230164,0.33314868807792664,-0.018216291442513466,0.5189740657806396,0.4404718279838562,-6.22330408077687e-05,0.4651525914669037,0.4283144474029541,0.04059942439198494,0.5441337823867798,0.41009578108787537,-0.0172087661921978,0.5491858720779419,0.4125772714614868,-0.014391141943633556,0.5240955352783203,0.4393959045410156,0.0008059149840846658,0.525698721408844,0.4398805499076843,0.00038701645098626614,0.49673405289649963,0.31431880593299866,-0.030324429273605347,0.5384995937347412,0.40764516592025757,-0.01783446967601776,0.52655428647995,0.3200019598007202,-0.03136743605136871,0.5258992910385132,0.3123336434364319,-0.03443862870335579,0.5135824680328369,0.2673552632331848,-0.03510167822241783,0.48764508962631226,0.30014005303382874,-0.025819076225161552,0.5210590958595276,0.28904587030410767,-0.03578631952404976,0.48630571365356445,0.32158076763153076,-0.0238023791462183,0.4762009382247925,0.3123522698879242,-0.01584484614431858,0.5503503680229187,0.4386677145957947,-0.010016152635216713,0.5419631600379944,0.4394054710865021,-0.009068910963833332,0.5351300835609436,0.43971624970436096,-0.006607671733945608,0.5452206134796143,0.4113008975982666,-0.014749938622117043,0.5249367356300354,0.4396456182003021,0.0006803162395954132,0.5291637182235718,0.4425588846206665,-0.0004600467800628394,0.5264879465103149,0.4401097297668457,0.0004799291491508484,0.5491342544555664,0.40921974182128906,-0.02593153901398182,0.5361600518226624,0.4421156942844391,-0.0026228302158415318,0.5424902439117432,0.443011999130249,-0.0036033536307513714,0.5493905544281006,0.4435935616493225,-0.0035536314826458693,0.545149564743042,0.46477964520454407,0.0070338016375899315,0.5480055212974548,0.45529288053512573,-0.0008443826227448881,0.5488187670707703,0.45108434557914734,-0.0029066395945847034,0.5493291616439819,0.44700872898101807,-0.00264070276170969,0.5495468378067017,0.44362279772758484,-0.0029189123306423426,0.5362834930419922,0.4422660768032074,-0.0021040677092969418,0.5354829430580139,0.4436492919921875,-0.0020523746497929096,0.534352719783783,0.44562828540802,-0.0023677777498960495,0.5332867503166199,0.4478728175163269,-0.0012762985425069928,0.529564380645752,0.42871907353401184,-0.008654246106743813,0.45467492938041687,0.3816010355949402,0.03714720904827118,0.5608044862747192,0.41532471776008606,-0.017876770347356796,0.5312755703926086,0.4412870407104492,-0.0006485289777629077,0.5303371548652649,0.4418483376502991,-0.0005473062628880143,0.551213800907135,0.4158340096473694,-0.01343476865440607,0.5394255518913269,0.41195157170295715,-0.010862435214221478,0.5502660870552063,0.41427722573280334,-0.01412742305546999,0.5279600620269775,0.37743574380874634,-0.015412759967148304,0.5166499018669128,0.38406553864479065,-0.01607366092503071,0.5366575717926025,0.40221911668777466,-0.01735207438468933,0.4925922453403473,0.27457350492477417,-0.028362581506371498,0.5020681619644165,0.2919289171695709,-0.032145071774721146,0.5101823210716248,0.31056535243988037,-0.033985890448093414,0.5295073390007019,0.4551370143890381,0.003040953306481242,0.5419968962669373,0.3154594898223877,-0.03209749236702919,0.538463830947876,0.2890721559524536,-0.03500188887119293,0.5334587693214417,0.2640606760978699,-0.03528128191828728,0.5036494731903076,0.3538053333759308,-0.018037647008895874,0.4850830137729645,0.3623453378677368,-0.011897432617843151,0.5333104729652405,0.35172954201698303,-0.012818868272006512,0.4934616684913635,0.3374139368534088,-0.020339317619800568,0.5407184958457947,0.3672342896461487,-0.017771180719137192,0.5454205274581909,0.40325021743774414,-0.02740464359521866,0.47517094016075134,0.3677135705947876,-0.006542725954204798,0.4917522370815277,0.3700862228870392,-0.014846915379166603,0.502596378326416,0.37450966238975525,-0.01685895211994648,0.5166624784469604,0.37301498651504517,-0.015607450157403946,0.5261920094490051,0.3690410554409027,-0.014395605772733688,0.5330929756164551,0.36509591341018677,-0.014364916831254959,0.5519289374351501,0.3568061590194702,-0.023418912664055824,0.47664666175842285,0.3881399631500244,-0.004480578005313873,0.48714500665664673,0.33611372113227844,-0.019911063835024834,0.5592336654663086,0.4141445755958557,-0.027409041300415993,0.5373325347900391,0.3826875686645508,-0.01656506396830082,0.4538869857788086,0.3397384285926819,0.02303379960358143,0.5387832522392273,0.3608306646347046,-0.014668320305645466,0.5343774557113647,0.40149056911468506,-0.011247186921536922,0.49662402272224426,0.34315159916877747,-0.016283400356769562,0.5440337061882019,0.3961123526096344,-0.026237450540065765,0.45783764123916626,0.40449053049087524,0.040140390396118164,0.5325810313224792,0.3485018312931061,-0.012565460987389088,0.550974428653717,0.39222344756126404,-0.03134285286068916,0.49316179752349854,0.4564879536628723,0.01880793273448944,0.4890623390674591,0.463400274515152,0.030840396881103516,0.46298694610595703,0.3862228989601135,0.015831083059310913,0.48109129071235657,0.4434755742549896,0.020910954102873802,0.468944787979126,0.3273698687553406,-0.004488945007324219,0.5267918109893799,0.4847584664821625,0.01593681611120701,0.5583439469337463,0.4151120185852051,-0.018214911222457886,0.5306780934333801,0.38881492614746094,-0.014672031626105309,0.47585737705230713,0.3488864302635193,-0.007750340271741152,0.5113184452056885,0.3507623076438904,-0.018869278952479362,0.5175833106040955,0.35126104950904846,-0.01857002265751362,0.5279883146286011,0.44344013929367065,0.00018176874436903745,0.47731611132621765,0.406299889087677,0.002205215860158205,0.5369092226028442,0.49407830834388733,0.022771475836634636,0.5147678852081299,0.48355478048324585,0.024975251406431198,0.5034592151641846,0.475649893283844,0.027208318933844566,0.5564854145050049,0.2891373634338379,-0.030284393578767776,0.5490489602088928,0.49378618597984314,0.026045551523566246,0.5230239033699036,0.3503822982311249,-0.017026660963892937,0.5280508399009705,0.3491908013820648,-0.014879876747727394,0.5312541127204895,0.348876953125,-0.013053306378424168,0.4801274836063385,0.33290228247642517,-0.015807965770363808,0.5264535546302795,0.33954304456710815,-0.017467530444264412,0.5205060839653015,0.3354557156562805,-0.02019795961678028,0.5144431591033936,0.3347141146659851,-0.02178300730884075,0.5082380771636963,0.33624470233917236,-0.0218075942248106,0.5042182207107544,0.3388737440109253,-0.02058296464383602,0.45776796340942383,0.3186069130897522,0.009117139503359795,0.5066391229629517,0.34889543056488037,-0.018328610807657242,0.5581473112106323,0.42266854643821716,-0.009960719384253025,0.5370108485221863,0.424689918756485,-0.010448028333485126,0.5448160171508789,0.40938329696655273,-0.019880587235093117,0.5501683354377747,0.42338600754737854,-0.01209527999162674,0.5564785599708557,0.3401159644126892,-0.021553469821810722,0.5049940347671509,0.4679448902606964,0.018985219299793243,0.5156365036964417,0.4765412509441376,0.018103180453181267,0.5388721823692322,0.48979800939559937,0.01524884533137083,0.47634226083755493,0.44824647903442383,0.03637641295790672,0.530681848526001,0.3452869951725006,-0.014742013067007065,0.548401415348053,0.37248700857162476,-0.02383263222873211,0.55107581615448,0.48942074179649353,0.01870594173669815,0.5259783864021301,0.490220844745636,0.02234412170946598,0.46521925926208496,0.406593382358551,0.02016640640795231,0.5426547527313232,0.44310933351516724,-0.0030105363111943007,0.5419753789901733,0.4456179141998291,-0.0030106035992503166,0.5411815047264099,0.44880393147468567,-0.0033797677606344223,0.5403935313224792,0.4525546431541443,-0.0018987286603078246,0.5366572737693787,0.4610203504562378,0.0037623189855366945,0.5302141308784485,0.44037413597106934,-0.0022746401373296976,0.5292747616767883,0.4396073520183563,-0.00321125122718513,0.5284425020217896,0.43880605697631836,-0.004100161604583263,0.5231249928474426,0.4339926838874817,-0.005671316292136908,0.49075403809547424,0.4133162200450897,-0.0058437250554561615,0.546412467956543,0.36144334077835083,-0.020202936604619026,0.5392768383026123,0.3416600525379181,-0.01508924551308155,0.5339746475219727,0.3419134020805359,-0.014967866241931915,0.5311364531517029,0.4411163926124573,-0.0009746428113430738,0.487888365983963,0.43300262093544006,0.0076369247399270535,0.5472227334976196,0.34260010719299316,-0.02054234966635704,0.532461941242218,0.4685683846473694,0.007971086539328098,0.5615630745887756,0.3776184916496277,-0.02988039143383503,0.5541065335273743,0.3686824440956116,-0.027249231934547424,0.5599603056907654,0.366848349571228,-0.026738932356238365,0.5438610911369324,0.3868453800678253,-0.022228682413697243,0.5523456335067749,0.48211944103240967,0.013606201857328415,0.5527942776679993,0.472703218460083,0.011639782227575779,0.5429992079734802,0.4729907810688019,0.009432087652385235,0.5165649056434631,0.45260515809059143,0.00537898438051343,0.5280373692512512,0.40836000442504883,-0.01032108161598444,0.5236879587173462,0.4616140127182007,0.007166133262217045,0.5105937123298645,0.40755876898765564,-0.013457808643579483,0.5213247537612915,0.4174652695655823,-0.009829102084040642,0.5031549334526062,0.42115211486816406,-0.00793592631816864,0.540905773639679,0.48242759704589844,0.010613534599542618,0.5387096405029297,0.39075538516044617,-0.018102383241057396,0.5093746781349182,0.45936113595962524,0.010747102089226246,0.5191619992256165,0.46862494945526123,0.012345862574875355,0.5112723112106323,0.4423515796661377,0.0009226310066878796,0.47883373498916626,0.4211433529853821,0.008616834878921509,0.49999403953552246,0.4437192678451538,0.004666615277528763,0.4703903794288635,0.4254208207130432,0.022941745817661285,0.5149853229522705,0.42800939083099365,-0.0069526126608252525,0.5427981615066528,0.37739434838294983,-0.019916927441954613,0.5475553870201111,0.407855361700058,-0.027825485914945602,0.54217129945755,0.40843498706817627,-0.021220343187451363,0.5519517660140991,0.40262284874916077,-0.031744878739118576,0.534792959690094,0.3329867124557495,-0.02027655765414238,0.5241827368736267,0.3263716995716095,-0.025281911715865135,0.5140214562416077,0.32459011673927307,-0.02771499566733837,0.5049968361854553,0.3261895179748535,-0.027494080364704132,0.49787411093711853,0.33043360710144043,-0.025245919823646545,0.4913628399372101,0.34586530923843384,-0.014742240309715271,0.46227219700813293,0.3659360706806183,0.01003052294254303,0.49835625290870667,0.3603181540966034,-0.015572153963148594,0.5067983865737915,0.3638724684715271,-0.01650579832494259,0.5165870189666748,0.3638014793395996,-0.016038965433835983,0.5250643491744995,0.36151209473609924,-0.01482371799647808,0.5313858389854431,0.3587878346443176,-0.01311070378869772,0.5360060930252075,0.3563401699066162,-0.012648233212530613,0.45367002487182617,0.3602450489997864,0.03174622729420662,0.5413352251052856,0.4097781181335449,-0.01772783324122429,0.5500629544258118,0.38221585750579834,-0.02679865062236786,0.5534805655479431,0.4093515872955322,-0.030445381999015808,0.5550428628921509,0.412794828414917,-0.025830663740634918,0.552148699760437,0.41023117303848267,-0.027412625029683113,0.5422493815422058,0.41168177127838135,-0.014168297871947289,0.5569564700126648,0.4136965572834015,-0.026900138705968857,0.5561319589614868,0.41471102833747864,-0.019034387543797493,0.5354614853858948,0.3490360975265503,-0.011911781504750252,0.5397545099258423,0.3515363931655884,-0.01331293024122715,0.5432252287864685,0.35395872592926025,-0.016000667586922646,0.5018059015274048,0.34101539850234985,-0.01893988996744156,0.4973973035812378,0.3373693823814392,-0.020089756697416306,0.5658566951751709,0.37817323207855225,-0.0253545343875885,0.5881255269050598,0.3384973108768463,0.016515959054231644,0.565688967704773,0.41217517852783203,-0.01633274368941784,0.6021247506141663,0.2971770167350769,0.046808164566755295,0.5723859071731567,0.3500557839870453,0.005176356993615627,0.5784916281700134,0.3499617278575897,0.007985096424818039,0.5841386318206787,0.348849892616272,0.011655572801828384,0.5895082950592041,0.34149178862571716,0.019135184586048126,0.5677012801170349,0.3485158681869507,0.003251417772844434,0.5832833051681519,0.3242660164833069,0.0026988510508090258,0.57613205909729,0.3257080316543579,-0.0005918762763030827,0.5889398455619812,0.32523104548454285,0.007277572527527809,0.5917176008224487,0.32802441716194153,0.01139914896339178,0.5941209197044373,0.3474525213241577,0.02466416358947754,0.5689350366592407,0.46986258029937744,0.0265261922031641,0.589471161365509,0.33554142713546753,0.019039344042539597,0.603294849395752,0.33702704310417175,0.05774570256471634,0.5977196097373962,0.3392482399940491,0.03189430758357048,0.5818842649459839,0.39174550771713257,0.007248175796121359,0.5641413331031799,0.4337172508239746,-0.006015561521053314,0.5619645714759827,0.44057950377464294,-0.002149024745449424,0.5678784847259521,0.4339194595813751,0.0006815749802626669,0.5698122978210449,0.43471211194992065,0.007569864392280579,0.5651383996009827,0.43935370445251465,0.0024717343039810658,0.5672342777252197,0.4384634792804718,0.00835401751101017,0.5741122364997864,0.44274625182151794,0.02262350358068943,0.5678598284721375,0.40951359272003174,-0.02838577702641487,0.5692827701568604,0.4011702835559845,-0.031315989792346954,0.6003311276435852,0.32099151611328125,0.014522810466587543,0.5705692172050476,0.3699067533016205,-0.0017691832035779953,0.5746883153915405,0.4019013047218323,-0.00880451500415802,0.5740826725959778,0.39630332589149475,-0.007566437125205994,0.5968676805496216,0.38664573431015015,0.021803271025419235,0.5677915811538696,0.3890819847583771,-0.029221119359135628,0.5916685461997986,0.3155476152896881,-0.003780622035264969,0.5976886749267578,0.31668707728385925,0.005085350014269352,0.6009215712547302,0.2830163240432739,0.029161345213651657,0.5676863193511963,0.3268665075302124,-0.01745809055864811,0.5697514414787292,0.3297426104545593,-0.0005449503078125417,0.5785389542579651,0.4345136284828186,0.02429172582924366,0.5882518887519836,0.41493454575538635,0.08958654850721359,0.5706565380096436,0.4075665771961212,-0.007487660273909569,0.5668993592262268,0.41124778985977173,-0.00950342696160078,0.5713384747505188,0.43683573603630066,0.021667251363396645,0.5703070163726807,0.43736404180526733,0.01863326132297516,0.5999565124511719,0.3096134662628174,0.007744323927909136,0.5735442638397217,0.40466049313545227,-0.0048571084626019,0.5819932222366333,0.3181464672088623,-0.011658575385808945,0.5836447477340698,0.3101450502872467,-0.014224659651517868,0.5868715047836304,0.2662704288959503,-0.007870341651141644,0.6012617945671082,0.29494017362594604,0.016201099380850792,0.5860859155654907,0.2866306006908417,-0.012531626038253307,0.6022818088531494,0.31520548462867737,0.020152656361460686,0.6031802296638489,0.30606359243392944,0.031791478395462036,0.5632855296134949,0.4374817907810211,-0.0046824198216199875,0.5666090846061707,0.43684136867523193,0.0013910699635744095,0.5686326622962952,0.4366181492805481,0.0074279578402638435,0.5692864060401917,0.4090930223464966,-0.0067447698675096035,0.5708131194114685,0.4371129274368286,0.01991698145866394,0.5695397853851318,0.4400675892829895,0.015611070208251476,0.5697281360626221,0.43765196204185486,0.018196824938058853,0.5707000494003296,0.40684860944747925,-0.016853658482432365,0.5658990144729614,0.43996724486351013,0.009616795927286148,0.5636913776397705,0.44127175211906433,0.0054352846927940845,0.5605791211128235,0.4426048994064331,0.001464292872697115,0.559908390045166,0.4628385007381439,0.011909904889762402,0.5614457726478577,0.45384907722473145,0.004319851286709309,0.5618956089019775,0.4496862590312958,0.00247120950371027,0.5615622401237488,0.4457939863204956,0.002652289578691125,0.5606310963630676,0.4426243007183075,0.0021160366013646126,0.5659409761428833,0.44013890624046326,0.010133262723684311,0.5670769214630127,0.44141557812690735,0.010136107914149761,0.5680298209190369,0.4431663751602173,0.010291744023561478,0.5685589909553528,0.44534826278686523,0.0124113280326128,0.5763049721717834,0.42449402809143066,0.009250711649656296,0.5946929454803467,0.370755136013031,0.09201084822416306,0.5676242113113403,0.4390223026275635,0.014803769066929817,0.5686940550804138,0.43947213888168335,0.014912164770066738,0.5650158524513245,0.4149571657180786,-0.00859249010682106,0.5712712407112122,0.4094228148460388,-0.0005950818886049092,0.5659259557723999,0.4132392406463623,-0.009392677806317806,0.5755378603935242,0.3739212453365326,0.0038816046435385942,0.5849635601043701,0.3788215219974518,0.010073540732264519,0.5738531351089478,0.3992314636707306,-0.003228120505809784,0.5967063903808594,0.2724640369415283,0.010332831181585789,0.596180260181427,0.2879575788974762,0.0016635683132335544,0.5936214327812195,0.307209312915802,-0.003741486696526408,0.5705512166023254,0.44997721910476685,0.019261687994003296,0.570744514465332,0.3146997094154358,-0.02174176089465618,0.5731610655784607,0.2878473401069641,-0.02287452109158039,0.5733433365821838,0.26354867219924927,-0.021502014249563217,0.5878506898880005,0.34587642550468445,0.0159100741147995,0.5988706350326538,0.35331079363822937,0.031245578080415726,0.5648707747459412,0.3468114733695984,0.0026275820564478636,0.5955816507339478,0.33054956793785095,0.01927279867231846,0.5677030682563782,0.36520084738731384,-0.006254392210394144,0.573918879032135,0.40063008666038513,-0.01659879833459854,0.6046130657196045,0.35807257890701294,0.04229368269443512,0.5978847742080688,0.36180445551872253,0.02564219757914543,0.5928120613098145,0.36754804849624634,0.017546936869621277,0.5824262499809265,0.3678269386291504,0.010724037885665894,0.5743529796600342,0.3648788332939148,0.005590250249952078,0.569103479385376,0.36167824268341064,0.0005934584769420326,0.5628343224525452,0.3560132384300232,-0.01848364993929863,0.604661226272583,0.37759602069854736,0.044065773487091064,0.5991607904434204,0.32869166135787964,0.023378273472189903,0.5649690628051758,0.41339629888534546,-0.025046592578291893,0.5708078742027283,0.3802829384803772,-0.0027541115414351225,0.5988192558288574,0.33200007677078247,0.0795995444059372,0.5654654502868652,0.35797908902168274,-0.0029671292286366224,0.5728899836540222,0.39854758977890015,0.0028773066587746143,0.5913318395614624,0.3356592655181885,0.021246589720249176,0.57285475730896,0.39377865195274353,-0.015223742462694645,0.5923210382461548,0.39202433824539185,0.09263384342193604,0.5642398595809937,0.34312623739242554,0.003601944539695978,0.5708608627319336,0.3905564546585083,-0.023342784494161606,0.5852227210998535,0.4436257481575012,0.054677799344062805,0.5807181000709534,0.4500752091407776,0.06779050081968307,0.6026062965393066,0.37456369400024414,0.06882214546203613,0.5907537341117859,0.4301999509334564,0.06322400271892548,0.6033722162246704,0.3202734589576721,0.046350687742233276,0.5682905316352844,0.4766947627067566,0.03285067901015282,0.5629856586456299,0.4146901071071625,-0.016753071919083595,0.5746663808822632,0.38554802536964417,0.0023466821294277906,0.599809467792511,0.3394806385040283,0.040273021906614304,0.58359295129776,0.34307998418807983,0.011101213283836842,0.5785354971885681,0.34461334347724915,0.007939334027469158,0.5701726675033569,0.44092807173728943,0.017515920102596283,0.6019975543022156,0.39487481117248535,0.0488894097507,0.5588628053665161,0.4897047281265259,0.03223498910665512,0.5701521039009094,0.4730710983276367,0.0486716665327549,0.5747109651565552,0.4633136987686157,0.05715622007846832,0.5731676816940308,0.34461042284965515,0.005572791676968336,0.5683212280273438,0.3437687158584595,0.004541325848549604,0.5654565691947937,0.3435136079788208,0.004390242509543896,0.6010425686836243,0.3251074552536011,0.03079136461019516,0.5691129565238953,0.3350447416305542,0.0024255255702883005,0.5744122266769409,0.33152493834495544,0.002963590668514371,0.5802745223045349,0.33041685819625854,0.005176018923521042,0.5851832032203674,0.33126208186149597,0.008849947713315487,0.5876484513282776,0.3330574035644531,0.012281235307455063,0.601667582988739,0.31264445185661316,0.0645657405257225,0.5864768624305725,0.3408261239528656,0.014222715049982071,0.5725615620613098,0.42173129320144653,0.0032006308902055025,0.5714151263237,0.4067271649837494,-0.010532901622354984,0.5651689767837524,0.42219170928001404,-0.00643852399662137,0.5786745548248291,0.4558800756931305,0.04792332649230957,0.573387086391449,0.4659862816333771,0.04085459187626839,0.5611990690231323,0.48535555601119995,0.02443913370370865,0.5845186710357666,0.4347015917301178,0.0799778625369072,0.5658142566680908,0.33994171023368835,0.0030455905944108963,0.567061722278595,0.37106484174728394,-0.016037913039326668,0.5654168128967285,0.48238280415534973,0.03987444192171097,0.5996203422546387,0.3938266932964325,0.07081340253353119,0.5637387037277222,0.4413900077342987,0.00605251919478178,0.5648940801620483,0.4436464309692383,0.006317624356597662,0.5655928254127502,0.4465996325016022,0.006466343533247709,0.5657180547714233,0.4503191411495209,0.00842320453375578,0.5659906268119812,0.45706504583358765,0.015404969453811646,0.5688528418540955,0.43776601552963257,0.013826391659677029,0.5699586272239685,0.43672776222229004,0.01447274349629879,0.5709303617477417,0.4356396496295929,0.014848796650767326,0.5785542726516724,0.42881497740745544,0.01675955206155777,0.5981441736221313,0.4032990336418152,0.03350802883505821,0.5651955604553223,0.3601016700267792,-0.012073153629899025,0.562808632850647,0.3381950557231903,-0.004769579041749239,0.5646200180053711,0.3376176953315735,-5.472672637552023e-05,0.5675807595252991,0.4388622045516968,0.014539622701704502,0.5936405658721924,0.42140382528305054,0.04737051948904991,0.5612286329269409,0.3407735824584961,-0.014359990134835243,0.5675050616264343,0.4629479944705963,0.021177047863602638,0.5645562410354614,0.3678537607192993,-0.023078370839357376,0.570236086845398,0.38486579060554504,-0.012081803753972054,0.560750424861908,0.47006291151046753,0.015814360231161118,0.5780181884765625,0.4446517825126648,0.028689725324511528,0.5770913362503052,0.40437081456184387,0.00731090409681201,0.5727822184562683,0.4543842673301697,0.025518465787172318,0.5901088714599609,0.4005272090435028,0.014778075739741325,0.5819922685623169,0.41204771399497986,0.012254887260496616,0.5921899080276489,0.4123997092247009,0.02422669716179371,0.561884880065918,0.4786231517791748,0.019182417541742325,0.5712966322898865,0.3883852958679199,-0.0054238359443843365,0.5802928805351257,0.4488385021686554,0.037895120680332184,0.5741626024246216,0.4594259560108185,0.03317442536354065,0.5833730101585388,0.4342370331287384,0.029294630512595177,0.5982275605201721,0.40911737084388733,0.05314900353550911,0.5880259275436401,0.4330146312713623,0.03784625232219696,0.5956528186798096,0.4120917022228241,0.070914126932621,0.5845428705215454,0.4213741719722748,0.01913636177778244,0.5687811374664307,0.3754750192165375,-0.008925097994506359,0.5725746154785156,0.4051777720451355,-0.017989560961723328,0.5734490752220154,0.40546175837516785,-0.010013018734753132,0.5721103549003601,0.40061888098716736,-0.0239527840167284,0.5682061910629272,0.32963141798973083,-0.0060494388453662395,0.5784451365470886,0.3233599364757538,-0.004253861494362354,0.5870192050933838,0.32171767950057983,-9.06188870430924e-05,0.5930256843566895,0.32259073853492737,0.005864358972758055,0.5957911610603333,0.3254620432853699,0.01203935593366623,0.5941681861877441,0.33759039640426636,0.02526286616921425,0.6037176847457886,0.3556339144706726,0.064334437251091,0.5922987461090088,0.35261020064353943,0.020958740264177322,0.587774932384491,0.35691037774086,0.01531877089291811,0.5802924036979675,0.358006089925766,0.010133715346455574,0.5729463696479797,0.35669368505477905,0.005801301449537277,0.5678250789642334,0.3545605540275574,0.002476620953530073,0.5646439790725708,0.35253122448921204,7.223105058073997e-05,0.596065104007721,0.35106199979782104,0.08794133365154266,0.572296142578125,0.4069327414035797,-0.006756824906915426,0.568627119064331,0.38072603940963745,-0.01885102689266205,0.5706444978713989,0.4072066843509674,-0.024156566709280014,0.5668967962265015,0.41113346815109253,-0.02217160351574421,0.5695882439613342,0.4080275297164917,-0.020990315824747086,0.5705842971801758,0.40927040576934814,-0.004984664730727673,0.566373884677887,0.41243746876716614,-0.02392781712114811,0.5644914507865906,0.4137613773345947,-0.01654297672212124,0.5630678534507751,0.34431061148643494,0.0015094134723767638,0.5620740652084351,0.34814950823783875,-0.0032857698388397694,0.5625430941581726,0.35151994228363037,-0.007692696992307901,0.5888094305992126,0.33445340394973755,0.015397847630083561,0.5926789045333862,0.33109426498413086,0.016382450237870216,0.5123084187507629,0.34294116497039795,-0.01769256964325905,0.5199422836303711,0.34278032183647156,-0.01769256964325905,0.5122511386871338,0.33318448066711426,-0.01769256964325905,0.5045133829116821,0.3430534899234772,-0.01769256964325905,0.5123549103736877,0.3526493012905121,-0.01769256964325905,0.5738059878349304,0.337191641330719,0.008566539734601974,0.5806758999824524,0.33650434017181396,0.008566539734601974,0.573379635810852,0.32801586389541626,0.008566539734601974,0.5669689774513245,0.3378942310810089,0.008566539734601974,0.5743370652198792,0.346488893032074,0.008566539734601974
1899.9999999999984,0.5511655807495117,0.43703076243400574,-0.00921999104321003,0.5565146803855896,0.41175225377082825,-0.030033230781555176,0.5518372654914856,0.4170874357223511,-0.012859906069934368,0.5493806600570679,0.38118648529052734,-0.02945089153945446,0.5571334362030029,0.40327998995780945,-0.03339093178510666,0.55609130859375,0.3908263146877289,-0.032925982028245926,0.5515120625495911,0.3580091595649719,-0.023226533085107803,0.4967837929725647,0.3511389493942261,-0.01629014126956463,0.5503034591674805,0.33177900314331055,-0.023341843858361244,0.5507432818412781,0.31906425952911377,-0.02710956335067749,0.5481434464454651,0.26904207468032837,-0.029678020626306534,0.5507831573486328,0.4398531913757324,-0.007892186753451824,0.5499590039253235,0.4426032304763794,-0.005581498611718416,0.5489758253097534,0.4443691372871399,-0.0019277151441201568,0.5490749478340149,0.44426804780960083,-0.0005615738336928189,0.5493460297584534,0.4479637145996094,-0.00012081747263437137,0.5491876602172852,0.4521843492984772,-0.0003970255493186414,0.548444926738739,0.4564305543899536,0.0016726651228964329,0.5463504791259766,0.46448105573654175,0.009019121527671814,0.5550947189331055,0.41528165340423584,-0.02636968344449997,0.5474814772605896,0.41442784667015076,-0.01978326588869095,0.4601428508758545,0.3062356114387512,-0.0044185989536345005,0.5176775455474854,0.35815930366516113,-0.01587141864001751,0.5111359357833862,0.3592472970485687,-0.017325110733509064,0.5041014552116394,0.35904964804649353,-0.01757892780005932,0.49308648705482483,0.3534238934516907,-0.015571056865155697,0.5229383111000061,0.3559034466743469,-0.013359327800571918,0.5081086158752441,0.3347361385822296,-0.0237264446914196,0.5155434012413025,0.33597129583358765,-0.021363915875554085,0.5006834864616394,0.33560967445373535,-0.023227253928780556,0.4953177273273468,0.33838582038879395,-0.021580614149570465,0.48741841316223145,0.35821428894996643,-0.012801759876310825,0.5229337811470032,0.476560115814209,0.010895445942878723,0.49348369240760803,0.34895896911621094,-0.015306892804801464,0.45929157733917236,0.34876149892807007,0.006159326992928982,0.4781478941440582,0.3504972755908966,-0.01023230329155922,0.5160393714904785,0.3976896405220032,-0.013949127867817879,0.5433375239372253,0.43575319647789,-0.011180576868355274,0.5423054695129395,0.4424281716346741,-0.0070747858844697475,0.5339241623878479,0.43769747018814087,-0.010084192268550396,0.5266386270523071,0.43884000182151794,-0.007129102014005184,0.5345790386199951,0.4421105682849884,-0.006925505585968494,0.5279319286346436,0.44157707691192627,-0.0040784794837236404,0.5165322422981262,0.4472237229347229,0.003565904451534152,0.5515923500061035,0.4117559492588043,-0.03096247836947441,0.5515334606170654,0.403407484292984,-0.034351374953985214,0.4854949116706848,0.329032838344574,-0.024881960824131966,0.5292821526527405,0.3751247823238373,-0.015454879030585289,0.5332899689674377,0.40589627623558044,-0.021641695871949196,0.5321170687675476,0.40030527114868164,-0.02080458402633667,0.49289029836654663,0.39551469683647156,-0.013531406410038471,0.5505706667900085,0.3916970193386078,-0.03318043425679207,0.5056536793708801,0.3219008445739746,-0.03103572316467762,0.494397908449173,0.32382234930992126,-0.02911016158759594,0.47154179215431213,0.2911674976348877,-0.01662011444568634,0.5357624888420105,0.332170695066452,-0.026365553960204124,0.5215219855308533,0.3392438590526581,-0.01732328161597252,0.5118292570114136,0.43921852111816406,0.0009236324112862349,0.4610748589038849,0.430117666721344,0.04099997133016586,0.5372799038887024,0.4108733534812927,-0.01700589619576931,0.5422152280807495,0.4133523106575012,-0.01435221266001463,0.5159911513328552,0.439751535654068,0.0018327835714444518,0.5175849795341492,0.4402614235877991,0.0013931983849033713,0.4899335205554962,0.3165353536605835,-0.02859990857541561,0.5316961407661438,0.40832433104515076,-0.017485572025179863,0.5194064378738403,0.3241947293281555,-0.030207857489585876,0.5187132358551025,0.3161652684211731,-0.033186737447977066,0.5075007081031799,0.27261218428611755,-0.033842578530311584,0.48208099603652954,0.30442243814468384,-0.023968957364559174,0.5148584246635437,0.29366517066955566,-0.03432951495051384,0.4798717498779297,0.32328522205352783,-0.022053372114896774,0.4710264205932617,0.3163250982761383,-0.014043358154594898,0.5428110361099243,0.43937844038009644,-0.009867433458566666,0.5342803001403809,0.4399641454219818,-0.00868945848196745,0.527309238910675,0.4402056634426117,-0.00598148861899972,0.5383135676383972,0.4120256006717682,-0.014592526480555534,0.5168212652206421,0.44001176953315735,0.0016912460559979081,0.5210915803909302,0.4430091679096222,0.000574945064727217,0.5184053182601929,0.440519243478775,0.0014877307694405317,0.5422684550285339,0.410252183675766,-0.025522705167531967,0.5283133387565613,0.44261059165000916,-0.0022349588107317686,0.5347861647605896,0.4435524344444275,-0.0034884794149547815,0.5418561100959778,0.44423550367355347,-0.0036811958998441696,0.538179874420166,0.46443790197372437,0.006894551683217287,0.5403472185134888,0.456172376871109,-0.000535016180947423,0.5411906838417053,0.45183685421943665,-0.0024591863621026278,0.5417428016662598,0.44765612483024597,-0.002100186189636588,0.5419917702674866,0.44420599937438965,-0.0023241350427269936,0.5283730030059814,0.44271063804626465,-0.0011796425096690655,0.527520477771759,0.44411593675613403,-0.0011804216774180532,0.5263405442237854,0.446176141500473,-0.0015262130182236433,0.5252392292022705,0.4484873414039612,-0.0004541176895145327,0.5222321152687073,0.42831090092658997,-0.007851694710552692,0.4512079060077667,0.3845197856426239,0.03795710578560829,0.5536304116249084,0.41634824872016907,-0.017918454483151436,0.5232766270637512,0.441715270280838,0.00039910516352392733,0.5223001837730408,0.4422726631164551,0.0004717294650617987,0.5441444516181946,0.4164586663246155,-0.013421494513750076,0.5325676798820496,0.4124119281768799,-0.010707762092351913,0.5432500839233398,0.4149740934371948,-0.01410612277686596,0.5219065546989441,0.37967801094055176,-0.014644471928477287,0.510688304901123,0.38563063740730286,-0.015105226077139378,0.5299535393714905,0.40315020084381104,-0.01693704165518284,0.4868764281272888,0.27967655658721924,-0.026846066117286682,0.4961481988430023,0.29639673233032227,-0.030444331467151642,0.5031902194023132,0.31373342871665955,-0.032422956079244614,0.5224472880363464,0.4543614387512207,0.003717953572049737,0.5346812009811401,0.31972426176071167,-0.031206931918859482,0.5320313572883606,0.2938195765018463,-0.03388966619968414,0.5271429419517517,0.26945585012435913,-0.03440432250499725,0.49731525778770447,0.3570745587348938,-0.016714295372366905,0.4795164167881012,0.36363255977630615,-0.010380836203694344,0.5262526869773865,0.3538193106651306,-0.012172874063253403,0.48716139793395996,0.34102684259414673,-0.01871078461408615,0.5346356630325317,0.3701131343841553,-0.01715509407222271,0.5386823415756226,0.40435537695884705,-0.026907090097665787,0.4706938862800598,0.3698664903640747,-0.004949555732309818,0.4857947826385498,0.3711737096309662,-0.013360453769564629,0.4960566759109497,0.3757350742816925,-0.015527172014117241,0.5097718238830566,0.3750227689743042,-0.014545476995408535,0.5192997455596924,0.37152567505836487,-0.013565287925302982,0.5262723565101624,0.3677259683609009,-0.013679568655788898,0.5454580187797546,0.3600155711174011,-0.02293875813484192,0.47197848558425903,0.3894607722759247,-0.0029839163180440664,0.4810234308242798,0.3386843800544739,-0.018200330436229706,0.5520727634429932,0.4152626097202301,-0.027152415364980698,0.5310273170471191,0.3847510814666748,-0.01598607376217842,0.44993293285369873,0.3432219326496124,0.02419930510222912,0.5318259596824646,0.36353448033332825,-0.014078213833272457,0.5277140140533447,0.4024314284324646,-0.010893401689827442,0.49008890986442566,0.3478443920612335,-0.014843502081930637,0.5374041199684143,0.3974868655204773,-0.02571903169155121,0.4542263448238373,0.4069465398788452,0.04074983671307564,0.5252373218536377,0.35091906785964966,-0.011897770687937737,0.5442105531692505,0.39388003945350647,-0.030778763815760612,0.4878283143043518,0.456461638212204,0.01934310421347618,0.4841316342353821,0.46376681327819824,0.031083734706044197,0.4590936005115509,0.38841894268989563,0.017035240307450294,0.4760657548904419,0.4440873861312866,0.021528471261262894,0.46425437927246094,0.33093422651290894,-0.0028050807304680347,0.5208550095558167,0.48432672023773193,0.015624487772583961,0.5512226819992065,0.41611582040786743,-0.018217572942376137,0.5243495106697083,0.39046984910964966,-0.014077995903789997,0.4705789089202881,0.350608766078949,-0.006131242029368877,0.5051918625831604,0.3538629114627838,-0.01769827865064144,0.5113943815231323,0.3540440499782562,-0.01752341166138649,0.5199024081230164,0.44391965866088867,0.0011994672240689397,0.47235307097435,0.4073261618614197,0.003413707949221134,0.5307403206825256,0.4934106767177582,0.02210957370698452,0.5092442631721497,0.483267605304718,0.024766532704234123,0.49818047881126404,0.4755849838256836,0.027263501659035683,0.5498888492584229,0.29402831196784973,-0.029632698744535446,0.5424721240997314,0.49337342381477356,0.025167495012283325,0.5165891647338867,0.35305318236351013,-0.01612870767712593,0.5212117433547974,0.35154077410697937,-0.014100967906415462,0.5240494608879089,0.35104310512542725,-0.012348008342087269,0.4743283689022064,0.3349432349205017,-0.014093209058046341,0.5197702050209045,0.34823524951934814,-0.016590436920523643,0.5142198801040649,0.34793150424957275,-0.01916871964931488,0.5087258815765381,0.3480515480041504,-0.02060571312904358,0.5027639865875244,0.34818536043167114,-0.02050193026661873,0.49857354164123535,0.34849363565444946,-0.019232692196965218,0.45332226157188416,0.3225598633289337,0.010494429618120193,0.500436007976532,0.35267210006713867,-0.0170749481767416,0.5509968400001526,0.42316049337387085,-0.010062375105917454,0.5298171043395996,0.4245765805244446,-0.00996702816337347,0.5379924774169922,0.4102417230606079,-0.019581543281674385,0.5429767966270447,0.4236240088939667,-0.011980732902884483,0.5499515533447266,0.34412774443626404,-0.021242476999759674,0.4994976222515106,0.4676738381385803,0.019267452880740166,0.5099939703941345,0.4761648178100586,0.01806270144879818,0.5326279997825623,0.4893369674682617,0.014644925482571125,0.4718211889266968,0.4493248462677002,0.03667427971959114,0.5235088467597961,0.34970879554748535,-0.013971981592476368,0.5419613718986511,0.3750321865081787,-0.023239394649863243,0.5444524884223938,0.48913437128067017,0.01781153865158558,0.5201360583305359,0.4896758794784546,0.02193540334701538,0.4611223638057709,0.4083886742591858,0.021111013367772102,0.5349101424217224,0.44360578060150146,-0.0022440594621002674,0.5341730117797852,0.4461764395236969,-0.0022815412376075983,0.5333163738250732,0.44945722818374634,-0.002700630109757185,0.5324860215187073,0.4533119797706604,-0.0012870489154011011,0.5296165943145752,0.4605146646499634,0.004111033398658037,0.5222335457801819,0.4408186376094818,-0.001486786874011159,0.5213111042976379,0.44004249572753906,-0.0023152967914938927,0.5205236077308655,0.4392505884170532,-0.003149419790133834,0.5157595276832581,0.4331076145172119,-0.004623491317033768,0.48503702878952026,0.41380825638771057,-0.0047385855577886105,0.540157675743103,0.3645046651363373,-0.019674193114042282,0.5320419669151306,0.3451131284236908,-0.014508395455777645,0.5268694758415222,0.3456140458583832,-0.014221898280084133,0.5231727361679077,0.44158223271369934,-0.00027553350082598627,0.4822255074977875,0.4333287179470062,0.008515886031091213,0.5399978160858154,0.34616780281066895,-0.020085377618670464,0.5258856415748596,0.4681396782398224,0.00801258534193039,0.5545608401298523,0.3799522817134857,-0.029452404007315636,0.5474801659584045,0.3713604509830475,-0.02670837566256523,0.5531179308891296,0.36962684988975525,-0.026327194646000862,0.5373653173446655,0.3887254297733307,-0.021707363426685333,0.5456045269966125,0.48191702365875244,0.012920158915221691,0.5459718108177185,0.4725613594055176,0.011059015989303589,0.5363163352012634,0.47269612550735474,0.009072640910744667,0.5101783275604248,0.45173773169517517,0.0061501613818109035,0.521449863910675,0.4089891314506531,-0.009809316135942936,0.5172669291496277,0.4609450697898865,0.007608980406075716,0.5043496489524841,0.40811029076576233,-0.012543896213173866,0.5146483182907104,0.4176729619503021,-0.009021786972880363,0.49691176414489746,0.42122939229011536,-0.006937690079212189,0.5344356298446655,0.4820789396762848,0.010183757171034813,0.5322275161743164,0.39236417412757874,-0.017620885744690895,0.5035008192062378,0.45876073837280273,0.011327479965984821,0.5131739377975464,0.4681158661842346,0.012530548498034477,0.504802942276001,0.44142287969589233,0.0018758157966658473,0.4736451506614685,0.42198288440704346,0.009582765400409698,0.4940286874771118,0.44331204891204834,0.005569343455135822,0.46594876050949097,0.4267483353614807,0.023673145100474358,0.5081551671028137,0.42745721340179443,-0.005973196122795343,0.5364780426025391,0.3797489106655121,-0.01932368241250515,0.5407271385192871,0.40887004137039185,-0.02734924666583538,0.5353680849075317,0.40924328565597534,-0.020862974226474762,0.5450599193572998,0.40386199951171875,-0.031212424859404564,0.5274998545646667,0.3375186324119568,-0.019437849521636963,0.517196536064148,0.3317854702472687,-0.024119189009070396,0.5075100660324097,0.3298911154270172,-0.02633241005241871,0.49860259890556335,0.33086562156677246,-0.025925179943442345,0.49149593710899353,0.33441969752311707,-0.02357846312224865,0.4851256310939789,0.34922051429748535,-0.013248302973806858,0.4583284854888916,0.3686088025569916,0.011477922089397907,0.4921048581600189,0.36282646656036377,-0.014197082258760929,0.5003834962844849,0.3661608099937439,-0.015239845961332321,0.5100354552268982,0.36636391282081604,-0.014944912865757942,0.5184489488601685,0.36426588892936707,-0.013965058140456676,0.5247069597244263,0.3613651692867279,-0.01241057738661766,0.5291379690170288,0.3588224947452545,-0.012060105800628662,0.45004379749298096,0.3634752333164215,0.032712340354919434,0.5344848036766052,0.410455584526062,-0.01745244488120079,0.5434443354606628,0.38433095812797546,-0.026232514530420303,0.5464900135993958,0.4104533791542053,-0.029995625838637352,0.5480204820632935,0.4138741195201874,-0.02556898631155491,0.5451844930648804,0.41131359338760376,-0.027030495926737785,0.5353476405143738,0.4122650921344757,-0.014005064964294434,0.549850344657898,0.414774090051651,-0.026635417714715004,0.5490612387657166,0.4156838357448578,-0.018974538892507553,0.5282810926437378,0.3512755334377289,-0.011331521905958652,0.5326791405677795,0.35422587394714355,-0.012813098728656769,0.5361155271530151,0.356943279504776,-0.015528164803981781,0.49583035707473755,0.3487776517868042,-0.017575064674019814,0.49120232462882996,0.34224414825439453,-0.018597254529595375,0.5587917566299438,0.3805946707725525,-0.025145946070551872,0.584198534488678,0.343764990568161,0.0152503103017807,0.5584821701049805,0.4134100079536438,-0.016479583457112312,0.596656322479248,0.303212970495224,0.04494607821106911,0.5672526359558105,0.3527180254459381,0.004406849388033152,0.5735175609588623,0.35284918546676636,0.007075459696352482,0.5793299078941345,0.3521166443824768,0.010586386546492577,0.585657000541687,0.34642818570137024,0.01780714839696884,0.5623841285705566,0.3511088788509369,0.0026682396419346333,0.5777637958526611,0.32997313141822815,0.0018926900811493397,0.5707031488418579,0.33142027258872986,-0.001155323232524097,0.5835943818092346,0.33047789335250854,0.006310453172773123,0.5866968035697937,0.3329188823699951,0.010294394567608833,0.5897945761680603,0.3512474298477173,0.023167885839939117,0.5621013045310974,0.4705650806427002,0.02535725012421608,0.5858561396598816,0.3420879542827606,0.01773029752075672,0.5974010229110718,0.3423585295677185,0.055291980504989624,0.5932397842407227,0.3429808020591736,0.030165966600179672,0.5753097534179688,0.39406880736351013,0.006410174071788788,0.5572044253349304,0.4345603585243225,-0.006177688483148813,0.5550076961517334,0.44131284952163696,-0.0024555237032473087,0.5612151026725769,0.43470633029937744,0.0003393335791770369,0.5633849501609802,0.4353518486022949,0.00724462466314435,0.5584612488746643,0.4399870038032532,0.002113473368808627,0.5607988238334656,0.438981294631958,0.008033264428377151,0.567457914352417,0.44285693764686584,0.022212227806448936,0.5605584979057312,0.410891592502594,-0.02821251191198826,0.5619202256202698,0.40271714329719543,-0.03106684237718582,0.5948190093040466,0.3230438828468323,0.01319059170782566,0.5638821721076965,0.3731996417045593,-0.002166629768908024,0.5677229762077332,0.4035482406616211,-0.009335105307400227,0.5672270059585571,0.3981713652610779,-0.008111489936709404,0.5904535055160522,0.38925623893737793,0.02039913833141327,0.560532808303833,0.3910629153251648,-0.028989849612116814,0.5851894617080688,0.3173098564147949,-0.0043865074403584,0.5916875004768372,0.31850457191467285,0.004134598653763533,0.5952296853065491,0.28907060623168945,0.027725210413336754,0.5605934262275696,0.32938525080680847,-0.01745317131280899,0.5644249320030212,0.3348761200904846,-0.0010196962393820286,0.5720498561859131,0.43463143706321716,0.023700902238488197,0.5828385949134827,0.4195205271244049,0.08683531731367111,0.563658595085144,0.40893110632896423,-0.007954411208629608,0.5598662495613098,0.41235342621803284,-0.00979088805615902,0.5653220415115356,0.43711593747138977,0.021351182833313942,0.5642610788345337,0.4376586079597473,0.018464308232069016,0.5936143398284912,0.3112466335296631,0.006695016752928495,0.5667263865470886,0.4060831665992737,-0.005465780384838581,0.5751325488090515,0.3202640414237976,-0.011930970475077629,0.5764111280441284,0.3120965361595154,-0.014443718828260899,0.5802389979362488,0.2720763385295868,-0.008379770442843437,0.5951356291770935,0.30053818225860596,0.014930405654013157,0.579261064529419,0.2918940782546997,-0.012806159444153309,0.5964236259460449,0.31747469305992126,0.01862226240336895,0.5972279906272888,0.31174880266189575,0.030018938705325127,0.5563386678695679,0.4382856488227844,-0.004884044174104929,0.5599405765533447,0.43753814697265625,0.0010662553831934929,0.5622036457061768,0.43718868494033813,0.007120001129806042,0.5623254776000977,0.4103180766105652,-0.007158228196203709,0.5647844076156616,0.43739596009254456,0.019690457731485367,0.5633577108383179,0.44043999910354614,0.015604149550199509,0.5636518001556396,0.4379728436470032,0.018066950142383575,0.5634809136390686,0.4084191620349884,-0.017103515565395355,0.5594474077224731,0.4404509961605072,0.009223254397511482,0.5569963455200195,0.4418480098247528,0.004960678983479738,0.5536072850227356,0.44328415393829346,0.001013255794532597,0.5530938506126404,0.46281132102012634,0.011495504528284073,0.5544452667236328,0.4547956585884094,0.0043280357494950294,0.5548951029777527,0.45051002502441406,0.0025967583060264587,0.5546003580093384,0.44649720191955566,0.0028653426561504602,0.5536738038063049,0.4432518184185028,0.0024099191650748253,0.5595267415046692,0.4405724108219147,0.010274331085383892,0.5606966018676758,0.44187361001968384,0.010221874341368675,0.5616750121116638,0.44369423389434814,0.01031089574098587,0.5622038841247559,0.44594424962997437,0.012344514019787312,0.5698275566101074,0.42510735988616943,0.00882910005748272,0.58892422914505,0.37620875239372253,0.08925648033618927,0.5613557696342468,0.4393850266933441,0.014855099841952324,0.5624761581420898,0.43982747197151184,0.014932353049516678,0.557994544506073,0.4158133864402771,-0.008916833437979221,0.564508318901062,0.4105212390422821,-0.0011961536947637796,0.5588927268981934,0.4142097532749176,-0.009689485654234886,0.5689592361450195,0.377045214176178,0.003223103005439043,0.5783748626708984,0.38164788484573364,0.009139830246567726,0.5671301484107971,0.4009537994861603,-0.0038610282354056835,0.590530514717102,0.27840933203697205,0.009366949088871479,0.5897320508956909,0.293390691280365,0.0008643249748274684,0.586773157119751,0.30887898802757263,-0.004381558857858181,0.5639005303382874,0.45014771819114685,0.01888093538582325,0.5629909038543701,0.31711989641189575,-0.021596165373921394,0.566338837146759,0.2929300367832184,-0.02266404964029789,0.566624104976654,0.2692626118659973,-0.021528730168938637,0.5835619568824768,0.3498609662055969,0.014693419449031353,0.5945923924446106,0.3562643229961395,0.029504381120204926,0.559483528137207,0.3493707478046417,0.002087031491100788,0.5908539891242981,0.33430492877960205,0.017914220690727234,0.560967206954956,0.3685934245586395,-0.006479751318693161,0.5667502284049988,0.40237802267074585,-0.016889672726392746,0.5982053279876709,0.36251580715179443,0.040202755481004715,0.5936377048492432,0.3643413484096527,0.024074293673038483,0.5885976552963257,0.3698490262031555,0.016293635591864586,0.5781198143959045,0.37032824754714966,0.009819873608648777,0.5697540640830994,0.36750760674476624,0.004924936685711145,0.5640256404876709,0.3642634153366089,0.00017129820480477065,0.5561119318008423,0.359414666891098,-0.018359355628490448,0.5983766317367554,0.3813459873199463,0.04193522408604622,0.5940833687782288,0.3318163752555847,0.021841583773493767,0.5577176809310913,0.41464540362358093,-0.02495751902461052,0.5641440749168396,0.38300731778144836,-0.0032195081003010273,0.5932168960571289,0.3376838266849518,0.07707995176315308,0.5600268840789795,0.36044275760650635,-0.0032428852282464504,0.5663071870803833,0.4002698063850403,0.002165490295737982,0.5875052809715271,0.3410257399082184,0.019864477217197418,0.5657976865768433,0.3957749605178833,-0.015513128601014614,0.5866800546646118,0.3971749544143677,0.08984904736280441,0.5591137409210205,0.3461970090866089,0.003018347080796957,0.5636507868766785,0.3926251232624054,-0.02334636077284813,0.5793096423149109,0.4460349977016449,0.052592091262340546,0.5749448537826538,0.4529891312122345,0.06568503379821777,0.5966002345085144,0.3793826699256897,0.06603328138589859,0.5852172374725342,0.4334771931171417,0.060718271881341934,0.597411036491394,0.3258097171783447,0.0442056767642498,0.5615067481994629,0.4774308204650879,0.03134686127305031,0.555776059627533,0.4157794415950775,-0.016853703185915947,0.568117082118988,0.3880452811717987,0.0016796956770122051,0.5950677394866943,0.34311795234680176,0.03827158734202385,0.5788382887840271,0.3462575674057007,0.010006296448409557,0.5734198093414307,0.347199946641922,0.006976953241974115,0.5640109777450562,0.44133618474006653,0.01741911470890045,0.5961431264877319,0.3984020948410034,0.04664935544133186,0.5520851612091064,0.4897092878818512,0.031039999797940254,0.5635576248168945,0.4743860960006714,0.047050148248672485,0.568494975566864,0.4653346836566925,0.055360108613967896,0.5679587125778198,0.3471485376358032,0.0047653308138251305,0.5630754232406616,0.34635379910469055,0.0038472595624625683,0.5603014230728149,0.34622639417648315,0.0037576300092041492,0.5956097841262817,0.32832852005958557,0.02900075726211071,0.5642015933990479,0.3433203101158142,0.0017947505693882704,0.5696616768836975,0.342865914106369,0.0022343837190419436,0.5753454566001892,0.34271761775016785,0.004312982317060232,0.5804144740104675,0.3426477015018463,0.007837874814867973,0.583278238773346,0.34266701340675354,0.011147896759212017,0.5961604714393616,0.3185470402240753,0.062346771359443665,0.5821414589881897,0.3449576795101166,0.013022697530686855,0.5659069418907166,0.4223864674568176,0.0027203429490327835,0.5643349289894104,0.40820372104644775,-0.01092093251645565,0.5581446290016174,0.4227403402328491,-0.0067036752589046955,0.5723433494567871,0.45767056941986084,0.04613982141017914,0.5667799711227417,0.4672650694847107,0.039193812757730484,0.5543828010559082,0.4855513870716095,0.023206129670143127,0.5790649056434631,0.438517689704895,0.07751429080963135,0.5608007311820984,0.3447886109352112,0.0024581500329077244,0.5601553320884705,0.3739721477031708,-0.016032245010137558,0.5586438179016113,0.48297229409217834,0.03843589872121811,0.5938730835914612,0.39836010336875916,0.06796691566705704,0.5570673942565918,0.4419296979904175,0.006252553779631853,0.5582510232925415,0.4442445635795593,0.006462481804192066,0.5589536428451538,0.4472939372062683,0.006514859851449728,0.559079647064209,0.4511226415634155,0.008366256952285767,0.5592895746231079,0.45719075202941895,0.015031007118523121,0.5626252293586731,0.43817612528800964,0.013604288920760155,0.563753068447113,0.43714481592178345,0.014245621860027313,0.5647162199020386,0.4361063539981842,0.014577215537428856,0.5721822381019592,0.42915892601013184,0.016316961497068405,0.5922367572784424,0.40596669912338257,0.03181355819106102,0.5584415793418884,0.36350399255752563,-0.012120665051043034,0.5569141507148743,0.34135642647743225,-0.004993309732526541,0.5590600371360779,0.34131962060928345,-0.0004719991993624717,0.5613083243370056,0.43926411867141724,0.014234957285225391,0.5880286693572998,0.4241670072078705,0.0453963465988636,0.5548830628395081,0.3435720205307007,-0.014391031116247177,0.5607447624206543,0.4634113013744354,0.020363619551062584,0.5576298832893372,0.3707159161567688,-0.022844690829515457,0.5633165240287781,0.38728734850883484,-0.012317108921706676,0.5539349913597107,0.47021347284317017,0.015040201134979725,0.5713034272193909,0.44538071751594543,0.02791726216673851,0.5704576373100281,0.40598320960998535,0.0065564559772610664,0.5660125017166138,0.45501509308815,0.024736253544688225,0.583739161491394,0.40264633297920227,0.013716744258999825,0.5754810571670532,0.41351523995399475,0.011528738774359226,0.5860301852226257,0.41435447335243225,0.022975314408540726,0.5550224184989929,0.47885268926620483,0.018186984583735466,0.5645551681518555,0.39065927267074585,-0.005893821362406015,0.5737226605415344,0.45017167925834656,0.03662082925438881,0.5674468874931335,0.46045851707458496,0.031925249844789505,0.5768195390701294,0.43511414527893066,0.02836173214018345,0.5926560163497925,0.41252997517585754,0.050863172858953476,0.5819092392921448,0.4348113536834717,0.036447763442993164,0.5901228785514832,0.41620638966560364,0.06808623671531677,0.5781745314598083,0.4223521947860718,0.018369600176811218,0.5619552731513977,0.37834805250167847,-0.009162352420389652,0.5653508901596069,0.406793475151062,-0.018229324370622635,0.5664217472076416,0.4069669246673584,-0.01047961413860321,0.5647987127304077,0.40231868624687195,-0.023937266319990158,0.5621605515480042,0.3332146108150482,-0.006299298722296953,0.5724244117736816,0.3269917964935303,-0.004664188716560602,0.5811376571655273,0.32504770159721375,-0.0007611684850417078,0.5874136686325073,0.325747013092041,0.004954980686306953,0.5906468033790588,0.32871654629707336,0.010933124460279942,0.5900657176971436,0.34205421805381775,0.02376013994216919,0.5976788997650146,0.3607609272003174,0.061682332307100296,0.5880590081214905,0.3561224937438965,0.01958087831735611,0.5832681655883789,0.3598833680152893,0.014201213605701923,0.5756551623344421,0.36081501841545105,0.009267481975257397,0.568087637424469,0.3594914674758911,0.005105312913656235,0.5625727772712708,0.35723060369491577,0.002006813418120146,0.559107780456543,0.35514384508132935,-0.00031691862386651337,0.590375542640686,0.3566226661205292,0.08528830856084824,0.5653762817382812,0.4082827866077423,-0.007285406347364187,0.5615772008895874,0.38320350646972656,-0.018871566280722618,0.5633425116539001,0.408718466758728,-0.02416183426976204,0.5596575736999512,0.4124830961227417,-0.022175712510943413,0.5623307228088379,0.4095476269721985,-0.02106986753642559,0.5637229681015015,0.41042840480804443,-0.005484892055392265,0.559125542640686,0.41373416781425476,-0.02387896552681923,0.5572823882102966,0.4149129092693329,-0.016665421426296234,0.5576279163360596,0.34701600670814514,0.001033521955832839,0.5563387274742126,0.35082438588142395,-0.0035659975837916136,0.5567304491996765,0.3540087640285492,-0.007829644717276096,0.5848734378814697,0.3425205945968628,0.01417818758636713,0.5882531404495239,0.3358665406703949,0.015138146467506886,0.5077157616615295,0.34981316328048706,-0.01662597805261612,0.5156917572021484,0.3498344123363495,-0.01662597805261612,0.5074899792671204,0.3415350317955017,-0.01662597805261612,0.4996618628501892,0.34971854090690613,-0.01662597805261612,0.5079132318496704,0.35790303349494934,-0.01662597805261612,0.5736047625541687,0.34422653913497925,0.0076462095603346825,0.5793074369430542,0.3435492515563965,0.0076462095603346825,0.5731464624404907,0.3366054594516754,0.0076462095603346825,0.5678504705429077,0.34488239884376526,0.0076462095603346825,0.5740440487861633,0.3517371714115143,0.0076462095603346825
1933.3333333333317,0.5478113889694214,0.43563389778137207,-0.008823894895613194,0.5522670745849609,0.4095410108566284,-0.030173340812325478,0.5480507016181946,0.414865106344223,-0.012770389206707478,0.5445446968078613,0.3789764642715454,-0.029685044661164284,0.5527128577232361,0.40110743045806885,-0.033619530498981476,0.5515127182006836,0.38859134912490845,-0.03328369930386543,0.546598494052887,0.35571858286857605,-0.023911109194159508,0.4921228885650635,0.3500518798828125,-0.01535836886614561,0.5450202226638794,0.3309274911880493,-0.024357059970498085,0.5451738834381104,0.31867092847824097,-0.028258904814720154,0.5421032905578613,0.26881590485572815,-0.03124242089688778,0.5474634766578674,0.4385421574115753,-0.007441865745931864,0.5466710925102234,0.44140124320983887,-0.00510026142001152,0.5457263588905334,0.44329389929771423,-0.0014012210303917527,0.5457419753074646,0.44322118163108826,-0.00013521788059733808,0.5460771322250366,0.4470916986465454,0.00031179594225250185,0.5459834933280945,0.45147866010665894,6.21345461695455e-05,0.5453059673309326,0.4558835029602051,0.002179248258471489,0.5433579683303833,0.46245819330215454,0.009656324051320553,0.5510313510894775,0.4130415618419647,-0.026450401172041893,0.5432507395744324,0.4122615456581116,-0.019643940031528473,0.4557814598083496,0.306917279958725,-0.0033379646483808756,0.5129525065422058,0.35620781779289246,-0.015218697488307953,0.5064499378204346,0.35748550295829773,-0.016556035727262497,0.49946877360343933,0.35754263401031494,-0.016718348488211632,0.48851996660232544,0.35229700803756714,-0.014580745249986649,0.5181956887245178,0.35385963320732117,-0.013009736314415932,0.5031706690788269,0.3340466320514679,-0.023193396627902985,0.5106459856033325,0.3349999189376831,-0.02103075012564659,0.4957978427410126,0.3351057767868042,-0.02258380688726902,0.4905470013618469,0.33787643909454346,-0.020814448595046997,0.4829334020614624,0.3570111393928528,-0.011690041981637478,0.5195069313049316,0.47509297728538513,0.012572902254760265,0.4888191223144531,0.3480300307273865,-0.014394289813935757,0.45503851771354675,0.34874069690704346,0.00785106886178255,0.47365671396255493,0.34943264722824097,-0.009049961343407631,0.5114765763282776,0.3959551155567169,-0.012960337102413177,0.5398473739624023,0.4345315098762512,-0.010616818442940712,0.5389449000358582,0.44142356514930725,-0.006376747973263264,0.5303645730018616,0.4367051422595978,-0.009202621877193451,0.5230347514152527,0.4381505250930786,-0.005885893013328314,0.5311780571937561,0.44131961464881897,-0.005954105406999588,0.5244746208190918,0.4410117566585541,-0.002821655012667179,0.5127468705177307,0.4454619586467743,0.005348957609385252,0.5471802949905396,0.40962839126586914,-0.0309906043112278,0.5468789935112,0.401358425617218,-0.03444488346576691,0.48063188791275024,0.3288060128688812,-0.024285882711410522,0.5244783759117126,0.37295812368392944,-0.01514403149485588,0.5285606384277344,0.4038514494895935,-0.021157698705792427,0.5273733139038086,0.3982502222061157,-0.02030792087316513,0.4884653091430664,0.3942345976829529,-0.012036697939038277,0.5458569526672363,0.3895711600780487,-0.03333885222673416,0.5006080865859985,0.321938693523407,-0.031082406640052795,0.4894193708896637,0.3238607347011566,-0.02892451360821724,0.4666084945201874,0.2919277250766754,-0.01599443517625332,0.5308110117912292,0.33130431175231934,-0.026988467201590538,0.5166515707969666,0.33795467019081116,-0.01708809658885002,0.5078380107879639,0.4375531077384949,0.002800391288474202,0.458074688911438,0.4300852417945862,0.04369771108031273,0.5327327847480774,0.4087572991847992,-0.016552206128835678,0.5378552675247192,0.4111967980861664,-0.014154104515910149,0.5123764872550964,0.4396412968635559,0.00363500090315938,0.5139896273612976,0.44008833169937134,0.0031063451897352934,0.48486965894699097,0.316750168800354,-0.028349287807941437,0.5271408557891846,0.4062349200248718,-0.016944600269198418,0.5143665075302124,0.32396793365478516,-0.03052935004234314,0.5136192440986633,0.31628602743148804,-0.03357987478375435,0.5016807913780212,0.27314063906669617,-0.034192610532045364,0.47675958275794983,0.3049231767654419,-0.023497983813285828,0.5089761018753052,0.29385554790496826,-0.034656599164009094,0.47498002648353577,0.32317399978637695,-0.021366311237215996,0.4661668539047241,0.31677061319351196,-0.013109110295772552,0.5393855571746826,0.43826889991760254,-0.009217779152095318,0.5308002233505249,0.4390774965286255,-0.007742132991552353,0.5237886309623718,0.4395756125450134,-0.004724117461591959,0.5338256359100342,0.409882515668869,-0.01426128763705492,0.5132101774215698,0.4398689866065979,0.003425339702516794,0.5174944400787354,0.4427820146083832,0.0021512634120881557,0.5148160457611084,0.44032061100006104,0.0031458211597055197,0.5377272367477417,0.40811651945114136,-0.025249963626265526,0.5248916745185852,0.4421103894710541,-0.0009720762609504163,0.5314176082611084,0.4428575038909912,-0.0024817304220050573,0.5385241508483887,0.44332602620124817,-0.00293018133379519,0.5348674654960632,0.46263524889945984,0.007792601361870766,0.5369669198989868,0.4557706117630005,0.00022921916388440877,0.5377744436264038,0.45130959153175354,-0.001743957051075995,0.5383121371269226,0.44693922996520996,-0.0014154958771541715,0.538597583770752,0.4433324933052063,-0.0016514010494574904,0.5249062776565552,0.44221067428588867,2.6248226276948117e-05,0.5239703059196472,0.44370460510253906,4.796287612407468e-05,0.5227480530738831,0.44582468271255493,-0.00018441442807670683,0.5216235518455505,0.44817686080932617,0.0010049311676993966,0.5180560946464539,0.4264446794986725,-0.0066293226554989815,0.4481355547904968,0.384488046169281,0.04033143073320389,0.5496999621391296,0.414161741733551,-0.01789986528456211,0.5197863578796387,0.4413658082485199,0.0018849563784897327,0.5187445282936096,0.4419957399368286,0.001991796074435115,0.5400145053863525,0.4143088161945343,-0.01314471010118723,0.5281875133514404,0.41029873490333557,-0.01017041690647602,0.5390052795410156,0.41281557083129883,-0.013893762603402138,0.51726895570755,0.3776323199272156,-0.014034061692655087,0.5060878992080688,0.3839224576950073,-0.014225306920707226,0.5253617763519287,0.40109574794769287,-0.01635456457734108,0.48147374391555786,0.28039610385894775,-0.026708923280239105,0.49051767587661743,0.2968325614929199,-0.030359836295247078,0.4980933964252472,0.3140385150909424,-0.03242876008152962,0.5187593698501587,0.4526623785495758,0.005345182027667761,0.5296899080276489,0.31946706771850586,-0.03193026781082153,0.5260723829269409,0.2936139702796936,-0.03463268652558327,0.5211260318756104,0.2696813642978668,-0.03533231094479561,0.49271857738494873,0.35578009486198425,-0.01578349433839321,0.4751865267753601,0.36237838864326477,-0.009006521664559841,0.5214982032775879,0.3517734110355377,-0.011926628649234772,0.4825003743171692,0.34035348892211914,-0.017822761088609695,0.5297114253044128,0.36792805790901184,-0.01706911064684391,0.5339062213897705,0.4023476839065552,-0.0266041848808527,0.4662562906742096,0.3692916929721832,-0.0032675175461918116,0.48140648007392883,0.36986497044563293,-0.011981344781816006,0.49161824584007263,0.374242901802063,-0.014306106604635715,0.5051984786987305,0.3731841444969177,-0.013714338652789593,0.5146100521087646,0.3694685995578766,-0.012990309856832027,0.5214739441871643,0.3656252324581146,-0.013407750986516476,0.5404285192489624,0.357822448015213,-0.02336929552257061,0.46770650148391724,0.3887213170528412,-0.0010446280939504504,0.4763253331184387,0.3380632698535919,-0.017243757843971252,0.5478701591491699,0.41306838393211365,-0.02713976614177227,0.5262480974197388,0.38263922929763794,-0.015536550432443619,0.4465012550354004,0.343540757894516,0.026035716757178307,0.5269876718521118,0.36151692271232605,-0.014014252461493015,0.5232604742050171,0.40034642815589905,-0.010171175003051758,0.485512912273407,0.3468639850616455,-0.013899341225624084,0.5325962901115417,0.3954702317714691,-0.025432290509343147,0.45120275020599365,0.4069083631038666,0.04330507293343544,0.520460844039917,0.34896209836006165,-0.011628118343651295,0.539374589920044,0.39184191823005676,-0.030718790367245674,0.4841700792312622,0.45579275488853455,0.021795453503727913,0.4808334410190582,0.4635585844516754,0.033657610416412354,0.4551839828491211,0.3880799412727356,0.019228920340538025,0.4724653363227844,0.44357627630233765,0.024054313078522682,0.45975494384765625,0.3311261832714081,-0.0014886537101119757,0.5175491571426392,0.483055055141449,0.01739884540438652,0.5471896529197693,0.4139588177204132,-0.018136104568839073,0.5197553634643555,0.3884762227535248,-0.013375846669077873,0.46615561842918396,0.34951460361480713,-0.004726746119558811,0.5005094408988953,0.35243237018585205,-0.016836537048220634,0.5066767334938049,0.352390855550766,-0.016777077689766884,0.5162619948387146,0.44373613595962524,0.0028689412865787745,0.46830394864082336,0.40655264258384705,0.005581558216363192,0.5279675722122192,0.49206262826919556,0.02374749630689621,0.5059776902198792,0.4825059473514557,0.026934146881103516,0.49484169483184814,0.47509273886680603,0.029644863680005074,0.5439502596855164,0.2934377193450928,-0.030875368043780327,0.5402114987373352,0.49165651202201843,0.02638990804553032,0.5118420124053955,0.35123735666275024,-0.015555513091385365,0.5164762139320374,0.34959882497787476,-0.013675958849489689,0.5193047523498535,0.34906119108200073,-0.012041164562106133,0.46963217854499817,0.33439508080482483,-0.013014762662351131,0.5149938464164734,0.3468228578567505,-0.016186269000172615,0.5094225406646729,0.3469094932079315,-0.018731415271759033,0.5038946270942688,0.3473259508609772,-0.02003823220729828,0.49793949723243713,0.347589373588562,-0.01980569399893284,0.49380186200141907,0.34784406423568726,-0.018414955586194992,0.4494302272796631,0.3230985105037689,0.011940516531467438,0.4957697093486786,0.3514329195022583,-0.01616741344332695,0.5472915768623352,0.42087480425834656,-0.009885008446872234,0.5256856083869934,0.4225935637950897,-0.00912634376436472,0.5333982706069946,0.40812909603118896,-0.019242415204644203,0.5389467477798462,0.42145684361457825,-0.011582041159272194,0.5449228882789612,0.34239864349365234,-0.0220229122787714,0.4959121346473694,0.46679845452308655,0.021530762314796448,0.5064744353294373,0.4751710295677185,0.020087681710720062,0.5296497941017151,0.48775750398635864,0.01608487218618393,0.4686540961265564,0.4492604434490204,0.03930731490254402,0.5187289714813232,0.34794843196868896,-0.013666083104908466,0.5369952321052551,0.37287163734436035,-0.023328717797994614,0.5420156121253967,0.48721516132354736,0.018865182995796204,0.5170300006866455,0.48863810300827026,0.023889951407909393,0.4574005603790283,0.40799951553344727,0.023476483300328255,0.5314700603485107,0.4429231584072113,-0.0013097674818709493,0.5306423902511597,0.4456213712692261,-0.0013156578643247485,0.5297659039497375,0.4490087032318115,-0.0016051176935434341,0.5289227366447449,0.452942430973053,-7.907456165412441e-05,0.5260641574859619,0.4587753117084503,0.005449613090604544,0.5187158584594727,0.4404667019844055,1.4217162060958799e-05,0.5177450180053711,0.4396880567073822,-0.0007626368897035718,0.516901969909668,0.43888014554977417,-0.0015674108872190118,0.5116474628448486,0.4313491880893707,-0.0030166401993483305,0.480884313583374,0.4127272367477417,-0.0028082081116735935,0.5351731181144714,0.3623310625553131,-0.019857322797179222,0.5271623730659485,0.34350553154945374,-0.014617419801652431,0.5220311880111694,0.3439321219921112,-0.014131096191704273,0.519673764705658,0.44124653935432434,0.0012459165882319212,0.47836539149284363,0.43246397376060486,0.01079725380986929,0.5350841879844666,0.3446778953075409,-0.020483700558543205,0.5223874449729919,0.4665387272834778,0.009528668597340584,0.5498587489128113,0.37763163447380066,-0.0299063790589571,0.5425254702568054,0.36911118030548096,-0.027076004073023796,0.5482974052429199,0.3672539293766022,-0.026883123442530632,0.5325508117675781,0.386625200510025,-0.021499566733837128,0.5429491996765137,0.47986477613449097,0.013816317543387413,0.5431240200996399,0.4704503118991852,0.011832370422780514,0.5330712199211121,0.47086164355278015,0.01018749549984932,0.5063353776931763,0.4502783715724945,0.008073117583990097,0.5170958042144775,0.4071035385131836,-0.008883604779839516,0.513610303401947,0.45944201946258545,0.009380863979458809,0.49986186623573303,0.4066505432128906,-0.011147633194923401,0.5103195905685425,0.4159841239452362,-0.007728240918368101,0.49267035722732544,0.41993510723114014,-0.005096017848700285,0.5312960743904114,0.4803408086299896,0.011498820967972279,0.5275226831436157,0.3902605473995209,-0.017179807648062706,0.49973395466804504,0.45758888125419617,0.013455395586788654,0.5095311403274536,0.4668563902378082,0.014443502761423588,0.5007801055908203,0.44002240896224976,0.0038765270728617907,0.4697844982147217,0.42125633358955383,0.011913847178220749,0.49007368087768555,0.44224900007247925,0.007759125903248787,0.4623347222805023,0.426357239484787,0.026181945577263832,0.5039458870887756,0.425913542509079,-0.004359525628387928,0.5315897464752197,0.3776095509529114,-0.019141769036650658,0.536081075668335,0.4067841172218323,-0.02707773447036743,0.5306907892227173,0.4071703553199768,-0.02044977806508541,0.540307343006134,0.40184637904167175,-0.03115265443921089,0.5226055383682251,0.3363587260246277,-0.01948503404855728,0.5122647881507874,0.3311426639556885,-0.02405119314789772,0.5025717616081238,0.3295663595199585,-0.026082130149006844,0.4937373995780945,0.3306647539138794,-0.025468308478593826,0.48672693967819214,0.3341047465801239,-0.02293759025633335,0.4806020259857178,0.3480336368083954,-0.012234099209308624,0.4542335867881775,0.36839038133621216,0.013473641127347946,0.4876213073730469,0.3615177273750305,-0.013079298660159111,0.49582380056381226,0.36466673016548157,-0.014297394081950188,0.505396842956543,0.3645718991756439,-0.014203835278749466,0.5137305855751038,0.3622576892375946,-0.013330116868019104,0.5199300050735474,0.3592677116394043,-0.012134340591728687,0.5243238806724548,0.3567540645599365,-0.011901079677045345,0.4468781650066376,0.3635796308517456,0.03483195602893829,0.5299254655838013,0.4083499312400818,-0.01700148917734623,0.5385899543762207,0.38219746947288513,-0.02623254805803299,0.5419163703918457,0.4083543121814728,-0.029881702736020088,0.5437363386154175,0.41170331835746765,-0.025490036234259605,0.5407333374023438,0.40917888283729553,-0.026874728500843048,0.5308920741081238,0.4101467430591583,-0.013584403321146965,0.5456030964851379,0.41261348128318787,-0.026593821123242378,0.5449398756027222,0.41351133584976196,-0.018869753926992416,0.523485004901886,0.34929826855659485,-0.011200879700481892,0.5278381109237671,0.35228314995765686,-0.012853693217039108,0.5312554836273193,0.35508430004119873,-0.015734553337097168,0.4911104440689087,0.3480120599269867,-0.016717111691832542,0.4865456223487854,0.34156307578086853,-0.017709430307149887,0.554168701171875,0.3781605660915375,-0.02573404647409916,0.5797529220581055,0.3421369791030884,0.013498814776539803,0.554818868637085,0.41103118658065796,-0.01659955084323883,0.5921451449394226,0.300676554441452,0.041778117418289185,0.5632687211036682,0.3507685959339142,0.0033640791662037373,0.5693867802619934,0.3507840633392334,0.005796808283776045,0.5750606656074524,0.3499629497528076,0.009082459844648838,0.5815202593803406,0.34447920322418213,0.01596924290060997,0.558364748954773,0.3493526577949524,0.0016872136620804667,0.5724917650222778,0.3289265036582947,0.00029153565992601216,0.5656569600105286,0.3304799199104309,-0.0024940911680459976,0.5782856941223145,0.329235315322876,0.004487494472414255,0.5816048979759216,0.3314571976661682,0.008389510214328766,0.5858235955238342,0.3486764430999756,0.021223755553364754,0.5602619647979736,0.4681657552719116,0.025709468871355057,0.5814685821533203,0.3405338227748871,0.015831297263503075,0.5938012003898621,0.33946940302848816,0.05265859141945839,0.589362382888794,0.3407261371612549,0.027894429862499237,0.5713126063346863,0.3909662067890167,0.005646069534122944,0.5539665818214417,0.4331330955028534,-0.006010889075696468,0.5518339276313782,0.4400888979434967,-0.0021319289226084948,0.5580552816390991,0.43336769938468933,0.0003982975904364139,0.5602724552154541,0.43408000469207764,0.007314041722565889,0.5553478002548218,0.4387838840484619,0.0023500011302530766,0.5576954483985901,0.43781158328056335,0.008284750394523144,0.5654216408729553,0.4397231638431549,0.02236289344727993,0.5564767718315125,0.40856900811195374,-0.028465772047638893,0.5576357245445251,0.4003835618495941,-0.031434815376996994,0.5891485810279846,0.32159745693206787,0.010563939809799194,0.5594459772109985,0.3702443242073059,-0.0029226571787148714,0.5641289949417114,0.4006004333496094,-0.009828297421336174,0.563469648361206,0.3951738476753235,-0.008622423745691776,0.5864794850349426,0.3858737349510193,0.01891438663005829,0.5561155080795288,0.3886822760105133,-0.029501551762223244,0.578707754611969,0.31709152460098267,-0.006736666429787874,0.5854347348213196,0.317649781703949,0.0014485666761174798,0.590017557144165,0.28701549768447876,0.024563627317547798,0.5548462867736816,0.32944735884666443,-0.018844319507479668,0.5596838593482971,0.33394837379455566,-0.002110719447955489,0.5699867010116577,0.43128687143325806,0.02356674149632454,0.5821155905723572,0.4165639281272888,0.08554456382989883,0.5601710081100464,0.40615731477737427,-0.00821954756975174,0.5563653111457825,0.4097614586353302,-0.009954200126230717,0.5622383952140808,0.4358561336994171,0.021456433460116386,0.5611264109611511,0.4364338219165802,0.018717434257268906,0.5871996283531189,0.31056565046310425,0.003916376270353794,0.5632588863372803,0.40304040908813477,-0.005889043211936951,0.5687843561172485,0.3204360604286194,-0.01381569541990757,0.5696784257888794,0.31265223026275635,-0.016428623348474503,0.574298083782196,0.2710220217704773,-0.010920495726168156,0.5897136926651001,0.2987889051437378,0.012061195448040962,0.5732372999191284,0.29092004895210266,-0.014975389465689659,0.590782642364502,0.3161253333091736,0.015851277858018875,0.5923954844474792,0.3095259666442871,0.027163276448845863,0.5531390905380249,0.43695923686027527,-0.004632870201021433,0.5568002462387085,0.43625974655151367,0.0012311338214203715,0.5590903162956238,0.435965895652771,0.007302514277398586,0.5588805079460144,0.4075636565685272,-0.00743963522836566,0.5616757869720459,0.4361571967601776,0.019872209057211876,0.5603028535842896,0.43918997049331665,0.015932323411107063,0.5604950189590454,0.4367663264274597,0.018317364156246185,0.5597336888313293,0.40583479404449463,-0.017504926770925522,0.5563764572143555,0.4393216371536255,0.009549294598400593,0.553922176361084,0.4407028555870056,0.005290468223392963,0.5504820346832275,0.4421349763870239,0.0013978773495182395,0.5503939390182495,0.460676372051239,0.011977178044617176,0.5515762567520142,0.45403164625167847,0.004681408870965242,0.5519222021102905,0.44964033365249634,0.002909146249294281,0.551508367061615,0.4454731345176697,0.003152145305648446,0.5504767298698425,0.4420919418334961,0.0026926842983812094,0.5563819408416748,0.4393908977508545,0.01054359134286642,0.5576727390289307,0.44067177176475525,0.010528644546866417,0.5587422847747803,0.4424501061439514,0.010688850656151772,0.5593596696853638,0.44464951753616333,0.01272332202643156,0.5668928027153015,0.42198431491851807,0.00867257546633482,0.5871073603630066,0.3732161819934845,0.0870729386806488,0.5581842064857483,0.43820083141326904,0.015141562558710575,0.5593664646148682,0.4386189579963684,0.015255630016326904,0.5544683337211609,0.4133017957210541,-0.009001107886433601,0.5611595511436462,0.40749311447143555,-0.0014381265500560403,0.5554011464118958,0.41165387630462646,-0.00983093399554491,0.5645478963851929,0.37395843863487244,0.0023422054946422577,0.5740136504173279,0.37845832109451294,0.007927901111543179,0.5634764432907104,0.39788761734962463,-0.0043223281390964985,0.5848608016967773,0.276863694190979,0.006425836589187384,0.5838775634765625,0.2921035885810852,-0.0017223545582965016,0.579980194568634,0.3089665174484253,-0.006787071004509926,0.5617157220840454,0.44743281602859497,0.01919291727244854,0.556647777557373,0.31787243485450745,-0.02316531352698803,0.5603089928627014,0.29210609197616577,-0.024376362562179565,0.560579776763916,0.2686273455619812,-0.023572534322738647,0.5793617963790894,0.34775131940841675,0.012991374358534813,0.5909947156906128,0.35311657190322876,0.027467593550682068,0.5553760528564453,0.3477979600429535,0.0011540284613147378,0.5860656499862671,0.3325958549976349,0.01568949781358242,0.5563936829566956,0.36581331491470337,-0.0072462172247469425,0.5628957748413086,0.399662584066391,-0.017387457191944122,0.5944356322288513,0.3593181073665619,0.0379745289683342,0.589898943901062,0.36073288321495056,0.022267529740929604,0.5847095847129822,0.366036593914032,0.01482315082103014,0.5742104649543762,0.3668088912963867,0.00858265720307827,0.5658050775527954,0.36441078782081604,0.0039695389568805695,0.5599306225776672,0.3615206480026245,-0.0006732604233548045,0.5512677431106567,0.35699644684791565,-0.01918073184788227,0.5949795246124268,0.3779514729976654,0.03994019329547882,0.5893095135688782,0.3300790786743164,0.01941634528338909,0.5537294745445251,0.4123573899269104,-0.025121821090579033,0.5599457621574402,0.38007065653800964,-0.0037940016482025385,0.5901995897293091,0.3348602056503296,0.07425490766763687,0.5557519793510437,0.3580395579338074,-0.0040624262765049934,0.5627089738845825,0.3971288502216339,0.001813264680095017,0.5832184553146362,0.3393480181694031,0.01785600185394287,0.5618318319320679,0.3929861783981323,-0.01604287698864937,0.5854891538619995,0.39416640996932983,0.08807400614023209,0.5549845099449158,0.34485650062561035,0.0020371682476252317,0.5594083070755005,0.3900843560695648,-0.023904763162136078,0.5782479643821716,0.4431978464126587,0.05207330733537674,0.5743324756622314,0.45033887028694153,0.06522418558597565,0.5941634774208069,0.3762246072292328,0.06390542536973953,0.5840962529182434,0.4304836094379425,0.0597679540514946,0.5932169556617737,0.3231526017189026,0.04143358767032623,0.5599672794342041,0.47515320777893066,0.031712356954813004,0.5519809126853943,0.41352373361587524,-0.01688569411635399,0.5640424489974976,0.38500094413757324,0.0010695053497329354,0.5915615558624268,0.3407035171985626,0.035846561193466187,0.57432621717453,0.3445092439651489,0.008526179008185863,0.5690692067146301,0.34545275568962097,0.005656076595187187,0.561020016670227,0.44002482295036316,0.017709560692310333,0.593377947807312,0.3950202763080597,0.045026954263448715,0.5503033399581909,0.487762987613678,0.03185121715068817,0.5625102519989014,0.4721605181694031,0.04725611209869385,0.5677153468132019,0.46292397379875183,0.05528118833899498,0.5638116002082825,0.3455125391483307,0.0035803993232548237,0.5589845776557922,0.3448771834373474,0.0027516575064510107,0.556198000907898,0.344840943813324,0.002703641075640917,0.5909689664840698,0.32654571533203125,0.026419971138238907,0.5598073601722717,0.3421097695827484,0.0006687885033898056,0.565045952796936,0.3417077660560608,0.000884625653270632,0.570513904094696,0.34159359335899353,0.002794414758682251,0.5755584239959717,0.34144848585128784,0.0061571975238621235,0.5785666704177856,0.34133148193359375,0.009406895376741886,0.5923768281936646,0.3157450258731842,0.059283025562763214,0.5776354074478149,0.34326159954071045,0.011365724727511406,0.562710702419281,0.41943156719207764,0.0025420004967600107,0.5607845783233643,0.4054594933986664,-0.011258778162300587,0.5546572208404541,0.42015156149864197,-0.00672110915184021,0.5712615251541138,0.45504891872406006,0.04601380601525307,0.5655532479286194,0.4648545980453491,0.039349138736724854,0.5524042248725891,0.48344701528549194,0.023859405890107155,0.578527569770813,0.4356742799282074,0.07662159204483032,0.5565561056137085,0.34352564811706543,0.0013951655710116029,0.5555635690689087,0.3713790476322174,-0.01668931543827057,0.5572376251220703,0.4808833599090576,0.03889959678053856,0.5920560359954834,0.3952215015888214,0.06622067093849182,0.5539364218711853,0.4407399296760559,0.00649660499766469,0.5552676320075989,0.4431171715259552,0.006731137167662382,0.5560822486877441,0.4462011754512787,0.006866984069347382,0.5563181638717651,0.45003944635391235,0.00876372866332531,0.5569078326225281,0.45480698347091675,0.015421472489833832,0.5594567060470581,0.43700799345970154,0.013830012641847134,0.5606070160865784,0.4359356164932251,0.01439462136477232,0.5615938305854797,0.4348577558994293,0.014647203497588634,0.5696427822113037,0.42587846517562866,0.01613200455904007,0.5891133546829224,0.40259405970573425,0.030497193336486816,0.5537319183349609,0.3609274625778198,-0.012910157442092896,0.5523502230644226,0.3403739631175995,-0.005835841875523329,0.5546603202819824,0.34023821353912354,-0.0014946830924600363,0.5581665635108948,0.4381285309791565,0.014541695825755596,0.5860617160797119,0.4209290146827698,0.04438767954707146,0.5499358177185059,0.3425564467906952,-0.015239087864756584,0.5586305260658264,0.46098726987838745,0.020756909623742104,0.5529098510742188,0.36823800206184387,-0.023532716557383537,0.5590974688529968,0.38451674580574036,-0.012851575389504433,0.5514526963233948,0.4679843485355377,0.015594993717968464,0.5694676637649536,0.44236093759536743,0.027913188561797142,0.5670038461685181,0.4028235971927643,0.0061147455126047134,0.5641288757324219,0.4522947072982788,0.024982096627354622,0.5800329446792603,0.39942723512649536,0.012790541164577007,0.5721802711486816,0.4103406071662903,0.011063063517212868,0.582995593547821,0.4110715687274933,0.022158000618219376,0.5527735352516174,0.47663480043411255,0.01873987913131714,0.5605733394622803,0.387704074382782,-0.00639134319499135,0.5722158551216125,0.4473274350166321,0.036478977650403976,0.5658791661262512,0.45785489678382874,0.0320967398583889,0.5747907757759094,0.43188148736953735,0.028001414611935616,0.5904983878135681,0.40922489762306213,0.049528129398822784,0.5800885558128357,0.4316726326942444,0.03588085249066353,0.5887974500656128,0.4131179451942444,0.06670230627059937,0.575401782989502,0.41907525062561035,0.017864584922790527,0.5575888752937317,0.3755791485309601,-0.00978189054876566,0.5616001486778259,0.40415045619010925,-0.018688751384615898,0.5628877282142639,0.40410518646240234,-0.010884804651141167,0.5607513189315796,0.3998125195503235,-0.024477416649460793,0.5570880174636841,0.33266741037368774,-0.007390240207314491,0.5668485760688782,0.3264617919921875,-0.0062424177303910255,0.5753304958343506,0.32428646087646484,-0.0027032385114580393,0.5816539525985718,0.32461872696876526,0.002755952998995781,0.5852421522140503,0.32726237177848816,0.008628692477941513,0.5859494805335999,0.3400614559650421,0.021612148731946945,0.5946212410926819,0.35770314931869507,0.05926782637834549,0.5840613842010498,0.3533484935760498,0.017857925966382027,0.579200029373169,0.3570050895214081,0.01266983151435852,0.5716714262962341,0.35809630155563354,0.007969973608851433,0.5641636848449707,0.3570425510406494,0.004159720614552498,0.5585620999336243,0.3550310432910919,0.0011003515683114529,0.554993748664856,0.3531354069709778,-0.0011046469444409013,0.5879367589950562,0.3537294566631317,0.08277422189712524,0.5619232058525085,0.4053621292114258,-0.00763681111857295,0.5571444630622864,0.3806290924549103,-0.01946278288960457,0.5593929290771484,0.4062678813934326,-0.02453281357884407,0.5558304190635681,0.4101342260837555,-0.0223732590675354,0.5584834814071655,0.40708819031715393,-0.021400628611445427,0.5603304505348206,0.40752893686294556,-0.005742495413869619,0.5552144646644592,0.4114231765270233,-0.02406279742717743,0.553570568561554,0.412584513425827,-0.016741381958127022,0.5534495115280151,0.3456180691719055,0.00014988635666668415,0.5520813465118408,0.34916919469833374,-0.004340348765254021,0.552247166633606,0.3521404564380646,-0.008656783029437065,0.5803200006484985,0.3410714864730835,0.01233581081032753,0.5835118889808655,0.33429527282714844,0.013165222480893135,0.5036606788635254,0.3486885130405426,-0.01599963754415512,0.5118258595466614,0.34850406646728516,-0.01599963754415512,0.5033693313598633,0.3403184413909912,-0.01599963754415512,0.4954026937484741,0.3488023281097412,-0.01599963754415512,0.5039101839065552,0.356882244348526,-0.01599963754415512,0.5695445537567139,0.3432186543941498,0.006224615965038538,0.5751616954803467,0.3426259756088257,0.006224615965038538,0.5689805746078491,0.33565834164619446,0.006224615965038538,0.5639001727104187,0.34376761317253113,0.006224615965038538,0.5700980424880981,0.35066691040992737,0.006224615965038538
1966.666666666665,0.541515588760376,0.4352432191371918,-0.009648008272051811,0.5464784502983093,0.40930524468421936,-0.03110611066222191,0.542701780796051,0.4145469069480896,-0.01335996389389038,0.5387137532234192,0.3787078261375427,-0.029936978593468666,0.5468287467956543,0.4008192718029022,-0.034551072865724564,0.5456703305244446,0.38827261328697205,-0.03406095132231712,0.5410606861114502,0.3555375337600708,-0.023979077115654945,0.48646894097328186,0.34846529364585876,-0.013014755211770535,0.5394245386123657,0.33056640625,-0.024136032909154892,0.5394467711448669,0.31819653511047363,-0.027995223179459572,0.5364471673965454,0.26742735505104065,-0.030419036746025085,0.5412134528160095,0.43809524178504944,-0.008279705420136452,0.540539562702179,0.44082018733024597,-0.005898854695260525,0.5397511720657349,0.44258934259414673,-0.00216124695725739,0.5397740006446838,0.44254598021507263,-0.0009905224433168769,0.5400381088256836,0.4463222324848175,-0.0006158673786558211,0.5399410128593445,0.45061418414115906,-0.0009395914385095239,0.5393600463867188,0.45493292808532715,0.0011504858266562223,0.5386803150177002,0.46221038699150085,0.008746251463890076,0.5453802943229675,0.4128066897392273,-0.027318432927131653,0.5377516150474548,0.411990761756897,-0.02011124975979328,0.45111992955207825,0.3061788082122803,0.000964789476711303,0.5067861676216125,0.3552640378475189,-0.0137826818972826,0.5005186200141907,0.35641998052597046,-0.014869929291307926,0.4937533438205719,0.3565845787525177,-0.014756710268557072,0.48296064138412476,0.35109278559684753,-0.012146847322583199,0.5119748711585999,0.35335901379585266,-0.011743073351681232,0.49708783626556396,0.33190715312957764,-0.021325495094060898,0.5046604871749878,0.3329778015613556,-0.019467737525701523,0.4896658957004547,0.3331858813762665,-0.02044842764735222,0.48432695865631104,0.3362419605255127,-0.01850266009569168,0.4774886965751648,0.35658010840415955,-0.00907885655760765,0.5148563981056213,0.47486868500709534,0.012523999437689781,0.4830301105976105,0.3457852900028229,-0.011890174821019173,0.4503743350505829,0.34820556640625,0.011958185583353043,0.4681990146636963,0.34944668412208557,-0.005953840911388397,0.5058207511901855,0.3957545757293701,-0.012012260034680367,0.5335524678230286,0.4340493381023407,-0.011164913885295391,0.5329184532165527,0.4407481551170349,-0.006942042615264654,0.5245108008384705,0.43606656789779663,-0.009427661076188087,0.5176164507865906,0.43739598989486694,-0.00586268026381731,0.5254757404327393,0.4405340254306793,-0.0062692007049918175,0.5191359519958496,0.4401435852050781,-0.002919576596468687,0.5077661871910095,0.4452059864997864,0.00565671781077981,0.5413391590118408,0.4093759059906006,-0.03176085278391838,0.5409092307090759,0.40105679631233215,-0.03518104553222656,0.47547900676727295,0.3291301429271698,-0.021443333476781845,0.5189655423164368,0.37282687425613403,-0.0143961850553751,0.5230143666267395,0.4036414921283722,-0.02101125195622444,0.5218365788459778,0.39808928966522217,-0.020063742995262146,0.4827388525009155,0.39405733346939087,-0.010087714530527592,0.539935827255249,0.3892567753791809,-0.03383984789252281,0.49560633301734924,0.32156500220298767,-0.029100485146045685,0.48435309529304504,0.3237323760986328,-0.0264402087777853,0.46135300397872925,0.29111248254776,-0.012125243432819843,0.5253921747207642,0.3306736648082733,-0.026206940412521362,0.5106915235519409,0.3363947868347168,-0.015721026808023453,0.5027002692222595,0.4372236132621765,0.003437272971495986,0.454856276512146,0.42954200506210327,0.04711807146668434,0.5273389220237732,0.40853092074394226,-0.01655450090765953,0.532503068447113,0.4109308123588562,-0.014413866214454174,0.5075349807739258,0.43869078159332275,0.004078499972820282,0.5091485381126404,0.4391304552555084,0.0033600726164877415,0.4801160991191864,0.3172908425331116,-0.025632046163082123,0.5217350125312805,0.40604138374328613,-0.01676279492676258,0.5092697143554688,0.3235085904598236,-0.029139215126633644,0.5087481141090393,0.31610411405563354,-0.03214578330516815,0.4956125020980835,0.2720228135585785,-0.03183356299996376,0.4709378182888031,0.30412381887435913,-0.020246677100658417,0.5027216076850891,0.2930329144001007,-0.03276479244232178,0.47002968192100525,0.32394546270370483,-0.018202809616923332,0.46080541610717773,0.31597158312797546,-0.009390704333782196,0.5332016348838806,0.43772876262664795,-0.009784407913684845,0.5250104665756226,0.4383845329284668,-0.008028173819184303,0.5183877944946289,0.43877270817756653,-0.0047856527380645275,0.5284860134124756,0.40963587164878845,-0.01430186815559864,0.5083690881729126,0.4389154314994812,0.0037615264300256968,0.5124775767326355,0.4417654573917389,0.0021820717956870794,0.50996994972229,0.43935713171958923,0.0033747737761586905,0.5320846438407898,0.40788090229034424,-0.025473304092884064,0.5196245908737183,0.4411846995353699,-0.0010894639417529106,0.5258257985115051,0.4419839084148407,-0.0027948960196226835,0.5326640009880066,0.4425411522388458,-0.0034607264678925276,0.530112624168396,0.4623376727104187,0.007112941704690456,0.5311740040779114,0.45476412773132324,-0.0005499492399394512,0.531875491142273,0.45036500692367554,-0.0024935805704444647,0.5324060320854187,0.4461079239845276,-0.0020909025333821774,0.5327475070953369,0.44256556034088135,-0.0022662929259240627,0.519670307636261,0.44122880697250366,-0.0001446158130420372,0.5186925530433655,0.44270065426826477,-0.00018492747039999813,0.5174726247787476,0.4447871446609497,-0.0004652622155845165,0.5163663625717163,0.44714319705963135,0.0007889529224485159,0.5126286745071411,0.4260255694389343,-0.006331936456263065,0.4446742534637451,0.3838850259780884,0.044679731130599976,0.5441844463348389,0.4138844907283783,-0.018561717122793198,0.5148268938064575,0.44037094712257385,0.0019478134345263243,0.5137326121330261,0.4409868121147156,0.0020152227953076363,0.5346413254737854,0.4139931797981262,-0.013479083776473999,0.5228844285011292,0.4100627303123474,-0.010057242587208748,0.5336418151855469,0.4125252962112427,-0.014191177673637867,0.5116730332374573,0.37751445174217224,-0.013025857508182526,0.5003142952919006,0.3837696611881256,-0.012840555980801582,0.51991868019104,0.4009379744529724,-0.0160339567810297,0.47571808099746704,0.27947646379470825,-0.023532884195446968,0.4843820333480835,0.296023964881897,-0.027726417407393456,0.49337491393089294,0.31420591473579407,-0.030283693224191666,0.5138375163078308,0.4524098336696625,0.005346250720322132,0.52447110414505,0.3189457356929779,-0.03112155944108963,0.5199555158615112,0.29270684719085693,-0.03344812989234924,0.5151275396347046,0.26840758323669434,-0.033814046531915665,0.4871169924736023,0.3548243045806885,-0.013551533222198486,0.46976083517074585,0.3625244200229645,-0.0061390879563987255,0.5153850317001343,0.3514946401119232,-0.010697616264224052,0.4767987132072449,0.33968377113342285,-0.0150804677978158,0.5241707563400269,0.3677709996700287,-0.01647179387509823,0.5281645059585571,0.4021194279193878,-0.0267122033983469,0.4610234797000885,0.3689071536064148,1.1317371900076978e-05,0.4761630892753601,0.36992838978767395,-0.009456494823098183,0.4865401089191437,0.3741290867328644,-0.012299172580242157,0.49999409914016724,0.37262648344039917,-0.012189346365630627,0.5091376900672913,0.36873534321784973,-0.011815128847956657,0.5158067345619202,0.3649284541606903,-0.012481904588639736,0.5347753167152405,0.3576565086841583,-0.023143243044614792,0.46254047751426697,0.38838696479797363,0.0020012555178254843,0.47098052501678467,0.3381122946739197,-0.01421379204839468,0.5421910881996155,0.4128148555755615,-0.027883341535925865,0.5207820534706116,0.3825071454048157,-0.014971273951232433,0.4426615834236145,0.3429270386695862,0.030730800703167915,0.5212994813919067,0.3608325719833374,-0.013216925784945488,0.5179262757301331,0.4002164304256439,-0.009714567102491856,0.47971561551094055,0.34554603695869446,-0.011271162889897823,0.5268999934196472,0.39528167247772217,-0.02542906068265438,0.4479570686817169,0.4063413739204407,0.047279782593250275,0.5143740773200989,0.3483821153640747,-0.010271962732076645,0.5334998369216919,0.3915625512599945,-0.03097933903336525,0.47989749908447266,0.4553891718387604,0.02359383925795555,0.47710752487182617,0.46309173107147217,0.03565779700875282,0.450850248336792,0.3875521719455719,0.02306324802339077,0.468333899974823,0.44311943650245667,0.026528365910053253,0.4547893702983856,0.3304888606071472,0.002508940175175667,0.513139545917511,0.48273542523384094,0.01745547354221344,0.5416664481163025,0.41368138790130615,-0.018718315288424492,0.5142636299133301,0.38833263516426086,-0.01265376340597868,0.4607885777950287,0.3498436510562897,-0.0012658629566431046,0.4946530759334564,0.3513134717941284,-0.014847720973193645,0.5005825757980347,0.3513181507587433,-0.015017068944871426,0.511264979839325,0.44273823499679565,0.002982149599120021,0.46340054273605347,0.40620356798171997,0.008399338461458683,0.523830771446228,0.4917759597301483,0.023447856307029724,0.5019879937171936,0.4820503294467926,0.027702070772647858,0.4909631311893463,0.47464877367019653,0.030953299254179,0.5381827354431152,0.29244789481163025,-0.030346080660820007,0.536121129989624,0.4915292263031006,0.02558479644358158,0.5055902004241943,0.3502956032752991,-0.013990279287099838,0.5101892948150635,0.34901663661003113,-0.012221085838973522,0.5131533145904541,0.34862765669822693,-0.01062847301363945,0.46447619795799255,0.3347780704498291,-0.009644600562751293,0.5086482167243958,0.34294137358665466,-0.014698844403028488,0.5030112266540527,0.34070008993148804,-0.01708410680294037,0.49749723076820374,0.3404163122177124,-0.018184753134846687,0.4916447103023529,0.3414525091648102,-0.017725834622979164,0.4876478314399719,0.3431132137775421,-0.01617516204714775,0.44523292779922485,0.3224656879901886,0.016529344022274017,0.49007275700569153,0.3501686751842499,-0.013969563879072666,0.5420188903808594,0.4203989505767822,-0.010512074455618858,0.5202696323394775,0.422171950340271,-0.00902582798153162,0.5279143452644348,0.4078993499279022,-0.01928759552538395,0.5335683822631836,0.42096638679504395,-0.011955494061112404,0.539463460445404,0.3421176075935364,-0.02188015915453434,0.4916362464427948,0.4663810133934021,0.02268722467124462,0.5021247863769531,0.4747791886329651,0.02068101428449154,0.5252213478088379,0.48755761981010437,0.015556413680315018,0.46521127223968506,0.44874611496925354,0.04206125810742378,0.5126277804374695,0.34636014699935913,-0.012247894890606403,0.531307578086853,0.3726567327976227,-0.023152388632297516,0.5376976728439331,0.48721081018447876,0.017832040786743164,0.51292884349823,0.48823341727256775,0.024133216589689255,0.45330724120140076,0.4074656665325165,0.026997707784175873,0.525898814201355,0.4420318007469177,-0.0016929530538618565,0.525031328201294,0.44467630982398987,-0.001755621749907732,0.5241658091545105,0.44799649715423584,-0.002092807088047266,0.5233615040779114,0.4519086182117462,-0.0005558262928389013,0.5212230086326599,0.458514928817749,0.0051284669898450375,0.513725221157074,0.43955615162849426,0.00012626177340280265,0.5127275586128235,0.4388064742088318,-0.0005707467207685113,0.5118814706802368,0.4380292296409607,-0.0013048623222857714,0.5063148736953735,0.43097564578056335,-0.0024971356615424156,0.4755825996398926,0.41249680519104004,-0.0007465865346603096,0.5295649766921997,0.3621506989002228,-0.01943216845393181,0.5212984681129456,0.342826247215271,-0.01365952380001545,0.5159707069396973,0.3431657552719116,-0.012872176244854927,0.5147272944450378,0.4403102993965149,0.00133764639031142,0.473645955324173,0.4321429133415222,0.012910648249089718,0.5294673442840576,0.3438339829444885,-0.019929789006710052,0.517601490020752,0.4663524925708771,0.009352008812129498,0.544120192527771,0.3773588538169861,-0.03043331764638424,0.5367944240570068,0.36890140175819397,-0.027127264067530632,0.54265296459198,0.3670397698879242,-0.027166713029146194,0.5269211530685425,0.38643139600753784,-0.0213254876434803,0.5384738445281982,0.47993800044059753,0.012760995887219906,0.5385531783103943,0.47044920921325684,0.010856145061552525,0.528355062007904,0.47074460983276367,0.009548400528728962,0.50147944688797,0.4499809145927429,0.008632886223495007,0.5116824507713318,0.4068933427333832,-0.008280989713966846,0.5088146924972534,0.4592213034629822,0.009565944783389568,0.4941538870334625,0.40643227100372314,-0.009915427304804325,0.5048015713691711,0.4157060980796814,-0.006986600812524557,0.4872337877750397,0.4196803569793701,-0.003714221064001322,0.5266770720481873,0.48023417592048645,0.010911832563579082,0.522057831287384,0.3901316821575165,-0.016819311305880547,0.49510762095451355,0.45725440979003906,0.014357894659042358,0.5049043893814087,0.4665822684764862,0.014841725118458271,0.4957198202610016,0.439691960811615,0.004812874831259251,0.4651666581630707,0.4208775460720062,0.014538073912262917,0.48524266481399536,0.4419335722923279,0.00916028581559658,0.45835039019584656,0.42583751678466797,0.029317336156964302,0.498549222946167,0.42559877038002014,-0.0034890074748545885,0.5260205268859863,0.37742701172828674,-0.018754130229353905,0.5303804278373718,0.40654507279396057,-0.0272823479026556,0.525174617767334,0.4069390892982483,-0.020440546795725822,0.5344191193580627,0.40157273411750793,-0.03153427690267563,0.5167933702468872,0.3354904055595398,-0.018323836848139763,0.5066226720809937,0.330105721950531,-0.022513603791594505,0.4969201982021332,0.3284255862236023,-0.024186355993151665,0.4880915582180023,0.3296643793582916,-0.023219620808959007,0.48103442788124084,0.3332674503326416,-0.020398667082190514,0.47496068477630615,0.34762975573539734,-0.00941814761608839,0.44971024990081787,0.3678686022758484,0.017494870349764824,0.48215359449386597,0.360970675945282,-0.010725135914981365,0.4904313087463379,0.364056795835495,-0.012302044779062271,0.4998418092727661,0.3637072741985321,-0.012586688622832298,0.5079057216644287,0.3613698482513428,-0.012038780376315117,0.5139485001564026,0.35867300629615784,-0.01104364451020956,0.5183978080749512,0.35628893971443176,-0.010938494466245174,0.44322845339775085,0.36297667026519775,0.03941739723086357,0.5245189666748047,0.40813156962394714,-0.016939563676714897,0.5328063368797302,0.38194429874420166,-0.026247810572385788,0.5360997319221497,0.4080929756164551,-0.030396683141589165,0.5380922555923462,0.4114196002483368,-0.026092179119586945,0.535031795501709,0.4089146554470062,-0.027309734374284744,0.5255617499351501,0.40990379452705383,-0.013581760227680206,0.5399200916290283,0.4123475253582001,-0.027283858507871628,0.5394323468208313,0.41323328018188477,-0.019393980503082275,0.5173833966255188,0.3490331470966339,-0.010019898414611816,0.5219640135765076,0.3517695963382721,-0.011988983489573002,0.525571346282959,0.3543310761451721,-0.015075740404427052,0.4851272404193878,0.34454476833343506,-0.014351879246532917,0.48054009675979614,0.3401990532875061,-0.015209679491817951,0.548603892326355,0.3778996765613556,-0.02643250860273838,0.5758023262023926,0.33996865153312683,0.012477526441216469,0.5493729114532471,0.4107959270477295,-0.017404654994606972,0.5892475843429565,0.2994057536125183,0.04109536483883858,0.5592108964920044,0.3501240313053131,0.002663114806637168,0.5654248595237732,0.34995168447494507,0.00489626731723547,0.5712327361106873,0.34902194142341614,0.008055496960878372,0.5775855183601379,0.34277597069740295,0.014853530563414097,0.554211437702179,0.348879337310791,0.0012608099495992064,0.5689815282821655,0.32729658484458923,-0.0005436625797301531,0.5618618130683899,0.3290424644947052,-0.00305358343757689,0.5750104188919067,0.3275316655635834,0.003496273187920451,0.5784015655517578,0.3296980559825897,0.007320323493331671,0.5821617245674133,0.34810760617256165,0.02000751718878746,0.5564574599266052,0.46832752227783203,0.0241604782640934,0.5775189399719238,0.3377361297607422,0.014811432920396328,0.5915260314941406,0.3387911319732666,0.051501333713531494,0.5861744284629822,0.3406582772731781,0.02668044902384281,0.5672560334205627,0.3907535970211029,0.004495223518460989,0.547994077205658,0.4326942265033722,-0.0070359730161726475,0.5460940003395081,0.4394491910934448,-0.0031272917985916138,0.552597165107727,0.4329589605331421,-0.0008400335791520774,0.5552597641944885,0.43355870246887207,0.005938742775470018,0.5500563383102417,0.4381025731563568,0.001177778234705329,0.5528172254562378,0.4370571970939636,0.00703757768496871,0.5614946484565735,0.43963780999183655,0.020830299705266953,0.5508055090904236,0.4083581566810608,-0.029525745660066605,0.5518888235092163,0.4001017212867737,-0.032516736537218094,0.5861508846282959,0.3212549388408661,0.009353268891572952,0.5549444556236267,0.3700742721557617,-0.003544803475961089,0.5591381192207336,0.4004746079444885,-0.010957659222185612,0.5585883259773254,0.3950606882572174,-0.009695332497358322,0.5832284688949585,0.3856964707374573,0.017318526282906532,0.5504536628723145,0.38838449120521545,-0.030437134206295013,0.5755025744438171,0.3160889744758606,-0.007588173262774944,0.582426905632019,0.31699138879776,0.0003903364995494485,0.5865417122840881,0.28567519783973694,0.023946141824126244,0.5506393909454346,0.32818809151649475,-0.019004499539732933,0.5556398630142212,0.3327830731868744,-0.0024506186600774527,0.5661517381668091,0.4311220347881317,0.021935734897851944,0.5808937549591064,0.41648340225219727,0.08430244773626328,0.5550475120544434,0.40601876378059387,-0.009156896732747555,0.551112949848175,0.40949738025665283,-0.010676274076104164,0.5581528544425964,0.434863418340683,0.019989628344774246,0.5569658279418945,0.43545955419540405,0.01732676662504673,0.5843284130096436,0.3103519380092621,0.00287855276837945,0.5583576560020447,0.40291574597358704,-0.006944745313376188,0.5651887059211731,0.3190867006778717,-0.014364173635840416,0.5662958025932312,0.3114456236362457,-0.016986409202218056,0.5696919560432434,0.2695831060409546,-0.011170131154358387,0.5858854651451111,0.29768645763397217,0.011164497584104538,0.5683215260505676,0.28994524478912354,-0.015389886684715748,0.5878417491912842,0.3162011504173279,0.014680948108434677,0.5891551971435547,0.30839502811431885,0.026180412620306015,0.547260582447052,0.4364437460899353,-0.005673612002283335,0.5514135360717773,0.4357103407382965,5.645060355163878e-06,0.5541401505470276,0.4353248178958893,0.005981463007628918,0.5537234544754028,0.40738773345947266,-0.008252742700278759,0.5575470328330994,0.4351760447025299,0.018462687730789185,0.5557951927185059,0.43817320466041565,0.014513327740132809,0.5563112497329712,0.4357929825782776,0.016957322135567665,0.5544283390045166,0.40568938851356506,-0.0186013113707304,0.5515929460525513,0.43845516443252563,0.008347908034920692,0.5487315058708191,0.4398879110813141,0.004192612133920193,0.5448867082595825,0.4413769841194153,0.0004395937721710652,0.545892059803009,0.46046704053878784,0.010864554904401302,0.5458989143371582,0.4530714452266693,0.0034440888557583094,0.5461777448654175,0.44874924421310425,0.0017014212207868695,0.545794665813446,0.444687157869339,0.0020174365490674973,0.5448732972145081,0.4413560628890991,0.0016398804727941751,0.5515602231025696,0.43846583366394043,0.009285454638302326,0.552793562412262,0.4396893382072449,0.009214552119374275,0.5538371801376343,0.4414207339286804,0.009283830411732197,0.554466962814331,0.44357866048812866,0.011269701644778252,0.5625402331352234,0.42165297269821167,0.007315519731491804,0.5857802629470825,0.37270933389663696,0.0861397460103035,0.5536770224571228,0.43724510073661804,0.013817262835800648,0.5548394322395325,0.43763089179992676,0.013888167217373848,0.549248993396759,0.4129789471626282,-0.009786268696188927,0.5562687516212463,0.40730568766593933,-0.0022963499650359154,0.5501623749732971,0.4113543629646301,-0.010570799931883812,0.5603618025779724,0.3737725019454956,0.0014939481625333428,0.5701874494552612,0.37823596596717834,0.0067826323211193085,0.5587231516838074,0.39776724576950073,-0.005352442152798176,0.580839991569519,0.2754918336868286,0.005925576668232679,0.5794868469238281,0.29109007120132446,-0.0024340148083865643,0.5769796371459961,0.308282732963562,-0.0076270331628620625,0.5576410293579102,0.44736921787261963,0.017703291028738022,0.5527611374855042,0.3163819909095764,-0.023386720567941666,0.5549694895744324,0.2910967767238617,-0.024395987391471863,0.5554567575454712,0.2671702802181244,-0.023369647562503815,0.5754732489585876,0.34649765491485596,0.011890597641468048,0.5875747799873352,0.35350197553634644,0.026098616421222687,0.5511448383331299,0.34735292196273804,0.0008811229490675032,0.5828646421432495,0.3315282464027405,0.014523029327392578,0.5516473650932312,0.36562687158584595,-0.007754025049507618,0.5576796531677246,0.39951738715171814,-0.018534505739808083,0.5918256044387817,0.35891079902648926,0.03644231706857681,0.5861639976501465,0.36104336380958557,0.020825430750846863,0.5806550979614258,0.3663429319858551,0.013483110815286636,0.5698099136352539,0.36692848801612854,0.007547558750957251,0.561245858669281,0.36443328857421875,0.0032126845326274633,0.5553087592124939,0.3614960312843323,-0.0011833054013550282,0.5459760427474976,0.3568216860294342,-0.01943117566406727,0.5924427509307861,0.37768954038619995,0.038216911256313324,0.5863057971000671,0.32972481846809387,0.018179334700107574,0.548132061958313,0.41213083267211914,-0.026093708351254463,0.5552769303321838,0.379917711019516,-0.00454627675935626,0.5883525013923645,0.3339958190917969,0.07356831431388855,0.5510640740394592,0.3579045236110687,-0.004396404605358839,0.5581405758857727,0.3970114290714264,0.000931746733840555,0.57947838306427,0.33737027645111084,0.0167712215334177,0.5567380785942078,0.3928390145301819,-0.01709558628499508,0.5842478275299072,0.39388740062713623,0.08700686693191528,0.5506920218467712,0.34408700466156006,0.0018102891044691205,0.5540114641189575,0.38983914256095886,-0.02493346482515335,0.5758486986160278,0.4434070587158203,0.05037835240364075,0.5722943544387817,0.4504941701889038,0.0637328028678894,0.5923089385032654,0.37584924697875977,0.0625087171792984,0.5821313858032227,0.43059444427490234,0.0581042505800724,0.590499222278595,0.32222527265548706,0.04040370509028435,0.5563085675239563,0.475298672914505,0.030118651688098907,0.5464958548545837,0.41325122117996216,-0.017605392262339592,0.5596996545791626,0.38482847809791565,0.00017061279504559934,0.5885960459709167,0.34128156304359436,0.03457028046250343,0.570539653301239,0.34324437379837036,0.007565681356936693,0.5652740001678467,0.3444840908050537,0.0048125917091965675,0.5565637946128845,0.43899333477020264,0.016250524669885635,0.5910108089447021,0.3948901891708374,0.043287139385938644,0.5464329719543457,0.4877164661884308,0.030667435377836227,0.5593773126602173,0.47223979234695435,0.04580428823828697,0.5650787949562073,0.463090717792511,0.05376897007226944,0.5598751902580261,0.3446561098098755,0.0029263528995215893,0.5549237132072449,0.3441951870918274,0.002290449570864439,0.5519779920578003,0.3442158102989197,0.0024040581192821264,0.588127613067627,0.32677161693573,0.025187931954860687,0.555816650390625,0.3391408920288086,0.00022094161249697208,0.5611804723739624,0.337140291929245,0.0002791977603919804,0.5668381452560425,0.3362131118774414,0.0020179348066449165,0.5719575881958008,0.33623433113098145,0.005236589815467596,0.5748928189277649,0.3368850350379944,0.008413009345531464,0.5900046825408936,0.31465408205986023,0.05861916393041611,0.5737676024436951,0.3415849804878235,0.010357853025197983,0.5580385327339172,0.4190622866153717,0.001383132883347571,0.5556206107139587,0.4053298532962799,-0.012200724333524704,0.5495268702507019,0.41968807578086853,-0.007611459121108055,0.5684076547622681,0.4552771747112274,0.044350579380989075,0.5623101592063904,0.46504727005958557,0.03773023933172226,0.5483489036560059,0.48351335525512695,0.022428134456276894,0.5770165920257568,0.43573492765426636,0.07524969428777695,0.5523632168769836,0.34199926257133484,0.0010820647003129125,0.5503832697868347,0.3711598515510559,-0.01726013794541359,0.5536768436431885,0.48089736700057983,0.03749137371778488,0.5903398990631104,0.39500677585601807,0.06475578248500824,0.5487181544303894,0.43989619612693787,0.005321635399013758,0.5499643683433533,0.44221794605255127,0.005467966198921204,0.5507356524467468,0.4452279508113861,0.005505361128598452,0.550990104675293,0.448995977640152,0.00736649427562952,0.5526242852210999,0.4547080993652344,0.01404518447816372,0.5549402832984924,0.43615779280662537,0.01250042300671339,0.556067705154419,0.435136079788208,0.012987557798624039,0.557028591632843,0.434120774269104,0.013179924339056015,0.5655702948570251,0.4256245493888855,0.014581534080207348,0.586272656917572,0.40252527594566345,0.028758423402905464,0.5487151741981506,0.36072981357574463,-0.013262753374874592,0.5479136109352112,0.3397344946861267,-0.005862893536686897,0.5504206418991089,0.33950096368789673,-0.0016656407387927175,0.5536843538284302,0.43722569942474365,0.013250814750790596,0.5835966467857361,0.4209924042224884,0.042652565985918045,0.5453018546104431,0.3418838381767273,-0.015273620374500751,0.5546597242355347,0.4610758125782013,0.019339457154273987,0.5474615097045898,0.36803004145622253,-0.02398666925728321,0.5541004538536072,0.3843352794647217,-0.01364520750939846,0.5471515655517578,0.46801215410232544,0.014345084317028522,0.5658263564109802,0.4424110949039459,0.026287291198968887,0.5627090334892273,0.4026359021663666,0.005061538890004158,0.5603763461112976,0.45240646600723267,0.02343820035457611,0.5763933658599854,0.3992539346218109,0.011322895996272564,0.5681532025337219,0.41011977195739746,0.009732495993375778,0.5797021389007568,0.4109790027141571,0.020475231111049652,0.5485758781433105,0.47674575448036194,0.017313016578555107,0.5558115839958191,0.387580931186676,-0.007243091240525246,0.5689744353294373,0.44750818610191345,0.034772757440805435,0.562400221824646,0.4580700695514679,0.030489718541502953,0.5712590217590332,0.4318530559539795,0.026268942281603813,0.5882707834243774,0.4091862142086029,0.04781210422515869,0.5771051049232483,0.43177586793899536,0.03410271182656288,0.5870941877365112,0.41307103633880615,0.06514435261487961,0.5716230869293213,0.4188850522041321,0.016298579052090645,0.5526773929595947,0.3753887414932251,-0.010441354475915432,0.5563144683837891,0.40401774644851685,-0.019842779263854027,0.5578075647354126,0.40397611260414124,-0.011951868422329426,0.5552554130554199,0.39960741996765137,-0.025613723322749138,0.5529391765594482,0.33170342445373535,-0.007602115161716938,0.5631500482559204,0.32536566257476807,-0.006764865014702082,0.5719513297080994,0.32314738631248474,-0.0035286303609609604,0.57851243019104,0.323519766330719,0.0017162635922431946,0.5821284055709839,0.32612577080726624,0.007477201987057924,0.5824552178382874,0.33911481499671936,0.02047107368707657,0.5925691723823547,0.3571873605251312,0.05792871490120888,0.5802053809165955,0.3527162969112396,0.016639793291687965,0.5752266645431519,0.3566357493400574,0.011552260257303715,0.5674774646759033,0.3577224910259247,0.007038037292659283,0.5598196387290955,0.35669857263565063,0.0034493226557970047,0.5541552901268005,0.3548286259174347,0.0006791880587115884,0.5504897832870483,0.352934867143631,-0.0013725529424846172,0.5864152908325195,0.353036105632782,0.0819995254278183,0.5569027066230774,0.40523016452789307,-0.008625620976090431,0.5518580079078674,0.38039177656173706,-0.020234806463122368,0.5538665652275085,0.40610525012016296,-0.025658443570137024,0.5503470301628113,0.4099225103855133,-0.02332809753715992,0.5530645251274109,0.4069230258464813,-0.022454025223851204,0.5552953481674194,0.4073435366153717,-0.006606846582144499,0.5496755838394165,0.41119667887687683,-0.025033410638570786,0.5481157302856445,0.41232457756996155,-0.017500273883342743,0.5491514801979065,0.3451656401157379,3.0376311769941822e-05,0.5475078821182251,0.3488626182079315,-0.004439344629645348,0.547529935836792,0.3518197238445282,-0.008809530176222324,0.5765032172203064,0.33743181824684143,0.011320560239255428,0.5801476836204529,0.3324962854385376,0.01207001879811287,0.49292245507240295,0.34581902623176575,-0.014144972898066044,0.5006242990493774,0.34543153643608093,-0.014144972898066044,0.4925267696380615,0.3370850384235382,-0.014144972898066044,0.4852336645126343,0.3461522161960602,-0.014144972898066044,0.4933069348335266,0.3544943332672119,-0.014144972898066044,0.5656763911247253,0.33983585238456726,0.0055016581900417805,0.5721190571784973,0.3389599919319153,0.0055016581900417805,0.5648962259292603,0.3317478895187378,0.0055016581900417805,0.559141993522644,0.34069427847862244,0.0055016581900417805,0.5664837956428528,0.3478846251964569,0.0055016581900417805
1999.9999999999982,0.5369271039962769,0.43438369035720825,-0.009835313074290752,0.5421985387802124,0.4084027111530304,-0.03160461038351059,0.5387351512908936,0.41349607706069946,-0.013762584887444973,0.5340713262557983,0.37732672691345215,-0.030108917504549026,0.5423839688301086,0.3997613191604614,-0.035037651658058167,0.5411041975021362,0.38696181774139404,-0.03449404984712601,0.5362794399261475,0.3536985218524933,-0.024114366620779037,0.4823845326900482,0.34712034463882446,-0.011801688931882381,0.5343520045280457,0.3284289538860321,-0.02407713606953621,0.5341464281082153,0.3159806728363037,-0.027874937281012535,0.5305353999137878,0.26531311869621277,-0.0302546638995409,0.5367023944854736,0.4371170401573181,-0.008461431600153446,0.5361471176147461,0.43977293372154236,-0.006113577634096146,0.5354871153831482,0.44156312942504883,-0.0024339845404028893,0.5354541540145874,0.44165852665901184,-0.000966072955634445,0.5357933640480042,0.44540905952453613,-0.0006869204808026552,0.5358273983001709,0.4496838450431824,-0.0010889391414821148,0.535445511341095,0.4539288282394409,0.0009296577773056924,0.5355284214019775,0.4617115557193756,0.008382230997085571,0.5412266254425049,0.41191741824150085,-0.027802927419543266,0.5335188508033752,0.4111090302467346,-0.020415982231497765,0.44691702723503113,0.3063027858734131,0.0030130164232105017,0.5029588937759399,0.3542534112930298,-0.013023216277360916,0.4965587258338928,0.35560038685798645,-0.013978554867208004,0.4897255003452301,0.3557475209236145,-0.013732797466218472,0.47912973165512085,0.3498134911060333,-0.010889231227338314,0.5081943869590759,0.3520759046077728,-0.011114120483398438,0.49219393730163574,0.3300059735774994,-0.020272146910429,0.5000025629997253,0.3307793140411377,-0.018583785742521286,0.4848514795303345,0.3317478895187378,-0.019270798191428185,0.47979840636253357,0.3350982666015625,-0.017250005155801773,0.47362014651298523,0.35566219687461853,-0.007748998235911131,0.5117963552474976,0.47453656792640686,0.012855196371674538,0.4789894223213196,0.34410417079925537,-0.010606667026877403,0.4466468095779419,0.3482753336429596,0.013906548731029034,0.4641627371311188,0.34870097041130066,-0.004395874682813883,0.5015056729316711,0.3948338031768799,-0.011563917621970177,0.5289878249168396,0.4332923889160156,-0.011204336769878864,0.5286127924919128,0.43974584341049194,-0.006982299964874983,0.520235002040863,0.43529054522514343,-0.00919790007174015,0.5136298537254333,0.43657246232032776,-0.005286621395498514,0.5213851928710938,0.43955957889556885,-0.006047618109732866,0.515291690826416,0.43920743465423584,-0.00241539697162807,0.5037585496902466,0.44452965259552,0.006596117280423641,0.536983847618103,0.40857380628585815,-0.03215743973851204,0.5364064574241638,0.40009626746177673,-0.035551853477954865,0.4707217812538147,0.32914721965789795,-0.019950654357671738,0.5145664215087891,0.3715420663356781,-0.014063666574656963,0.518610417842865,0.402729868888855,-0.020966051146388054,0.5174252390861511,0.3970874547958374,-0.01997424103319645,0.4785642623901367,0.39336609840393066,-0.009066186845302582,0.5353528261184692,0.38807374238967896,-0.03411715105175972,0.4903396666049957,0.3211081326007843,-0.02802203595638275,0.4792841374874115,0.32361871004104614,-0.025134311988949776,0.4565906226634979,0.2910056412220001,-0.010244747623801231,0.5203483700752258,0.3291747570037842,-0.025800148025155067,0.5063592195510864,0.33423465490341187,-0.014970595017075539,0.49849992990493774,0.4363248944282532,0.004486368969082832,0.4527277946472168,0.42994871735572815,0.048826396465301514,0.5230047106742859,0.4076307415962219,-0.016603536903858185,0.5282440781593323,0.4099496603012085,-0.01464919000864029,0.5039927363395691,0.43779852986335754,0.00512903044000268,0.5056264996528625,0.438219279050827,0.004350566770881414,0.4749142527580261,0.31738078594207764,-0.024209994822740555,0.517373263835907,0.40506869554519653,-0.01671658083796501,0.5040217041969299,0.3225431740283966,-0.028367657214403152,0.5032231211662292,0.31521841883659363,-0.03135169297456741,0.4898451566696167,0.27102816104888916,-0.030691247433423996,0.4659619629383087,0.3037293553352356,-0.018564840778708458,0.49704721570014954,0.2918442487716675,-0.031733833253383636,0.46522045135498047,0.32400932908058167,-0.01657518371939659,0.45630428194999695,0.31580427289009094,-0.007533003110438585,0.5287532210350037,0.43681997060775757,-0.009796741418540478,0.5208142995834351,0.43748173117637634,-0.007773335091769695,0.5144729018211365,0.4378773272037506,-0.004236425273120403,0.5241721868515015,0.4086713492870331,-0.014412792399525642,0.5048437714576721,0.4380140006542206,0.004777463153004646,0.5088295936584473,0.4408605992794037,0.003090512938797474,0.5064364671707153,0.43844127655029297,0.004351951647549868,0.5277230143547058,0.4071013927459717,-0.02561221644282341,0.5158441066741943,0.4402374029159546,-0.0006482846802100539,0.5218347311019897,0.4410032629966736,-0.0026310784742236137,0.5284937024116516,0.4415420889854431,-0.0035446060355752707,0.5267130136489868,0.4620293974876404,0.006949334871023893,0.5272377133369446,0.45382004976272583,-0.0005685683572664857,0.5277631282806396,0.44950106739997864,-0.002438118914142251,0.5282081961631775,0.4452567994594574,-0.0019528164993971586,0.5285190939903259,0.44171297550201416,-0.002058526035398245,0.5158696174621582,0.4403075873851776,0.0005279118777252734,0.5148710012435913,0.4418143332004547,0.00043644823017530143,0.5136549472808838,0.4439152479171753,0.00015203948714770377,0.5125778317451477,0.44626304507255554,0.001450171577744186,0.5082889199256897,0.42509862780570984,-0.005705683492124081,0.4420474171638489,0.3842006325721741,0.04668624699115753,0.54012131690979,0.412942498922348,-0.01898883655667305,0.5112079977989197,0.4394376575946808,0.002844362985342741,0.5100893974304199,0.4400732219219208,0.002892978023737669,0.5304535031318665,0.41297945380210876,-0.013718821108341217,0.5185796618461609,0.40900617837905884,-0.01007580291479826,0.5294204354286194,0.4115256071090698,-0.014438065700232983,0.5073112845420837,0.37634357810020447,-0.012562274932861328,0.4959603548049927,0.3827763795852661,-0.012191666290163994,0.5155512690544128,0.39992591738700867,-0.015918629243969917,0.4704027473926544,0.278999000787735,-0.021950989961624146,0.47900640964508057,0.2952978014945984,-0.02632230520248413,0.4879017770290375,0.31383800506591797,-0.02911696769297123,0.5099790096282959,0.45196181535720825,0.006043578032404184,0.5190092921257019,0.31748414039611816,-0.030654441565275192,0.5142132043838501,0.29107505083084106,-0.03279630467295647,0.5091761350631714,0.2668910622596741,-0.03317812457680702,0.48318231105804443,0.3538408577442169,-0.012397516518831253,0.46603572368621826,0.36191269755363464,-0.004677615128457546,0.5115842223167419,0.3500881791114807,-0.010116188786923885,0.47258633375167847,0.3389691412448883,-0.01362610049545765,0.5196852087974548,0.36637812852859497,-0.01622631587088108,0.5237230658531189,0.4012671411037445,-0.026786349713802338,0.4571964740753174,0.36870697140693665,0.0016606650315225124,0.4725179970264435,0.36938390135765076,-0.008142668753862381,0.4829142093658447,0.37351298332214355,-0.011230720207095146,0.49631890654563904,0.37169092893600464,-0.011416529305279255,0.5053678750991821,0.36750999093055725,-0.011230629868805408,0.5118544697761536,0.3634966015815735,-0.012050183489918709,0.530036449432373,0.355985552072525,-0.023104187101125717,0.45885053277015686,0.38809967041015625,0.0035547413863241673,0.46662595868110657,0.3376545310020447,-0.01261880248785019,0.5379660129547119,0.41197964549064636,-0.02828803099691868,0.5163972973823547,0.3813062906265259,-0.014742337167263031,0.43935447931289673,0.34318357706069946,0.032867688685655594,0.5171617269515991,0.3593157231807709,-0.012869874946773052,0.5136130452156067,0.399151086807251,-0.00954483449459076,0.4758501648902893,0.34419089555740356,-0.009916918352246284,0.5224470496177673,0.3942933678627014,-0.025456972420215607,0.4456392526626587,0.4067107141017914,0.04914992302656174,0.510563313961029,0.3469241261482239,-0.009615900926291943,0.5289582014083862,0.3904890716075897,-0.031134488061070442,0.47714343667030334,0.4553099274635315,0.0247872993350029,0.47485700249671936,0.4633410573005676,0.036916010081768036,0.4477248191833496,0.387614369392395,0.024852903559803963,0.46565499901771545,0.443177193403244,0.0278776828199625,0.45066896080970764,0.3304516673088074,0.004441722761839628,0.5103660821914673,0.48242127895355225,0.017749818041920662,0.5375359654426575,0.4127902388572693,-0.019094737246632576,0.5099174380302429,0.3872200548648834,-0.012344235554337502,0.4569254517555237,0.34906822443008423,0.00045190760283730924,0.4905238449573517,0.35059013962745667,-0.013797137886285782,0.4965619742870331,0.35064586997032166,-0.01408320851624012,0.5076170563697815,0.4418257176876068,0.003924630116671324,0.459933340549469,0.40599915385246277,0.00985223799943924,0.5212969183921814,0.49131250381469727,0.023450734093785286,0.49954745173454285,0.48196667432785034,0.028420940041542053,0.4886057376861572,0.47472575306892395,0.0319657064974308,0.532521665096283,0.29032236337661743,-0.03011043183505535,0.5336263179779053,0.4907805025577545,0.025256449356675148,0.5017049908638,0.34939858317375183,-0.013172349892556667,0.506425678730011,0.34782904386520386,-0.011484188959002495,0.5094133019447327,0.34728124737739563,-0.009938755072653294,0.4600836932659149,0.33432039618492126,-0.007928410544991493,0.504549503326416,0.3402606248855591,-0.013897063210606575,0.4986725449562073,0.33756428956985474,-0.016187993809580803,0.4928937554359436,0.337368369102478,-0.017173169180750847,0.487021267414093,0.33879905939102173,-0.016602477058768272,0.4832225441932678,0.3409065306186676,-0.014980990439653397,0.44147780537605286,0.32270127534866333,0.018653500825166702,0.48593175411224365,0.34915420413017273,-0.012823731638491154,0.538132905960083,0.4192097783088684,-0.01085108146071434,0.5159856677055359,0.42119866609573364,-0.008766468614339828,0.5235534310340881,0.407061368227005,-0.0193694606423378,0.5294153094291687,0.41990014910697937,-0.012096250429749489,0.5345934629440308,0.34011122584342957,-0.021899906918406487,0.488919198513031,0.4662037491798401,0.023658931255340576,0.49937358498573303,0.4745327830314636,0.02132064290344715,0.5225006937980652,0.4871060848236084,0.015482068993151188,0.46309196949005127,0.449114590883255,0.043522562831640244,0.5087255239486694,0.34445929527282715,-0.011528695933520794,0.5267083644866943,0.37126773595809937,-0.023113951086997986,0.5350333452224731,0.48647063970565796,0.01744634285569191,0.5104012489318848,0.48798954486846924,0.024518873542547226,0.4504593312740326,0.40757641196250916,0.028654364868998528,0.5218616724014282,0.4411460757255554,-0.001253125723451376,0.52099609375,0.4437990188598633,-0.0013644174905493855,0.5201749205589294,0.44712746143341064,-0.001714465208351612,0.5194770693778992,0.45100584626197815,-0.00017581861175131053,0.5175489783287048,0.45823726058006287,0.005458283703774214,0.5101059675216675,0.4386562705039978,0.0009127447847276926,0.5090709924697876,0.4379255473613739,0.000290104653686285,0.508177638053894,0.43717896938323975,-0.0004126876883674413,0.5019651055335999,0.43005266785621643,-0.0015526388306170702,0.47177767753601074,0.41207975149154663,0.00039297330658882856,0.5249506831169128,0.36063194274902344,-0.019287217408418655,0.5169623494148254,0.34111058712005615,-0.013187977485358715,0.5118361115455627,0.3413873314857483,-0.012234305031597614,0.5111120939254761,0.43940937519073486,0.0020695088896900415,0.47033795714378357,0.43194103240966797,0.01416726503521204,0.524735689163208,0.3421214818954468,-0.01970507577061653,0.5142467617988586,0.4659929573535919,0.009657656773924828,0.5394798517227173,0.3758549988269806,-0.030763115733861923,0.5321033000946045,0.36738309264183044,-0.02720773220062256,0.5379420518875122,0.36538007855415344,-0.02738652378320694,0.5224747061729431,0.3852601945400238,-0.02129235863685608,0.5356297492980957,0.4792301058769226,0.01242342870682478,0.5355492830276489,0.46980762481689453,0.010520133189857006,0.5251659154891968,0.4703427851200104,0.009463039226830006,0.49791863560676575,0.449357807636261,0.009606183506548405,0.5074407458305359,0.4059543311595917,-0.007955673150718212,0.5053647756576538,0.4587554335594177,0.010240904986858368,0.48993438482284546,0.40574386715888977,-0.009243635460734367,0.5005974769592285,0.41489675641059875,-0.0063779945485293865,0.4832771122455597,0.419099897146225,-0.00278696371242404,0.5237201452255249,0.47980645298957825,0.01087712962180376,0.5176897048950195,0.38900721073150635,-0.016687406226992607,0.49195611476898193,0.4568554759025574,0.015353848226368427,0.5017830729484558,0.4662012755870819,0.015497141517698765,0.4919360280036926,0.4389461874961853,0.005881892051547766,0.4619343876838684,0.4207633137702942,0.01593322865664959,0.4818105101585388,0.4415302276611328,0.010306076146662235,0.45570236444473267,0.42597895860671997,0.030850132927298546,0.4944148659706116,0.42474257946014404,-0.002627614652737975,0.5215524435043335,0.3761420249938965,-0.018610132858157158,0.5259786248207092,0.40577274560928345,-0.02740320935845375,0.5207942724227905,0.40608102083206177,-0.020477833226323128,0.5299283862113953,0.40071526169776917,-0.03173757344484329,0.5122959017753601,0.33379310369491577,-0.01767590641975403,0.501782238483429,0.3285612165927887,-0.021641096100211143,0.49191179871559143,0.3273126780986786,-0.023117678239941597,0.4832015931606293,0.3289414048194885,-0.02197958342730999,0.47650620341300964,0.3327217400074005,-0.019024422392249107,0.47102779150009155,0.3466312885284424,-0.007977236993610859,0.4463033974170685,0.3679383099079132,0.01939716748893261,0.4783821403980255,0.3600834906101227,-0.009505695663392544,0.4865909516811371,0.3632189631462097,-0.011261285282671452,0.49601954221725464,0.3627680540084839,-0.011748362332582474,0.504094123840332,0.3601624369621277,-0.011367899365723133,0.5100675821304321,0.35722818970680237,-0.010524756275117397,0.5143979787826538,0.3547476530075073,-0.010499277152121067,0.44025689363479614,0.3632391393184662,0.041503507643938065,0.5201715230941772,0.40719297528266907,-0.01696888916194439,0.5282437801361084,0.3806869685649872,-0.026299908757209778,0.5316876173019409,0.40733808279037476,-0.030665021389722824,0.5338031649589539,0.41059088706970215,-0.026432162150740623,0.5306679606437683,0.4081329107284546,-0.027551395818591118,0.5212456583976746,0.4088960289955139,-0.013658369891345501,0.5356566309928894,0.411531537771225,-0.027660490944981575,0.5352519750595093,0.4123481810092926,-0.01973641850054264,0.5134674906730652,0.3475467562675476,-0.009475750848650932,0.5178036093711853,0.35016193985939026,-0.011613580398261547,0.5212168097496033,0.3527142107486725,-0.014824134297668934,0.48091059923171997,0.3426182270050049,-0.013114085420966148,0.4763889014720917,0.33908775448799133,-0.013886148110032082,0.54402756690979,0.3762706220149994,-0.026901764795184135,0.5694024562835693,0.3376429080963135,0.011523422785103321,0.5454548001289368,0.40962791442871094,-0.017942901700735092,0.58469158411026,0.2957768738269806,0.03984309360384941,0.5536537766456604,0.3481476604938507,0.002056829398497939,0.559638261795044,0.34783196449279785,0.0041353595443069935,0.5653043389320374,0.34682750701904297,0.007162220776081085,0.5713001489639282,0.34042230248451233,0.013830016367137432,0.5488812327384949,0.3470954895019531,0.0008097813697531819,0.5634096264839172,0.32466641068458557,-0.0012290178565308452,0.556411862373352,0.3263663947582245,-0.003537326818332076,0.5692722201347351,0.3250614404678345,0.0026551277842372656,0.5724911689758301,0.32739514112472534,0.006394131574779749,0.5761765241622925,0.3457585573196411,0.01890825666487217,0.5540120005607605,0.4670068919658661,0.023492522537708282,0.5710351467132568,0.33513569831848145,0.01382905151695013,0.5878254771232605,0.33540093898773193,0.05007999390363693,0.5803681015968323,0.338039755821228,0.025480203330516815,0.5636072158813477,0.38832148909568787,0.003595388727262616,0.5434876084327698,0.4317724406719208,-0.007400125730782747,0.5417841076850891,0.4383264482021332,-0.003453169483691454,0.5481709241867065,0.4319944679737091,-0.0012985722860321403,0.550816535949707,0.4325287938117981,0.005565272178500891,0.5457541346549988,0.4369402825832367,0.0008229199447669089,0.5484371185302734,0.4359131157398224,0.006764514371752739,0.5589280724525452,0.43753746151924133,0.020533420145511627,0.546619176864624,0.40733039379119873,-0.030115243047475815,0.5475185513496399,0.39885953068733215,-0.03311798349022865,0.5809396505355835,0.3199514150619507,0.008244521915912628,0.5507025122642517,0.36790719628334045,-0.0040938351303339005,0.55536949634552,0.3986622393131256,-0.011768283322453499,0.5547505617141724,0.3931275010108948,-0.010482869111001492,0.5798076391220093,0.38263824582099915,0.016086503863334656,0.5459652543067932,0.3869323134422302,-0.031006379052996635,0.5705899596214294,0.3152526319026947,-0.008305809460580349,0.577316164970398,0.3159641921520233,-0.0005567258922383189,0.5817008018493652,0.2820734679698944,0.02284666709601879,0.5461402535438538,0.3273010849952698,-0.01918226294219494,0.5502700209617615,0.330269455909729,-0.0028053896967321634,0.5635288953781128,0.4285735785961151,0.021458590403199196,0.5789055228233337,0.4139784872531891,0.08291147649288177,0.551360011100769,0.40442195534706116,-0.00985102541744709,0.5473718047142029,0.40802818536758423,-0.011227439157664776,0.553715169429779,0.433739572763443,0.0197561364620924,0.5524693727493286,0.434352844953537,0.017207607626914978,0.5795541405677795,0.3093355894088745,0.0019060225458815694,0.5547482371330261,0.4010116457939148,-0.007727515883743763,0.5604679584503174,0.3183218836784363,-0.014828132465481758,0.5618046522140503,0.31078919768333435,-0.017473313957452774,0.5641505122184753,0.26645100116729736,-0.011764070950448513,0.5810688734054565,0.29407766461372375,0.010178995318710804,0.5629369616508484,0.2868795394897461,-0.01584668643772602,0.5830453634262085,0.3146941661834717,0.013519954867661,0.5846101641654968,0.30474257469177246,0.025011390447616577,0.5428457260131836,0.435383141040802,-0.00600524852052331,0.5470525026321411,0.4346107244491577,-0.0003777328529395163,0.5497267246246338,0.4342210590839386,0.00567662063986063,0.5500625371932983,0.4057862162590027,-0.00888744555413723,0.5530758500099182,0.4340662360191345,0.01829994097352028,0.5514252185821533,0.4369649291038513,0.0144531624391675,0.5517988801002502,0.4346904158592224,0.016856729984283447,0.5505056381225586,0.4043782651424408,-0.019331082701683044,0.5472331047058105,0.4372975826263428,0.008060620166361332,0.544482409954071,0.4387176036834717,0.0038246423937380314,0.5406635999679565,0.440259724855423,6.467709317803383e-05,0.5430554747581482,0.4597409963607788,0.010427859611809254,0.5421267747879028,0.4519183337688446,0.0031451890245079994,0.5421785116195679,0.4476851224899292,0.0014698926825076342,0.5416282415390015,0.443645179271698,0.0018663721857592463,0.5406158566474915,0.4403260052204132,0.001575482776388526,0.547165036201477,0.43721407651901245,0.009237558580935001,0.5485014915466309,0.43843409419059753,0.009125621989369392,0.5496706962585449,0.4401375651359558,0.009168371558189392,0.5504662394523621,0.4422212243080139,0.01111986581236124,0.5594729781150818,0.4194489121437073,0.006817248649895191,0.5830123424530029,0.36963629722595215,0.084681436419487,0.5491669774055481,0.43603384494781494,0.013782366178929806,0.5503950119018555,0.4364274740219116,0.013837641105055809,0.5455067157745361,0.4115754961967468,-0.010335423983633518,0.5527658462524414,0.4053899049758911,-0.0029694007243961096,0.5464287996292114,0.40991929173469543,-0.011125386692583561,0.5563175678253174,0.37140563130378723,0.0007863756036385894,0.5663589239120483,0.3755485415458679,0.00584368733689189,0.5550376772880554,0.3957688808441162,-0.006133077200502157,0.5756957530975342,0.27202457189559937,0.005058968905359507,0.5744209885597229,0.2876448333263397,-0.0031873807311058044,0.5723357200622559,0.307451993227005,-0.00837185513228178,0.5550696849822998,0.44576236605644226,0.017410073429346085,0.5485802292823792,0.3157537579536438,-0.023569680750370026,0.5493913888931274,0.2884843945503235,-0.024527469649910927,0.5496476888656616,0.26449456810951233,-0.023610733449459076,0.5693145990371704,0.3442201018333435,0.010901170782744884,0.5815715193748474,0.351043164730072,0.024855101481080055,0.5459044575691223,0.34568557143211365,0.0005059314426034689,0.5770322680473328,0.32950615882873535,0.01346813514828682,0.5472396016120911,0.36356061697006226,-0.00821688026189804,0.5536903142929077,0.3979347348213196,-0.01931174471974373,0.5882134437561035,0.35559919476509094,0.03501850739121437,0.58005690574646,0.35902100801467896,0.01960926689207554,0.5744632482528687,0.3646391034126282,0.012430297210812569,0.5636948347091675,0.3652478754520416,0.006718208082020283,0.5553712844848633,0.3627585768699646,0.0025835868436843157,0.5496935844421387,0.35996803641319275,-0.0016690813936293125,0.5412685871124268,0.3548709452152252,-0.01970238983631134,0.5891614556312561,0.37440428137779236,0.03671862557530403,0.5808457136154175,0.32769089937210083,0.01701519824564457,0.5440515279769897,0.4111517667770386,-0.026650525629520416,0.5511782169342041,0.3778529167175293,-0.00517644640058279,0.5847636461257935,0.3305956721305847,0.07217733561992645,0.5456594228744507,0.35649216175079346,-0.004773594904690981,0.554530680179596,0.3949204683303833,0.00022238287783693522,0.5731576681137085,0.3349629342556,0.015749143436551094,0.5526740550994873,0.3910943269729614,-0.01783517189323902,0.5818948745727539,0.39104512333869934,0.08555261790752411,0.545316219329834,0.3422304391860962,0.001458731247112155,0.5496958494186401,0.38824087381362915,-0.02560778521001339,0.5737071633338928,0.4411674439907074,0.049263741821050644,0.5703821182250977,0.44847699999809265,0.06262614578008652,0.5893309712409973,0.3726610839366913,0.06093086674809456,0.5800299048423767,0.42814186215400696,0.05673670023679733,0.5863252878189087,0.31869885325431824,0.039104241877794266,0.5539728403091431,0.4739718735218048,0.02930786833167076,0.5424956679344177,0.4122335910797119,-0.018077220767736435,0.5558626055717468,0.3825787901878357,-0.0005708701792173088,0.583016037940979,0.3384995758533478,0.03324740380048752,0.564531683921814,0.3412007987499237,0.006728173699229956,0.5595314502716064,0.34251269698143005,0.0040794722735881805,0.5522926449775696,0.43772581219673157,0.01613805443048477,0.5881649851799011,0.3917822241783142,0.041818711906671524,0.5440996885299683,0.48668307065963745,0.03006145730614662,0.5572779178619385,0.4707253873348236,0.04498099908232689,0.5630775094032288,0.4613579511642456,0.05284670367836952,0.554322361946106,0.3427622318267822,0.002329586772248149,0.5495781898498535,0.3424234390258789,0.0018154068384319544,0.5466620326042175,0.3424800932407379,0.002007977105677128,0.5830680727958679,0.3246072232723236,0.02395605854690075,0.5500374436378479,0.33549433946609497,-0.00023488809529226273,0.5551853775978088,0.3325209617614746,-0.00027940882137045264,0.5607749223709106,0.3314623534679413,0.0013259269762784243,0.5657714009284973,0.3319701850414276,0.004418094642460346,0.568536639213562,0.333297461271286,0.007526095490902662,0.5858455896377563,0.3110946714878082,0.05728689581155777,0.5675240755081177,0.33943280577659607,0.00944570917636156,0.5547442436218262,0.41709786653518677,0.0007916497997939587,0.5518606901168823,0.40380558371543884,-0.012887337245047092,0.5458790063858032,0.41818708181381226,-0.00810597836971283,0.5662201046943665,0.4533623456954956,0.04343791306018829,0.5600435733795166,0.4634074568748474,0.03688313066959381,0.545878529548645,0.4825233221054077,0.02176046185195446,0.5751569867134094,0.43351098895072937,0.07394769042730331,0.5468226671218872,0.33953648805618286,0.0006895448314025998,0.5458861589431763,0.3692985475063324,-0.017708083614706993,0.5514654517173767,0.4796142280101776,0.03672631457448006,0.5877686738967896,0.3920474648475647,0.06318399310112,0.5444328784942627,0.43870922923088074,0.005242566112428904,0.5457842946052551,0.4410124719142914,0.005328677594661713,0.5467163324356079,0.44400128722190857,0.00532899796962738,0.547191321849823,0.4476770758628845,0.007157794665545225,0.5499922037124634,0.45358890295028687,0.013693667948246002,0.5504232048988342,0.43506699800491333,0.012301426380872726,0.5515598654747009,0.434053897857666,0.012757808901369572,0.5525194406509399,0.43306416273117065,0.012888139113783836,0.562741756439209,0.42317020893096924,0.014118200168013573,0.583363950252533,0.39955222606658936,0.02745637111365795,0.5441390872001648,0.35873645544052124,-0.013618072494864464,0.5429770350456238,0.3380483388900757,-0.006052766926586628,0.5452504754066467,0.337441623210907,-0.0019594160839915276,0.5491814613342285,0.43613114953041077,0.01305641420185566,0.5811958909034729,0.41829317808151245,0.04139018803834915,0.540534257888794,0.34052807092666626,-0.01542381476610899,0.5521218776702881,0.4597941040992737,0.018826283514499664,0.5428179502487183,0.3662494719028473,-0.024333059787750244,0.5499027967453003,0.38248583674430847,-0.014254224486649036,0.5444289445877075,0.4671362042427063,0.013856173492968082,0.563239574432373,0.4402306079864502,0.0257885679602623,0.5592581033706665,0.4004152715206146,0.004283664282411337,0.5578657984733582,0.4506748914718628,0.022956356406211853,0.5730686187744141,0.3965907692909241,0.010256546549499035,0.5648884773254395,0.40775197744369507,0.008957106620073318,0.5767446756362915,0.4082219898700714,0.01941482163965702,0.545976996421814,0.47579461336135864,0.01672387309372425,0.5518288016319275,0.38560736179351807,-0.007915191352367401,0.5665557384490967,0.44540297985076904,0.034030500799417496,0.5599841475486755,0.45634472370147705,0.029802627861499786,0.5685785412788391,0.4292849600315094,0.0255594439804554,0.5857638716697693,0.4062921702861786,0.046399958431720734,0.5746304392814636,0.42924195528030396,0.03315504267811775,0.5848289728164673,0.41038820147514343,0.06362319737672806,0.5686430335044861,0.41625142097473145,0.015535266138613224,0.5483642816543579,0.37344202399253845,-0.010983474552631378,0.552375078201294,0.40262696146965027,-0.020603448152542114,0.5540738701820374,0.40230685472488403,-0.012712032534182072,0.5510662794113159,0.39823591709136963,-0.026339061558246613,0.548019528388977,0.3299686014652252,-0.007860365323722363,0.5580204129219055,0.32359424233436584,-0.007223568391054869,0.5666220188140869,0.32140830159187317,-0.004193986300379038,0.5729712843894958,0.3218105733394623,0.0008519412949681282,0.5764158964157104,0.32443663477897644,0.006488203536719084,0.5763839483261108,0.33656927943229675,0.019384710118174553,0.5892088413238525,0.35388433933258057,0.05639518052339554,0.5741161108016968,0.3505554497241974,0.01558749657124281,0.569219172000885,0.3545618951320648,0.010615689679980278,0.5615612864494324,0.35572847723960876,0.006256229244172573,0.5541191101074219,0.35480058193206787,0.002845760900527239,0.5487400889396667,0.3531129062175751,0.00022678522509522736,0.5452554225921631,0.3513641059398651,-0.0017211994854733348,0.5832787752151489,0.34980031847953796,0.08057966083288193,0.5532617568969727,0.4034779369831085,-0.009357819333672523,0.5474385619163513,0.378659725189209,-0.02079484425485134,0.5497851371765137,0.40493378043174744,-0.026338156312704086,0.5463669896125793,0.4088141620159149,-0.02390824444591999,0.5490789413452148,0.40572643280029297,-0.023115921765565872,0.551717221736908,0.4055783152580261,-0.007268074434250593,0.545646071434021,0.41015055775642395,-0.025606142356991768,0.5441669821739197,0.4112219512462616,-0.018001001328229904,0.5439502596855164,0.3434457778930664,-0.00026567341410554945,0.5424342155456543,0.3473227322101593,-0.004685791675001383,0.5423876047134399,0.35045456886291504,-0.009075045585632324,0.5700368285179138,0.33435186743736267,0.010384909808635712,0.57403165102005,0.330237478017807,0.011078676208853722,0.4906174838542938,0.3437481224536896,-0.01317550614476204,0.4984809160232544,0.34323710203170776,-0.01317550614476204,0.49023759365081787,0.33413180708885193,-0.01317550614476204,0.4826797544956207,0.34421050548553467,-0.01317550614476204,0.49100422859191895,0.35326090455055237,-0.01317550614476204,0.5565295815467834,0.33709776401519775,0.004815487656742334,0.5630438327789307,0.33605799078941345,0.004815487656742334,0.555932343006134,0.32917284965515137,0.004815487656742334,0.5500510334968567,0.3380758762359619,0.004815487656742334,0.5571912527084351,0.34499627351760864,0.004815487656742334
2033.3333333333314,0.5381748676300049,0.43433207273483276,-0.009694832377135754,0.5424550771713257,0.4070201814174652,-0.031533896923065186,0.5389617085456848,0.412396103143692,-0.013612642884254456,0.5342922806739807,0.37639951705932617,-0.030209681019186974,0.5426200032234192,0.3984147608280182,-0.035013675689697266,0.5413182973861694,0.385797381401062,-0.034534454345703125,0.5364817380905151,0.3530893325805664,-0.02436003088951111,0.4825533926486969,0.3472518026828766,-0.012140467762947083,0.53453129529953,0.3278787434101105,-0.02452746592462063,0.5343082547187805,0.31539613008499146,-0.028433820232748985,0.5305155515670776,0.26495233178138733,-0.031144006177783012,0.5378848910331726,0.4369998574256897,-0.008320881985127926,0.537221372127533,0.43958738446235657,-0.00595344603061676,0.5364389419555664,0.44136956334114075,-0.002269986318424344,0.5363402366638184,0.4413653314113617,-0.0006140385521575809,0.5366635918617249,0.4451429843902588,-0.00030202872585505247,0.5366389155387878,0.4494772255420685,-0.000605364388320595,0.5361347794532776,0.45377811789512634,0.0015672409208491445,0.5359765291213989,0.4619963765144348,0.009262695908546448,0.5414912700653076,0.4105885624885559,-0.027711793780326843,0.533824622631073,0.40991339087486267,-0.020315220579504967,0.447016179561615,0.30673348903656006,0.002390120178461075,0.5030038356781006,0.3546563684940338,-0.013317973352968693,0.4965963363647461,0.35590341687202454,-0.014267588965594769,0.48978760838508606,0.3559631109237671,-0.014026256278157234,0.47933533787727356,0.3499729335308075,-0.011195422150194645,0.5082474946975708,0.3525279760360718,-0.011422157287597656,0.49243059754371643,0.3300595283508301,-0.020717468112707138,0.5002090334892273,0.3309409022331238,-0.019046800211071968,0.48508405685424805,0.33173272013664246,-0.019691018387675285,0.4800344705581665,0.3350910246372223,-0.017642173916101456,0.4738081395626068,0.3559032082557678,-0.008015158586204052,0.5124064683914185,0.4745367169380188,0.013725053519010544,0.4792451560497284,0.34419649839401245,-0.010947841219604015,0.44690513610839844,0.34870484471321106,0.0136201037093997,0.46448737382888794,0.349071741104126,-0.004704372026026249,0.5018657445907593,0.3944159150123596,-0.011533997021615505,0.5302606225013733,0.43331122398376465,-0.01105812843888998,0.5296018719673157,0.4395643472671509,-0.0068336110562086105,0.5212935209274292,0.43533867597579956,-0.009043106809258461,0.5143713355064392,0.4365476965904236,-0.005132005549967289,0.5221642255783081,0.43944236636161804,-0.00590814184397459,0.5158160924911499,0.43911853432655334,-0.0022706312593072653,0.5042189955711365,0.44433706998825073,0.006960287690162659,0.5372655391693115,0.4072139859199524,-0.032087717205286026,0.5366626381874084,0.3987940549850464,-0.03552272170782089,0.4709952473640442,0.32907211780548096,-0.020392777398228645,0.5148215293884277,0.3711519241333008,-0.014200170524418354,0.5188921093940735,0.401772141456604,-0.020922711119055748,0.5177001357078552,0.39623913168907166,-0.0199537705630064,0.47903114557266235,0.39327993988990784,-0.009066677652299404,0.5355852246284485,0.386942982673645,-0.03415045887231827,0.49050793051719666,0.3209202289581299,-0.028507839888334274,0.47948867082595825,0.32339727878570557,-0.025610530748963356,0.45664238929748535,0.29123958945274353,-0.010971957817673683,0.520449161529541,0.32921841740608215,-0.026271924376487732,0.5065255165100098,0.3344917893409729,-0.015420290641486645,0.4989616572856903,0.4360126256942749,0.004755042959004641,0.45322224497795105,0.43011146783828735,0.04921963810920715,0.5232812166213989,0.4065987765789032,-0.01654011197388172,0.5285395979881287,0.4089154899120331,-0.014537366107106209,0.5041933059692383,0.43763798475265503,0.005341447424143553,0.5058099627494812,0.4380958676338196,0.004546184092760086,0.4751560688018799,0.31716862320899963,-0.024739708751440048,0.5176724195480347,0.40419113636016846,-0.01664549484848976,0.5041486024856567,0.3224759101867676,-0.028869839385151863,0.5033355951309204,0.3150477111339569,-0.031911224126815796,0.489827960729599,0.27086973190307617,-0.03152893856167793,0.4661080837249756,0.3038288354873657,-0.019206566736102104,0.49714744091033936,0.29153019189834595,-0.03246602043509483,0.46553879976272583,0.32402825355529785,-0.017061445862054825,0.45648840069770813,0.3161005973815918,-0.008088624104857445,0.529899537563324,0.4367122948169708,-0.00965537503361702,0.5217328667640686,0.4374229311943054,-0.007636787835508585,0.5151110291481018,0.4378150403499603,-0.004089375492185354,0.5244503617286682,0.40767398476600647,-0.014326434582471848,0.50503009557724,0.43787282705307007,0.004979195538908243,0.5090922117233276,0.440834105014801,0.003369483631104231,0.50661700963974,0.4383385479450226,0.004550779704004526,0.5279938578605652,0.40588700771331787,-0.0255570188164711,0.5162994265556335,0.4401414096355438,-0.0004988872678950429,0.5225051045417786,0.44086894392967224,-0.00248509063385427,0.5293483734130859,0.4413544535636902,-0.0033932963851839304,0.527161180973053,0.4622695744037628,0.007788524497300386,0.527917206287384,0.45372629165649414,3.868516068905592e-05,0.528539776802063,0.4493482708930969,-0.0019663602579385042,0.5290153622627258,0.44504186511039734,-0.001585303689353168,0.529314398765564,0.4414777457714081,-0.001727075781673193,0.5162462592124939,0.4402914345264435,0.0008097764803096652,0.5152902603149414,0.4417949318885803,0.0007587810978293419,0.5140835046768188,0.443925142288208,0.0005358567577786744,0.5130005478858948,0.44628509879112244,0.0018752961186692119,0.5086876153945923,0.4245234727859497,-0.005553403869271278,0.44224709272384644,0.384657084941864,0.04673723503947258,0.5403800010681152,0.41170310974121094,-0.0188752431422472,0.5114080309867859,0.4394177198410034,0.003085790202021599,0.5103316307067871,0.4400482177734375,0.0031607882119715214,0.530726432800293,0.411968857049942,-0.013561596162617207,0.518875002861023,0.4081885814666748,-0.009951174259185791,0.5297085642814636,0.4105013608932495,-0.014311249367892742,0.5075867772102356,0.37602558732032776,-0.012662352994084358,0.4963054656982422,0.3825474977493286,-0.01225790660828352,0.5158446431159973,0.39914119243621826,-0.01587596908211708,0.47040972113609314,0.27904021739959717,-0.022744273766875267,0.47911328077316284,0.29520708322525024,-0.027012571692466736,0.4880850613117218,0.3135758340358734,-0.029675234109163284,0.5104401707649231,0.4518944323062897,0.006561113055795431,0.5190668106079102,0.3174135386943817,-0.031203618273139,0.5143151879310608,0.2906477451324463,-0.0335395522415638,0.5091322064399719,0.2666071653366089,-0.03404584527015686,0.4833086133003235,0.35402825474739075,-0.012696847319602966,0.46619418263435364,0.3622629642486572,-0.004901102278381586,0.5116450786590576,0.3505585193634033,-0.010450100526213646,0.4728700816631317,0.33907148241996765,-0.013989917933940887,0.5199288725852966,0.3659372925758362,-0.016387570649385452,0.5240048766136169,0.4001537561416626,-0.026755811646580696,0.4575585722923279,0.3689109981060028,0.0015026865294203162,0.47259342670440674,0.36957961320877075,-0.008314053528010845,0.4829275906085968,0.37357911467552185,-0.011374277994036674,0.49633321166038513,0.37173882126808167,-0.011563231237232685,0.5054234266281128,0.3676069676876068,-0.01139344833791256,0.5119609236717224,0.3635846674442291,-0.012244817800819874,0.5302558541297913,0.35541123151779175,-0.02334701083600521,0.4592832922935486,0.3882502317428589,0.00352976331487298,0.46694743633270264,0.3378411531448364,-0.013015487231314182,0.538258969783783,0.41066974401474,-0.028196869418025017,0.5166555047035217,0.3807503283023834,-0.014815760776400566,0.43949413299560547,0.34378907084465027,0.032579388469457626,0.5172716975212097,0.3593593239784241,-0.013101877644658089,0.5139117240905762,0.3984682559967041,-0.00948154367506504,0.4761478304862976,0.3443346917629242,-0.010245829820632935,0.5227101445198059,0.3933245837688446,-0.025459760800004005,0.4459342062473297,0.40702733397483826,0.04936683177947998,0.5107195377349854,0.3474476933479309,-0.009996883571147919,0.529212236404419,0.38944002985954285,-0.031148958951234818,0.47783204913139343,0.455267995595932,0.025352736935019493,0.4755633473396301,0.46327316761016846,0.037610653787851334,0.4480666518211365,0.3879533112049103,0.02486354298889637,0.4663206934928894,0.4432241916656494,0.028329016640782356,0.4508826732635498,0.3308342695236206,0.004003435373306274,0.5110304355621338,0.48246967792510986,0.01872028224170208,0.537818431854248,0.41155967116355896,-0.018983446061611176,0.5102197527885437,0.38672971725463867,-0.012376248836517334,0.4572482705116272,0.3496464192867279,0.0001535605697426945,0.49056580662727356,0.35081759095191956,-0.01412871852517128,0.49658411741256714,0.3509642481803894,-0.014416522346436977,0.5078838467597961,0.44179078936576843,0.004212590400129557,0.46044570207595825,0.40610361099243164,0.009969154372811317,0.5220768451690674,0.49147993326187134,0.02462034672498703,0.500303328037262,0.4818904995918274,0.02938631735742092,0.48933732509613037,0.4746112823486328,0.032803118228912354,0.5326265096664429,0.289838045835495,-0.030854661017656326,0.5343592166900635,0.4910188913345337,0.026462513953447342,0.5017551779747009,0.34982654452323914,-0.013518290594220161,0.5065007209777832,0.34834083914756775,-0.01184869185090065,0.5095160603523254,0.34781643748283386,-0.0103150624781847,0.46043860912323,0.3346738815307617,-0.008338400162756443,0.5047257542610168,0.3405791223049164,-0.014329309575259686,0.4988888204097748,0.33771273493766785,-0.016634544357657433,0.49309730529785156,0.33737456798553467,-0.017608797177672386,0.487199604511261,0.33875149488449097,-0.0170126985758543,0.48340705037117004,0.3408913016319275,-0.015366858802735806,0.4416027367115021,0.323233962059021,0.018173450604081154,0.4860268235206604,0.3493252992630005,-0.013158903457224369,0.5383386611938477,0.41833996772766113,-0.01067699771374464,0.5163102746009827,0.4204936623573303,-0.008596435189247131,0.523825466632843,0.40597105026245117,-0.01931222528219223,0.5296651721000671,0.41907525062561035,-0.011911779642105103,0.5347915291786194,0.3396117687225342,-0.022258279845118523,0.4895830750465393,0.4661237895488739,0.02435598522424698,0.5000286102294922,0.4744938910007477,0.022163424640893936,0.5231386423110962,0.4872210621833801,0.01654685102403164,0.46373921632766724,0.4491310715675354,0.044051580131053925,0.5088822841644287,0.3449091911315918,-0.011932293884456158,0.5269424319267273,0.37057483196258545,-0.023250730708241463,0.5356094837188721,0.48669159412384033,0.01854761131107807,0.5111773610115051,0.4880165159702301,0.02560516446828842,0.4508630633354187,0.40785396099090576,0.0288157407194376,0.5224659442901611,0.44103771448135376,-0.0009484394686296582,0.5216286778450012,0.44371724128723145,-0.0010139659279957414,0.5208019018173218,0.44709622859954834,-0.0012765281135216355,0.5200595259666443,0.45100125670433044,0.0003450868825893849,0.5179914236068726,0.4583253860473633,0.006129354238510132,0.5103955268859863,0.4385497272014618,0.0010654287179931998,0.5094159245491028,0.4378153383731842,0.00044279059511609375,0.5085856914520264,0.4370707869529724,-0.0002585368638392538,0.5024216175079346,0.42960935831069946,-0.0013793939724564552,0.47232815623283386,0.41203394532203674,0.0005172699457034469,0.5251792669296265,0.3601170778274536,-0.019496452063322067,0.5170841813087463,0.34133481979370117,-0.013606812804937363,0.5119615197181702,0.34175240993499756,-0.012656169943511486,0.5113574862480164,0.4393100440502167,0.002241162583231926,0.47097867727279663,0.43191757798194885,0.014482786878943443,0.5248311758041382,0.34213706851005554,-0.020064568147063255,0.5147705674171448,0.4660114645957947,0.010446791537106037,0.539692223072052,0.3748989999294281,-0.030869172886013985,0.5323234796524048,0.36663299798965454,-0.027378840371966362,0.5381519198417664,0.36460134387016296,-0.027566179633140564,0.5227234959602356,0.384481281042099,-0.021345561370253563,0.5361620187759399,0.4794246256351471,0.01346664410084486,0.5360367894172668,0.4700421094894409,0.011484077200293541,0.5256789326667786,0.47049108147621155,0.010394894517958164,0.49841395020484924,0.44917288422584534,0.010051843710243702,0.5077903270721436,0.4053662419319153,-0.007848655804991722,0.5058794021606445,0.45865607261657715,0.010874138213694096,0.49040547013282776,0.40544334053993225,-0.009125766344368458,0.5010082721710205,0.4144068956375122,-0.006225679535418749,0.4838390350341797,0.4188835024833679,-0.002597217448055744,0.5243082046508789,0.4798833727836609,0.011877230368554592,0.5179517865180969,0.38830554485321045,-0.016715744510293007,0.4925472140312195,0.4567325711250305,0.01591538079082966,0.5023738741874695,0.46614283323287964,0.016240321099758148,0.49243664741516113,0.4387190043926239,0.006205348763614893,0.4625260829925537,0.42082053422927856,0.016157453879714012,0.48241567611694336,0.44142717123031616,0.010674957185983658,0.4562395215034485,0.42614686489105225,0.03116065263748169,0.4948844015598297,0.42438435554504395,-0.002443114295601845,0.5217992067337036,0.3755171000957489,-0.018713487312197685,0.5262569785118103,0.4045659601688385,-0.0273564662784338,0.5210751295089722,0.4050453305244446,-0.020415276288986206,0.530210554599762,0.39947405457496643,-0.031720973551273346,0.5124189257621765,0.33395668864250183,-0.018149808049201965,0.5019713044166565,0.3286115527153015,-0.022121071815490723,0.49212369322776794,0.32724234461784363,-0.02356790192425251,0.4834223985671997,0.3288207948207855,-0.022400107234716415,0.47673678398132324,0.33267897367477417,-0.019414149224758148,0.47134050726890564,0.34683555364608765,-0.008295178413391113,0.44661569595336914,0.36832863092422485,0.019260473549365997,0.478516161441803,0.36027300357818604,-0.009741623885929585,0.4866684675216675,0.3633793890476227,-0.011482257395982742,0.49607351422309875,0.36297231912612915,-0.011964172124862671,0.5041704177856445,0.36044809222221375,-0.011590084061026573,0.510169506072998,0.3575359284877777,-0.010773430578410625,0.5145098567008972,0.3550141453742981,-0.010772365145385265,0.44042423367500305,0.36380094289779663,0.041374146938323975,0.5204582214355469,0.40623366832733154,-0.01689213700592518,0.5284860730171204,0.3798215687274933,-0.026380710303783417,0.5319883227348328,0.4060271978378296,-0.03060527704656124,0.5341170430183411,0.40934017300605774,-0.026349714025855064,0.5309627652168274,0.4068702459335327,-0.027488982304930687,0.5215309262275696,0.4079819321632385,-0.013557192869484425,0.5359634757041931,0.4102437198162079,-0.027573546394705772,0.535554051399231,0.41114330291748047,-0.019630108028650284,0.5135675668716431,0.3479962646961212,-0.00984554085880518,0.5179212093353271,0.3503948748111725,-0.011939573101699352,0.5213173031806946,0.35274460911750793,-0.015106531791388988,0.48113301396369934,0.34264665842056274,-0.01347343996167183,0.4766501784324646,0.33915841579437256,-0.014250471256673336,0.5442386865615845,0.37533190846443176,-0.027008062228560448,0.5691348910331726,0.3376055657863617,0.011158650740981102,0.5456535816192627,0.4084260165691376,-0.017842397093772888,0.5847965478897095,0.296104371547699,0.0390642024576664,0.5534404516220093,0.3481106162071228,0.0017409586580470204,0.5594558119773865,0.34779074788093567,0.003828112268820405,0.565131664276123,0.34682923555374146,0.006854141131043434,0.5709566473960876,0.3404023051261902,0.013509184122085571,0.5486820936203003,0.347115695476532,0.0004712776863016188,0.5633341670036316,0.32444286346435547,-0.0017006101552397013,0.5563300848007202,0.3261157274246216,-0.004029806237667799,0.5691619515419006,0.3249167799949646,0.0022164781112223864,0.5723193883895874,0.3273410499095917,0.00598023971542716,0.575848400592804,0.3458579480648041,0.01863216608762741,0.5544400811195374,0.4670686721801758,0.02439962513744831,0.570709228515625,0.33509373664855957,0.013467059470713139,0.5878419280052185,0.3356042504310608,0.04979664087295532,0.5798135995864868,0.33810022473335266,0.02516828291118145,0.5637575387954712,0.38787975907325745,0.0036455828230828047,0.5445900559425354,0.43182939291000366,-0.0072381747886538506,0.542681872844696,0.4381812810897827,-0.003284964943304658,0.5489349961280823,0.43200233578681946,-0.0011305443476885557,0.5513922572135925,0.4325277805328369,0.005741547793149948,0.5464548468589783,0.4368756115436554,0.0009862208971753716,0.5489906072616577,0.4359271228313446,0.006939299404621124,0.558932900428772,0.4374932050704956,0.020933251827955246,0.5468546152114868,0.40595579147338867,-0.030049694702029228,0.5477287173271179,0.39754965901374817,-0.033095549792051315,0.5806014537811279,0.3198837637901306,0.007784924935549498,0.5509499311447144,0.36746492981910706,-0.0042312066070735455,0.5555548667907715,0.39768898487091064,-0.011723635718226433,0.5549514293670654,0.3922520875930786,-0.01045791245996952,0.579909086227417,0.3824943006038666,0.016112303361296654,0.5461698174476624,0.3857954442501068,-0.03104798123240471,0.5706169009208679,0.3149012327194214,-0.008835120126605034,0.5771393179893494,0.3157520294189453,-0.0010573203908279538,0.581813633441925,0.2822500467300415,0.021965306252241135,0.5464994311332703,0.326652467250824,-0.01969241164624691,0.5501721501350403,0.3300391137599945,-0.0032858203630894423,0.563414454460144,0.42842382192611694,0.021763183176517487,0.5790156126022339,0.41408270597457886,0.083197221159935,0.5515474081039429,0.40340641140937805,-0.009755833074450493,0.5475499629974365,0.40703150629997253,-0.011107375845313072,0.5539188981056213,0.4339754283428192,0.019988881424069405,0.552743136882782,0.43456992506980896,0.01742072030901909,0.579312801361084,0.30915576219558716,0.0013574535259976983,0.5549094080924988,0.40016797184944153,-0.007651085499674082,0.560716450214386,0.3177700638771057,-0.015371887013316154,0.5620810985565186,0.3102666735649109,-0.018061840906739235,0.5641903877258301,0.26626870036125183,-0.012729082256555557,0.5811405181884766,0.2940659523010254,0.009547215886414051,0.5630443692207336,0.2865186631679535,-0.01658620685338974,0.5826736092567444,0.3146095871925354,0.01302935741841793,0.5846654176712036,0.30487024784088135,0.02445233426988125,0.5438474416732788,0.43533116579055786,-0.005848554894328117,0.5477871298789978,0.4345851540565491,-0.0002122728037647903,0.5502913594245911,0.43423402309417725,0.00584957841783762,0.5502375364303589,0.4048214256763458,-0.008791511878371239,0.5533183813095093,0.4342905879020691,0.018520254641771317,0.5517441034317017,0.4371825158596039,0.014742839150130749,0.5521028637886047,0.43490931391716003,0.017065590247511864,0.5507391095161438,0.40312817692756653,-0.019275730475783348,0.547737717628479,0.43735525012016296,0.008229686878621578,0.5451322793960571,0.43867647647857666,0.003986230585724115,0.5414681434631348,0.44011715054512024,0.00022757926490157843,0.5434891581535339,0.4599705934524536,0.011289254762232304,0.5426360964775085,0.45180678367614746,0.0037693288177251816,0.5428206324577332,0.4475226104259491,0.0019638310186564922,0.5423457622528076,0.44343236088752747,0.0022513880394399166,0.5413435697555542,0.4401012063026428,0.0019363017054274678,0.5476423501968384,0.43728622794151306,0.009540429338812828,0.5489392876625061,0.43853282928466797,0.00946053583174944,0.5500433444976807,0.440269410610199,0.009561474435031414,0.5507532358169556,0.44239240884780884,0.011547470465302467,0.5594046115875244,0.41893887519836426,0.006975462194532156,0.5831529498100281,0.3700203001499176,0.08457262814044952,0.549575924873352,0.4361906051635742,0.014040375128388405,0.5507711172103882,0.4366094172000885,0.014116412959992886,0.545687735080719,0.41060370206832886,-0.010173230431973934,0.5529006123542786,0.40464311838150024,-0.002840530127286911,0.5466053485870361,0.40893200039863586,-0.010986808687448502,0.5565675497055054,0.37103572487831116,0.0006926539354026318,0.5665616393089294,0.3752710223197937,0.00580165209248662,0.5552207231521606,0.39498719573020935,-0.00608367845416069,0.5757821798324585,0.2720421850681305,0.00412934273481369,0.5745160579681396,0.2874808609485626,-0.0038820356130599976,0.5723662972450256,0.30713266134262085,-0.008959375321865082,0.5552254915237427,0.44578033685684204,0.017942607402801514,0.5490260124206543,0.3151160478591919,-0.024150079116225243,0.5494961738586426,0.28801387548446655,-0.025287773460149765,0.549648106098175,0.26417428255081177,-0.024557333439588547,0.569060206413269,0.34421396255493164,0.010592634789645672,0.5811372995376587,0.3512363135814667,0.02463389001786709,0.5457279086112976,0.3457515835762024,0.00014066860603634268,0.5766798853874207,0.3295291066169739,0.013079349882900715,0.5474721789360046,0.3630736172199249,-0.008383428677916527,0.5539021492004395,0.3967945873737335,-0.01928115263581276,0.5882842540740967,0.3556455671787262,0.03485994413495064,0.5798134803771973,0.35920801758766174,0.019439302384853363,0.5743614435195923,0.3647577166557312,0.012287376448512077,0.5636473298072815,0.36522209644317627,0.006567494943737984,0.555355966091156,0.362680047750473,0.002412873785942793,0.5497655868530273,0.35990291833877563,-0.0018713818863034248,0.5414666533470154,0.3542868196964264,-0.019953209906816483,0.5892448425292969,0.37442710995674133,0.03670213744044304,0.5804228782653809,0.32768532633781433,0.016622692346572876,0.5442879796028137,0.40983447432518005,-0.026563938707113266,0.5514227747917175,0.3772505223751068,-0.005247702822089195,0.5848679542541504,0.33107995986938477,0.07173038274049759,0.5457938313484192,0.35646194219589233,-0.005019493866711855,0.5547142624855042,0.3942573368549347,0.0002742671931628138,0.5728040933609009,0.33492594957351685,0.015402175486087799,0.5529016256332397,0.3900902569293976,-0.017832593992352486,0.5820375680923462,0.3912615478038788,0.08564154803752899,0.5451035499572754,0.3423542380332947,0.001049863058142364,0.5499086976051331,0.38716691732406616,-0.025630302727222443,0.573865532875061,0.4411376118659973,0.04986884444952011,0.5706884860992432,0.44846659898757935,0.06324237585067749,0.5893768072128296,0.3727741539478302,0.06095368415117264,0.5800766944885254,0.42809465527534485,0.05723967030644417,0.5863626599311829,0.31886589527130127,0.03867765888571739,0.5544654130935669,0.4740963876247406,0.030302930623292923,0.5427311062812805,0.4110003411769867,-0.017965303733944893,0.5560774207115173,0.382057249546051,-0.0005930161569267511,0.5822960734367371,0.33850380778312683,0.032953981310129166,0.5643221139907837,0.341228723526001,0.00636768713593483,0.5593065619468689,0.34253305196762085,0.0037201486993581057,0.5525424480438232,0.4379747807979584,0.016437480226159096,0.5882174372673035,0.3917452394962311,0.041955213993787766,0.5448018908500671,0.4868948459625244,0.03125421702861786,0.5578888058662415,0.4707590937614441,0.04590429365634918,0.5635634064674377,0.4613432288169861,0.05362221226096153,0.5540673732757568,0.3427789509296417,0.0019640710670500994,0.5493059158325195,0.34246158599853516,0.0014288465026766062,0.546406090259552,0.342560350894928,0.0016082471702247858,0.5825986862182617,0.32456669211387634,0.02354671061038971,0.5498600602149963,0.3354485332965851,-0.0006759657408110797,0.5550684928894043,0.33238455653190613,-0.0007355419802479446,0.5607279539108276,0.33130714297294617,0.0008809704449959099,0.5656770467758179,0.3318342864513397,0.003995833452790976,0.5683639049530029,0.33319422602653503,0.007120458409190178,0.585953414440155,0.31149911880493164,0.056652236729860306,0.5672903060913086,0.33944597840309143,0.00909019447863102,0.5547719597816467,0.41643932461738586,0.0009728968725539744,0.5520592331886292,0.4027051031589508,-0.012829814106225967,0.5460150241851807,0.4173726737499237,-0.007903571240603924,0.5665147304534912,0.4533464312553406,0.04418304190039635,0.5604557991027832,0.46345075964927673,0.037764307111501694,0.5464137196540833,0.48266929388046265,0.02285660244524479,0.5753295421600342,0.4335392713546753,0.0744066834449768,0.5466232895851135,0.33962664008140564,0.0002616272831801325,0.5461108088493347,0.36857283115386963,-0.017855700105428696,0.5521430373191833,0.4797517955303192,0.03779596835374832,0.5878274440765381,0.3920939564704895,0.06337834894657135,0.5450314283370972,0.4386357069015503,0.005575462710112333,0.5463394522666931,0.44095471501350403,0.005697183310985565,0.5471938848495483,0.4439886808395386,0.005777894519269466,0.5475621223449707,0.44770878553390503,0.00768269831314683,0.5503119826316833,0.4537065327167511,0.014382692985236645,0.5508738160133362,0.4351683259010315,0.012491748668253422,0.5519940853118896,0.43414825201034546,0.01294228620827198,0.5529354810714722,0.43314889073371887,0.013069936074316502,0.5626034140586853,0.42283520102500916,0.014309434220194817,0.5833923816680908,0.39943093061447144,0.027640322223305702,0.5443621277809143,0.3581918179988861,-0.013828611001372337,0.5430055856704712,0.3379118740558624,-0.006487206555902958,0.5451555252075195,0.3373832702636719,-0.002422130201011896,0.549609899520874,0.43625524640083313,0.013251709751784801,0.5811960697174072,0.41820812225341797,0.0417616106569767,0.5407769083976746,0.340281218290329,-0.015813414007425308,0.5524992346763611,0.45985931158065796,0.01964499056339264,0.543021023273468,0.3654828369617462,-0.02450818382203579,0.5501490831375122,0.38166049122810364,-0.014312860555946827,0.544891357421875,0.46729087829589844,0.014810765162110329,0.5633583068847656,0.4401513934135437,0.026275569573044777,0.5593631863594055,0.399854838848114,0.004408412147313356,0.5581145882606506,0.45066046714782715,0.023616934195160866,0.5731285214424133,0.39627382159233093,0.010408550500869751,0.5648996233940125,0.40729308128356934,0.009129748679697514,0.5767357349395752,0.40799999237060547,0.01964780129492283,0.5464653968811035,0.47589513659477234,0.01775246113538742,0.5520710945129395,0.38486629724502563,-0.007939539849758148,0.5667670369148254,0.445352166891098,0.03463518247008324,0.5603069067001343,0.45635786652565,0.03058205172419548,0.5685875415802002,0.42915087938308716,0.025937264785170555,0.5857784748077393,0.4062172770500183,0.046674322336912155,0.5746850371360779,0.4291553497314453,0.033578112721443176,0.5848684906959534,0.4103606939315796,0.06398087739944458,0.5685754418373108,0.4159601926803589,0.015770403668284416,0.548604428768158,0.3727719485759735,-0.011091383174061775,0.5525918006896973,0.401395320892334,-0.02055882103741169,0.5542594194412231,0.4012652635574341,-0.012644955888390541,0.5512751936912537,0.39697572588920593,-0.02630726434290409,0.5480999946594238,0.3296183943748474,-0.008355851285159588,0.558072030544281,0.32330089807510376,-0.007728603668510914,0.5666115283966064,0.32121139764785767,-0.004681939259171486,0.5728666186332703,0.32169464230537415,0.00039934515370987356,0.5761852264404297,0.3244004547595978,0.006065635941922665,0.575934112071991,0.33659714460372925,0.019053032621741295,0.5892270803451538,0.35404717922210693,0.056259047240018845,0.5738784074783325,0.3506290018558502,0.015335229225456715,0.5690823793411255,0.35459715127944946,0.010386178269982338,0.5614365339279175,0.3556850552558899,0.006033158861100674,0.5539935827255249,0.35472410917282104,0.0026034957263618708,0.5486690998077393,0.3530682325363159,-4.866375820711255e-05,0.5452473163604736,0.35135120153427124,-0.002019024221226573,0.583404541015625,0.3502936065196991,0.08030489087104797,0.5534343123435974,0.4025460481643677,-0.009276450611650944,0.5476613640785217,0.3777667284011841,-0.020880380645394325,0.5500017404556274,0.4035935401916504,-0.026280272752046585,0.5465725660324097,0.4075396656990051,-0.023826004937291145,0.5493060946464539,0.4044252932071686,-0.023054977878928185,0.5518741607666016,0.4047202169895172,-0.007162276189774275,0.5458682775497437,0.40884825587272644,-0.02552049607038498,0.5443840622901917,0.4100145697593689,-0.017899824306368828,0.5438046455383301,0.34352022409439087,-0.0006719001685269177,0.54245924949646,0.34730076789855957,-0.005036478862166405,0.5425567030906677,0.35040581226348877,-0.009368283674120903,0.5697925090789795,0.3342858552932739,0.009999165311455727,0.5737453699111938,0.33023592829704285,0.010696504265069962,0.4909287691116333,0.34397560358047485,-0.013551832176744938,0.4989447593688965,0.3434249758720398,-0.013551832176744938,0.4905378520488739,0.334358274936676,-0.013551832176744938,0.4828430116176605,0.34446772933006287,-0.013551832176744938,0.4913231432437897,0.3534717261791229,-0.013551832176744938,0.5562142729759216,0.3366309404373169,0.004418832249939442,0.5623074173927307,0.33579570055007935,0.004418832249939442,0.5557170510292053,0.3288235068321228,0.004418832249939442,0.5501469969749451,0.3373962342739105,0.004418832249939442,0.5567624568939209,0.34443315863609314,0.004418832249939442
2066.6666666666647,0.5322167873382568,0.4332346022129059,-0.009762746281921864,0.536281943321228,0.4085085391998291,-0.031576793640851974,0.5332987904548645,0.4135025143623352,-0.013703829608857632,0.5283092856407166,0.3770354390144348,-0.029774043709039688,0.5363678336143494,0.3997962474822998,-0.03502542898058891,0.5351582765579224,0.386833518743515,-0.03446263447403908,0.5307533144950867,0.35317063331604004,-0.02395632676780224,0.47793301939964294,0.3457305133342743,-0.009695305489003658,0.5288907885551453,0.32789549231529236,-0.02383250743150711,0.5286287665367126,0.3153565227985382,-0.027619995176792145,0.5251410603523254,0.26378923654556274,-0.029843226075172424,0.532086968421936,0.43608471751213074,-0.008353454060852528,0.5316605567932129,0.4388289749622345,-0.005972049664705992,0.5311403870582581,0.44064128398895264,-0.0022634114138782024,0.5311407446861267,0.44054949283599854,-0.0014408598653972149,0.5314624309539795,0.4444293975830078,-0.001185789704322815,0.5315209627151489,0.4489136338233948,-0.0017101932317018509,0.5312259197235107,0.4534057378768921,9.097738802665845e-05,0.5309089422225952,0.45995551347732544,0.0073279645293951035,0.5354559421539307,0.4119815230369568,-0.02775612287223339,0.527918815612793,0.4110286235809326,-0.020135926082730293,0.44324731826782227,0.304767370223999,0.006391309667378664,0.4980093538761139,0.3536144495010376,-0.011614667251706123,0.49159130454063416,0.35488632321357727,-0.012324974872171879,0.48486605286598206,0.3548559546470642,-0.011842201463878155,0.4747711420059204,0.3485047221183777,-0.00866614282131195,0.5033012628555298,0.3513847291469574,-0.009924694895744324,0.4879295825958252,0.32839465141296387,-0.018541300669312477,0.4956701695919037,0.32938283681869507,-0.017150862142443657,0.4806833565235138,0.33002737164497375,-0.017316287383437157,0.4757033884525299,0.3333878517150879,-0.01515527069568634,0.46911004185676575,0.3546178340911865,-0.00536150811240077,0.5075674057006836,0.47364234924316406,0.01280433963984251,0.4747651219367981,0.34247374534606934,-0.008408119902014732,0.4429094195365906,0.3469471037387848,0.01718464121222496,0.4599981904029846,0.34764617681503296,-0.0017288565868511796,0.49673378467559814,0.39438167214393616,-0.010271149687469006,0.5243288278579712,0.4320550560951233,-0.01085172314196825,0.5241864919662476,0.4386994242668152,-0.006578377448022366,0.515968918800354,0.43404287099838257,-0.008571685291826725,0.5097596645355225,0.43539950251579285,-0.004577744752168655,0.5172016620635986,0.4384395182132721,-0.0054502966813743114,0.511407196521759,0.4380880296230316,-0.0017878568032756448,0.4997044801712036,0.44376087188720703,0.00709015317261219,0.5310752391815186,0.40862134099006653,-0.0319664292037487,0.5303986072540283,0.40007948875427246,-0.035340938717126846,0.46674400568008423,0.32762905955314636,-0.01742098666727543,0.5096598267555237,0.3710082471370697,-0.013114134781062603,0.5132745504379272,0.4025123417377472,-0.02012384682893753,0.5121902227401733,0.39683014154434204,-0.019098078832030296,0.4740763008594513,0.39276936650276184,-0.006906547117978334,0.5294345617294312,0.3879167437553406,-0.0338282510638237,0.48600295186042786,0.3197287321090698,-0.02616504393517971,0.47516822814941406,0.3220910429954529,-0.022871576249599457,0.4524005055427551,0.2895459830760956,-0.007191696669906378,0.5155209302902222,0.3286269009113312,-0.024993587285280228,0.5019618272781372,0.33311307430267334,-0.013751701451838017,0.49434393644332886,0.43591538071632385,0.005453840829432011,0.4500293433666229,0.42867934703826904,0.05176576226949692,0.5177117586135864,0.40744444727897644,-0.015959618613123894,0.5228905081748962,0.40982958674430847,-0.014279901050031185,0.5007851123809814,0.4368273615837097,0.005885951220989227,0.5023242831230164,0.4372129738330841,0.004936629440635443,0.47090932726860046,0.31598642468452454,-0.021792802959680557,0.5121952891349792,0.4048432409763336,-0.015889037400484085,0.49945157766342163,0.321531742811203,-0.026995832100510597,0.4986749589443207,0.3143555223941803,-0.029947694391012192,0.484691321849823,0.2696272134780884,-0.02878614515066147,0.46135106682777405,0.30246245861053467,-0.01590585522353649,0.4917207658290863,0.29073092341423035,-0.030135661363601685,0.46137574315071106,0.3226861357688904,-0.013865652494132519,0.4521266222000122,0.31444254517555237,-0.004559898283332586,0.5242148637771606,0.43571150302886963,-0.009414643049240112,0.5166026949882507,0.4363328516483307,-0.0071626268327236176,0.5105867981910706,0.43673956394195557,-0.0035772870760411024,0.5188990831375122,0.4084964394569397,-0.013865147717297077,0.501587450504303,0.4370212256908417,0.0054354299791157246,0.5054607391357422,0.4398517608642578,0.003368485951796174,0.5031033754348755,0.4374293088912964,0.00490125548094511,0.52214515209198,0.4069536328315735,-0.02503451146185398,0.5119956135749817,0.4391574561595917,-4.5193304686108604e-05,0.5177086591720581,0.4399174451828003,-0.0020529436878859997,0.5241935849189758,0.44052740931510925,-0.0031107536051422358,0.522347629070282,0.46026092767715454,0.006178353913128376,0.5232225656509399,0.4531932473182678,-0.0011157916160300374,0.5236509442329407,0.44863176345825195,-0.002808236051350832,0.5240155458450317,0.44417762756347656,-0.0021871032658964396,0.5242887139320374,0.4405195415019989,-0.0022695916704833508,0.5120586156845093,0.439172625541687,0.0006531259859912097,0.5111515522003174,0.44072261452674866,0.0004942771047353745,0.5100708603858948,0.44288045167922974,0.00013890949776396155,0.5091155171394348,0.44533300399780273,0.0014331270940601826,0.5036680698394775,0.42486003041267395,-0.0048682414926588535,0.43916261196136475,0.3828258514404297,0.05016827955842018,0.5344957113265991,0.41293561458587646,-0.018902990967035294,0.5076447129249573,0.4383796751499176,0.0031481317710131407,0.5066123604774475,0.43902909755706787,0.003156944876536727,0.5251230597496033,0.41290199756622314,-0.013408731669187546,0.5135219097137451,0.4088106155395508,-0.009429908357560635,0.5240744352340698,0.41142556071281433,-0.014091807417571545,0.5025176405906677,0.3758334517478943,-0.011336789466440678,0.49123823642730713,0.38226091861724854,-0.01057842280715704,0.5104619264602661,0.3996468484401703,-0.015016257762908936,0.4657064378261566,0.2775961756706238,-0.019418012350797653,0.4740011692047119,0.2941085696220398,-0.024112369865179062,0.48364800214767456,0.31257808208465576,-0.027144458144903183,0.5058788061141968,0.4507678151130676,0.006124200765043497,0.5142321586608887,0.31710079312324524,-0.029820026829838753,0.508752167224884,0.2899664640426636,-0.03183368965983391,0.5038012266159058,0.26542967557907104,-0.032013192772865295,0.47855687141418457,0.3527502119541168,-0.010297990404069424,0.46148478984832764,0.36105823516845703,-0.0020712842233479023,0.5067457556724548,0.349368155002594,-0.009008164517581463,0.46855971217155457,0.3374614417552948,-0.011223644949495792,0.514635443687439,0.36581236124038696,-0.015430952422320843,0.5181462168693542,0.40111005306243896,-0.02610994502902031,0.4530707895755768,0.3676609396934509,0.004587531089782715,0.4676250219345093,0.36853936314582825,-0.005718725733458996,0.4777175188064575,0.3726765811443329,-0.009167339652776718,0.4910304844379425,0.37086477875709534,-0.009781653061509132,0.5000923871994019,0.36668604612350464,-0.009945163503289223,0.5066243410110474,0.36262983083724976,-0.01103896088898182,0.5245811343193054,0.35543155670166016,-0.02266322448849678,0.4548671543598175,0.38723012804985046,0.006428067106753588,0.46261489391326904,0.33635249733924866,-0.009994964115321636,0.5321962833404541,0.4120068848133087,-0.028111105784773827,0.5114184021949768,0.38088148832321167,-0.013840767554938793,0.43621620535850525,0.34167367219924927,0.03649736940860748,0.5119593739509583,0.35843223333358765,-0.012023018673062325,0.5087067484855652,0.3988497853279114,-0.00865055713802576,0.4717552065849304,0.34267666935920715,-0.007615975104272366,0.5169867277145386,0.3940841555595398,-0.024753857403993607,0.4429643750190735,0.4054023027420044,0.052403099834918976,0.5059407949447632,0.3461628258228302,-0.00845702551305294,0.5232263803482056,0.39029309153556824,-0.030635766685009003,0.47348421812057495,0.4543381333351135,0.026444658637046814,0.4716145992279053,0.4621722102165222,0.038767050951719284,0.44435030221939087,0.3864503800868988,0.02808471769094467,0.4622243642807007,0.44214361906051636,0.030125420540571213,0.44676169753074646,0.3290857672691345,0.007599415257573128,0.5062253475189209,0.4815869629383087,0.01784200593829155,0.5318953394889832,0.41277003288269043,-0.01892988011240959,0.5050808787345886,0.38682007789611816,-0.011266941204667091,0.4528420865535736,0.34825822710990906,0.003380728419870138,0.48574742674827576,0.34965136647224426,-0.011928626336157322,0.49168381094932556,0.3499247133731842,-0.012404539622366428,0.5043671727180481,0.44087615609169006,0.004283853340893984,0.4561895728111267,0.40517377853393555,0.012587243691086769,0.5172677636146545,0.49058854579925537,0.023090334609150887,0.4958629608154297,0.4810022711753845,0.02910776063799858,0.48512133955955505,0.4736596941947937,0.03319093957543373,0.5270613431930542,0.2892141342163086,-0.0298013798892498,0.5295485258102417,0.4902517795562744,0.024338455870747566,0.4968697726726532,0.34875690937042236,-0.011699083261191845,0.5016636252403259,0.34716707468032837,-0.010168331675231457,0.5047129988670349,0.34658628702163696,-0.00871062371879816,0.4562346041202545,0.33330291509628296,-0.005091105587780476,0.5000099539756775,0.3389652669429779,-0.012560374103486538,0.49418503046035767,0.3359668254852295,-0.014688651077449322,0.48845532536506653,0.33561041951179504,-0.015472938306629658,0.482633113861084,0.3370041847229004,-0.014704808592796326,0.4789015054702759,0.3391646444797516,-0.012964780442416668,0.43813928961753845,0.32115644216537476,0.02222018502652645,0.4813065230846405,0.3479706645011902,-0.010807106271386147,0.5328670144081116,0.41921597719192505,-0.010835227556526661,0.5111327171325684,0.42103177309036255,-0.008074083365499973,0.5181700587272644,0.406879186630249,-0.01874333992600441,0.5242571234703064,0.4198296070098877,-0.011806809343397617,0.5291878581047058,0.3395175039768219,-0.021686257794499397,0.48511162400245667,0.46527037024497986,0.024705655872821808,0.49541139602661133,0.4736521542072296,0.02187229134142399,0.5181962251663208,0.4863496422767639,0.015042168088257313,0.46013501286506653,0.4478723108768463,0.0459979772567749,0.504136323928833,0.3434950113296509,-0.010288464836776257,0.5212842226028442,0.3708242177963257,-0.02255953475832939,0.5307139158248901,0.48590874671936035,0.016478467732667923,0.5065073370933533,0.48712998628616333,0.02469908632338047,0.4472964406013489,0.40645772218704224,0.03169091045856476,0.517810583114624,0.43993982672691345,-0.0012615540763363242,0.5170286297798157,0.44269368052482605,-0.0014293283456936479,0.5163173079490662,0.4461427628993988,-0.0018887137994170189,0.5157192349433899,0.4502023458480835,-0.00044560973765328526,0.513364315032959,0.45668354630470276,0.005148519761860371,0.5065230131149292,0.4375869631767273,0.0015453118830919266,0.505547046661377,0.4368598461151123,0.0009914604015648365,0.5047057867050171,0.43612346053123474,0.0003532613627612591,0.4975595772266388,0.4297727644443512,-0.0005742190987803042,0.46761831641197205,0.4114355742931366,0.0026363572105765343,0.5196942090988159,0.36006155610084534,-0.01866084337234497,0.5122936964035034,0.34040600061416626,-0.012340785935521126,0.5072795152664185,0.3405747413635254,-0.011139359325170517,0.5075429677963257,0.43835049867630005,0.0026693542022258043,0.4665414094924927,0.43113890290260315,0.01629338413476944,0.5197478532791138,0.3414578437805176,-0.019119618460536003,0.5100223422050476,0.4648836553096771,0.00941120833158493,0.533678412437439,0.3755914568901062,-0.030693216249346733,0.5264845490455627,0.3669590353965759,-0.026866352185606956,0.5322785377502441,0.3649764955043793,-0.02728501334786415,0.5171798467636108,0.3849336802959442,-0.020612521097064018,0.5311704874038696,0.47847312688827515,0.011387128382921219,0.5310142636299133,0.4686271846294403,0.009487483650445938,0.5207694172859192,0.4691041111946106,0.00877125933766365,0.4937959909439087,0.4486454129219055,0.01030588150024414,0.5026342272758484,0.4056037366390228,-0.006952617783099413,0.5012674331665039,0.45785775780677795,0.010418800637125969,0.4852756857872009,0.4052192270755768,-0.0076835970394313335,0.49590811133384705,0.41448187828063965,-0.005263436120003462,0.4788358509540558,0.4185497462749481,-0.001090176054276526,0.5193067789077759,0.4789077937602997,0.010337057523429394,0.5126253366470337,0.3886865973472595,-0.0158566664904356,0.4879494905471802,0.4560406804084778,0.01629457250237465,0.49770092964172363,0.46536892652511597,0.01588900201022625,0.48771414160728455,0.4384249448776245,0.0070998272858560085,0.4583495259284973,0.41990867257118225,0.018460923805832863,0.4777950942516327,0.44079041481018066,0.011848192662000656,0.4525257647037506,0.4248811602592468,0.03362390398979187,0.4899132251739502,0.4243638515472412,-0.0013561773812398314,0.5163646340370178,0.37569671869277954,-0.01786818727850914,0.5203763246536255,0.405627965927124,-0.026792600750923157,0.5154258608818054,0.4058852791786194,-0.019753215834498405,0.5241087079048157,0.4006268382072449,-0.031251948326826096,0.5077896118164062,0.33288300037384033,-0.016639184206724167,0.4973924160003662,0.32724329829216003,-0.02023719809949398,0.4876234233379364,0.32577595114707947,-0.021372361108660698,0.4790286421775818,0.32730069756507874,-0.019942311570048332,0.47246623039245605,0.3311012387275696,-0.016771316528320312,0.46688956022262573,0.3453109562397003,-0.005524104926735163,0.44271591305732727,0.3666805326938629,0.02271133102476597,0.4736642837524414,0.35907086730003357,-0.007270305883139372,0.481589138507843,0.3623505234718323,-0.009303757920861244,0.4909047782421112,0.3620058298110962,-0.010114165022969246,0.4990055561065674,0.3594522178173065,-0.010050827637314796,0.5050350427627563,0.3564856946468353,-0.009456513449549675,0.509406328201294,0.3539838492870331,-0.009573196992278099,0.43723076581954956,0.36177605390548706,0.04511057585477829,0.5149219036102295,0.40699294209480286,-0.016249364241957664,0.5226694345474243,0.38036853075027466,-0.025758977979421616,0.5258897542953491,0.4072674512863159,-0.030283015221357346,0.5281140208244324,0.4105079770088196,-0.02617872878909111,0.5249916315078735,0.40801116824150085,-0.02714293636381626,0.5160701274871826,0.4087126553058624,-0.013046537525951862,0.5299095511436462,0.4115063548088074,-0.027454178780317307,0.5296306610107422,0.4122886061668396,-0.019512314349412918,0.508755087852478,0.34679797291755676,-0.008458031341433525,0.5129128694534302,0.34943217039108276,-0.010801739059388638,0.5161086916923523,0.35188668966293335,-0.014131336472928524,0.4766538143157959,0.34091484546661377,-0.011005844920873642,0.47232785820961,0.3374485671520233,-0.01166920829564333,0.5383366346359253,0.3760221600532532,-0.027068786323070526,0.5653940439224243,0.3356643319129944,0.009919571690261364,0.5399223566055298,0.4095941185951233,-0.018046246841549873,0.5821191072463989,0.2941542863845825,0.03753866255283356,0.5489616990089417,0.34714603424072266,0.0010549698490649462,0.5552107095718384,0.3467530906200409,0.0029016791377216578,0.5610834956169128,0.3455989360809326,0.005731027107685804,0.5672253966331482,0.3386285603046417,0.012125067412853241,0.5439878702163696,0.3460589647293091,8.760447235545143e-05,0.5589747428894043,0.3227178454399109,-0.0025450310204178095,0.5517693161964417,0.32453250885009766,-0.0045110308565199375,0.5650057196617126,0.3231029510498047,0.0011118365218862891,0.5683116912841797,0.3254651129245758,0.004720617551356554,0.5721663236618042,0.34447047114372253,0.017066793516278267,0.5499100685119629,0.4667787551879883,0.02179192192852497,0.5669922232627869,0.3328554332256317,0.01214331854134798,0.5855380892753601,0.3342314660549164,0.04767599701881409,0.5765791535377502,0.33704033493995667,0.02344190888106823,0.5590232610702515,0.3880757987499237,0.0024903358425945044,0.5389258861541748,0.4306766092777252,-0.0076383743435144424,0.537609875202179,0.4373849034309387,-0.003593949368223548,0.5441845655441284,0.43107181787490845,-0.0018883929587900639,0.5473855137825012,0.4316222071647644,0.004603857174515724,0.5420455932617188,0.4360084533691406,0.00035434149322099984,0.5452256202697754,0.43491554260253906,0.005979349836707115,0.5547024607658386,0.43712806701660156,0.018866142258048058,0.5407975912094116,0.40744173526763916,-0.030244285240769386,0.5416036248207092,0.39889195561408997,-0.03328864648938179,0.5766257047653198,0.318842351436615,0.006320043932646513,0.5458863377571106,0.3674922287464142,-0.004721072502434254,0.5501793026924133,0.39862704277038574,-0.01235641073435545,0.5496435165405273,0.3930334448814392,-0.011089653708040714,0.5757818222045898,0.38235950469970703,0.014278615824878216,0.5401301383972168,0.38681745529174805,-0.03120584785938263,0.5661926865577698,0.3135988712310791,-0.009577766060829163,0.5729570388793945,0.31460168957710266,-0.0021941130980849266,0.5785467624664307,0.28047892451286316,0.020786844193935394,0.541242241859436,0.32534462213516235,-0.01944531686604023,0.5454291105270386,0.3286591172218323,-0.003535955911502242,0.5593748688697815,0.4284835755825043,0.019797593355178833,0.576816737651825,0.4135321378707886,0.08063734322786331,0.5461421608924866,0.4043799936771393,-0.01025507040321827,0.5420665740966797,0.40795350074768066,-0.011386060155928135,0.5511783957481384,0.43263301253318787,0.018251623958349228,0.5499417185783386,0.43321579694747925,0.0158098042011261,0.5752243995666504,0.30838653445243835,0.00019214849453419447,0.5496623516082764,0.40097111463546753,-0.008297347463667393,0.5559338331222534,0.3163187503814697,-0.015626979991793633,0.5573493242263794,0.3090507388114929,-0.018280036747455597,0.5595464110374451,0.2648463845252991,-0.012814235873520374,0.5773380398750305,0.2930215895175934,0.008314836770296097,0.5580118298530579,0.2858069837093353,-0.016758056357502937,0.5787257552146912,0.31394413113594055,0.01148791890591383,0.5814361572265625,0.30362746119499207,0.02287287265062332,0.5384748578071594,0.43438631296157837,-0.006209445185959339,0.5432105660438538,0.4336983561515808,-0.0009126566583290696,0.5463969707489014,0.43327072262763977,0.004804829601198435,0.5448312163352966,0.4057314395904541,-0.009195377118885517,0.5505436658859253,0.4329369366168976,0.016865376383066177,0.5485771894454956,0.43597665429115295,0.012972702272236347,0.549282968044281,0.43353599309921265,0.015474791638553143,0.5450477600097656,0.404361367225647,-0.019726907834410667,0.5441193580627441,0.4362421929836273,0.007323963567614555,0.5408838391304016,0.43773189187049866,0.003412858583033085,0.5366336703300476,0.4393225908279419,-5.3852389100939035e-05,0.5383368134498596,0.4581437408924103,0.009119182825088501,0.5379773378372192,0.4514893591403961,0.0020252596586942673,0.5379953384399414,0.4469861388206482,0.0005001283716410398,0.5374936461448669,0.44270220398902893,0.0010458220494911075,0.5365740060806274,0.4392440617084503,0.0008049336029216647,0.5440515279769897,0.436168909072876,0.008016842417418957,0.5452770590782166,0.43747392296791077,0.007846913300454617,0.5463679432868958,0.43930885195732117,0.007769408635795116,0.5471054315567017,0.4415375888347626,0.009612921625375748,0.5548021197319031,0.41940373182296753,0.005724855698645115,0.5813203454017639,0.3686893880367279,0.08230866491794586,0.5464246273040771,0.4349537193775177,0.012394116260111332,0.5475770235061646,0.4353874623775482,0.01241040974855423,0.5401878356933594,0.4115321934223175,-0.010546732693910599,0.5476980805397034,0.4053429663181305,-0.003426351584494114,0.5411117672920227,0.40985584259033203,-0.011290602385997772,0.5516849756240845,0.37104877829551697,-0.00010997969366144389,0.5619375109672546,0.3752451539039612,0.004585361108183861,0.5500364899635315,0.39566749334335327,-0.006755857262760401,0.5718164443969727,0.2704155445098877,0.0034038512967526913,0.5700757503509521,0.28661149740219116,-0.0046344962902367115,0.5680296421051025,0.3061392903327942,-0.009696504101157188,0.5506221652030945,0.44496312737464905,0.015726972371339798,0.5437510013580322,0.31383973360061646,-0.023871026933193207,0.5441300868988037,0.2873592674732208,-0.024870583787560463,0.5445691347122192,0.26289594173431396,-0.023940643295645714,0.565237283706665,0.3427642285823822,0.009293338283896446,0.5778157114982605,0.3501599431037903,0.02280029095709324,0.5409278273582458,0.3446171283721924,-8.796714973868802e-05,0.5729197263717651,0.3279651403427124,0.011570564471185207,0.542258083820343,0.36309441924095154,-0.00869027990847826,0.5482670068740845,0.3979335129261017,-0.01979275420308113,0.5850966572761536,0.3548746407032013,0.03269731625914574,0.5760951638221741,0.3579893112182617,0.0176532045006752,0.5702743530273438,0.36353799700737,0.01074186060577631,0.5592188835144043,0.3640724718570709,0.005460075568407774,0.5506756901741028,0.3615436851978302,0.0016661729896441102,0.5448713898658752,0.35873091220855713,-0.0023025961127132177,0.5358880162239075,0.3543561100959778,-0.019804159179329872,0.5858213901519775,0.3739455044269562,0.0343843474984169,0.5768476724624634,0.326510488986969,0.01496253814548254,0.538339376449585,0.4112113416194916,-0.026727184653282166,0.5462623834609985,0.37754184007644653,-0.005778760649263859,0.5831159949302673,0.3291265666484833,0.0697372704744339,0.5407474040985107,0.35526713728904724,-0.005207286216318607,0.5496776700019836,0.39478814601898193,-0.0004099964862689376,0.5690890550613403,0.33295342326164246,0.013974320143461227,0.5473644733428955,0.39101576805114746,-0.01831129938364029,0.5799638628959656,0.3904035687446594,0.08322381973266602,0.5403565764427185,0.3412338197231293,0.0008403027313761413,0.5440956950187683,0.38813868165016174,-0.02597031369805336,0.5706948041915894,0.44112521409988403,0.047110188752412796,0.5676673650741577,0.44831836223602295,0.06057867780327797,0.58669513463974,0.37195929884910583,0.05850905179977417,0.5772040486335754,0.42792925238609314,0.05449427664279938,0.5836365222930908,0.31747162342071533,0.03682563453912735,0.5501041412353516,0.4739552140235901,0.027610650286078453,0.5368970036506653,0.4122184216976166,-0.01806560903787613,0.5511400699615479,0.38232699036598206,-0.0013564650435000658,0.5794375538825989,0.33779919147491455,0.031019575893878937,0.5603194236755371,0.33990418910980225,0.005326267331838608,0.5550699234008789,0.3414650559425354,0.0028503730427473783,0.5494152307510376,0.43682190775871277,0.014607937075197697,0.5848156809806824,0.39148902893066406,0.03954634815454483,0.5401725769042969,0.48639798164367676,0.02869310975074768,0.5538985729217529,0.47075074911117554,0.04315086081624031,0.5600445866584778,0.4613845944404602,0.0509008914232254,0.5496325492858887,0.3417740762233734,0.0013184341369196773,0.5446853041648865,0.34141334891319275,0.0009941624011844397,0.5416900515556335,0.3414645791053772,0.0013129074359312654,0.5791866779327393,0.3237917125225067,0.02177465707063675,0.5453535318374634,0.33400189876556396,-0.0010887690586969256,0.5507361888885498,0.3306168019771576,-0.0013227738672867417,0.5565789341926575,0.3292219042778015,7.189988536993042e-05,0.5617423057556152,0.32955202460289,0.002958363853394985,0.5645608901977539,0.33087971806526184,0.005949060898274183,0.5837342739105225,0.3094816207885742,0.054880540817976,0.5634583234786987,0.3378117084503174,0.00791986845433712,0.5498244166374207,0.417065292596817,1.117896317737177e-05,0.5465898513793945,0.4037797749042511,-0.013266216032207012,0.54066002368927,0.4181825518608093,-0.008430943824350834,0.562989354133606,0.45346978306770325,0.04140988364815712,0.5565336346626282,0.4635339677333832,0.03501858189702034,0.5417067408561707,0.48222312331199646,0.02034664899110794,0.5727823972702026,0.4331887364387512,0.07179047167301178,0.5419583320617676,0.3383982479572296,-3.100753019680269e-05,0.54055255651474,0.36892399191856384,-0.01800880953669548,0.5477659702301025,0.4795416593551636,0.03504837304353714,0.5850242972373962,0.39155691862106323,0.060836371034383774,0.5408279895782471,0.43765461444854736,0.004235530272126198,0.5420681834220886,0.4401085674762726,0.004236096050590277,0.5429123044013977,0.44328391551971436,0.004067779053002596,0.5433467030525208,0.44718024134635925,0.005752270109951496,0.5453440546989441,0.45236936211586,0.012101243250072002,0.5476690530776978,0.43395859003067017,0.011178060434758663,0.548719584941864,0.4329906404018402,0.011536998674273491,0.5496035218238831,0.4320465922355652,0.011604079976677895,0.5583680272102356,0.42312225699424744,0.012679681181907654,0.5796555280685425,0.39935240149497986,0.025451403111219406,0.5389561653137207,0.3582310080528259,-0.01389242522418499,0.5379499793052673,0.3367665112018585,-0.006334300618618727,0.5402793288230896,0.3362073302268982,-0.002503792056813836,0.5464597344398499,0.4349822998046875,0.011964448727667332,0.5778743624687195,0.4181286692619324,0.0392657071352005,0.535550057888031,0.33908045291900635,-0.015521748922765255,0.5477966070175171,0.45917728543281555,0.017154984176158905,0.5372779965400696,0.3658636808395386,-0.024448340758681297,0.5446882247924805,0.38226795196533203,-0.01467599906027317,0.5399115085601807,0.4661684036254883,0.01247273851186037,0.5592826008796692,0.4400895833969116,0.02397376485168934,0.5545877814292908,0.4002555310726166,0.003374544670805335,0.5537558197975159,0.4503680169582367,0.021155349910259247,0.5687901973724365,0.3963697850704193,0.008745560422539711,0.5604305267333984,0.40758419036865234,0.007685624994337559,0.5728087425231934,0.40808215737342834,0.017632216215133667,0.5416102409362793,0.47526848316192627,0.015265848487615585,0.5468360185623169,0.38540205359458923,-0.008460401557385921,0.5629445910453796,0.4454123377799988,0.032063912600278854,0.5561768412590027,0.45632436871528625,0.02797149121761322,0.5646511316299438,0.42923787236213684,0.023717690259218216,0.5825293064117432,0.4060717523097992,0.044176746159791946,0.5710483193397522,0.4291658103466034,0.031135261058807373,0.5820885896682739,0.4100360572338104,0.061306022107601166,0.5644742250442505,0.4161672294139862,0.013980209827423096,0.5432464480400085,0.3730936050415039,-0.01144316140562296,0.5469124913215637,0.4026429355144501,-0.021042045205831528,0.5488433241844177,0.4022892713546753,-0.013194194994866848,0.5453901886940002,0.3982638418674469,-0.026695214211940765,0.5430896282196045,0.32832518219947815,-0.008382572792470455,0.5533896684646606,0.32178014516830444,-0.008123872801661491,0.562201201915741,0.3196288049221039,-0.005477651488035917,0.5687171220779419,0.3201163113117218,-0.0007477366598322988,0.5722234845161438,0.32278314232826233,0.004694888833910227,0.5723934769630432,0.3351641893386841,0.017501885071396828,0.5867933034896851,0.35293471813201904,0.05391315743327141,0.5700187087059021,0.34921911358833313,0.013837871141731739,0.5649828910827637,0.3534088432788849,0.00908455066382885,0.5571079254150391,0.3546282947063446,0.0050172205083072186,0.5494061708450317,0.3537033796310425,0.001897556590847671,0.5438631176948547,0.35199832916259766,-0.0004145594430156052,0.5402840375900269,0.35024526715278625,-0.0021872869692742825,0.5817586183547974,0.34855425357818604,0.07815530896186829,0.5481029152870178,0.4034455418586731,-0.009822704829275608,0.5419571399688721,0.3784194588661194,-0.021119916811585426,0.544115424156189,0.4049907326698303,-0.026622815057635307,0.5407805442810059,0.4088224172592163,-0.024039434269070625,0.5435311794281006,0.40572839975357056,-0.023392949253320694,0.5465541481971741,0.405531644821167,-0.007650393061339855,0.5399877429008484,0.41018763184547424,-0.025709640234708786,0.5386108756065369,0.41119399666786194,-0.018048064783215523,0.5389255285263062,0.3423800766468048,-0.0007193541969172657,0.5373834371566772,0.34618252515792847,-0.0049688252620399,0.5373993515968323,0.3492003083229065,-0.009297135286033154,0.5660309791564941,0.3319895565509796,0.008750680834054947,0.5699021220207214,0.3283492624759674,0.009323443286120892,0.48666447401046753,0.34257495403289795,-0.011497789062559605,0.49459517002105713,0.3421224355697632,-0.011497789062559605,0.4863795340061188,0.33265453577041626,-0.011497789062559605,0.478659063577652,0.3429761230945587,-0.011497789062559605,0.4869530200958252,0.3524063229560852,-0.011497789062559605,0.5521480441093445,0.33513638377189636,0.0036195411812514067,0.5590506196022034,0.3340660333633423,0.0036195411812514067,0.5514951944351196,0.326738178730011,0.0036195411812514067,0.5452790260314941,0.3361717760562897,0.0036195411812514067,0.552890419960022,0.34351739287376404,0.0036195411812514067
2099.999999999998,0.528290867805481,0.4315912425518036,-0.01035850215703249,0.53132164478302,0.4067098796367645,-0.03211503475904465,0.5286866426467896,0.4119570851325989,-0.014165312983095646,0.5232324004173279,0.375311940908432,-0.02975613623857498,0.5313022136688232,0.39788317680358887,-0.03552181273698807,0.530083179473877,0.38493266701698303,-0.03482924774289131,0.5258219242095947,0.35159140825271606,-0.023782839998602867,0.4734082818031311,0.3446584939956665,-0.007821453735232353,0.5238697528839111,0.326646625995636,-0.023387162014842033,0.5234629511833191,0.31406402587890625,-0.027068180963397026,0.5196833610534668,0.2623399496078491,-0.028680425137281418,0.5281999707221985,0.4345371723175049,-0.00895717553794384,0.5278047919273376,0.437391072511673,-0.006566121708601713,0.5272993445396423,0.4392452836036682,-0.002853172132745385,0.5273167490959167,0.4390859305858612,-0.0021588385570794344,0.5276803374290466,0.44284477829933167,-0.0019805484917014837,0.5277860760688782,0.44719696044921875,-0.002618428086861968,0.5275495648384094,0.4516761898994446,-0.000948097265791148,0.5270142555236816,0.45854657888412476,0.006179658696055412,0.5306129455566406,0.4102731943130493,-0.028289467096328735,0.5231235027313232,0.40940824151039124,-0.020437920466065407,0.4390774667263031,0.3050864636898041,0.009805361740291119,0.49331194162368774,0.3522828221321106,-0.010369815863668919,0.48682263493537903,0.35353219509124756,-0.010912678204476833,0.4801190197467804,0.3536025881767273,-0.010233478620648384,0.47030603885650635,0.3477462828159332,-0.006729585584253073,0.4986949563026428,0.3500729501247406,-0.008820966817438602,0.48298853635787964,0.3274601697921753,-0.016992392018437386,0.4907909333705902,0.32829931378364563,-0.0157907884567976,0.4757823646068573,0.32925286889076233,-0.015585824847221375,0.47093909978866577,0.33275657892227173,-0.01328616589307785,0.4644955098628998,0.3540901243686676,-0.003314660396426916,0.5039781332015991,0.47280630469322205,0.012274062260985374,0.4703195095062256,0.34173670411109924,-0.006419494282454252,0.4391867518424988,0.3472520709037781,0.02024114690721035,0.4556119740009308,0.34755954146385193,0.000671017391141504,0.4920586049556732,0.39344003796577454,-0.009482190944254398,0.5202045440673828,0.43042320013046265,-0.011232640594244003,0.520184338092804,0.43737950921058655,-0.006972276605665684,0.5117305517196655,0.43260887265205383,-0.008701296523213387,0.5055134296417236,0.43429964780807495,-0.004522175062447786,0.5130981206893921,0.4372592568397522,-0.005637048278003931,0.507266640663147,0.4371142089366913,-0.001828226842917502,0.49570390582084656,0.44276145100593567,0.007152094040066004,0.5260421633720398,0.40685173869132996,-0.032383568584918976,0.5252484083175659,0.3982377350330353,-0.03569398075342178,0.4617967903614044,0.3273804187774658,-0.015110458247363567,0.5048847794532776,0.3699956238269806,-0.012412904761731625,0.5082644820213318,0.401118665933609,-0.019920583814382553,0.5071970820426941,0.39550545811653137,-0.01881195791065693,0.4696313738822937,0.3921617865562439,-0.005383236799389124,0.5242998600006104,0.38610559701919556,-0.03399686515331268,0.4804691970348358,0.31887510418891907,-0.024424253031611443,0.46983563899993896,0.32155945897102356,-0.020801862701773643,0.4476345181465149,0.2896054685115814,-0.003999890759587288,0.5104717016220093,0.3272780776023865,-0.02414626069366932,0.4972689747810364,0.33192169666290283,-0.012531295418739319,0.49020373821258545,0.4349554479122162,0.005862856283783913,0.4478932321071625,0.4288254976272583,0.05394367873668671,0.5128281712532043,0.40599507093429565,-0.015912756323814392,0.5181080102920532,0.40836530923843384,-0.014475983567535877,0.4967229962348938,0.436431348323822,0.006173872854560614,0.4982573986053467,0.4367419183254242,0.0051011936739087105,0.46572592854499817,0.31564196944236755,-0.019505145028233528,0.507289469242096,0.4035496711730957,-0.015692565590143204,0.49399206042289734,0.32035425305366516,-0.025672852993011475,0.4930833876132965,0.3131530284881592,-0.028542980551719666,0.47911033034324646,0.26887404918670654,-0.026520458981394768,0.4562697410583496,0.3022752106189728,-0.013197660446166992,0.4861350357532501,0.28989377617836,-0.028292877599596977,0.4567546546459198,0.32265231013298035,-0.011311296373605728,0.4475306272506714,0.31448978185653687,-0.001585056772455573,0.5201528668403625,0.4342521131038666,-0.009803232736885548,0.5124428272247314,0.4350435137748718,-0.007323350757360458,0.5064021944999695,0.43570664525032043,-0.0035862077493220568,0.5140721797943115,0.4070724844932556,-0.013874050229787827,0.49751996994018555,0.4365871846675873,0.005650507751852274,0.5014130473136902,0.43925273418426514,0.0033152448013424873,0.49904412031173706,0.43692103028297424,0.005038388539105654,0.517164945602417,0.40531426668167114,-0.025088325142860413,0.5078773498535156,0.4382118582725525,-0.00011526828893693164,0.5136444568634033,0.43878641724586487,-0.002257856074720621,0.5202268362045288,0.439260333776474,-0.0034907583612948656,0.5184696912765503,0.45891332626342773,0.005231163930147886,0.5195409059524536,0.45163261890411377,-0.00193974026478827,0.5198968052864075,0.44706931710243225,-0.0035148651804775,0.5201814770698547,0.44275227189064026,-0.0027668573893606663,0.5203806757926941,0.439206063747406,-0.002779776696115732,0.5079864859580994,0.43831098079681396,0.00048711959971114993,0.5071267485618591,0.43984532356262207,0.000249958859058097,0.5061052441596985,0.442007452249527,-0.00017163791926577687,0.5052064061164856,0.44449418783187866,0.0011298091849312186,0.49916690587997437,0.4237336218357086,-0.004620652180165052,0.4365543723106384,0.38340452313423157,0.05321463569998741,0.5297577977180481,0.41127800941467285,-0.01936543546617031,0.5035403370857239,0.43771669268608093,0.003148152958601713,0.5025402307510376,0.4383861720561981,0.003107254160568118,0.5203989744186401,0.411439448595047,-0.013679513707756996,0.5087810158729553,0.4075697064399719,-0.009339711628854275,0.5193228721618652,0.409959077835083,-0.014323870651423931,0.497743159532547,0.37495991587638855,-0.010469207540154457,0.4865187108516693,0.38148778676986694,-0.009451870806515217,0.505559504032135,0.39840537309646606,-0.014702453278005123,0.4604628086090088,0.27729737758636475,-0.01664522849023342,0.46859011054039,0.29363366961479187,-0.021782618016004562,0.47813794016838074,0.31177571415901184,-0.025227298960089684,0.5019547939300537,0.44961869716644287,0.005881918594241142,0.5088990926742554,0.3156036138534546,-0.028867555782198906,0.5031930208206177,0.2887805700302124,-0.03048304095864296,0.4981740415096283,0.2642984986305237,-0.03032507561147213,0.4739702641963959,0.3517008423805237,-0.008506051264703274,0.45688343048095703,0.3608138859272003,0.00014287915837485343,0.5021940469741821,0.34801560640335083,-0.007939816452562809,0.4639091491699219,0.337068110704422,-0.00902603566646576,0.5098090171813965,0.36465221643447876,-0.014829292893409729,0.5130649209022522,0.3995535671710968,-0.026056651026010513,0.44901227951049805,0.36758729815483093,0.007052936125546694,0.46271926164627075,0.3679467737674713,-0.0037466874346137047,0.4725750684738159,0.37178942561149597,-0.007554303389042616,0.4859539568424225,0.3698437511920929,-0.00852941907942295,0.49522116780281067,0.3656162619590759,-0.008936700411140919,0.5019260048866272,0.36145278811454773,-0.010203142650425434,0.5195922255516052,0.35397055745124817,-0.0222813468426466,0.4509948194026947,0.3870512545108795,0.008685331791639328,0.4580332636833191,0.33619555830955505,-0.0075827427208423615,0.5273223519325256,0.41030770540237427,-0.02854766882956028,0.5066103339195251,0.379744291305542,-0.01328502781689167,0.43302127718925476,0.3423160910606384,0.03995225951075554,0.5073092579841614,0.35707730054855347,-0.01126820221543312,0.5039284825325012,0.3977110683917999,-0.00824569072574377,0.46737194061279297,0.34215247631073,-0.0055373129434883595,0.5119301080703735,0.39261677861213684,-0.02461148053407669,0.44066381454467773,0.40581145882606506,0.05507594719529152,0.5015366077423096,0.3447921872138977,-0.0072950879111886024,0.5181149840354919,0.38864606618881226,-0.030650176107883453,0.47046661376953125,0.4538041949272156,0.02741176262497902,0.46917226910591125,0.46171635389328003,0.03982241079211235,0.44121089577674866,0.3866482079029083,0.03078300878405571,0.45939910411834717,0.44180959463119507,0.03162765875458717,0.44265255331993103,0.3292882442474365,0.010671956464648247,0.5028336048126221,0.4808265268802643,0.017322273924946785,0.527126133441925,0.41113415360450745,-0.019332727417349815,0.500331461429596,0.3858169615268707,-0.010621372610330582,0.4487641155719757,0.3485468924045563,0.006034903693944216,0.4809849262237549,0.3480997681617737,-0.010301132686436176,0.4868696630001068,0.34833890199661255,-0.010937117971479893,0.5003471374511719,0.4403400719165802,0.00427918741479516,0.4526025950908661,0.4049665927886963,0.014602020382881165,0.5140698552131653,0.4897783398628235,0.0221965704113245,0.49292340874671936,0.48038554191589355,0.02910737320780754,0.4824024438858032,0.47309640049934387,0.033674512058496475,0.5217152237892151,0.2877548933029175,-0.028935154899954796,0.5263394117355347,0.48941344022750854,0.023045817390084267,0.49215301871299744,0.3472578823566437,-0.010381604544818401,0.49706849455833435,0.3457658290863037,-0.008944950997829437,0.5002058148384094,0.34522390365600586,-0.007514638360589743,0.45199698209762573,0.3334422707557678,-0.0024388364981859922,0.49544933438301086,0.3377653658390045,-0.011285388842225075,0.48957282304763794,0.3348672389984131,-0.013321209698915482,0.4837931990623474,0.3345487713813782,-0.01395504456013441,0.4779476523399353,0.33607667684555054,-0.013025029562413692,0.474261999130249,0.3383592963218689,-0.011173632927238941,0.43449243903160095,0.32166725397109985,0.025719160214066505,0.47666487097740173,0.34661948680877686,-0.009037223644554615,0.5283383727073669,0.4177711009979248,-0.01135045476257801,0.5065290927886963,0.4198029339313507,-0.008000659756362438,0.5132265686988831,0.40537238121032715,-0.01870102435350418,0.5196263194084167,0.4184193015098572,-0.012119386345148087,0.5242923498153687,0.33818498253822327,-0.021343618631362915,0.48194625973701477,0.46465983986854553,0.02510788105428219,0.49214959144592285,0.47297120094299316,0.021790148690342903,0.5147442817687988,0.48549696803092957,0.014050692319869995,0.4579307436943054,0.4476815462112427,0.047616731375455856,0.49965253472328186,0.34214815497398376,-0.0090709263458848,0.5163059830665588,0.36935579776763916,-0.022233538329601288,0.5273047089576721,0.48499754071235657,0.015102269127964973,0.5033978223800659,0.4864146113395691,0.024254273623228073,0.4444429874420166,0.40654700994491577,0.03408335894346237,0.5138169527053833,0.43883216381073,-0.0015823685098439455,0.5131036043167114,0.44152307510375977,-0.0018231455469503999,0.5124725699424744,0.44491827487945557,-0.002373256254941225,0.5119591355323792,0.44898220896720886,-0.0009829209884628654,0.509473979473114,0.45541590452194214,0.00457888375967741,0.5023797750473022,0.4368632435798645,0.0016335381660610437,0.5013926029205322,0.4361395537853241,0.0011435323394834995,0.5005328059196472,0.4353886544704437,0.0005652784020639956,0.4932016432285309,0.42874765396118164,-0.00016206139116548002,0.4636254906654358,0.4109528958797455,0.004145542159676552,0.5147812366485596,0.3587360978126526,-0.018164213746786118,0.5077698826789856,0.3389919698238373,-0.01141287013888359,0.5027930736541748,0.33924931287765503,-0.01000996120274067,0.5034188032150269,0.4376055598258972,0.002725968835875392,0.46309590339660645,0.4307054281234741,0.017698081210255623,0.5150004625320435,0.33991703391075134,-0.01847478561103344,0.5063064098358154,0.4638824760913849,0.008830239996314049,0.5286509394645691,0.3737777769565582,-0.03087621182203293,0.5214515924453735,0.3653423488140106,-0.02668667770922184,0.5272949934005737,0.3632591664791107,-0.02727716974914074,0.5122422575950623,0.3835524916648865,-0.02033182978630066,0.5275890827178955,0.4774666726589203,0.010044028982520103,0.5272815227508545,0.46745529770851135,0.008231199346482754,0.517017662525177,0.46800798177719116,0.007778007071465254,0.4899826645851135,0.44780564308166504,0.010508103296160698,0.49797698855400085,0.4045563340187073,-0.006468632258474827,0.4975607097148895,0.45696476101875305,0.010208318009972572,0.48075348138809204,0.4043716490268707,-0.0067204865626990795,0.4913778007030487,0.41348201036453247,-0.004686894826591015,0.4746037721633911,0.41783392429351807,-4.672405339078978e-05,0.5156711935997009,0.47797641158103943,0.009353069588541985,0.5077523589134216,0.38745835423469543,-0.015471536666154861,0.48441004753112793,0.4553201496601105,0.016651447862386703,0.494179368019104,0.4645952582359314,0.015758557245135307,0.483735591173172,0.43761345744132996,0.007697095163166523,0.4550234377384186,0.4196613132953644,0.020251328125596046,0.4741551876068115,0.4401184618473053,0.012735105119645596,0.44980528950691223,0.42480725049972534,0.0356561541557312,0.485569030046463,0.4234752953052521,-0.0006988764507696033,0.5114862322807312,0.37439829111099243,-0.017418114468455315,0.5153411030769348,0.4040009081363678,-0.026818638667464256,0.5104429125785828,0.4044319987297058,-0.01966805011034012,0.518973708152771,0.39890095591545105,-0.031387295573949814,0.5030221939086914,0.3315708339214325,-0.015523795038461685,0.49229714274406433,0.32605859637260437,-0.018850598484277725,0.48238906264305115,0.32481709122657776,-0.019754601642489433,0.4738418459892273,0.3265889585018158,-0.01807957887649536,0.4675205647945404,0.33059486746788025,-0.014695712365210056,0.4624384343624115,0.3449898958206177,-0.0033211156260222197,0.43927034735679626,0.3669508993625641,0.025628700852394104,0.4689130187034607,0.35831791162490845,-0.005399833433330059,0.476686030626297,0.36135420203208923,-0.007695170119404793,0.4860212802886963,0.3608947992324829,-0.00877684447914362,0.49426597356796265,0.3583086133003235,-0.008928441442549229,0.5004608631134033,0.35529541969299316,-0.008491013199090958,0.5049077868461609,0.3526865839958191,-0.008692272938787937,0.4343269169330597,0.36243319511413574,0.04841306805610657,0.5100159645080566,0.40561574697494507,-0.016150418668985367,0.5176459550857544,0.37880080938339233,-0.02558363601565361,0.5208430886268616,0.4055229127407074,-0.030521826818585396,0.5232479572296143,0.40882253646850586,-0.026528403162956238,0.5200287103652954,0.4063093066215515,-0.02734534442424774,0.5112669467926025,0.4073813855648041,-0.013020753860473633,0.5250222682952881,0.4098129868507385,-0.027859089896082878,0.524844765663147,0.41065600514411926,-0.019861998036503792,0.5042864084243774,0.3454012870788574,-0.007417401764541864,0.5084550380706787,0.34803307056427,-0.009972180239856243,0.5114635229110718,0.350398451089859,-0.013466388918459415,0.4720880389213562,0.34016481041908264,-0.009120018221437931,0.46772128343582153,0.3369191288948059,-0.009667410515248775,0.5334384441375732,0.37420928478240967,-0.02739827334880829,0.561689555644989,0.33481544256210327,0.009256705641746521,0.5352670550346375,0.40791961550712585,-0.018609963357448578,0.5787338018417358,0.29295533895492554,0.037047531455755234,0.544944167137146,0.3463650643825531,0.0006934635457582772,0.5513071417808533,0.3458414375782013,0.0023767619859427214,0.5572710633277893,0.3446464538574219,0.00509275496006012,0.563583493232727,0.3378599286079407,0.01139521412551403,0.5398731827735901,0.3454557955265045,-8.421206439379603e-05,0.5551407933235168,0.32130271196365356,-0.0030368322040885687,0.5477193593978882,0.32327142357826233,-0.004759526811540127,0.5613889694213867,0.3217720687389374,0.00048788756248541176,0.5648300051689148,0.3243543207645416,0.004036255646497011,0.5685704946517944,0.34367114305496216,0.016253208741545677,0.5468119382858276,0.46594783663749695,0.020098043605685234,0.563328206539154,0.33212336897850037,0.011482616886496544,0.5824970006942749,0.33321622014045715,0.04678128659725189,0.5731619596481323,0.3363983929157257,0.022613538429141045,0.5551118850708008,0.38670843839645386,0.0016614804044365883,0.5351619720458984,0.42889097332954407,-0.008422517217695713,0.5339175462722778,0.435873806476593,-0.0043535903096199036,0.5405728816986084,0.4293065667152405,-0.002855917438864708,0.5438316464424133,0.4299299120903015,0.0034986354876309633,0.5384563207626343,0.43442681431770325,-0.0005586002371273935,0.5416834354400635,0.43330124020576477,0.004968468099832535,0.5513768196105957,0.4359900951385498,0.017429577186703682,0.5359624028205872,0.40562716126441956,-0.030884867534041405,0.53667151927948,0.39695653319358826,-0.03390737995505333,0.5731794238090515,0.3176655173301697,0.005596603266894817,0.5416520833969116,0.3661898970603943,-0.005059295333921909,0.5460295081138611,0.39698565006256104,-0.013149404898285866,0.5455371737480164,0.39142173528671265,-0.011830315925180912,0.5722010731697083,0.3810817301273346,0.013125904835760593,0.5351976156234741,0.3849048614501953,-0.03171472251415253,0.5624855756759644,0.3118792474269867,-0.009949125349521637,0.569426417350769,0.3130874037742615,-0.0027611854020506144,0.5748441815376282,0.27904361486434937,0.020469050854444504,0.5368245244026184,0.3235894739627838,-0.019296817481517792,0.541251003742218,0.3277011513710022,-0.0036169057711958885,0.5560808777809143,0.4273298680782318,0.01838204450905323,0.5746031999588013,0.4132492244243622,0.07915095239877701,0.5419069528579712,0.40278905630111694,-0.010921861045062542,0.5376830101013184,0.40634942054748535,-0.011936294846236706,0.547666072845459,0.4310167133808136,0.01696895807981491,0.5464038848876953,0.4315931797027588,0.01459679938852787,0.5717273950576782,0.3070082366466522,-0.00033198835444636643,0.5456229448318481,0.39943861961364746,-0.00907549075782299,0.5519484281539917,0.3144719898700714,-0.015757832676172256,0.553368330001831,0.3072426915168762,-0.01837717555463314,0.5547574162483215,0.2631441652774811,-0.012579783797264099,0.5735009908676147,0.2913914918899536,0.007910075597465038,0.5532045960426331,0.28408217430114746,-0.01664801687002182,0.5752936005592346,0.312907338142395,0.010786980390548706,0.5779117345809937,0.30219024419784546,0.02230420894920826,0.5347586870193481,0.4327477812767029,-0.0069977110251784325,0.53961580991745,0.43203210830688477,-0.001859207171946764,0.5428491234779358,0.4316161274909973,0.0037401465233415365,0.5405648946762085,0.40417471528053284,-0.009808521717786789,0.5470194816589355,0.43131527304649353,0.01563364826142788,0.5450413823127747,0.43439406156539917,0.011699329130351543,0.5457327961921692,0.4319199025630951,0.014273968525230885,0.5405465364456177,0.4026237428188324,-0.020454982295632362,0.5405731797218323,0.4346390962600708,0.006324756890535355,0.5372850894927979,0.4361897110939026,0.0025264413561671972,0.5329363346099854,0.4378621280193329,-0.0008134220843203366,0.5345938205718994,0.4567653238773346,0.007805276662111282,0.5343033075332642,0.4497680366039276,0.0008073278586380184,0.5342735648155212,0.4452654719352722,-0.0006128412205725908,0.5337682962417603,0.4411054849624634,6.098148151068017e-05,0.53285813331604,0.4377395808696747,-9.076603600988165e-05,0.5404747724533081,0.4346310794353485,0.006919245235621929,0.5417013764381409,0.43591058254241943,0.006670332048088312,0.5427844524383545,0.43772533535957336,0.0064872815273702145,0.5435279607772827,0.43997907638549805,0.008253419771790504,0.551052451133728,0.418059378862381,0.004616141319274902,0.578856885433197,0.3682883381843567,0.08125916868448257,0.5428640842437744,0.433395653963089,0.011223874054849148,0.544033408164978,0.4338095486164093,0.011182412505149841,0.5358156561851501,0.4099562168121338,-0.01117392722517252,0.5436292290687561,0.4039139449596405,-0.004117744509130716,0.536733090877533,0.40825939178466797,-0.01186713669449091,0.547660231590271,0.3697949945926666,-0.0006367199821397662,0.5580698251724243,0.37396350502967834,0.0038199895061552525,0.5460423827171326,0.3941400647163391,-0.007500118110328913,0.5676223039627075,0.2687961757183075,0.0033097006380558014,0.5658106207847595,0.28487086296081543,-0.004815332125872374,0.5643511414527893,0.3045310378074646,-0.010018624365329742,0.5471681356430054,0.44371849298477173,0.014241106808185577,0.5394129157066345,0.311928927898407,-0.02368672750890255,0.5389871001243591,0.2857135832309723,-0.024427061900496483,0.5393612384796143,0.2612534463405609,-0.02328352816402912,0.5615206360816956,0.3418641984462738,0.008587656542658806,0.5743536949157715,0.34927278757095337,0.02184079773724079,0.5367200970649719,0.34410279989242554,-0.00015381217235699296,0.5694919228553772,0.32715165615081787,0.010826562531292439,0.5378403067588806,0.36171457171440125,-0.008917476050555706,0.5438348054885864,0.39616960287094116,-0.020542796701192856,0.5818078517913818,0.35373935103416443,0.03156157582998276,0.5724592804908752,0.35684555768966675,0.01664380170404911,0.5664710402488708,0.36220744252204895,0.009842164814472198,0.5551876425743103,0.36291661858558655,0.004796361085027456,0.5464564561843872,0.3606012463569641,0.0012272254098206758,0.5405075550079346,0.3578592836856842,-0.0025464030914008617,0.5311163663864136,0.35278940200805664,-0.019784914329648018,0.5825398564338684,0.3728725016117096,0.03305347263813019,0.5734226107597351,0.3256981670856476,0.014173517003655434,0.5335544347763062,0.4094911813735962,-0.02734033763408661,0.5420501232147217,0.3761098384857178,-0.006244286894798279,0.5803212523460388,0.32842862606048584,0.06900195777416229,0.5362608432769775,0.35435760021209717,-0.005305989645421505,0.5457757711410522,0.3933560252189636,-0.001081019639968872,0.5655466914176941,0.3322758078575134,0.013272130861878395,0.5429933071136475,0.38929885625839233,-0.0189802348613739,0.5775889158248901,0.39008912444114685,0.08198030292987823,0.5361319184303284,0.3407665491104126,0.000808099692221731,0.5393962860107422,0.38630589842796326,-0.026579365134239197,0.5681514143943787,0.44042664766311646,0.045404866337776184,0.5654031038284302,0.4478403627872467,0.058895353227853775,0.58376145362854,0.3711557686328888,0.0572701133787632,0.5746616721153259,0.4272569417953491,0.05283980816602707,0.5803302526473999,0.316253662109375,0.03612416982650757,0.5471968650817871,0.47325026988983154,0.02582927606999874,0.5321980118751526,0.41055265069007874,-0.01857599802315235,0.5471380352973938,0.3809695839881897,-0.0019690936896950006,0.5763309597969055,0.3371853530406952,0.030115852132439613,0.5565341711044312,0.3388966917991638,0.004736732691526413,0.5512227416038513,0.34049302339553833,0.002358416561037302,0.5458818674087524,0.4352664351463318,0.013290700502693653,0.5816781520843506,0.390547513961792,0.03810392692685127,0.5371772050857544,0.4856431782245636,0.027100298553705215,0.5513682961463928,0.470244824886322,0.0413903184235096,0.55768883228302,0.46092620491981506,0.049162738025188446,0.545698881149292,0.3409440517425537,0.0009743525879457593,0.5406485795974731,0.3407929241657257,0.0007929278654046357,0.5375421643257141,0.3409687876701355,0.0012242913944646716,0.5758655667304993,0.3230370283126831,0.020970121026039124,0.5413352847099304,0.3333975374698639,-0.0012753941118717194,0.5468425154685974,0.32984206080436707,-0.001652187085710466,0.5528010129928589,0.32831642031669617,-0.0003869132196996361,0.5580558776855469,0.32861489057540894,0.00237668352201581,0.560930609703064,0.33001428842544556,0.005311321467161179,0.5805818438529968,0.3085251748561859,0.054280396550893784,0.5597176551818848,0.33687880635261536,0.007279581390321255,0.5458647608757019,0.4156652092933655,-0.000945583451539278,0.5422977805137634,0.40213191509246826,-0.01391981914639473,0.5363261103630066,0.4167022407054901,-0.009163588285446167,0.5604208707809448,0.45283520221710205,0.03965874761343002,0.5538293719291687,0.46290433406829834,0.033242180943489075,0.5385375618934631,0.4813947081565857,0.018678292632102966,0.5706014037132263,0.432804137468338,0.0701790452003479,0.5378066897392273,0.33789557218551636,-0.00011919231474166736,0.5358936786651611,0.36728334426879883,-0.01825666055083275,0.5450010299682617,0.4789208173751831,0.03329645097255707,0.5821959972381592,0.39087212085723877,0.059456583112478256,0.537193775177002,0.4361293911933899,0.0032256944105029106,0.5384341478347778,0.4385251998901367,0.003128680167719722,0.5392653346061707,0.4416483938694,0.0028256247751414776,0.5397180914878845,0.4455553889274597,0.004410041030496359,0.5417538285255432,0.45103055238723755,0.010636880062520504,0.5441300272941589,0.43233034014701843,0.010056473314762115,0.5451856255531311,0.43135327100753784,0.010358904488384724,0.5460643768310547,0.4303974509239197,0.010388345457613468,0.5548593401908875,0.421872079372406,0.011406267061829567,0.5763646364212036,0.3982527256011963,0.024066368117928505,0.5343536734580994,0.35673823952674866,-0.013971480540931225,0.5335507988929749,0.3359573483467102,-0.006170682143419981,0.5360170006752014,0.33555173873901367,-0.0024797723162919283,0.5429061055183411,0.4333573579788208,0.01085389032959938,0.5750033855438232,0.4172404110431671,0.03771321102976799,0.5308698415756226,0.33792513608932495,-0.015342081896960735,0.5444851517677307,0.458156555891037,0.015571155585348606,0.5324321985244751,0.3641439974308014,-0.024575071409344673,0.5402712821960449,0.3806512653827667,-0.015144599601626396,0.5363881587982178,0.46505701541900635,0.010999185033142567,0.5561529994010925,0.43910226225852966,0.022415781393647194,0.55078125,0.3988630771636963,0.0025363678578287363,0.5505716800689697,0.44941553473472595,0.01955171301960945,0.5651060342788696,0.3950183391571045,0.007635025307536125,0.5567380785942078,0.4062105119228363,0.006608414929360151,0.5694406628608704,0.40687134861946106,0.016296153888106346,0.5382707715034485,0.4743316173553467,0.013645867817103863,0.5426878333091736,0.38388046622276306,-0.009019164368510246,0.5600919723510742,0.4445739686489105,0.030388426035642624,0.5532315373420715,0.45554015040397644,0.026279399171471596,0.5614891648292542,0.42816632986068726,0.022196978330612183,0.5796034336090088,0.40522897243499756,0.04265715181827545,0.5680941343307495,0.42819783091545105,0.029547831043601036,0.5794317126274109,0.40940767526626587,0.05976342037320137,0.5610361695289612,0.41490495204925537,0.012704906053841114,0.5388067960739136,0.37156909704208374,-0.011801596730947495,0.5424326658248901,0.40088725090026855,-0.021795770153403282,0.5446335673332214,0.400642991065979,-0.013948587700724602,0.5406848192214966,0.39639729261398315,-0.027394676581025124,0.5388254523277283,0.32715651392936707,-0.008329273201525211,0.5493752360343933,0.32026341557502747,-0.008292187005281448,0.5584529042243958,0.3180672824382782,-0.005891375243663788,0.5651599168777466,0.3187209665775299,-0.0013524176320061088,0.5687748193740845,0.32164129614830017,0.0040052118711173534,0.5688796043395996,0.3345150947570801,0.016746003180742264,0.5838251113891602,0.35202619433403015,0.05280109494924545,0.5663520097732544,0.34826797246932983,0.013026688247919083,0.5611647963523865,0.35236600041389465,0.008362441323697567,0.5531514286994934,0.3536550998687744,0.004440980032086372,0.5453047752380371,0.3528984785079956,0.0015115655260160565,0.539623498916626,0.3513169288635254,-0.000591050717048347,0.5359443426132202,0.3495562970638275,-0.002241239883005619,0.5792023539543152,0.3480299711227417,0.07728629559278488,0.5439702868461609,0.40187644958496094,-0.010547204874455929,0.5372665524482727,0.3766821026802063,-0.021536225453019142,0.5394073724746704,0.40317729115486145,-0.027326660230755806,0.5360753536224365,0.40710946917533875,-0.024655506014823914,0.5389050245285034,0.4039696455001831,-0.02407086081802845,0.5423946976661682,0.404025137424469,-0.008312779478728771,0.5352439284324646,0.40846431255340576,-0.026333777233958244,0.533943235874176,0.40952375531196594,-0.01858554407954216,0.5346289277076721,0.3418498635292053,-0.0006798731628805399,0.5329503417015076,0.3454538583755493,-0.00487870629876852,0.5328313112258911,0.3482515811920166,-0.009236078709363937,0.5623877048492432,0.331197053194046,0.008094164542853832,0.5664459466934204,0.32751989364624023,0.008618323132395744,0.4827367961406708,0.3416516184806824,-0.009975247085094452,0.4903527796268463,0.34105491638183594,-0.009975247085094452,0.482324481010437,0.33184170722961426,-0.009975247085094452,0.4750272035598755,0.34220409393310547,-0.009975247085094452,0.4831303656101227,0.3513769209384918,-0.009975247085094452,0.5480843186378479,0.3345332443714142,0.0032038879580795765,0.5554325580596924,0.3333294093608856,0.0032038879580795765,0.5475388765335083,0.32616788148880005,0.0032038879580795765,0.540776252746582,0.3356798589229584,0.0032038879580795765,0.5487250089645386,0.3428803086280823,0.0032038879580795765
2133.3333333333317,0.5249589681625366,0.42944371700286865,-0.010379444807767868,0.5271223187446594,0.40519818663597107,-0.032223332673311234,0.5248846411705017,0.4103308618068695,-0.0143236443400383,0.5189449787139893,0.37356826663017273,-0.029654718935489655,0.526963472366333,0.39629465341567993,-0.03560580313205719,0.5257021188735962,0.3832224905490875,-0.03488908335566521,0.5214847326278687,0.3496979773044586,-0.02375359646975994,0.4704707860946655,0.3429078161716461,-0.006786193698644638,0.5193765163421631,0.32470759749412537,-0.02328033559024334,0.5187919735908508,0.3120914697647095,-0.026914464309811592,0.5146980881690979,0.2608261704444885,-0.028576526790857315,0.5248695015907288,0.43238282203674316,-0.008988197892904282,0.524502158164978,0.43527618050575256,-0.006636526435613632,0.5240354537963867,0.4371851980686188,-0.0030040680430829525,0.5240098834037781,0.4370249807834625,-0.0019545392133295536,0.5243257284164429,0.44074690341949463,-0.0018386897863820195,0.5244023203849792,0.4450434446334839,-0.002510424703359604,0.5241530537605286,0.4494275748729706,-0.0008627704228274524,0.5242626070976257,0.4576094448566437,0.006129197310656309,0.5265511870384216,0.40877819061279297,-0.028410103172063828,0.5191500782966614,0.4078778028488159,-0.020467303693294525,0.43623805046081543,0.30466362833976746,0.011324935592710972,0.48979923129081726,0.34982311725616455,-0.009720219299197197,0.48358139395713806,0.3511863648891449,-0.0101211192086339,0.4770788550376892,0.3515262007713318,-0.009315017610788345,0.4674023687839508,0.3460777699947357,-0.005635336507111788,0.49493950605392456,0.34763234853744507,-0.008295361883938313,0.4795076847076416,0.32619741559028625,-0.01606127806007862,0.48699530959129333,0.32683083415031433,-0.015032746829092503,0.47259101271629333,0.3280659019947052,-0.014535581693053246,0.46793410181999207,0.33154869079589844,-0.012174553237855434,0.46170613169670105,0.3525402545928955,-0.0021701608784496784,0.5016968846321106,0.4715942144393921,0.012762945145368576,0.46736815571784973,0.34023985266685486,-0.005329542327672243,0.4367079734802246,0.34657803177833557,0.02178427204489708,0.452863872051239,0.34621477127075195,0.001979818567633629,0.48856979608535767,0.3918331265449524,-0.008964445441961288,0.5169126987457275,0.4285031855106354,-0.011107471771538258,0.5169450640678406,0.4353998303413391,-0.006894128862768412,0.5084743499755859,0.4308076798915863,-0.008369646035134792,0.5023449659347534,0.43250009417533875,-0.003941690549254417,0.5099472403526306,0.43537813425064087,-0.005347646307200193,0.5042087435722351,0.4352657198905945,-0.001340540242381394,0.4925658702850342,0.44111692905426025,0.008015434257686138,0.5218424797058105,0.4053708612918854,-0.03240111097693443,0.5209580063819885,0.3966751992702484,-0.03567304089665413,0.45899996161460876,0.32658353447914124,-0.013772488571703434,0.5011906027793884,0.3683743178844452,-0.01202697865664959,0.5043339729309082,0.39952877163887024,-0.01966400444507599,0.5033094882965088,0.393894225358963,-0.018536822870373726,0.46655434370040894,0.39057010412216187,-0.00439858715981245,0.5199862718582153,0.3844446539878845,-0.03393198549747467,0.47712814807891846,0.31785038113594055,-0.023422257974743843,0.4668264389038086,0.32072290778160095,-0.019597424194216728,0.44419020414352417,0.28907206654548645,-0.002550889737904072,0.5063196420669556,0.32545506954193115,-0.0237498190253973,0.49327683448791504,0.33016738295555115,-0.011921835131943226,0.4869329035282135,0.43309733271598816,0.006811401341110468,0.44671112298965454,0.4282152056694031,0.055087581276893616,0.5088940858840942,0.4044126570224762,-0.015766942873597145,0.5141871571540833,0.4067656993865967,-0.014477213844656944,0.49377062916755676,0.43455690145492554,0.0070836045779287815,0.495339959859848,0.43486669659614563,0.005946920718997717,0.4627986252307892,0.3149908781051636,-0.018215974792838097,0.5034120678901672,0.4019293487071991,-0.01546511147171259,0.4902380406856537,0.3189637064933777,-0.024935318157076836,0.48931193351745605,0.3118826448917389,-0.02777138724923134,0.47458481788635254,0.26788997650146484,-0.025590330362319946,0.45252525806427,0.30146199464797974,-0.011749438010156155,0.48153120279312134,0.28862297534942627,-0.027378760278224945,0.45403286814689636,0.321969211101532,-0.009891659952700138,0.4443177282810211,0.3137829899787903,-4.609007737599313e-05,0.5168735980987549,0.43227365612983704,-0.009679912589490414,0.50922691822052,0.43318235874176025,-0.006996395066380501,0.5032809972763062,0.4338766038417816,-0.003046442288905382,0.5101487040519714,0.40546905994415283,-0.013784357346594334,0.49458661675453186,0.43471404910087585,0.00652210833504796,0.49834316968917847,0.43734148144721985,0.004144079517573118,0.4961361885070801,0.4350443184375763,0.005876774899661541,0.5131286382675171,0.40380242466926575,-0.024949748069047928,0.5048697590827942,0.4363461434841156,0.00029921994428150356,0.5105394721031189,0.4368956685066223,-0.0020497243385761976,0.5170300602912903,0.4372883439064026,-0.0034735079389065504,0.5156107544898987,0.45801612734794617,0.005349467974156141,0.5160674452781677,0.44945478439331055,-0.0016826586797833443,0.5164595246315002,0.44499725103378296,-0.003216562094166875,0.5168144702911377,0.44073089957237244,-0.002440950833261013,0.5171014070510864,0.43721991777420044,-0.002410474233329296,0.5049293041229248,0.43642011284828186,0.0011726196389645338,0.5039858222007751,0.43794673681259155,0.0009023504098877311,0.5028620958328247,0.4400720000267029,0.00048530762433074415,0.5018836259841919,0.44250237941741943,0.0018107566284015775,0.49553266167640686,0.4220331311225891,-0.003997905179858208,0.43515506386756897,0.38287433981895447,0.05454060062766075,0.5258135795593262,0.40973082184791565,-0.019509494304656982,0.5005969405174255,0.43582841753959656,0.003964724484831095,0.4995265305042267,0.4364955425262451,0.0039070975035429,0.5165053009986877,0.40981608629226685,-0.013690556399524212,0.504956841468811,0.4059043228626251,-0.00921008549630642,0.515415370464325,0.4083500802516937,-0.014333424158394337,0.4941679537296295,0.37335503101348877,-0.009970756247639656,0.48309826850891113,0.37985968589782715,-0.00876990333199501,0.5017340779304504,0.3967907130718231,-0.014430864714086056,0.4564243257045746,0.2765617370605469,-0.015385117381811142,0.4643585979938507,0.2926217019557953,-0.020555971190333366,0.47480541467666626,0.3109132647514343,-0.024159416556358337,0.49888554215431213,0.4482881426811218,0.00659241434186697,0.5047076344490051,0.31397536396980286,-0.02839897945523262,0.4984026253223419,0.2873002886772156,-0.02990523725748062,0.4933457672595978,0.2630753517150879,-0.02980520762503147,0.47105297446250916,0.34982702136039734,-0.00747688440605998,0.4542435109615326,0.3593538999557495,0.0013970520813018084,0.4982597827911377,0.34559136629104614,-0.007467865012586117,0.4610472619533539,0.33588171005249023,-0.007767209317535162,0.5059836506843567,0.3629848062992096,-0.014509035274386406,0.5090446472167969,0.3979976773262024,-0.02585756964981556,0.44642969965934753,0.36652761697769165,0.008457246236503124,0.46015453338623047,0.36637797951698303,-0.002574601909145713,0.46988779306411743,0.3701111376285553,-0.006570169702172279,0.4829317629337311,0.36792123317718506,-0.00779034523293376,0.49188128113746643,0.36352798342704773,-0.008380909450352192,0.49832525849342346,0.3593202233314514,-0.009771222248673439,0.5153680443763733,0.35215628147125244,-0.022111309692263603,0.44851845502853394,0.38581353425979614,0.01004710327833891,0.45525437593460083,0.3350924253463745,-0.006205869372934103,0.5232515931129456,0.40882161259651184,-0.028597723692655563,0.5028625726699829,0.3781139850616455,-0.012967421673238277,0.43105337023735046,0.34186261892318726,0.04137611389160156,0.503525972366333,0.35494253039360046,-0.010924830101430416,0.5002026557922363,0.3960718810558319,-0.007992834784090519,0.46445566415786743,0.3406867980957031,-0.004387300927191973,0.5079540014266968,0.39101842045783997,-0.024397816509008408,0.4394034147262573,0.4052530825138092,0.056324221193790436,0.49749213457107544,0.34240132570266724,-0.006785953883081675,0.5139678120613098,0.3870276212692261,-0.030502771958708763,0.46864160895347595,0.45259180665016174,0.028452277183532715,0.46780988574028015,0.46075475215911865,0.0407772921025753,0.43927809596061707,0.38581448793411255,0.03220938891172409,0.45768308639526367,0.44078996777534485,0.032754141837358475,0.43982502818107605,0.3286013901233673,0.012231106869876385,0.5008258819580078,0.4796498417854309,0.01778608188033104,0.523168683052063,0.40961071848869324,-0.01943202130496502,0.49669578671455383,0.38419193029403687,-0.010239200666546822,0.44609758257865906,0.34726718068122864,0.007456429302692413,0.4779086410999298,0.3458879590034485,-0.009392742067575455,0.48358216881752014,0.34591591358184814,-0.010136044584214687,0.4972279965877533,0.43838828802108765,0.005131023470312357,0.45027586817741394,0.40377119183540344,0.015869032591581345,0.5122066736221313,0.4887005388736725,0.02240286022424698,0.4912746846675873,0.4792770743370056,0.029767632484436035,0.480876624584198,0.47199979424476624,0.03450749069452286,0.5168346762657166,0.2860376834869385,-0.028740117326378822,0.5244070291519165,0.48829585313796997,0.022987710312008858,0.4886084198951721,0.34475746750831604,-0.009689289145171642,0.4932728707790375,0.3432849049568176,-0.008345927111804485,0.4962484538555145,0.342774361371994,-0.006972144357860088,0.4492732286453247,0.3323860168457031,-0.0009889736538752913,0.49161526560783386,0.33590441942214966,-0.010631931014358997,0.4859475791454315,0.33332201838493347,-0.012562848627567291,0.48039716482162476,0.33316752314567566,-0.013079335913062096,0.4747890532016754,0.33473560214042664,-0.01204870454967022,0.4712200164794922,0.3369636833667755,-0.010148216038942337,0.4321099519729614,0.3212454319000244,0.02721024490892887,0.4737034738063812,0.34464797377586365,-0.00805068388581276,0.524646520614624,0.41608256101608276,-0.01147507969290018,0.5027963519096375,0.4181416630744934,-0.0076424372382462025,0.509259045124054,0.40381303429603577,-0.01856471598148346,0.5158050656318665,0.41675394773483276,-0.012054520659148693,0.5199529528617859,0.3362969756126404,-0.021282630041241646,0.48009204864501953,0.4633840322494507,0.02600676752626896,0.49024397134780884,0.47170302271842957,0.02247695066034794,0.5126549601554871,0.4843614101409912,0.01425181608647108,0.45672088861465454,0.44692084193229675,0.048658549785614014,0.4956672191619873,0.3399438261985779,-0.008491018787026405,0.5122339129447937,0.3676319122314453,-0.022020960226655006,0.5251458883285522,0.4838027060031891,0.015028058551251888,0.501609742641449,0.48533591628074646,0.024720720946788788,0.44269174337387085,0.40571969747543335,0.03540441393852234,0.5106286406517029,0.43691760301589966,-0.0010554433101788163,0.5098132491111755,0.4395827353000641,-0.0013140349183231592,0.5090887546539307,0.4429292678833008,-0.001861251424998045,0.5084959864616394,0.4469090402126312,-0.00047032342990860343,0.5064776539802551,0.45438259840011597,0.005048178136348724,0.499446839094162,0.4350001811981201,0.002336252247914672,0.4983927309513092,0.4342893958091736,0.0019143401877954602,0.4974852204322815,0.4335557818412781,0.001365447067655623,0.4897100627422333,0.42695850133895874,0.0007083776290528476,0.46090102195739746,0.4095202684402466,0.00521507952362299,0.5107580423355103,0.35699892044067383,-0.01791723072528839,0.5036752223968506,0.336897075176239,-0.011036697775125504,0.4987208843231201,0.33711475133895874,-0.009503860957920551,0.5005198121070862,0.4357334077358246,0.003364421194419265,0.46080154180526733,0.4294343888759613,0.018811676651239395,0.5109028816223145,0.33790338039398193,-0.01824371889233589,0.5037143230438232,0.4626765847206116,0.009283162653446198,0.5242840647697449,0.3719860315322876,-0.030903516337275505,0.5171977877616882,0.3635571599006653,-0.026554163545370102,0.5229446887969971,0.36141514778137207,-0.02726609818637371,0.5083327293395996,0.3818988800048828,-0.020118234679102898,0.5252097845077515,0.47625523805618286,0.010039753280580044,0.524712860584259,0.46634960174560547,0.008216616697609425,0.5144445300102234,0.4669440984725952,0.007970430888235569,0.48728010058403015,0.4461800754070282,0.011414038948714733,0.494412899017334,0.40293166041374207,-0.006071373354643583,0.49493512511253357,0.45553046464920044,0.010909345000982285,0.47748756408691406,0.4027829170227051,-0.006002362817525864,0.4879664182662964,0.4118403494358063,-0.004056017845869064,0.471638947725296,0.4162437915802002,0.0008518314571119845,0.5133394598960876,0.47683030366897583,0.009604203514754772,0.5039622783660889,0.38582518696784973,-0.015208039432764053,0.4821420907974243,0.45384109020233154,0.01758449710905552,0.49191299080848694,0.46320605278015137,0.016462596133351326,0.4808761477470398,0.435869425535202,0.008693000301718712,0.4528454542160034,0.4185325503349304,0.021449130028486252,0.4716900587081909,0.43862801790237427,0.013795419596135616,0.4481656849384308,0.4239581823348999,0.036893080919981,0.4823252856731415,0.4216989576816559,0.00014400540385395288,0.5075989365577698,0.37272968888282776,-0.01714918576180935,0.5112955570220947,0.40248313546180725,-0.02665002830326557,0.5064938068389893,0.40286126732826233,-0.019481755793094635,0.5148032307624817,0.3973641097545624,-0.031238839030265808,0.49895843863487244,0.3297463357448578,-0.014976980164647102,0.48851537704467773,0.32461729645729065,-0.018069971352815628,0.4789775013923645,0.32361122965812683,-0.018796635791659355,0.4707295596599579,0.3255021572113037,-0.016956225037574768,0.46460795402526855,0.3295263946056366,-0.013465124182403088,0.4595867991447449,0.34361836314201355,-0.002102052327245474,0.43710631132125854,0.36619099974632263,0.02714262530207634,0.4661148190498352,0.356641560792923,-0.0043318867683410645,0.47375309467315674,0.3595069348812103,-0.006755622569471598,0.4828626811504364,0.3587881028652191,-0.008009628392755985,0.49081534147262573,0.35603266954421997,-0.008338644169270992,0.4967612028121948,0.35300272703170776,-0.008031307719647884,0.5010501742362976,0.35042068362236023,-0.00832002330571413,0.4326728582382202,0.36193758249282837,0.04978501424193382,0.5061070919036865,0.4040118157863617,-0.0159829743206501,0.5135323405265808,0.3771091103553772,-0.025407303124666214,0.5166898369789124,0.4040399491786957,-0.030445648357272148,0.5192098617553711,0.4073161780834198,-0.02653997205197811,0.5159489512443542,0.40480750799179077,-0.02727288007736206,0.5073854923248291,0.4057517945766449,-0.012912184931337833,0.5209594964981079,0.4083269536495209,-0.027890857309103012,0.5208832621574402,0.4091324210166931,-0.019925275817513466,0.5002174377441406,0.3430374562740326,-0.007000217214226723,0.5044577121734619,0.3458108901977539,-0.009667033329606056,0.5075229406356812,0.3482827842235565,-0.013205922208726406,0.46909090876579285,0.3387256860733032,-0.008060974068939686,0.4648003876209259,0.3356294631958008,-0.008519021794199944,0.529111921787262,0.37236687541007996,-0.027579691261053085,0.5575626492500305,0.3322330415248871,0.00815326813608408,0.5313685536384583,0.4062879681587219,-0.018857039511203766,0.5750339031219482,0.2907422184944153,0.035312481224536896,0.5409648418426514,0.34414198994636536,-1.6172962205018848e-05,0.5473239421844482,0.34354591369628906,0.001529980101622641,0.5532769560813904,0.34225913882255554,0.004109211731702089,0.5595298409461975,0.3352700471878052,0.010220776312053204,0.5358633399009705,0.34328120946884155,-0.000629749963991344,0.5508387684822083,0.3188166618347168,-0.0038385926745831966,0.5433772802352905,0.3208202123641968,-0.0053621577098965645,0.5571181774139404,0.31930965185165405,-0.0004679699777625501,0.5605982542037964,0.3218535780906677,0.0029780000913888216,0.5646759867668152,0.341063916683197,0.014974596910178661,0.5446341037750244,0.46454161405563354,0.019649626687169075,0.5591849684715271,0.3294512629508972,0.010333661921322346,0.5795848369598389,0.33098334074020386,0.04494858905673027,0.5694811940193176,0.3336194157600403,0.021175339818000793,0.5516905784606934,0.38453832268714905,0.0008824397809803486,0.531963050365448,0.4268375039100647,-0.008606052957475185,0.5307341814041138,0.4337998032569885,-0.004545170348137617,0.5376368165016174,0.42726269364356995,-0.0031747110188007355,0.5410457849502563,0.427883505821228,0.00318733137100935,0.5354282855987549,0.4323885142803192,-0.0008192455861717463,0.5387811660766602,0.4312860071659088,0.004722293000668287,0.5489564538002014,0.43390581011772156,0.017125951126217842,0.5318126082420349,0.4040680527687073,-0.031086314469575882,0.5323770642280579,0.3952832520008087,-0.03410421311855316,0.5691202878952026,0.31529924273490906,0.004331347998231649,0.5378279089927673,0.3642135560512543,-0.0055412594228982925,0.5423845648765564,0.39506831765174866,-0.013702038675546646,0.5418839454650879,0.38945016264915466,-0.012389784678816795,0.5689936280250549,0.3786090612411499,0.011897332035005093,0.530851423740387,0.38313472270965576,-0.03192082419991493,0.558032751083374,0.30988025665283203,-0.010718201287090778,0.5651428699493408,0.31095483899116516,-0.003799081314355135,0.5707767605781555,0.27682363986968994,0.018988007679581642,0.5322628021240234,0.32172781229019165,-0.0194760262966156,0.536934494972229,0.32532620429992676,-0.004105531144887209,0.5535737872123718,0.4249437153339386,0.017902780324220657,0.573400616645813,0.41177472472190857,0.07731655240058899,0.5383034348487854,0.40096598863601685,-0.011397960595786572,0.5340244770050049,0.4045465588569641,-0.012244753539562225,0.5449941158294678,0.42903900146484375,0.01666741445660591,0.5436984896659851,0.4296171963214874,0.014395398087799549,0.5675247311592102,0.30477941036224365,-0.0014432761818170547,0.5421537756919861,0.39747729897499084,-0.009630779735744,0.5473476648330688,0.31253764033317566,-0.016244642436504364,0.5486947298049927,0.3052775263786316,-0.01886945776641369,0.5499590039253235,0.2611389756202698,-0.01332458108663559,0.5693248510360718,0.2890591025352478,0.006673513911664486,0.5484530925750732,0.28190821409225464,-0.017206041142344475,0.5713312029838562,0.31036674976348877,0.009407659992575645,0.5740679502487183,0.2998715043067932,0.02079658955335617,0.5315665006637573,0.4306505620479584,-0.007175981067121029,0.5366268157958984,0.42997515201568604,-0.0021318700164556503,0.5400022864341736,0.4295829236507416,0.003475671634078026,0.5369970202445984,0.40233945846557617,-0.01020929217338562,0.5443309545516968,0.429339200258255,0.015391837805509567,0.5422853231430054,0.4323212206363678,0.011598222889006138,0.5430334210395813,0.42994093894958496,0.014093807898461819,0.5366531014442444,0.40093764662742615,-0.020872389897704124,0.5376498699188232,0.43264320492744446,0.00604716083034873,0.5342540740966797,0.43417423963546753,0.0022223619744181633,0.5297858119010925,0.43580788373947144,-0.0010739711578935385,0.5320565700531006,0.4557172954082489,0.00765928765758872,0.5311636924743652,0.44742271304130554,0.0007868769462220371,0.5311214923858643,0.44304776191711426,-0.0006037757848389447,0.5306019186973572,0.4389651417732239,0.00010344355541747063,0.5296842455863953,0.4356675446033478,1.0470278539287392e-05,0.5375480055809021,0.4325925409793854,0.006914913188666105,0.5388132333755493,0.4338168799877167,0.006636273115873337,0.5399391055107117,0.4355449378490448,0.006440915632992983,0.5407202243804932,0.4376930296421051,0.008174379356205463,0.5481055974960327,0.4159025251865387,0.004190512932837009,0.5769864320755005,0.3664174973964691,0.07921559363603592,0.540044903755188,0.43138957023620605,0.011156534776091576,0.5412461757659912,0.43177732825279236,0.011098992079496384,0.5322008728981018,0.4081558883190155,-0.011479179374873638,0.5402682423591614,0.40192505717277527,-0.00459633581340313,0.5330967307090759,0.4064522087574005,-0.012171418406069279,0.5439963340759277,0.36771732568740845,-0.0012941519962623715,0.554531455039978,0.3716881275177002,0.0029312537517398596,0.542555034160614,0.3921404480934143,-0.0080808624625206,0.5631985664367676,0.2666185796260834,0.002174567198380828,0.5613447427749634,0.282562792301178,-0.005742046050727367,0.5598695874214172,0.3024621605873108,-0.010838274843990803,0.544786810874939,0.4420301914215088,0.014018094167113304,0.534675657749176,0.30999183654785156,-0.023858647793531418,0.534110426902771,0.28376108407974243,-0.024610349908471107,0.5343779921531677,0.25947490334510803,-0.02360597625374794,0.5575112104415894,0.33937275409698486,0.007478171493858099,0.5706244111061096,0.3466198444366455,0.02039991319179535,0.532659649848938,0.34199944138526917,-0.0006430171197280288,0.5654358863830566,0.3245971202850342,0.009589367546141148,0.5338651537895203,0.359775185585022,-0.009301083162426949,0.539919912815094,0.3943517208099365,-0.02100742608308792,0.5786783695220947,0.35141119360923767,0.029899321496486664,0.5686208009719849,0.3543757200241089,0.01530152652412653,0.56255042552948,0.35988783836364746,0.00871951598674059,0.5512593984603882,0.36070114374160767,0.003943811636418104,0.5425151586532593,0.35842472314834595,0.0005797769408673048,0.5365238189697266,0.3557218909263611,-0.003027955535799265,0.5268471837043762,0.35085076093673706,-0.019917767494916916,0.5796416401863098,0.37049901485443115,0.03138478100299835,0.5695224404335022,0.3230533301830292,0.012795455753803253,0.529528796672821,0.4079524874687195,-0.027535628527402878,0.5383040904998779,0.3741283416748047,-0.006754375994205475,0.5776578783988953,0.326295405626297,0.06698175519704819,0.5322125554084778,0.3522808849811554,-0.005677021574229002,0.5423949360847473,0.3913154900074005,-0.0016495520249009132,0.5614437460899353,0.3296487331390381,0.012065724469721317,0.5390793085098267,0.3874070346355438,-0.019439848139882088,0.5761112570762634,0.38839367032051086,0.07999395579099655,0.5320637226104736,0.3386209011077881,0.00030696424073539674,0.5352171659469604,0.3844788372516632,-0.02692107856273651,0.5664050579071045,0.43870553374290466,0.04420743137598038,0.5640503168106079,0.4464145004749298,0.05761442333459854,0.5814075469970703,0.3690413236618042,0.05533767491579056,0.572998583316803,0.42552781105041504,0.05131831392645836,0.5769031047821045,0.3139638900756836,0.03443102538585663,0.5452517867088318,0.4719162583351135,0.02524864487349987,0.5282686352729797,0.40897855162620544,-0.018765918910503387,0.5436078906059265,0.37889617681503296,-0.002596811158582568,0.5728356242179871,0.3342571258544922,0.02850661613047123,0.5524336695671082,0.3365146219730377,0.003773735137656331,0.5471656918525696,0.3381977379322052,0.0015092979883775115,0.5431623458862305,0.4331299364566803,0.013139157555997372,0.579184353351593,0.3883058726787567,0.03648105636239052,0.5353766679763794,0.48446473479270935,0.026764802634716034,0.5498088002204895,0.46896153688430786,0.04062514379620552,0.5562435388565063,0.45956799387931824,0.04818401485681534,0.5416600108146667,0.3387089967727661,0.00025321842986159027,0.5365968346595764,0.3386068046092987,0.0001815257710404694,0.5334834456443787,0.3388383686542511,0.0006789233302697539,0.5721109509468079,0.32021042704582214,0.019463125616312027,0.5371241569519043,0.3307870030403137,-0.0018771464237943292,0.5425622463226318,0.32700568437576294,-0.0023451962042599916,0.5485129356384277,0.325431227684021,-0.0012054932303726673,0.5537952184677124,0.3257749676704407,0.0014326171949505806,0.5567014217376709,0.32723960280418396,0.004281485918909311,0.5773094296455383,0.30631667375564575,0.05237895995378494,0.5556033849716187,0.3343920111656189,0.006229203660041094,0.5427169799804688,0.4136259853839874,-0.001387583906762302,0.5385974049568176,0.4003470838069916,-0.0143546462059021,0.5328289270401001,0.4148739278316498,-0.009431571699678898,0.5586330890655518,0.45124551653862,0.038752827793359756,0.5519751310348511,0.4614449143409729,0.03250835835933685,0.5364744663238525,0.48016157746315,0.018322179093956947,0.569385290145874,0.43140336871147156,0.06856083869934082,0.5336736440658569,0.33558791875839233,-0.0006578001193702221,0.5317370295524597,0.36536741256713867,-0.018523583188652992,0.5433182120323181,0.47769153118133545,0.03272458165884018,0.5802142024040222,0.38893863558769226,0.05758020281791687,0.5341478586196899,0.4340670108795166,0.00325737614184618,0.5354196429252625,0.43638551235198975,0.0031258517410606146,0.5362887978553772,0.4394092261791229,0.002804263960570097,0.5367664694786072,0.4431837201118469,0.004363861866295338,0.5393593311309814,0.4497126638889313,0.010456466116011143,0.5413333177566528,0.43034040927886963,0.009822063148021698,0.5424347519874573,0.42935264110565186,0.010095053352415562,0.5433666110038757,0.428386390209198,0.010080480948090553,0.5521342158317566,0.41955775022506714,0.010960846208035946,0.5736905336380005,0.3959164619445801,0.022745873779058456,0.5302146673202515,0.3548039495944977,-0.014230862259864807,0.5293362140655518,0.3338550925254822,-0.006450457498431206,0.5318337082862854,0.33335116505622864,-0.0028956022579222918,0.5400962233543396,0.431376188993454,0.010609220713376999,0.5728839039802551,0.41518521308898926,0.03637967258691788,0.5266108512878418,0.3359714448451996,-0.01547598373144865,0.542179524898529,0.4567294716835022,0.015251225791871548,0.5281275510787964,0.36224743723869324,-0.024699341505765915,0.5363258123397827,0.3787262439727783,-0.015547867864370346,0.5339630246162415,0.4638707637786865,0.010815939866006374,0.5537627339363098,0.43706050515174866,0.021944528445601463,0.5475108623504639,0.39675718545913696,0.001896258327178657,0.5482795834541321,0.44767504930496216,0.019168740138411522,0.5619441270828247,0.39272019267082214,0.00668588699772954,0.5536138415336609,0.40401723980903625,0.005938378162682056,0.5666308403015137,0.4045426845550537,0.01528865098953247,0.5359885692596436,0.47307097911834717,0.01337934285402298,0.5389808416366577,0.3819020092487335,-0.009520278312265873,0.5579344630241394,0.4427109956741333,0.02966943569481373,0.5511071085929871,0.45390719175338745,0.02571650967001915,0.5589690208435059,0.42587774991989136,0.0215125922113657,0.5774515867233276,0.40315142273902893,0.041101519018411636,0.5658448934555054,0.42609885334968567,0.028590403497219086,0.5777075290679932,0.4076443016529083,0.05798671394586563,0.5581814646720886,0.41252803802490234,0.012006532400846481,0.5348385572433472,0.3696354031562805,-0.012198317795991898,0.5385212898254395,0.39916983246803284,-0.02223113365471363,0.5409807562828064,0.39879488945007324,-0.01444508507847786,0.5365458726882935,0.39467617869377136,-0.027753686532378197,0.5344328284263611,0.32503336668014526,-0.008686677552759647,0.5449262261390686,0.318100243806839,-0.008836764842271805,0.5540552735328674,0.315872460603714,-0.006647469010204077,0.560836672782898,0.3164461553096771,-0.002310983370989561,0.5645526051521301,0.31925126910209656,0.002892909338697791,0.5649685859680176,0.3318540155887604,0.015450170263648033,0.5811660885810852,0.3498400151729584,0.05087892711162567,0.562416136264801,0.3457549810409546,0.011826393194496632,0.5572238564491272,0.34997349977493286,0.00733403954654932,0.5492066740989685,0.3513726592063904,0.0036057354882359505,0.5413446426391602,0.35068339109420776,0.0008474582573398948,0.5356425642967224,0.34914979338645935,-0.0010853027924895287,0.5319200158119202,0.3474424481391907,-0.0026428403798490763,0.5769944190979004,0.346021831035614,0.07523620873689651,0.5404384732246399,0.39998260140419006,-0.011042888276278973,0.5330843329429626,0.3748047649860382,-0.02184610441327095,0.5353383421897888,0.4015629291534424,-0.027639273554086685,0.5321110486984253,0.4055192172527313,-0.024892937391996384,0.5349310636520386,0.40234118700027466,-0.024396060034632683,0.5389338135719299,0.4021109640598297,-0.00875561498105526,0.531247615814209,0.4069000780582428,-0.026548024266958237,0.5300402045249939,0.4079168736934662,-0.01880212128162384,0.5305449366569519,0.33976227045059204,-0.0010975109180435538,0.5288634896278381,0.3433752655982971,-0.005181084852665663,0.528712272644043,0.34621870517730713,-0.009489341638982296,0.5581923127174377,0.32846924662590027,0.007002214901149273,0.5622744560241699,0.32494887709617615,0.007471923250705004,0.4795045852661133,0.3398377299308777,-0.009156972169876099,0.48665037751197815,0.3392064571380615,-0.009156972169876099,0.47912123799324036,0.3303082585334778,-0.009156972169876099,0.47223153710365295,0.3404392898082733,-0.009156972169876099,0.4798613488674164,0.3493046164512634,-0.009156972169876099,0.5442315340042114,0.33189094066619873,0.0023781550116837025,0.5515213012695312,0.3306167721748352,0.0023781550116837025,0.5435675382614136,0.3232952654361725,0.0023781550116837025,0.5369424223899841,0.33314111828804016,0.0023781550116837025,0.5449835658073425,0.3405038118362427,0.0023781550116837025
2166.666666666665,0.5185120701789856,0.42405521869659424,-0.01235440094023943,0.5192561149597168,0.39736542105674744,-0.0330846905708313,0.5178455114364624,0.4031660854816437,-0.01547460537403822,0.5108057260513306,0.3655449450016022,-0.029121236875653267,0.518837571144104,0.38810640573501587,-0.036189962178468704,0.5174896121025085,0.3749265670776367,-0.03503778949379921,0.513412356376648,0.34190723299980164,-0.022353580221533775,0.4650239050388336,0.3384237587451935,-0.0036036630626767874,0.5111057162284851,0.3173142969608307,-0.020882267504930496,0.5102900862693787,0.3046662509441376,-0.023923344910144806,0.5060127973556519,0.2544032037258148,-0.023408960551023483,0.5185587406158447,0.42694100737571716,-0.011130806058645248,0.5183975100517273,0.42968130111694336,-0.008871173486113548,0.5181576609611511,0.43153873085975647,-0.0054421694949269295,0.5180615782737732,0.4317607283592224,-0.003719497472047806,0.5184240341186523,0.4356144964694977,-0.0038664881139993668,0.5186483263969421,0.440117746591568,-0.004623827990144491,0.518670380115509,0.444679319858551,-0.0029679276049137115,0.5194548964500427,0.45523393154144287,0.003971802070736885,0.5189470648765564,0.40124377608299255,-0.02938791736960411,0.5117349028587341,0.40059754252433777,-0.021263401955366135,0.4310934841632843,0.3012511134147644,0.01740284636616707,0.48367631435394287,0.3453029692173004,-0.007314162328839302,0.4774544835090637,0.3465428650379181,-0.007538862060755491,0.47107917070388794,0.34676551818847656,-0.006543085444718599,0.46196141839027405,0.34189993143081665,-0.0025226958096027374,0.4888596832752228,0.3431064188480377,-0.0060011050663888454,0.47283849120140076,0.3214908540248871,-0.012693209573626518,0.4802064299583435,0.32195767760276794,-0.011834376491606236,0.4661528468132019,0.3235763907432556,-0.01109158992767334,0.46182703971862793,0.32725003361701965,-0.00869565736502409,0.4560123085975647,0.34825316071510315,0.000847519957460463,0.49679502844810486,0.46847355365753174,0.010726255364716053,0.46212729811668396,0.33618831634521484,-0.0020020557567477226,0.43175604939460754,0.3431212306022644,0.02578955516219139,0.44725510478019714,0.3423188328742981,0.0055137937888503075,0.4819297194480896,0.38592714071273804,-0.00820944830775261,0.5106639266014099,0.42307060956954956,-0.012782684527337551,0.5111381411552429,0.42980659008026123,-0.008886848576366901,0.5029765367507935,0.42567217350006104,-0.009820647537708282,0.4974428713321686,0.4275702238082886,-0.0051589892245829105,0.5046520233154297,0.43000298738479614,-0.007070830091834068,0.49940070509910583,0.4301472306251526,-0.0028276676312088966,0.4874889552593231,0.43807312846183777,0.006830013822764158,0.5139085054397583,0.3976150453090668,-0.03312176465988159,0.5128040313720703,0.38861167430877686,-0.03610677272081375,0.4518026113510132,0.32151925563812256,-0.00951695628464222,0.49397963285446167,0.3618497848510742,-0.010751797817647457,0.49685508012771606,0.39265090227127075,-0.019753780215978622,0.49583905935287476,0.38712185621261597,-0.018428733572363853,0.4606052339076996,0.3854248523712158,-0.0029110463801771402,0.5117866396903992,0.3763205409049988,-0.03388163819909096,0.46898385882377625,0.3121147155761719,-0.01936950907111168,0.4590473771095276,0.3152711093425751,-0.015324098989367485,0.4381253719329834,0.285015344619751,0.003932618536055088,0.49836546182632446,0.31961390376091003,-0.020802997052669525,0.4865873157978058,0.32525521516799927,-0.009001572616398335,0.4818474352359772,0.42946717143058777,0.006022052839398384,0.443655401468277,0.4268139898777008,0.05521927401423454,0.5016043186187744,0.39756321907043457,-0.016142860054969788,0.5069466829299927,0.39987489581108093,-0.015224284492433071,0.48961585760116577,0.4298657178878784,0.006091734394431114,0.4911167025566101,0.430123895406723,0.004821330774575472,0.45475542545318604,0.30913493037223816,-0.013566763140261173,0.49613043665885925,0.39545878767967224,-0.015689313411712646,0.48204806447029114,0.3131508231163025,-0.0213113222271204,0.4807051420211792,0.30548202991485596,-0.023826543241739273,0.46689364314079285,0.26237356662750244,-0.019299155101180077,0.44578930735588074,0.2962820827960968,-0.006318788044154644,0.47350451350212097,0.28216981887817383,-0.022281257435679436,0.4467945098876953,0.3167102336883545,-0.005271228961646557,0.43842634558677673,0.30924558639526367,0.005228390451520681,0.5108420848846436,0.42681869864463806,-0.011519824154675007,0.5038065314292908,0.4279244542121887,-0.008602808229625225,0.4983915090560913,0.4288426637649536,-0.0044239591807127,0.502934455871582,0.3986979126930237,-0.01426215935498476,0.490393728017807,0.42999303340911865,0.005454811733216047,0.49398571252822876,0.4324832260608673,0.0029071683529764414,0.4918713867664337,0.43027958273887634,0.004737699870020151,0.5054923892021179,0.3964393138885498,-0.02528528869152069,0.5001862645149231,0.4311816394329071,-0.0013540805084630847,0.5053907632827759,0.43146267533302307,-0.003974867518991232,0.5114424824714661,0.43165433406829834,-0.0056592305190861225,0.510466992855072,0.4558052718639374,0.003405538387596607,0.5107973217964172,0.4446662664413452,-0.0035619379486888647,0.510933518409729,0.4400491714477539,-0.005038761533796787,0.511155366897583,0.4356108009815216,-0.004173383582383394,0.5114191174507141,0.43193620443344116,-0.003928449470549822,0.5001791715621948,0.431282103061676,1.7774935258785263e-05,0.4992433488368988,0.4328748881816864,-0.00040138576878234744,0.49820223450660706,0.43509232997894287,-0.0008935296209529042,0.49734121561050415,0.43764305114746094,0.0004159944655839354,0.48945242166519165,0.41691988706588745,-0.004779988434165716,0.43173515796661377,0.3810727894306183,0.05699798837304115,0.5184427499771118,0.4023519456386566,-0.020557116717100143,0.49620652198791504,0.43085452914237976,0.0028923365753144026,0.4951215386390686,0.43157440423965454,0.002708165906369686,0.5093405842781067,0.4029656648635864,-0.014637352898716927,0.49795833230018616,0.39970430731773376,-0.009713132865726948,0.5081982612609863,0.4014756381511688,-0.015169908292591572,0.4871532917022705,0.3671605587005615,-0.008667068555951118,0.47641682624816895,0.3740062713623047,-0.007337833289057016,0.4944396913051605,0.39037981629371643,-0.014413324184715748,0.4495126008987427,0.27176567912101746,-0.008890590630471706,0.45689210295677185,0.2867792248725891,-0.01520549226552248,0.4663781523704529,0.3046320378780365,-0.019687563180923462,0.49364838004112244,0.445504754781723,0.00516466423869133,0.49607738852500916,0.3074110150337219,-0.024959899485111237,0.49002766609191895,0.2804948687553406,-0.02523505501449108,0.4851043224334717,0.25706082582473755,-0.024039218202233315,0.46540597081184387,0.34526681900024414,-0.004518719855695963,0.4485739767551422,0.3552788197994232,0.004367194138467312,0.49215951561927795,0.34104666113853455,-0.005150562152266502,0.45496606826782227,0.3316030204296112,-0.004050873685628176,0.49853751063346863,0.3561035990715027,-0.013183663599193096,0.5013196468353271,0.39062219858169556,-0.025971561670303345,0.4408617615699768,0.36226794123649597,0.011382725089788437,0.4542376697063446,0.3619055449962616,-1.4957829989725724e-05,0.46365219354629517,0.36528196930885315,-0.004404731094837189,0.47654253244400024,0.3631482720375061,-0.0059349010698497295,0.48561933636665344,0.3588520884513855,-0.006690433714538813,0.4921330511569977,0.3544556796550751,-0.0081382030621171,0.5073604583740234,0.3445526957511902,-0.020538615062832832,0.44323956966400146,0.38168346881866455,0.012173363007605076,0.44901323318481445,0.3307076394557953,-0.002183923963457346,0.5155959725379944,0.40131062269210815,-0.029473770409822464,0.49560168385505676,0.3715105354785919,-0.01215733028948307,0.4271300435066223,0.3395630121231079,0.045814577490091324,0.49716076254844666,0.3497335910797119,-0.009224779903888702,0.49313125014305115,0.3899693787097931,-0.007908151485025883,0.4591163992881775,0.3368193805217743,-0.00100863934494555,0.5002537965774536,0.38377222418785095,-0.024275582283735275,0.43618035316467285,0.403608500957489,0.057642459869384766,0.491536021232605,0.33787599205970764,-0.004228286910802126,0.5059642791748047,0.3792743980884552,-0.030389709398150444,0.4645306468009949,0.44981318712234497,0.027563482522964478,0.46424147486686707,0.45886659622192383,0.03945023939013481,0.4348335266113281,0.3827136754989624,0.03450172021985054,0.45381176471710205,0.4382224678993225,0.03240858390927315,0.43453165888786316,0.3246661126613617,0.016978349536657333,0.49618762731552124,0.4765426814556122,0.015361565165221691,0.5157674551010132,0.40228837728500366,-0.02041405253112316,0.48969197273254395,0.3779929578304291,-0.00951407290995121,0.4406965374946594,0.34380823373794556,0.01117776334285736,0.47190994024276733,0.34095367789268494,-0.0064577143639326096,0.4773652255535126,0.3410525619983673,-0.007362701464444399,0.49295541644096375,0.4336220622062683,0.003893314627930522,0.445443719625473,0.40000173449516296,0.017141874879598618,0.5080099701881409,0.4859113395214081,0.019341496750712395,0.4870172142982483,0.4768126308917999,0.027624092996120453,0.4768736958503723,0.469780832529068,0.032751601189374924,0.5081803798675537,0.27903512120246887,-0.024588491767644882,0.5205677151679993,0.4853954315185547,0.019463712349534035,0.48243576288223267,0.3400457501411438,-0.007050853222608566,0.48719894886016846,0.33868175745010376,-0.005773650482296944,0.4902377426624298,0.3382508158683777,-0.004396053496748209,0.44311681389808655,0.3281291127204895,0.0033070521894842386,0.48531627655029297,0.331298828125,-0.007751745637506247,0.47969764471054077,0.3287148177623749,-0.009518046863377094,0.47425177693367004,0.32860198616981506,-0.009878529235720634,0.4688805043697357,0.3303769826889038,-0.008764311671257019,0.46557876467704773,0.33280718326568604,-0.006837252527475357,0.4277007281780243,0.318413108587265,0.03260375186800957,0.4679766297340393,0.3398638367652893,-0.004977588076144457,0.517973005771637,0.4092854857444763,-0.01286318153142929,0.49625319242477417,0.4124411344528198,-0.008497713133692741,0.5018681883811951,0.3967682421207428,-0.01885058544576168,0.5090128779411316,0.4102483093738556,-0.013205488212406635,0.5118963122367859,0.32889053225517273,-0.01930941641330719,0.4756883680820465,0.4605168402194977,0.02453031577169895,0.4857097268104553,0.4686548411846161,0.02048814482986927,0.5080971717834473,0.4813244044780731,0.011353743262588978,0.4535433351993561,0.4454183578491211,0.04790361970663071,0.4895460903644562,0.3353326916694641,-0.005771712865680456,0.5044125318527222,0.36014804244041443,-0.021012837067246437,0.5209455490112305,0.48059383034706116,0.011683622375130653,0.49723899364471436,0.48266324400901794,0.02215953916311264,0.43856605887413025,0.40292495489120483,0.03673256188631058,0.505388617515564,0.4316651523113251,-0.0023716934956610203,0.5045955777168274,0.4344227612018585,-0.002791317645460367,0.5039693117141724,0.4379028081893921,-0.00339498370885849,0.5035523176193237,0.442031592130661,-0.0020452113822102547,0.5011780858039856,0.45193400979042053,0.0033954584505409002,0.495033860206604,0.43011051416397095,0.001076276646926999,0.4939592778682709,0.4294501543045044,0.0007608731393702328,0.49307146668434143,0.42878469824790955,0.00031573482556268573,0.4841987192630768,0.4225689470767975,5.7893124903785065e-05,0.4557878375053406,0.4051450788974762,0.006108246278017759,0.5030133128166199,0.34972310066223145,-0.016452819108963013,0.4969273805618286,0.3315024673938751,-0.008552850224077702,0.492318332195282,0.3322400450706482,-0.00680626230314374,0.49613863229751587,0.4308163821697235,0.001994572812691331,0.45637863874435425,0.4260191321372986,0.018923088908195496,0.5036320686340332,0.33195143938064575,-0.016000574454665184,0.49862661957740784,0.45979535579681396,0.00748817902058363,0.5161029100418091,0.36379605531692505,-0.030544623732566833,0.5091257095336914,0.35570257902145386,-0.025473110377788544,0.5148104429244995,0.3533896505832672,-0.026337113231420517,0.500756025314331,0.37476208806037903,-0.019613347947597504,0.5207341909408569,0.47301894426345825,0.0071367016062140465,0.5200518369674683,0.46345633268356323,0.0057329824194312096,0.5094557404518127,0.46420568227767944,0.005794003140181303,0.48224639892578125,0.44288384914398193,0.010319721885025501,0.48775196075439453,0.3972271680831909,-0.005981922149658203,0.48986393213272095,0.4524711072444916,0.009421049617230892,0.47150424122810364,0.3974020481109619,-0.005274669267237186,0.4818677008152008,0.4065520465373993,-0.004047255963087082,0.4663693308830261,0.41154125332832336,0.001279408810660243,0.5085084438323975,0.473791241645813,0.007116392254829407,0.49662646651268005,0.37915000319480896,-0.014780782163143158,0.47736966609954834,0.45060843229293823,0.016404416412115097,0.48706647753715515,0.45996278524398804,0.014765793457627296,0.4758586585521698,0.4321420192718506,0.008123110048472881,0.44838836789131165,0.41517800092697144,0.022049520164728165,0.46702703833580017,0.4350631833076477,0.013407924212515354,0.44429245591163635,0.42143771052360535,0.037302810698747635,0.47687649726867676,0.41709065437316895,2.0213870811858214e-05,0.5000791549682617,0.36568766832351685,-0.016253862529993057,0.5036122798919678,0.3950858414173126,-0.026897985488176346,0.4990672767162323,0.3959145247936249,-0.019765306264162064,0.5068101286888123,0.38958847522735596,-0.031467255204916,0.4918113350868225,0.3244327902793884,-0.012018990702927113,0.4811836779117584,0.3192896842956543,-0.014657239429652691,0.471658855676651,0.3184749484062195,-0.015160541981458664,0.463661253452301,0.32064372301101685,-0.01320006512105465,0.45794111490249634,0.32497885823249817,-0.009633488953113556,0.45404794812202454,0.339568167924881,0.0013220953987911344,0.432390034198761,0.3628951907157898,0.030310897156596184,0.46038296818733215,0.35220110416412354,-0.0015670639695599675,0.467722088098526,0.35478538274765015,-0.004263472743332386,0.4767231047153473,0.35417020320892334,-0.005800639744848013,0.4847084581851959,0.3515123128890991,-0.006305231247097254,0.4907117486000061,0.3483811616897583,-0.006081968080252409,0.4949031472206116,0.345520555973053,-0.006385497283190489,0.42901384830474854,0.35995566844940186,0.05331442877650261,0.4988142251968384,0.39734315872192383,-0.016319822520017624,0.5056290030479431,0.36946916580200195,-0.02484544739127159,0.5088015794754028,0.3963683843612671,-0.030938316136598587,0.5116257071495056,0.39986300468444824,-0.027296682819724083,0.5082386136054993,0.39730900526046753,-0.02777126058936119,0.500243604183197,0.39926043152809143,-0.013410053215920925,0.5133088231086731,0.40083765983581543,-0.0287272110581398,0.5134680271148682,0.40184086561203003,-0.02081654779613018,0.4940716326236725,0.3383639454841614,-0.004630123730748892,0.49806541204452515,0.34060996770858765,-0.0075952885672450066,0.5008290410041809,0.34274452924728394,-0.011374324560165405,0.463662713766098,0.33466750383377075,-0.004743936937302351,0.45901310443878174,0.33156725764274597,-0.0050494130700826645,0.5210933089256287,0.36420929431915283,-0.027433153241872787,0.5510007739067078,0.3268899917602539,0.008366801775991917,0.5240750312805176,0.3987652361392975,-0.019939957186579704,0.5690243244171143,0.28527551889419556,0.036466725170612335,0.5356004238128662,0.33846020698547363,0.000454010849352926,0.5415406227111816,0.3380429744720459,0.0017781660426408052,0.5471328496932983,0.3366546928882599,0.00420802179723978,0.5535365343093872,0.329647421836853,0.010176131501793861,0.5304943919181824,0.3373631238937378,0.00012426705507095903,0.5431854724884033,0.3125952482223511,-0.0028971764259040356,0.5363423228263855,0.3145037293434143,-0.004074833355844021,0.5492756366729736,0.31319230794906616,0.0002016081562032923,0.5530264973640442,0.3158111870288849,0.003468885784968734,0.5591793656349182,0.3349640369415283,0.014537316747009754,0.5407717823982239,0.4611459970474243,0.01627504453063011,0.5527621507644653,0.32388409972190857,0.010545323602855206,0.5748792886734009,0.3255555033683777,0.04437211528420448,0.5650344491004944,0.3276060223579407,0.02088879980146885,0.5453868508338928,0.37761154770851135,-0.0003280456585343927,0.5255142450332642,0.42133331298828125,-0.01071397215127945,0.524722695350647,0.4281560182571411,-0.006958238780498505,0.5314149856567383,0.42215967178344727,-0.0055198692716658115,0.5351560115814209,0.4229094684123993,0.0007135064224712551,0.529617965221405,0.4269910752773285,-0.0033440005499869585,0.533216655254364,0.42608365416526794,0.002157173352316022,0.5446873903274536,0.42965126037597656,0.014230034314095974,0.5240976810455322,0.396186888217926,-0.032046206295490265,0.5244232416152954,0.38704028725624084,-0.03482102230191231,0.561086118221283,0.30866891145706177,0.004988303408026695,0.5308524370193481,0.3571307957172394,-0.0055153705179691315,0.5356112122535706,0.38750943541526794,-0.014846807345747948,0.5351918339729309,0.38195639848709106,-0.013383887708187103,0.5629500150680542,0.3720239996910095,0.010052095167338848,0.5228040814399719,0.37484508752822876,-0.03223911300301552,0.547980546951294,0.30309900641441345,-0.009256215766072273,0.5557627081871033,0.30419567227363586,-0.0027286959812045097,0.5638758540153503,0.2709077000617981,0.02105991169810295,0.5230849385261536,0.31536513566970825,-0.017431406304240227,0.5305571556091309,0.31914564967155457,-0.002702500205487013,0.5489737391471863,0.4198858141899109,0.014999588020145893,0.5712503790855408,0.4092743396759033,0.07296644151210785,0.5315113663673401,0.39353397488594055,-0.012537883594632149,0.5271377563476562,0.39714315533638,-0.013392619788646698,0.5399893522262573,0.4238396883010864,0.013894041068851948,0.5386373996734619,0.42445605993270874,0.011735012754797935,0.5583749413490295,0.2978997826576233,-0.00014658459986094385,0.5356399416923523,0.39018863439559937,-0.010887079872190952,0.5372408032417297,0.3060151934623718,-0.014387973584234715,0.5379485487937927,0.2988337278366089,-0.016696076840162277,0.541559100151062,0.25451815128326416,-0.009583751671016216,0.5618863105773926,0.2827497720718384,0.008465336635708809,0.5398253798484802,0.2748448848724365,-0.014095881953835487,0.5638759732246399,0.3036637604236603,0.01021513156592846,0.567470371723175,0.2939521074295044,0.021965408697724342,0.5253133773803711,0.425115168094635,-0.009453880600631237,0.5306090116500854,0.4246920943260193,-0.004591904580593109,0.5342969298362732,0.4244627356529236,0.0009477242128923535,0.5302222967147827,0.3949936032295227,-0.011325733736157417,0.5393048524856567,0.4241570830345154,0.012688797898590565,0.5370607972145081,0.4271259903907776,0.009037931449711323,0.5379688143730164,0.4247879385948181,0.011469259858131409,0.529426097869873,0.39319849014282227,-0.021926505491137505,0.5321993827819824,0.42739489674568176,0.003385167336091399,0.5286165475845337,0.4287005364894867,-0.0004355108249001205,0.5239883661270142,0.4301415681838989,-0.0036747066769748926,0.5276390314102173,0.4532117545604706,0.005281255580484867,0.5257607102394104,0.44255441427230835,-0.0015033106319606304,0.5254641175270081,0.43800270557403564,-0.0028557172045111656,0.524795651435852,0.4337484836578369,-0.0020405102986842394,0.5238678455352783,0.430288702249527,-0.0019151258748024702,0.5320647954940796,0.4273000955581665,0.0047513702884316444,0.5333526730537415,0.4285179674625397,0.004352032206952572,0.5345473289489746,0.43029507994651794,0.004035237245261669,0.5354456901550293,0.4324984848499298,0.0056585874408483505,0.5426890850067139,0.409624308347702,0.0019576936028897762,0.5740775465965271,0.36282023787498474,0.076579749584198,0.5347380638122559,0.4261755049228668,0.008800721727311611,0.5359647274017334,0.4265640377998352,0.00862409733235836,0.5254510641098022,0.4008473753929138,-0.012833498418331146,0.5338547229766846,0.3948628902435303,-0.005920944269746542,0.5262696146965027,0.3990839123725891,-0.013399733230471611,0.5373409986495972,0.36073365807533264,-0.001744235516525805,0.548095166683197,0.36475229263305664,0.0019336323020979762,0.5361204147338867,0.3848959505558014,-0.009200354106724262,0.5554381608963013,0.2602847218513489,0.0050554657354950905,0.5531808137893677,0.2758951485157013,-0.0033047706820070744,0.5495113134384155,0.29569196701049805,-0.0090368976816535,0.540640115737915,0.4383854568004608,0.01123203057795763,0.5243520140647888,0.30362066626548767,-0.021354464814066887,0.5253743529319763,0.2765772044658661,-0.020960578694939613,0.5257004499435425,0.2528577446937561,-0.019125379621982574,0.5514069199562073,0.3338370621204376,0.007462815847247839,0.5661616921424866,0.34025606513023376,0.019572963938117027,0.5271645188331604,0.33599886298179626,0.00032307911897078156,0.5586873888969421,0.3185476064682007,0.009842724539339542,0.5265971422195435,0.35250741243362427,-0.008988765068352222,0.5326793789863586,0.3864848017692566,-0.021985139697790146,0.5733249187469482,0.3454178273677826,0.02854033373296261,0.563046395778656,0.3478461802005768,0.014297123067080975,0.5563215017318726,0.3531852066516876,0.007802287582308054,0.5451099872589111,0.3539268672466278,0.003388785757124424,0.5365647673606873,0.3516029715538025,0.0004495604953262955,0.5303458571434021,0.3488132953643799,-0.0027210223488509655,0.5189868211746216,0.3431008458137512,-0.018786931410431862,0.5744401216506958,0.36465713381767273,0.029254598543047905,0.5633038878440857,0.31683093309402466,0.013070224784314632,0.5220169425010681,0.4003428518772125,-0.02859283611178398,0.5314759016036987,0.36690065264701843,-0.007106562610715628,0.5735682249069214,0.3218023478984833,0.06612606346607208,0.525649905204773,0.345305472612381,-0.005010439082980156,0.5361526012420654,0.3843047320842743,-0.0027201026678085327,0.5552523136138916,0.32399797439575195,0.012153416872024536,0.5319234728813171,0.37961867451667786,-0.02020225115120411,0.5736521482467651,0.3853011131286621,0.07647987455129623,0.5267056822776794,0.33275169134140015,0.0014544494915753603,0.5275359153747559,0.37640005350112915,-0.027463015168905258,0.5631913542747498,0.4352174997329712,0.0402100495994091,0.5616559386253357,0.4439498782157898,0.05290147662162781,0.5774908065795898,0.36421462893486023,0.053055908530950546,0.5698433518409729,0.4219972491264343,0.047322072088718414,0.5712212324142456,0.30824580788612366,0.03480982035398483,0.5417448282241821,0.4686625599861145,0.021386265754699707,0.5209348201751709,0.40154266357421875,-0.019866077229380608,0.5371350049972534,0.3718637526035309,-0.003341593313962221,0.5698042511940002,0.32810693979263306,0.02805427834391594,0.5459404587745667,0.3313598036766052,0.0040744272992014885,0.5411299467086792,0.3330136239528656,0.0019366106716915965,0.5380029082298279,0.4279487133026123,0.010457199066877365,0.5744584798812866,0.38299962878227234,0.03367770463228226,0.5319461822509766,0.48151618242263794,0.022819895297288895,0.5470252633094788,0.4662615656852722,0.03629817068576813,0.5537390112876892,0.4569956958293915,0.043667878955602646,0.536104679107666,0.33332693576812744,0.0008857383509166539,0.5312299728393555,0.33298295736312866,0.0010179027449339628,0.5281572341918945,0.3330738842487335,0.0017059521051123738,0.5668283700942993,0.3137507438659668,0.019721418619155884,0.5315946936607361,0.3247430920600891,-0.000731097359675914,0.5365836024284363,0.3209525942802429,-0.0013367767678573728,0.5418819189071655,0.319578617811203,-0.0003637706977315247,0.5468714833259583,0.32007741928100586,0.002040811814367771,0.5498514771461487,0.3216153383255005,0.004720198921859264,0.5721288919448853,0.3012620210647583,0.052587687969207764,0.5489851236343384,0.3291547894477844,0.006451443303376436,0.5369357466697693,0.4069534242153168,-0.0033346484415233135,0.5316663980484009,0.39278802275657654,-0.015378131531178951,0.5264599323272705,0.4079385995864868,-0.01104852557182312,0.5554929375648499,0.4479362368583679,0.03477529063820839,0.5487140417098999,0.45818030834198,0.028588928282260895,0.5326269865036011,0.47700968384742737,0.014612310566008091,0.5671658515930176,0.42910125851631165,0.06382571160793304,0.5282211303710938,0.32967570424079895,0.0005043749115429819,0.5240938663482666,0.3576160967350006,-0.018177494406700134,0.5402242541313171,0.4748203158378601,0.02854885160923004,0.5767647624015808,0.3846622705459595,0.05457085743546486,0.528494119644165,0.4286975562572479,0.0012116957223042846,0.5297774076461792,0.43108245730400085,0.0009250019793398678,0.5307562351226807,0.4342259168624878,0.00048597974819131196,0.5314371585845947,0.4381142854690552,0.001964890630915761,0.5352054238319397,0.4466610252857208,0.007821932435035706,0.5359788537025452,0.4252323806285858,0.007216022349894047,0.5370184779167175,0.4242621064186096,0.007463827729225159,0.537853479385376,0.42336487770080566,0.0074493251740932465,0.5470715761184692,0.4138035774230957,0.00842314027249813,0.5683885812759399,0.39013251662254333,0.020105332136154175,0.5226333141326904,0.3472791016101837,-0.01350389700382948,0.522927463054657,0.3275468945503235,-0.004804078955203295,0.5259757041931152,0.3273305892944336,-0.0014615773689001799,0.5348018407821655,0.4262707829475403,0.007947222329676151,0.5686262249946594,0.41058722138404846,0.033006154000759125,0.5189030170440674,0.32930299639701843,-0.013751004822552204,0.5381453037261963,0.45342588424682617,0.012326333671808243,0.5201780796051025,0.354256272315979,-0.023976635187864304,0.5291107296943665,0.3711327612400055,-0.01587732881307602,0.5296552777290344,0.460916131734848,0.008071735501289368,0.5496007800102234,0.4328198730945587,0.018816374242305756,0.5415078401565552,0.3900105357170105,0.000507335236761719,0.5443335771560669,0.4439427852630615,0.016103317961096764,0.5558949112892151,0.3861536383628845,0.004840804263949394,0.5478296279907227,0.39760822057724,0.004056443925946951,0.5610643625259399,0.3986373543739319,0.012808891013264656,0.5318254828453064,0.4698772430419922,0.01012767106294632,0.5322427153587341,0.3745564818382263,-0.010132030583918095,0.5541518330574036,0.4387906789779663,0.02612335979938507,0.5474443435668945,0.4502484202384949,0.022233329713344574,0.5543515682220459,0.42095619440078735,0.018430206924676895,0.5732377767562866,0.39841824769973755,0.03783394768834114,0.5615363717079163,0.42151856422424316,0.025273099541664124,0.5745614171028137,0.4038795232772827,0.05430576577782631,0.5527768731117249,0.40664270520210266,0.009589126333594322,0.5275818705558777,0.3621758222579956,-0.012222111225128174,0.5312655568122864,0.39135679602622986,-0.023261988535523415,0.534145712852478,0.39124003052711487,-0.015617715194821358,0.5289098024368286,0.38658949732780457,-0.028613364323973656,0.5270923972129822,0.31891679763793945,-0.006913406308740377,0.536595344543457,0.3118058443069458,-0.007270108908414841,0.5451544523239136,0.30947616696357727,-0.00549735501408577,0.5520213842391968,0.3100837469100952,-0.0014983332948759198,0.5564879179000854,0.3129577934741974,0.0034632605966180563,0.5595398545265198,0.3260267972946167,0.015364982187747955,0.5768697261810303,0.34465041756629944,0.049356937408447266,0.5564698576927185,0.33967551589012146,0.011349760927259922,0.5511161088943481,0.343799889087677,0.006976142525672913,0.5433699488639832,0.3452128767967224,0.0034637064673006535,0.5357980132102966,0.3444572389125824,0.001041544135659933,0.5300024747848511,0.3427574336528778,-0.0005100103444419801,0.5260531902313232,0.3408978283405304,-0.0018169308314099908,0.5736191272735596,0.3419887125492096,0.07351531833410263,0.5337879061698914,0.3926165699958801,-0.01225246861577034,0.5253793597221375,0.36689293384552,-0.021938219666481018,0.5278037786483765,0.3936613202095032,-0.028637830168008804,0.5247236490249634,0.39789018034935,-0.025940313935279846,0.5275527238845825,0.3945849537849426,-0.02540503442287445,0.5323348641395569,0.39488309621810913,-0.009987663477659225,0.5238001346588135,0.3992587924003601,-0.02762136422097683,0.5227518677711487,0.40043821930885315,-0.01989280804991722,0.5250088572502136,0.33371663093566895,0.0001340797753073275,0.5227946043014526,0.33681249618530273,-0.003965545911341906,0.5218112468719482,0.3393355906009674,-0.008399182930588722,0.5515181422233582,0.32286447286605835,0.0073140282183885574,0.5553022623062134,0.31904974579811096,0.007781704887747765,0.4756483733654022,0.3348913788795471,-0.006194881163537502,0.48224180936813354,0.3342370390892029,-0.006194881163537502,0.4751409590244293,0.3263449966907501,-0.006194881163537502,0.46892261505126953,0.3354984521865845,-0.006194881163537502,0.47609013319015503,0.3434178829193115,-0.006194881163537502,0.5398334264755249,0.32622402906417847,0.003036651061847806,0.5463089346885681,0.3252573609352112,0.003036651061847806,0.539082407951355,0.3177316188812256,0.003036651061847806,0.533347487449646,0.3271060585975647,0.003036651061847806,0.5406294465065002,0.33473876118659973,0.003036651061847806
2199.9999999999986,0.5169879794120789,0.4223901331424713,-0.01227401290088892,0.5172263383865356,0.39530524611473083,-0.03303107991814613,0.515817403793335,0.4015924036502838,-0.01542237401008606,0.5089321136474609,0.36373552680015564,-0.029026184231042862,0.5168298482894897,0.3860453963279724,-0.03615107014775276,0.5155386328697205,0.3729763627052307,-0.03499755263328552,0.5116167664527893,0.34027299284935,-0.022315198555588722,0.4622701406478882,0.33672282099723816,-0.0032652337104082108,0.5094041228294373,0.3160735070705414,-0.02092437446117401,0.5086073875427246,0.3033753037452698,-0.02402585931122303,0.5041921138763428,0.25274884700775146,-0.023548291996121407,0.5169652104377747,0.42536014318466187,-0.011012112721800804,0.5167037844657898,0.42822492122650146,-0.008720273151993752,0.5163483023643494,0.4301322102546692,-0.005260569509118795,0.5163003206253052,0.43016770482063293,-0.004059032537043095,0.5166481137275696,0.43396633863449097,-0.0042114355601370335,0.5168153643608093,0.43838655948638916,-0.005055510904639959,0.5167214274406433,0.44294530153274536,-0.003566456027328968,0.5171275734901428,0.45316362380981445,0.003211149713024497,0.5169184803962708,0.39931246638298035,-0.029321569949388504,0.5098490715026855,0.39876240491867065,-0.021158181130886078,0.4290960133075714,0.3004911243915558,0.017918404191732407,0.48148488998413086,0.343373566865921,-0.007079969625920057,0.47510266304016113,0.34485185146331787,-0.007281786762177944,0.46860623359680176,0.3452130854129791,-0.006245156284421682,0.4594228267669678,0.3402808606624603,-0.002132814610376954,0.4867866337299347,0.3409622311592102,-0.005811060778796673,0.4701772928237915,0.3195800483226776,-0.012533570639789104,0.47781509160995483,0.31996724009513855,-0.011710119433701038,0.4633179008960724,0.3217739462852478,-0.010870786383748055,0.45897170901298523,0.3255264461040497,-0.008419833146035671,0.45372429490089417,0.3467833399772644,0.001299481256864965,0.49478408694267273,0.4679236114025116,0.010226070880889893,0.45938563346862793,0.3343895673751831,-0.001642422517761588,0.429778516292572,0.3426104784011841,0.02655617520213127,0.44513529539108276,0.34076353907585144,0.006037863902747631,0.48009192943573,0.3847169876098633,-0.00796552561223507,0.5089842677116394,0.4214593768119812,-0.012654145248234272,0.5092412829399109,0.42839887738227844,-0.008680872619152069,0.5007648468017578,0.4240630865097046,-0.009614318609237671,0.4947720766067505,0.42612501978874207,-0.00494570704177022,0.5023943781852722,0.4286419451236725,-0.006818557158112526,0.49677038192749023,0.4288684129714966,-0.0025896169245243073,0.4853922724723816,0.4364420771598816,0.006809735670685768,0.5119187831878662,0.3955554962158203,-0.033041659742593765,0.510826587677002,0.38659143447875977,-0.03603288531303406,0.4492470324039459,0.3199617564678192,-0.00916399247944355,0.49222663044929504,0.3606063723564148,-0.010538848116993904,0.49495890736579895,0.3910195231437683,-0.01953865960240364,0.49396076798439026,0.3855676054954529,-0.01820545829832554,0.4587232768535614,0.3843887448310852,-0.0024651922285556793,0.509843647480011,0.3744010031223297,-0.0337982214987278,0.46619462966918945,0.3103961944580078,-0.019254157319664955,0.4562722444534302,0.3136563301086426,-0.015115531161427498,0.43622052669525146,0.2839787006378174,0.004292706493288279,0.49637606739997864,0.31763362884521484,-0.020818505436182022,0.4844333231449127,0.3231980502605438,-0.008859606459736824,0.47969526052474976,0.42798805236816406,0.0061938869766891,0.4420653283596039,0.4265032708644867,0.05601591244339943,0.4996830224990845,0.3958736062049866,-0.01594533398747444,0.5050323605537415,0.3982556164264679,-0.015098554082214832,0.4864644706249237,0.428864061832428,0.006284614559262991,0.48801469802856445,0.4290757179260254,0.0049897958524525166,0.45217451453208923,0.3076602816581726,-0.013298477046191692,0.4942263960838318,0.39392733573913574,-0.015471063554286957,0.47950130701065063,0.31127554178237915,-0.021268004551529884,0.4781421422958374,0.30373355746269226,-0.023777088150382042,0.4650290310382843,0.26088207960128784,-0.019271215423941612,0.44390398263931274,0.29536741971969604,-0.005963411647826433,0.47173628211021423,0.280865877866745,-0.022206423804163933,0.4445444345474243,0.3152540922164917,-0.004858134314417839,0.4364262819290161,0.30853936076164246,0.005748520139604807,0.5090591907501221,0.42529428005218506,-0.01135193184018135,0.5015888214111328,0.42645788192749023,-0.008375887759029865,0.4957638084888458,0.4274914860725403,-0.0042008147574961185,0.5010199546813965,0.3970850110054016,-0.014100348576903343,0.48726779222488403,0.4289706349372864,0.005631968379020691,0.49100205302238464,0.43142521381378174,0.0028914972208440304,0.4888113737106323,0.42920976877212524,0.004887809045612812,0.5036014318466187,0.39448878169059753,-0.025122681632637978,0.4975111782550812,0.429939866065979,-0.0010923735098913312,0.5030656456947327,0.4301561713218689,-0.0036933794617652893,0.5094271302223206,0.43029433488845825,-0.005408626515418291,0.5083726644515991,0.4536753296852112,0.0027199704200029373,0.5086323022842407,0.44303327798843384,-0.004060692619532347,0.508888304233551,0.4383961260318756,-0.0054150051437318325,0.5091715455055237,0.43401017785072327,-0.004454092122614384,0.5094608664512634,0.4304165244102478,-0.004196448251605034,0.4975302815437317,0.4300725758075714,-0.00010506279795663431,0.49656426906585693,0.4316858947277069,-0.0005610908265225589,0.49545732140541077,0.43392282724380493,-0.0010984762338921428,0.4945165812969208,0.4365115761756897,0.00019705930026248097,0.48746946454048157,0.41558021306991577,-0.0045469095930457115,0.4298390746116638,0.38090330362319946,0.057935621589422226,0.5164137482643127,0.40056467056274414,-0.020483117550611496,0.49327364563941956,0.42972850799560547,0.0028827348724007607,0.49218523502349854,0.4304797649383545,0.002688740612939,0.5073949098587036,0.40141361951828003,-0.014549978077411652,0.4960799217224121,0.398275226354599,-0.00953318364918232,0.5062770843505859,0.3998873233795166,-0.015058460645377636,0.4853507876396179,0.366031289100647,-0.008425543084740639,0.4745838940143585,0.37290656566619873,-0.007040817756205797,0.492563396692276,0.3888949751853943,-0.014180406928062439,0.44765710830688477,0.2704901695251465,-0.008711130358278751,0.455099880695343,0.2856825888156891,-0.014987727627158165,0.46365275979042053,0.30304160714149475,-0.01953805983066559,0.4916737377643585,0.4437108635902405,0.0049345530569553375,0.49398136138916016,0.30555200576782227,-0.024993224069476128,0.4882524907588959,0.2790025770664215,-0.025273699313402176,0.4832347631454468,0.25544413924217224,-0.02412417344748974,0.4628772735595703,0.3437380790710449,-0.0041666179895401,0.44652900099754333,0.3538438379764557,0.004911092109978199,0.49014848470687866,0.3387738764286041,-0.004976145923137665,0.4524025321006775,0.3299374282360077,-0.00366933923214674,0.4968155026435852,0.354751318693161,-0.013006051070988178,0.4994381368160248,0.3887994885444641,-0.025794479995965958,0.43902578949928284,0.36150631308555603,0.012042637914419174,0.45198461413383484,0.3606396019458771,0.0004753604007419199,0.4612645208835602,0.3641080856323242,-0.003993414342403412,0.4742441177368164,0.36180049180984497,-0.005627003498375416,0.4834386706352234,0.3572482764720917,-0.006438716780394316,0.49003374576568604,0.3526906371116638,-0.007935676723718643,0.5055899024009705,0.3429815471172333,-0.020462719723582268,0.44144782423973083,0.38090968132019043,0.012847577221691608,0.44667476415634155,0.3291069269180298,-0.0017362019279971719,0.5136391520500183,0.39937254786491394,-0.029385898262262344,0.4938172399997711,0.37015479803085327,-0.011932100169360638,0.42501765489578247,0.33925002813339233,0.04661906138062477,0.4951329827308655,0.347881019115448,-0.009060443378984928,0.49127906560897827,0.38858336210250854,-0.00766604533419013,0.456525981426239,0.33513975143432617,-0.0006195120513439178,0.4983856678009033,0.38206782937049866,-0.02409285306930542,0.4344857633113861,0.4034595489501953,0.05853976309299469,0.48952269554138184,0.33549195528030396,-0.004062617663294077,0.504084587097168,0.3774535357952118,-0.030259765684604645,0.4628269076347351,0.4491426944732666,0.027844196185469627,0.462685763835907,0.4583260416984558,0.03979802131652832,0.4331125319004059,0.3822770118713379,0.035354603081941605,0.45220208168029785,0.4375477433204651,0.032939184457063675,0.43250876665115356,0.3240641951560974,0.01763896457850933,0.4941434860229492,0.4764494001865387,0.014924570918083191,0.5137826204299927,0.40047696232795715,-0.02032514661550522,0.4878777265548706,0.3767533600330353,-0.009266549721360207,0.43888184428215027,0.34213629364967346,0.011796572245657444,0.46928754448890686,0.3393200933933258,-0.006176145747303963,0.47491106390953064,0.339292049407959,-0.0071173724718391895,0.4899078607559204,0.4326026439666748,0.0039057056419551373,0.44370967149734497,0.3992849290370941,0.017812497913837433,0.5059159994125366,0.48618727922439575,0.0186860803514719,0.48520663380622864,0.4768143594264984,0.02740660309791565,0.4752017855644226,0.4695066809654236,0.0328056700527668,0.5064287781715393,0.2774437963962555,-0.024712970480322838,0.5183412432670593,0.48576584458351135,0.018706506118178368,0.480160653591156,0.33805206418037415,-0.006834788713604212,0.48507198691368103,0.33646413683891296,-0.005586728919297457,0.48820802569389343,0.33592021465301514,-0.0042279670014977455,0.44113823771476746,0.32653799653053284,0.003831090172752738,0.4830719232559204,0.32908546924591064,-0.007591544650495052,0.47725704312324524,0.3266313672065735,-0.009361816570162773,0.47163769602775574,0.3266058564186096,-0.009698164649307728,0.4661221504211426,0.3284771144390106,-0.008535477332770824,0.46277666091918945,0.3309667408466339,-0.006561253219842911,0.4256015121936798,0.31786686182022095,0.033273402601480484,0.4652586579322815,0.3382151126861572,-0.004656478762626648,0.515914261341095,0.4079913794994354,-0.012833867222070694,0.49431756138801575,0.4111008942127228,-0.008307687938213348,0.4999459385871887,0.3949930965900421,-0.018666882067918777,0.507046639919281,0.4089008569717407,-0.013147865422070026,0.5101509094238281,0.3275177776813507,-0.019306378439068794,0.4738713800907135,0.4600570499897003,0.024532468989491463,0.483805775642395,0.46841153502464294,0.020270349457859993,0.5059465765953064,0.4811776876449585,0.010711566545069218,0.4520021378993988,0.4448831081390381,0.04854248836636543,0.48743924498558044,0.3329852819442749,-0.005609084386378527,0.5026177763938904,0.35853156447410583,-0.020871516317129135,0.5186697840690613,0.48055076599121094,0.01093160081654787,0.4952908754348755,0.48284754157066345,0.021690955385565758,0.436996191740036,0.4024849534034729,0.037554189562797546,0.5031022429466248,0.4303016662597656,-0.002561663743108511,0.502268373966217,0.43304508924484253,-0.003017114009708166,0.5015828013420105,0.43651682138442993,-0.003693254431709647,0.5010762810707092,0.44066521525382996,-0.002412055153399706,0.49920397996902466,0.44992440938949585,0.0029425763059407473,0.4920813739299774,0.42893168330192566,0.001287652412429452,0.49098002910614014,0.4282536506652832,0.0009771737968549132,0.4900486469268799,0.4275471866130829,0.0005352332955226302,0.4820965528488159,0.42118871212005615,0.00030113945831544697,0.45387962460517883,0.40426045656204224,0.0065770274959504604,0.5012800693511963,0.3482462167739868,-0.016320744529366493,0.49508845806121826,0.3294115662574768,-0.008415930904448032,0.4903588891029358,0.3300482928752899,-0.006662851199507713,0.49320152401924133,0.4296349883079529,0.0022167470306158066,0.45457571744918823,0.4252062141895294,0.019385678693652153,0.5018208026885986,0.3299885392189026,-0.015930894762277603,0.496680349111557,0.4585992097854614,0.006966817192733288,0.5142133235931396,0.36194881796836853,-0.030495712533593178,0.5073033571243286,0.3539879024028778,-0.025393184274435043,0.51297527551651,0.3516230583190918,-0.026294946670532227,0.49894991517066956,0.3731895387172699,-0.019422348588705063,0.5184551477432251,0.4724998474121094,0.006303046829998493,0.5177609920501709,0.46222108602523804,0.0048902262933552265,0.5073652863502502,0.46290913224220276,0.005021602381020784,0.48028576374053955,0.44173184037208557,0.010282215662300587,0.4858750104904175,0.3959343433380127,-0.005762204062193632,0.48795825242996216,0.4513514041900635,0.009127490222454071,0.4695417284965515,0.39623135328292847,-0.005014639813452959,0.47990530729293823,0.40529847145080566,-0.0038204353768378496,0.46430885791778564,0.41051650047302246,0.0015839202096685767,0.5063757300376892,0.4731728136539459,0.00638721976429224,0.494798481464386,0.37769898772239685,-0.014564831741154194,0.4754820764064789,0.44982922077178955,0.016400126740336418,0.4851597845554352,0.45936745405197144,0.014501146040856838,0.473825067281723,0.4309841990470886,0.008303727954626083,0.4467068612575531,0.4144819378852844,0.022666247561573982,0.46513405442237854,0.4341265559196472,0.013658805750310421,0.4427555799484253,0.4208967685699463,0.03804672136902809,0.47478336095809937,0.41591712832450867,0.00027525026234798133,0.4983017146587372,0.3642025291919708,-0.016062993556261063,0.5017101168632507,0.3931470215320587,-0.026736238971352577,0.49715614318847656,0.39421382546424866,-0.019571563228964806,0.5048976540565491,0.3876117765903473,-0.03134408965706825,0.48978137969970703,0.322380393743515,-0.01191806886345148,0.4787362515926361,0.31735315918922424,-0.014564163982868195,0.46890440583229065,0.3166767358779907,-0.015043620951473713,0.46079543232917786,0.3189530372619629,-0.013006082735955715,0.45517683029174805,0.3232995569705963,-0.009355028159916401,0.45166251063346863,0.3380114734172821,0.0017673950642347336,0.43050795793533325,0.36243534088134766,0.031142545863986015,0.45798853039741516,0.3507890999317169,-0.0011453706538304687,0.465324342250824,0.3534131944179535,-0.0039171576499938965,0.47442033886909485,0.3526270091533661,-0.005517872516065836,0.48254477977752686,0.34971314668655396,-0.006057464051991701,0.48866888880729675,0.3463946580886841,-0.005887175444513559,0.49295297265052795,0.3434608280658722,-0.00621430017054081,0.42696017026901245,0.35975223779678345,0.05421356111764908,0.4969026744365692,0.39574113488197327,-0.016120780259370804,0.5037890672683716,0.3677569031715393,-0.02469526045024395,0.5068963170051575,0.3943166434764862,-0.030824748799204826,0.5097551941871643,0.3979327380657196,-0.027197865769267082,0.5063709616661072,0.3953123688697815,-0.027642834931612015,0.49835458397865295,0.39773866534233093,-0.013231571763753891,0.5113962888717651,0.3988925814628601,-0.028638649731874466,0.5115419030189514,0.40002185106277466,-0.020716693252325058,0.4921146035194397,0.3360614776611328,-0.004471197258681059,0.49621450901031494,0.33852419257164,-0.007448277436196804,0.4989146590232849,0.34081345796585083,-0.01125308033078909,0.46087145805358887,0.3328531086444855,-0.00442290585488081,0.456269770860672,0.3298468589782715,-0.0047142221592366695,0.5192403793334961,0.3624129593372345,-0.02740068919956684,0.5486739277839661,0.3249600827693939,0.008262540213763714,0.5219691395759583,0.39706841111183167,-0.019886408001184464,0.5677725076675415,0.28444182872772217,0.03640526533126831,0.5335962176322937,0.3367326557636261,0.00041718033025972545,0.5395845770835876,0.33627578616142273,0.0017191458027809858,0.5451992154121399,0.33488672971725464,0.004122233018279076,0.5512217283248901,0.3279760479927063,0.010092166252434254,0.5284769535064697,0.33552369475364685,0.00010215362999588251,0.5411878228187561,0.31078511476516724,-0.003083848860114813,0.534324586391449,0.31255796551704407,-0.004228497855365276,0.547237753868103,0.3115006983280182,1.414697999280179e-05,0.5508666634559631,0.314188688993454,0.0032900148071348667,0.5572111010551453,0.333635538816452,0.014515663497149944,0.5387191772460938,0.4608394503593445,0.015516246668994427,0.5503128170967102,0.3220759630203247,0.010441098362207413,0.5733335018157959,0.32492348551750183,0.044337593019008636,0.5628001689910889,0.3264521062374115,0.020837249234318733,0.5435840487480164,0.3766936659812927,-0.00034612073795869946,0.5240892171859741,0.41984492540359497,-0.010705869644880295,0.5230545401573181,0.4268432557582855,-0.006854909472167492,0.5300195217132568,0.4206909239292145,-0.005567960906773806,0.5337173938751221,0.4216392934322357,0.0005641733296215534,0.5279487371444702,0.42574164271354675,-0.0033208364620804787,0.5315354466438293,0.42493367195129395,0.0020856251940131187,0.5427905321121216,0.4287192225456238,0.013765277341008186,0.5220770835876465,0.3941745162010193,-0.032009195536375046,0.5224533677101135,0.3850610554218292,-0.034803491085767746,0.5591124296188354,0.3076536953449249,0.00480105122551322,0.5291327238082886,0.35601601004600525,-0.005472603719681501,0.5337643027305603,0.38611459732055664,-0.014848457649350166,0.5333774089813232,0.3806000351905823,-0.013378028757870197,0.5612883567810059,0.37131479382514954,0.010081005282700062,0.5208806991577148,0.37294965982437134,-0.032221466302871704,0.5462225079536438,0.30150431394577026,-0.00941509660333395,0.5539222955703735,0.3029022812843323,-0.002914148150011897,0.5625851154327393,0.2697411775588989,0.020892539992928505,0.521381676197052,0.31341415643692017,-0.017507122829556465,0.5284632444381714,0.3170818090438843,-0.00280458340421319,0.5472456216812134,0.41919445991516113,0.01468514371663332,0.5694026350975037,0.4093734323978424,0.07324767857789993,0.5295946598052979,0.39212214946746826,-0.01250176876783371,0.5251452922821045,0.3957303762435913,-0.01334307063370943,0.5381515622138977,0.4231526255607605,0.013607146218419075,0.5368068218231201,0.4236606955528259,0.011442345567047596,0.5564146637916565,0.296744167804718,-0.00035183606087230146,0.5337887406349182,0.38896840810775757,-0.01088203489780426,0.5355258584022522,0.30417922139167786,-0.01453971117734909,0.5362638831138611,0.2969278395175934,-0.016874834895133972,0.5398570895195007,0.25295019149780273,-0.009806249290704727,0.5605539679527283,0.28134405612945557,0.008225936442613602,0.538187563419342,0.2731900215148926,-0.014327965676784515,0.5617923736572266,0.3027697801589966,0.010010703466832638,0.5661528706550598,0.2928352355957031,0.021771738305687904,0.5237731337547302,0.423711359500885,-0.009402533993124962,0.5290663242340088,0.42336729168891907,-0.004604566376656294,0.5327255129814148,0.4232807755470276,0.0008333027362823486,0.5282710194587708,0.39364826679229736,-0.01128402166068554,0.537469208240509,0.42341485619544983,0.01240183413028717,0.5353289842605591,0.42624977231025696,0.008577205240726471,0.5361210703849792,0.42395132780075073,0.011161706410348415,0.5274349451065063,0.39144468307495117,-0.021911488845944405,0.5304430723190308,0.42625483870506287,0.0033305040560662746,0.5268614888191223,0.42748522758483887,-0.00039017555536702275,0.5222288370132446,0.4288492798805237,-0.003551302943378687,0.5252846479415894,0.45123887062072754,0.004484325181692839,0.5239159464836121,0.4409751892089844,-0.0021669473499059677,0.5236974358558655,0.43642908334732056,-0.0034047188237309456,0.5230810046195984,0.4322378635406494,-0.0024917288683354855,0.5221285223960876,0.42886412143707275,-0.0023251555394381285,0.530339241027832,0.42621538043022156,0.0042973789386451244,0.5316671133041382,0.42747148871421814,0.0038367086090147495,0.5328662991523743,0.42926225066185,0.0034651930909603834,0.5337473154067993,0.43151095509529114,0.005062509328126907,0.5408209562301636,0.4088253080844879,0.0017922768602147698,0.5725193619728088,0.3628893196582794,0.07692869007587433,0.532988429069519,0.4251987934112549,0.00837232917547226,0.53423011302948,0.4256395399570465,0.008171052671968937,0.5234366059303284,0.3994663953781128,-0.012814235873520374,0.5319243669509888,0.39380544424057007,-0.005904554855078459,0.5242606997489929,0.3976806700229645,-0.013358836993575096,0.5356355905532837,0.359788715839386,-0.0016954265302047133,0.5463871359825134,0.36391663551330566,0.001977400155737996,0.5343004465103149,0.3836688995361328,-0.009192461147904396,0.553956151008606,0.2588680386543274,0.004828141536563635,0.5517297387123108,0.27428799867630005,-0.0035533204209059477,0.5476974844932556,0.2940886914730072,-0.009230929426848888,0.5385233163833618,0.43708211183547974,0.01059709768742323,0.5227137207984924,0.30153366923332214,-0.021478934213519096,0.5236405730247498,0.2749379873275757,-0.021156184375286102,0.5238876938819885,0.25121402740478516,-0.019319066777825356,0.5492936968803406,0.3321073055267334,0.007374398875981569,0.5642286539077759,0.33916857838630676,0.019547566771507263,0.5251383781433105,0.33403512835502625,0.0002955214004032314,0.5564883947372437,0.3171904683113098,0.009714038111269474,0.5248629450798035,0.3512398600578308,-0.008941828273236752,0.5307798981666565,0.38483482599258423,-0.02197789028286934,0.5716725587844849,0.34478235244750977,0.028534304350614548,0.5614768862724304,0.34683483839035034,0.014273043721914291,0.5549460053443909,0.3521694839000702,0.007804028689861298,0.5436652898788452,0.35281968116760254,0.003428931348025799,0.5349981784820557,0.35033443570137024,0.0005054273060522974,0.5287271738052368,0.34735846519470215,-0.0026818171609193087,0.5172188878059387,0.3415311276912689,-0.018761543557047844,0.5727320909500122,0.3641555905342102,0.029274770990014076,0.5611482262611389,0.31567293405532837,0.012919913046061993,0.5199583768844604,0.39845961332321167,-0.02854793705046177,0.5296919941902161,0.3656950891017914,-0.0070663271471858025,0.5721851587295532,0.3215000629425049,0.06636021286249161,0.5239988565444946,0.3436731696128845,-0.0049702622927725315,0.5343232154846191,0.3832119107246399,-0.002692626789212227,0.552821695804596,0.32236891984939575,0.012072864919900894,0.5300670266151428,0.3780592679977417,-0.020184064283967018,0.5719270706176758,0.38547515869140625,0.0768166184425354,0.5245603919029236,0.33069464564323425,0.0014071072218939662,0.5256460309028625,0.3746469020843506,-0.02745078131556511,0.5612959265708923,0.43499860167503357,0.03996457904577255,0.55967777967453,0.443947970867157,0.052894044667482376,0.5756803154945374,0.3639276921749115,0.053121671080589294,0.567900538444519,0.42173194885253906,0.047236643731594086,0.569757342338562,0.3073886036872864,0.03469185531139374,0.5397182703018188,0.4687873423099518,0.020675096660852432,0.5188680291175842,0.39978769421577454,-0.01979992724955082,0.535349428653717,0.3708406686782837,-0.0033142489846795797,0.5673573017120361,0.32718732953071594,0.027994444593787193,0.5438854694366455,0.32934993505477905,0.003982442431151867,0.539094090461731,0.33106911182403564,0.0018517958233132958,0.5362709760665894,0.42713662981987,0.010011289268732071,0.5726681351661682,0.38261598348617554,0.03369426354765892,0.5297768712043762,0.48196861147880554,0.022078270092606544,0.545035183429718,0.466629296541214,0.035833943635225296,0.5517694354057312,0.45720502734184265,0.04343046620488167,0.5340235829353333,0.33142510056495667,0.0008247629157267511,0.5291306972503662,0.33103054761886597,0.0009728234726935625,0.5260415077209473,0.3310609459877014,0.001661748276092112,0.5645304322242737,0.31276950240135193,0.019574712961912155,0.5292925238609314,0.32259225845336914,-0.0008255989523604512,0.5342764854431152,0.3188609778881073,-0.0014623060123994946,0.5396570563316345,0.3175458312034607,-0.0005183627363294363,0.5446492433547974,0.3181326985359192,0.0018863888690248132,0.5475506782531738,0.3197301924228668,0.004577891435474157,0.5708016157150269,0.3006918132305145,0.052677858620882034,0.5467984676361084,0.32714489102363586,0.006356169935315847,0.5349692702293396,0.4060477018356323,-0.003438550280407071,0.5297403931617737,0.3912729024887085,-0.015344435349106789,0.5244048833847046,0.4068056046962738,-0.011095874942839146,0.5536072850227356,0.44788095355033875,0.03433786705136299,0.546787440776825,0.45826002955436707,0.02798987552523613,0.5304790139198303,0.4770010709762573,0.013849652372300625,0.5652165412902832,0.42905393242836,0.06399338692426682,0.5260254740715027,0.3275352418422699,0.0004385217616800219,0.5223084688186646,0.3560389578342438,-0.018138021230697632,0.5381497740745544,0.4752689003944397,0.02790737897157669,0.5748066902160645,0.3844911754131317,0.054642729461193085,0.5267643928527832,0.4274545907974243,0.0007679339614696801,0.5280916690826416,0.429821252822876,0.0004094319010619074,0.5290508270263672,0.4329337179660797,-0.00011252229887759313,0.5296804904937744,0.4368319511413574,0.0012877369299530983,0.532911479473114,0.44498151540756226,0.0070607829838991165,0.5342722535133362,0.4242163896560669,0.007020900491625071,0.5353778600692749,0.4232725501060486,0.007240500766783953,0.5362894535064697,0.42235392332077026,0.0072235409170389175,0.5453341007232666,0.4130963683128357,0.008192762732505798,0.5667029619216919,0.3896065354347229,0.020059507340192795,0.5208789110183716,0.34583330154418945,-0.01345490850508213,0.5208882689476013,0.32548457384109497,-0.004837351851165295,0.5238559246063232,0.3252043128013611,-0.0015383417485281825,0.5330460071563721,0.4252135157585144,0.0077685038559138775,0.5668467283248901,0.4101880192756653,0.03289874643087387,0.517182469367981,0.3272964358329773,-0.013766427524387836,0.5359919667243958,0.45252299308776855,0.011531182564795017,0.5183703303337097,0.35254648327827454,-0.02394847385585308,0.527288556098938,0.3696644604206085,-0.015830503776669502,0.5274158716201782,0.45976918935775757,0.007193299010396004,0.5477633476257324,0.43221673369407654,0.01833450235426426,0.539681613445282,0.3890644311904907,0.0004456718161236495,0.5423005819320679,0.4432655870914459,0.015434185042977333,0.5541970729827881,0.3853209316730499,0.004758045542985201,0.5460900068283081,0.3967490792274475,0.0039114500395953655,0.559477686882019,0.39798203110694885,0.012677488848567009,0.5296741724014282,0.469391793012619,0.00927562452852726,0.5304425358772278,0.3732684850692749,-0.010099952109158039,0.5523092150688171,0.4384608268737793,0.025661345571279526,0.5454540252685547,0.45001205801963806,0.021596413105726242,0.5526704788208008,0.42039626836776733,0.01811394840478897,0.5714012384414673,0.3981075584888458,0.037816669791936874,0.5597756505012512,0.42107030749320984,0.025002717971801758,0.5725728273391724,0.40369269251823425,0.054325979202985764,0.5511892437934875,0.40596675872802734,0.009391870349645615,0.5258005261421204,0.3607795238494873,-0.012176595628261566,0.5293071866035461,0.38962113857269287,-0.023251160979270935,0.5322616696357727,0.38979631662368774,-0.0156039297580719,0.5269621014595032,0.38471752405166626,-0.028610441833734512,0.5250793099403381,0.3168867528438568,-0.007014620583504438,0.5346894264221191,0.309926301240921,-0.0074167028069496155,0.5432783961296082,0.3077425956726074,-0.005663942079991102,0.5501190423965454,0.30849480628967285,-0.0016939532943069935,0.5544400215148926,0.31154897809028625,0.0032821965869516134,0.5572320222854614,0.3246200680732727,0.015304099768400192,0.5752230882644653,0.3442033529281616,0.049376729875802994,0.5546369552612305,0.3383135497570038,0.011318699456751347,0.5494495034217834,0.34239867329597473,0.006954390089958906,0.5416536331176758,0.34376806020736694,0.0034602296072989702,0.5339789986610413,0.3429359495639801,0.0010588967707008123,0.5281409621238708,0.3411051630973816,-0.0004948410205543041,0.524167001247406,0.3391323685646057,-0.0017972385976463556,0.5721997022628784,0.3419041931629181,0.07381749898195267,0.531905472278595,0.3913094699382782,-0.012231893837451935,0.5235456228256226,0.3652239143848419,-0.02190561033785343,0.5257840752601624,0.39172735810279846,-0.028615232557058334,0.5226197838783264,0.3960803747177124,-0.02589615434408188,0.5255082845687866,0.3927423357963562,-0.02537519671022892,0.5304033756256104,0.3936783969402313,-0.00995849072933197,0.5217171907424927,0.397409051656723,-0.027574574574828148,0.5206659436225891,0.3987267315387726,-0.019834527745842934,0.5229320526123047,0.3316820561885834,9.56828152993694e-05,0.520850419998169,0.3349226713180542,-0.003947173710912466,0.5200902819633484,0.33749067783355713,-0.008358669467270374,0.5491410493850708,0.3210217356681824,0.0071918112225830555,0.5530162453651428,0.31748756766319275,0.0076366448774933815,0.47188514471054077,0.3332163095474243,-0.00595937529578805,0.4789350628852844,0.3324042558670044,-0.00595937529578805,0.47138306498527527,0.32399582862854004,-0.00595937529578805,0.46471109986305237,0.33396071195602417,-0.00595937529578805,0.47231951355934143,0.342355340719223,-0.00595937529578805,0.5369757413864136,0.32414478063583374,0.002940552309155464,0.5432766675949097,0.3230067789554596,0.002940552309155464,0.5362011194229126,0.31591853499412537,0.002940552309155464,0.5307273268699646,0.32522931694984436,0.002940552309155464,0.5378509759902954,0.33243829011917114,0.002940552309155464
2233.333333333332,0.5163074135780334,0.4224807322025299,-0.011869843117892742,0.5171657800674438,0.3948999047279358,-0.03304572403430939,0.515834629535675,0.40122658014297485,-0.015168707817792892,0.5088080763816833,0.3636140823364258,-0.029396621510386467,0.516729474067688,0.3857194781303406,-0.03628985956311226,0.5154187679290771,0.3727414608001709,-0.035280026495456696,0.5114784240722656,0.3401450514793396,-0.023010361939668655,0.46266886591911316,0.33685046434402466,-0.0037476879078894854,0.5092014074325562,0.316047340631485,-0.02201458439230919,0.5083444118499756,0.3033546507358551,-0.0253616813570261,0.5036444664001465,0.25218337774276733,-0.025623539462685585,0.5163494944572449,0.42543187737464905,-0.010555136017501354,0.5162001252174377,0.4282529354095459,-0.008197050541639328,0.5159778594970703,0.43012410402297974,-0.004622078966349363,0.5159485340118408,0.4301721751689911,-0.003516547614708543,0.5162944793701172,0.43395572900772095,-0.003558914177119732,0.5165035128593445,0.43836191296577454,-0.00431667547672987,0.5165239572525024,0.44293367862701416,-0.002694473834708333,0.5175038576126099,0.45240041613578796,0.004357162397354841,0.5168895125389099,0.3988724946975708,-0.02926281839609146,0.5098754167556763,0.3983911871910095,-0.021007083356380463,0.4290093779563904,0.30070561170578003,0.017038144171237946,0.48125380277633667,0.34362921118736267,-0.007552472408860922,0.47507819533348083,0.34504419565200806,-0.0077219014056026936,0.4687424898147583,0.3454180359840393,-0.006659857928752899,0.4596913158893585,0.34048232436180115,-0.0025413348339498043,0.4864101707935333,0.34128454327583313,-0.006328340619802475,0.47063905000686646,0.3196728527545929,-0.013298369012773037,0.4780029356479645,0.3200933635234833,-0.012524859048426151,0.46396079659461975,0.3218759000301361,-0.011557163670659065,0.4596484303474426,0.32566767930984497,-0.00904022715985775,0.4538334608078003,0.34723615646362305,0.000998948817141354,0.49541664123535156,0.4672223925590515,0.011581877246499062,0.45979976654052734,0.33451908826828003,-0.0021384330466389656,0.4299067556858063,0.34293332695961,0.02639571763575077,0.4452275037765503,0.3414292335510254,0.005689304322004318,0.4801331162452698,0.3848038911819458,-0.0077912709675729275,0.5082861185073853,0.4215881824493408,-0.012227237224578857,0.5087253451347351,0.42844170331954956,-0.008143228478729725,0.5003346800804138,0.4241136610507965,-0.009121047332882881,0.494579553604126,0.4260740876197815,-0.004419391509145498,0.5020388960838318,0.42864152789115906,-0.006271354388445616,0.4965905249118805,0.4287974536418915,-0.002019690815359354,0.4857850968837738,0.4362011253833771,0.007632484193891287,0.5118660926818848,0.39518803358078003,-0.033049196004867554,0.5107346177101135,0.38632264733314514,-0.036155279725790024,0.4502234160900116,0.32039594650268555,-0.009958479553461075,0.49214890599250793,0.36060836911201477,-0.010775095783174038,0.495013564825058,0.39085930585861206,-0.019428711384534836,0.49401089549064636,0.38547152280807495,-0.01813608594238758,0.45875346660614014,0.3847242593765259,-0.0022406636271625757,0.5097159743309021,0.3742138147354126,-0.03404684737324715,0.4672885537147522,0.3105495572090149,-0.02034841850399971,0.45741721987724304,0.31391921639442444,-0.016101855784654617,0.43585455417633057,0.28416210412979126,0.0030243294313549995,0.4965483248233795,0.317924827337265,-0.02193402498960495,0.4843454957008362,0.32339224219322205,-0.009638781659305096,0.48001372814178467,0.42791226506233215,0.006902094930410385,0.442533016204834,0.4264117479324341,0.05762573704123497,0.4997633397579193,0.39561909437179565,-0.0157669335603714,0.5051417946815491,0.3979618549346924,-0.014871658757328987,0.4866168200969696,0.42857521772384644,0.006949852220714092,0.4881191551685333,0.4288201928138733,0.0056273541413247585,0.45337188243865967,0.30805841088294983,-0.014343615621328354,0.49434903264045715,0.3937574326992035,-0.015283286571502686,0.48029157519340515,0.3115019202232361,-0.022410398349165916,0.47910046577453613,0.3040034770965576,-0.02504195086658001,0.46427637338638306,0.26077336072921753,-0.021109938621520996,0.44354480504989624,0.2956596314907074,-0.007105815690010786,0.471183180809021,0.28096145391464233,-0.023745940998196602,0.445430725812912,0.31588906049728394,-0.005692305974662304,0.4362437427043915,0.3088113069534302,0.004878809209913015,0.5084398984909058,0.42538315057754517,-0.010881454683840275,0.5011864304542542,0.4264861047267914,-0.007862294092774391,0.4955606162548065,0.4274313151836395,-0.0036552385427057743,0.5011370182037354,0.3968181610107422,-0.01390027068555355,0.48739513754844666,0.4286964237689972,0.006279642693698406,0.4910786747932434,0.4311961829662323,0.0035667861811816692,0.4888923764228821,0.4289742708206177,0.005524409469217062,0.5035696625709534,0.3941676616668701,-0.02506466768682003,0.49737900495529175,0.4298724830150604,-0.00045178300933912396,0.5027812719345093,0.43014219403266907,-0.0030466101597994566,0.509040892124176,0.4303046762943268,-0.004762837663292885,0.5088268518447876,0.4529958963394165,0.003848857479169965,0.5084925889968872,0.4430263638496399,-0.0031977950129657984,0.5086225271224976,0.43837302923202515,-0.00467075826600194,0.5088331699371338,0.4340042769908905,-0.0038072976749390364,0.5090962648391724,0.43042778968811035,-0.0036477744579315186,0.4973962903022766,0.4299732744693756,0.0004646040324587375,0.49646738171577454,0.4315464198589325,8.448030712315813e-05,0.4954395592212677,0.4337511956691742,-0.0003995691076852381,0.4945911169052124,0.436326801776886,0.0009516541031189263,0.4877351224422455,0.41553840041160583,-0.004070962779223919,0.430180162191391,0.3810800611972809,0.05882751941680908,0.5164055824279785,0.4001394510269165,-0.020312007516622543,0.49327370524406433,0.42955923080444336,0.003484605345875025,0.4922010898590088,0.4302784502506256,0.0033415372017771006,0.5075011849403381,0.4011317491531372,-0.014259621500968933,0.4962556064128876,0.3980731666088104,-0.009244034066796303,0.5063894987106323,0.3996005654335022,-0.014808322302997112,0.48529642820358276,0.36608806252479553,-0.008534464985132217,0.4745453894138336,0.37309056520462036,-0.007027682848274708,0.49266567826271057,0.3887934982776642,-0.014033667743206024,0.4470525085926056,0.2705925703048706,-0.010296710766851902,0.4546070396900177,0.2859356701374054,-0.016346268355846405,0.46486252546310425,0.30328893661499023,-0.020731138065457344,0.4921373724937439,0.4433107078075409,0.005854691378772259,0.4944407343864441,0.305921733379364,-0.026313550770282745,0.48772647976875305,0.278859943151474,-0.026915987953543663,0.4825074076652527,0.25511252880096436,-0.02611687034368515,0.4630817174911499,0.3439515233039856,-0.004562553949654102,0.4464709758758545,0.35449591279029846,0.0047513386234641075,0.4897153377532959,0.33913078904151917,-0.005530841648578644,0.45298925042152405,0.3302823007106781,-0.004246721044182777,0.49671417474746704,0.3547274172306061,-0.013352361507713795,0.4994000494480133,0.3885885179042816,-0.025783075019717216,0.43902891874313354,0.361889511346817,0.01206798292696476,0.4520424008369446,0.3611391484737396,0.0003940115275327116,0.46137458086013794,0.3644368350505829,-0.00408419594168663,0.4741777777671814,0.36198973655700684,-0.005789405666291714,0.4831659197807312,0.35738685727119446,-0.006683351472020149,0.48965537548065186,0.35281869769096375,-0.00827459804713726,0.5054457187652588,0.342917263507843,-0.021107161417603493,0.44152793288230896,0.3812831938266754,0.013167314231395721,0.4471883773803711,0.3296821713447571,-0.0023207010235637426,0.5136293768882751,0.3989592492580414,-0.029317714273929596,0.49380776286125183,0.3701263964176178,-0.01201843935996294,0.42527633905410767,0.33950790762901306,0.04667720943689346,0.4947335124015808,0.3480038344860077,-0.009509156458079815,0.49141180515289307,0.388492226600647,-0.007467313203960657,0.4569227397441864,0.3353174328804016,-0.0010939935455098748,0.4983508884906769,0.3819285035133362,-0.02413780987262726,0.4348667860031128,0.4035472571849823,0.059823110699653625,0.48911356925964355,0.3359220325946808,-0.004680692218244076,0.5039936900138855,0.3773009181022644,-0.030422242358326912,0.4634394645690918,0.4488682448863983,0.029178690165281296,0.4634230136871338,0.457779198884964,0.0416003093123436,0.4333232641220093,0.3825676441192627,0.03588889539241791,0.4526940584182739,0.4374614953994751,0.03423582762479782,0.4324919581413269,0.32435014843940735,0.017106691375374794,0.49488845467567444,0.4755311906337738,0.016492348164319992,0.5137924551963806,0.4000731408596039,-0.02014756016433239,0.4879150092601776,0.3767590820789337,-0.009221088141202927,0.4386887848377228,0.3429916203022003,0.011520862579345703,0.4695523977279663,0.3394371569156647,-0.006668914575129747,0.47500741481781006,0.33946147561073303,-0.007632921915501356,0.49006175994873047,0.4323623478412628,0.00461914436891675,0.4438997507095337,0.39957502484321594,0.018454482778906822,0.5066649913787842,0.4848705530166626,0.020528869703412056,0.48612284660339355,0.47576433420181274,0.0291877631098032,0.47609007358551025,0.468661367893219,0.034572239965200424,0.5060292482376099,0.2770611643791199,-0.026397105306386948,0.5189409255981445,0.4843922257423401,0.020531175658106804,0.48004841804504395,0.3383203446865082,-0.007382790092378855,0.4847918450832367,0.3368193209171295,-0.006165183614939451,0.4878227114677429,0.33632680773735046,-0.004831627942621708,0.441438764333725,0.32734301686286926,0.0032568543683737516,0.48292040824890137,0.3293458819389343,-0.008301910944283009,0.47730782628059387,0.32677626609802246,-0.01008708868175745,0.47187504172325134,0.3267252743244171,-0.010389582253992558,0.4665037989616394,0.3286031484603882,-0.009173369966447353,0.4632071256637573,0.33109015226364136,-0.007148836739361286,0.4257175624370575,0.3181106448173523,0.032833900302648544,0.46561533212661743,0.3383335769176483,-0.005138288252055645,0.5159716606140137,0.4077802896499634,-0.012509865686297417,0.49453404545783997,0.410992294549942,-0.007875505834817886,0.49997803568840027,0.3947249948978424,-0.018549686297774315,0.5071855783462524,0.4087553322315216,-0.01279370579868555,0.5099936723709106,0.3273860216140747,-0.02018924430012703,0.47459304332733154,0.4595404863357544,0.025945832952857018,0.4845561385154724,0.4676738679409027,0.021775659173727036,0.5066195130348206,0.48013070225715637,0.012315060012042522,0.45258310437202454,0.44457870721817017,0.05032849684357643,0.4871269166469574,0.33337584137916565,-0.006271899212151766,0.5025119185447693,0.3584620952606201,-0.021252978593111038,0.5192371010780334,0.4794246554374695,0.012535016052424908,0.4961603581905365,0.48164111375808716,0.02349565178155899,0.437281996011734,0.40268367528915405,0.03842565044760704,0.502834677696228,0.4302685260772705,-0.0020029586739838123,0.5020419359207153,0.4329875111579895,-0.0023744271602481604,0.5014358758926392,0.43643081188201904,-0.0029767469968646765,0.501035213470459,0.44058215618133545,-0.0016133656026795506,0.49968573451042175,0.44936686754226685,0.00395799009129405,0.49206623435020447,0.42877447605133057,0.0018832158530130982,0.49098077416419983,0.42809027433395386,0.0015613759169355035,0.4900798499584198,0.4273873567581177,0.0011060975957661867,0.48239633440971375,0.42116695642471313,0.0008434605551883578,0.4540550708770752,0.4045349061489105,0.007142303977161646,0.5011507272720337,0.34820234775543213,-0.01682136207818985,0.494729220867157,0.3297192454338074,-0.009175519458949566,0.4899917244911194,0.3303593397140503,-0.007394786924123764,0.49320414662361145,0.4294951856136322,0.0028579796198755503,0.45493417978286743,0.42529332637786865,0.02033405937254429,0.5015319585800171,0.3302241563796997,-0.016748743131756783,0.49723249673843384,0.4580162465572357,0.008170068264007568,0.5140926837921143,0.3617711663246155,-0.030912969261407852,0.5071741342544556,0.3539007902145386,-0.025918180122971535,0.5128530263900757,0.351478636264801,-0.026861289516091347,0.4988989531993866,0.37310752272605896,-0.019563432782888412,0.5189756155014038,0.47157546877861023,0.0077154492028057575,0.5182170271873474,0.4614167809486389,0.006152251735329628,0.5078883767127991,0.4621914029121399,0.006287246476858854,0.4807490110397339,0.44153502583503723,0.011203261092305183,0.4860199987888336,0.39589568972587585,-0.00545725179836154,0.488488107919693,0.4509478807449341,0.010216706432402134,0.46962830424308777,0.3964250087738037,-0.004661621991544962,0.4800667464733124,0.40533769130706787,-0.0033987369388341904,0.4644930958747864,0.4107009172439575,0.0021299999207258224,0.506969690322876,0.4723392724990845,0.007798680569976568,0.49481502175331116,0.37763357162475586,-0.014580653980374336,0.4760524332523346,0.44952887296676636,0.017541127279400826,0.4857756197452545,0.4588451683521271,0.01579275354743004,0.47418200969696045,0.4309682846069336,0.009089472703635693,0.4470028579235077,0.4146623909473419,0.023552270606160164,0.46555328369140625,0.43410396575927734,0.014582355506718159,0.44312727451324463,0.42097005248069763,0.03920559212565422,0.4750128984451294,0.4160095751285553,0.0008120096754282713,0.4982348382472992,0.3641470968723297,-0.01629096455872059,0.501670241355896,0.3928581774234772,-0.02670726738870144,0.4972102642059326,0.3939933478832245,-0.019434578716754913,0.5048241019248962,0.3873596489429474,-0.03140227124094963,0.48975124955177307,0.32264670729637146,-0.012804471887648106,0.47920066118240356,0.3175233006477356,-0.015503892675042152,0.4696960151195526,0.316781610250473,-0.01595061458647251,0.46172016859054565,0.3190920948982239,-0.013814820908010006,0.45602947473526,0.3235223889350891,-0.010065742768347263,0.451924204826355,0.3384179472923279,0.0013411352410912514,0.4306875467300415,0.36276373267173767,0.031337443739175797,0.45812076330184937,0.3511473536491394,-0.001404576818458736,0.46538904309272766,0.35370197892189026,-0.004190010949969292,0.4743254780769348,0.35284119844436646,-0.005819359328597784,0.48225289583206177,0.3499315083026886,-0.00641523115336895,0.48823967576026917,0.3466402292251587,-0.006319503765553236,0.4924604892730713,0.3437216877937317,-0.00669886963441968,0.4272828698158264,0.3599827289581299,0.05468742921948433,0.49700888991355896,0.3955279588699341,-0.015937868505716324,0.5036824941635132,0.36765825748443604,-0.024959972128272057,0.5068464279174805,0.39397916197776794,-0.03082154504954815,0.509753942489624,0.3975517153739929,-0.02712249755859375,0.5063350200653076,0.3949589431285858,-0.027603423222899437,0.4984998404979706,0.3975064754486084,-0.012999693863093853,0.5113897323608398,0.398497074842453,-0.02856426127254963,0.5115652680397034,0.399637371301651,-0.020550599321722984,0.4916594922542572,0.3364103138446808,-0.005083034280687571,0.4957166016101837,0.3387898802757263,-0.008053216151893139,0.49852272868156433,0.3409588932991028,-0.011843725107610226,0.4613093137741089,0.3329703211784363,-0.004965603351593018,0.45685988664627075,0.33002907037734985,-0.005265082698315382,0.5191759467124939,0.3621876835823059,-0.027803802862763405,0.5492954850196838,0.32406336069107056,0.007581712678074837,0.5219189524650574,0.3966221511363983,-0.019760409370064735,0.5680050849914551,0.283433735370636,0.03510720655322075,0.533271074295044,0.33632975816726685,-0.0001825309736886993,0.539625883102417,0.3356947600841522,0.0011295754229649901,0.5455085635185242,0.33420103788375854,0.0035269767977297306,0.5516350269317627,0.32716187834739685,0.00947320181876421,0.5279352068901062,0.335269033908844,-0.0005048197344876826,0.5416873693466187,0.3102664053440094,-0.003999539650976658,0.5343796014785767,0.31226032972335815,-0.005156919825822115,0.5480072498321533,0.3107331097126007,-0.0008601176086813211,0.5516884922981262,0.3132767975330353,0.002465091412886977,0.5574281215667725,0.33294928073883057,0.013987035490572453,0.5392727851867676,0.45981699228286743,0.016798585653305054,0.5508908033370972,0.32121986150741577,0.009745229966938496,0.5736833810806274,0.3240014314651489,0.043836306780576706,0.5626137256622314,0.325869619846344,0.020222259685397148,0.5438910126686096,0.37624531984329224,-0.00028925042715854943,0.5235415697097778,0.4198193848133087,-0.010321447625756264,0.5227810740470886,0.42672199010849,-0.0063517228700220585,0.5298026204109192,0.42049968242645264,-0.0051638721488416195,0.5338543057441711,0.421184241771698,0.0009805940790101886,0.5279865264892578,0.4254404604434967,-0.00284408638253808,0.5318880081176758,0.42442241311073303,0.0025756745599210262,0.5430458784103394,0.428111732006073,0.014481261372566223,0.5220239162445068,0.3937276005744934,-0.03203659504652023,0.5223814845085144,0.38469499349594116,-0.03495416045188904,0.5601020455360413,0.306641548871994,0.003781890496611595,0.52933269739151,0.3556665778160095,-0.0058066584169864655,0.5337762236595154,0.38571983575820923,-0.014840969815850258,0.5334113836288452,0.3802388310432434,-0.013418036513030529,0.561834454536438,0.37074777483940125,0.010120077058672905,0.5208017826080322,0.37266358733177185,-0.032505497336387634,0.5476100444793701,0.30075687170028687,-0.01060106698423624,0.5552791357040405,0.3019745349884033,-0.004045476205646992,0.5627718567848206,0.2687307894229889,0.019259685650467873,0.52177894115448,0.31277844309806824,-0.018625197932124138,0.5281173586845398,0.3168587386608124,-0.003684703726321459,0.547493577003479,0.41868430376052856,0.015278597362339497,0.570152223110199,0.4081953167915344,0.07447218149900436,0.5295701622962952,0.39171943068504333,-0.012405375018715858,0.5250888466835022,0.3953622579574585,-0.013157145120203495,0.5390414595603943,0.42206844687461853,0.014163290150463581,0.5376945734024048,0.42266470193862915,0.011982228606939316,0.5577064752578735,0.2958904206752777,-0.0015846067108213902,0.533778190612793,0.38860034942626953,-0.01079523004591465,0.5366548299789429,0.30347296595573425,-0.015741081908345222,0.537601888179779,0.2962087392807007,-0.01820802316069603,0.539723813533783,0.2520750164985657,-0.011844896711409092,0.5607655644416809,0.28043317794799805,0.006847807206213474,0.5381158590316772,0.27250972390174866,-0.01598069630563259,0.5625467896461487,0.30197688937187195,0.008925429545342922,0.5664374232292175,0.29188212752342224,0.02060561627149582,0.5233493447303772,0.423633873462677,-0.008974103257060051,0.5289739966392517,0.42310449481010437,-0.004168525338172913,0.5329655408859253,0.4227829575538635,0.0012811209307983518,0.5282294750213623,0.39326930046081543,-0.01113993301987648,0.538355827331543,0.42237386107444763,0.012947115115821362,0.5359874367713928,0.4254250228404999,0.009148452430963516,0.5370028018951416,0.42300349473953247,0.011702029965817928,0.5274274349212646,0.39095595479011536,-0.02192605473101139,0.5308964252471924,0.4257363975048065,0.0038861767388880253,0.5270037651062012,0.42716169357299805,0.00018594489665701985,0.5220815539360046,0.42870455980300903,-0.0029423090163618326,0.5256553292274475,0.4504276514053345,0.005599471740424633,0.5238035321235657,0.44088509678840637,-0.0013360906159505248,0.5235097408294678,0.43630605936050415,-0.0026989849284291267,0.5228912830352783,0.4321087896823883,-0.0018824439030140638,0.5219919681549072,0.42872941493988037,-0.0018054199172183871,0.5307974219322205,0.4256764352321625,0.004790096543729305,0.5320670008659363,0.42689940333366394,0.004393371753394604,0.5332438349723816,0.4286927878856659,0.004078809637576342,0.5341306328773499,0.4309457838535309,0.005737563129514456,0.5409489870071411,0.40846073627471924,0.0021417203824967146,0.573015034198761,0.3618215322494507,0.07737793028354645,0.5336834788322449,0.4244702458381653,0.00887717679142952,0.534892737865448,0.4248533546924591,0.008722917176783085,0.523400604724884,0.3991207182407379,-0.012558797374367714,0.5319158434867859,0.3934626281261444,-0.005687027238309383,0.5242101550102234,0.397322416305542,-0.01314549520611763,0.5359017252922058,0.3593903183937073,-0.0019141014199703932,0.5467666983604431,0.36345160007476807,0.001864690100774169,0.5343339443206787,0.3833128809928894,-0.009153591468930244,0.5540221929550171,0.25791093707084656,0.0029557517264038324,0.5518317222595215,0.27345889806747437,-0.005087300669401884,0.5491880774497986,0.29335612058639526,-0.01054361741989851,0.538810133934021,0.43636584281921387,0.011433880776166916,0.5234981775283813,0.30083656311035156,-0.022814230993390083,0.5234089493751526,0.27438706159591675,-0.022853661328554153,0.5235415101051331,0.25044989585876465,-0.021414827555418015,0.5497006773948669,0.3313220739364624,0.006771479733288288,0.564235508441925,0.33863598108291626,0.019128767773509026,0.5244743824005127,0.33384791016578674,-0.00034561558277346194,0.557096540927887,0.3162330090999603,0.008915143087506294,0.5250009298324585,0.3509317636489868,-0.009364517405629158,0.53080153465271,0.384397029876709,-0.02205101028084755,0.5721820592880249,0.3439739942550659,0.02825692482292652,0.561860203742981,0.34616735577583313,0.013942261226475239,0.5554603934288025,0.35149455070495605,0.007514418102800846,0.5438806414604187,0.35228896141052246,0.003129826160147786,0.5349006056785583,0.349926233291626,0.00014882907271385193,0.5284750461578369,0.3470216989517212,-0.003113135462626815,0.5171686410903931,0.3413412570953369,-0.01942957006394863,0.5733422636985779,0.3633802831172943,0.029301272705197334,0.5615320205688477,0.31488704681396484,0.012070033699274063,0.5199199914932251,0.39799726009368896,-0.028497634455561638,0.5298289656639099,0.36536023020744324,-0.007255640346556902,0.5724442601203918,0.32051098346710205,0.06595302373170853,0.5237026810646057,0.3433443307876587,-0.005486025474965572,0.5343751907348633,0.38286837935447693,-0.002589450217783451,0.5533135533332825,0.3214870095252991,0.011390967294573784,0.5301058888435364,0.37768062949180603,-0.020317643880844116,0.5725502967834473,0.38435637950897217,0.07767742872238159,0.5238016247749329,0.3305416703224182,0.000700775533914566,0.5256369709968567,0.3743043839931488,-0.027674805372953415,0.5619688630104065,0.43398213386535645,0.041098397225141525,0.5603911280632019,0.44272029399871826,0.054381001740694046,0.5762506723403931,0.36297133564949036,0.05332665890455246,0.5686502456665039,0.4207006096839905,0.04828478395938873,0.5700603127479553,0.30645984411239624,0.03383196145296097,0.5402634143829346,0.4675701856613159,0.02214989997446537,0.5188429951667786,0.3993508219718933,-0.019631247967481613,0.5355337262153625,0.37046346068382263,-0.003379672532901168,0.5666548609733582,0.3268374800682068,0.027417892590165138,0.5443492531776428,0.3285568952560425,0.0033172210678458214,0.5392293334007263,0.3304285407066345,0.0011912798509001732,0.5369361042976379,0.4262889325618744,0.010614536702632904,0.5733489990234375,0.3817935585975647,0.03406032174825668,0.5303173065185547,0.4805449843406677,0.02385619468986988,0.5455852150917053,0.465257853269577,0.03741778805851936,0.5523730516433716,0.45590510964393616,0.04494471475481987,0.5337960720062256,0.3309781849384308,0.0001514949108241126,0.5286153554916382,0.3307550251483917,0.00029501531389541924,0.5253687500953674,0.33087682723999023,0.0009692598250694573,0.5645059943199158,0.3123036026954651,0.018709534779191017,0.5287535786628723,0.3225683867931366,-0.0016390501987189054,0.5340726375579834,0.3188002407550812,-0.0023093821946531534,0.5398285388946533,0.31728479266166687,-0.0013647306477651,0.5450931787490845,0.3176272511482239,0.001076169777661562,0.5481092929840088,0.319041907787323,0.0038039754144847393,0.5710313320159912,0.29971814155578613,0.05178821086883545,0.5474017262458801,0.3262738287448883,0.005687952507287264,0.5350443720817566,0.40571531653404236,-0.003108382225036621,0.529731273651123,0.3908381462097168,-0.015303565189242363,0.5244424343109131,0.4065660536289215,-0.010777709074318409,0.5541923642158508,0.44681328535079956,0.03559095039963722,0.5473397970199585,0.45711013674736023,0.029362626373767853,0.5310446619987488,0.4757964611053467,0.015409339219331741,0.5660125017166138,0.42784732580184937,0.06540580093860626,0.5253337025642395,0.3274191915988922,-0.0003201597137376666,0.5223414301872253,0.35577672719955444,-0.01857655867934227,0.538670003414154,0.47384923696517944,0.029575807973742485,0.57547527551651,0.3834918737411499,0.055197201669216156,0.5269110798835754,0.42712756991386414,0.0012659773929044604,0.5281839370727539,0.4294950067996979,0.000977760530076921,0.5291194319725037,0.43262237310409546,0.0005337407346814871,0.529778003692627,0.43654823303222656,0.0020228615030646324,0.5332316160202026,0.44417738914489746,0.008024283684790134,0.5349197387695312,0.42346635460853577,0.007523023057729006,0.535951554775238,0.4224950075149536,0.007724287919700146,0.5367864966392517,0.42158302664756775,0.007688866462558508,0.5455095767974854,0.4126777648925781,0.008603548631072044,0.5673537254333496,0.3889094293117523,0.020427459850907326,0.520928680896759,0.345580518245697,-0.014002729207277298,0.5203692317008972,0.32527101039886475,-0.005662641953676939,0.5231997966766357,0.3250223994255066,-0.0023566526360809803,0.5337403416633606,0.4245052933692932,0.008320617489516735,0.5675349831581116,0.4093480706214905,0.033646129071712494,0.5170295834541321,0.32693150639533997,-0.014615669846534729,0.5364764928817749,0.4516511559486389,0.01267680712044239,0.5183125734329224,0.35234779119491577,-0.024502625688910484,0.5273751616477966,0.369330495595932,-0.016054043546319008,0.5279077291488647,0.4588927924633026,0.008436792530119419,0.5481919050216675,0.43154120445251465,0.01915529929101467,0.5398379564285278,0.3886585831642151,0.0006380996201187372,0.5427453517913818,0.44248253107070923,0.016440410166978836,0.5546667575836182,0.3847855031490326,0.0049828593619167805,0.5463889837265015,0.3962845206260681,0.0042036729864776134,0.5600431561470032,0.397367388010025,0.013081387616693974,0.530231237411499,0.46838074922561646,0.010653974488377571,0.5305354595184326,0.3729304373264313,-0.010213878005743027,0.5528566241264343,0.437605619430542,0.02667461894452572,0.5459855794906616,0.44907379150390625,0.022780701518058777,0.5531123280525208,0.4198004901409149,0.018775543197989464,0.5721193552017212,0.3972320854663849,0.03845154121518135,0.5603778958320618,0.42030587792396545,0.025763211771845818,0.5733252167701721,0.4026569426059723,0.05518483743071556,0.5515655279159546,0.40548500418663025,0.009796648286283016,0.5259020924568176,0.36046716570854187,-0.01248769648373127,0.5293079018592834,0.38913750648498535,-0.023300113156437874,0.5322608947753906,0.38937655091285706,-0.015554050914943218,0.5269317626953125,0.38428667187690735,-0.028736049309372902,0.5249772071838379,0.3164595663547516,-0.007984562776982784,0.535204291343689,0.30937713384628296,-0.008448679931461811,0.5442544221878052,0.3070198595523834,-0.006678126286715269,0.5512765049934387,0.30756688117980957,-0.0026569226756691933,0.5554736256599426,0.31051284074783325,0.0023764590732753277,0.5574352741241455,0.32387447357177734,0.01464536041021347,0.5756857991218567,0.3432663083076477,0.04922518879175186,0.5550338625907898,0.33758610486984253,0.010838087648153305,0.5498051643371582,0.341746985912323,0.0065012830309569836,0.5417357683181763,0.3432309329509735,0.0030168599914759398,0.5337167978286743,0.34255534410476685,0.000588165654335171,0.527678906917572,0.3408508002758026,-0.0010118013015016913,0.5236138701438904,0.33893683552742004,-0.0023562400601804256,0.5725663900375366,0.340883731842041,0.07382941991090775,0.5318892002105713,0.3909231126308441,-0.012133002281188965,0.5235638618469238,0.36493411660194397,-0.02223046123981476,0.525745689868927,0.3912428617477417,-0.02865961566567421,0.5225741267204285,0.3956071138381958,-0.025845428928732872,0.5254815816879272,0.3922441601753235,-0.025383859872817993,0.5303762555122375,0.3933200240135193,-0.009795193560421467,0.5216770172119141,0.3969321548938751,-0.027520496398210526,0.5206283330917358,0.3982868194580078,-0.019686268642544746,0.5221572518348694,0.33152079582214355,-0.0005961274728178978,0.5202239751815796,0.3347421884536743,-0.004608986433595419,0.5197691321372986,0.33716022968292236,-0.008988823741674423,0.5497284531593323,0.3202207088470459,0.006453193258494139,0.5537267327308655,0.3165026903152466,0.00687610637396574,0.4721243977546692,0.33367660641670227,-0.006545301992446184,0.47889333963394165,0.33288106322288513,-0.006545301992446184,0.47165584564208984,0.3248806595802307,-0.006545301992446184,0.4652242660522461,0.33442625403404236,-0.006545301992446184,0.47251808643341064,0.3424188196659088,-0.006545301992446184,0.5372658967971802,0.3235926032066345,0.002208747435361147,0.5441794395446777,0.322299063205719,0.002208747435361147,0.5364086627960205,0.3149368166923523,0.002208747435361147,0.5303490161895752,0.3248312175273895,0.002208747435361147,0.5382325649261475,0.33228427171707153,0.002208747435361147
2266.6666666666656,0.5132766366004944,0.42255455255508423,-0.012207522988319397,0.5136039853096008,0.39494943618774414,-0.033042214810848236,0.5125499367713928,0.40136173367500305,-0.015346772037446499,0.5052046775817871,0.3635311722755432,-0.02893039397895336,0.5131034255027771,0.3857186436653137,-0.03620089590549469,0.5117918252944946,0.37269148230552673,-0.035068314522504807,0.5079959034919739,0.34007078409194946,-0.022414354607462883,0.4600289463996887,0.337095707654953,-0.002137879142537713,0.5057629942893982,0.316087007522583,-0.021118972450494766,0.5048879981040955,0.30340319871902466,-0.024294711649417877,0.500363826751709,0.25225090980529785,-0.02384844422340393,0.5133350491523743,0.4254571497440338,-0.01089620403945446,0.5132017731666565,0.42820847034454346,-0.00854440126568079,0.5129974484443665,0.43000665307044983,-0.004980515688657761,0.5129480957984924,0.4301048219203949,-0.0043496023863554,0.5132944583892822,0.4338514506816864,-0.00445336289703846,0.5135096907615662,0.4382157325744629,-0.0053575485944747925,0.5135468244552612,0.44277238845825195,-0.003983105067163706,0.5145651698112488,0.45179182291030884,0.0027306643314659595,0.5134199261665344,0.3989577889442444,-0.029298702254891396,0.5064275860786438,0.39850735664367676,-0.020965946838259697,0.4267272651195526,0.3009170889854431,0.019718747586011887,0.4791772961616516,0.3438604474067688,-0.006347808055579662,0.47270771861076355,0.34534621238708496,-0.00640132324770093,0.46620655059814453,0.34565120935440063,-0.005226689390838146,0.4571497142314911,0.3407071828842163,-0.0009197753970511258,0.48461997509002686,0.34135231375694275,-0.005222087725996971,0.4676309823989868,0.31972217559814453,-0.011741548776626587,0.47530972957611084,0.3199896514415741,-0.01109655387699604,0.46084827184677124,0.32205238938331604,-0.009920825250446796,0.45660078525543213,0.3258908987045288,-0.007359142415225506,0.45130622386932373,0.34731441736221313,0.002640854800119996,0.4925963282585144,0.46732595562934875,0.010382498614490032,0.4571884870529175,0.33477872610092163,-0.0004702488658949733,0.4276833236217499,0.3430262804031372,0.028463447466492653,0.4426479637622833,0.3413817584514618,0.007536614313721657,0.4770195484161377,0.38487374782562256,-0.007126851938664913,0.5052496790885925,0.4216598868370056,-0.012420659884810448,0.5057589411735535,0.4284207820892334,-0.008345820009708405,0.4974062442779541,0.4241954982280731,-0.009182545356452465,0.49176883697509766,0.42620712518692017,-0.004464310128241777,0.49915391206741333,0.4286498427391052,-0.006372710689902306,0.4937928318977356,0.42885851860046387,-0.00212717498652637,0.48298484086990356,0.4364759027957916,0.007187248207628727,0.5082745552062988,0.39523452520370483,-0.03295695036649704,0.5070495009422302,0.38633671402931213,-0.03596431016921997,0.44649791717529297,0.32043546438217163,-0.00793375913053751,0.4889281094074249,0.3606199026107788,-0.010010931640863419,0.49143701791763306,0.39101442694664,-0.019011037424206734,0.4904627501964569,0.38558951020240784,-0.0176618080586195,0.4559485614299774,0.38474780321121216,-0.0010872096754610538,0.5060595870018005,0.3741757869720459,-0.03370533883571625,0.4631316065788269,0.31061074137687683,-0.018531059846282005,0.453369140625,0.3140505850315094,-0.014118584804236889,0.4332594871520996,0.2843743562698364,0.00576519500464201,0.49327993392944336,0.3176509737968445,-0.02070741541683674,0.4820729196071625,0.3232271671295166,-0.008338311687111855,0.4771633744239807,0.42840179800987244,0.006843366660177708,0.44097375869750977,0.4264039993286133,0.058277375996112823,0.49625900387763977,0.39580607414245605,-0.015528020448982716,0.5016682147979736,0.3981611430644989,-0.014833974651992321,0.48393478989601135,0.42881762981414795,0.0068006739020347595,0.48543164134025574,0.4290303885936737,0.005399186629801989,0.4491494297981262,0.30803045630455017,-0.01222457829862833,0.4908193051815033,0.3939877152442932,-0.014929343946278095,0.4763765037059784,0.3113594949245453,-0.020855668932199478,0.474860817193985,0.3037983179092407,-0.023375313729047775,0.46123409271240234,0.2609262764453888,-0.018659329041838646,0.4406539797782898,0.2957116961479187,-0.004747940693050623,0.4678940773010254,0.2810056805610657,-0.021722130477428436,0.4417303502559662,0.31573691964149475,-0.003535020397976041,0.43363675475120544,0.3088814616203308,0.0072507718577980995,0.5054436326026917,0.42542627453804016,-0.011071384884417057,0.4982859492301941,0.4265415668487549,-0.007946585305035114,0.49275997281074524,0.4275323748588562,-0.0037376193795353174,0.4976452887058258,0.39703527092933655,-0.013727742247283459,0.4847085475921631,0.42892327904701233,0.006084107328206301,0.4883411228656769,0.43130961060523987,0.0030950489453971386,0.48620691895484924,0.42916128039360046,0.005269734654575586,0.5000503063201904,0.3942554295063019,-0.024775266647338867,0.4945750832557678,0.42990219593048096,-0.0005936763482168317,0.49990156292915344,0.4301033020019531,-0.0031855313573032618,0.5060926675796509,0.430225670337677,-0.004972168710082769,0.5059801936149597,0.4524005651473999,0.0023986133746802807,0.5055450201034546,0.44292178750038147,-0.004312750417739153,0.5056689381599426,0.4382767081260681,-0.005577208939939737,0.5058742761611938,0.4339372515678406,-0.004552559461444616,0.5061360001564026,0.4303881525993347,-0.004332056734710932,0.49458548426628113,0.429995596408844,-3.27391317114234e-05,0.4936533570289612,0.43157216906547546,-0.0004968354478478432,0.49262863397598267,0.4337712228298187,-0.0010651948396116495,0.49177905917167664,0.436342716217041,0.00024255480093415827,0.4846135973930359,0.4158531427383423,-0.003991305828094482,0.42857784032821655,0.38121089339256287,0.060365233570337296,0.5130261778831482,0.400240957736969,-0.020399583503603935,0.49054375290870667,0.4296543002128601,0.0030796665232628584,0.48947086930274963,0.43037986755371094,0.002882848959416151,0.5040888786315918,0.40132564306259155,-0.014323261566460133,0.49281275272369385,0.39837339520454407,-0.00907832756638527,0.5029426217079163,0.3997948467731476,-0.014810777269303799,0.48215922713279724,0.36614617705345154,-0.007696515414863825,0.4715244770050049,0.3731471300125122,-0.006053769029676914,0.4891788065433502,0.3889569640159607,-0.013597692362964153,0.4442083239555359,0.27076613903045654,-0.007654902059584856,0.45149141550064087,0.28595757484436035,-0.01410045474767685,0.46045729517936707,0.3032417893409729,-0.018768565729260445,0.48937225341796875,0.4432109594345093,0.0050832610577344894,0.49065327644348145,0.3055032193660736,-0.024940822273492813,0.4843609929084778,0.2789301574230194,-0.02518279291689396,0.47933679819107056,0.255227655172348,-0.023979637771844864,0.46054521203041077,0.34415295720100403,-0.0030232779681682587,0.44404545426368713,0.35450485348701477,0.006437847390770912,0.48806262016296387,0.3390781879425049,-0.004441584460437298,0.44994404911994934,0.330400288105011,-0.0024193087592720985,0.4934154748916626,0.3547045886516571,-0.012604218907654285,0.4957974851131439,0.38867413997650146,-0.025399383157491684,0.43656501173973083,0.3619101643562317,0.013814699836075306,0.4495322108268738,0.361224502325058,0.0019173738546669483,0.4587889015674591,0.3646070957183838,-0.002766201738268137,0.471728652715683,0.3622717559337616,-0.0046827890910208225,0.4809684455394745,0.35769155621528625,-0.0057184770703315735,0.4876110553741455,0.3530488908290863,-0.007399050053209066,0.5019646286964417,0.3428497314453125,-0.020381679758429527,0.4391366243362427,0.38130518794059753,0.014675832353532314,0.444080114364624,0.32964807748794556,-0.0003616812755353749,0.5101339221000671,0.3990449607372284,-0.02928471937775612,0.4904976189136505,0.3701596260070801,-0.011384915560483932,0.42343461513519287,0.339685320854187,0.04888556897640228,0.49268415570259094,0.3481501340866089,-0.008650321513414383,0.4880329370498657,0.38867703080177307,-0.007055698893964291,0.45429614186286926,0.3355540633201599,0.0006152013083919883,0.49476802349090576,0.3819926381111145,-0.023685352876782417,0.43336641788482666,0.4036080539226532,0.060925163328647614,0.4875342845916748,0.33575382828712463,-0.003519655205309391,0.5003609657287598,0.37729719281196594,-0.030014708638191223,0.46108898520469666,0.4488397538661957,0.029121503233909607,0.4614076316356659,0.45777589082717896,0.04135329648852348,0.4313849210739136,0.3825699985027313,0.037449292838573456,0.4505756199359894,0.4373580813407898,0.034617964178323746,0.43010079860687256,0.32444408535957336,0.019360994920134544,0.4921010434627533,0.4757942259311676,0.015228364616632462,0.5103754997253418,0.4001828134059906,-0.020194875076413155,0.4846930503845215,0.3768589496612549,-0.008584778755903244,0.43637901544570923,0.342912495136261,0.013474522158503532,0.4669233560562134,0.33972176909446716,-0.005189144052565098,0.47253289818763733,0.339766263961792,-0.006252442020922899,0.4873257279396057,0.432484894990921,0.004176281858235598,0.4416308104991913,0.3995837867259979,0.0196551401168108,0.5039953589439392,0.4853866696357727,0.018793128430843353,0.4836158752441406,0.4761161506175995,0.028149161487817764,0.47378191351890564,0.4688625931739807,0.03390481695532799,0.5026214718818665,0.27713364362716675,-0.02500894106924534,0.5163406729698181,0.48497289419174194,0.018485013395547867,0.47787100076675415,0.33853259682655334,-0.006099185440689325,0.4829419255256653,0.33686333894729614,-0.00495301466435194,0.4861738383769989,0.3362441062927246,-0.0036505539901554585,0.43847548961639404,0.32717660069465637,0.005341214593499899,0.4808495044708252,0.32928821444511414,-0.006991034839302301,0.4749009907245636,0.32686999440193176,-0.008678984828293324,0.4692496061325073,0.32693347334861755,-0.008885476738214493,0.4637911021709442,0.32889366149902344,-0.007590082008391619,0.4605098366737366,0.3314182758331299,-0.005524842068552971,0.42368578910827637,0.318310022354126,0.03532882034778595,0.46295660734176636,0.338584303855896,-0.0035793904680758715,0.512746274471283,0.4078695476055145,-0.012797970324754715,0.49128806591033936,0.41127026081085205,-0.00784461572766304,0.4964560866355896,0.3948805332183838,-0.018265053629875183,0.5038867592811584,0.40889400243759155,-0.012954219244420528,0.5065722465515137,0.327412873506546,-0.0194343663752079,0.472044438123703,0.4596584737300873,0.02540707401931286,0.4818861186504364,0.4678874909877777,0.02084655500948429,0.5037828087806702,0.4804314970970154,0.010705064982175827,0.4508184492588043,0.44451549649238586,0.0505337230861187,0.4853813648223877,0.3332098126411438,-0.005038134288042784,0.4990362524986267,0.35840100049972534,-0.02063320390880108,0.5164915323257446,0.47979098558425903,0.010622448287904263,0.4935247302055359,0.4820803105831146,0.022112149745225906,0.4354509115219116,0.4026358127593994,0.03963867574930191,0.4999437928199768,0.4302477538585663,-0.002577102044597268,0.4991462230682373,0.43295565247535706,-0.003027103142812848,0.49854373931884766,0.4363810420036316,-0.0037539394106715918,0.49814051389694214,0.44052204489707947,-0.0025153178721666336,0.49690982699394226,0.44896116852760315,0.0028670248575508595,0.48934486508369446,0.42891865968704224,0.0017251924145966768,0.4882672429084778,0.42826277017593384,0.0014492154587060213,0.4873684346675873,0.4275817275047302,0.0010407919762656093,0.47941288352012634,0.42159348726272583,0.0009407902834936976,0.4514789879322052,0.4045434594154358,0.008084074594080448,0.49775904417037964,0.34815406799316406,-0.016073385253548622,0.49263331294059753,0.32948723435401917,-0.00809931755065918,0.48814988136291504,0.3301784098148346,-0.006190040614455938,0.4904833436012268,0.4296038746833801,0.0026762483175843954,0.452554851770401,0.4252750873565674,0.020894253626465797,0.49898260831832886,0.3300037384033203,-0.01580718904733658,0.4944484233856201,0.457913875579834,0.006974541116505861,0.510505735874176,0.3616858720779419,-0.030574262142181396,0.503618597984314,0.35380589962005615,-0.025333456695079803,0.5093072652816772,0.3513731360435486,-0.026385951787233353,0.49544090032577515,0.3731172978878021,-0.019037840887904167,0.5161455273628235,0.47169584035873413,0.00587734580039978,0.5153308510780334,0.4612013101577759,0.004418357275426388,0.5050278902053833,0.4619723856449127,0.004749322775751352,0.4779626429080963,0.44175899028778076,0.010801632888615131,0.4827593266963959,0.39608699083328247,-0.005087042693048716,0.4857422113418579,0.45103418827056885,0.009371137246489525,0.4666609466075897,0.3964446187019348,-0.003981052897870541,0.47694966197013855,0.4055030047893524,-0.0030736292246729136,0.46165382862091064,0.41077661514282227,0.0027306117117404938,0.5040866136550903,0.47242048382759094,0.0062414249405264854,0.4914126992225647,0.3777044713497162,-0.014055551029741764,0.47336071729660034,0.4496675133705139,0.017126811668276787,0.4830469787120819,0.45899033546447754,0.014922616071999073,0.4713589549064636,0.4312725067138672,0.009132144972682,0.44480305910110474,0.4146498739719391,0.024438034743070602,0.46294304728507996,0.4341663718223572,0.01474879588931799,0.44123944640159607,0.42087867856025696,0.04004785045981407,0.47203904390335083,0.4162953197956085,0.0011143914889544249,0.49484699964523315,0.3641291558742523,-0.015660768374800682,0.4981127381324768,0.3929482400417328,-0.02637553960084915,0.4936537444591522,0.39415907859802246,-0.01911078579723835,0.501175045967102,0.3873988389968872,-0.03110177256166935,0.4871845841407776,0.3223831057548523,-0.011550568044185638,0.4759787619113922,0.3173525035381317,-0.014035608619451523,0.4661455750465393,0.3168460428714752,-0.014314533211290836,0.45812690258026123,0.3193080723285675,-0.012063950300216675,0.4526221752166748,0.3237391710281372,-0.008242915384471416,0.4492960572242737,0.3384757339954376,0.003098609857261181,0.4285992383956909,0.36280959844589233,0.03318765014410019,0.4555859863758087,0.35128313302993774,0.00012353280908428133,0.46286463737487793,0.3538716435432434,-0.002823180751875043,0.4719712734222412,0.3531118631362915,-0.0046196370385587215,0.4801676273345947,0.35017913579940796,-0.005342206917703152,0.48638150095939636,0.34676533937454224,-0.005334838759154081,0.49066752195358276,0.34374573826789856,-0.005755808670073748,0.42556247115135193,0.36013925075531006,0.05659797415137291,0.49348166584968567,0.3957451581954956,-0.01564881019294262,0.5001383423805237,0.3676106929779053,-0.024436574429273605,0.5032619833946228,0.39402949810028076,-0.03061462566256523,0.5062808394432068,0.3976359963417053,-0.02704378217458725,0.5028217434883118,0.3950304388999939,-0.027403587475419044,0.49502214789390564,0.39777007699012756,-0.012813370674848557,0.5078944563865662,0.39857810735702515,-0.028516875579953194,0.508132815361023,0.39974910020828247,-0.020554279908537865,0.49003535509109497,0.3362763524055481,-0.004001442342996597,0.49386540055274963,0.3387070298194885,-0.007090450264513493,0.4963619112968445,0.34097567200660706,-0.010980701074004173,0.45864272117614746,0.3332836627960205,-0.003321192692965269,0.4539440870285034,0.3302495777606964,-0.0035538978409022093,0.5156633257865906,0.3621040880680084,-0.027600249275565147,0.5459348559379578,0.3244726061820984,0.0072766803205013275,0.5186763405799866,0.3966900706291199,-0.01991460844874382,0.5657709240913391,0.28336817026138306,0.034869905561208725,0.5306354761123657,0.3364763855934143,-0.00022564853134099394,0.5367417931556702,0.3359191119670868,0.0009500800515525043,0.5424637198448181,0.33445292711257935,0.0032483276445418596,0.5486650466918945,0.3275543451309204,0.009071201086044312,0.5253458619117737,0.3353797197341919,-0.00040013514808379114,0.5381264090538025,0.31055590510368347,-0.004027519840747118,0.5311893224716187,0.3124900758266449,-0.004993250593543053,0.5442981123924255,0.3110901713371277,-0.0010303142480552197,0.5480668544769287,0.3136797845363617,0.0022028686944395304,0.5548913478851318,0.33321744203567505,0.013447233475744724,0.5366697907447815,0.4601997137069702,0.014757473021745682,0.5476365089416504,0.3216736912727356,0.009400758892297745,0.571408212184906,0.32400962710380554,0.043008144944906235,0.5607972741127014,0.32619041204452515,0.01964021474123001,0.5409232378005981,0.37627819180488586,-0.0008692806586623192,0.520544707775116,0.419795423746109,-0.010817186906933784,0.519822359085083,0.42661863565444946,-0.006843519397079945,0.5268446207046509,0.4204147160053253,-0.005860717035830021,0.5309052467346191,0.42106208205223083,6.182260403875262e-05,0.525054395198822,0.4252778887748718,-0.0035027717240154743,0.528965413570404,0.424214243888855,0.0017248013755306602,0.5405040979385376,0.4284091591835022,0.012915082275867462,0.518548846244812,0.39377361536026,-0.03210849687457085,0.5188444256782532,0.38469475507736206,-0.03495929390192032,0.5565392374992371,0.3068584203720093,0.0034801794681698084,0.5262584686279297,0.3556522727012634,-0.005861563608050346,0.5308237671852112,0.38572293519973755,-0.015157163143157959,0.5304736495018005,0.380216509103775,-0.013699881732463837,0.558904230594635,0.3707992434501648,0.009196953848004341,0.5172660946846008,0.3726125955581665,-0.03241553157567978,0.5430679321289062,0.300848126411438,-0.010479127988219261,0.5510342121124268,0.3020992875099182,-0.0041394103318452835,0.5603004693984985,0.26868414878845215,0.01936398260295391,0.5178150534629822,0.3135550320148468,-0.018003912642598152,0.5252596735954285,0.31711897253990173,-0.0034118657931685448,0.5449913740158081,0.41913676261901855,0.013853606767952442,0.5680637359619141,0.40841662883758545,0.07245840132236481,0.5266143679618835,0.3917483985424042,-0.012676517479121685,0.5220513939857483,0.3954019546508789,-0.013378897681832314,0.5361379981040955,0.42178821563720703,0.012842047959566116,0.5347721576690674,0.4223810136318207,0.010722316801548004,0.5536733269691467,0.29590514302253723,-0.0016396730206906796,0.5309203267097473,0.3886342942714691,-0.0111601073294878,0.5321105718612671,0.30392539501190186,-0.015350963920354843,0.5328490138053894,0.2966350317001343,-0.017723448574543,0.5366907119750977,0.2520652413368225,-0.010934346355497837,0.5580736994743347,0.2804992198944092,0.0068678949028253555,0.5349340438842773,0.27257418632507324,-0.015280314721167088,0.5594289898872375,0.30208075046539307,0.008634154684841633,0.5639515519142151,0.2919304668903351,0.020351141691207886,0.5203717947006226,0.423583984375,-0.00947120413184166,0.5260266661643982,0.422987163066864,-0.004851778037846088,0.5300297737121582,0.4226202368736267,0.00039955112151801586,0.5252687931060791,0.3933192193508148,-0.01140198577195406,0.5354410409927368,0.4220917820930481,0.011669514700770378,0.5330463647842407,0.425110787153244,0.007774377707391977,0.5340761542320251,0.4227135181427002,0.010448239743709564,0.5242458581924438,0.3909820020198822,-0.02213387005031109,0.52799391746521,0.4254714250564575,0.0030446730088442564,0.5240824818611145,0.4269368350505829,-0.00047115673078224063,0.5191358327865601,0.42853695154190063,-0.0034489233512431383,0.5226868987083435,0.44993165135383606,0.003850803943350911,0.5208462476730347,0.440677285194397,-0.0027580130845308304,0.5205277800559998,0.4361134171485901,-0.0039320834912359715,0.5199092626571655,0.43194758892059326,-0.0029448564164340496,0.5190299153327942,0.4285934865474701,-0.0027968615759164095,0.5278733968734741,0.42540672421455383,0.0035849681589752436,0.5291271209716797,0.42661768198013306,0.0031120777130126953,0.5302978754043579,0.42838695645332336,0.0026753481943160295,0.5311926603317261,0.4306239187717438,0.0042333840392529964,0.5381947159767151,0.40866735577583313,0.0012082756729796529,0.5711327791213989,0.3619576692581177,0.07593951374292374,0.5307525396347046,0.42418789863586426,0.007599140517413616,0.5319468379020691,0.42455482482910156,0.007391214370727539,0.5203271508216858,0.3991808295249939,-0.012891006655991077,0.5290629267692566,0.3935534656047821,-0.006095340475440025,0.5211541652679443,0.3973722457885742,-0.013400726951658726,0.5328986644744873,0.3594125211238861,-0.002183414064347744,0.5437641739845276,0.363504558801651,0.0013407953083515167,0.5314655900001526,0.3833107650279999,-0.0095024099573493,0.5512517094612122,0.25786805152893066,0.0034279488027095795,0.5488849878311157,0.273531436920166,-0.004755169153213501,0.5445975065231323,0.2933999300003052,-0.010340976528823376,0.5360838770866394,0.4363848865032196,0.009735606610774994,0.5191249847412109,0.3016623258590698,-0.022064168006181717,0.520089328289032,0.2744472622871399,-0.021818192675709724,0.5203559398651123,0.2504750192165375,-0.020057013258337975,0.5466568470001221,0.3316419720649719,0.006413505412638187,0.5622515082359314,0.3387698531150818,0.01840386912226677,0.5218649506568909,0.3339550495147705,-0.0001456519094062969,0.5540004968643188,0.3166537582874298,0.008510522544384003,0.5218375325202942,0.35089585185050964,-0.009279776364564896,0.5276373624801636,0.3844023644924164,-0.022261792793869972,0.5695710182189941,0.3440227508544922,0.02729944884777069,0.5592019557952881,0.3462800681591034,0.01320128794759512,0.552394449710846,0.35157957673072815,0.006876463536173105,0.5408634543418884,0.3523200750350952,0.002718453062698245,0.5320338010787964,0.34994834661483765,-4.893256846116856e-05,0.5255813598632812,0.34704482555389404,-0.003102485090494156,0.5137748718261719,0.34126991033554077,-0.01898501254618168,0.570624053478241,0.3634530007839203,0.028120746836066246,0.5588681697845459,0.3152135908603668,0.011623869650065899,0.5165079832077026,0.39807483553886414,-0.02859688177704811,0.5267971158027649,0.3653245270252228,-0.007396669127047062,0.5705447793006897,0.32048678398132324,0.06504343450069427,0.5206959247589111,0.3433704376220703,-0.005311194807291031,0.5315636396408081,0.3828766345977783,-0.0029837654437869787,0.5502896308898926,0.32195132970809937,0.01098901778459549,0.5269797444343567,0.3776545524597168,-0.020473269745707512,0.5705180168151855,0.38456034660339355,0.07596222311258316,0.5212546586990356,0.3306716978549957,0.0009447523625567555,0.5222657918930054,0.3742727041244507,-0.02771265245974064,0.5595837831497192,0.4342609941959381,0.039101943373680115,0.5581483840942383,0.443092942237854,0.05215344578027725,0.573820173740387,0.36306032538414,0.05200530216097832,0.5661962628364563,0.42083585262298584,0.04637903347611427,0.5676839351654053,0.30646830797195435,0.03330892324447632,0.5378057360649109,0.4681681990623474,0.019976966083049774,0.5155118107795715,0.3994373679161072,-0.019758980721235275,0.5325922966003418,0.3704785108566284,-0.0037003711331635714,0.5657414197921753,0.32703545689582825,0.026718460023403168,0.5410405397415161,0.32883867621421814,0.0031080858316272497,0.5362026691436768,0.33065900206565857,0.0010709317866712809,0.5340076684951782,0.42596784234046936,0.009199464693665504,0.5706154704093933,0.3819066882133484,0.03267472982406616,0.527848482131958,0.4812416434288025,0.02159818820655346,0.5433335304260254,0.46600115299224854,0.03511512652039528,0.5501476526260376,0.4565143287181854,0.04268166422843933,0.5310396552085876,0.331142783164978,0.00015579415776301175,0.5260089635848999,0.33088934421539307,0.00040567098767496645,0.5228012800216675,0.33101022243499756,0.0011660869931802154,0.5625337362289429,0.3124349117279053,0.018209954723715782,0.526231586933136,0.3227365016937256,-0.0014546961756423116,0.5313451886177063,0.31902533769607544,-0.0022232336923480034,0.5367434620857239,0.3176272213459015,-0.0013859868049621582,0.5417771339416504,0.31804972887039185,0.000924045976717025,0.5447444915771484,0.31949305534362793,0.0035655691754072905,0.5689472556114197,0.2996533513069153,0.05123130977153778,0.5440011620521545,0.32662200927734375,0.005417543929070234,0.5321833491325378,0.40586057305336,-0.0038405079394578934,0.5267224907875061,0.3908570110797882,-0.015530985780060291,0.521346926689148,0.4066321849822998,-0.01126070600003004,0.5518856644630432,0.4472913146018982,0.0334959477186203,0.5449877977371216,0.4577023983001709,0.027216684073209763,0.5284250974655151,0.476280152797699,0.013297328725457191,0.5638248920440674,0.4280855655670166,0.0632680207490921,0.5227954387664795,0.32757866382598877,-9.89854452200234e-05,0.519010066986084,0.35570192337036133,-0.018399465829133987,0.5363225936889648,0.4746142029762268,0.027250438928604126,0.5729640126228333,0.383598655462265,0.053665414452552795,0.5239719748497009,0.42691463232040405,0.00016195583157241344,0.5252360701560974,0.4292643666267395,-0.00021736734197475016,0.5261670351028442,0.432364284992218,-0.000826446630526334,0.5268420577049255,0.43626707792282104,0.0005134366801939905,0.530354380607605,0.44392120838165283,0.006250644102692604,0.5319797992706299,0.42322754859924316,0.006471348460763693,0.5330106019973755,0.42228278517723083,0.0066245305351912975,0.5338457822799683,0.4213917851448059,0.006569208111613989,0.542894184589386,0.41301658749580383,0.007441789843142033,0.5645331144332886,0.38900452852249146,0.019165419042110443,0.5176478028297424,0.3455246686935425,-0.013725906610488892,0.5175004601478577,0.32550644874572754,-0.005183943081647158,0.5205318927764893,0.3252505362033844,-0.0020216305274516344,0.5308147668838501,0.42422929406166077,0.0072560859844088554,0.5649263858795166,0.40948742628097534,0.03202613443136215,0.513673722743988,0.32727664709091187,-0.014051670208573341,0.5337217450141907,0.4517616033554077,0.010733021423220634,0.5148528218269348,0.35224848985671997,-0.024154312908649445,0.524202823638916,0.36929208040237427,-0.01609170250594616,0.5250421166419983,0.45880433917045593,0.006545193959027529,0.545695424079895,0.43190810084342957,0.017444152384996414,0.5370622873306274,0.3887161612510681,1.2150741895311512e-05,0.5401467084884644,0.44276660680770874,0.014562070369720459,0.5517348051071167,0.38483598828315735,0.004058824386447668,0.5436050295829773,0.3963964879512787,0.003286060644313693,0.557298481464386,0.39751335978507996,0.01186123862862587,0.5274837613105774,0.4686245024204254,0.008628830313682556,0.5275567770004272,0.37289056181907654,-0.010392876341938972,0.5504468679428101,0.4380119740962982,0.02477332018315792,0.5435007810592651,0.4495181143283844,0.020778538659214973,0.5505978465080261,0.4201766848564148,0.01723240502178669,0.569456934928894,0.3973606526851654,0.03689590096473694,0.5578363537788391,0.4205593466758728,0.0241073127835989,0.5708280801773071,0.40275952219963074,0.053417615592479706,0.5489100217819214,0.40574556589126587,0.00863347202539444,0.5227254033088684,0.3604174554347992,-0.012476998381316662,0.5261244177818298,0.389159619808197,-0.023507293313741684,0.5292869806289673,0.38939616084098816,-0.01584925688803196,0.5235705375671387,0.38429269194602966,-0.028841257095336914,0.5217126607894897,0.31693035364151,-0.0075444988906383514,0.5314354300498962,0.3097378611564636,-0.008186127990484238,0.5401445627212524,0.307309091091156,-0.0066423844546079636,0.5471644997596741,0.30790218710899353,-0.002816579770296812,0.5517165660858154,0.31088390946388245,0.0020827464759349823,0.5549590587615967,0.3242920935153961,0.01416676864027977,0.5733678340911865,0.34331750869750977,0.04810837283730507,0.5521652102470398,0.3378582000732422,0.010306434705853462,0.5468155741691589,0.3419499397277832,0.006060693878680468,0.5388674139976501,0.3433893322944641,0.0027174786664545536,0.5310294032096863,0.34266960620880127,0.00046695818309672177,0.5250040292739868,0.3409295380115509,-0.0009403476142324507,0.5208988785743713,0.33898255228996277,-0.0021613326389342546,0.5707628726959229,0.3409181535243988,0.07264497131109238,0.5289826989173889,0.3909628093242645,-0.0124536557123065,0.5201898813247681,0.36487504839897156,-0.02215602621436119,0.5223986506462097,0.39128178358078003,-0.028797948732972145,0.519263744354248,0.39567577838897705,-0.02596990391612053,0.5222095847129822,0.3922944962978363,-0.025537608191370964,0.5274662375450134,0.3933883309364319,-0.010120632126927376,0.5183101296424866,0.39700424671173096,-0.027636148035526276,0.5173531770706177,0.3983597159385681,-0.019829923287034035,0.5195809602737427,0.3316330015659332,-0.00028166265110485256,0.5174807906150818,0.3348112106323242,-0.004248348064720631,0.5166795253753662,0.33726248145103455,-0.00861936341971159,0.5463981032371521,0.32068732380867004,0.0061599272303283215,0.5503931045532227,0.3169650733470917,0.0065353973768651485,0.47005587816238403,0.3337510824203491,-0.005117578897625208,0.4770331084728241,0.33292052149772644,-0.005117578897625208,0.46953126788139343,0.3248724043369293,-0.005117578897625208,0.46299389004707336,0.3345142900943756,-0.005117578897625208,0.47051796317100525,0.3425808846950531,-0.005117578897625208,0.534606397151947,0.32392531633377075,0.002152058994397521,0.5410045385360718,0.32281583547592163,0.002152058994397521,0.5338199734687805,0.3157569169998169,0.002152058994397521,0.5282227396965027,0.3249427080154419,0.002152058994397521,0.5354515314102173,0.3321533799171448,0.002152058994397521
2299.999999999999,0.5103837251663208,0.4233121871948242,-0.012027676217257977,0.5111945867538452,0.39611294865608215,-0.03304298594594002,0.5103248357772827,0.40235012769699097,-0.015305164270102978,0.502866268157959,0.3646586835384369,-0.0289863720536232,0.5106539130210876,0.3869079053401947,-0.03622489422559738,0.5093673467636108,0.373853862285614,-0.035130612552165985,0.5057166814804077,0.3410484194755554,-0.02257177047431469,0.45775485038757324,0.3372988700866699,-0.0020191813819110394,0.5035328269004822,0.3168122172355652,-0.021307116374373436,0.502641499042511,0.30408400297164917,-0.02451215125620365,0.49810099601745605,0.25285279750823975,-0.02431248500943184,0.5104848742485046,0.42618903517723083,-0.01070604007691145,0.5104498267173767,0.42890989780426025,-0.008362425491213799,0.5103598237037659,0.43068456649780273,-0.004813794512301683,0.5103108286857605,0.4308006763458252,-0.004025986883789301,0.5106596946716309,0.43452608585357666,-0.004123589489609003,0.5109240412712097,0.43886056542396545,-0.005007488187402487,0.5110747814178467,0.4433564245700836,-0.003597431583330035,0.5126980543136597,0.45237770676612854,0.0031296818051487207,0.5110768675804138,0.40006452798843384,-0.02928723394870758,0.5041535496711731,0.3995727002620697,-0.020917188376188278,0.4252047538757324,0.30176275968551636,0.019840065389871597,0.4768751859664917,0.34418362379074097,-0.0063208723440766335,0.4704097807407379,0.34552475810050964,-0.006327438168227673,0.46392422914505005,0.34589290618896484,-0.0051124682649970055,0.4549217224121094,0.3411408066749573,-0.0007670054910704494,0.48233821988105774,0.3419186472892761,-0.005235949065536261,0.46553412079811096,0.32040756940841675,-0.011689119040966034,0.47322878241539,0.32079803943634033,-0.011103227734565735,0.4587305784225464,0.32260018587112427,-0.009819927625358105,0.4544580280780792,0.3263719975948334,-0.007235532160848379,0.44912347197532654,0.34799861907958984,0.002831405261531472,0.4910145699977875,0.4673953354358673,0.011004145257174969,0.454939603805542,0.3351238965988159,-0.00033783618710003793,0.42613130807876587,0.3438309133052826,0.028734298422932625,0.44072452187538147,0.3423117995262146,0.007747900206595659,0.4749882221221924,0.3857589662075043,-0.006973475683480501,0.5024105906486511,0.42244237661361694,-0.01217728666961193,0.5031563639640808,0.4291500747203827,-0.008096661418676376,0.49485430121421814,0.42500436305999756,-0.008857796899974346,0.4895120859146118,0.4270894229412079,-0.004045763518661261,0.4967643618583679,0.42939746379852295,-0.006047513335943222,0.4916301369667053,0.4296581447124481,-0.0017319581238552928,0.48125001788139343,0.43697333335876465,0.007778521161526442,0.5058860182762146,0.3964175879955292,-0.03292786329984665,0.5046347379684448,0.3875298798084259,-0.035953275859355927,0.4445008635520935,0.3211008906364441,-0.007748608477413654,0.48684853315353394,0.36155349016189575,-0.009995358064770699,0.4892386198043823,0.39204058051109314,-0.018900064751505852,0.4882868826389313,0.38659563660621643,-0.01756659522652626,0.45402348041534424,0.3855932652950287,-0.0008059996762312949,0.5036656856536865,0.37534481287002563,-0.03372426703572273,0.46097472310066223,0.31127822399139404,-0.018456602469086647,0.45127221941947937,0.3146747350692749,-0.013969228602945805,0.4315435290336609,0.285257488489151,0.005806698929518461,0.491113543510437,0.3184655010700226,-0.020806225016713142,0.4799685478210449,0.3240680396556854,-0.008389248512685299,0.4754185080528259,0.42889806628227234,0.007402244955301285,0.43981900811195374,0.42670679092407227,0.05887460336089134,0.4940682053565979,0.39683058857917786,-0.015440723858773708,0.49947041273117065,0.3991546630859375,-0.014764517545700073,0.48213765025138855,0.4299110472202301,0.0073423003777861595,0.4836256504058838,0.43006205558776855,0.005924588069319725,0.44717323780059814,0.30875635147094727,-0.012079079635441303,0.48866719007492065,0.39494097232818604,-0.014807580970227718,0.47420114278793335,0.3121076226234436,-0.020864984020590782,0.4726896584033966,0.3045366406440735,-0.023408321663737297,0.459069162607193,0.26174062490463257,-0.018847381696105003,0.4388311207294464,0.2966584265232086,-0.004635146353393793,0.4657289385795593,0.2818776071071625,-0.02182355709373951,0.43992045521736145,0.3166033625602722,-0.0033523542806506157,0.4319611191749573,0.3097826838493347,0.007407060824334621,0.5027087926864624,0.42619767785072327,-0.010816989466547966,0.49580618739128113,0.4273270070552826,-0.007611148990690708,0.4905424118041992,0.4283796548843384,-0.003324289107695222,0.4954635500907898,0.39802083373069763,-0.01364800613373518,0.48290422558784485,0.42998775839805603,0.006615595426410437,0.48636284470558167,0.4322355091571808,0.003653400344774127,0.484393447637558,0.4301612079143524,0.005795266944915056,0.49777111411094666,0.39538809657096863,-0.024703169241547585,0.4924665093421936,0.43066537380218506,-0.00021316265338100493,0.4975907504558563,0.4308187961578369,-0.0028756887186318636,0.5036017298698425,0.43092212080955505,-0.004730621352791786,0.5041211843490601,0.45302504301071167,0.0028646576683968306,0.5031141042709351,0.44352012872695923,-0.0038497645873576403,0.5031586289405823,0.43894168734550476,-0.005135222803801298,0.5033435225486755,0.43463894724845886,-0.004138274118304253,0.503638744354248,0.4310946464538574,-0.003931230865418911,0.49248847365379333,0.4307669699192047,0.0004650778719224036,0.49150949716567993,0.4323803186416626,1.8162238120567054e-05,0.49046260118484497,0.43458640575408936,-0.0005282937781885266,0.489619642496109,0.4371485710144043,0.0007979150395840406,0.4826510548591614,0.41657376289367676,-0.003600968047976494,0.4272816479206085,0.38176530599594116,0.06078657507896423,0.5107430219650269,0.4012923240661621,-0.020376143977046013,0.4886196553707123,0.4305063486099243,0.003611420514062047,0.48750877380371094,0.4312763810157776,0.0034267394803464413,0.5018900632858276,0.4022970199584961,-0.014224570244550705,0.49068620800971985,0.3992474675178528,-0.008961519226431847,0.5007438063621521,0.4007776975631714,-0.01473176572471857,0.48011311888694763,0.3670479953289032,-0.00762438727542758,0.46951377391815186,0.37403231859207153,-0.005900149699300528,0.48704254627227783,0.3899139165878296,-0.013487515971064568,0.4422588646411896,0.2716507911682129,-0.007706016302108765,0.44949477910995483,0.28690409660339355,-0.014080099761486053,0.4583597481250763,0.30394744873046875,-0.018712859600782394,0.48761099576950073,0.44373542070388794,0.005671497900038958,0.48848938941955566,0.3063160479068756,-0.025059768930077553,0.48211047053337097,0.27972614765167236,-0.02539423294365406,0.4770665764808655,0.2559463381767273,-0.024307776242494583,0.45828691124916077,0.344465047121048,-0.0028797530103474855,0.44185957312583923,0.3553708791732788,0.0066740624606609344,0.4858049750328064,0.3397783041000366,-0.004481530748307705,0.44787952303886414,0.3309898376464844,-0.002253694925457239,0.4912986159324646,0.35566166043281555,-0.012625712901353836,0.49351945519447327,0.3897901177406311,-0.025325043126940727,0.4348428249359131,0.36276140809059143,0.014121771790087223,0.44715625047683716,0.361943781375885,0.002153645735234022,0.4562956392765045,0.36525216698646545,-0.0025706293527036905,0.46927180886268616,0.36288514733314514,-0.0045556193217635155,0.4785611927509308,0.3583248555660248,-0.005659379996359348,0.4852610230445862,0.35371366143226624,-0.007394540123641491,0.4997302293777466,0.34383606910705566,-0.020489320158958435,0.437398761510849,0.3820904493331909,0.015042881481349468,0.44216904044151306,0.3304463028907776,-0.0001681785361142829,0.5077961087226868,0.40015918016433716,-0.029248502105474472,0.48838818073272705,0.37111732363700867,-0.011359511874616146,0.4220805764198303,0.3403966724872589,0.04915880039334297,0.4903731346130371,0.34878796339035034,-0.00869346410036087,0.4859372675418854,0.3895839750766754,-0.006955053191632032,0.4521176517009735,0.3360333740711212,0.0007700002170167863,0.49251770973205566,0.38306766748428345,-0.02363213151693344,0.43211495876312256,0.40405744314193726,0.06142418459057808,0.4853246808052063,0.3364591896533966,-0.0035710150841623545,0.4980343282222748,0.3784298598766327,-0.029999421909451485,0.45986101031303406,0.4489688277244568,0.02972954697906971,0.46039798855781555,0.45768454670906067,0.042038146406412125,0.42985546588897705,0.3832421600818634,0.037842877209186554,0.44930192828178406,0.4376603960990906,0.03518624231219292,0.42848914861679077,0.32530051469802856,0.019566353410482407,0.4906409978866577,0.4756033420562744,0.015878425911068916,0.5080894231796265,0.4012450575828552,-0.020156526938080788,0.4826216995716095,0.3777673542499542,-0.00850674882531166,0.43467187881469727,0.3440972566604614,0.013714579865336418,0.4646052420139313,0.3397054076194763,-0.0051001147367060184,0.47020572423934937,0.3397683799266815,-0.006190398242324591,0.4853532016277313,0.4334258735179901,0.004744682461023331,0.4399661719799042,0.40027037262916565,0.020083116367459297,0.5024793148040771,0.4849846363067627,0.01945871114730835,0.4824450612068176,0.4757620692253113,0.028876880183815956,0.47273480892181396,0.46858593821525574,0.034620389342308044,0.5003608465194702,0.27784210443496704,-0.025336582213640213,0.5146622061729431,0.48458370566368103,0.019057655707001686,0.47555792331695557,0.33872199058532715,-0.006071985233575106,0.4806497097015381,0.33733150362968445,-0.0049586063250899315,0.48391440510749817,0.3368896245956421,-0.00368098053149879,0.4368117153644562,0.32826513051986694,0.005549328867346048,0.4787144660949707,0.33002346754074097,-0.007021865341812372,0.47279030084609985,0.32751157879829407,-0.008668201044201851,0.4671196937561035,0.3274226784706116,-0.00883819255977869,0.4615994989871979,0.32927486300468445,-0.007505373563617468,0.4582715928554535,0.3317658305168152,-0.005423154681921005,0.42226526141166687,0.31909942626953125,0.035519566386938095,0.4606645703315735,0.33866560459136963,-0.003469435963779688,0.5105668306350708,0.40875035524368286,-0.012708000838756561,0.4892178177833557,0.41206905245780945,-0.007564910687506199,0.49423980712890625,0.3959485590457916,-0.018191298469901085,0.5017194151878357,0.40977922081947327,-0.012780637480318546,0.5043431520462036,0.3282333016395569,-0.019620882347226143,0.4708082675933838,0.45964133739471436,0.026060905307531357,0.48057883977890015,0.4677344262599945,0.02150917612016201,0.502160370349884,0.48024970293045044,0.011317898519337177,0.44976040720939636,0.4446370303630829,0.0511779822409153,0.48318952322006226,0.3339238464832306,-0.0050791241228580475,0.4968070387840271,0.35944950580596924,-0.020686903968453407,0.5147262215614319,0.4795762300491333,0.011150103993713856,0.49218177795410156,0.48169445991516113,0.02283037081360817,0.4339810907840729,0.4032137989997864,0.040092989802360535,0.4976363182067871,0.43097540736198425,-0.002120543736964464,0.4967951774597168,0.43369483947753906,-0.0025494047440588474,0.49618393182754517,0.43710270524024963,-0.0032472042366862297,0.4958188235759735,0.44120365381240845,-0.001986738061532378,0.4950922727584839,0.4495542049407959,0.003422049107030034,0.487405002117157,0.42981868982315063,0.0021977550350129604,0.48629632592201233,0.42920970916748047,0.0019407464424148202,0.48537564277648926,0.4285631477832794,0.0015334880445152521,0.47755786776542664,0.42220696806907654,0.001428687828592956,0.44970932602882385,0.40525320172309875,0.0084820706397295,0.495584100484848,0.34913507103919983,-0.016140492632985115,0.49051377177238464,0.3302571475505829,-0.008212566375732422,0.48601868748664856,0.3309731185436249,-0.006257951725274324,0.48856237530708313,0.43045759201049805,0.003133267629891634,0.45105159282684326,0.42575326561927795,0.021402690559625626,0.4967793822288513,0.3307432532310486,-0.015944495797157288,0.4927617311477661,0.45821574330329895,0.007555062882602215,0.5081331729888916,0.362811416387558,-0.030673272907733917,0.5013297200202942,0.35488247871398926,-0.025425592437386513,0.5069825053215027,0.35244858264923096,-0.026522330939769745,0.49322962760925293,0.3741506040096283,-0.019034426659345627,0.5143321752548218,0.47171759605407715,0.006398974452167749,0.5134889483451843,0.46150046586990356,0.004893417935818434,0.5032444596290588,0.4623112976551056,0.0052903806790709496,0.47639161348342896,0.4421081244945526,0.0114163001999259,0.48074057698249817,0.39693179726600647,-0.004900147672742605,0.48413386940956116,0.45132139325141907,0.009982517920434475,0.4647235572338104,0.3972812592983246,-0.0037162601947784424,0.4750210642814636,0.40628495812416077,-0.002766134450212121,0.45987531542778015,0.4114606976509094,0.003116522217169404,0.502375602722168,0.47249773144721985,0.006841383408755064,0.489266574382782,0.37868329882621765,-0.014009373262524605,0.47195106744766235,0.449846476316452,0.017762916162610054,0.48157545924186707,0.45905691385269165,0.01555788703262806,0.46973979473114014,0.4317100942134857,0.009698536247015,0.44325947761535645,0.4152158200740814,0.024915797635912895,0.46145009994506836,0.434540718793869,0.01530744694173336,0.43987420201301575,0.4213417172431946,0.040573008358478546,0.47024795413017273,0.41692984104156494,0.0015460174763575196,0.49268102645874023,0.3651329576969147,-0.01567448303103447,0.4958248734474182,0.39408859610557556,-0.026300670579075813,0.4914454221725464,0.39520159363746643,-0.01900930516421795,0.4988230764865875,0.3885747194290161,-0.031047087162733078,0.485070139169693,0.32317790389060974,-0.011633876711130142,0.4738658666610718,0.31811103224754333,-0.014045043848454952,0.46400752663612366,0.31749629974365234,-0.01424935832619667,0.4559762477874756,0.319845587015152,-0.011939537711441517,0.4504905045032501,0.3242645561695099,-0.008086924441158772,0.4472355544567108,0.33916887640953064,0.0032798333559185266,0.4270631670951843,0.363556444644928,0.033534251153469086,0.4532988667488098,0.3518580198287964,0.0003046536585316062,0.46053260564804077,0.3543773293495178,-0.0026695099659264088,0.4696272313594818,0.3535611927509308,-0.0045149242505431175,0.47785240411758423,0.3506997525691986,-0.005308153107762337,0.48411086201667786,0.34743091464042664,-0.005349230021238327,0.4884374737739563,0.3444652855396271,-0.005806510802358389,0.42425036430358887,0.36077016592025757,0.05695163458585739,0.49130818247795105,0.3967282474040985,-0.015543914400041103,0.49785223603248596,0.3687027394771576,-0.024461716413497925,0.5009142160415649,0.39520928263664246,-0.030565647408366203,0.5039687156677246,0.39873993396759033,-0.0270016361027956,0.5005072355270386,0.396170973777771,-0.02735029347240925,0.4928613007068634,0.3987009823322296,-0.01271440926939249,0.5055667161941528,0.3996921479701996,-0.02847643941640854,0.5058548450469971,0.4008111357688904,-0.020510034635663033,0.4878363609313965,0.3370201289653778,-0.004072561394423246,0.49168866872787476,0.3394401967525482,-0.0071843997575342655,0.4941105246543884,0.34161221981048584,-0.011071925051510334,0.4563808739185333,0.3336304724216461,-0.0032000343780964613,0.45178714394569397,0.33072298765182495,-0.0034156162291765213,0.5133132338523865,0.3631853759288788,-0.027755003422498703,0.5439811944961548,0.3248479962348938,0.006703763734549284,0.516427218914032,0.39769408106803894,-0.019946405664086342,0.5642014741897583,0.2835482358932495,0.033941272646188736,0.5287656188011169,0.3371027410030365,-0.0006514200940728188,0.5349087715148926,0.3364320695400238,0.0004862443602178246,0.5406434535980225,0.334872841835022,0.0027380301617085934,0.5467879176139832,0.32791727781295776,0.008486976847052574,0.5234105587005615,0.3361060321331024,-0.000769765698350966,0.5359598398208618,0.31113335490226746,-0.00453491136431694,0.5290120244026184,0.3131794035434723,-0.005444230977445841,0.5421766638755798,0.3115505278110504,-0.0015786727890372276,0.5460086464881897,0.3140609562397003,0.0016250006156042218,0.5531631112098694,0.3335036039352417,0.012846688739955425,0.5349241495132446,0.46020030975341797,0.01503392681479454,0.545646071434021,0.32203394174575806,0.008809482678771019,0.5700657963752747,0.3241683542728424,0.04221796616911888,0.5590502619743347,0.32645195722579956,0.01896788366138935,0.539014995098114,0.37686431407928467,-0.0011878605000674725,0.5177404284477234,0.42046108841896057,-0.010716215707361698,0.517147958278656,0.4272755980491638,-0.006729619577527046,0.5242435932159424,0.4210851490497589,-0.005823833402246237,0.528438150882721,0.4217846989631653,9.15934651857242e-05,0.5225045084953308,0.42592328786849976,-0.0034362729638814926,0.5265159010887146,0.4248928427696228,0.0017865535337477922,0.53882896900177,0.4286220073699951,0.013027507811784744,0.5161572694778442,0.39490267634391785,-0.032142769545316696,0.5164146423339844,0.3858315050601959,-0.03502652421593666,0.5544712543487549,0.307189404964447,0.0028332157526165247,0.5242130756378174,0.35641229152679443,-0.006155290640890598,0.5286611914634705,0.3865637183189392,-0.015342890284955502,0.5283269882202148,0.38103243708610535,-0.013910509645938873,0.5572212934494019,0.3711666464805603,0.00871442724019289,0.5148611068725586,0.3737298846244812,-0.03253523260354996,0.540810227394104,0.30140596628189087,-0.010976816527545452,0.5488587617874146,0.3025161921977997,-0.004712552763521671,0.5586074590682983,0.26893889904022217,0.018460864201188087,0.5154728293418884,0.31451380252838135,-0.018289919942617416,0.5230928063392639,0.31789320707321167,-0.0038237713743001223,0.5433141589164734,0.41930246353149414,0.013844440691173077,0.5671122670173645,0.40830865502357483,0.072060726583004,0.5244694352149963,0.39262428879737854,-0.012813208624720573,0.5198836922645569,0.39630773663520813,-0.013426542282104492,0.5338690876960754,0.4226529598236084,0.012884927913546562,0.5324922800064087,0.42320767045021057,0.0108004380017519,0.5514506697654724,0.2962963581085205,-0.0022662084084004164,0.5288269519805908,0.3893999755382538,-0.011332093738019466,0.5297906398773193,0.304688423871994,-0.0157557912170887,0.5304463505744934,0.2973673939704895,-0.018158983439207077,0.5346990823745728,0.2524661421775818,-0.011663001030683517,0.55625981092453,0.28088831901550293,0.006136563140898943,0.5328634977340698,0.2730993628501892,-0.01583733968436718,0.5573236346244812,0.3024022877216339,0.007927493192255497,0.56226646900177,0.2922230064868927,0.019548214972019196,0.5176203846931458,0.42425236105918884,-0.0093601169064641,0.5234354138374329,0.42364501953125,-0.004791234619915485,0.5275613069534302,0.4233233332633972,0.00045058998512104154,0.5231427550315857,0.3941785395145416,-0.01150042749941349,0.5331645011901855,0.4229394197463989,0.01173524372279644,0.5307753086090088,0.42587777972221375,0.007928616367280483,0.5317721366882324,0.4235214293003082,0.010539506562054157,0.5220057368278503,0.3919867277145386,-0.022262824699282646,0.5255998373031616,0.42611321806907654,0.0031048147939145565,0.5215908288955688,0.4275476932525635,-0.0004066656983923167,0.5165471434593201,0.4291714131832123,-0.0033478972036391497,0.520904004573822,0.4504733085632324,0.004185880534350872,0.5184926390647888,0.44126585125923157,-0.002440844429656863,0.5180438756942749,0.4367556571960449,-0.0036462009884417057,0.5173467397689819,0.43261706829071045,-0.002681798068806529,0.5164533257484436,0.42926156520843506,-0.002538125030696392,0.5254834890365601,0.42609137296676636,0.0037669814191758633,0.5267815589904785,0.42732375860214233,0.003306229831650853,0.5280202031135559,0.4290962815284729,0.0028849709779024124,0.5290020704269409,0.431321382522583,0.0044450825080275536,0.5363476872444153,0.4091292917728424,0.0011671510292217135,0.5701888203620911,0.36187943816185,0.0752735510468483,0.528415322303772,0.42491549253463745,0.007742191664874554,0.5296315550804138,0.42530882358551025,0.007544522639364004,0.518160343170166,0.4000857174396515,-0.012906377203762531,0.5270358920097351,0.39426982402801514,-0.00621095160022378,0.5189862251281738,0.3982775807380676,-0.01343322079628706,0.5309211015701294,0.3600763976573944,-0.00251664686948061,0.5418851375579834,0.3640473783016205,0.0009471587836742401,0.5293822884559631,0.38406622409820557,-0.009708015248179436,0.5494368672370911,0.258200079202652,0.002605101326480508,0.5469603538513184,0.2739924192428589,-0.005407721735537052,0.5422661900520325,0.29392528533935547,-0.010892590507864952,0.5343940854072571,0.4366922378540039,0.009929345920681953,0.5166659355163574,0.3026191294193268,-0.02238289639353752,0.5179117321968079,0.27505365014076233,-0.022262167185544968,0.5182125568389893,0.25095638632774353,-0.020656825974583626,0.5448228716850281,0.3320181965827942,0.005858933087438345,0.5606734752655029,0.33892494440078735,0.017764830961823463,0.5198668241500854,0.33474817872047424,-0.0005020517855882645,0.5520446300506592,0.316985547542572,0.007882711477577686,0.5197386741638184,0.3517252504825592,-0.00954853743314743,0.525391697883606,0.385357528924942,-0.02242615446448326,0.5680750608444214,0.3442733585834503,0.02662084624171257,0.5576529502868652,0.34645015001296997,0.012612046673893929,0.5508204102516174,0.3518279790878296,0.006361675448715687,0.5391954779624939,0.3527272045612335,0.0023008319549262524,0.5302553176879883,0.3504779040813446,-0.00040884994086809456,0.5236882567405701,0.3476594090461731,-0.0034160534851253033,0.511535108089447,0.3422057330608368,-0.019197998568415642,0.5691696405410767,0.36365923285484314,0.027503442019224167,0.5569319725036621,0.3155097961425781,0.010943736881017685,0.5141833424568176,0.3991565704345703,-0.028612559661269188,0.5247211456298828,0.3661089241504669,-0.0076672229915857315,0.5693660378456116,0.3205104172229767,0.06418599933385849,0.5187005996704102,0.3440469205379486,-0.005599937401711941,0.529539167881012,0.3835776448249817,-0.003195633180439472,0.5483547449111938,0.32231971621513367,0.010385006666183472,0.5247538089752197,0.3785765767097473,-0.02066156454384327,0.569622278213501,0.3844572901725769,0.0754193663597107,0.5192037224769592,0.33148953318595886,0.0005706593510694802,0.519940197467804,0.375301331281662,-0.027872441336512566,0.5580976605415344,0.4342088997364044,0.0389714352786541,0.5567945241928101,0.44291889667510986,0.05207252874970436,0.5726020932197571,0.3631208837032318,0.05133649334311485,0.5648933053016663,0.4208241403102875,0.046078622341156006,0.5661675930023193,0.30668938159942627,0.032496675848960876,0.5360418558120728,0.4679754078388214,0.020260659977793694,0.5132366418838501,0.400472491979599,-0.019753754138946533,0.530593991279602,0.37115728855133057,-0.003989207558333874,0.5640637874603271,0.32726189494132996,0.025992823764681816,0.5391412973403931,0.32928046584129333,0.002589578740298748,0.5343096256256104,0.33118754625320435,0.0005931539344601333,0.5317999720573425,0.4267316460609436,0.009337727911770344,0.5692424178123474,0.3820585012435913,0.03214184567332268,0.5261226296424866,0.4808650016784668,0.022045953199267387,0.5416964888572693,0.46571558713912964,0.03532375767827034,0.5486043691635132,0.45627492666244507,0.04276106134057045,0.5291216969490051,0.3317699432373047,-0.00028007078799419105,0.5240457653999329,0.33161941170692444,6.666570698143914e-06,0.5207940340042114,0.33180779218673706,0.000782920396886766,0.5605945587158203,0.31270700693130493,0.017475062981247902,0.5241534113883972,0.32340049743652344,-0.0018879648996517062,0.5292396545410156,0.3195708990097046,-0.002685322193428874,0.5346400141716003,0.31806740164756775,-0.0018896195106208324,0.5397055149078369,0.3184207081794739,0.0003830815840046853,0.5427129864692688,0.31983819603919983,0.003001118078827858,0.5675457715988159,0.2997658848762512,0.05031987279653549,0.5420775413513184,0.32701927423477173,0.004866002127528191,0.5302412509918213,0.40645477175712585,-0.003889318322762847,0.5245471596717834,0.39177170395851135,-0.015668615698814392,0.5192426443099976,0.4074312746524811,-0.011227153241634369,0.5502587556838989,0.44718945026397705,0.03354128450155258,0.5432839393615723,0.45754578709602356,0.027390504255890846,0.5266339182853699,0.47608819603919983,0.013704822398722172,0.5626901984214783,0.42796218395233154,0.06301417201757431,0.5207329988479614,0.3283328115940094,-0.0004984060651622713,0.5167869925498962,0.3566592037677765,-0.018617810681462288,0.5346183776855469,0.4742819666862488,0.027574606239795685,0.5718169212341309,0.3836316168308258,0.05309517681598663,0.5214870572090149,0.4275771379470825,0.0003726921568159014,0.5227920413017273,0.4299401342868805,6.079838385630865e-06,0.5238102078437805,0.43303197622299194,-0.0005872068577446043,0.5245987176895142,0.43690240383148193,0.0007721720030531287,0.5286335945129395,0.44435054063796997,0.006509615574032068,0.5295894742012024,0.42397502064704895,0.00653441296890378,0.530620276927948,0.4230578541755676,0.006674052681773901,0.5314690470695496,0.4221843183040619,0.006601775996387005,0.5411399602890015,0.4133158028125763,0.007399437017738819,0.5630135536193848,0.38923585414886475,0.01873638480901718,0.5154781341552734,0.34641754627227783,-0.01396867074072361,0.5153297781944275,0.326355516910553,-0.0055105979554355145,0.5184162855148315,0.32607439160346985,-0.0023943886626511812,0.5284639596939087,0.42494210600852966,0.007322933524847031,0.5634807348251343,0.4095759093761444,0.03170698881149292,0.511452317237854,0.3281317949295044,-0.014312599785625935,0.5320065021514893,0.45195984840393066,0.011002125218510628,0.5125541687011719,0.3532773554325104,-0.02433628775179386,0.522025465965271,0.3701857030391693,-0.016307944431900978,0.5232630968093872,0.45908433198928833,0.006939474958926439,0.5439971089363098,0.4320211410522461,0.01752409152686596,0.5351162552833557,0.3893148899078369,-0.00019948664703406394,0.5384504795074463,0.44289538264274597,0.01474639493972063,0.5499600172042847,0.38528844714164734,0.00371823413297534,0.5417512655258179,0.39687979221343994,0.0030949795618653297,0.5556237101554871,0.39780232310295105,0.011553166434168816,0.5256903171539307,0.4686569571495056,0.009036405012011528,0.5254486203193665,0.37369590997695923,-0.01062349695712328,0.5487676858901978,0.43801769614219666,0.02481812611222267,0.5417921543121338,0.4494946002960205,0.020953664556145668,0.5489087700843811,0.420303076505661,0.017160361632704735,0.5681238174438477,0.3974575102329254,0.036456793546676636,0.5562414526939392,0.420636922121048,0.02395261824131012,0.5696648955345154,0.4027750492095947,0.052958954125642776,0.5471528768539429,0.4060380458831787,0.00846524816006422,0.5205776691436768,0.36129000782966614,-0.012722819112241268,0.5238733291625977,0.3901563882827759,-0.02364971861243248,0.5271217226982117,0.3902686834335327,-0.015999741852283478,0.5212205648422241,0.3853597342967987,-0.02896486595273018,0.5194743871688843,0.3177778422832489,-0.007915180176496506,0.5291893482208252,0.31044963002204895,-0.008610458113253117,0.5379375219345093,0.30786582827568054,-0.007123047485947609,0.5450271368026733,0.30832725763320923,-0.003353795036673546,0.5496565699577332,0.31123778223991394,0.0014960706466808915,0.5531154274940491,0.3246137201786041,0.013540969230234623,0.5720833539962769,0.34342435002326965,0.047359973192214966,0.5504521131515503,0.3381615877151489,0.00973705668002367,0.5451050400733948,0.3423055410385132,0.005559664219617844,0.5371152758598328,0.34385889768600464,0.0022836814168840647,0.5291985273361206,0.34326499700546265,7.367582293227315e-05,0.5230798721313477,0.34162160754203796,-0.001277836854569614,0.5188979506492615,0.3397267758846283,-0.00247689476236701,0.569733738899231,0.34087881445884705,0.07186570018529892,0.5268625020980835,0.39177992939949036,-0.012597925961017609,0.5179135799407959,0.36587390303611755,-0.022352099418640137,0.5200691819190979,0.3923659026622772,-0.028885360807180405,0.5169886946678162,0.39671850204467773,-0.02600564993917942,0.519939661026001,0.39333462715148926,-0.025626877322793007,0.5253902077674866,0.3941745162010193,-0.01023319736123085,0.516008198261261,0.39806437492370605,-0.027659865096211433,0.5150921940803528,0.39937663078308105,-0.01984209194779396,0.5175250172615051,0.3324635922908783,-0.0006269451114349067,0.5153959393501282,0.33561310172080994,-0.0045486451126635075,0.5145849585533142,0.33801156282424927,-0.008884190581738949,0.5443883538246155,0.3210331201553345,0.005582679063081741,0.5483970046043396,0.31732600927352905,0.005935039836913347,0.46812155842781067,0.3342592120170593,-0.00507096853107214,0.47504544258117676,0.3335166573524475,-0.00507096853107214,0.4676385819911957,0.32561036944389343,-0.00507096853107214,0.4611216187477112,0.3349553942680359,-0.00507096853107214,0.46854478120803833,0.3428809940814972,-0.00507096853107214,0.5325443148612976,0.32451215386390686,0.0016654826467856765,0.5389214158058167,0.3233187198638916,0.0016654826467856765,0.5317156314849854,0.31635168194770813,0.0016654826467856765,0.5261877179145813,0.32560741901397705,0.0016654826467856765,0.5334312915802002,0.33274099230766296,0.0016654826467856765
2333.3333333333326,0.5081275701522827,0.4253835082054138,-0.011546545661985874,0.5064147710800171,0.39821577072143555,-0.032774485647678375,0.5059866309165955,0.4044448733329773,-0.014956135302782059,0.4979938268661499,0.3671075999736786,-0.028856104239821434,0.505757212638855,0.38916391134262085,-0.03603210672736168,0.5044418573379517,0.37622126936912537,-0.03507103770971298,0.5008413791656494,0.3435076177120209,-0.02293318882584572,0.453906774520874,0.3400256931781769,-0.0010832131374627352,0.49853819608688354,0.3195851147174835,-0.021980220451951027,0.4975387156009674,0.30701369047164917,-0.025352805852890015,0.49285903573036194,0.2558065950870514,-0.025884384289383888,0.5082048773765564,0.4283241927623749,-0.010181784629821777,0.5081169605255127,0.43116235733032227,-0.007795989513397217,0.5079591274261475,0.43303924798965454,-0.004208483267575502,0.5078392624855042,0.43324849009513855,-0.0034586996771395206,0.5082151293754578,0.43709123134613037,-0.0034889671951532364,0.5084774494171143,0.44156429171562195,-0.004296077415347099,0.5085848569869995,0.44615843892097473,-0.0028058511670678854,0.509189784526825,0.45417553186416626,0.0040402538143098354,0.5064595937728882,0.40209826827049255,-0.028979776427149773,0.4998086392879486,0.4016883075237274,-0.020451275631785393,0.4220537543296814,0.3048858642578125,0.02077587880194187,0.4726080894470215,0.34671109914779663,-0.005784195847809315,0.466326504945755,0.34808582067489624,-0.005598628427833319,0.46001359820365906,0.34851616621017456,-0.004226537887006998,0.4511573910713196,0.3438131511211395,0.00029038841603323817,0.47789692878723145,0.34440433979034424,-0.004921105690300465,0.4615151286125183,0.3231383264064789,-0.011066542938351631,0.4689851403236389,0.3234589993953705,-0.01075461134314537,0.4549044370651245,0.3253611922264099,-0.009021464735269547,0.45075708627700806,0.3291379511356354,-0.006339695304632187,0.44552648067474365,0.35069337487220764,0.004046447575092316,0.48778361082077026,0.4692138433456421,0.012807915918529034,0.451132208108902,0.3378068506717682,0.0006191800930537283,0.4231345057487488,0.34648776054382324,0.030314991250634193,0.4371364414691925,0.3450361490249634,0.009029624052345753,0.4710438847541809,0.38828516006469727,-0.005927535239607096,0.5000606775283813,0.4246009886264801,-0.011458270251750946,0.5006422996520996,0.4314441978931427,-0.007296778727322817,0.4921862483024597,0.42713573575019836,-0.007856586016714573,0.48655417561531067,0.429092139005661,-0.0028655000496655703,0.49400192499160767,0.43164777755737305,-0.005051843356341124,0.48864418268203735,0.43179911375045776,-0.0006077778525650501,0.4781022071838379,0.4391634464263916,0.009333585388958454,0.501167893409729,0.3985711336135864,-0.03253510966897011,0.49975886940956116,0.3898770213127136,-0.03560963273048401,0.4409182369709015,0.3241848051548004,-0.006758708972483873,0.4825628101825714,0.3639552891254425,-0.009549813345074654,0.48500174283981323,0.39450064301490784,-0.018111025914549828,0.4840332269668579,0.3890925347805023,-0.01680784858763218,0.45041969418525696,0.38826286792755127,0.0007892108405940235,0.49877816438674927,0.377776175737381,-0.03346547111868858,0.45692721009254456,0.3143553137779236,-0.01799132116138935,0.4475186765193939,0.31781622767448425,-0.01321912556886673,0.4278526306152344,0.2885914742946625,0.0063471379689872265,0.4862629175186157,0.32111042737960815,-0.02107156626880169,0.47556072473526,0.32667145133018494,-0.008207895793020725,0.47224360704421997,0.4312779903411865,0.009051213040947914,0.43805286288261414,0.428175151348114,0.06150193139910698,0.4899313449859619,0.3991846740245819,-0.014767924323678017,0.49528342485427856,0.40144431591033936,-0.014252685941755772,0.47874271869659424,0.4316011667251587,0.00880442000925541,0.48026666045188904,0.43183499574661255,0.007258208002895117,0.44347435235977173,0.3121754825115204,-0.011347808875143528,0.4845869541168213,0.39741939306259155,-0.014005923643708229,0.46975454688072205,0.3149746060371399,-0.020758042111992836,0.4682468771934509,0.3077836334705353,-0.023378483951091766,0.4543229341506958,0.2652128338813782,-0.019261466339230537,0.43467557430267334,0.2998252511024475,-0.003951302729547024,0.4607961177825928,0.2851971685886383,-0.02198364958167076,0.436398446559906,0.3199264109134674,-0.0023415738251060247,0.4282708168029785,0.31277650594711304,0.008405745029449463,0.5002788305282593,0.42837846279144287,-0.010047581046819687,0.4930884838104248,0.42950090765953064,-0.0066077811643481255,0.48757222294807434,0.4304449260234833,-0.0021702460944652557,0.4913504719734192,0.4003753066062927,-0.013043710961937904,0.47952717542648315,0.43171724677085876,0.007994040846824646,0.48309552669525146,0.4342305064201355,0.004942295607179403,0.48104918003082275,0.4319846034049988,0.007102843839675188,0.49341312050819397,0.39759761095046997,-0.02407298982143402,0.489469438791275,0.43287113308906555,0.0008995350217446685,0.49480730295181274,0.4331447184085846,-0.0018844512524083257,0.5010344982147217,0.4333031475543976,-0.0038957807701081038,0.5006987452507019,0.45483508706092834,0.0040017287246882915,0.5004797577857971,0.446391224861145,-0.002827470423653722,0.5005465149879456,0.4417005181312561,-0.004172647837549448,0.5007308721542358,0.43722522258758545,-0.003268398577347398,0.5009812116622925,0.4335824251174927,-0.0031328925397247076,0.48938459157943726,0.43298524618148804,0.0015414233785122633,0.48843130469322205,0.43462038040161133,0.0011429714504629374,0.4873810410499573,0.4368920922279358,0.0006774546345695853,0.48652833700180054,0.43949955701828003,0.002075714059174061,0.4790554940700531,0.41901895403862,-0.0024200165644288063,0.42528337240219116,0.383773535490036,0.06294005364179611,0.5062623620033264,0.4033307135105133,-0.020039910450577736,0.4853575825691223,0.4325261414051056,0.004814521875232458,0.4842517375946045,0.43327778577804565,0.004662724677473307,0.49768298864364624,0.4045611023902893,-0.013664472848176956,0.4867091476917267,0.40172019600868225,-0.008240390568971634,0.49654653668403625,0.4030461609363556,-0.01420645508915186,0.47601082921028137,0.3695015013217926,-0.0069022043608129025,0.46556851267814636,0.37661632895469666,-0.004828155040740967,0.482936829328537,0.39240795373916626,-0.012685484252870083,0.4380262494087219,0.27511581778526306,-0.0076202512718737125,0.44492435455322266,0.2901630699634552,-0.013775483705103397,0.4543168246746063,0.30738556385040283,-0.01830434240400791,0.4843907356262207,0.44577279686927795,0.007151734083890915,0.4836771786212921,0.3094213306903839,-0.025435656309127808,0.4769918620586395,0.28291603922843933,-0.026027552783489227,0.4720078706741333,0.2592436373233795,-0.0252779982984066,0.4544900357723236,0.3471177816390991,-0.0018709367141127586,0.4383890628814697,0.35798922181129456,0.008110396564006805,0.48127636313438416,0.3422190845012665,-0.004269029013812542,0.44424059987068176,0.3337970972061157,-0.0012140765320509672,0.4868449866771698,0.3580673038959503,-0.012350531294941902,0.4890540838241577,0.39218175411224365,-0.024663399904966354,0.43153178691864014,0.36541295051574707,0.015845226123929024,0.4437500536441803,0.3645634651184082,0.0035926434211432934,0.45280152559280396,0.3678598701953888,-0.0013061605859547853,0.4654569923877716,0.365313321352005,-0.0036147525534033775,0.4744272530078888,0.3606584966182709,-0.005017700605094433,0.48090413212776184,0.3560441732406616,-0.007019484415650368,0.49491962790489197,0.3463301658630371,-0.020619068294763565,0.4342281222343445,0.38465026021003723,0.017005443572998047,0.4385658800601959,0.33335161209106445,0.0009779337560757995,0.5032276511192322,0.40222951769828796,-0.028840266168117523,0.48411399126052856,0.3735346496105194,-0.010808638297021389,0.41965657472610474,0.3429712653160095,0.050739970058202744,0.4858458340167999,0.3511561453342438,-0.008519687689840794,0.4819503128528595,0.392069935798645,-0.006174804642796516,0.44838374853134155,0.3387093245983124,0.0017959974939003587,0.4880436360836029,0.38552039861679077,-0.023026641458272934,0.43028929829597473,0.40577661991119385,0.06382809579372406,0.4807669222354889,0.3389603793621063,-0.003385021584108472,0.49330270290374756,0.38087207078933716,-0.029559249058365822,0.4572772681713104,0.45058727264404297,0.032058194279670715,0.4582795202732086,0.45887309312820435,0.044611502438783646,0.4272293150424957,0.3854808807373047,0.039934899657964706,0.44688546657562256,0.43934717774391174,0.037623390555381775,0.42517802119255066,0.3281528651714325,0.02084590680897236,0.4875454008579254,0.47733601927757263,0.017874067649245262,0.503656804561615,0.4033202826976776,-0.019758693873882294,0.47855332493782043,0.38024088740348816,-0.0077475449070334435,0.4310667812824249,0.34676119685173035,0.015157063491642475,0.4606178402900696,0.34244242310523987,-0.004278854001313448,0.4660772681236267,0.34249284863471985,-0.005503620952367783,0.4820694327354431,0.4354076385498047,0.006114468909800053,0.4370589852333069,0.402603417634964,0.022228766232728958,0.4994286894798279,0.48683297634124756,0.02143150009214878,0.4797920882701874,0.4771045446395874,0.031198332086205482,0.47033852338790894,0.46977856755256653,0.03705531731247902,0.49514782428741455,0.28075486421585083,-0.026489567011594772,0.5115960240364075,0.4864988327026367,0.02064194343984127,0.4712681472301483,0.3414272964000702,-0.005558513104915619,0.4761882424354553,0.3399706780910492,-0.004601798485964537,0.47937077283859253,0.3394402265548706,-0.003429710865020752,0.43322500586509705,0.33128201961517334,0.0067770276218652725,0.47438791394233704,0.33256956934928894,-0.006704763509333134,0.46864834427833557,0.33011096715927124,-0.008219298906624317,0.4631105065345764,0.3300705850124359,-0.008226982317864895,0.45771169662475586,0.3319486975669861,-0.006734151858836412,0.4544428586959839,0.33444541692733765,-0.0045668138191103935,0.41951918601989746,0.32200324535369873,0.03677085041999817,0.4567592740058899,0.3414025604724884,-0.0025659198872745037,0.5063573718070984,0.4108874797821045,-0.012331935577094555,0.48541024327278137,0.4145095944404602,-0.006595100276172161,0.49004432559013367,0.3982711136341095,-0.017560020089149475,0.4976150393486023,0.4120681583881378,-0.012140119448304176,0.4994582533836365,0.3308006823062897,-0.020142000168561935,0.46806952357292175,0.4611891508102417,0.02827570214867592,0.47767287492752075,0.4693082273006439,0.023619361221790314,0.49891790747642517,0.48214420676231384,0.013093509711325169,0.447858601808548,0.4459226131439209,0.05383280664682388,0.4787035286426544,0.3364468812942505,-0.004842642694711685,0.49212750792503357,0.3618977665901184,-0.02051536925137043,0.5115100741386414,0.48157984018325806,0.01254555769264698,0.48928382992744446,0.48329660296440125,0.02502921223640442,0.43155616521835327,0.40521347522735596,0.04237580671906471,0.49475616216659546,0.4333711862564087,-0.0011622863821685314,0.4939548969268799,0.4361688494682312,-0.001525459811091423,0.49334457516670227,0.439701646566391,-0.0021301000379025936,0.4929620027542114,0.44390493631362915,-0.0007966714911162853,0.4917904734611511,0.4514563977718353,0.004782319534569979,0.48418909311294556,0.4317884147167206,0.0034395651891827583,0.4830767512321472,0.43111276626586914,0.003240698017179966,0.48214930295944214,0.4304061830043793,0.0028675186913460493,0.4741972088813782,0.424661248922348,0.002860753331333399,0.4465234875679016,0.4076741635799408,0.010428532026708126,0.49094507098197937,0.3515869081020355,-0.016069665551185608,0.4858134686946869,0.33289265632629395,-0.008321398869156837,0.481454074382782,0.33352071046829224,-0.006178679876029491,0.48534825444221497,0.432502806186676,0.004364908207207918,0.44828423857688904,0.42779532074928284,0.023598212748765945,0.49191606044769287,0.3334100544452667,-0.016189729794859886,0.48948413133621216,0.4600793123245239,0.00913122110068798,0.503229022026062,0.36521515250205994,-0.030753735452890396,0.4964827299118042,0.3573489189147949,-0.025460800155997276,0.5020925402641296,0.35487428307533264,-0.026748355478048325,0.48876211047172546,0.376577764749527,-0.018590323626995087,0.5109872221946716,0.4737167954444885,0.007659192197024822,0.5100544095039368,0.46341124176979065,0.00599273107945919,0.49984508752822876,0.4641816318035126,0.0066679553128778934,0.4732387959957123,0.4441738426685333,0.013178427703678608,0.4768922030925751,0.39942657947540283,-0.0039133732207119465,0.4809543490409851,0.4532491862773895,0.011670387350022793,0.46102291345596313,0.39981842041015625,-0.0022822238970547915,0.47132793068885803,0.40874889492988586,-0.0015120243187993765,0.4565085470676422,0.4138696789741516,0.004862787202000618,0.4990096092224121,0.4744056463241577,0.00846304651349783,0.48501721024513245,0.3811228275299072,-0.013403738848865032,0.4689711034297943,0.451698362827301,0.019779419526457787,0.4784877300262451,0.46084916591644287,0.017473775893449783,0.46655985713005066,0.43395477533340454,0.01154803391546011,0.4405677020549774,0.41733211278915405,0.027167506515979767,0.4584892988204956,0.4365861713886261,0.017352739349007607,0.4375400245189667,0.42315447330474854,0.04302500560879707,0.4668320119380951,0.41937729716300964,0.0030907252803444862,0.48820310831069946,0.3675520718097687,-0.01530384086072445,0.4914201498031616,0.3963671624660492,-0.025654522702097893,0.4872386157512665,0.39759591221809387,-0.01827787607908249,0.4941360056400299,0.39091813564300537,-0.030520062893629074,0.48046398162841797,0.32577842473983765,-0.011665771715342999,0.4695279002189636,0.32081544399261475,-0.013820854015648365,0.4599454402923584,0.3203410804271698,-0.013726110570132732,0.4521555006504059,0.3227563798427582,-0.011178219690918922,0.44684648513793945,0.3271496593952179,-0.00717954384163022,0.44356274604797363,0.3419041931629181,0.004411821719259024,0.42425337433815,0.36600688099861145,0.03541819751262665,0.4496585428714752,0.35451361536979675,0.0014906518626958132,0.45675569772720337,0.35699227452278137,-0.0016420253086835146,0.4656144678592682,0.3560601472854614,-0.0037003543693572283,0.4736124873161316,0.3531216084957123,-0.004742160439491272,0.4796789288520813,0.34983396530151367,-0.005041331518441439,0.48388487100601196,0.3468872308731079,-0.0056403824128210545,0.422052264213562,0.36304301023483276,0.05882016196846962,0.4871969521045685,0.39914825558662415,-0.014815053902566433,0.4931405186653137,0.37114569544792175,-0.024153966456651688,0.49633559584617615,0.3973959982395172,-0.03004896454513073,0.4995446503162384,0.4008210599422455,-0.02655097283422947,0.4960784912109375,0.39830949902534485,-0.026823151856660843,0.4888079762458801,0.4011240005493164,-0.012041945941746235,0.5010645389556885,0.4017793834209442,-0.028042711317539215,0.501477062702179,0.4029066264629364,-0.02007659338414669,0.48325082659721375,0.339472234249115,-0.003987977281212807,0.4870303273200989,0.34193336963653564,-0.0071878801099956036,0.4894191026687622,0.3440917730331421,-0.011098562739789486,0.4525756537914276,0.33630719780921936,-0.0022877976298332214,0.4481240510940552,0.3334508240222931,-0.0024470232892781496,0.5084559917449951,0.36549827456474304,-0.028037233278155327,0.5414239764213562,0.32704633474349976,0.004641375504434109,0.5119195580482483,0.3996623158454895,-0.019795771688222885,0.5606250166893005,0.284634530544281,0.03036336414515972,0.5253774523735046,0.33894020318984985,-0.0020639949943870306,0.5316447019577026,0.33835193514823914,-0.0011178371496498585,0.5375413298606873,0.33687201142311096,0.0009399587870575488,0.5441579222679138,0.3299248516559601,0.006369196809828281,0.5199441313743591,0.33804604411125183,-0.0020015952177345753,0.5329420566558838,0.31338369846343994,-0.006394033320248127,0.5257267951965332,0.315444678068161,-0.007069446612149477,0.5393836498260498,0.31379541754722595,-0.003626593854278326,0.5434001684188843,0.3162500262260437,-0.0005378852947615087,0.5502333045005798,0.33502963185310364,0.010640633292496204,0.5317397713661194,0.4618007242679596,0.015462343581020832,0.5432694554328918,0.32420822978019714,0.006626942660659552,0.5669576525688171,0.32506051659584045,0.03920565918087959,0.5561997890472412,0.3275233507156372,0.01643519103527069,0.5348609685897827,0.37852588295936584,-0.0021054886747151613,0.5154348015785217,0.4225270748138428,-0.010496038943529129,0.514773428440094,0.4294552803039551,-0.006402457598596811,0.5218062400817871,0.42297685146331787,-0.0058531379327178,0.5258790254592896,0.4234762191772461,-0.0001338198926532641,0.5200280547142029,0.4279705882072449,-0.003345760516822338,0.5239161252975464,0.4267776608467102,0.001712349709123373,0.5354076027870178,0.43005678057670593,0.01277795247733593,0.5113862752914429,0.39693671464920044,-0.03200709819793701,0.5115360021591187,0.38801196217536926,-0.03499671816825867,0.5515584945678711,0.309113085269928,0.00019738920673262328,0.5198802351951599,0.3582792580127716,-0.007001936435699463,0.5242416858673096,0.38847827911376953,-0.015731019899249077,0.5239437818527222,0.3829655349254608,-0.014369374141097069,0.5533027052879333,0.372528076171875,0.00705254590138793,0.5099829435348511,0.3760010302066803,-0.03267747163772583,0.5373873710632324,0.30395472049713135,-0.013091816566884518,0.5457680821418762,0.30483126640319824,-0.007156188599765301,0.5545667409896851,0.2703591287136078,0.014945928007364273,0.5110912919044495,0.3172042965888977,-0.019443070515990257,0.5196434855461121,0.32014960050582886,-0.005241143982857466,0.5397909283638,0.4207214117050171,0.013301136903464794,0.5649595260620117,0.40852653980255127,0.07052960991859436,0.5200971961021423,0.3945392668247223,-0.013003825210034847,0.51551753282547,0.3982851505279541,-0.013349412940442562,0.5310595631599426,0.4240729808807373,0.012455089949071407,0.5296844840049744,0.4247242212295532,0.010474934242665768,0.5482730865478516,0.2984161674976349,-0.004916284698992968,0.5245252251625061,0.3913152813911438,-0.011681837029755116,0.5259539484977722,0.30725792050361633,-0.01743222214281559,0.5264901518821716,0.29987603425979614,-0.019940651953220367,0.529815673828125,0.2546747624874115,-0.014415358193218708,0.5520121455192566,0.2826223373413086,0.0031407170463353395,0.5279213190078735,0.2755367159843445,-0.018044570460915565,0.5542661547660828,0.3039419651031494,0.005080623552203178,0.5584450960159302,0.2936176657676697,0.01640246994793415,0.5152925848960876,0.4263366162776947,-0.009095652960240841,0.5209981799125671,0.4256024658679962,-0.004759905394166708,0.5249929428100586,0.4251033663749695,0.00031106811366043985,0.5187958478927612,0.39613381028175354,-0.011601706966757774,0.5303536653518677,0.424408882856369,0.011371545493602753,0.52801913022995,0.4275089502334595,0.007759681902825832,0.5289718508720398,0.4250904321670532,0.010241805575788021,0.5174511075019836,0.3938668966293335,-0.022434644401073456,0.5229361057281494,0.428097665309906,0.0030857950914651155,0.5190538763999939,0.42970120906829834,-0.00025916664162650704,0.5141031742095947,0.4314475953578949,-0.0029902933165431023,0.5173825025558472,0.45213842391967773,0.004849600605666637,0.5159823894500732,0.44383203983306885,-0.001913389889523387,0.5155820846557617,0.43925195932388306,-0.0032078702934086323,0.5148903727531433,0.4349873661994934,-0.002316997852176428,0.5139654874801636,0.4315752387046814,-0.0022260218393057585,0.5228210091590881,0.42796775698661804,0.0037160618230700493,0.5241095423698425,0.4291762113571167,0.003309056628495455,0.5253375172615051,0.43095287680625916,0.002921265782788396,0.526288628578186,0.4331624209880829,0.0044807856902480125,0.5323931574821472,0.41081148386001587,0.000737863767426461,0.5680234432220459,0.36216628551483154,0.07281520217657089,0.5256717205047607,0.4266056418418884,0.007539734710007906,0.5268864035606384,0.42696449160575867,0.007377247326076031,0.5138261318206787,0.4020983576774597,-0.012781457975506783,0.5228427052497864,0.39621207118034363,-0.006401894614100456,0.514634907245636,0.4002757966518402,-0.01332699041813612,0.5266626477241516,0.36183175444602966,-0.0035243788734078407,0.5377039313316345,0.36566656827926636,-0.00032940186792984605,0.5250927209854126,0.38596948981285095,-0.010163518600165844,0.5449478626251221,0.2599818706512451,-0.0006220198119990528,0.5423403382301331,0.27605515718460083,-0.008069263771176338,0.538748562335968,0.2963777780532837,-0.013183778151869774,0.5309158563613892,0.4382396936416626,0.009940460324287415,0.5121119618415833,0.3051912784576416,-0.023696495220065117,0.5127955079078674,0.2777378559112549,-0.023962898179888725,0.5130879282951355,0.2535327076911926,-0.022819841280579567,0.5419756174087524,0.33402320742607117,0.0038757191505283117,0.5576502084732056,0.3400787115097046,0.01541866548359394,0.5163687467575073,0.33681461215019226,-0.0016712489305064082,0.549344539642334,0.31881046295166016,0.00544695695862174,0.5152896046638489,0.35371896624565125,-0.010312836617231369,0.5207990407943726,0.38730528950691223,-0.02271427772939205,0.5646410584449768,0.3453081548213959,0.024081628769636154,0.5546543002128601,0.3478171229362488,0.010494444519281387,0.5477016568183899,0.353419691324234,0.0045745824463665485,0.5358497500419617,0.35463252663612366,0.0008882532711140811,0.5267184972763062,0.35259854793548584,-0.0015674051828682423,0.5200276374816895,0.3499932587146759,-0.004388873931020498,0.5067524909973145,0.34453630447387695,-0.019773581996560097,0.5657590627670288,0.3646487295627594,0.02521757036447525,0.5540944933891296,0.3169456720352173,0.00830644741654396,0.5095446109771729,0.40115681290626526,-0.028414016589522362,0.5203938484191895,0.3679996132850647,-0.008345362730324268,0.5667245388031006,0.3210887610912323,0.06095604971051216,0.5148844122886658,0.3466168940067291,-0.006478267256170511,0.5253613591194153,0.3854365348815918,-0.003673319239169359,0.5458745360374451,0.32434511184692383,0.008119752630591393,0.5202094912528992,0.3805685043334961,-0.021029477939009666,0.5675086379051208,0.3846988379955292,0.07340624928474426,0.5158072710037231,0.3335036337375641,-0.000677750154864043,0.5151957273483276,0.3774394989013672,-0.02814389392733574,0.5551756024360657,0.43509161472320557,0.038159292191267014,0.5541771650314331,0.44348636269569397,0.051483627408742905,0.5697261691093445,0.3637789785861969,0.04883361607789993,0.562046229839325,0.42146018147468567,0.04481784999370575,0.5627111792564392,0.307807594537735,0.029366081580519676,0.5329965949058533,0.46959352493286133,0.020771680399775505,0.5087316632270813,0.40247753262519836,-0.01948591135442257,0.526367723941803,0.3729601204395294,-0.00475022429600358,0.5609537363052368,0.3277934193611145,0.02325734682381153,0.5361581444740295,0.33135682344436646,0.0007717824773862958,0.5311098694801331,0.333059161901474,-0.0010567278368398547,0.5290205478668213,0.4283280074596405,0.009135393425822258,0.5659345388412476,0.3829299807548523,0.03018028289079666,0.5231483578681946,0.4826563596725464,0.02319195680320263,0.5388948917388916,0.4669424891471863,0.0356198251247406,0.5458706021308899,0.4571986794471741,0.04263794422149658,0.5258134007453918,0.33352601528167725,-0.0017714628484100103,0.520647406578064,0.3334234654903412,-0.0013601022073999047,0.5173720121383667,0.33372828364372253,-0.0005154925165697932,0.5575841069221497,0.3137066662311554,0.014635525643825531,0.5209042429924011,0.32548144459724426,-0.0033534648828208447,0.5261425375938416,0.32170867919921875,-0.00431459303945303,0.5317047834396362,0.32026299834251404,-0.003687783144414425,0.536973774433136,0.32064276933670044,-0.0015749902231618762,0.5401413440704346,0.32206422090530396,0.0009507035720162094,0.5644048452377319,0.3005908131599426,0.04684189707040787,0.539329469203949,0.3291941285133362,0.0029068340081721544,0.5261648893356323,0.4082840383052826,-0.004142978228628635,0.5201107859611511,0.39366015791893005,-0.01586744748055935,0.5150204300880432,0.40945345163345337,-0.01110267173498869,0.5473418235778809,0.44830387830734253,0.03321673721075058,0.5403074026107788,0.45889905095100403,0.027505159378051758,0.5235048532485962,0.47791025042533875,0.014652273617684841,0.5603068470954895,0.4282841086387634,0.061951328068971634,0.51738041639328,0.3303903043270111,-0.0018524411134421825,0.512121856212616,0.35882851481437683,-0.019141247496008873,0.5317220687866211,0.47582104802131653,0.028273973613977432,0.5690403580665588,0.3841792941093445,0.050973642617464066,0.5189319849014282,0.42968350648880005,0.0004773553228005767,0.520232617855072,0.4320526123046875,0.0001567924628034234,0.5212432742118835,0.4351976811885834,-0.00039098961860872805,0.5219988822937012,0.4390990436077118,0.001007235492579639,0.5251073837280273,0.4459560215473175,0.006793110631406307,0.5269035696983337,0.4256792664527893,0.00630016578361392,0.5279520750045776,0.4246671795845032,0.006363349035382271,0.5288066864013672,0.42371830344200134,0.006219812668859959,0.5373637080192566,0.4148610234260559,0.006814070511609316,0.5593920350074768,0.39033499360084534,0.017179258167743683,0.5108655691146851,0.34858155250549316,-0.014638746157288551,0.5114790201187134,0.3288118541240692,-0.006548686418682337,0.5148673057556152,0.3283076882362366,-0.003654777305200696,0.5257277488708496,0.4267403483390808,0.007136479020118713,0.5602202415466309,0.41045740246772766,0.030399445444345474,0.5071536302566528,0.3309619426727295,-0.015119513496756554,0.5286592841148376,0.45354893803596497,0.01138202752918005,0.5077342987060547,0.355594664812088,-0.024745136499404907,0.5175182819366455,0.3721994459629059,-0.01676800288259983,0.5198643207550049,0.4608182907104492,0.007736995816230774,0.5406973361968994,0.4333913326263428,0.017192909494042397,0.5310639142990112,0.3910546898841858,-0.0007950228173285723,0.5351721048355103,0.44436490535736084,0.014787047170102596,0.5459654927253723,0.38675323128700256,0.0026166837196797132,0.5378025770187378,0.3984681963920593,0.002370051108300686,0.551893949508667,0.39908990263938904,0.010413355194032192,0.5224202871322632,0.47044944763183594,0.009883267804980278,0.5211144089698792,0.3756049871444702,-0.011140995658934116,0.5456441044807434,0.4392796754837036,0.024425286799669266,0.5386537313461304,0.4509282112121582,0.021027779206633568,0.5454586744308472,0.4216165542602539,0.01646263524889946,0.5649375915527344,0.3982267379760742,0.0347985103726387,0.5529333353042603,0.4217550754547119,0.023050371557474136,0.5669227838516235,0.4032881259918213,0.05122127756476402,0.5433881282806396,0.40749990940093994,0.007659764960408211,0.5160973072052002,0.3633076250553131,-0.013333973474800587,0.5192868113517761,0.3920592963695526,-0.023870717734098434,0.5226929783821106,0.3921663761138916,-0.016262955963611603,0.5164633989334106,0.3874099552631378,-0.02912931889295578,0.5157082676887512,0.32028084993362427,-0.009229178540408611,0.5257067680358887,0.312970370054245,-0.010266504250466824,0.534784197807312,0.31034037470817566,-0.0090693524107337,0.542093813419342,0.31066030263900757,-0.005553253460675478,0.5468959212303162,0.3133705258369446,-0.0008748440886847675,0.5504218935966492,0.3262052536010742,0.011166681535542011,0.569114625453949,0.3441818356513977,0.04453319311141968,0.547518789768219,0.339815616607666,0.007694427389651537,0.5419580340385437,0.34407126903533936,0.003765550907701254,0.5337920188903809,0.34572702646255493,0.0007660659612156451,0.5257325768470764,0.3452107310295105,-0.0012067006900906563,0.5195131897926331,0.3437274098396301,-0.0023662294261157513,0.5152261853218079,0.34201154112815857,-0.0034541806671768427,0.5674368739128113,0.3412642776966095,0.06896529346704483,0.5225228667259216,0.39370280504226685,-0.012843447737395763,0.5132067799568176,0.368043452501297,-0.02275327779352665,0.5153566598892212,0.39433595538139343,-0.028923049569129944,0.5123916268348694,0.39868006110191345,-0.025877326726913452,0.5153192281723022,0.3952558636665344,-0.025663288310170174,0.5211021304130554,0.396133691072464,-0.010380501858890057,0.5113771557807922,0.4000411033630371,-0.02749006263911724,0.5105915069580078,0.401361346244812,-0.01963329128921032,0.5140052437782288,0.33464157581329346,-0.0017297790618613362,0.5116029977798462,0.33804625272750854,-0.0054575251415371895,0.5105918049812317,0.3407392203807831,-0.009665856137871742,0.5419420599937439,0.3232450485229492,0.00346441101282835,0.5458565950393677,0.31940147280693054,0.003692452795803547,0.46412625908851624,0.3369925320148468,-0.004460620228201151,0.47095987200737,0.33630040287971497,-0.004460620228201151,0.4637046456336975,0.32861363887786865,-0.004460620228201151,0.4572333097457886,0.33764952421188354,-0.004460620228201151,0.4644997715950012,0.345339834690094,-0.004460620228201151,0.5296759009361267,0.3261604905128479,-5.0172413466498256e-05,0.5365853905677795,0.32480350136756897,-5.0172413466498256e-05,0.528752863407135,0.3178980350494385,-5.0172413466498256e-05,0.5227510929107666,0.3274611234664917,-5.0172413466498256e-05,0.5306683778762817,0.3344574272632599,-5.0172413466498256e-05
2366.666666666666,0.5059623718261719,0.4266495406627655,-0.011326308362185955,0.5046937465667725,0.40005967020988464,-0.03282146900892258,0.5043129324913025,0.40599724650382996,-0.014883163385093212,0.4964198172092438,0.3688250482082367,-0.029002875089645386,0.5040358901023865,0.39101970195770264,-0.03612822666764259,0.5027797222137451,0.37801966071128845,-0.03521889075636864,0.4994054138660431,0.34511393308639526,-0.023222533985972404,0.4528532028198242,0.34110531210899353,-0.0010897016618400812,0.49720412492752075,0.32112494111061096,-0.022385792806744576,0.4962145686149597,0.30853813886642456,-0.025829145684838295,0.49159806966781616,0.2571403384208679,-0.02657541260123253,0.5060924887657166,0.4295418858528137,-0.009942799806594849,0.5060855746269226,0.43233758211135864,-0.007545855361968279,0.5060136318206787,0.43419256806373596,-0.003942911047488451,0.5059418678283691,0.43431442975997925,-0.0031203555408865213,0.5063109397888184,0.43807655572891235,-0.0031250419560819864,0.5065909028053284,0.4424298405647278,-0.003910083323717117,0.5067580938339233,0.44687318801879883,-0.0023881292436271906,0.5074350237846375,0.45482808351516724,0.004509361460804939,0.5047490000724792,0.40386584401130676,-0.028994718566536903,0.49805527925491333,0.4033268988132477,-0.020402859896421432,0.420923113822937,0.30591776967048645,0.02075963467359543,0.4715461730957031,0.3476944863796234,-0.005863074213266373,0.46520760655403137,0.3489445447921753,-0.005633055232465267,0.4588467478752136,0.3493872880935669,-0.004225636832416058,0.44997161626815796,0.344985693693161,0.00032207605545409024,0.4768669605255127,0.34555989503860474,-0.005040490999817848,0.4603300392627716,0.3243349492549896,-0.011213896796107292,0.4678376615047455,0.32462677359580994,-0.01094488799571991,0.4537069797515869,0.3265947699546814,-0.009119266644120216,0.44954878091812134,0.3303978741168976,-0.006397528573870659,0.4441380202770233,0.3518581986427307,0.00412382697686553,0.4861891269683838,0.469574511051178,0.013419992290437222,0.45005130767822266,0.33908402919769287,0.0006171161076053977,0.42191872000694275,0.3474879860877991,0.030570359900593758,0.4357304871082306,0.34633946418762207,0.009134026244282722,0.4695941209793091,0.38947388529777527,-0.005783222150057554,0.49792352318763733,0.42591530084609985,-0.011198681779205799,0.49867498874664307,0.4326201379299164,-0.007009456865489483,0.4903468191623688,0.42838141322135925,-0.0075334045104682446,0.4850154221057892,0.4302093982696533,-0.0024830354377627373,0.4922362267971039,0.43275249004364014,-0.0047172545455396175,0.4871002733707428,0.4328032433986664,-0.00022795474797021598,0.4764401912689209,0.43978360295295715,0.009854155592620373,0.49943551421165466,0.400381475687027,-0.032554008066654205,0.49804845452308655,0.391679584980011,-0.03567389026284218,0.43941646814346313,0.32517609000205994,-0.0068360865116119385,0.4812038838863373,0.3653070628643036,-0.00959077663719654,0.4833548963069916,0.3958747684955597,-0.018007544800639153,0.4824663996696472,0.3904434144496918,-0.016718771308660507,0.44903507828712463,0.3893044590950012,0.0010131761664524674,0.49711883068084717,0.37953686714172363,-0.03357333317399025,0.4553859531879425,0.3152523636817932,-0.018261531367897987,0.44598665833473206,0.3187505006790161,-0.01341188047081232,0.4266335070133209,0.2898346483707428,0.006187061313539743,0.48499107360839844,0.3220100402832031,-0.02143940143287182,0.4744645655155182,0.32782498002052307,-0.008406061679124832,0.4705723226070404,0.4319465756416321,0.009558196179568768,0.43691232800483704,0.4286231994628906,0.06216659024357796,0.48823484778404236,0.4005851447582245,-0.014663741923868656,0.4935723841190338,0.40289029479026794,-0.014163171872496605,0.4776436984539032,0.43243345618247986,0.009282148443162441,0.47913455963134766,0.43267321586608887,0.00771688437089324,0.44187435507774353,0.31302616000175476,-0.011538492515683174,0.48293542861938477,0.39867860078811646,-0.013872669078409672,0.46828359365463257,0.31583720445632935,-0.021076127886772156,0.46673211455345154,0.3085510730743408,-0.02372676506638527,0.4528948962688446,0.2665978968143463,-0.019715746864676476,0.43352556228637695,0.301395446062088,-0.0041273413226008415,0.4594859182834625,0.28678280115127563,-0.022400036454200745,0.434879869222641,0.32092610001564026,-0.002403826219961047,0.427156001329422,0.3141445815563202,0.008367310278117657,0.4982207715511322,0.42961716651916504,-0.009772165678441525,0.4912787675857544,0.4306696951389313,-0.006273076869547367,0.48602402210235596,0.4315034747123718,-0.0017908246954903007,0.48964282870292664,0.4017469882965088,-0.012943255715072155,0.47841498255729675,0.4325544834136963,0.00846263486891985,0.481886625289917,0.43496233224868774,0.005415191408246756,0.4798922836780548,0.43281713128089905,0.007561530452221632,0.4916873872280121,0.39922115206718445,-0.024020880460739136,0.4879450798034668,0.43385040760040283,0.0012800174299627542,0.49307939410209656,0.4342215061187744,-0.0015388843603432178,0.49914953112602234,0.4344460666179657,-0.003588547231629491,0.49900534749031067,0.45548829436302185,0.004486895631998777,0.4987123906612396,0.4470211863517761,-0.0023842225782573223,0.49872609972953796,0.44250404834747314,-0.0037575133610516787,0.49888479709625244,0.43817198276519775,-0.0028698951937258244,0.4991472661495209,0.4345998466014862,-0.0027626571245491505,0.48792633414268494,0.43385446071624756,0.00196678820066154,0.4869833290576935,0.4354190230369568,0.0015816664090380073,0.4859841763973236,0.43756160140037537,0.001130389398895204,0.48517945408821106,0.4400290250778198,0.002551388693973422,0.47738954424858093,0.42001569271087646,-0.0020568075124174356,0.42414557933807373,0.38443589210510254,0.06342454999685287,0.5045666694641113,0.40500232577323914,-0.020009836181998253,0.484073668718338,0.4333670735359192,0.005266591906547546,0.4829927086830139,0.43407583236694336,0.0051247612573206425,0.4959771931171417,0.40600109100341797,-0.013540184125304222,0.48504331707954407,0.40290093421936035,-0.008080308325588703,0.4948360025882721,0.4044930338859558,-0.014105649664998055,0.4746549427509308,0.3707643747329712,-0.006882496178150177,0.46418479084968567,0.37780293822288513,-0.004745956975966692,0.4813585877418518,0.3936690390110016,-0.012559853494167328,0.4366894066333771,0.2764788866043091,-0.007918665185570717,0.44370806217193604,0.2918284237384796,-0.014073139987885952,0.45272406935691833,0.3081779479980469,-0.0185821745544672,0.4827473759651184,0.4463878870010376,0.007667772006243467,0.48234397172927856,0.310249000787735,-0.02585817500948906,0.47565755248069763,0.28440505266189575,-0.026544813066720963,0.4705958366394043,0.2606026530265808,-0.025867294520139694,0.45330560207366943,0.3480948805809021,-0.0018476529512554407,0.4368011951446533,0.35924598574638367,0.008264301344752312,0.4802153408527374,0.3434748351573944,-0.004414142109453678,0.4429311454296112,0.33497583866119385,-0.0012237170012667775,0.48547080159187317,0.35950297117233276,-0.012449358589947224,0.4873952567577362,0.39374640583992004,-0.02461955137550831,0.43024250864982605,0.3664554953575134,0.016107656061649323,0.4420936107635498,0.3656347990036011,0.0037581156939268112,0.4511266052722931,0.36882057785987854,-0.0011918857926502824,0.4639633595943451,0.36635875701904297,-0.003573806956410408,0.47309646010398865,0.3617837131023407,-0.005035437177866697,0.47967228293418884,0.3572152256965637,-0.007090941537171602,0.49349552392959595,0.3479049503803253,-0.020866159349679947,0.4329391419887543,0.38557255268096924,0.01736568659543991,0.4371627867221832,0.3345320224761963,0.0009973669657483697,0.5014940500259399,0.4039824604988098,-0.028832988813519478,0.48270490765571594,0.3749030530452728,-0.01078871637582779,0.41855499148368835,0.34372958540916443,0.0510074757039547,0.48465219140052795,0.35234346985816956,-0.008649450726807117,0.48040899634361267,0.3932569622993469,-0.006034558173269033,0.4471640884876251,0.33997341990470886,0.0018126568756997585,0.48646050691604614,0.3870384395122528,-0.023003965616226196,0.42915216088294983,0.4063545763492584,0.06439634412527084,0.4797402620315552,0.3402285873889923,-0.003549766493961215,0.49168044328689575,0.3825371563434601,-0.029611989855766296,0.4559972584247589,0.4509108364582062,0.032745361328125,0.45710697770118713,0.4591103494167328,0.04533352702856064,0.4260408878326416,0.38629043102264404,0.04042276740074158,0.44565892219543457,0.43975594639778137,0.038311779499053955,0.42400214076042175,0.3292989730834961,0.02095709554851055,0.4859900176525116,0.4775316119194031,0.018561936914920807,0.5019274950027466,0.4049818217754364,-0.019712815061211586,0.4771231412887573,0.38149452209472656,-0.007665198761969805,0.42969435453414917,0.34821414947509766,0.015320959500968456,0.45956769585609436,0.3432016372680664,-0.004315822850912809,0.4650436341762543,0.343254029750824,-0.005567597225308418,0.4809119701385498,0.43606364727020264,0.006598175037652254,0.43577295541763306,0.4034106433391571,0.02269158698618412,0.4978296756744385,0.4869336485862732,0.022107655182480812,0.4784359633922577,0.47730308771133423,0.03192158415913582,0.4690820276737213,0.46998172998428345,0.037782955914735794,0.49387624859809875,0.28222498297691345,-0.027088889852166176,0.5098785161972046,0.48660358786582947,0.021268367767333984,0.47027328610420227,0.34233903884887695,-0.00566218001767993,0.4752141535282135,0.34106916189193726,-0.004735210910439491,0.4783661365509033,0.34065333008766174,-0.0035894783213734627,0.4318374693393707,0.3325706422328949,0.0068313428200781345,0.4733988642692566,0.3336659073829651,-0.006873554550111294,0.4676463305950165,0.33116820454597473,-0.008375012315809727,0.4620812237262726,0.33117011189460754,-0.008349835872650146,0.4566896855831146,0.3331354260444641,-0.0068206870928406715,0.4534057676792145,0.3357028365135193,-0.004621776286512613,0.4184100329875946,0.32286199927330017,0.03689584136009216,0.45572429895401,0.3423159718513489,-0.002583698369562626,0.5046858191490173,0.41233372688293457,-0.01219524908810854,0.48373448848724365,0.41562649607658386,-0.0063096992671489716,0.4883359968662262,0.39973703026771545,-0.017483212053775787,0.49592575430870056,0.4134214520454407,-0.01194778922945261,0.49810391664505005,0.3323347866535187,-0.0204872265458107,0.4667167067527771,0.4614662230014801,0.028979653492569923,0.47623977065086365,0.4695306420326233,0.024325067177414894,0.49725842475891113,0.48231595754623413,0.013747013173997402,0.44671982526779175,0.44625842571258545,0.054547008126974106,0.4776817560195923,0.33764100074768066,-0.0050117140635848045,0.49065592885017395,0.3634849786758423,-0.020646337419748306,0.5097362399101257,0.48173171281814575,0.013147324323654175,0.4878000020980835,0.4834590554237366,0.02573833428323269,0.43036845326423645,0.40589702129364014,0.04296063259243965,0.4930846393108368,0.43431147933006287,-0.0007608438609167933,0.4922846555709839,0.43702539801597595,-0.0011041932739317417,0.49170956015586853,0.4404032528400421,-0.0016910682898014784,0.4913785755634308,0.44443634152412415,-0.0003362561983522028,0.49012184143066406,0.452089786529541,0.0052850693464279175,0.4828982651233673,0.432700514793396,0.003861953504383564,0.4818127155303955,0.4320557117462158,0.0036749914288520813,0.48090535402297974,0.43138402700424194,0.0033042351715266705,0.4725313186645508,0.4255037307739258,0.0032966211438179016,0.4451485872268677,0.408540278673172,0.010815362446010113,0.48954084515571594,0.3531056344509125,-0.016247259452939034,0.4847359359264374,0.3340241014957428,-0.008543622680008411,0.4803963005542755,0.3347298800945282,-0.006372891366481781,0.4840438663959503,0.433396577835083,0.004784080199897289,0.4469507932662964,0.42841637134552,0.02415592409670353,0.4907209575176239,0.3344860076904297,-0.016470499336719513,0.487875372171402,0.46056056022644043,0.009681636467576027,0.5016433000564575,0.366963267326355,-0.03094366379082203,0.4949817955493927,0.35900789499282837,-0.02566758170723915,0.5005814433097839,0.35656365752220154,-0.026995861902832985,0.4872607886791229,0.37808215618133545,-0.018613308668136597,0.5091963410377502,0.47402483224868774,0.008208910934627056,0.508279025554657,0.4638945758342743,0.006501547992229462,0.49815845489501953,0.4646748900413513,0.00721169775351882,0.4716963469982147,0.44472596049308777,0.013738108798861504,0.47534283995628357,0.4005357027053833,-0.0037027013022452593,0.47938835620880127,0.453736811876297,0.012233048677444458,0.45956605672836304,0.4008949398994446,-0.0020387342665344477,0.46978533267974854,0.409790962934494,-0.001209656591527164,0.45505261421203613,0.41477319598197937,0.005234520882368088,0.4973228871822357,0.4747479259967804,0.009060868062078953,0.48354488611221313,0.38249319791793823,-0.013356716372072697,0.46752485632896423,0.4521264433860779,0.020404350012540817,0.47697174549102783,0.4612118601799011,0.0181052815169096,0.46500757336616516,0.43460613489151,0.012072586454451084,0.43928608298301697,0.41800639033317566,0.027713678777217865,0.4570762813091278,0.4371561110019684,0.017916522920131683,0.43635496497154236,0.4236999750137329,0.04368870332837105,0.4652634859085083,0.42026200890541077,0.00349119259044528,0.48676586151123047,0.3690372705459595,-0.01535653043538332,0.4897071123123169,0.397976279258728,-0.025608079507946968,0.48555341362953186,0.3990071415901184,-0.018178751692175865,0.4924483895301819,0.392633318901062,-0.03052920661866665,0.4793418049812317,0.3268088102340698,-0.011905280873179436,0.4682704210281372,0.3218168020248413,-0.014060086570680141,0.45861831307411194,0.3214123845100403,-0.013937365263700485,0.4507933259010315,0.32384973764419556,-0.011325112544000149,0.44549134373664856,0.3282943367958069,-0.0072553460486233234,0.4422847032546997,0.3430798053741455,0.004457422066479921,0.4230559766292572,0.36692479252815247,0.03580234572291374,0.44829273223876953,0.35557079315185547,0.0015688689891248941,0.4553990960121155,0.3579525053501129,-0.0015945531195029616,0.4643555283546448,0.35703787207603455,-0.003695744788274169,0.47246140241622925,0.35419636964797974,-0.00478364760056138,0.47857481241226196,0.3510197103023529,-0.005136784166097641,0.4827960729598999,0.3481232225894928,-0.005769975017756224,0.4209473431110382,0.3637552857398987,0.059210147708654404,0.4855121970176697,0.40047210454940796,-0.014697062782943249,0.49159327149391174,0.3727801740169525,-0.024243848398327827,0.494598925113678,0.39913859963417053,-0.030045002698898315,0.49778541922569275,0.40252840518951416,-0.026531321927905083,0.4943302273750305,0.39999884366989136,-0.026800045743584633,0.4871179163455963,0.40239742398262024,-0.01191598642617464,0.4993140399456024,0.4035094678401947,-0.028030984103679657,0.49973228573799133,0.40455278754234314,-0.020033543929457664,0.4821831285953522,0.3407505750656128,-0.004158053081482649,0.4859483242034912,0.3431609272956848,-0.007377771660685539,0.4882583022117615,0.3452521860599518,-0.011301878839731216,0.4515043795108795,0.3375990688800812,-0.0023226782213896513,0.44688811898231506,0.33470258116722107,-0.0024682260118424892,0.5069193243980408,0.36721885204315186,-0.028254125267267227,0.539284348487854,0.32760897278785706,0.0041492898017168045,0.5103358626365662,0.4012974798679352,-0.019812222570180893,0.5607075691223145,0.2855619788169861,0.029561446979641914,0.5233967900276184,0.33986395597457886,-0.002450572093948722,0.5297103524208069,0.3391999900341034,-0.0015280480729416013,0.5356367826461792,0.3376123309135437,0.0004968710709363222,0.5422079563140869,0.33045250177383423,0.005882279947400093,0.5179042816162109,0.3389221131801605,-0.0023586018942296505,0.5305774211883545,0.3143182396888733,-0.006906972732394934,0.5234904885292053,0.31642600893974304,-0.007539957296103239,0.5369890928268433,0.3145744800567627,-0.0041611650958657265,0.5410333275794983,0.3169139623641968,-0.001077990047633648,0.5486627221107483,0.33574479818344116,0.010156686417758465,0.5301237106323242,0.46230950951576233,0.015853894874453545,0.541089653968811,0.3246747851371765,0.006118962075561285,0.5668631196022034,0.3259337842464447,0.03865553438663483,0.5548449158668518,0.3284114599227905,0.015884367749094963,0.5337104797363281,0.37982580065727234,-0.0022715297527611256,0.5133181214332581,0.4237120449542999,-0.010322444140911102,0.5128114819526672,0.43055906891822815,-0.006182851269841194,0.5198816061019897,0.4240090847015381,-0.005710260011255741,0.5241236686706543,0.4243718087673187,1.0928859410341829e-05,0.5182214975357056,0.42893147468566895,-0.0031573884189128876,0.5222587585449219,0.4276055097579956,0.0019026122754439712,0.5338925719261169,0.4308607280254364,0.013019376434385777,0.5097102522850037,0.3987652063369751,-0.03207756206393242,0.5098661184310913,0.3898361921310425,-0.03511783108115196,0.5495048761367798,0.31004154682159424,-0.00047663229634054005,0.5186430215835571,0.3596784770488739,-0.007255591452121735,0.5227974653244019,0.38996797800064087,-0.015858463943004608,0.5225242972373962,0.3844301700592041,-0.01451591681689024,0.5524134039878845,0.373706579208374,0.006774916313588619,0.5083619356155396,0.3777790665626526,-0.03285263851284981,0.535018265247345,0.3050881326198578,-0.01372497621923685,0.5434628129005432,0.3058256506919861,-0.007823377847671509,0.5544595122337341,0.27141064405441284,0.014087262563407421,0.5090132355690002,0.3186008036136627,-0.01990482397377491,0.5174881219863892,0.321103036403656,-0.00567131070420146,0.5383937358856201,0.42162150144577026,0.013460606336593628,0.5645943880081177,0.4091495871543884,0.07043129950761795,0.5186341404914856,0.39602941274642944,-0.013069186359643936,0.5140077471733093,0.3997756242752075,-0.013345775194466114,0.5296434760093689,0.4246748685836792,0.012641619890928268,0.5282720327377319,0.42534270882606506,0.010679100640118122,0.5460690259933472,0.2995070815086365,-0.0056244246661663055,0.5231016278266907,0.39269956946372986,-0.011770272627472878,0.5236107707023621,0.30860981345176697,-0.017984813079237938,0.5241544246673584,0.30132028460502625,-0.020546214655041695,0.5290524959564209,0.2558977007865906,-0.015260931104421616,0.5515316128730774,0.28390154242515564,0.0023520756512880325,0.5269429683685303,0.27687278389930725,-0.018788639456033707,0.5524304509162903,0.30504754185676575,0.004368002060800791,0.5581623315811157,0.29478031396865845,0.015642570331692696,0.5132507085800171,0.42746973037719727,-0.008903500624001026,0.5191264152526855,0.42658933997154236,-0.0045859613455832005,0.5232770442962646,0.4259599447250366,0.00048274704022333026,0.5173372030258179,0.3975867033004761,-0.01163569837808609,0.5289368033409119,0.4250202178955078,0.01157089788466692,0.5265153050422668,0.42818087339401245,0.007995490916073322,0.5275603532791138,0.4257109761238098,0.01044919528067112,0.515907883644104,0.39553314447402954,-0.022542348131537437,0.5213502049446106,0.4289003908634186,0.003287973115220666,0.5173048973083496,0.43065235018730164,-5.056902227806859e-05,0.5122172236442566,0.4325355589389801,-0.002759520895779133,0.5156974792480469,0.45283690094947815,0.005287957843393087,0.5141541361808777,0.44457027316093445,-0.0015314132906496525,0.5137209892272949,0.440126895904541,-0.0028568056877702475,0.5130169987678528,0.43596991896629333,-0.001989347394555807,0.5121207237243652,0.4325990080833435,-0.0019169460283592343,0.5212377309799194,0.428793340921402,0.00396960973739624,0.5224942564964294,0.42998629808425903,0.0035714590921998024,0.5237127542495728,0.4317095875740051,0.0031990890856832266,0.5246751308441162,0.433844655752182,0.004759133327752352,0.5310239195823669,0.4119955897331238,0.0008175472030416131,0.5679985284805298,0.3628486096858978,0.07247314602136612,0.5242113471031189,0.42734256386756897,0.007762892637401819,0.5253897905349731,0.42767903208732605,0.0076125627383589745,0.5122595429420471,0.4035826027393341,-0.012739724479615688,0.5214244723320007,0.39751437306404114,-0.0064127761870622635,0.5130961537361145,0.40175971388816833,-0.013310006819665432,0.5254824161529541,0.3631644546985626,-0.0037788059562444687,0.5366443991661072,0.36694657802581787,-0.0005999276181682944,0.5237057209014893,0.3873572051525116,-0.01027747243642807,0.5445423126220703,0.2611252963542938,-0.0014898981899023056,0.541623592376709,0.2773898243904114,-0.00885092094540596,0.5364012718200684,0.29760193824768066,-0.013862928375601768,0.5293413400650024,0.4389874041080475,0.01024035457521677,0.5099900960922241,0.30682194232940674,-0.02423279546201229,0.5116424560546875,0.2791154086589813,-0.024644974619150162,0.5120514631271362,0.25480717420578003,-0.023595578968524933,0.5400815606117249,0.3346719443798065,0.0034045979846268892,0.5564193725585938,0.340908020734787,0.014937416650354862,0.514289379119873,0.3376289904117584,-0.002026141621172428,0.5473567247390747,0.3195123076438904,0.004865098278969526,0.5140246152877808,0.3551737666130066,-0.010580199770629406,0.5193000435829163,0.3889409005641937,-0.022858144715428352,0.5641548037528992,0.3463457226753235,0.023612314835190773,0.5531889200210571,0.34862470626831055,0.010063253343105316,0.5460394620895386,0.3542834520339966,0.004197833128273487,0.5340894460678101,0.35545557737350464,0.0005662519251927733,0.5248911380767822,0.35337644815444946,-0.0018600600305944681,0.5181393623352051,0.350748211145401,-0.004674712661653757,0.5053801536560059,0.34609436988830566,-0.020085889846086502,0.5651642680168152,0.36567604541778564,0.024860046803951263,0.5523626208305359,0.31785088777542114,0.0076700192876160145,0.5078831315040588,0.4029151201248169,-0.02844669111073017,0.5190971493721008,0.3694353401660919,-0.008545943535864353,0.5668562650680542,0.32178226113319397,0.06039421260356903,0.5129638910293579,0.3473687469959259,-0.006773256231099367,0.524013340473175,0.3867581784725189,-0.0037562823854386806,0.5438023805618286,0.3248283267021179,0.007596012204885483,0.5187475681304932,0.38216322660446167,-0.02119612693786621,0.5673545598983765,0.38537508249282837,0.07316598296165466,0.5137290358543396,0.3343351185321808,-0.0010591002646833658,0.5136609673500061,0.3791413903236389,-0.028325293213129044,0.5541278123855591,0.4356805384159088,0.03830508515238762,0.5532130599021912,0.4439738392829895,0.05163399875164032,0.5694251656532288,0.3646291196346283,0.04850977659225464,0.5612648129463196,0.42211323976516724,0.044855546206235886,0.5625461339950562,0.30879196524620056,0.028698397800326347,0.5313785672187805,0.4699442684650421,0.021198472008109093,0.5070732831954956,0.40413984656333923,-0.01946604810655117,0.5251317620277405,0.374308317899704,-0.004923689179122448,0.5600823163986206,0.32886552810668945,0.02269129455089569,0.534086287021637,0.33210518956184387,0.0003077845904044807,0.5290411710739136,0.3339651823043823,-0.0014936344232410192,0.5275289416313171,0.42895281314849854,0.009366835467517376,0.5653062462806702,0.3838963210582733,0.029959673061966896,0.5214512348175049,0.4828287959098816,0.02373332716524601,0.5374318361282349,0.46728000044822693,0.03595459833741188,0.5446088314056396,0.45759841799736023,0.04288902133703232,0.5237441658973694,0.3345144987106323,-0.0021856953389942646,0.5185636878013611,0.33437252044677734,-0.001756240613758564,0.5152934193611145,0.33458417654037476,-0.0009029624052345753,0.5561813712120056,0.3147968649864197,0.013973837718367577,0.5187095999717712,0.3263595998287201,-0.0037780599668622017,0.5239118337631226,0.32260411977767944,-0.004769767634570599,0.5294287204742432,0.32114848494529724,-0.004170733969658613,0.5346758961677551,0.32143667340278625,-0.0020781601779162884,0.5378729104995728,0.3227102756500244,0.00043931897380389273,0.5645443797111511,0.30138540267944336,0.04614738002419472,0.5372200012207031,0.3298351764678955,0.002427036641165614,0.5247320532798767,0.409551203250885,-0.004079436417669058,0.5186274647712708,0.3952133059501648,-0.01595640368759632,0.5134415030479431,0.41087180376052856,-0.011002888903021812,0.54606032371521,0.4488300085067749,0.03347732126712799,0.5388419032096863,0.4593365788459778,0.027857257053256035,0.5217899680137634,0.4781761169433594,0.015178008936345577,0.5596590042114258,0.4288316071033478,0.06197195500135422,0.5152531862258911,0.3312220275402069,-0.0022532790899276733,0.5107300281524658,0.36042749881744385,-0.019391510635614395,0.530109167098999,0.47608858346939087,0.02870175987482071,0.5686510801315308,0.3849886655807495,0.050772588700056076,0.5172073841094971,0.43061673641204834,0.0007538874051533639,0.5184798240661621,0.4329655170440674,0.0004438839969225228,0.5194851160049438,0.43603402376174927,-8.778936171438545e-05,0.520255446434021,0.4398302435874939,0.0013308485504239798,0.5234819650650024,0.446664035320282,0.007160410284996033,0.5253690481185913,0.4263928234577179,0.006492177024483681,0.5263715982437134,0.4254002869129181,0.006539392750710249,0.527202844619751,0.4244692027568817,0.00637854216620326,0.536003053188324,0.4159219563007355,0.006911978125572205,0.558576226234436,0.3913787603378296,0.01702713593840599,0.5095509886741638,0.35009655356407166,-0.014930917881429195,0.5094327926635742,0.32976284623146057,-0.006920534186065197,0.5127588510513306,0.3292093873023987,-0.004050456453114748,0.5242509245872498,0.42744025588035583,0.007332277484238148,0.5593553781509399,0.41129112243652344,0.03038741461932659,0.505233108997345,0.3319401443004608,-0.015482445247471333,0.5270479917526245,0.4541621208190918,0.011768398806452751,0.5062766075134277,0.35725125670433044,-0.025011081248521805,0.5161162614822388,0.3737573027610779,-0.016957754269242287,0.5181615352630615,0.46138113737106323,0.008199449628591537,0.5392862558364868,0.43415436148643494,0.017429227009415627,0.5297884941101074,0.39230820536613464,-0.0008522531716153026,0.5336361527442932,0.4450331926345825,0.015099993906915188,0.5449243783950806,0.387972354888916,0.002480119001120329,0.5365889072418213,0.3996678590774536,0.0023536530788987875,0.5508856773376465,0.40017884969711304,0.010354575701057911,0.5207008719444275,0.4708750247955322,0.01036777626723051,0.519751787185669,0.37706249952316284,-0.011306553147733212,0.5443061590194702,0.43994081020355225,0.02466304786503315,0.5371527671813965,0.4514922499656677,0.021355021744966507,0.5441814064979553,0.42249882221221924,0.01659844070672989,0.564260721206665,0.39909836649894714,0.03469136729836464,0.5518147349357605,0.4225574731826782,0.023143162950873375,0.5663993954658508,0.4040221571922302,0.051137395203113556,0.5421896576881409,0.4085797369480133,0.007689068093895912,0.5147532224655151,0.3648252487182617,-0.013558609411120415,0.5177558064460754,0.39372459053993225,-0.02399618551135063,0.5212312340736389,0.39368388056755066,-0.016358161345124245,0.5148779153823853,0.3891620337963104,-0.02926548570394516,0.5135401487350464,0.3213444948196411,-0.009663707576692104,0.5233967304229736,0.31401026248931885,-0.010771816596388817,0.5323708653450012,0.31126734614372253,-0.009632590226829052,0.5397155284881592,0.3114786148071289,-0.006142302416265011,0.5446359515190125,0.31409716606140137,-0.0014820138458162546,0.5487250089645386,0.32690632343292236,0.010628103278577328,0.568925142288208,0.34504052996635437,0.044094983488321304,0.5458329319953918,0.34053272008895874,0.007243806961923838,0.5402277112007141,0.3448699116706848,0.0033602160401642323,0.5319845080375671,0.3465714156627655,0.00040874179103411734,0.5238466858863831,0.3460642099380493,-0.0015365559374913573,0.5175538063049316,0.3445567488670349,-0.002681777346879244,0.5132348537445068,0.34282663464546204,-0.003764938563108444,0.567495584487915,0.3419381380081177,0.0685175433754921,0.5210773348808289,0.3951396048069,-0.012916537001729012,0.5117297768592834,0.3696991503238678,-0.02296764962375164,0.5137502551078796,0.3961018919944763,-0.02902190014719963,0.5108002424240112,0.40038543939590454,-0.025920843705534935,0.5137479901313782,0.3969677984714508,-0.02575027011334896,0.5196643471717834,0.3975119888782501,-0.010411372408270836,0.5097507834434509,0.40177610516548157,-0.02752525545656681,0.5089719295501709,0.40300849080085754,-0.019629618152976036,0.511916995048523,0.3354535698890686,-0.0020887746941298246,0.5096012949943542,0.3388872444629669,-0.005790527909994125,0.5086454749107361,0.3415391445159912,-0.009980592876672745,0.5397043824195862,0.3237960934638977,0.00295147392898798,0.5436506271362305,0.3199807107448578,0.003153784666210413,0.4635486304759979,0.337562620639801,-0.004553224891424179,0.4700557589530945,0.3368479013442993,-0.004553224891424179,0.46310269832611084,0.3295150697231293,-0.004553224891424179,0.4569530189037323,0.33827054500579834,-0.004553224891424179,0.46394121646881104,0.3456336557865143,-0.004553224891424179,0.5279513001441956,0.3273449242115021,-0.000503360468428582,0.5348389148712158,0.3258993625640869,-0.000503360468428582,0.526968777179718,0.31894081830978394,-0.000503360468428582,0.521051287651062,0.32872429490089417,-0.000503360468428582,0.5289943814277649,0.33580276370048523,-0.000503360468428582
2399.9999999999995,0.5058712959289551,0.42655283212661743,-0.011446820572018623,0.5045792460441589,0.4003986418247223,-0.032891396433115005,0.504249095916748,0.4062421917915344,-0.014958969317376614,0.4963490664958954,0.3690289258956909,-0.02897697128355503,0.5039029717445374,0.3913385272026062,-0.03618135675787926,0.502650797367096,0.3782784044742584,-0.03524414822459221,0.49931958317756653,0.3452461063861847,-0.02314063347876072,0.45299237966537476,0.34082844853401184,-0.0008659727172926068,0.4971436858177185,0.32114237546920776,-0.0222362969070673,0.49615442752838135,0.3085393011569977,-0.025634365156292915,0.491518497467041,0.25744888186454773,-0.02624489739537239,0.505998432636261,0.42946192622184753,-0.010077585466206074,0.5059993267059326,0.4322875738143921,-0.007687803823500872,0.5059409141540527,0.4341692328453064,-0.0041003539226949215,0.5058764219284058,0.43431994318962097,-0.003177978564053774,0.5062406063079834,0.43807244300842285,-0.003197090933099389,0.5065214037895203,0.44241154193878174,-0.003978039603680372,0.5066931843757629,0.4468351900577545,-0.002440351527184248,0.5074342489242554,0.45511776208877563,0.004473845008760691,0.5046497583389282,0.4041841924190521,-0.02907063439488411,0.4980003237724304,0.4036041498184204,-0.020461639389395714,0.4212340712547302,0.30611371994018555,0.021228566765785217,0.47187739610671997,0.34737110137939453,-0.00570435868576169,0.465488463640213,0.34868234395980835,-0.005458121187984943,0.4590705335140228,0.34920305013656616,-0.004032021854072809,0.450165718793869,0.3447285294532776,0.0005497311940416694,0.4772322475910187,0.34523266553878784,-0.004899080377072096,0.4603281617164612,0.32425951957702637,-0.011001565493643284,0.4678991138935089,0.32450979948043823,-0.010747203603386879,0.4537105858325958,0.3265330493450165,-0.008891398087143898,0.4496082067489624,0.3303162455558777,-0.00615270808339119,0.4443565309047699,0.35172200202941895,0.004349601920694113,0.48634791374206543,0.46957695484161377,0.013384331949055195,0.4501882493495941,0.33877167105674744,0.0008590981597080827,0.42218926548957825,0.34766054153442383,0.03091811202466488,0.4359874129295349,0.3461844325065613,0.009415890090167522,0.4697713851928711,0.38959816098213196,-0.005725597497075796,0.49790841341018677,0.4258522391319275,-0.011284046806395054,0.49866658449172974,0.43260541558265686,-0.007129958365112543,0.4903763234615326,0.4283970594406128,-0.007598407566547394,0.48508575558662415,0.43028974533081055,-0.002528592012822628,0.4922827184200287,0.4327930808067322,-0.004809817299246788,0.48718568682670593,0.4328947067260742,-0.00030028997571207583,0.4766295254230499,0.4398643374443054,0.00983795803040266,0.4993436932563782,0.4007168114185333,-0.032608386129140854,0.4979534447193146,0.3919808864593506,-0.03571091964840889,0.4394814968109131,0.32520079612731934,-0.006501545198261738,0.48133447766304016,0.3654382824897766,-0.009505338966846466,0.48345136642456055,0.39609524607658386,-0.018005672842264175,0.48258310556411743,0.3906397223472595,-0.0167057104408741,0.449302613735199,0.3893982172012329,0.00112761533819139,0.497033029794693,0.37978705763816833,-0.03357857093214989,0.45524781942367554,0.31538838148117065,-0.01797405071556568,0.4459144175052643,0.3188374936580658,-0.013095525093376637,0.4269373416900635,0.2900424599647522,0.0066752806305885315,0.48503175377845764,0.32199952006340027,-0.021247155964374542,0.47461748123168945,0.3276429772377014,-0.008232615888118744,0.4708029329776764,0.4319833815097809,0.009552777744829655,0.43731796741485596,0.42872947454452515,0.06224774196743965,0.4882994592189789,0.40081271529197693,-0.014678258448839188,0.49358120560646057,0.40311136841773987,-0.014210693538188934,0.47780704498291016,0.43260854482650757,0.00926313828676939,0.4792913794517517,0.4328368008136749,0.007688996382057667,0.4418191611766815,0.3130708634853363,-0.011184132657945156,0.4830487370491028,0.39887261390686035,-0.013875801116228104,0.46817851066589355,0.3159353733062744,-0.02082732878625393,0.46655982732772827,0.30860811471939087,-0.023451069369912148,0.45306655764579773,0.2668699026107788,-0.0192845668643713,0.4337940216064453,0.3015825152397156,-0.0037095199804753065,0.45962461829185486,0.28694549202919006,-0.022048220038414,0.4350025951862335,0.32084527611732483,-0.0020336187444627285,0.4274557828903198,0.3143388032913208,0.008790138177573681,0.4982045292854309,0.42957428097724915,-0.009875358082354069,0.49131348729133606,0.43069642782211304,-0.006354892160743475,0.4860996901988983,0.43158844113349915,-0.0018521790625527501,0.48969539999961853,0.40195977687835693,-0.01297365128993988,0.4785735011100769,0.4327239692211151,0.00843850988894701,0.4820202589035034,0.4350862503051758,0.005399142391979694,0.48004165291786194,0.43297427892684937,0.007536833640187979,0.4916992783546448,0.3995136320590973,-0.024040797725319862,0.48804348707199097,0.4339415431022644,0.0011964497389271855,0.49313536286354065,0.4342709183692932,-0.001645366777665913,0.4991473853588104,0.434447705745697,-0.0037207198329269886,0.4990348219871521,0.4557623565196991,0.0044702342711389065,0.49870437383651733,0.4469738006591797,-0.0024121389724314213,0.49871590733528137,0.44248661398887634,-0.0037933378480374813,0.49887949228286743,0.4381769895553589,-0.0029072400648146868,0.49914976954460144,0.4346199631690979,-0.00279258843511343,0.48803240060806274,0.4339527189731598,0.0019593522883951664,0.48708757758140564,0.43550676107406616,0.0015706884441897273,0.48608461022377014,0.4376290738582611,0.0011176568223163486,0.48528045415878296,0.44007551670074463,0.002536593936383724,0.477545827627182,0.4201131761074066,-0.002064694883301854,0.42450717091560364,0.3845672011375427,0.06366140395402908,0.5044810771942139,0.4052866995334625,-0.020091550424695015,0.48420682549476624,0.43349727988243103,0.00525788264349103,0.4831239581108093,0.43420588970184326,0.005110408179461956,0.4959716498851776,0.4062178134918213,-0.013588975183665752,0.4851500689983368,0.40306514501571655,-0.008097137324512005,0.49483630061149597,0.40471529960632324,-0.014154820702970028,0.4748173654079437,0.37089306116104126,-0.006796684116125107,0.46437782049179077,0.37791457772254944,-0.004651269409805536,0.48148953914642334,0.39384976029396057,-0.012550707906484604,0.43694397807121277,0.27671486139297485,-0.007447628304362297,0.4439176321029663,0.2920069396495819,-0.013680585660040379,0.4525566101074219,0.3082624673843384,-0.018259573727846146,0.4828718602657318,0.4465271234512329,0.007651109714061022,0.48226198554039,0.3102205991744995,-0.02562316507101059,0.4757099747657776,0.28457537293434143,-0.02623300813138485,0.47065219283103943,0.26090630888938904,-0.025491319596767426,0.4535077214241028,0.3479004204273224,-0.001635601045563817,0.4370701014995575,0.35916954278945923,0.008497877046465874,0.48057860136032104,0.3431657552719116,-0.004277974367141724,0.443067729473114,0.3348751366138458,-0.0009393311920575798,0.4855617880821228,0.3596319854259491,-0.012365315109491348,0.4874424338340759,0.3940030038356781,-0.02462252415716648,0.4305262267589569,0.3665781021118164,0.016353556886315346,0.44231942296028137,0.36564692854881287,0.003954445011913776,0.4512973725795746,0.3688947856426239,-0.001033320091664791,0.4641479551792145,0.3663802444934845,-0.00345044769346714,0.4733221232891083,0.3617313504219055,-0.004924907814711332,0.479894757270813,0.35715606808662415,-0.006985229440033436,0.4934648871421814,0.3480338156223297,-0.020773105323314667,0.4332641363143921,0.38567155599594116,0.017555266618728638,0.43733471632003784,0.33444225788116455,0.0013168867444619536,0.5014041066169739,0.4042952358722687,-0.028897641226649284,0.48283469676971436,0.37505945563316345,-0.010737191885709763,0.41883745789527893,0.34390243887901306,0.05137259513139725,0.48487064242362976,0.3523084223270416,-0.008547267876565456,0.4805559515953064,0.39341944456100464,-0.00602332828566432,0.4473514258861542,0.33972397446632385,0.002063036197796464,0.48653268814086914,0.38726216554641724,-0.022993633523583412,0.4295387268066406,0.4064892530441284,0.0645560696721077,0.48007822036743164,0.3398973345756531,-0.00340107805095613,0.491667777299881,0.3827716112136841,-0.029607780277729034,0.4563252031803131,0.45093080401420593,0.032766737043857574,0.4574185907840729,0.4591497480869293,0.04532157629728317,0.42638280987739563,0.38641759753227234,0.04065479710698128,0.4460495114326477,0.4398109018802643,0.03836400434374809,0.42427900433540344,0.3294891119003296,0.02135225385427475,0.4861372411251068,0.47749394178390503,0.018507909029722214,0.5018495321273804,0.4052649140357971,-0.019787045195698738,0.4772757291793823,0.3816324770450592,-0.007614091970026493,0.43001216650009155,0.3480369746685028,0.015626637265086174,0.4597615897655487,0.34294813871383667,-0.00411762110888958,0.465292751789093,0.3429471552371979,-0.005386875011026859,0.4810490310192108,0.43617957830429077,0.006576912943273783,0.4361379146575928,0.40349438786506653,0.022824158892035484,0.49793148040771484,0.4868716597557068,0.02198215015232563,0.47864967584609985,0.47726038098335266,0.0318576917052269,0.46933674812316895,0.46997079253196716,0.037740640342235565,0.49381741881370544,0.282405287027359,-0.026826970279216766,0.5099283456802368,0.48658376932144165,0.02110622264444828,0.47056788206100464,0.34196576476097107,-0.005492649506777525,0.47556769847869873,0.34066909551620483,-0.004577666986733675,0.4787347614765167,0.3402727544307709,-0.0034359293058514595,0.43207719922065735,0.3323991894721985,0.007182649336755276,0.4735884666442871,0.33337724208831787,-0.006704331841319799,0.46772536635398865,0.33090460300445557,-0.0081928800791502,0.46209925413131714,0.33092138171195984,-0.008153789676725864,0.45669808983802795,0.332888126373291,-0.006607161834836006,0.4534454643726349,0.3354465961456299,-0.004398144315928221,0.41869693994522095,0.3230432868003845,0.03732176497578621,0.45588546991348267,0.3420678973197937,-0.0023730951361358166,0.5046349167823792,0.4125422239303589,-0.01227243896573782,0.48384568095207214,0.4157600998878479,-0.0063251531682908535,0.48839566111564636,0.3999856114387512,-0.01750113070011139,0.49592480063438416,0.41360506415367126,-0.01199488714337349,0.4980355203151703,0.332403302192688,-0.020366618409752846,0.4669887125492096,0.4614563286304474,0.02897251769900322,0.47645825147628784,0.4694996476173401,0.024294869974255562,0.4973316788673401,0.4823010265827179,0.013656431809067726,0.44710031151771545,0.44633573293685913,0.05458429455757141,0.47796547412872314,0.3373260796070099,-0.004850849974900484,0.4906689524650574,0.3636472523212433,-0.020588357001543045,0.509732186794281,0.4817400872707367,0.013017277233302593,0.4879573583602905,0.4833981990814209,0.02564789168536663,0.4307582974433899,0.4060097634792328,0.04311990365386009,0.493143767118454,0.4343717396259308,-0.0007779708248563111,0.4923394024372101,0.4370647668838501,-0.0011227346258237958,0.4917580485343933,0.44041651487350464,-0.001703572110272944,0.49142923951148987,0.4444180727005005,-0.00034963793586939573,0.49018681049346924,0.45230358839035034,0.005272767972201109,0.48301857709884644,0.43283143639564514,0.0038151913322508335,0.48192766308784485,0.4321918487548828,0.003635934554040432,0.481016606092453,0.4315217435359955,0.0032746538054198027,0.4727296233177185,0.42556676268577576,0.0032982605043798685,0.4454733729362488,0.40861886739730835,0.010902268812060356,0.4895721971988678,0.35323426127433777,-0.01615952141582966,0.48499298095703125,0.33381566405296326,-0.008399360813200474,0.4806704819202423,0.33448317646980286,-0.0062187532894313335,0.4841664731502533,0.43352004885673523,0.0047305007465183735,0.44730547070503235,0.4284719228744507,0.024216098710894585,0.49088773131370544,0.33438509702682495,-0.016334978863596916,0.48800820112228394,0.4606427848339081,0.009662861004471779,0.5015304088592529,0.3671747148036957,-0.030933691188693047,0.49493032693862915,0.359176903963089,-0.02560918964445591,0.5004828572273254,0.35673558712005615,-0.02695181965827942,0.4873352348804474,0.3782687783241272,-0.018586089834570885,0.5091847777366638,0.47407248616218567,0.008113747462630272,0.5082725882530212,0.4640463888645172,0.006440857425332069,0.49822235107421875,0.4647998809814453,0.007173839956521988,0.47193530201911926,0.4447532892227173,0.013731895014643669,0.475515216588974,0.40067043900489807,-0.00367750390432775,0.4795744717121124,0.45378416776657104,0.01221927534788847,0.45979738235473633,0.4010002315044403,-0.0019749512430280447,0.469983845949173,0.40989792346954346,-0.0011780685745179653,0.45534050464630127,0.41484418511390686,0.005286792758852243,0.49740031361579895,0.47477784752845764,0.008999396115541458,0.4836745262145996,0.38267117738723755,-0.013329451903700829,0.4677909314632416,0.4521251618862152,0.020406989380717278,0.4771875739097595,0.46120256185531616,0.018083864822983742,0.46527335047721863,0.4346321225166321,0.012085256166756153,0.4396679401397705,0.4180724024772644,0.027806982398033142,0.45738574862480164,0.43718650937080383,0.017946097999811172,0.43677258491516113,0.423787385225296,0.04379284009337425,0.46550244092941284,0.42031943798065186,0.0035177760291844606,0.48684585094451904,0.36919543147087097,-0.015301885083317757,0.4897291660308838,0.39826205372810364,-0.025621194392442703,0.4856312572956085,0.3992426097393036,-0.018190443515777588,0.4924192428588867,0.3929196894168854,-0.03054342232644558,0.479486882686615,0.326686829328537,-0.011719833128154278,0.46828508377075195,0.32180529832839966,-0.013838510029017925,0.45856773853302,0.3214377462863922,-0.01369578018784523,0.4507511854171753,0.3238731622695923,-0.01106057409197092,0.44553354382514954,0.3282848000526428,-0.006968452595174313,0.4424930810928345,0.34289684891700745,0.004718455020338297,0.42335283756256104,0.36707448959350586,0.03609996661543846,0.44850173592567444,0.35547345876693726,0.0017708293162286282,0.4556073248386383,0.35789164900779724,-0.0014177667908370495,0.4646104574203491,0.35690179467201233,-0.003547313390299678,0.4727573096752167,0.353983610868454,-0.0046474989503622055,0.47889143228530884,0.35079991817474365,-0.005016074515879154,0.48310765624046326,0.34793272614479065,-0.005657750181853771,0.4212673306465149,0.363910049200058,0.059525083750486374,0.4855991303920746,0.40068238973617554,-0.014711076393723488,0.49158933758735657,0.37297582626342773,-0.024214936420321465,0.49455299973487854,0.39945894479751587,-0.030080530792474747,0.497719943523407,0.40282654762268066,-0.026587864384055138,0.4943017065525055,0.4003080129623413,-0.026834772899746895,0.4871983230113983,0.4025861322879791,-0.01193961501121521,0.4992372691631317,0.4038166403770447,-0.0280932430177927,0.4996696710586548,0.4048321545124054,-0.020102739334106445,0.4825190007686615,0.3404752016067505,-0.004023917485028505,0.4862377643585205,0.34297826886177063,-0.007265922147780657,0.4884694516658783,0.3451986312866211,-0.011200831271708012,0.4515811800956726,0.33732712268829346,-0.002092015463858843,0.447015643119812,0.33455753326416016,-0.0022145796101540327,0.5067921876907349,0.3674275279045105,-0.02826753444969654,0.5387970209121704,0.3277988135814667,0.004093675408512354,0.5102381706237793,0.40158194303512573,-0.019905293360352516,0.5608202815055847,0.2856188416481018,0.029566263779997826,0.5232529640197754,0.33945220708847046,-0.002470157342031598,0.5293298959732056,0.3389180898666382,-0.0015684653772041202,0.5351899266242981,0.33755284547805786,0.00043607261613942683,0.5418453812599182,0.3306725025177002,0.005805398803204298,0.518010675907135,0.33854714035987854,-0.0023559769615530968,0.530361533164978,0.3149144649505615,-0.006915348581969738,0.5235281586647034,0.31683430075645447,-0.007510668598115444,0.5366163849830627,0.31521326303482056,-0.004190836101770401,0.5406030416488647,0.31748542189598083,-0.0011162194423377514,0.5484561920166016,0.33594435453414917,0.010051961056888103,0.5300798416137695,0.4624350070953369,0.015679609030485153,0.5407054424285889,0.3250426650047302,0.006062066648155451,0.5670883655548096,0.32589662075042725,0.0385349839925766,0.5549359917640686,0.3285457491874695,0.01578732766211033,0.5336377620697021,0.37998464703559875,-0.002393723465502262,0.5131683945655823,0.4236593246459961,-0.010462422855198383,0.5126736760139465,0.4305502772331238,-0.006348371505737305,0.519709050655365,0.4240475296974182,-0.005887825042009354,0.5239311456680298,0.4244707524776459,-0.00018363383424002677,0.5180522799491882,0.4289838671684265,-0.0033441849518567324,0.5220750570297241,0.42770862579345703,0.0017044448759406805,0.5338637828826904,0.4310447871685028,0.01281289104372263,0.5095838308334351,0.399105429649353,-0.03215932101011276,0.5097148418426514,0.390147864818573,-0.03518525883555412,0.5492734313011169,0.3103577792644501,-0.0004902718355879188,0.5185666084289551,0.35982847213745117,-0.00729209091514349,0.5226271152496338,0.3902411460876465,-0.01597764901816845,0.5223584175109863,0.3846803605556488,-0.0146259730681777,0.5523796677589417,0.37380293011665344,0.006586126517504454,0.5082157254219055,0.3780374228954315,-0.032895009964704514,0.5345667600631714,0.305597722530365,-0.013662529177963734,0.543057382106781,0.30626147985458374,-0.007798707578331232,0.5544559359550476,0.27148544788360596,0.01415466982871294,0.5089259147644043,0.31903257966041565,-0.019775014370679855,0.5177431106567383,0.3212239146232605,-0.0056300293654203415,0.5383374691009521,0.42176076769828796,0.01323414035141468,0.564825713634491,0.40923386812210083,0.07011520862579346,0.5184926390647888,0.3963017761707306,-0.013179437257349491,0.5138911604881287,0.40002644062042236,-0.013442011550068855,0.52939772605896,0.42482540011405945,0.012424799613654613,0.528038501739502,0.42548805475234985,0.010476112365722656,0.545847475528717,0.2996715307235718,-0.00558809656649828,0.5229476690292358,0.39294669032096863,-0.011891077272593975,0.5232197046279907,0.30916720628738403,-0.017883282154798508,0.5237625241279602,0.3016749620437622,-0.02042897418141365,0.5289469957351685,0.25608909130096436,-0.01505063846707344,0.5514675974845886,0.2839256525039673,0.002408444881439209,0.5268312096595764,0.27695736289024353,-0.018624749034643173,0.5524857640266418,0.30510494112968445,0.00436147628352046,0.5581874847412109,0.29478877782821655,0.015646355226635933,0.5131053924560547,0.427432119846344,-0.009058532305061817,0.5189527273178101,0.4266291856765747,-0.004770325962454081,0.5230875611305237,0.4260600507259369,0.0002856218779925257,0.5172083973884583,0.3978393077850342,-0.011737043969333172,0.5286971926689148,0.4251672625541687,0.011361944489181042,0.5263088345527649,0.42829734086990356,0.007817468605935574,0.5273362994194031,0.4258536398410797,0.010249020531773567,0.515770673751831,0.39585578441619873,-0.022644607350230217,0.5211760401725769,0.42900940775871277,0.0030842579435557127,0.5171515941619873,0.43071433901786804,-0.00024698508786968887,0.5120974779129028,0.43254387378692627,-0.0029386223759502172,0.5156987309455872,0.4531428813934326,0.005225907079875469,0.5140572786331177,0.4445420503616333,-0.001610538107343018,0.5136191844940186,0.44012385606765747,-0.0029459823854267597,0.5129089951515198,0.43598872423171997,-0.0020800449419766665,0.5120121240615845,0.4326303005218506,-0.0019941655918955803,0.5210688710212708,0.4289161264896393,0.003843063022941351,0.5223253965377808,0.43008875846862793,0.003437828505411744,0.5235401391983032,0.4317859411239624,0.003062817733734846,0.5244948863983154,0.4338991343975067,0.004611619282513857,0.5309495329856873,0.41216158866882324,0.0006336977239698172,0.5683347582817078,0.36286938190460205,0.07224740833044052,0.5240228772163391,0.4274859130382538,0.007602645084261894,0.525194525718689,0.42780959606170654,0.00744296470656991,0.5121526718139648,0.4038170278072357,-0.012833225540816784,0.5212963223457336,0.39773115515708923,-0.006521014962345362,0.5129837393760681,0.4020009934902191,-0.013405942358076572,0.5254188776016235,0.36330893635749817,-0.003851676359772682,0.5366002321243286,0.36706891655921936,-0.0007172854384407401,0.5235583782196045,0.38759294152259827,-0.010393530130386353,0.5444729328155518,0.26124024391174316,-0.001358467387035489,0.5415109992027283,0.27743610739707947,-0.008744100108742714,0.5360252857208252,0.2978394031524658,-0.013785326853394508,0.5293391346931458,0.4392178952693939,0.010070274583995342,0.5098095536231995,0.3071814477443695,-0.02407187968492508,0.511548638343811,0.2792527675628662,-0.024426903575658798,0.5119412541389465,0.255069762468338,-0.023322228342294693,0.5396425724029541,0.334746390581131,0.0033291736617684364,0.5563692450523376,0.3412254750728607,0.014798367395997047,0.5145940780639648,0.33732855319976807,-0.002011257689446211,0.547105073928833,0.31986141204833984,0.004816056694835424,0.5139444470405579,0.3553159832954407,-0.01059496309608221,0.5191332101821899,0.3892402946949005,-0.022960392758250237,0.5642493963241577,0.3463616371154785,0.023435935378074646,0.5528606176376343,0.3490230441093445,0.009915160946547985,0.5455181002616882,0.3547205328941345,0.004066798370331526,0.5335875749588013,0.3557082712650299,0.0004772031679749489,0.5245779752731323,0.35345903038978577,-0.0019092104630544782,0.5180097818374634,0.35079994797706604,-0.004695293493568897,0.5052796602249146,0.3462231755256653,-0.02002873085439205,0.5652230381965637,0.3657122552394867,0.024635834619402885,0.5523103475570679,0.3180360496044159,0.007615290582180023,0.5077782869338989,0.4032321572303772,-0.02853281795978546,0.5189887881278992,0.36962392926216125,-0.008608832955360413,0.567212700843811,0.3217782974243164,0.06028379127383232,0.5129560232162476,0.34744808077812195,-0.006767097394913435,0.5238892436027527,0.3869800269603729,-0.0038606049492955208,0.543494462966919,0.3251665234565735,0.007531821262091398,0.5185819864273071,0.3824338912963867,-0.021285511553287506,0.5676528215408325,0.3854289650917053,0.07288873195648193,0.5141621828079224,0.33400285243988037,-0.0010372892720624804,0.5135073065757751,0.3794018626213074,-0.028391512110829353,0.5541863441467285,0.4357856214046478,0.03802311792969704,0.5533356070518494,0.4441116154193878,0.05131811276078224,0.5696307420730591,0.3646286129951477,0.04828304424881935,0.5613482594490051,0.42219799757003784,0.044551558792591095,0.562678873538971,0.3087807595729828,0.028645655140280724,0.5313635468482971,0.47003594040870667,0.02099190466105938,0.5069817900657654,0.4044240117073059,-0.019553573802113533,0.5250465869903564,0.37447988986968994,-0.00501274224370718,0.5603615045547485,0.32898467779159546,0.02257673442363739,0.5335986614227295,0.3319469690322876,0.0002577815903350711,0.5286794304847717,0.33359843492507935,-0.0015291150193661451,0.5273116230964661,0.4290570020675659,0.00917430967092514,0.5653572678565979,0.3839479982852936,0.029701000079512596,0.5214781165122986,0.4828624427318573,0.023529747501015663,0.5375005602836609,0.4674023389816284,0.03568224608898163,0.5447102785110474,0.4577350616455078,0.04259232059121132,0.5236138701438904,0.33402132987976074,-0.0021989792585372925,0.5187017321586609,0.3338884115219116,-0.001756287645548582,0.5156217813491821,0.3341771364212036,-0.0008899465901777148,0.5564242601394653,0.3147847652435303,0.013917583040893078,0.5189263820648193,0.32620689272880554,-0.0037628544960170984,0.5238949060440063,0.3226582705974579,-0.004772008862346411,0.5291876792907715,0.32145392894744873,-0.004190385341644287,0.5342838168144226,0.3218854069709778,-0.0021127343643456697,0.537413477897644,0.3231576085090637,0.0003943787596654147,0.5647897124290466,0.3014100193977356,0.04609733447432518,0.5366966724395752,0.329851359128952,0.002370342379435897,0.5246363282203674,0.40974104404449463,-0.004229485522955656,0.5184814929962158,0.3955063223838806,-0.01606088876724243,0.5133535861968994,0.41107916831970215,-0.011106539517641068,0.5460993647575378,0.4489476978778839,0.03321909159421921,0.5388565063476562,0.45944955945014954,0.027623726055026054,0.5217580795288086,0.4782397747039795,0.015008301474153996,0.559816300868988,0.428944855928421,0.06163628399372101,0.515629231929779,0.33095693588256836,-0.0022316935937851667,0.5106216073036194,0.3605991005897522,-0.019396625459194183,0.5301503539085388,0.47617971897125244,0.028460688889026642,0.5688244700431824,0.38501736521720886,0.050503961741924286,0.5170613527297974,0.4306970238685608,0.000650367874186486,0.518338680267334,0.433026522397995,0.00033131541567854583,0.5193482637405396,0.4360671043395996,-0.00019835942657664418,0.5201157331466675,0.4398364722728729,0.0012174949515610933,0.5234916806221008,0.4469437599182129,0.0070365420542657375,0.5251611471176147,0.4265265464782715,0.006286693271249533,0.5261566638946533,0.4255361557006836,0.006327197887003422,0.5269849896430969,0.4246084690093994,0.006164620164781809,0.5359423160552979,0.4160681664943695,0.0066987196914851665,0.5585631132125854,0.3914649188518524,0.016787607222795486,0.5094602704048157,0.35023024678230286,-0.01491275243461132,0.5097570419311523,0.32969385385513306,-0.00685539934784174,0.5131556987762451,0.32906705141067505,-0.004008664283901453,0.5240611433982849,0.4275737702846527,0.007124746218323708,0.5593721866607666,0.411379873752594,0.03011799231171608,0.5053712129592896,0.3321188688278198,-0.015388642437756062,0.5270200371742249,0.4543483257293701,0.011627541854977608,0.5061628818511963,0.35742226243019104,-0.02498568221926689,0.5159792304039001,0.3739778697490692,-0.01701633259654045,0.5181269645690918,0.4615662097930908,0.008106566034257412,0.5392561554908752,0.4342990219593048,0.017213156446814537,0.5296850800514221,0.39249956607818604,-0.0009808492613956332,0.5336148738861084,0.4452013075351715,0.014917797408998013,0.5448604226112366,0.3881090581417084,0.0023112897761166096,0.5365056395530701,0.39983049035072327,0.002188843907788396,0.5508297085762024,0.40029534697532654,0.010140503756701946,0.5206515789031982,0.47097885608673096,0.010233256034553051,0.5196120142936707,0.3772886395454407,-0.011389265768229961,0.5442912578582764,0.44006937742233276,0.02442559413611889,0.5371281504631042,0.4516194462776184,0.02114935778081417,0.5441356301307678,0.4226212501525879,0.016363615170121193,0.5643126964569092,0.3991606831550598,0.0344139002263546,0.5517979860305786,0.422667533159256,0.022890042513608932,0.566533625125885,0.40407395362854004,0.050830334424972534,0.54212486743927,0.40870586037635803,0.007478878367692232,0.5146428942680359,0.36500710248947144,-0.013595527969300747,0.5176047682762146,0.39404764771461487,-0.02410101890563965,0.521070122718811,0.3939708471298218,-0.016473758965730667,0.5147247314453125,0.38947510719299316,-0.02935686521232128,0.513704776763916,0.32155442237854004,-0.009584776125848293,0.5232531428337097,0.31455206871032715,-0.010708031244575977,0.5319715738296509,0.3119039833545685,-0.009603270329535007,0.539231538772583,0.31207704544067383,-0.006144866347312927,0.5442086458206177,0.3146173655986786,-0.0015029722126200795,0.5486108064651489,0.327116996049881,0.010549182072281837,0.5691515207290649,0.3450135886669159,0.043910879641771317,0.545434832572937,0.3407673239707947,0.007138065993785858,0.5397580862045288,0.34502729773521423,0.0032737229485064745,0.5315595269203186,0.3465414345264435,0.00034749784390442073,0.5236265659332275,0.34588226675987244,-0.0015653022564947605,0.5175727605819702,0.3443610966205597,-0.0026864397805184126,0.5133923888206482,0.34268927574157715,-0.0037517917808145285,0.5678693652153015,0.3419381380081177,0.06834817677736282,0.5209254622459412,0.3954012095928192,-0.013030098751187325,0.5115963816642761,0.3699108958244324,-0.023005282506346703,0.5136204957962036,0.3964390754699707,-0.029113158583641052,0.5107020735740662,0.4006938338279724,-0.026008987799286842,0.5136288404464722,0.3972943127155304,-0.025843197479844093,0.5195322632789612,0.39774784445762634,-0.010518391616642475,0.5096470713615417,0.40209197998046875,-0.027613023295998573,0.508877158164978,0.40329283475875854,-0.019719572737812996,0.5123521089553833,0.3352088928222656,-0.002059689722955227,0.5098848342895508,0.3387874662876129,-0.0057534147053956985,0.5087411999702454,0.34163713455200195,-0.00994424894452095,0.5392661094665527,0.32420942187309265,0.0028979287017136812,0.5432794690132141,0.32041284441947937,0.0031027623917907476,0.4636910557746887,0.33738037943840027,-0.004361934959888458,0.47044649720191956,0.33659955859184265,-0.004361934959888458,0.46326014399528503,0.32909297943115234,-0.004361934959888458,0.456888884305954,0.33815816044807434,-0.004361934959888458,0.46408262848854065,0.3456893265247345,-0.004361934959888458,0.5277496576309204,0.3270677328109741,-0.0005253200652077794,0.5342075228691101,0.3258656859397888,-0.0005253200652077794,0.5269358158111572,0.31904923915863037,-0.0005253200652077794,0.5213158130645752,0.3281521797180176,-0.0005253200652077794,0.5286181569099426,0.3351643979549408,-0.0005253200652077794
2433.333333333333,0.5039543509483337,0.426895409822464,-0.011469253338873386,0.5030777454376221,0.40010565519332886,-0.03287931904196739,0.502812922000885,0.4060423672199249,-0.014975660480558872,0.494811475276947,0.3690711557865143,-0.028961021453142166,0.5023888349533081,0.3911253809928894,-0.03616330772638321,0.5011314749717712,0.3781971037387848,-0.035236652940511703,0.4977796673774719,0.345429003238678,-0.023162342607975006,0.45111945271492004,0.34150102734565735,-0.0007667093304917216,0.4955505430698395,0.3213918209075928,-0.02226020209491253,0.49452969431877136,0.30888861417770386,-0.02564297802746296,0.48989731073379517,0.25847575068473816,-0.0263550765812397,0.5040919184684753,0.4298858344554901,-0.010108615271747112,0.5041471719741821,0.4327983856201172,-0.007729299366474152,0.5041618347167969,0.43474721908569336,-0.004152597859501839,0.5040363669395447,0.43492841720581055,-0.0029141176491975784,0.5043591856956482,0.43873411417007446,-0.0029124112334102392,0.5046395063400269,0.44315874576568604,-0.0036437492817640305,0.5048602819442749,0.4477025866508484,-0.0020171653013676405,0.5061668753623962,0.4560362994670868,0.004947673995047808,0.5031774044036865,0.40389111638069153,-0.02906736731529236,0.4965859353542328,0.40337300300598145,-0.020450370386242867,0.41996604204177856,0.3072989284992218,0.02130887471139431,0.46963784098625183,0.34795689582824707,-0.0056657432578504086,0.46341559290885925,0.3492967188358307,-0.005385323893278837,0.4571555554866791,0.3498437702655792,-0.003936190623790026,0.4483596682548523,0.34536340832710266,0.0006595044978894293,0.4748830497264862,0.3458002507686615,-0.004884468391537666,0.45863622426986694,0.3249477744102478,-0.010893164202570915,0.4660532772541046,0.32529938220977783,-0.010678833350539207,0.45205745100975037,0.32710182666778564,-0.008760828524827957,0.4479323923587799,0.3308255672454834,-0.006022804416716099,0.44272786378860474,0.35234522819519043,0.0044635324738919735,0.48509377241134644,0.4697125256061554,0.0139669394120574,0.448371946811676,0.3394375741481781,0.0009592904825694859,0.4209592640399933,0.3484046459197998,0.031027980148792267,0.4345598518848419,0.34681466221809387,0.00953580904752016,0.4683086574077606,0.3898034393787384,-0.005626014433801174,0.49605855345726013,0.42616352438926697,-0.011258934624493122,0.4968979060649872,0.43308916687965393,-0.007129349745810032,0.4886605739593506,0.42871737480163574,-0.007515227887779474,0.48348355293273926,0.43066129088401794,-0.0023630240466445684,0.49063941836357117,0.43328386545181274,-0.004755817819386721,0.48566189408302307,0.43340879678726196,-0.00017597847909200937,0.47529280185699463,0.4402548372745514,0.01023639366030693,0.4978523552417755,0.4004395604133606,-0.03257748484611511,0.4964222311973572,0.391806036233902,-0.03566979244351387,0.4382840692996979,0.3257571756839752,-0.006344692315906286,0.47981974482536316,0.36567381024360657,-0.009476294741034508,0.4819652736186981,0.3960743248462677,-0.017950808629393578,0.4810577630996704,0.390682578086853,-0.016654888167977333,0.44794872403144836,0.38971975445747375,0.0012920669978484511,0.4955032467842102,0.37973159551620483,-0.033547140657901764,0.45399126410484314,0.3159202039241791,-0.017829420045018196,0.44470715522766113,0.3193580210208893,-0.012924869544804096,0.42553311586380005,0.2912901043891907,0.006756204646080732,0.4833090901374817,0.3224945664405823,-0.021219486370682716,0.472591370344162,0.32845234870910645,-0.008207542821764946,0.4695127606391907,0.43225979804992676,0.009908357635140419,0.43636924028396606,0.4289204478263855,0.06241358816623688,0.486863911151886,0.40072840452194214,-0.014656688086688519,0.49214938282966614,0.40300053358078003,-0.014204462990164757,0.47646766901016235,0.43308380246162415,0.00956021249294281,0.47793397307395935,0.43332958221435547,0.007962711155414581,0.4408223330974579,0.3137701153755188,-0.011028229258954525,0.4815908372402191,0.3988911807537079,-0.01383030042052269,0.46671998500823975,0.316478431224823,-0.02073005400598049,0.46525922417640686,0.3092942237854004,-0.0233521219342947,0.4514628052711487,0.2680886685848236,-0.019250845536589622,0.4323144257068634,0.30254289507865906,-0.0035656269174069166,0.45796632766723633,0.28784048557281494,-0.021958358585834503,0.4339575469493866,0.3216162919998169,-0.0018802257254719734,0.42610305547714233,0.31527864933013916,0.008922995999455452,0.49638238549232483,0.4299655258655548,-0.009860724210739136,0.4896225333213806,0.4311024248600006,-0.006281421519815922,0.48452824354171753,0.43203046917915344,-0.0017074429197236896,0.48826879262924194,0.40189167857170105,-0.012951180338859558,0.47721949219703674,0.4332071542739868,0.008717801421880722,0.4805279076099396,0.4357483386993408,0.005747548304498196,0.4786898195743561,0.43348756432533264,0.007811238523572683,0.4902527630329132,0.39930498600006104,-0.02399483695626259,0.4865756034851074,0.43450817465782166,0.001300904667004943,0.4915468692779541,0.4348224699497223,-0.001608295482583344,0.49744969606399536,0.4349919259548187,-0.003730230266228318,0.49766528606414795,0.45664551854133606,0.004972188267856836,0.49695128202438354,0.44785037636756897,-0.0019601902458816767,0.4969104528427124,0.44322702288627625,-0.0034038524609059095,0.4970704913139343,0.4388272762298584,-0.002575028920546174,0.49737289547920227,0.43523263931274414,-0.0024887691251933575,0.48647570610046387,0.43459808826446533,0.0022896912414580584,0.4855005443096161,0.4361989498138428,0.001929046818986535,0.484470933675766,0.43841224908828735,0.001512338174507022,0.4836677312850952,0.4409734010696411,0.0029551575426012278,0.4761546850204468,0.4203019142150879,-0.001904087606817484,0.4235032796859741,0.38510361313819885,0.0637369304895401,0.503034234046936,0.4050300419330597,-0.02010590396821499,0.4827578067779541,0.43409422039985657,0.0055761802941560745,0.4816470146179199,0.434824675321579,0.005444477777928114,0.49451613426208496,0.4060932397842407,-0.01357174851000309,0.4837196171283722,0.40310943126678467,-0.008070285432040691,0.4933929145336151,0.40458911657333374,-0.01414486113935709,0.47332584857940674,0.3711419403553009,-0.006737032905220985,0.46293455362319946,0.3782021999359131,-0.004542275797575712,0.47999289631843567,0.3939245641231537,-0.01250322163105011,0.4354175329208374,0.2779724597930908,-0.0073788780719041824,0.4423269033432007,0.29295074939727783,-0.013557899743318558,0.4514683485031128,0.3089764714241028,-0.01812482252717018,0.48150011897087097,0.447068452835083,0.008105636574327946,0.48073503375053406,0.31085702776908875,-0.025571385398507118,0.47404512763023376,0.2854294776916504,-0.026192475110292435,0.4690229892730713,0.2620483636856079,-0.02551415003836155,0.451655775308609,0.3485417068004608,-0.0015274594770744443,0.43565523624420166,0.3597489595413208,0.008628624491393566,0.478223979473114,0.34370744228363037,-0.004279936198145151,0.44151097536087036,0.3353957533836365,-0.0008083549910224974,0.48403170704841614,0.3598639965057373,-0.012346663512289524,0.485935777425766,0.39389199018478394,-0.024570269510149956,0.4292237162590027,0.36714258790016174,0.016504157334566116,0.44083648920059204,0.36618757247924805,0.004090469796210527,0.4497659504413605,0.36936673521995544,-0.0009100011084228754,0.46243923902511597,0.3667409420013428,-0.0033556909766048193,0.47143346071243286,0.36205989122390747,-0.004871667362749577,0.47793111205101013,0.3574824333190918,-0.0069611272774636745,0.4919188916683197,0.34823471307754517,-0.0207672119140625,0.4319445788860321,0.38610389828681946,0.017732637003064156,0.4359789490699768,0.3350432515144348,0.001460902625694871,0.4999392330646515,0.4040132164955139,-0.028878534212708473,0.4812970757484436,0.3752135634422302,-0.010714373551309109,0.41777604818344116,0.3447847068309784,0.05140471085906029,0.4828841984272003,0.3526216745376587,-0.008546539582312107,0.4790780246257782,0.39353102445602417,-0.00598631426692009,0.4455927312374115,0.34032511711120605,0.002172475680708885,0.4849953353404999,0.3872382938861847,-0.022948749363422394,0.4285125732421875,0.4068377912044525,0.06467081606388092,0.47773316502571106,0.34047994017601013,-0.0034061928745359182,0.4901255965232849,0.38273534178733826,-0.029566066339612007,0.4552978277206421,0.4508965015411377,0.03313704952597618,0.45652857422828674,0.45899859070777893,0.04564381763339043,0.425132155418396,0.3868902623653412,0.04078298807144165,0.4450092911720276,0.4398941993713379,0.03863899037241936,0.42301174998283386,0.3303549587726593,0.021468833088874817,0.4849330186843872,0.47751283645629883,0.0190868116915226,0.5004150867462158,0.4050167500972748,-0.019792716950178146,0.47577300667762756,0.38181138038635254,-0.007568941451609135,0.4287077784538269,0.3486754298210144,0.015754958614706993,0.4577499032020569,0.34363850951194763,-0.004029642790555954,0.4631505310535431,0.3436134457588196,-0.005314750596880913,0.47955992817878723,0.4368992745876312,0.006928963121026754,0.434856653213501,0.403805136680603,0.02301783487200737,0.49668583273887634,0.4870407283306122,0.022577648982405663,0.477539598941803,0.4771173596382141,0.032367780804634094,0.46833568811416626,0.4697572588920593,0.0381702184677124,0.4921763241291046,0.28317442536354065,-0.02686369977891445,0.5087140798568726,0.4868049621582031,0.021662114188075066,0.46829134225845337,0.34261053800582886,-0.005447003990411758,0.4731680750846863,0.34130755066871643,-0.004554223269224167,0.4763323664665222,0.3408892750740051,-0.0034276216756552458,0.43086159229278564,0.33312270045280457,0.007323933765292168,0.4714592397212982,0.33440065383911133,-0.006670624949038029,0.4657653272151947,0.33207136392593384,-0.008127591572701931,0.46027451753616333,0.33204713463783264,-0.008061178028583527,0.4549253582954407,0.3338540494441986,-0.006497151684015989,0.4516672194004059,0.3362424969673157,-0.0042885723523795605,0.41754114627838135,0.32411399483680725,0.03737675026059151,0.45394307374954224,0.3427402675151825,-0.0022769244387745857,0.5032028555870056,0.41249579191207886,-0.012289737351238728,0.48238620162010193,0.415887713432312,-0.00623619370162487,0.486959308385849,0.39986610412597656,-0.017471088096499443,0.49445316195487976,0.4136252999305725,-0.011952754110097885,0.49647948145866394,0.33265382051467896,-0.02039976790547371,0.4658951461315155,0.4613717496395111,0.029434697702527046,0.4753318130970001,0.4693995714187622,0.024823874235153198,0.49607905745506287,0.4824632406234741,0.01425876934081316,0.4462207853794098,0.44635874032974243,0.05479390546679497,0.47570833563804626,0.3380776047706604,-0.004837642423808575,0.48912549018859863,0.3637925386428833,-0.02057294175028801,0.5084999203681946,0.481952428817749,0.013569570146501064,0.48674964904785156,0.48340824246406555,0.02622709795832634,0.4295121133327484,0.4063584506511688,0.0432715006172657,0.49147143959999084,0.4350132942199707,-0.0004564467235468328,0.49063146114349365,0.4377608597278595,-0.0007621492259204388,0.4900386929512024,0.4412233233451843,-0.0012992630945518613,0.4897276759147644,0.4453688859939575,0.00010086200927617028,0.48878213763237,0.45303624868392944,0.005763766821473837,0.48159268498420715,0.4333447515964508,0.0040166378021240234,0.4804650843143463,0.4326632618904114,0.0038615516386926174,0.4795384109020233,0.4319485127925873,0.003512102644890547,0.4714222252368927,0.42580434679985046,0.0035611186176538467,0.4442184269428253,0.40884602069854736,0.011126728728413582,0.48803457617759705,0.3534561097621918,-0.016155436635017395,0.48287659883499146,0.33445632457733154,-0.008428393863141537,0.47846657037734985,0.33516019582748413,-0.00621776795014739,0.48277920484542847,0.4340749680995941,0.0049161165952682495,0.44618532061576843,0.42860835790634155,0.024500373750925064,0.4890442192554474,0.3348958194255829,-0.01635783165693283,0.4866926372051239,0.46100014448165894,0.010203116573393345,0.5000061392784119,0.36719557642936707,-0.0309420358389616,0.4933874011039734,0.3592997193336487,-0.02559697814285755,0.49894964694976807,0.3568449020385742,-0.02695850469172001,0.4857936203479767,0.37833651900291443,-0.01856127753853798,0.5079149603843689,0.4743891656398773,0.008699043653905392,0.5069957375526428,0.46463361382484436,0.006992482580244541,0.49690496921539307,0.465323805809021,0.00776345981284976,0.4706535339355469,0.4449470341205597,0.014181396923959255,0.4740813970565796,0.4008156955242157,-0.0035821027122437954,0.47826462984085083,0.4540097117424011,0.012724309228360653,0.45844870805740356,0.4012211859226227,-0.0017908657900989056,0.4686243534088135,0.4100727140903473,-0.0010079356143251061,0.4541182518005371,0.4150177240371704,0.005544024985283613,0.49611151218414307,0.4750453233718872,0.009627829305827618,0.48214179277420044,0.38275545835494995,-0.013297867961227894,0.46660420298576355,0.45217496156692505,0.02087024226784706,0.47596877813339233,0.461235374212265,0.018616152927279472,0.4640355706214905,0.43479716777801514,0.012473400682210922,0.43847164511680603,0.4182947874069214,0.028028065338730812,0.45622801780700684,0.43728843331336975,0.01831606775522232,0.4356198310852051,0.42402055859565735,0.04398408159613609,0.4642558991909027,0.4204992651939392,0.0037810171488672495,0.48530662059783936,0.36934882402420044,-0.015283007174730301,0.48826348781585693,0.39808014035224915,-0.02556695230305195,0.48417532444000244,0.399168461561203,-0.0181460939347744,0.4909040629863739,0.39275747537612915,-0.030488157644867897,0.47749289870262146,0.3273756206035614,-0.011712591163814068,0.46655938029289246,0.32247239351272583,-0.013763098046183586,0.4570138454437256,0.3219892978668213,-0.013563987798988819,0.4492730498313904,0.3243577182292938,-0.01090320572257042,0.44403505325317383,0.32873913645744324,-0.00681386049836874,0.44085928797721863,0.34352028369903564,0.004831014201045036,0.42212843894958496,0.36767706274986267,0.03621916472911835,0.44677549600601196,0.35606804490089417,0.0018837612587958574,0.45383432507514954,0.3584524691104889,-0.001314691617153585,0.4626700282096863,0.35741105675697327,-0.00346413254737854,0.47064581513404846,0.35447192192077637,-0.004610246047377586,0.4767051041126251,0.3512762188911438,-0.0050025517120957375,0.480912446975708,0.3483823537826538,-0.005665245000272989,0.42026442289352417,0.36461949348449707,0.059563010931015015,0.4841561019420624,0.4006447196006775,-0.014676821418106556,0.4900525212287903,0.37303364276885986,-0.024192780256271362,0.4930749237537384,0.3992067575454712,-0.03003559447824955,0.4962899088859558,0.40256384015083313,-0.026563018560409546,0.49285751581192017,0.40005525946617126,-0.0267962459474802,0.4857686161994934,0.4025718569755554,-0.011915633454918861,0.49778786301612854,0.4035457372665405,-0.02806927263736725,0.49824583530426025,0.40459340810775757,-0.02009815163910389,0.48020151257514954,0.34100356698036194,-0.004044066183269024,0.4840819835662842,0.3434607684612274,-0.007288781926035881,0.48650214076042175,0.34558239579200745,-0.011211538687348366,0.4497961401939392,0.3380213677883148,-0.001983936410397291,0.4453137516975403,0.33507463335990906,-0.0020958497188985348,0.5052719712257385,0.36743518710136414,-0.028316820040345192,0.5381044149398804,0.32824379205703735,0.003683136310428381,0.5087907314300537,0.40134191513061523,-0.01994406431913376,0.5594444870948792,0.28621354699134827,0.028878511860966682,0.5221477150917053,0.3404303193092346,-0.0027600934263318777,0.5284252166748047,0.3397166430950165,-0.0018894056556746364,0.5343700051307678,0.3381265699863434,8.131983486237004e-05,0.5410881042480469,0.3310245871543884,0.005376339890062809,0.5166695713996887,0.33958929777145386,-0.002604832872748375,0.5292732119560242,0.31485697627067566,-0.007214553188532591,0.5221934914588928,0.316983163356781,-0.007772816810756922,0.5357365012168884,0.3151131868362427,-0.004530751146376133,0.5398429036140442,0.31747516989707947,-0.001495233504101634,0.5475553870201111,0.3362274765968323,0.009587913751602173,0.5288619995117188,0.46251821517944336,0.016013508662581444,0.5399709939956665,0.32531386613845825,0.005632353946566582,0.5658487677574158,0.3262217938899994,0.037839535623788834,0.5538365244865417,0.32889723777770996,0.015259970910847187,0.5322117805480957,0.3799915909767151,-0.002614811295643449,0.5113706588745117,0.4241337776184082,-0.010514630004763603,0.5109754800796509,0.43116480112075806,-0.0064237480983138084,0.5181671380996704,0.42473137378692627,-0.005970826372504234,0.5226061940193176,0.4252711236476898,-0.00025320990243926644,0.5165390968322754,0.42975538969039917,-0.0034341909922659397,0.5207442045211792,0.42858102917671204,0.0016288061160594225,0.5326636433601379,0.431294322013855,0.012895260937511921,0.5080853700637817,0.3988049626350403,-0.03216835856437683,0.5082051157951355,0.38992995023727417,-0.035196706652641296,0.5482609272003174,0.3105827867984772,-0.000946345622651279,0.5171127915382385,0.35992616415023804,-0.007466437760740519,0.5212518572807312,0.3900606632232666,-0.016111191362142563,0.521002471446991,0.3845504820346832,-0.014768543653190136,0.5509250164031982,0.3738499581813812,0.006192012224346399,0.5067087411880493,0.37793830037117004,-0.03292958438396454,0.5335633158683777,0.30560457706451416,-0.013957250863313675,0.5420867800712585,0.30636149644851685,-0.008170796558260918,0.5529829263687134,0.2721851170063019,0.013560057617723942,0.5075209736824036,0.3189718723297119,-0.01989978924393654,0.5162121057510376,0.32170456647872925,-0.005876605398952961,0.537053644657135,0.42187997698783875,0.013202590867877007,0.5641326308250427,0.4091709852218628,0.06953426450490952,0.5171105861663818,0.39610356092453003,-0.013291222974658012,0.5125102400779724,0.399848997592926,-0.013502243906259537,0.5283610224723816,0.4257732033729553,0.012390883639454842,0.5269939303398132,0.42642807960510254,0.010456439107656479,0.5447244048118591,0.30007633566856384,-0.006000966764986515,0.5216178297996521,0.3928079605102539,-0.012031175196170807,0.5221307873725891,0.3090282082557678,-0.01809094101190567,0.522640585899353,0.30178678035736084,-0.020638616755604744,0.5273352861404419,0.2569575309753418,-0.015407929196953773,0.5499176979064941,0.2844993472099304,0.0019257105886936188,0.5251955986022949,0.27761155366897583,-0.018881797790527344,0.5512809753417969,0.3055526912212372,0.0038522265385836363,0.5567167401313782,0.29529887437820435,0.015068365260958672,0.511341392993927,0.42796891927719116,-0.009122949093580246,0.5174224972724915,0.4273514151573181,-0.004852512385696173,0.5217580795288086,0.42689305543899536,0.00021625419321935624,0.5158379077911377,0.39767494797706604,-0.011828741990029812,0.5276586413383484,0.4261090159416199,0.011336815543472767,0.5251525044441223,0.42926260828971863,0.007911408320069313,0.5262793302536011,0.4267984628677368,0.010243645869195461,0.5143215656280518,0.39557507634162903,-0.022726906463503838,0.5198469758033752,0.42990413308143616,0.0030027604661881924,0.515669047832489,0.43150463700294495,-0.00034693151246756315,0.510461688041687,0.43320125341415405,-0.0030270316638052464,0.5145347714424133,0.45396095514297485,0.005648832302540541,0.5123709440231323,0.4454432427883148,-0.0012400583364069462,0.5118811726570129,0.44091057777404785,-0.002641107887029648,0.511184573173523,0.4366942048072815,-0.001830456661991775,0.5103335976600647,0.43330615758895874,-0.0017703522462397814,0.5197583436965942,0.4297848045825958,0.00398556562140584,0.5210036635398865,0.4309723377227783,0.0036101844161748886,0.5222315192222595,0.4327230751514435,0.003260137513279915,0.5232160687446594,0.4349018931388855,0.00481267087161541,0.5295932292938232,0.4122028350830078,0.0005254906136542559,0.5675303936004639,0.36299026012420654,0.07150743156671524,0.5228365063667297,0.4283866882324219,0.007680325303226709,0.5240177512168884,0.42873525619506836,0.007537531200796366,0.510784387588501,0.40364041924476624,-0.0128879863768816,0.5199903845787048,0.3976408541202545,-0.006641906686127186,0.5116101503372192,0.40182217955589294,-0.013460644520819187,0.5239742398262024,0.36338749527931213,-0.004073362797498703,0.5351181626319885,0.3671411871910095,-0.0010031656129285693,0.5222322344779968,0.3874925971031189,-0.010547565296292305,0.5429278016090393,0.26202118396759033,-0.0018359136302024126,0.539923369884491,0.27805206179618835,-0.009121333248913288,0.5349544286727905,0.2981656789779663,-0.014106705784797668,0.5281749963760376,0.4396446943283081,0.010268358513712883,0.5084574818611145,0.30719995498657227,-0.02418351359665394,0.5099002122879028,0.2799709439277649,-0.02456817589700222,0.5103117823600769,0.25602012872695923,-0.023547636345028877,0.5388866066932678,0.33520689606666565,0.0029345927760004997,0.5553805232048035,0.34132295846939087,0.014281225390732288,0.5130553245544434,0.338360995054245,-0.0022509093396365643,0.5462288856506348,0.3200826048851013,0.0043616704642772675,0.5124615430831909,0.3554447293281555,-0.010741634294390678,0.5176903605461121,0.3890064060688019,-0.023057403042912483,0.5629439353942871,0.3465504050254822,0.022845564410090446,0.5520409345626831,0.3489743769168854,0.009448707103729248,0.5448001027107239,0.3546101748943329,0.0036785281263291836,0.5327562689781189,0.35582512617111206,0.0001768414513207972,0.5235358476638794,0.35383671522140503,-0.0021535493433475494,0.5167653560638428,0.3513018786907196,-0.0048866611905395985,0.5037421584129333,0.34638822078704834,-0.020099472254514694,0.5639915466308594,0.36579224467277527,0.024070613086223602,0.5512851476669312,0.3183596134185791,0.007120083551853895,0.5062997937202454,0.4029446840286255,-0.028545720502734184,0.5175867080688477,0.36962708830833435,-0.008779097348451614,0.5660976767539978,0.3221513032913208,0.05948515981435776,0.5115582346916199,0.3479727506637573,-0.0069351354613900185,0.5225863456726074,0.3869084417819977,-0.0040306588634848595,0.5427238941192627,0.32542452216148376,0.007080438546836376,0.5171627998352051,0.38226717710494995,-0.021394696086645126,0.5670005083084106,0.3854178786277771,0.072213314473629,0.5125052332878113,0.33510828018188477,-0.0012875021202489734,0.5120274424552917,0.379277765750885,-0.028463562950491905,0.5530381202697754,0.4356602132320404,0.03783060237765312,0.5523471236228943,0.44393065571784973,0.051085684448480606,0.5686608552932739,0.36472320556640625,0.047591593116521835,0.5603025555610657,0.4221121072769165,0.04416205361485481,0.5613203048706055,0.3092035949230194,0.027995958924293518,0.530184268951416,0.47002899646759033,0.021305441856384277,0.5055307149887085,0.4041704833507538,-0.019581273198127747,0.5236565470695496,0.3744867444038391,-0.0052133770659565926,0.5592076182365417,0.32932549715042114,0.02198735810816288,0.5328059792518616,0.33269429206848145,-9.9095021141693e-05,0.5277596712112427,0.33454078435897827,-0.0018523121252655983,0.5261812806129456,0.4300621449947357,0.009253498166799545,0.5642126798629761,0.3839380741119385,0.029171548783779144,0.5203444957733154,0.4830046594142914,0.02398223802447319,0.5364294052124023,0.46726468205451965,0.03584768995642662,0.5436564087867737,0.45753178000450134,0.04258270934224129,0.5224947333335876,0.33512985706329346,-0.0024939412251114845,0.5173443555831909,0.33507058024406433,-0.00202864408493042,0.5140717625617981,0.3353354334831238,-0.0011487946612760425,0.5552136301994324,0.31525713205337524,0.013368404470384121,0.5174829363822937,0.3270363509654999,-0.004029156174510717,0.5226848721504211,0.32319003343582153,-0.005051197949796915,0.5282048583030701,0.3216976523399353,-0.00449462840333581,0.5334795117378235,0.3219866454601288,-0.002456383081153035,0.5367069840431213,0.3232933580875397,1.9641629478428513e-05,0.5635319352149963,0.30189841985702515,0.04533515125513077,0.5359748601913452,0.3304569721221924,0.0019792017992585897,0.5233300924301147,0.40973252058029175,-0.004341396503150463,0.5170699954032898,0.3952782154083252,-0.016162537038326263,0.511981189250946,0.41103291511535645,-0.011146717704832554,0.5449474453926086,0.4488043785095215,0.03323063999414444,0.5376819968223572,0.45933184027671814,0.027796557173132896,0.5205664038658142,0.4783730208873749,0.015460588037967682,0.5589644312858582,0.4288375675678253,0.061198458075523376,0.5140275359153748,0.33198752999305725,-0.0024894464295357466,0.509118378162384,0.3606718182563782,-0.019489139318466187,0.5290595293045044,0.4761720895767212,0.028781935572624207,0.5679877400398254,0.38502582907676697,0.04986416548490524,0.5155696272850037,0.4314805269241333,0.0008283015340566635,0.5168175101280212,0.4338266849517822,0.0005481339176185429,0.5178277492523193,0.436942458152771,5.2737461373908445e-05,0.5186302661895752,0.44079750776290894,0.0015017837285995483,0.5223614573478699,0.44757816195487976,0.0073437499813735485,0.5239976048469543,0.42744532227516174,0.006235967390239239,0.5250081419944763,0.42643266916275024,0.006273932754993439,0.5258406400680542,0.4254873991012573,0.00610394449904561,0.5345737338066101,0.4161524772644043,0.006615849677473307,0.557208240032196,0.3914366662502289,0.016401777043938637,0.5079497694969177,0.3503832221031189,-0.015024463646113873,0.5081325173377991,0.33040425181388855,-0.00703457510098815,0.5115100145339966,0.32990214228630066,-0.0042350199073553085,0.5228767991065979,0.4285080134868622,0.007067759055644274,0.5581331849098206,0.4113141894340515,0.02977493777871132,0.5037570595741272,0.3324946165084839,-0.015500369481742382,0.5258248448371887,0.4546401798725128,0.011959360912442207,0.5046373009681702,0.3575105369091034,-0.02503143437206745,0.5145447254180908,0.37392282485961914,-0.017135465517640114,0.5169058442115784,0.46204692125320435,0.008592410944402218,0.5380331873893738,0.4343593418598175,0.017290933057665825,0.5283499360084534,0.39245960116386414,-0.0011444126721471548,0.5324304103851318,0.445334255695343,0.015132726170122623,0.5433753132820129,0.3881221115589142,0.0020686660427600145,0.5350897312164307,0.3998304307460785,0.0020306252408772707,0.5493614077568054,0.4002746343612671,0.00990149937570095,0.519417405128479,0.47120726108551025,0.010722056031227112,0.5182441473007202,0.37720969319343567,-0.011536029167473316,0.5430805087089539,0.44001173973083496,0.024461228400468826,0.535926342010498,0.45159047842025757,0.02135198377072811,0.5428193807601929,0.4226300120353699,0.016300898045301437,0.5632003545761108,0.3991074860095978,0.0339418463408947,0.5505121350288391,0.4226173758506775,0.022740770131349564,0.5656601190567017,0.4040357768535614,0.05027702823281288,0.5406751036643982,0.4087216258049011,0.007344482466578484,0.5131891965866089,0.36504659056663513,-0.013729551807045937,0.516150712966919,0.3937740921974182,-0.024186324328184128,0.5196744799613953,0.39375826716423035,-0.016588829457759857,0.5132399201393127,0.38923436403274536,-0.02940896898508072,0.5122135281562805,0.3218974769115448,-0.009787742979824543,0.522026777267456,0.3145410418510437,-0.010949816554784775,0.5309950709342957,0.3117900490760803,-0.009892288595438004,0.5383948087692261,0.31200650334358215,-0.006489474792033434,0.5434088706970215,0.31465792655944824,-0.0019010284449905157,0.5476498007774353,0.3274267613887787,0.010071379132568836,0.5680241584777832,0.3452186584472656,0.04320218041539192,0.5446635484695435,0.3409830629825592,0.006706406828016043,0.5389655828475952,0.3452947735786438,0.0029041392263025045,0.5306842923164368,0.34701865911483765,3.908528742613271e-05,0.5225505828857422,0.346587598323822,-0.0018355818465352058,0.5162678360939026,0.34516438841819763,-0.002904966939240694,0.5119385123252869,0.34348082542419434,-0.00395181542262435,0.5668924450874329,0.34219253063201904,0.06756339222192764,0.5195702910423279,0.3952285647392273,-0.013152112253010273,0.5101054906845093,0.36989477276802063,-0.02309337444603443,0.512134313583374,0.3961442708969116,-0.029158268123865128,0.509227991104126,0.40042829513549805,-0.026039404794573784,0.5121548771858215,0.3970107436180115,-0.025896327570080757,0.5181945562362671,0.39761924743652344,-0.010626353323459625,0.5081663131713867,0.401812881231308,-0.02763528935611248,0.5074310898780823,0.40304893255233765,-0.019752394407987595,0.510680615901947,0.336198627948761,-0.0022839501034468412,0.5082931518554688,0.3395595848560333,-0.005927548743784428,0.5072225332260132,0.3421704173088074,-0.01008039154112339,0.538561224937439,0.32440775632858276,0.0024962781462818384,0.5425268411636353,0.3205660283565521,0.002687494270503521,0.4611084759235382,0.33829301595687866,-0.004295655060559511,0.4677640497684479,0.3375232219696045,-0.004295655060559511,0.46067094802856445,0.3302047848701477,-0.004295655060559511,0.45439258217811584,0.33905407786369324,-0.004295655060559511,0.4614912271499634,0.34637215733528137,-0.004295655060559511,0.5262193083763123,0.3278639316558838,-0.0008512806380167603,0.533123791217804,0.3264109790325165,-0.0008512806380167603,0.525242269039154,0.319469690322876,-0.0008512806380167603,0.5193036794662476,0.3292701244354248,-0.0008512806380167603,0.5272647738456726,0.3363109529018402,-0.0008512806380167603
2466.6666666666665,0.5028414726257324,0.42735353112220764,-0.011422094888985157,0.5009937286376953,0.40038588643074036,-0.03266642987728119,0.5009194016456604,0.4063293933868408,-0.014908084645867348,0.4928619861602783,0.3696020841598511,-0.0286227036267519,0.5002787113189697,0.39147087931632996,-0.035919539630413055,0.49906572699546814,0.3786463737487793,-0.03498432785272598,0.4959051311016083,0.3462410569190979,-0.022916974499821663,0.4493604898452759,0.34277409315109253,2.9167600587243214e-05,0.4937452971935272,0.3227088451385498,-0.022004881873726845,0.49272599816322327,0.31036943197250366,-0.025337420403957367,0.4882282018661499,0.26061296463012695,-0.02592923678457737,0.5029665231704712,0.430322527885437,-0.010066552087664604,0.502987802028656,0.4332239031791687,-0.007702593691647053,0.502961277961731,0.43516167998313904,-0.004185190424323082,0.5028419494628906,0.4353489279747009,-0.003000756027176976,0.5031744241714478,0.4391308128833771,-0.0030422911513596773,0.5034433603286743,0.44352155923843384,-0.003805764950811863,0.5036299824714661,0.4480166733264923,-0.0022439530584961176,0.5044785737991333,0.4559824764728546,0.00458497041836381,0.5011577010154724,0.40416547656059265,-0.028880439698696136,0.49469780921936035,0.4036247134208679,-0.02024424634873867,0.4191839396953583,0.3089462220668793,0.022392986342310905,0.4684540927410126,0.3492635190486908,-0.005074745509773493,0.4620160758495331,0.35076838731765747,-0.004699247889220715,0.45561063289642334,0.3511766195297241,-0.003175340360030532,0.44669026136398315,0.34635329246520996,0.001490729977376759,0.47387996315956116,0.3467385172843933,-0.004386729560792446,0.4568942189216614,0.32616177201271057,-0.010128672234714031,0.46454960107803345,0.3265121281147003,-0.010019464418292046,0.4501548409461975,0.3282144069671631,-0.007933359593153,0.445987731218338,0.33180633187294006,-0.005161574576050043,0.4413606822490692,0.35309451818466187,0.005326811224222183,0.48354101181030273,0.4699280560016632,0.013949013315141201,0.4466088116168976,0.34050536155700684,0.00177049043122679,0.42003220319747925,0.34954312443733215,0.03203539922833443,0.4333176016807556,0.3473935127258301,0.010463917627930641,0.4668049216270447,0.39024749398231506,-0.005081586539745331,0.494932621717453,0.42664456367492676,-0.011094145476818085,0.4957009255886078,0.4335244596004486,-0.006986501161009073,0.4874798059463501,0.4291462004184723,-0.007236067205667496,0.48227187991142273,0.43101486563682556,-0.0020075885113328695,0.48940151929855347,0.4336645305156708,-0.004504921846091747,0.48440104722976685,0.43372103571891785,0.00012661726213991642,0.4738471806049347,0.4402669668197632,0.010549584403634071,0.49580124020576477,0.4007035791873932,-0.03230145573616028,0.49435287714004517,0.3921338617801666,-0.03535518795251846,0.43614810705184937,0.32651180028915405,-0.0053617144003510475,0.4782986640930176,0.3663390874862671,-0.00901748426258564,0.4802054166793823,0.39638301730155945,-0.01754215732216835,0.47933414578437805,0.3910536766052246,-0.016235169023275375,0.4466544985771179,0.3901600241661072,0.0021106379572302103,0.4934923052787781,0.38015952706336975,-0.03320995345711708,0.45166897773742676,0.3169689476490021,-0.01699473336338997,0.4424082338809967,0.32029402256011963,-0.011986968107521534,0.42469385266304016,0.2930634021759033,0.00784576777368784,0.48135045170783997,0.3234173655509949,-0.020764995366334915,0.4713311493396759,0.32956093549728394,-0.00765578355640173,0.46804895997047424,0.4323527216911316,0.010372438468039036,0.43560361862182617,0.4297577142715454,0.06294497102499008,0.48508793115615845,0.4010043144226074,-0.014357732608914375,0.4903184771537781,0.4032880663871765,-0.014013135805726051,0.47517845034599304,0.43331724405288696,0.009971207939088345,0.47664350271224976,0.4335636496543884,0.00832073949277401,0.4384763538837433,0.3147382140159607,-0.010052666999399662,0.47986000776290894,0.3992038667201996,-0.013460461981594563,0.46450719237327576,0.3175295293331146,-0.020050637423992157,0.4628848731517792,0.3105054497718811,-0.022638564929366112,0.4503008723258972,0.27009159326553345,-0.018340105190873146,0.4312440752983093,0.30399757623672485,-0.002531274687498808,0.45659083127975464,0.28944656252861023,-0.021151196211576462,0.43192946910858154,0.3223925530910492,-0.0008670933893881738,0.4251278340816498,0.31666040420532227,0.009982251562178135,0.49522659182548523,0.4304191470146179,-0.00969599187374115,0.488417387008667,0.43150225281715393,-0.0060117063112556934,0.4832988381385803,0.43236252665519714,-0.0013769001234322786,0.48648521304130554,0.40217486023902893,-0.012694553472101688,0.47593140602111816,0.43344101309776306,0.009096315130591393,0.47925353050231934,0.4359613358974457,0.006026149727404118,0.47739285230636597,0.4337182939052582,0.008157502859830856,0.48840266466140747,0.3995499312877655,-0.02364080585539341,0.48528096079826355,0.4348113238811493,0.0015555823920294642,0.4902747869491577,0.43519389629364014,-0.0014221537858247757,0.4962097406387329,0.4354115128517151,-0.0036396223586052656,0.4960280954837799,0.4565404951572418,0.004742541816085577,0.4956755042076111,0.4481612741947174,-0.00205053249374032,0.49567607045173645,0.4435928463935852,-0.003433770965784788,0.495853453874588,0.4392216205596924,-0.0025731981731951237,0.49615052342414856,0.4356486201286316,-0.0024500589352101088,0.48520389199256897,0.43488025665283203,0.002502384362742305,0.4842368960380554,0.43646299839019775,0.0021033072844147682,0.4832063913345337,0.43864205479621887,0.0016798395663499832,0.48238930106163025,0.4411529302597046,0.0031248850282281637,0.47450578212738037,0.42053183913230896,-0.0015044022584334016,0.4228367507457733,0.3862302005290985,0.0644967183470726,0.5010718107223511,0.4052978754043579,-0.01998366229236126,0.4814789593219757,0.43433722853660583,0.005860880017280579,0.48037421703338623,0.435055136680603,0.005708702374249697,0.49267303943634033,0.40637895464897156,-0.013411257416009903,0.48200884461402893,0.40342292189598083,-0.0078125623986125,0.49155545234680176,0.40487587451934814,-0.013966486789286137,0.4718652367591858,0.3717658817768097,-0.0061985342763364315,0.4615282118320465,0.37874162197113037,-0.0038841187488287687,0.47829800844192505,0.39429163932800293,-0.012103872373700142,0.4344674348831177,0.2798522412776947,-0.006355887744575739,0.4411246180534363,0.29446446895599365,-0.012611612677574158,0.4490271806716919,0.31015780568122864,-0.01724294014275074,0.4799783527851105,0.4470202326774597,0.008271418511867523,0.47851964831352234,0.31200647354125977,-0.025051014497876167,0.4724934697151184,0.2871205508708954,-0.025574658066034317,0.4676295220851898,0.2641417384147644,-0.024815114215016365,0.4500507116317749,0.34972286224365234,-0.0007135614869184792,0.4345782697200775,0.3601821959018707,0.009550079703330994,0.477290540933609,0.34437862038612366,-0.003821413032710552,0.4396745264530182,0.3362017571926117,9.62966587394476e-05,0.48244184255599976,0.36056873202323914,-0.011931118555366993,0.48410722613334656,0.3941984176635742,-0.024167265743017197,0.42818683385849,0.36793264746665955,0.01748666539788246,0.4395643472671509,0.3667128086090088,0.004987209569662809,0.448350727558136,0.36999452114105225,-9.537517325952649e-05,0.46101149916648865,0.36749041080474854,-0.002681194106116891,0.47009867429733276,0.3628385663032532,-0.0043192352168262005,0.4766516089439392,0.35819849371910095,-0.006495391950011253,0.4901205003261566,0.3490176796913147,-0.020430926233530045,0.43088096380233765,0.38671645522117615,0.018692441284656525,0.43426796793937683,0.33575886487960815,0.0024332005996257067,0.49794018268585205,0.4042724370956421,-0.028641991317272186,0.4796934425830841,0.37577924132347107,-0.010280541144311428,0.41702553629875183,0.3461657762527466,0.05231893062591553,0.4815721809864044,0.35329383611679077,-0.00813918188214302,0.47743964195251465,0.3939366936683655,-0.005621226038783789,0.44381725788116455,0.34119683504104614,0.003009901149198413,0.48321473598480225,0.38762855529785156,-0.022540858015418053,0.42783859372138977,0.4078449010848999,0.06531593948602676,0.4768054485321045,0.34111836552619934,-0.0029369688127189875,0.48822325468063354,0.3831499218940735,-0.02918126992881298,0.4540139436721802,0.4512328505516052,0.03357809782028198,0.45544588565826416,0.4594663977622986,0.045948296785354614,0.42426353693008423,0.38772717118263245,0.04168616235256195,0.44387397170066833,0.4403596520423889,0.039209917187690735,0.4220786690711975,0.33164018392562866,0.02250364050269127,0.48338598012924194,0.47787001729011536,0.019051389768719673,0.4984775483608246,0.40527600049972534,-0.019643278792500496,0.47422507405281067,0.3823367655277252,-0.007099849171936512,0.4278653562068939,0.3490641713142395,0.016738399863243103,0.4561349153518677,0.34526360034942627,-0.0032843314111232758,0.461739718914032,0.3452950417995453,-0.0046308087185025215,0.4782799482345581,0.43708527088165283,0.0072304862551391125,0.4337758719921112,0.40434613823890686,0.023889178410172462,0.49516910314559937,0.4876122772693634,0.022239340469241142,0.47619596123695374,0.47755110263824463,0.03236440196633339,0.46709221601486206,0.47016972303390503,0.03832104057073593,0.49042609333992004,0.2849311828613281,-0.026498816907405853,0.5072124004364014,0.48750633001327515,0.021111449226737022,0.46710413694381714,0.34410718083381653,-0.004842433147132397,0.47216182947158813,0.3424229323863983,-0.004019809886813164,0.4753949046134949,0.3416736423969269,-0.0029332926496863365,0.4294077157974243,0.3338003158569336,0.008334007114171982,0.47041067481040955,0.3357122838497162,-0.006098446436226368,0.46449601650238037,0.3338155150413513,-0.007478727959096432,0.4588654935359955,0.33388569951057434,-0.00733734667301178,0.45338836312294006,0.33554086089134216,-0.005714384373277426,0.45003318786621094,0.33768296241760254,-0.003487418405711651,0.4167841076850891,0.32563722133636475,0.038387928158044815,0.45223450660705566,0.3441911041736603,-0.0014964982401579618,0.5013493299484253,0.41279667615890503,-0.012257044203579426,0.4806688725948334,0.41615378856658936,-0.005927694030106068,0.48517829179763794,0.40012624859809875,-0.01714932546019554,0.4926360249519348,0.4139091372489929,-0.0117994025349617,0.4946659207344055,0.3337397277355194,-0.02015565149486065,0.4645116329193115,0.46166694164276123,0.029703915119171143,0.4738824665546417,0.4697154462337494,0.024934008717536926,0.4944583773612976,0.48287132382392883,0.014047638513147831,0.4453102648258209,0.44698280096054077,0.05522342026233673,0.47475340962409973,0.3389177918434143,-0.004318008199334145,0.48735156655311584,0.3644092381000519,-0.020190779119729996,0.5068985223770142,0.4824938178062439,0.013146424666047096,0.4852941930294037,0.4838879406452179,0.02607540227472782,0.428638756275177,0.4070904552936554,0.044067393988370895,0.49021774530410767,0.43536850810050964,-0.00032191412174142897,0.4893862307071686,0.4380912184715271,-0.000660693331155926,0.4887828826904297,0.4415132999420166,-0.0012124311178922653,0.4884437322616577,0.4455963373184204,0.00016227408195845783,0.4872027635574341,0.45293545722961426,0.005764500238001347,0.4803156554698944,0.433607280254364,0.004363886546343565,0.47920888662338257,0.4329352378845215,0.004244101699441671,0.47829151153564453,0.4322323501110077,0.003923849668353796,0.4698507785797119,0.42597222328186035,0.004044758155941963,0.44293537735939026,0.4092411994934082,0.011921114288270473,0.48634791374206543,0.35420212149620056,-0.01577962562441826,0.48162317276000977,0.33525386452674866,-0.008024157024919987,0.47745299339294434,0.3359924256801605,-0.0057367365807294846,0.4814765751361847,0.43433231115341187,0.005227415822446346,0.4449335038661957,0.42897865176200867,0.025162221863865852,0.48742133378982544,0.3356560468673706,-0.016003351658582687,0.48514124751091003,0.46106940507888794,0.010168509557843208,0.49800410866737366,0.3677467107772827,-0.030692962929606438,0.491508424282074,0.35993215441703796,-0.025261906906962395,0.4970088005065918,0.35750141739845276,-0.026707395911216736,0.484075665473938,0.37883222103118896,-0.0181709136813879,0.5062630772590637,0.47473880648612976,0.008296769112348557,0.5053247809410095,0.46477630734443665,0.0065976702608168125,0.49527645111083984,0.46539193391799927,0.007524104788899422,0.46919822692871094,0.44504937529563904,0.014514989219605923,0.47248852252960205,0.4011858105659485,-0.0031628983560949564,0.47678864002227783,0.45410019159317017,0.012867504730820656,0.45697277784347534,0.4015692472457886,-0.0011522938730195165,0.46704819798469543,0.4103696346282959,-0.0005116000538691878,0.45267248153686523,0.4153035581111908,0.006213260814547539,0.49446672201156616,0.47528544068336487,0.00942789576947689,0.4804946184158325,0.383236825466156,-0.012898676097393036,0.46519094705581665,0.4523560106754303,0.0212037842720747,0.4745089113712311,0.4614398777484894,0.018750756978988647,0.4625818431377411,0.4349411129951477,0.012991842813789845,0.4373578131198883,0.41879716515541077,0.02878645248711109,0.4548527002334595,0.43750399351119995,0.018871115520596504,0.4346620738506317,0.4246542751789093,0.04467858746647835,0.4627048671245575,0.4207148551940918,0.004345211200416088,0.4836328625679016,0.36994171142578125,-0.01487535610795021,0.4864131510257721,0.3983341455459595,-0.02518405020236969,0.4823979139328003,0.39944425225257874,-0.01778414100408554,0.4889516234397888,0.3930642306804657,-0.03011024184525013,0.4759976863861084,0.3282650113105774,-0.011205700226128101,0.4647257924079895,0.3234471380710602,-0.013100191950798035,0.4549410045146942,0.32296642661094666,-0.012782599776983261,0.4471176564693451,0.32531359791755676,-0.010033778846263885,0.4419536888599396,0.3296033442020416,-0.0058992658741772175,0.43931910395622253,0.34426483511924744,0.005701873451471329,0.42122864723205566,0.36865562200546265,0.037202317267656326,0.44533011317253113,0.3568878471851349,0.002719309413805604,0.4523654580116272,0.359406977891922,-0.0005457362276501954,0.4612751603126526,0.35849589109420776,-0.0027902445290237665,0.46941348910331726,0.35550591349601746,-0.0040484461933374405,0.4756024181842804,0.3520784378051758,-0.004538330715149641,0.4798261523246765,0.34906646609306335,-0.005254447925835848,0.41955071687698364,0.3658778667449951,0.06040879338979721,0.4823950231075287,0.40093111991882324,-0.014346553944051266,0.48821118474006653,0.3735486567020416,-0.023812519386410713,0.4911119043827057,0.3994491398334503,-0.02970312349498272,0.4943745732307434,0.40280601382255554,-0.026311129331588745,0.4909578859806061,0.40029454231262207,-0.026481391862034798,0.48401615023612976,0.40286800265312195,-0.011647799052298069,0.4958254396915436,0.40379098057746887,-0.0278245210647583,0.496334969997406,0.40484338998794556,-0.01991961896419525,0.47928133606910706,0.3416118621826172,-0.0036260499618947506,0.48294928669929504,0.3441287875175476,-0.006913231685757637,0.4851109981536865,0.3462607264518738,-0.010853013023734093,0.4480791687965393,0.3392602503299713,-0.001174882985651493,0.44340765476226807,0.3359664976596832,-0.0012366102309897542,0.5032550692558289,0.36800873279571533,-0.028180835768580437,0.5373232364654541,0.33002597093582153,0.002977656899020076,0.5068299770355225,0.4016339182853699,-0.01988954469561577,0.5583863854408264,0.2881462574005127,0.027699673548340797,0.5211480259895325,0.3410513699054718,-0.0031454800628125668,0.5274038910865784,0.3404368758201599,-0.002371599432080984,0.5333766937255859,0.33892759680747986,-0.0005016797804273665,0.5405782461166382,0.33272281289100647,0.004617829341441393,0.5157020092010498,0.3400307297706604,-0.002885078778490424,0.52803635597229,0.3175186514854431,-0.0076938471756875515,0.5211138129234314,0.3195512592792511,-0.00810145866125822,0.5345116853713989,0.317496120929718,-0.00512409582734108,0.5387812256813049,0.31951263546943665,-0.0021673685405403376,0.5468906760215759,0.33743053674697876,0.008726779371500015,0.5273569226264954,0.46311092376708984,0.01530533004552126,0.5393701195716858,0.3279492259025574,0.004870246164500713,0.5649861097335815,0.32771801948547363,0.036516495048999786,0.5531173944473267,0.33031049370765686,0.014273577369749546,0.5304111242294312,0.3806340992450714,-0.0030543033499270678,0.5101903080940247,0.4245060384273529,-0.010597647167742252,0.5097344517707825,0.4315069913864136,-0.006513251923024654,0.5168048143386841,0.4249316155910492,-0.006199575029313564,0.5210617184638977,0.42537468671798706,-0.0005976406973786652,0.5151538848876953,0.4299592673778534,-0.0036328688729554415,0.5191875100135803,0.4286900758743286,0.001332106883637607,0.5311857461929321,0.43150147795677185,0.012297932989895344,0.5060109496116638,0.39910751581192017,-0.03201904147863388,0.5060827136039734,0.39029717445373535,-0.03503483906388283,0.5473504662513733,0.3112007677555084,-0.0017676884308457375,0.5152843594551086,0.360734760761261,-0.007650434970855713,0.5193253755569458,0.3904989957809448,-0.01627342961728573,0.5191035270690918,0.3850489556789398,-0.014939086511731148,0.5492397546768188,0.374616414308548,0.005375125911086798,0.5046287775039673,0.3784087598323822,-0.032786354422569275,0.531962513923645,0.3063206374645233,-0.014399307779967785,0.5408294200897217,0.30702945590019226,-0.008819659240543842,0.5515986680984497,0.27423229813575745,0.01261178869754076,0.5057097673416138,0.3202050030231476,-0.019885582849383354,0.515282928943634,0.32372406125068665,-0.006125689018517733,0.5356106162071228,0.42214199900627136,0.012564528733491898,0.5636090040206909,0.41058680415153503,0.06801395118236542,0.5152186751365662,0.3964683413505554,-0.013399910181760788,0.5106250643730164,0.40017077326774597,-0.013519367203116417,0.5265005230903625,0.42579543590545654,0.01184815727174282,0.5251550674438477,0.4264586567878723,0.00997320469468832,0.5434522032737732,0.30047398805618286,-0.006709275301545858,0.5197654962539673,0.3932262063026428,-0.012220858596265316,0.5202990174293518,0.3100799322128296,-0.01829664781689644,0.520685076713562,0.302589476108551,-0.020817620679736137,0.5255271792411804,0.2591143548488617,-0.0156713780015707,0.5483120083808899,0.28643178939819336,0.0011234978446736932,0.5232897400856018,0.27950596809387207,-0.019086504355072975,0.5503020882606506,0.30624866485595703,0.0029357457533478737,0.555374264717102,0.2971457242965698,0.014051208272576332,0.510136067867279,0.4283250868320465,-0.009205876849591732,0.5160496830940247,0.4275553226470947,-0.005064441356807947,0.5202075839042664,0.4269998073577881,-9.634630259824917e-05,0.5139628648757935,0.3980289697647095,-0.011909152381122112,0.5258057117462158,0.42613717913627625,0.010833173990249634,0.5234051942825317,0.4293188750743866,0.007450642064213753,0.5244477391242981,0.426834374666214,0.00977366417646408,0.5123302936553955,0.39591869711875916,-0.022758565843105316,0.5182823538780212,0.4300158619880676,0.0026904616970568895,0.5142590999603271,0.4317191243171692,-0.0005796939367428422,0.5091755986213684,0.43353843688964844,-0.003170302603393793,0.512848436832428,0.4539540708065033,0.005181059706956148,0.5110540390014648,0.4457075595855713,-0.0015758277149870992,0.5105966925621033,0.44122084975242615,-0.00292814034037292,0.50990229845047,0.4370313584804535,-0.002077285898849368,0.50904381275177,0.4336560368537903,-0.0019706636667251587,0.5181647539138794,0.42991507053375244,0.003632542211562395,0.5194072127342224,0.4311070144176483,0.003224147018045187,0.5206273198127747,0.4328400492668152,0.0028436239808797836,0.5215954184532166,0.4349936544895172,0.0043555498123168945,0.5279618501663208,0.4125402867794037,0.0001246594183612615,0.567121684551239,0.3645232617855072,0.06995006650686264,0.5211125016212463,0.42846500873565674,0.0072570303454995155,0.522282063961029,0.42880433797836304,0.007090322207659483,0.5089061856269836,0.40394365787506104,-0.01293784286826849,0.5181822180747986,0.39802783727645874,-0.006827250588685274,0.5097275376319885,0.4021308124065399,-0.01348391268402338,0.5221645832061768,0.3641923666000366,-0.004406558815389872,0.5333133935928345,0.3679178059101105,-0.001526951091364026,0.5203911662101746,0.38797813653945923,-0.010760420002043247,0.5412717461585999,0.2641317546367645,-0.0024777220096439123,0.5381200313568115,0.27999550104141235,-0.009649583138525486,0.5332792401313782,0.29867351055145264,-0.014563125558197498,0.5266370177268982,0.439822793006897,0.009692912921309471,0.5064733028411865,0.30827075242996216,-0.024129698053002357,0.5080300569534302,0.28180015087127686,-0.02447836846113205,0.508513331413269,0.25818854570388794,-0.023446518927812576,0.538105309009552,0.3363195061683655,0.0022500448394566774,0.5543876886367798,0.34218043088912964,0.013294815085828304,0.512132465839386,0.338596910238266,-0.0024902010336518288,0.5455456376075745,0.3214898109436035,0.003526332788169384,0.5106122493743896,0.3562679588794708,-0.010839191265404224,0.5156636834144592,0.3894364535808563,-0.023114463314414024,0.5616398453712463,0.34776920080184937,0.021674975752830505,0.5512034296989441,0.3494572341442108,0.008553443476557732,0.5440223217010498,0.35483160614967346,0.0029512865003198385,0.5320151448249817,0.35624179244041443,-0.0003359568945597857,0.5226308107376099,0.3544462323188782,-0.002504875883460045,0.5156200528144836,0.35184115171432495,-0.005091392435133457,0.5018531680107117,0.3472251892089844,-0.019977904856204987,0.5626464486122131,0.3668370842933655,0.022893071174621582,0.5504713654518127,0.3196038603782654,0.006203393451869488,0.5042756795883179,0.40322762727737427,-0.02841225638985634,0.5157540440559387,0.3703146278858185,-0.0089553939178586,0.5656033158302307,0.3238089084625244,0.05797315016388893,0.5102996230125427,0.34829092025756836,-0.0070486185140907764,0.5208117365837097,0.3874175548553467,-0.004279725253582001,0.5422800779342651,0.32749325037002563,0.006264856550842524,0.5151737332344055,0.382772833108902,-0.0214570052921772,0.5665436387062073,0.38693708181381226,0.07066339999437332,0.5117745399475098,0.33547458052635193,-0.0015481180744245648,0.5099692940711975,0.3797764182090759,-0.02842235565185547,0.5520169138908386,0.43660157918930054,0.03669168800115585,0.5514789819717407,0.4451063275337219,0.04982346296310425,0.5677626132965088,0.3660353720188141,0.04618082568049431,0.5593817830085754,0.4231548309326172,0.04288196936249733,0.5602257251739502,0.3108639419078827,0.026816312223672867,0.5287931561470032,0.4708336889743805,0.020528940483927727,0.5035607814788818,0.40444234013557434,-0.01949465647339821,0.5218603014945984,0.3751584589481354,-0.005500291008502245,0.5582984685897827,0.33070164918899536,0.020869556814432144,0.5317223072052002,0.33335092663764954,-0.0006786449230276048,0.5266477465629578,0.33499380946159363,-0.0023453880567103624,0.5244177579879761,0.4301043152809143,0.008761372417211533,0.5629639029502869,0.38493964076042175,0.027981286868453026,0.5189296007156372,0.483834832906723,0.023234577849507332,0.535264790058136,0.46832796931266785,0.03484610468149185,0.5426474213600159,0.4586571753025055,0.04146777093410492,0.5214722752571106,0.33559274673461914,-0.002898084931075573,0.5164732336997986,0.3354807496070862,-0.0023654401302337646,0.5133229494094849,0.335632860660553,-0.0014436078490689397,0.5543002486228943,0.3165894150733948,0.01234257873147726,0.5166840553283691,0.3303980827331543,-0.004347545560449362,0.521832287311554,0.32832449674606323,-0.005443221889436245,0.527096152305603,0.32732635736465454,-0.004977453965693712,0.5322993993759155,0.32713639736175537,-0.0030394617933779955,0.5356828570365906,0.32748842239379883,-0.0006351654301397502,0.5627557039260864,0.30368879437446594,0.04396534711122513,0.5350146293640137,0.3315771818161011,0.0013241361593827605,0.5216127038002014,0.4100657105445862,-0.0046393475495278835,0.5151432156562805,0.39564186334609985,-0.016238056123256683,0.5101327300071716,0.4113472104072571,-0.011243888176977634,0.5438216328620911,0.449709951877594,0.03223003074526787,0.5364347696304321,0.46022120118141174,0.02691054716706276,0.5190338492393494,0.47902148962020874,0.014836378395557404,0.5582639575004578,0.4301108121871948,0.05979111045598984,0.5132964849472046,0.33331817388534546,-0.0027709072455763817,0.5071841478347778,0.36136993765830994,-0.01945009082555771,0.5277577042579651,0.4771292209625244,0.027891825884580612,0.5671109557151794,0.38628172874450684,0.04846184328198433,0.5141405463218689,0.43171292543411255,0.0005430285236798227,0.5153903961181641,0.4340571165084839,0.00021981062309350818,0.5163993835449219,0.4371502101421356,-0.0003187100519426167,0.5171828866004944,0.44096803665161133,0.001082369708456099,0.5207410454750061,0.4476715624332428,0.006800265051424503,0.5222777128219604,0.42750564217567444,0.005844507832080126,0.5232806205749512,0.42649075388908386,0.005852153059095144,0.5241138935089111,0.4255395531654358,0.005659082438796759,0.533058226108551,0.4164453446865082,0.006090804934501648,0.5557829737663269,0.3922174274921417,0.015436106361448765,0.5060769319534302,0.3512172996997833,-0.015011275187134743,0.506887674331665,0.33111631870269775,-0.00708664720878005,0.5104844570159912,0.3307993412017822,-0.004429313819855452,0.5211659073829651,0.4285740852355957,0.006662323605269194,0.5569620728492737,0.4121626615524292,0.028675047680735588,0.5021737217903137,0.33314135670661926,-0.01542508415877819,0.5242524743080139,0.4549994170665741,0.011323058046400547,0.502681314945221,0.3581910729408264,-0.024879151955246925,0.5125979781150818,0.3745260536670685,-0.017184820026159286,0.5152448415756226,0.46226799488067627,0.008062152191996574,0.5366160869598389,0.4348124861717224,0.01657356321811676,0.5266149640083313,0.39296475052833557,-0.0015073814429342747,0.5309525728225708,0.4457746148109436,0.014447852969169617,0.5416840314865112,0.3887375593185425,0.0014332603896036744,0.5334180593490601,0.4003142714500427,0.0015396025264635682,0.5478555560112,0.40089282393455505,0.009112503379583359,0.5177985429763794,0.47165176272392273,0.010133352130651474,0.5163832306861877,0.3778029680252075,-0.011685994453728199,0.5417834520339966,0.4407012462615967,0.023587742820382118,0.5345444679260254,0.4522700905799866,0.02056623250246048,0.5414000153541565,0.42309242486953735,0.015536852180957794,0.562065601348877,0.4000973701477051,0.0327388159930706,0.549235999584198,0.42329832911491394,0.0218129213899374,0.5647996068000793,0.4052160978317261,0.048887722194194794,0.5391544103622437,0.40915533900260925,0.006726857740432024,0.5113008618354797,0.36574822664260864,-0.01380400825291872,0.5141350626945496,0.39414432644844055,-0.02422071248292923,0.5177453756332397,0.39415451884269714,-0.016707878559827805,0.5111574530601501,0.3896354138851166,-0.029361829161643982,0.5109169483184814,0.32318419218063354,-0.00991011131554842,0.520646333694458,0.31602782011032104,-0.011221989057958126,0.529623806476593,0.31314510107040405,-0.010348733514547348,0.5371851921081543,0.3132553696632385,-0.00709965405985713,0.5425143241882324,0.31585144996643066,-0.00262789661064744,0.5471332669258118,0.3290504813194275,0.009184585884213448,0.5671511292457581,0.3466116189956665,0.041797928512096405,0.544046938419342,0.34193071722984314,0.005918370094150305,0.5381882786750793,0.34594377875328064,0.002256746869534254,0.5298430323600769,0.34770044684410095,-0.00045821390813216567,0.52164626121521,0.3473235070705414,-0.0021972001995891333,0.5152243971824646,0.3457297086715698,-0.0031346429605036974,0.510816752910614,0.3438427150249481,-0.004107675049453974,0.566514790058136,0.34375810623168945,0.06600692868232727,0.5176926851272583,0.39561542868614197,-0.013292057439684868,0.5081045031547546,0.3704933226108551,-0.02305956743657589,0.5100805163383484,0.39647620916366577,-0.029094712808728218,0.5072315335273743,0.40073269605636597,-0.025944050401449203,0.5101420283317566,0.397342711687088,-0.02585497684776783,0.5163432359695435,0.3979889452457428,-0.010754280723631382,0.5061517357826233,0.40210413932800293,-0.027517857030034065,0.5054702162742615,0.4033275246620178,-0.01968161202967167,0.5097327828407288,0.33639341592788696,-0.0024654027074575424,0.5071032643318176,0.3398628234863281,-0.005997587461024523,0.5058751702308655,0.34241798520088196,-0.010090474039316177,0.5377686619758606,0.3277968764305115,0.001783725107088685,0.5418490767478943,0.32246094942092896,0.0019368191715329885,0.4596152901649475,0.33988696336746216,-0.0036221062764525414,0.4669187366962433,0.3390212059020996,-0.0036221062764525414,0.4591323137283325,0.33165502548217773,-0.0036221062764525414,0.45233145356178284,0.3406934440135956,-0.0036221062764525414,0.46007537841796875,0.3480636477470398,-0.0036221062764525414,0.5256314873695374,0.3313155472278595,-0.0013460797490552068,0.532903254032135,0.3297431468963623,-0.0013460797490552068,0.5245455503463745,0.3230452835559845,-0.0013460797490552068,0.5183186531066895,0.3328535258769989,-0.0013460797490552068,0.5267460942268372,0.3395500183105469,-0.0013460797490552068
2500.0,0.5008706450462341,0.42807236313819885,-0.011278643272817135,0.49933162331581116,0.401096910238266,-0.03248341381549835,0.4994848370552063,0.4070897698402405,-0.014781429432332516,0.49126285314559937,0.37062251567840576,-0.028376420959830284,0.4985548257827759,0.3922630548477173,-0.03573761507868767,0.49736857414245605,0.37955039739608765,-0.03482581302523613,0.494358628988266,0.347425639629364,-0.022883152589201927,0.4491274952888489,0.34600019454956055,0.0009179003536701202,0.4922325611114502,0.3241644501686096,-0.02206498011946678,0.49117311835289,0.3119385838508606,-0.0254204161465168,0.48672226071357727,0.2627587914466858,-0.026112619787454605,0.50103360414505,0.43087631464004517,-0.009903863072395325,0.5011279582977295,0.4335610866546631,-0.007526517380028963,0.5011987090110779,0.43533656001091003,-0.003982056397944689,0.5011287927627563,0.4354444146156311,-0.0029833049047738314,0.5014480352401733,0.4391286075115204,-0.0029990687035024166,0.5017433166503906,0.4434114098548889,-0.0037708906456828117,0.5020117163658142,0.4477910101413727,-0.0022387602366507053,0.5035671591758728,0.45595818758010864,0.004543175920844078,0.49958881735801697,0.4048626720905304,-0.02870342694222927,0.49327352643013,0.4043770730495453,-0.0199943445622921,0.4187343418598175,0.31090211868286133,0.023614641278982162,0.4680807888507843,0.35172101855278015,-0.004465665202587843,0.46169203519821167,0.3532058596611023,-0.00396928284317255,0.45529526472091675,0.35357555747032166,-0.0023395090829581022,0.44622573256492615,0.34942078590393066,0.0024419687688350677,0.4733632802963257,0.34912237524986267,-0.003920240793377161,0.456346333026886,0.3291497528553009,-0.009457329288125038,0.4638528525829315,0.3295038342475891,-0.009493602439761162,0.4496685862541199,0.331067830324173,-0.007143172901123762,0.4455212950706482,0.33458930253982544,-0.004293353296816349,0.4408075213432312,0.35562360286712646,0.0063535054214298725,0.4828585386276245,0.4701940417289734,0.014315628446638584,0.44636696577072144,0.34427204728126526,0.0026871440932154655,0.4196076989173889,0.35103875398635864,0.03335339203476906,0.4326044023036957,0.3498438596725464,0.011583704501390457,0.4658174216747284,0.39122897386550903,-0.0043693361803889275,0.4930647313594818,0.42737457156181335,-0.010799121111631393,0.49398526549339294,0.4338374137878418,-0.006673076190054417,0.4859529733657837,0.4296802282333374,-0.006784465163946152,0.4810034930706024,0.43141019344329834,-0.0014925524592399597,0.4879108667373657,0.43393272161483765,-0.004084398504346609,0.48311173915863037,0.43395325541496277,0.0005854003829881549,0.4731336534023285,0.4407620429992676,0.011042962782084942,0.4941753149032593,0.40143823623657227,-0.03203246742486954,0.49267110228538513,0.39295682311058044,-0.035074058920145035,0.4346977770328522,0.3276205062866211,-0.004336965270340443,0.47717317938804626,0.36748433113098145,-0.008555774576961994,0.47895348072052,0.39725056290626526,-0.017024341970682144,0.4781283736228943,0.3919595777988434,-0.015713607892394066,0.4458596408367157,0.391212522983551,0.0031834838446229696,0.49184560775756836,0.3810829520225525,-0.03292912617325783,0.45009857416152954,0.31775766611099243,-0.016306931152939796,0.44085443019866943,0.3212040662765503,-0.011112513020634651,0.42399486899375916,0.29514405131340027,0.008912493474781513,0.4799540340900421,0.32451891899108887,-0.020568355917930603,0.4705308675765991,0.3323958218097687,-0.007233284879475832,0.4673032760620117,0.4330652952194214,0.011035490781068802,0.43586549162864685,0.43049144744873047,0.06428208947181702,0.4838465452194214,0.40182366967201233,-0.013956872746348381,0.4890308678150177,0.40407875180244446,-0.013752022758126259,0.47422751784324646,0.4335404634475708,0.010527151636779308,0.4756681025028229,0.43377816677093506,0.008809237740933895,0.43654507398605347,0.3153108060359955,-0.009131901897490025,0.4787219166755676,0.40003424882888794,-0.012959985993802547,0.46298497915267944,0.31839001178741455,-0.0196002759039402,0.46119043231010437,0.31115514039993286,-0.02217518351972103,0.4491065442562103,0.2723185122013092,-0.017790021374821663,0.4302888810634613,0.30591511726379395,-0.0015507121570408344,0.4552396237850189,0.29138511419296265,-0.020644642412662506,0.4302184283733368,0.3235315978527069,0.00020292554108891636,0.42440685629844666,0.31850361824035645,0.01111744623631239,0.49343153834342957,0.4309488534927368,-0.009386570192873478,0.48690634965896606,0.43191298842430115,-0.005578992888331413,0.48201414942741394,0.4326820969581604,-0.0008942951681092381,0.4852600693702698,0.40297672152519226,-0.012345842085778713,0.47496888041496277,0.4336613416671753,0.009609066881239414,0.47821342945098877,0.43609941005706787,0.006423678249120712,0.4764082431793213,0.4339216351509094,0.008629845455288887,0.4870010316371918,0.40036752820014954,-0.0232218187302351,0.4840109348297119,0.43498048186302185,0.0020106269512325525,0.4888181984424591,0.4353615641593933,-0.0010007102973759174,0.4945794343948364,0.43558865785598755,-0.0032988511957228184,0.4951985776424408,0.4565153121948242,0.004826425574719906,0.49422281980514526,0.4479480981826782,-0.0019216308137401938,0.4941452145576477,0.44349217414855957,-0.0032749769743531942,0.4942813515663147,0.4392302632331848,-0.0024023624137043953,0.49457672238349915,0.43574219942092896,-0.0023080799728631973,0.4839794635772705,0.435014933347702,0.002806497970595956,0.4830271601676941,0.4365711510181427,0.00241273595020175,0.48203855752944946,0.4387010633945465,0.0019934121519327164,0.4812791049480438,0.4411541223526001,0.003457443555817008,0.47354423999786377,0.4212915003299713,-0.0009285789565183222,0.4230040907859802,0.3874513506889343,0.0659058541059494,0.4995780289173126,0.4060131013393402,-0.019838236272335052,0.4803883731365204,0.434500515460968,0.006240346003323793,0.47929590940475464,0.4352114200592041,0.006093417294323444,0.49136480689048767,0.40715473890304565,-0.01314882468432188,0.48094072937965393,0.40422317385673523,-0.007402388844639063,0.4902591407299042,0.4056585729122162,-0.013708370737731457,0.47082725167274475,0.37291187047958374,-0.005588773638010025,0.4605570435523987,0.3798762261867523,-0.003090777201578021,0.4771837592124939,0.3951649069786072,-0.01157652772963047,0.4335220456123352,0.28203094005584717,-0.005521891638636589,0.43995794653892517,0.296408087015152,-0.011837848462164402,0.4471721947193146,0.3107028603553772,-0.01651802845299244,0.47923412919044495,0.4472903311252594,0.008651756681501865,0.47692549228668213,0.3129306733608246,-0.024848416447639465,0.4710160791873932,0.2890419363975525,-0.02536129765212536,0.4662518799304962,0.2663652002811432,-0.024617135524749756,0.4496963322162628,0.3523363173007965,0.0002002281544264406,0.434091717004776,0.3623756170272827,0.010691232047975063,0.4766251742839813,0.34668025374412537,-0.003422395559027791,0.4388289451599121,0.33854660391807556,0.0011062546400353312,0.48122164607048035,0.36173179745674133,-0.011558491736650467,0.4827044606208801,0.39508023858070374,-0.02370220609009266,0.42758989334106445,0.3692256510257721,0.01877565309405327,0.43914270401000977,0.36857494711875916,0.006094719748944044,0.4479299783706665,0.3715828061103821,0.000878584454767406,0.4606351852416992,0.3692404329776764,-0.0019164362456649542,0.4697337746620178,0.3647766709327698,-0.0037201668601483107,0.47626975178718567,0.3601086735725403,-0.0060483855195343494,0.48864951729774475,0.3502071797847748,-0.020259570330381393,0.4303728938102722,0.3878319263458252,0.020026663318276405,0.43320801854133606,0.33775272965431213,0.0035192181821912527,0.4963911473751068,0.40498197078704834,-0.028397846966981888,0.4785424470901489,0.37682968378067017,-0.009801558218896389,0.41694965958595276,0.34775078296661377,0.05368552729487419,0.48109233379364014,0.3550987243652344,-0.007794391829520464,0.47641900181770325,0.3948172628879547,-0.005105316173285246,0.44323185086250305,0.34438008069992065,0.00397525867447257,0.48186737298965454,0.38855162262916565,-0.022083226591348648,0.42809557914733887,0.40883544087409973,0.06670556962490082,0.47606560587882996,0.34364330768585205,-0.0025478245224803686,0.48670297861099243,0.38408133387565613,-0.028800994157791138,0.4536636173725128,0.45167505741119385,0.034556448459625244,0.45540958642959595,0.4598255753517151,0.04698456823825836,0.42407330870628357,0.38884061574935913,0.04308929666876793,0.4436776340007782,0.4408988952636719,0.04038653522729874,0.4215247929096222,0.3333244323730469,0.02373327501118183,0.48279422521591187,0.47815725207328796,0.019485047087073326,0.49700024724006653,0.40599676966667175,-0.019456077367067337,0.47318804264068604,0.3833579123020172,-0.006523570977151394,0.4271194636821747,0.35164567828178406,0.01795806922018528,0.45587390661239624,0.3478378355503082,-0.002488134428858757,0.4614025056362152,0.34780752658843994,-0.003925618715584278,0.47728896141052246,0.43719446659088135,0.0076605407521128654,0.43340036273002625,0.40528202056884766,0.025203336030244827,0.49471160769462585,0.4878644049167633,0.022487187758088112,0.47590065002441406,0.4778209626674652,0.032995011657476425,0.46689239144325256,0.4704641103744507,0.03913634270429611,0.4888782203197479,0.28681159019470215,-0.026612091809511185,0.5067479610443115,0.48779556155204773,0.021095482632517815,0.46667033433914185,0.3466702103614807,-0.004251866601407528,0.47156307101249695,0.34497132897377014,-0.003532297443598509,0.4746621549129486,0.3441546559333801,-0.002508981851860881,0.4281467795372009,0.33590441942214966,0.009487902745604515,0.4700223505496979,0.34002140164375305,-0.00562842795625329,0.46434125304222107,0.33929431438446045,-0.006933352444320917,0.4589727520942688,0.33971351385116577,-0.006682316306978464,0.45362770557403564,0.3410051167011261,-0.004956953227519989,0.4501829445362091,0.3424731194972992,-0.0026602025609463453,0.41652947664260864,0.3274163603782654,0.03969217836856842,0.4520125389099121,0.3470243215560913,-0.0006450508371926844,0.4999750852584839,0.41352054476737976,-0.01213902048766613,0.47961416840553284,0.41691088676452637,-0.0054429578594863415,0.4838857650756836,0.4009593725204468,-0.016747724264860153,0.49135908484458923,0.4146503806114197,-0.0115212919190526,0.49317824840545654,0.3350446820259094,-0.020172126591205597,0.4640602469444275,0.4620516002178192,0.03045986033976078,0.47335541248321533,0.4700581729412079,0.02551746927201748,0.49381697177886963,0.4831172823905945,0.014270092360675335,0.44544288516044617,0.4474900960922241,0.0564442053437233,0.474128782749176,0.3420253396034241,-0.0038898163475096226,0.48592960834503174,0.3655068576335907,-0.019891180098056793,0.5062767267227173,0.4827721416950226,0.013119838200509548,0.48489391803741455,0.4841303825378418,0.026542631909251213,0.4285699129104614,0.4079950451850891,0.04544860124588013,0.48881471157073975,0.43547379970550537,-8.31989455036819e-05,0.4880022704601288,0.43814218044281006,-0.00040680571692064404,0.4874396026134491,0.44148436188697815,-0.0009564916836097836,0.4871690571308136,0.44547998905181885,0.00041055548354052007,0.4864279627799988,0.4530148506164551,0.006016854662448168,0.47920912504196167,0.4338299036026001,0.004843788221478462,0.47811901569366455,0.4331985414028168,0.0047651841305196285,0.47722122073173523,0.43253257870674133,0.004479598253965378,0.4689789414405823,0.4267219603061676,0.004702461883425713,0.4423283040523529,0.4101153016090393,0.013058441691100597,0.4850017726421356,0.35538530349731445,-0.015514800325036049,0.48068422079086304,0.33733972907066345,-0.007787880953401327,0.4766952097415924,0.33846592903137207,-0.005381567869335413,0.4803783595561981,0.4345138370990753,0.005706001538783312,0.4445149004459381,0.42965418100357056,0.026280812919139862,0.4864782392978668,0.3372343182563782,-0.01585455797612667,0.4844081997871399,0.4612700939178467,0.010455479845404625,0.4963589310646057,0.3687545955181122,-0.0305781289935112,0.48996254801750183,0.3610340356826782,-0.025071997195482254,0.4954109489917755,0.3585904538631439,-0.026637746021151543,0.48276835680007935,0.37983182072639465,-0.017772240564227104,0.5055148005485535,0.4749463200569153,0.008243666030466557,0.5044806599617004,0.4648851156234741,0.006536961533129215,0.4944753050804138,0.4654880464076996,0.007631351239979267,0.46850335597991943,0.44557467103004456,0.015106144361197948,0.4715287685394287,0.40203818678855896,-0.00256825122050941,0.4760970175266266,0.4544582962989807,0.013302890583872795,0.4560762047767639,0.402466744184494,-0.0002816951018758118,0.4661046862602234,0.41118109226226807,0.00018115693819709122,0.451907217502594,0.41610604524612427,0.007168125826865435,0.4937143921852112,0.47546911239624023,0.00960549246519804,0.47933509945869446,0.38421332836151123,-0.012429227121174335,0.464600533246994,0.4528263211250305,0.021905161440372467,0.4738718569278717,0.46181991696357727,0.019267277792096138,0.461856871843338,0.4356244206428528,0.013768903911113739,0.43705886602401733,0.41958245635032654,0.030038932338356972,0.4542870819568634,0.43811312317848206,0.01978447288274765,0.4346005618572235,0.4253666400909424,0.046009574085474014,0.4618408977985382,0.4215102791786194,0.005114068742841482,0.482352077960968,0.3710143566131592,-0.014480149373412132,0.4849936068058014,0.39917057752609253,-0.024740155786275864,0.4811244606971741,0.4002835750579834,-0.017321918159723282,0.4873943030834198,0.39391013979911804,-0.02972828969359398,0.4749484956264496,0.3302469253540039,-0.010875200852751732,0.46363741159439087,0.32529202103614807,-0.012605886906385422,0.4539247155189514,0.32479220628738403,-0.012116216123104095,0.44613635540008545,0.32718655467033386,-0.009207457304000854,0.4410043954849243,0.3316187262535095,-0.004950621630996466,0.4386574327945709,0.34688058495521545,0.006726693361997604,0.42090344429016113,0.3699581027030945,0.03859996423125267,0.44486555457115173,0.35925471782684326,0.003714288817718625,0.4519548714160919,0.3614698052406311,0.0003346098819747567,0.4608902633190155,0.36064988374710083,-0.0020487152505666018,0.46901625394821167,0.35777297616004944,-0.0034486246295273304,0.47513890266418457,0.3542744517326355,-0.00409283209592104,0.4792601466178894,0.3511503338813782,-0.004895862191915512,0.41961127519607544,0.36729636788368225,0.061805322766304016,0.4812009036540985,0.40174558758735657,-0.013899990357458591,0.48673561215400696,0.3745650053024292,-0.023473098874092102,0.48957139253616333,0.4002249836921692,-0.02934758923947811,0.4929046928882599,0.4035433530807495,-0.026035606861114502,0.489497572183609,0.4010774791240692,-0.02612956613302231,0.4828663766384125,0.40366414189338684,-0.011261627078056335,0.4943098723888397,0.40451449155807495,-0.027564069256186485,0.49488869309425354,0.4055737555027008,-0.019704138860106468,0.47854697704315186,0.3438708186149597,-0.003296352457255125,0.482219934463501,0.34612807631492615,-0.006647956557571888,0.48443976044654846,0.34800979495048523,-0.010621104389429092,0.44805431365966797,0.34352678060531616,-0.00030518960556946695,0.4428192377090454,0.33882224559783936,-0.0003008165513165295,0.5016303062438965,0.3689989447593689,-0.02820236049592495,0.5377304553985596,0.331763356924057,0.0019689565524458885,0.5053637027740479,0.40235447883605957,-0.019850175827741623,0.5579726696014404,0.28970804810523987,0.025979064404964447,0.5202313661575317,0.34177911281585693,-0.003765229368582368,0.5265356302261353,0.34132230281829834,-0.0031175361946225166,0.532709002494812,0.3400481045246124,-0.0013669166946783662,0.5409144759178162,0.3342210054397583,0.0035657710395753384,0.514900267124176,0.34064847230911255,-0.003394942730665207,0.5272014141082764,0.3187123239040375,-0.008573864586651325,0.5204189419746399,0.32082441449165344,-0.008802264928817749,0.5336846709251404,0.31852397322654724,-0.006118172779679298,0.5381468534469604,0.32055532932281494,-0.0032193302176892757,0.5467594265937805,0.3385944366455078,0.007599169854074717,0.5266464352607727,0.463492214679718,0.014822385273873806,0.5400425791740417,0.33021080493927,0.0038027982227504253,0.5646249055862427,0.32896310091018677,0.03495088219642639,0.5530663132667542,0.33119529485702515,0.012979863211512566,0.5291666984558105,0.3815540671348572,-0.0035807208623737097,0.5082575678825378,0.425143837928772,-0.010615618899464607,0.5079552531242371,0.4317428767681122,-0.006481483578681946,0.5150537490844727,0.4253515601158142,-0.006400690414011478,0.5195243954658508,0.4256149232387543,-0.000970269029494375,0.5135474801063538,0.4300875663757324,-0.0037672044709324837,0.5177770256996155,0.42873576283454895,0.0010526113910600543,0.5301938056945801,0.4320388436317444,0.01167319156229496,0.5043632984161377,0.3998090326786041,-0.0319201722741127,0.504370927810669,0.3910871148109436,-0.034955885261297226,0.546387255191803,0.31114661693573,-0.0030220006592571735,0.5140288472175598,0.3618011176586151,-0.008009672164916992,0.5178447961807251,0.39129289984703064,-0.0165236908942461,0.5176292657852173,0.3858969211578369,-0.01521109789609909,0.5481768846511841,0.375568687915802,0.004425611346960068,0.5029504299163818,0.3793042004108429,-0.03276379778981209,0.5306434631347656,0.30592551827430725,-0.0153183089569211,0.5396493673324585,0.30676817893981934,-0.009936471469700336,0.5508896112442017,0.2759091556072235,0.011029604822397232,0.5042627453804016,0.3200743794441223,-0.02023385278880596,0.5147198438644409,0.32491248846054077,-0.006700403988361359,0.534571647644043,0.42284518480300903,0.011852380819618702,0.5635083913803101,0.41123756766319275,0.06662110239267349,0.5138060450553894,0.39721474051475525,-0.013543720357120037,0.5092259645462036,0.40094825625419617,-0.013531899079680443,0.5254066586494446,0.42575401067733765,0.011228455230593681,0.5240747332572937,0.42641276121139526,0.009425750002264977,0.5422747135162354,0.3001074492931366,-0.007884357124567032,0.5183449387550354,0.39401453733444214,-0.012467366643249989,0.518926203250885,0.30966246128082275,-0.01894400827586651,0.5192474126815796,0.3021109402179718,-0.021480049937963486,0.5242050886154175,0.26103976368904114,-0.016663171350955963,0.5473530888557434,0.28807371854782104,-0.00018301453383173794,0.5218520164489746,0.2812689542770386,-0.019859014078974724,0.5494378209114075,0.3062181770801544,0.0015965958591550589,0.5546765327453613,0.2986890971660614,0.012591633014380932,0.5082641243934631,0.4287640154361725,-0.009206880815327168,0.5143592953681946,0.4278315007686615,-0.00523444265127182,0.5187214612960815,0.427147775888443,-0.0004167563747614622,0.512571394443512,0.3987899720668793,-0.012019277550280094,0.5247164964675903,0.4260951280593872,0.010260355658829212,0.5222023129463196,0.42927315831184387,0.006935734301805496,0.5233624577522278,0.4267832636833191,0.009242653846740723,0.5108340978622437,0.39662954211235046,-0.022866930812597275,0.5169500708580017,0.42998313903808594,0.002447480335831642,0.5127332210540771,0.43174073100090027,-0.0006758084637112916,0.5074943900108337,0.4336426854133606,-0.0031148733105510473,0.5118646621704102,0.4539686441421509,0.005004792474210262,0.5094362497329712,0.44551876187324524,-0.0017253707628697157,0.5089153051376343,0.4411275088787079,-0.003059973241761327,0.508211076259613,0.43702542781829834,-0.0021953596733510494,0.5073890686035156,0.4337165355682373,-0.0021036649122834206,0.516842246055603,0.4299035370349884,0.0032452214509248734,0.5180527567863464,0.4310884177684784,0.002841413486748934,0.5192651748657227,0.4328078329563141,0.0024397929664701223,0.5202505588531494,0.4349361062049866,0.003908379934728146,0.5266967415809631,0.4132678210735321,-0.00033704398083500564,0.5672026872634888,0.3655134439468384,0.06833496689796448,0.5199460983276367,0.42843443155288696,0.0067590330727398396,0.5210849046707153,0.4287683069705963,0.006597329396754503,0.5074854493141174,0.4047301113605499,-0.012954166159033775,0.5168381929397583,0.3988245725631714,-0.007011177949607372,0.5083187818527222,0.40291348099708557,-0.013493281789124012,0.5209624171257019,0.3652452528476715,-0.0048902565613389015,0.5321490168571472,0.36894431710243225,-0.0021897980477660894,0.5189637541770935,0.3888164460659027,-0.0110483318567276,0.5402429699897766,0.26592668890953064,-0.00382215459831059,0.5369131565093994,0.28170883655548096,-0.010724576190114021,0.5319830179214478,0.29822245240211487,-0.01552248653024435,0.5256184935569763,0.44017213582992554,0.009161395020782948,0.5049160122871399,0.30795353651046753,-0.024507014080882072,0.50649094581604,0.28361764550209045,-0.02493659406900406,0.5070452690124512,0.2602289915084839,-0.02403041161596775,0.5379767417907715,0.3376062512397766,0.0012776694493368268,0.5542738437652588,0.34303736686706543,0.01205402985215187,0.511480987071991,0.3391658067703247,-0.0029561654664576054,0.5451195240020752,0.32229581475257874,0.002337149577215314,0.5092964172363281,0.35736143589019775,-0.011125252582132816,0.514119029045105,0.3902219235897064,-0.023276103660464287,0.5609462261199951,0.3488653600215912,0.020285645499825478,0.5507897138595581,0.3503017723560333,0.00741488765925169,0.5432878732681274,0.3556502163410187,0.002006417838856578,0.5310990810394287,0.35715118050575256,-0.0010467153042554855,0.5217008590698242,0.3553566634654999,-0.0030475591775029898,0.5146732926368713,0.3527342975139618,-0.005493953824043274,0.5003449320793152,0.34837833046913147,-0.020084917545318604,0.561875581741333,0.36782214045524597,0.0215616375207901,0.5499677062034607,0.3201351761817932,0.00490526482462883,0.5027059316635132,0.4039253890514374,-0.028302963823080063,0.5144265294075012,0.3713057339191437,-0.009266994893550873,0.5656205415725708,0.3250659108161926,0.05620032176375389,0.5093218088150024,0.34916529059410095,-0.007372718770056963,0.5194576382637024,0.3882797360420227,-0.004589613527059555,0.5426991581916809,0.3289514183998108,0.005146740470081568,0.5136481523513794,0.38362982869148254,-0.02163853496313095,0.566548228263855,0.38778015971183777,0.06915795058012009,0.5114500522613525,0.3363475203514099,-0.0020565977320075035,0.5083614587783813,0.38065987825393677,-0.02850547805428505,0.5514518022537231,0.4371126592159271,0.035694099962711334,0.5511294007301331,0.4455997943878174,0.0487685352563858,0.5673307776451111,0.36701005697250366,0.04469558224081993,0.5588191747665405,0.42368951439857483,0.041738685220479965,0.5597215890884399,0.3122592270374298,0.02528681978583336,0.5282503366470337,0.4712705612182617,0.02003399096429348,0.5020655393600464,0.40515249967575073,-0.019391333684325218,0.5205800533294678,0.37612637877464294,-0.005897156428545713,0.5585830807685852,0.3313620388507843,0.01945788599550724,0.5312270522117615,0.33432912826538086,-0.0015543430345132947,0.525794506072998,0.33569765090942383,-0.00311553874053061,0.5232236981391907,0.43004313111305237,0.00821190420538187,0.5621935725212097,0.3857882022857666,0.026724595576524734,0.5184916853904724,0.4842078685760498,0.022952642291784286,0.5349143147468567,0.46886104345321655,0.03412138298153877,0.5422926545143127,0.45919159054756165,0.04057859256863594,0.5206322073936462,0.3362312614917755,-0.0035619125701487064,0.51580411195755,0.3360915780067444,-0.002950991503894329,0.5128709077835083,0.3362686336040497,-0.0019798551220446825,0.5539818406105042,0.316989541053772,0.01093761995434761,0.5163611769676208,0.33419686555862427,-0.004974961746484041,0.5215973854064941,0.3338538110256195,-0.006183326710015535,0.5267852544784546,0.3333471417427063,-0.005824182648211718,0.5321297645568848,0.3324376046657562,-0.003986987750977278,0.5357949733734131,0.33166074752807617,-0.0016383077017962933,0.5625645518302917,0.3051035404205322,0.04219138249754906,0.5349858403205872,0.3329405188560486,0.00036661489866673946,0.5202680826187134,0.41079074144363403,-0.00494047487154603,0.5137099623680115,0.3963755965232849,-0.016380013898015022,0.5087246894836426,0.4120659828186035,-0.01129679661244154,0.5433163046836853,0.4502291679382324,0.03139563649892807,0.5359238386154175,0.46073585748672485,0.026244839653372765,0.5184394717216492,0.47933703660964966,0.014568797312676907,0.5580114126205444,0.43062669038772583,0.05857417359948158,0.5130138397216797,0.3352409601211548,-0.003330676816403866,0.5057070851325989,0.36241480708122253,-0.019597094506025314,0.527359664440155,0.4776037633419037,0.027356896549463272,0.5666295886039734,0.3871055543422699,0.04707258939743042,0.5126270651817322,0.4317311644554138,0.00027377333026379347,0.5138427019119263,0.43405184149742126,-5.059578688815236e-05,0.5148497819900513,0.43709951639175415,-0.000619836850091815,0.5156685709953308,0.4408609867095947,0.0007491722353734076,0.5197142362594604,0.44783449172973633,0.00640947837382555,0.5210601091384888,0.4274945855140686,0.005418727174401283,0.5220049619674683,0.4265286922454834,0.005371257197111845,0.522798478603363,0.4256228804588318,0.005139810033142567,0.5319051742553711,0.4171745479106903,0.005461214575916529,0.554828405380249,0.393023818731308,0.014416192658245564,0.5046645998954773,0.3523465692996979,-0.015205103904008865,0.5060620307922363,0.33177700638771057,-0.007426829542964697,0.5098767876625061,0.3316563367843628,-0.004918226040899754,0.5200015902519226,0.4285205602645874,0.006258662324398756,0.5561785697937012,0.41280120611190796,0.027614958584308624,0.5009405612945557,0.3338317275047302,-0.015633173286914825,0.5233731865882874,0.4553060233592987,0.010882125236093998,0.5011140704154968,0.35926106572151184,-0.024928351864218712,0.511150062084198,0.37547215819358826,-0.01737341657280922,0.5143637657165527,0.46241897344589233,0.007822067476809025,0.5357515811920166,0.43538033962249756,0.015857573598623276,0.5253419876098633,0.3937985301017761,-0.0019246108131483197,0.5300978422164917,0.44623056054115295,0.013857318088412285,0.5405142307281494,0.3895719349384308,0.0007337179267778993,0.5322160720825195,0.4010925889015198,0.0009750982280820608,0.5468337535858154,0.4016536772251129,0.008277659304440022,0.5170503258705139,0.47189614176750183,0.009852243587374687,0.5149948596954346,0.37872523069381714,-0.011951264925301075,0.5410892963409424,0.4412503242492676,0.022789739072322845,0.5338409543037415,0.4527682363986969,0.019933609291911125,0.5404559373855591,0.42376354336738586,0.014730230905115604,0.561337947845459,0.4008181691169739,0.03154943138360977,0.5484007596969604,0.42391088604927063,0.020903227850794792,0.5642964243888855,0.40586864948272705,0.04758845642209053,0.5380762815475464,0.4099178612232208,0.0060299537144601345,0.5099129676818848,0.366762638092041,-0.014040393754839897,0.512614369392395,0.39487358927726746,-0.02434976026415825,0.516284704208374,0.3949078321456909,-0.016896242275834084,0.5095342397689819,0.3904114067554474,-0.029412193223834038,0.510017991065979,0.3236490488052368,-0.010376173071563244,0.5196333527565002,0.3162894546985626,-0.011892806738615036,0.5285459756851196,0.31332913041114807,-0.011222776025533676,0.5361803770065308,0.31346121430397034,-0.008131780661642551,0.5417531728744507,0.3162606656551361,-0.0037606132682412863,0.5471843481063843,0.3301612138748169,0.007996498607099056,0.5667892694473267,0.34771373867988586,0.0402345173060894,0.5437933206558228,0.3430875241756439,0.004876133054494858,0.5375258326530457,0.34702154994010925,0.0013629893073812127,0.5290244221687317,0.34866365790367126,-0.0011863791150972247,0.5207965970039368,0.3482153117656708,-0.0027696932666003704,0.5143887996673584,0.3464931547641754,-0.0035805371589958668,0.5100152492523193,0.34457919001579285,-0.00448082247748971,0.566633939743042,0.3448672592639923,0.06429028511047363,0.5162690281867981,0.3963814377784729,-0.01348075270652771,0.5065630078315735,0.37145957350730896,-0.023177554830908775,0.5084936022758484,0.39718297123908997,-0.029101993888616562,0.5057153701782227,0.40144097805023193,-0.025881918147206306,0.5086228251457214,0.39804723858833313,-0.02587554045021534,0.5149607062339783,0.3987705707550049,-0.010899510234594345,0.5046011805534363,0.4028034806251526,-0.027431869879364967,0.5039916634559631,0.4040388762950897,-0.01961015909910202,0.5091556906700134,0.3369554579257965,-0.002889821771532297,0.5062963962554932,0.3405720293521881,-0.006311274599283934,0.504861056804657,0.3432605564594269,-0.01033039204776287,0.5381942987442017,0.33099693059921265,0.0007426600204780698,0.5416531562805176,0.3236754536628723,0.0008423434337601066,0.4609420597553253,0.3431960344314575,-0.0029594367370009422,0.46835315227508545,0.34229984879493713,-0.0029594367370009422,0.4603797495365143,0.3350500464439392,-0.0029594367370009422,0.45356154441833496,0.3440682888031006,-0.0029594367370009422,0.46146655082702637,0.35131990909576416,-0.0029594367370009422,0.5259817838668823,0.33382415771484375,-0.0021422908175736666,0.5324270725250244,0.3325653076171875,-0.0021422908175736666,0.5249862670898438,0.326449990272522,-0.0021422908175736666,0.5195489525794983,0.33503466844558716,-0.0021422908175736666,0.5269806385040283,0.3410969376564026,-0.0021422908175736666
2533.3333333333335,0.49916350841522217,0.42802906036376953,-0.011430943384766579,0.4979740381240845,0.401324063539505,-0.0323002003133297,0.4982070028781891,0.4071924686431885,-0.014765672385692596,0.4899967908859253,0.3708583116531372,-0.028077876195311546,0.4971909523010254,0.3925321400165558,-0.03550194948911667,0.4960201382637024,0.37982863187789917,-0.0345613919198513,0.49310237169265747,0.3477075397968292,-0.022552795708179474,0.44786494970321655,0.34629786014556885,0.0013298322446644306,0.49101823568344116,0.32435694336891174,-0.02165754698216915,0.4899747669696808,0.3121519386768341,-0.024919120594859123,0.4857254922389984,0.2634333372116089,-0.025485889986157417,0.49935176968574524,0.43082907795906067,-0.010090019553899765,0.4995094835758209,0.4334997534751892,-0.007743144873529673,0.49965184926986694,0.4352608025074005,-0.00424966961145401,0.49958592653274536,0.4353742301464081,-0.0031006094068288803,0.4998909533023834,0.43901896476745605,-0.0031361826695501804,0.5002194046974182,0.44328317046165466,-0.0038657819386571646,0.5005632042884827,0.44765281677246094,-0.002283960347995162,0.5024535655975342,0.4564402401447296,0.004506818018853664,0.4982460141181946,0.4050476551055908,-0.02856023982167244,0.49200358986854553,0.40451204776763916,-0.019888168200850487,0.41812726855278015,0.3109630346298218,0.02418091706931591,0.4668881893157959,0.35130447149276733,-0.004151745233684778,0.46049392223358154,0.35293081402778625,-0.003612549975514412,0.4540836811065674,0.3534129559993744,-0.001951288664713502,0.4450109899044037,0.3495413064956665,0.002846949500963092,0.47210419178009033,0.3485719859600067,-0.0036341077648103237,0.45544561743736267,0.32959505915641785,-0.008944733068346977,0.4628779888153076,0.32981306314468384,-0.009039881639182568,0.4488374888896942,0.3315121829509735,-0.00661533884704113,0.4447614848613739,0.33494651317596436,-0.0037829848006367683,0.43972933292388916,0.3553776741027832,0.0067362599074840546,0.48182937502861023,0.47004202008247375,0.014285321347415447,0.4452193081378937,0.34488531947135925,0.003109765239059925,0.41893017292022705,0.35101068019866943,0.03369114547967911,0.43187883496284485,0.34939107298851013,0.012002721428871155,0.4648933708667755,0.3912518322467804,-0.004154693800956011,0.4914332628250122,0.4273723363876343,-0.010884980671107769,0.49244794249534607,0.4337896406650543,-0.0068421801552176476,0.48442530632019043,0.4296565055847168,-0.006834305822849274,0.4795618951320648,0.43144935369491577,-0.0015042757149785757,0.48647546768188477,0.43393993377685547,-0.004202415235340595,0.48175546526908875,0.4340391457080841,0.0005068774917162955,0.47222620248794556,0.4408971071243286,0.011084086261689663,0.4928562045097351,0.4016401171684265,-0.03182302042841911,0.4913485050201416,0.3931962549686432,-0.03481142595410347,0.43429553508758545,0.327915221452713,-0.00372475222684443,0.4761916697025299,0.36755749583244324,-0.008304133079946041,0.47783833742141724,0.3973384201526642,-0.016840411350131035,0.4770224690437317,0.3920542299747467,-0.015525002032518387,0.44514429569244385,0.3911343812942505,0.003467307658866048,0.49054762721061707,0.3813289701938629,-0.032639726996421814,0.4493913948535919,0.31839263439178467,-0.015654388815164566,0.44032520055770874,0.321774959564209,-0.01044758316129446,0.4233928918838501,0.2952870726585388,0.009593638591468334,0.4786589443683624,0.32454919815063477,-0.020079458132386208,0.4694521129131317,0.33240994811058044,-0.006862779147922993,0.46646004915237427,0.43309876322746277,0.011092145927250385,0.435154527425766,0.43049925565719604,0.06403851509094238,0.48271045088768005,0.4019107222557068,-0.013847160153090954,0.4878155291080475,0.40416672825813293,-0.013678841292858124,0.473042756319046,0.4338129460811615,0.010538317263126373,0.4744636118412018,0.43402329087257385,0.008801078423857689,0.4362158477306366,0.3157148063182831,-0.008459530770778656,0.4776087999343872,0.4001066982746124,-0.012816273607313633,0.4620286822319031,0.31877216696739197,-0.019004952162504196,0.4603099524974823,0.31143322587013245,-0.021526610478758812,0.4483889639377594,0.27275514602661133,-0.017015241086483,0.42957329750061035,0.3059201240539551,-0.0008655893034301698,0.45433634519577026,0.29162439703941345,-0.019907748326659203,0.4299979507923126,0.3235238492488861,0.0008186498307622969,0.4237399697303772,0.3184601664543152,0.011713564395904541,0.49184176325798035,0.43092358112335205,-0.009510860778391361,0.48542049527168274,0.4319087862968445,-0.005665413103997707,0.4806080162525177,0.4327457547187805,-0.0009394100634381175,0.4840950071811676,0.4030611515045166,-0.012246361933648586,0.47376933693885803,0.4339185953140259,0.009608844295144081,0.4769759774208069,0.4363270699977875,0.006448171567171812,0.47519803047180176,0.4341577887535095,0.008619528263807297,0.48581621050834656,0.4004985988140106,-0.023027006536722183,0.48270684480667114,0.43507182598114014,0.0018988220253959298,0.48742544651031494,0.4353676736354828,-0.001168460352346301,0.4931057095527649,0.43552109599113464,-0.0035156290978193283,0.49406948685646057,0.45698732137680054,0.004843676462769508,0.4928417205810547,0.4478084444999695,-0.0019082895014435053,0.49269285798072815,0.4433640241622925,-0.0032939494121819735,0.4928015172481537,0.4391210377216339,-0.0024714276660233736,0.4931083023548126,0.43568918108940125,-0.0023674352560192347,0.4826868772506714,0.4351440668106079,0.00281027820892632,0.48173201084136963,0.4367012083530426,0.0024239488411694765,0.48075035214424133,0.4388424754142761,0.002026515081524849,0.48001861572265625,0.4413195252418518,0.003501634346321225,0.4725373089313507,0.42132633924484253,-0.000869685725774616,0.4225051999092102,0.3873734772205353,0.06586074829101562,0.49825745820999146,0.4061684012413025,-0.019776606932282448,0.47913846373558044,0.434691846370697,0.006261087022721767,0.4780476689338684,0.43541717529296875,0.006110877264291048,0.49013012647628784,0.4072225093841553,-0.013096672482788563,0.47980454564094543,0.40428104996681213,-0.007333253510296345,0.489030122756958,0.4057365655899048,-0.01364181563258171,0.46991321444511414,0.37292230129241943,-0.0053353747352957726,0.45972156524658203,0.3798419237136841,-0.002808953868225217,0.47609174251556396,0.39524948596954346,-0.011422357521951199,0.4328864514827728,0.28229668736457825,-0.004769704770296812,0.4391666054725647,0.29649460315704346,-0.011113411746919155,0.44658297300338745,0.31116336584091187,-0.01583803817629814,0.47821521759033203,0.4475734829902649,0.008702442981302738,0.47580230236053467,0.3128689229488373,-0.024260560050606728,0.47001969814300537,0.28943705558776855,-0.024669688194990158,0.4654198884963989,0.26694756746292114,-0.023899585008621216,0.4484470784664154,0.352321594953537,0.0006017063278704882,0.43309029936790466,0.36188367009162903,0.011058101430535316,0.47532761096954346,0.34610414505004883,-0.0031549090053886175,0.43810105323791504,0.33862024545669556,0.0016011830884963274,0.4801817536354065,0.3618561625480652,-0.011295419186353683,0.48154503107070923,0.39520806074142456,-0.023478399962186813,0.42692404985427856,0.3691597282886505,0.019108058884739876,0.4377833306789398,0.36830782890319824,0.006447401363402605,0.44631826877593994,0.37142330408096313,0.001211714930832386,0.4589478075504303,0.36908626556396484,-0.001612429041415453,0.46802136301994324,0.3645423352718353,-0.00345254922285676,0.4745413064956665,0.35984352231025696,-0.005789127666503191,0.4874613583087921,0.35043880343437195,-0.019915584474802017,0.4297046661376953,0.38773566484451294,0.020287275314331055,0.4326096773147583,0.3375962972640991,0.004045134410262108,0.4950648844242096,0.40515220165252686,-0.028235483914613724,0.47750338912010193,0.3769233822822571,-0.009591053240001202,0.41637858748435974,0.34769195318222046,0.05390708148479462,0.47935327887535095,0.3548796474933624,-0.007535876240581274,0.4753592908382416,0.3948850929737091,-0.004994087386876345,0.4421941041946411,0.34455418586730957,0.004393401555716991,0.48072588443756104,0.38868972659111023,-0.0218539759516716,0.42749637365341187,0.4087978005409241,0.06655188649892807,0.4748469889163971,0.34318411350250244,-0.0022673155181109905,0.4854770302772522,0.3842798173427582,-0.028524864464998245,0.45282381772994995,0.4516058564186096,0.03444095700979233,0.4544861912727356,0.45980989933013916,0.04673180356621742,0.42338356375694275,0.388787180185318,0.04319820553064346,0.4428754150867462,0.44090378284454346,0.04026466980576515,0.420845091342926,0.33330410718917847,0.024201693013310432,0.4817492961883545,0.47784489393234253,0.01937812566757202,0.4956899583339691,0.40614253282546997,-0.019384581595659256,0.4722006618976593,0.38339877128601074,-0.006328632589429617,0.4265652298927307,0.3508482575416565,0.01836221106350422,0.4547027349472046,0.34771424531936646,-0.0020950823090970516,0.4602999687194824,0.3474908173084259,-0.003552074311301112,0.4760746657848358,0.4374518096446991,0.0076844347640872,0.43270087242126465,0.40519049763679504,0.02534901537001133,0.49356964230537415,0.48745495080947876,0.02224213443696499,0.4748733937740326,0.4774993062019348,0.03278130292892456,0.46590742468833923,0.47027745842933655,0.03891032561659813,0.4877631962299347,0.2873096466064453,-0.02602306567132473,0.5055801272392273,0.4874281883239746,0.020778639242053032,0.46556326746940613,0.34621942043304443,-0.003909685183316469,0.4704163372516632,0.34438055753707886,-0.0032203043811023235,0.47344592213630676,0.34356489777565,-0.002217520959675312,0.4277176558971405,0.33545008301734924,0.010013028047978878,0.4691912531852722,0.3409837484359741,-0.005265458952635527,0.4636663794517517,0.34127265214920044,-0.00650912756100297,0.4583081305027008,0.3420964479446411,-0.0062223379500210285,0.4528651833534241,0.34314626455307007,-0.004483323078602552,0.4492768347263336,0.34405919909477234,-0.002197905909270048,0.4159083962440491,0.3274250328540802,0.040091998875141144,0.4507707357406616,0.34711208939552307,-0.0002402981190243736,0.49873971939086914,0.4135932922363281,-0.012174952775239944,0.47852590680122375,0.41695401072502136,-0.0053870417177677155,0.48275843262672424,0.4010469913482666,-0.01660075969994068,0.4901551604270935,0.4146926999092102,-0.011499435640871525,0.4919559955596924,0.3353056311607361,-0.019819136708974838,0.46317487955093384,0.46186789870262146,0.030346371233463287,0.4723948538303375,0.4697960615158081,0.02540535107254982,0.49268290400505066,0.4828585386276245,0.014140945859253407,0.444611132144928,0.44753777980804443,0.056181974709033966,0.47301363945007324,0.3420363664627075,-0.003569482360035181,0.484774649143219,0.36569932103157043,-0.01960456557571888,0.5050939917564392,0.48254382610321045,0.012905346229672432,0.48380008339881897,0.4837336242198944,0.02633216232061386,0.42782631516456604,0.40796542167663574,0.04543737322092056,0.48743537068367004,0.4355068802833557,-0.00010977687634294853,0.4866184890270233,0.4381507635116577,-0.0004250646161381155,0.4860752522945404,0.44148123264312744,-0.0009343037963844836,0.48585835099220276,0.44547200202941895,0.0004572701291181147,0.4853304922580719,0.45341426134109497,0.006073818542063236,0.4779174327850342,0.43399542570114136,0.004814756568521261,0.4767952859401703,0.43336236476898193,0.004759425297379494,0.4758826494216919,0.4326910078525543,0.004490859340876341,0.46808379888534546,0.42674732208251953,0.0047761076129972935,0.44162461161613464,0.41002899408340454,0.013247115537524223,0.48388946056365967,0.3555682301521301,-0.015220633707940578,0.4793526530265808,0.3370489180088043,-0.007493468467146158,0.4754908084869385,0.33807823061943054,-0.005060360301285982,0.4791223704814911,0.43467292189598083,0.005656566470861435,0.44376394152641296,0.42960554361343384,0.0263044573366642,0.4848984181880951,0.33711209893226624,-0.015504483133554459,0.4833574891090393,0.4613741934299469,0.010482980869710445,0.49504104256629944,0.36902233958244324,-0.03029964305460453,0.48873189091682434,0.3612668514251709,-0.0247439444065094,0.4941210448741913,0.3588598072528839,-0.026328692212700844,0.48165544867515564,0.37997642159461975,-0.01754777878522873,0.5043385624885559,0.47488680481910706,0.008114291355013847,0.5033358335494995,0.4650813341140747,0.006455989088863134,0.493361234664917,0.46565818786621094,0.0076178619638085365,0.46761566400527954,0.445579469203949,0.015143336728215218,0.47053253650665283,0.4020861089229584,-0.0024282531812787056,0.47512099146842957,0.4544978141784668,0.013337576761841774,0.45526570081710815,0.40245795249938965,-4.918602644465864e-05,0.4651973247528076,0.4112199544906616,0.00034122305805794895,0.4511756896972656,0.41604775190353394,0.007343181408941746,0.49259448051452637,0.47538334131240845,0.009559312835335732,0.4782673716545105,0.38430750370025635,-0.012243230827152729,0.46373656392097473,0.4527081251144409,0.021891508251428604,0.4729117155075073,0.4616701006889343,0.019231878221035004,0.46103453636169434,0.43560242652893066,0.013846051879227161,0.4363241195678711,0.41951876878738403,0.030080145224928856,0.453483521938324,0.4380512535572052,0.01983339712023735,0.4338241219520569,0.4253745377063751,0.04591375216841698,0.4610232710838318,0.42149364948272705,0.005255936644971371,0.4812668561935425,0.3711603879928589,-0.014239336363971233,0.48382359743118286,0.3992968797683716,-0.024522554129362106,0.48000285029411316,0.4003695249557495,-0.01716122403740883,0.48614925146102905,0.3940948247909546,-0.029465412721037865,0.4737851917743683,0.33017557859420776,-0.010490691289305687,0.46263864636421204,0.32556694746017456,-0.012108951807022095,0.4530431032180786,0.3252074122428894,-0.011557910591363907,0.4453430771827698,0.32756173610687256,-0.008626870810985565,0.4402768015861511,0.3319181203842163,-0.004388743545860052,0.4377865195274353,0.34671080112457275,0.007144896313548088,0.42024433612823486,0.36991408467292786,0.038832396268844604,0.44360220432281494,0.3590961694717407,0.0040822322480380535,0.45058295130729675,0.3612633943557739,0.0006893709651194513,0.45946162939071655,0.3603999614715576,-0.001723144669085741,0.46758127212524414,0.35743558406829834,-0.003168801311403513,0.47367221117019653,0.3538435399532318,-0.0038290538359433413,0.4777553975582123,0.350737601518631,-0.004650899674743414,0.4191247224807739,0.36721283197402954,0.06189051270484924,0.48007428646087646,0.4018218219280243,-0.01376920286566019,0.4855444133281708,0.3747621476650238,-0.023203976452350616,0.488311231136322,0.40039628744125366,-0.029123004525899887,0.49162670969963074,0.40369629859924316,-0.02587410993874073,0.4882718026638031,0.40123251080513,-0.02593427710235119,0.4817139804363251,0.4037364423274994,-0.011169632896780968,0.4930056035518646,0.4046764671802521,-0.02740088663995266,0.493600457906723,0.40571215748786926,-0.01961529068648815,0.4772615432739258,0.3433181643486023,-0.0030389942694455385,0.48073360323905945,0.34576645493507385,-0.006396222859621048,0.48276257514953613,0.3478304147720337,-0.010344773530960083,0.4470202922821045,0.34461143612861633,0.0001410822878824547,0.4419980049133301,0.33907055854797363,0.00016889996186364442,0.5002797245979309,0.3692852556705475,-0.027990711852908134,0.5360307693481445,0.3317999839782715,0.0017123959260061383,0.5040358304977417,0.40255218744277954,-0.01980999857187271,0.5568555593490601,0.2900514602661133,0.02560398355126381,0.5187377333641052,0.34153786301612854,-0.0038856856990605593,0.5249468684196472,0.34114721417427063,-0.0032766100484877825,0.5310649871826172,0.3399540185928345,-0.0015724733239039779,0.5392318367958069,0.334272563457489,0.003262891434133053,0.5134983062744141,0.3402935266494751,-0.0034558079205453396,0.5254764556884766,0.31893473863601685,-0.00861969031393528,0.5188305974006653,0.3209117650985718,-0.008791145868599415,0.5318493247032166,0.31881043314933777,-0.006223431322723627,0.5362582206726074,0.32083842158317566,-0.003387104021385312,0.5451284646987915,0.3386498987674713,0.007211458403617144,0.5254544019699097,0.4635460376739502,0.014470730908215046,0.5383335947990417,0.3304288983345032,0.0035209592897444963,0.5634498000144958,0.3292326033115387,0.03424529358744621,0.5514602661132812,0.33126726746559143,0.012542410753667355,0.5278445482254028,0.3817901015281677,-0.003816141514107585,0.5065942406654358,0.4252627491950989,-0.01080776285380125,0.5064173936843872,0.43179312348365784,-0.006752726621925831,0.5136180520057678,0.42558473348617554,-0.006667226552963257,0.5183379650115967,0.42591944336891174,-0.0012872066581621766,0.5121816992759705,0.4302879571914673,-0.004080807790160179,0.5166236758232117,0.4290372133255005,0.0007089911960065365,0.5290886163711548,0.4323049783706665,0.01129672210663557,0.502986490726471,0.40006524324417114,-0.03176539018750191,0.5029693245887756,0.39137887954711914,-0.03475810959935188,0.5445680022239685,0.3116670846939087,-0.003218996338546276,0.5127228498458862,0.3620498776435852,-0.00803816132247448,0.5164650082588196,0.39154401421546936,-0.016582725569605827,0.5162752270698547,0.3861474096775055,-0.015275025740265846,0.5467903017997742,0.3758127689361572,0.0039597502909600735,0.5015708208084106,0.37959909439086914,-0.03255777060985565,0.5287825465202332,0.3064310848712921,-0.015256484039127827,0.5377471446990967,0.3073486387729645,-0.009990396909415722,0.5496591925621033,0.27637049555778503,0.010869915597140789,0.5028036832809448,0.3201899230480194,-0.019952567294239998,0.5132471323013306,0.32481589913368225,-0.006687699351459742,0.5333995223045349,0.42303919792175293,0.011400843039155006,0.5628247857093811,0.41154593229293823,0.06552641838788986,0.5124569535255432,0.39743685722351074,-0.013606349937617779,0.5079145431518555,0.40109983086586,-0.0135479886084795,0.5245673060417175,0.4261976480484009,0.010803569108247757,0.5232357978820801,0.42682963609695435,0.009035613387823105,0.5404365658760071,0.300743043422699,-0.007966527715325356,0.5170130729675293,0.39422717690467834,-0.012566525489091873,0.5171990990638733,0.3100159466266632,-0.018749281764030457,0.5175134539604187,0.30255067348480225,-0.021235451102256775,0.5229493379592896,0.2617301940917969,-0.016377612948417664,0.5459554195404053,0.2885732352733612,-0.00032162744901143014,0.5204927921295166,0.28186970949172974,-0.019577397033572197,0.5477487444877625,0.3067256212234497,0.0013510576682165265,0.5533636808395386,0.2991042733192444,0.012252191081643105,0.5066501498222351,0.42884328961372375,-0.009436997584998608,0.5129494667053223,0.4280428886413574,-0.005527782719582319,0.5175496339797974,0.42744919657707214,-0.0007414259016513824,0.5112471580505371,0.39898136258125305,-0.012064924463629723,0.5238815546035767,0.4265214204788208,0.009855237789452076,0.5212690830230713,0.4296737313270569,0.006626318208873272,0.5225239992141724,0.42719152569770813,0.008862636983394623,0.509442925453186,0.39690250158309937,-0.022836994379758835,0.5158317685127258,0.43028533458709717,0.0020862955134361982,0.5114287734031677,0.4319244623184204,-0.0010237885871902108,0.5060381889343262,0.43367376923561096,-0.003430136712267995,0.5107967853546143,0.4544682204723358,0.00491162808611989,0.508081316947937,0.4454704225063324,-0.0018201328348368406,0.5074816346168518,0.4410928189754486,-0.003191426396369934,0.5067448019981384,0.4370129108428955,-0.0023671844974160194,0.5059412717819214,0.43375346064567566,-0.0022676929365843534,0.5157499313354492,0.43022945523262024,0.0030010405462235212,0.5169476270675659,0.43139979243278503,0.0026056328788399696,0.5181710124015808,0.433118999004364,0.0022129693534225225,0.5191848874092102,0.4352555274963379,0.003673363709822297,0.5254782438278198,0.4134162664413452,-0.0006332566263154149,0.5662791728973389,0.3657321333885193,0.06730514764785767,0.5190153121948242,0.42880842089653015,0.006459860131144524,0.5201416611671448,0.4291532337665558,0.006296651437878609,0.5061895847320557,0.40483152866363525,-0.012996438890695572,0.5155447721481323,0.39898115396499634,-0.0071363202296197414,0.5070177316665649,0.4030364751815796,-0.013514461927115917,0.519634485244751,0.3654743432998657,-0.005023686680942774,0.5307854413986206,0.36917269229888916,-0.0024475313257426023,0.5176470875740051,0.3890509009361267,-0.011155650950968266,0.5389561653137207,0.26650965213775635,-0.0037650051526725292,0.5354833602905273,0.28228628635406494,-0.010665377601981163,0.5301525592803955,0.2988021671772003,-0.015448885038495064,0.5245761275291443,0.440559446811676,0.00887707807123661,0.5033969283103943,0.30824989080429077,-0.024134939536452293,0.5052354335784912,0.2841934859752655,-0.024479905143380165,0.5058925151824951,0.2609555125236511,-0.023554645478725433,0.5363003611564636,0.3375629186630249,0.0010178801603615284,0.5526281595230103,0.3430507183074951,0.011569538153707981,0.5101369023323059,0.3387482762336731,-0.002999265445396304,0.5433183908462524,0.322579026222229,0.0020559963304549456,0.5079952478408813,0.35763728618621826,-0.011086986400187016,0.5126932263374329,0.3905060887336731,-0.02324908971786499,0.5596168041229248,0.34917178750038147,0.01965719647705555,0.5491063594818115,0.350365549325943,0.006974361836910248,0.5416133403778076,0.35570603609085083,0.0016553740715608,0.5295177102088928,0.3570915758609772,-0.0012733486946672201,0.5202533602714539,0.35516032576560974,-0.0031802456360310316,0.5133277177810669,0.3524669110774994,-0.005529085639864206,0.4990527033805847,0.3486793637275696,-0.019840802997350693,0.5606065988540649,0.3680782914161682,0.020862605422735214,0.5482581257820129,0.3204057812690735,0.00459358561784029,0.5013553500175476,0.4041353166103363,-0.028182465583086014,0.5131213068962097,0.3715466558933258,-0.009316195733845234,0.5646002888679504,0.32525306940078735,0.05540533363819122,0.5080236196517944,0.3488815426826477,-0.007346758618950844,0.5181849002838135,0.38848695158958435,-0.004751779139041901,0.5409500002861023,0.329073965549469,0.004825115203857422,0.5122516751289368,0.3839070796966553,-0.021610045805573463,0.5657702684402466,0.38804933428764343,0.06807543337345123,0.5100950002670288,0.3359907269477844,-0.0021041976287961006,0.5069636106491089,0.3809589147567749,-0.028377579525113106,0.5505099892616272,0.43737199902534485,0.03487139940261841,0.5503618717193604,0.44588738679885864,0.04787301644682884,0.5663070678710938,0.36727374792099,0.04376958683133125,0.557964026927948,0.42400601506233215,0.04079324007034302,0.558495044708252,0.31258559226989746,0.024761922657489777,0.5270656943321228,0.4711875021457672,0.019586052745580673,0.500742495059967,0.4053252339363098,-0.019348224624991417,0.5192832946777344,0.3763432502746582,-0.006036373786628246,0.5570679306983948,0.33132368326187134,0.018922852352261543,0.5295332074165344,0.3342026174068451,-0.0017506253207102418,0.5241626501083374,0.3355220854282379,-0.0032658716663718224,0.5223074555397034,0.43046024441719055,0.007876165211200714,0.5610644221305847,0.3860442638397217,0.025940245017409325,0.5173335075378418,0.48390308022499084,0.02253628335893154,0.5338889956474304,0.4688107371330261,0.03349698707461357,0.5413960814476013,0.4593052864074707,0.0398336686193943,0.5191054940223694,0.33601972460746765,-0.0036716917529702187,0.5143799781799316,0.33577632904052734,-0.0030303068924695253,0.5115084648132324,0.3358972668647766,-0.0020419086795300245,0.5524018406867981,0.31719473004341125,0.01055164635181427,0.5147987604141235,0.3344409465789795,-0.0050072879530489445,0.5199446082115173,0.33458778262138367,-0.006224826909601688,0.5250951647758484,0.33430251479148865,-0.005899436306208372,0.5303977727890015,0.33331620693206787,-0.00412128958851099,0.5340362787246704,0.3323044180870056,-0.0018293935572728515,0.5615234375,0.30535250902175903,0.04159862548112869,0.5332781076431274,0.3328797221183777,0.00013326523185241967,0.5190311074256897,0.4109196662902832,-0.005153420381247997,0.5123311281204224,0.3966214656829834,-0.016405761241912842,0.507476270198822,0.41215115785598755,-0.011386815458536148,0.5422854423522949,0.45036637783050537,0.03071359544992447,0.5348207354545593,0.4607609510421753,0.025682931765913963,0.5172300934791565,0.47920525074005127,0.014246858656406403,0.5573230981826782,0.43096649646759033,0.057553794234991074,0.5115922093391418,0.3350793719291687,-0.003369468729943037,0.5043729543685913,0.36270684003829956,-0.019456688314676285,0.5262446403503418,0.47741371393203735,0.026840120553970337,0.5657554268836975,0.3873901069164276,0.04608260467648506,0.511339545249939,0.43193119764328003,6.465776095865294e-05,0.5125400424003601,0.43421804904937744,-0.0002515609376132488,0.5135706067085266,0.43724995851516724,-0.0007981085800565779,0.514439582824707,0.44099679589271545,0.000585620291531086,0.5186806321144104,0.44830089807510376,0.00622051116079092,0.5201136469841003,0.42785370349884033,0.005060028284788132,0.5210524201393127,0.4268917143344879,0.005006326828151941,0.521835207939148,0.4259944558143616,0.004768897779285908,0.5306954979896545,0.4173283576965332,0.005076841451227665,0.5535694360733032,0.39327335357666016,0.013798348605632782,0.5033642649650574,0.35264214873313904,-0.015074657276272774,0.5047605037689209,0.33153218030929565,-0.007329594809561968,0.5085253119468689,0.3313375413417816,-0.0049003539606928825,0.5190674662590027,0.42887604236602783,0.005885404534637928,0.5551173090934753,0.413083553314209,0.02684222161769867,0.49966636300086975,0.33369582891464233,-0.015408720821142197,0.5222581028938293,0.45554977655410767,0.010629165917634964,0.49978843331336975,0.35955071449279785,-0.024680214002728462,0.5097939968109131,0.3757413625717163,-0.01733309216797352,0.5132173895835876,0.46266353130340576,0.0076692174188792706,0.5346255898475647,0.4356037974357605,0.015410260297358036,0.5240585803985596,0.3940046429634094,-0.002135513350367546,0.5290009379386902,0.4464533030986786,0.01350927259773016,0.5391712784767151,0.3898371756076813,0.00037052034167572856,0.5309303998947144,0.4013214707374573,0.0006814369698986411,0.5455282330513,0.40190714597702026,0.007773091085255146,0.5158411860466003,0.47192150354385376,0.009620514698326588,0.5136719942092896,0.3789621889591217,-0.011997641064226627,0.5399785041809082,0.44143757224082947,0.022221757099032402,0.532717764377594,0.45286744832992554,0.019475044682621956,0.5392737984657288,0.42398253083229065,0.014215421862900257,0.5603194236755371,0.40109243988990784,0.030707860365509987,0.5472965836524963,0.4241679012775421,0.020274614915251732,0.5634934306144714,0.4061771035194397,0.04656339809298515,0.5368087291717529,0.41010841727256775,0.005625184625387192,0.5085875988006592,0.3670371174812317,-0.014003125950694084,0.5112013220787048,0.39515551924705505,-0.02431083843111992,0.5148991346359253,0.39515671133995056,-0.016942212358117104,0.5081201195716858,0.3907070457935333,-0.029290176928043365,0.5085527300834656,0.3235686421394348,-0.010261249728500843,0.5179812908172607,0.3164619207382202,-0.01181691512465477,0.5267398357391357,0.31364089250564575,-0.011226020753383636,0.5342859625816345,0.3138352036476135,-0.008216513320803642,0.5398540496826172,0.3166485130786896,-0.003932403400540352,0.545518696308136,0.33027562499046326,0.007629699073731899,0.5656489133834839,0.3479836583137512,0.039398740977048874,0.5421543717384338,0.3431198298931122,0.004518846981227398,0.5359182357788086,0.346998006105423,0.0010879122419282794,0.5274898409843445,0.3485416769981384,-0.0013777794083580375,0.5193625092506409,0.34798842668533325,-0.0029004053212702274,0.5130494236946106,0.34615838527679443,-0.003625353565439582,0.5087354779243469,0.34421518445014954,-0.004489489831030369,0.5656322240829468,0.345049649477005,0.06336159259080887,0.5149227976799011,0.39659860730171204,-0.013553287833929062,0.5051985383033752,0.371751070022583,-0.023053569719195366,0.5071056485176086,0.3974636495113373,-0.02899472787976265,0.504372239112854,0.4016723036766052,-0.025787929072976112,0.5072459578514099,0.39832326769828796,-0.02579774148762226,0.5136517286300659,0.3989461660385132,-0.010980015620589256,0.5032480955123901,0.4030311405658722,-0.027323659509420395,0.5026678442955017,0.4042254388332367,-0.019566610455513,0.5078312754631042,0.33652645349502563,-0.0029038444627076387,0.5050421953201294,0.340226948261261,-0.0062611298635602,0.5035962462425232,0.3430028557777405,-0.0102228419855237,0.5364443063735962,0.3314191997051239,0.0005069906474091113,0.5397940278053284,0.32391828298568726,0.0005982712027616799,0.46091321110725403,0.34342363476753235,-0.0025730773340910673,0.4678632318973541,0.3425525426864624,-0.0025730773340910673,0.4604560136795044,0.33565887808799744,-0.0025730773340910673,0.45394521951675415,0.34428349137306213,-0.0025730773340910673,0.46132031083106995,0.35117441415786743,-0.0025730773340910673,0.5226169228553772,0.33445435762405396,-0.00227766833268106,0.5286588072776794,0.33335134387016296,-0.00227766833268106,0.5217689871788025,0.3275020718574524,-0.00227766833268106,0.516665518283844,0.3354620933532715,-0.00227766833268106,0.5234830975532532,0.34128984808921814,-0.00227766833268106
2566.666666666667,0.4955365061759949,0.428607314825058,-0.011827655136585236,0.4942094683647156,0.40214085578918457,-0.032385773956775665,0.4945893883705139,0.40777909755706787,-0.014889789745211601,0.48576611280441284,0.3710764944553375,-0.027790209278464317,0.49329841136932373,0.39322414994239807,-0.035509660840034485,0.49195563793182373,0.3802489638328552,-0.03442644327878952,0.4886168837547302,0.34733179211616516,-0.02198125422000885,0.4430985748767853,0.34544453024864197,0.0021555526182055473,0.48626944422721863,0.3235267698764801,-0.020760083571076393,0.48508402705192566,0.31125742197036743,-0.023870261386036873,0.48031771183013916,0.2624029219150543,-0.023734623566269875,0.49577438831329346,0.4314943253993988,-0.010533393360674381,0.49601101875305176,0.4342464208602905,-0.008195023983716965,0.4962241053581238,0.4360453486442566,-0.004655387252569199,0.4961647093296051,0.43609195947647095,-0.003913802094757557,0.496487557888031,0.4396509826183319,-0.003954519052058458,0.49685046076774597,0.4438062906265259,-0.00478148739784956,0.497257262468338,0.4480847716331482,-0.0033143830951303244,0.49949127435684204,0.45600298047065735,0.0033876439556479454,0.4945679306983948,0.4058187007904053,-0.028670286759734154,0.4882447123527527,0.4053099751472473,-0.01995798572897911,0.4133630096912384,0.31093961000442505,0.02572692558169365,0.4619327187538147,0.3514171242713928,-0.0035159967374056578,0.4554496705532074,0.3528401255607605,-0.0029829125851392746,0.4490463137626648,0.3532249331474304,-0.0012971427058801055,0.4402593970298767,0.3491366505622864,0.0036044218577444553,0.467399001121521,0.3489531874656677,-0.0029775940347462893,0.45024096965789795,0.32895952463150024,-0.008014985360205173,0.45790210366249084,0.3292047679424286,-0.00812962744385004,0.44348591566085815,0.3310004472732544,-0.005709788762032986,0.43931615352630615,0.33458369970321655,-0.00289638782851398,0.4348040521144867,0.3555973768234253,0.0074290260672569275,0.4789920151233673,0.4703669250011444,0.012963686138391495,0.44043147563934326,0.3437226116657257,0.003967249300330877,0.4141700863838196,0.3512796461582184,0.03462662920355797,0.42693448066711426,0.35012421011924744,0.012827315367758274,0.4609944820404053,0.3917882740497589,-0.004111736547201872,0.48809853196144104,0.42801588773727417,-0.01125854067504406,0.48926109075546265,0.43459832668304443,-0.0073067257180809975,0.48149964213371277,0.4304438829421997,-0.0073278238996863365,0.4769706130027771,0.4322795271873474,-0.0022284674923866987,0.48360148072242737,0.4347694516181946,-0.004778287839144468,0.47915539145469666,0.43484118580818176,-0.00026564535801298916,0.46953660249710083,0.4419441819190979,0.009841250255703926,0.4890604317188263,0.4025598168373108,-0.031886737793684006,0.48740410804748535,0.39397841691970825,-0.03480181470513344,0.4289950430393219,0.32866930961608887,-0.002591690281406045,0.47191858291625977,0.36755505204200745,-0.007989288307726383,0.47404682636260986,0.3982258141040802,-0.016760552302002907,0.47318005561828613,0.39279603958129883,-0.015408424660563469,0.4411284923553467,0.3919057548046112,0.0035400085616856813,0.4864662289619446,0.38184675574302673,-0.03247801959514618,0.444204717874527,0.3187684416770935,-0.014506328850984573,0.43504801392555237,0.32227468490600586,-0.009272487834095955,0.41839197278022766,0.29516392946243286,0.0112780025228858,0.47413644194602966,0.32467180490493774,-0.01905742473900318,0.46474242210388184,0.33205878734588623,-0.00597815215587616,0.4636979103088379,0.4345361888408661,0.010087432339787483,0.43150559067726135,0.4310675263404846,0.06364861130714417,0.4790133833885193,0.40279197692871094,-0.0138085363432765,0.4841303825378418,0.4049112796783447,-0.013739608228206635,0.47084763646125793,0.43453577160835266,0.009429770521819592,0.47222599387168884,0.4347311556339264,0.007658504415303469,0.4310637414455414,0.31653013825416565,-0.0071480171754956245,0.47390538454055786,0.40098240971565247,-0.012777820229530334,0.457113116979599,0.3190312683582306,-0.017895344644784927,0.4553518295288086,0.3117060363292694,-0.020313234999775887,0.44296127557754517,0.2723354399204254,-0.015226620249450207,0.4245181381702423,0.30583494901657104,0.0006100398022681475,0.4490341246128082,0.29125267267227173,-0.01842469349503517,0.42488032579421997,0.32453662157058716,0.0020860410295426846,0.418880820274353,0.3184534013271332,0.013106528669595718,0.4885804355144501,0.43166491389274597,-0.009951158426702023,0.4825185239315033,0.4327220916748047,-0.006224917247891426,0.4780147075653076,0.43356630206108093,-0.001701516448520124,0.4804243743419647,0.40387260913848877,-0.01225502509623766,0.47155138850212097,0.43463316559791565,0.008480934426188469,0.47462618350982666,0.43703925609588623,0.005196330603212118,0.47294047474861145,0.4348641633987427,0.007470447104424238,0.48202940821647644,0.4014817178249359,-0.02299542725086212,0.48009273409843445,0.435861200094223,0.0011488175950944424,0.4845578968524933,0.43619853258132935,-0.0017262937035411596,0.48995545506477356,0.4363531470298767,-0.003952306229621172,0.4913043677806854,0.4567459225654602,0.0036993075627833605,0.4898262917995453,0.44830936193466187,-0.002962747123092413,0.48960667848587036,0.44395408034324646,-0.004247571341693401,0.4896591901779175,0.4398266673088074,-0.0033197421580553055,0.48994606733322144,0.43645671010017395,-0.0032039680518209934,0.48005738854408264,0.4359138309955597,0.0017611435614526272,0.4791252911090851,0.4374452233314514,0.0013423707569018006,0.47818854451179504,0.4395415782928467,0.0008552474319003522,0.47750943899154663,0.441989541053772,0.002256231615319848,0.46939632296562195,0.422375351190567,-0.0014898485969752073,0.4182003438472748,0.3876904845237732,0.06621627509593964,0.49461445212364197,0.4068334996700287,-0.01987738162279129,0.4767304062843323,0.4354376494884491,0.005090685095638037,0.4756658375263214,0.4361441731452942,0.004902590997517109,0.48651742935180664,0.40791743993759155,-0.013211414217948914,0.4761801064014435,0.4051080346107483,-0.007376719731837511,0.48537468910217285,0.4064568877220154,-0.013722356408834457,0.46572592854499817,0.3731110095977783,-0.005089727696031332,0.45559462904930115,0.38029107451438904,-0.0026152385398745537,0.47232747077941895,0.3959968090057373,-0.011344367638230324,0.42761531472206116,0.28204238414764404,-0.003018877934664488,0.4339393973350525,0.29628801345825195,-0.009600679390132427,0.4414732754230499,0.3117048442363739,-0.014549530111253262,0.4755112826824188,0.4481165409088135,0.007386454846709967,0.47110992670059204,0.312908798456192,-0.023122722283005714,0.46476876735687256,0.2888917326927185,-0.023240242153406143,0.45996686816215515,0.2662815451622009,-0.02211378514766693,0.44357919692993164,0.35200920701026917,0.0012980899773538113,0.42804914712905884,0.3625607490539551,0.011668148450553417,0.47083061933517456,0.346542090177536,-0.0024379605893045664,0.43287190794944763,0.3388829827308655,0.0025143935345113277,0.47581207752227783,0.3617161810398102,-0.010909361764788628,0.477652907371521,0.39612889289855957,-0.023395642638206482,0.422277569770813,0.36971521377563477,0.0196403656154871,0.4327664375305176,0.36868956685066223,0.006903497502207756,0.44135984778404236,0.37167590856552124,0.0015558383893221617,0.45410504937171936,0.3692915439605713,-0.0012729422887787223,0.4633614420890808,0.36477628350257874,-0.0030779135413467884,0.47004035115242004,0.36008739471435547,-0.005368469282984734,0.48297539353370667,0.35013842582702637,-0.019337106496095657,0.425383597612381,0.3885250389575958,0.020510461181402206,0.4275349974632263,0.3383325934410095,0.0050306739285588264,0.4913358986377716,0.40597954392433167,-0.028328772634267807,0.4734237492084503,0.37715956568717957,-0.009378155693411827,0.4118208885192871,0.34785521030426025,0.05496872961521149,0.4749498963356018,0.3550053834915161,-0.007025888655334711,0.4716261625289917,0.39557328820228577,-0.004953240510076284,0.437299519777298,0.3442859351634979,0.005248407367616892,0.47677358984947205,0.38940244913101196,-0.0217138584703207,0.4234775900840759,0.40921175479888916,0.06654614955186844,0.4704422056674957,0.34331873059272766,-0.001462570740841329,0.48141470551490784,0.3848645091056824,-0.028373513370752335,0.4493831694126129,0.4525512158870697,0.033514637500047684,0.45113280415534973,0.4606965184211731,0.04573965445160866,0.4189838171005249,0.389328271150589,0.043547388166189194,0.4393455684185028,0.44173216819763184,0.03962601348757744,0.41604822874069214,0.3334096074104309,0.025391321629285812,0.4788159728050232,0.47835469245910645,0.017996832728385925,0.49200648069381714,0.4068698287010193,-0.019478242844343185,0.46822482347488403,0.3837945759296417,-0.0061853015795350075,0.42180490493774414,0.35199064016342163,0.019216446205973625,0.4496377408504486,0.3472546339035034,-0.0013417353620752692,0.4551923871040344,0.3472719192504883,-0.002823826391249895,0.4737541079521179,0.43816471099853516,0.006420504301786423,0.4287453293800354,0.40601640939712524,0.025280622765421867,0.49086427688598633,0.48781293630599976,0.02086482010781765,0.47178444266319275,0.47829529643058777,0.03154211863875389,0.4626496434211731,0.4711794853210449,0.03774602711200714,0.48260605335235596,0.2864801287651062,-0.024640314280986786,0.5030677914619446,0.4874736964702606,0.01935620792210102,0.4605848789215088,0.34620335698127747,-0.0031736090313643217,0.46565788984298706,0.3446529507637024,-0.002461488824337721,0.46892601251602173,0.3438986837863922,-0.0014253220288082957,0.42291006445884705,0.3364764153957367,0.011083611287176609,0.4641757905483246,0.33881378173828125,-0.004395626485347748,0.4583071768283844,0.3375072777271271,-0.0056142075918614864,0.45275628566741943,0.33775636553764343,-0.005318358540534973,0.44738903641700745,0.33931615948677063,-0.0035911928862333298,0.4440092146396637,0.3412382900714874,-0.001320987707003951,0.4112814962863922,0.32749706506729126,0.04145235940814018,0.4458666741847992,0.346444696187973,0.0005509927868843079,0.4951765239238739,0.41392970085144043,-0.01238478533923626,0.47518599033355713,0.4178425371646881,-0.005770132876932621,0.47901955246925354,0.4019888937473297,-0.016555912792682648,0.4866630434989929,0.4152270555496216,-0.011735621839761734,0.4873315989971161,0.33464789390563965,-0.019066795706748962,0.4598514139652252,0.4627842307090759,0.029168734326958656,0.4692339599132538,0.47056370973587036,0.02410160005092621,0.48993486166000366,0.4830881357192993,0.012676636688411236,0.44118818640708923,0.4482724070549011,0.05546575412154198,0.46842747926712036,0.3413757383823395,-0.002745410893112421,0.4804609417915344,0.3657263517379761,-0.019257158041000366,0.5024512410163879,0.482462614774704,0.011384183540940285,0.4809136986732483,0.4843370318412781,0.02502715028822422,0.42375507950782776,0.40857353806495667,0.04548293352127075,0.4845457077026367,0.436295747756958,-0.0010278780246153474,0.483745276927948,0.4388895332813263,-0.0013767213094979525,0.48325952887535095,0.4421432614326477,-0.002000352367758751,0.4830985963344574,0.44606339931488037,-0.0007185738650150597,0.4826347827911377,0.45353808999061584,0.0047994679771363735,0.475552499294281,0.43474438786506653,0.003844072110950947,0.47445106506347656,0.43413016200065613,0.003780555445700884,0.47355008125305176,0.4334767162799835,0.0035499928053468466,0.4651573896408081,0.4280407130718231,0.0039462861604988575,0.43791329860687256,0.41088220477104187,0.013047193177044392,0.4794471561908722,0.3553335666656494,-0.014727198518812656,0.4749661386013031,0.33708351850509644,-0.006672502961009741,0.4709932804107666,0.3381662368774414,-0.004218962509185076,0.4767293334007263,0.4354054033756256,0.004682810511440039,0.4402955174446106,0.43048104643821716,0.025787169113755226,0.48051726818084717,0.33697718381881714,-0.01471297163516283,0.4805871844291687,0.4615897536277771,0.009183986112475395,0.49082618951797485,0.3691607713699341,-0.030019167810678482,0.4843665361404419,0.3612331748008728,-0.024324744939804077,0.48976820707321167,0.3587358593940735,-0.025913294404745102,0.47758546471595764,0.38034334778785706,-0.017333799973130226,0.5015851855278015,0.47459688782691956,0.0067071435041725636,0.5004639029502869,0.46467500925064087,0.005248264875262976,0.490625262260437,0.46550360321998596,0.006384249310940504,0.4645949602127075,0.44656097888946533,0.013972129672765732,0.4668674170970917,0.40283313393592834,-0.002550647594034672,0.4722219705581665,0.4551153779029846,0.012027643620967865,0.45154181122779846,0.4032006561756134,-0.0001871981512522325,0.461704820394516,0.4120663106441498,-6.187612598296255e-05,0.4476563036441803,0.4169614017009735,0.006968179251998663,0.4898775815963745,0.47538185119628906,0.008201021701097488,0.47433140873908997,0.38478022813796997,-0.012075978331267834,0.46051546931266785,0.45363953709602356,0.020746588706970215,0.4698571264743805,0.4623315930366516,0.01794821210205555,0.4579278826713562,0.4368158280849457,0.01293266098946333,0.43262600898742676,0.42035171389579773,0.029793456196784973,0.45015618205070496,0.43906980752944946,0.019013304263353348,0.4300537705421448,0.4260629713535309,0.045618604868650436,0.45779475569725037,0.42262566089630127,0.0046533807180821896,0.4770562946796417,0.3712676167488098,-0.0139643345028162,0.48000627756118774,0.40030497312545776,-0.024469520896673203,0.4762527048587799,0.4013100862503052,-0.017117418348789215,0.482206791639328,0.39498886466026306,-0.029415138065814972,0.4691707491874695,0.33014407753944397,-0.00958219077438116,0.4577120542526245,0.3254609704017639,-0.011143366806209087,0.4478433430194855,0.3251074254512787,-0.0105730090290308,0.4400128126144409,0.32757794857025146,-0.007665321230888367,0.4349038600921631,0.3320472538471222,-0.0034488351084291935,0.43280744552612305,0.34710168838500977,0.007987018674612045,0.415600061416626,0.3703272342681885,0.039465904235839844,0.4386451542377472,0.35916373133659363,0.004684756975620985,0.4456179141998291,0.36133989691734314,0.0012106316862627864,0.4545595645904541,0.36048901081085205,-0.0012450162321329117,0.46280884742736816,0.35762110352516174,-0.002669526496902108,0.4690977931022644,0.35420408844947815,-0.003294245572760701,0.47333598136901855,0.35106903314590454,-0.004062532912939787,0.4146423637866974,0.36744558811187744,0.06261611729860306,0.4763852655887604,0.4027197062969208,-0.01374019868671894,0.48136425018310547,0.37504351139068604,-0.022946668788790703,0.48446938395500183,0.4013862609863281,-0.029137568548321724,0.48783186078071594,0.4045512080192566,-0.025944828987121582,0.4844605028629303,0.4021904468536377,-0.025946706533432007,0.47807225584983826,0.4045647978782654,-0.011183936148881912,0.48924508690834045,0.4055294394493103,-0.02749028243124485,0.48987600207328796,0.4064764976501465,-0.019696088507771492,0.47286540269851685,0.3436788320541382,-0.0022643967531621456,0.47640302777290344,0.345956951379776,-0.005704015493392944,0.4783996343612671,0.34780803322792053,-0.009717267006635666,0.44198060035705566,0.3426576852798462,0.001011781394481659,0.43674060702323914,0.33883315324783325,0.0010448182001709938,0.49607613682746887,0.3692992925643921,-0.027733473107218742,0.530295729637146,0.33073076605796814,0.002309458563104272,0.5004587769508362,0.40306124091148376,-0.019902044907212257,0.5521399974822998,0.2874028980731964,0.026920385658740997,0.5143179893493652,0.3413386046886444,-0.003391611622646451,0.5203725695610046,0.34080201387405396,-0.0028221418615430593,0.52629554271698,0.3393694758415222,-0.0011195731349289417,0.5337101817131042,0.33320775628089905,0.003785323817282915,0.5090858936309814,0.34034234285354614,-0.0029104254208505154,0.5209711790084839,0.3181169927120209,-0.007894493639469147,0.514289915561676,0.3201151490211487,-0.008044957183301449,0.5273371338844299,0.318135529756546,-0.005553191993385553,0.5316235423088074,0.32015013694763184,-0.0027506023179739714,0.5400955080986023,0.33758872747421265,0.007677419111132622,0.5225186347961426,0.4629271328449249,0.013071173802018166,0.5324670076370239,0.3286498785018921,0.004139685072004795,0.5595563054084778,0.32675281167030334,0.034927040338516235,0.5467355251312256,0.33001789450645447,0.013123936951160431,0.5237787961959839,0.3810340166091919,-0.003898372408002615,0.502709150314331,0.4257887303829193,-0.0112080667167902,0.5027121901512146,0.4325319528579712,-0.007244223728775978,0.5096312761306763,0.4262276291847229,-0.007199490908533335,0.5142619013786316,0.426650732755661,-0.0020723645575344563,0.5083270072937012,0.4310452938079834,-0.00469600735232234,0.5126503705978394,0.42979860305786133,-0.00011261834151810035,0.5253871083259583,0.43215182423591614,0.00996311753988266,0.49924802780151367,0.40075916051864624,-0.0318526029586792,0.49909210205078125,0.3919096291065216,-0.03477412834763527,0.5402151942253113,0.3115444779396057,-0.0023795857559889555,0.5084429979324341,0.36130961775779724,-0.007816939614713192,0.5126081109046936,0.3915706276893616,-0.016589390113949776,0.5123016834259033,0.38603800535202026,-0.015242739580571651,0.5427380204200745,0.3745417296886444,0.0038366925437003374,0.49752575159072876,0.37989121675491333,-0.03242918476462364,0.5242540240287781,0.30683597922325134,-0.014365612529218197,0.5332942605018616,0.3074956238269806,-0.009121180512011051,0.5447039008140564,0.27388110756874084,0.012334971688687801,0.49833616614341736,0.3210774064064026,-0.019030990079045296,0.5087141990661621,0.32424360513687134,-0.005934752523899078,0.5295494794845581,0.4230555295944214,0.01027155015617609,0.5599282383918762,0.40959441661834717,0.06493695080280304,0.5087012648582458,0.39763370156288147,-0.013647012412548065,0.5042399764060974,0.4014028012752533,-0.013649875298142433,0.5204487442970276,0.4269898533821106,0.009603431448340416,0.5191670656204224,0.42760148644447327,0.007823828607797623,0.5361072421073914,0.3007242679595947,-0.006960784085094929,0.5131750106811523,0.3942139744758606,-0.012609083205461502,0.5126363635063171,0.310721755027771,-0.017835428938269615,0.5129000544548035,0.3031904101371765,-0.020216237753629684,0.5177334547042847,0.2598399519920349,-0.014741146005690098,0.5411624312400818,0.2863563597202301,0.0008691967814229429,0.5155340433120728,0.2802636921405792,-0.018283752724528313,0.5436002016067505,0.30622225999832153,0.0023243846371769905,0.5487276911735535,0.2967028021812439,0.013369269669055939,0.5028478503227234,0.42948657274246216,-0.009897141717374325,0.509024977684021,0.42874932289123535,-0.006127205677330494,0.5135207772254944,0.42819714546203613,-0.0015617364551872015,0.50750732421875,0.3991803526878357,-0.01213251892477274,0.5197861790657043,0.42730507254600525,0.008646649308502674,0.5172624588012695,0.4304196238517761,0.005322838667780161,0.5184670090675354,0.4279526472091675,0.007647199090570211,0.5057300925254822,0.39733755588531494,-0.022864382714033127,0.5119267702102661,0.4310302436351776,0.001296670874580741,0.5076526403427124,0.4326797425746918,-0.0016162232495844364,0.5024185180664062,0.4344353675842285,-0.003889960702508688,0.5075979828834534,0.4539196491241455,0.0037289862520992756,0.5045689344406128,0.4459002614021301,-0.0029018670320510864,0.5039164423942566,0.4416102468967438,-0.004173282068222761,0.5031662583351135,0.4376516342163086,-0.0032394782174378633,0.5023492574691772,0.43447038531303406,-0.003129485994577408,0.5118886828422546,0.43099066615104675,0.0019086366519331932,0.5130778551101685,0.43211883306503296,0.0014887923607602715,0.5143102407455444,0.4337863624095917,0.0010036195162683725,0.5153497457504272,0.43586599826812744,0.002384146675467491,0.5216388702392578,0.41333234310150146,-0.0013269023038446903,0.5631259679794312,0.3632471263408661,0.06746703386306763,0.5150249004364014,0.42958080768585205,0.005243952851742506,0.516139566898346,0.4299134612083435,0.005043571814894676,0.5025253295898438,0.40517985820770264,-0.01314566284418106,0.5117624998092651,0.3990153670310974,-0.007236588280647993,0.5033525824546814,0.403372585773468,-0.013633073307573795,0.5154072642326355,0.3646501302719116,-0.004891280550509691,0.5266157388687134,0.36817440390586853,-0.0024016248062253,0.513703465461731,0.3888912498950958,-0.011162991635501385,0.5338760614395142,0.264227032661438,-0.0021963731851428747,0.5306264758110046,0.28030601143836975,-0.009408771060407162,0.5255997180938721,0.2990718185901642,-0.01442471519112587,0.5210222005844116,0.4401397705078125,0.007492173463106155,0.4988608956336975,0.30916133522987366,-0.023099243640899658,0.50017249584198,0.2829805314540863,-0.023162370547652245,0.5005651116371155,0.2594769597053528,-0.021862072870135307,0.5311147570610046,0.3367895483970642,0.001494577038101852,0.5476368069648743,0.34197282791137695,0.011950747109949589,0.505660891532898,0.3389882743358612,-0.002381507307291031,0.5386301875114441,0.32189854979515076,0.002711598528549075,0.5036484599113464,0.3569393754005432,-0.01078101433813572,0.5088533163070679,0.3907277286052704,-0.023236185312271118,0.5557993650436401,0.347109854221344,0.01995268650352955,0.54405277967453,0.34952953457832336,0.007209061644971371,0.5366038680076599,0.35504698753356934,0.001812456175684929,0.524662435054779,0.3565713167190552,-0.0010878962930291891,0.5155015587806702,0.35482317209243774,-0.002927126595750451,0.5086546540260315,0.3523228168487549,-0.0052065360359847546,0.4945797026157379,0.3481625020503998,-0.019309597089886665,0.5568383932113647,0.36626875400543213,0.02085072174668312,0.5438307523727417,0.3196163475513458,0.005306095816195011,0.4977130889892578,0.4048171937465668,-0.028293652459979057,0.5089202523231506,0.37105295062065125,-0.009189418517053127,0.5608299970626831,0.3225811719894409,0.05626674368977547,0.5033719539642334,0.34894272685050964,-0.006917566992342472,0.5142136216163635,0.3882442116737366,-0.004778472241014242,0.5354591608047485,0.32797956466674805,0.005432783626019955,0.5082709789276123,0.3839409649372101,-0.021542096510529518,0.5628003478050232,0.38578057289123535,0.06786767393350601,0.5054806470870972,0.33590778708457947,-0.001401527551934123,0.5029445886611938,0.3810979425907135,-0.02827974036335945,0.5474920868873596,0.43617329001426697,0.0337657630443573,0.5476746559143066,0.4446558356285095,0.046744659543037415,0.5628355145454407,0.3650304973125458,0.04387045279145241,0.5547757148742676,0.422440767288208,0.03994559124112129,0.5542079210281372,0.31011009216308594,0.025700630620121956,0.5244146585464478,0.47068077325820923,0.018116753548383713,0.49713197350502014,0.40593239665031433,-0.019450504332780838,0.5151587128639221,0.3757581412792206,-0.005989317316561937,0.5523737668991089,0.32989785075187683,0.01952674612402916,0.5245518684387207,0.33392852544784546,-0.001191517454572022,0.5195605158805847,0.33542075753211975,-0.002707627136260271,0.5183117985725403,0.4311930239200592,0.006546646356582642,0.5573437809944153,0.384319931268692,0.02564179338514805,0.5149157047271729,0.48368504643440247,0.02111148089170456,0.53144371509552,0.468208909034729,0.03216146305203438,0.5388531684875488,0.4584418833255768,0.03855734318494797,0.5146247148513794,0.33591920137405396,-0.0030794497579336166,0.5098966956138611,0.3357803225517273,-0.0023925655987113714,0.5069301724433899,0.3359699547290802,-0.001360668451525271,0.5481607913970947,0.3161032795906067,0.011360549367964268,0.5102798938751221,0.33106330037117004,-0.004292187746614218,0.5152758359909058,0.3291303813457489,-0.005499732214957476,0.5203194618225098,0.328268438577652,-0.005197693593800068,0.5253608822822571,0.328088641166687,-0.0034589795395731926,0.528678297996521,0.32837143540382385,-0.0011718311579898,0.5572198033332825,0.3026564121246338,0.04274047538638115,0.5278823971748352,0.33225131034851074,0.0007102286326698959,0.5152932405471802,0.41090577840805054,-0.0055864183232188225,0.5085887312889099,0.3968660831451416,-0.016418810933828354,0.5038478374481201,0.41230112314224243,-0.011653886176645756,0.5394736528396606,0.449470579624176,0.029387755319476128,0.5320941209793091,0.4600915312767029,0.02426820434629917,0.5146111845970154,0.47888118028640747,0.012720962055027485,0.5545039772987366,0.4293716847896576,0.05667994171380997,0.5069721341133118,0.3338739573955536,-0.002667385386303067,0.5000746250152588,0.3623429536819458,-0.01916181482374668,0.5238397121429443,0.4770083427429199,0.025458427146077156,0.5623758435249329,0.38528478145599365,0.045871105045080185,0.507611095905304,0.4326728582382202,-0.0008912475313991308,0.5088161826133728,0.4348885118961334,-0.001240425743162632,0.5098610520362854,0.4378321170806885,-0.0018978413427248597,0.5107688903808594,0.44148221611976624,-0.0006275479099713266,0.5152774453163147,0.4477647542953491,0.004888270981609821,0.5160513520240784,0.42861878871917725,0.004012973979115486,0.5169567465782166,0.4276663661003113,0.003944557160139084,0.5177075862884521,0.42676928639411926,0.003734497120603919,0.5268108248710632,0.4172963798046112,0.004148723557591438,0.5496828556060791,0.39188235998153687,0.013377591036260128,0.49894845485687256,0.3520292639732361,-0.014645430259406567,0.5002962946891785,0.3317370116710663,-0.0065962178632617,0.5040726661682129,0.3313055634498596,-0.004155981820076704,0.5150583982467651,0.4296185374259949,0.004862311761826277,0.5515478849411011,0.41166549921035767,0.026110628619790077,0.4950876533985138,0.33407866954803467,-0.014670183882117271,0.5190585851669312,0.4549468755722046,0.009264259599149227,0.49546149373054504,0.3592999279499054,-0.02429071068763733,0.5056565403938293,0.3755347430706024,-0.017181875184178352,0.5101566910743713,0.4621122479438782,0.006399165838956833,0.5312291979789734,0.4351147413253784,0.014114630408585072,0.5201765298843384,0.3936113119125366,-0.002349685411900282,0.525725245475769,0.4458892345428467,0.012112990953028202,0.5351439714431763,0.38887810707092285,6.947655492695048e-05,0.527044415473938,0.4007987976074219,0.0001694733218755573,0.5416696667671204,0.400884747505188,0.007219485938549042,0.5129998922348022,0.4714313745498657,0.008211108855903149,0.5095613598823547,0.3786923289299011,-0.011904621496796608,0.5368737578392029,0.4406541585922241,0.020930733531713486,0.5297015309333801,0.45218127965927124,0.018089905381202698,0.5356852412223816,0.4235042929649353,0.013144053518772125,0.5567173361778259,0.39942681789398193,0.030185196548700333,0.5438404679298401,0.42317235469818115,0.019272489473223686,0.5602062344551086,0.40428033471107483,0.046035923063755035,0.5329591631889343,0.40965238213539124,0.004882472101598978,0.5043357610702515,0.36659443378448486,-0.013794898055493832,0.5074561238288879,0.39553898572921753,-0.02432771399617195,0.5111160278320312,0.3953043818473816,-0.016974063590168953,0.5042813420295715,0.39112457633018494,-0.02930840291082859,0.504097580909729,0.32385098934173584,-0.009479704312980175,0.5134716629981995,0.31666800379753113,-0.01103343814611435,0.5222041010856628,0.3137570321559906,-0.010458684526383877,0.5297359228134155,0.3138628900051117,-0.007509817834943533,0.535256564617157,0.3164307475090027,-0.0032628693152219057,0.5404894351959229,0.3291993737220764,0.008223514072597027,0.5620266199111938,0.345585435628891,0.039783209562301636,0.5370292067527771,0.34221622347831726,0.004905473906546831,0.5310242772102356,0.3462570309638977,0.0014111197087913752,0.5227214097976685,0.34801357984542847,-0.0010713768424466252,0.5147395730018616,0.3476288914680481,-0.002536220708861947,0.5085196495056152,0.34608593583106995,-0.003188508562743664,0.5042046308517456,0.3443140387535095,-0.003984288312494755,0.5622161626815796,0.34244489669799805,0.06389544904232025,0.5111395716667175,0.396703839302063,-0.013596643693745136,0.5010259747505188,0.3716392517089844,-0.022849394008517265,0.5033962726593018,0.3980339765548706,-0.029057268053293228,0.5007755756378174,0.40223079919815063,-0.02588401548564434,0.5035766363143921,0.3988504409790039,-0.02585723251104355,0.5098833441734314,0.39906075596809387,-0.011051350273191929,0.499627023935318,0.4036463499069214,-0.027434509247541428,0.49908044934272766,0.4047738313674927,-0.019666023552417755,0.5033528804779053,0.3368462324142456,-0.00220852461643517,0.5005354881286621,0.3404389023780823,-0.005638668779283762,0.4989563822746277,0.3432171046733856,-0.009667251259088516,0.5307902693748474,0.32860061526298523,0.0011529128532856703,0.5348214507102966,0.3230462074279785,0.001219707541167736,0.4543784558773041,0.34241026639938354,-0.0017492976039648056,0.4621429741382599,0.3414544463157654,-0.0017492976039648056,0.4536592960357666,0.3336648643016815,-0.0017492976039648056,0.4466678500175476,0.3433261513710022,-0.0017492976039648056,0.455061137676239,0.3510889708995819,-0.0017492976039648056,0.5179319977760315,0.3317365050315857,-0.0016318050911650062,0.5243809223175049,0.330337792634964,-0.0016318050911650062,0.516818642616272,0.32379573583602905,-0.0016318050911650062,0.5115308165550232,0.3330308496952057,-0.0016318050911650062,0.5190441012382507,0.3396601676940918,-0.0016318050911650062
2600.0000000000005,0.49343356490135193,0.4287242293357849,-0.011955606751143932,0.49226900935173035,0.4011186957359314,-0.032721251249313354,0.4927646517753601,0.4069669246673584,-0.015088123269379139,0.4834669232368469,0.370457261800766,-0.02810133993625641,0.49124276638031006,0.3922368586063385,-0.035873811691999435,0.48976999521255493,0.3793773353099823,-0.034795165061950684,0.48610204458236694,0.34680256247520447,-0.0223077405244112,0.441570520401001,0.34540998935699463,0.002166222780942917,0.4834877848625183,0.32351022958755493,-0.021133871749043465,0.4821453094482422,0.3113132417201996,-0.024284521117806435,0.4766586422920227,0.26187577843666077,-0.024099940434098244,0.4937171936035156,0.4315785765647888,-0.010636042803525925,0.494041383266449,0.43427711725234985,-0.008273504674434662,0.4943394362926483,0.4360390603542328,-0.004695810377597809,0.49426472187042236,0.4360103905200958,-0.00386021938174963,0.4945814609527588,0.43952396512031555,-0.003891803091391921,0.49498307704925537,0.4436391294002533,-0.004729302600026131,0.49547773599624634,0.44790446758270264,-0.003261568723246455,0.49842968583106995,0.456020712852478,0.0034641914535313845,0.4926804006099701,0.4048568904399872,-0.02897469885647297,0.48634541034698486,0.40455856919288635,-0.020185083150863647,0.41036155819892883,0.3121603727340698,0.02591564506292343,0.45998895168304443,0.35084256529808044,-0.0035104029811918736,0.4537425935268402,0.352496862411499,-0.0029871973674744368,0.44748371839523315,0.35318782925605774,-0.0013023923384025693,0.4387812614440918,0.3492216169834137,0.0036233016289770603,0.4652259349822998,0.34827205538749695,-0.0030130851082503796,0.448137491941452,0.32900887727737427,-0.008136159740388393,0.4555256962776184,0.3288138508796692,-0.008240720257163048,0.44171416759490967,0.3315015137195587,-0.005819578189402819,0.4377860426902771,0.3352932929992676,-0.002973618684336543,0.4332127869129181,0.3560001850128174,0.007475461345165968,0.4779421389102936,0.4709213376045227,0.013182494789361954,0.4388464689254761,0.34365415573120117,0.0039736018516123295,0.41182392835617065,0.35252004861831665,0.034877996891736984,0.4248897135257721,0.35076797008514404,0.01289370283484459,0.45881175994873047,0.3919592499732971,-0.004106600768864155,0.4859606921672821,0.42817163467407227,-0.011382441967725754,0.487330824136734,0.43465837836265564,-0.007362527307122946,0.47957682609558105,0.4305957555770874,-0.007362087722867727,0.47524458169937134,0.4325006902217865,-0.002131802262738347,0.4817909598350525,0.4348453879356384,-0.004764162003993988,0.47748035192489624,0.434972882270813,-0.00013759045396000147,0.46790266036987305,0.44233202934265137,0.010155858471989632,0.48709142208099365,0.4016517698764801,-0.03222094476222992,0.48533472418785095,0.393142968416214,-0.03516191989183426,0.4275961220264435,0.33032533526420593,-0.002783816307783127,0.46953868865966797,0.3674500584602356,-0.008071867749094963,0.47191351652145386,0.397853285074234,-0.016948072239756584,0.4709802269935608,0.39249277114868164,-0.015567723661661148,0.4389524459838867,0.3925713300704956,0.00362781947478652,0.4842578172683716,0.3811131417751312,-0.03282621502876282,0.44271883368492126,0.32005441188812256,-0.014855633489787579,0.43369391560554504,0.3238925039768219,-0.009594369679689407,0.4151414632797241,0.2962553799152374,0.011319651268422604,0.4718722403049469,0.32482585310935974,-0.019425880163908005,0.4621785879135132,0.33138516545295715,-0.006051630713045597,0.46191877126693726,0.434908926486969,0.010391145013272762,0.42995136976242065,0.43228211998939514,0.06428789347410202,0.4769597053527832,0.4023129940032959,-0.01395204197615385,0.48217499256134033,0.4043504595756531,-0.01392458938062191,0.46944886445999146,0.43494921922683716,0.009767654351890087,0.47081607580184937,0.4350822865962982,0.007989464327692986,0.42956462502479553,0.3182987868785858,-0.0074371336959302425,0.4718075394630432,0.4006754457950592,-0.012926635332405567,0.4553384482860565,0.3198324739933014,-0.018258744850754738,0.4535507559776306,0.3126290440559387,-0.02070457488298416,0.4393775165081024,0.27273130416870117,-0.015461149625480175,0.4214862883090973,0.30697619915008545,0.00045604511979036033,0.44584643840789795,0.291756808757782,-0.018746962770819664,0.4231562316417694,0.3260909914970398,0.0019372414099052548,0.4159720242023468,0.31969162821769714,0.013108572922647,0.4865431785583496,0.4317892789840698,-0.010039722546935081,0.48065346479415894,0.4328498840332031,-0.006230752449482679,0.4763123691082001,0.43375253677368164,-0.0015930847730487585,0.4784115254878998,0.4034002125263214,-0.012412291951477528,0.4701462388038635,0.43501612544059753,0.008813242428004742,0.47310981154441833,0.4373267889022827,0.005493336822837591,0.4715304374694824,0.43518754839897156,0.007793059106916189,0.4799777567386627,0.4007863998413086,-0.023241866379976273,0.47844916582107544,0.4359571933746338,0.0012938260333612561,0.482796847820282,0.43623992800712585,-0.0016714638331905007,0.4881153106689453,0.43637898564338684,-0.0039635165594518185,0.49012860655784607,0.456904798746109,0.003784307511523366,0.48807767033576965,0.4482409954071045,-0.0029014188330620527,0.48777666687965393,0.44388070702552795,-0.004190648905932903,0.48779022693634033,0.43979156017303467,-0.0032471464946866035,0.48808714747428894,0.43642961978912354,-0.0031370208598673344,0.47840261459350586,0.4360249936580658,0.0019598486833274364,0.4774635434150696,0.4375949501991272,0.0015403233701363206,0.4765540063381195,0.43972182273864746,0.001064028707332909,0.4759117066860199,0.4422127604484558,0.0024921060539782047,0.46754536032676697,0.4224642813205719,-0.001401376910507679,0.4162358045578003,0.3890517055988312,0.06685120612382889,0.49275416135787964,0.4059523344039917,-0.020111259073019028,0.4751918613910675,0.4356342554092407,0.005372968968003988,0.47413119673728943,0.436383455991745,0.005189666990190744,0.4846000075340271,0.4073352515697479,-0.013391048647463322,0.4741855263710022,0.40482378005981445,-0.007474185433238745,0.48344093561172485,0.4058842062950134,-0.013912017457187176,0.46337175369262695,0.3731520473957062,-0.005130128934979439,0.45330384373664856,0.38057947158813477,-0.002637067111209035,0.4701598584651947,0.395759254693985,-0.011464831419289112,0.4241924285888672,0.28288695216178894,-0.0031317323446273804,0.43083056807518005,0.2972151041030884,-0.009851389564573765,0.4399040937423706,0.3131024241447449,-0.014881130307912827,0.4740586578845978,0.4484647214412689,0.007654903922230005,0.4688294231891632,0.31325051188468933,-0.023538190871477127,0.46150773763656616,0.28890717029571533,-0.0235991720110178,0.45629507303237915,0.26622024178504944,-0.022425295785069466,0.4420916736125946,0.35212355852127075,0.0013044225051999092,0.42633914947509766,0.3633119463920593,0.011779848486185074,0.4684973955154419,0.3458983898162842,-0.00248000118881464,0.4313804507255554,0.33978456258773804,0.0024764558766037226,0.47340482473373413,0.36151185631752014,-0.011044353246688843,0.4755299985408783,0.3955845236778259,-0.02364560402929783,0.4200275242328644,0.3707718253135681,0.019830038771033287,0.43155863881111145,0.36953166127204895,0.0069987415336072445,0.44034940004348755,0.3724558353424072,0.0016232456546276808,0.45280587673187256,0.36961811780929565,-0.0012777040246874094,0.46168458461761475,0.36471834778785706,-0.003099830588325858,0.46802079677581787,0.35989144444465637,-0.005435888189822435,0.4804657995700836,0.34975558519363403,-0.0196282546967268,0.42327824234962463,0.3895464241504669,0.020741894841194153,0.4257632791996002,0.3393743634223938,0.004995284136384726,0.48944225907325745,0.4050901234149933,-0.02863425575196743,0.4711151719093323,0.3769788444042206,-0.0094505799934268,0.4094148576259613,0.3492199778556824,0.05545671656727791,0.47272753715515137,0.35483452677726746,-0.007129089441150427,0.4694525897502899,0.3954083025455475,-0.004978938959538937,0.4358779788017273,0.34451866149902344,0.0052610426209867,0.4745643138885498,0.38895678520202637,-0.021940357983112335,0.4217231273651123,0.41053399443626404,0.06719917804002762,0.46797364950180054,0.34267815947532654,-0.0014928982127457857,0.4792131781578064,0.3842891454696655,-0.028671087697148323,0.44810032844543457,0.4533844590187073,0.03397727757692337,0.4499838352203369,0.46153733134269714,0.04625480994582176,0.41702800989151,0.3905550539493561,0.04393833503127098,0.43789154291152954,0.4427313804626465,0.04009908810257912,0.4134046137332916,0.3346386253833771,0.025535499677062035,0.4779525101184845,0.47892898321151733,0.018239663913846016,0.4901367723941803,0.40604132413864136,-0.019705219194293022,0.46595683693885803,0.38375744223594666,-0.006215930450707674,0.41919586062431335,0.35261380672454834,0.019347582012414932,0.4480649530887604,0.34712016582489014,-0.0013359907316043973,0.4534391760826111,0.3468949794769287,-0.0028320327401161194,0.47227388620376587,0.43850627541542053,0.006733880378305912,0.4267997145652771,0.40705934166908264,0.02557934820652008,0.49020013213157654,0.4883122444152832,0.020952407270669937,0.47095170617103577,0.4789179563522339,0.03183875232934952,0.46170535683631897,0.4718661606311798,0.038160938769578934,0.4793033301830292,0.28606706857681274,-0.025009451434016228,0.5024369955062866,0.4877922534942627,0.019417647272348404,0.4585985243320465,0.34559887647628784,-0.0031946056988090277,0.4634995460510254,0.34389665722846985,-0.0024889532942324877,0.46663036942481995,0.3431810140609741,-0.0014591123908758163,0.42065078020095825,0.3373495042324066,0.011092928238213062,0.46157750487327576,0.33751440048217773,-0.004438451956957579,0.4557934105396271,0.3359886407852173,-0.005694687832146883,0.45036178827285767,0.33646345138549805,-0.005398746579885483,0.445200115442276,0.338474303483963,-0.003657369641587138,0.44206222891807556,0.3407839834690094,-0.0013537497725337744,0.40855515003204346,0.3287973999977112,0.04179264232516289,0.4443414807319641,0.346422016620636,0.0005583936581388116,0.49347078800201416,0.4133196473121643,-0.012556372210383415,0.47331956028938293,0.41770878434181213,-0.005809552036225796,0.4769507050514221,0.4014512896537781,-0.0167376771569252,0.48487889766693115,0.4148186445236206,-0.011893004179000854,0.4846796691417694,0.33434683084487915,-0.01937631145119667,0.4587398171424866,0.46348950266838074,0.029584329575300217,0.46825024485588074,0.4711829721927643,0.024438459426164627,0.48919183015823364,0.48352307081222534,0.012837857007980347,0.4398327171802521,0.4493059813976288,0.05604765564203262,0.46590492129325867,0.3405287265777588,-0.002784856129437685,0.47810208797454834,0.3653312921524048,-0.019470758736133575,0.5017955899238586,0.48271438479423523,0.011539019644260406,0.4801686704158783,0.4849223494529724,0.02519555576145649,0.421970933675766,0.4097813069820404,0.04591820016503334,0.4827709197998047,0.43632376194000244,-0.0009054673719219863,0.48196229338645935,0.4389442503452301,-0.0012523087207227945,0.4815112054347992,0.44220685958862305,-0.0018668617121875286,0.48140376806259155,0.4461515247821808,-0.0005680765607394278,0.48132988810539246,0.45381349325180054,0.004974612966179848,0.4740358293056488,0.43497028946876526,0.004072145558893681,0.47292259335517883,0.4344044327735901,0.004015008453279734,0.4720180332660675,0.433784544467926,0.0037799719721078873,0.4633263647556305,0.428302526473999,0.004166644997894764,0.43595564365386963,0.4117370545864105,0.013250098563730717,0.4769867956638336,0.35503530502319336,-0.014931119047105312,0.47236815094947815,0.3365674912929535,-0.006766065489500761,0.4683312475681305,0.337485134601593,-0.004292262252420187,0.47522076964378357,0.43558305501937866,0.004925951361656189,0.43860483169555664,0.43140751123428345,0.026145856827497482,0.4779911935329437,0.3368639647960663,-0.014938561245799065,0.47939106822013855,0.4620254337787628,0.009379412047564983,0.48853516578674316,0.3684117794036865,-0.030362257733941078,0.4819776713848114,0.36072662472724915,-0.024622127413749695,0.48737651109695435,0.3580940365791321,-0.026232358068227768,0.4753170907497406,0.37998339533805847,-0.017506955191493034,0.5008147358894348,0.4748426377773285,0.006797818932682276,0.499546080827713,0.4648405611515045,0.005308941006660461,0.48957115411758423,0.46582576632499695,0.006482962053269148,0.46311020851135254,0.4470897316932678,0.014289955608546734,0.46478503942489624,0.40285003185272217,-0.0025395986158400774,0.4708986282348633,0.4556121528148651,0.012309551239013672,0.44947195053100586,0.4036599099636078,-0.00011457332584541291,0.4597320258617401,0.4123010039329529,3.60363774234429e-05,0.44574812054634094,0.4175959825515747,0.007168981246650219,0.48897337913513184,0.47580525279045105,0.008314009755849838,0.4720613360404968,0.38452211022377014,-0.012186689302325249,0.45919981598854065,0.4542967677116394,0.021106639876961708,0.46868687868118286,0.4629358649253845,0.01825563795864582,0.45626363158226013,0.4373631477355957,0.013230415992438793,0.4308338761329651,0.4213970899581909,0.030149485915899277,0.4485934376716614,0.4398181438446045,0.019361529499292374,0.42842715978622437,0.42720267176628113,0.04608583077788353,0.45592209696769714,0.42304229736328125,0.004836541134864092,0.47472065687179565,0.37098002433776855,-0.014101319015026093,0.47792789340019226,0.3996579647064209,-0.024731408804655075,0.4741639196872711,0.40085920691490173,-0.01731189526617527,0.48011070489883423,0.394287109375,-0.02974054031074047,0.4667377471923828,0.32991474866867065,-0.009710373356938362,0.45565152168273926,0.3258289098739624,-0.011333496309816837,0.4461480677127838,0.325985312461853,-0.010793489404022694,0.4385715425014496,0.3287702798843384,-0.007864844053983688,0.4335895776748657,0.33327460289001465,-0.003592639695852995,0.4311147928237915,0.34757140278816223,0.008014686405658722,0.41346508264541626,0.3715721666812897,0.039800629019737244,0.4373021423816681,0.3595646917819977,0.004735460504889488,0.4442558288574219,0.3616608679294586,0.0012256097979843616,0.4530283808708191,0.3604402542114258,-0.0012554752174764872,0.46095770597457886,0.357223778963089,-0.0026607722975313663,0.4669359624385834,0.353676438331604,-0.0033411358017474413,0.4709762632846832,0.3505590856075287,-0.004116540774703026,0.4124797284603119,0.36882272362709045,0.06320333480834961,0.4743189811706543,0.4023265540599823,-0.013902703300118446,0.4790767729282379,0.37456098198890686,-0.023190349340438843,0.4824577271938324,0.40059465169906616,-0.029443129897117615,0.48590847849845886,0.4037558436393738,-0.02622501738369465,0.48245424032211304,0.401424765586853,-0.02622143365442753,0.4760659337043762,0.4041860103607178,-0.011326342821121216,0.4873386025428772,0.4046914577484131,-0.027784667909145355,0.48799458146095276,0.40569788217544556,-0.019924545660614967,0.4703257977962494,0.3431001901626587,-0.002310450654476881,0.4738733470439911,0.34548187255859375,-0.005794939585030079,0.47600388526916504,0.34763866662979126,-0.009883515536785126,0.4402349591255188,0.3424275815486908,0.0009940449381247163,0.4353414475917816,0.33947309851646423,0.0010157739743590355,0.49385327100753784,0.3684525191783905,-0.0280469860881567,0.5272303223609924,0.32931363582611084,0.0023117398377507925,0.49856284260749817,0.4020712375640869,-0.020130502060055733,0.5493215322494507,0.28574424982070923,0.027030497789382935,0.5118747353553772,0.3409295380115509,-0.0033902418799698353,0.5180438756942749,0.3401700258255005,-0.0028331244830042124,0.5239356756210327,0.33842015266418457,-0.001137038110755384,0.5307259559631348,0.3318423330783844,0.0037911715917289257,0.5063973069190979,0.3399970233440399,-0.002947168657556176,0.5179749727249146,0.31724345684051514,-0.007995378226041794,0.5111977458000183,0.31936153769493103,-0.00813302118331194,0.5243850946426392,0.3171594738960266,-0.005649592261761427,0.5286638736724854,0.31904634833335876,-0.0028161925729364157,0.5376526713371277,0.33626633882522583,0.007698105648159981,0.5218397378921509,0.4626196026802063,0.01326553151011467,0.5292107462882996,0.32690876722335815,0.0041428739205002785,0.557232141494751,0.32507002353668213,0.035122863948345184,0.5442829728126526,0.32885077595710754,0.013155895285308361,0.5220670104026794,0.37987738847732544,-0.003905626479536295,0.5007852911949158,0.42570236325263977,-0.011333421804010868,0.5009256601333618,0.43240153789520264,-0.007300056982785463,0.5079797506332397,0.4260125160217285,-0.007255269214510918,0.5128450393676758,0.4263778328895569,-0.0020048522856086493,0.5067635178565979,0.4308010935783386,-0.00469239940866828,0.511284589767456,0.42948824167251587,-7.331966571655357e-06,0.5244846940040588,0.43139615654945374,0.010231856256723404,0.4973234236240387,0.3996458947658539,-0.03218382969498634,0.4970926344394684,0.39083001017570496,-0.03513345494866371,0.537309467792511,0.3108619749546051,-0.002563742222264409,0.5063377618789673,0.3603987693786621,-0.007898193784058094,0.5108470320701599,0.3904142677783966,-0.016772452741861343,0.5105201005935669,0.3849193751811981,-0.015400449745357037,0.54109787940979,0.37310153245925903,0.003884803969413042,0.49540165066719055,0.3789175748825073,-0.03277808055281639,0.5211912393569946,0.3065236806869507,-0.014672622084617615,0.5303061008453369,0.3069833517074585,-0.009408974088728428,0.5417212843894958,0.27228227257728577,0.01231265626847744,0.4952709674835205,0.32111671566963196,-0.019368978217244148,0.5055397152900696,0.3236537277698517,-0.00598490796983242,0.5285789966583252,0.42207810282707214,0.01051964983344078,0.5586204528808594,0.4082563519477844,0.06551600992679596,0.506931722164154,0.396551251411438,-0.013792334124445915,0.5024338960647583,0.4004266858100891,-0.013834971934556961,0.5194058418273926,0.42670926451683044,0.00988311879336834,0.518115758895874,0.4272977411746979,0.008100098930299282,0.533035933971405,0.3003561198711395,-0.007222699001431465,0.5114668607711792,0.39311301708221436,-0.012754381634294987,0.5094930529594421,0.3106202185153961,-0.018157485872507095,0.509666919708252,0.30321916937828064,-0.02056928165256977,0.5143399834632874,0.2586100399494171,-0.014976291917264462,0.5382595062255859,0.2849603295326233,0.0007127993740141392,0.5123018622398376,0.2792746424674988,-0.01858462020754814,0.5406003594398499,0.30564528703689575,0.0021738822106271982,0.5460442304611206,0.2951798439025879,0.013345306739211082,0.5009825825691223,0.4293883144855499,-0.009989596903324127,0.507407009601593,0.42852503061294556,-0.006146369036287069,0.5121210217475891,0.4279104471206665,-0.0014743962092325091,0.5057388544082642,0.3981574773788452,-0.012290632352232933,0.5187392234802246,0.4270124137401581,0.008925708010792732,0.5161154866218567,0.430120050907135,0.0055782729759812355,0.5174066424369812,0.4276401102542877,0.007920369505882263,0.5038706660270691,0.39616212248802185,-0.023112833499908447,0.5106115937232971,0.4306952655315399,0.001415024627931416,0.506142795085907,0.4324122667312622,-0.0015756846405565739,0.50071120262146,0.43428924679756165,-0.0039061973802745342,0.5066337585449219,0.4537387788295746,0.0038201434072107077,0.5029483437538147,0.44563236832618713,-0.002831283723935485,0.5022023320198059,0.44134652614593506,-0.004106292966753244,0.5014233589172363,0.43743133544921875,-0.0031590613070875406,0.5006128549575806,0.43427637219429016,-0.0030534525867551565,0.5105657577514648,0.43067723512649536,0.0020877274218946695,0.511764645576477,0.43180274963378906,0.0016634970670565963,0.5130114555358887,0.43347063660621643,0.0011946279555559158,0.5140936970710754,0.4355635643005371,0.0025935512967407703,0.5203524231910706,0.41235584020614624,-0.001274349633604288,0.5611686706542969,0.36170828342437744,0.06802666932344437,0.5138624906539917,0.4292539656162262,0.0054808733984827995,0.5149744153022766,0.4295981526374817,0.005288025829941034,0.5007836818695068,0.4042566418647766,-0.013327249325811863,0.510091245174408,0.39799654483795166,-0.007337944116443396,0.5015797019004822,0.40241730213165283,-0.01382408570498228,0.5134115219116211,0.36360883712768555,-0.004936509765684605,0.5247568488121033,0.36695781350135803,-0.002438876312226057,0.5119752287864685,0.38779759407043457,-0.011281419545412064,0.5306773781776428,0.26277703046798706,-0.0023457815404981375,0.5275107622146606,0.27909111976623535,-0.009640208445489407,0.5224112868309021,0.2988893687725067,-0.01471364963799715,0.5200989246368408,0.43957874178886414,0.007727787364274263,0.4956325888633728,0.30938291549682617,-0.023493418470025063,0.4968982934951782,0.2822074890136719,-0.023501422256231308,0.4970197081565857,0.2585330605506897,-0.022167950868606567,0.5284526348114014,0.3356248140335083,0.001482964726164937,0.545596718788147,0.3406818211078644,0.012019091285765171,0.5027478337287903,0.3386886417865753,-0.00242202403023839,0.5357589721679688,0.32081344723701477,0.002665542298927903,0.5014360547065735,0.35611647367477417,-0.010914526879787445,0.5070048570632935,0.38954347372055054,-0.02348444238305092,0.5537811517715454,0.3454468548297882,0.0200798436999321,0.5421422123908997,0.34814703464508057,0.007265837863087654,0.5347588062286377,0.35373827815055847,0.0018518880242481828,0.5227177143096924,0.355493426322937,-0.0011013358598574996,0.5134009718894958,0.3539416193962097,-0.0029505090788006783,0.506380021572113,0.35157284140586853,-0.005275264848023653,0.49214980006217957,0.347508043050766,-0.01959194242954254,0.5551043748855591,0.36463430523872375,0.021017735823988914,0.5411058664321899,0.31862643361091614,0.005254776682704687,0.49583038687705994,0.40379711985588074,-0.028599757701158524,0.5069485902786255,0.3700983226299286,-0.009259666316211224,0.5583323836326599,0.32093513011932373,0.056660570204257965,0.5009218454360962,0.3483169674873352,-0.007017928175628185,0.512489378452301,0.38719338178634644,-0.004804200492799282,0.5322988629341125,0.3265882730484009,0.005437483545392752,0.5063918828964233,0.3828291893005371,-0.021764447912573814,0.5611473321914673,0.38430893421173096,0.06844748556613922,0.5023033618927002,0.33555468916893005,-0.0014270165702328086,0.500932514667511,0.38005489110946655,-0.028581766411662102,0.5466228723526001,0.4351680278778076,0.03417011350393295,0.5467795729637146,0.44367682933807373,0.047195158898830414,0.5610309839248657,0.36340802907943726,0.04420032352209091,0.553784191608429,0.42123621702194214,0.04035960137844086,0.551677942276001,0.30848801136016846,0.0257874745875597,0.5237968564033508,0.47038769721984863,0.018338000401854515,0.4952692687511444,0.4049989879131317,-0.019679028540849686,0.513300359249115,0.3747185468673706,-0.00602114200592041,0.5500242710113525,0.3287619352340698,0.01960941217839718,0.5219790935516357,0.33316847681999207,-0.001198488287627697,0.5171023607254028,0.33500152826309204,-0.002724544843658805,0.517196536064148,0.43091490864753723,0.006813147105276585,0.5558854937553406,0.38277801871299744,0.025891797617077827,0.5143064856529236,0.48374536633491516,0.02118995226919651,0.530734121799469,0.4677322208881378,0.032416630536317825,0.5380680561065674,0.45773258805274963,0.03891585394740105,0.5120257139205933,0.3356379568576813,-0.003110371297225356,0.5070328116416931,0.33553358912467957,-0.002429248997941613,0.5038638114929199,0.33571726083755493,-0.001394830527715385,0.5454326868057251,0.3152194023132324,0.011340661905705929,0.5071471333503723,0.3292672634124756,-0.004322556313127279,0.512191891670227,0.326479434967041,-0.00556506123393774,0.5173543691635132,0.3252498209476471,-0.005265487357974052,0.5224126577377319,0.32518884539604187,-0.0035119373351335526,0.525654137134552,0.32584741711616516,-0.0012034177780151367,0.554527223110199,0.3009764552116394,0.04299142211675644,0.5250718593597412,0.33113759756088257,0.0007060210919007659,0.513861894607544,0.4099591076374054,-0.005654885899275541,0.5067890286445618,0.3957345485687256,-0.016600271686911583,0.5022348761558533,0.4115447402000427,-0.011819659732282162,0.5386998057365417,0.44871050119400024,0.029750745743513107,0.5314101576805115,0.4595545530319214,0.02456548810005188,0.5140126347541809,0.47884321212768555,0.012883763760328293,0.5534534454345703,0.42819949984550476,0.05718781426548958,0.5037782788276672,0.3329799473285675,-0.002698110416531563,0.4978637993335724,0.3615173101425171,-0.019376594573259354,0.5231978297233582,0.47679588198661804,0.025601375848054886,0.5608724355697632,0.38377025723457336,0.04625391215085983,0.5060800909996033,0.43239617347717285,-0.0007704543531872332,0.507292628288269,0.4345967769622803,-0.001118961488828063,0.5083600878715515,0.43752917647361755,-0.0017642064485698938,0.509337842464447,0.44117677211761475,-0.0004750000953208655,0.5143507122993469,0.44738081097602844,0.005051954183727503,0.5148683190345764,0.42828813195228577,0.0042040301486849785,0.5157539248466492,0.4273572266101837,0.004133919253945351,0.5164955258369446,0.4264695346355438,0.003916665446013212,0.5256847739219666,0.416301429271698,0.004314052872359753,0.5483442544937134,0.3904683589935303,0.013540827669203281,0.4966166615486145,0.351290762424469,-0.01484665647149086,0.4972204864025116,0.3315175473690033,-0.00667570810765028,0.5009431838989258,0.3309589624404907,-0.004216133616864681,0.5139085650444031,0.42926380038261414,0.005062345415353775,0.5504524111747742,0.4103966951370239,0.02641853131353855,0.4922504127025604,0.3338276147842407,-0.014875373803079128,0.5182759165763855,0.45462092757225037,0.009444398805499077,0.4931415021419525,0.35854944586753845,-0.024587580934166908,0.5036774277687073,0.3745632767677307,-0.01735328696668148,0.5093548893928528,0.4620342254638672,0.006492062006145716,0.5303223133087158,0.4343359172344208,0.014388322830200195,0.5185695886611938,0.39251694083213806,-0.0023504383862018585,0.5248978734016418,0.4453470706939697,0.01235690526664257,0.5336535573005676,0.3876003921031952,0.0001132779725594446,0.5256190896034241,0.3996785879135132,0.00023478483490180224,0.540387749671936,0.3996099829673767,0.007381848059594631,0.5123206377029419,0.4713882803916931,0.008322070352733135,0.5076922178268433,0.3776775896549225,-0.01201294269412756,0.5360140800476074,0.43985530734062195,0.021240301430225372,0.5289511680603027,0.451656311750412,0.01835770346224308,0.5346770286560059,0.4225030839443207,0.013392305932939053,0.5554654598236084,0.39800602197647095,0.030497198924422264,0.542840301990509,0.42208772897720337,0.019565802067518234,0.558976411819458,0.402893990278244,0.04645068943500519,0.5317329168319702,0.4085400104522705,0.0050169117748737335,0.502246081829071,0.36570683121681213,-0.013932643458247185,0.5056009888648987,0.3943365514278412,-0.024585526436567307,0.5093500018119812,0.3941493630409241,-0.017163308337330818,0.5023396015167236,0.38996049761772156,-0.02963833697140217,0.5009179711341858,0.3236519396305084,-0.00958609115332365,0.5103588700294495,0.3163861632347107,-0.01119745522737503,0.5191501379013062,0.31333839893341064,-0.010653730481863022,0.5267550945281982,0.31322380900382996,-0.00768817076459527,0.5322853326797485,0.31556329131126404,-0.0033964859321713448,0.5377081632614136,0.3279709815979004,0.008229655213654041,0.5599523782730103,0.3439069390296936,0.0400543138384819,0.5346481800079346,0.34090089797973633,0.004935971461236477,0.5288828015327454,0.34510526061058044,0.0014110301854088902,0.5205696225166321,0.34712380170822144,-0.0010850060498341918,0.5124255418777466,0.3469635248184204,-0.002523507224395871,0.5060005187988281,0.3455663025379181,-0.0032360900659114122,0.5015199184417725,0.34387627243995667,-0.004035454709082842,0.5599699020385742,0.34086012840270996,0.06438794732093811,0.5094103217124939,0.3956100344657898,-0.013755419291555882,0.4989089369773865,0.37072110176086426,-0.023093577474355698,0.501482367515564,0.3968571126461029,-0.029358653351664543,0.49887338280677795,0.4011794328689575,-0.026162177324295044,0.5016787648200989,0.3976942002773285,-0.026128897443413734,0.5081686973571777,0.3980323374271393,-0.011191925965249538,0.4977424740791321,0.40259647369384766,-0.027731655165553093,0.49720993638038635,0.40381091833114624,-0.01989285834133625,0.5002987384796143,0.33662205934524536,-0.002250967314466834,0.4976766109466553,0.3401211202144623,-0.005717875901609659,0.49629655480384827,0.34275057911872864,-0.009823877364397049,0.5276389718055725,0.32645952701568604,0.0011322495993226767,0.5317738056182861,0.3218260407447815,0.0011927529703825712,0.4515620172023773,0.3415812849998474,-0.0017774493899196386,0.4586624205112457,0.34044960141181946,-0.0017774493899196386,0.45082327723503113,0.33337152004241943,-0.0017774493899196386,0.44449496269226074,0.34267255663871765,-0.0017774493899196386,0.45228317379951477,0.3497741222381592,-0.0017774493899196386,0.5161085724830627,0.330119252204895,-0.0016598865622654557,0.5227774381637573,0.32860830426216125,-0.0016598865622654557,0.515013575553894,0.32222217321395874,-0.0016598865622654557,0.5094900727272034,0.33151960372924805,-0.0016598865622654557,0.5172485709190369,0.3380126357078552,-0.0016598865622654557
2633.333333333334,0.4937865138053894,0.4284486174583435,-0.011457470245659351,0.49274006485939026,0.40139976143836975,-0.03252261504530907,0.49314650893211365,0.40722647309303284,-0.01476883701980114,0.48394861817359924,0.3709503412246704,-0.028320807963609695,0.4917186200618744,0.39258015155792236,-0.035774603486061096,0.4902295768260956,0.37979909777641296,-0.034841928631067276,0.4865228235721588,0.3473251461982727,-0.022828152403235435,0.44110968708992004,0.344932496547699,0.0013707675971090794,0.48384204506874084,0.32384344935417175,-0.021986082196235657,0.4824863374233246,0.3115757703781128,-0.02533150650560856,0.47689881920814514,0.2616080045700073,-0.0258635263890028,0.4940704107284546,0.4313174784183502,-0.010094312019646168,0.4943809509277344,0.43404608964920044,-0.007693512365221977,0.49466943740844727,0.4358355402946472,-0.004079481586813927,0.49458861351013184,0.4358314573764801,-0.003125438466668129,0.4949270784854889,0.43940991163253784,-0.003080151742324233,0.49533703923225403,0.4435950517654419,-0.003807374509051442,0.49582433700561523,0.4478926658630371,-0.0022088009864091873,0.4987208843231201,0.455791175365448,0.004713874775916338,0.4931197166442871,0.40509721636772156,-0.028731470927596092,0.48687127232551575,0.4048404097557068,-0.01995917782187462,0.41077226400375366,0.31228405237197876,0.024543730542063713,0.4596864581108093,0.3502698242664337,-0.004181971773505211,0.45340973138809204,0.3520050644874573,-0.003645467571914196,0.44714245200157166,0.3528274893760681,-0.0019725968595594168,0.4384491443634033,0.34886524081230164,0.0028922997880727053,0.4649728536605835,0.3476572632789612,-0.0036811870522797108,0.4479677081108093,0.32884645462036133,-0.009067287668585777,0.4554276764392853,0.3286687433719635,-0.00918327271938324,0.44145476818084717,0.3312535583972931,-0.006713982671499252,0.4374838173389435,0.3349553942680359,-0.0038458500057458878,0.43307605385780334,0.35591089725494385,0.006822345778346062,0.47852110862731934,0.47038692235946655,0.014454403892159462,0.43839794397354126,0.3431984484195709,0.003159566782414913,0.4125066101551056,0.35280007123947144,0.03404802829027176,0.42506441473960876,0.3507414758205414,0.012136193923652172,0.4593847095966339,0.39242053031921387,-0.004153330810368061,0.4863535463809967,0.42803865671157837,-0.010922088287770748,0.48768696188926697,0.43452897667884827,-0.006825083401054144,0.4798944294452667,0.4305539131164551,-0.006906863301992416,0.475517213344574,0.432496041059494,-0.0016909620026126504,0.48212572932243347,0.4347950220108032,-0.004268661141395569,0.4777880609035492,0.4349660873413086,0.0003421872097533196,0.46830832958221436,0.44221413135528564,0.010846280492842197,0.48762354254722595,0.40194272994995117,-0.03204186260700226,0.48586830496788025,0.39350613951683044,-0.03507620468735695,0.42772260308265686,0.3303324580192566,-0.0038008559495210648,0.4700254797935486,0.3679545521736145,-0.008406074717640877,0.47255516052246094,0.39822080731391907,-0.016878649592399597,0.4716114401817322,0.39289072155952454,-0.01555559691041708,0.43957754969596863,0.3930928111076355,0.0035034415777772665,0.48475703597068787,0.38154444098472595,-0.03289322927594185,0.44273531436920166,0.32011914253234863,-0.01593150943517685,0.43372297286987305,0.32389840483665466,-0.01065916195511818,0.4154532551765442,0.2963886857032776,0.009740067645907402,0.47202634811401367,0.32486099004745483,-0.020378518849611282,0.4621153175830841,0.33112865686416626,-0.006963261868804693,0.4623338282108307,0.4348543584346771,0.010885651223361492,0.4308485984802246,0.43183737993240356,0.06494297832250595,0.4775778651237488,0.40264055132865906,-0.013831322081387043,0.4827481508255005,0.40467190742492676,-0.013687527738511562,0.46974653005599976,0.4349982738494873,0.010255083441734314,0.4711155891418457,0.43511247634887695,0.008484646677970886,0.42985647916793823,0.31843405961990356,-0.008626032620668411,0.47244200110435486,0.4010246694087982,-0.012811618857085705,0.45537322759628296,0.3199349343776703,-0.019312793388962746,0.453644722700119,0.31281575560569763,-0.021865781396627426,0.4395807981491089,0.27269965410232544,-0.017240963876247406,0.42189115285873413,0.3072347342967987,-0.0009606784442439675,0.4462030827999115,0.29198431968688965,-0.020257096737623215,0.4235817492008209,0.3262624442577362,0.0008062694687396288,0.416433721780777,0.31990841031074524,0.01179658155888319,0.4869216978549957,0.43164724111557007,-0.009540221653878689,0.4809815287590027,0.4328053295612335,-0.005750596988946199,0.4766051769256592,0.43374860286712646,-0.0011288204696029425,0.4790150225162506,0.4037310481071472,-0.012241880409419537,0.4704471230506897,0.4350548982620239,0.00930742546916008,0.4734046757221222,0.4373485743999481,0.00610996363684535,0.4718276560306549,0.4352080225944519,0.008301595225930214,0.4805607497692108,0.40110623836517334,-0.023133020848035812,0.4787693917751312,0.43595001101493835,0.001800039317458868,0.48313137888908386,0.4361887276172638,-0.0011435550404712558,0.4884558618068695,0.4362543225288391,-0.003396713873371482,0.4904986023902893,0.45668625831604004,0.004969599656760693,0.48841893672943115,0.448275625705719,-0.0019162833923473954,0.4881328344345093,0.44389304518699646,-0.003328024409711361,0.48814451694488525,0.4397203326225281,-0.002497561275959015,0.4884253740310669,0.436313658952713,-0.0024563379120081663,0.478718101978302,0.4359923005104065,0.002552836434915662,0.4777803421020508,0.43759486079216003,0.002194622065871954,0.4768650531768799,0.4397489130496979,0.0017835163744166493,0.4762137532234192,0.4422439932823181,0.003248630790039897,0.46803712844848633,0.42263996601104736,-0.0010495478054508567,0.41698718070983887,0.3889821171760559,0.06678730249404907,0.4931670129299164,0.40619078278541565,-0.019836753606796265,0.47548869252204895,0.43561142683029175,0.005928720813244581,0.474426805973053,0.43638986349105835,0.005786847323179245,0.4851207435131073,0.4076484441757202,-0.01308691967278719,0.47477826476097107,0.4051482677459717,-0.007272819988429546,0.48399171233177185,0.40620505809783936,-0.013645712286233902,0.4638875126838684,0.3736513555049896,-0.005400129593908787,0.4538484513759613,0.3810997009277344,-0.002841498702764511,0.4707859754562378,0.396138459444046,-0.011417343281209469,0.4244428873062134,0.2829872667789459,-0.0048352438025176525,0.43119823932647705,0.29749542474746704,-0.011335820890963078,0.4400635063648224,0.313255250453949,-0.01610114797949791,0.47448936104774475,0.4483133554458618,0.008510751649737358,0.4690498113632202,0.31342220306396484,-0.02464696206152439,0.46184244751930237,0.2890163064002991,-0.02509339340031147,0.4565006494522095,0.26605886220932007,-0.02421637624502182,0.441738098859787,0.351790189743042,0.0006082800100557506,0.4263390302658081,0.3633847236633301,0.011196155101060867,0.4682624340057373,0.3452347218990326,-0.0031820135191082954,0.43129268288612366,0.3395169675350189,0.001604763907380402,0.47386834025382996,0.36203452944755554,-0.011430649086833,0.47614023089408875,0.39594846963882446,-0.02359248511493206,0.42071524262428284,0.37118205428123474,0.019333036616444588,0.43130338191986084,0.3696690797805786,0.006535794120281935,0.4399254322052002,0.3726116120815277,0.0012206810060888529,0.4524003565311432,0.3696068525314331,-0.0016599817899987102,0.46132853627204895,0.36452716588974,-0.003513965755701065,0.4677160680294037,0.35960227251052856,-0.005885353311896324,0.4808952212333679,0.35030436515808105,-0.020161008462309837,0.42405080795288086,0.38993439078330994,0.02051684819161892,0.42592883110046387,0.3393193781375885,0.004072181414812803,0.48994553089141846,0.4053458869457245,-0.028404580429196358,0.47166937589645386,0.37743932008743286,-0.009651901200413704,0.40997612476348877,0.34932565689086914,0.054686445742845535,0.4724723696708679,0.3544701635837555,-0.007641201373189688,0.4700584411621094,0.3957761526107788,-0.004942945670336485,0.4355665445327759,0.3441161513328552,0.004458053503185511,0.47516149282455444,0.3893585205078125,-0.021964356303215027,0.422596275806427,0.4103076756000519,0.06750048696994781,0.46776148676872253,0.3419427275657654,-0.0022760587744414806,0.4797589182853699,0.3847143352031708,-0.02872106246650219,0.44902434945106506,0.452988862991333,0.03478836268186569,0.4508974850177765,0.46075907349586487,0.04739370569586754,0.41792184114456177,0.3907316029071808,0.04369979724287987,0.43883687257766724,0.4424733519554138,0.04073016718029976,0.4139649271965027,0.33489954471588135,0.024437859654426575,0.47865909337997437,0.47808268666267395,0.019668515771627426,0.49059975147247314,0.4062901437282562,-0.019441969692707062,0.4665294289588928,0.38420334458351135,-0.006343056447803974,0.41976144909858704,0.3526279926300049,0.01857026293873787,0.4476414620876312,0.346564918756485,-0.0020914110355079174,0.4530823230743408,0.34626275300979614,-0.003574314061552286,0.4725600779056549,0.43852710723876953,0.007358644623309374,0.4276324212551117,0.4073325991630554,0.025625700131058693,0.4907909035682678,0.4871824085712433,0.022735150530934334,0.47181403636932373,0.477822870016098,0.033291518688201904,0.4626240134239197,0.4708971381187439,0.039450909942388535,0.47961992025375366,0.28606313467025757,-0.0264511089771986,0.5027680397033691,0.4867101311683655,0.021275313571095467,0.45829951763153076,0.3449166715145111,-0.003934458829462528,0.4632411599159241,0.3431909680366516,-0.0032415122259408236,0.4664005637168884,0.34245219826698303,-0.0022325741592794657,0.4212031364440918,0.33743786811828613,0.010111643932759762,0.46144241094589233,0.3371548354625702,-0.005319136194884777,0.4556390643119812,0.335784375667572,-0.0065861837938427925,0.45015811920166016,0.3362576365470886,-0.006290828343480825,0.44490015506744385,0.338207483291626,-0.004529436584562063,0.4416780173778534,0.3404426872730255,-0.0022109970450401306,0.4090505838394165,0.32893887162208557,0.04068179428577423,0.44389039278030396,0.3459128439426422,-0.00021541211754083633,0.49382829666137695,0.4136026203632355,-0.012162858620285988,0.4738371968269348,0.4179447889328003,-0.005461057648062706,0.4775601923465729,0.4017793834209442,-0.016635240986943245,0.4853428900241852,0.4151296615600586,-0.011516114696860313,0.4850638806819916,0.33477213978767395,-0.020086826756596565,0.4596228003501892,0.4628961384296417,0.030617205426096916,0.46905940771102905,0.470416396856308,0.02567833662033081,0.4897131025791168,0.48270729184150696,0.014431546442210674,0.44073057174682617,0.4486853778362274,0.05697803944349289,0.4657095968723297,0.3399169445037842,-0.003609978361055255,0.4785920977592468,0.3658396303653717,-0.019799774512648582,0.5021114349365234,0.4819242060184479,0.013221310451626778,0.48093825578689575,0.48377084732055664,0.026824207976460457,0.42292705178260803,0.40981775522232056,0.04598813131451607,0.4831005036830902,0.4362601041793823,-0.0002767421829048544,0.48230183124542236,0.43892234563827515,-0.0005574077367782593,0.48184123635292053,0.44222941994667053,-0.0010886186501011252,0.48172491788864136,0.4461899995803833,0.0002955462841782719,0.48176151514053345,0.4536123275756836,0.005986602511256933,0.4743143618106842,0.43498215079307556,0.004546203184872866,0.4731896221637726,0.4344273507595062,0.004469682462513447,0.47226423025131226,0.4338080883026123,0.004213719163089991,0.4637795090675354,0.428369402885437,0.004531444050371647,0.43669143319129944,0.41209927201271057,0.01336144469678402,0.47742465138435364,0.3555716276168823,-0.01540016382932663,0.47238898277282715,0.33614838123321533,-0.007597528863698244,0.4682677984237671,0.336976557970047,-0.005139772780239582,0.47551026940345764,0.43558844923973083,0.0054245563223958015,0.43941807746887207,0.4314683973789215,0.02656165324151516,0.4779870808124542,0.33654192090034485,-0.015697158873081207,0.4798792004585266,0.4617019593715668,0.010540672577917576,0.48898404836654663,0.36889100074768066,-0.030570250004529953,0.4824446439743042,0.36125651001930237,-0.02500673569738865,0.4878149926662445,0.35860925912857056,-0.026611145585775375,0.4758617579936981,0.38043877482414246,-0.01765952818095684,0.5011336803436279,0.4743390381336212,0.008350704796612263,0.49985527992248535,0.46452486515045166,0.0067021604627370834,0.489962637424469,0.4654991328716278,0.007808355614542961,0.46367108821868896,0.4469417333602905,0.015021754428744316,0.465370774269104,0.40320447087287903,-0.0024270571302622557,0.47143521904945374,0.4553515911102295,0.013280815444886684,0.4500812292098999,0.40410947799682617,-4.789887316292152e-05,0.4602775275707245,0.41261327266693115,0.0002441439719405025,0.44639408588409424,0.41792869567871094,0.007357489783316851,0.48941850662231445,0.47529593110084534,0.009769190102815628,0.4726409912109375,0.38494735956192017,-0.012284818105399609,0.45992472767829895,0.45399734377861023,0.02195718325674534,0.46935775876045227,0.4624667167663574,0.019354231655597687,0.45682191848754883,0.4373619854450226,0.013736147433519363,0.43169161677360535,0.4215056300163269,0.030411574989557266,0.4493338465690613,0.4397954046726227,0.019894443452358246,0.42938897013664246,0.4270804524421692,0.046467218548059464,0.4564420282840729,0.42324578762054443,0.0051203081384301186,0.4752388894557953,0.37147054076194763,-0.014362980611622334,0.47852832078933716,0.3999890089035034,-0.024647856131196022,0.4747956395149231,0.4012024402618408,-0.017195846885442734,0.4806961119174957,0.39463621377944946,-0.029672276228666306,0.4667879343032837,0.32969123125076294,-0.010653840377926826,0.45561927556991577,0.32572707533836365,-0.012324709445238113,0.4460081160068512,0.32585152983665466,-0.011766809038817883,0.43838122487068176,0.32856008410453796,-0.008801919408142567,0.4334254860877991,0.3330012559890747,-0.004503949545323849,0.4310454726219177,0.34738871455192566,0.007235911209136248,0.41426411271095276,0.3718278408050537,0.03926416113972664,0.43702590465545654,0.3594690263271332,0.004136348608881235,0.44391652941703796,0.36158379912376404,0.0006803207215853035,0.4526847004890442,0.36021605134010315,-0.0017743143253028393,0.4606587290763855,0.35685592889785767,-0.0032094470225274563,0.46670204401016235,0.35323670506477356,-0.0038986806757748127,0.47080475091934204,0.3500823378562927,-0.004713384434580803,0.4131198525428772,0.36884889006614685,0.06276512145996094,0.4749428331851959,0.40266475081443787,-0.013767020776867867,0.47958481311798096,0.37503987550735474,-0.02338605560362339,0.4830402135848999,0.4009071886539459,-0.029307903721928596,0.4864504039287567,0.4040410816669464,-0.026021692901849747,0.48302197456359863,0.40173232555389404,-0.026081698015332222,0.4766642451286316,0.4045197367668152,-0.011145601980388165,0.48786550760269165,0.4049634337425232,-0.027563044801354408,0.48849883675575256,0.40596532821655273,-0.0196803268045187,0.4701481759548187,0.34242385625839233,-0.0030566134955734015,0.4737912714481354,0.3449902832508087,-0.006473259534686804,0.4758555591106415,0.3472161889076233,-0.010479995049536228,0.43979957699775696,0.34202298521995544,0.0001554549962747842,0.43503478169441223,0.33908575773239136,0.00016817450523376465,0.494294136762619,0.3689098060131073,-0.028235839679837227,0.5282659530639648,0.32914793491363525,0.0017810959834605455,0.49883195757865906,0.4023246169090271,-0.019879493862390518,0.5496413111686707,0.28536635637283325,0.02579709142446518,0.5121606588363647,0.3412317633628845,-0.0038996199145913124,0.5185020565986633,0.34035524725914,-0.003297547809779644,0.5245330333709717,0.338525652885437,-0.0015827316092327237,0.5316388607025146,0.3315874934196472,0.003332162508741021,0.5065929889678955,0.34039735794067383,-0.0034864516928792,0.5188395977020264,0.31680893898010254,-0.008692137897014618,0.5118013620376587,0.31906527280807495,-0.008884881623089314,0.525440514087677,0.31662517786026,-0.0062857335433363914,0.5297989249229431,0.3185214400291443,-0.00341548933647573,0.5383694171905518,0.33609288930892944,0.007309634238481522,0.5218909382820129,0.46211352944374084,0.014719937928020954,0.530343234539032,0.32659971714019775,0.0036022504791617393,0.557331919670105,0.3247074484825134,0.034640200436115265,0.5448498725891113,0.3285751938819885,0.012678693979978561,0.5224413871765137,0.380163311958313,-0.0037602793890982866,0.501029908657074,0.42545562982559204,-0.010806260630488396,0.5011504888534546,0.43215593695640564,-0.006689049303531647,0.5081465244293213,0.4256790280342102,-0.006670599337667227,0.5129513740539551,0.42598405480384827,-0.0013606611173599958,0.5069066286087036,0.4305052161216736,-0.004060779232531786,0.5113707184791565,0.42914900183677673,0.0006689605652354658,0.5243923664093018,0.4312420189380646,0.011219104751944542,0.497730016708374,0.3999185562133789,-0.0319831483066082,0.49751925468444824,0.39117199182510376,-0.035021863877773285,0.5384153127670288,0.31022006273269653,-0.0032673203386366367,0.5067862868309021,0.3607772886753082,-0.008135213516652584,0.5110616087913513,0.39077791571617126,-0.016611946746706963,0.5107679963111877,0.38530412316322327,-0.01530044712126255,0.5414859652519226,0.3732672333717346,0.004052165895700455,0.49583274126052856,0.37931886315345764,-0.032812319695949554,0.5225400328636169,0.3059441149234772,-0.015486056916415691,0.5316311717033386,0.30636078119277954,-0.010159147903323174,0.5420632362365723,0.2719241678714752,0.010878391563892365,0.4960439205169678,0.3203945755958557,-0.020222289487719536,0.5059157609939575,0.3235643804073334,-0.006743972655385733,0.5284620523452759,0.4219531714916229,0.011369751766324043,0.5579058527946472,0.4074034094810486,0.0663062185049057,0.5071233510971069,0.3968923091888428,-0.013594331219792366,0.5026434063911438,0.40074485540390015,-0.013556279242038727,0.5193546414375305,0.42630645632743835,0.010693160817027092,0.5180668234825134,0.4269063174724579,0.00889233686029911,0.534310519695282,0.2997620701789856,-0.00809528399258852,0.5116304159164429,0.3934803605079651,-0.012543744407594204,0.5106921792030334,0.3098726272583008,-0.019018372520804405,0.5109809041023254,0.30251988768577576,-0.021538998931646347,0.5147167444229126,0.25824791193008423,-0.016662849113345146,0.5386611819267273,0.28469035029411316,-0.00037690045428462327,0.5127006769180298,0.2791370451450348,-0.01990608498454094,0.5415337681770325,0.3050481677055359,0.0013757575070485473,0.5464446544647217,0.29487353563308716,0.012367811053991318,0.5012155175209045,0.42913004755973816,-0.009423740208148956,0.5075636506080627,0.42820900678634644,-0.005534774623811245,0.5122146010398865,0.4275442659854889,-0.0008140511927194893,0.5059259533882141,0.39850038290023804,-0.012061783112585545,0.5186886191368103,0.4266163110733032,0.009724710136651993,0.516135036945343,0.429749995470047,0.0064490437507629395,0.5173605680465698,0.42725712060928345,0.008715387433767319,0.504134476184845,0.3964563310146332,-0.022941062226891518,0.5106859803199768,0.43038851022720337,0.0021044521126896143,0.5062803626060486,0.43214741349220276,-0.0009154255967587233,0.5009304881095886,0.43406105041503906,-0.003260902827605605,0.5068411827087402,0.45351433753967285,0.005099779926240444,0.5032128095626831,0.44553422927856445,-0.001754515920765698,0.5024664402008057,0.44123461842536926,-0.0031462605111300945,0.5016635656356812,0.4372485280036926,-0.002321883337572217,0.5008337497711182,0.4340592324733734,-0.0022863484919071198,0.5106357336044312,0.43035051226615906,0.002867497270926833,0.5118429660797119,0.4314928650856018,0.0025011920370161533,0.5131002068519592,0.43317005038261414,0.002104647923260927,0.5141878724098206,0.4352581202983856,0.003560166573151946,0.5203971266746521,0.4124869704246521,-0.0007068914128467441,0.5607728958129883,0.3610544800758362,0.06807482242584229,0.5138840079307556,0.4288847744464874,0.0062767257913947105,0.5149967670440674,0.4292330741882324,0.006123881787061691,0.5010312795639038,0.4045577049255371,-0.01297783199697733,0.5102537870407104,0.3983364999294281,-0.007063048891723156,0.501803457736969,0.4027266204357147,-0.013519308529794216,0.5138510465621948,0.36394748091697693,-0.005066423676908016,0.5252134799957275,0.3672369122505188,-0.0024377971421927214,0.5121815800666809,0.3881686329841614,-0.011133795604109764,0.5310287475585938,0.2624318599700928,-0.003920346032828093,0.5278890132904053,0.27887633442878723,-0.010855813510715961,0.5238080620765686,0.2983670234680176,-0.015666736289858818,0.5200868844985962,0.4394225478172302,0.008829357102513313,0.4965994656085968,0.3084970712661743,-0.02450084127485752,0.49728187918663025,0.28212448954582214,-0.024889444932341576,0.4973495900630951,0.25817856192588806,-0.02391110174357891,0.5292307138442993,0.33555418252944946,0.0010449282126501203,0.5463891625404358,0.3405877649784088,0.011718817055225372,0.5029239058494568,0.33908554911613464,-0.003008865052834153,0.5367258787155151,0.32029247283935547,0.002072251169010997,0.5019028186798096,0.3565274775028229,-0.011222037486732006,0.5073084235191345,0.3898714780807495,-0.023359889164566994,0.5539946556091309,0.3452950119972229,0.019898410886526108,0.5430182218551636,0.3481181859970093,0.007067030295729637,0.5356060862541199,0.35391393303871155,0.0016867835074663162,0.5233043432235718,0.35584595799446106,-0.0012938054278492928,0.513756513595581,0.3544164299964905,-0.0032223728485405445,0.5066624879837036,0.352123886346817,-0.005619534756988287,0.49259117245674133,0.34799760580062866,-0.020080432295799255,0.5552611351013184,0.36450865864753723,0.02112056314945221,0.5418841242790222,0.3181747794151306,0.0046294257044792175,0.49620750546455383,0.4040374159812927,-0.028353935107588768,0.5073390603065491,0.3704792559146881,-0.009368210099637508,0.5583012700080872,0.3204265236854553,0.05600232258439064,0.5012024641036987,0.3488791882991791,-0.007452969904989004,0.5127001404762268,0.3875542879104614,-0.004670207854360342,0.5333484411239624,0.32616880536079407,0.004911246709525585,0.5067232847213745,0.38319286704063416,-0.021715465933084488,0.5605127811431885,0.3835698068141937,0.0688631534576416,0.5025091767311096,0.33589810132980347,-0.002088551875203848,0.5013287663459778,0.3804291784763336,-0.028577584773302078,0.5461944341659546,0.4345853328704834,0.03530402109026909,0.546161413192749,0.442751407623291,0.04843708127737045,0.5608714818954468,0.36300161480903625,0.04432433471083641,0.5533232688903809,0.42064815759658813,0.04134030267596245,0.5519580841064453,0.30818039178848267,0.025024525821208954,0.5237376093864441,0.4696096181869507,0.01993631199002266,0.49562716484069824,0.40523266792297363,-0.0193997360765934,0.5136572122573853,0.3750629723072052,-0.006019377615302801,0.5504299402236938,0.3286890983581543,0.019140515476465225,0.5227012038230896,0.33321312069892883,-0.0017316121375188231,0.5176204442977905,0.33515769243240356,-0.0032676446717232466,0.5172185897827148,0.4305313527584076,0.0077099003829061985,0.555875837802887,0.3825829029083252,0.02628917619585991,0.5143998265266418,0.4826946258544922,0.023042529821395874,0.530441403388977,0.4667440354824066,0.03397281840443611,0.53759765625,0.45678454637527466,0.04031141847372055,0.512383222579956,0.33590006828308105,-0.00367978704161942,0.5072683095932007,0.3358854651451111,-0.003034998197108507,0.5040581226348877,0.3360721468925476,-0.0020311898551881313,0.5459704995155334,0.3148433268070221,0.010670439340174198,0.5074200630187988,0.3295365869998932,-0.005027893465012312,0.5126264691352844,0.32663729786872864,-0.006263597868382931,0.5179967284202576,0.3252881169319153,-0.005934129469096661,0.5232742428779602,0.3250996768474579,-0.004131863359361887,0.5266751050949097,0.3256750702857971,-0.0018057298148050904,0.5547147989273071,0.3005717396736145,0.04200392961502075,0.525969386100769,0.33108648657798767,0.00018202862702310085,0.5139661431312561,0.4101943373680115,-0.005157530307769775,0.5069995522499084,0.3960689306259155,-0.016436384990811348,0.5024737119674683,0.4118410050868988,-0.01137633342295885,0.5383395552635193,0.4480791389942169,0.031062111258506775,0.5311782956123352,0.4588327407836914,0.026029229164123535,0.5141388177871704,0.47806093096733093,0.014579440467059612,0.55277419090271,0.42728859186172485,0.05823326110839844,0.5040081739425659,0.3333226442337036,-0.0033780320081859827,0.4983097016811371,0.3619571924209595,-0.019657764583826065,0.5230841040611267,0.4757782816886902,0.027325499802827835,0.5605325102806091,0.3832837641239166,0.04669368639588356,0.5062179565429688,0.4321250915527344,2.3554744075227063e-06,0.5074422359466553,0.43435585498809814,-0.00027993362164124846,0.5085294246673584,0.43731924891471863,-0.0008340093190781772,0.509513795375824,0.44097790122032166,0.0005456022918224335,0.514434814453125,0.4471808671951294,0.006260703317821026,0.5148965716362,0.42791610956192017,0.0049468050710856915,0.5157838463783264,0.42696481943130493,0.004873156547546387,0.5165363550186157,0.42605748772621155,0.004638365004211664,0.5256380438804626,0.41631507873535156,0.004980676807463169,0.5484912395477295,0.3904476761817932,0.01401935238391161,0.49708080291748047,0.35173821449279785,-0.015252594836056232,0.4975106120109558,0.3316394090652466,-0.007416713051497936,0.501173198223114,0.33115118741989136,-0.004942473955452442,0.5139306783676147,0.4289165139198303,0.005808722227811813,0.5502658486366272,0.41011950373649597,0.027210865169763565,0.4927014708518982,0.3338819742202759,-0.01558203436434269,0.5183716416358948,0.4543079733848572,0.010790696367621422,0.4935760796070099,0.35903337597846985,-0.024943511933088303,0.504077672958374,0.3749524652957916,-0.01744508370757103,0.5095819234848022,0.46171295642852783,0.007907209917902946,0.5302048325538635,0.4341357350349426,0.015445384196937084,0.5187729001045227,0.39280736446380615,-0.0020698406733572483,0.5248630046844482,0.4450817108154297,0.013583110645413399,0.5339860916137695,0.3877940773963928,0.0004684939340222627,0.5258076190948486,0.3998652994632721,0.0006892883102409542,0.5405479669570923,0.3996727466583252,0.007928140461444855,0.5125107765197754,0.4708857238292694,0.009879703633487225,0.5080259442329407,0.3780587613582611,-0.012031895108520985,0.5358125567436218,0.4394965171813965,0.022413216531276703,0.5288456678390503,0.45120105147361755,0.01969759166240692,0.534572958946228,0.422374427318573,0.01428705919533968,0.5552790760993958,0.39769724011421204,0.031134523451328278,0.5426726937294006,0.4218508005142212,0.020472118631005287,0.5585284233093262,0.40232205390930176,0.04719148576259613,0.5317891240119934,0.408611536026001,0.005642070900648832,0.5026760697364807,0.36611494421958923,-0.014129591174423695,0.5058767199516296,0.3946378231048584,-0.024431221187114716,0.5095585584640503,0.39449217915534973,-0.016966858878731728,0.5026951432228088,0.3902736008167267,-0.02950194478034973,0.5014342665672302,0.32333454489707947,-0.010405730456113815,0.5112122297286987,0.3158594071865082,-0.011992324143648148,0.5202901363372803,0.3127707540988922,-0.01138601079583168,0.5280054211616516,0.31261932849884033,-0.008355449885129929,0.5334646701812744,0.31493812799453735,-0.004025262780487537,0.5384683609008789,0.327578067779541,0.007722011301666498,0.5599456429481506,0.34352874755859375,0.03987622633576393,0.5354135036468506,0.3408159911632538,0.0045900605618953705,0.5295273661613464,0.34524011611938477,0.0010931850410997868,0.5210447907447815,0.3473908305168152,-0.0014096670784056187,0.5127178430557251,0.3473411798477173,-0.002921654609963298,0.5061987042427063,0.34602653980255127,-0.003687844146043062,0.5017062425613403,0.34435972571372986,-0.0045445747673511505,0.5597842931747437,0.340271532535553,0.06406991183757782,0.5095852613449097,0.39595866203308105,-0.013540178537368774,0.49933695793151855,0.37113988399505615,-0.023239415138959885,0.5018020868301392,0.3971298635005951,-0.02917742356657982,0.4991627633571625,0.4014279842376709,-0.025931688025593758,0.5019588470458984,0.3979613780975342,-0.025941696017980576,0.5083408355712891,0.3983784019947052,-0.010943873785436153,0.4980752170085907,0.4028397500514984,-0.027485666796565056,0.49751460552215576,0.4040534198284149,-0.01962955668568611,0.5004786849021912,0.3369855582714081,-0.0028996949549764395,0.49787718057632446,0.3405378460884094,-0.0063259182497859,0.496611624956131,0.34321218729019165,-0.0103532699868083,0.528747022151947,0.32621386647224426,0.0005602854071184993,0.5328863263130188,0.321300208568573,0.0006232166779227555,0.4510154724121094,0.3415456712245941,-0.002589156851172447,0.4580034017562866,0.3404279053211212,-0.002589156851172447,0.4503471553325653,0.33342042565345764,-0.002589156851172447,0.44406116008758545,0.34261807799339294,-0.002589156851172447,0.4516659379005432,0.34962955117225647,-0.002589156851172447,0.5167438983917236,0.33023494482040405,-0.0022655855864286423,0.5241453647613525,0.3284093141555786,-0.0022655855864286423,0.5154936909675598,0.32200413942337036,-0.0022655855864286423,0.5093109607696533,0.33201727271080017,-0.0022655855864286423,0.5180209279060364,0.33844345808029175,-0.0022655855864286423
2666.6666666666674,0.4923667907714844,0.42825937271118164,-0.011670353822410107,0.4909718632698059,0.40092629194259644,-0.032867491245269775,0.4915620684623718,0.4066471457481384,-0.014996804296970367,0.4816405773162842,0.3708269000053406,-0.028533006086945534,0.48981255292892456,0.39217713475227356,-0.03610958904027939,0.48812663555145264,0.379490464925766,-0.03512454405426979,0.48388275504112244,0.3472467064857483,-0.022949842736124992,0.43944302201271057,0.34637993574142456,0.0014550170162692666,0.48086103796958923,0.3241164982318878,-0.022031119093298912,0.4793245196342468,0.3119971454143524,-0.02537667006254196,0.4729010760784149,0.26194676756858826,-0.025757094845175743,0.49270743131637573,0.43117550015449524,-0.010325274430215359,0.4930860698223114,0.4339761435985565,-0.00793448742479086,0.4934152662754059,0.4358491003513336,-0.004298826679587364,0.49330073595046997,0.4359108805656433,-0.003169307252392173,0.49368494749069214,0.43960702419281006,-0.003127211006358266,0.4941740930080414,0.4439240097999573,-0.0038725482299923897,0.4947432577610016,0.44829875230789185,-0.00224668369628489,0.4980573356151581,0.4557781219482422,0.004722923040390015,0.4914382994174957,0.40459221601486206,-0.02906535007059574,0.4851306676864624,0.4044873118400574,-0.0202313344925642,0.4073593020439148,0.31378984451293945,0.024730268865823746,0.4574858546257019,0.35179001092910767,-0.004132645670324564,0.45134037733078003,0.35338762402534485,-0.0036306530237197876,0.4451972246170044,0.354120671749115,-0.0019649837631732225,0.43667763471603394,0.35032039880752563,0.002943286206573248,0.46266889572143555,0.34930506348609924,-0.003630767110735178,0.44582781195640564,0.330313503742218,-0.008958845399320126,0.45306551456451416,0.3301158547401428,-0.009072670713067055,0.4395282566547394,0.3327648937702179,-0.006628174800425768,0.4357054829597473,0.33649134635925293,-0.003769173054024577,0.4310784935951233,0.35729414224624634,0.006843853741884232,0.4777146279811859,0.47073930501937866,0.014489694498479366,0.4367786645889282,0.34469595551490784,0.003255203366279602,0.4096637964248657,0.35412949323654175,0.03416261449456215,0.4227535128593445,0.35234400629997253,0.012178934179246426,0.45713090896606445,0.39270341396331787,-0.004294948652386665,0.48501917719841003,0.42808908224105835,-0.011132604442536831,0.4864564836025238,0.43462419509887695,-0.0070524029433727264,0.478740394115448,0.4308420717716217,-0.00711008720099926,0.47443071007728577,0.4328414797782898,-0.0018272227607667446,0.4809899628162384,0.43504369258880615,-0.004470678046345711,0.476709246635437,0.43529248237609863,0.00020437646890059114,0.46724292635917664,0.4425811767578125,0.010867890901863575,0.4858199656009674,0.4016070067882538,-0.03239090368151665,0.48392453789711,0.3932538628578186,-0.035413846373558044,0.4253447353839874,0.33172664046287537,-0.003739835461601615,0.46743664145469666,0.3680778741836548,-0.008509212173521519,0.4704524874687195,0.3982942998409271,-0.017129503190517426,0.46940040588378906,0.3929908871650696,-0.015783658251166344,0.43719059228897095,0.3938159644603729,0.0033575580455362797,0.4826243817806244,0.3813719153404236,-0.033170588314533234,0.4402484595775604,0.3213549256324768,-0.015905193984508514,0.4313496947288513,0.32523638010025024,-0.010617376305162907,0.4117148816585541,0.2978818416595459,0.00993889756500721,0.469181090593338,0.3260889947414398,-0.020375514402985573,0.4596288502216339,0.33263394236564636,-0.0068364739418029785,0.46114611625671387,0.4352458715438843,0.010874894447624683,0.4287931025028229,0.4327835440635681,0.06487492471933365,0.47561222314834595,0.4025682210922241,-0.01403544656932354,0.480933278799057,0.40441790223121643,-0.013928460888564587,0.4686231017112732,0.43524277210235596,0.010268016718327999,0.4699999988079071,0.43537914752960205,0.008500911295413971,0.4271165728569031,0.3197311758995056,-0.008539991453289986,0.47038471698760986,0.4010995924472809,-0.01304855290800333,0.4527570307254791,0.3211628794670105,-0.019298914819955826,0.4509011507034302,0.31401270627975464,-0.021869219839572906,0.4354923665523529,0.2738586366176605,-0.017115700989961624,0.4182226061820984,0.3085992634296417,-0.000797926215454936,0.44237592816352844,0.29303258657455444,-0.02019982971251011,0.4208367168903351,0.32770836353302,0.0009195558959618211,0.41301223635673523,0.32130736112594604,0.01196711789816618,0.48564040660858154,0.431704580783844,-0.009761995635926723,0.47981658577919006,0.4330516457557678,-0.00595285277813673,0.47551384568214417,0.4340781271457672,-0.001267175655812025,0.4771057665348053,0.4036041796207428,-0.01247392874211073,0.4693252444267273,0.43531012535095215,0.00931617897003889,0.4722873568534851,0.4377191364765167,0.006137344986200333,0.4707292914390564,0.43548813462257385,0.008314431644976139,0.47863247990608215,0.400962769985199,-0.023423174396157265,0.477719783782959,0.43628907203674316,0.0016738622216507792,0.48202237486839294,0.43645861744880676,-0.001322482479736209,0.4872618615627289,0.4363953471183777,-0.0036023850552737713,0.4897254407405853,0.4568563997745514,0.0050005679950118065,0.48729875683784485,0.4488462805747986,-0.0019352077506482601,0.48693180084228516,0.4443807005882263,-0.0033572372049093246,0.4868931770324707,0.4400542080402374,-0.0025170864537358284,0.48717790842056274,0.4365251958370209,-0.002479672897607088,0.4776167869567871,0.43632522225379944,0.002564560156315565,0.47663378715515137,0.4379905164241791,0.0022177568171173334,0.4757004380226135,0.44022703170776367,0.0018077490385621786,0.4750610888004303,0.44278448820114136,0.0032797842286527157,0.46655163168907166,0.42270350456237793,-0.0012036296539008617,0.4144413471221924,0.3901122510433197,0.0667961835861206,0.49153128266334534,0.40566501021385193,-0.020103350281715393,0.47442105412483215,0.43591588735580444,0.005949694663286209,0.4733247458934784,0.43672677874565125,0.005815067794173956,0.4833950698375702,0.40730100870132446,-0.013313976116478443,0.47282490134239197,0.4051401615142822,-0.0074781375005841255,0.4822194576263428,0.40590205788612366,-0.013886122032999992,0.46133407950401306,0.37388667464256287,-0.005517796613276005,0.45137694478034973,0.38152721524238586,-0.002979177050292492,0.4686247706413269,0.3962456285953522,-0.011631148867309093,0.42045503854751587,0.28438156843185425,-0.004652846604585648,0.4273761212825775,0.29874399304389954,-0.011217840947210789,0.4373490810394287,0.31446558237075806,-0.016049301251769066,0.47350502014160156,0.44864535331726074,0.008546961471438408,0.4660662114620209,0.3146533966064453,-0.024667762219905853,0.45810461044311523,0.2897568941116333,-0.025060022249817848,0.45242026448249817,0.26687249541282654,-0.024108540266752243,0.4399206340312958,0.3531232476234436,0.0006317381630651653,0.42429548501968384,0.36476996541023254,0.011192182078957558,0.4659188687801361,0.3469845652580261,-0.003102825954556465,0.4292760491371155,0.3410585820674896,0.0016808967338874936,0.47124719619750977,0.3621048927307129,-0.011521716602146626,0.4740522503852844,0.3959364593029022,-0.023875344544649124,0.41800904273986816,0.3723580837249756,0.01931685209274292,0.42949631810188293,0.37082427740097046,0.006483963690698147,0.4382380247116089,0.37350955605506897,0.001150954281911254,0.45056214928627014,0.37046775221824646,-0.001740132225677371,0.4593037962913513,0.3654988408088684,-0.0035708898212760687,0.4655812382698059,0.36063674092292786,-0.005937677808105946,0.4782365560531616,0.35034728050231934,-0.020264720544219017,0.42150816321372986,0.3910101056098938,0.02042972855269909,0.4235877990722656,0.34088990092277527,0.0041451770812273026,0.48822954297065735,0.4049242436885834,-0.02873876690864563,0.4692150950431824,0.3775045871734619,-0.00979530904442072,0.4071666896343231,0.3506801724433899,0.05483641102910042,0.4702299237251282,0.35554730892181396,-0.007677814457565546,0.46788057684898376,0.39588266611099243,-0.005113988183438778,0.43381500244140625,0.3456449806690216,0.0045470125041902065,0.4729400873184204,0.38937678933143616,-0.02221350558102131,0.4201996922492981,0.411306232213974,0.067476287484169,0.4654330909252167,0.34381103515625,-0.0021512999664992094,0.4775843024253845,0.38464000821113586,-0.02899019978940487,0.4475504159927368,0.4537486135959625,0.034832920879125595,0.4494457244873047,0.4616047739982605,0.04728376492857933,0.4153454899787903,0.3918803334236145,0.04371584579348564,0.4371025264263153,0.44332388043403625,0.0407429039478302,0.41084399819374084,0.3362656831741333,0.024583876132965088,0.47786879539489746,0.4786185622215271,0.01966935023665428,0.488934725522995,0.40584197640419006,-0.01970643363893032,0.46414947509765625,0.3843623995780945,-0.006488970015197992,0.4170992970466614,0.3544541299343109,0.018625371158123016,0.44575604796409607,0.34798941016197205,-0.002029379131272435,0.45100393891334534,0.34778666496276855,-0.0035149368923157454,0.47143709659576416,0.43892449140548706,0.007386257406324148,0.4253024160861969,0.40830302238464355,0.025530314072966576,0.49022769927978516,0.48761701583862305,0.022740734741091728,0.47076696157455444,0.4785655736923218,0.033266037702560425,0.4613921344280243,0.47168493270874023,0.03939247503876686,0.4760117828845978,0.28634923696517944,-0.026419606059789658,0.5024115443229675,0.4867883324623108,0.021296096965670586,0.45607849955558777,0.3465779721736908,-0.0038601565174758434,0.4609231650829315,0.34497731924057007,-0.003143576206639409,0.4640581011772156,0.344314306974411,-0.002111840294674039,0.41842120885849,0.33917295932769775,0.010200181975960732,0.45902299880981445,0.3386150002479553,-0.00517579959705472,0.45331984758377075,0.337017297744751,-0.0064618648029863834,0.44799676537513733,0.33743664622306824,-0.006174500100314617,0.4429560899734497,0.3394358158111572,-0.004425167106091976,0.43991467356681824,0.3417641520500183,-0.0021053496748209,0.40596073865890503,0.3303861916065216,0.040859077125787735,0.44213801622390747,0.3473403751850128,-0.00014185796317178756,0.4923749566078186,0.4128488004207611,-0.012369000352919102,0.47222763299942017,0.4178561568260193,-0.005655366461724043,0.47558078169822693,0.4017203152179718,-0.016878560185432434,0.48378676176071167,0.4146232306957245,-0.011715109460055828,0.4822238087654114,0.334844172000885,-0.020147906616330147,0.4583873748779297,0.46357327699661255,0.03067365102469921,0.46801650524139404,0.47105878591537476,0.02571101486682892,0.489193320274353,0.4829755425453186,0.014423029497265816,0.4390196204185486,0.4495767056941986,0.05685858055949211,0.46334731578826904,0.341656893491745,-0.0034858882427215576,0.476113885641098,0.3658287823200226,-0.01995132677257061,0.5017591118812561,0.48188456892967224,0.013216753490269184,0.4801306426525116,0.48441624641418457,0.026808863505721092,0.4205513894557953,0.41086071729660034,0.04600092023611069,0.4819221496582031,0.4365704357624054,-0.00028192560421302915,0.4810921847820282,0.43933409452438354,-0.0005502269486896694,0.48064008355140686,0.4427643418312073,-0.0010779056465253234,0.4805655777454376,0.44681525230407715,0.00031251783366315067,0.48087024688720703,0.4539254307746887,0.00603166688233614,0.473270982503891,0.4352959394454956,0.004485879559069872,0.47212764620780945,0.43473726511001587,0.004413755144923925,0.4711949825286865,0.4341237545013428,0.004152033943682909,0.46245643496513367,0.42860788106918335,0.0044503300450742245,0.43457669019699097,0.4128517806529999,0.013249315321445465,0.4747794270515442,0.3556276559829712,-0.015483628027141094,0.46973830461502075,0.3376752436161041,-0.007519739214330912,0.465745210647583,0.33864933252334595,-0.005037249065935612,0.47448015213012695,0.4359217882156372,0.0053664324805140495,0.43761691451072693,0.4322109520435333,0.026526188477873802,0.47530055046081543,0.33781468868255615,-0.015703465789556503,0.47901636362075806,0.4619600772857666,0.010591859929263592,0.48670125007629395,0.36865320801734924,-0.030784010887145996,0.47997230291366577,0.36120930314064026,-0.025164833292365074,0.4853632152080536,0.3584470748901367,-0.026767490431666374,0.4735109210014343,0.3804214298725128,-0.01784794218838215,0.5007040500640869,0.47418954968452454,0.008375786244869232,0.4992988705635071,0.46439290046691895,0.00674403877928853,0.4892915189266205,0.46559637784957886,0.007860553450882435,0.4625222682952881,0.4473114013671875,0.015057578682899475,0.46335262060165405,0.4033608138561249,-0.002595709403976798,0.47041815519332886,0.45567312836647034,0.01333183515816927,0.4480056166648865,0.4045758545398712,-0.00017497563385404646,0.45849478244781494,0.4128391146659851,9.1378009528853e-05,0.44455936551094055,0.41845703125,0.007278705947101116,0.4888631999492645,0.4754057824611664,0.00979697611182928,0.47029146552085876,0.3849959671497345,-0.012461178004741669,0.4587002694606781,0.4545298218727112,0.021998951211571693,0.4683209955692291,0.46294474601745605,0.019399745389819145,0.45551955699920654,0.43777814507484436,0.013725982047617435,0.42960289120674133,0.4223974049091339,0.030361801385879517,0.4478357136249542,0.44039925932884216,0.01988891512155533,0.42730939388275146,0.4280266761779785,0.04646967351436615,0.4549274146556854,0.42356207966804504,0.005019099917262793,0.4727604389190674,0.37148383259773254,-0.014506686478853226,0.4765491187572479,0.3999077081680298,-0.02494148351252079,0.47276997566223145,0.40121200680732727,-0.01745288074016571,0.4786832928657532,0.3945193886756897,-0.029990246519446373,0.46416008472442627,0.3311619162559509,-0.010563317686319351,0.45319604873657227,0.3271201550960541,-0.0122449342161417,0.4438244700431824,0.3272723853588104,-0.011694676242768764,0.4363606870174408,0.33004164695739746,-0.00874680932611227,0.4314563572406769,0.3345335125923157,-0.004456216935068369,0.42902329564094543,0.3488653302192688,0.007308808621019125,0.4115656316280365,0.37307584285736084,0.039324965327978134,0.43517357110977173,0.36071646213531494,0.004142277874052525,0.4420360326766968,0.3626921474933624,0.0006583631038665771,0.4506946802139282,0.3613623380661011,-0.0018036306137219071,0.4585147202014923,0.3581240475177765,-0.0032085818238556385,0.4644343852996826,0.3546088933944702,-0.0039057713001966476,0.468441367149353,0.35148319602012634,-0.004695011768490076,0.41045433282852173,0.37010204792022705,0.06285117566585541,0.4729517996311188,0.40266528725624084,-0.014007826335728168,0.47725632786750793,0.37497884035110474,-0.023585444316267967,0.48116135597229004,0.40069466829299927,-0.029635293409228325,0.4846745729446411,0.40370458364486694,-0.02633620612323284,0.4811539947986603,0.4015074670314789,-0.026391396299004555,0.4747293293476105,0.4044593572616577,-0.011368493549525738,0.48612457513809204,0.4045945107936859,-0.027890993282198906,0.4867977499961853,0.405570387840271,-0.019946740940213203,0.4677450656890869,0.34419897198677063,-0.002961273305118084,0.4712865650653839,0.3464272618293762,-0.006435467395931482,0.4734227955341339,0.34839895367622375,-0.01049791555851698,0.43813806772232056,0.3434300422668457,0.0002628162910696119,0.4332905411720276,0.34063613414764404,0.0002546754549257457,0.49204427003860474,0.36851420998573303,-0.02842685952782631,0.5248607993125916,0.32817861437797546,0.002015553880482912,0.4972086548805237,0.40162861347198486,-0.020133156329393387,0.5457743406295776,0.2838709354400635,0.026410099118947983,0.509870171546936,0.34103313088417053,-0.0037471011746674776,0.5159895420074463,0.3399220108985901,-0.0031579495407640934,0.5217824578285217,0.33782219886779785,-0.001432172255590558,0.5282000303268433,0.3306353688240051,0.003550775581970811,0.5044388771057129,0.3403845727443695,-0.0033460999839007854,0.5154863595962524,0.3160775303840637,-0.008510880172252655,0.508739709854126,0.31858113408088684,-0.008720638230443,0.5218715071678162,0.31583064794540405,-0.006100696045905352,0.5260847806930542,0.31770309805870056,-0.003214409574866295,0.5351978540420532,0.33495527505874634,0.007556178607046604,0.5213842988014221,0.46110665798187256,0.014773564413189888,0.5266604423522949,0.32541424036026,0.003859364427626133,0.5542277097702026,0.32295161485671997,0.03510966897010803,0.5417263507843018,0.32733404636383057,0.01299356110394001,0.5204745531082153,0.3787480890750885,-0.0038298412691801786,0.4995867908000946,0.4251415431499481,-0.011017401702702045,0.4998512268066406,0.43195492029190063,-0.00693468889221549,0.5067708492279053,0.42531847953796387,-0.00686315493658185,0.5116435289382935,0.42556634545326233,-0.001499607809819281,0.5056301355361938,0.43023911118507385,-0.004277808591723442,0.5101045370101929,0.4288218021392822,0.0005034201312810183,0.5235446095466614,0.4298965036869049,0.011210504919290543,0.4959765374660492,0.3993031978607178,-0.03231814131140709,0.4956405758857727,0.3905962109565735,-0.03534519672393799,0.5347002148628235,0.30954450368881226,-0.003027581609785557,0.5044570565223694,0.35990774631500244,-0.008175191469490528,0.5094112157821655,0.3896503448486328,-0.016800081357359886,0.509010910987854,0.38418760895729065,-0.015459084883332253,0.539414644241333,0.37142202258110046,0.0040795328095555305,0.4937647581100464,0.37884393334388733,-0.03307154402136803,0.5188309550285339,0.3057742714881897,-0.015388870611786842,0.5278257727622986,0.30587244033813477,-0.010021494701504707,0.5382132530212402,0.27061161398887634,0.011423496529459953,0.4931557774543762,0.3213321566581726,-0.020211588591337204,0.5031797885894775,0.3234077990055084,-0.006566013675183058,0.5274313688278198,0.4203842878341675,0.011334776878356934,0.5564233660697937,0.4052804708480835,0.06665869802236557,0.5055244565010071,0.39587730169296265,-0.013785994611680508,0.5010442733764648,0.3998739421367645,-0.01379096694290638,0.5181265473365784,0.42579540610313416,0.010667987167835236,0.5168573260307312,0.42642268538475037,0.00886701513081789,0.5304887890815735,0.2992376387119293,-0.00789304357022047,0.5100350379943848,0.39230579137802124,-0.012723784893751144,0.5072429776191711,0.3102922737598419,-0.018988115713000298,0.5073398947715759,0.3029627799987793,-0.021509943529963493,0.5108747482299805,0.25764042139053345,-0.016356240957975388,0.5351866483688354,0.28340375423431396,-4.4887172407470644e-05,0.5092658400535583,0.2786253094673157,-0.01977408118546009,0.537909984588623,0.304278165102005,0.001687109237536788,0.5429309010505676,0.2933705449104309,0.012804410420358181,0.49984607100486755,0.42885884642601013,-0.009648678824305534,0.5062471032142639,0.42788395285606384,-0.005737975239753723,0.5109320282936096,0.4271675944328308,-0.0009671380976215005,0.5043359398841858,0.3975124955177307,-0.012262573465704918,0.5174679756164551,0.42612114548683167,0.009694475680589676,0.514919102191925,0.42938435077667236,0.0064493645913898945,0.5161401629447937,0.42680075764656067,0.008689752779901028,0.5024768710136414,0.3955990970134735,-0.023188767954707146,0.5094216465950012,0.4301108419895172,0.001956130610778928,0.5050286054611206,0.43193691968917847,-0.001111393328756094,0.49968090653419495,0.43392494320869446,-0.0034844486508518457,0.5062355399131775,0.4531819224357605,0.005087564699351788,0.5021900534629822,0.4457143545150757,-0.0018063024617731571,0.5013530254364014,0.4413614571094513,-0.00321120023727417,0.5004587769508362,0.4372663199901581,-0.0023688601795583963,0.4995653033256531,0.4339960515499115,-0.002340331906452775,0.5093580484390259,0.430081844329834,0.002851510187610984,0.5106048583984375,0.43123146891593933,0.0025032407138496637,0.5119296908378601,0.4329187870025635,0.002112646820023656,0.5130928158760071,0.4349958002567291,0.0035818463657051325,0.5191290378570557,0.4110129177570343,-0.0008288746466860175,0.5583857297897339,0.35901641845703125,0.06860347837209702,0.512610673904419,0.42851728200912476,0.006272868253290653,0.5137463212013245,0.4288697838783264,0.00613144738599658,0.4994891285896301,0.4037223160266876,-0.013192196376621723,0.508721649646759,0.3971825838088989,-0.007215420715510845,0.5002344250679016,0.4018786549568176,-0.013749743811786175,0.511594295501709,0.3628391921520233,-0.005093250889331102,0.5230036973953247,0.36581385135650635,-0.0024603502824902534,0.5104796290397644,0.38698112964630127,-0.01128309778869152,0.5272169709205627,0.26139456033706665,-0.003473554039373994,0.5244714021682739,0.2778971791267395,-0.010614324361085892,0.5199534296989441,0.2981663942337036,-0.015537272207438946,0.5193360447883606,0.4383472204208374,0.008843174204230309,0.4933742582798004,0.30959394574165344,-0.02450392208993435,0.4937818944454193,0.28201523423194885,-0.02482604794204235,0.49344122409820557,0.2580181956291199,-0.02372027188539505,0.5261386632919312,0.33470675349235535,0.0012176271993666887,0.5433228611946106,0.3392091393470764,0.011987833306193352,0.5008123517036438,0.3392741084098816,-0.002852625446394086,0.533079981803894,0.3194754421710968,0.0023573427461087704,0.49947425723075867,0.3558517098426819,-0.011266048066318035,0.5055739283561707,0.38891923427581787,-0.023590808734297752,0.5514330267906189,0.34341442584991455,0.020204374566674232,0.5399163961410522,0.3467872738838196,0.007261932361871004,0.5326176881790161,0.3526808023452759,0.0018115999409928918,0.5206589698791504,0.35489287972450256,-0.0012372107012197375,0.5114092230796814,0.3537125587463379,-0.0031789110507816076,0.5044261813163757,0.35161933302879333,-0.005608373321592808,0.4899968206882477,0.34774407744407654,-0.020173469558358192,0.5530465245246887,0.36247771978378296,0.021335728466510773,0.5384151935577393,0.31717342138290405,0.004928926005959511,0.49454590678215027,0.40344077348709106,-0.028677454218268394,0.50520259141922,0.36953121423721313,-0.00945061631500721,0.5550145506858826,0.31868216395378113,0.05666106194257736,0.4989754557609558,0.3486151397228241,-0.007431573234498501,0.5109597444534302,0.3863328695297241,-0.004758932162076235,0.5296209454536438,0.32521477341651917,0.005187016911804676,0.5048705339431763,0.38225799798965454,-0.021914182230830193,0.5586286783218384,0.38139966130256653,0.06932101398706436,0.500241219997406,0.33613842725753784,-0.0018835185328498483,0.4993448853492737,0.3797409236431122,-0.028810754418373108,0.5451899170875549,0.4327232241630554,0.035492606461048126,0.5452951788902283,0.44094040989875793,0.048639338463544846,0.558559238910675,0.3609178066253662,0.04468720406293869,0.5520418286323547,0.4186081886291504,0.04155288636684418,0.5485716462135315,0.30656173825263977,0.025488918647170067,0.5233396291732788,0.46870678663253784,0.01998532935976982,0.49400174617767334,0.4046429991722107,-0.019661840051412582,0.511618435382843,0.37388816475868225,-0.006094696931540966,0.5476395487785339,0.3271951973438263,0.019504891708493233,0.5198937654495239,0.3326946794986725,-0.001523648970760405,0.5150855183601379,0.3348912000656128,-0.0030800329986959696,0.51605224609375,0.4301441013813019,0.007707180455327034,0.5539671182632446,0.3804509937763214,0.02644808404147625,0.5141168832778931,0.48232972621917725,0.02307482808828354,0.5300136208534241,0.4655779302120209,0.03410758078098297,0.5369975566864014,0.4552788734436035,0.04047949239611626,0.5100163817405701,0.335817813873291,-0.003501563798636198,0.5050226449966431,0.33597132563591003,-0.0028426842764019966,0.501837968826294,0.3363053798675537,-0.0018323077820241451,0.5427291989326477,0.3136909008026123,0.01103553269058466,0.5047910213470459,0.32854393124580383,-0.004842204041779041,0.5096465349197388,0.3249248266220093,-0.006072420161217451,0.5148458480834961,0.3232744038105011,-0.0057470109313726425,0.5199624300003052,0.32312479615211487,-0.003931899555027485,0.5231990218162537,0.3239626884460449,-0.0015695039182901382,0.5510246753692627,0.2989484369754791,0.04266184940934181,0.5228633880615234,0.3303205370903015,0.000403401383664459,0.5126528143882751,0.40886685252189636,-0.005321709904819727,0.5053924918174744,0.3950704336166382,-0.016635697335004807,0.5010895133018494,0.41081586480140686,-0.011571867391467094,0.5376044511795044,0.4464743435382843,0.031208064407110214,0.5306205749511719,0.45754870772361755,0.026130447164177895,0.5138240456581116,0.4775561988353729,0.014577570371329784,0.5516088604927063,0.425308495759964,0.058482374995946884,0.5016154646873474,0.3331277072429657,-0.003191192401573062,0.49596381187438965,0.36141690611839294,-0.019773105159401894,0.5227752327919006,0.47499245405197144,0.0274087842553854,0.5586110353469849,0.38111355900764465,0.04700115695595741,0.5049523115158081,0.43196025490760803,-3.5731478419620544e-05,0.5062294006347656,0.4342205822467804,-0.0002994728565681726,0.5073996782302856,0.4372374415397644,-0.0008403312531299889,0.5084810853004456,0.4409017562866211,0.0005510514019988477,0.5137914419174194,0.4464750587940216,0.006258741021156311,0.5136393308639526,0.42752283811569214,0.004825549200177193,0.5145232677459717,0.42653435468673706,0.004764918703585863,0.5152693390846252,0.4255940914154053,0.004540948662906885,0.5244619250297546,0.41475051641464233,0.004905309993773699,0.5467015504837036,0.3884129822254181,0.014033430255949497,0.4945564568042755,0.35127919912338257,-0.015313834883272648,0.4951664209365845,0.3320125639438629,-0.0073230634443461895,0.4988555908203125,0.3313378691673279,-0.0047785141505301,0.5126769542694092,0.4285682439804077,0.005716861691325903,0.5488378405570984,0.40806448459625244,0.027309097349643707,0.49026814103126526,0.3343795835971832,-0.015574974939227104,0.5177702903747559,0.4533485770225525,0.010823632590472698,0.491163045167923,0.3586999773979187,-0.025084853172302246,0.5020291805267334,0.3741208016872406,-0.017582792788743973,0.5090548992156982,0.46118929982185364,0.007947339676320553,0.5293033123016357,0.4325556755065918,0.015468716621398926,0.5170986652374268,0.39140427112579346,-0.002187160076573491,0.5241506695747375,0.4437594413757324,0.013627950102090836,0.5321311950683594,0.38608524203300476,0.00040020683081820607,0.5242151618003845,0.39829015731811523,0.0005738924955949187,0.5389042496681213,0.3977689743041992,0.007903381250798702,0.5121029615402222,0.47027915716171265,0.009905408136546612,0.506069540977478,0.3770470917224884,-0.012143672443926334,0.5349677205085754,0.4378373920917511,0.022488901391625404,0.5281969308853149,0.4498547315597534,0.019772619009017944,0.5334408283233643,0.42061978578567505,0.01426113210618496,0.5536381006240845,0.39555540680885315,0.031283188611269,0.5414818525314331,0.41996151208877563,0.02051660045981407,0.5569279789924622,0.4001736342906952,0.047456637024879456,0.53035569190979,0.40687650442123413,0.005535274278372526,0.50043123960495,0.36536774039268494,-0.014220853336155415,0.5042012333869934,0.3937351107597351,-0.024682864546775818,0.5079519152641296,0.3934083580970764,-0.017177360132336617,0.500872790813446,0.3895218074321747,-0.029816297814249992,0.4987010061740875,0.32377129793167114,-0.010300732217729092,0.507985532283783,0.31592896580696106,-0.011885120533406734,0.5167017579078674,0.31252846121788025,-0.011229420080780983,0.5242258906364441,0.3121456205844879,-0.008176419883966446,0.5296456217765808,0.31432023644447327,-0.00381003157235682,0.535054624080658,0.32658398151397705,0.008020703680813313,0.5572198629379272,0.3415985107421875,0.04029594734311104,0.532269299030304,0.3397556245326996,0.004797215107828379,0.5266656279563904,0.34428346157073975,0.0012320218374952674,0.5184847116470337,0.3466914892196655,-0.001318282913416624,0.5104039907455444,0.34689512848854065,-0.0028188114520162344,0.5040327906608582,0.3458024561405182,-0.0036108798813074827,0.4995642900466919,0.3442988693714142,-0.004455992486327887,0.5569189786911011,0.33840247988700867,0.0646580383181572,0.5080074667930603,0.3948558568954468,-0.013732251711189747,0.4971697926521301,0.37053772807121277,-0.023400969803333282,0.500081479549408,0.3963911533355713,-0.02948085218667984,0.49751347303390503,0.40074145793914795,-0.026229750365018845,0.500285267829895,0.39718976616859436,-0.026221979409456253,0.5067856907844543,0.39730143547058105,-0.01112806610763073,0.496423602104187,0.4021855890750885,-0.02780313976109028,0.49589598178863525,0.4034017324447632,-0.01988501474261284,0.4983336925506592,0.3372965455055237,-0.002730004722252488,0.49571555852890015,0.3407036066055298,-0.006235321518033743,0.4943362772464752,0.3432539999485016,-0.0103471539914608,0.5251291990280151,0.3247587978839874,0.0008128120680339634,0.5290982723236084,0.3204799294471741,0.0008640235173515975,0.4493025839328766,0.3427181541919708,-0.002488036174327135,0.45595067739486694,0.34156733751296997,-0.002488036174327135,0.44852256774902344,0.3349691927433014,-0.002488036174327135,0.4426271319389343,0.3438432216644287,-0.002488036174327135,0.45003920793533325,0.3504681885242462,-0.002488036174327135,0.5133373737335205,0.32899513840675354,-0.0020579283591359854,0.5198463797569275,0.32725489139556885,-0.0020579283591359854,0.5121492147445679,0.3211266100406647,-0.0020579283591359854,0.5069060921669006,0.33058878779411316,-0.0020579283591359854,0.5145968794822693,0.3368711769580841,-0.0020579283591359854
2700.000000000001,0.4939826726913452,0.42686256766319275,-0.011412316933274269,0.4913036525249481,0.3998992145061493,-0.0326068289577961,0.4917758107185364,0.40573248267173767,-0.014643059112131596,0.4812335669994354,0.36990493535995483,-0.02868100069463253,0.4900280833244324,0.391132652759552,-0.03589734807610512,0.48803654313087463,0.37839341163635254,-0.03497747704386711,0.48288077116012573,0.3460181951522827,-0.023069508373737335,0.43680721521377563,0.34731635451316833,-0.00026072151376865804,0.4792413115501404,0.32260391116142273,-0.022393152117729187,0.4774473309516907,0.31034666299819946,-0.025864198803901672,0.4697723984718323,0.26025253534317017,-0.026410365477204323,0.49433860182762146,0.4298951327800751,-0.010057940147817135,0.49466949701309204,0.43278783559799194,-0.00761007983237505,0.49489569664001465,0.43466252088546753,-0.003802404273301363,0.4947707951068878,0.4347165822982788,-0.003024530131369829,0.4952567517757416,0.4382935166358948,-0.00281292712315917,0.4958023428916931,0.442462682723999,-0.0035053181927651167,0.4963865578174591,0.44686418771743774,-0.0018102871254086494,0.49877065420150757,0.45448654890060425,0.005345628131181002,0.4917430281639099,0.403582364320755,-0.028782464563846588,0.4852772057056427,0.40374046564102173,-0.02009083889424801,0.4038112163543701,0.31528720259666443,0.0221057441085577,0.455652117729187,0.35215216875076294,-0.0053125168196856976,0.44942551851272583,0.3541058897972107,-0.004988751374185085,0.4431626796722412,0.3551112115383148,-0.0034910649992525578,0.43430882692337036,0.35138940811157227,0.00117507204413414,0.460857629776001,0.349348783493042,-0.004618518054485321,0.4430292546749115,0.33097150921821594,-0.010611552745103836,0.45051753520965576,0.33048689365386963,-0.010473941452801228,0.4366269111633301,0.33367639780044556,-0.008424808271229267,0.4328165054321289,0.3375590443611145,-0.005629365332424641,0.4290805160999298,0.3587644696235657,0.005013710353523493,0.47871601581573486,0.4705149531364441,0.014343980699777603,0.4340299367904663,0.34556519985198975,0.0014548271428793669,0.40750426054000854,0.35586634278297424,0.03178606182336807,0.42066383361816406,0.3541732132434845,0.010111339390277863,0.45696181058883667,0.39312487840652466,-0.005068207159638405,0.48657774925231934,0.4269532859325409,-0.011089781299233437,0.48791372776031494,0.4337882399559021,-0.006959925405681133,0.47986164689064026,0.43014663457870483,-0.007397085428237915,0.4750998914241791,0.4325791895389557,-0.0025158009957522154,0.4820694327354431,0.4345642328262329,-0.004707370884716511,0.4773592948913574,0.4351401627063751,-0.00036912443465553224,0.46850261092185974,0.4432643949985504,0.009814588353037834,0.48611485958099365,0.4007837772369385,-0.03226509690284729,0.4841247797012329,0.39244508743286133,-0.03535907343029976,0.42262572050094604,0.33357515931129456,-0.005872269161045551,0.46645593643188477,0.3678269684314728,-0.009188205003738403,0.47051703929901123,0.3981359004974365,-0.017444010823965073,0.4693393409252167,0.3928571939468384,-0.016154468059539795,0.43696433305740356,0.3951384723186493,0.001900942181237042,0.48251569271087646,0.38050898909568787,-0.03322087600827217,0.4374294579029083,0.32264864444732666,-0.017637761309742928,0.4284878969192505,0.32686376571655273,-0.0125986747443676,0.40796566009521484,0.29902544617652893,0.007398110814392567,0.4669986963272095,0.32609695196151733,-0.021194742992520332,0.45732930302619934,0.3327341675758362,-0.008018254302442074,0.46247169375419617,0.4364315867424011,0.009668197482824326,0.42838966846466064,0.43390458822250366,0.06319577991962433,0.4757009744644165,0.4022062420845032,-0.014168358407914639,0.4810931384563446,0.40388545393943787,-0.01381346769630909,0.46866315603256226,0.43564242124557495,0.009060286916792393,0.47007349133491516,0.4357234537601471,0.0073798117227852345,0.4241863191127777,0.32155802845954895,-0.010626995004713535,0.47052425146102905,0.4010315239429474,-0.01331815030425787,0.4501727819442749,0.32195615768432617,-0.02062360756099224,0.4480934143066406,0.3147887885570526,-0.02324807643890381,0.4319513738155365,0.2737070322036743,-0.018972247838974,0.41502290964126587,0.309688001871109,-0.0031262196134775877,0.4394741654396057,0.2928737699985504,-0.021874146535992622,0.4180659353733063,0.3296899199485779,-0.0013251061318442225,0.4099852442741394,0.3227479159832001,0.009509964846074581,0.48716917634010315,0.4307361841201782,-0.009730112738907337,0.4809390902519226,0.4324760437011719,-0.006237776950001717,0.4761883616447449,0.43387067317962646,-0.001902871415950358,0.47724616527557373,0.40320396423339844,-0.012515667825937271,0.4693792164325714,0.43567848205566406,0.008160659112036228,0.4726261794567108,0.43798428773880005,0.005120673216879368,0.4708305299282074,0.4358063340187073,0.007214039098471403,0.4786842167377472,0.40041759610176086,-0.023561442270874977,0.47831764817237854,0.4361454248428345,0.001229732297360897,0.48305007815361023,0.4359990954399109,-0.001417245133779943,0.48862388730049133,0.43559321761131287,-0.003375269938260317,0.49069488048553467,0.45590731501579285,0.00534776970744133,0.4889949858188629,0.4478898048400879,-0.0017892697360366583,0.48857125639915466,0.4433518946170807,-0.0032890578731894493,0.48841938376426697,0.4391460716724396,-0.0024992586113512516,0.488521933555603,0.4357195496559143,-0.002599308267235756,0.4781893491744995,0.43626487255096436,0.0018452268559485674,0.4773443341255188,0.4379296898841858,0.0015790039906278253,0.4765084981918335,0.4402473270893097,0.001150219002738595,0.4759615361690521,0.442935049533844,0.0025606274139136076,0.46758022904396057,0.4232728183269501,-0.0020074567291885614,0.4128495156764984,0.39167988300323486,0.06466638296842575,0.4917786717414856,0.4046820402145386,-0.019783155992627144,0.47464659810066223,0.4360947608947754,0.0049469987861812115,0.4736287593841553,0.4369267523288727,0.00484603364020586,0.4836966097354889,0.40673238039016724,-0.01316390186548233,0.4730798900127411,0.4050520658493042,-0.007589968852698803,0.48244792222976685,0.40535375475883484,-0.01374860666692257,0.4604756832122803,0.3740016520023346,-0.006347449496388435,0.4507787227630615,0.38218510150909424,-0.0040271226316690445,0.46864059567451477,0.3962121903896332,-0.011993291787803173,0.4167022109031677,0.28498828411102295,-0.006941099651157856,0.4242013394832611,0.2993316650390625,-0.013279562816023827,0.4343658983707428,0.31581953167915344,-0.01787370629608631,0.47472262382507324,0.4487166404724121,0.007793603464961052,0.4635113477706909,0.31469061970710754,-0.02561088278889656,0.4554656744003296,0.28892096877098083,-0.026289254426956177,0.44910070300102234,0.26596876978874207,-0.025395045056939125,0.437715083360672,0.35425564646720886,-0.0010343738831579685,0.42253419756889343,0.3666711747646332,0.009229322895407677,0.4641205668449402,0.34685978293418884,-0.004024247173219919,0.4266732335090637,0.3425368666648865,-0.00033842894481495023,0.4701884090900421,0.3615915775299072,-0.012099419720470905,0.47406983375549316,0.3955632150173187,-0.024110637605190277,0.4166856110095978,0.3740732967853546,0.017185932025313377,0.4279347062110901,0.3725948631763458,0.004663707688450813,0.4368654489517212,0.374955415725708,-0.00040757731767371297,0.4492848217487335,0.3712974488735199,-0.002948699053376913,0.4580131471157074,0.36584824323654175,-0.0045454613864421844,0.46423104405403137,0.36063340306282043,-0.006720643490552902,0.4771967828273773,0.34936821460723877,-0.020603055134415627,0.4208870828151703,0.39277327060699463,0.018437625840306282,0.42112019658088684,0.3426748514175415,0.00197405437938869,0.4885224997997284,0.40404510498046875,-0.028560645878314972,0.4686072766780853,0.3772495687007904,-0.01032880786806345,0.40449926257133484,0.35245323181152344,0.052410755306482315,0.46881070733070374,0.3552883565425873,-0.008346072398126125,0.467846155166626,0.3959064483642578,-0.005498095881193876,0.4312741458415985,0.34675535559654236,0.0026847198605537415,0.47279879450798035,0.3890177309513092,-0.02250073477625847,0.4192146360874176,0.4126504957675934,0.06556849181652069,0.463498592376709,0.3436692953109741,-0.0031477450393140316,0.4774411618709564,0.38401561975479126,-0.02917429991066456,0.4480322003364563,0.4547329545021057,0.03368759900331497,0.4497249722480774,0.4624650180339813,0.04616697132587433,0.41439148783683777,0.39355963468551636,0.04164234921336174,0.43745073676109314,0.4444103538990021,0.03939289599657059,0.40819382667541504,0.337863564491272,0.02215360663831234,0.4787716567516327,0.47853249311447144,0.019621029496192932,0.4891704022884369,0.40495115518569946,-0.01945321261882782,0.46371200680732727,0.384428471326828,-0.00710002426058054,0.41512995958328247,0.3565584719181061,0.01641438715159893,0.4434075355529785,0.3489648401737213,-0.0035758328158408403,0.4488077759742737,0.34852683544158936,-0.004921508487313986,0.47181376814842224,0.4392843246459961,0.006317521911114454,0.4251993000507355,0.40987837314605713,0.02374686300754547,0.49115365743637085,0.48703497648239136,0.02318168804049492,0.47134682536125183,0.47893407940864563,0.0328211784362793,0.4618139863014221,0.47234153747558594,0.03858526051044464,0.4735660254955292,0.28479835391044617,-0.027093812823295593,0.5033593773841858,0.4855734705924988,0.02217126451432705,0.45397403836250305,0.34698420763015747,-0.005103487987071276,0.4589003026485443,0.34507715702056885,-0.004255578387528658,0.46210402250289917,0.34425386786460876,-0.003151813754811883,0.4159909188747406,0.34115931391716003,0.007918155752122402,0.4567474126815796,0.3386298418045044,-0.006418210454285145,0.4508343040943146,0.33718234300613403,-0.0078721409663558,0.44531670212745667,0.33774739503860474,-0.007739436812698841,0.4401056468486786,0.3399331867694855,-0.006122914142906666,0.4370599389076233,0.3424015939235687,-0.0038639081176370382,0.4027811288833618,0.33207547664642334,0.03831084817647934,0.43961799144744873,0.3483278453350067,-0.0017903116531670094,0.4927292466163635,0.4120761454105377,-0.012031872756779194,0.47301316261291504,0.4180465340614319,-0.006057559046894312,0.4756374955177307,0.40131619572639465,-0.01701870933175087,0.48435211181640625,0.414215624332428,-0.011638837866485119,0.4808580279350281,0.33351486921310425,-0.02039189822971821,0.4589049518108368,0.464325487613678,0.0298219732940197,0.4687005281448364,0.47145986557006836,0.025257913395762444,0.4902191758155823,0.48230648040771484,0.01483539305627346,0.4390324354171753,0.450547993183136,0.055459123104810715,0.46128904819488525,0.34156322479248047,-0.004588920157402754,0.47537800669670105,0.36509791016578674,-0.020318709313869476,0.5027614235877991,0.4805868864059448,0.01403855625540018,0.48094701766967773,0.48436909914016724,0.026772858574986458,0.4201261103153229,0.41232356429100037,0.04417699947953224,0.4829436242580414,0.43615373969078064,-0.0007005849620327353,0.4822854995727539,0.43888694047927856,-0.0008786324760876596,0.48196712136268616,0.4423198103904724,-0.001427092240191996,0.4820098876953125,0.44646602869033813,-5.221418177825399e-05,0.4820166826248169,0.4534403383731842,0.005725666414946318,0.4734916687011719,0.4354233145713806,0.003587129293009639,0.4723655879497528,0.4348538815975189,0.0034186244010925293,0.4714401960372925,0.4342220425605774,0.003105670679360628,0.46370819211006165,0.42956846952438354,0.0032954770140349865,0.4348735213279724,0.41418322920799255,0.011776424944400787,0.47369518876075745,0.35486677289009094,-0.015946904197335243,0.4678124785423279,0.33733561635017395,-0.008319742977619171,0.4637281894683838,0.33847928047180176,-0.006047180853784084,0.4747118651866913,0.43602558970451355,0.004547502379864454,0.4381176233291626,0.43342363834381104,0.02513454109430313,0.4735262989997864,0.33727532625198364,-0.016252845525741577,0.4800974130630493,0.46161940693855286,0.01038762740790844,0.48630571365356445,0.3675084710121155,-0.030730130150914192,0.4792647659778595,0.3602604568004608,-0.02539820410311222,0.4846763610839844,0.3572554588317871,-0.026816749945282936,0.4730909466743469,0.37997162342071533,-0.018187038600444794,0.5016539692878723,0.4728285074234009,0.009101171977818012,0.5001181960105896,0.46304547786712646,0.007431551348417997,0.49031803011894226,0.4646926820278168,0.008206572383642197,0.4634385108947754,0.44813790917396545,0.01401728205382824,0.4635068476200104,0.4036639630794525,-0.0031586904078722,0.4714052081108093,0.4559316337108612,0.012663262896239758,0.44822531938552856,0.4054313004016876,-0.0011819367064163089,0.4589906930923462,0.4134577214717865,-0.0007861577323637903,0.4450719952583313,0.41960370540618896,0.0060656419955194,0.4899377226829529,0.4745943546295166,0.01012278813868761,0.4699328541755676,0.3847687244415283,-0.012866559438407421,0.4593643248081207,0.4553780257701874,0.02101295255124569,0.46915486454963684,0.4632883369922638,0.018849404528737068,0.4564492404460907,0.43898773193359375,0.01250979769974947,0.4297895133495331,0.4237779378890991,0.028772566467523575,0.44852590560913086,0.4415578246116638,0.01862858608365059,0.4272686839103699,0.4292666018009186,0.04486251249909401,0.45578238368034363,0.4246602952480316,0.003903513541445136,0.47205135226249695,0.37097081542015076,-0.014970512129366398,0.4766106605529785,0.3994348347187042,-0.025120871141552925,0.4728701710700989,0.40095165371894836,-0.01765596866607666,0.4787648022174835,0.39392200112342834,-0.03011029213666916,0.4619385898113251,0.3312155306339264,-0.011611918918788433,0.4506451487541199,0.32772955298423767,-0.013628746382892132,0.44103795289993286,0.3282403349876404,-0.013359538279473782,0.43348607420921326,0.3312828540802002,-0.010622773319482803,0.4286361634731293,0.3359486758708954,-0.006446646060794592,0.4267001152038574,0.3503704071044922,0.005356231704354286,0.40999600291252136,0.37482979893684387,0.03703133761882782,0.43329107761383057,0.36208978295326233,0.002420068485662341,0.4403528571128845,0.36383962631225586,-0.0008642685133963823,0.44910556077957153,0.3621102273464203,-0.0030937837436795235,0.4569491744041443,0.35844412446022034,-0.004282653331756592,0.46286818385124207,0.35457730293273926,-0.004773161839693785,0.46686118841171265,0.35123470425605774,-0.005456383805721998,0.4082815945148468,0.3718080520629883,0.06054235249757767,0.4730980694293976,0.40246516466140747,-0.014187740162014961,0.47681814432144165,0.37428224086761475,-0.02385915443301201,0.48133373260498047,0.40003591775894165,-0.029664985835552216,0.4848499894142151,0.4029567837715149,-0.026222415268421173,0.4812564551830292,0.4008656442165375,-0.026413654908537865,0.4749467670917511,0.4042263329029083,-0.011449204757809639,0.4863756597042084,0.40378838777542114,-0.027741413563489914,0.48699554800987244,0.40476125478744507,-0.019749287515878677,0.46591776609420776,0.3439776599407196,-0.003819219069555402,0.46963074803352356,0.3460234999656677,-0.0071200779639184475,0.47187528014183044,0.34795060753822327,-0.01104879379272461,0.43533986806869507,0.3441745936870575,-0.0015213656006380916,0.4305519461631775,0.3418077826499939,-0.0016297149704769254,0.4916411340236664,0.3671831488609314,-0.0281563438475132,0.5236157178878784,0.32493913173675537,0.0032853391021490097,0.4973428249359131,0.4004145562648773,-0.019671283662319183,0.5420215725898743,0.2801577150821686,0.02841065265238285,0.508544921875,0.33864668011665344,-0.0029919263906776905,0.514666736125946,0.3373323678970337,-0.0021986509673297405,0.5204250812530518,0.33508601784706116,-0.00028535930323414505,0.5268179774284363,0.32730862498283386,0.004943539388477802,0.5031282901763916,0.3381953239440918,-0.0027958936989307404,0.5137672424316406,0.3126777410507202,-0.007687924429774284,0.5069666504859924,0.3154974579811096,-0.008157141506671906,0.520213782787323,0.31225183606147766,-0.005061828065663576,0.5245177745819092,0.314098596572876,-0.0020259206648916006,0.533596396446228,0.33175843954086304,0.009095490910112858,0.5217941403388977,0.45896127820014954,0.01594272069633007,0.5253890156745911,0.3218536674976349,0.0051948269829154015,0.5511226058006287,0.31928586959838867,0.037265948951244354,0.539719820022583,0.3239114582538605,0.014701182954013348,0.5195209383964539,0.37683364748954773,-0.0026916544884443283,0.5009644627571106,0.4234417676925659,-0.01051363255828619,0.5012177228927612,0.430541455745697,-0.0064262887462973595,0.5078588724136353,0.42334118485450745,-0.006172263994812965,0.5125073790550232,0.4235401451587677,-0.0008512361673638225,0.5067138671875,0.4286220669746399,-0.0036956139374524355,0.5109719634056091,0.42706459760665894,0.0010375204728916287,0.5231569409370422,0.4286155104637146,0.011879962868988514,0.4962635040283203,0.398068904876709,-0.03192722052335739,0.49584856629371643,0.3893154263496399,-0.034972429275512695,0.532572865486145,0.3063330054283142,-0.001568062580190599,0.5033547878265381,0.3582252860069275,-0.00757395988330245,0.5091760754585266,0.3880143165588379,-0.015939559787511826,0.5085984468460083,0.3825594484806061,-0.014618088491261005,0.5379334688186646,0.36899080872535706,0.005770900286734104,0.49365514516830444,0.3775363266468048,-0.032719697803258896,0.5168584585189819,0.302761048078537,-0.014571277424693108,0.52577143907547,0.3027384579181671,-0.008846198208630085,0.5345946550369263,0.2669459283351898,0.013041697442531586,0.4914705455303192,0.31875959038734436,-0.020164156332612038,0.5014681220054626,0.320724755525589,-0.006157577503472567,0.5268939733505249,0.4193390905857086,0.012226241640746593,0.5544711947441101,0.40193602442741394,0.06924434751272202,0.5053884983062744,0.39439767599105835,-0.013058925047516823,0.5009980201721191,0.39860042929649353,-0.013241194188594818,0.5185468196868896,0.4238238036632538,0.011270568706095219,0.5173044204711914,0.42449989914894104,0.00931925792247057,0.5281660556793213,0.29625648260116577,-0.0066584208980202675,0.5097072124481201,0.3907625675201416,-0.01184872630983591,0.5054249167442322,0.3073250949382782,-0.01855240762233734,0.5053898692131042,0.3001236021518707,-0.021090546622872353,0.5076515674591064,0.2546346187591553,-0.015804335474967957,0.5322054624557495,0.2798263430595398,0.0012496603885665536,0.5067195892333984,0.2757384479045868,-0.019409071654081345,0.5354857444763184,0.3011031746864319,0.0032514194026589394,0.5397586822509766,0.2897472381591797,0.01443956233561039,0.5012460947036743,0.42731526494026184,-0.009160388261079788,0.5073427557945251,0.42610880732536316,-0.005125580355525017,0.511802613735199,0.42528364062309265,-0.0003979222965426743,0.5041935443878174,0.39611151814460754,-0.01160013023763895,0.5179049372673035,0.42416906356811523,0.010202381759881973,0.5155375599861145,0.4274873435497284,0.006812561769038439,0.5166105031967163,0.42491400241851807,0.009114491753280163,0.5025196075439453,0.39411163330078125,-0.022511327639222145,0.5102527737617493,0.42844563722610474,0.002557791769504547,0.5060679912567139,0.4304162263870239,-0.00043116832966916263,0.5009680986404419,0.43256446719169617,-0.0028276427183300257,0.5066537857055664,0.45164239406585693,0.00584512809291482,0.5035296678543091,0.4440319836139679,-0.0012427085312083364,0.5026849508285522,0.43965059518814087,-0.002703495789319277,0.5017930865287781,0.43570563197135925,-0.0019209946040064096,0.5008498430252075,0.432592511177063,-0.0020522321574389935,0.5102260708808899,0.42837652564048767,0.0031716173980385065,0.5114362835884094,0.4294264614582062,0.002903697779402137,0.5127137899398804,0.4310579001903534,0.0025268658064305782,0.5138291716575623,0.43317246437072754,0.004025873728096485,0.5187394022941589,0.40983080863952637,-5.439422602648847e-05,0.5553380250930786,0.35544249415397644,0.07123744487762451,0.5132983922958374,0.4267311692237854,0.006590753793716431,0.5144145488739014,0.42700788378715515,0.0064859953708946705,0.4995114505290985,0.4025879502296448,-0.012610784731805325,0.5083696246147156,0.3958105146884918,-0.006419294513761997,0.5002179145812988,0.40068015456199646,-0.013187142089009285,0.5104333162307739,0.36104777455329895,-0.004233264364302158,0.5217660665512085,0.3637887239456177,-0.0012510623782873154,0.5099990367889404,0.38538628816604614,-0.010398924350738525,0.523789644241333,0.25793907046318054,-0.002352870535105467,0.5216970443725586,0.2745499014854431,-0.009736060164868832,0.51779705286026,0.29532113671302795,-0.01469176821410656,0.5191834568977356,0.43675506114959717,0.009485280141234398,0.49147382378578186,0.3069145679473877,-0.024521561339497566,0.4913429915904999,0.2797349989414215,-0.024975547567009926,0.49030953645706177,0.2555798888206482,-0.023777514696121216,0.5247882604598999,0.33169788122177124,0.002525477670133114,0.5417293310165405,0.33596694469451904,0.013750510290265083,0.49950742721557617,0.3371789753437042,-0.002396402880549431,0.5312753319740295,0.316008061170578,0.0037954109720885754,0.4983941614627838,0.3542327880859375,-0.010814989916980267,0.5054932236671448,0.38731759786605835,-0.022865884006023407,0.5490883588790894,0.3401186168193817,0.022273831069469452,0.5386199951171875,0.3438297510147095,0.008942530490458012,0.5315345525741577,0.3501044809818268,0.0032373566646128893,0.5196166634559631,0.35264647006988525,-0.00015853157674428076,0.5103300213813782,0.35166656970977783,-0.0023922952823340893,0.5033518671989441,0.34976091980934143,-0.005057452712208033,0.4889734387397766,0.34629613161087036,-0.020074747502803802,0.5509661436080933,0.359407901763916,0.023514781147241592,0.5363005995750427,0.3137766420841217,0.0065146745182573795,0.4948292672634125,0.4023066461086273,-0.02828345075249672,0.5043306350708008,0.36792129278182983,-0.008770670741796494,0.5513516068458557,0.3150387406349182,0.059169452637434006,0.49787718057632446,0.3468938171863556,-0.007052226457744837,0.5103034973144531,0.3847808837890625,-0.003897220827639103,0.5281636118888855,0.3216421604156494,0.006602482404559851,0.5045706033706665,0.38066330552101135,-0.021220779046416283,0.5560400485992432,0.3778614401817322,0.07196661084890366,0.4989110231399536,0.33397960662841797,-0.0014526231680065393,0.4991634488105774,0.37825265526771545,-0.028276484459638596,0.5446656942367554,0.42989861965179443,0.03740838170051575,0.5447907447814941,0.4380633234977722,0.05075965076684952,0.5559912919998169,0.35741811990737915,0.047132331877946854,0.5509188175201416,0.41552674770355225,0.0438026525080204,0.5453773736953735,0.3029220700263977,0.02739804796874523,0.5239120125770569,0.4664631485939026,0.02138444595038891,0.4942260980606079,0.403560996055603,-0.019274478778243065,0.5106741786003113,0.37219861149787903,-0.0052131302654743195,0.5454094409942627,0.3237335681915283,0.021420201286673546,0.5185552835464478,0.32988837361335754,-0.0004421560443006456,0.5137003660202026,0.332252562046051,-0.002157828537747264,0.5166070461273193,0.4282722473144531,0.008137388154864311,0.5520550608634949,0.3774517774581909,0.02866789512336254,0.5149440169334412,0.48057955503463745,0.024341179057955742,0.5303412675857544,0.46316611766815186,0.03574516624212265,0.5370241403579712,0.4526384174823761,0.04230267181992531,0.5086232423782349,0.3333517611026764,-0.002757048700004816,0.5036414265632629,0.3336862623691559,-0.0022509607952088118,0.5004883408546448,0.3341158628463745,-0.0013389383675530553,0.5402666330337524,0.310312420129776,0.01277017593383789,0.5031723976135254,0.3258841335773468,-0.004306238144636154,0.5079289078712463,0.3218047320842743,-0.005416435189545155,0.5131885409355164,0.31980815529823303,-0.004910789895802736,0.5184593796730042,0.3194638788700104,-0.002911472925916314,0.5218318700790405,0.3203074038028717,-0.00042447043233551085,0.5472457408905029,0.29523739218711853,0.04495589807629585,0.521583080291748,0.32732123136520386,0.0016030556289479136,0.5124308466911316,0.40769296884536743,-0.004520426504313946,0.505304753780365,0.3935414254665375,-0.0159454345703125,0.5012542009353638,0.40981611609458923,-0.010994871146976948,0.537557065486908,0.443827360868454,0.032825831323862076,0.5309112668037415,0.45508652925491333,0.02761594019830227,0.5146884322166443,0.4757132828235626,0.01576472818851471,0.5504290461540222,0.4221877157688141,0.06088732182979584,0.5001862049102783,0.33083900809288025,-0.0027124937623739243,0.4952283501625061,0.35990670323371887,-0.019439872354269028,0.5233818888664246,0.472855806350708,0.028910066932439804,0.5563818216323853,0.3777003288269043,0.049485091120004654,0.5060131549835205,0.43038785457611084,0.0002977220283355564,0.5072815418243408,0.4325021505355835,0.00015251024160534143,0.5084169507026672,0.4354214370250702,-0.0003693910548463464,0.5094775557518005,0.4391233026981354,0.0010430715046823025,0.51390141248703,0.4447890520095825,0.0069472528994083405,0.5143285989761353,0.4256623089313507,0.005298625212162733,0.5152119994163513,0.42459240555763245,0.005289784632623196,0.5159367918968201,0.4235801696777344,0.005133091472089291,0.5239403247833252,0.4136691391468048,0.005718853324651718,0.545216977596283,0.3857824206352234,0.015931693837046623,0.4935056269168854,0.349734902381897,-0.015046486631035805,0.4936813414096832,0.32991254329681396,-0.007185686379671097,0.4973703920841217,0.32908326387405396,-0.0044470555149018764,0.5133374333381653,0.42678582668304443,0.006228047888725996,0.5476222634315491,0.4053134620189667,0.0293095875531435,0.4888564348220825,0.33246833086013794,-0.015561851672828197,0.5180295705795288,0.45143982768058777,0.011754435487091541,0.49048084020614624,0.357303261756897,-0.02494385465979576,0.5014706254005432,0.3725734055042267,-0.017019808292388916,0.5096182823181152,0.4594862461090088,0.008832655847072601,0.5291388630867004,0.4307815432548523,0.016437197104096413,0.5164350867271423,0.3897325098514557,-0.001196023658849299,0.5241789817810059,0.4418479800224304,0.01453782245516777,0.5310827493667603,0.3839077651500702,0.001836071372963488,0.5235685706138611,0.3965323269367218,0.0016298061236739159,0.537869393825531,0.39551249146461487,0.009461869485676289,0.5128461718559265,0.4684433937072754,0.010950005613267422,0.5054047107696533,0.37548038363456726,-0.01143263466656208,0.5348461866378784,0.435523122549057,0.023826511576771736,0.5283786654472351,0.4476059675216675,0.02100226655602455,0.5330347418785095,0.4189559817314148,0.015471786260604858,0.5519901514053345,0.3925701975822449,0.033483993262052536,0.5408427119255066,0.4176146686077118,0.022086968645453453,0.5551778674125671,0.39684903621673584,0.049930501729249954,0.5297048091888428,0.40528959035873413,0.006687476299703121,0.4996247887611389,0.3637879192829132,-0.013705399818718433,0.5042313933372498,0.3921722173690796,-0.02398337610065937,0.5078176259994507,0.391812264919281,-0.01638789288699627,0.5009467005729675,0.388037770986557,-0.029233435168862343,0.49706992506980896,0.3212066888809204,-0.010074138641357422,0.5062451362609863,0.31290051341056824,-0.011395919136703014,0.5149572491645813,0.3092443645000458,-0.010453471913933754,0.5224668979644775,0.30873265862464905,-0.007111825980246067,0.5278563499450684,0.3108550012111664,-0.0025245388969779015,0.5333215594291687,0.32315534353256226,0.009545768611133099,0.5543786287307739,0.337989866733551,0.04265034571290016,0.5308751463890076,0.33672359585762024,0.006256652995944023,0.5253674983978271,0.341612309217453,0.0024809997994452715,0.5172420740127563,0.3442448377609253,-0.00031550420681014657,0.509169340133667,0.34464991092681885,-0.002065856009721756,0.5028138756752014,0.343757301568985,-0.0030872162897139788,0.49835050106048584,0.342405766248703,-0.004071863833814859,0.5534904599189758,0.3348166346549988,0.06726116687059402,0.5078040361404419,0.3933413326740265,-0.012937849387526512,0.4967000186443329,0.3690614104270935,-0.02296176552772522,0.5002509355545044,0.3949722349643707,-0.028940679505467415,0.49768510460853577,0.3994734585285187,-0.025784270837903023,0.5003945231437683,0.3957892060279846,-0.025669870898127556,0.5065482258796692,0.3959008753299713,-0.01039111614227295,0.49666622281074524,0.4009682834148407,-0.027382973581552505,0.4960734248161316,0.4022464156150818,-0.019463222473859787,0.4970042109489441,0.33523112535476685,-0.002391733229160309,0.49443310499191284,0.33885571360588074,-0.006011683493852615,0.49313846230506897,0.3415564298629761,-0.010152064263820648,0.5238302946090698,0.3211471736431122,0.002050903392955661,0.5275344252586365,0.316877543926239,0.0021844382863491774,0.4468346834182739,0.3435100317001343,-0.003929941914975643,0.45413467288017273,0.3420169949531555,-0.003929941914975643,0.4458874762058258,0.33522307872772217,-0.003929941914975643,0.43956252932548523,0.34498360753059387,-0.003929941914975643,0.4477539360523224,0.35176965594291687,-0.003929941914975643,0.5122668743133545,0.3259023129940033,-0.001184208202175796,0.5190204381942749,0.3237628936767578,-0.001184208202175796,0.5107589364051819,0.31781697273254395,-0.001184208202175796,0.5055232644081116,0.3279738128185272,-0.001184208202175796,0.5138359069824219,0.3340001106262207,-0.001184208202175796
2733.3333333333344,0.49692752957344055,0.4260997772216797,-0.010802649892866611,0.494599848985672,0.39879095554351807,-0.032016854733228683,0.4947994351387024,0.4048088788986206,-0.01409031543880701,0.4840027987957001,0.36914539337158203,-0.028650011867284775,0.4932396113872528,0.390004426240921,-0.035373423248529434,0.490978866815567,0.37733420729637146,-0.03457926958799362,0.48497769236564636,0.3452354371547699,-0.023235078901052475,0.437506765127182,0.3481946587562561,-0.0019779130816459656,0.4807738661766052,0.32204073667526245,-0.022942401468753815,0.4787517488002777,0.3097524046897888,-0.026615476235747337,0.46980521082878113,0.259091854095459,-0.027653660625219345,0.4972856044769287,0.4288966655731201,-0.009423434734344482,0.4976094961166382,0.43154090642929077,-0.006948341149836779,0.49781540036201477,0.43325817584991455,-0.003110109828412533,0.4976879358291626,0.43323683738708496,-0.002821530681103468,0.4982430636882782,0.43670588731765747,-0.00255278660915792,0.49886295199394226,0.4408126473426819,-0.0032025454565882683,0.4995023310184479,0.4451417922973633,-0.0015207494143396616,0.5019277334213257,0.45212504267692566,0.0057150861248373985,0.4949648082256317,0.40252357721328735,-0.028183093294501305,0.48850858211517334,0.40293824672698975,-0.01970682106912136,0.40385526418685913,0.3176373839378357,0.019285006448626518,0.45716866850852966,0.3522813618183136,-0.006455161143094301,0.4507690966129303,0.35459190607070923,-0.006290567573159933,0.4443502128124237,0.3559122383594513,-0.004962938372045755,0.4352017641067505,0.3523966073989868,-0.0005735619924962521,0.462488055229187,0.3491361737251282,-0.005623596720397472,0.44382262229919434,0.33108341693878174,-0.012193885631859303,0.4515898823738098,0.3303487002849579,-0.01186300627887249,0.4372008144855499,0.3340386748313904,-0.010144274681806564,0.43332189321517944,0.3381284773349762,-0.007430756464600563,0.43027687072753906,0.3602142035961151,0.0032122409902513027,0.4823462963104248,0.4703747630119324,0.014020449481904507,0.43467146158218384,0.34641122817993164,-0.0003610863641370088,0.40866196155548096,0.3585979640483856,0.029216881841421127,0.4219056963920593,0.3558105230331421,0.008006998337805271,0.459907591342926,0.39375409483909607,-0.005712245125323534,0.4895276427268982,0.4263857901096344,-0.010705295018851757,0.4908153712749481,0.4326702654361725,-0.006520629394799471,0.4828457236289978,0.42958760261535645,-0.007288534194231033,0.47805389761924744,0.432009756565094,-0.0027120071463286877,0.48494669795036316,0.43358179926872253,-0.004525923635810614,0.4801888167858124,0.4342893362045288,-0.0004360971215646714,0.471919447183609,0.4429911971092224,0.009225183166563511,0.48949337005615234,0.3998544216156006,-0.031801480799913406,0.4874696135520935,0.3915286362171173,-0.03497753664851189,0.423078328371048,0.3344287872314453,-0.008099162951111794,0.4688338041305542,0.36798352003097534,-0.009767216630280018,0.4739247262477875,0.3979085087776184,-0.017529509961605072,0.4726492762565613,0.3927227854728699,-0.016310688108205795,0.4397096633911133,0.3968101441860199,0.0005971756181679666,0.4855715334415436,0.3796619176864624,-0.03301040083169937,0.4377579092979431,0.32274702191352844,-0.019507383927702904,0.42876195907592773,0.3273424506187439,-0.01473541185259819,0.40802308917045593,0.3008807301521301,0.00462199654430151,0.4682541489601135,0.3249204754829407,-0.022196920588612556,0.45867785811424255,0.332375705242157,-0.009220208041369915,0.4657943844795227,0.43663299083709717,0.008872058242559433,0.4300174415111542,0.4369838833808899,0.061842985451221466,0.4790426790714264,0.4017640948295593,-0.014088745228946209,0.4843808710575104,0.4032585620880127,-0.013506012968719006,0.4713686406612396,0.4350484609603882,0.008433077484369278,0.472728431224823,0.43509259819984436,0.006881698500365019,0.4244332015514374,0.3222672939300537,-0.01293104700744152,0.4739077389240265,0.40083569288253784,-0.013379695825278759,0.45074427127838135,0.3214628994464874,-0.02209877222776413,0.4485020339488983,0.31447669863700867,-0.024813367053866386,0.43211764097213745,0.27408504486083984,-0.02116011641919613,0.41588300466537476,0.31147295236587524,-0.005781989544630051,0.44046103954315186,0.29338139295578003,-0.023859698325395584,0.4185783267021179,0.3308798670768738,-0.0037557354662567377,0.41074180603027344,0.32493317127227783,0.006753683090209961,0.4901021122932434,0.4298863410949707,-0.009327679872512817,0.4838789701461792,0.4317016005516052,-0.006099756341427565,0.47908398509025574,0.4331619441509247,-0.0020261984318494797,0.48057305812835693,0.40271857380867004,-0.012378688901662827,0.4720628559589386,0.43506503105163574,0.007611612323671579,0.4754742383956909,0.4371822476387024,0.004671852570027113,0.47346824407577515,0.4351502060890198,0.006732883397489786,0.4819973111152649,0.3998090922832489,-0.023423247039318085,0.48108887672424316,0.43518152832984924,0.0012334592174738646,0.48588114976882935,0.4348602592945099,-0.0011734126601368189,0.4914928078651428,0.43430906534194946,-0.002911902731284499,0.49414941668510437,0.4539012908935547,0.005491955671459436,0.4922003149986267,0.44634488224983215,-0.0017168978229165077,0.4916919469833374,0.44188180565834045,-0.003240022575482726,0.4914305508136749,0.4377274811267853,-0.002480297116562724,0.49142947793006897,0.43436965346336365,-0.0026141980197280645,0.48100805282592773,0.43527883291244507,0.001510521280579269,0.4802434742450714,0.4369357228279114,0.0012712591560557485,0.4795014560222626,0.43923813104629517,0.0008464631391689181,0.47903549671173096,0.4418944716453552,0.0022228152956813574,0.47106847167015076,0.4232475161552429,-0.00232268706895411,0.41386157274246216,0.3949246406555176,0.06262413412332535,0.4948972761631012,0.4036889672279358,-0.01923183724284172,0.47739648818969727,0.4352721869945526,0.004495192319154739,0.47642654180526733,0.43611758947372437,0.004419766832143068,0.4869956076145172,0.40605616569519043,-0.012815004214644432,0.47644248604774475,0.4047728478908539,-0.007533869706094265,0.48574522137641907,0.4047060012817383,-0.01341578084975481,0.4629501700401306,0.3744780421257019,-0.007073813583701849,0.45339807868003845,0.3831283748149872,-0.004983920603990555,0.47193822264671326,0.39613956212997437,-0.012161299586296082,0.41682642698287964,0.28620949387550354,-0.009500136598944664,0.4251447319984436,0.30061522126197815,-0.01566396839916706,0.4345642626285553,0.3161349892616272,-0.019892804324626923,0.47823697328567505,0.4479637145996094,0.007390512619167566,0.46443310379981995,0.31370019912719727,-0.026782138273119926,0.45636290311813354,0.28865519165992737,-0.02784409187734127,0.4492402970790863,0.26557624340057373,-0.027122467756271362,0.43873170018196106,0.35523635149002075,-0.0026619290001690388,0.42400482296943665,0.36854517459869385,0.007321423385292292,0.46579480171203613,0.3463975787162781,-0.004996234085410833,0.42737871408462524,0.3434757590293884,-0.002362855477258563,0.47249144315719604,0.36152252554893494,-0.012609030120074749,0.47744911909103394,0.3951447308063507,-0.024073747918009758,0.41866862773895264,0.3765053153038025,0.01509936060756445,0.42939651012420654,0.3743729591369629,0.0029739958699792624,0.4384169578552246,0.3763810396194458,-0.0018030040664598346,0.45103004574775696,0.372039258480072,-0.004041404463350773,0.4598769247531891,0.3660358190536499,-0.0054250783286988735,0.4661554992198944,0.3604346215724945,-0.007445361465215683,0.47939029335975647,0.3488505482673645,-0.020977599546313286,0.42325931787490845,0.39525893330574036,0.016555869951844215,0.42195647954940796,0.34394362568855286,-0.00023610306379850954,0.4918329119682312,0.4030880033969879,-0.028060443699359894,0.47133609652519226,0.37727394700050354,-0.010718691162765026,0.40491920709609985,0.3555029630661011,0.049880530685186386,0.4707415997982025,0.35479170083999634,-0.00900238286703825,0.47102972865104675,0.39592477679252625,-0.005726860836148262,0.4319925308227539,0.3476850986480713,0.0007969008293002844,0.4760505259037018,0.3886944651603699,-0.022543514147400856,0.4205816984176636,0.41592878103256226,0.06384872645139694,0.46513494849205017,0.3431459665298462,-0.004221117123961449,0.480597585439682,0.3834306001663208,-0.029093312099575996,0.4507835805416107,0.45686134696006775,0.03259626030921936,0.4521416127681732,0.4647039771080017,0.04540587589144707,0.41623741388320923,0.396551251411438,0.039506372064352036,0.43984708189964294,0.44700926542282104,0.038078535348176956,0.4090711772441864,0.3402981758117676,0.019456490874290466,0.48243987560272217,0.47858914732933044,0.01934632658958435,0.4923614263534546,0.404026597738266,-0.018961496651172638,0.4665324091911316,0.3847177028656006,-0.007571112364530563,0.41669225692749023,0.3584992587566376,0.014130549505352974,0.44435685873031616,0.34970080852508545,-0.00509680574759841,0.44998452067375183,0.349006325006485,-0.006301050540059805,0.47472232580184937,0.43847739696502686,0.005832075607031584,0.4277065396308899,0.4124395251274109,0.022074289619922638,0.4947971701622009,0.48622915148735046,0.023360224440693855,0.4746452271938324,0.47968387603759766,0.032480716705322266,0.4647488594055176,0.47383683919906616,0.038026370108127594,0.4742669463157654,0.28380876779556274,-0.028156926855444908,0.5067835450172424,0.484139621257782,0.02267148159444332,0.4553377032279968,0.3471682667732239,-0.006345361936837435,0.4603860080242157,0.344936341047287,-0.0054048774763941765,0.46369028091430664,0.34385740756988525,-0.0042690737172961235,0.4170570969581604,0.3427640199661255,0.005516190081834793,0.45818665623664856,0.33850741386413574,-0.007668646983802319,0.45204901695251465,0.33739200234413147,-0.009244243614375591,0.4463261365890503,0.3382036089897156,-0.009259493090212345,0.44093629717826843,0.3405768871307373,-0.007769967429339886,0.4377848505973816,0.3431486189365387,-0.005581580102443695,0.4029436707496643,0.334794819355011,0.035587430000305176,0.44040873646736145,0.34917697310447693,-0.0034225729759782553,0.4958072304725647,0.41117972135543823,-0.011453832499682903,0.4765443801879883,0.4177464246749878,-0.0060889930464327335,0.4789840579032898,0.40084999799728394,-0.016942471265792847,0.48775073885917664,0.41354089975357056,-0.011314313858747482,0.4826132357120514,0.3328591585159302,-0.020763901993632317,0.46202370524406433,0.465808629989624,0.028988972306251526,0.47206324338912964,0.47233161330223083,0.024706745520234108,0.493995726108551,0.48151111602783203,0.014893890358507633,0.44099119305610657,0.45324474573135376,0.05448214337229729,0.46286025643348694,0.3411630094051361,-0.0057458775117993355,0.47793638706207275,0.36466190218925476,-0.02056840993463993,0.5063222050666809,0.47914719581604004,0.014474760740995407,0.4845345914363861,0.484319806098938,0.02665538899600506,0.4221693277359009,0.41534659266471863,0.042319346219301224,0.4858219623565674,0.4349672496318817,-0.0008925342699512839,0.4852721691131592,0.43767738342285156,-0.001058882218785584,0.4850636422634125,0.44107332825660706,-0.001604730263352394,0.4852083623409271,0.44514337182044983,-0.00022828920918982476,0.4855903387069702,0.45203471183776855,0.005547365639358759,0.4762399196624756,0.4346899688243866,0.0032765925861895084,0.47516557574272156,0.4341975748538971,0.0030151556711643934,0.4742935001850128,0.4336499273777008,0.0026382808573544025,0.46709495782852173,0.42971357703208923,0.002652734750881791,0.4376666843891144,0.4162457287311554,0.010419095866382122,0.4759262502193451,0.3545556366443634,-0.01639026775956154,0.4695107340812683,0.3365718424320221,-0.009180205874145031,0.4653582274913788,0.33790323138237,-0.007120497524738312,0.47742414474487305,0.4352082312107086,0.004294576123356819,0.4407796859741211,0.4356699585914612,0.023816894739866257,0.4752795696258545,0.33619531989097595,-0.016887884587049484,0.4836656451225281,0.46103158593177795,0.010156440548598766,0.4889666736125946,0.366528183221817,-0.030513087287545204,0.48176953196525574,0.359599232673645,-0.025554919615387917,0.48707568645477295,0.3563465476036072,-0.026809431612491608,0.47601616382598877,0.3797045648097992,-0.01834419183433056,0.5051807165145874,0.4713057577610016,0.009408374316990376,0.5034754276275635,0.4611796438694,0.007707661483436823,0.49387240409851074,0.4633313715457916,0.008211899548768997,0.46680399775505066,0.44865962862968445,0.013257973827421665,0.46672922372817993,0.4039265215396881,-0.0035321053583174944,0.47490251064300537,0.45599058270454407,0.012169243767857552,0.4512242078781128,0.40656164288520813,-0.0020733431447297335,0.46222034096717834,0.41398829221725464,-0.0013488575350493193,0.44803935289382935,0.42110028862953186,0.004990624263882637,0.4936581552028656,0.47365906834602356,0.010074407793581486,0.47292259335517883,0.38470718264579773,-0.013106909580528736,0.4626123905181885,0.4564969837665558,0.02015935815870762,0.472590833902359,0.4638652205467224,0.018283775076270103,0.45968589186668396,0.43990400433540344,0.011547104455530643,0.43229448795318604,0.42635151743888855,0.02725628763437271,0.4515279233455658,0.44321882724761963,0.017513245344161987,0.4294208288192749,0.43218547105789185,0.043265584856271744,0.45895978808403015,0.42545583844184875,0.0031027202494442463,0.47467294335365295,0.3707646131515503,-0.01529417559504509,0.47997838258743286,0.39889755845069885,-0.025017712265253067,0.476275235414505,0.40061506628990173,-0.017625678330659866,0.48213472962379456,0.3932556211948395,-0.029928432777523994,0.46330511569976807,0.33047863841056824,-0.01271728239953518,0.45152220129966736,0.32738688588142395,-0.015070087276399136,0.4415918290615082,0.32828640937805176,-0.01506157498806715,0.4338909089565277,0.3316503167152405,-0.01251547783613205,0.42908328771591187,0.33658891916275024,-0.0084639061242342,0.4276919662952423,0.35160550475120544,0.0033928900957107544,0.4115177094936371,0.3777368366718292,0.0346456877887249,0.4345017075538635,0.3634147047996521,0.0007707952754572034,0.44172748923301697,0.36492279171943665,-0.0022940265480428934,0.4506492614746094,0.3627234399318695,-0.004289999138563871,0.45864853262901306,0.3585883378982544,-0.005275290925055742,0.4646664559841156,0.354356974363327,-0.005621255375444889,0.4687301516532898,0.35076603293418884,-0.006228895857930183,0.4089582860469818,0.3749949038028717,0.05822692811489105,0.47648385167121887,0.4021531045436859,-0.014157244004309177,0.4796545207500458,0.3737674355506897,-0.023944782093167305,0.48472860455513,0.3992961347103119,-0.029371511191129684,0.48813310265541077,0.402149498462677,-0.025810107588768005,0.48457175493240356,0.40016618371009827,-0.02613978274166584,0.47830480337142944,0.4038518965244293,-0.011345337145030499,0.4896906018257141,0.4029098153114319,-0.02727687917649746,0.4902207851409912,0.40390726923942566,-0.019312506541609764,0.46763676404953003,0.34334796667099,-0.004756013862788677,0.47151944041252136,0.34533384442329407,-0.007860483601689339,0.4737842082977295,0.34718260169029236,-0.011655788868665695,0.4360063374042511,0.3449728786945343,-0.0032855162862688303,0.43111711740493774,0.34257304668426514,-0.003498209174722433,0.49419650435447693,0.3660503029823303,-0.02776266448199749,0.523373544216156,0.3226880729198456,0.004278554581105709,0.5001089572906494,0.39929306507110596,-0.019007405266165733,0.5410707592964172,0.27755317091941833,0.029190413653850555,0.5091902613639832,0.3364937901496887,-0.0023811233695596457,0.5151637196540833,0.33508482575416565,-0.0014064816059544683,0.5207913517951965,0.33281463384628296,0.0006512350519187748,0.5266366004943848,0.3251763880252838,0.006057319696992636,0.503869354724884,0.336245596408844,-0.0023989707697182894,0.5141459107398987,0.3115687668323517,-0.0070421695709228516,0.5075677633285522,0.31441304087638855,-0.0077761197462677956,0.5203178524971008,0.31093934178352356,-0.0042319754138588905,0.5244053602218628,0.3124998211860657,-0.0010894888546317816,0.5336159467697144,0.32936331629753113,0.010367942973971367,0.5246398448944092,0.457040011882782,0.016879679635167122,0.5250208377838135,0.3198891580104828,0.006221020128577948,0.5505599975585938,0.3167606294155121,0.03883855789899826,0.5394482016563416,0.3211582899093628,0.0160184558480978,0.5212728381156921,0.3753490746021271,-0.001594049041159451,0.5037321448326111,0.42250725626945496,-0.009715352207422256,0.5040131211280823,0.4290837049484253,-0.005590371321886778,0.5103682279586792,0.42211276292800903,-0.005201742984354496,0.5148752331733704,0.42211979627609253,0.00014782813377678394,0.5093179941177368,0.42704808712005615,-0.0027576975990086794,0.5134376883506775,0.42544588446617126,0.0019865105859935284,0.5251641869544983,0.42681580781936646,0.012890180572867393,0.49939286708831787,0.396812379360199,-0.031234189867973328,0.4988992214202881,0.3880307674407959,-0.03431365266442299,0.5324090719223022,0.3039357662200928,-0.0005149610806256533,0.5050643086433411,0.3570893704891205,-0.007031463552266359,0.5113134384155273,0.38674119114875793,-0.015005712397396564,0.5105982422828674,0.3813433051109314,-0.013731132261455059,0.5392825603485107,0.3670128285884857,0.007403095252811909,0.496444970369339,0.37631887197494507,-0.032159801572561264,0.517322838306427,0.30123716592788696,-0.014045855030417442,0.5259125828742981,0.30077338218688965,-0.008044186979532242,0.5337042212486267,0.2642527222633362,0.013516428880393505,0.4926985502243042,0.3184368908405304,-0.020323442295193672,0.5021952986717224,0.31947916746139526,-0.005931622348725796,0.5288219451904297,0.4176933467388153,0.013397381640970707,0.5545211434364319,0.399851530790329,0.07120595872402191,0.5076494812965393,0.393233060836792,-0.012239677831530571,0.5034416317939758,0.39752674102783203,-0.012557956390082836,0.5207799673080444,0.4222024381160736,0.012310906313359737,0.5196070075035095,0.4228801429271698,0.010267846286296844,0.5280575156211853,0.29377269744873047,-0.005888729356229305,0.511720597743988,0.3895711898803711,-0.010912503115832806,0.5062061548233032,0.3064533472061157,-0.018374478444457054,0.5060456395149231,0.2988543212413788,-0.020983044058084488,0.5071614980697632,0.2523577809333801,-0.016088763251900673,0.5318689942359924,0.27707982063293457,0.0019190394086763263,0.5068389177322388,0.2735974192619324,-0.01953304186463356,0.5349739193916321,0.2982650697231293,0.004315561149269342,0.5393190383911133,0.28703850507736206,0.015418609604239464,0.5040276646614075,0.42610853910446167,-0.008339310064911842,0.5099045634269714,0.4247073531150818,-0.004178253933787346,0.5142181515693665,0.42376264929771423,0.000567656010389328,0.5064681172370911,0.39498621225357056,-0.010848334059119225,0.5201720595359802,0.4225485622882843,0.011181035079061985,0.517896831035614,0.4258615970611572,0.00761986942961812,0.5189260244369507,0.42329657077789307,0.010029698722064495,0.5050899386405945,0.3928366005420685,-0.021676823496818542,0.5127605199813843,0.42675286531448364,0.0035091983154416084,0.5086990594863892,0.4287232756614685,0.0005071957129985094,0.5037557482719421,0.4309714436531067,-0.001969421049579978,0.5094588398933411,0.4491887092590332,0.006410721689462662,0.5064292550086975,0.4422498345375061,-0.0007597252842970192,0.5055398344993591,0.4379129409790039,-0.0022309524938464165,0.5045966506004333,0.4340011477470398,-0.0015028672059997916,0.5036196112632751,0.4309605360031128,-0.0016712144715711474,0.5127294063568115,0.42671775817871094,0.003778797574341297,0.5139294266700745,0.42776477336883545,0.003525598905980587,0.515209972858429,0.4294004738330841,0.00319930212572217,0.5163421630859375,0.43150606751441956,0.00475635239854455,0.5208608508110046,0.4083924889564514,0.0010148439323529601,0.554456889629364,0.3533184826374054,0.07289620488882065,0.5156919360160828,0.42511770129203796,0.00733666168525815,0.516791582107544,0.42538508772850037,0.007255180738866329,0.5020894408226013,0.4015743136405945,-0.011875727213919163,0.5103871822357178,0.394690603017807,-0.005569681525230408,0.5027234554290771,0.3996400833129883,-0.012490714900195599,0.5120439529418945,0.35978564620018005,-0.003431858029216528,0.5233140587806702,0.362220823764801,-0.00010619078966556117,0.5119098424911499,0.38418900966644287,-0.00948733277618885,0.5230278968811035,0.2553480267524719,-0.002232532249763608,0.5215092301368713,0.2719807028770447,-0.009430325590074062,0.5180351138114929,0.2932835817337036,-0.01423050370067358,0.5214110612869263,0.434671550989151,0.01036832109093666,0.49247339367866516,0.30633121728897095,-0.024800021201372147,0.4917648732662201,0.2780958116054535,-0.025552960112690926,0.49006929993629456,0.2537538409233093,-0.024537045508623123,0.5248454213142395,0.3294176459312439,0.00358118349686265,0.5417411923408508,0.3333896994590759,0.015229247510433197,0.5003366470336914,0.3354256749153137,-0.0021184885408729315,0.5310426354408264,0.3137458264827728,0.004894292913377285,0.5001819729804993,0.3531445860862732,-0.01041081827133894,0.507921576499939,0.3859904706478119,-0.022005459293723106,0.5493042469024658,0.3376618027687073,0.024019578471779823,0.5390115976333618,0.34155958890914917,0.010423845611512661,0.5323435068130493,0.34818512201309204,0.0045533860102295876,0.5207467675209045,0.35104599595069885,0.0008450509048998356,0.5116187930107117,0.3502007722854614,-0.001675350358709693,0.5047579407691956,0.3484492301940918,-0.004597904626280069,0.49095869064331055,0.34532156586647034,-0.02004035748541355,0.5515064597129822,0.3570844829082489,0.025457214564085007,0.5360122919082642,0.3111382722854614,0.007690821774303913,0.49792712926864624,0.40115150809288025,-0.027601657435297966,0.5061615109443665,0.366813063621521,-0.008107435889542103,0.550197184085846,0.31274697184562683,0.060459334403276443,0.4993733763694763,0.345731258392334,-0.006773145403712988,0.5120835900306702,0.3836643695831299,-0.0030357125215232372,0.527829110622406,0.31957876682281494,0.0077072009444236755,0.506818950176239,0.3794211745262146,-0.020428013056516647,0.5554596781730652,0.37580379843711853,0.07379494607448578,0.4996424913406372,0.33217138051986694,-0.0012220379430800676,0.5017251968383789,0.37697315216064453,-0.02757781557738781,0.5464630126953125,0.4278983473777771,0.039164021611213684,0.5463170409202576,0.4360194206237793,0.05248306691646576,0.55582594871521,0.35508719086647034,0.04914763569831848,0.552211344242096,0.4134247601032257,0.04582900181412697,0.5448442101478577,0.3003266453742981,0.028658008202910423,0.5267502665519714,0.4645266532897949,0.022466477006673813,0.49722975492477417,0.4024983048439026,-0.018666911870241165,0.5123979449272156,0.3709834814071655,-0.004365651868283749,0.544836163520813,0.32068994641304016,0.02288222871720791,0.5187066793441772,0.3273989260196686,0.0004202557320240885,0.5140479803085327,0.3297673761844635,-0.0014234230620786548,0.5189468860626221,0.4266299605369568,0.009011409245431423,0.5528035163879395,0.37522849440574646,0.030695244669914246,0.5179857611656189,0.47878772020339966,0.025181220844388008,0.5326520204544067,0.46121180057525635,0.03698619827628136,0.5390265583992004,0.450679749250412,0.04374423623085022,0.5090835094451904,0.33092746138572693,-0.002179880393669009,0.5041926503181458,0.33145156502723694,-0.0018263391684740782,0.5011361241340637,0.3321327567100525,-0.0010386193171143532,0.5397115349769592,0.3072921931743622,0.014018766582012177,0.5038456320762634,0.3244168162345886,-0.003950815182179213,0.5085620284080505,0.3206116855144501,-0.0049262759275734425,0.5136702060699463,0.3187137544155121,-0.004270680248737335,0.5186398029327393,0.3182711899280548,-0.0021033266093581915,0.5217521786689758,0.31885799765586853,0.0004790492239408195,0.5461987257003784,0.2927912473678589,0.0459945909678936,0.5215190052986145,0.3249087333679199,0.0025578350760042667,0.514621376991272,0.4064236283302307,-0.003505801083520055,0.507626473903656,0.392325758934021,-0.015148978680372238,0.5039368867874146,0.4087584316730499,-0.010223777033388615,0.5396928191184998,0.44190430641174316,0.03428977355360985,0.5333836674690247,0.45317795872688293,0.02886969968676567,0.5179303884506226,0.47389674186706543,0.01658719591796398,0.5512934327125549,0.42007681727409363,0.06283310055732727,0.500883936882019,0.32910996675491333,-0.0024295621551573277,0.4973770081996918,0.35877084732055664,-0.019086461514234543,0.5260403156280518,0.4709130525588989,0.029979810118675232,0.5564612150192261,0.3754716217517853,0.051604848355054855,0.5086358189582825,0.4286988079547882,0.0008108011679723859,0.5099138617515564,0.4308001697063446,0.0006793388747610152,0.511074960231781,0.43371474742889404,0.0002172800450352952,0.5121844410896301,0.4373890161514282,0.0016658896347507834,0.5163571834564209,0.44244030117988586,0.007702186703681946,0.5166885256767273,0.424045592546463,0.006255093961954117,0.5175267457962036,0.4230148494243622,0.006284052040427923,0.5182057619094849,0.4220472574234009,0.006165886297821999,0.5259904861450195,0.41211849451065063,0.006844783201813698,0.5465943813323975,0.3837144374847412,0.017740322276949883,0.49538588523864746,0.34868305921554565,-0.014833910390734673,0.49467453360557556,0.3286919593811035,-0.007233751006424427,0.49817654490470886,0.3276180028915405,-0.0043165069073438644,0.5157225728034973,0.4251428246498108,0.007193511817604303,0.5490984916687012,0.4032469391822815,0.031167250126600266,0.49032166600227356,0.3317358195781708,-0.015699241310358047,0.5207406282424927,0.44943079352378845,0.012595725245773792,0.49276626110076904,0.356228768825531,-0.024771612137556076,0.5036185383796692,0.3714122176170349,-0.016410790383815765,0.5126935839653015,0.4574205279350281,0.009370295330882072,0.5312806367874146,0.42898350954055786,0.017563821747899055,0.5182435512542725,0.38842132687568665,-0.0001885337696876377,0.5265429615974426,0.4399973452091217,0.015520286746323109,0.5328804850578308,0.3820704519748688,0.003227867418900132,0.5255502462387085,0.39495038986206055,0.002810173900797963,0.539696216583252,0.39357125759124756,0.010998000390827656,0.5160974860191345,0.46659380197525024,0.011625094339251518,0.5073230266571045,0.3743771016597748,-0.010713485069572926,0.5370010733604431,0.43362635374069214,0.02515232004225254,0.5308438539505005,0.4457497000694275,0.022101493552327156,0.5350632071495056,0.4172019958496094,0.01680952124297619,0.5529698729515076,0.39041945338249207,0.035500213503837585,0.5427225828170776,0.41566503047943115,0.023638557642698288,0.5557494759559631,0.39466917514801025,0.05209580808877945,0.5317612290382385,0.40360793471336365,0.00798444077372551,0.5016148090362549,0.3626561760902405,-0.013192619197070599,0.5067699551582336,0.39083683490753174,-0.023122603073716164,0.5100679397583008,0.3905480206012726,-0.01549249142408371,0.5036930441856384,0.3866859972476959,-0.028447384014725685,0.49795621633529663,0.3202444911003113,-0.010053161531686783,0.5068991780281067,0.31192299723625183,-0.011124410666525364,0.5153732895851135,0.3080393671989441,-0.009889032691717148,0.5226262807846069,0.30716586112976074,-0.006306549068540335,0.5277801156044006,0.30893391370773315,-0.0015644512604922056,0.5330736637115479,0.32074302434921265,0.01073632761836052,0.5540236234664917,0.33554166555404663,0.04450877010822296,0.5311077833175659,0.33453136682510376,0.007499286904931068,0.5259540677070618,0.3395267128944397,0.003577291266992688,0.5180315375328064,0.3423130214214325,0.0005726567469537258,0.5101004242897034,0.3428509533405304,-0.0014117412501946092,0.5038650035858154,0.34215208888053894,-0.002687818603590131,0.4994877278804779,0.3409801423549652,-0.0038199902046471834,0.5524089336395264,0.3326612114906311,0.06873998045921326,0.5099641680717468,0.39215028285980225,-0.012061082758009434,0.4990836977958679,0.36786362528800964,-0.022438760846853256,0.5030905604362488,0.39363405108451843,-0.028154028579592705,0.5005267858505249,0.39826247096061707,-0.025086112320423126,0.5031093955039978,0.39450380206108093,-0.024897320196032524,0.5086948275566101,0.3947657644748688,-0.009574587456882,0.4996488392353058,0.39976733922958374,-0.02668170817196369,0.4989491403102875,0.4011455476284027,-0.01883174106478691,0.49788740277290344,0.33362287282943726,-0.0022516692988574505,0.4955976903438568,0.33756938576698303,-0.005940338131040335,0.49462300539016724,0.3405166268348694,-0.010071070864796638,0.5236007571220398,0.3194526433944702,0.003025120124220848,0.5272645950317383,0.3149574398994446,0.0032069922890514135,0.4475253224372864,0.3440059721469879,-0.005372199229896069,0.45464473962783813,0.34216544032096863,-0.005372199229896069,0.4463556408882141,0.33570945262908936,-0.005372199229896069,0.4404057562351227,0.3458090126514435,-0.005372199229896069,0.4486596882343292,0.3522808253765106,-0.005372199229896069,0.512731671333313,0.3238377273082733,-0.0005243203486315906,0.5190690755844116,0.3217671513557434,-0.0005243203486315906,0.5112040638923645,0.3160124123096466,-0.0005243203486315906,0.5064281821250916,0.3257806897163391,-0.0005243203486315906,0.5143364071846008,0.33166465163230896,-0.0005243203486315906
2766.666666666668,0.5011183619499207,0.4238254427909851,-0.010632193647325039,0.499003529548645,0.3955935835838318,-0.03196411579847336,0.4987989068031311,0.401894748210907,-0.013976422138512135,0.4879055917263031,0.3672907054424286,-0.02914411388337612,0.4976445436477661,0.3870355486869812,-0.035384077578783035,0.4951554536819458,0.37485089898109436,-0.034690406173467636,0.4882414638996124,0.34389176964759827,-0.023635370656847954,0.439730703830719,0.35040098428726196,-0.004576628562062979,0.48348453640937805,0.32086122035980225,-0.023551592603325844,0.4812920093536377,0.3086877465248108,-0.02734231948852539,0.471184104681015,0.2589587867259979,-0.028803352266550064,0.5015558004379272,0.42683953046798706,-0.009244891814887524,0.5018904209136963,0.4297332167625427,-0.006761352065950632,0.5020363926887512,0.4315996766090393,-0.0029381990898400545,0.5019840002059937,0.4316432476043701,-0.002244314644485712,0.5026958584785461,0.4351620376110077,-0.0019407962681725621,0.503438413143158,0.43930307030677795,-0.002446762751787901,0.5041328072547913,0.4436880946159363,-0.0005389471771195531,0.5060936212539673,0.4504973292350769,0.006978688295930624,0.49923616647720337,0.399338960647583,-0.02811373956501484,0.49272817373275757,0.4001642167568207,-0.019869400188326836,0.4039389193058014,0.32024404406547546,0.015085899271070957,0.4592316448688507,0.3537442684173584,-0.008262090384960175,0.45318928360939026,0.35636577010154724,-0.008346968330442905,0.4468744993209839,0.35777702927589417,-0.007257473189383745,0.43711596727371216,0.3543094992637634,-0.00325111229903996,0.4641139805316925,0.350198358297348,-0.007159893400967121,0.4460717439651489,0.3321377635002136,-0.014484443701803684,0.4534648060798645,0.33135363459587097,-0.013832169584929943,0.43957453966140747,0.3352104723453522,-0.012651430442929268,0.4355834424495697,0.33946213126182556,-0.01007127482444048,0.43241074681282043,0.3619939684867859,0.0004136483767069876,0.486400842666626,0.46882641315460205,0.014431667514145374,0.43661582469940186,0.34849002957344055,-0.003061895025894046,0.4093173146247864,0.3608667254447937,0.025437481701374054,0.4233938455581665,0.35785430669784546,0.004843480885028839,0.46302610635757446,0.3931005299091339,-0.00703946128487587,0.4935084283351898,0.42451566457748413,-0.01084225159138441,0.4948961138725281,0.4313896596431732,-0.00662417383864522,0.48643767833709717,0.428570419549942,-0.00771799311041832,0.4812769293785095,0.4316854774951935,-0.00326350936666131,0.48868921399116516,0.43290144205093384,-0.004862688481807709,0.4835648536682129,0.4341449737548828,-0.0008488094317726791,0.4754366874694824,0.4417208433151245,0.008913016878068447,0.49395641684532166,0.39685237407684326,-0.03193475306034088,0.49194765090942383,0.38880568742752075,-0.0352008119225502,0.4253353774547577,0.33561789989471436,-0.011252965778112411,0.47168871760368347,0.3672763705253601,-0.010879354551434517,0.4778846204280853,0.3960731327533722,-0.018368352204561234,0.47638723254203796,0.3911425471305847,-0.01721225120127201,0.44230708479881287,0.39720994234085083,-0.0016560687217861414,0.48977094888687134,0.3773847818374634,-0.033395931124687195,0.44103509187698364,0.32297950983047485,-0.021915240213274956,0.4316979944705963,0.32806625962257385,-0.017554860562086105,0.4085143804550171,0.3031972050666809,0.0006568328244611621,0.4707619249820709,0.324728399515152,-0.023456236347556114,0.46013855934143066,0.33336251974105835,-0.010941965505480766,0.46925798058509827,0.43532368540763855,0.008083414286375046,0.43068718910217285,0.4382551312446594,0.05926710367202759,0.48302915692329407,0.39957764744758606,-0.01468923594802618,0.4884391725063324,0.40085214376449585,-0.013731592334806919,0.4740564823150635,0.4357708692550659,0.007834121584892273,0.475507527589798,0.43574684858322144,0.006432048045098782,0.42690396308898926,0.3232289254665375,-0.015996532514691353,0.4777567982673645,0.39905789494514465,-0.014170775189995766,0.4539433717727661,0.3214699327945709,-0.02398713119328022,0.4518406093120575,0.3146693706512451,-0.02680961601436138,0.4333239495754242,0.2752736508846283,-0.023968691006302834,0.4172091782093048,0.31329435110092163,-0.009251861833035946,0.4423684775829315,0.2940687835216522,-0.026268918067216873,0.4201151430606842,0.3325112760066986,-0.007168575655668974,0.41167429089546204,0.3270791172981262,0.002989573171362281,0.4941522777080536,0.42832615971565247,-0.00946500152349472,0.487548291683197,0.43084728717803955,-0.006483337841928005,0.48238906264305115,0.43292635679244995,-0.0025022763293236494,0.484557569026947,0.40051382780075073,-0.012826717458665371,0.4747917950153351,0.4357551336288452,0.007102625910192728,0.4785460829734802,0.43763598799705505,0.004489981569349766,0.47630515694618225,0.4357578754425049,0.006319175940006971,0.4861631691455841,0.39730557799339294,-0.0239778570830822,0.48450350761413574,0.4350731670856476,0.0008541921270079911,0.4896375238895416,0.4342609643936157,-0.0014772178838029504,0.49553656578063965,0.433158278465271,-0.0030338228680193424,0.4981832802295685,0.45256197452545166,0.0064633735455572605,0.4965817630290985,0.44539302587509155,-0.00103534827940166,0.4960094690322876,0.4408702552318573,-0.002762594958767295,0.49564531445503235,0.4366614520549774,-0.0021574196871370077,0.49552273750305176,0.43325275182724,-0.0023223627358675003,0.48444464802742004,0.4352187514305115,0.0014470599126070738,0.48371389508247375,0.43690723180770874,0.0012736606877297163,0.48296666145324707,0.43931183218955994,0.0009196258615702391,0.48252707719802856,0.44202184677124023,0.0023239189758896828,0.47481468319892883,0.421654611825943,-0.00305724423378706,0.4136844873428345,0.39710474014282227,0.05912817269563675,0.49903571605682373,0.40061166882514954,-0.019157737493515015,0.4804988503456116,0.43558523058891296,0.0042703221552073956,0.4795294404029846,0.4364951252937317,0.004241119138896465,0.4910552203655243,0.4035318195819855,-0.012986235320568085,0.48021578788757324,0.4029407799243927,-0.008092841133475304,0.48980897665023804,0.40223243832588196,-0.013611366972327232,0.46572235226631165,0.3739597797393799,-0.008422286249697208,0.45617741346359253,0.3829514980316162,-0.006680605001747608,0.47559064626693726,0.394621342420578,-0.013058692216873169,0.41770222783088684,0.2880733609199524,-0.01297581847757101,0.426785409450531,0.3019847869873047,-0.018689299002289772,0.4377037584781647,0.31666335463523865,-0.022509608417749405,0.481932669878006,0.4467875063419342,0.007482792250812054,0.46721765398979187,0.31373950839042664,-0.028171975165605545,0.45837920904159546,0.28872060775756836,-0.029578691348433495,0.45060041546821594,0.26612430810928345,-0.02910987101495266,0.44100022315979004,0.3572116196155548,-0.005182716995477676,0.4263172149658203,0.37019824981689453,0.004314579535275698,0.4671328067779541,0.3471861481666565,-0.0064514619298279285,0.42931750416755676,0.3451373875141144,-0.005322500132024288,0.47543996572494507,0.36070284247398376,-0.01359748374670744,0.4815554618835449,0.393001526594162,-0.02476944960653782,0.4201917350292206,0.37815871834754944,0.011810827068984509,0.43240803480148315,0.3756067454814911,0.00022268149768933654,0.4418979287147522,0.3770555853843689,-0.00414041243493557,0.4542696475982666,0.3722967803478241,-0.005872591398656368,0.46265506744384766,0.3661578595638275,-0.006919121369719505,0.468611478805542,0.36038556694984436,-0.008670966140925884,0.48263657093048096,0.3477269113063812,-0.02167649194598198,0.42496195435523987,0.39661675691604614,0.013493271544575691,0.4236507713794708,0.3457736372947693,-0.0034597106277942657,0.49617987871170044,0.4000304341316223,-0.028133803978562355,0.4744485318660736,0.37621021270751953,-0.011731169186532497,0.40459680557250977,0.35811081528663635,0.045787692070007324,0.47304487228393555,0.35460856556892395,-0.010089419782161713,0.4744413495063782,0.39455294609069824,-0.0066078039817512035,0.4336792230606079,0.3495389521121979,-0.0020035048946738243,0.47990164160728455,0.38686856627464294,-0.023301376029849052,0.4206700026988983,0.4177435636520386,0.06078130751848221,0.46613386273384094,0.3441692888736725,-0.005776567384600639,0.48466935753822327,0.38139230012893677,-0.0296743456274271,0.45367735624313354,0.45678016543388367,0.031267449259757996,0.45449307560920715,0.46463948488235474,0.04401034489274025,0.41701996326446533,0.39848530292510986,0.036155782639980316,0.44201239943504333,0.44759294390678406,0.036130521446466446,0.409808486700058,0.3425460457801819,0.015630975365638733,0.48650991916656494,0.4768686294555664,0.019737882539629936,0.49656951427459717,0.40103891491889954,-0.018976416438817978,0.4695945382118225,0.3838191628456116,-0.008712194859981537,0.4175088107585907,0.3606733977794647,0.010689391754567623,0.4469479024410248,0.35195860266685486,-0.007431189529597759,0.4524584114551544,0.3511117398738861,-0.008416438475251198,0.47775107622146606,0.43899309635162354,0.005597885698080063,0.42947718501091003,0.4135550558567047,0.01933390460908413,0.49873822927474976,0.4837297201156616,0.02424519695341587,0.4780958592891693,0.47825273871421814,0.03225070983171463,0.4677903950214386,0.4729995131492615,0.03726242482662201,0.47625863552093506,0.283230185508728,-0.0291645135730505,0.5106059908866882,0.481082946062088,0.024160271510481834,0.4573993682861328,0.3490253686904907,-0.008240925148129463,0.461923211812973,0.34640875458717346,-0.007124095223844051,0.4648599624633789,0.34500494599342346,-0.0058819144032895565,0.4179266691207886,0.344932496547699,0.0020317374728620052,0.45964911580085754,0.3400455117225647,-0.009485096670687199,0.45389324426651,0.33924224972724915,-0.011253910139203072,0.4485927224159241,0.3401755690574646,-0.011488353833556175,0.4433872699737549,0.342517226934433,-0.010195262730121613,0.4401494264602661,0.345030814409256,-0.00813585240393877,0.4027630686759949,0.33747681975364685,0.03134768083691597,0.44286853075027466,0.35143011808395386,-0.00592019222676754,0.49983683228492737,0.40846049785614014,-0.01129123754799366,0.48038366436958313,0.4158792793750763,-0.006656846031546593,0.48302724957466125,0.39860934019088745,-0.017525309696793556,0.49183428287506104,0.4111548066139221,-0.011457141488790512,0.4854944944381714,0.3316846489906311,-0.02130194380879402,0.46542295813560486,0.4651073217391968,0.02832738123834133,0.47579070925712585,0.47113296389579773,0.024600733071565628,0.49825215339660645,0.47923505306243896,0.015865961089730263,0.4424971044063568,0.4538790285587311,0.05245309695601463,0.4640474319458008,0.3424057364463806,-0.00742004718631506,0.4813885986804962,0.3633517324924469,-0.02130565419793129,0.5104410648345947,0.4763350486755371,0.016034385189414024,0.48833584785461426,0.4823267161846161,0.026949170976877213,0.42308294773101807,0.4169996380805969,0.0393463596701622,0.48961013555526733,0.4344056248664856,-0.0008140286081470549,0.48913851380348206,0.4371557831764221,-0.0009273971663787961,0.4889843463897705,0.4406278431415558,-0.0013760424917563796,0.48920637369155884,0.44474199414253235,0.00012398610124364495,0.4894586503505707,0.45085179805755615,0.00604691868647933,0.47925886511802673,0.43499234318733215,0.002820788649842143,0.478103905916214,0.43449193239212036,0.0024771159514784813,0.47716429829597473,0.4339158236980438,0.002021437045186758,0.47070780396461487,0.428274005651474,0.0017838763305917382,0.44015952944755554,0.4167269766330719,0.008229551836848259,0.47901207208633423,0.3535878658294678,-0.017244422808289528,0.470928430557251,0.337131530046463,-0.010420470498502254,0.4665416181087494,0.3387933671474457,-0.008643083274364471,0.4805169105529785,0.43548551201820374,0.00387798179872334,0.4433063268661499,0.4360387921333313,0.021878428757190704,0.47751742601394653,0.3360569179058075,-0.0178301390260458,0.48759138584136963,0.45964792370796204,0.010664215311408043,0.49284884333610535,0.3644801080226898,-0.030730754137039185,0.48537811636924744,0.3581227660179138,-0.02611573599278927,0.4906744658946991,0.354676753282547,-0.027117088437080383,0.4795359969139099,0.37821006774902344,-0.01912378892302513,0.5094091296195984,0.4688160717487335,0.01091231033205986,0.5076797604560852,0.45912912487983704,0.009082629345357418,0.4980131983757019,0.4616550803184509,0.00920791458338499,0.4703892469406128,0.4476258158683777,0.0127894701436162,0.4701501131057739,0.4027520418167114,-0.004485578276216984,0.47861865162849426,0.454788476228714,0.012236664071679115,0.4543589651584625,0.4062759578227997,-0.0036216224543750286,0.46570342779159546,0.413009911775589,-0.0023987912572920322,0.4511567950248718,0.4209206998348236,0.003355286316946149,0.4979492127895355,0.47163400053977966,0.011029318906366825,0.47626495361328125,0.3833537697792053,-0.014004001393914223,0.4661509692668915,0.45574307441711426,0.01951298490166664,0.47636449337005615,0.4627222418785095,0.018234733492136,0.46317431330680847,0.439007431268692,0.010525291785597801,0.4342457354068756,0.4272259771823883,0.024851227179169655,0.4546982944011688,0.44295597076416016,0.01616952382028103,0.4307810664176941,0.4334225058555603,0.040707722306251526,0.4624496400356293,0.42453014850616455,0.001947702025063336,0.477931410074234,0.36959362030029297,-0.016179069876670837,0.4841707646846771,0.3964959681034088,-0.025628801435232162,0.48031482100486755,0.3985525071620941,-0.018312333151698112,0.48645687103271484,0.3907994329929352,-0.030415235087275505,0.4650397002696991,0.3310112953186035,-0.014246021397411823,0.4538804292678833,0.32788315415382385,-0.016981644555926323,0.4443510174751282,0.3288012146949768,-0.017330655828118324,0.43667611479759216,0.33247607946395874,-0.015092250891029835,0.4315151870250702,0.33777445554733276,-0.011271380819380283,0.42933133244514465,0.3535177409648895,0.0004556468047667295,0.4122445583343506,0.37988170981407166,0.031005168333649635,0.43700146675109863,0.3649759888648987,-0.0018497543642297387,0.4445318579673767,0.366203635931015,-0.00457717664539814,0.4533119797706604,0.36378684639930725,-0.0062056900933384895,0.46092313528060913,0.35943859815597534,-0.006909534800797701,0.4665306508541107,0.354887455701828,-0.006967687048017979,0.4703757166862488,0.35109150409698486,-0.007444603834301233,0.4086448550224304,0.37741565704345703,0.05437064915895462,0.4804421663284302,0.40015244483947754,-0.014819664880633354,0.48341283202171326,0.3721018433570862,-0.02461695298552513,0.4891149401664734,0.3965628445148468,-0.029729243367910385,0.49242377281188965,0.39933717250823975,-0.025981511920690536,0.48882997035980225,0.397498220205307,-0.02651187591254711,0.4822036623954773,0.4018343687057495,-0.011868738569319248,0.4940367043018341,0.3999752104282379,-0.02738989144563675,0.49443912506103516,0.4010426700115204,-0.019396910443902016,0.4687878489494324,0.34405678510665894,-0.006133842747658491,0.4729965627193451,0.34561455249786377,-0.008983789011836052,0.475924551486969,0.3470289707183838,-0.012609994038939476,0.4382001757621765,0.34690526127815247,-0.00591292092576623,0.4331251382827759,0.3441975712776184,-0.006249808240681887,0.4979461431503296,0.3638438582420349,-0.027701647952198982,0.5248458981513977,0.3219682276248932,0.005791889037936926,0.5039015412330627,0.3962066173553467,-0.0187364611774683,0.5395491719245911,0.2758925259113312,0.03142254799604416,0.5112169981002808,0.3365272283554077,-0.001528455875813961,0.5172916054725647,0.3346463441848755,-0.00026912413886748254,0.5227506756782532,0.3317962884902954,0.0020376688335090876,0.5280183553695679,0.3241296410560608,0.0077491928823292255,0.5056672692298889,0.336407333612442,-0.001820782315917313,0.5152005553245544,0.3103076219558716,-0.005979126784950495,0.5086028575897217,0.313615620136261,-0.007097426801919937,0.5214025378227234,0.3092968463897705,-0.0028722852002829313,0.5255244374275208,0.31077060103416443,0.0004352995310910046,0.5348277688026428,0.32769596576690674,0.012298076413571835,0.5280157923698425,0.45339858531951904,0.01910867542028427,0.5262329578399658,0.31920701265335083,0.007833902724087238,0.5496951341629028,0.3142344057559967,0.04146938398480415,0.5394633412361145,0.31953299045562744,0.018162542954087257,0.5239132046699524,0.3724636435508728,-0.0003104583593085408,0.5078812837600708,0.4198641777038574,-0.009219840168952942,0.5082398653030396,0.4270309805870056,-0.005113152787089348,0.5144661664962769,0.41938281059265137,-0.004307180643081665,0.5188923478126526,0.41939082741737366,0.0013908769469708204,0.5134239792823792,0.4248383343219757,-0.0019575718324631453,0.5174240469932556,0.4231053292751312,0.0030726022087037563,0.52826988697052,0.4235047698020935,0.01487333420664072,0.503600537776947,0.3934963047504425,-0.03101549856364727,0.503145694732666,0.38494396209716797,-0.034117404371500015,0.5328552722930908,0.3006826341152191,0.0013463494833558798,0.507648229598999,0.3550947308540344,-0.006397559307515621,0.5145684480667114,0.3837035000324249,-0.014254355803132057,0.5137525200843811,0.3785092234611511,-0.012988380156457424,0.5412789583206177,0.3636973202228546,0.009565424174070358,0.5004678964614868,0.373684287071228,-0.032014429569244385,0.5185530185699463,0.2978404462337494,-0.012945256195962429,0.5267202258110046,0.2972639501094818,-0.0064931511878967285,0.5326277017593384,0.26278114318847656,0.015342487022280693,0.4949365556240082,0.31605637073516846,-0.020404653623700142,0.5032591223716736,0.31910163164138794,-0.005510810296982527,0.5316914916038513,0.4141354560852051,0.015419983305037022,0.554302453994751,0.3960416913032532,0.0745156779885292,0.510964035987854,0.390211284160614,-0.011671503074467182,0.5069482326507568,0.3946113586425781,-0.012195169925689697,0.5245946645736694,0.4194486439228058,0.014098051935434341,0.5234144330024719,0.42022275924682617,0.01189638115465641,0.5284044742584229,0.2902904450893402,-0.004317438695579767,0.5148506164550781,0.38660871982574463,-0.010156530886888504,0.5079768896102905,0.3033757209777832,-0.01787264458835125,0.5076012015342712,0.2958553731441498,-0.020530838519334793,0.5075040459632874,0.2514001727104187,-0.01557632815092802,0.5317047834396362,0.2750577926635742,0.003546078922227025,0.5079815983772278,0.27213069796562195,-0.019137417897582054,0.5349336862564087,0.2953135073184967,0.006246325559914112,0.5386819243431091,0.284880667924881,0.017430566251277924,0.5082571506500244,0.4237636923789978,-0.007836860604584217,0.5140310525894165,0.42223748564720154,-0.003327655838802457,0.5182347297668457,0.4212229251861572,0.0017197455745190382,0.5098017454147339,0.39203494787216187,-0.010348549112677574,0.5239843130111694,0.4198441207408905,0.012865853495895863,0.521852433681488,0.4233933091163635,0.009275924414396286,0.5227279663085938,0.4207051992416382,0.011635265313088894,0.5087199807167053,0.3896327614784241,-0.021145163103938103,0.5166723728179932,0.4245747923851013,0.004543728195130825,0.512741208076477,0.42670953273773193,0.0012543507618829608,0.5079196095466614,0.4290946424007416,-0.0015052935341373086,0.5135840177536011,0.44711562991142273,0.007942164316773415,0.5110347270965576,0.44043710827827454,0.0005121949361637235,0.5100870132446289,0.436079204082489,-0.0011320785852149129,0.5090045928955078,0.432172954082489,-0.0005778830964118242,0.5078560709953308,0.42914265394210815,-0.0008002366521395743,0.5166721343994141,0.42459753155708313,0.005111493170261383,0.5179533958435059,0.42556798458099365,0.0049198102205991745,0.5193238258361816,0.4271292984485626,0.004718768876045942,0.5205149054527283,0.4291940927505493,0.0064132558181881905,0.5240638852119446,0.4050866365432739,0.002370812464505434,0.5531341433525085,0.35037940740585327,0.07598965615034103,0.5195310711860657,0.42281755805015564,0.008876068517565727,0.5207037925720215,0.4229958653450012,0.008843832649290562,0.5057573318481445,0.39864909648895264,-0.011464432813227177,0.5135384202003479,0.39180365204811096,-0.004917544778436422,0.5063055753707886,0.39671745896339417,-0.012117322534322739,0.5144880414009094,0.3575121760368347,-0.0024410560727119446,0.5256327986717224,0.35949602723121643,0.001367261167615652,0.5149562954902649,0.3813525140285492,-0.008698736317455769,0.5225991606712341,0.2541070282459259,-0.0009663357050158083,0.5219593048095703,0.2701675593852997,-0.00835690088570118,0.5189475417137146,0.28996172547340393,-0.013165918178856373,0.5248857140541077,0.431643009185791,0.012307786382734776,0.4945417046546936,0.303932785987854,-0.024927083402872086,0.49340370297431946,0.27702388167381287,-0.025831956416368484,0.49100127816200256,0.2531367540359497,-0.02485569193959236,0.5265108942985535,0.32827526330947876,0.005171352066099644,0.5425330996513367,0.3313000202178955,0.017463818192481995,0.5019170641899109,0.3355809450149536,-0.0016964696114882827,0.5317791104316711,0.31174594163894653,0.00673895375803113,0.5028924345970154,0.35134270787239075,-0.009982760064303875,0.5114810466766357,0.3828648328781128,-0.0214051753282547,0.5497391223907471,0.33460986614227295,0.026648996397852898,0.5407938957214355,0.33891040086746216,0.012573127634823322,0.5349132418632507,0.34528735280036926,0.006394558120518923,0.5236519575119019,0.3487322926521301,0.0022118925116956234,0.5144491195678711,0.34855833649635315,-0.000727825507055968,0.5074282288551331,0.34713616967201233,-0.003993152640759945,0.4940493106842041,0.3438056707382202,-0.02013970911502838,0.5524498224258423,0.35361942648887634,0.028255406767129898,0.5361950993537903,0.30893102288246155,0.00972728617489338,0.5020697116851807,0.39791059494018555,-0.027396753430366516,0.5089744329452515,0.3645419180393219,-0.00746702728793025,0.5484010577201843,0.3106098771095276,0.06318624317646027,0.5019534826278687,0.34450724720954895,-0.006424207240343094,0.5149653553962708,0.380924254655838,-0.0022502499632537365,0.5289470553398132,0.3184811770915985,0.009448165073990822,0.5102289319038391,0.3765746057033539,-0.01986444555222988,0.5546247959136963,0.3723594844341278,0.07703003287315369,0.5008840560913086,0.33260953426361084,-0.0008223673212341964,0.5054763555526733,0.3742240369319916,-0.02720119245350361,0.5480432510375977,0.42370668053627014,0.042091868817806244,0.5475296974182129,0.43169665336608887,0.05551758408546448,0.5557481050491333,0.35171574354171753,0.05217738449573517,0.5533545017242432,0.40936917066574097,0.04892724007368088,0.5440381765365601,0.2980734705924988,0.030981488525867462,0.5298309326171875,0.4605424404144287,0.024860935285687447,0.5012515187263489,0.3993862271308899,-0.018509283661842346,0.5150648951530457,0.3684675693511963,-0.003478551749140024,0.5441514253616333,0.3193069100379944,0.02526191622018814,0.5205492973327637,0.326920747756958,0.0017050937749445438,0.5159802436828613,0.3297813832759857,-0.00033579510636627674,0.5229204893112183,0.4241088628768921,0.010758724063634872,0.5539706945419312,0.37146830558776855,0.03356385976076126,0.5213586688041687,0.4750998020172119,0.02718832902610302,0.5348914861679077,0.4567669928073883,0.03959278389811516,0.5407687425613403,0.4461980164051056,0.046556711196899414,0.5108759999275208,0.33138608932495117,-0.00133056053891778,0.5057522654533386,0.3320716917514801,-0.0011841509258374572,0.5025240778923035,0.33265578746795654,-0.0005404345574788749,0.5392334461212158,0.3054084777832031,0.016196507960557938,0.5049908757209778,0.32510682940483093,-0.0033708505798131227,0.5097789168357849,0.32124847173690796,-0.0041294461116194725,0.5149223804473877,0.31899768114089966,-0.003235687268897891,0.5198999643325806,0.3181353509426117,-0.0008194389520213008,0.5230346918106079,0.31842461228370667,0.0019030850380659103,0.5445079207420349,0.29092785716056824,0.048481643199920654,0.5231847167015076,0.32422393560409546,0.003985504154115915,0.5180083513259888,0.4033023416996002,-0.002485281089320779,0.5110086798667908,0.3892289996147156,-0.014607466757297516,0.507775068283081,0.4058776795864105,-0.009696686640381813,0.5416698455810547,0.4376424551010132,0.03705809637904167,0.535843014717102,0.4489367604255676,0.03146306425333023,0.5216453075408936,0.4704168438911438,0.01865682564675808,0.5518484115600586,0.4160248339176178,0.06606205552816391,0.5020654797554016,0.3296264410018921,-0.0019487004028633237,0.5006013512611389,0.35678547620773315,-0.018879326060414314,0.5288719534873962,0.4667167663574219,0.03235720098018646,0.5567589402198792,0.37177786231040955,0.0547066256403923,0.5127337574958801,0.4267418086528778,0.0019281471613794565,0.5141375064849854,0.42876777052879333,0.0018798602977767587,0.5154169797897339,0.43163660168647766,0.0015782705741003156,0.5165990591049194,0.43530479073524475,0.00318855419754982,0.5202052593231201,0.4398321211338043,0.009513852186501026,0.5205713510513306,0.4215565323829651,0.007647718768566847,0.5214447379112244,0.4203888475894928,0.007776367012411356,0.5221276879310608,0.4193077087402344,0.00772459153085947,0.5289968848228455,0.40863490104675293,0.008578382432460785,0.5484485030174255,0.37999558448791504,0.020245278254151344,0.49828019738197327,0.34703296422958374,-0.014675653539597988,0.4963551163673401,0.32814186811447144,-0.007230851799249649,0.4994131326675415,0.32758858799934387,-0.004032413940876722,0.5195489525794983,0.422791987657547,0.008552719838917255,0.5507320165634155,0.39932265877723694,0.03393120318651199,0.49267464876174927,0.33034124970436096,-0.015906309708952904,0.5243584513664246,0.44623810052871704,0.01462771650403738,0.49620765447616577,0.3543757200241089,-0.02482411079108715,0.5068656206130981,0.36896148324012756,-0.01596834510564804,0.5167387127876282,0.45479851961135864,0.011109687387943268,0.534062385559082,0.4252973794937134,0.019794072955846786,0.5210404992103577,0.38545936346054077,0.0009334796341136098,0.529700517654419,0.4364570081233978,0.017708290368318558,0.5353782773017883,0.37873560190200806,0.005028195679187775,0.5283575654029846,0.39167889952659607,0.0043447804637253284,0.5419662594795227,0.3898933231830597,0.01315318513661623,0.5200433135032654,0.46345579624176025,0.013594264164566994,0.5103166103363037,0.3718562424182892,-0.010090652853250504,0.5393709540367126,0.42962899804115295,0.027688119560480118,0.5336808562278748,0.4418434798717499,0.0244927816092968,0.5376346111297607,0.41343456506729126,0.019082888960838318,0.5542130470275879,0.3865263760089874,0.03839992731809616,0.5448312759399414,0.4117281138896942,0.02619030326604843,0.5563852190971375,0.3907744884490967,0.05528801679611206,0.5344346761703491,0.400035560131073,0.009880666621029377,0.5046228170394897,0.36054250597953796,-0.012751076370477676,0.510394275188446,0.3875936269760132,-0.022558286786079407,0.5133894085884094,0.3874346911907196,-0.014836600981652737,0.5075801014900208,0.3835255801677704,-0.02799406088888645,0.499480277299881,0.31898751854896545,-0.00987711176276207,0.5082817673683167,0.3099621534347534,-0.010511236265301704,0.5166507363319397,0.30565595626831055,-0.008809096179902554,0.5237703323364258,0.3045586943626404,-0.004844300448894501,0.5287556648254395,0.30642127990722656,0.00014715523866470903,0.5336900353431702,0.3192216157913208,0.012651534751057625,0.5535094141960144,0.33258888125419617,0.047418951988220215,0.5328691601753235,0.33267390727996826,0.009325641207396984,0.5281534194946289,0.337642103433609,0.00516496691852808,0.5204623937606812,0.34096965193748474,0.0018280529184266925,0.5124742388725281,0.34211909770965576,-0.0005404939292930067,0.5060502886772156,0.3416314125061035,-0.0021293708123266697,0.5015798807144165,0.34046515822410583,-0.0034796232357621193,0.5507041811943054,0.3301992416381836,0.07165820896625519,0.5132054090499878,0.38912519812583923,-0.01141201239079237,0.5026078820228577,0.36552029848098755,-0.022156229242682457,0.5070088505744934,0.3903096914291382,-0.027764659374952316,0.5043939352035522,0.3950565457344055,-0.02481955476105213,0.5068833827972412,0.39124026894569397,-0.02450151927769184,0.5119507908821106,0.391831636428833,-0.00900097656995058,0.5036657452583313,0.39651820063591003,-0.02644302323460579,0.5028451085090637,0.3980432152748108,-0.018617477267980576,0.49926120042800903,0.33376026153564453,-0.0020066958386451006,0.497541218996048,0.3370870351791382,-0.005835517775267363,0.49707308411598206,0.33938145637512207,-0.009998778812587261,0.5248704552650452,0.3188439905643463,0.004551465157419443,0.5283451676368713,0.3133683204650879,0.0048613352701067924,0.44935309886932373,0.34657442569732666,-0.007520080544054508,0.45642539858818054,0.3444675803184509,-0.007520080544054508,0.447917640209198,0.3378862142562866,-0.007520080544054508,0.44221198558807373,0.3486140966415405,-0.007520080544054508,0.450719952583313,0.35516276955604553,-0.007520080544054508,0.5134875178337097,0.32421112060546875,0.0005033442284911871,0.520033061504364,0.3215881884098053,0.0005033442284911871,0.5114846229553223,0.3160386085510254,0.0005033442284911871,0.506891131401062,0.32676440477371216,0.0005033442284911871,0.5155258774757385,0.3323173224925995,0.0005033442284911871
2800.0000000000014,0.5066096782684326,0.4231102168560028,-0.011658988893032074,0.504027783870697,0.39281609654426575,-0.03210325539112091,0.5033978819847107,0.3999277949333191,-0.014186836779117584,0.4920637905597687,0.36618292331695557,-0.02924463152885437,0.5026320219039917,0.38445618748664856,-0.03544634208083153,0.49978622794151306,0.3728823959827423,-0.03462497517466545,0.4916347563266754,0.3436638116836548,-0.02324712462723255,0.4417177736759186,0.35345569252967834,-0.006169804837554693,0.48630669713020325,0.32176798582077026,-0.02312697283923626,0.48396018147468567,0.3098684251308441,-0.026838764548301697,0.4727306365966797,0.26047641038894653,-0.0276789553463459,0.5070798993110657,0.42592883110046387,-0.010336915962398052,0.5073668956756592,0.42861905694007874,-0.007795512210577726,0.5074089765548706,0.4303833246231079,-0.003851683344691992,0.5074266195297241,0.43034130334854126,-0.003078525187447667,0.508204460144043,0.43335551023483276,-0.00268488354049623,0.5089516639709473,0.4369472861289978,-0.003033859422430396,0.5096246004104614,0.4409906566143036,-0.0008586866315454245,0.5116198062896729,0.4511444568634033,0.0071377744898200035,0.5041288733482361,0.3967151343822479,-0.02829141728579998,0.49755820631980896,0.39820921421051025,-0.020250806584954262,0.4042697846889496,0.3251252770423889,0.01287306472659111,0.4623061418533325,0.35373619198799133,-0.009161747060716152,0.4562413990497589,0.3569367229938507,-0.009546834044158459,0.4497239589691162,0.35920679569244385,-0.008719957433640957,0.43909069895744324,0.3574462831020355,-0.005029255524277687,0.4669964611530304,0.3498372733592987,-0.007816676050424576,0.44842299818992615,0.3353348672389984,-0.01568814553320408,0.4558725357055664,0.3339786231517792,-0.014691298827528954,0.4417969584465027,0.3385727107524872,-0.01412961259484291,0.43774235248565674,0.34277236461639404,-0.011695816181600094,0.4346848428249359,0.36488908529281616,-0.0016044840449467301,0.4914228320121765,0.47045645117759705,0.013102431781589985,0.4384903013706207,0.35264137387275696,-0.004745539743453264,0.4105677008628845,0.36556780338287354,0.022674622014164925,0.4252605736255646,0.3609267473220825,0.0026055551134049892,0.46692827343940735,0.39434489607810974,-0.008245522156357765,0.4991426467895508,0.4238259196281433,-0.012153265066444874,0.500551700592041,0.43034136295318604,-0.008009834215044975,0.49220824241638184,0.4280425012111664,-0.009436717256903648,0.4871561527252197,0.4314061105251312,-0.005371329374611378,0.4943868815898895,0.43206098675727844,-0.006628053262829781,0.489304780960083,0.4335797131061554,-0.0028766037430614233,0.48061272501945496,0.4443809390068054,0.006622059270739555,0.49900972843170166,0.3943328261375427,-0.0322655588388443,0.49690309166908264,0.386597603559494,-0.0354824997484684,0.426507830619812,0.3386966586112976,-0.013257392682135105,0.47487691044807434,0.3679857850074768,-0.011523084715008736,0.4824037551879883,0.3956482410430908,-0.019274478778243065,0.4806182086467743,0.39102983474731445,-0.01808670163154602,0.446014940738678,0.4000219404697418,-0.0038259767461568117,0.49436745047569275,0.37571609020233154,-0.03360002860426903,0.44234293699264526,0.3257443308830261,-0.023182671517133713,0.4328496754169464,0.3311672806739807,-0.019268672913312912,0.4090600311756134,0.30756089091300964,-0.0011862586252391338,0.47283935546875,0.3253360688686371,-0.023607660084962845,0.4624938368797302,0.3350069224834442,-0.011550815775990486,0.4744219183921814,0.43813613057136536,0.0055145034566521645,0.4323822259902954,0.44279399514198303,0.05615443363785744,0.48771753907203674,0.3987542986869812,-0.015371776185929775,0.4931838810443878,0.39962291717529297,-0.014200826175510883,0.4801349341869354,0.4359099864959717,0.005288987420499325,0.48147380352020264,0.4357558488845825,0.0039986963383853436,0.4275989532470703,0.3262060880661011,-0.017797695472836494,0.48229336738586426,0.39893707633018494,-0.01508314348757267,0.4555213153362274,0.32337039709091187,-0.024742145091295242,0.45303964614868164,0.31655195355415344,-0.027516966685652733,0.4346843957901001,0.27816712856292725,-0.024516096338629723,0.4185033142566681,0.31693601608276367,-0.011109878309071064,0.4443543255329132,0.2964399456977844,-0.026881946250796318,0.4209214746952057,0.3355664908885956,-0.009273966774344444,0.4127303957939148,0.3312290608882904,0.0008263253257609904,0.49985355138778687,0.42748895287513733,-0.010869815945625305,0.49333110451698303,0.4301741123199463,-0.008285333402454853,0.4882242977619171,0.43250417709350586,-0.0045989640057086945,0.48928582668304443,0.3996877670288086,-0.013440062291920185,0.4808243215084076,0.43581947684288025,0.0046229553408920765,0.4846687614917755,0.4371432662010193,0.0022559515200555325,0.4821970760822296,0.4357069134712219,0.00391494482755661,0.49091440439224243,0.39568987488746643,-0.02462461031973362,0.49014145135879517,0.43440353870391846,-0.0010640944819897413,0.49523594975471497,0.4332873225212097,-0.0031130246352404356,0.501095175743103,0.4320280849933624,-0.004332867916673422,0.5036270022392273,0.45362985134124756,0.006194624118506908,0.5025346875190735,0.4428548216819763,-0.0018158383900299668,0.5019463300704956,0.4386783540248871,-0.003779385471716523,0.5014960169792175,0.4350598454475403,-0.0033315843902528286,0.5011856555938721,0.43206435441970825,-0.0035613554064184427,0.4902093708515167,0.4345102310180664,-0.00042683034553192556,0.48970937728881836,0.4360197186470032,-0.0005240649916231632,0.489187091588974,0.4382103383541107,-0.0008475073263980448,0.48890623450279236,0.44078728556632996,0.0005311011336743832,0.47987139225006104,0.42275211215019226,-0.005061067175120115,0.4145395755767822,0.4022710621356964,0.056126173585653305,0.5037750601768494,0.3982897698879242,-0.019353250041604042,0.48625457286834717,0.4352056384086609,0.002082366030663252,0.485488623380661,0.4360388219356537,0.002070042071864009,0.49580907821655273,0.4021942913532257,-0.013503826223313808,0.48484861850738525,0.4029119610786438,-0.00885210931301117,0.4945630431175232,0.4009319543838501,-0.014097612351179123,0.4690109193325043,0.3750687837600708,-0.00938128586858511,0.45969244837760925,0.3847194314002991,-0.008093138225376606,0.47983622550964355,0.3947705030441284,-0.013978252187371254,0.418635755777359,0.29179316759109497,-0.01430658157914877,0.4283963441848755,0.3050445318222046,-0.020013192668557167,0.4385445713996887,0.3193298280239105,-0.023786140605807304,0.4871847331523895,0.4489728808403015,0.00567767396569252,0.4688147008419037,0.3145313858985901,-0.02830185741186142,0.46052899956703186,0.290453165769577,-0.02948499657213688,0.4521635174751282,0.2683257758617401,-0.02880878746509552,0.4433862864971161,0.35950177907943726,-0.0068583134561777115,0.4287621080875397,0.3731580972671509,0.002003016648814082,0.4698207378387451,0.3466941714286804,-0.006975836586207151,0.4310069680213928,0.3483114242553711,-0.007250952068716288,0.4785982072353363,0.3611701428890228,-0.014044216834008694,0.48614588379859924,0.3918769955635071,-0.025484563782811165,0.42236989736557007,0.38221290707588196,0.009084311313927174,0.43524739146232605,0.37844720482826233,-0.002005572896450758,0.445141464471817,0.37943556904792786,-0.006023130379617214,0.4578114449977875,0.3737623691558838,-0.007266429718583822,0.46617624163627625,0.3669213652610779,-0.007878582924604416,0.47199487686157227,0.36073023080825806,-0.00931119080632925,0.4859616160392761,0.34776943922042847,-0.021617045626044273,0.42767658829689026,0.4006142020225525,0.010591360740363598,0.42508575320243835,0.34892258048057556,-0.005599156487733126,0.50111985206604,0.3975642919540405,-0.028469648212194443,0.4779903292655945,0.3765912652015686,-0.012387679889798164,0.4050460457801819,0.36346936225891113,0.04310024529695511,0.4762951731681824,0.35469889640808105,-0.010495664551854134,0.47856640815734863,0.3950163424015045,-0.007460290100425482,0.43537262082099915,0.35299164056777954,-0.0038233145605772734,0.4841882884502411,0.38616594672203064,-0.023951957002282143,0.421831876039505,0.42265576124191284,0.05772422254085541,0.4685557186603546,0.34406590461730957,-0.0062951319850981236,0.48910436034202576,0.3801783621311188,-0.030097294598817825,0.45731955766677856,0.4603179097175598,0.028535744175314903,0.4574767053127289,0.4681509733200073,0.04130899906158447,0.41872739791870117,0.4031752347946167,0.0330476351082325,0.44511446356773376,0.4515314996242523,0.03314799815416336,0.4109362065792084,0.3470056354999542,0.013174757361412048,0.4914241135120392,0.478523313999176,0.01828562468290329,0.5013763904571533,0.39881590008735657,-0.019261645153164864,0.47327324748039246,0.3846122622489929,-0.00960374902933836,0.4193648397922516,0.3637837767601013,0.008209054358303547,0.44949913024902344,0.35319194197654724,-0.008786757476627827,0.45523735880851746,0.35149115324020386,-0.009576286189258099,0.483996719121933,0.43852490186691284,0.00329390331171453,0.43250757455825806,0.41746219992637634,0.01635430008172989,0.5037750005722046,0.48476719856262207,0.023294048383831978,0.482190877199173,0.48037245869636536,0.030290091410279274,0.4713883697986603,0.47577914595603943,0.03489584103226662,0.4783560633659363,0.28434088826179504,-0.02829885110259056,0.5158644914627075,0.48144063353538513,0.02381974272429943,0.46014589071273804,0.3489370048046112,-0.009170247241854668,0.4644704759120941,0.34603649377822876,-0.007862772792577744,0.4672883152961731,0.3446325361728668,-0.006487726699560881,0.41909733414649963,0.3480815887451172,-0.00026028984575532377,0.4629014730453491,0.3438461422920227,-0.010194837115705013,0.457567423582077,0.34570083022117615,-0.012182088568806648,0.4523099958896637,0.3476727306842804,-0.012637685053050518,0.44672510027885437,0.34963205456733704,-0.011565566062927246,0.4429634213447571,0.35106369853019714,-0.009620821103453636,0.4030987024307251,0.34266525506973267,0.028875527903437614,0.4451129138469696,0.3535938262939453,-0.007429097313433886,0.5045590400695801,0.406881183385849,-0.011698760092258453,0.4853017330169678,0.4161514341831207,-0.00809941440820694,0.4877241253852844,0.39757898449897766,-0.018173005431890488,0.49675148725509644,0.41016241908073425,-0.012265610508620739,0.4884694516658783,0.3321317732334137,-0.02084479108452797,0.4694337844848633,0.46807369589805603,0.025922928005456924,0.48017144203186035,0.47348785400390625,0.022658271715044975,0.5035912394523621,0.4802524447441101,0.014978175982832909,0.4448126554489136,0.4579402506351471,0.04949067533016205,0.46668741106987,0.34361475706100464,-0.008027970790863037,0.4850357174873352,0.3630683720111847,-0.021529771387577057,0.5160342454910278,0.47671055793762207,0.015755293890833855,0.492963045835495,0.48385536670684814,0.025425411760807037,0.4250810742378235,0.42154181003570557,0.036205191165208817,0.49535059928894043,0.4333774149417877,-0.002402261830866337,0.49512284994125366,0.43582677841186523,-0.002454212633892894,0.49515601992607117,0.4389023780822754,-0.0028169804718345404,0.4954855740070343,0.44270583987236023,-0.0012422018917277455,0.4948253035545349,0.4524630904197693,0.004867057781666517,0.48505762219429016,0.43474048376083374,0.0005221190513111651,0.4840061366558075,0.4343416094779968,6.448395288316533e-05,0.4831351637840271,0.4338700771331787,-0.00042241570190526545,0.4759468138217926,0.4302757978439331,-0.0006624495727010071,0.44404879212379456,0.41990944743156433,0.005648361518979073,0.482228547334671,0.3538232743740082,-0.01742996834218502,0.47339871525764465,0.33722347021102905,-0.010615324601531029,0.46902939677238464,0.33900725841522217,-0.009113089181482792,0.48617905378341675,0.4351266026496887,0.0016862067859619856,0.44706591963768005,0.43958598375320435,0.01905965618789196,0.4801473021507263,0.33606159687042236,-0.01774728298187256,0.49271082878112793,0.4613422155380249,0.009550834074616432,0.4970558285713196,0.36308759450912476,-0.030546177178621292,0.4891403317451477,0.35754311084747314,-0.026073457673192024,0.49448567628860474,0.3538229465484619,-0.026799272745847702,0.4834228456020355,0.3778996765613556,-0.019604327157139778,0.515074610710144,0.46925318241119385,0.010685906745493412,0.5132815837860107,0.4596940875053406,0.009019112214446068,0.5034189820289612,0.46269887685775757,0.008700773119926453,0.47509026527404785,0.450456440448761,0.010434201918542385,0.47439998388290405,0.4036632478237152,-0.005662646144628525,0.4834676682949066,0.4571397602558136,0.010480932891368866,0.45860031247138977,0.408245712518692,-0.00529771763831377,0.4702232778072357,0.41446343064308167,-0.004087803419679403,0.45557543635368347,0.4235205352306366,0.0011539942352101207,0.5033783912658691,0.4726153612136841,0.01023175474256277,0.48008984327316284,0.38344722986221313,-0.014689727686345577,0.47048231959342957,0.4587211608886719,0.01708606816828251,0.48099032044410706,0.4650917649269104,0.01638941466808319,0.4678800106048584,0.44199323654174805,0.007916510105133057,0.43745261430740356,0.4310862720012665,0.0218662079423666,0.4589327871799469,0.4462429881095886,0.013490011915564537,0.43317151069641113,0.4377225637435913,0.03752435743808746,0.46727338433265686,0.42682206630706787,-0.0002808914869092405,0.48148560523986816,0.36962535977363586,-0.016644295305013657,0.4889250695705414,0.39501380920410156,-0.02630867250263691,0.48497727513313293,0.39782610535621643,-0.019113456830382347,0.4912484884262085,0.3890435993671417,-0.030973879620432854,0.46730443835258484,0.3319459855556488,-0.014654172584414482,0.4558762013912201,0.3299926519393921,-0.0178186297416687,0.44617894291877747,0.3315919041633606,-0.018553614616394043,0.4383450746536255,0.3355155885219574,-0.016671298071742058,0.4331147074699402,0.3409394919872284,-0.013077454641461372,0.431143581867218,0.3565880358219147,-0.0015469841891899705,0.41370975971221924,0.3846191465854645,0.027984226122498512,0.43954646587371826,0.36763453483581543,-0.0037480026949197054,0.44751855731010437,0.3681299686431885,-0.0062294029630720615,0.45654231309890747,0.36486154794692993,-0.007518657483160496,0.46416985988616943,0.35984209179878235,-0.007802704814821482,0.4696526825428009,0.3548552393913269,-0.007581762969493866,0.47337549924850464,0.3508773446083069,-0.007856677286326885,0.4092862904071808,0.3827281892299652,0.05150938779115677,0.4850989580154419,0.3996824324131012,-0.015613810159265995,0.48745405673980713,0.3713563084602356,-0.02492877095937729,0.4940531253814697,0.39446744322776794,-0.030214734375476837,0.49730756878852844,0.39722204208374023,-0.0263686366379261,0.49368226528167725,0.3955669701099396,-0.027011454105377197,0.4869028627872467,0.4014073610305786,-0.012563328258693218,0.498969703912735,0.39767616987228394,-0.027757039293646812,0.49927061796188354,0.3989786207675934,-0.019730713218450546,0.4713711738586426,0.3435826301574707,-0.006518526002764702,0.4758172929286957,0.34534209966659546,-0.009196490980684757,0.4789433181285858,0.3469820022583008,-0.012761331163346767,0.4405258595943451,0.35199883580207825,-0.0074982368387281895,0.4350101351737976,0.3475562036037445,-0.007976090535521507,0.5020386576652527,0.3623374104499817,-0.027208060026168823,0.5273197889328003,0.32033511996269226,0.008578511886298656,0.5082798004150391,0.3939843773841858,-0.018647564575076103,0.5382476449012756,0.27628108859062195,0.0357593297958374,0.511532723903656,0.3336021304130554,0.00038154618232510984,0.5177907943725586,0.3319573402404785,0.001899072783999145,0.5236221551895142,0.32961535453796387,0.0044777789153158665,0.5297348499298096,0.32244551181793213,0.010604893788695335,0.5063085556030273,0.3333377242088318,-0.00026036982308141887,0.5174792408943176,0.30926576256752014,-0.0036102388985455036,0.5107918381690979,0.3126112222671509,-0.005138276610523462,0.5235117673873901,0.3080122172832489,-0.00022609606094192713,0.5273880362510681,0.3093779683113098,0.003262394340708852,0.5353146195411682,0.3258494436740875,0.015249855816364288,0.532585859298706,0.45277297496795654,0.019806329160928726,0.5290247201919556,0.3186902403831482,0.010729217901825905,0.5486162304878235,0.3141656517982483,0.04558812826871872,0.5383936166763306,0.317085325717926,0.021528910845518112,0.526749312877655,0.37135523557662964,0.001271583721973002,0.5127905607223511,0.4190181791782379,-0.00977114588022232,0.5130695700645447,0.42590072751045227,-0.0058124251663684845,0.5185700058937073,0.4185907542705536,-0.004484997596591711,0.522428572177887,0.41879114508628845,0.001385326380841434,0.5176247358322144,0.4238147437572479,-0.00237525487318635,0.5210950970649719,0.4223066568374634,0.0028252245392650366,0.5318883657455444,0.4240604341030121,0.015239190310239792,0.5084177851676941,0.3906571567058563,-0.03095482662320137,0.5079473853111267,0.3823251724243164,-0.03393789753317833,0.5339741110801697,0.29796701669692993,0.004621855448931456,0.5105438828468323,0.35438042879104614,-0.005202677100896835,0.5183370113372803,0.38184240460395813,-0.013392729684710503,0.5174046754837036,0.3768916428089142,-0.01203477568924427,0.5431358814239502,0.36276331543922424,0.012007251381874084,0.5049713253974915,0.37160131335258484,-0.03163163363933563,0.5215485095977783,0.2951808571815491,-0.010590404272079468,0.5290148258209229,0.29461342096328735,-0.003659444162622094,0.531798779964447,0.2632424235343933,0.019408125430345535,0.49817007780075073,0.31360408663749695,-0.019371792674064636,0.5052573680877686,0.31763896346092224,-0.003818373428657651,0.5347934365272522,0.4145558774471283,0.016047688201069832,0.5539140105247498,0.3952796161174774,0.07746749371290207,0.5147707462310791,0.38838616013526917,-0.011046775616705418,0.5109562873840332,0.39282116293907166,-0.01201439369469881,0.5273919701576233,0.41945305466651917,0.014329459518194199,0.5262980461120605,0.42009231448173523,0.011925430037081242,0.5300815105438232,0.2872588336467743,-0.0012278084177523851,0.5184730887413025,0.38506802916526794,-0.009340650402009487,0.5114126205444336,0.30068907141685486,-0.016127899289131165,0.5111904740333557,0.2927698493003845,-0.018657784909009933,0.5081111192703247,0.2522053122520447,-0.012720586732029915,0.5317486524581909,0.27511152625083923,0.007128278259187937,0.5092943906784058,0.2726917564868927,-0.016764778643846512,0.5352157354354858,0.29219385981559753,0.009842552244663239,0.5383014678955078,0.28482407331466675,0.02144133858382702,0.513142466545105,0.4228176474571228,-0.008497552946209908,0.5181869864463806,0.4213453531265259,-0.0036771756131201982,0.5218456387519836,0.42052242159843445,0.0015535227721557021,0.5135983228683472,0.39034315943717957,-0.009899226017296314,0.5268385410308838,0.41977283358573914,0.012962153181433678,0.5250238180160522,0.4228663444519043,0.009246299043297768,0.525693416595459,0.4204886853694916,0.01162705197930336,0.5128793716430664,0.3872590661048889,-0.02059590071439743,0.5203396081924438,0.423747718334198,0.004322419874370098,0.5169345736503601,0.425637423992157,0.0008835747721605003,0.5126786828041077,0.4279286563396454,-0.002096063457429409,0.5187305808067322,0.4474767744541168,0.008345041424036026,0.5157754421234131,0.4379290044307709,0.00048574863467365503,0.5148500800132751,0.4338933229446411,-0.0013551353476941586,0.513814389705658,0.4305465817451477,-0.0009705222328193486,0.5126523971557617,0.42792943120002747,-0.0013055438175797462,0.5203319787979126,0.4237584173679352,0.004928310867398977,0.5215519666671753,0.42462223768234253,0.004821337293833494,0.5228176712989807,0.4260677099227905,0.0047127315774559975,0.5239530205726624,0.428064227104187,0.006509977392852306,0.5274481177330017,0.4042953550815582,0.0027650685515254736,0.5514990091323853,0.3504657745361328,0.07978647947311401,0.5228356122970581,0.4222637712955475,0.008799945004284382,0.523952841758728,0.4224400520324707,0.008795279078185558,0.5099651217460632,0.3968272805213928,-0.011344056576490402,0.5171076059341431,0.3905286490917206,-0.004318824503570795,0.510416567325592,0.39490941166877747,-0.011975233443081379,0.5172061920166016,0.35672125220298767,-0.0009663774399086833,0.5280855298042297,0.35861465334892273,0.003235570387914777,0.5184749364852905,0.37993982434272766,-0.007746993564069271,0.52239990234375,0.25472521781921387,0.0025455087888985872,0.5225377678871155,0.27044737339019775,-0.005318647250533104,0.5218042135238647,0.2868879735469818,-0.010571274906396866,0.5289705395698547,0.4320075511932373,0.01268670242279768,0.4981347918510437,0.3010534644126892,-0.023762201890349388,0.4952084422111511,0.27779605984687805,-0.024196304380893707,0.4921751320362091,0.2542083263397217,-0.022845949977636337,0.5278516411781311,0.32622700929641724,0.007858267053961754,0.5418603420257568,0.3291624188423157,0.020682502537965775,0.5030297040939331,0.33244943618774414,-0.00023069194867275655,0.5327053666114807,0.30964282155036926,0.009883977472782135,0.5058894157409668,0.350724995136261,-0.008955270051956177,0.5155314207077026,0.38061872124671936,-0.020694278180599213,0.550100564956665,0.33389270305633545,0.030189523473381996,0.5412957668304443,0.3372291028499603,0.01552843488752842,0.536253035068512,0.3440728187561035,0.00889703817665577,0.5251732468605042,0.3476373553276062,0.0041435519233345985,0.5160058736801147,0.3472980260848999,0.0008362949592992663,0.5093619227409363,0.34582459926605225,-0.0027298785280436277,0.4973282814025879,0.3434262275695801,-0.019447697326540947,0.5532131195068359,0.35272231698036194,0.031558144837617874,0.5361250042915344,0.30635643005371094,0.013175754807889462,0.5068118572235107,0.3952750265598297,-0.02741873450577259,0.5121434926986694,0.36353620886802673,-0.00633209478110075,0.5463088154792786,0.3111422061920166,0.06749872863292694,0.5043491125106812,0.3432469964027405,-0.005343322642147541,0.5182865858078003,0.379792183637619,-0.0012572931591421366,0.5307483673095703,0.3167996406555176,0.012438742443919182,0.514121949672699,0.3746800422668457,-0.019067568704485893,0.553521990776062,0.37197086215019226,0.08047918230295181,0.5022990107536316,0.32970377802848816,0.0007518432685174048,0.5096843838691711,0.37220093607902527,-0.026584282517433167,0.550071120262146,0.42271649837493896,0.04397670924663544,0.549103856086731,0.4305993318557739,0.0573912113904953,0.55544513463974,0.3510846793651581,0.05591791495680809,0.5545177459716797,0.4083053469657898,0.05140361189842224,0.5432926416397095,0.29805639386177063,0.035113997757434845,0.5343051552772522,0.45973891019821167,0.02561265043914318,0.5058873295783997,0.39704886078834534,-0.018606537953019142,0.5180549025535583,0.3674790859222412,-0.00217451062053442,0.5415388345718384,0.31646960973739624,0.028966881334781647,0.5218513011932373,0.32396525144577026,0.004177821334451437,0.516618013381958,0.3264129161834717,0.0018974855775013566,0.5260103940963745,0.42364242672920227,0.010809049941599369,0.554848849773407,0.37043091654777527,0.03657165914773941,0.5262652635574341,0.4748212695121765,0.02741103619337082,0.5383455753326416,0.4557373821735382,0.04060224071145058,0.5433617234230042,0.44506800174713135,0.0479128435254097,0.5112991333007812,0.32794442772865295,0.0006343175191432238,0.5063603520393372,0.32857733964920044,0.0005681865150108933,0.5035566687583923,0.3292723000049591,0.0010961209191009402,0.5379621982574463,0.30230608582496643,0.01994827203452587,0.507021427154541,0.32728493213653564,-0.0015097107971087098,0.5124824047088623,0.3265267610549927,-0.0020664797630161047,0.5180539488792419,0.3251461088657379,-0.0009040015866048634,0.523134708404541,0.32307255268096924,0.0017608024645596743,0.5261489152908325,0.3213841915130615,0.004637917038053274,0.542816162109375,0.291376531124115,0.05288323387503624,0.5251374244689941,0.3218914866447449,0.0066414023749530315,0.5217380523681641,0.4021120071411133,-0.0020969428587704897,0.5148913860321045,0.3871926963329315,-0.014007769525051117,0.512129545211792,0.40427669882774353,-0.00973606389015913,0.5445817112922668,0.43665310740470886,0.03840002045035362,0.5394793748855591,0.44796985387802124,0.032490529119968414,0.5268609523773193,0.4700573682785034,0.018968334421515465,0.552428126335144,0.41506367921829224,0.06850451231002808,0.5038149356842041,0.32846105098724365,-0.00025974487653002143,0.5041055083274841,0.35575276613235474,-0.018098440021276474,0.5331389904022217,0.46594566106796265,0.03302428871393204,0.5568052530288696,0.37085819244384766,0.05810951814055443,0.5169320106506348,0.42564207315444946,0.0016256727976724505,0.5182727575302124,0.4274073541164398,0.0016846411162987351,0.5194714665412903,0.429958701133728,0.001537428004667163,0.5206410884857178,0.43338966369628906,0.003287695115432143,0.5248058438301086,0.4401077330112457,0.009932945482432842,0.5238446593284607,0.4210692346096039,0.007555716671049595,0.5246453881263733,0.4199981987476349,0.007774092257022858,0.5252533555030823,0.4190049171447754,0.007835321128368378,0.5320882201194763,0.4084785580635071,0.009099508635699749,0.5499719977378845,0.3789781630039215,0.02268073335289955,0.5014160871505737,0.34652888774871826,-0.01382567547261715,0.49829864501953125,0.32583269476890564,-0.006058301776647568,0.5010249614715576,0.3251204490661621,-0.002554013393819332,0.5228654742240906,0.4222314655780792,0.008482616394758224,0.5522225499153137,0.3983806073665619,0.03622911125421524,0.49550923705101013,0.3288196325302124,-0.015016810968518257,0.5289121866226196,0.44605427980422974,0.015266609378159046,0.49989962577819824,0.35338953137397766,-0.024246999993920326,0.5105082392692566,0.36754706501960754,-0.015123703517019749,0.5219432711601257,0.4548460841178894,0.011452706530690193,0.5375822186470032,0.4252275824546814,0.020487304776906967,0.5242270827293396,0.3843737840652466,0.002062141429632902,0.5337260961532593,0.43630146980285645,0.018376817926764488,0.5378220081329346,0.3776266872882843,0.006902998313307762,0.5313669443130493,0.3907063901424408,0.005507540423423052,0.5441604852676392,0.38897544145584106,0.015035958960652351,0.5253281593322754,0.4632017910480499,0.013920792378485203,0.5137548446655273,0.370576411485672,-0.009110022336244583,0.5426100492477417,0.42901986837387085,0.028780201449990273,0.5375615954399109,0.4412088096141815,0.0253615602850914,0.5406241416931152,0.4132847189903259,0.020159699022769928,0.5551888942718506,0.385457843542099,0.04114022105932236,0.5472316741943359,0.41105514764785767,0.027799326926469803,0.556845486164093,0.3896840512752533,0.05831559747457504,0.537211000919342,0.3995921313762665,0.011038517579436302,0.5079643130302429,0.3595057427883148,-0.011792727746069431,0.5145227313041687,0.38517120480537415,-0.021941345185041428,0.5172173976898193,0.38545364141464233,-0.014145632274448872,0.5119958519935608,0.38098496198654175,-0.027522927150130272,0.5018328428268433,0.3166755437850952,-0.008424488827586174,0.5109096169471741,0.30777761340141296,-0.00864928774535656,0.5193518400192261,0.303445428609848,-0.006529312115162611,0.5261498093605042,0.30232077836990356,-0.0021801581606268883,0.530556321144104,0.3042844235897064,0.003100550966337323,0.5341082811355591,0.31711888313293457,0.015767140313982964,0.5527795553207397,0.33224061131477356,0.05141923949122429,0.5338760018348694,0.33099809288978577,0.012107796035706997,0.5291802883148193,0.336063951253891,0.007574575021862984,0.5213758945465088,0.33913493156433105,0.0038440406788140535,0.5133739709854126,0.34005051851272583,0.0011928505264222622,0.5072389841079712,0.33933523297309875,-0.000759862014092505,0.5031751394271851,0.33825579285621643,-0.0022674575448036194,0.5486513376235962,0.33067357540130615,0.0757647454738617,0.5169432163238525,0.3874262869358063,-0.010743007995188236,0.506500244140625,0.3640085756778717,-0.021437648683786392,0.511502206325531,0.3876037299633026,-0.02743547596037388,0.5088458061218262,0.39260250329971313,-0.024727456271648407,0.5112133026123047,0.3887295126914978,-0.024159107357263565,0.5156353116035461,0.39033013582229614,-0.008471542038023472,0.5082652568817139,0.39394068717956543,-0.026419490575790405,0.5073493719100952,0.3957582116127014,-0.018619511276483536,0.5006728768348694,0.33069273829460144,-0.0006419892306439579,0.4994186460971832,0.3349500000476837,-0.004754228517413139,0.4997028708457947,0.338065505027771,-0.009096733294427395,0.5279026627540588,0.3200375735759735,0.007369866594672203,0.530026376247406,0.3117956519126892,0.007825369015336037,0.4522145986557007,0.34922337532043457,-0.008640660904347897,0.45933473110198975,0.34690019488334656,-0.008640660904347897,0.450723260641098,0.34145620465278625,-0.008640660904347897,0.44501572847366333,0.35151180624961853,-0.008640660904347897,0.4536060392856598,0.3569636642932892,-0.008640660904347897,0.5156224966049194,0.3247319459915161,0.002756472211331129,0.5207827091217041,0.3226325213909149,0.002756472211331129,0.5139111280441284,0.3182225227355957,0.002756472211331129,0.5105127096176147,0.3267040550708771,0.002756472211331129,0.5173307657241821,0.3311302959918976,0.002756472211331129
2833.333333333335,0.50644850730896,0.4231981039047241,-0.011166208423674107,0.5046210289001465,0.3936079442501068,-0.03238920867443085,0.5038444995880127,0.4002779722213745,-0.014247787185013294,0.49244558811187744,0.366716593503952,-0.02978186309337616,0.5031948089599609,0.3852710723876953,-0.03581831604242325,0.500260055065155,0.37358179688453674,-0.03509732335805893,0.49189746379852295,0.3439280092716217,-0.023932084441184998,0.44297289848327637,0.35327452421188354,-0.006764018442481756,0.4865899384021759,0.32206857204437256,-0.02385859377682209,0.48427608609199524,0.31030896306037903,-0.02764813043177128,0.4729945957660675,0.2615834176540375,-0.02898528426885605,0.5069184899330139,0.4259229600429535,-0.009785646572709084,0.5072146654129028,0.4285578429698944,-0.007263180334120989,0.5072741508483887,0.43032190203666687,-0.0033502266742289066,0.5073400735855103,0.4303644299507141,-0.0022444615606218576,0.5081304311752319,0.43342727422714233,-0.0018718651263043284,0.5088997483253479,0.43707066774368286,-0.00224454328417778,0.5095734596252441,0.44103920459747314,-9.43275008467026e-05,0.5119653940200806,0.4510725736618042,0.007828135043382645,0.5047035217285156,0.39739710092544556,-0.02852492779493332,0.4978906810283661,0.39880725741386414,-0.02043728344142437,0.4044652581214905,0.3254229426383972,0.011712674982845783,0.46306589245796204,0.3529972732067108,-0.009653990156948566,0.4572196900844574,0.3562870919704437,-0.010058874264359474,0.45080867409706116,0.3587105870246887,-0.009263868443667889,0.4400864541530609,0.3572286367416382,-0.0056040650233626366,0.4674992263317108,0.3490448296070099,-0.008323502726852894,0.4494565725326538,0.33513131737709045,-0.01632051169872284,0.4566546678543091,0.33365991711616516,-0.015300771221518517,0.4430094361305237,0.3384726345539093,-0.014777913689613342,0.43902701139450073,0.3427276313304901,-0.012335365638136864,0.43549227714538574,0.3645249605178833,-0.002116749994456768,0.49146801233291626,0.4701083302497864,0.014158465899527073,0.4397249221801758,0.3526446223258972,-0.005355354864150286,0.410844087600708,0.36552566289901733,0.022061973810195923,0.42569783329963684,0.3604987859725952,0.0020156740210950375,0.4669764041900635,0.3942352533340454,-0.008442803286015987,0.49883314967155457,0.4239601492881775,-0.011719011701643467,0.500297486782074,0.4302932024002075,-0.007467519026249647,0.4918772280216217,0.42809420824050903,-0.008931594900786877,0.48686695098876953,0.43132495880126953,-0.004653931595385075,0.49412664771080017,0.43196815252304077,-0.005995848681777716,0.4890974462032318,0.4334242343902588,-0.0020851576700806618,0.4800490438938141,0.4435938000679016,0.007722439244389534,0.4995463490486145,0.39515289664268494,-0.032556936144828796,0.4974135756492615,0.38739749789237976,-0.03586072474718094,0.42762476205825806,0.3385625183582306,-0.014070198871195316,0.47507238388061523,0.3679933249950409,-0.011923136189579964,0.4824294149875641,0.39595627784729004,-0.019524862989783287,0.4806462824344635,0.3912436366081238,-0.0183601975440979,0.4460849463939667,0.3996361196041107,-0.0039987461641430855,0.4948093593120575,0.37639734148979187,-0.03407860919833183,0.44368264079093933,0.3257477581501007,-0.023993773385882378,0.4341689944267273,0.33113428950309753,-0.020111368969082832,0.4093383550643921,0.30817773938179016,-0.002448001876473427,0.47357502579689026,0.3253003656864166,-0.024323759600520134,0.46299612522125244,0.33455899357795715,-0.01212651003152132,0.4737461805343628,0.43720418214797974,0.006462681572884321,0.43221843242645264,0.44195884466171265,0.05637367442250252,0.48771539330482483,0.3990846276283264,-0.015581606887280941,0.4932715594768524,0.3999650180339813,-0.014352753758430481,0.47995561361312866,0.4356587529182434,0.006358999293297529,0.4813234806060791,0.4355126619338989,0.0051079317927360535,0.4287177324295044,0.3261243402957916,-0.018703650683164597,0.4821953773498535,0.3990831673145294,-0.015274876728653908,0.45670104026794434,0.32342928647994995,-0.02553095668554306,0.4542512595653534,0.31663429737091064,-0.02840607985854149,0.4350161850452423,0.27925482392311096,-0.0258181169629097,0.41887199878692627,0.3176822364330292,-0.012105530127882957,0.4447269141674042,0.297354519367218,-0.027947764843702316,0.42171987891197205,0.3353656530380249,-0.010147235356271267,0.41306954622268677,0.3317408561706543,-0.00010713940719142556,0.49956658482551575,0.42751532793045044,-0.01035741250962019,0.4930298626422882,0.43014249205589294,-0.007677957881242037,0.48797133564949036,0.4323829412460327,-0.0038252270314842463,0.4892577826976776,0.39996910095214844,-0.013622282072901726,0.48066437244415283,0.4355725347995758,0.005712348967790604,0.4845001697540283,0.4369509816169739,0.0034225021954625845,0.48204854130744934,0.4354688823223114,0.00502137141302228,0.49119603633880615,0.3963281810283661,-0.02491035871207714,0.48997199535369873,0.43422967195510864,-0.00029501522658392787,0.49502116441726685,0.4331701397895813,-0.0024954078253358603,0.5008814930915833,0.43195611238479614,-0.003811705159023404,0.5037381649017334,0.45358794927597046,0.006928066723048687,0.5023257732391357,0.44291168451309204,-0.001010050647892058,0.5017441511154175,0.4388132691383362,-0.002964932471513748,0.5013062357902527,0.43513303995132446,-0.0024892922956496477,0.5010226964950562,0.4320727288722992,-0.0027060802094638348,0.4900817573070526,0.43437013030052185,0.0005914438515901566,0.48954054713249207,0.43592166900634766,0.0004978028009645641,0.4889751672744751,0.43811899423599243,0.00021768611622974277,0.48865219950675964,0.44065219163894653,0.001626314246095717,0.4795186519622803,0.42243409156799316,-0.00452649500221014,0.41455796360969543,0.40163981914520264,0.05576596036553383,0.5043095350265503,0.39885208010673523,-0.01949714682996273,0.4861466884613037,0.4349990487098694,0.003189898794516921,0.4853455126285553,0.4358527958393097,0.0032012544106692076,0.49597039818763733,0.40250343084335327,-0.013565842062234879,0.48469603061676025,0.4029211401939392,-0.00894413236528635,0.494687557220459,0.4012635350227356,-0.014222108758985996,0.4691929221153259,0.3749602437019348,-0.00972331129014492,0.45985615253448486,0.38450562953948975,-0.008416621945798397,0.4797712564468384,0.3948656916618347,-0.014194132760167122,0.41894423961639404,0.29269248247146606,-0.015580742619931698,0.42877066135406494,0.30596673488616943,-0.021045224741101265,0.439798504114151,0.3193180561065674,-0.02468857169151306,0.48681947588920593,0.44850945472717285,0.006753743160516024,0.469716340303421,0.3146991729736328,-0.02911587618291378,0.46088841557502747,0.29132241010665894,-0.0305288378149271,0.45248332619667053,0.269459992647171,-0.03011450171470642,0.444441020488739,0.3591437339782715,-0.007427257020026445,0.4294533133506775,0.3726761043071747,0.001540629891678691,0.4701322615146637,0.3459267318248749,-0.0075070858001708984,0.4320136308670044,0.34818172454833984,-0.007909348234534264,0.47882604598999023,0.3612819015979767,-0.014507515355944633,0.48639094829559326,0.3924182653427124,-0.025806555524468422,0.42263588309288025,0.38201165199279785,0.008678765967488289,0.43629083037376404,0.3780108392238617,-0.0023970920592546463,0.44638150930404663,0.37899380922317505,-0.006359896156936884,0.45892778038978577,0.3732079565525055,-0.007625415455549955,0.46702978014945984,0.36630091071128845,-0.008253033272922039,0.47262442111968994,0.36014214158058167,-0.009739295579493046,0.4862343668937683,0.3480188846588135,-0.022269483655691147,0.427816778421402,0.4001610577106476,0.010378813371062279,0.4257822334766388,0.3486611545085907,-0.006314139813184738,0.5016351938247681,0.3982822597026825,-0.02870257757604122,0.4781240224838257,0.37666115164756775,-0.012733878567814827,0.4051729440689087,0.36317169666290283,0.04229925200343132,0.47680947184562683,0.3542305529117584,-0.010971379466354847,0.4784499704837799,0.39496907591819763,-0.007604733109474182,0.4364033341407776,0.352868914604187,-0.004418903961777687,0.48440247774124146,0.3865783214569092,-0.02431248128414154,0.42174234986305237,0.42189469933509827,0.05761279538273811,0.4687916338443756,0.34339845180511475,-0.006848491728305817,0.4894629716873169,0.3807583153247833,-0.030538367107510567,0.4571680426597595,0.4596061408519745,0.02936168760061264,0.45729881525039673,0.46755844354629517,0.042067572474479675,0.4188639223575592,0.4027097225189209,0.03281437233090401,0.4449889361858368,0.45079872012138367,0.033700186759233475,0.4112255871295929,0.3472370207309723,0.012369037605822086,0.4915020167827606,0.4782799780368805,0.019393132999539375,0.5018379092216492,0.39940953254699707,-0.019408661872148514,0.47332680225372314,0.38455888628959656,-0.009875810705125332,0.41936174035072327,0.3632762134075165,0.007607373408973217,0.45074230432510376,0.3526793420314789,-0.00934650283306837,0.4563203454017639,0.3508433997631073,-0.010115623474121094,0.48379406332969666,0.4382927715778351,0.0044610644690692425,0.43247315287590027,0.4168897867202759,0.016391057521104813,0.5040171146392822,0.48461413383483887,0.024392472580075264,0.48214948177337646,0.4801400899887085,0.031306397169828415,0.47124770283699036,0.4753865599632263,0.03584735095500946,0.4786708950996399,0.2851884663105011,-0.02933529205620289,0.5162375569343567,0.48115989565849304,0.02496699057519436,0.4609732925891876,0.3482242822647095,-0.00971250794827938,0.46502166986465454,0.34525272250175476,-0.008405931293964386,0.46763497591018677,0.34386736154556274,-0.007043557707220316,0.41930362582206726,0.3477107584476471,-0.0010033411672338843,0.463575541973114,0.3435109853744507,-0.010772044770419598,0.45857539772987366,0.34574201703071594,-0.012777813710272312,0.4535360336303711,0.3479990065097809,-0.013257339596748352,0.4480719566345215,0.3500194251537323,-0.012190598994493484,0.44432327151298523,0.3513473570346832,-0.010232444852590561,0.4032442569732666,0.34266147017478943,0.027863791212439537,0.446391224861145,0.3532533347606659,-0.008012655191123486,0.5049756169319153,0.40711236000061035,-0.011591009795665741,0.485125333070755,0.41606268286705017,-0.007839232683181763,0.4877980053424835,0.3980181813240051,-0.018413279205560684,0.49690333008766174,0.41038966178894043,-0.01214296743273735,0.48869788646698,0.33234643936157227,-0.021565468981862068,0.4693191945552826,0.4674825668334961,0.02696261741220951,0.4801449179649353,0.47309237718582153,0.023749882355332375,0.5037901997566223,0.480021595954895,0.0161067396402359,0.4446359872817993,0.45717138051986694,0.04994002729654312,0.46705442667007446,0.3430618643760681,-0.008599569089710712,0.4853286147117615,0.36340832710266113,-0.022048020735383034,0.5163153409957886,0.4764081537723541,0.01692897081375122,0.49305152893066406,0.4837195575237274,0.02648903615772724,0.4250943958759308,0.4209459722042084,0.03619718924164772,0.49518394470214844,0.43332579731941223,-0.001477474463172257,0.4949186444282532,0.4358196556568146,-0.001524793216958642,0.49491411447525024,0.4389302432537079,-0.0018603831995278597,0.4952154755592346,0.4426841735839844,-0.00025945904781110585,0.49466511607170105,0.4522937536239624,0.005815054755657911,0.484916627407074,0.4345271587371826,0.0014626175398007035,0.4838293492794037,0.4341384768486023,0.0010140241356566548,0.48292189836502075,0.4336855709552765,0.0004983616527169943,0.4753933250904083,0.42963698506355286,0.00011042753612855449,0.44397303462028503,0.4193651080131531,0.0057433973997831345,0.48248809576034546,0.3540286719799042,-0.01799350418150425,0.4736592769622803,0.3368229269981384,-0.011209019459784031,0.4692726135253906,0.33844423294067383,-0.009683588519692421,0.48605892062187195,0.4349108636379242,0.002622081432491541,0.44683223962783813,0.4389093220233917,0.019494524225592613,0.4805547893047333,0.3359149098396301,-0.01839982159435749,0.4926629066467285,0.4609629809856415,0.010520730167627335,0.49745169281959534,0.3636395335197449,-0.03109247051179409,0.4894658625125885,0.35794439911842346,-0.0266815684735775,0.49481210112571716,0.3542431592941284,-0.02742614783346653,0.48364782333374023,0.37818777561187744,-0.020003611221909523,0.5153408050537109,0.46891623735427856,0.011782716028392315,0.5135568380355835,0.45942026376724243,0.009942437522113323,0.5035637617111206,0.4624440670013428,0.009631368331611156,0.47476571798324585,0.44962263107299805,0.011488626711070538,0.4742758274078369,0.4035026431083679,-0.005699182860553265,0.4832518696784973,0.456527441740036,0.011541656218469143,0.4585905075073242,0.40798360109329224,-0.005344121716916561,0.47007352113723755,0.41416218876838684,-0.0038826505187898874,0.45543667674064636,0.42300280928611755,0.0014127042377367616,0.5035566687583923,0.47232359647750854,0.011299306526780128,0.4801839590072632,0.38357114791870117,-0.015002618543803692,0.4702913165092468,0.45801129937171936,0.018112968653440475,0.4809049963951111,0.4645792245864868,0.017468484118580818,0.46748048067092896,0.4410814940929413,0.00875085685402155,0.4373040497303009,0.4304320812225342,0.02210780791938305,0.45865827798843384,0.4454904794692993,0.014212517067790031,0.43312591314315796,0.4370286166667938,0.037786900997161865,0.46693921089172363,0.4261501431465149,0.0001743653992889449,0.48171573877334595,0.3698468506336212,-0.017066242173314095,0.4891996383666992,0.3956436216831207,-0.02662002108991146,0.48501813411712646,0.3982032239437103,-0.01934371516108513,0.49165675044059753,0.38976961374282837,-0.03136938437819481,0.46785661578178406,0.33164653182029724,-0.015281195752322674,0.45682546496391296,0.3298289179801941,-0.018495889380574226,0.44740763306617737,0.3314979076385498,-0.01923498511314392,0.4396789073944092,0.3354719281196594,-0.017367813736200333,0.434394896030426,0.34090059995651245,-0.013770708814263344,0.43188390135765076,0.35630542039871216,-0.0021433287765830755,0.4139578342437744,0.3843570947647095,0.02756650187075138,0.440552294254303,0.3672561049461365,-0.0042211334221065044,0.44858404994010925,0.36768078804016113,-0.006682292558252811,0.45752131938934326,0.3642735481262207,-0.007953813299536705,0.46492037177085876,0.35916247963905334,-0.00822493340820074,0.47014570236206055,0.35413363575935364,-0.008043726906180382,0.473703533411026,0.350229412317276,-0.00833168812096119,0.4093855321407318,0.38224488496780396,0.05091388523578644,0.4850459098815918,0.39991825819015503,-0.01580606959760189,0.487785667181015,0.3718051612377167,-0.0254110898822546,0.4944813847541809,0.3952614963054657,-0.03052785061299801,0.4977077841758728,0.39793530106544495,-0.026610117405653,0.4940492808818817,0.3963001072406769,-0.0272988174110651,0.48680827021598816,0.40155211091041565,-0.012710078619420528,0.499432772397995,0.3984004259109497,-0.02798982337117195,0.49966269731521606,0.399571031332016,-0.019897036254405975,0.4715500473976135,0.34290292859077454,-0.007067050319164991,0.47603702545166016,0.34482476115226746,-0.009727880358695984,0.4793640077114105,0.34665268659591675,-0.013323377817869186,0.4418378472328186,0.3521518111228943,-0.008110368624329567,0.4362051784992218,0.34749650955200195,-0.00861046276986599,0.5024324059486389,0.3628098964691162,-0.027729669585824013,0.5278761982917786,0.32029852271080017,0.008089579641819,0.508988618850708,0.3943163752555847,-0.01881830021739006,0.5381193161010742,0.27620062232017517,0.034976474940776825,0.5119045972824097,0.3334764540195465,-5.5203148804139346e-05,0.5181506872177124,0.3319025933742523,0.0014666240895166993,0.5239805579185486,0.32954975962638855,0.004034967627376318,0.5302312970161438,0.32225561141967773,0.010155566968023777,0.506659984588623,0.3331288993358612,-0.0007325605838559568,0.5176998376846313,0.30908718705177307,-0.0041884626261889935,0.5110264420509338,0.3124625086784363,-0.005710454657673836,0.5237670540809631,0.307843953371048,-0.0007966719567775726,0.5277055501937866,0.30920517444610596,0.0027210309635847807,0.5356283783912659,0.3255021572113037,0.014856903813779354,0.5328377485275269,0.4520300626754761,0.020959069952368736,0.5295925736427307,0.31851744651794434,0.010227484628558159,0.5480687618255615,0.3135930597782135,0.04519056901335716,0.5388537049293518,0.31657642126083374,0.02109150029718876,0.5270494818687439,0.37078559398651123,0.0011572269722819328,0.5128028392791748,0.41902223229408264,-0.009302515536546707,0.513076663017273,0.42573967576026917,-0.005241376347839832,0.5186948180198669,0.41848987340927124,-0.0039042229764163494,0.5225853323936462,0.41851162910461426,0.002206858480349183,0.5177314281463623,0.4235737919807434,-0.0016765777254477143,0.5212363600730896,0.4219801127910614,0.003710595890879631,0.5323538184165955,0.4224700331687927,0.016487423330545425,0.5090582966804504,0.3913476765155792,-0.031240221112966537,0.5085287094116211,0.38301584124565125,-0.03430412709712982,0.5340599417686462,0.29747146368026733,0.003939329646527767,0.5107182264328003,0.3541851341724396,-0.005560147110372782,0.5189632773399353,0.38167044520378113,-0.01359619665890932,0.5179417133331299,0.37667152285575867,-0.012260441668331623,0.5432103872299194,0.36175134778022766,0.011965284124016762,0.5054548978805542,0.37220853567123413,-0.03209783136844635,0.5215007066726685,0.2948721647262573,-0.011369586922228336,0.5290048122406006,0.29422301054000854,-0.004417489282786846,0.5317609906196594,0.26352643966674805,0.01848333515226841,0.49811145663261414,0.3134443461894989,-0.020109964534640312,0.505556046962738,0.3175358176231384,-0.004367263521999121,0.5352600812911987,0.4127405881881714,0.01716541312634945,0.5535080432891846,0.39364296197891235,0.07808814197778702,0.5155003070831299,0.388225257396698,-0.011175335384905338,0.5116885900497437,0.3928038477897644,-0.012129168026149273,0.5276233553886414,0.4188643991947174,0.015553697943687439,0.5265119075775146,0.41955554485321045,0.013170978054404259,0.5300586223602295,0.2869328260421753,-0.0020243548788130283,0.5191247463226318,0.3846873342990875,-0.009484034962952137,0.5113455653190613,0.30043825507164,-0.016886604949831963,0.5110792517662048,0.2927105128765106,-0.019502714276313782,0.5082342624664307,0.25302308797836304,-0.013888522982597351,0.5317145586013794,0.27566853165626526,0.006297520827502012,0.5094906091690063,0.27348077297210693,-0.01776130311191082,0.535307765007019,0.2917095124721527,0.009122987277805805,0.5381332635879517,0.2850831151008606,0.020694388076663017,0.5131489634513855,0.42271605134010315,-0.007953431457281113,0.5183082818984985,0.42114514112472534,-0.0030022813007235527,0.5220003128051758,0.42020508646965027,0.0024237518664449453,0.5143471956253052,0.39015933871269226,-0.010040565393865108,0.5270590782165527,0.41921478509902954,0.014198150485754013,0.525248646736145,0.42242899537086487,0.010536658577620983,0.5259023308753967,0.41997063159942627,0.012868751771748066,0.5135678648948669,0.3875252604484558,-0.020844250917434692,0.5204653143882751,0.42343270778656006,0.005179267376661301,0.517021119594574,0.4254007041454315,0.0015670886496081948,0.5126766562461853,0.42777395248413086,-0.001542766229249537,0.5192403793334961,0.4471743404865265,0.009110813960433006,0.515910804271698,0.4378615915775299,0.001321073155850172,0.5149785876274109,0.43390387296676636,-0.0005030696047469974,0.5138893723487854,0.43052417039871216,-9.766118455445394e-05,0.5126956701278687,0.42786598205566406,-0.0004158897208981216,0.5204729437828064,0.423480361700058,0.006038188003003597,0.521736741065979,0.4243471026420593,0.005934490356594324,0.5230581760406494,0.42576050758361816,0.005854030605405569,0.5242286324501038,0.42767786979675293,0.007680763956159353,0.5280405282974243,0.40331822633743286,0.003422583919018507,0.5509085059165955,0.3491842746734619,0.07982689142227173,0.5229929089546204,0.4218808114528656,0.0100249033421278,0.5241454839706421,0.4220419228076935,0.01004595123231411,0.510607123374939,0.3968753218650818,-0.011381315067410469,0.5177830457687378,0.39003121852874756,-0.004375247750431299,0.5111119151115417,0.3949310779571533,-0.012065722607076168,0.5173379778862,0.3563355505466461,-0.0012543877819553018,0.5281941890716553,0.35799726843833923,0.00300138583406806,0.5190255641937256,0.37956058979034424,-0.00791078433394432,0.5224335193634033,0.2553054988384247,0.0015233716694638133,0.5226250886917114,0.27121701836586,-0.006241925060749054,0.5217481255531311,0.28674575686454773,-0.011415799148380756,0.529484748840332,0.4308965802192688,0.013874498195946217,0.4979834258556366,0.30114489793777466,-0.02458050101995468,0.49545538425445557,0.27856266498565674,-0.025207288563251495,0.49238401651382446,0.2551760673522949,-0.02408720925450325,0.5282949805259705,0.32611963152885437,0.007420216221362352,0.5421018004417419,0.32862815260887146,0.020371077582240105,0.5033802390098572,0.33221110701560974,-0.0007253265357576311,0.5330302119255066,0.3093223571777344,0.009352125227451324,0.5060826539993286,0.3506982922554016,-0.009385399520397186,0.5161485075950623,0.38079458475112915,-0.02097845822572708,0.5497082471847534,0.3331241011619568,0.029968632385134697,0.5413668751716614,0.33670246601104736,0.015278549864888191,0.5362475514411926,0.34353673458099365,0.00866575725376606,0.5252471566200256,0.34711164236068726,0.0038506020791828632,0.5161516666412354,0.34682250022888184,0.000505263393279165,0.5095216035842896,0.3454001545906067,-0.00311725540086627,0.49756157398223877,0.3436342477798462,-0.020093878731131554,0.552984356880188,0.35155925154685974,0.0315437875688076,0.5364154577255249,0.3058828115463257,0.012629657052457333,0.5074412226676941,0.3958898186683655,-0.027647066861391068,0.5124645829200745,0.36334097385406494,-0.006632653530687094,0.5458054542541504,0.31035709381103516,0.06706555932760239,0.5045033097267151,0.34292978048324585,-0.005802283063530922,0.5187979936599731,0.37926119565963745,-0.0013767549535259604,0.5312440395355225,0.3165731132030487,0.011944630183279514,0.5146442651748657,0.3747687041759491,-0.019388562068343163,0.5530208349227905,0.3704847991466522,0.08077570796012878,0.502737820148468,0.32949668169021606,0.0002317681210115552,0.5101767182350159,0.3725982904434204,-0.026996977627277374,0.5499787330627441,0.4211791157722473,0.045000944286584854,0.5489833950996399,0.4291542172431946,0.058447886258363724,0.5549707412719727,0.34990194439888,0.05592180788516998,0.5543203353881836,0.4066803455352783,0.052182238548994064,0.5429387092590332,0.2978838086128235,0.034529369324445724,0.5345727801322937,0.4590683877468109,0.026814846321940422,0.5064944624900818,0.3975452780723572,-0.018745047971606255,0.5183688998222351,0.36705735325813293,-0.002387864515185356,0.542129635810852,0.3157324194908142,0.028541572391986847,0.5223042368888855,0.3240925073623657,0.0037032465916126966,0.5170323252677917,0.32652077078819275,0.0014252568362280726,0.5262609124183655,0.4231276214122772,0.012102765031158924,0.554757833480835,0.3690228760242462,0.03680383414030075,0.526658296585083,0.4743759036064148,0.02859008125960827,0.5385720729827881,0.4548158049583435,0.04182550683617592,0.5434211492538452,0.4438669979572296,0.0491173192858696,0.5117196440696716,0.3279670178890228,0.00015689509746152908,0.5067646503448486,0.328472375869751,7.642462151125073e-05,0.5039632320404053,0.3290913999080658,0.0005855319323018193,0.5383067727088928,0.3017405867576599,0.019371801987290382,0.5074730515480042,0.32716917991638184,-0.0020321719348430634,0.5129486322402954,0.32648342847824097,-0.0026127654127776623,0.5185346007347107,0.3251345455646515,-0.00145437172614038,0.5236412286758423,0.3230241537094116,0.0012146646622568369,0.5266904830932617,0.32129502296447754,0.004103511106222868,0.5425359606742859,0.2909233570098877,0.052242785692214966,0.525657057762146,0.32195380330085754,0.006163380108773708,0.5223554372787476,0.4014985263347626,-0.0017456758068874478,0.5156071782112122,0.3871590793132782,-0.014214040711522102,0.5127310752868652,0.40423789620399475,-0.00957503728568554,0.5445881485939026,0.43534061312675476,0.039616409689188004,0.5396231412887573,0.4469738304615021,0.03372765704989433,0.5271462202072144,0.46960151195526123,0.02014680579304695,0.5521348714828491,0.4134550094604492,0.06934301555156708,0.504260778427124,0.3282899558544159,-0.0007838400197215378,0.5044253468513489,0.3559856712818146,-0.018594888970255852,0.5334977507591248,0.4653077721595764,0.034238796681165695,0.5564408302307129,0.36943480372428894,0.0583498552441597,0.5170493721961975,0.4254795014858246,0.0026136154774576426,0.5184308886528015,0.42726147174835205,0.0026752431876957417,0.5196902751922607,0.42981410026550293,0.0025473374407738447,0.5208886861801147,0.4331636130809784,0.004319451283663511,0.525381863117218,0.4394441246986389,0.010960490442812443,0.5240008234977722,0.42064809799194336,0.008641339838504791,0.5248141884803772,0.4195626378059387,0.008872302249073982,0.5254330635070801,0.4185648560523987,0.0089109493419528,0.5326426029205322,0.4070292115211487,0.010031054727733135,0.5500658750534058,0.3776443600654602,0.022962886840105057,0.5016292333602905,0.3466540575027466,-0.014363915659487247,0.49857839941978455,0.3257242739200592,-0.006623439025133848,0.5013826489448547,0.32499992847442627,-0.0031142071820795536,0.523015022277832,0.4218378961086273,0.009536934085190296,0.5522631406784058,0.39680561423301697,0.036874450743198395,0.4955798089504242,0.32873788475990295,-0.015684418380260468,0.5292401909828186,0.4452590346336365,0.016321705654263496,0.50021892786026,0.35373440384864807,-0.02484545297920704,0.5109039545059204,0.3676108717918396,-0.01548593956977129,0.5222746133804321,0.4543885886669159,0.012421750463545322,0.5377820134162903,0.42369183897972107,0.021701354533433914,0.5246860980987549,0.3836837708950043,0.002103217411786318,0.5339843034744263,0.43509331345558167,0.019560670480132103,0.538094699382782,0.376764178276062,0.006981518119573593,0.5317528247833252,0.3898288309574127,0.005842695944011211,0.5443861484527588,0.3877459764480591,0.015450473874807358,0.5255997180938721,0.46270811557769775,0.01503399945795536,0.5141640901565552,0.3703768253326416,-0.009378748945891857,0.5427036285400391,0.42759934067726135,0.02998664416372776,0.5377178192138672,0.4401099681854248,0.026579327881336212,0.5408447980880737,0.4115954339504242,0.021186476573348045,0.5551348924636841,0.38389867544174194,0.04160379618406296,0.5473505258560181,0.4094776213169098,0.028722910210490227,0.5565361380577087,0.38811445236206055,0.05882025137543678,0.5375576019287109,0.39820605516433716,0.011673484928905964,0.5082773566246033,0.35954803228378296,-0.012184804305434227,0.5151993036270142,0.3854185938835144,-0.02221534587442875,0.5179047584533691,0.3853449523448944,-0.014334291219711304,0.5126153230667114,0.3814649283885956,-0.027849767357110977,0.5020164847373962,0.31657710671424866,-0.009003952145576477,0.5110213160514832,0.3076286017894745,-0.00927588902413845,0.5194482803344727,0.30329465866088867,-0.007174710277467966,0.5262629389762878,0.30214637517929077,-0.002802224364131689,0.530746579170227,0.3040255904197693,0.002507604192942381,0.5345506072044373,0.3167497515678406,0.015300481580197811,0.5522156953811646,0.33135947585105896,0.05123046040534973,0.5341370105743408,0.3306558430194855,0.011740271002054214,0.5293728709220886,0.33575689792633057,0.007213979959487915,0.5216009020805359,0.33883994817733765,0.003479472827166319,0.5136454105377197,0.33973389863967896,0.000810578465461731,0.5075113773345947,0.3389982283115387,-0.0011963380966335535,0.5034348368644714,0.33794456720352173,-0.0027309067081660032,0.5480601191520691,0.32963213324546814,0.07556650787591934,0.5176369547843933,0.3871530294418335,-0.010895435698330402,0.5068899393081665,0.3643302619457245,-0.021891623735427856,0.5121873021125793,0.3881223201751709,-0.027723440900444984,0.5095479488372803,0.39306217432022095,-0.024955442175269127,0.511909544467926,0.3891431391239166,-0.024423249065876007,0.5163569450378418,0.389991819858551,-0.008581898175179958,0.5089350938796997,0.39448803663253784,-0.026641085743904114,0.508013129234314,0.3961679935455322,-0.01877332665026188,0.5010555982589722,0.3304901719093323,-0.0011729542165994644,0.4996911883354187,0.3347295820713043,-0.005291177425533533,0.4998442828655243,0.3378872275352478,-0.009652281180024147,0.5284595489501953,0.31991076469421387,0.00684644840657711,0.5304243564605713,0.3115999400615692,0.007306274026632309,0.45397043228149414,0.34851500391960144,-0.009221551939845085,0.4605199694633484,0.34624144434928894,-0.009221551939845085,0.452619343996048,0.3411746621131897,-0.009221551939845085,0.4473244845867157,0.350801944732666,-0.009221551939845085,0.4552339017391205,0.3558838963508606,-0.009221551939845085,0.5164696574211121,0.3246263861656189,0.0022463153582066298,0.5217724442481995,0.3225414454936981,0.0022463153582066298,0.5148010849952698,0.31815141439437866,0.0022463153582066298,0.5111905932426453,0.32663029432296753,0.0022463153582066298,0.518135666847229,0.33096393942832947,0.0022463153582066298
2866.6666666666683,0.5128318071365356,0.4234134256839752,-0.010983510874211788,0.5143707990646362,0.3920913636684418,-0.031924057751894,0.5124306678771973,0.3990209698677063,-0.013987534679472446,0.5007325410842896,0.36603689193725586,-0.029900718480348587,0.5128957033157349,0.383825421333313,-0.03530476614832878,0.509317934513092,0.372367799282074,-0.034600574523210526,0.49863070249557495,0.3432874381542206,-0.023750988766551018,0.44691357016563416,0.35559868812561035,-0.010260246694087982,0.4921540915966034,0.3216893672943115,-0.023713763803243637,0.4895743131637573,0.31014424562454224,-0.027465295046567917,0.47634437680244446,0.2615647315979004,-0.02882898598909378,0.5133592486381531,0.4259016215801239,-0.009634760208427906,0.5137054324150085,0.4282286465167999,-0.007153685670346022,0.5138157606124878,0.4297841787338257,-0.0032517563086003065,0.513770580291748,0.42972487211227417,-0.0020782577339559793,0.5146199464797974,0.43261703848838806,-0.00167681067250669,0.5154829025268555,0.4361005425453186,-0.0020152011420577765,0.5163065195083618,0.43995165824890137,0.00015255539619829506,0.5200669765472412,0.44847044348716736,0.008051829412579536,0.5141927003860474,0.3959486186504364,-0.028114905580878258,0.506850004196167,0.39810457825660706,-0.020524512976408005,0.40572986006736755,0.3300921618938446,0.005979462526738644,0.46745237708091736,0.35458797216415405,-0.011841582134366035,0.4617808163166046,0.3581696152687073,-0.012728257104754448,0.455349326133728,0.3609488606452942,-0.01239720918238163,0.44408130645751953,0.3597002923488617,-0.009373374283313751,0.47171178460121155,0.3504909574985504,-0.010093308053910732,0.45339831709861755,0.3375457525253296,-0.019032688811421394,0.46056067943573,0.33572885394096375,-0.017450585961341858,0.44689297676086426,0.34117844700813293,-0.017958249896764755,0.4427967965602875,0.3455537259578705,-0.01581774279475212,0.4397448003292084,0.3675145208835602,-0.0062510184943675995,0.49951663613319397,0.4695747494697571,0.01237623579800129,0.44339773058891296,0.3548867106437683,-0.009048646315932274,0.4129827320575714,0.3704036772251129,0.016129858791828156,0.429241806268692,0.3642273545265198,-0.002679501660168171,0.4738757312297821,0.39547494053840637,-0.010727697052061558,0.505456805229187,0.4246358871459961,-0.012138579040765762,0.5070151090621948,0.4302952289581299,-0.007929711602628231,0.4989126920700073,0.4288085699081421,-0.010079821571707726,0.494099885225296,0.43196335434913635,-0.006399158388376236,0.5010606050491333,0.43217983841896057,-0.007054971996694803,0.496165007352829,0.4337460696697235,-0.00359627278521657,0.4875698387622833,0.4441761076450348,0.005319785326719284,0.5093458890914917,0.3940635919570923,-0.03240298107266426,0.5071171522140503,0.38638442754745483,-0.03573357313871384,0.4315473139286041,0.3423519730567932,-0.018348010256886482,0.4813503623008728,0.368436723947525,-0.013381224125623703,0.4908617436885834,0.39625388383865356,-0.020676933228969574,0.4886975884437561,0.3915453553199768,-0.01957794651389122,0.4520965814590454,0.4024902582168579,-0.007960345596075058,0.5039116740226746,0.37555211782455444,-0.03408327326178551,0.4484234154224396,0.32849210500717163,-0.026927422732114792,0.43852874636650085,0.3344704508781433,-0.023826299235224724,0.41135045886039734,0.31216034293174744,-0.007486626040190458,0.47862508893013,0.32615938782691956,-0.025184297934174538,0.4668167531490326,0.3362966477870941,-0.013866199180483818,0.4811030328273773,0.43842828273773193,0.0035416269674897194,0.4346315264701843,0.4464643597602844,0.05049394443631172,0.49619260430336,0.3991694748401642,-0.0163510013371706,0.5018121004104614,0.399519681930542,-0.014673933386802673,0.48716452717781067,0.4360952079296112,0.0037931096740067005,0.48849132657051086,0.43593630194664,0.0028608462307602167,0.4327252209186554,0.3298248052597046,-0.022668732330203056,0.4903847873210907,0.3993372917175293,-0.0164338331669569,0.4616944491863251,0.32535168528556824,-0.02748679555952549,0.459179550409317,0.31862378120422363,-0.03037772886455059,0.43839341402053833,0.28132954239845276,-0.02850041165947914,0.4223650097846985,0.32121792435646057,-0.01656503416597843,0.4493570029735565,0.29917559027671814,-0.03025520034134388,0.42506441473960876,0.33948707580566406,-0.014734824188053608,0.4158323407173157,0.33593320846557617,-0.005236878991127014,0.5062553286552429,0.42784494161605835,-0.010809403844177723,0.5000132322311401,0.43059268593788147,-0.008802050724625587,0.4951157867908478,0.4328644275665283,-0.005436182487756014,0.497658908367157,0.39988505840301514,-0.014282172545790672,0.48784762620925903,0.436000794172287,0.003337831934913993,0.49166131019592285,0.4372420608997345,0.0014845241094008088,0.48920974135398865,0.4358816146850586,0.0028306127060204744,0.5002433061599731,0.39623546600341797,-0.025517145171761513,0.4969876706600189,0.434450626373291,-0.0017338312463834882,0.5019181966781616,0.4332161247730255,-0.003508766181766987,0.5076121687889099,0.43174976110458374,-0.004314010497182608,0.5119583606719971,0.4516710042953491,0.006564643234014511,0.5093504786491394,0.44227537512779236,-0.0013959184288978577,0.508599579334259,0.43826696276664734,-0.0033874772489070892,0.5080316066741943,0.4347234070301056,-0.0029483563266694546,0.5076520442962646,0.4317777156829834,-0.0031549858395010233,0.4970208406448364,0.43454521894454956,-0.0008280481561087072,0.49653851985931396,0.43607378005981445,-0.0008969613118097186,0.49608275294303894,0.43825390934944153,-0.0011893039336428046,0.49588942527770996,0.4407738149166107,8.407535642618313e-05,0.4873614013195038,0.42291221022605896,-0.006527457851916552,0.4156099557876587,0.4067852795124054,0.04921312630176544,0.5134249925613403,0.3975489139556885,-0.01921144127845764,0.49320313334465027,0.4353066384792328,0.0013019375037401915,0.4924429655075073,0.43614330887794495,0.0013313960516825318,0.5045654773712158,0.40177735686302185,-0.013838564977049828,0.49267762899398804,0.4029980003833771,-0.009870620444417,0.5032668113708496,0.4006724953651428,-0.014512225985527039,0.4755061864852905,0.3757953643798828,-0.011740066111087799,0.4662109613418579,0.3860969841480255,-0.011229382827877998,0.4876442849636078,0.3952086567878723,-0.015506364405155182,0.42170441150665283,0.2958287000656128,-0.019561873748898506,0.43293845653533936,0.3087403178215027,-0.024555498734116554,0.4443066120147705,0.32225874066352844,-0.027771705761551857,0.494625985622406,0.4483853578567505,0.0048675090074539185,0.4746958911418915,0.3156573474407196,-0.030011048540472984,0.4655766189098358,0.29223352670669556,-0.03160692751407623,0.4560162127017975,0.27052247524261475,-0.03132559731602669,0.4487358331680298,0.3616188168525696,-0.010961462743580341,0.4337916672229767,0.3762439489364624,-0.0030792776960879564,0.474264919757843,0.34731537103652954,-0.009087421000003815,0.4357719123363495,0.3514568507671356,-0.012031426653265953,0.4851550757884979,0.36151987314224243,-0.01562435645610094,0.49524831771850586,0.3924717903137207,-0.026598243042826653,0.4264453947544098,0.3863365650177002,0.003368064761161804,0.44144725799560547,0.3811433017253876,-0.00671355938538909,0.4521975517272949,0.38147738575935364,-0.010005531832575798,0.4646627902984619,0.37490007281303406,-0.01042843610048294,0.47240808606147766,0.3675270974636078,-0.010349271818995476,0.4777733385562897,0.3611769676208496,-0.011292824521660805,0.4929678738117218,0.34774044156074524,-0.02262745425105095,0.4320954978466034,0.40444043278694153,0.005042554344981909,0.429353266954422,0.3524293005466461,-0.010874725878238678,0.5111035704612732,0.39712321758270264,-0.02855006791651249,0.48498937487602234,0.3769991993904114,-0.014070850796997547,0.4057615399360657,0.36842837929725647,0.03586210310459137,0.48191359639167786,0.35511472821235657,-0.012162498198449612,0.48592349886894226,0.395397424697876,-0.009006699547171593,0.4400741457939148,0.3554815649986267,-0.00834459438920021,0.4927845597267151,0.38661134243011475,-0.025148464366793633,0.4232858121395111,0.42687520384788513,0.051320768892765045,0.4725901484489441,0.34490659832954407,-0.008491992950439453,0.49824053049087524,0.3803544342517853,-0.0309615395963192,0.4627208709716797,0.46263062953948975,0.02511805109679699,0.4620828330516815,0.47058504819869995,0.03767254576086998,0.42144912481307983,0.40773892402648926,0.02675354853272438,0.4495331048965454,0.4546675682067871,0.0287260003387928,0.4135216176509857,0.35180872678756714,0.006775759160518646,0.4994558095932007,0.47788798809051514,0.017374232411384583,0.5109574198722839,0.3982917070388794,-0.01928352378308773,0.48015478253364563,0.38522589206695557,-0.011591354385018349,0.42235463857650757,0.36751681566238403,0.002387434709817171,0.455070823431015,0.35496750473976135,-0.01238018088042736,0.46068117022514343,0.3528643250465393,-0.012779919430613518,0.4910457730293274,0.4385831952095032,0.002354950411245227,0.43693554401397705,0.4211176633834839,0.011141945607960224,0.5120313167572021,0.48301970958709717,0.023267272859811783,0.4890197813510895,0.48080116510391235,0.028515338897705078,0.4772182106971741,0.47716832160949707,0.0322883166372776,0.48306822776794434,0.28509971499443054,-0.029149038717150688,0.524094820022583,0.4783778190612793,0.024862023070454597,0.46515825390815735,0.3499843180179596,-0.011974630877375603,0.46899932622909546,0.3468441665172577,-0.010362845845520496,0.47152063250541687,0.34539687633514404,-0.008819004520773888,0.42227548360824585,0.3518877923488617,-0.005978866014629602,0.46716246008872986,0.3448539972305298,-0.012704959139227867,0.4620612859725952,0.3469608724117279,-0.015017961151897907,0.45702993869781494,0.34929347038269043,-0.01589112915098667,0.4516131281852722,0.3515457510948181,-0.015233592130243778,0.447938472032547,0.35311606526374817,-0.013531901873648167,0.40401655435562134,0.3477279245853424,0.02170143462717533,0.45054495334625244,0.35562410950660706,-0.011340993456542492,0.5133253931999207,0.4054776132106781,-0.011332497000694275,0.49323907494544983,0.4160211980342865,-0.009237580932676792,0.4964495301246643,0.39815619587898254,-0.019157305359840393,0.5053654313087463,0.40938279032707214,-0.012523921206593513,0.4945838153362274,0.3318250775337219,-0.02142869122326374,0.4757803976535797,0.4693915843963623,0.02348972111940384,0.4873051047325134,0.4739467203617096,0.021002236753702164,0.5121731162071228,0.4783589839935303,0.014977539889514446,0.4482138156890869,0.46102219820022583,0.04473355785012245,0.4708075523376465,0.34454670548439026,-0.010382894426584244,0.49264398217201233,0.3632408380508423,-0.022655164822936058,0.5245057344436646,0.4735765755176544,0.016762789338827133,0.5006959438323975,0.48324233293533325,0.024459104984998703,0.42802080512046814,0.4258442521095276,0.030325714498758316,0.5019829273223877,0.4332996606826782,-0.0024450672790408134,0.5018028616905212,0.43575266003608704,-0.002509490819647908,0.5019294619560242,0.43879643082618713,-0.0028556331526488066,0.5023864507675171,0.44249391555786133,-0.0013116415357217193,0.5027657747268677,0.45129913091659546,0.0045667290687561035,0.49205994606018066,0.4349163770675659,-0.00048696037265472114,0.4910295307636261,0.4345993995666504,-0.001116796163842082,0.49019405245780945,0.4342154562473297,-0.0017479961970821023,0.482986181974411,0.4305553734302521,-0.002513129496946931,0.449636846780777,0.42272573709487915,0.0013443552888929844,0.48902133107185364,0.3540235459804535,-0.01873023435473442,0.4778994023799896,0.3379242420196533,-0.012248579412698746,0.4731201231479645,0.3398745059967041,-0.011205905117094517,0.4931604862213135,0.4352356195449829,0.0007434351136907935,0.45218855142593384,0.4423777163028717,0.014917105436325073,0.48556238412857056,0.3364914059638977,-0.01895398274064064,0.5006386637687683,0.46027714014053345,0.009056641720235348,0.5057328343391418,0.36263737082481384,-0.030692432075738907,0.49701881408691406,0.3574676811695099,-0.02686103992164135,0.5023446083068848,0.35341721773147583,-0.027142802253365517,0.4913080334663391,0.378201425075531,-0.02083050273358822,0.5236073136329651,0.46607547998428345,0.011716077104210854,0.5216932892799377,0.45668748021125793,0.010002441704273224,0.511835515499115,0.4606022834777832,0.008999266661703587,0.4819794297218323,0.45076724886894226,0.008685342967510223,0.4816659688949585,0.4042739272117615,-0.0075575984083116055,0.490817666053772,0.4568222761154175,0.009395655244588852,0.4654175341129303,0.41004347801208496,-0.00838850811123848,0.4774174094200134,0.4153861105442047,-0.006317804101854563,0.4620148539543152,0.42554396390914917,-0.0021661443170160055,0.5120159983634949,0.47055166959762573,0.010326067917048931,0.4875943064689636,0.38382452726364136,-0.016163883730769157,0.4771623909473419,0.459688276052475,0.014869468286633492,0.48832041025161743,0.46518927812576294,0.014995275996625423,0.4744625389575958,0.44288185238838196,0.005384562071412802,0.4418732821941376,0.434520959854126,0.01702384278178215,0.46492817997932434,0.4481467008590698,0.010339377447962761,0.43662214279174805,0.4415992498397827,0.03216381371021271,0.47410666942596436,0.42778342962265015,-0.0028293330688029528,0.48875758051872253,0.3699423372745514,-0.01805865950882435,0.4982779622077942,0.3956519663333893,-0.027285300195217133,0.4936133921146393,0.3984444737434387,-0.020268114283680916,0.5010117292404175,0.38935044407844543,-0.03176978975534439,0.47212013602256775,0.33314216136932373,-0.016672849655151367,0.46127820014953613,0.33204811811447144,-0.020610200241208076,0.4518696069717407,0.33413299918174744,-0.022008854895830154,0.4439679980278015,0.3384281396865845,-0.02075057476758957,0.43839025497436523,0.3440820276737213,-0.017613839358091354,0.4355822503566742,0.3595140874385834,-0.006373573560267687,0.41628700494766235,0.3893722593784332,0.02146170102059841,0.4452180862426758,0.3699468672275543,-0.0080785620957613,0.4536430537700653,0.3700087070465088,-0.010037408210337162,0.46258509159088135,0.36604371666908264,-0.010690728202462196,0.4697258472442627,0.36054155230522156,-0.010318033397197723,0.4747203290462494,0.35535988211631775,-0.00965489074587822,0.4782272279262543,0.3513447344303131,-0.009642166085541248,0.41014665365219116,0.3874451220035553,0.04433122277259827,0.49343231320381165,0.40008270740509033,-0.016743794083595276,0.49584004282951355,0.3714776933193207,-0.02593798004090786,0.5040004849433899,0.39479145407676697,-0.03075057454407215,0.5069108605384827,0.39727842807769775,-0.026616767048835754,0.5032834410667419,0.39598533511161804,-0.027594756335020065,0.49502503871917725,0.40154361724853516,-0.01349268015474081,0.5088180899620056,0.39750438928604126,-0.027905339375138283,0.5087219476699829,0.39869216084480286,-0.019886456429958344,0.4755556285381317,0.3442589044570923,-0.008453008718788624,0.4804840683937073,0.34582701325416565,-0.010759182274341583,0.48438239097595215,0.34740668535232544,-0.014152826741337776,0.4455118477344513,0.3541342318058014,-0.011604825966060162,0.4399241805076599,0.3503184914588928,-0.01233744714409113,0.5103282332420349,0.3615267276763916,-0.026878057047724724,0.5298498868942261,0.31724539399147034,0.011718394234776497,0.5177652835845947,0.3927970826625824,-0.018169112503528595,0.5364236235618591,0.273722767829895,0.04003714397549629,0.5153955221176147,0.3316158056259155,0.0023640464060008526,0.5213931798934937,0.32942429184913635,0.004309662617743015,0.526899516582489,0.3267127275466919,0.007262600120157003,0.53204745054245,0.3191463053226471,0.013921581208705902,0.5103636980056763,0.33199548721313477,0.001146314898505807,0.5205143094062805,0.30775994062423706,-0.001090019941329956,0.5141253471374512,0.3116467595100403,-0.003260144265368581,0.5261991620063782,0.3059200942516327,0.0027075072284787893,0.5297834873199463,0.3067760467529297,0.006448277737945318,0.5374053120613098,0.3221619725227356,0.018849406391382217,0.5389125347137451,0.44817835092544556,0.022459620609879494,0.5312455892562866,0.31528374552726746,0.013993575237691402,0.5471246242523193,0.3105551600456238,0.05029982700943947,0.539402961730957,0.3132445216178894,0.02548745647072792,0.5320125818252563,0.3682391941547394,0.0035109957680106163,0.5189040303230286,0.4188156723976135,-0.008537358604371548,0.5193820595741272,0.42495137453079224,-0.004615523386746645,0.5246309041976929,0.41761085391044617,-0.0026136357337236404,0.5285081267356873,0.41711220145225525,0.003868387546390295,0.5239145159721375,0.4223741590976715,-0.0005875680944882333,0.5273779034614563,0.42042818665504456,0.005071689374744892,0.5373638272285461,0.4196363389492035,0.01849794201552868,0.5184714198112488,0.3896104395389557,-0.030467677861452103,0.5178015232086182,0.38131654262542725,-0.03342536836862564,0.5356861352920532,0.29457950592041016,0.008228207007050514,0.515807032585144,0.3524252772331238,-0.004012085497379303,0.5259681344032288,0.3795759975910187,-0.011943371035158634,0.5244956016540527,0.37462085485458374,-0.010577119886875153,0.5466039180755615,0.35839277505874634,0.01566670835018158,0.5141367316246033,0.37072187662124634,-0.031147506088018417,0.524472713470459,0.29375743865966797,-0.008326590992510319,0.5313101410865784,0.2920602560043335,-0.0006775445071980357,0.5305745601654053,0.261345773935318,0.02316473051905632,0.5028842687606812,0.3146704137325287,-0.01895173266530037,0.5088643431663513,0.3169700801372528,-0.002378705656155944,0.539862334728241,0.40989673137664795,0.019565636292099953,0.5527774095535278,0.3893281817436218,0.08215107768774033,0.5229054093360901,0.38643115758895874,-0.009936602786183357,0.5195853114128113,0.3912200629711151,-0.011430912651121616,0.5337194800376892,0.41668224334716797,0.01761816255748272,0.5326811671257019,0.4174554646015167,0.01500903069972992,0.5317729711532593,0.2844584584236145,0.0019431521650403738,0.5258452296257019,0.38256680965423584,-0.007898660376667976,0.5150896310806274,0.3006093204021454,-0.014734607189893723,0.5145629048347473,0.29256564378738403,-0.017268093302845955,0.5096273422241211,0.2516250014305115,-0.010965609923005104,0.5319997668266296,0.2732393741607666,0.01057522278279066,0.5121544599533081,0.2720155715942383,-0.015226390212774277,0.5362481474876404,0.28867262601852417,0.013683528639376163,0.5378445982933044,0.28238508105278015,0.025479814037680626,0.519358217716217,0.42220449447631836,-0.00723253283649683,0.5243682861328125,0.42010343074798584,-0.0018155070720240474,0.5280260443687439,0.41872623562812805,0.003923797979950905,0.5218143463134766,0.38838887214660645,-0.009038999676704407,0.5331894159317017,0.41707590222358704,0.0161101296544075,0.5313817262649536,0.42039909958839417,0.012223095633089542,0.5320906639099121,0.41791999340057373,0.01465325616300106,0.5218278169631958,0.3858684003353119,-0.019551606848835945,0.5267288684844971,0.42181289196014404,0.006486909929662943,0.5233277082443237,0.42407938838005066,0.0025818762369453907,0.5190799832344055,0.42680996656417847,-0.0009124025236815214,0.5265955924987793,0.4442511200904846,0.009852267801761627,0.5224125385284424,0.4363662600517273,0.0021280681248754263,0.5213452577590942,0.432529091835022,0.00031446348293684423,0.5202099084854126,0.42930862307548523,0.000669703702442348,0.5189908146858215,0.4268210232257843,0.0002865631249733269,0.5266829133033752,0.42183369398117065,0.007393145002424717,0.5279070734977722,0.4225642681121826,0.007316304370760918,0.5292165875434875,0.42385926842689514,0.007333023939281702,0.5304072499275208,0.4256598651409149,0.0092470683157444,0.5338733792304993,0.4006434679031372,0.005346194840967655,0.549274206161499,0.34561821818351746,0.08446037769317627,0.5291987061500549,0.4200366735458374,0.011639340780675411,0.5303057432174683,0.4200976490974426,0.011674991808831692,0.518592894077301,0.3953041136264801,-0.010632265359163284,0.5245627164840698,0.387940913438797,-0.003124746959656477,0.5190756320953369,0.3933696150779724,-0.011372042819857597,0.5219824314117432,0.3542378842830658,0.0007734997197985649,0.5323895215988159,0.3553774654865265,0.005683914292603731,0.5253151655197144,0.37743639945983887,-0.0062351468950510025,0.5223508477210999,0.25344371795654297,0.005511727649718523,0.5238807797431946,0.26916438341140747,-0.002704672049731016,0.5242376327514648,0.2852591574192047,-0.008203569799661636,0.5351463556289673,0.42793816328048706,0.015620986931025982,0.5024542808532715,0.30236804485321045,-0.023311149328947067,0.4991239905357361,0.2777478098869324,-0.02378411591053009,0.494883269071579,0.2543489336967468,-0.022496862336993217,0.5306229591369629,0.3230544924736023,0.010973986238241196,0.5434463620185852,0.32509881258010864,0.024747872725129128,0.5072023868560791,0.3315480649471283,0.0009377312962897122,0.5344805121421814,0.3062669336795807,0.01348515972495079,0.5115113258361816,0.34922710061073303,-0.008092446252703667,0.5239313244819641,0.3788677752017975,-0.019498514011502266,0.5507182478904724,0.32956579327583313,0.034808941185474396,0.543921172618866,0.3330853283405304,0.019406618550419807,0.5398800373077393,0.34027186036109924,0.012230915948748589,0.529561460018158,0.344582736492157,0.006573827937245369,0.5207172632217407,0.3449787497520447,0.002612026873975992,0.5143206715583801,0.34413018822669983,-0.001536966417916119,0.5038356781005859,0.34270724654197693,-0.019410820677876472,0.5547061562538147,0.3476725220680237,0.036285072565078735,0.5373512506484985,0.3027796149253845,0.01706184633076191,0.5167412757873535,0.3943159282207489,-0.02699468284845352,0.5181147456169128,0.36155468225479126,-0.005074417684227228,0.5435816645622253,0.3075678050518036,0.07219918817281723,0.5095047950744629,0.34213152527809143,-0.004533789586275816,0.5246908068656921,0.37716904282569885,0.00022672011982649565,0.5327317714691162,0.3135411739349365,0.01586594618856907,0.5218642950057983,0.3728814423084259,-0.01792229525744915,0.551841676235199,0.3664456903934479,0.08511735498905182,0.5063145160675049,0.32872724533081055,0.0019778604619205,0.5181697010993958,0.37089502811431885,-0.025740325450897217,0.5523812770843506,0.4169778823852539,0.04818597435951233,0.5505399703979492,0.42482849955558777,0.061519328504800797,0.555163562297821,0.3460250794887543,0.06081972271203995,0.5557476282119751,0.40236806869506836,0.05595209449529648,0.5423551201820374,0.2950495183467865,0.03949069604277611,0.5404895544052124,0.45503515005111694,0.028328416869044304,0.5155171751976013,0.39611709117889404,-0.018311450257897377,0.5235937833786011,0.3649572432041168,-0.0005251651746220887,0.5415828824043274,0.3126892149448395,0.03331846743822098,0.5250037908554077,0.3212674856185913,0.006931950803846121,0.5200430750846863,0.3240424394607544,0.004324248060584068,0.5323915481567383,0.42101937532424927,0.013905959203839302,0.5565873384475708,0.3648895025253296,0.041252877563238144,0.5336363315582275,0.47081315517425537,0.02942739799618721,0.5429785847663879,0.4506629705429077,0.04389886185526848,0.5464063882827759,0.43962228298187256,0.05164625868201256,0.514907717704773,0.3260236382484436,0.0026363362558186054,0.5101441144943237,0.32719656825065613,0.002190617611631751,0.5074720978736877,0.32821574807167053,0.002460227347910404,0.5382974743843079,0.2988145053386688,0.02410943992435932,0.5105744004249573,0.3248679041862488,0.00019447377417236567,0.5156711339950562,0.32297003269195557,-1.2903244623885257e-06,0.5209850668907166,0.3210267424583435,0.0015510076191276312,0.5258314609527588,0.3189372420310974,0.00458523677662015,0.5286643505096436,0.31749722361564636,0.007699300535023212,0.5406545400619507,0.2882564067840576,0.05741114169359207,0.5279894471168518,0.31896138191223145,0.009635874070227146,0.5288856029510498,0.3990847170352936,-0.00016439346654806286,0.5232147574424744,0.38536933064460754,-0.012994728982448578,0.5205005407333374,0.4021947681903839,-0.008729412220418453,0.5480207800865173,0.4311738908290863,0.04216695949435234,0.5441479682922363,0.4428500235080719,0.035733263939619064,0.5343679785728455,0.46595677733421326,0.020925626158714294,0.5524044632911682,0.409076452255249,0.0729558989405632,0.5076544880867004,0.3270021677017212,0.0011555795790627599,0.5110354423522949,0.3546501100063324,-0.017575621604919434,0.5393102765083313,0.4613479971885681,0.035830188542604446,0.5569038987159729,0.3652251660823822,0.06292171031236649,0.523269534111023,0.4240970313549042,0.003691700054332614,0.5246462225914001,0.42572152614593506,0.003816988319158554,0.5259243249893188,0.42812928557395935,0.003807038301602006,0.5272035598754883,0.43133553862571716,0.0056342449970543385,0.5318279266357422,0.4364530146121979,0.01235246192663908,0.5301596522331238,0.41881078481674194,0.010272006504237652,0.5308897495269775,0.4177166819572449,0.010671979747712612,0.5314280390739441,0.4167286455631256,0.010843639262020588,0.5377938151359558,0.4042263329029083,0.012313958257436752,0.5529900789260864,0.3738000988960266,0.026801584288477898,0.507474958896637,0.34549209475517273,-0.013395941816270351,0.5026676058769226,0.3257429599761963,-0.00550727266818285,0.5050261616706848,0.3246365785598755,-0.0014798416523262858,0.529252290725708,0.42000508308410645,0.01112920418381691,0.5545895099639893,0.3926917612552643,0.04056395962834358,0.5006992816925049,0.3291403651237488,-0.014923027716577053,0.5353560447692871,0.44184744358062744,0.01774558238685131,0.507344126701355,0.35262441635131836,-0.024149535223841667,0.5175864100456238,0.3659052848815918,-0.014200550504028797,0.5295263528823853,0.45117124915122986,0.013159717433154583,0.5423772931098938,0.4203188419342041,0.02397167682647705,0.5302785038948059,0.3812792897224426,0.004012941848486662,0.5391983389854431,0.4316651523113251,0.021428167819976807,0.5424808859825134,0.37363937497138977,0.00991432648152113,0.5369608402252197,0.38704806566238403,0.008158017881214619,0.5482828617095947,0.3842405676841736,0.018697451800107956,0.532927930355072,0.45919087529182434,0.01587384007871151,0.5202648639678955,0.3685372471809387,-0.007877105847001076,0.5467214584350586,0.42370906472206116,0.032509058713912964,0.5425792336463928,0.43621236085891724,0.028527937829494476,0.5450855493545532,0.4082421362400055,0.023937616497278214,0.55686354637146,0.3796507716178894,0.04573429003357887,0.550689697265625,0.4055851101875305,0.031867459416389465,0.5572419762611389,0.3837575614452362,0.06310399621725082,0.5422227382659912,0.39517664909362793,0.014307246543467045,0.5143975019454956,0.3579806089401245,-0.010885446332395077,0.5233503580093384,0.3836134374141693,-0.020826373249292374,0.5252346992492676,0.3833632469177246,-0.01289126556366682,0.5212100744247437,0.37964770197868347,-0.026645760983228683,0.505868136882782,0.3166821599006653,-0.007436702959239483,0.5143932700157166,0.3071970045566559,-0.007011857349425554,0.5223962664604187,0.30207276344299316,-0.004183350130915642,0.5287448167800903,0.30014175176620483,0.0007624558638781309,0.5327273011207581,0.30142027139663696,0.006419038400053978,0.5357039570808411,0.3135105073451996,0.019406259059906006,0.5518292188644409,0.32787778973579407,0.056389931589365005,0.5365573763847351,0.3273921608924866,0.015537766739726067,0.5325573682785034,0.3327418863773346,0.01053149439394474,0.5252465605735779,0.33635687828063965,0.006222025956958532,0.5175741314888,0.3379074037075043,0.0030491636134684086,0.5116800665855408,0.33787786960601807,0.0004654625372495502,0.5077903270721436,0.3373048007488251,-0.0013601138489320874,0.5459182262420654,0.326587051153183,0.08051059395074844,0.5247339010238647,0.3851788640022278,-0.009517110884189606,0.5142382979393005,0.3628154397010803,-0.02075742930173874,0.521099865436554,0.3863624930381775,-0.02663983590900898,0.5184664130210876,0.39147868752479553,-0.02420797199010849,0.5205762982368469,0.3875037729740143,-0.02337777428328991,0.5234793424606323,0.38804352283477783,-0.007426070515066385,0.5180531740188599,0.3928814232349396,-0.025945372879505157,0.516895592212677,0.3946775496006012,-0.018237221986055374,0.5049057602882385,0.33012452721595764,0.00027040255372412503,0.5041206479072571,0.33448201417922974,-0.004201394040137529,0.504879355430603,0.3375411033630371,-0.008732382208108902,0.5302824378013611,0.3164081275463104,0.010549131780862808,0.5321170091629028,0.30870044231414795,0.011180221103131771,0.4562123417854309,0.35092267394065857,-0.01186410803347826,0.46310800313949585,0.3480762243270874,-0.01186410803347826,0.4542120099067688,0.3429567515850067,-0.01186410803347826,0.4491492509841919,0.3537416458129883,-0.01186410803347826,0.4580906331539154,0.35888126492500305,-0.01186410803347826,0.5200912952423096,0.3218117356300354,0.005100157577544451,0.5252557396888733,0.3192083537578583,0.005100157577544451,0.5181482434272766,0.3154356777667999,0.005100157577544451,0.5149298310279846,0.3243395984172821,0.005100157577544451,0.522045910358429,0.32806771993637085,0.005100157577544451
2900.000000000002,0.5150147080421448,0.4222170114517212,-0.010053838603198528,0.5141229033470154,0.3957544267177582,-0.03191537782549858,0.512171745300293,0.4020889401435852,-0.01368069089949131,0.5003858208656311,0.3686809241771698,-0.030273519456386566,0.5126335024833679,0.3874545097351074,-0.03545377030968666,0.509048581123352,0.37557366490364075,-0.034942626953125,0.4984043836593628,0.3449745178222656,-0.024498095735907555,0.4465706944465637,0.3559112548828125,-0.010341680608689785,0.49190327525138855,0.3221468925476074,-0.024645939469337463,0.48933202028274536,0.310406357049942,-0.028603607788681984,0.47617748379707336,0.2618735432624817,-0.03088601864874363,0.5154470801353455,0.42496150732040405,-0.008564201183617115,0.5155887603759766,0.4276852011680603,-0.006021958310157061,0.5154430270195007,0.4295491576194763,-0.0020238610450178385,0.5154552459716797,0.4296019673347473,-0.0013073711888864636,0.5163874626159668,0.43291139602661133,-0.0008199395379051566,0.5171854496002197,0.43684059381484985,-0.0012092676479369402,0.5177284479141235,0.4410834014415741,0.0008354891324415803,0.519323468208313,0.4498477578163147,0.0085792550817132,0.5139439702033997,0.3994123339653015,-0.028005270287394524,0.5063392519950867,0.4013597071170807,-0.02025647833943367,0.4057609736919403,0.3289853632450104,0.005427062511444092,0.4672512412071228,0.35521644353866577,-0.012077027931809425,0.4614117741584778,0.3588610291481018,-0.012861821800470352,0.45490118861198425,0.36155250668525696,-0.012451613321900368,0.4437686800956726,0.360017865896225,-0.009342711418867111,0.4717057943344116,0.3509064018726349,-0.010403537191450596,0.4532453417778015,0.337401419878006,-0.01942126639187336,0.4605560898780823,0.3355976343154907,-0.017950447276234627,0.4466312527656555,0.3410486578941345,-0.018241530284285545,0.44247525930404663,0.3454843759536743,-0.016029443591833115,0.4393114149570465,0.3679652512073517,-0.006035952363163233,0.4987733066082001,0.47038426995277405,0.013959605246782303,0.4430813491344452,0.3550029993057251,-0.009118899703025818,0.41293787956237793,0.3695121705532074,0.016558827832341194,0.429000586271286,0.36448419094085693,-0.0024683058727532625,0.4732993245124817,0.3968923091888428,-0.010343295522034168,0.5073897242546082,0.42354699969291687,-0.01116170734167099,0.5086211562156677,0.429962158203125,-0.006704485043883324,0.5000135898590088,0.4283318519592285,-0.008923710323870182,0.49461695551872253,0.43189480900764465,-0.00510451989248395,0.5021220445632935,0.4321112632751465,-0.005725916940718889,0.49675294756889343,0.4338685870170593,-0.002217724220827222,0.48641812801361084,0.44526612758636475,0.006783751770853996,0.5089880228042603,0.3976839780807495,-0.032333265990018845,0.5067044496536255,0.3899308741092682,-0.03580349311232567,0.43135857582092285,0.34222477674484253,-0.01854015327990055,0.4809715449810028,0.3697328567504883,-0.013486206531524658,0.490079790353775,0.39890357851982117,-0.020316187292337418,0.4879623055458069,0.3939509391784668,-0.0192797239869833,0.45165979862213135,0.40318015217781067,-0.007200911175459623,0.5035108327865601,0.3786909878253937,-0.03431752324104309,0.4482346475124359,0.3283310532569885,-0.027407703921198845,0.4383300542831421,0.33430245518684387,-0.02414427138864994,0.4111483097076416,0.3115112781524658,-0.00838802196085453,0.4786330759525299,0.32616564631462097,-0.025927763432264328,0.46697837114334106,0.3362266421318054,-0.014406226575374603,0.47993573546409607,0.4396427273750305,0.005064681638032198,0.43457645177841187,0.44481223821640015,0.05241312086582184,0.49544110894203186,0.4019315242767334,-0.01602966897189617,0.5011438727378845,0.4023953974246979,-0.01432894915342331,0.4869997501373291,0.4365229606628418,0.005278463009744883,0.4884651303291321,0.43633556365966797,0.004278669599443674,0.43270665407180786,0.32965540885925293,-0.023076321929693222,0.48957371711730957,0.4017808437347412,-0.016000118106603622,0.46156230568885803,0.3252549171447754,-0.028147855773568153,0.4591189920902252,0.31857648491859436,-0.031178858131170273,0.4378890097141266,0.2814949154853821,-0.030008729547262192,0.4220069646835327,0.3210906982421875,-0.017140157520771027,0.44877558946609497,0.2996133863925934,-0.03141176700592041,0.4250892400741577,0.33939653635025024,-0.014976323582231998,0.41570836305618286,0.33541151881217957,-0.005564897321164608,0.5080385208129883,0.4271199107170105,-0.009692419320344925,0.5011206865310669,0.43032342195510864,-0.007528155110776424,0.49568963050842285,0.43288326263427734,-0.004085084423422813,0.4969028830528259,0.4026211202144623,-0.013931499794125557,0.48776429891586304,0.43641674518585205,0.004781492054462433,0.4918360710144043,0.43761494755744934,0.002807415323331952,0.48921939730644226,0.4362491965293884,0.004232266917824745,0.4996601939201355,0.3994106352329254,-0.025291388854384422,0.49753251671791077,0.43463873863220215,-0.0003137406019959599,0.5029016733169556,0.4333024024963379,-0.002109029795974493,0.5090093612670898,0.43169206380844116,-0.002983655082061887,0.5111465454101562,0.45296770334243774,0.007237538229674101,0.5104683637619019,0.4434734582901001,-0.0005630627274513245,0.5100065469741821,0.4391103684902191,-0.0024752344470471144,0.5095539689064026,0.435110867023468,-0.0019857953302562237,0.5091301202774048,0.4317919611930847,-0.002272106474265456,0.4976319968700409,0.43473055958747864,0.00025164411636069417,0.4971584379673004,0.4363895058631897,0.0002273399441037327,0.49661585688591003,0.4386984705924988,-5.125008829054423e-05,0.4962574243545532,0.4413367807865143,0.0012639749329537153,0.486429899930954,0.4248490631580353,-0.005431832280009985,0.41568779945373535,0.4049050807952881,0.05032055824995041,0.5131884217262268,0.40083205699920654,-0.01896083727478981,0.49346834421157837,0.43556857109069824,0.0025234234053641558,0.49269428849220276,0.43647053837776184,0.0026017557829618454,0.5039945840835571,0.4046734571456909,-0.01343073695898056,0.4918591380119324,0.40533605217933655,-0.009409955702722073,0.502644956111908,0.40356889367103577,-0.014140571467578411,0.4751353859901428,0.3769419193267822,-0.01163496170192957,0.4658127725124359,0.38712167739868164,-0.010888271033763885,0.48689737915992737,0.3974362015724182,-0.015125779435038567,0.4212576746940613,0.29563650488853455,-0.02074601873755455,0.432388573884964,0.3089630603790283,-0.025395594537258148,0.4442705512046814,0.3221439719200134,-0.028404124081134796,0.493618369102478,0.44952601194381714,0.006144821643829346,0.4747382700443268,0.3156780004501343,-0.03094339184463024,0.4651711881160736,0.2928144931793213,-0.03301031142473221,0.45561790466308594,0.2708379030227661,-0.03312370181083679,0.4483382999897003,0.3621048331260681,-0.010955126956105232,0.43327775597572327,0.3767600953578949,-0.0026786967646330595,0.4744047522544861,0.34755146503448486,-0.009455209597945213,0.4354967176914215,0.35147416591644287,-0.012114319950342178,0.484798789024353,0.36293163895606995,-0.01587054878473282,0.4945903718471527,0.3954711854457855,-0.026400964707136154,0.42622995376586914,0.3861396610736847,0.004028762690722942,0.44072043895721436,0.3818359971046448,-0.006274017039686441,0.4513857066631317,0.38226911425590515,-0.009664653800427914,0.4639735817909241,0.3756490647792816,-0.01024914626032114,0.4719012975692749,0.3681696653366089,-0.010357122868299484,0.47744208574295044,0.36167120933532715,-0.011472291313111782,0.49267005920410156,0.34936654567718506,-0.023231055587530136,0.43187785148620605,0.40429437160491943,0.006048118695616722,0.4291694760322571,0.35247430205345154,-0.010927322320640087,0.5107548832893372,0.4005894362926483,-0.028383074328303337,0.4845229983329773,0.3786773383617401,-0.01405371818691492,0.4058911204338074,0.36667460203170776,0.036099039018154144,0.48170533776283264,0.3554748296737671,-0.012477552518248558,0.4852103292942047,0.39734598994255066,-0.008618459105491638,0.4398442804813385,0.35563090443611145,-0.008355138823390007,0.49214285612106323,0.389303982257843,-0.02503598853945732,0.4233357608318329,0.42503392696380615,0.0528288297355175,0.47289177775382996,0.3450145423412323,-0.008915504440665245,0.4977155923843384,0.3832889497280121,-0.03104976750910282,0.46226492524147034,0.46235281229019165,0.027116119861602783,0.46172264218330383,0.46991202235221863,0.0398012138903141,0.4214096963405609,0.40677207708358765,0.027953047305345535,0.4492446482181549,0.4540161192417145,0.030713308602571487,0.4134402573108673,0.3510782718658447,0.00678939139470458,0.4987613558769226,0.4785390794277191,0.019257517531514168,0.5106052160263062,0.401589035987854,-0.019005168229341507,0.47963598370552063,0.3867643475532532,-0.011387334205210209,0.42226356267929077,0.36769843101501465,0.002691298956051469,0.4547039866447449,0.3555832803249359,-0.012506041675806046,0.4604145586490631,0.3535620868206024,-0.012955999933183193,0.49107831716537476,0.43897369503974915,0.0037385376635938883,0.436703085899353,0.42085108160972595,0.012523925863206387,0.5113659501075745,0.48375725746154785,0.02509343810379505,0.48847195506095886,0.4809243083000183,0.03053312934935093,0.47675448656082153,0.4769408702850342,0.03438180685043335,0.4829370975494385,0.2856714427471161,-0.030793089419603348,0.5234969258308411,0.479268878698349,0.02651422657072544,0.4650731384754181,0.3506038188934326,-0.012233540415763855,0.4691055417060852,0.34726837277412415,-0.010687342844903469,0.471755713224411,0.3456389605998993,-0.009197992272675037,0.422311931848526,0.3519335389137268,-0.005982269998639822,0.46726664900779724,0.34467440843582153,-0.013173715211451054,0.4619930386543274,0.34665268659591675,-0.015430714003741741,0.4568030536174774,0.34894707798957825,-0.01624019630253315,0.4512731432914734,0.3512852191925049,-0.015491718426346779,0.44757169485092163,0.3530037999153137,-0.013728134334087372,0.4041252136230469,0.34629127383232117,0.021510405465960503,0.4501689672470093,0.3560865819454193,-0.011431978084146976,0.5129900574684143,0.40844422578811646,-0.010896394029259682,0.4923950135707855,0.41831886768341064,-0.008416435681283474,0.4957326650619507,0.4010428190231323,-0.018870331346988678,0.5047504901885986,0.41222286224365234,-0.01196314673870802,0.4943445324897766,0.33278489112854004,-0.022297706454992294,0.4752347767353058,0.4694070816040039,0.025507071986794472,0.48669004440307617,0.47429388761520386,0.022979171946644783,0.5114235281944275,0.47929269075393677,0.016714077442884445,0.4479838013648987,0.4598201811313629,0.04681318998336792,0.4710497558116913,0.3445209860801697,-0.010825952515006065,0.49227115511894226,0.365287721157074,-0.02300843968987465,0.5237996578216553,0.4746796488761902,0.018334796652197838,0.500061571598053,0.4837109446525574,0.026411138474941254,0.42797476053237915,0.42482617497444153,0.03187558427453041,0.5030502676963806,0.433418333530426,-0.001462266780436039,0.5028884410858154,0.4361025094985962,-0.0014578932896256447,0.5029013752937317,0.43942591547966003,-0.0018258390482515097,0.5031500458717346,0.44339919090270996,-0.00029384184745140374,0.5018528699874878,0.45253682136535645,0.005582439713180065,0.49225378036499023,0.4351828396320343,0.0009111295221373439,0.49119406938552856,0.4348406195640564,0.00030085520120337605,0.4902680814266205,0.4344339370727539,-0.00033836052170954645,0.4819323420524597,0.4321422576904297,-0.001182303880341351,0.44920235872268677,0.42304086685180664,0.0025632709730416536,0.4886901378631592,0.35557007789611816,-0.019163032993674278,0.478116899728775,0.3379990756511688,-0.012875263579189777,0.47339195013046265,0.3399164378643036,-0.011717774905264378,0.49336332082748413,0.4355158805847168,0.0021639536134898663,0.4517262578010559,0.4422915577888489,0.016571424901485443,0.4855692684650421,0.3366023004055023,-0.019662315025925636,0.4998307228088379,0.4612504541873932,0.010271002538502216,0.5054792165756226,0.3653419613838196,-0.03118644654750824,0.49669334292411804,0.3596523404121399,-0.027402173727750778,0.5021064281463623,0.35565876960754395,-0.02779737301170826,0.49080556631088257,0.38043472170829773,-0.02088874578475952,0.5228614807128906,0.4673183560371399,0.013042154721915722,0.5209470391273499,0.4580022990703583,0.010995901189744473,0.5110607147216797,0.4617753326892853,0.010112558491528034,0.481050968170166,0.45154961943626404,0.01027774903923273,0.4808765649795532,0.4060131311416626,-0.007030131760984659,0.4899350702762604,0.4576554596424103,0.010807354003190994,0.4648122787475586,0.41120612621307373,-0.007707657758146524,0.47662267088890076,0.4169065058231354,-0.005530568305402994,0.4613421559333801,0.4263674020767212,-0.0010790664236992598,0.5112456679344177,0.4716143012046814,0.011813515797257423,0.4870288372039795,0.3858426511287689,-0.016034584492444992,0.4764402508735657,0.46010658144950867,0.016668356955051422,0.48757538199424744,0.46581655740737915,0.016714924946427345,0.4735060930252075,0.4437055289745331,0.006952919997274876,0.44160839915275574,0.43413424491882324,0.018640942871570587,0.46422475576400757,0.4484933018684387,0.011984316632151604,0.4365127980709076,0.4406305253505707,0.034045979380607605,0.47322946786880493,0.4289882183074951,-0.001696516410447657,0.48833969235420227,0.37180694937705994,-0.018211746588349342,0.49766337871551514,0.39881640672683716,-0.027082597836852074,0.49284473061561584,0.40123382210731506,-0.019911177456378937,0.500480592250824,0.3926883339881897,-0.03171742334961891,0.4722580909729004,0.33309316635131836,-0.017344092950224876,0.4612062871456146,0.331928551197052,-0.021186163648962975,0.4516594111919403,0.33400195837020874,-0.0224210973829031,0.44368603825569153,0.3383072018623352,-0.021031195297837257,0.4380984604358673,0.34399208426475525,-0.01779797486960888,0.4353111684322357,0.3597560524940491,-0.006292103324085474,0.41625943779945374,0.38844549655914307,0.02229609154164791,0.44466736912727356,0.3705082833766937,-0.007882141508162022,0.45302614569664,0.37066951394081116,-0.009922970086336136,0.4620591700077057,0.3667365312576294,-0.01068061776459217,0.46939000487327576,0.36114877462387085,-0.010471420362591743,0.47458112239837646,0.3557981252670288,-0.00991236325353384,0.47821861505508423,0.3516610562801361,-0.009984850883483887,0.41026628017425537,0.38554632663726807,0.04497317224740982,0.492637574672699,0.40270715951919556,-0.01634678989648819,0.49540993571281433,0.37394973635673523,-0.02616046741604805,0.5035162568092346,0.3982711434364319,-0.03063492849469185,0.5064347386360168,0.4006548523902893,-0.02643553540110588,0.5027760863304138,0.399325430393219,-0.02743193693459034,0.4942343235015869,0.40408939123153687,-0.013084979727864265,0.5084043741226196,0.4009462893009186,-0.027727175503969193,0.5082840323448181,0.4019596576690674,-0.019608844071626663,0.47581154108047485,0.3443896174430847,-0.008890952914953232,0.4806096851825714,0.3460340201854706,-0.011226904578506947,0.48431405425071716,0.3476426601409912,-0.014623481780290604,0.44515880942344666,0.35413771867752075,-0.01173989474773407,0.43961846828460693,0.3503352701663971,-0.012470063753426075,0.5101963877677917,0.36413294076919556,-0.027448084205389023,0.5295671224594116,0.31650400161743164,0.010224135592579842,0.5178964138031006,0.3958180844783783,-0.01805328205227852,0.5368329882621765,0.2725399136543274,0.03751760721206665,0.5148687362670898,0.3310931622982025,0.0012116441503167152,0.5208119750022888,0.32904040813446045,0.0030885194428265095,0.526387095451355,0.3264012336730957,0.005964362993836403,0.5317837595939636,0.3182590901851654,0.012465838342905045,0.5099548697471619,0.33132973313331604,9.868768393062055e-05,0.5202962160110474,0.30726683139801025,-0.0026216632686555386,0.5139762759208679,0.3111119568347931,-0.0046739946119487286,0.5259244441986084,0.3054080009460449,0.001112338388338685,0.5294619798660278,0.30619099736213684,0.00481967581436038,0.5371663570404053,0.321505606174469,0.017444567754864693,0.5386174321174622,0.449161171913147,0.023437660187482834,0.5310611724853516,0.3143341541290283,0.012431605719029903,0.5475896000862122,0.30943626165390015,0.04850681498646736,0.5395616888999939,0.3121229410171509,0.02387862093746662,0.5323194265365601,0.3695824444293976,0.0030231731943786144,0.520831823348999,0.4175072908401489,-0.007781561929732561,0.5209116339683533,0.4243922531604767,-0.0035800619516521692,0.5259597301483154,0.4163549542427063,-0.0019204835407435894,0.5292075872421265,0.4160481095314026,0.004542039707303047,0.5249053835868835,0.4217604398727417,0.0003600642958190292,0.5278326869010925,0.41982901096343994,0.0059558069333434105,0.5374223589897156,0.42067164182662964,0.019206300377845764,0.5183705687522888,0.3931680917739868,-0.03052707388997078,0.5177053213119507,0.3847982585430145,-0.033650826662778854,0.5357232093811035,0.2941743731498718,0.006333875469863415,0.5159549713134766,0.3536287844181061,-0.004703258164227009,0.5263795852661133,0.3819634020328522,-0.012164335697889328,0.5248869061470032,0.3768082559108734,-0.010877517983317375,0.5470118522644043,0.3590204119682312,0.014960471540689468,0.5140232443809509,0.37380820512771606,-0.03157902881503105,0.5243642330169678,0.29383450746536255,-0.01002159621566534,0.531284511089325,0.2919939160346985,-0.002474670298397541,0.5309988260269165,0.2605345845222473,0.020504696294665337,0.5025749206542969,0.31479763984680176,-0.020124224945902824,0.5087576508522034,0.31638103723526,-0.00367156439460814,0.5401104092597961,0.4110470116138458,0.020181307569146156,0.5532041192054749,0.38767433166503906,0.08224889636039734,0.5233024954795837,0.38889187574386597,-0.00998741015791893,0.5198677182197571,0.39384040236473083,-0.011279274709522724,0.5332812070846558,0.41599076986312866,0.01831652969121933,0.5322198271751404,0.41689532995224,0.015734244138002396,0.5319288372993469,0.2842251658439636,-3.176449899910949e-05,0.526295006275177,0.384756475687027,-0.008030910976231098,0.5148613452911377,0.3007684350013733,-0.016221772879362106,0.514427661895752,0.2927166223526001,-0.018921462818980217,0.5099613070487976,0.25145822763442993,-0.013510176911950111,0.5324879288673401,0.27289682626724243,0.008284807205200195,0.5126059651374817,0.2721478343009949,-0.017358195036649704,0.5365024209022522,0.2879737615585327,0.011619891040027142,0.5382643342018127,0.2817138135433197,0.023179518058896065,0.5211304426193237,0.4212452471256256,-0.006326077505946159,0.5255510807037354,0.4191833436489105,-0.0009691199520602822,0.5286141037940979,0.4178985357284546,0.0047220950946211815,0.5222131013870239,0.3908272087574005,-0.009017311967909336,0.5327373743057251,0.4164539575576782,0.016833743080496788,0.5312344431877136,0.41991814970970154,0.012918476015329361,0.5316614508628845,0.41738423705101013,0.015383381396532059,0.522072434425354,0.38879430294036865,-0.019712107256054878,0.527022659778595,0.4214416444301605,0.007427834905683994,0.5241285562515259,0.4237675964832306,0.0036172608379274607,0.5203589797019958,0.42656755447387695,0.00021710633882321417,0.5260172486305237,0.4455719292163849,0.010340823791921139,0.5235431790351868,0.4372628927230835,0.002743283985182643,0.5227519869804382,0.43307730555534363,0.0010067201219499111,0.5216301083564758,0.42945876717567444,0.0014083965215831995,0.5202846527099609,0.42666834592819214,0.0009615819435566664,0.5269387364387512,0.4214816987514496,0.00799639243632555,0.5282097458839417,0.4222918152809143,0.007952865213155746,0.5294740796089172,0.42366260290145874,0.00794936716556549,0.5305311679840088,0.4255825877189636,0.009856607764959335,0.5340642333030701,0.402531236410141,0.005712025798857212,0.5497490763664246,0.34367042779922485,0.0834517553448677,0.5291008353233337,0.4196193218231201,0.01226854044944048,0.5302190780639648,0.4196549952030182,0.012349876575171947,0.5187121033668518,0.3980536162853241,-0.010424435138702393,0.5250121355056763,0.3900413513183594,-0.0031110818963497877,0.5192903280258179,0.39605820178985596,-0.01118223275989294,0.5221518874168396,0.3553376793861389,9.65809595072642e-05,0.5326377153396606,0.35637804865837097,0.004983797669410706,0.5257192850112915,0.379468709230423,-0.0064638773910701275,0.5227870345115662,0.25294774770736694,0.0028816298581659794,0.5244109630584717,0.26909154653549194,-0.004949631635099649,0.5242749452590942,0.28526410460472107,-0.010103357955813408,0.5349815487861633,0.42908424139022827,0.016257312148809433,0.5022084712982178,0.30254653096199036,-0.024702977389097214,0.4993274211883545,0.2781185507774353,-0.025700509548187256,0.49502429366111755,0.2544378936290741,-0.024812966585159302,0.5302484631538391,0.32249024510383606,0.009596833027899265,0.5433274507522583,0.3243951201438904,0.023352546617388725,0.5069161057472229,0.33082064986228943,-9.116407454712316e-05,0.5343471765518188,0.3055186867713928,0.011762437410652637,0.5116161108016968,0.35054346919059753,-0.008814589120447636,0.5242307782173157,0.3816353976726532,-0.01977142132818699,0.5512112975120544,0.3291751444339752,0.03344893828034401,0.5434584617614746,0.3330620527267456,0.018170710653066635,0.5391834378242493,0.3408184349536896,0.011148872785270214,0.5287923216819763,0.34507596492767334,0.005670035723596811,0.5200079679489136,0.34522223472595215,0.001773055293597281,0.5137342214584351,0.3442869782447815,-0.0023302691988646984,0.5037192106246948,0.34429845213890076,-0.020223384723067284,0.5551906228065491,0.347364604473114,0.03530045971274376,0.5374221801757812,0.3019188940525055,0.015231355093419552,0.5166180729866028,0.397716224193573,-0.02693752944469452,0.5183185935020447,0.3631296157836914,-0.005628665909171104,0.5440607070922852,0.3057366907596588,0.07027927786111832,0.5090069770812988,0.3423159420490265,-0.005347903817892075,0.5250952839851379,0.378938227891922,-1.956694177351892e-05,0.5325219631195068,0.3124473989009857,0.014284146018326283,0.5221618413925171,0.37536394596099854,-0.01828371360898018,0.5522756576538086,0.3645645081996918,0.08464110642671585,0.5061817765235901,0.3278750777244568,0.0008667077636346221,0.5182545185089111,0.37370091676712036,-0.026169216260313988,0.5526307225227356,0.41673779487609863,0.048793110996484756,0.5508196353912354,0.4242148697376251,0.06233753263950348,0.5556187629699707,0.34484171867370605,0.05983872339129448,0.556077241897583,0.4016707241535187,0.056276217103004456,0.5428032875061035,0.2941156029701233,0.03740617260336876,0.5402564406394958,0.45587584376335144,0.029542870819568634,0.5154216885566711,0.39932772517204285,-0.018093103542923927,0.5238606333732605,0.36640363931655884,-0.0010169241577386856,0.5420666933059692,0.311177521944046,0.031619008630514145,0.5245314836502075,0.32082974910736084,0.005565035622566938,0.5195360779762268,0.3235722482204437,0.0030390049796551466,0.5321361422538757,0.4205271601676941,0.014618616551160812,0.5570366382598877,0.3645049035549164,0.040734145790338516,0.5332348346710205,0.47167444229125977,0.03092045895755291,0.5429487228393555,0.4509674906730652,0.04509315267205238,0.5465216040611267,0.43952566385269165,0.05269820988178253,0.5144548416137695,0.32541054487228394,0.001438083709217608,0.5098125338554382,0.3264092206954956,0.0010543179232627153,0.5072510838508606,0.32735541462898254,0.0013494404265657067,0.538627564907074,0.29757535457611084,0.0221555158495903,0.5104421377182007,0.32446733117103577,-0.0010811756365001202,0.5155537724494934,0.3228761851787567,-0.0013629799941554666,0.5208718180656433,0.3210393786430359,0.00010540799121372402,0.5256779789924622,0.3187638819217682,0.003071684157475829,0.5284613370895386,0.31704241037368774,0.006132436916232109,0.5410999059677124,0.2867179811000824,0.055125173181295395,0.5276037454605103,0.3184083104133606,0.0082046864554286,0.5291013121604919,0.4012903571128845,9.26875218283385e-05,0.5235874652862549,0.38796356320381165,-0.013117208145558834,0.5204628109931946,0.4049556851387024,-0.008397466503083706,0.5481123924255371,0.43131589889526367,0.04307686910033226,0.5441406965255737,0.4433518648147583,0.036823820322752,0.5338663458824158,0.4670197367668152,0.022308243438601494,0.55279141664505,0.40787798166275024,0.07348012924194336,0.5075410008430481,0.32631999254226685,-2.7295242034597322e-05,0.5110615491867065,0.3566199839115143,-0.018255537375807762,0.539106547832489,0.46201908588409424,0.037155501544475555,0.5573320388793945,0.3640327453613281,0.06241709366440773,0.5240468382835388,0.4238440990447998,0.004315174650400877,0.5255079865455627,0.42566144466400146,0.004477602895349264,0.5267501473426819,0.4282865524291992,0.004408503416925669,0.5278316736221313,0.43181657791137695,0.00619974872097373,0.5314727425575256,0.4377155303955078,0.01290708314627409,0.5301324129104614,0.4182290732860565,0.011090113781392574,0.5309205651283264,0.41700616478919983,0.011435377411544323,0.531546950340271,0.41586369276046753,0.01154082641005516,0.5380094051361084,0.4057551324367523,0.012772652320563793,0.553402304649353,0.3740440309047699,0.026492351666092873,0.5074846148490906,0.3469623327255249,-0.014154095202684402,0.5024613738059998,0.32531261444091797,-0.00656674662604928,0.5048982501029968,0.3239479660987854,-0.002653477480635047,0.5291628837585449,0.4195791184902191,0.011956456117331982,0.5549420714378357,0.3925553560256958,0.04067673534154892,0.50033038854599,0.3292776942253113,-0.015915894880890846,0.5350469946861267,0.44292914867401123,0.01844850741326809,0.5072357058525085,0.3547671139240265,-0.02486487850546837,0.5177516341209412,0.36800840497016907,-0.014685288071632385,0.528953492641449,0.4524344205856323,0.014030621387064457,0.5424492359161377,0.4211185574531555,0.024683501571416855,0.5306715965270996,0.3828672766685486,0.0038182891439646482,0.5390984416007996,0.43255627155303955,0.022135084494948387,0.5428361296653748,0.3747446835041046,0.009508727118372917,0.5372443795204163,0.3885071277618408,0.008078189566731453,0.548657238483429,0.3850034773349762,0.018554892390966415,0.5323556661605835,0.46038174629211426,0.017026595771312714,0.5205414891242981,0.37041130661964417,-0.008287809789180756,0.5468189716339111,0.4242052733898163,0.03327914699912071,0.5425364375114441,0.436946302652359,0.02945057488977909,0.5453231930732727,0.4090421199798584,0.024461226537823677,0.5572521686553955,0.37919580936431885,0.045594342052936554,0.5509894490242004,0.40591269731521606,0.03225961700081825,0.5576293468475342,0.3826815187931061,0.06305447965860367,0.542474627494812,0.3963479697704315,0.014468957670032978,0.5145286917686462,0.35974153876304626,-0.011499001644551754,0.5236214399337769,0.3865339756011963,-0.021048380061984062,0.525635838508606,0.38587579131126404,-0.013025709427893162,0.5213378071784973,0.3828255236148834,-0.0268844086676836,0.5057030320167542,0.3163503408432007,-0.008691624738276005,0.514187753200531,0.3069605827331543,-0.00845432560890913,0.5221704840660095,0.3018606901168823,-0.005752891302108765,0.528506875038147,0.2998947501182556,-0.0009085875935852528,0.5325000882148743,0.30099523067474365,0.004681471735239029,0.5356715321540833,0.3124842941761017,0.017821505665779114,0.5522873997688293,0.3267271816730499,0.05497490614652634,0.5361345410346985,0.3270564377307892,0.014210077933967113,0.5319890975952148,0.3327810764312744,0.00933604035526514,0.5245999693870544,0.336343377828598,0.005156909581273794,0.5169777870178223,0.3376910388469696,0.0020293465349823236,0.5111947059631348,0.3375374674797058,-0.00045636683353222907,0.5074048638343811,0.33698102831840515,-0.002258562482893467,0.5464244484901428,0.32463082671165466,0.07900829613208771,0.5251559019088745,0.3875250220298767,-0.009599034674465656,0.5142528414726257,0.36520305275917053,-0.021315503865480423,0.5212050676345825,0.38967251777648926,-0.026793446391820908,0.518557071685791,0.3946568965911865,-0.024182504042983055,0.5207399725914001,0.3906223177909851,-0.023495269939303398,0.5239076614379883,0.39032912254333496,-0.007416742388159037,0.5180366039276123,0.3961959481239319,-0.02589530311524868,0.5169252753257751,0.39778777956962585,-0.018069522455334663,0.5047361254692078,0.32937121391296387,-0.0007637558737769723,0.5038360953330994,0.3341527283191681,-0.005124303977936506,0.504472017288208,0.33769968152046204,-0.00956034567207098,0.5300792455673218,0.31570592522621155,0.008982484228909016,0.5318379998207092,0.3078899383544922,0.00954429805278778,0.45607179403305054,0.3510929048061371,-0.012126206420361996,0.463158518075943,0.3482457101345062,-0.012126206420361996,0.45413145422935486,0.3430749177932739,-0.012126206420361996,0.4488331377506256,0.3539067506790161,-0.012126206420361996,0.4578881859779358,0.35909828543663025,-0.012126206420361996,0.5198392271995544,0.3214997351169586,0.0037495987489819527,0.5249938368797302,0.3188723027706146,0.0037495987489819527,0.5178020000457764,0.31506818532943726,0.0037495987489819527,0.51468425989151,0.3240355849266052,0.0037495987489819527,0.5218939781188965,0.3278491497039795,0.0037495987489819527
2933.3333333333353,0.5187473297119141,0.4242190420627594,-0.010153978131711483,0.5204148292541504,0.3957728445529938,-0.031158262863755226,0.5182254314422607,0.4024405777454376,-0.013316859491169453,0.5063809752464294,0.36849960684776306,-0.029684027656912804,0.5189238786697388,0.38739731907844543,-0.03460526093840599,0.5151472687721252,0.3754436671733856,-0.03404218703508377,0.503795325756073,0.3445172905921936,-0.023634035140275955,0.4509068429470062,0.3559422791004181,-0.011705410666763783,0.4967978596687317,0.32045605778694153,-0.023745307698845863,0.4941302537918091,0.3083910644054413,-0.027630208060145378,0.48042476177215576,0.26009833812713623,-0.029452091082930565,0.5191437602043152,0.4267427325248718,-0.008722838945686817,0.519326388835907,0.429177463054657,-0.006191357038915157,0.5192554593086243,0.43080854415893555,-0.002146572805941105,0.5192732810974121,0.4309322237968445,-0.0018903797026723623,0.5201192498207092,0.4339781403541565,-0.0013055833987891674,0.5209071636199951,0.4375982880592346,-0.0016453423304483294,0.5215018391609192,0.4414765238761902,0.00038079588557593524,0.5249985456466675,0.4494311213493347,0.008103853091597557,0.5201560854911804,0.399534672498703,-0.027332134544849396,0.5127108097076416,0.4016132354736328,-0.019939633086323738,0.4091123640537262,0.3291133940219879,0.0032716854475438595,0.4715811312198639,0.3566150367259979,-0.012891825288534164,0.4659723937511444,0.36006960272789,-0.013883257284760475,0.4596615433692932,0.3626024127006531,-0.013661802746355534,0.4483669400215149,0.36003780364990234,-0.010838307440280914,0.4759103059768677,0.35269901156425476,-0.010943187400698662,0.45733848214149475,0.33558592200279236,-0.020313242450356483,0.4647170305252075,0.33402493596076965,-0.01859409175813198,0.4508045017719269,0.3395534157752991,-0.01932472176849842,0.446627140045166,0.3445444703102112,-0.01729007251560688,0.4442445635795593,0.3687557876110077,-0.007743487600237131,0.5051333904266357,0.47046202421188354,0.012096810154616833,0.44697698950767517,0.3539171814918518,-0.010543606244027615,0.4168959856033325,0.37029004096984863,0.013937258161604404,0.43393296003341675,0.365474671125412,-0.00439014146104455,0.47952428460121155,0.39747244119644165,-0.011371239088475704,0.511396050453186,0.42563655972480774,-0.011541305109858513,0.5125916600227356,0.43138906359672546,-0.007197142578661442,0.5042455196380615,0.42990604043006897,-0.009782057255506516,0.49898290634155273,0.43314802646636963,-0.0065394798293709755,0.5063184499740601,0.43340611457824707,-0.0066535938531160355,0.5011252164840698,0.43503814935684204,-0.003610222367569804,0.49328699707984924,0.44617778062820435,0.004519997164607048,0.5154211521148682,0.3977639675140381,-0.03173064813017845,0.5131653547286987,0.3899092972278595,-0.035143036395311356,0.43739134073257446,0.3429051637649536,-0.019906120374798775,0.4866112470626831,0.3698276877403259,-0.013872021809220314,0.49693116545677185,0.3992708921432495,-0.020519748330116272,0.4947022497653961,0.39426320791244507,-0.01953711174428463,0.45763009786605835,0.4042310118675232,-0.009088488295674324,0.5097647309303284,0.37860965728759766,-0.033676810562610626,0.45473313331604004,0.3281637132167816,-0.028013484552502632,0.44469207525253296,0.33430206775665283,-0.02512294426560402,0.4148111939430237,0.3109514117240906,-0.009990680031478405,0.4840676486492157,0.32676178216934204,-0.02554575353860855,0.4711965024471283,0.33555302023887634,-0.014888916164636612,0.4869692623615265,0.440884530544281,0.0027040098793804646,0.43917012214660645,0.4465021789073944,0.048671655356884,0.5021952390670776,0.4023467004299164,-0.016108836978673935,0.5077192783355713,0.40274888277053833,-0.014170525595545769,0.49163857102394104,0.4375140368938446,0.0029689697548747063,0.49306419491767883,0.43733930587768555,0.002090449444949627,0.4393940567970276,0.33012425899505615,-0.024144792929291725,0.4964478611946106,0.40224260091781616,-0.016284048557281494,0.46776264905929565,0.3253726363182068,-0.02827613800764084,0.4657134413719177,0.3187331557273865,-0.031233269721269608,0.4421875476837158,0.2800014019012451,-0.030214514583349228,0.42630913853645325,0.3202800750732422,-0.01850484311580658,0.45347148180007935,0.2980498671531677,-0.03159607946872711,0.43102213740348816,0.34035366773605347,-0.01646316982805729,0.4198051691055298,0.33519595861434937,-0.007412531413137913,0.5119995474815369,0.4288408160209656,-0.010151631198823452,0.505314290523529,0.4317564368247986,-0.008462118916213512,0.5000424981117249,0.4341072142124176,-0.005510979797691107,0.5036274194717407,0.40303143858909607,-0.013949723914265633,0.4923754334449768,0.4374174475669861,0.002553140977397561,0.49630478024482727,0.43867215514183044,0.0007273162482306361,0.4937927722930908,0.43727168440818787,0.0020868575666099787,0.5062586069107056,0.3997328579425812,-0.02515123225748539,0.5019439458847046,0.43574121594429016,-0.0016353287501260638,0.5071362853050232,0.4344756007194519,-0.0029927906580269337,0.5130357146263123,0.4329000413417816,-0.0034488667733967304,0.5172790884971619,0.45259520411491394,0.006412504706531763,0.5145203471183777,0.44386640191078186,-0.0013889088295400143,0.5139857530593872,0.43983522057533264,-0.003301869845017791,0.5135195255279541,0.43611690402030945,-0.0028604285325855017,0.5131425857543945,0.43308719992637634,-0.0032053659670054913,0.5020169615745544,0.43591880798339844,-0.00140881328843534,0.5015475749969482,0.4374995231628418,-0.0014081640401855111,0.5009958148002625,0.4397255480289459,-0.0017560033593326807,0.500659704208374,0.4422394633293152,-0.0005573899834416807,0.49343860149383545,0.4256843626499176,-0.006860713008791208,0.419440358877182,0.40644246339797974,0.04680177941918373,0.5193201899528503,0.40104764699935913,-0.018479064106941223,0.4979487359523773,0.43666088581085205,0.0005085911834612489,0.4971606135368347,0.4375559091567993,0.0005844856495968997,0.5104811191558838,0.4050408899784088,-0.01333589106798172,0.4986570179462433,0.4058765172958374,-0.009694001637399197,0.5091763138771057,0.40393197536468506,-0.013985182158648968,0.48087650537490845,0.3772668242454529,-0.012386219576001167,0.47168976068496704,0.38772618770599365,-0.012029607780277729,0.4936664402484894,0.39783811569213867,-0.015504151582717896,0.4252418279647827,0.2945215702056885,-0.02169198915362358,0.436886727809906,0.3076856732368469,-0.026219774037599564,0.4511331021785736,0.3222273886203766,-0.029058147221803665,0.5002998113632202,0.44997167587280273,0.004149255342781544,0.480709433555603,0.31607648730278015,-0.030483964830636978,0.46991094946861267,0.2912203073501587,-0.03259460628032684,0.45997798442840576,0.2691872715950012,-0.03251298889517784,0.4530651569366455,0.3628558814525604,-0.012330545112490654,0.43813323974609375,0.37838295102119446,-0.004698171745985746,0.478640615940094,0.3495520353317261,-0.009887835942208767,0.4405220150947571,0.35157713294029236,-0.013670453801751137,0.49036186933517456,0.3628403842449188,-0.01599382609128952,0.5012720823287964,0.3956986963748932,-0.026324762031435966,0.43110790848731995,0.3870742917060852,0.0016052820719778538,0.44586488604545593,0.3834086060523987,-0.00820245686918497,0.4566938281059265,0.3836563229560852,-0.011307140812277794,0.4691304564476013,0.3766207695007324,-0.011403828859329224,0.4767397344112396,0.36905089020729065,-0.011146566830575466,0.48201438784599304,0.3626995086669922,-0.01189698651432991,0.49818241596221924,0.3489258289337158,-0.02269725315272808,0.4371665120124817,0.4055729806423187,0.003452399978414178,0.43460318446159363,0.3531268835067749,-0.012630145065486431,0.5170742273330688,0.4007430076599121,-0.027840156108140945,0.4905511736869812,0.3788456618785858,-0.014433657750487328,0.40907934308052063,0.3678082823753357,0.03307539224624634,0.48625266551971436,0.35663050413131714,-0.012660847045481205,0.4918627142906189,0.3978342115879059,-0.009202519431710243,0.4442221224308014,0.35525187849998474,-0.009889569133520126,0.49871519207954407,0.3894585371017456,-0.024992462247610092,0.427437424659729,0.4267480671405792,0.04917547106742859,0.4770292043685913,0.34677302837371826,-0.009394310414791107,0.5041061639785767,0.38327571749687195,-0.03069242089986801,0.46813082695007324,0.46367648243904114,0.024081973358988762,0.46731042861938477,0.471130907535553,0.03642166405916214,0.4259476661682129,0.4081420600414276,0.02493218332529068,0.45477524399757385,0.4555169641971588,0.0275528933852911,0.4173816442489624,0.35139936208724976,0.004537676461040974,0.5049898028373718,0.47858089208602905,0.017275432124733925,0.5168417096138,0.40180137753486633,-0.01859973557293415,0.4857688546180725,0.38712337613105774,-0.012051483616232872,0.42692843079566956,0.36912596225738525,0.0004784756456501782,0.45937833189964294,0.3568585515022278,-0.013686006888747215,0.4649493098258972,0.35504746437072754,-0.013957302086055279,0.4955754578113556,0.4399690628051758,0.00156702462118119,0.44224292039871216,0.4222759008407593,0.009730812162160873,0.5173525214195251,0.48355159163475037,0.023307757452130318,0.4945767819881439,0.48131152987480164,0.02787758596241474,0.4826938211917877,0.47771596908569336,0.03133191168308258,0.4875437915325165,0.28399568796157837,-0.029746197164058685,0.5290601253509521,0.4788738787174225,0.02524680271744728,0.469368577003479,0.35222336649894714,-0.013024358078837395,0.4733026921749115,0.3491307497024536,-0.011311506852507591,0.4759467840194702,0.3475693464279175,-0.009726926684379578,0.4276055693626404,0.3528478741645813,-0.007879944518208504,0.47034117579460144,0.3417743444442749,-0.013770168647170067,0.46446868777275085,0.34074077010154724,-0.01612851209938526,0.4590829908847809,0.3422778844833374,-0.017126012593507767,0.4537770450115204,0.3456142544746399,-0.0165767390280962,0.45054978132247925,0.34901732206344604,-0.014960712753236294,0.40728864073753357,0.34695690870285034,0.018911592662334442,0.4547610282897949,0.35686326026916504,-0.012723047286272049,0.5190126299858093,0.40887022018432617,-0.010682106018066406,0.49927836656570435,0.4189814329147339,-0.009239601902663708,0.502479612827301,0.4014410972595215,-0.018881427124142647,0.5112404823303223,0.4126679599285126,-0.01208878681063652,0.4994133710861206,0.3318074345588684,-0.021446241065859795,0.48130694031715393,0.47036662697792053,0.022725731134414673,0.49288517236709595,0.47476616501808167,0.020583653822541237,0.5174885392189026,0.4790017008781433,0.015210309997200966,0.45311984419822693,0.46130284667015076,0.04326002299785614,0.4749204218387604,0.34482285380363464,-0.011352919973433018,0.4980929493904114,0.36510878801345825,-0.022764626890420914,0.5294095277786255,0.47415775060653687,0.01729123480618,0.5062280297279358,0.4837719202041626,0.024144506081938744,0.43279793858528137,0.4263579249382019,0.028742590919137,0.5072644352912903,0.434680312871933,-0.00275800540111959,0.5071058869361877,0.43718594312667847,-0.0027447708416730165,0.5071340799331665,0.44032543897628784,-0.003179757623001933,0.507419764995575,0.4440411329269409,-0.0017224956536665559,0.5083402395248413,0.45249277353286743,0.004056660924106836,0.4967391788959503,0.4362491965293884,-0.0009016662370413542,0.4956570267677307,0.4359186291694641,-0.001615095534361899,0.49474000930786133,0.43550822138786316,-0.0022833975963294506,0.48900800943374634,0.43321555852890015,-0.0031871662940829992,0.4552360475063324,0.42431601881980896,0.00019758939743041992,0.49421611428260803,0.3552822172641754,-0.018957847729325294,0.4825640618801117,0.3390788733959198,-0.01292473915964365,0.477524071931839,0.3409183919429779,-0.012069529853761196,0.4978749454021454,0.43655925989151,0.0003788379835896194,0.45767468214035034,0.4436914920806885,0.013751198537647724,0.4904598295688629,0.33741357922554016,-0.01930968463420868,0.5062641501426697,0.4613391160964966,0.008606144227087498,0.5113534927368164,0.36513617634773254,-0.03030877560377121,0.5024637579917908,0.35937660932540894,-0.026811568066477776,0.5077537298202515,0.35535478591918945,-0.026949144899845123,0.4970082938671112,0.38052114844322205,-0.020871959626674652,0.5285555124282837,0.4668138921260834,0.012125140987336636,0.526638925075531,0.4575619697570801,0.010284616611897945,0.5172348022460938,0.4614807069301605,0.009000192396342754,0.4876619875431061,0.45259833335876465,0.007850308902561665,0.48749667406082153,0.40666741132736206,-0.007942323572933674,0.4964696764945984,0.4582379460334778,0.008693065494298935,0.47117385268211365,0.4120856821537018,-0.009273964911699295,0.483259916305542,0.41776394844055176,-0.0069793895818293095,0.4677344262599945,0.42754918336868286,-0.0032099192030727863,0.5174288749694824,0.47133779525756836,0.010436012409627438,0.4933880567550659,0.3860851526260376,-0.01630248874425888,0.4827807545661926,0.46113574504852295,0.014041556976735592,0.4939503073692322,0.4663185477256775,0.014443549327552319,0.48020055890083313,0.4450441300868988,0.004458263050764799,0.44723427295684814,0.4356178343296051,0.015719488263130188,0.47053924202919006,0.44982361793518066,0.009283991530537605,0.4416136145591736,0.4422186017036438,0.03080357052385807,0.47999048233032227,0.43020206689834595,-0.003644328098744154,0.49423566460609436,0.37179526686668396,-0.01829574815928936,0.5043237805366516,0.39911824464797974,-0.026942919939756393,0.4996819794178009,0.4016265571117401,-0.020008763298392296,0.5070444345474243,0.39278924465179443,-0.03131480887532234,0.4769643545150757,0.3334658145904541,-0.017544405534863472,0.4663599133491516,0.3314957618713379,-0.021657288074493408,0.45695146918296814,0.3332299292087555,-0.023193398490548134,0.4490319490432739,0.33762460947036743,-0.022096285596489906,0.4433475136756897,0.34369561076164246,-0.01911252737045288,0.4401060938835144,0.3601742684841156,-0.007967967540025711,0.4204673767089844,0.3895687758922577,0.01941663958132267,0.4496532678604126,0.371370404958725,-0.00951049942523241,0.4581278860569,0.37164971232414246,-0.011294855736196041,0.46692025661468506,0.3676844537258148,-0.011752520687878132,0.47392362356185913,0.3621898889541626,-0.011278378777205944,0.47886165976524353,0.3571777939796448,-0.010376130230724812,0.4824831485748291,0.35320043563842773,-0.01029310654848814,0.4137031137943268,0.38689884543418884,0.04166952148079872,0.49948570132255554,0.40315479040145874,-0.016503186896443367,0.5014898777008057,0.37387266755104065,-0.025879306718707085,0.5100622177124023,0.3984512984752655,-0.03023533709347248,0.5128182172775269,0.40088069438934326,-0.025989579036831856,0.5092812776565552,0.3995886743068695,-0.027108393609523773,0.5010324716567993,0.4045531749725342,-0.013210894539952278,0.514775812625885,0.4011281132698059,-0.02722448669373989,0.5146110653877258,0.4022081196308136,-0.019254809245467186,0.4800264537334442,0.34637677669525146,-0.009208517149090767,0.48491957783699036,0.34752583503723145,-0.011318430304527283,0.4889052212238312,0.34875810146331787,-0.014501769095659256,0.4486287534236908,0.35159361362457275,-0.013071796856820583,0.4440326690673828,0.34983301162719727,-0.013885310851037502,0.5158859491348267,0.36393609642982483,-0.026383087038993835,0.532049298286438,0.31713932752609253,0.01232974510639906,0.5236815214157104,0.3962109386920929,-0.017383774742484093,0.5392629504203796,0.27128320932388306,0.040866926312446594,0.5191292762756348,0.33409368991851807,0.002651570364832878,0.5250640511512756,0.331405907869339,0.004772277548909187,0.5303568840026855,0.3281294107437134,0.007855953648686409,0.534230649471283,0.31942522525787354,0.014623928815126419,0.5141108632087708,0.3347250521183014,0.0013440725160762668,0.5237718820571899,0.30671796202659607,-0.0007107351557351649,0.5171653032302856,0.3110256493091583,-0.003094056621193886,0.5295817852020264,0.30494925379753113,0.0032352725975215435,0.533037006855011,0.306094229221344,0.007030373904854059,0.5403600335121155,0.3232741355895996,0.01970439776778221,0.5433098077774048,0.4488942623138428,0.023158490657806396,0.5328429937362671,0.3140363395214081,0.014618915505707264,0.550424337387085,0.3085528612136841,0.05119224637746811,0.5426755547523499,0.31423187255859375,0.02634868398308754,0.536881148815155,0.37001335620880127,0.004290581215173006,0.5246001482009888,0.41985023021698,-0.00757448747754097,0.5246883034706116,0.42605239152908325,-0.0035233143717050552,0.5297890901565552,0.41853266954421997,-0.0015986013459041715,0.533176600933075,0.41807541251182556,0.004730548243969679,0.5288130044937134,0.42354831099510193,0.00047827474190853536,0.5318548679351807,0.4216996729373932,0.005942456889897585,0.5416789054870605,0.42194706201553345,0.01901036500930786,0.5244606137275696,0.3932459354400635,-0.029625196009874344,0.5237927436828613,0.38479727506637573,-0.03262319415807724,0.5401746034622192,0.29557639360427856,0.009062100201845169,0.5207217335700989,0.3536136746406555,-0.003605328733101487,0.5314053893089294,0.38265419006347656,-0.011000946164131165,0.5297616720199585,0.37744131684303284,-0.009717205539345741,0.5512320399284363,0.3593452274799347,0.01684219017624855,0.5199169516563416,0.3737192451953888,-0.030472761020064354,0.5295549631118774,0.2941398620605469,-0.007759138476103544,0.5360899567604065,0.29270291328430176,0.00013381839380599558,0.5336582660675049,0.25881704688072205,0.02383529581129551,0.5080409646034241,0.314591646194458,-0.018762139603495598,0.5118347406387329,0.3171933889389038,-0.002351054921746254,0.5442234873771667,0.412701278924942,0.020315367728471756,0.55598384141922,0.3879489004611969,0.08363889902830124,0.528484582901001,0.3896835148334503,-0.00912516936659813,0.5252712368965149,0.3945187032222748,-0.010637509636580944,0.537352442741394,0.4181065261363983,0.01815642975270748,0.5363313555717468,0.4189502000808716,0.015442402102053165,0.5370394587516785,0.28544849157333374,0.0026799412444233894,0.5311874747276306,0.38562414050102234,-0.0069684530608356,0.5203089714050293,0.3005324900150299,-0.014387513510882854,0.520278811454773,0.29263031482696533,-0.01696779392659664,0.5134808421134949,0.2494751513004303,-0.010809717699885368,0.5356438755989075,0.2708689570426941,0.011042777448892593,0.5166260004043579,0.26998239755630493,-0.01525400672107935,0.5411859154701233,0.28986430168151855,0.014473368413746357,0.5411512851715088,0.2800765037536621,0.026027655228972435,0.5248566269874573,0.42322278022766113,-0.00620974600315094,0.52939373254776,0.42116206884384155,-0.0007719727582298219,0.5326038599014282,0.4198550879955292,0.004798708483576775,0.5274151563644409,0.39161959290504456,-0.008224238641560078,0.5368253588676453,0.418540358543396,0.01659378595650196,0.5353233814239502,0.42178353667259216,0.012519273906946182,0.5357713103294373,0.4194328784942627,0.01507441233843565,0.5276367664337158,0.3892833888530731,-0.018647853285074234,0.5311064720153809,0.4232249855995178,0.007417778950184584,0.5280910730361938,0.4253975749015808,0.003717517014592886,0.5242078304290771,0.42800086736679077,0.000306288042338565,0.5311766862869263,0.4453152120113373,0.010049018077552319,0.5273197889328003,0.4378293454647064,0.002505750162526965,0.5264701247215271,0.4339952766895294,0.0007884154911153018,0.5253812670707703,0.43066978454589844,0.0011358907213434577,0.524174153804779,0.42812278866767883,0.0006049692747183144,0.5310734510421753,0.423250287771225,0.007651367224752903,0.5322363972663879,0.4239959120750427,0.007627671118825674,0.5334727168083191,0.4252534508705139,0.007619097363203764,0.534534215927124,0.4270029664039612,0.009516376070678234,0.5385758280754089,0.4037970006465912,0.006136920303106308,0.5523905754089355,0.3435191512107849,0.08571801334619522,0.5332861542701721,0.42147961258888245,0.011882117949426174,0.5343232154846191,0.42152878642082214,0.011954853311181068,0.5242364406585693,0.39867669343948364,-0.009840897284448147,0.5299206972122192,0.3910048305988312,-0.0023225569166243076,0.5247477293014526,0.3967171013355255,-0.010560990311205387,0.5267925262451172,0.35546091198921204,0.001363573712296784,0.5371701717376709,0.3565683662891388,0.006554789375513792,0.5304799675941467,0.3802279531955719,-0.00538138160482049,0.5258371829986572,0.25098171830177307,0.005995351355522871,0.5279601216316223,0.26682528853416443,-0.0024432498030364513,0.5298383831977844,0.2858408987522125,-0.007742094807326794,0.539438784122467,0.4297381639480591,0.015981920063495636,0.5082893371582031,0.30225205421447754,-0.023212168365716934,0.5036758184432983,0.27623918652534485,-0.024093925952911377,0.4989166855812073,0.2525544762611389,-0.022725539281964302,0.5334328413009644,0.3239925801753998,0.011651388369500637,0.5467075109481812,0.32689908146858215,0.02569846250116825,0.5108156800270081,0.33435481786727905,0.0010562882525846362,0.5378231406211853,0.3066332936286926,0.014190728776156902,0.516501784324646,0.3503654897212982,-0.00775404367595911,0.5296289324760437,0.3820595443248749,-0.018585769459605217,0.5547727942466736,0.32865387201309204,0.03593633323907852,0.547142744064331,0.3352028429508209,0.020360030233860016,0.5430536270141602,0.3426493704319,0.01305047981441021,0.532700777053833,0.3469353914260864,0.007269223686307669,0.5240035057067871,0.347319632768631,0.0030828434973955154,0.5178439021110535,0.34645822644233704,-0.0012159105390310287,0.5088961720466614,0.34384849667549133,-0.019181447103619576,0.5588862895965576,0.347344309091568,0.037600114941596985,0.5412358641624451,0.30353307723999023,0.0178375281393528,0.5226981043815613,0.3978840112686157,-0.026154154911637306,0.5231070518493652,0.3633919656276703,-0.004568614065647125,0.5464560985565186,0.3051442503929138,0.07326895743608475,0.5132120847702026,0.3443778455257416,-0.004319877363741398,0.5297030210494995,0.3798062205314636,0.0009120451868511736,0.5348125100135803,0.3132992386817932,0.016551615670323372,0.5273489356040955,0.3757462799549103,-0.0171072855591774,0.5550337433815002,0.3646182417869568,0.08648690581321716,0.5094270706176758,0.33125054836273193,0.0020303030032664537,0.5238320231437683,0.37375524640083313,-0.024982847273349762,0.5562121868133545,0.41704511642456055,0.04934694245457649,0.5542296171188354,0.4244401156902313,0.06283341348171234,0.5587388873100281,0.34457409381866455,0.06209542229771614,0.5593698024749756,0.40197598934173584,0.057333607226610184,0.5456267595291138,0.292910635471344,0.040184613317251205,0.5448635220527649,0.45542415976524353,0.029251093044877052,0.5214125514030457,0.3995899558067322,-0.017546433955430984,0.5284789800643921,0.36681607365608215,0.00010355243284720927,0.5451641082763672,0.31399351358413696,0.034231316298246384,0.5284843444824219,0.3228748142719269,0.007455768529325724,0.5239138603210449,0.3263646960258484,0.00476020248606801,0.5362337827682495,0.4223349690437317,0.014257054775953293,0.5605748295783997,0.3647359013557434,0.04266706481575966,0.5383252501487732,0.4712228775024414,0.03016757033765316,0.54716956615448,0.4507608711719513,0.044935066252946854,0.5503361821174622,0.43953001499176025,0.05279802903532982,0.5187269449234009,0.328708678483963,0.002958614844828844,0.5138354897499084,0.33006569743156433,0.0024026725441217422,0.5108815431594849,0.3311048448085785,0.00258936476893723,0.542708694934845,0.29998525977134705,0.024904713034629822,0.5125550031661987,0.322459876537323,0.0003122745256405324,0.5170138478279114,0.31739985942840576,0.00027898678672499955,0.5223644971847534,0.31411826610565186,0.001952208811417222,0.5273374319076538,0.3127176761627197,0.00509248860180378,0.5302179455757141,0.31301841139793396,0.0082416832447052,0.5434799194335938,0.28582221269607544,0.05836062505841255,0.5308401584625244,0.31974634528160095,0.01023244671523571,0.5339418649673462,0.4023761451244354,0.0006813157233409584,0.5288488268852234,0.38868293166160583,-0.012170960195362568,0.5259987711906433,0.40562790632247925,-0.00794212520122528,0.5520075559616089,0.4314262568950653,0.04316901043057442,0.5483304262161255,0.4431697726249695,0.036691851913928986,0.5390001535415649,0.46645867824554443,0.021732648834586143,0.5558281540870667,0.4082077443599701,0.07445871829986572,0.5102992057800293,0.327870637178421,0.0012365126749500632,0.5163005590438843,0.3564266860485077,-0.01721366122364998,0.543770432472229,0.46163344383239746,0.03676588088274002,0.5604374408721924,0.3640025854110718,0.06432393193244934,0.5280672311782837,0.42546871304512024,0.004008776042610407,0.529384434223175,0.4271289110183716,0.004225580487400293,0.530596137046814,0.42954713106155396,0.004166489467024803,0.5317025184631348,0.4327472448348999,0.005929241422563791,0.5361789464950562,0.43784409761428833,0.012636099942028522,0.534233808517456,0.4201812148094177,0.0109412781894207,0.5350001454353333,0.4189860224723816,0.01134380791336298,0.5355992913246155,0.41787225008010864,0.011536642909049988,0.5422704815864563,0.4072772264480591,0.01306373905390501,0.5572971701622009,0.3744969367980957,0.028132136911153793,0.5125030279159546,0.3466346561908722,-0.013120144605636597,0.506540834903717,0.3273596167564392,-0.005592436995357275,0.5084152221679688,0.32626980543136597,-0.0014773664297536016,0.5333072543144226,0.4214783310890198,0.011796023696660995,0.5584989786148071,0.39305946230888367,0.041851092129945755,0.5051981210708618,0.3301607370376587,-0.014905789867043495,0.5397587418556213,0.44291573762893677,0.018170326948165894,0.512700617313385,0.3544718027114868,-0.023842118680477142,0.5228634476661682,0.36820271611213684,-0.0136234937235713,0.5341315865516663,0.4520936906337738,0.013582807965576649,0.5467463135719299,0.42198625206947327,0.024656426161527634,0.5352007150650024,0.38375598192214966,0.004755271598696709,0.5435539484024048,0.432992160320282,0.021928807720541954,0.5472053289413452,0.37524735927581787,0.010871144942939281,0.5417032241821289,0.38939014077186584,0.008915265090763569,0.5528091192245483,0.3856658339500427,0.019744522869586945,0.5375646948814392,0.4599216878414154,0.016534473747015,0.5253462195396423,0.37090444564819336,-0.007232851814478636,0.5509282946586609,0.4246263802051544,0.03337948024272919,0.5468589663505554,0.43700021505355835,0.029290394857525826,0.5495283603668213,0.41020408272743225,0.024867001920938492,0.5606511235237122,0.37955349683761597,0.04716635122895241,0.5548816919326782,0.40659278631210327,0.0329144224524498,0.560736358165741,0.3828344941139221,0.06459972262382507,0.5467695593833923,0.3975435495376587,0.015191304497420788,0.5195285081863403,0.35975322127342224,-0.010449668392539024,0.5291444063186646,0.38700762391090393,-0.019904930144548416,0.530780553817749,0.38660410046577454,-0.011971996165812016,0.5270897150039673,0.38300642371177673,-0.025733929127454758,0.5097997188568115,0.3172094523906708,-0.007481690496206284,0.5184463858604431,0.30725955963134766,-0.006832350045442581,0.5265174508094788,0.3020746111869812,-0.0037361199501901865,0.5327867269515991,0.3002505302429199,0.0013861609622836113,0.5364492535591125,0.30171239376068115,0.007096854969859123,0.5384125709533691,0.31401050090789795,0.020189516246318817,0.5553186535835266,0.32612019777297974,0.05751030147075653,0.5394771099090576,0.3287060260772705,0.016324395313858986,0.5358237624168396,0.33444511890411377,0.011227288283407688,0.5285984873771667,0.33840376138687134,0.006789057981222868,0.5209985375404358,0.3402124047279358,0.003373681101948023,0.5153095722198486,0.3404034674167633,0.0006950084934942424,0.5115174651145935,0.33984652161598206,-0.0012395884841680527,0.5489051938056946,0.32430920004844666,0.08165314793586731,0.5302042961120605,0.38837340474128723,-0.008622553199529648,0.5196776986122131,0.365134596824646,-0.020215271040797234,0.5270482301712036,0.3899121880531311,-0.02575725130736828,0.5244124531745911,0.39493414759635925,-0.02337268739938736,0.5264700055122375,0.3909837603569031,-0.022515904158353806,0.5289638638496399,0.391213983297348,-0.006593856494873762,0.5240068435668945,0.3964066207408905,-0.02509741112589836,0.5227934122085571,0.3981277048587799,-0.017457932233810425,0.5083833932876587,0.33281397819519043,0.0002894355566240847,0.5079173445701599,0.33682820200920105,-0.004176791291683912,0.5088258385658264,0.3395019471645355,-0.008585991337895393,0.531786322593689,0.31354856491088867,0.011148564517498016,0.5349110960960388,0.3083430528640747,0.01180932018905878,0.45839300751686096,0.35029274225234985,-0.01306620892137289,0.46521490812301636,0.3473193347454071,-0.01306620892137289,0.4563376009464264,0.3411077558994293,-0.01306620892137289,0.45145896077156067,0.35330677032470703,-0.01306620892137289,0.46047207713127136,0.35950037837028503,-0.01306620892137289,0.5188810229301453,0.32111862301826477,0.005477546714246273,0.5249984860420227,0.31801438331604004,0.005477546714246273,0.5167784690856934,0.31318092346191406,0.005477546714246273,0.5128066539764404,0.3241400420665741,0.005477546714246273,0.5210637450218201,0.3290344178676605,0.005477546714246273
2966.666666666669,0.522345781326294,0.42424145340919495,-0.010273236781358719,0.5243346095085144,0.3946628272533417,-0.03084501065313816,0.5216754078865051,0.4015452265739441,-0.013258949853479862,0.51029372215271,0.36752253770828247,-0.029439182952046394,0.5229480862617493,0.38630419969558716,-0.03422100469470024,0.5191316604614258,0.37445005774497986,-0.0335942879319191,0.5075366497039795,0.3437983989715576,-0.023114869371056557,0.454083651304245,0.35506224632263184,-0.012824704870581627,0.500649631023407,0.32009047269821167,-0.023073013871908188,0.49810591340065,0.3080112338066101,-0.02682437188923359,0.48442867398262024,0.25933292508125305,-0.02808748371899128,0.5226851105690002,0.4267858862876892,-0.00886552594602108,0.5227752923965454,0.42922964692115784,-0.006354490295052528,0.5226092338562012,0.43084996938705444,-0.00233577867038548,0.5225216150283813,0.43085092306137085,-0.002387565327808261,0.5234009027481079,0.4340619146823883,-0.001830219174735248,0.5241856575012207,0.43788984417915344,-0.002233748557046056,0.5247330069541931,0.44194507598876953,-0.000353492476278916,0.5274184942245483,0.4477933943271637,0.007167891599237919,0.5239248275756836,0.3984889090061188,-0.027079062536358833,0.5163230299949646,0.40059345960617065,-0.01993951015174389,0.4113321900367737,0.3277384638786316,0.001668925047852099,0.4748488664627075,0.35554420948028564,-0.013450095430016518,0.46923136711120605,0.35902896523475647,-0.014654559083282948,0.4628407061100006,0.3616308569908142,-0.014630199410021305,0.45140278339385986,0.35909104347229004,-0.012084481306374073,0.47915709018707275,0.3516959249973297,-0.011306056752800941,0.4603518843650818,0.3351316452026367,-0.021019866690039635,0.46780067682266235,0.3334767818450928,-0.019017312675714493,0.4538143575191498,0.3391548991203308,-0.020255709066987038,0.44964808225631714,0.3440955877304077,-0.018353449180722237,0.4470948278903961,0.36764517426490784,-0.009165585041046143,0.5075660943984985,0.46959733963012695,0.010253289714455605,0.4500828683376312,0.3530595898628235,-0.011744342744350433,0.4189649820327759,0.3692778944969177,0.011694853194057941,0.43657517433166504,0.36420881748199463,-0.006032894365489483,0.482828825712204,0.3963305950164795,-0.012233830988407135,0.5150970816612244,0.4255695939064026,-0.011915537528693676,0.5160494446754456,0.4314429461956024,-0.007608791347593069,0.5078819990158081,0.42995619773864746,-0.010490430518984795,0.5023711323738098,0.43317312002182007,-0.007573246024549007,0.5096688866615295,0.4334896504878998,-0.007338667754083872,0.5042745471000671,0.4351109266281128,-0.004558056592941284,0.4959014356136322,0.4451521635055542,0.002849807497113943,0.5193696022033691,0.39659929275512695,-0.031550001353025436,0.5172160267829895,0.3887462019920349,-0.03491795063018799,0.4404256343841553,0.3422882854938507,-0.02120186947286129,0.49002671241760254,0.36881023645401,-0.014191451482474804,0.5004562735557556,0.3981464207172394,-0.02090003900229931,0.49819162487983704,0.3931397795677185,-0.01991763897240162,0.46065375208854675,0.402997761964798,-0.010632527992129326,0.5137621164321899,0.37753617763519287,-0.033446840941905975,0.45815813541412354,0.3280932605266571,-0.028626836836338043,0.4479033052921295,0.33397939801216125,-0.026107273995876312,0.41767778992652893,0.309434175491333,-0.011128156445920467,0.4877703785896301,0.3268791437149048,-0.02527800388634205,0.47433918714523315,0.3348987102508545,-0.015144476667046547,0.4896320104598999,0.44006210565567017,0.0009842384606599808,0.4399169981479645,0.44643279910087585,0.045637793838977814,0.5056412220001221,0.40128305554389954,-0.01640048250555992,0.5111679434776306,0.4017569422721863,-0.01430040318518877,0.4943236708641052,0.43733710050582886,0.0014048813609406352,0.49577420949935913,0.4372289776802063,0.0006591663113795221,0.4426162838935852,0.32954999804496765,-0.025193793699145317,0.4998047351837158,0.4011816382408142,-0.01671653240919113,0.47136950492858887,0.3254702389240265,-0.02845003642141819,0.46938905119895935,0.3186437487602234,-0.03134846314787865,0.446159303188324,0.27855634689331055,-0.03010055050253868,0.42971956729888916,0.31899362802505493,-0.01970307156443596,0.45763900876045227,0.2968626022338867,-0.031690359115600586,0.434004545211792,0.3393326997756958,-0.017884792760014534,0.42266416549682617,0.3340177834033966,-0.009014517068862915,0.5155935883522034,0.42884600162506104,-0.010553894564509392,0.5088071227073669,0.43181630969047546,-0.00916760228574276,0.5033275485038757,0.43415364623069763,-0.006503114942461252,0.507028341293335,0.40201324224472046,-0.014202210120856762,0.4950699210166931,0.437273234128952,0.0010688974289223552,0.4990745484828949,0.43863314390182495,-0.0006952108815312386,0.4965307116508484,0.4371878504753113,0.0006738454685546458,0.5099664330482483,0.39860764145851135,-0.025299906730651855,0.5049790143966675,0.43585529923439026,-0.0025628244038671255,0.5103542804718018,0.434582382440567,-0.0036742889788001776,0.5163494348526001,0.43296802043914795,-0.003893050132319331,0.5198354125022888,0.45088064670562744,0.005238634999841452,0.5176581740379333,0.4443497061729431,-0.002380552003160119,0.517179012298584,0.4401506185531616,-0.004188921302556992,0.516723096370697,0.4362063407897949,-0.003666854929178953,0.5163558125495911,0.4330284595489502,-0.003965297713875771,0.5049571990966797,0.43594738841056824,-0.0025778620038181543,0.5044360160827637,0.437553346157074,-0.002618413418531418,0.5038521885871887,0.43983858823776245,-0.0030331918969750404,0.5034788846969604,0.4423789381980896,-0.0019346827175468206,0.4965052008628845,0.424800843000412,-0.00795107800513506,0.4204440414905548,0.4059649705886841,0.04400376230478287,0.5229367613792419,0.400073379278183,-0.018340928480029106,0.5007710456848145,0.43668338656425476,-0.0008374368771910667,0.4999627470970154,0.4375399947166443,-0.0007915615569800138,0.5139451622962952,0.4040940999984741,-0.013512837700545788,0.5019088387489319,0.40490925312042236,-0.01011410541832447,0.5126359462738037,0.4029672145843506,-0.014125123620033264,0.4842419922351837,0.37616562843322754,-0.012982377782464027,0.47501853108406067,0.38651612401008606,-0.012994660995900631,0.49702149629592896,0.3967503607273102,-0.015967121347784996,0.42873871326446533,0.2929568290710449,-0.02225116454064846,0.4407547116279602,0.3063950836658478,-0.0269108135253191,0.45459505915641785,0.32190337777137756,-0.02966597117483616,0.5029361248016357,0.4486618936061859,0.0025467739906162024,0.4845390319824219,0.31608664989471436,-0.030134478583931923,0.4741073250770569,0.2902381420135498,-0.03213357925415039,0.4640920162200928,0.2679908871650696,-0.03173043578863144,0.4561505913734436,0.3619176745414734,-0.013474412262439728,0.4408235251903534,0.3771427869796753,-0.006378245539963245,0.4818524122238159,0.34866005182266235,-0.010158524848520756,0.443443238735199,0.35083746910095215,-0.015011305920779705,0.4938686490058899,0.3618840277194977,-0.016139883548021317,0.5050287246704102,0.39452823996543884,-0.026516659185290337,0.4336192011833191,0.3859354257583618,-0.00044957324280403554,0.44867241382598877,0.3823060989379883,-0.009779097512364388,0.45960935950279236,0.3827124238014221,-0.01258738711476326,0.4721912145614624,0.37578076124191284,-0.012306573800742626,0.47991666197776794,0.3682500720024109,-0.011728749610483646,0.485232412815094,0.36203429102897644,-0.012220310047268867,0.5019258260726929,0.3481055200099945,-0.022421572357416153,0.43958520889282227,0.40452784299850464,0.0012594516156241298,0.4374052882194519,0.3521263003349304,-0.014137394726276398,0.5208636522293091,0.39967089891433716,-0.027692899107933044,0.49397552013397217,0.3778097331523895,-0.01476682722568512,0.4104372262954712,0.3668750524520874,0.03074720874428749,0.48955249786376953,0.3561677932739258,-0.012789641506969929,0.4950956702232361,0.3967892527580261,-0.009723547846078873,0.447230726480484,0.35440459847450256,-0.011185389012098312,0.5024083852767944,0.3883237838745117,-0.025169428437948227,0.42828524112701416,0.42649349570274353,0.0462210588157177,0.4801623225212097,0.3458794951438904,-0.009678243659436703,0.5080045461654663,0.3821618854999542,-0.03066427819430828,0.4697897136211395,0.46338823437690735,0.02153703197836876,0.4684945344924927,0.4711831212043762,0.033632345497608185,0.4276812970638275,0.4074414074420929,0.022330544888973236,0.4561978876590729,0.45524242520332336,0.02485937438905239,0.41979771852493286,0.3502815067768097,0.002589812036603689,0.5072613954544067,0.47802281379699707,0.01527119055390358,0.5204710960388184,0.40079447627067566,-0.018527831882238388,0.4891056418418884,0.3860480785369873,-0.012601589784026146,0.4293695092201233,0.3676072955131531,-0.001409984426572919,0.46268194913864136,0.35587841272354126,-0.014597343280911446,0.4682760536670685,0.35396841168403625,-0.014705219306051731,0.4983053207397461,0.4399169087409973,7.362903124885634e-05,0.4443950355052948,0.4214518666267395,0.007410578429698944,0.5195013880729675,0.48312491178512573,0.021306397393345833,0.4964209794998169,0.4811825156211853,0.025406472384929657,0.4842427372932434,0.4777106046676636,0.028710050508379936,0.4915770888328552,0.2833911180496216,-0.028730502352118492,0.5311772227287292,0.47843581438064575,0.023646963760256767,0.4726533591747284,0.3510914742946625,-0.013597275130450726,0.47656553983688354,0.3480018377304077,-0.011746911332011223,0.479162335395813,0.346537321805954,-0.010074350982904434,0.4302237033843994,0.35143592953681946,-0.00955873727798462,0.4733876883983612,0.3407121002674103,-0.014161846600472927,0.46745678782463074,0.33964958786964417,-0.016652164980769157,0.46202322840690613,0.3412921726703644,-0.017824312672019005,0.45674368739128113,0.34474724531173706,-0.017464974895119667,0.4535619914531708,0.3482111096382141,-0.015968812629580498,0.4090252220630646,0.34575319290161133,0.01692678965628147,0.4580031931400299,0.35596179962158203,-0.013765063136816025,0.5223748087882996,0.40805402398109436,-0.010711459442973137,0.5024901628494263,0.4180752635002136,-0.010007627308368683,0.5060083866119385,0.40034347772598267,-0.019099842756986618,0.5146422982215881,0.4117783308029175,-0.01241214293986559,0.5031130909919739,0.3312869966030121,-0.020861750468611717,0.4831700026988983,0.4700639247894287,0.020324137061834335,0.49496009945869446,0.47439467906951904,0.018366308882832527,0.5198379755020142,0.4782826602458954,0.01351713202893734,0.453993022441864,0.4613330364227295,0.04031052067875862,0.47801673412323,0.3438849151134491,-0.01168123073875904,0.5018212199211121,0.36414626240730286,-0.022686148062348366,0.531722903251648,0.4734271466732025,0.016001667827367783,0.5083039999008179,0.48345938324928284,0.021857382729649544,0.4343051314353943,0.425859272480011,0.026033872738480568,0.5103723406791687,0.43468424677848816,-0.0037388058844953775,0.510158896446228,0.437295526266098,-0.003783224383369088,0.5101473927497864,0.44057589769363403,-0.0043150815181434155,0.5103926062583923,0.4443991780281067,-0.002968892687931657,0.5109761357307434,0.45090705156326294,0.002601450541988015,0.4996532201766968,0.43626922369003296,-0.0021249251440167427,0.49864181876182556,0.43589502573013306,-0.0029121737461537123,0.497773140668869,0.43545767664909363,-0.0036200431641191244,0.4918726682662964,0.4323723614215851,-0.004623932298272848,0.45775237679481506,0.42334768176078796,-0.0017540573608130217,0.4978471100330353,0.35439980030059814,-0.018884507939219475,0.48588672280311584,0.3385792672634125,-0.012866753153502941,0.48068174719810486,0.340220183134079,-0.012234043329954147,0.5007368922233582,0.4366268515586853,-0.0008216070127673447,0.45963388681411743,0.44307297468185425,0.011415885761380196,0.49402326345443726,0.33720970153808594,-0.01901824213564396,0.5087966322898865,0.46016618609428406,0.006952423136681318,0.51524817943573,0.36423447728157043,-0.029840748757123947,0.5062940716743469,0.3584657311439514,-0.026515118777751923,0.5115696787834167,0.35453087091445923,-0.02645261399447918,0.5006282925605774,0.379473477602005,-0.020988332107663155,0.5309563279151917,0.46580392122268677,0.010907085612416267,0.5290529131889343,0.45624181628227234,0.009186480194330215,0.5197543501853943,0.46012675762176514,0.007595832459628582,0.4900999665260315,0.45178985595703125,0.005956762004643679,0.49064964056015015,0.40562814474105835,-0.008742283098399639,0.49895575642585754,0.45728206634521484,0.006879403721541166,0.4742666780948639,0.41092851758003235,-0.010569446720182896,0.48630598187446594,0.4167495369911194,-0.00813470222055912,0.47044000029563904,0.4265819787979126,-0.004891796503216028,0.5199007987976074,0.47031620144844055,0.008844258263707161,0.49681976437568665,0.3850225806236267,-0.016613204032182693,0.4849703311920166,0.46053630113601685,0.011868300847709179,0.496273010969162,0.46563753485679626,0.012418568134307861,0.48269784450531006,0.4442807137966156,0.0025395764969289303,0.4491064250469208,0.4350043535232544,0.013283470645546913,0.47272607684135437,0.44915416836738586,0.007132264319807291,0.4429611265659332,0.4418784976005554,0.028012391179800034,0.4827740788459778,0.4293194115161896,-0.005148162133991718,0.4978038966655731,0.3707982897758484,-0.0184318870306015,0.5080707669258118,0.3979569673538208,-0.027098363265395164,0.5032093524932861,0.4005153179168701,-0.020312679931521416,0.5109896659851074,0.39160850644111633,-0.03133745864033699,0.4803180992603302,0.3331611156463623,-0.017591923475265503,0.469666451215744,0.33131229877471924,-0.022002562880516052,0.4601725935935974,0.33302634954452515,-0.023850461468100548,0.45216846466064453,0.33732956647872925,-0.02305452898144722,0.4463934600353241,0.34323281049728394,-0.020287930965423584,0.4429595470428467,0.3591449558734894,-0.009407075121998787,0.4223793148994446,0.38869524002075195,0.016950324177742004,0.45258480310440063,0.3703402280807495,-0.010824603959918022,0.461174339056015,0.37066638469696045,-0.0123989786952734,0.4700927734375,0.36670297384262085,-0.012591126374900341,0.4771411716938019,0.3612208366394043,-0.011830013245344162,0.4820731282234192,0.3563075065612793,-0.010697084479033947,0.4857194721698761,0.35248300433158875,-0.010458489879965782,0.4148731231689453,0.38618460297584534,0.03908209875226021,0.5028927326202393,0.4020926356315613,-0.016845544800162315,0.5052976608276367,0.37284955382347107,-0.025829588994383812,0.5139579176902771,0.39728042483329773,-0.03021090477705002,0.5165573954582214,0.3998265564441681,-0.025919130071997643,0.5130593180656433,0.3984793722629547,-0.027124660089612007,0.5043669939041138,0.40355101227760315,-0.013526968657970428,0.5185526609420776,0.40004846453666687,-0.027111710980534554,0.5182298421859741,0.40120041370391846,-0.01921773888170719,0.48317858576774597,0.34563905000686646,-0.009366699494421482,0.48819759488105774,0.3469610810279846,-0.011310582049190998,0.49230602383613586,0.34843355417251587,-0.01442527025938034,0.4516860246658325,0.3507947325706482,-0.014174723997712135,0.44706112146377563,0.3492083251476288,-0.015087748877704144,0.5196738243103027,0.36313968896865845,-0.025729279965162277,0.5347954034805298,0.3168393075466156,0.014228631742298603,0.5272186994552612,0.3953106999397278,-0.017068859189748764,0.5410981178283691,0.27220213413238525,0.04371348395943642,0.5219444036483765,0.3334839940071106,0.004004376940429211,0.5278967022895813,0.330961674451828,0.006307488773018122,0.5331625938415527,0.3278144896030426,0.009565617889165878,0.5369813442230225,0.31928715109825134,0.016563473269343376,0.5168942809104919,0.33392372727394104,0.0024888787884265184,0.5268715620040894,0.30666783452033997,0.001023357966914773,0.5202550292015076,0.310783326625824,-0.0016027380479499698,0.5326111912727356,0.30505484342575073,0.0051268707029521465,0.5359665751457214,0.306211918592453,0.00900938455015421,0.5430334210395813,0.3232409358024597,0.021692438051104546,0.5452865362167358,0.4484681487083435,0.022756291553378105,0.5355912446975708,0.31384730339050293,0.01657857559621334,0.551928699016571,0.3095135986804962,0.05368829518556595,0.5452345609664917,0.31458863615989685,0.02855990082025528,0.5396479368209839,0.36984196305274963,0.005369176622480154,0.5279396176338196,0.4198904037475586,-0.007443735376000404,0.5279141068458557,0.4261470139026642,-0.003474416909739375,0.5328020453453064,0.41868263483047485,-0.0012636496685445309,0.5359599590301514,0.41824042797088623,0.005139110144227743,0.5317969918251038,0.4236835241317749,0.000705479527823627,0.5346866250038147,0.42182910442352295,0.006215629167854786,0.5437048673629761,0.42167043685913086,0.01921745017170906,0.5282855033874512,0.3922266364097595,-0.029182234779000282,0.5277062058448792,0.3838241696357727,-0.03208483010530472,0.5430080890655518,0.29647326469421387,0.011390047147870064,0.5237652063369751,0.3532327711582184,-0.0026832062285393476,0.5347130298614502,0.38201284408569336,-0.010203641839325428,0.5330199599266052,0.3768571615219116,-0.008882569149136543,0.5536149144172668,0.35954323410987854,0.018525585532188416,0.5237848162651062,0.3728328049182892,-0.029843198135495186,0.5326887965202332,0.29486924409866333,-0.005856821779161692,0.5391005277633667,0.29354432225227356,0.002300678053870797,0.535887598991394,0.2596348524093628,0.026687776669859886,0.5115251541137695,0.31493958830833435,-0.01768386922776699,0.5148653388023376,0.3167182505130768,-0.0010644546709954739,0.5463729500770569,0.41270706057548523,0.02087417244911194,0.556713879108429,0.3889721632003784,0.08477035164833069,0.5317952632904053,0.38894280791282654,-0.008526699617505074,0.5286232829093933,0.3937552869319916,-0.010328211821615696,0.5399922728538513,0.41803067922592163,0.01856999844312668,0.5390393733978271,0.41889965534210205,0.015743982046842575,0.5399377346038818,0.28641220927238464,0.004999781493097544,0.5343789458274841,0.38503849506378174,-0.006241675931960344,0.5235854983329773,0.30116504430770874,-0.012838046066462994,0.523531436920166,0.2932436764240265,-0.015305852517485619,0.5167409777641296,0.24964118003845215,-0.008412666618824005,0.5382167100906372,0.2717299163341522,0.013584522530436516,0.5200566649436951,0.27019327878952026,-0.013290596194565296,0.5438664555549622,0.2908683121204376,0.016948070377111435,0.5433731079101562,0.2810713052749634,0.028670620173215866,0.5281485319137573,0.4233030676841736,-0.006111709866672754,0.532400369644165,0.42130395770072937,-0.0004976943018846214,0.535415530204773,0.42000120878219604,0.00513013731688261,0.5307117700576782,0.390890508890152,-0.007750472519546747,0.539494514465332,0.41848379373550415,0.0169327761977911,0.538041889667511,0.4217988848686218,0.012626438401639462,0.5384761095046997,0.41940855979919434,0.015341386198997498,0.5311441421508789,0.388444185256958,-0.01798921637237072,0.533955991268158,0.4233293831348419,0.007651130668818951,0.5310803651809692,0.42550256848335266,0.0038912936579436064,0.527378499507904,0.42806848883628845,0.000338571349857375,0.5333563089370728,0.44390228390693665,0.00934492889791727,0.5304504632949829,0.43830618262290955,0.0020212417002767324,0.5296512842178345,0.4343050718307495,0.0004228622419759631,0.5285444259643555,0.4307602643966675,0.0008456639479845762,0.5272552371025085,0.4281008839607239,0.000329234404489398,0.5339012145996094,0.42328941822052,0.0076472642831504345,0.535107433795929,0.4240376949310303,0.0075866105034947395,0.5363561511039734,0.4253539741039276,0.007541708182543516,0.5373917818069458,0.42714592814445496,0.009441792964935303,0.5412547588348389,0.40359580516815186,0.0067123244516551495,0.5531404614448547,0.3446701169013977,0.08757190406322479,0.5360057353973389,0.4215177297592163,0.012007019482553005,0.5370625853538513,0.42154765129089355,0.012053129263222218,0.5275576710700989,0.3979388475418091,-0.009585907682776451,0.5330266356468201,0.39047104120254517,-0.0018184564542025328,0.5280855298042297,0.3959692716598511,-0.010278189554810524,0.5296604633331299,0.3552111089229584,0.0024375049397349358,0.5398571491241455,0.3565092980861664,0.007874668575823307,0.5336131453514099,0.3796999752521515,-0.004587436560541391,0.5285210013389587,0.2515619993209839,0.008685319684445858,0.5309046506881714,0.2674592137336731,-0.00013311606016941369,0.5328781604766846,0.2866009771823883,-0.0056793661788105965,0.5414451360702515,0.42909497022628784,0.015915781259536743,0.5118135809898376,0.3026275932788849,-0.02196812443435192,0.5074445605278015,0.2760235369205475,-0.022562779486179352,0.5026099681854248,0.25225794315338135,-0.020793765783309937,0.5362014174461365,0.32378771901130676,0.013502531684935093,0.5492880940437317,0.3270128667354584,0.02781853824853897,0.5136022567749023,0.33342957496643066,0.002129367319867015,0.5406126976013184,0.3069455623626709,0.016339557245373726,0.519705057144165,0.3499147593975067,-0.00690626073628664,0.5331271290779114,0.38132229447364807,-0.017821531742811203,0.5566732883453369,0.3293170928955078,0.03820393607020378,0.5498396754264832,0.33508914709091187,0.022343385964632034,0.545876145362854,0.3422825336456299,0.01477587129920721,0.5356675982475281,0.34644362330436707,0.008652517572045326,0.5270187854766846,0.3466823101043701,0.004220882430672646,0.5209150910377502,0.3456466495990753,-0.00024673499865457416,0.5124913454055786,0.34325578808784485,-0.018476450815796852,0.5608067512512207,0.3479215204715729,0.039718788117170334,0.5439165830612183,0.3041083812713623,0.020156588405370712,0.5264211297035217,0.3968868553638458,-0.025799840688705444,0.5262414813041687,0.36293408274650574,-0.003693463746458292,0.5475146174430847,0.30621522665023804,0.07570280134677887,0.5163315534591675,0.3434741497039795,-0.0034422907046973705,0.5326992869377136,0.37934744358062744,0.0016413370613008738,0.537580132484436,0.3132767677307129,0.018562130630016327,0.5307906866073608,0.375070184469223,-0.016314025968313217,0.5557150840759277,0.3657728135585785,0.08799644559621811,0.5121743083000183,0.3303184509277344,0.003160786349326372,0.5274985432624817,0.3729843497276306,-0.02424377016723156,0.5577036142349243,0.4174121618270874,0.05005832016468048,0.5554097890853882,0.4250754714012146,0.06321986764669418,0.5600830912590027,0.34550607204437256,0.06423856317996979,0.5607262849807739,0.4025422930717468,0.05846891552209854,0.5474776029586792,0.2938894033432007,0.04278038814663887,0.5467995405197144,0.4552050828933716,0.028808031231164932,0.5249998569488525,0.39865100383758545,-0.017344415187835693,0.5314096212387085,0.3664948344230652,0.0010499840136617422,0.5474686622619629,0.31457599997520447,0.036598965525627136,0.5312303900718689,0.3224547207355499,0.00917780864983797,0.5266516804695129,0.3258422017097473,0.00633593462407589,0.5389291048049927,0.422348290681839,0.01441235188394785,0.5623697638511658,0.36531734466552734,0.044508930295705795,0.5402909517288208,0.4709722399711609,0.029002388939261436,0.548755943775177,0.4510142207145691,0.04454279690980911,0.5517289042472839,0.43996649980545044,0.05278253182768822,0.5214471220970154,0.3280399739742279,0.004364839754998684,0.5165162682533264,0.3292429447174072,0.0036678363103419542,0.5135783553123474,0.33018958568573,0.0037690692115575075,0.5451424717903137,0.30068981647491455,0.02735980600118637,0.5154788494110107,0.32179170846939087,0.001677566790021956,0.520000696182251,0.3169727325439453,0.0017961593111976981,0.5253497958183289,0.31380343437194824,0.0036316586192697287,0.530283510684967,0.3124772012233734,0.006911763455718756,0.5331043601036072,0.31280264258384705,0.01013088971376419,0.5449345111846924,0.28680482506752014,0.06104964390397072,0.5335928797721863,0.319376140832901,0.01206270046532154,0.5368586778640747,0.40199121832847595,0.0011721276678144932,0.5322219133377075,0.3879145085811615,-0.011561837047338486,0.529215931892395,0.4049784541130066,-0.007745102979242802,0.5536036491394043,0.4316291809082031,0.043419718742370605,0.550089955329895,0.44320088624954224,0.03656966611742973,0.5411367416381836,0.4659276306629181,0.02088823728263378,0.556759774684906,0.40904122591018677,0.07523229718208313,0.5131180882453918,0.32699519395828247,0.002466092584654689,0.5198093056678772,0.3558128774166107,-0.016460655257105827,0.5455608367919922,0.46163973212242126,0.036029115319252014,0.5616726279258728,0.364889919757843,0.06616543233394623,0.5310056805610657,0.4255044460296631,0.003898076480254531,0.5324036478996277,0.42722436785697937,0.0040849968791007996,0.5336490869522095,0.4297635853290558,0.003972196485847235,0.5347235202789307,0.43307769298553467,0.005675145890563726,0.5382146835327148,0.4367995858192444,0.012295642867684364,0.5369600057601929,0.4202709197998047,0.011260071769356728,0.5377016067504883,0.41906869411468506,0.011730884201824665,0.538275957107544,0.4179578721523285,0.012001723051071167,0.5447077751159668,0.4072125554084778,0.013718201778829098,0.5594053268432617,0.37481433153152466,0.029702849686145782,0.5159017443656921,0.3461223840713501,-0.012348921038210392,0.509571373462677,0.32666948437690735,-0.004631915595382452,0.5113148093223572,0.3254992365837097,-0.0003535375581122935,0.5360509753227234,0.4215591251850128,0.012066582217812538,0.5602270364761353,0.39346662163734436,0.04311568662524223,0.5085194110870361,0.32950928807258606,-0.014090321026742458,0.5417462587356567,0.44223716855049133,0.017759349197149277,0.516396164894104,0.3537600338459015,-0.023179233074188232,0.5262349247932434,0.36760413646698,-0.012850494123995304,0.5363045334815979,0.451022744178772,0.012781402096152306,0.5487105846405029,0.4219071567058563,0.02494201809167862,0.5380118489265442,0.3834567070007324,0.005544342566281557,0.5454698801040649,0.432658851146698,0.021843381226062775,0.5497586131095886,0.3752374053001404,0.012095906771719456,0.544338047504425,0.3892505168914795,0.009767183102667332,0.5551193356513977,0.38580307364463806,0.020962785929441452,0.5397478342056274,0.4591437876224518,0.015737473964691162,0.5285402536392212,0.37038013339042664,-0.006431471556425095,0.552722692489624,0.42468711733818054,0.03372142091393471,0.5487121343612671,0.436858594417572,0.029204538092017174,0.5516167879104614,0.4102898836135864,0.025576716288924217,0.5622941851615906,0.38014376163482666,0.048737749457359314,0.5567485690116882,0.4067995548248291,0.033802833408117294,0.5619484186172485,0.3836136758327484,0.06612806022167206,0.5491912364959717,0.3975750505924225,0.016085108742117882,0.5228404402732849,0.3592194616794586,-0.009637429378926754,0.5326570868492126,0.3861830234527588,-0.019189378246665,0.5341207981109619,0.38590165972709656,-0.011283516883850098,0.5308033227920532,0.38214245438575745,-0.02504584565758705,0.512927770614624,0.31703755259513855,-0.0062824091874063015,0.521628737449646,0.30737534165382385,-0.005332630127668381,0.5296640396118164,0.3023700416088104,-0.001980995060876012,0.5358643531799316,0.3006458878517151,0.003361084731295705,0.5393924713134766,0.3021298050880432,0.009202789515256882,0.5411007404327393,0.3141988515853882,0.02227417193353176,0.5567472577095032,0.3270675241947174,0.05988903343677521,0.5421896576881409,0.3285743296146393,0.018201740458607674,0.5386120080947876,0.3341728150844574,0.012903128750622272,0.5314750671386719,0.3379761874675751,0.008230600506067276,0.5239089131355286,0.3396017253398895,0.004606137052178383,0.5182241797447205,0.33960995078086853,0.0017232599202543497,0.514461100101471,0.338934987783432,-0.00031192234018817544,0.5497375726699829,0.32543787360191345,0.08381954580545425,0.5334610939025879,0.38770803809165955,-0.00798884592950344,0.5232688188552856,0.3644479513168335,-0.01947014220058918,0.5307474136352539,0.38897576928138733,-0.025176716968417168,0.5280247926712036,0.39400815963745117,-0.022980455309152603,0.5300653576850891,0.3900912404060364,-0.021965140476822853,0.5321740508079529,0.39057961106300354,-0.006090945564210415,0.5276734828948975,0.3954465091228485,-0.02472359873354435,0.5263493061065674,0.39721304178237915,-0.01719963178038597,0.5112043023109436,0.3318871557712555,0.0012964290799573064,0.5109074115753174,0.3359009921550751,-0.0033109693322330713,0.5120024085044861,0.33857887983322144,-0.007793961558490992,0.5346084833145142,0.3133520781993866,0.01307875569909811,0.5377568602561951,0.3084610104560852,0.013832741416990757,0.4614008963108063,0.3490995466709137,-0.013791345991194248,0.46831178665161133,0.34607571363449097,-0.013791345991194248,0.45928680896759033,0.3398435413837433,-0.013791345991194248,0.45437881350517273,0.35216352343559265,-0.013791345991194248,0.4635595679283142,0.3583376705646515,-0.013791345991194248,0.5219955444335938,0.32049399614334106,0.007064941804856062,0.5277891159057617,0.31760066747665405,0.007064941804856062,0.5198003649711609,0.3126842975616455,0.007064941804856062,0.5162281394004822,0.3232690393924713,0.007064941804856062,0.5242599248886108,0.32825005054473877,0.007064941804856062
3000.0000000000023,0.5274078845977783,0.423557311296463,-0.009975096210837364,0.5274423360824585,0.39507168531417847,-0.030643261969089508,0.5244937539100647,0.40197357535362244,-0.013007991947233677,0.5134354829788208,0.36800727248191833,-0.029596585780382156,0.5261374115943909,0.38676533102989197,-0.03407522663474083,0.522320032119751,0.37493130564689636,-0.03354412689805031,0.5106035470962524,0.3442140817642212,-0.023376038298010826,0.4565112590789795,0.35556355118751526,-0.014069361612200737,0.5037808418273926,0.3203889727592468,-0.02355743758380413,0.5013402700424194,0.3083096742630005,-0.027419624850153923,0.4877668023109436,0.259568989276886,-0.02911313623189926,0.5276161432266235,0.42605823278427124,-0.008546349592506886,0.5274431705474854,0.42851880192756653,-0.0060074953362345695,0.5269727110862732,0.4301835596561432,-0.001956733176484704,0.526894748210907,0.43007391691207886,-0.0019267137395218015,0.5278263092041016,0.43328166007995605,-0.001303096185438335,0.5285319089889526,0.4371486008167267,-0.0016080376226454973,0.5288203358650208,0.4412683844566345,0.00041326379869133234,0.5297403931617737,0.44845783710479736,0.008122608065605164,0.5269224047660828,0.39886727929115295,-0.026858065277338028,0.5192533731460571,0.4010429382324219,-0.01980704814195633,0.41400325298309326,0.32795965671539307,-0.0003713444748427719,0.4774099588394165,0.35599610209465027,-0.014297526329755783,0.47172319889068604,0.35941803455352783,-0.015604245476424694,0.4652820825576782,0.3620442748069763,-0.01569543220102787,0.45382779836654663,0.35968726873397827,-0.013354599475860596,0.48178672790527344,0.3522271513938904,-0.01206718198955059,0.4629119634628296,0.3357125520706177,-0.02215735614299774,0.4704466760158539,0.33402740955352783,-0.020032724365592003,0.45629414916038513,0.3397575914859772,-0.02149675041437149,0.4520770311355591,0.34472575783729553,-0.019659532234072685,0.44950196146965027,0.36829447746276855,-0.010491508059203625,0.5095735788345337,0.4700999855995178,0.010911249555647373,0.4524913728237152,0.35364627838134766,-0.013059305027127266,0.42127543687820435,0.36969226598739624,0.009822566993534565,0.4389569163322449,0.36497026681900024,-0.007561464328318834,0.4855947196483612,0.3968367576599121,-0.01268415991216898,0.5200172662734985,0.4250734746456146,-0.011727754957973957,0.5205073356628418,0.43097516894340515,-0.007367017678916454,0.5121209621429443,0.42983198165893555,-0.010419544763863087,0.5059908628463745,0.43341076374053955,-0.007606669794768095,0.5136304497718811,0.4333620071411133,-0.007215555291622877,0.5077359080314636,0.435313880443573,-0.004518742207437754,0.4983540177345276,0.445955753326416,0.0029034679755568504,0.5224934816360474,0.39703869819641113,-0.031418830156326294,0.5204123854637146,0.38924112915992737,-0.03485361859202385,0.4427824020385742,0.34297969937324524,-0.02277427166700363,0.49282047152519226,0.3691850006580353,-0.01467496994882822,0.5033745169639587,0.39868655800819397,-0.021065302193164825,0.5010746717453003,0.3936680257320404,-0.020130855962634087,0.4632878601551056,0.40363383293151855,-0.011539490893483162,0.5169395208358765,0.37804222106933594,-0.03349943086504936,0.4606260359287262,0.32856056094169617,-0.029905766248703003,0.4502694606781006,0.3345661461353302,-0.027569182217121124,0.4206424951553345,0.3096613883972168,-0.013141633942723274,0.49063780903816223,0.32727235555648804,-0.02602633461356163,0.477053701877594,0.33543142676353455,-0.016053281724452972,0.49221470952033997,0.4408808946609497,0.0008110336493700743,0.44108960032463074,0.4470463693141937,0.044914260506629944,0.508533775806427,0.40180957317352295,-0.01644524559378624,0.514053463935852,0.40225285291671753,-0.01419964712113142,0.4971010684967041,0.4382289946079254,0.001265382976271212,0.4986134469509125,0.43805593252182007,0.0005767745897173882,0.44498685002326965,0.3301997184753418,-0.026798376813530922,0.5026562213897705,0.40172839164733887,-0.016850648447871208,0.4739988148212433,0.32585036754608154,-0.029493948444724083,0.47204121947288513,0.31902042031288147,-0.0324581153690815,0.44948810338974,0.2788371443748474,-0.031730905175209045,0.4328981637954712,0.31931832432746887,-0.021557841449975967,0.4610501527786255,0.29724499583244324,-0.03309150040149689,0.43642038106918335,0.34008073806762695,-0.01959904469549656,0.4255741536617279,0.3343315124511719,-0.010961604304611683,0.5203224420547485,0.42833930253982544,-0.010344586335122585,0.512932300567627,0.43168461322784424,-0.009073428809642792,0.5068917274475098,0.434370219707489,-0.006495114415884018,0.5099074840545654,0.40253540873527527,-0.014205309562385082,0.4978863000869751,0.43813467025756836,0.0009637968614697456,0.50208979845047,0.43925976753234863,-0.0006356728845275939,0.49938714504241943,0.43797558546066284,0.0006070372764952481,0.5129616856575012,0.3990960419178009,-0.02533724717795849,0.5083059072494507,0.4360412359237671,-0.0024891505017876625,0.5141298174858093,0.43444496393203735,-0.0035144700668752193,0.5205278396606445,0.43253883719444275,-0.0036258616019040346,0.522156834602356,0.4516122043132782,0.006068006623536348,0.5216261148452759,0.44400888681411743,-0.0017530892509967089,0.5213828682899475,0.4397256374359131,-0.003678287845104933,0.5210040807723999,0.4357157051563263,-0.003264229279011488,0.5205531120300293,0.4325186610221863,-0.003624526085332036,0.5083097219467163,0.43616247177124023,-0.0024435545783489943,0.5078359842300415,0.4378126263618469,-0.0024239923804998398,0.5072292685508728,0.4401700496673584,-0.0027862130664288998,0.5067607760429382,0.4427672326564789,-0.0016758556012064219,0.49929216504096985,0.42540889978408813,-0.008097820915281773,0.4218901991844177,0.40641263127326965,0.042601171880960464,0.5258435606956482,0.40047487616539,-0.01811196655035019,0.5037423968315125,0.43720489740371704,-0.0008115061209537089,0.5029898285865784,0.4381074905395508,-0.0007325951009988785,0.5168101191520691,0.4045807421207428,-0.013360670767724514,0.5047078728675842,0.4054613709449768,-0.010150570422410965,0.5155144929885864,0.40346065163612366,-0.01400100626051426,0.48702123761177063,0.3765418827533722,-0.01354173943400383,0.47778934240341187,0.38698822259902954,-0.013688916340470314,0.49985694885253906,0.39727360010147095,-0.016170671209692955,0.4319230616092682,0.2932063043117523,-0.02411508932709694,0.4441126585006714,0.30673685669898987,-0.02857460454106331,0.45706576108932495,0.3223995566368103,-0.031067436560988426,0.5053332448005676,0.4494570195674896,0.0028311503119766712,0.4874374568462372,0.3164155185222626,-0.03098371811211109,0.47749099135398865,0.29060038924217224,-0.03325032815337181,0.46745097637176514,0.26827093958854675,-0.03305549547076225,0.45857343077659607,0.3624102771282196,-0.014653412625193596,0.4431513845920563,0.3778732717037201,-0.007778618484735489,0.4845370948314667,0.3492194414138794,-0.01090264692902565,0.4458339810371399,0.351519376039505,-0.016477031633257866,0.49672168493270874,0.3622707724571228,-0.016590675339102745,0.5080490708351135,0.3950493037700653,-0.02662483975291252,0.43600913882255554,0.3864990770816803,-0.001967774238437414,0.45101964473724365,0.3829292356967926,-0.011024875566363335,0.4619879722595215,0.38329172134399414,-0.013615590520203114,0.4746408462524414,0.37637707591056824,-0.01312226988375187,0.4824519455432892,0.3688475787639618,-0.012400297448039055,0.4878709018230438,0.3626234829425812,-0.01279705110937357,0.5049731731414795,0.3485308885574341,-0.02279745787382126,0.4418530762195587,0.40518614649772644,-7.263942097779363e-05,0.4397750198841095,0.35284826159477234,-0.01572340540587902,0.5238745212554932,0.4000817537307739,-0.027525337412953377,0.4967838525772095,0.3782403767108917,-0.015136596746742725,0.41241246461868286,0.36720892786979675,0.028873804956674576,0.49228477478027344,0.35672879219055176,-0.013336199335753918,0.49785521626472473,0.39729925990104675,-0.009948350489139557,0.449648380279541,0.3550424575805664,-0.012561020441353321,0.5053792595863342,0.38883569836616516,-0.025332080200314522,0.4295484721660614,0.4270125925540924,0.045138631016016006,0.48288294672966003,0.34644562005996704,-0.01048977579921484,0.511100709438324,0.38266539573669434,-0.030777793377637863,0.4715456962585449,0.4641127586364746,0.021270092576742172,0.4699034094810486,0.47183114290237427,0.03355776518583298,0.42953231930732727,0.4080222249031067,0.020840363577008247,0.45784345269203186,0.45599114894866943,0.024274688214063644,0.4224053621292114,0.3506295084953308,0.0006530171376653016,0.5091079473495483,0.4784180521965027,0.015991635620594025,0.5233908295631409,0.40121155977249146,-0.018331149592995644,0.49187853932380676,0.3864890933036804,-0.012998182326555252,0.4316406846046448,0.3685242533683777,-0.0030706024263054132,0.46511760354042053,0.3562077283859253,-0.015691932290792465,0.4707448482513428,0.35430189967155457,-0.01570102386176586,0.5012512803077698,0.44058454036712646,0.0001137655126512982,0.4465029239654541,0.4221518933773041,0.006321168038994074,0.5211572647094727,0.4833167791366577,0.022403141483664513,0.4980316460132599,0.4815668761730194,0.025939522311091423,0.4857836663722992,0.47822004556655884,0.028948038816452026,0.4948963224887848,0.28369033336639404,-0.029542772099375725,0.5328199863433838,0.4784946143627167,0.024965526536107063,0.47518041729927063,0.3514922559261322,-0.01450530719012022,0.4791717827320099,0.34849610924720764,-0.012601091526448727,0.4818294644355774,0.3470855951309204,-0.010906610637903214,0.4326339364051819,0.35224127769470215,-0.011277261190116405,0.4760810136795044,0.3412114977836609,-0.015083977952599525,0.47008055448532104,0.3401277959346771,-0.017663562670350075,0.46454110741615295,0.3417784869670868,-0.0189222265034914,0.4591657221317291,0.34528571367263794,-0.018651369959115982,0.45595017075538635,0.3487831950187683,-0.01720869168639183,0.4113757610321045,0.3460219204425812,0.01492750458419323,0.4604353606700897,0.3563762903213501,-0.014946212992072105,0.5251384377479553,0.4084445834159851,-0.010431417264044285,0.5052741765975952,0.4186439514160156,-0.010048824362456799,0.5089287161827087,0.4008660614490509,-0.019162023440003395,0.5174645185470581,0.4122364819049835,-0.012238885276019573,0.5061551928520203,0.3316250443458557,-0.02124238945543766,0.4849608540534973,0.47067320346832275,0.020420219749212265,0.49675631523132324,0.47490203380584717,0.01879119500517845,0.5217222571372986,0.47861534357070923,0.014549532905220985,0.45524394512176514,0.46201708912849426,0.03991958871483803,0.4807250201702118,0.3444194495677948,-0.01254525501281023,0.5048243403434753,0.3646024167537689,-0.022997470572590828,0.5336037278175354,0.4736367166042328,0.017276693135499954,0.5099618434906006,0.4837426543235779,0.02266976796090603,0.43595635890960693,0.4265078008174896,0.02482113055884838,0.5141841769218445,0.43451645970344543,-0.0035091822501271963,0.5140458941459656,0.4371725916862488,-0.0034943579230457544,0.5139850974082947,0.44053229689598083,-0.003948398865759373,0.5140820741653442,0.4444214701652527,-0.002542187925428152,0.5133309364318848,0.451673299074173,0.0031315600499510765,0.5026921629905701,0.43680882453918457,-0.00216510146856308,0.5017099380493164,0.4364597797393799,-0.002997630974277854,0.5008472800254822,0.43603843450546265,-0.0037405621260404587,0.49459928274154663,0.4330766797065735,-0.004856122191995382,0.46013909578323364,0.42404329776763916,-0.0025652656331658363,0.5007990598678589,0.354812353849411,-0.019301576539874077,0.48871007561683655,0.33910664916038513,-0.013561423867940903,0.48343750834465027,0.34076234698295593,-0.013060478493571281,0.5037007331848145,0.43712785840034485,-0.0008315767045132816,0.4617004096508026,0.44380173087120056,0.01078186184167862,0.4968875050544739,0.33771049976348877,-0.019563773646950722,0.5109474658966064,0.46080344915390015,0.007584302686154842,0.5183947086334229,0.3647046983242035,-0.029895640909671783,0.5093836784362793,0.3589291572570801,-0.026770278811454773,0.5146760940551758,0.35497602820396423,-0.02661518193781376,0.5035508275032043,0.3799470067024231,-0.02123105339705944,0.5329968929290771,0.46613913774490356,0.012105893343687057,0.5312283039093018,0.45672887563705444,0.010276534594595432,0.5219180583953857,0.4607072174549103,0.008524207398295403,0.4923688769340515,0.4525527358055115,0.005990782752633095,0.4933871328830719,0.4061599373817444,-0.008993278257548809,0.5011225938796997,0.45798593759536743,0.007225516252219677,0.47698837518692017,0.41155076026916504,-0.011087586171925068,0.48904579877853394,0.4173416793346405,-0.008433597162365913,0.4730081856250763,0.42726337909698486,-0.005421885289251804,0.5219429731369019,0.470756471157074,0.009814017452299595,0.499643474817276,0.3854925036430359,-0.016880573704838753,0.4870133697986603,0.4612475037574768,0.011892508715391159,0.4982540011405945,0.4662472903728485,0.012799746356904507,0.48511409759521484,0.44507306814193726,0.0023012685123831034,0.45107191801071167,0.43572163581848145,0.012408176437020302,0.47490590810775757,0.4499252438545227,0.006776649504899979,0.44451332092285156,0.4425923228263855,0.02708892710506916,0.4854539930820465,0.4300096929073334,-0.005482852458953857,0.5006948709487915,0.37123939394950867,-0.018779492005705833,0.5110918879508972,0.3984675705432892,-0.027166465297341347,0.5061373114585876,0.4010467529296875,-0.020404130220413208,0.5141138434410095,0.39211833477020264,-0.03136938065290451,0.48309823870658875,0.3336449861526489,-0.01844353973865509,0.4723152816295624,0.3318057358264923,-0.02304680459201336,0.46271345019340515,0.3335554599761963,-0.02504153922200203,0.454598605632782,0.3379012644290924,-0.02438129112124443,0.44876882433891296,0.3438667058944702,-0.021709894761443138,0.44537249207496643,0.35985100269317627,-0.010845531709492207,0.42445966601371765,0.38919031620025635,0.015233397483825684,0.45497897267341614,0.3709375560283661,-0.01203672681003809,0.4635990262031555,0.3711825907230377,-0.013450912199914455,0.47256940603256226,0.36719968914985657,-0.013479597866535187,0.47971290349960327,0.36174920201301575,-0.012586249969899654,0.48473164439201355,0.3568830192089081,-0.011359738186001778,0.4884628355503082,0.353067010641098,-0.011076368391513824,0.4165486693382263,0.3865567743778229,0.03742082789540291,0.5057697892189026,0.4026290774345398,-0.016925698146224022,0.5083459615707397,0.37333691120147705,-0.026045389473438263,0.5170507431030273,0.3977532982826233,-0.0301732886582613,0.5195471048355103,0.40027156472206116,-0.025793058797717094,0.5160807371139526,0.3989505171775818,-0.027092313393950462,0.5072117447853088,0.40409061312675476,-0.013543878681957722,0.5215603709220886,0.40047574043273926,-0.026960212737321854,0.521150529384613,0.40163707733154297,-0.019054267555475235,0.48591792583465576,0.3462086021900177,-0.01010122336447239,0.49101054668426514,0.3475238084793091,-0.011913161724805832,0.4951137900352478,0.3489541709423065,-0.014939181506633759,0.45408156514167786,0.35138610005378723,-0.015455254353582859,0.4494667053222656,0.34985244274139404,-0.01644098572432995,0.5227564573287964,0.3635629117488861,-0.025686906650662422,0.5369248390197754,0.3169650435447693,0.0145916398614645,0.5300568342208862,0.39565083384513855,-0.01678657718002796,0.542883038520813,0.27213171124458313,0.04399379342794418,0.5239329934120178,0.3336303234100342,0.00417400524020195,0.5298462510108948,0.331129789352417,0.006577184423804283,0.5351389050483704,0.32803764939308167,0.009911838918924332,0.5390479564666748,0.31940510869026184,0.0169846061617136,0.519036054611206,0.3341502249240875,0.0025376707781106234,0.5292776226997375,0.30657657980918884,0.0011898832162842155,0.5226885080337524,0.31077003479003906,-0.0015800202963873744,0.5349503755569458,0.305009126663208,0.005391465965658426,0.5382370352745056,0.3062608242034912,0.009336970746517181,0.5449504256248474,0.323358416557312,0.02219122089445591,0.5470111966133118,0.44849908351898193,0.02412828430533409,0.5377292633056641,0.31382086873054504,0.016945868730545044,0.5533899664878845,0.3093698024749756,0.0543847419321537,0.5472400784492493,0.3146151304244995,0.029086556285619736,0.5419521927833557,0.37002068758010864,0.005884427577257156,0.5325966477394104,0.4191560447216034,-0.0070340801030397415,0.53203284740448,0.4254401922225952,-0.0030362321995198727,0.5365186929702759,0.41781890392303467,-0.0007243745494633913,0.5389273762702942,0.4174458980560303,0.0057782675139606,0.5352355241775513,0.4230012893676758,0.0012286308920010924,0.5374988913536072,0.421243280172348,0.0068084439262747765,0.545569658279419,0.4220573306083679,0.020183319225907326,0.5313259959220886,0.3925916254520416,-0.028919484466314316,0.5308346152305603,0.3842463195323944,-0.03186219185590744,0.5453570485115051,0.29675453901290894,0.0117625892162323,0.5263218283653259,0.35340121388435364,-0.002537233754992485,0.5373432636260986,0.38230907917022705,-0.009797121398150921,0.5356259346008301,0.37715399265289307,-0.008504289202392101,0.5555765628814697,0.35964348912239075,0.019276244565844536,0.5269081592559814,0.37327513098716736,-0.029697248712182045,0.5354998111724854,0.2952934801578522,-0.005776179488748312,0.5416718125343323,0.29385387897491455,0.0025345557369291782,0.5381412506103516,0.2595846951007843,0.026755180209875107,0.5145944952964783,0.31547483801841736,-0.017961520701646805,0.5173121094703674,0.3168502151966095,-0.0011314947623759508,0.5481622219085693,0.41309553384780884,0.02180357091128826,0.5570010542869568,0.3884158134460449,0.08612573891878128,0.5344448685646057,0.38925790786743164,-0.008170822635293007,0.5313193798065186,0.39413154125213623,-0.010029256343841553,0.5417687892913818,0.41785189509391785,0.019378865137696266,0.5408913493156433,0.41872066259384155,0.016496557742357254,0.5425834655761719,0.28677380084991455,0.00521491002291441,0.5369164943695068,0.3853519856929779,-0.0058194431476294994,0.5266104340553284,0.3016478419303894,-0.012935365550220013,0.5266719460487366,0.29385149478912354,-0.01544945314526558,0.5197640657424927,0.24976514279842377,-0.008815963752567768,0.5407174825668335,0.27162185311317444,0.013752643018960953,0.523157000541687,0.27031174302101135,-0.013567064888775349,0.5462700724601746,0.29111260175704956,0.017328394576907158,0.5454958081245422,0.28093987703323364,0.029011989012360573,0.5325686931610107,0.42257410287857056,-0.005687671713531017,0.5359904170036316,0.420548677444458,3.240292426198721e-05,0.5383175015449524,0.4193161725997925,0.005746985320001841,0.5333515405654907,0.3912278413772583,-0.007418033201247454,0.5413152575492859,0.41830241680145264,0.017705200240015984,0.5403048396110535,0.4214402139186859,0.013426397927105427,0.5403836369514465,0.4192284345626831,0.016083737835288048,0.5339574813842773,0.38874438405036926,-0.01764553226530552,0.5366479158401489,0.42288586497306824,0.008259442634880543,0.5343582630157471,0.4249538779258728,0.004431882873177528,0.5312286019325256,0.42745864391326904,0.0008118500118143857,0.535591721534729,0.4444836378097534,0.010392571799457073,0.5340880155563354,0.43758928775787354,0.002882749307900667,0.5335368514060974,0.4335411489009857,0.0011639564763754606,0.532492458820343,0.4299967586994171,0.0014768432592973113,0.5311198234558105,0.427396684885025,0.0008804350509308279,0.5366343259811401,0.42281612753868103,0.00831536203622818,0.5378602147102356,0.4235568642616272,0.008321654051542282,0.5390496253967285,0.424860417842865,0.008360699750483036,0.5399724841117859,0.4266873300075531,0.010328195057809353,0.543444037437439,0.4039139747619629,0.007349998690187931,0.5536971688270569,0.3442367911338806,0.08860445767641068,0.5383492112159729,0.4211558699607849,0.012726245447993279,0.539395809173584,0.4211835563182831,0.01281398069113493,0.5302454829216003,0.39835646748542786,-0.009236606769263744,0.5355352759361267,0.39081475138664246,-0.0014187307097017765,0.5307796597480774,0.3963715434074402,-0.009966051205992699,0.532059907913208,0.3553491532802582,0.002731995191425085,0.5421299934387207,0.3566402196884155,0.008356068283319473,0.5361244082450867,0.37999585270881653,-0.004183200653642416,0.5311946272850037,0.2515760362148285,0.008520728908479214,0.5337405800819397,0.2674081027507782,-0.0001729003997752443,0.5358068346977234,0.28710389137268066,-0.005638639908283949,0.5434088110923767,0.4295217990875244,0.01695200614631176,0.5151177644729614,0.3033827543258667,-0.02231018617749214,0.51068514585495,0.2762662172317505,-0.0230959914624691,0.5058251619338989,0.2524593770503998,-0.021493852138519287,0.5382356643676758,0.32399049401283264,0.013900095596909523,0.5510901808738708,0.32706043124198914,0.028443915769457817,0.5158904790878296,0.3337651491165161,0.002115558600053191,0.5427941679954529,0.30711230635643005,0.016745811328291893,0.5224077701568604,0.35012659430503845,-0.0068547409027814865,0.5359314680099487,0.3816262483596802,-0.017472725361585617,0.5583482980728149,0.32919010519981384,0.03899151086807251,0.5514705777168274,0.3351686894893646,0.022984178736805916,0.5474318265914917,0.34237897396087646,0.015325901098549366,0.5372950434684753,0.3465210199356079,0.009038013406097889,0.5288043022155762,0.3467605710029602,0.004447859711945057,0.5229548215866089,0.3457946181297302,-0.00016513503214810044,0.5154762864112854,0.3436048924922943,-0.018625395372509956,0.5623490214347839,0.34782111644744873,0.040654852986335754,0.5460999011993408,0.3042324483394623,0.0206084456294775,0.5293892621994019,0.3972405791282654,-0.025525787845253944,0.5288078188896179,0.36316731572151184,-0.0034627332352101803,0.5485265254974365,0.3060229420661926,0.0763605386018753,0.5185883641242981,0.3437965512275696,-0.0034671160392463207,0.535113513469696,0.379638135433197,0.002031635493040085,0.5396934151649475,0.3133297562599182,0.018967274576425552,0.5335639715194702,0.37539058923721313,-0.016013197600841522,0.5561014413833618,0.36524516344070435,0.08919817954301834,0.5145903825759888,0.3306874632835388,0.0031308524776250124,0.5304731130599976,0.3733596205711365,-0.024012785404920578,0.5585697293281555,0.41721343994140625,0.051449477672576904,0.5559417605400085,0.42465105652809143,0.06467963010072708,0.5611583590507507,0.3452366590499878,0.06526003032922745,0.5614458918571472,0.40227651596069336,0.05984369292855263,0.5492739081382751,0.2937825322151184,0.04328180104494095,0.5483132004737854,0.4551016390323639,0.030301600694656372,0.5278779864311218,0.39903315901756287,-0.017085883766412735,0.5338191390037537,0.36670610308647156,0.0013995463959872723,0.5495162010192871,0.3145078122615814,0.03721150383353233,0.5332770943641663,0.32275697588920593,0.00948732253164053,0.5286660194396973,0.32610884308815,0.006579431239515543,0.5410864949226379,0.4220174551010132,0.015254702419042587,0.5636458396911621,0.3651801347732544,0.045578714460134506,0.5418098568916321,0.47089385986328125,0.03046855889260769,0.549810528755188,0.45073336362838745,0.04602300375699997,0.5525169372558594,0.43962687253952026,0.0542423315346241,0.5234999060630798,0.3282552659511566,0.004517559893429279,0.5186737775802612,0.3294891119003296,0.0037389276549220085,0.5158709287643433,0.33049890398979187,0.00377463991753757,0.5473918318748474,0.30071839690208435,0.027856450527906418,0.5178306102752686,0.3216845989227295,0.0016900862101465464,0.522262454032898,0.31650829315185547,0.001874317298643291,0.527606725692749,0.313168466091156,0.0037986759562045336,0.5325203537940979,0.311896950006485,0.0071677216328680515,0.5353135466575623,0.3124152719974518,0.01044031698256731,0.5463240742683411,0.28671589493751526,0.06149908900260925,0.535696804523468,0.31963804364204407,0.012408955954015255,0.5392460227012634,0.4023243188858032,0.0017186360200867057,0.5349219441413879,0.3882110118865967,-0.011227253824472427,0.5318636298179626,0.4053427278995514,-0.00733865424990654,0.5546769499778748,0.43144452571868896,0.04484359920024872,0.5513478517532349,0.44304370880126953,0.03803379833698273,0.5429174900054932,0.4659653306007385,0.022341210395097733,0.5571112036705017,0.408549040555954,0.07664808630943298,0.5155274271965027,0.32724812626838684,0.0024504284374415874,0.5227128267288208,0.3561461567878723,-0.01643323339521885,0.5468649864196777,0.4614461660385132,0.037536971271038055,0.5625396370887756,0.36455991864204407,0.06733077019453049,0.5343024730682373,0.42489922046661377,0.00451290188357234,0.535724401473999,0.4265820384025574,0.004780185408890247,0.536916196346283,0.4291051924228668,0.004779287148267031,0.5378367900848389,0.43248921632766724,0.006579164415597916,0.5402969121932983,0.43728703260421753,0.013367501087486744,0.5392833948135376,0.4198571443557739,0.01193681638687849,0.5400379300117493,0.4185909032821655,0.012436694465577602,0.540630578994751,0.41740772128105164,0.01272586826235056,0.5466743111610413,0.4075663089752197,0.014483338221907616,0.5609087944030762,0.37482142448425293,0.030683239921927452,0.5187574028968811,0.34640583395957947,-0.012409700080752373,0.5122175812721252,0.32713696360588074,-0.004848550073802471,0.5138322710990906,0.32582753896713257,-0.00046332410420291126,0.5383568406105042,0.4212304353713989,0.012757580727338791,0.5612992644309998,0.3933657705783844,0.04431036487221718,0.5112482905387878,0.3300308883190155,-0.014337756671011448,0.543624997138977,0.44248121976852417,0.018998177722096443,0.5194344520568848,0.3541565239429474,-0.02325272373855114,0.5289948582649231,0.36790987849235535,-0.012663459405303001,0.5383870005607605,0.4513852596282959,0.014002078212797642,0.5503915548324585,0.4220953583717346,0.02603401429951191,0.5403211712837219,0.38371872901916504,0.006053089164197445,0.5472304224967957,0.432839572429657,0.023038430139422417,0.5517997741699219,0.3753993809223175,0.012831869535148144,0.546489417552948,0.38948923349380493,0.010430731810629368,0.5568172931671143,0.38592803478240967,0.021883390843868256,0.5417079329490662,0.4593127965927124,0.0170992873609066,0.5311260223388672,0.3706541061401367,-0.006154131144285202,0.5541138648986816,0.42467355728149414,0.03499043360352516,0.5502273440361023,0.4368491470813751,0.030541086569428444,0.5532487630844116,0.4105001986026764,0.0266223456710577,0.5633408427238464,0.37996506690979004,0.04991355910897255,0.5580371618270874,0.406822144985199,0.03496534004807472,0.5626680850982666,0.38326725363731384,0.06743320822715759,0.5510739088058472,0.39784717559814453,0.016897791996598244,0.5255768895149231,0.35949188470840454,-0.009509206749498844,0.5354708433151245,0.3864750564098358,-0.01883620023727417,0.5367783308029175,0.38619768619537354,-0.010895762592554092,0.5337819457054138,0.38249820470809937,-0.024753345176577568,0.5156506896018982,0.31741854548454285,-0.006459653377532959,0.5242995619773865,0.3076396882534027,-0.005371128674596548,0.5322343111038208,0.30258381366729736,-0.0018534382106736302,0.5383114814758301,0.3008357286453247,0.0036176645662635565,0.5417014956474304,0.3023338317871094,0.009542823769152164,0.543149471282959,0.3143017590045929,0.022723130881786346,0.5580183267593384,0.32685595750808716,0.06077364459633827,0.5440322756767273,0.3286997079849243,0.018690764904022217,0.5404079556465149,0.3343268632888794,0.01332156639546156,0.5332732200622559,0.33808383345603943,0.008541150949895382,0.5258191823959351,0.3396867513656616,0.004789014346897602,0.5203481316566467,0.33976849913597107,0.001762711675837636,0.5167679786682129,0.3392176628112793,-0.0003495732380542904,0.5504940152168274,0.3251135051250458,0.08464888483285904,0.5360532402992249,0.3880214989185333,-0.007599894888699055,0.5262136459350586,0.3648146688938141,-0.01934736780822277,0.5337015986442566,0.3892950117588043,-0.024867331609129906,0.5309122800827026,0.39432916045188904,-0.02269802801311016,0.5329520106315613,0.39038658142089844,-0.02165551669895649,0.5347465872764587,0.3909239172935486,-0.005722649395465851,0.5305991172790527,0.39578723907470703,-0.024442974478006363,0.5291940569877625,0.3975740671157837,-0.016929082572460175,0.5136339664459229,0.33230075240135193,0.0012106031645089388,0.5133877396583557,0.3363051414489746,-0.0034519664477556944,0.5144749283790588,0.3390536904335022,-0.007933498360216618,0.5367815494537354,0.3131534457206726,0.013420375064015388,0.539940595626831,0.30857935547828674,0.01420278288424015,0.4636576175689697,0.34948545694351196,-0.01484380941838026,0.4706507623195648,0.3464694619178772,-0.01484380941838026,0.4615612030029297,0.3400924503803253,-0.01484380941838026,0.4565724730491638,0.35253405570983887,-0.01484380941838026,0.4658040404319763,0.3588407039642334,-0.01484380941838026,0.5242199897766113,0.32034361362457275,0.007251070346683264,0.5301578640937805,0.3175252079963684,0.007251070346683264,0.522050678730011,0.3122071623802185,0.007251070346683264,0.5182693600654602,0.3230697214603424,0.007251070346683264,0.5264701843261719,0.3284797966480255,0.007251070346683264
3033.3333333333358,0.5271010994911194,0.4234083890914917,-0.0093301422894001,0.5274572968482971,0.3948570191860199,-0.030221588909626007,0.524416983127594,0.4015847444534302,-0.01257767528295517,0.5136052370071411,0.3680899739265442,-0.029654504731297493,0.5262008905410767,0.3866642713546753,-0.03371841832995415,0.5224114060401917,0.37495025992393494,-0.033330466598272324,0.5106669664382935,0.3443276286125183,-0.023752404376864433,0.45693647861480713,0.35523298382759094,-0.015137984417378902,0.5037509202957153,0.3202539384365082,-0.024245653301477432,0.5013097524642944,0.3081575036048889,-0.028272219002246857,0.4876919686794281,0.25915974378585815,-0.030730459839105606,0.5273792147636414,0.4259507656097412,-0.00789656676352024,0.527285635471344,0.428428590297699,-0.005363695323467255,0.5268797874450684,0.4300917983055115,-0.0012787877349182963,0.5267691612243652,0.43005675077438354,-0.0008690267568454146,0.5277234315872192,0.43334415555000305,-0.00010992871830239892,0.5284852981567383,0.4372813105583191,-0.00029471938614733517,0.5288547277450562,0.4414079189300537,0.001893259584903717,0.5296574831008911,0.4479614198207855,0.009733256883919239,0.5268939137458801,0.39857327938079834,-0.026425400748848915,0.5193252563476562,0.4007290303707123,-0.019478116184473038,0.4136277437210083,0.32780903577804565,-0.00234592123888433,0.47769036889076233,0.35570499300956726,-0.015184554271399975,0.47224265336990356,0.3591468632221222,-0.016500156372785568,0.46592679619789124,0.3618308901786804,-0.01662593148648739,0.45421308279037476,0.3592592477798462,-0.014389480464160442,0.48183494806289673,0.35198378562927246,-0.012898818589746952,0.46332037448883057,0.33531537652015686,-0.02319590002298355,0.4706477224826813,0.333738774061203,-0.02106601931154728,0.45683902502059937,0.33928653597831726,-0.022541824728250504,0.4526292681694031,0.34421613812446594,-0.020736899226903915,0.45008230209350586,0.36799517273902893,-0.011499452404677868,0.5096778869628906,0.46885886788368225,0.0123149948194623,0.4527834951877594,0.35311153531074524,-0.014158109202980995,0.4213058650493622,0.3693770468235016,0.008328905329108238,0.4393008053302765,0.36450788378715515,-0.008743230253458023,0.48587897419929504,0.3966466188430786,-0.012871495448052883,0.5197206139564514,0.42480358481407166,-0.011120045557618141,0.5203814506530762,0.4307872951030731,-0.006769548170268536,0.5119925141334534,0.42946359515190125,-0.009905637241899967,0.5059814453125,0.4328940510749817,-0.007175195496529341,0.5136086344718933,0.433025598526001,-0.006707960274070501,0.5078004002571106,0.4348408281803131,-0.004089009948074818,0.49874159693717957,0.44523775577545166,0.003547416999936104,0.5226157903671265,0.39681723713874817,-0.031037742272019386,0.5206030011177063,0.3891354203224182,-0.034537434577941895,0.44363343715667725,0.34258201718330383,-0.023996325209736824,0.492971271276474,0.3691890835762024,-0.015100871212780476,0.5037434697151184,0.39843982458114624,-0.020973004400730133,0.5014315843582153,0.393466055393219,-0.020116711035370827,0.46363911032676697,0.40348970890045166,-0.011980927549302578,0.5171205401420593,0.3780495524406433,-0.03335567191243172,0.4615822434425354,0.3284534215927124,-0.031001977622509003,0.4512500762939453,0.3342427611351013,-0.028719697147607803,0.4202769696712494,0.3096330165863037,-0.015156581066548824,0.4907686412334442,0.3275336027145386,-0.02686118893325329,0.47702446579933167,0.3352104723453522,-0.017063533887267113,0.4927345812320709,0.44016772508621216,0.0012190715642645955,0.44130739569664,0.44579192996025085,0.04453028365969658,0.5088244080543518,0.40149709582328796,-0.016318557783961296,0.5142332911491394,0.40190359950065613,-0.013905547559261322,0.4972608685493469,0.43742823600769043,0.0016412462573498487,0.4987846910953522,0.4373071789741516,0.0009784193243831396,0.4459419548511505,0.3298487365245819,-0.02809533290565014,0.5030087232589722,0.40141332149505615,-0.01673845574259758,0.47468632459640503,0.3259834051132202,-0.030490059405565262,0.4728220999240875,0.31917205452919006,-0.03354697301983833,0.44926729798316956,0.2787490487098694,-0.033620577305555344,0.4327015280723572,0.31931638717651367,-0.023199772462248802,0.4609493613243103,0.2972521185874939,-0.034614916890859604,0.4370853006839752,0.3396468460559845,-0.020972084254026413,0.4253637492656708,0.33420658111572266,-0.012669446878135204,0.5201100707054138,0.4281206727027893,-0.00974535197019577,0.5128529667854309,0.43133345246315,-0.008556431159377098,0.5069122314453125,0.4338756501674652,-0.006056169979274273,0.5101711750030518,0.40219762921333313,-0.014011210761964321,0.49805593490600586,0.4373577833175659,0.001354133477434516,0.5022163987159729,0.43857482075691223,-1.3259433217172045e-05,0.4995482265949249,0.43725839257240295,0.0010304015595465899,0.5131869912147522,0.398850679397583,-0.025133861228823662,0.5084173083305359,0.43558740615844727,-0.0020338846370577812,0.5141546726226807,0.4341309666633606,-0.0029847966507077217,0.5204681158065796,0.432353675365448,-0.0030051134526729584,0.5221924185752869,0.45109257102012634,0.007594587281346321,0.5216774940490723,0.4440153241157532,-0.0003603020741138607,0.5213331580162048,0.4397313594818115,-0.0024190100375562906,0.5208966732025146,0.4356532692909241,-0.0021388826426118612,0.5204359889030457,0.4323936402797699,-0.002630126429721713,0.5083577632904053,0.43568938970565796,-0.0017200432484969497,0.5078786611557007,0.4373247027397156,-0.0015977593138813972,0.5073010921478271,0.4396515488624573,-0.001901892013847828,0.5068812370300293,0.4422217607498169,-0.00078707275679335,0.49972254037857056,0.42490920424461365,-0.0078040738590061665,0.4219822287559509,0.40559178590774536,0.041417863219976425,0.5257895588874817,0.4001305103302002,-0.017709756270051003,0.503869354724884,0.43660351634025574,-0.00024834825308062136,0.5031072497367859,0.43746596574783325,-0.00011958467803196982,0.51690673828125,0.40418702363967896,-0.012972402386367321,0.5049827694892883,0.4050818085670471,-0.009967168793082237,0.5156518816947937,0.40308958292007446,-0.013667319901287556,0.487201452255249,0.3764945864677429,-0.013959807343780994,0.4780277907848358,0.3869153559207916,-0.014088401570916176,0.5002059936523438,0.39701589941978455,-0.016154740005731583,0.4315961003303528,0.29321619868278503,-0.02607104554772377,0.4439322054386139,0.30677706003189087,-0.030171019956469536,0.4580550789833069,0.3222865164279938,-0.0323207750916481,0.505634069442749,0.4488057494163513,0.003743307199329138,0.48775508999824524,0.3168046474456787,-0.03194816783070564,0.47744181752204895,0.2905289828777313,-0.034666113555431366,0.46732091903686523,0.2680298984050751,-0.034809600561857224,0.45911088585853577,0.36215564608573914,-0.01563277654349804,0.4438466727733612,0.37761837244033813,-0.008797568269073963,0.48444586992263794,0.34903958439826965,-0.011753670871257782,0.44637763500213623,0.3510524034500122,-0.017635170370340347,0.49685758352279663,0.362323135137558,-0.017014002427458763,0.5083543658256531,0.3948722779750824,-0.026486480608582497,0.43628570437431335,0.3863410949707031,-0.0030094312969595194,0.45204678177833557,0.38283637166023254,-0.011880755424499512,0.4632222056388855,0.3832530379295349,-0.014326248317956924,0.47564247250556946,0.3762214183807373,-0.013715269044041634,0.48306554555892944,0.3686448037624359,-0.012982897460460663,0.4881742298603058,0.36252325773239136,-0.013363616541028023,0.5050873756408691,0.3486621677875519,-0.023237446323037148,0.44224971532821655,0.40491241216659546,-0.0008626513881608844,0.4402921795845032,0.352414608001709,-0.01697729155421257,0.5239090323448181,0.39979416131973267,-0.027121486142277718,0.4969961643218994,0.37815290689468384,-0.015420288778841496,0.41218429803848267,0.36672693490982056,0.027191342785954475,0.4924255609512329,0.3567926585674286,-0.013924269936978817,0.49816712737083435,0.39700570702552795,-0.010004066862165928,0.44995641708374023,0.3544595241546631,-0.013664668425917625,0.5056767463684082,0.38869673013687134,-0.02529083378612995,0.42970892786979675,0.425967812538147,0.044319797307252884,0.48267629742622375,0.3462766110897064,-0.011428922414779663,0.5113458633422852,0.3826220631599426,-0.030681658536195755,0.4719972610473633,0.4629262089729309,0.02166646160185337,0.4701439440250397,0.47040465474128723,0.03400903567671776,0.4298546612262726,0.4074571430683136,0.019802123308181763,0.458331823348999,0.45487672090530396,0.024312876164913177,0.4222811460494995,0.35042697191238403,-0.0009923847392201424,0.509145975112915,0.4769758880138397,0.01747988350689411,0.523383378982544,0.40087276697158813,-0.017949936911463737,0.49211570620536804,0.38632819056510925,-0.01324365846812725,0.4317728281021118,0.3679826259613037,-0.004354396369308233,0.46573126316070557,0.3560367226600647,-0.016696173697710037,0.4712683856487274,0.3540792763233185,-0.016668181866407394,0.5014030933380127,0.43986037373542786,0.0007152075995691121,0.4469614326953888,0.42165639996528625,0.005782479885965586,0.5208368301391602,0.4817500710487366,0.02415894903242588,0.4980182647705078,0.48003122210502625,0.027093051001429558,0.4859016537666321,0.47673359513282776,0.029773175716400146,0.4948585629463196,0.2834569811820984,-0.03082512691617012,0.5322617888450623,0.4769412577152252,0.026866525411605835,0.47547587752342224,0.351245254278183,-0.015443879179656506,0.4792153835296631,0.34824782609939575,-0.013529054820537567,0.4817156195640564,0.3468572795391083,-0.011843414977192879,0.4328751862049103,0.3517414331436157,-0.012648697011172771,0.4760339558124542,0.3407168686389923,-0.016102779656648636,0.47015878558158875,0.339450478553772,-0.018669426441192627,0.46472951769828796,0.34105923771858215,-0.01995052769780159,0.45943737030029297,0.34457528591156006,-0.019697386771440506,0.456256240606308,0.34810078144073486,-0.018280507996678352,0.41104233264923096,0.3457320034503937,0.013065098784863949,0.4609890282154083,0.35617154836654663,-0.015979737043380737,0.525080680847168,0.40799635648727417,-0.00991755723953247,0.5055834650993347,0.41820013523101807,-0.009702921845018864,0.5092119574546814,0.4005845785140991,-0.01902206428349018,0.5175907611846924,0.4118117392063141,-0.011741641908884048,0.5061501264572144,0.3315925598144531,-0.0218352023512125,0.48529237508773804,0.46938472986221313,0.021200431510806084,0.4969497323036194,0.4734993577003479,0.019934628158807755,0.521563708782196,0.47719764709472656,0.01634940877556801,0.4555085599422455,0.46064624190330505,0.03994877636432648,0.48058903217315674,0.34417009353637695,-0.013520742766559124,0.5050051212310791,0.3646794259548187,-0.023273831233382225,0.5331597924232483,0.47226133942604065,0.019224019721150398,0.5098094940185547,0.48217880725860596,0.02414952777326107,0.43633973598480225,0.42573702335357666,0.024102002382278442,0.5141357183456421,0.43421831727027893,-0.002642973093315959,0.5140000581741333,0.436903178691864,-0.0025081722997128963,0.5139876008033752,0.44028282165527344,-0.002884699497371912,0.5141621232032776,0.44417938590049744,-0.0014224424958229065,0.513511598110199,0.45111584663391113,0.004346115980297327,0.5028325319290161,0.43618452548980713,-0.0017754774307832122,0.5018290877342224,0.4358053207397461,-0.0026172271464020014,0.5009463429450989,0.4353580176830292,-0.0033846907317638397,0.4951278269290924,0.43247535824775696,-0.004578238818794489,0.4606257975101471,0.42359843850135803,-0.0028297894168645144,0.5009230375289917,0.3549165725708008,-0.0197487510740757,0.48848792910575867,0.33915087580680847,-0.014460782520473003,0.4832099378108978,0.34063684940338135,-0.014008643105626106,0.5038634538650513,0.43654659390449524,-0.0004311901575420052,0.46222350001335144,0.44300559163093567,0.01075612474232912,0.4967653453350067,0.33797773718833923,-0.020287934690713882,0.5110816359519958,0.4598540663719177,0.008902756497263908,0.5184921622276306,0.3647928833961487,-0.029886336997151375,0.5095409154891968,0.35905858874320984,-0.02702191285789013,0.5147698521614075,0.35510700941085815,-0.026818742975592613,0.5037746429443359,0.37988796830177307,-0.021361926570534706,0.5326473116874695,0.4649735391139984,0.014031967148184776,0.531006932258606,0.45588916540145874,0.012068754993379116,0.5218921303749084,0.4598098397254944,0.010195057839155197,0.49278372526168823,0.45166927576065063,0.006677660159766674,0.4937353730201721,0.4058089256286621,-0.008984235115349293,0.501374363899231,0.45702412724494934,0.008232048712670803,0.4774087369441986,0.4112943410873413,-0.011187727563083172,0.4894872307777405,0.4169383943080902,-0.008362296968698502,0.4735364019870758,0.42679139971733093,-0.005442850291728973,0.5218605399131775,0.46952879428863525,0.011575871147215366,0.49990135431289673,0.3853459358215332,-0.01701408252120018,0.4874098002910614,0.4602051377296448,0.012604319490492344,0.49849775433540344,0.4650643467903137,0.013884622603654861,0.48563697934150696,0.4442911148071289,0.0026949087623506784,0.4515547454357147,0.43501031398773193,0.012094571255147457,0.47542527318000793,0.4490950405597687,0.007067603059113026,0.4449513852596283,0.4416113495826721,0.026724794879555702,0.48601412773132324,0.4294455349445343,-0.005319143179804087,0.5008854866027832,0.3712408244609833,-0.019060378894209862,0.5113621950149536,0.398250937461853,-0.02697855234146118,0.5064792037010193,0.40077391266822815,-0.02025027945637703,0.5143685936927795,0.39197590947151184,-0.031141741201281548,0.48307809233665466,0.33364856243133545,-0.019449351355433464,0.47274020314216614,0.33174607157707214,-0.024093804880976677,0.4634252190589905,0.3333049714565277,-0.026096096262335777,0.4554298520088196,0.3375077247619629,-0.025453411042690277,0.44952645897865295,0.34341099858283997,-0.02283378504216671,0.44573071599006653,0.35933178663253784,-0.011967608705163002,0.42466968297958374,0.3887697458267212,0.013950802385807037,0.4557029604911804,0.37070658802986145,-0.012964567169547081,0.46445512771606445,0.37102314829826355,-0.014270076528191566,0.4732734262943268,0.36695408821105957,-0.014217986725270748,0.48009032011032104,0.3614712655544281,-0.013338683173060417,0.4848209023475647,0.35668444633483887,-0.012061405926942825,0.4883978068828583,0.35299980640411377,-0.011787748895585537,0.41648826003074646,0.38591018319129944,0.035953596234321594,0.5061037540435791,0.4023095369338989,-0.016776934266090393,0.5085447430610657,0.373371958732605,-0.026153238490223885,0.5172557234764099,0.3975328803062439,-0.029881341382861137,0.5196323990821838,0.3999955952167511,-0.025442160665988922,0.5162524580955505,0.398703932762146,-0.02682170644402504,0.5074914693832397,0.4037311375141144,-0.013351703993976116,0.5216273069381714,0.4001922905445099,-0.026571406051516533,0.5211871862411499,0.4013099670410156,-0.018696244806051254,0.4856950640678406,0.34611696004867554,-0.010982324369251728,0.4908188581466675,0.3475635051727295,-0.012669403105974197,0.4951147139072418,0.3491361439228058,-0.015554668381810188,0.45439037680625916,0.3507624864578247,-0.01652747206389904,0.4499456286430359,0.3493148684501648,-0.017549576237797737,0.5227840542793274,0.3636157512664795,-0.02565697394311428,0.5370081067085266,0.31661558151245117,0.014161714352667332,0.5298894643783569,0.39531460404396057,-0.01639462821185589,0.5424241423606873,0.2711562514305115,0.042972881346940994,0.5237690210342407,0.33352741599082947,0.0036911966744810343,0.5297752022743225,0.33090871572494507,0.006164927035570145,0.5351662635803223,0.32771819829940796,0.009546373039484024,0.5390437245368958,0.31896382570266724,0.016626061871647835,0.5188547372817993,0.3341755270957947,0.002021763240918517,0.5296670794487,0.30647727847099304,0.0006610157433897257,0.5229421854019165,0.3107247054576874,-0.0022214087657630444,0.5353529453277588,0.30484193563461304,0.004937209188938141,0.5385448336601257,0.30600711703300476,0.008905705064535141,0.5449162721633911,0.3226895034313202,0.021901309490203857,0.5460664629936218,0.447253555059433,0.025782041251659393,0.5378167033195496,0.31348147988319397,0.016518501564860344,0.5524642467498779,0.30845344066619873,0.05389481782913208,0.5469821095466614,0.3137526512145996,0.028719210997223854,0.5415627956390381,0.3695702850818634,0.006060417741537094,0.5323136448860168,0.4189679026603699,-0.006368616130203009,0.5319629907608032,0.4253590404987335,-0.0023931670002639294,0.5364833474159241,0.4176320433616638,-6.645626126555726e-05,0.5391143560409546,0.4172046482563019,0.006411013659089804,0.5353391170501709,0.42287886142730713,0.0018434547819197178,0.5377687811851501,0.42105740308761597,0.0073941550217568874,0.5447977781295776,0.4213002026081085,0.021113701164722443,0.5312311053276062,0.3923709988594055,-0.028481900691986084,0.5307866334915161,0.3841380774974823,-0.031481049954891205,0.5456746816635132,0.29581356048583984,0.011313410475850105,0.5261328220367432,0.3532090187072754,-0.0027199015021324158,0.5369082093238831,0.38204121589660645,-0.009482041001319885,0.5352092981338501,0.3769153356552124,-0.00826488621532917,0.5549631714820862,0.3590260148048401,0.01947164162993431,0.5268968939781189,0.3732670247554779,-0.029471399262547493,0.5362404584884644,0.2948581874370575,-0.006337612401694059,0.5422801971435547,0.2931177020072937,0.0020631069783121347,0.5379112362861633,0.25869500637054443,0.025613652542233467,0.5149954557418823,0.31558528542518616,-0.018624505028128624,0.5173946022987366,0.316834032535553,-0.0018250021385028958,0.5472941398620605,0.41238152980804443,0.022567959502339363,0.5550701022148132,0.38695523142814636,0.08661152422428131,0.5340744256973267,0.3889261484146118,-0.007860995829105377,0.5310460925102234,0.3937944173812866,-0.009645204059779644,0.5423353910446167,0.4173751175403595,0.020051950588822365,0.5414234399795532,0.41831740736961365,0.017143627628684044,0.5430161952972412,0.28568434715270996,0.004634705837816,0.5364428758621216,0.3850334882736206,-0.0054930429905653,0.5272894501686096,0.3014872372150421,-0.013560514897108078,0.5272944569587708,0.29343336820602417,-0.01615714654326439,0.5197410583496094,0.24907249212265015,-0.010212143883109093,0.5405236482620239,0.2708832621574402,0.012909968383610249,0.5231381058692932,0.2697853446006775,-0.014643379487097263,0.5463179349899292,0.28981152176856995,0.0167861171066761,0.5451298952102661,0.2801106870174408,0.028208410367369652,0.5324013233184814,0.42244550585746765,-0.005028943065553904,0.5360318422317505,0.42039668560028076,0.0006742542027495801,0.5385532379150391,0.419099897146225,0.0063559976406395435,0.533001184463501,0.3908889889717102,-0.007084000390022993,0.5418649911880493,0.4178660213947296,0.018359500914812088,0.5407622456550598,0.421120285987854,0.01425794418901205,0.5409008264541626,0.41885292530059814,0.01674424670636654,0.5336955785751343,0.38845863938331604,-0.01728556677699089,0.5369574427604675,0.422699511051178,0.008853001520037651,0.5345033407211304,0.42483869194984436,0.005055277608335018,0.5312249660491943,0.42737877368927,0.0014764124061912298,0.5353580117225647,0.4439137578010559,0.011975949630141258,0.5342047214508057,0.4377170503139496,0.004318551626056433,0.5335816740989685,0.43363189697265625,0.0024631796404719353,0.5324910283088684,0.4300128221511841,0.0026437481865286827,0.5311198234558105,0.4273357093334198,0.00191744405310601,0.5369404554367065,0.4226217567920685,0.0091779213398695,0.5381612181663513,0.42336708307266235,0.009282940067350864,0.5393739938735962,0.42468854784965515,0.009384533390402794,0.5403404831886292,0.4265102744102478,0.011384042911231518,0.5429158806800842,0.40335583686828613,0.00790861900895834,0.5520573854446411,0.34297850728034973,0.08843874931335449,0.5387786030769348,0.42087531089782715,0.013482660986483097,0.5398256778717041,0.42089033126831055,0.013629504479467869,0.5300143957138062,0.3979761600494385,-0.008769101463258266,0.5351110696792603,0.39041879773139954,-0.0010732741793617606,0.5305230021476746,0.39601534605026245,-0.009545005857944489,0.5317878127098083,0.35505449771881104,0.0026412219740450382,0.5417720079421997,0.35620707273483276,0.00840686447918415,0.5356671214103699,0.3797033429145813,-0.0039351279847323895,0.5310992002487183,0.2507777512073517,0.0072707501240074635,0.5336679816246033,0.26675644516944885,-0.0011254793498665094,0.5364152193069458,0.2863200306892395,-0.006326841190457344,0.542799174785614,0.42879098653793335,0.01809113286435604,0.515522301197052,0.3032627999782562,-0.02307557500898838,0.5106842517852783,0.2758868932723999,-0.02427467331290245,0.5058047771453857,0.2518744170665741,-0.022998889908194542,0.5382596850395203,0.3235856592655182,0.013556663878262043,0.5510163307189941,0.3262767791748047,0.028226880356669426,0.5157615542411804,0.3338884711265564,0.0015511283418163657,0.5428822636604309,0.30649426579475403,0.01633618213236332,0.5222985744476318,0.3500202000141144,-0.007077585905790329,0.5356285572052002,0.3813927173614502,-0.01715143211185932,0.5574579238891602,0.3284514546394348,0.038859982043504715,0.5516557097434998,0.33448275923728943,0.022871730849146843,0.5477891564369202,0.34184789657592773,0.015227987430989742,0.5376178622245789,0.34628182649612427,0.008903760462999344,0.5290266275405884,0.3467298746109009,0.0042059351690113544,0.5231691598892212,0.3459007143974304,-0.00047309568617492914,0.5154942870140076,0.3436630368232727,-0.018980111926794052,0.5613303184509277,0.3470420837402344,0.04076181352138519,0.5460540056228638,0.3033272624015808,0.020172245800495148,0.5293093323707581,0.39693933725357056,-0.025080455467104912,0.5285623073577881,0.3629579544067383,-0.0035206866450607777,0.5474057793617249,0.3048628270626068,0.07567760348320007,0.5188372731208801,0.3440459668636322,-0.0038521690294146538,0.534642219543457,0.3793054521083832,0.002187763573601842,0.5397007465362549,0.31290608644485474,0.018564434722065926,0.5332726240158081,0.37520429491996765,-0.01578391343355179,0.5542697906494141,0.36387789249420166,0.08934691548347473,0.5144574642181396,0.33079367876052856,0.0024959328584372997,0.5303464531898499,0.37327665090560913,-0.02377547323703766,0.5569621920585632,0.415974885225296,0.05247439816594124,0.5542231798171997,0.42311060428619385,0.06575154513120651,0.5597620010375977,0.3442545533180237,0.06521983444690704,0.5597223043441772,0.40107205510139465,0.060637302696704865,0.5486645698547363,0.2929055988788605,0.04259656369686127,0.5472097396850586,0.4536648392677307,0.032072123140096664,0.5277712345123291,0.39868903160095215,-0.01667545922100544,0.5334757566452026,0.3663792610168457,0.0014310989063233137,0.5490003824234009,0.31356900930404663,0.03682415187358856,0.5333178639411926,0.32244041562080383,0.009036725386977196,0.5285928845405579,0.32585328817367554,0.006104600615799427,0.5415763258934021,0.4216645658016205,0.016092143952846527,0.5624404549598694,0.3642982840538025,0.04587158188223839,0.5409457683563232,0.4693072438240051,0.03235902637243271,0.5484796762466431,0.4491088390350342,0.0475454106926918,0.5510051250457764,0.4380386769771576,0.055549852550029755,0.5233251452445984,0.32808053493499756,0.004000205080956221,0.5184351801872253,0.32943496108055115,0.00318143586628139,0.5156641006469727,0.33053842186927795,0.0031707582529634237,0.5470589399337769,0.29954785108566284,0.02735203318297863,0.5177413821220398,0.3216519355773926,0.0010467624524608254,0.5222895741462708,0.31644076108932495,0.0012925370829179883,0.5277837514877319,0.3130777180194855,0.0032655019313097,0.5327553749084473,0.31177160143852234,0.00669271033257246,0.5355244874954224,0.31223344802856445,0.009977422654628754,0.5455800890922546,0.28565359115600586,0.060616232454776764,0.5357750058174133,0.31928807497024536,0.011981131508946419,0.5388409495353699,0.4018300771713257,0.0022641781251877546,0.5345756411552429,0.3878971338272095,-0.01093168556690216,0.5316804051399231,0.40489375591278076,-0.006757751107215881,0.5532147288322449,0.430117666721344,0.04612910747528076,0.5500203967094421,0.4416349530220032,0.03956252709031105,0.542133092880249,0.4645588994026184,0.024291979148983955,0.5552207231521606,0.40704429149627686,0.07743896543979645,0.5154134631156921,0.3272952139377594,0.0018088924698531628,0.522667407989502,0.3561405539512634,-0.01657373271882534,0.5457452535629272,0.459822416305542,0.039281830191612244,0.560967206954956,0.363482266664505,0.0675429105758667,0.5344547629356384,0.4247763156890869,0.005468631628900766,0.5358766913414001,0.42650625109672546,0.005862941965460777,0.5370997190475464,0.42908674478530884,0.005937716457992792,0.5380730032920837,0.432493656873703,0.007806468289345503,0.539870023727417,0.43663692474365234,0.014735477045178413,0.5396877527236938,0.4195745587348938,0.01253814622759819,0.5404353737831116,0.41827428340911865,0.013052218593657017,0.5410187244415283,0.4170439541339874,0.013350656256079674,0.545962929725647,0.4069417715072632,0.015095443464815617,0.5599231123924255,0.37403348088264465,0.031104860827326775,0.5187211632728577,0.34638649225234985,-0.012712455354630947,0.5122431516647339,0.3272485136985779,-0.005560113117098808,0.5137976408004761,0.3258950114250183,-0.0011436401400715113,0.5387728214263916,0.42097508907318115,0.01335165835916996,0.5599326491355896,0.3923846483230591,0.044982366263866425,0.5115019679069519,0.33027228713035583,-0.01496538333594799,0.5429129600524902,0.441485196352005,0.020516442134976387,0.5194589495658875,0.3542422354221344,-0.023429160937666893,0.5288167595863342,0.3677622675895691,-0.012625634670257568,0.5379199981689453,0.45048704743385315,0.01576911099255085,0.5493977069854736,0.421149343252182,0.027068281546235085,0.5398169755935669,0.3832698464393616,0.006335773970931768,0.5463489890098572,0.43180525302886963,0.024321826174855232,0.5512279272079468,0.3748317062854767,0.013202161528170109,0.5459355115890503,0.38894328474998474,0.010852520354092121,0.5559477210044861,0.38522231578826904,0.022385302931070328,0.5410462021827698,0.4581100344657898,0.01899784617125988,0.5308123826980591,0.37042585015296936,-0.006081093568354845,0.5528846383094788,0.42355236411094666,0.03615548461675644,0.5491008162498474,0.43562373518943787,0.03196224197745323,0.5522237420082092,0.40964388847351074,0.027452996000647545,0.561967134475708,0.37898021936416626,0.05039321258664131,0.5567954778671265,0.4058568775653839,0.035810187458992004,0.5609578490257263,0.3821031451225281,0.06792868673801422,0.5502965450286865,0.3971902132034302,0.017468798905611038,0.5254325270652771,0.35938602685928345,-0.009604506194591522,0.5351842045783997,0.38620439171791077,-0.01847679167985916,0.5363758206367493,0.38589534163475037,-0.010551447048783302,0.5335941910743713,0.38232675194740295,-0.024367012083530426,0.5158390402793884,0.3174671530723572,-0.007204514928162098,0.5247431397438049,0.30759093165397644,-0.00602030148729682,0.5328041911125183,0.30241328477859497,-0.002391166752204299,0.5388401746749878,0.30047547817230225,0.003177507082000375,0.5420621037483215,0.30181974172592163,0.009132197126746178,0.5430111885070801,0.3136039972305298,0.022353706881403923,0.5568397641181946,0.32592397928237915,0.06051548570394516,0.5441136360168457,0.32815980911254883,0.018423691391944885,0.5405377149581909,0.33390307426452637,0.013080024160444736,0.5333409905433655,0.3378458321094513,0.008272218517959118,0.5258008241653442,0.339596152305603,0.004399605095386505,0.5203143358230591,0.33981379866600037,0.0013359597651287913,0.5167739391326904,0.33937183022499084,-0.0008430517045781016,0.5490949749946594,0.32390207052230835,0.08418872207403183,0.535627007484436,0.38769203424453735,-0.007267696317285299,0.5261518359184265,0.3647747039794922,-0.01931367628276348,0.5335150361061096,0.38904649019241333,-0.024458371102809906,0.530767560005188,0.3940170407295227,-0.022279325872659683,0.5327521562576294,0.39009833335876465,-0.021269353106617928,0.5343525409698486,0.3905635476112366,-0.005380753893405199,0.5304833054542542,0.3954794704914093,-0.024003056809306145,0.5290520191192627,0.39723607897758484,-0.016530688852071762,0.5135643482208252,0.3324814736843109,0.0005828554858453572,0.5134252905845642,0.3365226089954376,-0.004037714563310146,0.5147117376327515,0.33936622738838196,-0.00840357318520546,0.5369541645050049,0.31290048360824585,0.012985034845769405,0.5400933027267456,0.3082009553909302,0.013781806454062462,0.4636634886264801,0.34899038076400757,-0.015852143988013268,0.4705449938774109,0.3459659218788147,-0.015852143988013268,0.46149200201034546,0.3394366502761841,-0.015852143988013268,0.4567052721977234,0.35205578804016113,-0.015852143988013268,0.46591252088546753,0.358518123626709,-0.015852143988013268,0.5239148736000061,0.31995296478271484,0.00673249177634716,0.5300424695014954,0.31697195768356323,0.00673249177634716,0.521677553653717,0.31191545724868774,0.00673249177634716,0.5177609920501709,0.3229021728038788,0.00673249177634716,0.5262157320976257,0.32800155878067017,0.00673249177634716
3066.6666666666692,0.530449628829956,0.4222785532474518,-0.009327372536063194,0.530522346496582,0.3965502083301544,-0.030193433165550232,0.5272977352142334,0.4030999541282654,-0.012483708560466766,0.5164443850517273,0.36934587359428406,-0.02972152642905712,0.5292986035346985,0.38838595151901245,-0.03372121602296829,0.5254400968551636,0.37648239731788635,-0.033373408019542694,0.5134196281433105,0.345122754573822,-0.02382960356771946,0.45934826135635376,0.35587531328201294,-0.015349856577813625,0.5065526366233826,0.32073721289634705,-0.024412812665104866,0.5042038559913635,0.30866503715515137,-0.028476204723119736,0.49068683385849,0.26006752252578735,-0.030959168449044228,0.5307294130325317,0.4251730442047119,-0.007862317375838757,0.5306285619735718,0.4280726909637451,-0.0052748192101716995,0.530185878276825,0.4300353527069092,-0.0010989878792315722,0.530158519744873,0.43019136786460876,-0.0009722773102112114,0.5311354398727417,0.4337632656097412,-0.00014873304462525994,0.5318670272827148,0.43797045946121216,-0.0002636310819070786,0.5321398973464966,0.44239839911460876,0.002023420063778758,0.5322572588920593,0.4496724307537079,0.01007020939141512,0.5298850536346436,0.4001622200012207,-0.026376524940133095,0.5221027731895447,0.402252197265625,-0.01940782181918621,0.4157962501049042,0.3273059129714966,-0.0027641395572572947,0.47999489307403564,0.3566020727157593,-0.015248584561049938,0.47447001934051514,0.3599178194999695,-0.016611875966191292,0.46810799837112427,0.3624541759490967,-0.016783617436885834,0.4565315842628479,0.3599170744419098,-0.014630820602178574,0.48422789573669434,0.3529350757598877,-0.012981269508600235,0.46589207649230957,0.3361770808696747,-0.02340046316385269,0.4732206463813782,0.33463603258132935,-0.021234067156910896,0.45936381816864014,0.34006714820861816,-0.02281096763908863,0.4551103115081787,0.3449039161205292,-0.02102152816951275,0.45217204093933105,0.36848410964012146,-0.011781261302530766,0.5116751194000244,0.46986401081085205,0.012751157395541668,0.4552617073059082,0.35383421182632446,-0.01441897451877594,0.4229252338409424,0.36885973811149597,0.007915209047496319,0.44133612513542175,0.3650701642036438,-0.009096378460526466,0.4883131682872772,0.39744558930397034,-0.012841342017054558,0.5231663584709167,0.4238150715827942,-0.011123680509626865,0.5238111615180969,0.4305540919303894,-0.006691447459161282,0.5152221322059631,0.42889314889907837,-0.009906571358442307,0.5091449022293091,0.4325767159461975,-0.007227152120321989,0.5169306993484497,0.43292611837387085,-0.006666269153356552,0.5110375285148621,0.4347723126411438,-0.004093294031918049,0.5014000535011292,0.4468768537044525,0.003527058521285653,0.5255930423736572,0.39849743247032166,-0.031019829213619232,0.5235676765441895,0.39085274934768677,-0.034555379301309586,0.44572752714157104,0.3430155813694,-0.024408161640167236,0.4953485429286957,0.3697154223918915,-0.015176874585449696,0.5062827467918396,0.3998258709907532,-0.020934799686074257,0.5039187669754028,0.3947480320930481,-0.020088844001293182,0.46598461270332336,0.4039847254753113,-0.012104994617402554,0.5200372338294983,0.37956541776657104,-0.033399470150470734,0.464092493057251,0.32900285720825195,-0.03135393559932709,0.45355093479156494,0.334713876247406,-0.029136106371879578,0.42275047302246094,0.30938106775283813,-0.01557967346161604,0.4935767352581024,0.32849225401878357,-0.027048565447330475,0.47958824038505554,0.33613643050193787,-0.01719386875629425,0.4955349564552307,0.44179752469062805,0.0011831275187432766,0.44233664870262146,0.4452275037765503,0.04473000019788742,0.5114097595214844,0.4029114842414856,-0.01622343249619007,0.5168839693069458,0.4033782482147217,-0.013833720237016678,0.5004564523696899,0.4374372363090515,0.0015254032332450151,0.5020014643669128,0.43730542063713074,0.0008522028801962733,0.4480822682380676,0.33022546768188477,-0.028545906767249107,0.5055389404296875,0.4027806520462036,-0.01668192818760872,0.47741979360580444,0.32672119140625,-0.03076188638806343,0.47554662823677063,0.31981292366981506,-0.03384335711598396,0.45208603143692017,0.27925002574920654,-0.033949967473745346,0.4352276623249054,0.31927087903022766,-0.023675475269556046,0.4637317955493927,0.29772984981536865,-0.034949179738759995,0.43905314803123474,0.3400394320487976,-0.021395163610577583,0.42765963077545166,0.3339477777481079,-0.013123360462486744,0.5235387086868286,0.42750343680381775,-0.00971634779125452,0.5161235332489014,0.43102720379829407,-0.008549370802938938,0.5101073980331421,0.4336998462677002,-0.006091723218560219,0.5127638578414917,0.40363025665283203,-0.013946667313575745,0.5012653470039368,0.43736857175827026,0.0012308266013860703,0.5055105090141296,0.4386940896511078,-0.00014544097939506173,0.5027627348899841,0.43723511695861816,0.000899622798897326,0.5159223079681396,0.4003082513809204,-0.02509991265833378,0.5116548538208008,0.4355597198009491,-0.0019854700658470392,0.5174998044967651,0.43415892124176025,-0.0028705825097858906,0.5238644480705261,0.4323762059211731,-0.0028437229339033365,0.5247102975845337,0.45281967520713806,0.007919443771243095,0.5251063704490662,0.44493359327316284,-0.0002565528848208487,0.5248544216156006,0.4403908848762512,-0.0024019835982471704,0.5244468450546265,0.4360741376876831,-0.002195828128606081,0.5239412784576416,0.43257442116737366,-0.002747925464063883,0.5117357969284058,0.43577811121940613,-0.0018751013558357954,0.5113127827644348,0.43749576807022095,-0.0017011198215186596,0.5107388496398926,0.43989798426628113,-0.001962232869118452,0.5102974772453308,0.44258004426956177,-0.0008134152740240097,0.5025315284729004,0.4262997508049011,-0.007877619937062263,0.4230106472969055,0.40473508834838867,0.041374679654836655,0.5287157297134399,0.40167027711868286,-0.017624471336603165,0.5071319937705994,0.4366089105606079,-0.000412632041843608,0.5063963532447815,0.43754494190216064,-0.0002552511286921799,0.5196555256843567,0.40569454431533813,-0.012889866717159748,0.5075607895851135,0.4064635634422302,-0.009887689724564552,0.5183511972427368,0.4045831263065338,-0.013587757013738155,0.48958370089530945,0.37697887420654297,-0.014020292088389397,0.4804394841194153,0.3874644935131073,-0.014178200624883175,0.502695620059967,0.3982608914375305,-0.01610603742301464,0.43427297472953796,0.2933092713356018,-0.026475636288523674,0.4466198682785034,0.30696845054626465,-0.030590860173106194,0.4604855179786682,0.32272592186927795,-0.03269347921013832,0.5082008838653564,0.45040327310562134,0.0038132132031023502,0.4906393885612488,0.3176555633544922,-0.032174158841371536,0.4803238809108734,0.2912227213382721,-0.03492889180779457,0.47023335099220276,0.2688075304031372,-0.03508462756872177,0.4613470137119293,0.36275190114974976,-0.01583673432469368,0.4457436800003052,0.37801727652549744,-0.009097740054130554,0.486921101808548,0.35001522302627563,-0.011827381327748299,0.4486373960971832,0.35161978006362915,-0.017999518662691116,0.49928295612335205,0.36290064454078674,-0.017112059518694878,0.511008083820343,0.3963298499584198,-0.02646644227206707,0.4380320608615875,0.3862263858318329,-0.003338843584060669,0.453946053981781,0.383141428232193,-0.012135535478591919,0.4651198089122772,0.38354501128196716,-0.014516030438244343,0.47762638330459595,0.3767094314098358,-0.013865187764167786,0.48517680168151855,0.36928051710128784,-0.013079427182674408,0.49042394757270813,0.36318865418434143,-0.013458702713251114,0.5077489018440247,0.34937700629234314,-0.0233256034553051,0.4440436363220215,0.4049355387687683,-0.001113113947212696,0.44238823652267456,0.3529338538646698,-0.01736212708055973,0.5268436074256897,0.4013921618461609,-0.02708115428686142,0.4994083344936371,0.3789612948894501,-0.015436045825481415,0.4136800169944763,0.36590152978897095,0.026852045208215714,0.49478697776794434,0.35745084285736084,-0.014030428603291512,0.5006316900253296,0.39814308285713196,-0.009941940195858479,0.45233723521232605,0.35515859723091125,-0.013967298902571201,0.5082641243934631,0.39003708958625793,-0.02528047375380993,0.43067482113838196,0.42520231008529663,0.04439834877848625,0.48518383502960205,0.34729206562042236,-0.01150545384734869,0.5140928030014038,0.38404273986816406,-0.03071007877588272,0.47364044189453125,0.4631305932998657,0.021837282925844193,0.4715409576892853,0.47030550241470337,0.03432927280664444,0.43115079402923584,0.4069901406764984,0.019581453874707222,0.45984241366386414,0.4547840356826782,0.02442059852182865,0.424232542514801,0.3499998152256012,-0.0014303934294730425,0.5109577775001526,0.4777640104293823,0.01799575425684452,0.5262594819068909,0.40241941809654236,-0.017865262925624847,0.49452444911003113,0.38712048530578613,-0.013228477910161018,0.433596670627594,0.36861953139305115,-0.004728926811367273,0.4680267870426178,0.3566919267177582,-0.01683533564209938,0.4735705256462097,0.35487380623817444,-0.016771666705608368,0.5046871304512024,0.43999916315078735,0.0005984409945085645,0.4487852454185486,0.4216218888759613,0.00566916773095727,0.5226603150367737,0.4825547933578491,0.0248258039355278,0.49962204694747925,0.48043131828308105,0.0275762677192688,0.487425833940506,0.47688764333724976,0.030162064358592033,0.49784713983535767,0.2843039333820343,-0.031035179272294044,0.5343289971351624,0.4777378737926483,0.02754206396639347,0.4778275787830353,0.3521534502506256,-0.015528066083788872,0.4816415011882782,0.34923240542411804,-0.013601424172520638,0.48418694734573364,0.34788066148757935,-0.011918928474187851,0.4348376989364624,0.3522702753543854,-0.01304992102086544,0.4785444438457489,0.341722697019577,-0.01619567722082138,0.47266480326652527,0.3404597342014313,-0.01881846785545349,0.46725377440452576,0.3420420289039612,-0.020124483853578568,0.46198004484176636,0.3454893231391907,-0.019910508766770363,0.4587933123111725,0.3489353358745575,-0.018504038453102112,0.4128970205783844,0.3450457453727722,0.012662095949053764,0.4633277952671051,0.3567871153354645,-0.016158562153577805,0.5279474258422852,0.40951135754585266,-0.00985797680914402,0.5083044767379761,0.4196488559246063,-0.009707805700600147,0.5118337869644165,0.4020085632801056,-0.018969690427184105,0.5203751921653748,0.4133169651031494,-0.011693838983774185,0.5088655948638916,0.33214572072029114,-0.021917765960097313,0.4869454503059387,0.4698265790939331,0.021475842222571373,0.4986681044101715,0.474107027053833,0.02033991925418377,0.5235326290130615,0.4781796932220459,0.016963377594947815,0.45669880509376526,0.46033406257629395,0.040216896682977676,0.48310524225234985,0.3451707065105438,-0.013612923212349415,0.5076120495796204,0.36562803387641907,-0.023355282843112946,0.5353913307189941,0.47319942712783813,0.019863959401845932,0.5115103721618652,0.4828280210494995,0.024728454649448395,0.4376068115234375,0.4252890646457672,0.024003498256206512,0.5176129341125488,0.43438464403152466,-0.002779776696115732,0.5175389647483826,0.43720540404319763,-0.0025910332333296537,0.5175104141235352,0.44073158502578735,-0.002899562008678913,0.5176401734352112,0.4448292851448059,-0.0013823319459334016,0.5160180926322937,0.4527563452720642,0.004522491246461868,0.5060032606124878,0.43611234426498413,-0.0018434074008837342,0.5049753189086914,0.4357045292854309,-0.0027151908725500107,0.5040552020072937,0.4351993799209595,-0.003486362984403968,0.4980185031890869,0.43396714329719543,-0.004671846982091665,0.4628504514694214,0.4238881766796112,-0.00285494327545166,0.5034623742103577,0.35557082295417786,-0.01984367147088051,0.49104568362236023,0.34007710218429565,-0.01455762516707182,0.48575741052627563,0.34160345792770386,-0.014133909717202187,0.5070332884788513,0.4364672601222992,-0.00045671354746446013,0.4642217457294464,0.44315361976623535,0.010810778476297855,0.49939942359924316,0.3387967348098755,-0.020365597680211067,0.5133075714111328,0.46113550662994385,0.009253696538507938,0.5214225053787231,0.36607831716537476,-0.02994638867676258,0.5122750401496887,0.36006709933280945,-0.027105703949928284,0.5176078081130981,0.3561502993106842,-0.026890795677900314,0.5063203573226929,0.3809714913368225,-0.021385150030255318,0.534983217716217,0.46609964966773987,0.014585895463824272,0.5334580540657043,0.4572756290435791,0.012556511908769608,0.5242063403129578,0.4612128734588623,0.010668044909834862,0.4950481057167053,0.45293623208999634,0.006747715640813112,0.4962024688720703,0.40689918398857117,-0.008931792341172695,0.503567099571228,0.45827633142471313,0.008432067930698395,0.47991013526916504,0.41201505064964294,-0.011149140074849129,0.4920685291290283,0.4179799258708954,-0.008358586579561234,0.4760044813156128,0.4274291396141052,-0.005385964177548885,0.5239949822425842,0.4707026779651642,0.012119392864406109,0.5023531913757324,0.38637077808380127,-0.017003806307911873,0.48934563994407654,0.46102768182754517,0.012771658599376678,0.5004173517227173,0.4659695327281952,0.014204084873199463,0.48808008432388306,0.445504754781723,0.002732784952968359,0.4533645808696747,0.4349271059036255,0.012093635275959969,0.4775529205799103,0.44971752166748047,0.007137310691177845,0.4462580978870392,0.44127562642097473,0.026727920398116112,0.48872461915016174,0.43058162927627563,-0.005327664781361818,0.5033673048019409,0.37210655212402344,-0.019120309501886368,0.5140721201896667,0.39973270893096924,-0.02695397101342678,0.5090610980987549,0.402193546295166,-0.020198794081807137,0.517178475856781,0.39357790350914,-0.031152574345469475,0.48572489619255066,0.3345893919467926,-0.019603122025728226,0.47536662220954895,0.33255910873413086,-0.024329084903001785,0.4659900367259979,0.3340047597885132,-0.02638145722448826,0.4578828811645508,0.33811503648757935,-0.025806112214922905,0.45186087489128113,0.3439675569534302,-0.023210817947983742,0.44794774055480957,0.3599174916744232,-0.012307443656027317,0.42607250809669495,0.38827383518218994,0.013616341166198254,0.457798033952713,0.37118104100227356,-0.013201795518398285,0.4665038585662842,0.37150880694389343,-0.014474157243967056,0.4753777086734772,0.36760833859443665,-0.014379050582647324,0.48231300711631775,0.3622699975967407,-0.013417867012321949,0.4871551990509033,0.3575347363948822,-0.012161582708358765,0.4908098578453064,0.35383686423301697,-0.011868194676935673,0.4176941215991974,0.3850261867046356,0.035756275057792664,0.5086607336997986,0.403712660074234,-0.016712458804249763,0.5112440586090088,0.3745451867580414,-0.026203935965895653,0.5201027393341064,0.39913269877433777,-0.02986151911318302,0.5224669575691223,0.40153205394744873,-0.025394374504685402,0.5190558433532715,0.4002084732055664,-0.02679242566227913,0.5100793838500977,0.40514761209487915,-0.013276739045977592,0.5245186686515808,0.40176868438720703,-0.02652955986559391,0.5240028500556946,0.4028453230857849,-0.018623631447553635,0.4882194697856903,0.34708601236343384,-0.011053907684981823,0.4932985007762909,0.3484102487564087,-0.012751497328281403,0.4975731372833252,0.34983155131340027,-0.015654532238841057,0.45691317319869995,0.35153692960739136,-0.016776466742157936,0.4523681104183197,0.34997639060020447,-0.017847150564193726,0.5257196426391602,0.36486709117889404,-0.02569606900215149,0.5386173129081726,0.3165504038333893,0.014163428917527199,0.5329174399375916,0.3967256247997284,-0.016304658725857735,0.5440278053283691,0.27134713530540466,0.0429554209113121,0.5254603028297424,0.33360782265663147,0.0037545966915786266,0.5314377546310425,0.3311026692390442,0.0062165651470422745,0.5367740392684937,0.3279552459716797,0.009571528993546963,0.5405747890472412,0.318846195936203,0.016609031707048416,0.5205745100975037,0.3341265916824341,0.00204099016264081,0.5313963294029236,0.30667224526405334,0.0006091701798141003,0.5247812271118164,0.3108346462249756,-0.0022625690326094627,0.5369696617126465,0.30504894256591797,0.004859992768615484,0.5400766134262085,0.3061497211456299,0.008836683817207813,0.5464038252830505,0.3227779269218445,0.021867817267775536,0.5485534071922302,0.4481830298900604,0.026263879612088203,0.5393773317337036,0.3131495714187622,0.016477467492222786,0.5541914105415344,0.3084619343280792,0.05387827754020691,0.5485750436782837,0.31371021270751953,0.02866506017744541,0.5438873171806335,0.3705935478210449,0.006185266189277172,0.535388171672821,0.4178486466407776,-0.006340473890304565,0.5349732637405396,0.42507123947143555,-0.002292041899636388,0.5392324328422546,0.4165981709957123,-1.021025309455581e-05,0.541594922542572,0.416447252035141,0.006430775858461857,0.5380297899246216,0.42259934544563293,0.00192899233661592,0.5401941537857056,0.420827716588974,0.007434741128236055,0.5475230813026428,0.42297494411468506,0.02115323580801487,0.5343360304832458,0.3940016031265259,-0.02844318374991417,0.5339398980140686,0.3857904076576233,-0.031471166759729385,0.5474945306777954,0.29649192094802856,0.011174885556101799,0.5286020636558533,0.3538537919521332,-0.002707002218812704,0.539848268032074,0.3832957446575165,-0.009357422590255737,0.5380611419677734,0.37809082865715027,-0.008140001446008682,0.5568805932998657,0.3600366711616516,0.019532503560185432,0.529967725276947,0.37474843859672546,-0.029487572610378265,0.538104236125946,0.29577213525772095,-0.006536106579005718,0.5441056489944458,0.2940220534801483,0.0018541102763265371,0.539861798286438,0.2591410279273987,0.025515111163258553,0.5170292258262634,0.3160085082054138,-0.018758714199066162,0.5192758440971375,0.3168175518512726,-0.0018472669180482626,0.5499278903007507,0.41413816809654236,0.02259564772248268,0.5569208860397339,0.3863677680492401,0.08711721003055573,0.53702712059021,0.39020979404449463,-0.007726414129137993,0.5339986681938171,0.39512744545936584,-0.009552745148539543,0.5442578196525574,0.41737523674964905,0.01999085210263729,0.5433821678161621,0.4183410108089447,0.017066944390535355,0.5450432896614075,0.28662586212158203,0.004433424677699804,0.5393224954605103,0.38626235723495483,-0.005352345760911703,0.5292187929153442,0.3022229075431824,-0.013727356679737568,0.52936190366745,0.2943476140499115,-0.01632918044924736,0.52236407995224,0.24997609853744507,-0.010344713926315308,0.5427013635635376,0.271604984998703,0.01272762380540371,0.5259092450141907,0.2707788646221161,-0.014819810166954994,0.5483670234680176,0.2904357612133026,0.016651421785354614,0.5469883680343628,0.2805897891521454,0.02809746190905571,0.5354398488998413,0.4217276871204376,-0.004978323355317116,0.5387479662895203,0.41977930068969727,0.0007324907928705215,0.5409979224205017,0.4186308979988098,0.006384999956935644,0.5359386801719666,0.39217519760131836,-0.006974818184971809,0.5438072085380554,0.4178759455680847,0.018285337835550308,0.5428371429443359,0.4212099015712738,0.014182518236339092,0.5428887605667114,0.4188745617866516,0.016660982742905617,0.5367390513420105,0.3898247182369232,-0.01719275675714016,0.5393727421760559,0.42267635464668274,0.008960900828242302,0.5371798276901245,0.4248362183570862,0.005216298159211874,0.5342156887054443,0.4273821711540222,0.0016640197718515992,0.5380029082298279,0.4456121325492859,0.012305920012295246,0.5370937585830688,0.4385591149330139,0.004450789652764797,0.536592423915863,0.43421944975852966,0.0025143041275441647,0.5355391502380371,0.4303867220878601,0.00262442440725863,0.5341532826423645,0.4274957776069641,0.0018255049362778664,0.5393527746200562,0.42268818616867065,0.009077630937099457,0.5405129194259644,0.42351189255714417,0.009241653606295586,0.5416346192359924,0.42488470673561096,0.00939280167222023,0.5424867868423462,0.42682957649230957,0.01141939777880907,0.5455159544944763,0.40492042899131775,0.00791364535689354,0.5536771416664124,0.34229105710983276,0.08876124769449234,0.5410212278366089,0.42089951038360596,0.013367381878197193,0.5419920086860657,0.42095425724983215,0.013543771579861641,0.5329223871231079,0.3994012475013733,-0.008663570508360863,0.5379418730735779,0.39169734716415405,-0.0009255625773221254,0.5334632992744446,0.39739367365837097,-0.009452619589865208,0.5341007113456726,0.3557623028755188,0.0026814001612365246,0.5439419150352478,0.35710883140563965,0.008434958755970001,0.5384577512741089,0.3808574974536896,-0.0037942486815154552,0.5334133505821228,0.2514556050300598,0.007112088147550821,0.5361731052398682,0.2676515579223633,-0.0013067570980638266,0.5384613871574402,0.2873632609844208,-0.0065132626332342625,0.5454801917076111,0.4304105341434479,0.018215253949165344,0.5177112221717834,0.30396056175231934,-0.02324674464762211,0.5135713815689087,0.2768453359603882,-0.02445869706571102,0.5086499452590942,0.25285279750823975,-0.023159390315413475,0.5398291349411011,0.32370656728744507,0.01355523057281971,0.5525076985359192,0.32638123631477356,0.02821073681116104,0.5175107717514038,0.3337673544883728,0.0015676694456487894,0.5444631576538086,0.30663633346557617,0.016242532059550285,0.5248688459396362,0.3506709933280945,-0.007108297199010849,0.5386611223220825,0.38275691866874695,-0.017063423991203308,0.5593352913856506,0.32880493998527527,0.03885670751333237,0.5530039072036743,0.3348558247089386,0.022884920239448547,0.5490787625312805,0.34241625666618347,0.015251669101417065,0.5389753580093384,0.34667420387268066,0.008902829140424728,0.5305157899856567,0.3468638062477112,0.004222991410642862,0.5248047709465027,0.34591928124427795,-0.00048553672968409956,0.5182187557220459,0.3444218337535858,-0.01904432289302349,0.5631248354911804,0.34753620624542236,0.04081961140036583,0.5477728247642517,0.30356377363204956,0.020089494064450264,0.5323365926742554,0.39849984645843506,-0.025017637759447098,0.5311160087585449,0.3638153076171875,-0.0034428639337420464,0.5489144921302795,0.30450543761253357,0.07578897476196289,0.5205732583999634,0.34407922625541687,-0.0038861637003719807,0.5373159050941467,0.3803832530975342,0.0023569162003695965,0.5412209033966064,0.312641441822052,0.01851033605635166,0.5362170934677124,0.37646159529685974,-0.015703413635492325,0.5560219287872314,0.3631490468978882,0.08976969867944717,0.5162423253059387,0.33065521717071533,0.0025130670983344316,0.5333732962608337,0.37463855743408203,-0.023751214146614075,0.559090793132782,0.41635483503341675,0.05282977223396301,0.5563095211982727,0.4231616258621216,0.06629068404436111,0.5614947080612183,0.3441261351108551,0.06535536795854568,0.5616618990898132,0.401211142539978,0.06098641827702522,0.5504176616668701,0.29310911893844604,0.04253070428967476,0.549648106098175,0.454364538192749,0.03265037760138512,0.5307373404502869,0.4001914858818054,-0.01658710092306137,0.5359190702438354,0.36728793382644653,0.0015446479665115476,0.5505486726760864,0.31348827481269836,0.03679259866476059,0.5349805355072021,0.32273298501968384,0.009088624268770218,0.5302931666374207,0.3261694014072418,0.00616043247282505,0.5435589551925659,0.4218002259731293,0.01603645086288452,0.5641453862190247,0.36474934220314026,0.04604338854551315,0.5431916117668152,0.4700688123703003,0.03302383050322533,0.5507561564445496,0.44957518577575684,0.048134852200746536,0.5532182455062866,0.43833786249160767,0.05609302222728729,0.5250451564788818,0.32828590273857117,0.004044715780764818,0.5201707482337952,0.3294742703437805,0.003204953856766224,0.5174263119697571,0.3304513990879059,0.0031842205207794905,0.5488626956939697,0.2996848523616791,0.027282770723104477,0.5195308923721313,0.3214492201805115,0.0010501102078706026,0.5240316390991211,0.316154420375824,0.0012698411010205746,0.5294321179389954,0.3127670884132385,0.003246222622692585,0.5343279242515564,0.311439573764801,0.0066587612964212894,0.5370540022850037,0.311892032623291,0.009955541230738163,0.5470520853996277,0.28557702898979187,0.06064245477318764,0.5374131202697754,0.31943249702453613,0.01200214121490717,0.5415828824043274,0.40332266688346863,0.0023243885952979326,0.5375609397888184,0.38920512795448303,-0.010817413218319416,0.5345496535301208,0.4063979983329773,-0.006692128721624613,0.5555557608604431,0.43059808015823364,0.046525727957487106,0.5524452328681946,0.4422306716442108,0.04005808383226395,0.5445601344108582,0.4654146730899811,0.02492266334593296,0.5571849942207336,0.4067806005477905,0.07797056436538696,0.5172070264816284,0.3271600604057312,0.001812838134355843,0.5254420042037964,0.35709598660469055,-0.01659727655351162,0.5480409264564514,0.4604613184928894,0.03991435095667839,0.5627430081367493,0.36328640580177307,0.06778781116008759,0.537152886390686,0.4248989224433899,0.0053764889016747475,0.5385323762893677,0.42676466703414917,0.005835437681525946,0.5396596789360046,0.42947280406951904,0.0059857359156012535,0.5405128598213196,0.4331252872943878,0.007911622524261475,0.5425304770469666,0.4382708966732025,0.014948136173188686,0.5418877005577087,0.41943034529685974,0.012509339489042759,0.5426255464553833,0.4180264174938202,0.013006873428821564,0.5432312488555908,0.41664767265319824,0.013298708945512772,0.5485112071037292,0.40864527225494385,0.015073701739311218,0.5616359710693359,0.37488406896591187,0.031248200684785843,0.5213872790336609,0.3470997214317322,-0.012766469269990921,0.5141752362251282,0.3272271454334259,-0.005584456492215395,0.5156732797622681,0.32581353187561035,-0.0011706564109772444,0.541001558303833,0.4209436774253845,0.013375098817050457,0.5617692470550537,0.39295825362205505,0.04521927610039711,0.5135139226913452,0.3303913176059723,-0.014992020092904568,0.5454481840133667,0.4427397847175598,0.02089594304561615,0.5223095417022705,0.3552525043487549,-0.023486847057938576,0.531588613986969,0.3688395917415619,-0.012578767724335194,0.5404535531997681,0.45182302594184875,0.01625162921845913,0.552009105682373,0.42240116000175476,0.027199232950806618,0.5424048900604248,0.384389728307724,0.006473982241004705,0.5489639043807983,0.4330141842365265,0.024582283571362495,0.5532894134521484,0.37597936391830444,0.01333360280841589,0.5483272671699524,0.3901965022087097,0.010938604362308979,0.5578933954238892,0.38633498549461365,0.022552119567990303,0.5435323119163513,0.45916640758514404,0.019549451768398285,0.5334941148757935,0.3714350461959839,-0.005981425289064646,0.555336058139801,0.4243897497653961,0.036404356360435486,0.5516220331192017,0.43648743629455566,0.03235122933983803,0.5546810030937195,0.41099444031715393,0.02755582705140114,0.5637009143829346,0.3793412446975708,0.05063411220908165,0.5589456558227539,0.40674924850463867,0.035992980003356934,0.5627999305725098,0.38195139169692993,0.06825503706932068,0.5526049137115479,0.39862048625946045,0.017521867528557777,0.5281122922897339,0.360268235206604,-0.009586094878613949,0.5382451415061951,0.3875889182090759,-0.01839304342865944,0.5393466353416443,0.3871901035308838,-0.010432501323521137,0.5367271900177002,0.3838396966457367,-0.024348435923457146,0.5177603363990784,0.31759002804756165,-0.007250761613249779,0.5265808701515198,0.3079586625099182,-0.006134754046797752,0.5345277786254883,0.3029065728187561,-0.0025295827072113752,0.540508508682251,0.3009845018386841,0.0030215508304536343,0.5436632633209229,0.30223554372787476,0.00898449681699276,0.544615626335144,0.31355807185173035,0.02228367142379284,0.5585424304008484,0.3258545398712158,0.06055955961346626,0.545523464679718,0.3283752202987671,0.018423866480588913,0.5419884324073792,0.3342616856098175,0.013069666922092438,0.5348541736602783,0.3381041884422302,0.00826285034418106,0.5273997783660889,0.33966025710105896,0.004443312529474497,0.5219985246658325,0.3397517204284668,0.0013276864774525166,0.5185378193855286,0.3392985761165619,-0.000840253196656704,0.5506204962730408,0.3233431577682495,0.08439350128173828,0.5385468006134033,0.38896188139915466,-0.007133887615054846,0.5290311574935913,0.36594992876052856,-0.019312618300318718,0.5366418957710266,0.39056092500686646,-0.02440481074154377,0.5338179469108582,0.3954664468765259,-0.02221289835870266,0.5358257293701172,0.39152461290359497,-0.021195728331804276,0.537236750125885,0.391852468252182,-0.005245936568826437,0.533523678779602,0.3970010578632355,-0.023939257487654686,0.5320469737052917,0.39868953824043274,-0.016436800360679626,0.515373706817627,0.3323383331298828,0.0005951471393927932,0.5152740478515625,0.3364512324333191,-0.004045214969664812,0.5165692567825317,0.3394119441509247,-0.00845471303910017,0.5384814739227295,0.3125653564929962,0.012945184484124184,0.5415953397750854,0.3081751763820648,0.01372489333152771,0.466261625289917,0.34986984729766846,-0.016001926735043526,0.4732196033000946,0.3468499779701233,-0.016001926735043526,0.46415475010871887,0.3403301537036896,-0.016001926735043526,0.4592060446739197,0.35290831327438354,-0.016001926735043526,0.4684180021286011,0.35933005809783936,-0.016001926735043526,0.525691032409668,0.3196920156478882,0.006736096926033497,0.5316423177719116,0.3171483874320984,0.006736096926033497,0.5235031843185425,0.3113150894641876,0.006736096926033497,0.5197049379348755,0.32224833965301514,0.006736096926033497,0.5279595255851746,0.3281126022338867,0.006736096926033497
3100.0000000000027,0.5336421728134155,0.42443472146987915,-0.008179010823369026,0.5342535376548767,0.397062748670578,-0.02928316779434681,0.5305256247520447,0.4032447040081024,-0.011796942912042141,0.5202341675758362,0.3699573874473572,-0.02966681681573391,0.5331096649169922,0.38903531432151794,-0.03286362811923027,0.5291914343833923,0.3772128224372864,-0.032760050147771835,0.5168604254722595,0.34585437178611755,-0.02420867793262005,0.4627523124217987,0.3565208315849304,-0.01785467565059662,0.5102808475494385,0.3220621943473816,-0.025289321318268776,0.5081343054771423,0.31017178297042847,-0.029527628794312477,0.4945324957370758,0.26153507828712463,-0.03280919790267944,0.5338539481163025,0.42695844173431396,-0.006684653460979462,0.5336599946022034,0.4294701814651489,-0.004136697389185429,0.5331557989120483,0.4312123954296112,-7.643664139322937e-05,0.5331433415412903,0.431241899728775,0.0002361372607992962,0.5340664982795715,0.43468406796455383,0.0010672876378521323,0.5347356200218201,0.4387490153312683,0.001059554168023169,0.5349327921867371,0.44293904304504395,0.0034310410264879465,0.534893274307251,0.4489063322544098,0.011453218758106232,0.5334859490394592,0.40057745575904846,-0.025499500334262848,0.52556312084198,0.402608186006546,-0.018889639526605606,0.41880860924720764,0.3272826671600342,-0.00754845654591918,0.48383575677871704,0.3567149341106415,-0.016810057684779167,0.47838354110717773,0.3602044880390167,-0.018415749073028564,0.4719800055027008,0.362775057554245,-0.01886543445289135,0.4600062072277069,0.3601398766040802,-0.01720382645726204,0.48789921402931213,0.35291045904159546,-0.014437796548008919,0.4693416357040405,0.3363404870033264,-0.0255234707146883,0.47659096121788025,0.334661602973938,-0.02308378927409649,0.4629259407520294,0.34036874771118164,-0.025191396474838257,0.45870742201805115,0.3452858030796051,-0.02356070466339588,0.45599204301834106,0.36825254559516907,-0.014496165327727795,0.5145151019096375,0.46928441524505615,0.01353084109723568,0.4584706723690033,0.35420387983322144,-0.01710991933941841,0.4260212182998657,0.3686421513557434,0.00363213662058115,0.4449748396873474,0.36478614807128906,-0.01237189956009388,0.4918346107006073,0.39700838923454285,-0.013665876351296902,0.5262288451194763,0.4261595606803894,-0.0102470051497221,0.5266612768173218,0.4320695400238037,-0.00575639121234417,0.518221914768219,0.4309333264827728,-0.009276298806071281,0.5119964480400085,0.4341855049133301,-0.0067164101637899876,0.5196685791015625,0.43440040946006775,-0.005907049402594566,0.5136772394180298,0.4361192584037781,-0.003436257131397724,0.5039547681808472,0.4457661211490631,0.003986703231930733,0.5294376611709595,0.3989986479282379,-0.03025914914906025,0.5275378823280334,0.39140748977661133,-0.03387920558452606,0.4500419795513153,0.34388574957847595,-0.027681516483426094,0.4988357126712799,0.3696238100528717,-0.016020378097891808,0.5097041726112366,0.3998478353023529,-0.02103508822619915,0.5073166489601135,0.3946622312068939,-0.020299945026636124,0.469567209482193,0.4032568335533142,-0.013890781439840794,0.5239258408546448,0.38017839193344116,-0.03302896395325661,0.46842026710510254,0.3298911154270172,-0.033894024789333344,0.4579460620880127,0.33573320508003235,-0.032162174582481384,0.4264139235019684,0.3095516264438629,-0.02003665640950203,0.49733418226242065,0.32877078652381897,-0.028423795476555824,0.4829244315624237,0.3360818326473236,-0.01883779466152191,0.4980996251106262,0.4406549334526062,0.0011995802633464336,0.4436660706996918,0.4450626075267792,0.041786082088947296,0.5146589875221252,0.40301868319511414,-0.016139911487698555,0.5201131105422974,0.40347880125045776,-0.013505222275853157,0.502920925617218,0.4383446276187897,0.0018128437222912908,0.5045270919799805,0.4382696747779846,0.0013403557240962982,0.4525097608566284,0.3313928246498108,-0.031870853155851364,0.5087238550186157,0.4026237726211548,-0.01678222231566906,0.48154929280281067,0.32729461789131165,-0.032738689333200455,0.47974634170532227,0.3205525577068329,-0.03595048189163208,0.4565694332122803,0.28001177310943604,-0.0371285118162632,0.43959853053092957,0.3197576701641083,-0.027609700337052345,0.46851274371147156,0.298553466796875,-0.03768719732761383,0.44329214096069336,0.34085163474082947,-0.025042936205863953,0.4315129816532135,0.33427000045776367,-0.017388395965099335,0.5264880061149597,0.42940136790275574,-0.008783310651779175,0.5189678072929382,0.4327496886253357,-0.007824587635695934,0.5128406286239624,0.4351777136325836,-0.005472938995808363,0.5159328579902649,0.4036884307861328,-0.013850614428520203,0.5037617683410645,0.43830782175064087,0.0016322201117873192,0.5079611539840698,0.43966221809387207,0.0005783565575256944,0.5053067207336426,0.43822407722473145,0.0014094708021730185,0.5195789337158203,0.4006762206554413,-0.02485736645758152,0.5142617225646973,0.4368264079093933,-0.001339111477136612,0.5201816558837891,0.43548864126205444,-0.0021567854564636946,0.526669442653656,0.4336765706539154,-0.002004708629101515,0.5273903012275696,0.45205944776535034,0.009135608561336994,0.5277125239372253,0.44571414589881897,0.0009633228764869273,0.5275366306304932,0.4413837492465973,-0.00125486112665385,0.5271878242492676,0.43716055154800415,-0.00116845709271729,0.5267254114151001,0.4337488114833832,-0.0017262327019125223,0.5142859220504761,0.436903178691864,-0.0010918880579993129,0.5138042569160461,0.4385625422000885,-0.0008689883979968727,0.5131848454475403,0.4409008026123047,-0.0010240019764751196,0.5126765966415405,0.44343096017837524,0.0001117731662816368,0.5054605007171631,0.4255620241165161,-0.007692408282309771,0.42477867007255554,0.40449899435043335,0.037151698023080826,0.5321767330169678,0.4020065665245056,-0.01691088080406189,0.5096584558486938,0.43768468499183655,0.00024704672978259623,0.5088817477226257,0.43856629729270935,0.0004507775593083352,0.5229013562202454,0.4057304859161377,-0.012427179142832756,0.5105776190757751,0.40618252754211426,-0.009868305176496506,0.5215908885002136,0.40465906262397766,-0.013208303600549698,0.4931451380252838,0.376629114151001,-0.015056435950100422,0.4841476082801819,0.38690879940986633,-0.015546775422990322,0.5059323310852051,0.39803415536880493,-0.016351982951164246,0.43847358226776123,0.2937191128730774,-0.030335549265146255,0.45134237408638,0.30761605501174927,-0.03399629518389702,0.4648359417915344,0.32381191849708557,-0.03546783700585365,0.5108482837677002,0.44947272539138794,0.004579904489219189,0.4945651888847351,0.31806373596191406,-0.03371059149503708,0.4848034679889679,0.29224467277526855,-0.0370202399790287,0.4745660126209259,0.26991021633148193,-0.03753264993429184,0.46502193808555603,0.36312007904052734,-0.018192149698734283,0.44960400462150574,0.3774752616882324,-0.012007150799036026,0.4904344975948334,0.3499782979488373,-0.013275669887661934,0.45242056250572205,0.3519912362098694,-0.02099517174065113,0.502807080745697,0.3630423843860626,-0.017877640202641487,0.5147576332092285,0.39658230543136597,-0.026359576731920242,0.4415438771247864,0.3857628107070923,-0.006595017854124308,0.4580768346786499,0.3825605809688568,-0.014627451077103615,0.46937066316604614,0.38297709822654724,-0.016463633626699448,0.4816829562187195,0.37627002596855164,-0.015408887527883053,0.48896172642707825,0.3689342141151428,-0.014320054091513157,0.49399539828300476,0.36298641562461853,-0.014527544379234314,0.5113500356674194,0.3499548137187958,-0.023943215608596802,0.4473118484020233,0.40431493520736694,-0.003973965998739004,0.4462178349494934,0.3532153069972992,-0.020680798217654228,0.5305047035217285,0.4018222391605377,-0.026322972029447556,0.5027917623519897,0.37889817357063293,-0.016023464500904083,0.4158684015274048,0.3656280040740967,0.021963411942124367,0.4982776939868927,0.35744553804397583,-0.01504466962069273,0.5037113428115845,0.3977975845336914,-0.010286325588822365,0.4557447135448456,0.35537415742874146,-0.016788439825177193,0.5119259357452393,0.3901950716972351,-0.025309257209300995,0.4321814477443695,0.4250195324420929,0.04071161523461342,0.48857811093330383,0.3473662734031677,-0.013096773996949196,0.5179663896560669,0.3844556212425232,-0.0305340476334095,0.4759676456451416,0.4626449942588806,0.020784245803952217,0.4734180271625519,0.47001567482948303,0.03300954028964043,0.43379706144332886,0.40665751695632935,0.015932930633425713,0.46195659041404724,0.45443886518478394,0.022602353245019913,0.4276379644870758,0.35001587867736816,-0.005811623763293028,0.5137568712234497,0.4773564636707306,0.018724771216511726,0.5297380685806274,0.40275925397872925,-0.017223332077264786,0.4978918731212616,0.38682204484939575,-0.013909613713622093,0.4370529055595398,0.368009090423584,-0.008360362611711025,0.471874475479126,0.3574790358543396,-0.018964502960443497,0.477535605430603,0.3554762303829193,-0.018683500587940216,0.5071037411689758,0.44087377190589905,0.001252362853847444,0.45166534185409546,0.4210715889930725,0.003201307961717248,0.5252700448036194,0.48221686482429504,0.025793813169002533,0.5020935535430908,0.48009854555130005,0.02751084789633751,0.4896532893180847,0.4765409827232361,0.029555657878518105,0.5017695426940918,0.28565847873687744,-0.03253466263413429,0.5367522835731506,0.47737404704093933,0.02897101454436779,0.4817070960998535,0.3525236248970032,-0.017270857468247414,0.4853701591491699,0.3493804335594177,-0.015257472172379494,0.48772063851356506,0.347936749458313,-0.013565272092819214,0.43847498297691345,0.3523772060871124,-0.016742102801799774,0.4818335175514221,0.34149229526519775,-0.017916979268193245,0.4758652150630951,0.34010112285614014,-0.020705942064523697,0.4704119563102722,0.3417138159275055,-0.022212641313672066,0.4651166796684265,0.34532055258750916,-0.022204341366887093,0.46193814277648926,0.34899529814720154,-0.020926181226968765,0.4154408574104309,0.3448531925678253,0.0077115935273468494,0.46696409583091736,0.35757920145988464,-0.018506323918700218,0.5310205221176147,0.4093460142612457,-0.009040765464305878,0.5113459229469299,0.4190866947174072,-0.009457358159124851,0.5152218341827393,0.4022119641304016,-0.018883829936385155,0.5235263705253601,0.4130493700504303,-0.011089523322880268,0.5123098492622375,0.3330974578857422,-0.022588886320590973,0.4894595742225647,0.4693000912666321,0.021136706694960594,0.5013462901115417,0.473652720451355,0.02055908925831318,0.5262922048568726,0.47775962948799133,0.01825227402150631,0.4582097828388214,0.46013250946998596,0.03807813301682472,0.48646116256713867,0.3451675474643707,-0.015274832025170326,0.5112877488136292,0.3660416007041931,-0.023731093853712082,0.5379583239555359,0.4727557897567749,0.021627550944685936,0.5141369104385376,0.48250293731689453,0.025169942528009415,0.43992698192596436,0.4249894917011261,0.020834989845752716,0.520248293876648,0.43557488918304443,-0.0019008031813427806,0.5201302766799927,0.43833038210868835,-0.0016799832228571177,0.5200425386428833,0.4417913556098938,-0.0018615429289638996,0.5200836658477783,0.44568875432014465,-0.0002949769259430468,0.5187164545059204,0.4519389569759369,0.005528349429368973,0.5086084008216858,0.437293142080307,-0.0013009037356823683,0.5076008439064026,0.4369118809700012,-0.0022441809996962547,0.5067330598831177,0.4364319443702698,-0.003107299329712987,0.5007388591766357,0.43300026655197144,-0.004616241902112961,0.46592608094215393,0.423242449760437,-0.004576883278787136,0.5070470571517944,0.35596129298210144,-0.020541176199913025,0.49444785714149475,0.34015148878097534,-0.015858495607972145,0.489076167345047,0.3415893018245697,-0.015692176297307014,0.5096212029457092,0.4376314580440521,0.00011487199662951753,0.4667358696460724,0.4426310658454895,0.009221069514751434,0.5028340220451355,0.3389940857887268,-0.021349642425775528,0.5160748958587646,0.46037089824676514,0.010155138559639454,0.5250668525695801,0.3668134808540344,-0.02965417318046093,0.515970766544342,0.36066463589668274,-0.027352850884199142,0.5211526155471802,0.35687851905822754,-0.02694234810769558,0.5098955631256104,0.3811355233192444,-0.021631665527820587,0.5376091599464417,0.4655405282974243,0.016265133395791054,0.5360636115074158,0.45656725764274597,0.01406265888363123,0.5269368886947632,0.46049678325653076,0.011894289404153824,0.4977532923221588,0.4519435465335846,0.006919273640960455,0.49937745928764343,0.4063924551010132,-0.0093306889757514,0.5063043236732483,0.45739269256591797,0.009025635197758675,0.4833824634552002,0.41141629219055176,-0.012140966020524502,0.4952850341796875,0.41733479499816895,-0.008736840449273586,0.4791548252105713,0.4267316460609436,-0.006369614973664284,0.5267897844314575,0.47014814615249634,0.013370734639465809,0.5056958198547363,0.3862972557544708,-0.017365066334605217,0.4920493960380554,0.46026045083999634,0.012610902078449726,0.503205418586731,0.4653010368347168,0.014568676240742207,0.49084821343421936,0.4445056915283203,0.002411040710285306,0.4558869004249573,0.4344664216041565,0.009937900118529797,0.4802373945713043,0.4489831328392029,0.006353358738124371,0.44835880398750305,0.44100221991539,0.024117693305015564,0.4916853904724121,0.429694801568985,-0.005736325401812792,0.5068928003311157,0.3722992241382599,-0.019609376788139343,0.5177915692329407,0.4000883400440216,-0.026740647852420807,0.5124633312225342,0.4023086428642273,-0.0201543178409338,0.5211181044578552,0.3940272927284241,-0.030817130580544472,0.4892699122428894,0.334717720746994,-0.021135887131094933,0.4790772497653961,0.33285680413246155,-0.026270568370819092,0.46989163756370544,0.33448469638824463,-0.028665816411376,0.46185290813446045,0.3387049734592438,-0.028418203815817833,0.4557943642139435,0.3445710837841034,-0.026080742478370667,0.45155537128448486,0.3599504232406616,-0.015314459800720215,0.42899656295776367,0.3879793584346771,0.009622774086892605,0.4617307484149933,0.37098976969718933,-0.015604885295033455,0.47053879499435425,0.37130260467529297,-0.0165183637291193,0.4793285131454468,0.36743995547294617,-0.016070816665887833,0.4860883355140686,0.3620864450931549,-0.014786475338041782,0.49071377515792847,0.35737279057502747,-0.013425804674625397,0.4942528307437897,0.35378989577293396,-0.01303142961114645,0.41967451572418213,0.3847450613975525,0.03114357776939869,0.5118811130523682,0.40368908643722534,-0.016701187938451767,0.5150060653686523,0.37496939301490784,-0.026324555277824402,0.5239728093147278,0.3996102511882782,-0.02935122884809971,0.5261090993881226,0.401973158121109,-0.02477075718343258,0.5227870941162109,0.40065523982048035,-0.026350252330303192,0.5131714940071106,0.40504077076911926,-0.01318573672324419,0.528195321559906,0.4021996855735779,-0.025818511843681335,0.5274711847305298,0.4031911790370941,-0.018044661730527878,0.4916068911552429,0.3471119999885559,-0.0124962218105793,0.49666619300842285,0.3484675884246826,-0.013902767561376095,0.5010161399841309,0.3499545454978943,-0.01663208194077015,0.4600890576839447,0.3517731726169586,-0.019331326708197594,0.4559501111507416,0.35034406185150146,-0.020553745329380035,0.5291459560394287,0.36560189723968506,-0.025241758674383163,0.5402146577835083,0.31734490394592285,0.014714949764311314,0.5362687110900879,0.3969283998012543,-0.015484747476875782,0.5446450114250183,0.27276313304901123,0.04274388775229454,0.5271700620651245,0.33387380838394165,0.004100801423192024,0.5329186916351318,0.33161085844039917,0.006732177454978228,0.5381221175193787,0.328697144985199,0.010177881456911564,0.5417855381965637,0.3195571303367615,0.017251789569854736,0.5226359963417053,0.33428579568862915,0.0020858750212937593,0.5340763926506042,0.30798158049583435,0.0009281130041927099,0.5276063084602356,0.3118748366832733,-0.0021948711946606636,0.539331316947937,0.30652087926864624,0.005312344525009394,0.542083740234375,0.3075862526893616,0.009369390085339546,0.5470622777938843,0.32351070642471313,0.022601870819926262,0.550355076789856,0.44763702154159546,0.028444699943065643,0.5409501194953918,0.31385359168052673,0.016985787078738213,0.5539141893386841,0.30937767028808594,0.05445290356874466,0.5489739775657654,0.3144162893295288,0.02931462600827217,0.5457751154899597,0.37062448263168335,0.007249866612255573,0.5386947989463806,0.4196217656135559,-0.0050260452553629875,0.538090705871582,0.4260532259941101,-0.0009648747509345412,0.5423835515975952,0.417656272649765,0.0015427181497216225,0.5446719527244568,0.4167945981025696,0.008240770548582077,0.5411796569824219,0.4231126308441162,0.003475363366305828,0.5433297157287598,0.4209451377391815,0.00915931910276413,0.5492309927940369,0.421678751707077,0.023356040939688683,0.5379027128219604,0.39449310302734375,-0.02742287889122963,0.5375356078147888,0.3864336907863617,-0.030487583950161934,0.5495192408561707,0.29860201478004456,0.011601533740758896,0.5309160351753235,0.3541797697544098,-0.0023439337965101004,0.542574405670166,0.3833176791667938,-0.008316552266478539,0.5406447649002075,0.37815603613853455,-0.00717373751103878,0.5578987002372742,0.3599456548690796,0.020950797945261,0.5334790349006653,0.3754824995994568,-0.02872505597770214,0.5412468910217285,0.29822808504104614,-0.006502769887447357,0.5467996001243591,0.2964688539505005,0.002056765602901578,0.5411317348480225,0.26077592372894287,0.02514670230448246,0.5206214785575867,0.31770989298820496,-0.01928156241774559,0.5221221446990967,0.3175312876701355,-0.0019509842386469245,0.5515456199645996,0.41277092695236206,0.024763330817222595,0.5557709336280823,0.38615843653678894,0.08850490301847458,0.539977490901947,0.3901149332523346,-0.006809133570641279,0.5370922088623047,0.3951241075992584,-0.00881371833384037,0.5474389791488647,0.4166753888130188,0.022098269313573837,0.5465807914733887,0.41777709126472473,0.01914186030626297,0.5477226972579956,0.28907883167266846,0.004551831632852554,0.5419588088989258,0.3860560357570648,-0.004341832362115383,0.5326818227767944,0.30442318320274353,-0.01392852608114481,0.5329788327217102,0.29659587144851685,-0.01660335250198841,0.5250132083892822,0.2517630159854889,-0.011153005994856358,0.544265627861023,0.27349603176116943,0.012614930979907513,0.5287379622459412,0.2725725471973419,-0.015429823659360409,0.5502317547798157,0.2923204302787781,0.01697733625769615,0.5479581356048584,0.2822869122028351,0.028166892006993294,0.5386495590209961,0.42306971549987793,-0.0036136575508862734,0.5418956279754639,0.4205290377140045,0.002314821118488908,0.5441034436225891,0.4188515245914459,0.008173440583050251,0.5389355421066284,0.3920271098613739,-0.006176535040140152,0.5469934940338135,0.41725003719329834,0.02035927027463913,0.5459975600242615,0.42079421877861023,0.016286658123135567,0.5460968613624573,0.4183710515499115,0.018701504915952682,0.5399137735366821,0.3900654911994934,-0.016168255358934402,0.5425131320953369,0.42276182770729065,0.010619662702083588,0.5402991771697998,0.4252719283103943,0.0066583226434886456,0.5372848510742188,0.4282056987285614,0.002894569654017687,0.540457010269165,0.44478610157966614,0.01392048504203558,0.5399936437606812,0.4388542175292969,0.006088868249207735,0.5395805239677429,0.4347153306007385,0.004073163494467735,0.5385906100273132,0.4309839606285095,0.004072635434567928,0.537247359752655,0.4282168447971344,0.003241604892536998,0.5425112247467041,0.42268943786621094,0.010878540575504303,0.5436546206474304,0.42342814803123474,0.011085045523941517,0.5447618365287781,0.4247136414051056,0.011387514881789684,0.5455939769744873,0.42650488018989563,0.013517160899937153,0.5477361679077148,0.4041050374507904,0.00963351409882307,0.5524114370346069,0.3426187038421631,0.08940522372722626,0.5441977977752686,0.4206671118736267,0.015347114764153957,0.5451573729515076,0.42062923312187195,0.015572771430015564,0.5359532833099365,0.3994227945804596,-0.007796475198119879,0.5406222939491272,0.3913244605064392,-2.4835393560351804e-05,0.5365279316902161,0.39741483330726624,-0.008677851408720016,0.5360573530197144,0.3559839129447937,0.0032863952219486237,0.5455504655838013,0.35723185539245605,0.009316746145486832,0.5409263968467712,0.380752831697464,-0.0028354853857308626,0.5353134274482727,0.2532094419002533,0.006572340615093708,0.5382996797561646,0.26957768201828003,-0.0016275930684059858,0.5416983962059021,0.28983795642852783,-0.0065506091341376305,0.5474398136138916,0.42933782935142517,0.02039390243589878,0.5215769410133362,0.3058788478374481,-0.023835444822907448,0.5169613361358643,0.27840378880500793,-0.025431426241993904,0.5119298100471497,0.25453296303749084,-0.024396339431405067,0.5410802960395813,0.3244759738445282,0.014205968007445335,0.5525302290916443,0.3271186947822571,0.029140081256628036,0.5198951363563538,0.3339158594608307,0.0014528358587995172,0.5458914041519165,0.3079584538936615,0.016813859343528748,0.5274739265441895,0.35114020109176636,-0.006906414404511452,0.5416611433029175,0.383068323135376,-0.016024433076381683,0.5593708753585815,0.32934775948524475,0.039984166622161865,0.5532442331314087,0.3357172906398773,0.02397972345352173,0.5496731400489807,0.3433341383934021,0.016302229836583138,0.5400707721710205,0.3473835587501526,0.009637468494474888,0.5320674777030945,0.3473861813545227,0.00468749925494194,0.5268487930297852,0.34641751646995544,-0.00029011533479206264,0.5213988423347473,0.34515050053596497,-0.01923372596502304,0.5631764531135559,0.3476417660713196,0.04231835529208183,0.5489603877067566,0.3048946261405945,0.02066919393837452,0.5358620882034302,0.39888840913772583,-0.024051591753959656,0.5335935950279236,0.3640517294406891,-0.0028522987850010395,0.5482792854309082,0.30530795454978943,0.07585210353136063,0.5230531692504883,0.3447316288948059,-0.0039021398406475782,0.5396298766136169,0.38018321990966797,0.0032236198894679546,0.5424924492835999,0.3134649991989136,0.01906234212219715,0.5390709638595581,0.37680548429489136,-0.014791478402912617,0.5546901822090149,0.3632268011569977,0.09074171632528305,0.5188226103782654,0.33073681592941284,0.0023362673819065094,0.5365750193595886,0.3752456605434418,-0.022885732352733612,0.5593047142028809,0.41581597924232483,0.055058304220438004,0.5562103986740112,0.42278486490249634,0.06820953637361526,0.560750424861908,0.34448474645614624,0.06653961539268494,0.5614208579063416,0.4007733464241028,0.06303852051496506,0.5507336854934692,0.29441508650779724,0.042790163308382034,0.5513343214988708,0.4540244936943054,0.03492279723286629,0.5341463685035706,0.4004983901977539,-0.01582164131104946,0.5380586981773376,0.3673795461654663,0.002321423264220357,0.5504030585289001,0.31395694613456726,0.037498589605093,0.5366438031196594,0.3235050439834595,0.009621242992579937,0.5320290327072144,0.3266955316066742,0.00658860057592392,0.5467144846916199,0.4212585985660553,0.018195737153291702,0.5641626715660095,0.3646030128002167,0.047751810401678085,0.5452026724815369,0.46981459856033325,0.03480242192745209,0.5518247485160828,0.4493717551231384,0.0501306988298893,0.5537448525428772,0.4380430579185486,0.05810078978538513,0.5269314646720886,0.32856810092926025,0.004282020498067141,0.5223114490509033,0.329613596200943,0.003245479427278042,0.5198069214820862,0.3305380642414093,0.003060584422200918,0.5497407913208008,0.3008041977882385,0.02779673971235752,0.522014856338501,0.32161232829093933,0.0010727201588451862,0.5263640284538269,0.31640005111694336,0.0014001745730638504,0.5316522121429443,0.3131711781024933,0.003524710889905691,0.5363803505897522,0.3120095133781433,0.0070714205503463745,0.5389175415039062,0.3125705122947693,0.010445952415466309,0.5470302700996399,0.28669658303260803,0.06051615998148918,0.5390467643737793,0.32025769352912903,0.012556417845189571,0.544039249420166,0.40275847911834717,0.0037302584387362003,0.5405652523040771,0.3892156183719635,-0.009934878908097744,0.5374398827552795,0.40611663460731506,-0.005618744529783726,0.5561955571174622,0.4300856590270996,0.048826154321432114,0.5535994172096252,0.44185149669647217,0.04234714433550835,0.546715259552002,0.46499523520469666,0.027044910937547684,0.5564782619476318,0.40642645955085754,0.07964424788951874,0.5197846293449402,0.32727593183517456,0.0017025243723765016,0.5284847021102905,0.35772138833999634,-0.016310090199112892,0.5496289134025574,0.4602833092212677,0.04188726842403412,0.5619373917579651,0.3633435070514679,0.06925192475318909,0.5402892231941223,0.4252418577671051,0.006988823879510164,0.5416392087936401,0.42700713872909546,0.007504308130592108,0.5427483916282654,0.429627925157547,0.007829705253243446,0.5435410141944885,0.43308258056640625,0.009871948510408401,0.5447399616241455,0.43734636902809143,0.01695006899535656,0.5450566411018372,0.4192107915878296,0.01442954782396555,0.5457674264907837,0.4177907407283783,0.014996782876551151,0.546342134475708,0.4164171814918518,0.015323086641728878,0.5504613518714905,0.4074934124946594,0.01707412488758564,0.5623069405555725,0.374561607837677,0.032998908311128616,0.5242892503738403,0.3477360010147095,-0.012789157219231129,0.5171156525611877,0.3278493881225586,-0.005989802069962025,0.5184640884399414,0.3261672854423523,-0.001442712382413447,0.5441829562187195,0.42075780034065247,0.015252465382218361,0.5621034502983093,0.3924407958984375,0.04721372574567795,0.5167421698570251,0.3314898610115051,-0.015437665395438671,0.5473686456680298,0.4419823884963989,0.022954488173127174,0.52562016248703,0.35597649216651917,-0.023376332595944405,0.5343996286392212,0.3692360818386078,-0.011961330659687519,0.5427727103233337,0.4510982930660248,0.018047085031867027,0.5533159375190735,0.4213552176952362,0.02944316528737545,0.5444778800010681,0.3841290771961212,0.007578066550195217,0.5505140423774719,0.43213099241256714,0.02680511772632599,0.5548291802406311,0.37578555941581726,0.014792471192777157,0.5501993298530579,0.3897768557071686,0.012469872832298279,0.5590834617614746,0.38587382435798645,0.02438991144299507,0.5457945466041565,0.4585999846458435,0.021577904000878334,0.5360305905342102,0.3715972304344177,-0.005260024219751358,0.5562721490859985,0.42363241314888,0.03870246186852455,0.5529416799545288,0.43587377667427063,0.03460273891687393,0.5559028387069702,0.40994593501091003,0.02975277416408062,0.5636788606643677,0.3790178894996643,0.05249512568116188,0.559704601764679,0.4060062766075134,0.03818370774388313,0.5621116757392883,0.38173022866249084,0.07001086324453354,0.5542373061180115,0.3977837562561035,0.01936684362590313,0.5308670997619629,0.3607179522514343,-0.009142477065324783,0.5413684248924255,0.3878510594367981,-0.01733339950442314,0.5422176718711853,0.387190580368042,-0.009425903670489788,0.5400434136390686,0.3843603730201721,-0.02334330789744854,0.5209429264068604,0.3186938464641571,-0.00751787144690752,0.5297080278396606,0.3095727264881134,-0.006185689475387335,0.5374217629432678,0.3048226237297058,-0.0023429356515407562,0.5430048704147339,0.3029840588569641,0.003407408483326435,0.5456878542900085,0.3040744960308075,0.009477503597736359,0.5454646348953247,0.3143180012702942,0.022868555039167404,0.5579750537872314,0.32650303840637207,0.061497509479522705,0.5462906956672668,0.32916438579559326,0.019230525940656662,0.5429432988166809,0.3350514769554138,0.013815576210618019,0.5360875725746155,0.3386848270893097,0.008853375911712646,0.5290048122406006,0.33998292684555054,0.004854293540120125,0.5240259766578674,0.3400014042854309,0.001403797185048461,0.5209293961524963,0.3396378755569458,-0.0009155735606327653,0.5495933294296265,0.3238942623138428,0.08469533175230026,0.5413404703140259,0.38880178332328796,-0.006184476427733898,0.5321580767631531,0.3665854334831238,-0.01875416189432144,0.5400335788726807,0.3909701406955719,-0.023348364979028702,0.5372118353843689,0.3957751989364624,-0.02127215638756752,0.5391320586204529,0.3918397128582001,-0.020197564736008644,0.5400844812393188,0.3915932774543762,-0.00437735952436924,0.5369800925254822,0.39736121892929077,-0.022973859682679176,0.5354126691818237,0.39894282817840576,-0.015647433698177338,0.5180321931838989,0.33252090215682983,0.00031754173687659204,0.5179978609085083,0.33691170811653137,-0.004337751772254705,0.5194089412689209,0.34022456407546997,-0.008717158809304237,0.5402007699012756,0.31328529119491577,0.013453101739287376,0.5431988835334778,0.3093826174736023,0.014286324381828308,0.4689936637878418,0.3498823940753937,-0.01805509626865387,0.47588351368904114,0.3468492031097412,-0.01805509626865387,0.4667205810546875,0.34013572335243225,-0.01805509626865387,0.46201446652412415,0.3529367446899414,-0.01805509626865387,0.47135165333747864,0.3595382273197174,-0.01805509626865387,0.527374804019928,0.3205513060092926,0.007003872189670801,0.533574104309082,0.3178628087043762,0.007003872189670801,0.5252225399017334,0.31235674023628235,0.007003872189670801,0.5211362242698669,0.3232662081718445,0.007003872189670801,0.5295954942703247,0.32874515652656555,0.007003872189670801
3133.333333333336,0.5335898995399475,0.425592839717865,-0.007999805733561516,0.534582793712616,0.3978292644023895,-0.02913321740925312,0.5308524966239929,0.40396490693092346,-0.011699133552610874,0.5205678343772888,0.37080493569374084,-0.029616201296448708,0.533438503742218,0.3898187279701233,-0.0327204167842865,0.5295255184173584,0.3780212104320526,-0.032644979655742645,0.5172080993652344,0.34675267338752747,-0.02421385981142521,0.4639130234718323,0.35694944858551025,-0.018056929111480713,0.51057368516922,0.322973370552063,-0.025323476642370224,0.5084061026573181,0.31113696098327637,-0.029575714841485023,0.4948379099369049,0.2627432644367218,-0.03300273045897484,0.5337740182876587,0.4280579686164856,-0.006493103224784136,0.5335535407066345,0.4304846525192261,-0.003954071551561356,0.5330300331115723,0.43214502930641174,9.6338008006569e-05,0.5330097079277039,0.4322447180747986,0.00044367442023940384,0.53392493724823,0.43564435839653015,0.0012848894111812115,0.5345935225486755,0.4396401643753052,0.0012787036830559373,0.5348052978515625,0.44374880194664,0.0036305885296314955,0.5351752042770386,0.4493049383163452,0.011586329899728298,0.5338239073753357,0.4013233780860901,-0.025356143712997437,0.5259188413619995,0.40334901213645935,-0.018795503303408623,0.41933292150497437,0.3282278776168823,-0.008010909892618656,0.48441457748413086,0.35720446705818176,-0.01697033829987049,0.47899946570396423,0.3606122136116028,-0.018566565588116646,0.4726795554161072,0.3632117807865143,-0.01902853138744831,0.4610099494457245,0.3607775568962097,-0.01740342006087303,0.4885154962539673,0.35350364446640015,-0.014579523354768753,0.4704786539077759,0.33743518590927124,-0.02570156194269657,0.4776211977005005,0.33575204014778137,-0.023253368213772774,0.4641214907169342,0.3414040505886078,-0.025373676791787148,0.459910124540329,0.3462235927581787,-0.02375291846692562,0.45662739872932434,0.3691016733646393,-0.014696309342980385,0.5148159861564636,0.4696916341781616,0.013681048527359962,0.4597697854042053,0.3548763394355774,-0.01731901802122593,0.42653992772102356,0.3695320785045624,0.0032540559768676758,0.44564709067344666,0.36583051085472107,-0.012616012245416641,0.49213141202926636,0.3977545201778412,-0.01372833177447319,0.5259933471679688,0.4271738827228546,-0.01009736955165863,0.5264171957969666,0.4329885244369507,-0.005593426991254091,0.5178353786468506,0.43174445629119873,-0.009149929508566856,0.5114883780479431,0.43485674262046814,-0.006594805512577295,0.5193042755126953,0.4351765215396881,-0.005763316992670298,0.5132100582122803,0.4367921054363251,-0.003301328280940652,0.5040929317474365,0.4462120831012726,0.0041105663403868675,0.5297753810882568,0.399777889251709,-0.03011835366487503,0.5278728008270264,0.3921952247619629,-0.03374205902218819,0.4510737359523773,0.3448074460029602,-0.027872752398252487,0.4991532266139984,0.3704398572444916,-0.016091981902718544,0.5100210905075073,0.40059080719947815,-0.021004796028137207,0.5076305270195007,0.3954157531261444,-0.02029104344546795,0.46989262104034424,0.40400296449661255,-0.013981631025671959,0.5242636799812317,0.38099056482315063,-0.03293476998806,0.4695896804332733,0.33101192116737366,-0.03399605304002762,0.4590832591056824,0.3367166519165039,-0.03229064494371414,0.4268336892127991,0.31057676672935486,-0.020442087203264236,0.49829190969467163,0.3300291895866394,-0.02847198210656643,0.4838408827781677,0.33709073066711426,-0.019014935940504074,0.49823006987571716,0.4411095976829529,0.0012871908256784081,0.44434425234794617,0.4453999400138855,0.04142468422651291,0.514990508556366,0.4037404954433441,-0.016131682321429253,0.5204499363899231,0.4041886031627655,-0.013443059287965298,0.5022326707839966,0.4388192892074585,0.001923013711348176,0.5038774013519287,0.43878746032714844,0.0014643364120274782,0.45367273688316345,0.33239805698394775,-0.032051797956228256,0.5090372562408447,0.40333041548728943,-0.016763530671596527,0.4826819598674774,0.3285641670227051,-0.03282937780022621,0.4809113144874573,0.32186034321784973,-0.03605358675122261,0.4569196403026581,0.2811586558818817,-0.03738671541213989,0.4399295747280121,0.32072925567626953,-0.027888266369700432,0.468797892332077,0.29962512850761414,-0.037874720990657806,0.44430890679359436,0.3418617844581604,-0.025287484750151634,0.4319266378879547,0.33520594239234924,-0.017733003944158554,0.5262429118156433,0.4303832948207855,-0.008620591834187508,0.5185980796813965,0.4335464835166931,-0.007682008668780327,0.5123564600944519,0.43584883213043213,-0.005337406415492296,0.5162609815597534,0.4043925702571869,-0.01381007768213749,0.5030933618545532,0.4388038218021393,0.001751089352183044,0.5073440670967102,0.4402180314064026,0.0007353707333095372,0.5046619772911072,0.43876591324806213,0.0015385084552690387,0.5199277400970459,0.4014629125595093,-0.024784047156572342,0.5137978792190552,0.43748927116394043,-0.001210503512993455,0.5198260545730591,0.4362362325191498,-0.0020209273789077997,0.526430606842041,0.43453311920166016,-0.0018562419572845101,0.5276355147361755,0.4524865746498108,0.009262081235647202,0.5274713635444641,0.44648054242134094,0.001146712340414524,0.5272668600082397,0.44221416115760803,-0.0010641849366948009,0.5269233584403992,0.43805214762687683,-0.00097447051666677,0.5264756679534912,0.4346737861633301,-0.0015426843892782927,0.5138075351715088,0.43760237097740173,-0.0009380407282151282,0.5133095979690552,0.4392320513725281,-0.0007052052533254027,0.5126760005950928,0.4415391981601715,-0.0008519834373146296,0.5121700167655945,0.44402599334716797,0.000281547341728583,0.5056396126747131,0.42615699768066406,-0.007618072908371687,0.4254382848739624,0.4050939679145813,0.03662078082561493,0.5325190424919128,0.40274375677108765,-0.0167994424700737,0.5090926885604858,0.438316285610199,0.0003894680121447891,0.5082867741584778,0.43916237354278564,0.000600938277784735,0.5232251286506653,0.40643423795700073,-0.012353022582828999,0.5108769536018372,0.40684109926223755,-0.009850379079580307,0.5219219923019409,0.4053671658039093,-0.013140258379280567,0.49346816539764404,0.3774120807647705,-0.015130249783396721,0.484463632106781,0.38767749071121216,-0.015621633268892765,0.5062364339828491,0.39876291155815125,-0.016354942694306374,0.4388384222984314,0.29481041431427,-0.030663546174764633,0.4516299366950989,0.3086239695549011,-0.03422708436846733,0.4660574495792389,0.3249370753765106,-0.035614337772130966,0.5110259056091309,0.44995662569999695,0.004720879718661308,0.495606392621994,0.3195159137248993,-0.033768653869628906,0.48510509729385376,0.29335492849349976,-0.03718257695436478,0.47490569949150085,0.2710965871810913,-0.03775247558951378,0.4658803939819336,0.3635907769203186,-0.018380766734480858,0.45004498958587646,0.37847766280174255,-0.012226838618516922,0.49109742045402527,0.35061806440353394,-0.013429153710603714,0.4534206986427307,0.35289499163627625,-0.021198038011789322,0.5031289458274841,0.36389684677124023,-0.017933672294020653,0.5150951147079468,0.3973678648471832,-0.02630016952753067,0.44199660420417786,0.386604905128479,-0.006835000589489937,0.45845356583595276,0.3834485113620758,-0.014802773483097553,0.4697270393371582,0.3837633728981018,-0.0166061632335186,0.4820871353149414,0.37696510553359985,-0.015513217076659203,0.48941847681999207,0.3695966303348541,-0.014423547312617302,0.4945005774497986,0.3636537194252014,-0.014621044509112835,0.5116865634918213,0.3508627712726593,-0.023963063955307007,0.4477546811103821,0.40505489706993103,-0.004166856873780489,0.4471244215965271,0.3542223274707794,-0.02092158794403076,0.5308442711830139,0.4025764763355255,-0.026186054572463036,0.5031107068061829,0.37969067692756653,-0.016076810657978058,0.41648855805397034,0.3664112389087677,0.021404007449746132,0.4988236725330353,0.35810551047325134,-0.015128092840313911,0.5040168762207031,0.39850619435310364,-0.010317474603652954,0.4568536579608917,0.35614579916000366,-0.016994468867778778,0.5122573971748352,0.3909784257411957,-0.025274375453591347,0.43286845088005066,0.4254833459854126,0.04024876654148102,0.4892983138561249,0.34799614548683167,-0.0132717564702034,0.5183025598526001,0.3852594196796417,-0.030463702976703644,0.476392537355423,0.46307629346847534,0.020761780440807343,0.4739498794078827,0.4703805446624756,0.032859355211257935,0.43433845043182373,0.4073498547077179,0.015619847923517227,0.4624500572681427,0.454853892326355,0.02250201441347599,0.42812928557395935,0.35094478726387024,-0.0061943912878632545,0.5140945911407471,0.47774818539619446,0.018883103504776955,0.5300859212875366,0.4034973978996277,-0.017119688913226128,0.4982019364833832,0.38758283853530884,-0.01397129986435175,0.4376605153083801,0.3691976070404053,-0.00865056924521923,0.47271811962127686,0.357705682516098,-0.01914403773844242,0.47824832797050476,0.35576459765434265,-0.018851788714528084,0.5064694285392761,0.44138941168785095,0.0014013969339430332,0.4520955979824066,0.42171424627304077,0.0030463861767202616,0.5256459712982178,0.48255208134651184,0.025928158313035965,0.5024920701980591,0.48048877716064453,0.027529213577508926,0.4900904595851898,0.47695374488830566,0.029499076306819916,0.5020633935928345,0.28675180673599243,-0.032680146396160126,0.5371232628822327,0.4776495099067688,0.029140323400497437,0.4823680818080902,0.3529399633407593,-0.017435314133763313,0.4860331118106842,0.34993281960487366,-0.015424535609781742,0.4884148836135864,0.34855395555496216,-0.013738359324634075,0.4393395185470581,0.35350582003593445,-0.017024310305714607,0.4827133119106293,0.34238117933273315,-0.018109900876879692,0.47688549757003784,0.3411282002925873,-0.020889604464173317,0.4715763330459595,0.342801570892334,-0.02240229956805706,0.46642547845840454,0.3463396430015564,-0.0224007535725832,0.4632856845855713,0.3498823046684265,-0.021126771345734596,0.4160363972187042,0.3457260727882385,0.007192116230726242,0.4679783582687378,0.3578597605228424,-0.01870017871260643,0.5313092470169067,0.40999218821525574,-0.008930135518312454,0.511581540107727,0.4197041988372803,-0.009397046640515327,0.5155571699142456,0.40296024084091187,-0.018845561891794205,0.5237932205200195,0.4137026071548462,-0.010998581536114216,0.5126424431800842,0.33399534225463867,-0.022636793553829193,0.48983991146087646,0.4697367548942566,0.021186938509345055,0.5017073750495911,0.47406429052352905,0.02065926231443882,0.5266178250312805,0.47810328006744385,0.01845484972000122,0.4588301479816437,0.4604358375072479,0.037801556289196014,0.48723238706588745,0.34588006138801575,-0.015454184263944626,0.5116182565689087,0.36690324544906616,-0.02374015375971794,0.5382669568061829,0.47306549549102783,0.021851465106010437,0.5145110487937927,0.4828687012195587,0.025259843096137047,0.44047629833221436,0.4255574643611908,0.020577887073159218,0.5198860764503479,0.43637222051620483,-0.0017369519919157028,0.5197527408599854,0.4391010105609894,-0.0015034675598144531,0.5196632146835327,0.44252556562423706,-0.0016844315687194467,0.5197249054908752,0.4463888704776764,-0.00011375004396541044,0.5189279913902283,0.452411413192749,0.005671150051057339,0.5080403089523315,0.4378853440284729,-0.0011766297975555062,0.5070139765739441,0.43748360872268677,-0.0021199050825089216,0.5061258673667908,0.4369865357875824,-0.002991047687828541,0.5008692741394043,0.4335223436355591,-0.004537079017609358,0.466272234916687,0.42389342188835144,-0.004668548237532377,0.5073778629302979,0.3568542003631592,-0.020586734637618065,0.4952069818973541,0.3410343825817108,-0.01601549983024597,0.4898620545864105,0.3424162268638611,-0.01585519313812256,0.5090627074241638,0.43824872374534607,0.0002375063340878114,0.4671086370944977,0.44316354393959045,0.009144450537860394,0.5035721659660339,0.33990854024887085,-0.021429475396871567,0.5163368582725525,0.46079927682876587,0.010287698358297348,0.5254052877426147,0.36765342950820923,-0.029583977535367012,0.5163079500198364,0.36154037714004517,-0.027339063584804535,0.521493673324585,0.3577515482902527,-0.026913024485111237,0.5102235674858093,0.3819394111633301,-0.02163657546043396,0.5379021763801575,0.4658655524253845,0.016488894820213318,0.5363486409187317,0.4569266438484192,0.014242254197597504,0.5272077918052673,0.46088266372680664,0.012058060616254807,0.4979866147041321,0.45240476727485657,0.007021415513008833,0.4996618926525116,0.40708303451538086,-0.009368489496409893,0.5065497159957886,0.45784297585487366,0.009149875491857529,0.4836618900299072,0.412142276763916,-0.012198597192764282,0.49552810192108154,0.41800615191459656,-0.008747972548007965,0.4794287383556366,0.4273871183395386,-0.006417779717594385,0.5270876884460449,0.4704984128475189,0.013568062335252762,0.5060180425643921,0.38706666231155396,-0.0173902940005064,0.4923635721206665,0.46073904633522034,0.012681592255830765,0.5035167336463928,0.46574610471725464,0.014684068970382214,0.4910658895969391,0.44498831033706665,0.0024638078175485134,0.456316202878952,0.43502116203308105,0.00980833824723959,0.48054584860801697,0.4495026767253876,0.006355954334139824,0.4489094614982605,0.4414624571800232,0.02393237128853798,0.4918771982192993,0.43027570843696594,-0.0057326918467879295,0.5072202682495117,0.37313053011894226,-0.019641004502773285,0.518139660358429,0.4008757770061493,-0.026665929704904556,0.5127872824668884,0.4030516445636749,-0.02011137083172798,0.5214604139328003,0.3948220908641815,-0.03072720393538475,0.4901811480522156,0.3357798159122467,-0.02129029855132103,0.48013922572135925,0.33399727940559387,-0.026408927515149117,0.47102969884872437,0.3355812430381775,-0.028791507706046104,0.46302154660224915,0.3397296369075775,-0.02855394035577774,0.45693716406822205,0.34550899267196655,-0.026236988604068756,0.4524041712284088,0.3607960641384125,-0.01553272269666195,0.42952921986579895,0.38878142833709717,0.009268621914088726,0.46233993768692017,0.37172117829322815,-0.015790347009897232,0.4710465967655182,0.371976375579834,-0.016670087352395058,0.4798216223716736,0.36804255843162537,-0.016198012977838516,0.4865923821926117,0.36269500851631165,-0.01492068450897932,0.4912712574005127,0.3580222725868225,-0.013539052568376064,0.494846373796463,0.3544560968875885,-0.013150607235729694,0.4203030467033386,0.38544175028800964,0.03056880459189415,0.5122025609016418,0.40440183877944946,-0.016668977215886116,0.5153383016586304,0.37580519914627075,-0.02630455046892166,0.524317741394043,0.4004015326499939,-0.029236717149615288,0.5264566540718079,0.4027349650859833,-0.02465185895562172,0.5231362581253052,0.40144550800323486,-0.026251021772623062,0.5134861469268799,0.4057199954986572,-0.013154665939509869,0.5285395979881287,0.40295958518981934,-0.02568710595369339,0.527824878692627,0.4039258360862732,-0.017943276092410088,0.49231237173080444,0.34777936339378357,-0.012657626532018185,0.4973108172416687,0.3491756319999695,-0.01402550470083952,0.5016287565231323,0.3506685495376587,-0.016708580777049065,0.4614207148551941,0.3525451719760895,-0.01953589729964733,0.45709261298179626,0.35118982195854187,-0.02076016552746296,0.5294724106788635,0.36642658710479736,-0.025172384455800056,0.5407680869102478,0.3177325427532196,0.014616885222494602,0.5366267561912537,0.3976310193538666,-0.015373146161437035,0.5446438789367676,0.2737921476364136,0.04254511371254921,0.5275240540504456,0.3341999351978302,0.004016359802335501,0.5332440137863159,0.3320641815662384,0.006664708256721497,0.5384665727615356,0.3292298913002014,0.010120927356183529,0.5422800779342651,0.31986477971076965,0.01717267371714115,0.5230520963668823,0.3345833420753479,0.001996278762817383,0.5345824956893921,0.3083804249763489,0.0008477736264467239,0.5281356573104858,0.31225526332855225,-0.002291282871738076,0.5398523807525635,0.30693715810775757,0.005243660882115364,0.5426276922225952,0.30799493193626404,0.009292115457355976,0.5474019050598145,0.3238946199417114,0.022520748898386955,0.5505735874176025,0.44788798689842224,0.028654664754867554,0.5415421724319458,0.314087450504303,0.016881713643670082,0.5540138483047485,0.3101550340652466,0.054224953055381775,0.5494661331176758,0.31461644172668457,0.029197031632065773,0.5460516214370728,0.37122049927711487,0.007274785079061985,0.538783073425293,0.42067933082580566,-0.004839291796088219,0.538121223449707,0.4270234704017639,-0.0007673840154893696,0.542548418045044,0.41863614320755005,0.0017474963096901774,0.5448544025421143,0.41768983006477356,0.008465394377708435,0.5412971377372742,0.42402151226997375,0.0036932637449353933,0.5434917211532593,0.42181119322776794,0.009393114596605301,0.5493760108947754,0.42192986607551575,0.023605220019817352,0.538223385810852,0.3952389359474182,-0.027273952960968018,0.5378506183624268,0.38719475269317627,-0.030339784920215607,0.5501173734664917,0.2991342544555664,0.011520946398377419,0.5311999320983887,0.35490792989730835,-0.0023492523469030857,0.5428794026374817,0.3839433193206787,-0.00823433231562376,0.5409488081932068,0.37880170345306396,-0.007108424324542284,0.5581333637237549,0.3604641258716583,0.020980646833777428,0.5338048934936523,0.37627217173576355,-0.028614189475774765,0.5417599678039551,0.2989428639411926,-0.006576272659003735,0.5473645925521851,0.2971152067184448,0.0019938659388571978,0.5411480665206909,0.2618933916091919,0.024985240772366524,0.5209141969680786,0.3183842599391937,-0.019339896738529205,0.5226783156394958,0.31790608167648315,-0.0020687507931143045,0.5516710877418518,0.4130280613899231,0.024982154369354248,0.5558649301528931,0.3865133225917816,0.08835019171237946,0.540313184261322,0.39073118567466736,-0.006727778352797031,0.5374517440795898,0.3957841396331787,-0.008714097552001476,0.5477436780929565,0.41729530692100525,0.022343499585986137,0.5468595027923584,0.41847240924835205,0.01939375139772892,0.5483529567718506,0.28967446088790894,0.004466804210096598,0.5422682762145996,0.38665372133255005,-0.004270119592547417,0.533080518245697,0.3051314055919647,-0.013991191051900387,0.5333957076072693,0.29735827445983887,-0.01667661964893341,0.5252152681350708,0.2529698610305786,-0.011302703060209751,0.5443202257156372,0.2744758427143097,0.012463881634175777,0.5289584994316101,0.2736354470252991,-0.015570739284157753,0.5508404970169067,0.2927197515964508,0.016862381249666214,0.5479933023452759,0.28320401906967163,0.027966633439064026,0.5387172698974609,0.424093097448349,-0.003413648810237646,0.5420415997505188,0.42146578431129456,0.0025325161404907703,0.5442823171615601,0.41972261667251587,0.00840945728123188,0.5392835736274719,0.3926409184932709,-0.006102625280618668,0.5472833514213562,0.41791412234306335,0.02061125449836254,0.5462296009063721,0.4214974045753479,0.016561007127165794,0.5463576316833496,0.4190961420536041,0.018955042585730553,0.540242075920105,0.3907509446144104,-0.016058379784226418,0.5426661968231201,0.42358794808387756,0.010845704935491085,0.5403880476951599,0.4261358678340912,0.006866727489978075,0.5372791886329651,0.42911338806152344,0.0030870649497956038,0.5407226085662842,0.44514548778533936,0.01408356986939907,0.540015459060669,0.4396538734436035,0.00631481921300292,0.5395750403404236,0.4355815649032593,0.00431783264502883,0.5385810732841492,0.43191057443618774,0.004310422111302614,0.537242591381073,0.4291641116142273,0.003470290219411254,0.5426604151725769,0.4234963059425354,0.01112623605877161,0.5438104271888733,0.4242042005062103,0.01134507730603218,0.5449326634407043,0.4254595935344696,0.011643669568002224,0.5457858443260193,0.42719215154647827,0.013767439872026443,0.5479432940483093,0.40452712774276733,0.009818839840590954,0.5525451898574829,0.34320124983787537,0.08913131803274155,0.5443871021270752,0.42144322395324707,0.015606270171701908,0.545370876789093,0.4213692545890808,0.015844009816646576,0.5363008379936218,0.4001094400882721,-0.007695308420807123,0.5409530997276306,0.3918832242488861,2.6990332116838545e-05,0.5368831157684326,0.3980918228626251,-0.008573832921683788,0.5363246202468872,0.3566525876522064,0.003287086496129632,0.5458016991615295,0.3578386902809143,0.00933670811355114,0.541225790977478,0.3813742697238922,-0.0027816924266517162,0.5354087948799133,0.2543891668319702,0.006436207331717014,0.5384247303009033,0.27060866355895996,-0.0017748998943716288,0.5422630310058594,0.2905532419681549,-0.006647254340350628,0.5476359724998474,0.42965030670166016,0.020633583888411522,0.5218526124954224,0.3066141903400421,-0.023904623463749886,0.5172426104545593,0.27949783205986023,-0.025574054569005966,0.5121992826461792,0.2557474374771118,-0.024562930688261986,0.5415039658546448,0.3249189853668213,0.01414762157946825,0.552817702293396,0.32749712467193604,0.02906334213912487,0.5203796029090881,0.33422067761421204,0.0013521641958504915,0.5464490652084351,0.308333158493042,0.016718000173568726,0.5277705788612366,0.3519282937049866,-0.006912448443472385,0.541967511177063,0.3837502598762512,-0.01592254266142845,0.5595248341560364,0.3299924433231354,0.03989829868078232,0.5533840656280518,0.33628952503204346,0.023937879130244255,0.5497413277626038,0.3440444767475128,0.01628086529672146,0.5401860475540161,0.34807103872299194,0.009615808725357056,0.5322673320770264,0.34799668192863464,0.004649665206670761,0.5271416902542114,0.3470384180545807,-0.00032094947528094053,0.5217331051826477,0.3460359573364258,-0.0192441176623106,0.5633594989776611,0.3481590449810028,0.04227602481842041,0.5495172142982483,0.30521291494369507,0.020573262125253677,0.5361994504928589,0.3996208608150482,-0.02390608750283718,0.5338957905769348,0.3647609353065491,-0.0028450132813304663,0.5483681559562683,0.30610910058021545,0.07555721700191498,0.5234092473983765,0.345426082611084,-0.003951867111027241,0.5399324297904968,0.3807883858680725,0.0032236631959676743,0.5430495142936707,0.31370097398757935,0.018951881676912308,0.5393784046173096,0.3775063455104828,-0.014710324816405773,0.5548235774040222,0.36370351910591125,0.09051479399204254,0.5193700790405273,0.3309911787509918,0.0022130832076072693,0.5368852615356445,0.3760022819042206,-0.02278372272849083,0.5593924522399902,0.4160507619380951,0.055150941014289856,0.5563190579414368,0.42302748560905457,0.06823902577161789,0.560923159122467,0.34500545263290405,0.06638278067111969,0.5615075826644897,0.4010421633720398,0.06306908279657364,0.5508124232292175,0.2952747046947479,0.04257473349571228,0.5515605807304382,0.45425471663475037,0.03512829914689064,0.534496545791626,0.40122732520103455,-0.015708310529589653,0.5383554100990295,0.3680267930030823,0.002332158852368593,0.550925076007843,0.31403639912605286,0.03735575079917908,0.5370784401893616,0.32404112815856934,0.009530289098620415,0.5324162840843201,0.327148973941803,0.0065040020272135735,0.5469586849212646,0.42191019654273987,0.018467828631401062,0.5643431544303894,0.36502838134765625,0.04773653298616409,0.5455367565155029,0.4700409770011902,0.034991346299648285,0.552050769329071,0.44957780838012695,0.05027327686548233,0.5539030432701111,0.43825438618659973,0.05820450559258461,0.5273298621177673,0.32888153195381165,0.004195807036012411,0.5227656364440918,0.329854279756546,0.0031469669193029404,0.5203084945678711,0.33076944947242737,0.0029501619283109903,0.5503138899803162,0.3009776473045349,0.027660613879561424,0.5225780010223389,0.32179853320121765,0.0009633704321458936,0.5269103050231934,0.31652742624282837,0.001305268844589591,0.5321735143661499,0.313306599855423,0.003439998487010598,0.5369060039520264,0.31216344237327576,0.006990734487771988,0.5394617319107056,0.3127565383911133,0.010350451804697514,0.5470739603042603,0.28762078285217285,0.06026243418455124,0.5395458340644836,0.3207600712776184,0.01246468536555767,0.5442840456962585,0.40325647592544556,0.0038806709926575422,0.5408926606178284,0.3898475766181946,-0.009856299497187138,0.5377240777015686,0.40671029686927795,-0.00548666762188077,0.5563027262687683,0.4302961528301239,0.04898381605744362,0.5537728667259216,0.44206157326698303,0.042533401399850845,0.5469704270362854,0.4652514159679413,0.02727554552257061,0.5565610527992249,0.406700074672699,0.07959549874067307,0.5203497409820557,0.3275284171104431,0.0015894407406449318,0.5287978053092957,0.35854339599609375,-0.016287878155708313,0.549915611743927,0.46049603819847107,0.042064566165208817,0.5620949268341064,0.3637663722038269,0.06913838535547256,0.5403703451156616,0.42611557245254517,0.007226203568279743,0.5417259335517883,0.4278547763824463,0.007755038794130087,0.5428517460823059,0.4304371774196625,0.008074861019849777,0.5436707139015198,0.4338281750679016,0.010108602233231068,0.5449795126914978,0.43768900632858276,0.017171811312437057,0.5452539324760437,0.42002004384994507,0.0146882189437747,0.5459786653518677,0.4185749888420105,0.015257121995091438,0.546554684638977,0.4171907305717468,0.015575344674289227,0.5506182312965393,0.40782105922698975,0.017285820096731186,0.5625107884407043,0.3749755620956421,0.03306368365883827,0.5246050357818604,0.34858566522598267,-0.012798585928976536,0.5176016688346863,0.3283202350139618,-0.0060933781787753105,0.519025444984436,0.3265233337879181,-0.0015570484101772308,0.5443710684776306,0.4215657711029053,0.015498482622206211,0.562229573726654,0.39276447892189026,0.04728224501013756,0.5171076655387878,0.3322099447250366,-0.015511046163737774,0.547600507736206,0.4422685205936432,0.023154616355895996,0.5259472131729126,0.3568325638771057,-0.023347169160842896,0.534705400466919,0.3699750304222107,-0.011919825337827206,0.5430259704589844,0.4514119327068329,0.018237652257084846,0.5534295439720154,0.4216167628765106,0.029660578817129135,0.5447593331336975,0.38468679785728455,0.00762444082647562,0.5506813526153564,0.43239420652389526,0.027020232751965523,0.5550827383995056,0.37630054354667664,0.014848588034510612,0.550438404083252,0.3902721405029297,0.012571052648127079,0.5592923164367676,0.386294960975647,0.024469396099448204,0.5460358262062073,0.45887166261672974,0.02180272527039051,0.5363340973854065,0.37228262424468994,-0.005233378615230322,0.5563827157020569,0.42388057708740234,0.038893260061740875,0.553108274936676,0.43611258268356323,0.03480587527155876,0.5560205578804016,0.41022220253944397,0.02994275651872158,0.5638163089752197,0.3793775141239166,0.052506159991025925,0.5598211884498596,0.406292587518692,0.038333382457494736,0.5622244477272034,0.38207632303237915,0.06996163725852966,0.554419219493866,0.39816349744796753,0.019521640613675117,0.5311721563339233,0.3614860475063324,-0.00912831537425518,0.5416873693466187,0.38853198289871216,-0.017220474779605865,0.5425314903259277,0.38781362771987915,-0.00933769065886736,0.5403525829315186,0.3850886821746826,-0.023189878091216087,0.5214272141456604,0.3191966712474823,-0.0076147387735545635,0.5301847457885742,0.310122549533844,-0.0062667024321854115,0.5379070043563843,0.30539798736572266,-0.002419775817543268,0.5435178875923157,0.30354759097099304,0.003343123011291027,0.5462341904640198,0.30458202958106995,0.009409048594534397,0.5459852814674377,0.3145700991153717,0.022761745378375053,0.5581204295158386,0.3271544873714447,0.06130899861454964,0.5465593934059143,0.32964542508125305,0.0191643126308918,0.5431398153305054,0.33564478158950806,0.013767807744443417,0.5363034009933472,0.33923009037971497,0.008812546730041504,0.5292837023735046,0.3404273986816406,0.0047781323082745075,0.5243899822235107,0.340426504611969,0.0013349557993933558,0.5213503241539001,0.3401130735874176,-0.0010030627017840743,0.5497183203697205,0.3245795965194702,0.08440593630075455,0.5416619777679443,0.3894023299217224,-0.006108706817030907,0.532474935054779,0.3673793375492096,-0.018695393577218056,0.5403487682342529,0.3916935324668884,-0.023213736712932587,0.5375520586967468,0.39649415016174316,-0.021140925586223602,0.539458692073822,0.39255404472351074,-0.020076928660273552,0.5404215455055237,0.3921830356121063,-0.004307919181883335,0.5373172163963318,0.3980896472930908,-0.022833384573459625,0.5357648134231567,0.39966267347335815,-0.015535751357674599,0.5185709595680237,0.33283790946006775,0.0001977693464141339,0.5184675455093384,0.33741331100463867,-0.004442913457751274,0.5198083519935608,0.34095117449760437,-0.00877807941287756,0.5407678484916687,0.3135007917881012,0.01335207186639309,0.5437611937522888,0.30973005294799805,0.014193844050168991,0.4701039493083954,0.3505605459213257,-0.018241332843899727,0.4768901467323303,0.34754207730293274,-0.018241332843899727,0.46786990761756897,0.34093669056892395,-0.018241332843899727,0.46319836378097534,0.3536226153373718,-0.018241332843899727,0.47240471839904785,0.36010363698005676,-0.018241332843899727,0.527808666229248,0.320752888917923,0.0069059329107403755,0.533908486366272,0.31821408867836,0.0069059329107403755,0.5256528258323669,0.3124633729457855,0.0069059329107403755,0.5216421484947205,0.3233069181442261,0.0069059329107403755,0.5300220251083374,0.3290395140647888,0.0069059329107403755
3166.6666666666697,0.5333007574081421,0.42556288838386536,-0.007511347532272339,0.5339237451553345,0.39875301718711853,-0.028725873678922653,0.5300531387329102,0.40477150678634644,-0.01140330545604229,0.5203775763511658,0.37146449089050293,-0.029462138190865517,0.5328794121742249,0.390707790851593,-0.03232691437005997,0.5291371941566467,0.3788408637046814,-0.03233333304524422,0.5172715187072754,0.3473779559135437,-0.02426816150546074,0.4640459418296814,0.35663071274757385,-0.018544157966971397,0.5108656883239746,0.32308247685432434,-0.025537436828017235,0.5088167786598206,0.31113171577453613,-0.029847098514437675,0.4958317279815674,0.26284700632095337,-0.03370077162981033,0.533484697341919,0.428130179643631,-0.006014296784996986,0.5332225561141968,0.43064334988594055,-0.0035213897936046124,0.5326451063156128,0.43235328793525696,0.00043743764399550855,0.5325820446014404,0.4323600232601166,0.0011843002866953611,0.5334435105323792,0.43572989106178284,0.00202159839682281,0.534020185470581,0.43970757722854614,0.002074914751574397,0.5341123342514038,0.4438311457633972,0.004492156207561493,0.5337806344032288,0.4503509998321533,0.012407111003994942,0.5331202149391174,0.4022481441497803,-0.02496790699660778,0.5252954959869385,0.4041227102279663,-0.018508972600102425,0.4199525713920593,0.32748299837112427,-0.00900005828589201,0.4846763014793396,0.35714736580848694,-0.017363542690873146,0.4791434109210968,0.3605479300022125,-0.01894301362335682,0.4727368652820587,0.3630779981613159,-0.019410111010074615,0.46115970611572266,0.36038243770599365,-0.017859840765595436,0.4888589084148407,0.35346147418022156,-0.014956003986299038,0.4705659747123718,0.33716273307800293,-0.026112277060747147,0.47780880331993103,0.33550572395324707,-0.02368120290338993,0.4641861021518707,0.34112828969955444,-0.025778887793421745,0.46001744270324707,0.34592005610466003,-0.02418968826532364,0.45661428570747375,0.3686262369155884,-0.0151453148573637,0.5135122537612915,0.4701160788536072,0.014404213055968285,0.45995426177978516,0.3544551134109497,-0.017820779234170914,0.426782488822937,0.3689230680465698,0.0024509590584784746,0.44570526480674744,0.3650476932525635,-0.013162710703909397,0.4917905330657959,0.39783772826194763,-0.013794973492622375,0.5258219838142395,0.4270767271518707,-0.009616297669708729,0.5261784195899963,0.4330507516860962,-0.0051670861430466175,0.5176582336425781,0.431680828332901,-0.008696472272276878,0.5112770795822144,0.4348512887954712,-0.006134573370218277,0.5190792679786682,0.4351949393749237,-0.0053411200642585754,0.5129692554473877,0.43680721521377563,-0.0028785590548068285,0.5028381943702698,0.4460737109184265,0.004670868627727032,0.5291756391525269,0.40062466263771057,-0.029718125239014626,0.5273959040641785,0.3929536044597626,-0.033354781568050385,0.4509481191635132,0.3441634476184845,-0.028343021869659424,0.4991351068019867,0.37077170610427856,-0.016225308179855347,0.5096743106842041,0.4009445309638977,-0.020830979570746422,0.5073604583740234,0.3957075774669647,-0.02017035149037838,0.4695642590522766,0.4037785530090332,-0.01416950672864914,0.5239338278770447,0.38169512152671814,-0.03265000134706497,0.4694037139415741,0.330826997756958,-0.03436408191919327,0.4588916003704071,0.3363071382045746,-0.03269041329622269,0.427632600069046,0.3098668158054352,-0.02136632427573204,0.49857908487319946,0.3302803039550781,-0.02876177988946438,0.484147846698761,0.3369191288948059,-0.019468922168016434,0.4970565736293793,0.44073426723480225,0.001698475331068039,0.44388726353645325,0.44502347707748413,0.040912214666604996,0.5145343542098999,0.40423744916915894,-0.015973959118127823,0.5198812484741211,0.4047705829143524,-0.013205288909375668,0.5020092129707336,0.43888381123542786,0.002363815438002348,0.5036386251449585,0.43882277607917786,0.0019346727058291435,0.4534829258918762,0.331704318523407,-0.03254290670156479,0.5086255669593811,0.4035940170288086,-0.01660686358809471,0.4826551675796509,0.3286072909832001,-0.033157605677843094,0.4808761179447174,0.3217718005180359,-0.036406271159648895,0.45786601305007935,0.28077876567840576,-0.03816279396414757,0.4406946897506714,0.32012104988098145,-0.028602730482816696,0.4695708155632019,0.2993292808532715,-0.03846605494618416,0.44423800706863403,0.3408973515033722,-0.025870196521282196,0.43256905674934387,0.33455854654312134,-0.01854780502617359,0.5260595083236694,0.4303656816482544,-0.008149709552526474,0.518413782119751,0.43352192640304565,-0.007228086702525616,0.5121381878852844,0.43584707379341125,-0.004881246015429497,0.5157540440559387,0.4048849642276764,-0.013629204593598843,0.5028615593910217,0.4388519823551178,0.0022091204300522804,0.5070586800575256,0.4402194023132324,0.001353127183392644,0.5044218301773071,0.43878597021102905,0.0020263385958969593,0.5194728374481201,0.40217846632003784,-0.024519942700862885,0.5135290622711182,0.4375104308128357,-0.000837308878544718,0.519547700881958,0.4362867474555969,-0.0016716427635401487,0.5261114239692688,0.4346345067024231,-0.0015108630759641528,0.5262568593025208,0.45334184169769287,0.0100729214027524,0.5268377065658569,0.4464559853076935,0.0020031577441841364,0.5267574191093445,0.44217950105667114,-0.0002499544352758676,0.5265061855316162,0.4380373954772949,-0.00022862285550218076,0.5261128544807434,0.43469032645225525,-0.0008039033273234963,0.5135254263877869,0.4375876188278198,-0.00027434516232460737,0.5129887461662292,0.4392203092575073,-1.842330129875336e-05,0.512295126914978,0.44151055812835693,-0.00013429211685433984,0.5117198824882507,0.4440191984176636,0.0010006106458604336,0.5046685934066772,0.42611369490623474,-0.00724570220336318,0.4253087341785431,0.40453964471817017,0.03574379161000252,0.5317785739898682,0.4036272168159485,-0.016494490206241608,0.5088280439376831,0.43831968307495117,0.0009807894239202142,0.5080199837684631,0.43915897607803345,0.0012089835945516825,0.5225400924682617,0.40704619884490967,-0.012063104659318924,0.5103166103363037,0.4070935547351837,-0.009698919951915741,0.5212965607643127,0.405969500541687,-0.012879714369773865,0.493388295173645,0.3776232898235321,-0.01528507936745882,0.484264999628067,0.3876993954181671,-0.015775814652442932,0.5059082508087158,0.39898255467414856,-0.01625705510377884,0.43973299860954285,0.29421472549438477,-0.03148458153009415,0.45244383811950684,0.3081277310848236,-0.034882038831710815,0.465887188911438,0.32452788949012756,-0.03606591746211052,0.5097254514694214,0.45021629333496094,0.005394607782363892,0.4958758056163788,0.31964483857154846,-0.03407283499836922,0.48583585023880005,0.2932872176170349,-0.03773226588964462,0.4758768081665039,0.27095580101013184,-0.03848489001393318,0.46595966815948486,0.36332398653030396,-0.01879310980439186,0.4499213993549347,0.37795528769493103,-0.01269245333969593,0.49147623777389526,0.35061943531036377,-0.013829611241817474,0.4535067081451416,0.3523608148097992,-0.02168523333966732,0.5031569004058838,0.36430585384368896,-0.018046515062451363,0.5147525072097778,0.3979049026966095,-0.02606174722313881,0.4420687258243561,0.3861190676689148,-0.007338601164519787,0.4581640362739563,0.38318154215812683,-0.015168288722634315,0.4693647027015686,0.3837625980377197,-0.016888007521629333,0.48188281059265137,0.37712839245796204,-0.01574019156396389,0.4893888831138611,0.36979299783706665,-0.014653852209448814,0.49456357955932617,0.36390307545661926,-0.014832278713583946,0.5117796063423157,0.35139673948287964,-0.02404976263642311,0.44759345054626465,0.404591828584671,-0.004551260266453028,0.4471565783023834,0.35347679257392883,-0.02145323157310486,0.5301744341850281,0.4034493565559387,-0.02580285631120205,0.5029768347740173,0.38002368807792664,-0.01615419052541256,0.4166642129421234,0.3657352924346924,0.020364614203572273,0.4989642798900604,0.3584270179271698,-0.015355020761489868,0.5036596655845642,0.3986856937408447,-0.010314122773706913,0.457040011882782,0.3556777834892273,-0.017495645210146904,0.512005090713501,0.3914165496826172,-0.025098707526922226,0.4325748383998871,0.42500069737434387,0.03952537477016449,0.4896835684776306,0.347951203584671,-0.013736462220549583,0.5180204510688782,0.3858332633972168,-0.030224014073610306,0.4755716919898987,0.4628971815109253,0.020889583975076675,0.4730788767337799,0.47035419940948486,0.03286713361740112,0.4342213273048401,0.4068240821361542,0.014984549023211002,0.46183401346206665,0.454544335603714,0.02239150181412697,0.42856863141059875,0.3503265082836151,-0.007032209541648626,0.5127720832824707,0.47822460532188416,0.01959589496254921,0.5293785929679871,0.40433287620544434,-0.016819844022393227,0.49797767400741577,0.3877803683280945,-0.01405650470405817,0.4378271996974945,0.36812418699264526,-0.009279661811888218,0.47282516956329346,0.3575870394706726,-0.019584640860557556,0.47843557596206665,0.355686753988266,-0.019274253398180008,0.5061520934104919,0.44141799211502075,0.001995665021240711,0.45175644755363464,0.4212919771671295,0.002739673713222146,0.5242152810096741,0.48342806100845337,0.026740532368421555,0.5012935400009155,0.48086440563201904,0.028024205937981606,0.4890252649784088,0.47712764143943787,0.029779590666294098,0.502784252166748,0.28688573837280273,-0.0332099124789238,0.5355861783027649,0.4787720739841461,0.030019106343388557,0.48265600204467773,0.35283103585243225,-0.017852840945124626,0.4864152669906616,0.3498051166534424,-0.015855129808187485,0.488826185464859,0.3484632670879364,-0.014189157634973526,0.43947699666023254,0.3524304926395416,-0.017652643844485283,0.48296400904655457,0.3421439230442047,-0.0185787845402956,0.47702524065971375,0.34081074595451355,-0.021324438974261284,0.47163110971450806,0.3424839675426483,-0.02284100092947483,0.4664934277534485,0.34600958228111267,-0.022843405604362488,0.463395893573761,0.3495495319366455,-0.021593637764453888,0.4164346158504486,0.34500616788864136,0.0061560869216918945,0.46807554364204407,0.35765203833580017,-0.019162621349096298,0.5303621888160706,0.4106069803237915,-0.008567489683628082,0.5107177495956421,0.4198406934738159,-0.00905620213598013,0.5151168704032898,0.4035188853740692,-0.018665378913283348,0.5229023694992065,0.41414815187454224,-0.010609806515276432,0.5128507018089294,0.33437955379486084,-0.022823160514235497,0.48884814977645874,0.46971267461776733,0.021561332046985626,0.5005603432655334,0.47424814105033875,0.021211689338088036,0.5251504778862,0.47884783148765564,0.019307486712932587,0.4581871032714844,0.46022140979766846,0.03754555806517601,0.48756465315818787,0.3457578122615814,-0.015916284173727036,0.5115557909011841,0.3674267530441284,-0.023737693205475807,0.5366507172584534,0.4740976393222809,0.022747768089175224,0.5131732225418091,0.4834918677806854,0.02594318613409996,0.44019702076911926,0.42508262395858765,0.02006594091653824,0.519565224647522,0.4363677203655243,-0.0010324142640456557,0.5193763971328735,0.4390849173069,-0.000774456188082695,0.5192028284072876,0.4424818456172943,-0.0009104812052100897,0.519148051738739,0.44636476039886475,0.0006825497839599848,0.5175830721855164,0.45300841331481934,0.006437189411371946,0.507797122001648,0.43789827823638916,-0.0007269968627952039,0.5067804455757141,0.43750375509262085,-0.0016588967991992831,0.505894660949707,0.4370169937610626,-0.002542101312428713,0.49976593255996704,0.43327999114990234,-0.004150445107370615,0.46576541662216187,0.42361825704574585,-0.004799204878509045,0.5074418187141418,0.3573351204395294,-0.020693466067314148,0.49561452865600586,0.3411233723163605,-0.01642443984746933,0.49025097489356995,0.3423748016357422,-0.016294032335281372,0.5088003277778625,0.438252329826355,0.0006511074025183916,0.4664594531059265,0.44286608695983887,0.009081495925784111,0.5039469003677368,0.34020957350730896,-0.021715059876441956,0.5150256156921387,0.46125757694244385,0.011026706546545029,0.5251717567443848,0.3684161603450775,-0.029398823156952858,0.516254723072052,0.36215493083000183,-0.027301430702209473,0.5214069485664368,0.35846614837646484,-0.026859577745199203,0.5100364089012146,0.3823810815811157,-0.021584291011095047,0.5363309383392334,0.46686017513275146,0.017428845167160034,0.5348668098449707,0.45792242884635925,0.015126978047192097,0.5257996916770935,0.46163851022720337,0.012912080623209476,0.4968782067298889,0.4522324204444885,0.007539065089076757,0.49918827414512634,0.40716007351875305,-0.009295306168496609,0.5053228139877319,0.45796146988868713,0.009789983741939068,0.4831661880016327,0.41208890080451965,-0.012226044200360775,0.494872123003006,0.41798117756843567,-0.00858328677713871,0.47878748178482056,0.4271991550922394,-0.006399199832230806,0.5256459712982178,0.47120895981788635,0.014449936337769032,0.5058119893074036,0.38739487528800964,-0.017370227724313736,0.49134501814842224,0.4606315493583679,0.013116009533405304,0.5023477077484131,0.4658767879009247,0.015269126743078232,0.4900645613670349,0.44465744495391846,0.0028049293905496597,0.4558388292789459,0.4346254765987396,0.009573135524988174,0.4796971082687378,0.4492564797401428,0.006551479920744896,0.44849637150764465,0.44103705883026123,0.023587549105286598,0.4910080134868622,0.43004000186920166,-0.005497494712471962,0.5071325302124023,0.3735698461532593,-0.019676027819514275,0.5177171230316162,0.4015390872955322,-0.026395702734589577,0.5123812556266785,0.40350237488746643,-0.0199086032807827,0.5210639238357544,0.3954886794090271,-0.030390387400984764,0.49051007628440857,0.335823655128479,-0.021714504808187485,0.48026010394096375,0.3339020609855652,-0.026809420436620712,0.4710101783275604,0.3354358673095703,-0.02917296439409256,0.4629707336425781,0.33949458599090576,-0.02893739379942417,0.4569479823112488,0.3451412618160248,-0.026659470051527023,0.45251357555389404,0.3601818382740021,-0.01603962667286396,0.4295959770679474,0.3882143199443817,0.008545022457838058,0.46228164434432983,0.3714192807674408,-0.016191918402910233,0.47095173597335815,0.3718571960926056,-0.01699681393802166,0.47982680797576904,0.3680415749549866,-0.016485346481204033,0.4867357313632965,0.36272159218788147,-0.015247492119669914,0.4914975166320801,0.35808590054512024,-0.013840049505233765,0.4951249659061432,0.3545781373977661,-0.01347008440643549,0.42033496499061584,0.3848159611225128,0.029579224064946175,0.5117599368095398,0.4047790467739105,-0.016495199874043465,0.5151598453521729,0.3763588070869446,-0.026202190667390823,0.5238156318664551,0.40117207169532776,-0.028888363391160965,0.5258520841598511,0.4035422205924988,-0.024306094273924828,0.5226185917854309,0.402222216129303,-0.025936756283044815,0.5129554867744446,0.40608489513397217,-0.012977301143109798,0.5278981328010559,0.4037957191467285,-0.02531210333108902,0.5271555781364441,0.4047248959541321,-0.017649728804826736,0.49271196126937866,0.3478088676929474,-0.01308764424175024,0.4976562559604645,0.3493320047855377,-0.014371393248438835,0.50187748670578,0.3510062098503113,-0.016943490132689476,0.46156617999076843,0.35218968987464905,-0.020015832036733627,0.4572535753250122,0.3507837653160095,-0.021239208057522774,0.5291931629180908,0.3672487735748291,-0.02502574399113655,0.5411667227745056,0.31841304898262024,0.014121939428150654,0.535875141620636,0.3986012041568756,-0.01510243397206068,0.5454996228218079,0.27447497844696045,0.0414910763502121,0.5280051827430725,0.3347977101802826,0.0036107469350099564,0.5336699485778809,0.33266448974609375,0.006278095301240683,0.5388760566711426,0.32984405755996704,0.009722924791276455,0.5427653193473816,0.3204837441444397,0.016700932756066322,0.5235469341278076,0.33523422479629517,0.0016122948145493865,0.5348255634307861,0.30936840176582336,0.0004322904860600829,0.5284145474433899,0.3132179379463196,-0.0027260843198746443,0.5401123762130737,0.3078666031360626,0.004827287048101425,0.5429570078849792,0.30880793929100037,0.008844777941703796,0.5479588508605957,0.32439813017845154,0.022054772824048996,0.5489655137062073,0.44895145297050476,0.029379958286881447,0.5419943332672119,0.31479912996292114,0.016367977485060692,0.5543884038925171,0.3108617961406708,0.053395066410303116,0.5502046346664429,0.31492042541503906,0.028619201853871346,0.5455689430236816,0.3721509277820587,0.007209298200905323,0.5384753346443176,0.4209956228733063,-0.004378492012619972,0.5377776622772217,0.427446186542511,-0.00035538431257009506,0.5423272252082825,0.4192316234111786,0.002162206918001175,0.5447313785552979,0.4184940755367279,0.0088924840092659,0.5409934520721436,0.4246950149536133,0.00409088796004653,0.5432678461074829,0.42262938618659973,0.009794536046683788,0.5478885769844055,0.4226221442222595,0.024173792451620102,0.5375320315361023,0.3962322175502777,-0.026881948113441467,0.5372374653816223,0.38815292716026306,-0.02996247448027134,0.5505146384239197,0.2998396158218384,0.011033914983272552,0.531032383441925,0.355727881193161,-0.0025041706394404173,0.5420922040939331,0.3850058317184448,-0.00810321606695652,0.5402342081069946,0.37983009219169617,-0.007031403947621584,0.557792067527771,0.3614177107810974,0.020799599587917328,0.5333507657051086,0.3771738111972809,-0.028338512405753136,0.5418000221252441,0.3000674247741699,-0.006917097140103579,0.5475543141365051,0.29807111620903015,0.0016148191643878818,0.5421090126037598,0.26246076822280884,0.024000952020287514,0.520811140537262,0.3195635974407196,-0.019599510356783867,0.5230169296264648,0.3187834620475769,-0.002533101011067629,0.5502456426620483,0.41361093521118164,0.025409486144781113,0.5551056265830994,0.387531578540802,0.08776211738586426,0.5395216345787048,0.3917677402496338,-0.006606782786548138,0.5366657972335815,0.39675796031951904,-0.008494796231389046,0.5476257801055908,0.4184059202671051,0.022792169824242592,0.546715259552002,0.4194759428501129,0.01986749656498432,0.5485782623291016,0.2904820144176483,0.003988313023000956,0.5414419770240784,0.3876652419567108,-0.004152707755565643,0.5329971313476562,0.3063606023788452,-0.01429002359509468,0.5332410931587219,0.2985215187072754,-0.01701519452035427,0.5262409448623657,0.25334668159484863,-0.012115512043237686,0.5450542569160461,0.27483558654785156,0.011739075183868408,0.5297039151191711,0.2738388180732727,-0.01615804061293602,0.551302969455719,0.29322195053100586,0.01625840738415718,0.5486304759979248,0.28369030356407166,0.027126718312501907,0.5384052395820618,0.4244745373725891,-0.0029599396511912346,0.5417898893356323,0.4221172034740448,0.002952431794255972,0.5441222190856934,0.420540452003479,0.00883696973323822,0.538494884967804,0.3936288058757782,-0.005943382158875465,0.5471557974815369,0.4189666509628296,0.02107621170580387,0.5460150837898254,0.4223712980747223,0.017169509083032608,0.5462135076522827,0.4200426936149597,0.01944529265165329,0.5395107269287109,0.3918355107307434,-0.015828007832169533,0.5423942804336548,0.4243738055229187,0.011197948828339577,0.540050745010376,0.42677778005599976,0.007187492214143276,0.5369030833244324,0.42952656745910645,0.0034090005792677402,0.5393289923667908,0.4461980164051056,0.014903808943927288,0.5393511652946472,0.4398651123046875,0.007160831708461046,0.5390385389328003,0.43579167127609253,0.005113542079925537,0.5381359457969666,0.4321686625480652,0.005034947767853737,0.5368292927742004,0.4294848144054413,0.004191718064248562,0.5423705577850342,0.42425987124443054,0.011766331270337105,0.5435081720352173,0.4249345362186432,0.012004478834569454,0.5445878505706787,0.42614543437957764,0.01234329491853714,0.5453753471374512,0.42788437008857727,0.014477258548140526,0.5468129515647888,0.4052373170852661,0.010166341438889503,0.5524708032608032,0.3440711498260498,0.08818449825048447,0.544173538684845,0.4222991466522217,0.016185563057661057,0.5451670289039612,0.422239750623703,0.016440583392977715,0.5354617238044739,0.40104252099990845,-0.007418372202664614,0.5401376485824585,0.39278843998908997,0.00015278610226232558,0.5360701084136963,0.3990539014339447,-0.008328527212142944,0.5361102819442749,0.3575073182582855,0.0031224112026393414,0.545550525188446,0.35872265696525574,0.009183712303638458,0.5404747128486633,0.3823789954185486,-0.002725389786064625,0.5364328026771545,0.25486087799072266,0.005548113491386175,0.5392079949378967,0.270844042301178,-0.0024286701809614897,0.5422726273536682,0.2915709912776947,-0.007080054376274347,0.546197772026062,0.4305255711078644,0.02131369337439537,0.5216058492660522,0.30777984857559204,-0.024186117574572563,0.5179771780967712,0.2797303795814514,-0.026115979999303818,0.5132088661193848,0.2560344338417053,-0.025309359654784203,0.5419391989707947,0.32552218437194824,0.013713417574763298,0.553460955619812,0.32789304852485657,0.028572900220751762,0.5208514332771301,0.33493250608444214,0.0009441104484722018,0.5469317436218262,0.30894994735717773,0.016215531155467033,0.5276775360107422,0.35269713401794434,-0.007044128607958555,0.5412677526473999,0.3848126232624054,-0.015724262222647667,0.559548556804657,0.3308676779270172,0.03937198221683502,0.5539210438728333,0.3368903398513794,0.02355208620429039,0.5501853823661804,0.3448072671890259,0.01598089188337326,0.5405946969985962,0.34888070821762085,0.009385592304170132,0.5326654314994812,0.34881576895713806,0.004408450797200203,0.5274873375892639,0.34790387749671936,-0.0005524487351067364,0.521763265132904,0.34670889377593994,-0.019331373274326324,0.563122034072876,0.34912919998168945,0.04187348112463951,0.5500885248184204,0.305679589509964,0.020006684586405754,0.535476565361023,0.40058237314224243,-0.02353050746023655,0.5335429310798645,0.3656373620033264,-0.00294946669600904,0.5488662719726562,0.30684757232666016,0.07447480410337448,0.5236817002296448,0.3463192582130432,-0.004189943894743919,0.5392253398895264,0.3817489743232727,0.003199928905814886,0.5435595512390137,0.3143460750579834,0.018438709899783134,0.5387550592422485,0.3785208761692047,-0.014575483277440071,0.554425835609436,0.3646443784236908,0.0897107720375061,0.5198363065719604,0.3316691219806671,0.0017503425478935242,0.5363636612892151,0.37695449590682983,-0.022563960403203964,0.5580425262451172,0.41707831621170044,0.05526859313249588,0.5550221800804138,0.4240717589855194,0.06818664819002151,0.5607339143753052,0.3459170460700989,0.06571248173713684,0.5603727698326111,0.40209370851516724,0.06293565034866333,0.5513368844985962,0.29590997099876404,0.04170314967632294,0.5498981475830078,0.45538797974586487,0.035826705396175385,0.5337334871292114,0.40215176343917847,-0.015414823777973652,0.5379284620285034,0.3689229190349579,0.0022265154402703047,0.551789402961731,0.314092755317688,0.03669511154294014,0.5374512672424316,0.32465359568595886,0.009078292176127434,0.5328296422958374,0.3277248740196228,0.0060712359845638275,0.5467296242713928,0.42283231019973755,0.019061410799622536,0.5638524889945984,0.3660385310649872,0.04740635305643082,0.5439385771751404,0.4712517559528351,0.035822778940200806,0.5505249500274658,0.45069289207458496,0.05072291940450668,0.5524515509605408,0.4393099546432495,0.058430153876543045,0.5277994275093079,0.3294447660446167,0.0037694680504500866,0.5232760906219482,0.3304547071456909,0.002714196452870965,0.5208130478858948,0.33142659068107605,0.002497553126886487,0.5509998202323914,0.30122148990631104,0.026999304071068764,0.52297443151474,0.32253798842430115,0.0004873530415352434,0.5272645950317383,0.31735488772392273,0.0008588682976551354,0.5324783325195312,0.31422972679138184,0.002992012072354555,0.5372012257575989,0.3130860924720764,0.006542989518493414,0.5397890210151672,0.3135995864868164,0.009875109419226646,0.5477856993675232,0.28836432099342346,0.05917113274335861,0.5399155616760254,0.3214036524295807,0.01199210062623024,0.5432384610176086,0.40402379631996155,0.004191748332232237,0.5401230454444885,0.3909200429916382,-0.009711560793220997,0.5367268919944763,0.4074360728263855,-0.005111464764922857,0.5547932386398315,0.4313241243362427,0.049341462552547455,0.5521655082702637,0.4431218206882477,0.043062202632427216,0.5452924966812134,0.46637672185897827,0.02813396230340004,0.5554802417755127,0.40775159001350403,0.07925960421562195,0.5207827687263489,0.3282163441181183,0.0011220617452636361,0.5286035537719727,0.35935014486312866,-0.016301941126585007,0.5483260154724121,0.46168190240859985,0.04273504018783569,0.5616044998168945,0.3647501766681671,0.06858766078948975,0.5400086641311646,0.42668455839157104,0.007901838980615139,0.5413422584533691,0.428369402885437,0.00845496729016304,0.5423853397369385,0.4308755099773407,0.008824747055768967,0.5430864691734314,0.43425899744033813,0.010895258747041225,0.5435667037963867,0.438703715801239,0.017949841916561127,0.5451132655143738,0.42091095447540283,0.01512409932911396,0.5458850264549255,0.4195079505443573,0.01570703461766243,0.5465003252029419,0.4181351065635681,0.01601622812449932,0.5493438243865967,0.4084431827068329,0.017660880461335182,0.5619056820869446,0.3759753406047821,0.03294401615858078,0.5245804786682129,0.3493054211139679,-0.012916871346533298,0.5178790092468262,0.3291376233100891,-0.00651560490950942,0.5194123387336731,0.32729530334472656,-0.0020054811611771584,0.5441776514053345,0.4224081039428711,0.015903061255812645,0.5612416863441467,0.3937820792198181,0.04722420871257782,0.5171788930892944,0.3331831097602844,-0.0157912690192461,0.5460858941078186,0.4432605504989624,0.023901550099253654,0.5258129835128784,0.3576081097126007,-0.02331601269543171,0.5342703461647034,0.370885968208313,-0.01190139539539814,0.5415118932723999,0.4524463415145874,0.01909695193171501,0.55192631483078,0.4223920702934265,0.030187373980879784,0.5439842343330383,0.3856443464756012,0.007674402557313442,0.549152135848999,0.4332748055458069,0.02767062559723854,0.5544994473457336,0.37726539373397827,0.01484768558293581,0.5495680570602417,0.391180157661438,0.012730710208415985,0.5584587454795837,0.38725546002388,0.024521172046661377,0.5444111824035645,0.4599386155605316,0.02269105240702629,0.5358120799064636,0.3732284605503082,-0.00525566516444087,0.5548850297927856,0.42481550574302673,0.039333000779151917,0.5515212416648865,0.4370913803577423,0.035389769822359085,0.5546506643295288,0.4109589755535126,0.03030531108379364,0.5630664825439453,0.3803974986076355,0.05226115882396698,0.5585699677467346,0.40722596645355225,0.03854832798242569,0.5614099502563477,0.3831127882003784,0.06957386434078217,0.5533315539360046,0.3989444971084595,0.019762488082051277,0.530898928642273,0.3623318076133728,-0.009189680218696594,0.5409577488899231,0.3896273076534271,-0.016983695328235626,0.5417326092720032,0.3888825476169586,-0.009174084290862083,0.5397008061408997,0.38612034916877747,-0.022883089259266853,0.521628737449646,0.3201664388179779,-0.008048739284276962,0.5303212404251099,0.31120574474334717,-0.006655167788267136,0.5380388498306274,0.30645233392715454,-0.0027837485540658236,0.5437045693397522,0.3045029938220978,0.002969668246805668,0.5465480089187622,0.3053920865058899,0.008987157605588436,0.5466066598892212,0.31505918502807617,0.02223883382976055,0.5582348704338074,0.3279653787612915,0.06056050956249237,0.5470583438873291,0.33023497462272644,0.018741171807050705,0.5435782670974731,0.3362974226474762,0.01342689711600542,0.5367327332496643,0.3399096131324768,0.008519134484231472,0.5297331213951111,0.34112611413002014,0.00444001192227006,0.5248205065727234,0.3411673307418823,0.0010215031215921044,0.5217342972755432,0.3408952057361603,-0.0013359497534111142,0.5499576926231384,0.32537004351615906,0.08337109535932541,0.5408378839492798,0.39042383432388306,-0.005969411693513393,0.5321254730224609,0.36825060844421387,-0.018615026026964188,0.5396416187286377,0.392751008272171,-0.0228856410831213,0.5368243455886841,0.39748474955558777,-0.02080680802464485,0.5387439131736755,0.393602192401886,-0.019786328077316284,0.5396094918251038,0.39313608407974243,-0.004162296187132597,0.5365899205207825,0.399074912071228,-0.022471515461802483,0.534998893737793,0.40061506628990173,-0.015251236967742443,0.519011914730072,0.333565354347229,-0.0002371714945184067,0.5187976956367493,0.33821341395378113,-0.004795740358531475,0.5200095772743225,0.34186220169067383,-0.009016862139105797,0.5411513447761536,0.3142712116241455,0.012864339165389538,0.5441872477531433,0.31042513251304626,0.01370368804782629,0.4705536961555481,0.35026755928993225,-0.018695838749408722,0.4773670732975006,0.34730425477027893,-0.018695838749408722,0.4683569073677063,0.3405059576034546,-0.018695838749408722,0.4636113941669464,0.3532649874687195,-0.018695838749408722,0.47281596064567566,0.35993391275405884,-0.018695838749408722,0.5283114314079285,0.3211272954940796,0.006444115191698074,0.534203290939331,0.3187153935432434,0.006444115191698074,0.526192307472229,0.3128637373447418,0.006444115191698074,0.5223768949508667,0.32356882095336914,0.006444115191698074,0.5304865837097168,0.32943886518478394,0.006444115191698074
3200.000000000003,0.5332079529762268,0.4250837564468384,-0.007803044281899929,0.5346404314041138,0.39881765842437744,-0.02886837348341942,0.5305593609809875,0.4049990177154541,-0.01156600657850504,0.5209460258483887,0.3713914155960083,-0.029518339782953262,0.5336178541183472,0.3906952738761902,-0.0324375182390213,0.5298195481300354,0.37877100706100464,-0.03238647058606148,0.517749547958374,0.3472270369529724,-0.024119898676872253,0.4641149342060089,0.35664114356040955,-0.01882205158472061,0.5112660527229309,0.3228241801261902,-0.025259515270590782,0.50923091173172,0.31082332134246826,-0.029502663761377335,0.4962349534034729,0.2625538110733032,-0.033089302480220795,0.5334335565567017,0.4277665615081787,-0.006312533747404814,0.5332080125808716,0.43040674924850464,-0.0038078189827501774,0.5326421856880188,0.43220263719558716,0.00016251273336820304,0.532600462436676,0.4322047829627991,0.0008320051128976047,0.5335165858268738,0.43563881516456604,0.0016536819748580456,0.5341512560844421,0.43968966603279114,0.0016807495849207044,0.5342844128608704,0.4439244270324707,0.004073047079145908,0.53404700756073,0.4512028694152832,0.011965691111981869,0.5337741374969482,0.4023835361003876,-0.025119615718722343,0.5258098840713501,0.4043336808681488,-0.018699554726481438,0.41976478695869446,0.32738322019577026,-0.00929226353764534,0.48493504524230957,0.3571718633174896,-0.017490753903985023,0.4793994426727295,0.3606202304363251,-0.01914787106215954,0.47295162081718445,0.36316466331481934,-0.019674986600875854,0.461209237575531,0.36036309599876404,-0.018187141045928,0.4890853464603424,0.3534228503704071,-0.015006478875875473,0.4706665277481079,0.33690670132637024,-0.02628173492848873,0.47794243693351746,0.3352483808994293,-0.02373928762972355,0.4642447829246521,0.340908944606781,-0.0260204765945673,0.46004435420036316,0.3457476794719696,-0.024463629350066185,0.45669808983802795,0.3686937987804413,-0.01553892157971859,0.5135325193405151,0.47112172842025757,0.013678659684956074,0.4599575400352478,0.3543745279312134,-0.01811038702726364,0.42663881182670593,0.36893031001091003,0.0019445422803983092,0.44568344950675964,0.36506882309913635,-0.013577220030128956,0.49201303720474243,0.3980906903743744,-0.01414202805608511,0.5257229804992676,0.4266207218170166,-0.009987754747271538,0.526177704334259,0.4328460097312927,-0.005532470997422934,0.5175685286521912,0.431416779756546,-0.009160732850432396,0.5112130045890808,0.43479400873184204,-0.006684217602014542,0.5190677642822266,0.4350879192352295,-0.005786857567727566,0.5129506587982178,0.4368124008178711,-0.003389041405171156,0.5029982328414917,0.4470968544483185,0.0039592767134308815,0.5298519730567932,0.4007079005241394,-0.0299054104834795,0.5280840396881104,0.39297592639923096,-0.03352195769548416,0.45096319913864136,0.3439910411834717,-0.028659816831350327,0.4993733763694763,0.37084731459617615,-0.01635606773197651,0.5100194215774536,0.4012056887149811,-0.021117353811860085,0.5076659321784973,0.3959461748600006,-0.020434696227312088,0.46970242261886597,0.40404587984085083,-0.014717302285134792,0.5245693325996399,0.38165584206581116,-0.03277159482240677,0.4695543646812439,0.3305175304412842,-0.034481897950172424,0.45897653698921204,0.33605721592903137,-0.03292136639356613,0.4275481700897217,0.3096916973590851,-0.021534690633416176,0.49879664182662964,0.32995355129241943,-0.028623221442103386,0.48429247736930847,0.33669281005859375,-0.019458109512925148,0.49724605679512024,0.44171029329299927,0.0009860326535999775,0.44343817234039307,0.4454357922077179,0.04008060693740845,0.5148929953575134,0.4045279026031494,-0.016218796372413635,0.52028888463974,0.40505117177963257,-0.0134089644998312,0.5019999742507935,0.4391241669654846,0.0016894381260499358,0.5036183595657349,0.43904757499694824,0.0012935262639075518,0.45350074768066406,0.3314434885978699,-0.03276219964027405,0.5089261531829834,0.40392789244651794,-0.016899578273296356,0.48285192251205444,0.3282738924026489,-0.033154964447021484,0.48105818033218384,0.3213929533958435,-0.036371201276779175,0.4580904245376587,0.280453622341156,-0.03799517825245857,0.44072428345680237,0.3199426233768463,-0.028774283826351166,0.4698601961135864,0.2990249991416931,-0.038324397057294846,0.44415926933288574,0.34072908759117126,-0.026178905740380287,0.43249744176864624,0.3344500958919525,-0.01882200501859188,0.5260162949562073,0.4300398528575897,-0.008528108708560467,0.5183696746826172,0.43333855271339417,-0.0076909177005290985,0.5120993256568909,0.4358164668083191,-0.005414932034909725,0.5161173939704895,0.40519267320632935,-0.013855955563485622,0.5028484463691711,0.4390856623649597,0.0015550899552181363,0.5071040391921997,0.44043129682540894,0.000704787322320044,0.5044087171554565,0.4389990270137787,0.0013901687925681472,0.5199466943740845,0.4023624062538147,-0.024763714522123337,0.5135105848312378,0.4375469982624054,-0.0013328216737136245,0.5195531845092773,0.43623340129852295,-0.002102554077282548,0.5261310935020447,0.43451476097106934,-0.0018691011937335134,0.5264914631843567,0.4542253911495209,0.009542339481413364,0.5270562767982483,0.44654935598373413,0.0014901290414854884,0.5269285440444946,0.44216930866241455,-0.0007417338783852756,0.5266137719154358,0.4379763603210449,-0.0006921314052306116,0.5261577367782593,0.43457382917404175,-0.0012459297431632876,0.5135500431060791,0.43767863512039185,-0.0008333161822520196,0.5130596160888672,0.4393371641635895,-0.0005991472280584276,0.5124063491821289,0.4416651427745819,-0.0007428640383295715,0.5118703246116638,0.44423025846481323,0.0003653207386378199,0.5049645900726318,0.42674556374549866,-0.007783163338899612,0.42496004700660706,0.4047083258628845,0.035084400326013565,0.5323602557182312,0.4038187265396118,-0.01664288341999054,0.5088149309158325,0.43847790360450745,0.0003711925237439573,0.5080395340919495,0.4393457770347595,0.0005815114127472043,0.522962212562561,0.40734198689460754,-0.012302091345191002,0.5106226205825806,0.40748557448387146,-0.009970773011446,0.5217132568359375,0.4062564969062805,-0.01309612113982439,0.4935896098613739,0.3777560293674469,-0.0155075928196311,0.48446282744407654,0.38788366317749023,-0.016123613342642784,0.5061765313148499,0.3992864489555359,-0.01653602160513401,0.4397929310798645,0.29395246505737305,-0.03150874376296997,0.4525907039642334,0.30788177251815796,-0.03491387516260147,0.46599528193473816,0.3241969645023346,-0.036157771944999695,0.5099048614501953,0.45118245482444763,0.004706870764493942,0.4960784316062927,0.3192313611507416,-0.03390003740787506,0.48622259497642517,0.29297953844070435,-0.03741495683789253,0.4762187600135803,0.2706161141395569,-0.03809981048107147,0.4660841226577759,0.36338967084884644,-0.01910242810845375,0.45001834630966187,0.3780902028083801,-0.013167735189199448,0.49167031049728394,0.35054701566696167,-0.013835751451551914,0.45350414514541626,0.35226914286613464,-0.02201911062002182,0.5034451484680176,0.3643222451210022,-0.01811828464269638,0.5152042508125305,0.39806827902793884,-0.026311757043004036,0.4420165717601776,0.38623079657554626,-0.00791929941624403,0.4583755135536194,0.38335487246513367,-0.015654560178518295,0.4696924388408661,0.3839114010334015,-0.01731397770345211,0.4822632372379303,0.37718188762664795,-0.01604771800339222,0.4897511601448059,0.3697781264781952,-0.014847557060420513,0.4949013292789459,0.363844633102417,-0.014928564429283142,0.5122060179710388,0.35127976536750793,-0.023978667333722115,0.4475516080856323,0.40481334924697876,-0.0052290721796453,0.44711750745773315,0.3534081280231476,-0.02181989885866642,0.5307947993278503,0.4035986065864563,-0.025991441681981087,0.5032394528388977,0.3801559805870056,-0.016319578513503075,0.4163990616798401,0.3657512962818146,0.019864380359649658,0.49928414821624756,0.3583458364009857,-0.015375870279967785,0.5038896203041077,0.39901065826416016,-0.010575391352176666,0.4570409953594208,0.35558316111564636,-0.01781451143324375,0.5124087929725647,0.3915601074695587,-0.025317367166280746,0.4321707785129547,0.42525655031204224,0.038786545395851135,0.48984917998313904,0.347870409488678,-0.013725008815526962,0.5185545086860657,0.385871022939682,-0.030398817732930183,0.4753550887107849,0.4636741876602173,0.020036764442920685,0.47272151708602905,0.47109365463256836,0.03200610727071762,0.43401864171028137,0.40700602531433105,0.01429146807640791,0.46155765652656555,0.4551589787006378,0.021536922082304955,0.4284549057483673,0.35026758909225464,-0.007412043400108814,0.512721061706543,0.4792718291282654,0.018822645768523216,0.5299345850944519,0.4045315682888031,-0.01698872819542885,0.49819886684417725,0.3879876434803009,-0.014296965673565865,0.43774524331092834,0.36815062165260315,-0.009742979891598225,0.47302764654159546,0.3576929569244385,-0.019815988838672638,0.47868016362190247,0.35577869415283203,-0.019455639645457268,0.5062160491943359,0.44165998697280884,0.0013263447908684611,0.4516732096672058,0.4216230809688568,0.002002167981117964,0.5241366624832153,0.4844801425933838,0.026026587933301926,0.501065731048584,0.4818558692932129,0.027205241844058037,0.48874029517173767,0.47801461815834045,0.028937507420778275,0.5032347440719604,0.28660863637924194,-0.032691579312086105,0.5355663299560547,0.47977253794670105,0.029435429722070694,0.48289379477500916,0.35287946462631226,-0.017970236018300056,0.4866192936897278,0.34978508949279785,-0.015914661809802055,0.4890042543411255,0.34839898347854614,-0.0142047218978405,0.43932798504829407,0.35236483812332153,-0.018033746629953384,0.4831187129020691,0.3419521152973175,-0.0186157263815403,0.47716498374938965,0.3405650556087494,-0.02142230235040188,0.47174736857414246,0.3422381579875946,-0.023000406101346016,0.4665605127811432,0.34579670429229736,-0.023063691332936287,0.46343502402305603,0.349379301071167,-0.021847687661647797,0.41619959473609924,0.34495869278907776,0.005761272273957729,0.4682127833366394,0.35772621631622314,-0.01942688226699829,0.5308493971824646,0.41094425320625305,-0.008776235394179821,0.511036217212677,0.42036086320877075,-0.009492700919508934,0.5154998898506165,0.4037725031375885,-0.01889646239578724,0.523330569267273,0.4145403504371643,-0.010917901992797852,0.5132565498352051,0.33419302105903625,-0.0225992389023304,0.4886622428894043,0.4706345796585083,0.020717959851026535,0.500422477722168,0.475254088640213,0.020398644730448723,0.5251973867416382,0.4798983633518219,0.01860785484313965,0.45775625109672546,0.46081244945526123,0.036684442311525345,0.48772862553596497,0.34564584493637085,-0.015922654420137405,0.511976420879364,0.36739781498908997,-0.023786231875419617,0.5367711186408997,0.47508934140205383,0.022176256403326988,0.5130257606506348,0.48454222083091736,0.02515377663075924,0.43993890285491943,0.4253740906715393,0.019307442009449005,0.5196104645729065,0.4363420009613037,-0.001539950491860509,0.5194823741912842,0.4391023516654968,-0.0013078514020889997,0.5193654298782349,0.44254612922668457,-0.0014768334804102778,0.5193728804588318,0.4465135633945465,8.81313972058706e-05,0.5177837014198303,0.453931599855423,0.005796812940388918,0.5077770352363586,0.4380037486553192,-0.0013095821486786008,0.5067564845085144,0.4376046657562256,-0.002268939046189189,0.5058630108833313,0.43711891770362854,-0.003166076261550188,0.5000348091125488,0.4340808093547821,-0.004787701182067394,0.4658207893371582,0.4240061342716217,-0.00547841377556324,0.5077998042106628,0.3572777509689331,-0.02068704180419445,0.49579912424087524,0.340950608253479,-0.01631000079214573,0.4904059171676636,0.34222710132598877,-0.01624748855829239,0.5087791681289673,0.43836402893066406,7.879904296714813e-05,0.4663658142089844,0.44343680143356323,0.008302229456603527,0.5042034387588501,0.34001314640045166,-0.021572403609752655,0.5151252746582031,0.4622228145599365,0.010348555631935596,0.525782585144043,0.36831220984458923,-0.029384812340140343,0.5167549848556519,0.36205798387527466,-0.027280783280730247,0.5219534635543823,0.3583360016345978,-0.026771659031510353,0.5104051828384399,0.38247814774513245,-0.02172762341797352,0.5365118384361267,0.4678139388561249,0.01688518561422825,0.5350889563560486,0.4588298499584198,0.014628593809902668,0.5259678959846497,0.4625870883464813,0.012318950146436691,0.4969314634799957,0.45320889353752136,0.006781912408769131,0.49939975142478943,0.407550185918808,-0.009656667709350586,0.5053777694702148,0.458950936794281,0.009059815667569637,0.48337799310684204,0.4124254882335663,-0.012722128070890903,0.4951039254665375,0.4184572100639343,-0.009077060967683792,0.47892603278160095,0.42768633365631104,-0.007027580868452787,0.5257608294487,0.4722123146057129,0.013783096335828304,0.50608891248703,0.3875771760940552,-0.017565475776791573,0.49127086997032166,0.46156758069992065,0.012306934222579002,0.5023043751716614,0.46686670184135437,0.014500321820378304,0.49015435576438904,0.44554078578948975,0.002051076153293252,0.45569664239883423,0.4350739121437073,0.008793966844677925,0.47966331243515015,0.4500162899494171,0.005771077238023281,0.44818711280822754,0.4414735734462738,0.022754285484552383,0.49122461676597595,0.43070846796035767,-0.0061163706704974174,0.5074677467346191,0.3736226558685303,-0.019786104559898376,0.518192708492279,0.4017150104045868,-0.026645684614777565,0.5127485394477844,0.40376919507980347,-0.020179519429802895,0.5216430425643921,0.3955724835395813,-0.03061259537935257,0.4906767010688782,0.33556920289993286,-0.021630151197314262,0.48042139410972595,0.333637535572052,-0.026830103248357773,0.47115159034729004,0.33517515659332275,-0.029309025034308434,0.46306219696998596,0.3392774164676666,-0.029172290116548538,0.4569823145866394,0.3449721932411194,-0.026948124170303345,0.4525105953216553,0.36015719175338745,-0.016402825713157654,0.42942214012145996,0.38830214738845825,0.007922866381704807,0.46243709325790405,0.37150660157203674,-0.016575409099459648,0.4712100923061371,0.3719486892223358,-0.01733296364545822,0.48013439774513245,0.36809149384498596,-0.01674227975308895,0.4870345890522003,0.3627171814441681,-0.015399893745779991,0.49176111817359924,0.3580271005630493,-0.01390107162296772,0.4953690469264984,0.35449784994125366,-0.013472993858158588,0.4200248122215271,0.3849124014377594,0.028999904170632362,0.5120935440063477,0.40510016679763794,-0.016763580963015556,0.5156410932540894,0.37635859847068787,-0.026308076456189156,0.5244033336639404,0.4012969732284546,-0.029108615592122078,0.5264080762863159,0.4037236273288727,-0.024500802159309387,0.523152768611908,0.4023864269256592,-0.026153866201639175,0.5132928490638733,0.4064362943172455,-0.013230131939053535,0.5284851789474487,0.4039616286754608,-0.0255072470754385,0.5276881456375122,0.4049372971057892,-0.01783069036900997,0.4928866922855377,0.3477155566215515,-0.013043338432908058,0.4978805482387543,0.3492232859134674,-0.014300970360636711,0.5021746754646301,0.3508932590484619,-0.01688443496823311,0.4615868628025055,0.3520565927028656,-0.020292364060878754,0.4572589099407196,0.3506564497947693,-0.021536406129598618,0.5297994017601013,0.36715272068977356,-0.024927422404289246,0.5411534309387207,0.31843796372413635,0.014988699927926064,0.5364776849746704,0.39876508712768555,-0.01517398189753294,0.5451973676681519,0.27479287981987,0.04290521889925003,0.5281299352645874,0.33486199378967285,0.004221704788506031,0.5337837338447571,0.33278360962867737,0.006956566125154495,0.5389231443405151,0.32997095584869385,0.01047584693878889,0.5426920056343079,0.3205842673778534,0.017582383006811142,0.5236737132072449,0.33516937494277954,0.0021442307624965906,0.5347571969032288,0.30878716707229614,0.0011940167751163244,0.5283659100532532,0.31260359287261963,-0.0020520081743597984,0.5400347113609314,0.30742746591567993,0.005660947412252426,0.542870283126831,0.30855217576026917,0.00972999818623066,0.5478203892707825,0.32466086745262146,0.022957241162657738,0.5490487217903137,0.4497995376586914,0.02915683574974537,0.5418967604637146,0.31474995613098145,0.017276829108595848,0.5538807511329651,0.3113284707069397,0.05464988574385643,0.5499109625816345,0.3152826726436615,0.029654299840331078,0.5458299517631531,0.3724062442779541,0.007585529237985611,0.5383733510971069,0.4205431640148163,-0.004567917436361313,0.5377341508865356,0.4272748529911041,-0.0005536960670724511,0.5422642230987549,0.4189133942127228,0.0020723647903651,0.544681191444397,0.41838300228118896,0.008863893337547779,0.5409315824508667,0.42459169030189514,0.003969958983361721,0.5431948304176331,0.4226083755493164,0.009720717556774616,0.5480808615684509,0.4236106872558594,0.024135956540703773,0.5382468700408936,0.3962899148464203,-0.026970095932483673,0.5379744172096252,0.3881460726261139,-0.030007503926753998,0.5502757430076599,0.30000627040863037,0.012088429182767868,0.531369149684906,0.3557617664337158,-0.0021563954651355743,0.5426870584487915,0.38512369990348816,-0.007953507825732231,0.5407966375350952,0.3799186944961548,-0.006846541538834572,0.5577980279922485,0.3618277907371521,0.021467426791787148,0.534037172794342,0.3771054148674011,-0.028306780382990837,0.5417611598968506,0.2995690107345581,-0.00607824232429266,0.5474151372909546,0.29790472984313965,0.002582443645223975,0.541985034942627,0.2626456022262573,0.025364894419908524,0.5210080742835999,0.3185521066188812,-0.019144030287861824,0.5230165719985962,0.31826627254486084,-0.0019291593926027417,0.5504207611083984,0.4145941734313965,0.025503335520625114,0.5542555451393127,0.38818007707595825,0.08848650008440018,0.5400990843772888,0.39194047451019287,-0.0065306201577186584,0.5372271537780762,0.39695683121681213,-0.008537381887435913,0.5475302338600159,0.4187098741531372,0.02282048761844635,0.5466271042823792,0.41972923278808594,0.019844748079776764,0.5484151244163513,0.2905285358428955,0.005044275429099798,0.542000412940979,0.38786622881889343,-0.004016656894236803,0.5330853462219238,0.30551421642303467,-0.013629979453980923,0.5333637595176697,0.2977953255176544,-0.016309913247823715,0.526449978351593,0.2532668113708496,-0.011059574782848358,0.5450899004936218,0.2749297618865967,0.012966909445822239,0.5300382971763611,0.2736780643463135,-0.015241997316479683,0.5510417222976685,0.2936055064201355,0.017409909516572952,0.5485048890113831,0.2839164435863495,0.02843651920557022,0.5383416414260864,0.42416825890541077,-0.0031591723673045635,0.5417306423187256,0.4219232201576233,0.002841866808012128,0.5440599918365479,0.4204818606376648,0.00877678394317627,0.5390518307685852,0.393838495016098,-0.005907630082219839,0.5470646023750305,0.41924381256103516,0.02107362449169159,0.5459883213043213,0.42261484265327454,0.017070375382900238,0.5461230874061584,0.4202806055545807,0.019409513100981712,0.5401502847671509,0.39192643761634827,-0.015773432329297066,0.5423058271408081,0.42439910769462585,0.011115987785160542,0.5399841070175171,0.4267452657222748,0.007065731566399336,0.5368617177009583,0.4294363856315613,0.003222130937501788,0.5395708680152893,0.44705259799957275,0.014544953592121601,0.5394842624664307,0.4400232136249542,0.006833439692854881,0.5391167998313904,0.4358378052711487,0.004811041988432407,0.5381554961204529,0.4321526288986206,0.004760533571243286,0.5367936491966248,0.4294031858444214,0.003927419427782297,0.5422850847244263,0.42433419823646545,0.011626679450273514,0.5434712171554565,0.42507830262184143,0.0118470573797822,0.5445958375930786,0.42634910345077515,0.012173262424767017,0.5454276204109192,0.42817190289497375,0.014313536696135998,0.5471459031105042,0.4058443307876587,0.010228428058326244,0.5515882968902588,0.3446851670742035,0.08927567303180695,0.5440857410430908,0.422446608543396,0.016098374500870705,0.5451189279556274,0.4224344789981842,0.016340596601366997,0.5360053777694702,0.40127134323120117,-0.007497824262827635,0.5406361222267151,0.39308875799179077,0.00022120377980172634,0.5366258025169373,0.3992650508880615,-0.008389176800847054,0.5363946557044983,0.35761237144470215,0.0035380800254642963,0.5457372069358826,0.35895800590515137,0.009701797738671303,0.5410007834434509,0.382537305355072,-0.0025412181857973337,0.5364716053009033,0.2549140453338623,0.006775112356990576,0.5393952131271362,0.27081233263015747,-0.0013331386726349592,0.5422555208206177,0.29125165939331055,-0.006161830388009548,0.5463784337043762,0.43144768476486206,0.021180957555770874,0.5218392610549927,0.3067608177661896,-0.023668935522437096,0.5183883905410767,0.2795008420944214,-0.025395795702934265,0.5135402083396912,0.25583934783935547,-0.024473702535033226,0.541933536529541,0.32566726207733154,0.014540480449795723,0.5532587766647339,0.32828351855278015,0.029529115185141563,0.5209659934043884,0.33476522564888,0.0014561122516170144,0.5467487573623657,0.3090363144874573,0.017205476760864258,0.5280489325523376,0.3526763617992401,-0.006734299007803202,0.5419052243232727,0.38486334681510925,-0.01561892218887806,0.5592585206031799,0.331282377243042,0.04040495678782463,0.5537908673286438,0.3372049927711487,0.02441002056002617,0.5501226782798767,0.34497833251953125,0.016699759289622307,0.5406209230422974,0.3489260673522949,0.009954125620424747,0.5327596068382263,0.3487538695335388,0.004881750326603651,0.5276312828063965,0.34772035479545593,-0.00014940343680791557,0.5222188234329224,0.3465731143951416,-0.019096331670880318,0.5628487467765808,0.34961265325546265,0.04279974102973938,0.5498386025428772,0.30595049262046814,0.021077139303088188,0.5361373424530029,0.4007130265235901,-0.02364068664610386,0.5339500904083252,0.36569273471832275,-0.0026623879093676805,0.5481181144714355,0.30740052461624146,0.07580585032701492,0.5238562226295471,0.34603187441825867,-0.0038210581988096237,0.5396863222122192,0.38194864988327026,0.003403896000236273,0.5434262752532959,0.314363956451416,0.019376449286937714,0.5393574237823486,0.37853989005088806,-0.014434156939387321,0.5535328388214111,0.36526209115982056,0.09063620865345001,0.5199282169342041,0.33149832487106323,0.002305184956640005,0.5370116233825684,0.37692245841026306,-0.02247019298374653,0.5576398372650146,0.4178180694580078,0.05557546019554138,0.5544047951698303,0.42481788992881775,0.06849164515733719,0.5601584315299988,0.3464697599411011,0.06676053255796432,0.5598394870758057,0.4027769863605499,0.06345124542713165,0.5510297417640686,0.2962579131126404,0.04300648346543312,0.5499118566513062,0.4562493562698364,0.035595107823610306,0.534329891204834,0.40233302116394043,-0.015536177903413773,0.5382766127586365,0.3690689206123352,0.002547326497733593,0.5514951348304749,0.3145824074745178,0.037820782512426376,0.5375432968139648,0.3247699439525604,0.009851492941379547,0.5329545736312866,0.3278571367263794,0.006781307980418205,0.5467159152030945,0.4231303632259369,0.018984725698828697,0.5635107159614563,0.3665880858898163,0.04820568487048149,0.5439026355743408,0.47220391035079956,0.035401929169893265,0.5502541661262512,0.4515255391597748,0.05064709484577179,0.5520175695419312,0.4401063024997711,0.058530379086732864,0.527935802936554,0.3295380473136902,0.004413781687617302,0.5233975052833557,0.3304356634616852,0.0033079746644943953,0.5209165811538696,0.33130326867103577,0.0030683455988764763,0.5507221221923828,0.30166611075401306,0.028158435598015785,0.5230183005332947,0.3222655951976776,0.0011217048158869147,0.5272870063781738,0.31699541211128235,0.0015422472497448325,0.532498836517334,0.3138188421726227,0.0037428743671625853,0.5372121334075928,0.31272485852241516,0.007354112342000008,0.5397790670394897,0.31335949897766113,0.010727481916546822,0.547274112701416,0.28880569338798523,0.06056936830282211,0.5399647355079651,0.32148340344429016,0.012820400297641754,0.5436651706695557,0.40448564291000366,0.004211396910250187,0.5407225489616394,0.3910531997680664,-0.009634815156459808,0.5372271537780762,0.4077911674976349,-0.005231260787695646,0.5545516610145569,0.4321037828922272,0.04943247139453888,0.5520434975624084,0.443936824798584,0.04298309609293938,0.5454108715057373,0.4673050045967102,0.02772441878914833,0.5547282695770264,0.4084453284740448,0.07977806776762009,0.5208579897880554,0.32801946997642517,0.0017135748639702797,0.5291018486022949,0.3592817485332489,-0.01609220542013645,0.5481998324394226,0.46256864070892334,0.04248534142971039,0.5609934329986572,0.3653392493724823,0.06948117166757584,0.539944589138031,0.4266780614852905,0.007707823533564806,0.5413308143615723,0.42843160033226013,0.008248982019722462,0.5424208045005798,0.43101149797439575,0.008602399379014969,0.5431849956512451,0.43451717495918274,0.010663445107638836,0.5437682867050171,0.43957996368408203,0.017716163769364357,0.5450316667556763,0.42100468277931213,0.015086319297552109,0.5458076000213623,0.4196111261844635,0.0156930610537529,0.5464261174201965,0.4182344973087311,0.01602899841964245,0.5495845079421997,0.4092661142349243,0.01776926964521408,0.5617260336875916,0.3765195906162262,0.033565834164619446,0.5249952077865601,0.3492199778556824,-0.012641717679798603,0.5180087089538574,0.3286832273006439,-0.00605774438008666,0.5194901823997498,0.3269311785697937,-0.0014582552248612046,0.5440800189971924,0.42251384258270264,0.015854498371481895,0.5609021186828613,0.3944426476955414,0.04774101451039314,0.5173680186271667,0.3325304090976715,-0.015443439595401287,0.5462072491645813,0.4441272020339966,0.023670945316553116,0.5263522267341614,0.3574908971786499,-0.02315654046833515,0.5347907543182373,0.3708922564983368,-0.011711832135915756,0.5417112708091736,0.45333054661750793,0.018712271004915237,0.5520030856132507,0.4232847988605499,0.03020518459379673,0.5443651676177979,0.3859498202800751,0.007899826392531395,0.5492422580718994,0.4341573119163513,0.027558375149965286,0.5546017289161682,0.37767916917800903,0.01528296247124672,0.5498216152191162,0.39164450764656067,0.012968378141522408,0.558428943157196,0.38783007860183716,0.024952754378318787,0.5445870161056519,0.46084389090538025,0.02229885943233967,0.5362966656684875,0.3732869625091553,-0.005034418310970068,0.5548057556152344,0.42562276124954224,0.03941319137811661,0.5515075325965881,0.43792277574539185,0.03530431166291237,0.5547045469284058,0.41182270646095276,0.03048914670944214,0.5626626014709473,0.3810082674026489,0.05293828994035721,0.5584002733230591,0.40797749161720276,0.03885161504149437,0.5608009696006775,0.3837358355522156,0.07030294090509415,0.5534675121307373,0.3996506929397583,0.020007167011499405,0.5313515663146973,0.36232107877731323,-0.00893839355558157,0.5416030287742615,0.38969871401786804,-0.016910476610064507,0.5423333048820496,0.3890188932418823,-0.009075980633497238,0.5403960943222046,0.3861289620399475,-0.02284351736307144,0.5217128992080688,0.31951454281806946,-0.007493551354855299,0.5303342938423157,0.3105056583881378,-0.00597640173509717,0.5380115509033203,0.3059051036834717,-0.002001884626224637,0.543634295463562,0.30418282747268677,0.003849778790026903,0.5464168787002563,0.3052791655063629,0.00994095578789711,0.5463918447494507,0.31525346636772156,0.023212259635329247,0.5576803684234619,0.32848015427589417,0.061735060065984726,0.5469826459884644,0.3304397761821747,0.019577406346797943,0.5435739159584045,0.33645132184028625,0.014155742712318897,0.536806583404541,0.33999165892601013,0.009138349443674088,0.5298527479171753,0.34111592173576355,0.0049790129996836185,0.5249630808830261,0.3410393297672272,0.001482117222622037,0.5218945741653442,0.34066495299339294,-0.0009136038715951145,0.5490997433662415,0.3259621858596802,0.08460107445716858,0.5414125919342041,0.3906199336051941,-0.005875744856894016,0.5326992273330688,0.3681948184967041,-0.018457382917404175,0.5403376221656799,0.3928070664405823,-0.022896265611052513,0.5374631285667419,0.39761608839035034,-0.02088192291557789,0.5394015908241272,0.3936913013458252,-0.01979183778166771,0.5401448011398315,0.3933897614479065,-0.004110314417630434,0.5372440218925476,0.3992031216621399,-0.02256818860769272,0.5355984568595886,0.40078866481781006,-0.015349066816270351,0.5191059708595276,0.33332210779190063,0.0002578860439825803,0.5189568996429443,0.33788052201271057,-0.004391125403344631,0.5201989412307739,0.3414560556411743,-0.008680311031639576,0.5410943627357483,0.3141312599182129,0.013744199648499489,0.5440596342086792,0.3103629946708679,0.014629882760345936,0.4706013798713684,0.35024699568748474,-0.018850650638341904,0.47744762897491455,0.34726017713546753,-0.018850650638341904,0.46834617853164673,0.34043562412261963,-0.018850650638341904,0.46362343430519104,0.35326331853866577,-0.018850650638341904,0.4729216694831848,0.35995736718177795,-0.018850650638341904,0.5285612940788269,0.3208843469619751,0.007172513287514448,0.5346171259880066,0.318450927734375,0.007172513287514448,0.5264040231704712,0.31255289912223816,0.007172513287514448,0.5224234461784363,0.3233214020729065,0.007172513287514448,0.5307536721229553,0.32922983169555664,0.007172513287514448
3233.3333333333367,0.5344700217247009,0.4239177405834198,-0.008648453280329704,0.53400057554245,0.3972378671169281,-0.029541295021772385,0.530280590057373,0.4035920798778534,-0.012124991044402122,0.5205342769622803,0.369966596364975,-0.02965710684657097,0.5329849720001221,0.38910746574401855,-0.03305913135409355,0.529319703578949,0.37725818157196045,-0.03284433111548424,0.5177015662193298,0.3460046052932739,-0.023918993771076202,0.4647184908390045,0.3549891412258148,-0.01770722307264805,0.5114284753799438,0.3217097818851471,-0.024765340611338615,0.5094543695449829,0.3097068667411804,-0.0288741085678339,0.4969410300254822,0.261734277009964,-0.031792476773262024,0.5346304178237915,0.426725834608078,-0.007195319049060345,0.5342817902565002,0.429460734128952,-0.004687030334025621,0.5335597395896912,0.43132689595222473,-0.000708992884028703,0.5335443019866943,0.4314129054546356,0.00010621738329064101,0.5345197319984436,0.4348945617675781,0.0008669314556755126,0.5351542234420776,0.4389626681804657,0.0008576146210543811,0.535208523273468,0.44323498010635376,0.0032625566236674786,0.5341484546661377,0.4509405195713043,0.011248022317886353,0.5332069993019104,0.4008501172065735,-0.0257884431630373,0.5253528356552124,0.40281012654304504,-0.019193734973669052,0.420280396938324,0.32639819383621216,-0.006954822223633528,0.48499011993408203,0.35592272877693176,-0.01673119328916073,0.47951722145080566,0.3591953217983246,-0.018320687115192413,0.4731711745262146,0.3617292046546936,-0.01874835044145584,0.46173638105392456,0.35892561078071594,-0.01705794408917427,0.48917675018310547,0.3524028956890106,-0.014286193996667862,0.47143080830574036,0.33591362833976746,-0.02528982050716877,0.4786399304866791,0.33443087339401245,-0.022823473438620567,0.4650461673736572,0.3397369384765625,-0.024941500276327133,0.4608098268508911,0.34445902705192566,-0.023319492116570473,0.4569510519504547,0.36747854948043823,-0.014364048838615417,0.5132046937942505,0.47069495916366577,0.013116709887981415,0.46067380905151367,0.3528612554073334,-0.01690954528748989,0.42701393365859985,0.36769789457321167,0.0038349893875420094,0.44613415002822876,0.3638384938240051,-0.012146334163844585,0.4917292594909668,0.3969320058822632,-0.013851458206772804,0.5267598628997803,0.42543652653694153,-0.010701130144298077,0.526982307434082,0.43198490142822266,-0.006298864260315895,0.5180419683456421,0.43037718534469604,-0.009730467572808266,0.5111085176467896,0.43382528424263,-0.0071148197166621685,0.5194502472877502,0.4342857003211975,-0.0064213513396680355,0.5128646492958069,0.43602773547172546,-0.003887712489813566,0.5030163526535034,0.4463239908218384,0.0036821323446929455,0.5291543006896973,0.3990940749645233,-0.030522869899868965,0.5273842811584473,0.3913736939430237,-0.03407568112015724,0.4519394636154175,0.3425552546977997,-0.027219023555517197,0.4992384612560272,0.3697734773159027,-0.015969304367899895,0.5095556974411011,0.3998054563999176,-0.02132386341691017,0.5072686076164246,0.3946199119091034,-0.020558027550578117,0.46941226720809937,0.40286651253700256,-0.014035514555871487,0.5240087509155273,0.3801364004611969,-0.03312985971570015,0.4706852436065674,0.32953891158103943,-0.03331359848380089,0.4600566029548645,0.33474037051200867,-0.03157573938369751,0.4279894530773163,0.3086453378200531,-0.019290750846266747,0.49959060549736023,0.3299724757671356,-0.027931910008192062,0.4848334789276123,0.33595460653305054,-0.01860811747610569,0.4972541928291321,0.4407363533973694,0.0008739519980736077,0.443973183631897,0.44434061646461487,0.04111699014902115,0.5144779682159424,0.40310245752334595,-0.01647917367517948,0.5199177265167236,0.4036825895309448,-0.013801760040223598,0.5009765625,0.43823304772377014,0.0014979924308136106,0.5027027130126953,0.43818575143814087,0.0010279183043166995,0.45476266741752625,0.3299890160560608,-0.031248237937688828,0.5085574388504028,0.40263524651527405,-0.017098065465688705,0.4839167594909668,0.32786405086517334,-0.03220929577946663,0.4822404682636261,0.32082971930503845,-0.03535425290465355,0.4585208594799042,0.27944308519363403,-0.03623461350798607,0.44084030389785767,0.31857365369796753,-0.02690475806593895,0.470002144575119,0.2977657914161682,-0.036898113787174225,0.4452258348464966,0.3391924798488617,-0.024552319198846817,0.4327086806297302,0.3331264555454254,-0.01682772859930992,0.5269622802734375,0.42903611063957214,-0.00928228534758091,0.5188251733779907,0.4324168860912323,-0.00830757524818182,0.5120257139205933,0.43493539094924927,-0.00589807890355587,0.5157471299171448,0.4038231372833252,-0.014138389378786087,0.5018891096115112,0.4382058382034302,0.0013229382457211614,0.5064354538917542,0.4396095871925354,0.0003435575927142054,0.5035099983215332,0.43815696239471436,0.001116181374527514,0.5193697810173035,0.4007859528064728,-0.025136763229966164,0.5133559107780457,0.4368113577365875,-0.0018480848520994186,0.5198324918746948,0.43550100922584534,-0.0027418623212724924,0.5267849564552307,0.4337250292301178,-0.002627311972901225,0.5264613032341003,0.4538901150226593,0.008922237902879715,0.527614176273346,0.44591790437698364,0.000787740049418062,0.5275693535804749,0.4414947032928467,-0.0014379977947100997,0.5272765159606934,0.4372691810131073,-0.0013533561723306775,0.5268089771270752,0.4338434338569641,-0.0018545883940532804,0.5133464932441711,0.4369472861289978,-0.0012457603588700294,0.5128257274627686,0.438577800989151,-0.001051280996762216,0.512119710445404,0.44090932607650757,-0.0012337989173829556,0.5115262866020203,0.4434781074523926,-0.000109286185761448,0.5047863721847534,0.4255486726760864,-0.008031843230128288,0.42561060190200806,0.40363287925720215,0.03687542676925659,0.5319068431854248,0.4023193120956421,-0.017228391021490097,0.5082272291183472,0.4377165734767914,5.0060159992426634e-05,0.5074323415756226,0.4385415017604828,0.00022735260426998138,0.5226205587387085,0.40599310398101807,-0.012763363309204578,0.5103408098220825,0.40628546476364136,-0.010195840150117874,0.5213518142700195,0.4048997461795807,-0.013518904335796833,0.49338623881340027,0.3767264485359192,-0.015066081658005714,0.48416951298713684,0.3868090808391571,-0.015573580749332905,0.5058392286300659,0.3980322480201721,-0.016635211184620857,0.44021353125572205,0.29289430379867554,-0.02948678471148014,0.45268040895462036,0.3065236210823059,-0.033243197947740555,0.4672943353652954,0.3230235278606415,-0.03484542667865753,0.5098581314086914,0.45052269101142883,0.0043021864257752895,0.49709439277648926,0.319259375333786,-0.03310524299740791,0.48648688197135925,0.29183971881866455,-0.0362214669585228,0.47674912214279175,0.26969343423843384,-0.03660263866186142,0.4664585590362549,0.3619076609611511,-0.018065595999360085,0.450110524892807,0.3770422637462616,-0.011928653344511986,0.49181997776031494,0.34967052936553955,-0.013104582205414772,0.45421940088272095,0.3509151339530945,-0.02068876288831234,0.5033255815505981,0.363192617893219,-0.017766110599040985,0.5146102905273438,0.3965420722961426,-0.02660900354385376,0.4420039653778076,0.38496243953704834,-0.006570699159055948,0.45828208327293396,0.3823941648006439,-0.014613056555390358,0.46948155760765076,0.38305962085723877,-0.016480587422847748,0.4820612072944641,0.3763882517814636,-0.015377195551991463,0.4896402060985565,0.3690342307090759,-0.014274914748966694,0.49485117197036743,0.36318179965019226,-0.014410930685698986,0.5120952129364014,0.3500487208366394,-0.02368014305830002,0.44749364256858826,0.403544157743454,-0.004111893940716982,0.4478553235530853,0.35202014446258545,-0.020345104858279228,0.5302144885063171,0.4020376205444336,-0.02661946415901184,0.5030367374420166,0.37898802757263184,-0.01611260138452053,0.41703709959983826,0.3647838532924652,0.02214079350233078,0.4993000328540802,0.35774850845336914,-0.014873397536575794,0.5036325454711914,0.39784759283065796,-0.010569180361926556,0.4577295482158661,0.35417479276657104,-0.016568923369050026,0.5119156837463379,0.3901335895061493,-0.025513753294944763,0.4327929615974426,0.4241243302822113,0.040238894522190094,0.49008485674858093,0.34692123532295227,-0.012914596125483513,0.5180022120475769,0.38438260555267334,-0.03068074770271778,0.4753473103046417,0.46263861656188965,0.020266598090529442,0.4727824330329895,0.4702374041080475,0.032276105135679245,0.43433642387390137,0.40569472312927246,0.015757538378238678,0.4617459774017334,0.4539484977722168,0.022080400958657265,0.4287817180156708,0.34902817010879517,-0.00541202025488019,0.5123413801193237,0.4789178967475891,0.018203336745500565,0.5294729471206665,0.4030241072177887,-0.017543388530611992,0.4979758858680725,0.3868657648563385,-0.014068224467337132,0.4381493330001831,0.36708295345306396,-0.008157482370734215,0.47337281703948975,0.3559543490409851,-0.018857542425394058,0.4788726568222046,0.3541218936443329,-0.0185780581086874,0.505464494228363,0.44083142280578613,0.0009868021588772535,0.45168936252593994,0.4203105866909027,0.002906971611082554,0.5238615274429321,0.48436564207077026,0.02525205723941326,0.5007542371749878,0.4814346134662628,0.026906732469797134,0.488566517829895,0.4773946702480316,0.028900887817144394,0.5036883354187012,0.2856082618236542,-0.031711842864751816,0.5355077385902405,0.47978588938713074,0.028477059677243233,0.4830244779586792,0.35141515731811523,-0.01714552752673626,0.48677459359169006,0.34857243299484253,-0.01510515995323658,0.4892193675041199,0.34736907482147217,-0.01338180061429739,0.440096378326416,0.35098451375961304,-0.016387328505516052,0.4834526479244232,0.3408890664577484,-0.017742853611707687,0.47762736678123474,0.3393423557281494,-0.02051302045583725,0.47227808833122253,0.34090155363082886,-0.02202698402106762,0.4671429991722107,0.34438884258270264,-0.02201448380947113,0.46407458186149597,0.3479207754135132,-0.020748915150761604,0.41678643226623535,0.34400662779808044,0.008123011328279972,0.4686954617500305,0.3560013771057129,-0.018383294343948364,0.5306689739227295,0.40960508584976196,-0.009397347457706928,0.5107722282409668,0.41913944482803345,-0.009808558970689774,0.5150229334831238,0.402292400598526,-0.019170701503753662,0.5230692625045776,0.41321611404418945,-0.011436239816248417,0.5133662819862366,0.33307668566703796,-0.022208144888281822,0.4884675145149231,0.4698461890220642,0.02063092775642872,0.5001239776611328,0.4746858477592468,0.020032813772559166,0.5248613357543945,0.4797159433364868,0.017748955637216568,0.4580802023410797,0.4598197638988495,0.03732842579483986,0.48798462748527527,0.3446674942970276,-0.015076883137226105,0.5117060542106628,0.36610084772109985,-0.023655788972973824,0.5366641283035278,0.47505149245262146,0.021144673228263855,0.5126739144325256,0.4842762053012848,0.024600015953183174,0.44029149413108826,0.4240362346172333,0.020494045689702034,0.5198550224304199,0.43563613295555115,-0.0020450965967029333,0.5197013020515442,0.43839868903160095,-0.0018551815301179886,0.5195523500442505,0.44186192750930786,-0.0020546955056488514,0.5195119380950928,0.4458508789539337,-0.0004883452784270048,0.5177111029624939,0.4534299969673157,0.005291450303047895,0.5071871280670166,0.4372119605541229,-0.001667747157625854,0.5061346888542175,0.4367510974407196,-0.0025946598034352064,0.5051878690719604,0.4361988604068756,-0.0034551348071545362,0.49996912479400635,0.4329644441604614,-0.004935118369758129,0.4656970500946045,0.42273399233818054,-0.004860143642872572,0.5076801180839539,0.3560847043991089,-0.02035256288945675,0.4961783289909363,0.34035804867744446,-0.015601581893861294,0.49075305461883545,0.341478556394577,-0.015442037023603916,0.5081812143325806,0.4376126229763031,-0.00029349015676416457,0.46639353036880493,0.4422023296356201,0.008809300139546394,0.5045873522758484,0.3396618366241455,-0.021039733663201332,0.514933168888092,0.4617398977279663,0.009838701225817204,0.5254355072975159,0.3668937087059021,-0.02961980178952217,0.5164832472801208,0.3607257902622223,-0.027203336358070374,0.5217496156692505,0.35701224207878113,-0.026769833639264107,0.5100539922714233,0.381162166595459,-0.021736981347203255,0.5364441275596619,0.4676893949508667,0.015925254672765732,0.5351108312606812,0.45862942934036255,0.013787786476314068,0.5258185267448425,0.4622842073440552,0.01160536427050829,0.4968163073062897,0.4523527920246124,0.006591207813471556,0.49914485216140747,0.4063999354839325,-0.009593282826244831,0.5052159428596497,0.45829901099205017,0.008698638528585434,0.4830904006958008,0.4111906886100769,-0.012360365130007267,0.49486514925956726,0.4172621965408325,-0.008999335579574108,0.47873520851135254,0.42644456028938293,-0.006682296749204397,0.5254737734794617,0.4719603657722473,0.012990224175155163,0.5058025121688843,0.3863409161567688,-0.01753315143287182,0.491068571805954,0.4607236981391907,0.012201150879263878,0.5020527839660645,0.466239333152771,0.014143751002848148,0.4900580644607544,0.4444959759712219,0.0020725138019770384,0.45578891038894653,0.4337615370750427,0.009540635161101818,0.4795784652233124,0.4489014446735382,0.005965591873973608,0.4485154151916504,0.4401601254940033,0.023654446005821228,0.49108555912971497,0.4295335114002228,-0.006029520649462938,0.5072344541549683,0.3723876178264618,-0.019613860175013542,0.5175809264183044,0.400130033493042,-0.02700641192495823,0.5122693181037903,0.4023202359676361,-0.020459618419408798,0.5209624171257019,0.3939720690250397,-0.031016839668154716,0.49126580357551575,0.3351040184497833,-0.020815882831811905,0.48125627636909485,0.3330097198486328,-0.02587296813726425,0.47206801176071167,0.33423566818237305,-0.02824707143008709,0.4640052020549774,0.3380885720252991,-0.027999721467494965,0.4578549861907959,0.3436583876609802,-0.025670671835541725,0.4530596137046814,0.3587920069694519,-0.015084716491401196,0.42974135279655457,0.38703101873397827,0.009619967080652714,0.46260127425193787,0.37030908465385437,-0.015527509152889252,0.4712366461753845,0.3708455264568329,-0.016429632902145386,0.48012539744377136,0.36701422929763794,-0.015980800613760948,0.4870295822620392,0.3617418706417084,-0.014733128249645233,0.4918068051338196,0.3571925759315491,-0.013277499936521053,0.4954627454280853,0.3537549078464508,-0.012877573259174824,0.4206792116165161,0.3839070796966553,0.031101685017347336,0.5116953253746033,0.4037349820137024,-0.017016783356666565,0.5152347087860107,0.3749663531780243,-0.026367519050836563,0.5237221717834473,0.39966240525245667,-0.02961087040603161,0.525871753692627,0.4021444618701935,-0.025057250633835793,0.5225499272346497,0.4007747173309326,-0.02662188746035099,0.5129590630531311,0.40515097975730896,-0.013503109104931355,0.527915358543396,0.4023868441581726,-0.02611195109784603,0.5272254347801208,0.40342769026756287,-0.018355820327997208,0.49310165643692017,0.34692302346229553,-0.012302955612540245,0.49806705117225647,0.348564088344574,-0.013695084489881992,0.5023235082626343,0.3503582179546356,-0.016383662819862366,0.46226397156715393,0.3505723178386688,-0.019148528575897217,0.457986444234848,0.3493049442768097,-0.020322958007454872,0.5295636057853699,0.3657996654510498,-0.025206975638866425,0.542337954044342,0.31823402643203735,0.015089425258338451,0.5360758900642395,0.39740899205207825,-0.015776289626955986,0.5474433302879333,0.27456554770469666,0.043679602444171906,0.5290046334266663,0.33437925577163696,0.004319773055613041,0.5347699522972107,0.3323914110660553,0.006993452552706003,0.5399956107139587,0.32961153984069824,0.010491293855011463,0.5438941121101379,0.32027214765548706,0.017635628581047058,0.5244049429893494,0.33455562591552734,0.002344247419387102,0.535787045955658,0.30857694149017334,0.0013325707986950874,0.5292639136314392,0.31227442622184753,-0.0018061321461573243,0.5411577224731445,0.30723807215690613,0.005766847636550665,0.5440497398376465,0.3083130717277527,0.009831896983087063,0.5491085052490234,0.3242676556110382,0.022975852712988853,0.5494480729103088,0.4496188163757324,0.028091801330447197,0.543144702911377,0.314575731754303,0.01741470955312252,0.5559340715408325,0.31111598014831543,0.054994914680719376,0.5514023900032043,0.31483227014541626,0.0297977477312088,0.5463842153549194,0.37157294154167175,0.007159021683037281,0.5396198630332947,0.41927653551101685,-0.005465214606374502,0.5387476682662964,0.4263572096824646,-0.0015063014579936862,0.5433496832847595,0.41759493947029114,0.0011248349910601974,0.545594334602356,0.4171592891216278,0.007900593802332878,0.5418413281440735,0.4236729145050049,0.002984901424497366,0.5439803600311279,0.42173290252685547,0.008746440522372723,0.5489174723625183,0.42295652627944946,0.023139480501413345,0.5377098321914673,0.39477136731147766,-0.027675893157720566,0.5374735593795776,0.3866272270679474,-0.03066916950047016,0.5515073537826538,0.29950419068336487,0.012297403067350388,0.5318180918693542,0.3549218773841858,-0.002219416433945298,0.5427339673042297,0.3840070962905884,-0.008544581942260265,0.5409403443336487,0.3788369596004486,-0.007366602774709463,0.5587546229362488,0.36124664545059204,0.020989658311009407,0.5336584448814392,0.3756554126739502,-0.028801001608371735,0.5426668524742126,0.2993730902671814,-0.005798570811748505,0.5484905242919922,0.2975917160511017,0.0028183667454868555,0.5439568161964417,0.2623327970504761,0.026196803897619247,0.5214381814002991,0.3181147277355194,-0.018761232495307922,0.5237818360328674,0.3177623152732849,-0.00161094986833632,0.5513075590133667,0.4137840270996094,0.024529127404093742,0.5556796193122864,0.38828644156455994,0.08814077824354172,0.5400098562240601,0.3907735347747803,-0.007091233506798744,0.5370261669158936,0.3957253694534302,-0.009081422351300716,0.5480402708053589,0.41783061623573303,0.02186703495681286,0.547123908996582,0.4188823401927948,0.018904244527220726,0.549538254737854,0.2900984287261963,0.005379063542932272,0.542090117931366,0.38681459426879883,-0.004598732106387615,0.5337797403335571,0.30533045530319214,-0.01330900751054287,0.534075915813446,0.29757317900657654,-0.015915123745799065,0.5277544260025024,0.25267985463142395,-0.01010360661894083,0.5467383861541748,0.2745000422000885,0.013560890220105648,0.5310478210449219,0.2729923725128174,-0.014520401135087013,0.552361011505127,0.2929900288581848,0.01773088239133358,0.5504026412963867,0.2835867404937744,0.029018117114901543,0.5394905805587769,0.42310449481010437,-0.004098591394722462,0.5427418351173401,0.420823872089386,0.001860964228399098,0.5449237823486328,0.41942569613456726,0.007795265875756741,0.5389296412467957,0.3926889896392822,-0.006427217274904251,0.5475723743438721,0.4183851480484009,0.020128348842263222,0.5466268062591553,0.42182254791259766,0.016120702028274536,0.5466151833534241,0.41943180561065674,0.018480142578482628,0.5398861169815063,0.3906111717224121,-0.016405072063207626,0.5430144667625427,0.423625648021698,0.010149624198675156,0.5407923460006714,0.42595240473747253,0.006097903475165367,0.5377429723739624,0.42861348390579224,0.0022769179195165634,0.5398570895195007,0.4467703402042389,0.013715341687202454,0.5404597520828247,0.43931642174720764,0.005921781528741121,0.5401408672332764,0.4350924491882324,0.0038972869515419006,0.5391563177108765,0.43142059445381165,0.003892594715580344,0.5377342700958252,0.42865923047065735,0.003119096625596285,0.5430439114570618,0.4236225485801697,0.01076060626655817,0.5442425012588501,0.42435580492019653,0.010943376459181309,0.545375645160675,0.4256199896335602,0.011221830733120441,0.5461950302124023,0.42746374011039734,0.013348747976124287,0.5476716756820679,0.40480154752731323,0.009382573887705803,0.5536783337593079,0.3447015881538391,0.0895029678940773,0.5447307825088501,0.4216911792755127,0.015209036879241467,0.5457636713981628,0.4216562807559967,0.015417010523378849,0.5358400344848633,0.3999745547771454,-0.008108578622341156,0.5406935811042786,0.3920690417289734,-0.00031239361851476133,0.5364332795143127,0.3979993760585785,-0.008961519226431847,0.5370045900344849,0.35683828592300415,0.0033724242821335793,0.5465006232261658,0.3582400679588318,0.009408396668732166,0.5412042140960693,0.38150668144226074,-0.0030568523798137903,0.5381328463554382,0.25447994470596313,0.007650814019143581,0.5407564640045166,0.2702789306640625,-0.0006907430943101645,0.5431873798370361,0.29097089171409607,-0.005786229390650988,0.5470519661903381,0.4308969974517822,0.02018948644399643,0.522294282913208,0.3063589036464691,-0.023194003850221634,0.5191094875335693,0.278645783662796,-0.02456595189869404,0.5145477652549744,0.2551339864730835,-0.023385949432849884,0.5430686473846436,0.32534632086753845,0.014561781659722328,0.554711639881134,0.3279266059398651,0.029486464336514473,0.5215908885002136,0.3340633511543274,0.0017207475611940026,0.5480309724807739,0.3086179494857788,0.01736203208565712,0.5283806324005127,0.3517557680606842,-0.006734355352818966,0.5417675971984863,0.38360467553138733,-0.01622641086578369,0.5608595609664917,0.33094286918640137,0.04031357541680336,0.5550915002822876,0.33692029118537903,0.024241045117378235,0.5512662529945374,0.3447137176990509,0.01648508384823799,0.5415447354316711,0.3485047221183777,0.009809262119233608,0.5335230231285095,0.3481823205947876,0.004842168651521206,0.5282275080680847,0.34703752398490906,-9.427162149222568e-05,0.5223045945167542,0.3454399108886719,-0.01894902065396309,0.5642054080963135,0.3492644131183624,0.04246888309717178,0.5512213706970215,0.3054501414299011,0.021273812279105186,0.5356112122535706,0.3992294371128082,-0.024335268884897232,0.534257709980011,0.364739328622818,-0.0028772742953151464,0.5505826473236084,0.3072606027126312,0.07640466094017029,0.5243280529975891,0.34525662660598755,-0.003667825600132346,0.5399854779243469,0.3809778094291687,0.0029924598056823015,0.5446980595588684,0.31407690048217773,0.019512131810188293,0.5393301248550415,0.3773386776447296,-0.014947370626032352,0.5553029775619507,0.36535176634788513,0.090608611702919,0.5205491781234741,0.33077752590179443,0.0026243331376463175,0.5368008613586426,0.3755865693092346,-0.02298981137573719,0.5584372282028198,0.41761118173599243,0.054708100855350494,0.55522221326828,0.424766480922699,0.06768615543842316,0.5618192553520203,0.346316933631897,0.0666920617222786,0.5607793927192688,0.40264031291007996,0.0627252534031868,0.5530487895011902,0.2959926724433899,0.04351547732949257,0.5502504706382751,0.45617982745170593,0.03446109592914581,0.5338911414146423,0.40087810158729553,-0.016135767102241516,0.538719117641449,0.36818185448646545,0.002241964917629957,0.553135335445404,0.31414794921875,0.03799571841955185,0.5386362671852112,0.3245027959346771,0.009919530712068081,0.5339770913124084,0.3275267779827118,0.00686438474804163,0.5473352074623108,0.4223509132862091,0.018007440492510796,0.5646937489509583,0.36628440022468567,0.047702718526124954,0.5440400838851929,0.47224897146224976,0.03431796655058861,0.5507312417030334,0.4514695703983307,0.049638330936431885,0.5526474714279175,0.44002437591552734,0.057596299797296524,0.5288677215576172,0.32910841703414917,0.004555243067443371,0.5242019891738892,0.3298690915107727,0.0035209518391638994,0.5216104388237,0.3306424021720886,0.0033564697951078415,0.5522057414054871,0.30106839537620544,0.028432460501790047,0.5237699151039124,0.3217584192752838,0.0013764703180640936,0.5281903743743896,0.31674325466156006,0.001739652594551444,0.5335099697113037,0.31380030512809753,0.003890431020408869,0.5382965803146362,0.31278809905052185,0.0074688466265797615,0.5409167408943176,0.31335774064064026,0.010836868546903133,0.5496782064437866,0.2886219620704651,0.06128913164138794,0.54109787940979,0.3212432861328125,0.012895125895738602,0.5439645051956177,0.4033755660057068,0.003445153357461095,0.5406090617179871,0.3898509740829468,-0.010177114978432655,0.5372104048728943,0.4065302014350891,-0.005943306256085634,0.5552433729171753,0.43190881609916687,0.04844692349433899,0.552556574344635,0.44378334283828735,0.0419202521443367,0.5455310940742493,0.4672803282737732,0.02656979113817215,0.5558112859725952,0.4084891378879547,0.07916130870580673,0.5215082764625549,0.3273550570011139,0.0020113384816795588,0.5291494727134705,0.358126163482666,-0.016193700954318047,0.5485103726387024,0.4625643193721771,0.041403595358133316,0.562403678894043,0.3652297854423523,0.06919654458761215,0.5408182144165039,0.4259626865386963,0.006862221285700798,0.5422330498695374,0.4277152717113495,0.007352130021899939,0.5433512926101685,0.43029749393463135,0.007661088369786739,0.5441035032272339,0.4338230490684509,0.00970566924661398,0.5442638993263245,0.4391636848449707,0.01676018349826336,0.5456899404525757,0.42015311121940613,0.014120468869805336,0.5465061068534851,0.41865190863609314,0.01471781823784113,0.547145664691925,0.4171621799468994,0.015056525357067585,0.5503227114677429,0.4083119332790375,0.016854120418429375,0.5626789331436157,0.37606170773506165,0.032903529703617096,0.5251990556716919,0.34818676114082336,-0.012561006471514702,0.5185369253158569,0.32797572016716003,-0.005661424715071917,0.5200967192649841,0.326267272233963,-0.0010955613106489182,0.5447035431861877,0.42171505093574524,0.014900555834174156,0.5618389844894409,0.3941185772418976,0.046988990157842636,0.5177646279335022,0.33180469274520874,-0.015099558047950268,0.5466448664665222,0.4438067078590393,0.02268926054239273,0.5262696146965027,0.35623782873153687,-0.023205623030662537,0.5348604917526245,0.36976489424705505,-0.01201652642339468,0.5419409871101379,0.4531049132347107,0.01777374930679798,0.5527881383895874,0.42274847626686096,0.029200997203588486,0.5447911620140076,0.38502806425094604,0.007391388528048992,0.5498882532119751,0.4337273836135864,0.026553049683570862,0.5552978515625,0.3769476115703583,0.014689178206026554,0.5504029393196106,0.3907540738582611,0.012303568422794342,0.5592330694198608,0.38720521330833435,0.024206431582570076,0.5447558760643005,0.4607175588607788,0.02121952921152115,0.5365089774131775,0.3722546398639679,-0.005376447923481464,0.5555666089057922,0.4252711832523346,0.03840820863842964,0.5520981550216675,0.43764346837997437,0.034265708178281784,0.555544376373291,0.41117656230926514,0.029517998918890953,0.5637378692626953,0.38074660301208496,0.05231683328747749,0.5592395663261414,0.40753892064094543,0.03794260323047638,0.5619763731956482,0.3836435079574585,0.06979070603847504,0.5542179346084595,0.39881911873817444,0.01917942613363266,0.5315315127372742,0.3612782955169678,-0.00909461546689272,0.5413792729377747,0.3883994221687317,-0.01755320280790329,0.5422914028167725,0.3878589868545532,-0.009679808281362057,0.5400616526603699,0.38472285866737366,-0.023495366796851158,0.5223166346549988,0.31896889209747314,-0.007116917986422777,0.5311365723609924,0.3101947009563446,-0.005674493033438921,0.5389692783355713,0.305660218000412,-0.0017848992720246315,0.5447055101394653,0.30391040444374084,0.004012939985841513,0.5475988388061523,0.3049311935901642,0.010107364505529404,0.5477555394172668,0.31484121084213257,0.023347042500972748,0.5595701336860657,0.3282957971096039,0.061841826885938644,0.5482054948806763,0.3300935924053192,0.01953640766441822,0.5446948409080505,0.3360617160797119,0.014094546437263489,0.5377849340438843,0.33953624963760376,0.009102053940296173,0.5306767821311951,0.3405624330043793,0.005023455247282982,0.5256253480911255,0.340374231338501,0.0016364571638405323,0.522430956363678,0.33991867303848267,-0.0006921878666616976,0.551443338394165,0.3258965313434601,0.08503356575965881,0.5414028167724609,0.3895137906074524,-0.006449433509260416,0.5326053500175476,0.36694231629371643,-0.01875552348792553,0.5399311780929565,0.3913813531398773,-0.02358103170990944,0.5370248556137085,0.3962212800979614,-0.021544765681028366,0.5390398502349854,0.39231979846954346,-0.020440999418497086,0.5401103496551514,0.3923037052154541,-0.0046561844646930695,0.5367656350135803,0.39775729179382324,-0.023255523294210434,0.5351864695549011,0.3993859887123108,-0.015947194769978523,0.5196782350540161,0.33258453011512756,0.0006005620234645903,0.5194290280342102,0.33710184693336487,-0.004074559081345797,0.5206025838851929,0.34064173698425293,-0.008432176895439625,0.5422868132591248,0.3140435516834259,0.013862070627510548,0.5453029274940491,0.3100418150424957,0.014752323739230633,0.4711052179336548,0.3490389883518219,-0.01789090223610401,0.4778900742530823,0.3461945056915283,-0.01789090223610401,0.46909505128860474,0.33947625756263733,-0.01789090223610401,0.4642130434513092,0.3519105315208435,-0.01789090223610401,0.47319296002388,0.35852617025375366,-0.01789090223610401,0.529066264629364,0.3205746114253998,0.007339115720242262,0.5353394150733948,0.3179982304573059,0.007339115720242262,0.5269315838813782,0.31225430965423584,0.007339115720242262,0.5227156281471252,0.3231603503227234,0.007339115720242262,0.5312296152114868,0.32890602946281433,0.007339115720242262
3266.66666666667,0.5337144136428833,0.423403263092041,-0.008914979174733162,0.5349663496017456,0.3958042562007904,-0.02945108711719513,0.5309916138648987,0.4022955298423767,-0.01218833401799202,0.521574854850769,0.3687383830547333,-0.029467497020959854,0.534008264541626,0.38769063353538513,-0.032906483858823776,0.5303502678871155,0.3759540915489197,-0.032628774642944336,0.5187183618545532,0.3450450599193573,-0.02358059026300907,0.46559858322143555,0.3539386987686157,-0.01779216155409813,0.5125594735145569,0.3210512101650238,-0.024308357387781143,0.5106546878814697,0.30908891558647156,-0.028327060863375664,0.49825534224510193,0.2610134184360504,-0.030901653692126274,0.5339477062225342,0.4261744022369385,-0.007493993267416954,0.533719539642334,0.4288625121116638,-0.0050021992065012455,0.5331418514251709,0.4306585490703583,-0.0010630657197907567,0.5331219434738159,0.4306725263595581,-0.00034886953653767705,0.5340913534164429,0.4341505169868469,0.0003671490994747728,0.53476881980896,0.4382622241973877,0.0003398300614207983,0.5349486470222473,0.4426000118255615,0.0027112842071801424,0.5344023108482361,0.4497014284133911,0.01065919827669859,0.5340931415557861,0.39946314692497253,-0.025739381089806557,0.5261982083320618,0.4014386832714081,-0.019238559529185295,0.421022891998291,0.3252004384994507,-0.007094223517924547,0.4858996272087097,0.3548246920108795,-0.01667586900293827,0.4803944230079651,0.3580600321292877,-0.01834125444293022,0.47402268648147583,0.360550194978714,-0.018832147121429443,0.4625810384750366,0.3578268885612488,-0.017211364582180977,0.4901084303855896,0.35130590200424194,-0.014184102416038513,0.4723847210407257,0.33505070209503174,-0.025198040530085564,0.47960200905799866,0.333543598651886,-0.022650040686130524,0.46597355604171753,0.3388713002204895,-0.024928074330091476,0.46171218156814575,0.3435593247413635,-0.02335677482187748,0.45774954557418823,0.36623311042785645,-0.014609630219638348,0.5134308934211731,0.4695512652397156,0.012119135819375515,0.4615550637245178,0.3518616557121277,-0.01701444387435913,0.427607923746109,0.3665485084056854,0.003377312095835805,0.4469102919101715,0.36266908049583435,-0.012429097667336464,0.49253109097480774,0.3956368565559387,-0.014116236940026283,0.5261282920837402,0.42478978633880615,-0.011047344654798508,0.5265684127807617,0.4313019812107086,-0.006703513674438,0.5178536176681519,0.429733008146286,-0.010184814222157001,0.5113427042961121,0.4332539737224579,-0.007675819098949432,0.5193291306495667,0.43359166383743286,-0.006909148767590523,0.5130689144134521,0.435367614030838,-0.004449591971933842,0.503224790096283,0.44536659121513367,0.002865416929125786,0.5301433801651001,0.39762967824935913,-0.03046979196369648,0.5284267067909241,0.38992971181869507,-0.033971622586250305,0.4528992772102356,0.34184861183166504,-0.02731684409081936,0.5001574754714966,0.3686276078224182,-0.01596985012292862,0.5104217529296875,0.39843106269836426,-0.021448081359267235,0.5081329345703125,0.3932839632034302,-0.020661409944295883,0.47017666697502136,0.40149417519569397,-0.014509477652609348,0.525058388710022,0.378792405128479,-0.03298164904117584,0.47167614102363586,0.3288097381591797,-0.0331893116235733,0.46105340123176575,0.3340824842453003,-0.03158731386065483,0.42899787425994873,0.30740711092948914,-0.019218940287828445,0.5005324482917786,0.3288813531398773,-0.027581850066781044,0.485804945230484,0.3350091278553009,-0.018391039222478867,0.49747493863105774,0.4397776424884796,5.344504097593017e-05,0.4437043368816376,0.44363874197006226,0.03995668888092041,0.5152859091758728,0.40175455808639526,-0.016591664403676987,0.520700991153717,0.40233373641967773,-0.01390732079744339,0.5017718076705933,0.43774622678756714,0.0007430699770338833,0.50339674949646,0.43769437074661255,0.00032501344685442746,0.45577603578567505,0.3294813632965088,-0.0312461219727993,0.509344756603241,0.4012957811355591,-0.017260665073990822,0.48489072918891907,0.3269394338130951,-0.031962040811777115,0.4832208752632141,0.32002055644989014,-0.03505200147628784,0.4599078595638275,0.2782863974571228,-0.03571993485093117,0.44202324748039246,0.3174404501914978,-0.02687845006585121,0.4714197516441345,0.2966943383216858,-0.0364810936152935,0.44619739055633545,0.338549941778183,-0.024658801034092903,0.43365955352783203,0.3320047855377197,-0.01694250851869583,0.5264250636100769,0.42838943004608154,-0.009661206975579262,0.5186334252357483,0.4317435920238495,-0.008788300678133965,0.5122216939926147,0.434314101934433,-0.00646132230758667,0.5165265798568726,0.4024805724620819,-0.014261831529438496,0.5026149153709412,0.43771544098854065,0.0005967864999547601,0.5070056915283203,0.4390623867511749,-0.0003701024688780308,0.5042034387588501,0.4376637935638428,0.00041364741628058255,0.520277202129364,0.3993934988975525,-0.025182202458381653,0.5136242508888245,0.4361516535282135,-0.0024149061646312475,0.5198023319244385,0.43478524684906006,-0.003251667832955718,0.5265045762062073,0.43300217390060425,-0.0030713207088410854,0.5267351865768433,0.45265263319015503,0.008237551897764206,0.5274882316589355,0.44522711634635925,0.00013972903252579272,0.5273358821868896,0.44073137640953064,-0.002059454098343849,0.5269942283630371,0.43648985028266907,-0.0019541478250175714,0.5265187621116638,0.4330514371395111,-0.0024078197311609983,0.5136042833328247,0.4362490773200989,-0.0018834562506526709,0.5130957961082458,0.43790286779403687,-0.0017207470955327153,0.5124410390853882,0.44028329849243164,-0.001919003902003169,0.5119251012802124,0.4429081976413727,-0.0008219383889809251,0.5052488446235657,0.4244012236595154,-0.008533715270459652,0.42568254470825195,0.4027658700942993,0.03599308803677559,0.5327191352844238,0.4009784460067749,-0.01724720187485218,0.5087487697601318,0.4370954632759094,-0.0006207176484167576,0.5079606771469116,0.43795475363731384,-0.0004647118039429188,0.5233652591705322,0.404666543006897,-0.01290178019553423,0.5110585689544678,0.4049800634384155,-0.010385979898273945,0.5221199989318848,0.4035587012767792,-0.013639263808727264,0.4942716062068939,0.3755236566066742,-0.01518118567764759,0.48504188656806946,0.38550880551338196,-0.015837794169783592,0.5066391825675964,0.39672189950942993,-0.016788311302661896,0.4414479732513428,0.29165467619895935,-0.02920081652700901,0.45403173565864563,0.30541327595710754,-0.033029019832611084,0.46830499172210693,0.32245194911956787,-0.03468018397688866,0.5100768804550171,0.44946393370628357,0.00351011217571795,0.4980461001396179,0.3182623088359833,-0.03268644958734512,0.4878493845462799,0.29086998105049133,-0.035627949982881546,0.4781543016433716,0.26870018243789673,-0.03587651997804642,0.4672982692718506,0.3607405126094818,-0.01819702796638012,0.4508208632469177,0.37562116980552673,-0.012270978651940823,0.4927668869495392,0.3485655188560486,-0.012966522946953773,0.4550773501396179,0.34999337792396545,-0.020820382982492447,0.5042866468429565,0.36208590865135193,-0.01769116334617138,0.5155614018440247,0.3951307237148285,-0.02664961665868759,0.44273364543914795,0.38368016481399536,-0.0070561631582677364,0.45900827646255493,0.3809042274951935,-0.014955577440559864,0.47022706270217896,0.38159412145614624,-0.016757681965827942,0.4828636944293976,0.3750472962856293,-0.015557910315692425,0.49049344658851624,0.3677879869937897,-0.014337414875626564,0.4957534372806549,0.3619789481163025,-0.014380122534930706,0.5131286978721619,0.3490275740623474,-0.02342228963971138,0.4480997920036316,0.40226292610168457,-0.0047376942820847034,0.4487041234970093,0.351092666387558,-0.020518537610769272,0.5311129689216614,0.4006267189979553,-0.026600131765007973,0.5039159059524536,0.37778785824775696,-0.016143931075930595,0.41739213466644287,0.363749623298645,0.021600840613245964,0.500217854976654,0.3565797209739685,-0.0147586390376091,0.5043886303901672,0.39657387137413025,-0.010739535093307495,0.4585937261581421,0.35317742824554443,-0.01671362668275833,0.5128611922264099,0.38878196477890015,-0.025528736412525177,0.4326728880405426,0.42335277795791626,0.039215561002492905,0.49106425046920776,0.3458324670791626,-0.012752493843436241,0.5190207362174988,0.38303911685943604,-0.030604153871536255,0.4753195643424988,0.4618014395236969,0.019161241129040718,0.4726024866104126,0.46947893500328064,0.031071577221155167,0.43465733528137207,0.40464353561401367,0.015000707469880581,0.4616360366344452,0.4531781077384949,0.020991040393710136,0.42953136563301086,0.3478706479072571,-0.005697482731193304,0.5125473737716675,0.4777296185493469,0.017099956050515175,0.5302981734275818,0.4016570746898651,-0.017580246552824974,0.4988102912902832,0.38562265038490295,-0.014202812686562538,0.4388408958911896,0.36583951115608215,-0.00850749108940363,0.4742419719696045,0.35485538840293884,-0.018890386447310448,0.4797593355178833,0.3530583381652832,-0.018565861508250237,0.5061177015304565,0.44033318758010864,0.00025006700889207423,0.45207640528678894,0.41915491223335266,0.002131081186234951,0.5239930748939514,0.4830150306224823,0.02409503422677517,0.5008296966552734,0.48035773634910583,0.025707311928272247,0.488532692193985,0.4764842391014099,0.027699271216988564,0.5049311518669128,0.28485652804374695,-0.030961589887738228,0.5355585813522339,0.4784461259841919,0.027433788403868675,0.48393914103507996,0.3503814935684204,-0.01708325184881687,0.4877173900604248,0.3475372791290283,-0.015003084205091,0.4901769459247589,0.34630510210990906,-0.01325181219726801,0.4409272074699402,0.35004866123199463,-0.016605930402874947,0.4844956398010254,0.33991482853889465,-0.01757737062871456,0.4786975383758545,0.33842629194259644,-0.020385058596730232,0.4733310341835022,0.33998164534568787,-0.021949129179120064,0.46814343333244324,0.34344908595085144,-0.021999472752213478,0.46502503752708435,0.3469531536102295,-0.020773468539118767,0.41731274127960205,0.3428649306297302,0.007784497458487749,0.46957331895828247,0.35491493344306946,-0.018453899770975113,0.531284749507904,0.40841594338417053,-0.009522410109639168,0.511350154876709,0.41790086030960083,-0.010177558287978172,0.5158700942993164,0.40091681480407715,-0.01925097033381462,0.5237083435058594,0.41197964549064636,-0.01166617963463068,0.5144118070602417,0.3322921693325043,-0.021803541108965874,0.4885421395301819,0.4689079225063324,0.019496681168675423,0.5002460479736328,0.47365421056747437,0.018906237557530403,0.5250958800315857,0.47843319177627563,0.016691265627741814,0.45780283212661743,0.4591280221939087,0.036128658801317215,0.4889790713787079,0.34361255168914795,-0.014914249069988728,0.5127168893814087,0.36493340134620667,-0.023502664640545845,0.5368387699127197,0.47376057505607605,0.02019939385354519,0.5128139853477478,0.4830394685268402,0.023406116291880608,0.44039809703826904,0.42310792207717896,0.019600074738264084,0.5198137164115906,0.43486297130584717,-0.002649617614224553,0.5196720957756042,0.4376389682292938,-0.002506531774997711,0.5195721983909607,0.44112688302993774,-0.002722339704632759,0.5196168422698975,0.44518136978149414,-0.0011815123725682497,0.5179616808891296,0.45226770639419556,0.004526849370449781,0.507706880569458,0.436631441116333,-0.002308734692633152,0.5066877007484436,0.43619075417518616,-0.003255633171647787,0.505806565284729,0.43568068742752075,-0.004118140321224928,0.5003001093864441,0.4319106638431549,-0.005594983231276274,0.4661766588687897,0.42150771617889404,-0.005575632676482201,0.5086845755577087,0.355014443397522,-0.020181849598884583,0.4971376955509186,0.33930525183677673,-0.01531912200152874,0.49173134565353394,0.34043821692466736,-0.015224306844174862,0.5087234973907471,0.43702688813209534,-0.0009274798794649541,0.4665466845035553,0.44121941924095154,0.007871643640100956,0.5055186152458191,0.33861294388771057,-0.020709922537207603,0.5151519179344177,0.4606342315673828,0.008969389833509922,0.5264536738395691,0.36570805311203003,-0.029362071305513382,0.5175198316574097,0.3595898449420929,-0.02695942297577858,0.5227628946304321,0.35592904686927795,-0.026460831984877586,0.5109907984733582,0.37991392612457275,-0.021696483716368675,0.5366711020469666,0.46645408868789673,0.015048269182443619,0.5353556871414185,0.45741137862205505,0.01302748080343008,0.5260722637176514,0.46108999848365784,0.01075984351336956,0.4970294237136841,0.4513755440711975,0.005668036174029112,0.49983876943588257,0.4051336646080017,-0.009891198948025703,0.5054281949996948,0.4572732448577881,0.0078026424162089825,0.48378896713256836,0.4098718762397766,-0.012824122793972492,0.49544763565063477,0.4160388708114624,-0.009447624906897545,0.47922828793525696,0.4252191185951233,-0.0073463646695017815,0.5257333517074585,0.47073909640312195,0.012010148726403713,0.5066636800765991,0.38508787751197815,-0.017585361376404762,0.49124494194984436,0.4597250521183014,0.011164558120071888,0.5022278428077698,0.4651995599269867,0.013116923160851002,0.49030983448028564,0.4435001313686371,0.0011744918301701546,0.4559728503227234,0.43275806307792664,0.00863536074757576,0.4797706604003906,0.44790494441986084,0.005019688047468662,0.4484511911869049,0.4393467903137207,0.022618301212787628,0.49148792028427124,0.42841440439224243,-0.006679330486804247,0.5081838965415955,0.37120234966278076,-0.019557813182473183,0.5185142755508423,0.3987124264240265,-0.02704440802335739,0.5131214261054993,0.4009385108947754,-0.020574845373630524,0.5219754576683044,0.3925364315509796,-0.031002499163150787,0.4922122061252594,0.3340742290019989,-0.020524635910987854,0.48219913244247437,0.33210089802742004,-0.02566535398364067,0.47301188111305237,0.33340081572532654,-0.02814476191997528,0.4649304747581482,0.3372853100299835,-0.027996553108096123,0.4587518572807312,0.34282565116882324,-0.025739820674061775,0.45388153195381165,0.35776349902153015,-0.015289097093045712,0.43022119998931885,0.3859058916568756,0.009000110439956188,0.4633897840976715,0.36902520060539246,-0.015748178586363792,0.47203510999679565,0.36954912543296814,-0.016605811193585396,0.48096397519111633,0.36578449606895447,-0.016083283349871635,0.4879205822944641,0.36057522892951965,-0.014722333289682865,0.49272945523262024,0.3560446500778198,-0.013202370144426823,0.4964044988155365,0.3526260256767273,-0.012740625068545341,0.42090848088264465,0.3829653561115265,0.030375678092241287,0.5124902129173279,0.40238696336746216,-0.0171564482152462,0.5162423253059387,0.3737252652645111,-0.026252910494804382,0.5247001647949219,0.398221880197525,-0.029596280306577682,0.5267637968063354,0.4007624089717865,-0.025055810809135437,0.5234826803207397,0.39938125014305115,-0.026626968756318092,0.5137086510658264,0.40382492542266846,-0.013651729561388493,0.5288126468658447,0.400979220867157,-0.026102758944034576,0.5280619263648987,0.4020586311817169,-0.018396958708763123,0.4940682053565979,0.3458244800567627,-0.012116702273488045,0.49901944398880005,0.34746548533439636,-0.013479866087436676,0.5032501816749573,0.34924060106277466,-0.016185330227017403,0.46317800879478455,0.3495856821537018,-0.019214218482375145,0.45886343717575073,0.3483712077140808,-0.020412245765328407,0.5305259227752686,0.3646807372570038,-0.024895476177334785,0.5428531765937805,0.31754034757614136,0.015887392684817314,0.5368446111679077,0.39616239070892334,-0.01572377420961857,0.5476078987121582,0.275034636259079,0.044830530881881714,0.5296622514724731,0.3336266279220581,0.004953246563673019,0.5353549718856812,0.3316410481929779,0.0076671927236020565,0.5405138731002808,0.3289327621459961,0.01120644249022007,0.5443787574768066,0.3198029100894928,0.01842278428375721,0.5251451134681702,0.3338415026664734,0.0028970574494451284,0.5363546013832092,0.30773720145225525,0.0021437371615320444,0.5299092531204224,0.3114200532436371,-0.0010723263258114457,0.5416913628578186,0.3064938187599182,0.006607768591493368,0.5445756912231445,0.307711660861969,0.010687291622161865,0.5494447946548462,0.3240862786769867,0.02374957874417305,0.5495686531066895,0.44873687624931335,0.027553997933864594,0.5436327457427979,0.3139856159687042,0.01823507994413376,0.5557171702384949,0.3115840256214142,0.05588382109999657,0.5516664981842041,0.31500470638275146,0.03064107336103916,0.5468747019767761,0.37097206711769104,0.0075258174911141396,0.5388251543045044,0.4187792241573334,-0.00562954880297184,0.5382245779037476,0.42576462030410767,-0.0017326216911897063,0.5426799654960632,0.4172888994216919,0.0010262200376018882,0.5450830459594727,0.41691747307777405,0.00783479306846857,0.5413721799850464,0.42316216230392456,0.00282632396556437,0.543591320514679,0.4212619662284851,0.008625178597867489,0.5489076375961304,0.4225775897502899,0.022973651066422462,0.5386252403259277,0.3934164047241211,-0.0275436881929636,0.5384291410446167,0.38531285524368286,-0.030469432473182678,0.5518617033958435,0.29936814308166504,0.01326038409024477,0.5325251221656799,0.35418304800987244,-0.0018300001975148916,0.543404221534729,0.3830135464668274,-0.00830826535820961,0.5416149497032166,0.37788620591163635,-0.007101265247911215,0.5590674877166748,0.36100322008132935,0.021537700667977333,0.5346292853355408,0.3744298815727234,-0.028529414907097816,0.5432634353637695,0.2984486222267151,-0.004920072387903929,0.5489645600318909,0.2970498502254486,0.0037531096022576094,0.5443459153175354,0.26266664266586304,0.02742033451795578,0.5223425030708313,0.3168174624443054,-0.018159938976168633,0.5245100855827332,0.3169685900211334,-0.0009463509195484221,0.5512902140617371,0.4135288596153259,0.0244790930300951,0.5553930401802063,0.38846316933631897,0.08819624781608582,0.5406581163406372,0.38972193002700806,-0.006929844152182341,0.5376830697059631,0.3945859670639038,-0.009050250984728336,0.5479031801223755,0.41749635338783264,0.021793149411678314,0.5470114350318909,0.4184861481189728,0.018809400498867035,0.5499936938285828,0.28987807035446167,0.006378859281539917,0.5427086353302002,0.3858683705329895,-0.004402706399559975,0.5345176458358765,0.3041183352470398,-0.012543781660497189,0.5348708629608154,0.2964808940887451,-0.01509049627929926,0.5286412835121155,0.2525574266910553,-0.0089347492903471,0.5472044944763184,0.2747482657432556,0.014666564762592316,0.5319352149963379,0.27278319001197815,-0.013509095646440983,0.5526700615882874,0.29324108362197876,0.018753351643681526,0.5506759881973267,0.2839624583721161,0.030116088688373566,0.5388267636299133,0.4225791096687317,-0.004295071121305227,0.5421544909477234,0.42040371894836426,0.0017270894022658467,0.5444571375846863,0.41906818747520447,0.0076980432495474815,0.5395619869232178,0.3916277289390564,-0.0063292342238128185,0.5474441647529602,0.4180096387863159,0.020041601732373238,0.5464581847190857,0.42145949602127075,0.015948094427585602,0.5464979410171509,0.4190455675125122,0.018368739634752274,0.5406526923179626,0.3894546627998352,-0.016211489215493202,0.5427063703536987,0.4230983555316925,0.009998680092394352,0.5404345989227295,0.4253573417663574,0.0059005930088460445,0.5373404622077942,0.42796024680137634,0.002012391109019518,0.5400596857070923,0.44566747546195984,0.013224398717284203,0.5402213335037231,0.438823938369751,0.005482995882630348,0.539779782295227,0.4345201849937439,0.0034862360917031765,0.5387625098228455,0.430769681930542,0.0035004697274416685,0.5373321175575256,0.42796623706817627,0.0027679381892085075,0.542756199836731,0.42309334874153137,0.010549977421760559,0.5439965128898621,0.42387625575065613,0.010700576938688755,0.5451858639717102,0.42523202300071716,0.010979478247463703,0.5460822582244873,0.4271703064441681,0.013108176179230213,0.5479146242141724,0.40419864654541016,0.009422958828508854,0.5532339811325073,0.3452032804489136,0.08996353298425674,0.5444849133491516,0.4212249517440796,0.015060164034366608,0.545548141002655,0.42123129963874817,0.015247395262122154,0.5364702939987183,0.39881113171577454,-0.00811084546148777,0.5412421822547913,0.39114174246788025,-0.00021157412265893072,0.5370787382125854,0.3968427777290344,-0.008947660215198994,0.5376361608505249,0.3561851680278778,0.0037918074522167444,0.5470007061958313,0.35774967074394226,0.009884975850582123,0.541829526424408,0.380607008934021,-0.0028212887700647116,0.5387524366378784,0.2546283006668091,0.008875667117536068,0.5414113998413086,0.2703551650047302,0.0003900839074049145,0.5438252091407776,0.2902798354625702,-0.004827259108424187,0.5471109747886658,0.43027153611183167,0.019940722733736038,0.5232661366462708,0.305105060338974,-0.022505175322294235,0.5201706290245056,0.27815312147140503,-0.023673050105571747,0.5156608819961548,0.2547212839126587,-0.02233770303428173,0.5435590147972107,0.3247661590576172,0.015316447243094444,0.5548616647720337,0.32794493436813354,0.030264966189861298,0.5223754644393921,0.3333527445793152,0.002254342660307884,0.5484621524810791,0.3083992898464203,0.018247632309794426,0.5291510820388794,0.35096752643585205,-0.006349846255034208,0.5425348281860352,0.3825116455554962,-0.015980254858732224,0.5609087944030762,0.33114054799079895,0.041083112359046936,0.555242121219635,0.3366395831108093,0.02496151439845562,0.5514979958534241,0.34411951899528503,0.017133530229330063,0.541986882686615,0.3477587401866913,0.0103508485481143,0.5341178178787231,0.3474135398864746,0.005322626326233149,0.5289250612258911,0.346229612827301,0.00033830018946900964,0.5232412219047546,0.34455406665802,-0.018558531999588013,0.5643125176429749,0.3493618369102478,0.04311108961701393,0.5515424609184265,0.30552613735198975,0.022201959043741226,0.5364692807197571,0.397885799407959,-0.024256274104118347,0.5349639058113098,0.36391422152519226,-0.0025358099956065416,0.5501773953437805,0.3079027235507965,0.07726938277482986,0.5250970721244812,0.3443708121776581,-0.003244452178478241,0.5405645370483398,0.3801361620426178,0.003215082921087742,0.5451673865318298,0.3136816620826721,0.02034027874469757,0.5400999188423157,0.3763009309768677,-0.014671778306365013,0.5549246072769165,0.3657006621360779,0.09086130559444427,0.5213384628295898,0.33009934425354004,0.0031994618475437164,0.5376812815666199,0.3744593858718872,-0.022699803113937378,0.5584223866462708,0.41737592220306396,0.054568253457546234,0.5551273226737976,0.4245416522026062,0.0674019530415535,0.5616816282272339,0.3466421365737915,0.06727802008390427,0.5607617497444153,0.4025786817073822,0.06275657564401627,0.5530617833137512,0.296430379152298,0.04451911523938179,0.5503103733062744,0.4552351236343384,0.033828675746917725,0.5346875786781311,0.39956793189048767,-0.01613415777683258,0.539327085018158,0.36744174361228943,0.002584046684205532,0.5533892512321472,0.3144974410533905,0.0388733446598053,0.5391872525215149,0.3236788809299469,0.010667369700968266,0.5345704555511475,0.326687753200531,0.0075718192383646965,0.5472221970558167,0.4220556914806366,0.01784663088619709,0.5647962689399719,0.3663090169429779,0.0481671579182148,0.5440359115600586,0.4710179269313812,0.03343356028199196,0.5506967306137085,0.4507078230381012,0.04906202852725983,0.5525912642478943,0.43952110409736633,0.05716351419687271,0.5295229554176331,0.3283129334449768,0.005211845505982637,0.524937093257904,0.3291332721710205,0.004135442432016134,0.5223821401596069,0.3299448490142822,0.003942881245166063,0.5525228381156921,0.30151230096817017,0.029401253908872604,0.5245850086212158,0.3210787773132324,0.002060598460957408,0.5289677381515503,0.3159879446029663,0.002471087034791708,0.5342345237731934,0.3129391074180603,0.004670083522796631,0.5389679074287415,0.3119308054447174,0.008277338929474354,0.5415416955947876,0.3125928044319153,0.011663376353681087,0.54957115650177,0.2891944348812103,0.06232169270515442,0.5416351556777954,0.3204847574234009,0.013673604466021061,0.5443230867385864,0.402565598487854,0.0034860630985349417,0.5412833094596863,0.3887689709663391,-0.010005151852965355,0.5377364158630371,0.40546971559524536,-0.005996434483677149,0.5552290678024292,0.43145591020584106,0.048111144453287125,0.5525825619697571,0.44309201836586,0.04142595827579498,0.5456467866897583,0.4661381244659424,0.02578430436551571,0.5556461811065674,0.4084708094596863,0.0790506973862648,0.5223188996315002,0.3266822397708893,0.0026311154942959547,0.5300151109695435,0.35717934370040894,-0.01584281399846077,0.5484856367111206,0.46154284477233887,0.040676895529031754,0.56230628490448,0.3654516041278839,0.06959857046604156,0.5404664874076843,0.425356924533844,0.006591527257114649,0.541915237903595,0.42715808749198914,0.007045597303658724,0.5430907607078552,0.42982518672943115,0.007355901878327131,0.5439353585243225,0.43345779180526733,0.009391496889293194,0.5443929433822632,0.43828192353248596,0.016418609768152237,0.5454056262969971,0.41972580552101135,0.014029457233846188,0.5461896061897278,0.4182972311973572,0.014646324329078197,0.546808660030365,0.4169178605079651,0.015010920353233814,0.5504258871078491,0.4079155921936035,0.016884705051779747,0.5628650784492493,0.37590283155441284,0.03330342099070549,0.5260495543479919,0.3473438024520874,-0.01217113621532917,0.51937335729599,0.3271327018737793,-0.00513049541041255,0.5208964347839355,0.32552170753479004,-0.0005112383514642715,0.5444465279579163,0.4212646484375,0.01479361206293106,0.5619135499000549,0.39400067925453186,0.04715443029999733,0.5186628699302673,0.3307383358478546,-0.014616327360272408,0.5467833876609802,0.44296449422836304,0.022256024181842804,0.5272144079208374,0.3552270233631134,-0.02285337634384632,0.5356476902961731,0.36879730224609375,-0.011711404658854008,0.5421522855758667,0.45203113555908203,0.01713506691157818,0.5528226494789124,0.4223816692829132,0.02901449427008629,0.5452374219894409,0.3843291401863098,0.0076105911284685135,0.5499559640884399,0.4331454038619995,0.02624358981847763,0.5556344389915466,0.37652161717414856,0.015059156343340874,0.5507164597511292,0.3902233839035034,0.012511010281741619,0.559445858001709,0.3869076073169708,0.024495648220181465,0.5449391603469849,0.4596356749534607,0.02050352469086647,0.5372122526168823,0.3713529109954834,-0.005085042677819729,0.5555937886238098,0.424862802028656,0.03817269951105118,0.5521563291549683,0.43700772523880005,0.033856481313705444,0.5555887222290039,0.41093823313713074,0.029502972960472107,0.5638061761856079,0.3807380199432373,0.05261940509080887,0.559301495552063,0.4073106348514557,0.03796461969614029,0.5619179010391235,0.3837449550628662,0.07000754028558731,0.5543788075447083,0.3984876275062561,0.01933545619249344,0.5323149561882019,0.36039116978645325,-0.008749088272452354,0.5421445369720459,0.3872551918029785,-0.01732974499464035,0.5429590940475464,0.38682234287261963,-0.009488656185567379,0.5409272313117981,0.3835107386112213,-0.023267803713679314,0.5231146812438965,0.31802138686180115,-0.006475042551755905,0.5318130254745483,0.30919939279556274,-0.004926763940602541,0.5395649671554565,0.30478763580322266,-0.000960736011620611,0.5452431440353394,0.3032510280609131,0.00488416850566864,0.5480796098709106,0.304476797580719,0.010996442288160324,0.5481235980987549,0.31473812460899353,0.02418053336441517,0.5593743324279785,0.32871416211128235,0.06260330229997635,0.5485668182373047,0.3296998143196106,0.020275158807635307,0.5450990796089172,0.33550769090652466,0.014767698012292385,0.5383144021034241,0.33885684609413147,0.009701987728476524,0.5313191413879395,0.3398464024066925,0.005584212951362133,0.5263569951057434,0.33965593576431274,0.002119340468198061,0.5232170820236206,0.33915451169013977,-0.00023027745191939175,0.5509568452835083,0.3264999985694885,0.08571553975343704,0.5420346260070801,0.3885119557380676,-0.006285877898335457,0.5334898829460144,0.3659001588821411,-0.018432457000017166,0.5407821536064148,0.390123575925827,-0.023399338126182556,0.5378329157829285,0.394953191280365,-0.021450402215123177,0.5398447513580322,0.3911043107509613,-0.020279623568058014,0.5407092571258545,0.391303688287735,-0.004548872821033001,0.5375960469245911,0.3964490592479706,-0.023171840235590935,0.5359651446342468,0.39810898900032043,-0.01592276059091091,0.5204679369926453,0.33185383677482605,0.001121326582506299,0.5202500820159912,0.3362794816493988,-0.0036135970149189234,0.521437406539917,0.33968544006347656,-0.008014382794499397,0.5428426265716553,0.31337180733680725,0.014689360745251179,0.5458077788352966,0.3096153140068054,0.0156056834384799,0.47201475501060486,0.3482046127319336,-0.017851272597908974,0.47877371311187744,0.34542515873908997,-0.017851272597908974,0.47001323103904724,0.33878567814826965,-0.017851272597908974,0.4651312530040741,0.3510069251060486,-0.017851272597908974,0.47409215569496155,0.35754433274269104,-0.017851272597908974,0.5300049185752869,0.3200090527534485,0.008061740547418594,0.5364040732383728,0.3173864483833313,0.008061740547418594,0.527891993522644,0.3117537200450897,0.008061740547418594,0.5234866142272949,0.32263246178627014,0.008061740547418594,0.532119631767273,0.32825765013694763,0.008061740547418594
3300.0000000000036,0.5347431302070618,0.42262887954711914,-0.00880542490631342,0.5353873372077942,0.39614394307136536,-0.029533186927437782,0.531465470790863,0.40255841612815857,-0.0121929245069623,0.5220695734024048,0.3687419593334198,-0.029584236443042755,0.5344294309616089,0.38796618580818176,-0.033011771738529205,0.5307998061180115,0.37609443068504333,-0.03275800496339798,0.5192594528198242,0.34482458233833313,-0.02373618446290493,0.4659428596496582,0.35322415828704834,-0.017855320125818253,0.5131795406341553,0.3206903338432312,-0.024500489234924316,0.5113086104393005,0.30867913365364075,-0.02855132333934307,0.49898824095726013,0.26052483916282654,-0.03125988319516182,0.5349730253219604,0.42553454637527466,-0.007372329942882061,0.5347191095352173,0.4283592700958252,-0.004882685840129852,0.5340942144393921,0.4302768409252167,-0.0009736650972627103,0.5341055989265442,0.4302293062210083,-0.0002250613906653598,0.5350933074951172,0.43376991152763367,0.0004562466056086123,0.5357619524002075,0.4379374086856842,0.0004330739320721477,0.5358859896659851,0.44234901666641235,0.0028147255070507526,0.5348023772239685,0.4502120018005371,0.010795170441269875,0.5345249772071838,0.39979180693626404,-0.025802504271268845,0.5266421437263489,0.40170300006866455,-0.019261129200458527,0.4217508137226105,0.32455679774284363,-0.007265654392540455,0.4865444600582123,0.35382774472236633,-0.0167189072817564,0.48106446862220764,0.3571379482746124,-0.018389763310551643,0.4746786952018738,0.3597944378852844,-0.018879802897572517,0.4629724621772766,0.35705432295799255,-0.01725846715271473,0.49072355031967163,0.35038048028945923,-0.014252867549657822,0.4728333353996277,0.33447539806365967,-0.025281623005867004,0.4800730049610138,0.3329044580459595,-0.022741667926311493,0.46641719341278076,0.3382818400859833,-0.025013601407408714,0.46214330196380615,0.3429131805896759,-0.02343897707760334,0.45828408002853394,0.3655369281768799,-0.014640357345342636,0.5137617588043213,0.4699324071407318,0.012426655739545822,0.4617975950241089,0.3511250615119934,-0.017080873250961304,0.42827069759368896,0.36602312326431274,0.0033981571905314922,0.4474995732307434,0.36172425746917725,-0.012465265579521656,0.49309468269348145,0.3955553472042084,-0.014104817993938923,0.5271686911582947,0.42410922050476074,-0.010920648463070393,0.5275678038597107,0.43087589740753174,-0.0065508270636200905,0.518720805644989,0.42927274107933044,-0.009999849833548069,0.5120744705200195,0.4329032301902771,-0.0074073499999940395,0.5202053785324097,0.4332633316516876,-0.006698425859212875,0.5138056874275208,0.43506062030792236,-0.004168692510575056,0.503552258014679,0.4454871416091919,0.0032513972837477922,0.5305585265159607,0.3979529142379761,-0.03054131753742695,0.528853178024292,0.390171617269516,-0.03406740725040436,0.4536031186580658,0.3413108289241791,-0.027437319979071617,0.5007741451263428,0.3684293329715729,-0.01601780764758587,0.5109239816665649,0.39855149388313293,-0.021454406902194023,0.508656919002533,0.3933330476284027,-0.02067418582737446,0.47075027227401733,0.4012775123119354,-0.0144806494936347,0.5255146622657776,0.3789145052433014,-0.03309449553489685,0.4722825884819031,0.3286072611808777,-0.03335562348365784,0.46170365810394287,0.3337397873401642,-0.03174309432506561,0.4297920763492584,0.3067476153373718,-0.019450247287750244,0.5010656118392944,0.3283383846282959,-0.027759483084082603,0.48630717396736145,0.3342684209346771,-0.018476523458957672,0.4978114068508148,0.43977266550064087,0.00041171524208039045,0.44431519508361816,0.443389892578125,0.04023930802941322,0.51577228307724,0.40193453431129456,-0.016574539244174957,0.5211598873138428,0.40254324674606323,-0.01390858180820942,0.502301037311554,0.43742892146110535,0.0011330038541927934,0.5039543509483337,0.4373507499694824,0.0007149382145144045,0.45656710863113403,0.32908594608306885,-0.03141004964709282,0.5098395347595215,0.4014081358909607,-0.017249466851353645,0.48537778854370117,0.3266114592552185,-0.032127153128385544,0.48375338315963745,0.3197617530822754,-0.0352415107190609,0.46073874831199646,0.2776920199394226,-0.036030638962984085,0.4428732097148895,0.3168894648551941,-0.027046171948313713,0.47225332260131836,0.296183317899704,-0.036713555455207825,0.44699349999427795,0.337815523147583,-0.02478024549782276,0.43445172905921936,0.33146050572395325,-0.017057526856660843,0.5274553894996643,0.42783868312835693,-0.009512953460216522,0.519520103931427,0.4313584566116333,-0.008584657683968544,0.5129696726799011,0.4339904487133026,-0.006181488744914532,0.5170029997825623,0.4026658236980438,-0.014263581484556198,0.5031624436378479,0.43738651275634766,0.000986731145530939,0.5076507925987244,0.43872398138046265,8.366157999262214e-06,0.5047667622566223,0.4373008608818054,0.0007988893776200712,0.5207535624504089,0.3996207118034363,-0.025215625762939453,0.514323353767395,0.4358553886413574,-0.002153717214241624,0.5206416249275208,0.43449512124061584,-0.0030592260882258415,0.5274396538734436,0.4326741397380829,-0.0029397981707006693,0.5270975828170776,0.4531640112400055,0.008419734425842762,0.5284165143966675,0.4449717700481415,0.0002961153513751924,0.528313159942627,0.44041505455970764,-0.0019090408459305763,0.5279784202575684,0.4361390769481659,-0.0018106959760189056,0.527487576007843,0.43265092372894287,-0.002235413296148181,0.5143566131591797,0.43591615557670593,-0.0015867645852267742,0.5138639807701111,0.43757718801498413,-0.0014329772675409913,0.5132079124450684,0.4399476647377014,-0.001616148860193789,0.5126694440841675,0.44260653853416443,-0.0004959730431437492,0.5056721568107605,0.4244914948940277,-0.008293707855045795,0.4262445867061615,0.40234795212745667,0.03612225502729416,0.5331675410270691,0.40126946568489075,-0.01727534458041191,0.50937819480896,0.4367542862892151,-0.00025551210273988545,0.5086060762405396,0.4376165270805359,-0.00010055460006697103,0.5238224864006042,0.40489524602890015,-0.012884839437901974,0.5115426182746887,0.4050998091697693,-0.010353073477745056,0.5225734710693359,0.40377360582351685,-0.013634179718792439,0.49488595128059387,0.37533044815063477,-0.015212868340313435,0.4856433868408203,0.38531941175460815,-0.015865324065089226,0.5071583986282349,0.39676833152770996,-0.01677926443517208,0.44228312373161316,0.2910049557685852,-0.02946924977004528,0.45491135120391846,0.30486997961997986,-0.03323148190975189,0.4689895212650299,0.3222659230232239,-0.03485896810889244,0.510420560836792,0.4497232139110565,0.0038672953378409147,0.4986002445220947,0.3178006708621979,-0.03289010375738144,0.4886224865913391,0.2903966009616852,-0.03588605672121048,0.4789412021636963,0.2681690454483032,-0.03621561452746391,0.46780717372894287,0.3600275218486786,-0.018241871148347855,0.4514768719673157,0.3749296963214874,-0.01227774377912283,0.4933386743068695,0.34770631790161133,-0.013039764948189259,0.4555782675743103,0.34923967719078064,-0.020901374518871307,0.5048955678939819,0.36187610030174255,-0.01775975339114666,0.5160540342330933,0.39527803659439087,-0.026688681915402412,0.44336989521980286,0.3832513689994812,-0.007028506603091955,0.4596717655658722,0.38047724962234497,-0.014953567646443844,0.47099804878234863,0.3813098967075348,-0.01675802282989025,0.48372191190719604,0.37465059757232666,-0.015579630620777607,0.49132081866264343,0.3672885596752167,-0.014366956427693367,0.49652472138404846,0.3615378439426422,-0.014431728981435299,0.5136883854866028,0.3487958312034607,-0.023555895313620567,0.44869041442871094,0.401913583278656,-0.004660379141569138,0.4493064284324646,0.35027700662612915,-0.020589129999279976,0.5315456986427307,0.4009423851966858,-0.026654159650206566,0.5044940710067749,0.37768468260765076,-0.016176965087652206,0.41800516843795776,0.36318281292915344,0.02157357893884182,0.5009732246398926,0.3562423884868622,-0.014835151843726635,0.5049083232879639,0.3965911269187927,-0.010715658776462078,0.458916038274765,0.3523378074169159,-0.01677868328988552,0.5133739113807678,0.38884785771369934,-0.025575028732419014,0.4332602918148041,0.4230145215988159,0.03941699117422104,0.4915289878845215,0.34494757652282715,-0.012832453474402428,0.5195026993751526,0.383124440908432,-0.03069140389561653,0.4758492410182953,0.461733877658844,0.01950155943632126,0.47314146161079407,0.4694782495498657,0.031405869871377945,0.4352444112300873,0.4042443335056305,0.015138436108827591,0.4622275233268738,0.4529848098754883,0.021295681595802307,0.43024134635925293,0.34732785820961,-0.005741609260439873,0.5128648281097412,0.47810232639312744,0.01742416061460972,0.530741274356842,0.40194612741470337,-0.01760333776473999,0.49938350915908813,0.38553038239479065,-0.014210080727934837,0.439588338136673,0.364693820476532,-0.008527705445885658,0.4747923016548157,0.3540145456790924,-0.018946843221783638,0.4803481101989746,0.352061003446579,-0.018620925024151802,0.5067421793937683,0.44002002477645874,0.0006398021942004561,0.4526582360267639,0.4188523590564728,0.002276531420648098,0.5242514610290527,0.48347726464271545,0.024396458640694618,0.5011870265007019,0.48066312074661255,0.026070671156048775,0.48896968364715576,0.47665634751319885,0.028062105178833008,0.5056396722793579,0.2844386696815491,-0.031244976446032524,0.535821795463562,0.47893473505973816,0.02770812064409256,0.48450618982315063,0.3493080139160156,-0.017140766605734825,0.4882540702819824,0.34649068117141724,-0.015069360844790936,0.49067777395248413,0.3453258275985718,-0.013329260051250458,0.4416744112968445,0.34901031851768494,-0.01666991226375103,0.48505058884620667,0.3390562832355499,-0.01764870248734951,0.479182630777359,0.33762454986572266,-0.02046159654855728,0.4737286865711212,0.339270681142807,-0.022026116028428078,0.4684782922267914,0.3427748382091522,-0.022076230496168137,0.4653202295303345,0.3462514579296112,-0.020846836268901825,0.4179791212081909,0.3422503173351288,0.007677643094211817,0.47003868222236633,0.354170560836792,-0.018511537462472916,0.531776487827301,0.40871718525886536,-0.00948499795049429,0.5118206739425659,0.4180503487586975,-0.01002634596079588,0.5163657069206238,0.40110817551612854,-0.01926565356552601,0.5241743922233582,0.4122482240200043,-0.01159481331706047,0.5149977207183838,0.3319815397262573,-0.02196631021797657,0.4889943301677704,0.46900731325149536,0.019878007471561432,0.5006422400474548,0.47388866543769836,0.019271260127425194,0.5253885984420776,0.478893518447876,0.016977768391370773,0.4584038555622101,0.458992063999176,0.036450691521167755,0.4894981384277344,0.3427554965019226,-0.01499271485954523,0.5132659077644348,0.3648250102996826,-0.023598387837409973,0.5371223092079163,0.47423824667930603,0.020456798374652863,0.5131064057350159,0.4834423363208771,0.023743193596601486,0.44099122285842896,0.42276275157928467,0.01980074681341648,0.5206904411315918,0.43451693654060364,-0.0024173129349946976,0.5205638408660889,0.43731051683425903,-0.00229193945415318,0.5204612016677856,0.44080543518066406,-0.0024814214557409286,0.5204849243164062,0.4449021816253662,-0.0009194933227263391,0.5183017253875732,0.4526669383049011,0.00481842365115881,0.5083281993865967,0.4362943172454834,-0.0019567511044442654,0.5073114037513733,0.43586266040802,-0.0028992383740842342,0.5064036846160889,0.43535494804382324,-0.003770213108509779,0.5006669759750366,0.4319447875022888,-0.005281871650367975,0.4667282998561859,0.4213132858276367,-0.005444514099508524,0.5092717409133911,0.3547927737236023,-0.0202794186770916,0.4977310597896576,0.3386441171169281,-0.015415850095450878,0.49225661158561707,0.33964940905570984,-0.015320079401135445,0.5093305110931396,0.4366815686225891,-0.0005886396975256503,0.4671024978160858,0.44104528427124023,0.008115253411233425,0.5062082409858704,0.33820247650146484,-0.02084159664809704,0.5155085921287537,0.46099382638931274,0.00927036628127098,0.5269379615783691,0.36572566628456116,-0.029498327523469925,0.5180447697639465,0.35948416590690613,-0.027088724076747894,0.5232765078544617,0.3558337092399597,-0.026607390493154526,0.5115374326705933,0.3798877000808716,-0.021753815934062004,0.5369839072227478,0.4669313132762909,0.015272478573024273,0.5357137322425842,0.45788270235061646,0.013209108263254166,0.526409924030304,0.4615592360496521,0.010981839150190353,0.4974212050437927,0.45145681500434875,0.006042737513780594,0.5003519654273987,0.40515413880348206,-0.009816744364798069,0.5058042407035828,0.4574950933456421,0.008156719617545605,0.4843267500400543,0.4097802937030792,-0.012765741907060146,0.4959414303302765,0.4160461127758026,-0.009290856309235096,0.47973865270614624,0.42512691020965576,-0.0071865264326334,0.5260441303253174,0.4712151288986206,0.01226659957319498,0.5072161555290222,0.38505804538726807,-0.017607830464839935,0.49167048931121826,0.45980313420295715,0.01153272669762373,0.5026132464408875,0.4654155969619751,0.013467375189065933,0.4907277524471283,0.443475604057312,0.0015072457026690245,0.456560343503952,0.43249109387397766,0.008850647136569023,0.48026275634765625,0.44782692193984985,0.005323181860148907,0.4490632116794586,0.43905556201934814,0.022884942591190338,0.49193108081817627,0.42839062213897705,-0.006440611556172371,0.5087544322013855,0.37109434604644775,-0.019620342180132866,0.5189895629882812,0.3989239037036896,-0.027083130553364754,0.5136173367500305,0.40110456943511963,-0.020580647513270378,0.5224273800849915,0.39273586869239807,-0.03106749802827835,0.4927111268043518,0.3334183394908905,-0.02062872052192688,0.4826738238334656,0.33161675930023193,-0.025782374665141106,0.47351351380348206,0.332964688539505,-0.028269462287425995,0.4654548764228821,0.3367840349674225,-0.028115762397646904,0.4592777490615845,0.3422389626502991,-0.025853808969259262,0.4543234705924988,0.35685813426971436,-0.01534237340092659,0.4308345913887024,0.38544172048568726,0.009081294760107994,0.46394598484039307,0.3684309124946594,-0.01576998643577099,0.47274112701416016,0.3689841032028198,-0.016632230952382088,0.48172053694725037,0.3650803864002228,-0.016117610037326813,0.4886382222175598,0.3597865700721741,-0.014754966832697392,0.493408203125,0.35532233119010925,-0.0132672768086195,0.497065931558609,0.35200703144073486,-0.012812198139727116,0.4214751124382019,0.38246697187423706,0.030432313680648804,0.5129759907722473,0.402540922164917,-0.017149299383163452,0.5167584419250488,0.37370994687080383,-0.02634131908416748,0.5251386761665344,0.39849117398262024,-0.029655322432518005,0.5272024869918823,0.401033878326416,-0.025101272389292717,0.5239352583885193,0.3996334373950958,-0.026674415916204453,0.5141881108283997,0.40397951006889343,-0.013634934090077877,0.5292484164237976,0.40127676725387573,-0.02615416795015335,0.5285019874572754,0.40233558416366577,-0.018419062718749046,0.4945972263813019,0.3450314402580261,-0.012202206067740917,0.49966758489608765,0.3468921482563019,-0.013571982271969318,0.5040087103843689,0.3489078879356384,-0.016287541016936302,0.46343308687210083,0.3488715887069702,-0.01928575709462166,0.4592481851577759,0.3476332128047943,-0.020486436784267426,0.5310239791870117,0.36469781398773193,-0.025037288665771484,0.5436856150627136,0.31691503524780273,0.015678077936172485,0.5373259782791138,0.39641597867012024,-0.01577378250658512,0.5484769940376282,0.2744128704071045,0.04450119659304619,0.5306748151779175,0.33317801356315613,0.004806018900126219,0.5363062024116516,0.3311610817909241,0.007502288091927767,0.5414113402366638,0.32839956879615784,0.011017424054443836,0.5452188849449158,0.31905633211135864,0.018210891634225845,0.526192843914032,0.3333902060985565,0.0027539879083633423,0.536899209022522,0.3071775436401367,0.0019329744391143322,0.5305449962615967,0.31095075607299805,-0.0012629484990611672,0.5422271490097046,0.3058066964149475,0.0063756369054317474,0.5451643466949463,0.30694034695625305,0.010448101907968521,0.5503538250923157,0.3233758807182312,0.02355155535042286,0.5500743389129639,0.44912123680114746,0.027767209336161613,0.5444244742393494,0.3132226765155792,0.018012164160609245,0.556744396686554,0.31106600165367126,0.05568748712539673,0.5525608658790588,0.3141448497772217,0.030417459085583687,0.5475221276283264,0.3709418773651123,0.007425094489008188,0.5397607684135437,0.4180724322795868,-0.005552978720515966,0.5390959978103638,0.4253125488758087,-0.0016245489241555333,0.5434682369232178,0.4166681468486786,0.001115154125727713,0.5457450151443481,0.416427880525589,0.007974308915436268,0.5420939326286316,0.42275306582450867,0.0029509819578379393,0.5442029237747192,0.42088064551353455,0.008795004338026047,0.5496057271957397,0.42262783646583557,0.023202501237392426,0.5390634536743164,0.39373230934143066,-0.027634920552372932,0.5388768911361694,0.3855608403682709,-0.03058619052171707,0.5524345636367798,0.29856452345848083,0.01295395102351904,0.5331329703330994,0.3540347218513489,-0.001955435611307621,0.5439653396606445,0.3831568956375122,-0.008404749445617199,0.5421873331069946,0.3779742121696472,-0.007204645778983831,0.5598015189170837,0.3608649671077728,0.02141161821782589,0.535089910030365,0.37456807494163513,-0.028666868805885315,0.5436050295829773,0.2978881597518921,-0.005196310579776764,0.5493881702423096,0.29636380076408386,0.0034424380864948034,0.5451542139053345,0.26205378770828247,0.02703670598566532,0.5227261185646057,0.3164631724357605,-0.018362488597631454,0.5252779722213745,0.3165538012981415,-0.0011176267871633172,0.5520376563072205,0.4134533405303955,0.024666035547852516,0.5563235282897949,0.38833364844322205,0.088324174284935,0.5412194728851318,0.3899049460887909,-0.007004103157669306,0.538227915763855,0.3947781026363373,-0.009096645750105381,0.5482795834541321,0.4172450304031372,0.022017361596226692,0.5474006533622742,0.4182034134864807,0.01904694177210331,0.5504331588745117,0.28922951221466064,0.006043716333806515,0.5432999730110168,0.3859925866127014,-0.00448202807456255,0.5348424911499023,0.3036414384841919,-0.012794455513358116,0.5351526737213135,0.2961118817329407,-0.015370916575193405,0.5293665528297424,0.2520214915275574,-0.009320445358753204,0.5479726791381836,0.2742089629173279,0.014306152239441872,0.5326312780380249,0.272294819355011,-0.01384673360735178,0.553316056728363,0.2924669086933136,0.01842627488076687,0.5514999032020569,0.28342166543006897,0.029791759327054024,0.53972989320755,0.4220048785209656,-0.004196336027234793,0.5429144501686096,0.4199070930480957,0.0018414566293358803,0.5450934171676636,0.41864636540412903,0.007856519892811775,0.5401339530944824,0.39180001616477966,-0.006387532688677311,0.5478264093399048,0.4177449643611908,0.0202748104929924,0.5469119548797607,0.42116862535476685,0.016182690858840942,0.546897292137146,0.41873931884765625,0.018604950979351997,0.5411489605903625,0.38968855142593384,-0.016308167949318886,0.5433017015457153,0.4227704107761383,0.01015416905283928,0.5411437749862671,0.4250298738479614,0.006008225027471781,0.5381852984428406,0.4276072084903717,0.0020938843954354525,0.5405641198158264,0.4461425244808197,0.013360105454921722,0.5410323143005371,0.4385467767715454,0.0055817971006035805,0.5406596660614014,0.43418002128601074,0.0035754272248595953,0.5396518707275391,0.43040764331817627,0.0035846049431711435,0.5381879806518555,0.4275659918785095,0.0028846459463238716,0.5433443784713745,0.4227519631385803,0.01073426567018032,0.5445864796638489,0.42355111241340637,0.010871668346226215,0.545745849609375,0.42490583658218384,0.011172937229275703,0.5466075539588928,0.42688238620758057,0.01332107000052929,0.5485936403274536,0.4042595326900482,0.009527318179607391,0.5543562173843384,0.3447650372982025,0.0899469256401062,0.5449880361557007,0.42090120911598206,0.015286562032997608,0.546035885810852,0.42092418670654297,0.015473377890884876,0.5369949340820312,0.3990238308906555,-0.008130116388201714,0.5418455600738525,0.3912666141986847,-0.00024354869674425572,0.5376119613647461,0.39704304933547974,-0.008984756655991077,0.5382635593414307,0.3560483753681183,0.0036689918488264084,0.5476651191711426,0.35762298107147217,0.009739458560943604,0.5424296259880066,0.3806808292865753,-0.0029049385339021683,0.5395114421844482,0.2540396451950073,0.008477864786982536,0.5421382784843445,0.2698265612125397,3.529925743350759e-05,0.5441592335700989,0.2898063063621521,-0.00513553898781538,0.5477427840232849,0.4304632246494293,0.020167361944913864,0.5235406160354614,0.3048602044582367,-0.022743839770555496,0.5208655595779419,0.2777044475078583,-0.02398080565035343,0.5163772106170654,0.25422316789627075,-0.022707978263497353,0.5444294810295105,0.32412517070770264,0.01510890293866396,0.555830717086792,0.3271706700325012,0.030072905123233795,0.5234074592590332,0.33287858963012695,0.002109765773639083,0.5491654872894287,0.30757787823677063,0.017997995018959045,0.5297487378120422,0.35079196095466614,-0.006483744829893112,0.543044924736023,0.3826896548271179,-0.016093233600258827,0.5618149638175964,0.3307666480541229,0.04091212898492813,0.556235671043396,0.3360148072242737,0.02478693798184395,0.5524938106536865,0.34365761280059814,0.016983916983008385,0.5429584980010986,0.3473890721797943,0.010216698050498962,0.5350819826126099,0.3470611870288849,0.005205994006246328,0.5298474431037903,0.34592363238334656,0.00021198519971221685,0.5238000750541687,0.34432822465896606,-0.01871648244559765,0.5651854276657104,0.34909558296203613,0.04298711568117142,0.5522893667221069,0.3047017455101013,0.021931447088718414,0.5369136333465576,0.3981977701187134,-0.02432546578347683,0.5355602502822876,0.36385059356689453,-0.0026458909269422293,0.5512808561325073,0.30729252099990845,0.0771084725856781,0.5259599089622498,0.34408804774284363,-0.003377568209543824,0.541182279586792,0.38017791509628296,0.003167353803291917,0.5459383726119995,0.31283849477767944,0.020116297528147697,0.5406234264373779,0.3764152228832245,-0.014792094007134438,0.5559750199317932,0.36541083455085754,0.09090626984834671,0.5223590731620789,0.3295951783657074,0.0030481424182653427,0.5381712913513184,0.37457960844039917,-0.0228349007666111,0.5591301321983337,0.41744640469551086,0.054739028215408325,0.5558254718780518,0.42463985085487366,0.06761344522237778,0.5626633167266846,0.34630393981933594,0.06719477474689484,0.561548113822937,0.4025609791278839,0.06286274641752243,0.5539761781692505,0.29589366912841797,0.04425313323736191,0.5507679581642151,0.45564335584640503,0.03405715525150299,0.5351429581642151,0.39985430240631104,-0.016168657690286636,0.5399514436721802,0.36739227175712585,0.002484393771737814,0.5543195009231567,0.31360751390457153,0.03865129500627518,0.5400897860527039,0.3231656849384308,0.010484091006219387,0.5355337858200073,0.3262280523777008,0.007400286849588156,0.547650158405304,0.4218025803565979,0.01808529905974865,0.5656422972679138,0.36612820625305176,0.0481131374835968,0.544360876083374,0.47150593996047974,0.033698588609695435,0.5511921048164368,0.4510461986064911,0.0493193045258522,0.5531800389289856,0.43974387645721436,0.05740761384367943,0.5305571556091309,0.32788971066474915,0.005049058701843023,0.5260272026062012,0.3286978006362915,0.00398058770224452,0.5234628319740295,0.3294655680656433,0.0037869384977966547,0.5533129572868347,0.3007000982761383,0.029126176610589027,0.5253972411155701,0.32061344385147095,0.0018899717833846807,0.5296628475189209,0.31547975540161133,0.0022846853826195,0.5348489880561829,0.3123723864555359,0.004463967401534319,0.5395905375480652,0.3112736642360687,0.008056708611547947,0.5422132611274719,0.31187841296195984,0.011447278782725334,0.5505399703979492,0.28857219219207764,0.0620717853307724,0.5424951314926147,0.3199237883090973,0.013475843705236912,0.5449312925338745,0.4027155935764313,0.0035321898758411407,0.5418254137039185,0.3889709711074829,-0.010087353177368641,0.5382764935493469,0.40573492646217346,-0.005977130960673094,0.5558613538742065,0.4316394031047821,0.04833338037133217,0.5531291365623474,0.44338661432266235,0.04165796563029289,0.546023964881897,0.46662187576293945,0.02601936087012291,0.5564488172531128,0.40846186876296997,0.07921665906906128,0.5232689380645752,0.3261857330799103,0.0024677752517163754,0.5305660963058472,0.35709333419799805,-0.015979325398802757,0.5488864183425903,0.4619749188423157,0.04093892127275467,0.5632407069206238,0.36522334814071655,0.069573312997818,0.5411810278892517,0.42499351501464844,0.0067328885197639465,0.5426468253135681,0.4268127977848053,0.007164232898503542,0.5437968969345093,0.42948853969573975,0.007499848958104849,0.5445932745933533,0.4331754446029663,0.00956052914261818,0.544964075088501,0.4386148452758789,0.01660630665719509,0.5459141731262207,0.41937077045440674,0.014226434752345085,0.5466952323913574,0.41795074939727783,0.01484236866235733,0.5473294854164124,0.4165470004081726,0.015194716863334179,0.5511582493782043,0.40788862109184265,0.017032669857144356,0.5636415481567383,0.37580424547195435,0.03324522450566292,0.5266258120536804,0.34714409708976746,-0.012317907065153122,0.5201796293258667,0.32677921652793884,-0.00528692128136754,0.52180016040802,0.3251042366027832,-0.0006715235649608076,0.544956624507904,0.4209204912185669,0.014996960759162903,0.5626830458641052,0.3939540982246399,0.04720143973827362,0.519300103187561,0.33054789900779724,-0.014771812595427036,0.5473222136497498,0.4432991147041321,0.022459210827946663,0.527745246887207,0.3551291227340698,-0.02300289086997509,0.5361884832382202,0.36882004141807556,-0.011830741539597511,0.5426170825958252,0.4524751901626587,0.017314421012997627,0.553489089012146,0.4224485754966736,0.02922798879444599,0.5458800792694092,0.3843784034252167,0.00757586257532239,0.5505514740943909,0.43335574865341187,0.026467692106962204,0.556328535079956,0.37648653984069824,0.014977101236581802,0.5513925552368164,0.3902507424354553,0.012528477236628532,0.5601681470870972,0.3868671655654907,0.024491485208272934,0.5453704595565796,0.4601052701473236,0.02070952020585537,0.5377856492996216,0.371367871761322,-0.0051868692971765995,0.5562328100204468,0.4249848425388336,0.03837300091981888,0.5527174472808838,0.4372543692588806,0.034075915813446045,0.5562977194786072,0.4109116494655609,0.029650427401065826,0.5646279454231262,0.38061949610710144,0.052626002579927444,0.5600038766860962,0.40731281042099,0.038077399134635925,0.5627890825271606,0.3836248219013214,0.07004813104867935,0.5551022887229919,0.39845141768455505,0.019396232441067696,0.5328836441040039,0.36031806468963623,-0.008872320875525475,0.5426458120346069,0.3874827027320862,-0.01743902452290058,0.543511688709259,0.3870058059692383,-0.009576178155839443,0.5414051413536072,0.3837309777736664,-0.023402774706482887,0.5237712860107422,0.31757795810699463,-0.006658249069005251,0.5323063135147095,0.30867815017700195,-0.005141428671777248,0.5399971604347229,0.30415481328964233,-0.0011945180594921112,0.5456977486610413,0.30251210927963257,0.0046265628188848495,0.5486244559288025,0.30367738008499146,0.010730107314884663,0.5489624738693237,0.31389719247817993,0.02395562455058098,0.5603956580162048,0.3282729983329773,0.062461238354444504,0.5494928956031799,0.32906055450439453,0.02009277231991291,0.546048641204834,0.3349936604499817,0.014600100927054882,0.539287805557251,0.3384198546409607,0.009552821516990662,0.5323114991188049,0.33944711089134216,0.005460548214614391,0.5273441672325134,0.3392714560031891,0.0019895939622074366,0.5241655111312866,0.3387982249259949,-0.000354497111402452,0.5521067976951599,0.3259512782096863,0.08562678843736649,0.5426115393638611,0.3886725902557373,-0.0063574714586138725,0.5340020060539246,0.3659210801124573,-0.018567904829978943,0.5412520170211792,0.3903982639312744,-0.02350030094385147,0.5383028984069824,0.3952236473560333,-0.021521171554923058,0.5403240323066711,0.3913590908050537,-0.02037023939192295,0.5412969589233398,0.3914538323879242,-0.004599629435688257,0.5380527973175049,0.3967418074607849,-0.02324065938591957,0.5364320278167725,0.3983783721923828,-0.0159654188901186,0.5214522480964661,0.33136770129203796,0.0009759755339473486,0.521140456199646,0.33593860268592834,-0.003746469272300601,0.5222290754318237,0.3394329845905304,-0.008157126605510712,0.5435717105865479,0.31262969970703125,0.014467093162238598,0.5464788675308228,0.3087861239910126,0.015367784537374973,0.47242408990859985,0.34693586826324463,-0.01792033016681671,0.47934815287590027,0.3441174328327179,-0.01792033016681671,0.4704704284667969,0.33745038509368896,-0.01792033016681671,0.4654177129268646,0.34977224469184875,-0.01792033016681671,0.4744642972946167,0.3563675582408905,-0.01792033016681671,0.5307009816169739,0.319570392370224,0.00787454191595316,0.5370798110961914,0.31689971685409546,0.00787454191595316,0.528644859790802,0.31134623289108276,0.00787454191595316,0.5242535471916199,0.32222893834114075,0.00787454191595316,0.5327848196029663,0.32776355743408203,0.00787454191595316
3333.333333333337,0.535775899887085,0.4215913712978363,-0.009056017734110355,0.536106526851654,0.39452528953552246,-0.029474712908267975,0.5321916937828064,0.40114158391952515,-0.012218751013278961,0.5228244066238403,0.36755627393722534,-0.02942865528166294,0.5351602435112,0.3864181935787201,-0.03291631489992142,0.5315247178077698,0.37473171949386597,-0.032614950090646744,0.5199580192565918,0.3439113199710846,-0.023499473929405212,0.46665310859680176,0.3527812361717224,-0.01768798753619194,0.5139036178588867,0.32011690735816956,-0.024193456396460533,0.512056827545166,0.3081863820552826,-0.028188839554786682,0.49972912669181824,0.2600451111793518,-0.030635982751846313,0.5359848737716675,0.42451173067092896,-0.00765220308676362,0.5356851816177368,0.4273252785205841,-0.005164508242160082,0.5350103378295898,0.42922380566596985,-0.001237469376064837,0.5349574685096741,0.4293677806854248,-0.0005652630934491754,0.5360156893730164,0.43303361535072327,0.00012987644004169852,0.5367677211761475,0.4373507499694824,0.00011655268463073298,0.5369414687156677,0.44183647632598877,0.0025198671501129866,0.5358343720436096,0.44888749718666077,0.010555021464824677,0.5352275371551514,0.3982071578502655,-0.025768734514713287,0.5274543762207031,0.40018558502197266,-0.01925870217382908,0.42259401082992554,0.3242233693599701,-0.007003603968769312,0.48738792538642883,0.3535518944263458,-0.016568012535572052,0.48190513253211975,0.3568236529827118,-0.018244892358779907,0.47551342844963074,0.3594055473804474,-0.01873617433011532,0.4637838900089264,0.3566133975982666,-0.017114238813519478,0.4915396273136139,0.3500954508781433,-0.014087075367569923,0.473496675491333,0.333971232175827,-0.025042351335287094,0.48076292872428894,0.3324674665927887,-0.022499682381749153,0.46707651019096375,0.337740421295166,-0.024783749133348465,0.46283531188964844,0.34236782789230347,-0.023223670199513435,0.45923343300819397,0.3650864064693451,-0.014526361599564552,0.5148363709449768,0.4684230089187622,0.011961369775235653,0.46248090267181396,0.35062989592552185,-0.01690962165594101,0.4291400909423828,0.3655684292316437,0.003469994990155101,0.4484233260154724,0.36146846413612366,-0.012344026938080788,0.49409258365631104,0.3946321904659271,-0.01406328659504652,0.5282164812088013,0.4230007529258728,-0.011150349862873554,0.5285499691963196,0.4297718107700348,-0.006832966580986977,0.5196922421455383,0.42812788486480713,-0.010271263308823109,0.5129076242446899,0.4318182170391083,-0.007761194370687008,0.5211718678474426,0.4321502447128296,-0.007016153074800968,0.5147009491920471,0.43401724100112915,-0.0045442427508533,0.5049930810928345,0.44440409541130066,0.002772219479084015,0.5313217043876648,0.3963279128074646,-0.030493739992380142,0.5296279191970825,0.38865065574645996,-0.033982738852500916,0.45416414737701416,0.34105759859085083,-0.027201086282730103,0.5016016364097595,0.3676058053970337,-0.015890788286924362,0.5118799209594727,0.3972736597061157,-0.0214407779276371,0.5095980167388916,0.39216485619544983,-0.0206434428691864,0.47178107500076294,0.4005342125892639,-0.01447808276861906,0.5262775421142578,0.37756311893463135,-0.032967355102300644,0.47280776500701904,0.3282146453857422,-0.033092379570007324,0.46220970153808594,0.333426833152771,-0.031491123139858246,0.4306832551956177,0.3063969314098358,-0.01909611001610756,0.501829981803894,0.32800227403640747,-0.027478668838739395,0.48704439401626587,0.3339157700538635,-0.018243877217173576,0.4993108808994293,0.43878477811813354,-3.8138085074024275e-05,0.4451090395450592,0.44265398383140564,0.039814528077840805,0.5167245864868164,0.40057235956192017,-0.016580816358327866,0.5220730304718018,0.4011756181716919,-0.013917072676122189,0.502953052520752,0.43666037917137146,0.0006565068033523858,0.5046476125717163,0.4365321099758148,0.0002408938016742468,0.4569776654243469,0.32895469665527344,-0.031121699139475822,0.5108439922332764,0.40019530057907104,-0.017255248501896858,0.48601242899894714,0.32623153924942017,-0.03184720128774643,0.4842965304851532,0.3194813132286072,-0.03492245078086853,0.46163707971572876,0.2772566080093384,-0.035528577864170074,0.44379475712776184,0.31646445393562317,-0.02670903131365776,0.4731690287590027,0.29570430517196655,-0.03629084676504135,0.44754207134246826,0.3377847373485565,-0.024524547159671783,0.4353105425834656,0.33103418350219727,-0.016774719581007957,0.528477668762207,0.42674022912979126,-0.00978101696819067,0.5205079317092896,0.43023717403411865,-0.008893939666450024,0.5138438940048218,0.43293067812919617,-0.006554540246725082,0.5179664492607117,0.4013284742832184,-0.014269574545323849,0.5038439035415649,0.43659231066703796,0.0005114783416502178,0.5083075761795044,0.43792980909347534,-0.00046983419451862574,0.5054571628570557,0.43647047877311707,0.00032628964981995523,0.521596372127533,0.3980993628501892,-0.02518920972943306,0.5152224898338318,0.4348052740097046,-0.0025128182023763657,0.5215838551521301,0.4333861470222473,-0.0033653341233730316,0.5283849239349365,0.43155184388160706,-0.0032097557559609413,0.5282245874404907,0.4518095850944519,0.008162370882928371,0.5293463468551636,0.4444279372692108,-3.909427050530212e-06,0.529218852519989,0.43979278206825256,-0.002218176843598485,0.5288451313972473,0.43532025814056396,-0.002133958972990513,0.5283383727073669,0.4317300021648407,-0.002570189069956541,0.5151302218437195,0.43495452404022217,-0.0019972282461822033,0.5146040320396423,0.4367079734802246,-0.0018380259862169623,0.5139036178588867,0.4391990900039673,-0.0020311318803578615,0.5133241415023804,0.44193246960639954,-0.0009299900266341865,0.506997287273407,0.42338883876800537,-0.008578735403716564,0.4270605146884918,0.4018952548503876,0.03590506687760353,0.5338660478591919,0.39975303411483765,-0.01727607473731041,0.510113000869751,0.43582862615585327,-0.0007108558202162385,0.5093126893043518,0.4367545247077942,-0.0005601586308330297,0.5247079133987427,0.4035326838493347,-0.012924982234835625,0.5125877857208252,0.40392592549324036,-0.010388751514256,0.5234716534614563,0.40240612626075745,-0.01365435216575861,0.49574607610702515,0.37453827261924744,-0.01511008944362402,0.48658668994903564,0.38454464077949524,-0.01578092947602272,0.508142352104187,0.3956461548805237,-0.01676817797124386,0.44320765137672424,0.2906351685523987,-0.029049541801214218,0.4558549225330353,0.30444252490997314,-0.03285256773233414,0.46942898631095886,0.32201746106147766,-0.03455096855759621,0.5117694139480591,0.44848668575286865,0.003421361092478037,0.49923446774482727,0.31755000352859497,-0.03257187455892563,0.4894580543041229,0.28985798358917236,-0.03542839735746384,0.47977572679519653,0.2676870822906494,-0.035642046481370926,0.4686387777328491,0.35960653424263,-0.018092768266797066,0.45251813530921936,0.3744678795337677,-0.012200800701975822,0.4941232204437256,0.3474114239215851,-0.012860076501965523,0.4563307762145996,0.34883028268814087,-0.02072140760719776,0.5056954026222229,0.3610280752182007,-0.01761406846344471,0.5169194340705872,0.3938777446746826,-0.026646647602319717,0.44426825642585754,0.38269633054733276,-0.007010861299932003,0.4607427716255188,0.37984412908554077,-0.01489056646823883,0.4720662832260132,0.3805706202983856,-0.016682764515280724,0.4847380816936493,0.3739257752895355,-0.015484755858778954,0.4922999143600464,0.3666265606880188,-0.014255216345191002,0.4974851608276367,0.36086082458496094,-0.014292159117758274,0.5144239068031311,0.34789490699768066,-0.02334434725344181,0.4496276080608368,0.4013068675994873,-0.00472942553460598,0.45006752014160156,0.35003718733787537,-0.020398739725351334,0.5322968363761902,0.39934787154197693,-0.026628931984305382,0.5053630471229553,0.3767370283603668,-0.01607874594628811,0.4188399612903595,0.36286434531211853,0.021608661860227585,0.5018996000289917,0.35552388429641724,-0.014674631878733635,0.5059131383895874,0.3955433666706085,-0.010709667578339577,0.4596909284591675,0.3518812358379364,-0.016619086265563965,0.5142412781715393,0.38758984208106995,-0.025509249418973923,0.4340376555919647,0.42245033383369446,0.0390944741666317,0.49230125546455383,0.3447059988975525,-0.012638346292078495,0.5203143954277039,0.38181743025779724,-0.030589941889047623,0.47688916325569153,0.46060046553611755,0.019015831872820854,0.47407472133636475,0.4682142734527588,0.030871471390128136,0.43607455492019653,0.4036990702152252,0.015009082853794098,0.4631711542606354,0.4520626664161682,0.020879648625850677,0.4310961961746216,0.346899151802063,-0.0055539715103805065,0.5138920545578003,0.4764520823955536,0.016904864460229874,0.531480610370636,0.40041887760162354,-0.0176079198718071,0.5003112554550171,0.38461071252822876,-0.01414025854319334,0.4405568242073059,0.3645702600479126,-0.008419039659202099,0.4755493700504303,0.3537023067474365,-0.01879049278795719,0.4811258316040039,0.3518221974372864,-0.018460754305124283,0.5073391199111938,0.43927815556526184,0.00015376918599940836,0.4536171853542328,0.41816291213035583,0.0021114402916282415,0.5251548886299133,0.48171886801719666,0.023832671344280243,0.5021533370018005,0.4790008068084717,0.025474073365330696,0.48994341492652893,0.47513461112976074,0.027480866760015488,0.5063794255256653,0.28390130400657654,-0.030743787065148354,0.5366696119308472,0.4772389531135559,0.027173319831490517,0.48530519008636475,0.34910592436790466,-0.016972944140434265,0.4890351891517639,0.3463038504123688,-0.014890333637595177,0.49144217371940613,0.3451261520385742,-0.013140730559825897,0.4424547255039215,0.34900376200675964,-0.016478555276989937,0.48576873540878296,0.3387175500392914,-0.01743501052260399,0.47990021109580994,0.33716094493865967,-0.020234979689121246,0.4744422435760498,0.33869126439094543,-0.021800611168146133,0.4691624343395233,0.34215494990348816,-0.021863391622900963,0.46600115299224854,0.3456609547138214,-0.020644990727305412,0.418806254863739,0.3419301509857178,0.007836779579520226,0.4707666039466858,0.3537827432155609,-0.01834949292242527,0.5326070785522461,0.40745848417282104,-0.009576255455613136,0.5129857063293457,0.41689333319664,-0.010200493969023228,0.5172884464263916,0.39969348907470703,-0.019247306510806084,0.5251724123954773,0.4109887182712555,-0.011701385490596294,0.5156885981559753,0.3312550187110901,-0.021690918132662773,0.49005165696144104,0.46767693758010864,0.01933523453772068,0.5016934871673584,0.4723663926124573,0.018731271848082542,0.526370108127594,0.4772276282310486,0.016492601484060287,0.4592549800872803,0.458013117313385,0.03597865253686905,0.4902458190917969,0.3424791097640991,-0.014787270687520504,0.5140525102615356,0.36380457878112793,-0.02344096451997757,0.5380578637123108,0.4726092517375946,0.01999707706272602,0.5140524506568909,0.48168709874153137,0.02314651943743229,0.4418085515499115,0.4221450686454773,0.01957106404006481,0.5215181112289429,0.433560311794281,-0.00278116250410676,0.5213702917098999,0.43646669387817383,-0.0026506371796131134,0.5212516784667969,0.4401257634162903,-0.0028452591504901648,0.5212600231170654,0.4443172216415405,-0.001297386479564011,0.519546627998352,0.45132750272750854,0.004457848146557808,0.5090836882591248,0.43537309765815735,-0.0023871753364801407,0.5080358386039734,0.43494749069213867,-0.0033413246273994446,0.5070857405662537,0.43442559242248535,-0.0042065964080393314,0.5021334886550903,0.43090444803237915,-0.005663435440510511,0.4678017795085907,0.4204963147640228,-0.005577875766903162,0.5100388526916504,0.3539124131202698,-0.020099256187677383,0.49853456020355225,0.3382708430290222,-0.015177578665316105,0.4930374026298523,0.33934879302978516,-0.015092817135155201,0.5100992918014526,0.4357485771179199,-0.0010045302333310246,0.4681854546070099,0.44014567136764526,0.007798102684319019,0.5070379376411438,0.3376471996307373,-0.02058437094092369,0.5166543126106262,0.4596051871776581,0.008874859660863876,0.5276576280593872,0.36452552676200867,-0.0293255802243948,0.5187905430793762,0.35843053460121155,-0.026895593851804733,0.5239879488945007,0.3547700047492981,-0.026398563757538795,0.5123775005340576,0.37878942489624023,-0.021650435402989388,0.5379570722579956,0.46539923548698425,0.014860540628433228,0.5367183685302734,0.456471711397171,0.012875223532319069,0.5274820923805237,0.46012258529663086,0.010621673427522182,0.4987134635448456,0.45036599040031433,0.005555996671319008,0.5014299154281616,0.4041300415992737,-0.009854438714683056,0.5070272088050842,0.456238329410553,0.007701532449573278,0.48543408513069153,0.4088505208492279,-0.012794003821909428,0.49713027477264404,0.4150271415710449,-0.009432864375412464,0.4809207618236542,0.4241877496242523,-0.007353125140070915,0.527068018913269,0.46966689825057983,0.01182621717453003,0.508109450340271,0.38400521874427795,-0.01754366047680378,0.49283477663993835,0.45860421657562256,0.01102484855800867,0.5037421584129333,0.4640289545059204,0.012972354888916016,0.49206438660621643,0.44249671697616577,0.0010892392601817846,0.45754507184028625,0.431721568107605,0.008585595525801182,0.48145100474357605,0.4468045234680176,0.004929136019200087,0.44989824295043945,0.43833333253860474,0.0225530918687582,0.4932710528373718,0.427423894405365,-0.006693651434034109,0.5095754861831665,0.3701132833957672,-0.01949688047170639,0.5198432207107544,0.3974224627017975,-0.02704732120037079,0.5145680904388428,0.3997473120689392,-0.02057383581995964,0.5232421159744263,0.3912448287010193,-0.0310010127723217,0.4934844374656677,0.33308225870132446,-0.02037731185555458,0.48335543274879456,0.331143319606781,-0.025537559762597084,0.47412413358688354,0.33245649933815,-0.02803732082247734,0.4660540819168091,0.33629682660102844,-0.027897566556930542,0.4599284827709198,0.3417917788028717,-0.02565000019967556,0.4551844596862793,0.3565061092376709,-0.015200388617813587,0.43168720602989197,0.38494032621383667,0.009050765074789524,0.46490758657455444,0.3679051101207733,-0.015657881274819374,0.4736897349357605,0.36843571066856384,-0.016522251069545746,0.4826410710811615,0.3645891845226288,-0.016000671312212944,0.48955488204956055,0.35934507846832275,-0.014625714160501957,0.4943036437034607,0.3548724055290222,-0.013113872148096561,0.49794241786003113,0.35151734948158264,-0.012643711641430855,0.4223287105560303,0.3820967376232147,0.03035474568605423,0.51396244764328,0.4012469947338104,-0.01715334691107273,0.5175493359565735,0.3725612163543701,-0.026210106909275055,0.525946855545044,0.39689362049102783,-0.029613899067044258,0.5280068516731262,0.3994665741920471,-0.025080280378460884,0.5247583389282227,0.3980614244937897,-0.026641957461833954,0.5151953101158142,0.4027211666107178,-0.013650828041136265,0.5300247073173523,0.39968791604042053,-0.026132605969905853,0.5292840600013733,0.4008161127567291,-0.018420225009322166,0.49538567662239075,0.3447172939777374,-0.012002797797322273,0.5005145072937012,0.34640565514564514,-0.013372654095292091,0.5048699975013733,0.3482201099395752,-0.016093572601675987,0.464123398065567,0.34832239151000977,-0.0190974660217762,0.4599798917770386,0.34713926911354065,-0.02029808610677719,0.5317274332046509,0.3635280728340149,-0.024854158982634544,0.5442863702774048,0.31626224517822266,0.016016637906432152,0.5378986597061157,0.39501291513442993,-0.015747185796499252,0.5489935874938965,0.2741912305355072,0.045085981488227844,0.5312328338623047,0.3322598338127136,0.005056686699390411,0.5368165969848633,0.33034592866897583,0.007772774435579777,0.5419208407402039,0.32773303985595703,0.011308453045785427,0.5457581281661987,0.31852760910987854,0.018531765788793564,0.5268405079841614,0.33242860436439514,0.0030004926957190037,0.5377424955368042,0.30630794167518616,0.0022811212111264467,0.531387209892273,0.309947669506073,-0.0009385488228872418,0.5430495738983154,0.305109441280365,0.006740305107086897,0.5459326505661011,0.3063860237598419,0.010819469578564167,0.550836443901062,0.32304832339286804,0.02385006658732891,0.5509170293807983,0.4478369951248169,0.027387235313653946,0.5450464487075806,0.3126039505004883,0.018364448100328445,0.5570755004882812,0.31086233258247375,0.05604903772473335,0.5530442595481873,0.3139571249485016,0.03076978772878647,0.5481728911399841,0.37013739347457886,0.007544668857008219,0.5408187508583069,0.4171717166900635,-0.005784717854112387,0.5400289297103882,0.42446547746658325,-0.0019216431537643075,0.5445542335510254,0.4159908890724182,0.0008482277626171708,0.546795129776001,0.4160546362400055,0.007626575417816639,0.5430336594581604,0.4221366345882416,0.0026162441354244947,0.5451086759567261,0.42055851221084595,0.008400246500968933,0.5505242943763733,0.42185676097869873,0.022740596905350685,0.5397322177886963,0.39216145873069763,-0.02756410650908947,0.5395654439926147,0.3840792179107666,-0.03047516942024231,0.5532110333442688,0.29848116636276245,0.013399915769696236,0.5338415503501892,0.35324016213417053,-0.001778741367161274,0.5445125102996826,0.38204658031463623,-0.008312638849020004,0.542772650718689,0.3769312798976898,-0.007096948567777872,0.5603972673416138,0.36027997732162476,0.021556250751018524,0.5357851386070251,0.373240202665329,-0.028510747477412224,0.5445648431777954,0.2972109019756317,-0.004765444900840521,0.5502797961235046,0.29602792859077454,0.0038916761986911297,0.5457091331481934,0.26180845499038696,0.027687445282936096,0.5236486792564392,0.3150562345981598,-0.01802683062851429,0.5261053442955017,0.3155008852481842,-0.0008186662453226745,0.5529086589813232,0.41281020641326904,0.024272559210658073,0.5567911863327026,0.3878961205482483,0.08823240548372269,0.541740894317627,0.38873130083084106,-0.0069463313557207584,0.5387753248214722,0.39354512095451355,-0.009078511968255043,0.5490997433662415,0.4175902307033539,0.021556032821536064,0.5481322407722473,0.4184877276420593,0.018558796495199203,0.5513806939125061,0.2891070246696472,0.006526601500809193,0.5438346266746521,0.3849678635597229,-0.004415468312799931,0.5358158349990845,0.30252233147621155,-0.012396655976772308,0.5362274646759033,0.29509127140045166,-0.014924955554306507,0.5299415588378906,0.2516668438911438,-0.008632692508399487,0.5485259294509888,0.2740098536014557,0.014863710850477219,0.5331971049308777,0.27195748686790466,-0.01327719446271658,0.5541137456893921,0.29252737760543823,0.018910568207502365,0.5520383715629578,0.2832390069961548,0.030318118631839752,0.5407406687736511,0.42114824056625366,-0.004471630789339542,0.5439446568489075,0.41927602887153625,0.00152542011346668,0.5460934638977051,0.4183056354522705,0.007475367281585932,0.5406442284584045,0.39065465331077576,-0.006337490864098072,0.5486066341400146,0.41806644201278687,0.019796395674347878,0.5478029847145081,0.42119166254997253,0.01567954756319523,0.5475759506225586,0.4189806878566742,0.01811782643198967,0.5417190790176392,0.38831275701522827,-0.016218798235058784,0.5441048741340637,0.42239999771118164,0.00976705551147461,0.5419740676879883,0.4243662655353546,0.005680846981704235,0.5390381217002869,0.4267301857471466,0.0018055046675726771,0.541530966758728,0.4448848068714142,0.013082225807011127,0.5421715974807739,0.4381158947944641,0.005245145410299301,0.5417016744613647,0.43367695808410645,0.0032183609437197447,0.5405648946762085,0.42974138259887695,0.003220497164875269,0.5390347242355347,0.4268079996109009,0.0025108845438808203,0.5441443920135498,0.4224082827568054,0.01029043085873127,0.5454654097557068,0.423274964094162,0.010427642613649368,0.5467374920845032,0.42471128702163696,0.010711763054132462,0.5477004647254944,0.4267202317714691,0.012859603390097618,0.5493630170822144,0.40340808033943176,0.009279386140406132,0.5546237230300903,0.3445449471473694,0.09011100232601166,0.5457305908203125,0.420806884765625,0.014807656407356262,0.5468418002128601,0.4208977520465851,0.014985223300755024,0.5376152992248535,0.3977403938770294,-0.0081479512155056,0.5423649549484253,0.3902871012687683,-0.00022356682165991515,0.5381896495819092,0.3957805335521698,-0.008978369645774364,0.5389600396156311,0.35530081391334534,0.0038377009332180023,0.548332154750824,0.3569307327270508,0.009914291091263294,0.5430136919021606,0.37969985604286194,-0.00282165315002203,0.5400561690330505,0.25376731157302856,0.009148700162768364,0.5426783561706543,0.2696009874343872,0.0006046474445611238,0.545214831829071,0.28928834199905396,-0.0046569593250751495,0.548664391040802,0.42949458956718445,0.01972399279475212,0.5245871543884277,0.3034707307815552,-0.022343752905726433,0.5214998126029968,0.2772310972213745,-0.023436905816197395,0.5170258283615112,0.25378426909446716,-0.022040890529751778,0.5449514985084534,0.3235483765602112,0.015416269190609455,0.5562325716018677,0.3269957900047302,0.03036505915224552,0.5241267681121826,0.3318891227245331,0.00235962588340044,0.5498197674751282,0.30727702379226685,0.018388886004686356,0.5304555892944336,0.34997156262397766,-0.006291242782026529,0.5436218976974487,0.38142451643943787,-0.015979526564478874,0.5622454881668091,0.33041447401046753,0.0411796048283577,0.5566164255142212,0.33576881885528564,0.025043927133083344,0.5528695583343506,0.343254029750824,0.017196398228406906,0.5433641672134399,0.3467618525028229,0.01040563266724348,0.5355641841888428,0.34628307819366455,0.0053876484744250774,0.530437707901001,0.3450661301612854,0.0004081105871591717,0.5244942903518677,0.34344202280044556,-0.018475377932190895,0.5656623244285583,0.3486870527267456,0.043165020644664764,0.5529282093048096,0.3045578896999359,0.022346043959259987,0.5375761985778809,0.3966484069824219,-0.024283623322844505,0.5362343788146973,0.36295974254608154,-0.002494084183126688,0.5515358448028564,0.30715909600257874,0.0774763822555542,0.5266349911689758,0.3431834280490875,-0.0031603025272488594,0.5417695045471191,0.37927430868148804,0.003232519142329693,0.5465232133865356,0.3123267590999603,0.020469244569540024,0.5412305593490601,0.375250905752182,-0.014660566113889217,0.5563203692436218,0.36510324478149414,0.09096325188875198,0.523127555847168,0.3285943567752838,0.003319438314065337,0.5388306975364685,0.37332838773727417,-0.022683504968881607,0.559848964214325,0.416713148355484,0.05446430668234825,0.5564983487129211,0.4238485097885132,0.06733658164739609,0.5630275011062622,0.3460116386413574,0.06735590100288391,0.5621920824050903,0.40197479724884033,0.06269093602895737,0.5544082522392273,0.2956932485103607,0.04470539093017578,0.5515602231025696,0.4542674124240875,0.03365446999669075,0.535791277885437,0.3983665704727173,-0.016163913533091545,0.5405997037887573,0.3665589690208435,0.002615798031911254,0.5547625422477722,0.31346145272254944,0.039011839777231216,0.5406519770622253,0.32240572571754456,0.010790984146296978,0.536094069480896,0.325361430644989,0.007689603604376316,0.5486113429069519,0.42183956503868103,0.017585447058081627,0.566161036491394,0.3656763732433319,0.048168472945690155,0.5451470613479614,0.46990296244621277,0.033187732100486755,0.551906406879425,0.44978067278862,0.04888945072889328,0.5538934469223022,0.43870416283607483,0.05703483521938324,0.531161367893219,0.3269423842430115,0.005322569981217384,0.5267009735107422,0.3277066648006439,0.004250219091773033,0.5241895914077759,0.3284587860107422,0.004058707971125841,0.553950846195221,0.3006756603717804,0.029552588239312172,0.5261868238449097,0.31964701414108276,0.0021919473074376583,0.5304669141769409,0.3145366609096527,0.002607941860333085,0.5356653928756714,0.3114889860153198,0.004802770912647247,0.5403798222541809,0.3104831874370575,0.008403670974075794,0.5429456233978271,0.3111695945262909,0.011795658618211746,0.5509377121925354,0.28839585185050964,0.06255999207496643,0.54307621717453,0.31923776865005493,0.013799850828945637,0.545654833316803,0.4017396569252014,0.003389370860531926,0.5423586368560791,0.38774022459983826,-0.01001103688031435,0.5390415191650391,0.4045763313770294,-0.006074427627027035,0.5566242337226868,0.43070152401924133,0.047963254153728485,0.5539020299911499,0.44222792983055115,0.04126020148396492,0.5468877553939819,0.465089350938797,0.025587577372789383,0.5570318698883057,0.4078647494316101,0.07902917265892029,0.5240541696548462,0.3252100348472595,0.0027519792784005404,0.5312625765800476,0.3561027944087982,-0.0157858207821846,0.5496285557746887,0.46050959825515747,0.04047146067023277,0.5636875629425049,0.36485928297042847,0.06962591409683228,0.5420198440551758,0.4244025945663452,0.006329010706394911,0.5435572266578674,0.4263177812099457,0.006762896664440632,0.5448371767997742,0.42911726236343384,0.007083428092300892,0.54575514793396,0.4328456223011017,0.009144330397248268,0.5458918809890747,0.4374749958515167,0.016217242926359177,0.546714723110199,0.41937345266342163,0.013784881681203842,0.5475912690162659,0.41794806718826294,0.014402315951883793,0.5482827425003052,0.41651102900505066,0.014783377759158611,0.5519766211509705,0.40716445446014404,0.016704263165593147,0.5642132759094238,0.37523791193962097,0.033262480050325394,0.5273258090019226,0.3462863862514496,-0.012106021866202354,0.5209918022155762,0.3256906569004059,-0.005009958986192942,0.5226051807403564,0.32405662536621094,-0.00038671522634103894,0.5456723570823669,0.4208589792251587,0.014554545283317566,0.5633286237716675,0.3933686316013336,0.04707998409867287,0.5201165676116943,0.32938727736473083,-0.014498435892164707,0.5482132434844971,0.44211843609809875,0.022095903754234314,0.5284423828125,0.35409268736839294,-0.022789593786001205,0.5368614196777344,0.36776962876319885,-0.01167834922671318,0.5435619354248047,0.45114225149154663,0.016981657594442368,0.5543720722198486,0.421646386384964,0.028809048235416412,0.5465026497840881,0.3835158944129944,0.007598952855914831,0.5514423847198486,0.43236255645751953,0.026058072224259377,0.5569628477096558,0.3757505714893341,0.015047022141516209,0.5520980358123779,0.38942834734916687,0.01246007438749075,0.5608158111572266,0.3861951529979706,0.024434978142380714,0.5462802052497864,0.45866480469703674,0.020321335643529892,0.5384325385093689,0.37038716673851013,-0.005060082767158747,0.5570531487464905,0.4241119921207428,0.037996791303157806,0.5535565614700317,0.436173677444458,0.033680565655231476,0.5571280121803284,0.4102327227592468,0.02931775338947773,0.5652145743370056,0.38012146949768066,0.05258505046367645,0.5607506632804871,0.4066287875175476,0.03782205283641815,0.5633332133293152,0.38316190242767334,0.06997941434383392,0.5558673143386841,0.3977423906326294,0.019210325554013252,0.5335743427276611,0.359375,-0.008700456470251083,0.5432108640670776,0.386128693819046,-0.01733531430363655,0.5440452098846436,0.38583388924598694,-0.009499968029558659,0.5420253872871399,0.3823288083076477,-0.023281676694750786,0.5246421098709106,0.3164362907409668,-0.006340608466416597,0.5332080125808716,0.30768394470214844,-0.004784100688993931,0.5408964157104492,0.3034013509750366,-0.000818196393083781,0.5465578436851501,0.30198508501052856,0.005027772858738899,0.5493901968002319,0.3033200204372406,0.011136657558381557,0.5494792461395264,0.3135494291782379,0.024309992790222168,0.5607208609580994,0.3280300498008728,0.06271888315677643,0.5499461889266968,0.32863807678222656,0.020364727824926376,0.5464941263198853,0.334465891122818,0.0148475868627429,0.5397459268569946,0.33770760893821716,0.009779966436326504,0.5328302979469299,0.3385924994945526,0.005676871631294489,0.5279641151428223,0.33835098147392273,0.0022138801869004965,0.5248593688011169,0.3378482460975647,-0.00013028022658545524,0.5523264408111572,0.3257960081100464,0.08588395267724991,0.5431374311447144,0.38757339119911194,-0.006299630273133516,0.5346927046775818,0.36479976773262024,-0.01839505136013031,0.5418643355369568,0.3889102339744568,-0.023410068824887276,0.5389010906219482,0.3937615752220154,-0.021472131833434105,0.5409123301506042,0.38991954922676086,-0.020291168242692947,0.5418082475662231,0.39039281010627747,-0.004568073432892561,0.5386818051338196,0.3952270746231079,-0.023195961490273476,0.5370426177978516,0.3969349265098572,-0.01594998687505722,0.5222207307815552,0.3303549885749817,0.001238483004271984,0.5218941569328308,0.334933340549469,-0.0035044101532548666,0.5229756236076355,0.3384544253349304,-0.007922884076833725,0.5442500114440918,0.3119714558124542,0.014821785502135754,0.5471553802490234,0.30831608176231384,0.01574213244020939,0.4731587767601013,0.3465745449066162,-0.017731526866555214,0.48006296157836914,0.3437388241291046,-0.017731526866555214,0.47115910053253174,0.33695149421691895,-0.017731526866555214,0.4661644399166107,0.34942248463630676,-0.017731526866555214,0.47524294257164,0.35613834857940674,-0.017731526866555214,0.5312621593475342,0.3189491331577301,0.0081867640838027,0.5376128554344177,0.3163995146751404,0.0081867640838027,0.5292638540267944,0.31076693534851074,0.0081867640838027,0.5248319506645203,0.32148197293281555,0.0081867640838027,0.5332781076431274,0.3271006941795349,0.0081867640838027
3366.6666666666706,0.5368897914886475,0.4210105538368225,-0.009101745672523975,0.5373995304107666,0.39479056000709534,-0.029237795621156693,0.5334404110908508,0.4013039469718933,-0.012135108932852745,0.5242789387702942,0.36762621998786926,-0.029191484674811363,0.5364807844161987,0.38666918873786926,-0.03263525292277336,0.5328971743583679,0.37492835521698,-0.0323084220290184,0.5214654207229614,0.3439013957977295,-0.023167777806520462,0.4679916799068451,0.35196733474731445,-0.0179552361369133,0.515483558177948,0.31966108083724976,-0.02381793037056923,0.5136847496032715,0.30760693550109863,-0.027760960161685944,0.50149005651474,0.2593066692352295,-0.030124876648187637,0.5371164083480835,0.4240094721317291,-0.007730414159595966,0.5368407368659973,0.42693397402763367,-0.005266709253191948,0.536179780960083,0.4288868308067322,-0.0013651128392666578,0.5361230969429016,0.4290887415409088,-0.0006292568286880851,0.5371674299240112,0.4328913986682892,7.885119703132659e-05,0.5378913879394531,0.43733349442481995,8.540015551261604e-05,0.538038432598114,0.4419240355491638,0.0025044570211321115,0.5370593070983887,0.4488895833492279,0.010502686724066734,0.5364974141120911,0.3984661102294922,-0.025565752759575844,0.5287840366363525,0.4003567397594452,-0.0191599540412426,0.4237423837184906,0.32292065024375916,-0.007442844100296497,0.48860833048820496,0.35296630859375,-0.016727682203054428,0.4831203818321228,0.35612863302230835,-0.018436159938573837,0.4767288565635681,0.35866716504096985,-0.01896400935947895,0.46503809094429016,0.3558768332004547,-0.017417699098587036,0.49277225136756897,0.3496318757534027,-0.014163842424750328,0.4750337600708008,0.33315014839172363,-0.025132063776254654,0.4822828769683838,0.3317229747772217,-0.022540949285030365,0.4685715138912201,0.3368830978870392,-0.024925725534558296,0.46426481008529663,0.34151124954223633,-0.02342735044658184,0.46038129925727844,0.3643523156642914,-0.014890455640852451,0.5161129832267761,0.46810102462768555,0.011564886197447777,0.4638488292694092,0.3498604893684387,-0.017190225422382355,0.43018266558647156,0.3645457923412323,0.0028116945177316666,0.44958919286727905,0.3606365919113159,-0.012762914411723614,0.4955393373966217,0.39437049627304077,-0.014296078123152256,0.5293683409690857,0.4223434329032898,-0.011247355490922928,0.5297641158103943,0.4293534457683563,-0.0070066191256046295,0.5208766460418701,0.42751097679138184,-0.010484259575605392,0.5141711831092834,0.431206077337265,-0.008095212280750275,0.5224468111991882,0.4316871166229248,-0.007281373254954815,0.5160354971885681,0.4335192143917084,-0.004905635491013527,0.5064263939857483,0.44429707527160645,0.002285317750647664,0.5326550006866455,0.39654773473739624,-0.030286574736237526,0.5310161709785461,0.3888222575187683,-0.03374288231134415,0.4555845856666565,0.34012651443481445,-0.02739088423550129,0.5030999779701233,0.36740076541900635,-0.015938473865389824,0.5134056806564331,0.3972397446632385,-0.021462582051753998,0.5111322999000549,0.3921014070510864,-0.02068060263991356,0.47315800189971924,0.4000847339630127,-0.014923841692507267,0.5276884436607361,0.377694696187973,-0.032722357660532,0.4744594991207123,0.32734617590904236,-0.033030230551958084,0.4637737274169922,0.33250707387924194,-0.03153068572282791,0.43202346563339233,0.3050507605075836,-0.019346186891198158,0.5033987760543823,0.32734400033950806,-0.02721262164413929,0.48850759863853455,0.33326250314712524,-0.018278351053595543,0.5007890462875366,0.4386395514011383,-0.0005549705238081515,0.4460108280181885,0.44215238094329834,0.0387541800737381,0.5182114243507385,0.400605171918869,-0.01660880073904991,0.5234814286231995,0.4012497365474701,-0.013871155679225922,0.5044375658035278,0.43606600165367126,0.0001340118033112958,0.5061497092247009,0.43597251176834106,-0.00026028501451946795,0.45857563614845276,0.3279474675655365,-0.031197264790534973,0.5123546123504639,0.40014973282814026,-0.01731216162443161,0.4876646399497986,0.3254100978374481,-0.03167734667658806,0.48603177070617676,0.31857696175575256,-0.03471655398607254,0.46328455209732056,0.2761395573616028,-0.035370633006095886,0.4451945722103119,0.31518369913101196,-0.026880739256739616,0.47479918599128723,0.29470986127853394,-0.036118242889642715,0.4489727020263672,0.33675310015678406,-0.02476208470761776,0.4365665912628174,0.3297739326953888,-0.01713063381612301,0.5296545624732971,0.4261995553970337,-0.009918976575136185,0.521736741065979,0.4296998381614685,-0.009141888469457626,0.5151348114013672,0.4323772192001343,-0.006904611364006996,0.5194344520568848,0.4013656973838806,-0.014264652505517006,0.5053386092185974,0.4360188841819763,7.0762462200946175e-06,0.5097122192382812,0.4374256432056427,-0.0009075956186279655,0.5069615244865417,0.4359228014945984,-0.00015695458569098264,0.5230274796485901,0.39822444319725037,-0.025112688541412354,0.5165813565254211,0.4343340992927551,-0.002881719497963786,0.5228857398033142,0.4329640865325928,-0.003651491366326809,0.5296220183372498,0.43118149042129517,-0.0034083069767802954,0.5295156836509705,0.4517672061920166,0.00803645234555006,0.5305184125900269,0.4444587230682373,-0.00010273540101479739,0.5304078459739685,0.43972137570381165,-0.0023275762796401978,0.5300567746162415,0.4351186454296112,-0.0022663322743028402,0.5295602679252625,0.43140536546707153,-0.0027144041378051043,0.5164785981178284,0.43451160192489624,-0.002320547355338931,0.5159468054771423,0.43629252910614014,-0.002152012661099434,0.5152282118797302,0.43879979848861694,-0.0023623607121407986,0.5146327614784241,0.44154825806617737,-0.0012850722996518016,0.5084160566329956,0.42327725887298584,-0.008905996568500996,0.42788559198379517,0.4010937809944153,0.03494809567928314,0.5351179838180542,0.39996975660324097,-0.017147552222013474,0.5115320086479187,0.4353336691856384,-0.0011304160580039024,0.5107226371765137,0.43626612424850464,-0.0009844597661867738,0.5260590314865112,0.4036048650741577,-0.012898579239845276,0.514045000076294,0.4038844108581543,-0.010468656197190285,0.5248490571975708,0.4024828374385834,-0.013610215857625008,0.4972210228443146,0.3742745816707611,-0.015253216959536076,0.48802754282951355,0.3841959834098816,-0.01601634919643402,0.5096599459648132,0.3955652415752411,-0.016849152743816376,0.444716215133667,0.2893497049808502,-0.029095252975821495,0.45737603306770325,0.30322954058647156,-0.03285704553127289,0.47114014625549316,0.3210563063621521,-0.03450578823685646,0.5131561160087585,0.44841131567955017,0.003012667177245021,0.5009374618530273,0.3167293667793274,-0.032249223440885544,0.49115070700645447,0.289093941450119,-0.03511469066143036,0.48150163888931274,0.2667641341686249,-0.035301994532346725,0.46986496448516846,0.3588405251502991,-0.018364300951361656,0.4535369873046875,0.3737435042858124,-0.01266495045274496,0.4953822195529938,0.34699150919914246,-0.012910909950733185,0.45764392614364624,0.3479935824871063,-0.021009359508752823,0.5072079300880432,0.3608514964580536,-0.017579132691025734,0.518412172794342,0.3939173221588135,-0.026581767946481705,0.44544678926467896,0.3819326162338257,-0.007601847406476736,0.4617217481136322,0.37921130657196045,-0.015330249443650246,0.473048597574234,0.3800555169582367,-0.017045974731445312,0.48578935861587524,0.37352454662323,-0.015711219981312752,0.49342501163482666,0.3662870526313782,-0.014401881955564022,0.49867862462997437,0.36055421829223633,-0.014346474781632423,0.5159538388252258,0.34780803322792053,-0.023100312799215317,0.4508213698863983,0.4006747305393219,-0.005389956757426262,0.4513641595840454,0.34912529587745667,-0.02072940580546856,0.5335973501205444,0.3995729684829712,-0.02645404264330864,0.506863534450531,0.3765999972820282,-0.016147926449775696,0.4197272062301636,0.36177462339401245,0.020841676741838455,0.503145158290863,0.3552119731903076,-0.0146583691239357,0.5074041485786438,0.3954514265060425,-0.010860107839107513,0.4609702229499817,0.351115882396698,-0.01692637987434864,0.5157462954521179,0.38758063316345215,-0.02545291744172573,0.4348921775817871,0.4217977225780487,0.03807706758379936,0.4935789704322815,0.34423795342445374,-0.012694391421973705,0.5217761993408203,0.3818654417991638,-0.030428757891058922,0.4780944287776947,0.46022501587867737,0.018201516941189766,0.47513410449028015,0.4679156541824341,0.029966238886117935,0.437063604593277,0.4029505252838135,0.014160762540996075,0.4643019437789917,0.4516181945800781,0.0199772696942091,0.43223950266838074,0.34575748443603516,-0.00607035867869854,0.5151061415672302,0.4760347306728363,0.016444727778434753,0.5327587723731995,0.4006135165691376,-0.01749902218580246,0.5017889738082886,0.38441377878189087,-0.014290091581642628,0.44166943430900574,0.3637180030345917,-0.008932840079069138,0.4768364727497101,0.3528369069099426,-0.019008589908480644,0.4824022054672241,0.35101765394210815,-0.01863848976790905,0.5087383389472961,0.43873777985572815,-0.0003121879999525845,0.4548186659812927,0.41760239005088806,0.0013621371472254395,0.5262573957443237,0.4813190698623657,0.02344140037894249,0.5033173561096191,0.47863641381263733,0.024824490770697594,0.49107733368873596,0.474825918674469,0.026702627539634705,0.5080963373184204,0.2833144962787628,-0.030298231169581413,0.5376893877983093,0.47691744565963745,0.026907898485660553,0.4865703284740448,0.34841737151145935,-0.017101779580116272,0.49028801918029785,0.3457513153553009,-0.014980757609009743,0.49269959330558777,0.3446443974971771,-0.013206880539655685,0.4437415599822998,0.34800097346305847,-0.016867009922862053,0.48720788955688477,0.3381415605545044,-0.017511991783976555,0.48141738772392273,0.3365022540092468,-0.020309165120124817,0.4759800136089325,0.3379710018634796,-0.021911147981882095,0.47068366408348083,0.3413870632648468,-0.022025588899850845,0.46746402978897095,0.34489157795906067,-0.02085731364786625,0.4198143482208252,0.34071779251098633,0.007231432478874922,0.4720795154571533,0.3529319167137146,-0.018592117354273796,0.5338431000709534,0.4074952006340027,-0.009535487741231918,0.5143691897392273,0.41681969165802,-0.010391722433269024,0.518777072429657,0.3997453451156616,-0.019228484481573105,0.5264923572540283,0.4109586775302887,-0.01172217819839716,0.5172373652458191,0.33102262020111084,-0.021358532831072807,0.4912874102592468,0.46731501817703247,0.018631398677825928,0.5029318928718567,0.471965491771698,0.018147559836506844,0.5275291204452515,0.476873517036438,0.01616796851158142,0.4602395296096802,0.4576461613178253,0.0349792055785656,0.49157431721687317,0.3419814705848694,-0.014848311431705952,0.5155509114265442,0.36374756693840027,-0.023301025852560997,0.5391189455986023,0.47232264280319214,0.019774246960878372,0.515200674533844,0.48128050565719604,0.022625789046287537,0.4428105056285858,0.42150646448135376,0.018654296174645424,0.5227998495101929,0.4331786334514618,-0.0030164518393576145,0.5226489901542664,0.436163067817688,-0.002875855891034007,0.5225059390068054,0.4399026036262512,-0.0030805692076683044,0.522491455078125,0.4441739320755005,-0.0015476810513064265,0.5208979845046997,0.45127072930336,0.004172609653323889,0.5105180144309998,0.43482789397239685,-0.002825078321620822,0.5094360113143921,0.43436628580093384,-0.003784844884648919,0.5084633231163025,0.4338059425354004,-0.004651803057640791,0.5035894513130188,0.43077245354652405,-0.00610583508387208,0.46912240982055664,0.4200477600097656,-0.006175898481160402,0.5115557909011841,0.3537771999835968,-0.019963106140494347,0.49993008375167847,0.33779969811439514,-0.01512597594410181,0.49440330266952515,0.33882445096969604,-0.015100579708814621,0.5115488171577454,0.4352307915687561,-0.0014480164973065257,0.46944913268089294,0.43971478939056396,0.007046437356621027,0.5084748268127441,0.3372250199317932,-0.020390816032886505,0.5179744362831116,0.4594196081161499,0.008542899042367935,0.5290777087211609,0.36466550827026367,-0.02901453711092472,0.5202843546867371,0.35844025015830994,-0.02664177305996418,0.5254518985748291,0.3548521101474762,-0.026080647483468056,0.5138711929321289,0.3787370026111603,-0.0216048751026392,0.539074718952179,0.46519267559051514,0.014714238233864307,0.5379024147987366,0.4563785791397095,0.012783381156623363,0.5287513732910156,0.4599752128124237,0.010439543053507805,0.5000940561294556,0.45016539096832275,0.005033571273088455,0.5028810501098633,0.40397658944129944,-0.010072839446365833,0.5083652138710022,0.4560460150241852,0.007255397271364927,0.48687082529067993,0.4085238575935364,-0.013145876117050648,0.4985688328742981,0.41483256220817566,-0.009762798435986042,0.4823334813117981,0.4238358736038208,-0.007857166230678558,0.5282906889915466,0.4693995714187622,0.011575818061828613,0.509616494178772,0.3839194178581238,-0.01758623495697975,0.4941566586494446,0.4582998752593994,0.01041439175605774,0.5050366520881653,0.46370550990104675,0.012456120923161507,0.49348539113998413,0.44226688146591187,0.0005347608239389956,0.4587336480617523,0.4312136173248291,0.007780849933624268,0.48279908299446106,0.4464702308177948,0.0042776381596922874,0.45094069838523865,0.4377879798412323,0.021597009152173996,0.49472200870513916,0.42720305919647217,-0.007126715499907732,0.5110718011856079,0.370013028383255,-0.01946837827563286,0.5213000774383545,0.39752107858657837,-0.02696441113948822,0.5160810351371765,0.3997518718242645,-0.020573172718286514,0.5246798396110535,0.3913598656654358,-0.030834272503852844,0.49496757984161377,0.3324553966522217,-0.020334787666797638,0.4849016070365906,0.3303857445716858,-0.025509146973490715,0.4756753742694855,0.33161914348602295,-0.028059666976332664,0.4675447642803192,0.3354065716266632,-0.027998732402920723,0.4613347053527832,0.34090086817741394,-0.025838209316134453,0.45641836524009705,0.35572513937950134,-0.015546044334769249,0.4326927065849304,0.38406237959861755,0.008283227682113647,0.4660260081291199,0.3672220706939697,-0.016009045764803886,0.4747982919216156,0.36781787872314453,-0.016798920929431915,0.4837719798088074,0.3640466034412384,-0.016203943639993668,0.4907321631908417,0.358892560005188,-0.014789590612053871,0.4955196678638458,0.3545001149177551,-0.013176211155951023,0.499197393655777,0.3511727750301361,-0.01266950462013483,0.42315882444381714,0.381146103143692,0.02947399765253067,0.5154615044593811,0.401239812374115,-0.01717831939458847,0.519020676612854,0.37256544828414917,-0.026071881875395775,0.5273367762565613,0.3970624506473541,-0.029456719756126404,0.5293346643447876,0.39964962005615234,-0.024931401014328003,0.5261382460594177,0.39822280406951904,-0.02651488594710827,0.516664981842041,0.4027132987976074,-0.01368218008428812,0.531340479850769,0.3998899757862091,-0.025968849658966064,0.5305836200714111,0.40099677443504333,-0.01831580139696598,0.4966806173324585,0.34428146481513977,-0.012021592818200588,0.5018224120140076,0.3460384011268616,-0.013337555341422558,0.506182074546814,0.34787407517433167,-0.01598524861037731,0.46553561091423035,0.3475550711154938,-0.01933879218995571,0.46133744716644287,0.34631603956222534,-0.020564258098602295,0.5331209301948547,0.3637009263038635,-0.02452336996793747,0.5459449887275696,0.31625258922576904,0.01641051471233368,0.5391020178794861,0.39529645442962646,-0.015577666461467743,0.5504430532455444,0.273837149143219,0.045774079859256744,0.5330830812454224,0.3323332667350769,0.005320923402905464,0.53866046667099,0.33038529753685,0.00809007603675127,0.5437324643135071,0.3277188837528229,0.011670326814055443,0.547522246837616,0.3185275197029114,0.018931156024336815,0.5286446809768677,0.33248600363731384,0.003252006135880947,0.5392791032791138,0.30651983618736267,0.0027260459028184414,0.5329351425170898,0.31018608808517456,-0.0005576007533818483,0.5445981025695801,0.3052331209182739,0.007220815401524305,0.547513484954834,0.30639779567718506,0.011289725080132484,0.5526915192604065,0.3229657709598541,0.02423817105591297,0.551860511302948,0.4478410482406616,0.027290072292089462,0.546684741973877,0.312658429145813,0.018775850534439087,0.5586075186729431,0.31061726808547974,0.0564475879073143,0.5549002885818481,0.313946396112442,0.031206632032990456,0.5494831800460815,0.37033846974372864,0.007746972143650055,0.541915237903595,0.4165596067905426,-0.005764814559370279,0.541206955909729,0.4240434169769287,-0.0019808027427643538,0.5457113981246948,0.4153440296649933,0.0008776971371844411,0.5480131506919861,0.4152885377407074,0.007614674977958202,0.5442418456077576,0.4216359257698059,0.002567476825788617,0.5463707447052002,0.41992413997650146,0.008315125480294228,0.5515056252479553,0.4221804738044739,0.02264251559972763,0.5409896969795227,0.39246901869773865,-0.027297809720039368,0.5408583879470825,0.3843716084957123,-0.030162625014781952,0.5547127723693848,0.29842981696128845,0.01401697937399149,0.5352349281311035,0.3533482849597931,-0.001534388866275549,0.5456529855728149,0.3824496567249298,-0.008059635758399963,0.5439484119415283,0.3773062527179718,-0.006847591605037451,0.5617774724960327,0.36046987771987915,0.021827824413776398,0.5371166467666626,0.37348446249961853,-0.02817436493933201,0.5459607839584351,0.2974835932254791,-0.004157874267548323,0.5517080426216125,0.29610922932624817,0.00455340975895524,0.5472366213798523,0.2613919675350189,0.028442511335015297,0.5251646041870117,0.3154711425304413,-0.017583956941962242,0.5276923775672913,0.3157026767730713,-0.0005111828213557601,0.5538657903671265,0.41320109367370605,0.024217354133725166,0.5580703020095825,0.3880891799926758,0.08824833482503891,0.5428775548934937,0.38911715149879456,-0.006765387486666441,0.5399308800697327,0.39385420083999634,-0.008929349482059479,0.5504534840583801,0.41650518774986267,0.02143414132297039,0.549483060836792,0.41750234365463257,0.018416082486510277,0.5527534484863281,0.2891169488430023,0.007203213404864073,0.5449563264846802,0.3853594660758972,-0.004204544238746166,0.5372282862663269,0.30295422673225403,-0.011849315837025642,0.5375621914863586,0.29544901847839355,-0.014327194541692734,0.5316073298454285,0.25116217136383057,-0.007909038104116917,0.5500122308731079,0.27361881732940674,0.01552341878414154,0.5348337292671204,0.2715146541595459,-0.01264972798526287,0.5555800795555115,0.29247331619262695,0.019541295245289803,0.5534656047821045,0.28288543224334717,0.030908802524209023,0.5418778657913208,0.42061805725097656,-0.004488653037697077,0.5451273322105408,0.4186954200267792,0.0015100862365216017,0.5473272204399109,0.4176011383533478,0.0074264188297092915,0.5417859554290771,0.39100852608680725,-0.006166179198771715,0.5499566197395325,0.41703200340270996,0.01966252736747265,0.5490809082984924,0.4203261435031891,0.015560447238385677,0.5489386320114136,0.4180426001548767,0.017980869859457016,0.5429072380065918,0.38868004083633423,-0.015956468880176544,0.54538893699646,0.42182064056396484,0.009663306176662445,0.5432040095329285,0.4239323139190674,0.005595399998128414,0.5402323007583618,0.4263652265071869,0.0017208168283104897,0.5426792502403259,0.44493988156318665,0.013059676624834538,0.5432605147361755,0.43807345628738403,0.005269496235996485,0.5428391098976135,0.43354374170303345,0.0032423692755401134,0.541736364364624,0.429493248462677,0.00322354375384748,0.5402336716651917,0.426447331905365,0.0024952858220785856,0.5454318523406982,0.42177659273147583,0.010227707214653492,0.5467100739479065,0.4226374328136444,0.010374010540544987,0.5479328632354736,0.424061119556427,0.01064867153763771,0.5488424301147461,0.4260716140270233,0.012783559039235115,0.550439715385437,0.40368878841400146,0.009316659532487392,0.5559982657432556,0.3444691300392151,0.09031807631254196,0.547074019908905,0.4200325608253479,0.0146963931620121,0.5481534600257874,0.42008671164512634,0.014872390776872635,0.5387717485427856,0.3979874849319458,-0.008024945855140686,0.5434930324554443,0.3906272351741791,-9.126388613367453e-05,0.5393437147140503,0.3960617482662201,-0.00883549079298973,0.5403395891189575,0.3554226756095886,0.004074918571859598,0.5497297048568726,0.3570658266544342,0.010187560692429543,0.544174313545227,0.3800624907016754,-0.0026081642135977745,0.5416532754898071,0.2533115744590759,0.009908124804496765,0.5442365407943726,0.26917025446891785,0.0012687448179349303,0.546531081199646,0.28947705030441284,-0.004021366126835346,0.5497084259986877,0.4297127425670624,0.019635958597064018,0.525994598865509,0.3038438558578491,-0.021831007674336433,0.5231881737709045,0.276756227016449,-0.02288392186164856,0.5187484622001648,0.2531946301460266,-0.02141014114022255,0.5467345118522644,0.32352617383003235,0.01580601930618286,0.5582132935523987,0.32685890793800354,0.030739935114979744,0.5258798003196716,0.33193835616111755,0.0026006600819528103,0.551490068435669,0.30723142623901367,0.018871774896979332,0.5318805575370789,0.35004252195358276,-0.0060284133069217205,0.544822633266449,0.38180267810821533,-0.015693137422204018,0.5637242197990417,0.3303987979888916,0.0415472611784935,0.558610737323761,0.3355993330478668,0.025397229939699173,0.5548416376113892,0.3430896997451782,0.017505168914794922,0.545276403427124,0.3466942608356476,0.010693437419831753,0.5374088883399963,0.3462717533111572,0.005632252432405949,0.5321924090385437,0.3450467884540558,0.0006508487858809531,0.5259823203086853,0.3434601128101349,-0.01813439466059208,0.5670894384384155,0.34880873560905457,0.04346467927098274,0.5545986294746399,0.30452701449394226,0.022877119481563568,0.5388337969779968,0.39692121744155884,-0.02405889518558979,0.5375520586967468,0.3631592094898224,-0.002275426173582673,0.5529863834381104,0.3068908154964447,0.07792045176029205,0.5283178687095642,0.34311559796333313,-0.0029168131295591593,0.5429372191429138,0.37961602210998535,0.0033735695760697126,0.5482602715492249,0.31236040592193604,0.020886842161417007,0.5424546003341675,0.37559956312179565,-0.01437389012426138,0.5576490163803101,0.3651665449142456,0.09107620269060135,0.5248032212257385,0.32865551114082336,0.00356210651807487,0.5401204228401184,0.37360692024230957,-0.022358400747179985,0.5609228014945984,0.41696247458457947,0.054360032081604004,0.5575681924819946,0.42408692836761475,0.06722261011600494,0.5644631385803223,0.3460119962692261,0.06757839024066925,0.5633910894393921,0.40223535895347595,0.06264584511518478,0.5558830499649048,0.2953942120075226,0.045204684138298035,0.5524502396583557,0.4541969895362854,0.033525627106428146,0.5370147824287415,0.39861008524894714,-0.016024328768253326,0.541894793510437,0.36676469445228577,0.002814219333231449,0.5566480755805969,0.3134896457195282,0.03944835439324379,0.5423914790153503,0.32238277792930603,0.011146653443574905,0.5378795266151428,0.32537519931793213,0.00801860075443983,0.549854040145874,0.4209265410900116,0.017463091760873795,0.56751549243927,0.36588290333747864,0.04835847392678261,0.5460519194602966,0.4696841835975647,0.03300676494836807,0.5527614951133728,0.44981223344802856,0.04874573275446892,0.5548258423805237,0.4388498067855835,0.056890204548835754,0.5329517722129822,0.32699280977249146,0.005623938050121069,0.5284647941589355,0.3277686536312103,0.004523324314504862,0.5259174704551697,0.3285329341888428,0.004314815625548363,0.5555849075317383,0.30065831542015076,0.030086031183600426,0.5277661681175232,0.3197377920150757,0.0024981065653264523,0.5319843888282776,0.3146968483924866,0.0029828017577528954,0.5371667742729187,0.311654269695282,0.005215717479586601,0.5419068336486816,0.310611367225647,0.00884058978408575,0.5445083975791931,0.31124842166900635,0.012222114019095898,0.5523681640625,0.2880971431732178,0.06313908100128174,0.5447686314582825,0.31919926404953003,0.01418034266680479,0.5467798113822937,0.4019814729690552,0.0034762548748403788,0.5435006618499756,0.38814204931259155,-0.009798969142138958,0.5402044057846069,0.404693603515625,-0.005979934707283974,0.5575888156890869,0.43087223172187805,0.04782287776470184,0.5548017024993896,0.4422837495803833,0.041117068380117416,0.5478493571281433,0.46491944789886475,0.025447621941566467,0.5582242608070374,0.4081305265426636,0.07899213582277298,0.5256889462471008,0.3252590000629425,0.003026410238817334,0.5326693654060364,0.3562350869178772,-0.015488071367144585,0.5504727363586426,0.46040332317352295,0.040328558534383774,0.5650700330734253,0.3649696111679077,0.06974822282791138,0.5432537794113159,0.4239281713962555,0.0063022589311003685,0.544762372970581,0.4258926212787628,0.006752701476216316,0.5459903478622437,0.4287329614162445,0.007070484571158886,0.5468459129333496,0.4325374662876129,0.009120535105466843,0.5469769835472107,0.4376078248023987,0.016168873757123947,0.5480334162712097,0.4185676574707031,0.01368096936494112,0.5488932728767395,0.41707873344421387,0.014318013563752174,0.5495787858963013,0.4155844748020172,0.01471543125808239,0.5529939532279968,0.40750062465667725,0.01670015975832939,0.565522313117981,0.3754844069480896,0.03344593942165375,0.5287799835205078,0.34633058309555054,-0.011808964423835278,0.5226143002510071,0.325795441865921,-0.004747298546135426,0.5242438912391663,0.32415977120399475,-0.00010627865412971005,0.5470111966133118,0.42012643814086914,0.014423605985939503,0.5645136833190918,0.3936574459075928,0.04712248593568802,0.5216956734657288,0.3294784724712372,-0.01418005209416151,0.5492410659790039,0.4421917498111725,0.02202307991683483,0.529882550239563,0.35420963168144226,-0.022449268028140068,0.5381593704223633,0.3680163323879242,-0.011417756788432598,0.544647753238678,0.45112723112106323,0.016925513744354248,0.5553504824638367,0.4219231605529785,0.028728118166327477,0.5476660132408142,0.38382813334465027,0.007741434033960104,0.5524382591247559,0.43253710865974426,0.025963999330997467,0.5582625865936279,0.3759854733943939,0.015238429419696331,0.5532659888267517,0.38971972465515137,0.012564271688461304,0.5620126724243164,0.38647422194480896,0.024547316133975983,0.5472949743270874,0.4585708677768707,0.020238200202584267,0.5396767854690552,0.37067723274230957,-0.004836101084947586,0.5580141544342041,0.42434021830558777,0.03790157660841942,0.5545005798339844,0.4362797141075134,0.03356383368372917,0.558130145072937,0.41057464480400085,0.02930332161486149,0.5664951801300049,0.3803747892379761,0.05267773196101189,0.5618131756782532,0.4069330394268036,0.03781585395336151,0.5646442174911499,0.3833635151386261,0.07001183927059174,0.5569518208503723,0.39806583523750305,0.019283702597022057,0.5349317789077759,0.3595403730869293,-0.008444524370133877,0.5443975329399109,0.38651877641677856,-0.017052654176950455,0.5451760292053223,0.3862430155277252,-0.009269378148019314,0.5432717800140381,0.3826722800731659,-0.02295125648379326,0.526185929775238,0.3166816830635071,-0.006010062992572784,0.5347023606300354,0.30796921253204346,-0.004352830816060305,0.5423771142959595,0.3036084771156311,-0.0003216807381249964,0.5480486154556274,0.30206575989723206,0.0055654956959187984,0.550946831703186,0.30329054594039917,0.011669536121189594,0.5513008832931519,0.31356102228164673,0.024741237983107567,0.5622108578681946,0.3279036283493042,0.06303306668996811,0.5518144965171814,0.3285669684410095,0.020722394809126854,0.5483675003051758,0.33440232276916504,0.015187803655862808,0.5416251420974731,0.3377119302749634,0.010086236521601677,0.5346826314926147,0.33864855766296387,0.005914432927966118,0.5297493934631348,0.3383903503417969,0.0024552601389586926,0.5265861749649048,0.3378492593765259,9.024728933582082e-05,0.5537440776824951,0.3255975842475891,0.0862087607383728,0.5442602038383484,0.3879660367965698,-0.00609819870442152,0.5360426902770996,0.36500585079193115,-0.018091296777129173,0.5430975556373596,0.3892534375190735,-0.02312997728586197,0.5401333570480347,0.39404335618019104,-0.02125072479248047,0.5421320199966431,0.3902537524700165,-0.020033951848745346,0.5429391860961914,0.3907424211502075,-0.0044070081785321236,0.5399269461631775,0.39550915360450745,-0.022973081097006798,0.5382514595985413,0.3972010910511017,-0.01579573191702366,0.5239251255989075,0.33040666580200195,0.0014700413448736072,0.5235681533813477,0.33493268489837646,-0.0032738493755459785,0.5246068835258484,0.33839288353919983,-0.0076522221788764,0.5458436608314514,0.3120213747024536,0.015242920257151127,0.548808217048645,0.3083023726940155,0.01618991792201996,0.47444188594818115,0.3460264503955841,-0.01788567379117012,0.48120421171188354,0.3433677554130554,-0.01788567379117012,0.4725688099861145,0.3366077244281769,-0.01788567379117012,0.46757999062538147,0.3486936092376709,-0.01788567379117012,0.47639745473861694,0.3553852438926697,-0.01788567379117012,0.5329715013504028,0.31882256269454956,0.008536550216376781,0.5393996238708496,0.3160941004753113,0.008536550216376781,0.5309764742851257,0.31055212020874023,0.008536550216376781,0.5265185236930847,0.32154664397239685,0.008536550216376781,0.5350130796432495,0.3270549774169922,0.008536550216376781
3400.000000000004,0.538354754447937,0.422099769115448,-0.009276285767555237,0.5387809872627258,0.3951227068901062,-0.029047401621937752,0.5347975492477417,0.4017254412174225,-0.012144685722887516,0.5258578062057495,0.368033766746521,-0.028900085017085075,0.5379318594932556,0.3870251774787903,-0.03238421306014061,0.5344331860542297,0.37534499168395996,-0.03200248256325722,0.5232468843460083,0.34452804923057556,-0.022736525163054466,0.4697818160057068,0.3523242473602295,-0.017880721017718315,0.5174878835678101,0.320428729057312,-0.023259440436959267,0.5158023834228516,0.3083837032318115,-0.027099182829260826,0.5041102766990662,0.26017120480537415,-0.02910573221743107,0.5384776592254639,0.42499369382858276,-0.007918447256088257,0.5380715131759644,0.4277620315551758,-0.005465766414999962,0.5373054146766663,0.4296191930770874,-0.0015749250305816531,0.5371752381324768,0.42981937527656555,-0.00105291570071131,0.5381949543952942,0.4334457516670227,-0.00035847967956215143,0.538878321647644,0.43772807717323303,-0.0003940463066101074,0.538971483707428,0.4422198235988617,0.0019330568611621857,0.5380647778511047,0.4490068256855011,0.00978533923625946,0.5378509759902954,0.39881211519241333,-0.025420021265745163,0.5301253199577332,0.40065544843673706,-0.019107557833194733,0.4260391294956207,0.32237914204597473,-0.00727278646081686,0.49026283621788025,0.3538399934768677,-0.01656915992498398,0.4847058951854706,0.35686975717544556,-0.018312619999051094,0.47827890515327454,0.35917696356773376,-0.018876757472753525,0.46679797768592834,0.3561438024044037,-0.017382705584168434,0.49449968338012695,0.3505081236362457,-0.013964165933430195,0.4769600033760071,0.33378535509109497,-0.02491803653538227,0.48419642448425293,0.3324955105781555,-0.022266391664743423,0.47045189142227173,0.33734259009361267,-0.0247652530670166,0.4660971164703369,0.3418263792991638,-0.023302201181650162,0.46199721097946167,0.3644135892391205,-0.01491545233875513,0.5170074105262756,0.4681759774684906,0.010655175894498825,0.46572431921958923,0.35015350580215454,-0.01712958514690399,0.4319837689399719,0.3640487492084503,0.00256119342520833,0.4512898325920105,0.3606007993221283,-0.012814103625714779,0.4970024824142456,0.3944627642631531,-0.014360454864799976,0.5309809446334839,0.42330411076545715,-0.011459661647677422,0.5310910940170288,0.43003180623054504,-0.0072448062710464,0.5224823355674744,0.428213506937027,-0.01077708788216114,0.5156447291374207,0.4318157732486725,-0.00848796684294939,0.523806631565094,0.4322603642940521,-0.007579321973025799,0.517339289188385,0.43406200408935547,-0.0052896421402692795,0.5077213048934937,0.44439753890037537,0.0015955372946336865,0.5340206623077393,0.39680787920951843,-0.03012113645672798,0.5324398875236511,0.38910725712776184,-0.03352070599794388,0.45697343349456787,0.340019166469574,-0.027225051075220108,0.5046783685684204,0.36773595213890076,-0.015807166695594788,0.5146751403808594,0.39745137095451355,-0.021452270448207855,0.512428343296051,0.39234817028045654,-0.020656172186136246,0.4746653735637665,0.39991042017936707,-0.015078620053827763,0.5291914939880371,0.3780367076396942,-0.03246034309267998,0.4760173559188843,0.3275328278541565,-0.032650552690029144,0.46523594856262207,0.33254241943359375,-0.031240008771419525,0.4344406723976135,0.3046276867389679,-0.018962757661938667,0.5051911473274231,0.3279622495174408,-0.026704715564846992,0.49040308594703674,0.3341251015663147,-0.01800149492919445,0.5021541118621826,0.43880146741867065,-0.0011582736624404788,0.4470732510089874,0.4418089687824249,0.03784036636352539,0.5194821953773499,0.40085020661354065,-0.016625579446554184,0.5247870087623596,0.4015703797340393,-0.013881828635931015,0.5055823922157288,0.4366437792778015,-0.0004565552226267755,0.5072733163833618,0.4365196228027344,-0.0008309433469548821,0.4599127173423767,0.32786545157432556,-0.030899813398718834,0.5136140584945679,0.40040329098701477,-0.017348024994134903,0.4893546402454376,0.32579323649406433,-0.031227437779307365,0.4877288341522217,0.3189482092857361,-0.03421218320727348,0.46587666869163513,0.27625033259391785,-0.03459932655096054,0.44735482335090637,0.3148268461227417,-0.026580285280942917,0.4771040081977844,0.2948419451713562,-0.035499315708875656,0.45029473304748535,0.33660680055618286,-0.024615678936243057,0.4386381506919861,0.3293178975582123,-0.017008794471621513,0.5311359167098999,0.4270254075527191,-0.010146941989660263,0.523247480392456,0.43034201860427856,-0.009441681206226349,0.5165466070175171,0.4329489469528198,-0.007292885798960924,0.5207136273384094,0.4016518294811249,-0.014280568808317184,0.5064777731895447,0.436579167842865,-0.0005696271546185017,0.510846734046936,0.4379810094833374,-0.0015286332927644253,0.5080626010894775,0.43646857142448425,-0.0007265491294674575,0.5243359804153442,0.3984113931655884,-0.02503865770995617,0.5177761316299438,0.43485209345817566,-0.003264446510002017,0.5241215229034424,0.4334869682788849,-0.003958617802709341,0.5308314561843872,0.4317755103111267,-0.0036559172440320253,0.5305634140968323,0.4517694115638733,0.007301378063857555,0.5315564274787903,0.44469380378723145,-0.0007032969733700156,0.5315001010894775,0.4400402307510376,-0.002858469495549798,0.5311874747276306,0.4355957806110382,-0.0027461654972285032,0.5307179093360901,0.4320462942123413,-0.0031755450181663036,0.517631471157074,0.43509751558303833,-0.002867414616048336,0.517096757888794,0.43683263659477234,-0.002722152043133974,0.5163832902908325,0.43931305408477783,-0.0029694042168557644,0.515772819519043,0.44205760955810547,-0.0019316017860546708,0.5097953677177429,0.4234878420829773,-0.009275911375880241,0.429347425699234,0.40064239501953125,0.03434400632977486,0.5364623069763184,0.40034720301628113,-0.017084568738937378,0.5126461982727051,0.43590450286865234,-0.0017129590269178152,0.5118564367294312,0.4368157982826233,-0.0015855934470891953,0.5273796319961548,0.4039627015590668,-0.012961626052856445,0.5153322219848633,0.4041939675807953,-0.010565055534243584,0.5261631011962891,0.40282344818115234,-0.01363674458116293,0.49878111481666565,0.3745200037956238,-0.01518778782337904,0.4895940124988556,0.38426265120506287,-0.016016313806176186,0.5109454989433289,0.39582359790802,-0.016874568536877632,0.44723981618881226,0.28913450241088867,-0.028521796688437462,0.4596116542816162,0.3030531704425812,-0.0323990136384964,0.472641259431839,0.32118090987205505,-0.03408752381801605,0.5143792629241943,0.44840866327285767,0.002278869040310383,0.5027649402618408,0.31731176376342773,-0.03165910020470619,0.49349355697631836,0.28954824805259705,-0.03437940776348114,0.48413097858428955,0.26722288131713867,-0.03439231589436531,0.4715275764465332,0.35916727781295776,-0.018313921988010406,0.4550718367099762,0.3735889494419098,-0.012773865833878517,0.49717584252357483,0.3478516936302185,-0.01269188616424799,0.45935970544815063,0.3480687141418457,-0.020938856527209282,0.5088316798210144,0.3612503707408905,-0.01738659478724003,0.5197318196296692,0.3941129744052887,-0.02649475634098053,0.44706714153289795,0.38153931498527527,-0.007834293879568577,0.46309536695480347,0.3790834844112396,-0.015438779257237911,0.4742896556854248,0.3800584673881531,-0.01709914021193981,0.48706895112991333,0.37382447719573975,-0.01568564772605896,0.49483731389045715,0.36680078506469727,-0.014314006082713604,0.500199556350708,0.36112481355667114,-0.014195429161190987,0.5176978707313538,0.34834182262420654,-0.022724052891135216,0.45230355858802795,0.400311678647995,-0.005731262266635895,0.4529992341995239,0.34906184673309326,-0.020683109760284424,0.5349479913711548,0.39987626671791077,-0.02632998675107956,0.508345901966095,0.37691402435302734,-0.016061266884207726,0.42165324091911316,0.36121654510498047,0.02055993489921093,0.5047312378883362,0.35577529668807983,-0.01444173138588667,0.5087218880653381,0.39572736620903015,-0.010922204703092575,0.46277907490730286,0.3513493239879608,-0.016885828226804733,0.517096996307373,0.38783198595046997,-0.025344036519527435,0.4361424148082733,0.42139649391174316,0.037312597036361694,0.495430588722229,0.34511107206344604,-0.012459812685847282,0.5232188701629639,0.3821546733379364,-0.03023156151175499,0.47903743386268616,0.4600313603878021,0.017277130857110023,0.4760150611400604,0.4676983654499054,0.02894941344857216,0.4385131299495697,0.402488648891449,0.013623830862343311,0.46531152725219727,0.45131129026412964,0.01910199038684368,0.4342159926891327,0.3452727794647217,-0.0061399913392961025,0.5159006714820862,0.4761509597301483,0.015443138778209686,0.5340980291366577,0.40095773339271545,-0.01744706742465496,0.5032474398612976,0.38466131687164307,-0.014276418834924698,0.44343847036361694,0.3635859191417694,-0.009052048437297344,0.47849002480506897,0.353475421667099,-0.018892189487814903,0.4840781092643738,0.3518505096435547,-0.01849118247628212,0.509861946105957,0.43933284282684326,-0.0009487071656621993,0.4561580717563629,0.4172581434249878,0.0008815659093670547,0.5270189642906189,0.4816340208053589,0.022405903786420822,0.5041006207466125,0.47872158885002136,0.023746125400066376,0.4919023811817169,0.47477930784225464,0.02564670704305172,0.510453462600708,0.2841128706932068,-0.029463544487953186,0.5384888648986816,0.47739481925964355,0.025911269709467888,0.4883134663105011,0.3493500053882599,-0.016921604052186012,0.492078959941864,0.34670528769493103,-0.014775867573916912,0.4945264160633087,0.34556806087493896,-0.012983372434973717,0.44539162516593933,0.3478843569755554,-0.016855431720614433,0.48906785249710083,0.33914586901664734,-0.017276355996727943,0.483303427696228,0.33753299713134766,-0.020085513591766357,0.47792568802833557,0.3388875126838684,-0.021717717871069908,0.47264790534973145,0.3420959711074829,-0.02187458612024784,0.46940213441848755,0.34542879462242126,-0.020738493651151657,0.4219715893268585,0.3401297330856323,0.007177306804805994,0.47378072142601013,0.35339656472206116,-0.01850290037691593,0.5352067351341248,0.4079746603965759,-0.009630878455936909,0.5157008767127991,0.4171004891395569,-0.010656831786036491,0.5200512409210205,0.3999550938606262,-0.01919792965054512,0.527846097946167,0.41133928298950195,-0.011879978701472282,0.519132673740387,0.33175426721572876,-0.020874183624982834,0.4921533465385437,0.4672623872756958,0.017639487981796265,0.5037633776664734,0.47199922800064087,0.017135856673121452,0.5283038020133972,0.47710883617401123,0.015196862630546093,0.461173951625824,0.4573456943035126,0.033996839076280594,0.493427574634552,0.3428921103477478,-0.014611238613724709,0.5171473026275635,0.36414891481399536,-0.023045435547828674,0.539943516254425,0.47271662950515747,0.018850058317184448,0.5159634947776794,0.4814753532409668,0.021557912230491638,0.4440912902355194,0.42107754945755005,0.017976704984903336,0.5240024924278259,0.43377193808555603,-0.0035192330833524466,0.5238255858421326,0.4366583228111267,-0.0034072150010615587,0.5236589908599854,0.4403088390827179,-0.0036602916661649942,0.5235971808433533,0.4445127248764038,-0.0021852017380297184,0.5220337510108948,0.4512239098548889,0.0034288782626390457,0.5116846561431885,0.4353930652141571,-0.0033074370585381985,0.5106719732284546,0.43495655059814453,-0.004279445856809616,0.5097411870956421,0.4344116747379303,-0.005147695075720549,0.5049964189529419,0.430951327085495,-0.006582153961062431,0.4704623520374298,0.4197973310947418,-0.00654875673353672,0.5132420659065247,0.35424166917800903,-0.019677206873893738,0.5017605423927307,0.33856096863746643,-0.014803627505898476,0.496286004781723,0.3396822512149811,-0.014818824827671051,0.5126442313194275,0.43577051162719727,-0.0019301926949992776,0.4706156253814697,0.43945324420928955,0.0063965460285544395,0.5102570056915283,0.33787569403648376,-0.019979555159807205,0.5189896821975708,0.45945286750793457,0.007704817224293947,0.5306875109672546,0.36514613032341003,-0.028671398758888245,0.5219368934631348,0.3588981032371521,-0.026294266805052757,0.527140200138092,0.35539501905441284,-0.0256907120347023,0.5153194069862366,0.3790528476238251,-0.02146141603589058,0.5399523973464966,0.46551328897476196,0.013852547854185104,0.5388470888137817,0.45660585165023804,0.011987743899226189,0.5297096967697144,0.4600696861743927,0.009602508507668972,0.5012449026107788,0.45023614168167114,0.004284914117306471,0.5042173266410828,0.4041614532470703,-0.01023284625262022,0.5094459056854248,0.4560898244380951,0.006437487900257111,0.48828697204589844,0.40843749046325684,-0.013335569761693478,0.4999317526817322,0.4149068295955658,-0.010049349628388882,0.4836447834968567,0.42371225357055664,-0.008220517076551914,0.5291423201560974,0.4695700407028198,0.010673297569155693,0.5110011696815491,0.38421329855918884,-0.017527097836136818,0.49515753984451294,0.4582744240760803,0.009562015533447266,0.5059922337532043,0.4637334942817688,0.011549167335033417,0.494722843170166,0.4423274099826813,-9.450387005927041e-05,0.4599575996398926,0.43089163303375244,0.007165904156863689,0.4839320778846741,0.44633620977401733,0.00359911541454494,0.4520629048347473,0.43740642070770264,0.020785516127943993,0.4960814416408539,0.4272741675376892,-0.007539484649896622,0.5126062035560608,0.3703688681125641,-0.019306467846035957,0.5226085782051086,0.39769187569618225,-0.026876533403992653,0.5173448920249939,0.3999556303024292,-0.020563412457704544,0.526059091091156,0.39157769083976746,-0.03068404085934162,0.4968252182006836,0.3332003951072693,-0.01999054290354252,0.48671871423721313,0.3309321105480194,-0.025172412395477295,0.4774302840232849,0.33201226592063904,-0.027770278975367546,0.4692402184009552,0.3356526494026184,-0.027782903984189034,0.4629996716976166,0.3410298228263855,-0.025685181841254234,0.45817071199417114,0.35582491755485535,-0.015543276444077492,0.43431347608566284,0.3835771083831787,0.00788119062781334,0.46758201718330383,0.36733657121658325,-0.01602812670171261,0.4762277901172638,0.36809244751930237,-0.016779884696006775,0.4852200150489807,0.3645837903022766,-0.016139239072799683,0.4922885000705719,0.35960742831230164,-0.014671580865979195,0.4971713423728943,0.35525229573249817,-0.013000483624637127,0.500893235206604,0.35188791155815125,-0.012455441057682037,0.4248449206352234,0.3806515038013458,0.02902654930949211,0.5167199969291687,0.4014870226383209,-0.01719803735613823,0.520546555519104,0.3729154169559479,-0.02585090883076191,0.5286861658096313,0.39725929498672485,-0.02932029776275158,0.5306899547576904,0.39990973472595215,-0.02482530288398266,0.5274798274040222,0.39842382073402405,-0.026405079290270805,0.5179431438446045,0.40300852060317993,-0.013727941550314426,0.5326911211013794,0.40016287565231323,-0.025853196159005165,0.5319204330444336,0.40131351351737976,-0.018265174701809883,0.49852311611175537,0.3451087474822998,-0.011771614663302898,0.5035746097564697,0.3467496931552887,-0.013057352043688297,0.5078314542770386,0.34847292304039,-0.015684615820646286,0.4674453139305115,0.3479592800140381,-0.01924527995288372,0.463150292634964,0.34653550386428833,-0.0204839576035738,0.5347337126731873,0.3642692565917969,-0.024163132533431053,0.5470684170722961,0.3181460499763489,0.016954071819782257,0.5404751896858215,0.3957604169845581,-0.015465106815099716,0.5523439645767212,0.27599358558654785,0.046578675508499146,0.5341798067092896,0.3335728347301483,0.005769059993326664,0.5397958159446716,0.3317525386810303,0.008565761148929596,0.5448585152626038,0.32920876145362854,0.01217474415898323,0.5486888289451599,0.3204937279224396,0.019461436197161674,0.5296748876571655,0.3335641622543335,0.003673624712973833,0.5408826470375061,0.3086127042770386,0.0033283864613622427,0.5345654487609863,0.31204408407211304,1.821005207602866e-05,0.5460911393165588,0.3074214458465576,0.007835308089852333,0.5488756895065308,0.3085910975933075,0.011902811005711555,0.5538186430931091,0.32489728927612305,0.024729114025831223,0.5527815222740173,0.4486226439476013,0.026570428162813187,0.5478789210319519,0.3148452341556549,0.01932421326637268,0.560123085975647,0.3127514719963074,0.05693462863564491,0.556023359298706,0.3161538243293762,0.031755976378917694,0.5508953332901001,0.3714408278465271,0.007946890778839588,0.5432676672935486,0.4178719222545624,-0.005898003000766039,0.5422807335853577,0.42504602670669556,-0.002155064372345805,0.5468109250068665,0.4168192148208618,0.0007504880195483565,0.548875093460083,0.41694900393486023,0.007425484713166952,0.5451620817184448,0.42283299565315247,0.002394297393038869,0.5471433401107788,0.42133718729019165,0.008086251094937325,0.5527411699295044,0.42310357093811035,0.02217709831893444,0.5423880219459534,0.3928782045841217,-0.02708478271961212,0.5423260927200317,0.3848222494125366,-0.029886610805988312,0.5561444759368896,0.3002985417842865,0.014761252328753471,0.5368504524230957,0.3542898893356323,-0.0012004270683974028,0.5471852421760559,0.3831062912940979,-0.007834411226212978,0.5455150008201599,0.3779987692832947,-0.006604669149965048,0.5630934238433838,0.36201250553131104,0.02210315875709057,0.5386643409729004,0.3739880919456482,-0.027846580371260643,0.5476300120353699,0.2991750240325928,-0.0034050752874463797,0.5532649159431458,0.29790887236595154,0.005320987198501825,0.5493621826171875,0.26345354318618774,0.029400916770100594,0.5270506739616394,0.3168956935405731,-0.01697421632707119,0.5292083024978638,0.3172313868999481,1.7069180103135295e-05,0.5551878213882446,0.4143073558807373,0.02388714998960495,0.559184730052948,0.3899005353450775,0.08793331682682037,0.5443459749221802,0.389693021774292,-0.006608027033507824,0.5413474440574646,0.39438724517822266,-0.008855465799570084,0.550896942615509,0.4184539020061493,0.021077455952763557,0.5499199628829956,0.41933128237724304,0.01804642751812935,0.554337739944458,0.2908328175544739,0.008030650205910206,0.546471118927002,0.38604119420051575,-0.004036571364849806,0.5390443205833435,0.3046834468841553,-0.01113911997526884,0.5394579172134399,0.2970559298992157,-0.013538728468120098,0.5340647101402283,0.2527580261230469,-0.006810235325247049,0.5520467162132263,0.2755962610244751,0.01642437092959881,0.5371010303497314,0.27301841974258423,-0.011691084131598473,0.5570283532142639,0.2944392263889313,0.020316269248723984,0.5553281903266907,0.28496289253234863,0.03170819953083992,0.5430872440338135,0.42179208993911743,-0.004641694948077202,0.5461462140083313,0.42003828287124634,0.0013539555948227644,0.5481518507003784,0.4191412329673767,0.007215389050543308,0.5432366132736206,0.3915857672691345,-0.006052571814507246,0.5504040718078613,0.41892170906066895,0.019297657534480095,0.5495964288711548,0.421909362077713,0.015124943107366562,0.5493656396865845,0.41980794072151184,0.017605362460017204,0.544348955154419,0.38917651772499084,-0.015732385218143463,0.546090304851532,0.4230946898460388,0.009427000768482685,0.5440376996994019,0.4249826967716217,0.005401871632784605,0.5412134528160095,0.42724284529685974,0.0015382842393592,0.5436350107192993,0.44522884488105774,0.012365040369331837,0.5440635681152344,0.43859609961509705,0.004727037623524666,0.5436831116676331,0.43415141105651855,0.0027761366218328476,0.5426169037818909,0.4302425980567932,0.0028107601683586836,0.5411545634269714,0.42733070254325867,0.002093757037073374,0.5460964441299438,0.42304569482803345,0.009827683679759502,0.5473597049713135,0.42390021681785583,0.009948634542524815,0.5485512614250183,0.4253350496292114,0.01018226146697998,0.549427330493927,0.427367240190506,0.012284442782402039,0.5517935156822205,0.4046281576156616,0.009188276715576649,0.5572893619537354,0.3465520739555359,0.09035436809062958,0.5476194620132446,0.421511173248291,0.01428843941539526,0.5486876368522644,0.42160725593566895,0.014445709995925426,0.5401665568351746,0.39850950241088867,-0.008015080355107784,0.544946551322937,0.3913288712501526,-3.163867586408742e-05,0.5407484173774719,0.39658743143081665,-0.008784322068095207,0.5418931245803833,0.35648760199546814,0.00438334234058857,0.5511788129806519,0.3583374619483948,0.01049051433801651,0.5457114577293396,0.3807942867279053,-0.0024137820582836866,0.5439590811729431,0.25519832968711853,0.010957513935863972,0.5463976860046387,0.2709820866584778,0.0022160105872899294,0.548234760761261,0.2910767197608948,-0.0031872191466391087,0.5508237481117249,0.4304240345954895,0.019077112898230553,0.5280920267105103,0.30534425377845764,-0.021114112809300423,0.525510311126709,0.2779213786125183,-0.021966975182294846,0.5213105082511902,0.2544597387313843,-0.020330987870693207,0.5478494763374329,0.3252444863319397,0.016330935060977936,0.5591953992843628,0.32885053753852844,0.03121054545044899,0.5268754959106445,0.33288300037384033,0.0030239352490752935,0.5527889132499695,0.3092953562736511,0.019493069499731064,0.5335432887077332,0.35092055797576904,-0.005673518404364586,0.5463263988494873,0.3823963403701782,-0.015428485348820686,0.5651371479034424,0.3323744833469391,0.04196910932660103,0.5595742464065552,0.33738505840301514,0.025831764563918114,0.5558493733406067,0.3446635603904724,0.01789603941142559,0.5463765859603882,0.3479607403278351,0.011041000485420227,0.5385285019874573,0.34737133979797363,0.005970805883407593,0.5332757830619812,0.34599313139915466,0.0010073712328448892,0.5277494192123413,0.344198077917099,-0.017697365954518318,0.5683874487876892,0.3506995439529419,0.043763939291238785,0.5558843612670898,0.30666694045066833,0.02354828268289566,0.5401973128318787,0.3973178565502167,-0.02389460802078247,0.5391329526901245,0.36399775743484497,-0.0019858682062476873,0.5544812679290771,0.309104859828949,0.07828939706087112,0.5294345617294312,0.343884140253067,-0.002542660804465413,0.544456422328949,0.3803957402706146,0.0035086707212030888,0.5494775772094727,0.3145354390144348,0.02143912948668003,0.5440155267715454,0.3762364089488983,-0.014086578972637653,0.5588618516921997,0.36714598536491394,0.09095501154661179,0.5258387923240662,0.3296230137348175,0.0040077525191009045,0.5416678190231323,0.37419572472572327,-0.02204086445271969,0.5619911551475525,0.41837403178215027,0.05392002686858177,0.5585527420043945,0.42554572224617004,0.06666194647550583,0.5657522082328796,0.3480657935142517,0.06777510046958923,0.5644875168800354,0.4038427472114563,0.06235415115952492,0.5575699806213379,0.2974995970726013,0.04585937783122063,0.5533484220504761,0.4550490081310272,0.03275522217154503,0.5383699536323547,0.39902371168136597,-0.015949903056025505,0.5434080362319946,0.3677166998386383,0.0030598342418670654,0.5576799511909485,0.3158113956451416,0.03999176621437073,0.5434895157814026,0.32383283972740173,0.011664764024317265,0.5390101671218872,0.32669422030448914,0.008516703732311726,0.5503492951393127,0.42257651686668396,0.017022419720888138,0.5687360763549805,0.3677096366882324,0.04849120229482651,0.5468570590019226,0.47038549184799194,0.03206251934170723,0.5536491870880127,0.4509085416793823,0.04796794801950455,0.5557658672332764,0.4401155114173889,0.05620836466550827,0.5340602397918701,0.32822760939598083,0.0060988375917077065,0.5295202732086182,0.3288932740688324,0.004975829739123583,0.5269485116004944,0.32954925298690796,0.004761167801916599,0.5568638443946838,0.3029119372367859,0.030756860971450806,0.5292158126831055,0.32142704725265503,0.003011248540133238,0.5335694551467896,0.3168795108795166,0.00352209503762424,0.5386879444122314,0.314092755317688,0.0057839686051011086,0.5432923436164856,0.31311872601509094,0.009418480098247528,0.5458013415336609,0.3136585056781769,0.01279120147228241,0.5540540814399719,0.2902981638908386,0.06373647600412369,0.5458682179450989,0.3208436071872711,0.01471200492233038,0.5481632351875305,0.4027772545814514,0.0034049227833747864,0.5449695587158203,0.388700395822525,-0.009613147005438805,0.5415788888931274,0.4052918255329132,-0.006054637022316456,0.5586100816726685,0.4320962429046631,0.047225043177604675,0.555780827999115,0.44334274530410767,0.040423743426799774,0.5486814975738525,0.4655367136001587,0.024591650813817978,0.5592507123947144,0.4097590744495392,0.07856228947639465,0.526862382888794,0.32644784450531006,0.0035046888515353203,0.53431636095047,0.3569551408290863,-0.015115034766495228,0.5513135194778442,0.46130895614624023,0.03947053104639053,0.5662747621536255,0.36692014336586,0.06978800892829895,0.5440419912338257,0.4249919056892395,0.005909938830882311,0.5455171465873718,0.42689141631126404,0.006338802166283131,0.5467121005058289,0.4296692907810211,0.006603177171200514,0.5475360751152039,0.4334045946598053,0.008593550883233547,0.5479921698570251,0.4381020665168762,0.015537891536951065,0.5486284494400024,0.4202013313770294,0.013392159715294838,0.5495169758796692,0.41881629824638367,0.014034757390618324,0.5502147078514099,0.4174160361289978,0.014454718679189682,0.5543375015258789,0.40855899453163147,0.016499726101756096,0.566745400428772,0.3770832121372223,0.0335468128323555,0.530500054359436,0.34714001417160034,-0.01141383033245802,0.5239384174346924,0.32677626609802246,-0.0042579285800457,0.5254524350166321,0.32525503635406494,0.0003805522574111819,0.5475695133209229,0.4216196835041046,0.014117300510406494,0.565671443939209,0.39522066712379456,0.04697968810796738,0.5232030749320984,0.33028534054756165,-0.013683159835636616,0.5502074360847473,0.44286268949508667,0.021327747032046318,0.5315640568733215,0.3548506796360016,-0.022043997421860695,0.5397348403930664,0.3687262237071991,-0.011113117448985577,0.5455576181411743,0.45155665278434753,0.016160720959305763,0.5565327405929565,0.4229957163333893,0.028244007378816605,0.5491069555282593,0.38473522663116455,0.007821324281394482,0.5535092353820801,0.4334220290184021,0.025351863354444504,0.5595766305923462,0.37727123498916626,0.015361649915575981,0.5546169877052307,0.3907740116119385,0.01255429070442915,0.5632777810096741,0.3878561854362488,0.024539481848478317,0.548150360584259,0.4591101109981537,0.019436251372098923,0.5412502288818359,0.3714216649532318,-0.0045796949416399,0.5591129064559937,0.4255077540874481,0.0373854823410511,0.5555341839790344,0.43726807832717896,0.03291790559887886,0.559391438961029,0.4117957651615143,0.028994791209697723,0.5676660537719727,0.3821217715740204,0.05264986678957939,0.5629892945289612,0.40828806161880493,0.03753916546702385,0.5657858848571777,0.38517308235168457,0.06988371908664703,0.5582758188247681,0.39926058053970337,0.019177109003067017,0.5365493893623352,0.3603194057941437,-0.008115511387586594,0.5458582043647766,0.3870460093021393,-0.016802877187728882,0.5466726422309875,0.38685062527656555,-0.009074854664504528,0.5447533130645752,0.3831915259361267,-0.02266433835029602,0.527765154838562,0.31804710626602173,-0.005436416249722242,0.536403238773346,0.30964305996894836,-0.0037212923634797335,0.5440237522125244,0.3054485321044922,0.0003270409069955349,0.5496023297309875,0.3040440082550049,0.006229887250810862,0.5523887276649475,0.30530545115470886,0.012336356565356255,0.5525182485580444,0.3157092332839966,0.025291403755545616,0.5635924935340881,0.3300246596336365,0.0633765459060669,0.5529136657714844,0.3303666412830353,0.02118862420320511,0.5494871139526367,0.33595526218414307,0.015621715225279331,0.542759120464325,0.3390558660030365,0.01048990897834301,0.5358038544654846,0.3398519456386566,0.006299665663391352,0.5308013558387756,0.3394413888454437,0.002835541497915983,0.5276297330856323,0.3387399911880493,0.0004720751312561333,0.5551108121871948,0.3277607858181,0.08640563488006592,0.5457499623298645,0.3885939121246338,-0.005940795410424471,0.537635862827301,0.36565738916397095,-0.017748592421412468,0.5445219874382019,0.38971656560897827,-0.022895272821187973,0.5415111184120178,0.3944990634918213,-0.021084219217300415,0.5435478687286377,0.3907276391983032,-0.019820449873805046,0.5443964004516602,0.3913801312446594,-0.004306434653699398,0.5412969589233398,0.39593833684921265,-0.022808611392974854,0.5396161675453186,0.39764219522476196,-0.01570235937833786,0.5249482989311218,0.33130189776420593,0.0018998398445546627,0.5246849656105042,0.33574414253234863,-0.0028572676237672567,0.5258290767669678,0.33907055854797363,-0.0072439974173903465,0.5470900535583496,0.31432223320007324,0.015801435336470604,0.5501065254211426,0.3104582130908966,0.016784662380814552,0.4765676259994507,0.3467731773853302,-0.01772415079176426,0.4834009110927582,0.34419384598731995,-0.01772415079176426,0.47472497820854187,0.33734825253486633,-0.01772415079176426,0.4695812165737152,0.3493603467941284,-0.01772415079176426,0.47844940423965454,0.3561357259750366,-0.01772415079176426,0.5340722799301147,0.3204457461833954,0.009053029119968414,0.5403105020523071,0.31797415018081665,0.009053029119968414,0.5320823192596436,0.3124334514141083,0.009053029119968414,0.5278106331825256,0.3228856921195984,0.009053029119968414,0.5361071825027466,0.32841864228248596,0.009053029119968414
3433.3333333333376,0.5378044247627258,0.4222946763038635,-0.009558534249663353,0.5388983488082886,0.3952018916606903,-0.02932427078485489,0.5348340272903442,0.4017940163612366,-0.01239612977951765,0.5259433388710022,0.36822181940078735,-0.029024461284279823,0.5380438566207886,0.3870908319950104,-0.03263310715556145,0.5345328450202942,0.375457227230072,-0.03219153732061386,0.5233129262924194,0.34484055638313293,-0.02273022010922432,0.4696156084537506,0.35217684507369995,-0.01784665137529373,0.5175879597663879,0.32105934619903564,-0.023120740428566933,0.515924334526062,0.30913153290748596,-0.02688998356461525,0.5042378902435303,0.2613060176372528,-0.02859749272465706,0.5379813313484192,0.425215482711792,-0.00822241697460413,0.5376636981964111,0.4280257523059845,-0.005789525806903839,0.5369771122932434,0.42990750074386597,-0.0019481201888993382,0.5369610786437988,0.43003639578819275,-0.0011567247565835714,0.5379061698913574,0.4335167407989502,-0.000521314621437341,0.538525402545929,0.43760085105895996,-0.0005650948733091354,0.5386037230491638,0.4419402480125427,0.001799569115974009,0.538075864315033,0.45002278685569763,0.009694810956716537,0.5379530787467957,0.39890727400779724,-0.025705784559249878,0.5301332473754883,0.400780588388443,-0.019375527277588844,0.4263785481452942,0.32344427704811096,-0.0070976391434669495,0.49019569158554077,0.353282630443573,-0.016499066725373268,0.4846353232860565,0.3564542233943939,-0.018279217183589935,0.47819530963897705,0.358918696641922,-0.01886976696550846,0.4667002856731415,0.3559902608394623,-0.01738303154706955,0.49442604184150696,0.34983593225479126,-0.013893730007112026,0.4769534468650818,0.3341304659843445,-0.024831602349877357,0.4841388165950775,0.33266496658325195,-0.02213376946747303,0.47048166394233704,0.3376832604408264,-0.024711351841688156,0.4661453366279602,0.3420499861240387,-0.023251106962561607,0.46196556091308594,0.36443832516670227,-0.014967424795031548,0.5168829560279846,0.4689151644706726,0.010445241816341877,0.465535044670105,0.3500818610191345,-0.017091911286115646,0.4324381351470947,0.3647322356700897,0.002555862534791231,0.45149174332618713,0.3606069087982178,-0.012836254201829433,0.4969668984413147,0.39469271898269653,-0.014548951759934425,0.5303643941879272,0.42360109090805054,-0.011758747510612011,0.5306193232536316,0.43038225173950195,-0.007581857964396477,0.5219165682792664,0.4286108911037445,-0.011074710637331009,0.5151883959770203,0.4321933686733246,-0.008721954189240932,0.5233373641967773,0.4326484799385071,-0.007893495261669159,0.5169356465339661,0.4344196915626526,-0.005534965544939041,0.5073738694190979,0.4450262784957886,0.0014533509965986013,0.5341153740882874,0.3969058096408844,-0.03040340170264244,0.5325379371643066,0.38919273018836975,-0.033777497708797455,0.4573787748813629,0.3403269648551941,-0.02718663215637207,0.504712700843811,0.36801207065582275,-0.01585816591978073,0.5145745873451233,0.3976104259490967,-0.021699393168091774,0.5123381018638611,0.39250969886779785,-0.020872285589575768,0.4747316241264343,0.4001494348049164,-0.015338786877691746,0.5292884707450867,0.37815895676612854,-0.032662369310855865,0.47616446018218994,0.32778939604759216,-0.03256721794605255,0.46552348136901855,0.33289995789527893,-0.031199637800455093,0.43474048376083374,0.3058071434497833,-0.01870429515838623,0.5051319003105164,0.3276522755622864,-0.02658054418861866,0.49030235409736633,0.33396387100219727,-0.017841439694166183,0.5017944574356079,0.4392217695713043,-0.0013557439669966698,0.44723016023635864,0.4421292841434479,0.037376221269369125,0.519349992275238,0.401012122631073,-0.01685260236263275,0.524692952632904,0.40169811248779297,-0.014142469502985477,0.505389392375946,0.43675118684768677,-0.0006014743121340871,0.5070582628250122,0.43667685985565186,-0.0009522411273792386,0.4603922367095947,0.3282034993171692,-0.030817300081253052,0.5134561061859131,0.4005616307258606,-0.017598910257220268,0.4893709123134613,0.3257811665534973,-0.031112488359212875,0.4878326952457428,0.3189464509487152,-0.03406820446252823,0.46616414189338684,0.2774181663990021,-0.03419816493988037,0.4478321373462677,0.31593337655067444,-0.02639520913362503,0.477476567029953,0.2958615720272064,-0.03521702066063881,0.45089536905288696,0.33683404326438904,-0.02454177476465702,0.4391135275363922,0.33033695816993713,-0.016848433762788773,0.530579149723053,0.42734280228614807,-0.010463256388902664,0.5227005481719971,0.43072664737701416,-0.009744753129780293,0.5160963535308838,0.433316171169281,-0.0075329882092773914,0.5205786824226379,0.4017940163612366,-0.014530017971992493,0.5062679052352905,0.4367099404335022,-0.000704758451320231,0.5106666684150696,0.43806520104408264,-0.0016127504641190171,0.5078580379486084,0.4366348683834076,-0.0008484266581945121,0.5243109464645386,0.3985797166824341,-0.02529643476009369,0.5174362063407898,0.43519696593284607,-0.0035360059700906277,0.5237240791320801,0.43387508392333984,-0.004298239015042782,0.5304427146911621,0.43214449286460876,-0.004039446823298931,0.5304510593414307,0.45281076431274414,0.0071789720095694065,0.5312162637710571,0.4444202184677124,-0.0008607661002315581,0.5311560034751892,0.43993285298347473,-0.0030372070614248514,0.5308785438537598,0.4357227087020874,-0.0029166359454393387,0.530440092086792,0.43231144547462463,-0.003297851886600256,0.5173969864845276,0.4353501498699188,-0.0029445297550410032,0.5168749094009399,0.43697667121887207,-0.0028160810470581055,0.5161710381507874,0.43932750821113586,-0.0030543121974915266,0.5155924558639526,0.4419611096382141,-0.0020147922914475203,0.5095083713531494,0.42372825741767883,-0.009483754634857178,0.4296877980232239,0.40118056535720825,0.03405333310365677,0.536544680595398,0.40044623613357544,-0.017354656010866165,0.5124344229698181,0.4361213445663452,-0.0017836589831858873,0.5116483569145203,0.43697088956832886,-0.001665190327912569,0.5272988080978394,0.4040786027908325,-0.0132222268730402,0.5151476860046387,0.40433576703071594,-0.010799885727465153,0.5260747671127319,0.40294286608695984,-0.01390396524220705,0.49880102276802063,0.37477681040763855,-0.015293103642761707,0.4896319508552551,0.3845115900039673,-0.016208047047257423,0.510806679725647,0.39599892497062683,-0.017094362527132034,0.44753023982048035,0.2903326749801636,-0.028189949691295624,0.4600735306739807,0.3041715621948242,-0.03216436505317688,0.47293946146965027,0.32144808769226074,-0.03394952416419983,0.514082670211792,0.4491942226886749,0.002167580183595419,0.5028051733970642,0.3169862926006317,-0.031493134796619415,0.49375173449516296,0.29048293828964233,-0.03404729440808296,0.4843551516532898,0.26835891604423523,-0.03392447531223297,0.4714261591434479,0.3590181767940521,-0.018318116664886475,0.4551634192466736,0.3736782371997833,-0.01285854633897543,0.4970717132091522,0.3471202552318573,-0.01260145753622055,0.4594894051551819,0.34816232323646545,-0.020895106717944145,0.5088871121406555,0.36155158281326294,-0.017419682815670967,0.5197239518165588,0.3942611515522003,-0.026737863197922707,0.44738346338272095,0.38199061155319214,-0.007965673692524433,0.4630011320114136,0.3793322741985321,-0.015549411997199059,0.47410351037979126,0.3803406357765198,-0.017206424847245216,0.48685771226882935,0.3739393651485443,-0.015784623101353645,0.4945847690105438,0.3667251467704773,-0.014356969855725765,0.49994131922721863,0.3609626293182373,-0.014198451302945614,0.5177709460258484,0.3486657440662384,-0.02272641472518444,0.45251065492630005,0.4006251096725464,-0.0059643276035785675,0.4532802402973175,0.34920167922973633,-0.020640233531594276,0.5350207090377808,0.39998653531074524,-0.026619533076882362,0.5083271861076355,0.3771516680717468,-0.01616096682846546,0.42206645011901855,0.3620072901248932,0.020502448081970215,0.5045071840286255,0.35559341311454773,-0.014414625242352486,0.5085569620132446,0.3959105312824249,-0.01110041793435812,0.462750643491745,0.35122567415237427,-0.016858747228980064,0.5170893669128418,0.3879894018173218,-0.02555193193256855,0.4363827705383301,0.42179572582244873,0.036933690309524536,0.4952579140663147,0.3443716764450073,-0.012342198751866817,0.5232812166213989,0.3823030889034271,-0.03043929487466812,0.4789954423904419,0.46042919158935547,0.01700172759592533,0.4759986698627472,0.46813181042671204,0.02847442589700222,0.43881237506866455,0.4029025733470917,0.01342981867492199,0.46535009145736694,0.45163699984550476,0.018783191218972206,0.4346757233142853,0.3461189270019531,-0.006047510076314211,0.5158110857009888,0.47692036628723145,0.015176400542259216,0.5341523289680481,0.4010680317878723,-0.017721470445394516,0.5031919479370117,0.38488948345184326,-0.014418607577681541,0.4438098967075348,0.363445907831192,-0.009072866290807724,0.4783530533313751,0.35312947630882263,-0.018853576853871346,0.4839402437210083,0.35138338804244995,-0.018440239131450653,0.5097249746322632,0.4393482506275177,-0.0010455917799845338,0.4562649130821228,0.41752833127975464,0.0005858477670699358,0.5269148349761963,0.48242515325546265,0.021951673552393913,0.5039626359939575,0.4794023633003235,0.023325420916080475,0.4917903542518616,0.4753485321998596,0.025213763117790222,0.5105900764465332,0.2850428521633148,-0.029090316966176033,0.5384237170219421,0.4781479239463806,0.025494936853647232,0.48817288875579834,0.34875306487083435,-0.01685408502817154,0.4919416010379791,0.34597352147102356,-0.014696386642754078,0.49435827136039734,0.34478315711021423,-0.01288561150431633,0.4458887577056885,0.34794172644615173,-0.016806265339255333,0.4890115559101105,0.33896300196647644,-0.01714574545621872,0.4832107424736023,0.33773279190063477,-0.019987236708402634,0.47781264781951904,0.3392418324947357,-0.021638810634613037,0.4725014567375183,0.34243467450141907,-0.021816473454236984,0.4692360460758209,0.3455916941165924,-0.02068696916103363,0.4223509728908539,0.3410526216030121,0.007242284715175629,0.4736548960208893,0.35316428542137146,-0.01847657561302185,0.535175621509552,0.4080526530742645,-0.009867450222373009,0.51548171043396,0.4172598123550415,-0.010900454595685005,0.5199428200721741,0.40012121200561523,-0.01943391188979149,0.5277131199836731,0.4114629626274109,-0.01213277317583561,0.5191994309425354,0.33222171664237976,-0.020781710743904114,0.49204689264297485,0.4677863121032715,0.017391687259078026,0.5036554336547852,0.47264721989631653,0.016878411173820496,0.5282648205757141,0.47792190313339233,0.014921263791620731,0.46125707030296326,0.45768749713897705,0.03349114581942558,0.49330031871795654,0.3423258364200592,-0.014487389475107193,0.5172157883644104,0.36440834403038025,-0.02310616336762905,0.5399489998817444,0.47352567315101624,0.018617015331983566,0.5158373117446899,0.4822377562522888,0.021120548248291016,0.44428521394729614,0.42140841484069824,0.01771913841366768,0.5237105488777161,0.43405187129974365,-0.0036268767435103655,0.5235374569892883,0.43679600954055786,-0.003539967816323042,0.5233759880065918,0.44025617837905884,-0.003779510036110878,0.5233385562896729,0.44430798292160034,-0.00228607258759439,0.521806001663208,0.45217594504356384,0.0033109569922089577,0.5114121437072754,0.4356438219547272,-0.00348918535746634,0.5103772878646851,0.4351949989795685,-0.004460516385734081,0.5094525218009949,0.4346535801887512,-0.005327438469976187,0.5046611428260803,0.431269109249115,-0.0067687914706766605,0.47051143646240234,0.42002934217453003,-0.006865893490612507,0.5133139491081238,0.35456031560897827,-0.01968771032989025,0.5017133355140686,0.33803215622901917,-0.014637120068073273,0.4962179958820343,0.33912068605422974,-0.014672643505036831,0.5124068856239319,0.4360266625881195,-0.0021261677611619234,0.4705956280231476,0.43975508213043213,0.006087846122682095,0.5101072788238525,0.33757495880126953,-0.019863002002239227,0.5188227295875549,0.4602259695529938,0.0075533646158874035,0.5307728052139282,0.36532196402549744,-0.028788987547159195,0.5220160484313965,0.35914766788482666,-0.02634565345942974,0.5272146463394165,0.3556307554244995,-0.025730354711413383,0.5153291821479797,0.3792576491832733,-0.021593840792775154,0.5399596691131592,0.46631672978401184,0.013670326210558414,0.5388479828834534,0.4574747383594513,0.01184643991291523,0.5296182036399841,0.4609432816505432,0.00944631639868021,0.5010067820549011,0.4507159888744354,0.00410045962780714,0.504064679145813,0.4043620824813843,-0.010428912937641144,0.5092298984527588,0.45672646164894104,0.006290036719292402,0.48827749490737915,0.40867871046066284,-0.013585526496171951,0.49978792667388916,0.4151463508605957,-0.010243955068290234,0.48361441493034363,0.4239479601383209,-0.008485731668770313,0.529083788394928,0.47037237882614136,0.010450773872435093,0.5109450221061707,0.384412556886673,-0.017674876376986504,0.49499794840812683,0.45876458287239075,0.009331269189715385,0.5058407187461853,0.464353084564209,0.011343634687364101,0.49450066685676575,0.44266825914382935,-0.0003385356394574046,0.459997296333313,0.4311676025390625,0.006849935743957758,0.4838184714317322,0.4466838240623474,0.0033352631144225597,0.4521845281124115,0.4376976490020752,0.02047296054661274,0.4958789348602295,0.4275253713130951,-0.007767874281853437,0.5126405954360962,0.3706202507019043,-0.01938360370695591,0.5225911140441895,0.39785125851631165,-0.027132324874401093,0.5172346234321594,0.4001176953315735,-0.020817983895540237,0.5261128544807434,0.39170631766319275,-0.030949130654335022,0.49677401781082153,0.33285269141197205,-0.019787270575761795,0.48671913146972656,0.33104631304740906,-0.025018950924277306,0.4775162637233734,0.33229467272758484,-0.027677522972226143,0.4693497121334076,0.33596327900886536,-0.02772526815533638,0.4631412923336029,0.34124356508255005,-0.02563169226050377,0.45822715759277344,0.3558221757411957,-0.015546583570539951,0.4347090721130371,0.3841075599193573,0.007771321106702089,0.46746349334716797,0.36739009618759155,-0.016076499596238136,0.4760953485965729,0.36808717250823975,-0.016828766092658043,0.4850943982601166,0.36439239978790283,-0.01616748236119747,0.49214497208595276,0.3592432737350464,-0.014636828564107418,0.4970397651195526,0.35478490591049194,-0.012960408814251423,0.5007836222648621,0.3514173626899719,-0.012388287112116814,0.4252466559410095,0.38132357597351074,0.02886083349585533,0.5165732502937317,0.401645302772522,-0.017451519146561623,0.5206086039543152,0.3731209933757782,-0.02597866952419281,0.5287278890609741,0.39740365743637085,-0.029595306143164635,0.5307186245918274,0.4000500738620758,-0.02510528825223446,0.5274924039840698,0.39858710765838623,-0.026671377941966057,0.5177835822105408,0.4031516909599304,-0.013972774147987366,0.5327426195144653,0.40028896927833557,-0.026141097769141197,0.5319496393203735,0.4014330208301544,-0.018535032868385315,0.49841973185539246,0.34440699219703674,-0.011656545102596283,0.5034947395324707,0.3462633490562439,-0.01295542437583208,0.5076823234558105,0.34822243452072144,-0.015635404735803604,0.46725359559059143,0.3479991853237152,-0.019207894802093506,0.46316444873809814,0.3465909957885742,-0.020433640107512474,0.5348089337348938,0.3644369840621948,-0.024251921102404594,0.5473729968070984,0.3179846704006195,0.01730438321828842,0.5406099557876587,0.39581477642059326,-0.01570839248597622,0.5523096919059753,0.2770231068134308,0.047274474054574966,0.5342446565628052,0.3334650993347168,0.006052630953490734,0.5399430394172668,0.33169299364089966,0.008849868550896645,0.5450369119644165,0.32916897535324097,0.012463755905628204,0.5488255023956299,0.32044756412506104,0.01979774609208107,0.5296949148178101,0.33337658643722534,0.003920245449990034,0.541084885597229,0.30806052684783936,0.003677136730402708,0.534705638885498,0.3115699291229248,0.00036048481706529856,0.5463496446609497,0.3069167137145996,0.008183015510439873,0.5491297245025635,0.30823075771331787,0.012265143916010857,0.5537711381912231,0.32503214478492737,0.025057967752218246,0.5528094172477722,0.4491428732872009,0.026538914069533348,0.5481207966804504,0.31460458040237427,0.01969340443611145,0.5599307417869568,0.3135894238948822,0.0574239119887352,0.5558983087539673,0.316379189491272,0.03213954344391823,0.5508697032928467,0.3715585172176361,0.007987537421286106,0.5428280830383301,0.41795334219932556,-0.006138205993920565,0.5420235991477966,0.42520013451576233,-0.0024332948960363865,0.5465818047523499,0.4167690873146057,0.0005726318340748549,0.5488783121109009,0.4167748689651489,0.007373464293777943,0.5450735688209534,0.4228717088699341,0.002200931077823043,0.5472270846366882,0.42125630378723145,0.008012680336833,0.5526342988014221,0.4234567880630493,0.02230658568441868,0.5425121188163757,0.39294660091400146,-0.027349861338734627,0.5424334406852722,0.38488030433654785,-0.03011798858642578,0.5562617778778076,0.30011802911758423,0.015162678435444832,0.5368342399597168,0.3545069098472595,-0.0011278854217380285,0.5473029613494873,0.38309037685394287,-0.007990097627043724,0.5456250905990601,0.3780006468296051,-0.0067228772677481174,0.5629547834396362,0.3622221052646637,0.022248078137636185,0.5387585163116455,0.3740892708301544,-0.028009934350848198,0.5479129552841187,0.29845136404037476,-0.003052203916013241,0.5535054802894592,0.29738765954971313,0.005681241396814585,0.5493484735488892,0.2645515203475952,0.030113201588392258,0.5271340012550354,0.3163459599018097,-0.016753878444433212,0.5292835235595703,0.31693360209465027,0.0003421325527597219,0.5550042986869812,0.414473295211792,0.02400553971529007,0.5586566925048828,0.3902376890182495,0.08793563395738602,0.5444692373275757,0.3896827697753906,-0.006777881179004908,0.5414664149284363,0.39438408613204956,-0.009086763486266136,0.5513226389884949,0.41808831691741943,0.02121838741004467,0.5503917932510376,0.4189945161342621,0.018187515437602997,0.5545381307601929,0.29059651494026184,0.008448722772300243,0.5465836524963379,0.38600730895996094,-0.004190257750451565,0.5392808318138123,0.3039162755012512,-0.010847695171833038,0.5397542119026184,0.2964352071285248,-0.013229051604866982,0.5341294407844543,0.2538827359676361,-0.006144325714558363,0.552090048789978,0.27661800384521484,0.016978716477751732,0.537187933921814,0.27394285798072815,-0.011220370419323444,0.5570060610771179,0.2945573031902313,0.020776895806193352,0.5553490519523621,0.28596946597099304,0.03229571133852005,0.5427302718162537,0.4219006299972534,-0.00489762332290411,0.5459709167480469,0.42002904415130615,0.0011719247559085488,0.5481858849525452,0.41901037096977234,0.00715235760435462,0.5433528423309326,0.391566663980484,-0.006245878525078297,0.5508482456207275,0.4185653328895569,0.019439220428466797,0.5498764514923096,0.4217151403427124,0.015277589671313763,0.5498587489128113,0.4194941520690918,0.01773826591670513,0.5444842576980591,0.38923609256744385,-0.01593218557536602,0.5462430715560913,0.42308804392814636,0.00931942742317915,0.5440330505371094,0.42509186267852783,0.005175942555069923,0.5410414338111877,0.4274424910545349,0.0012173975119367242,0.5437466502189636,0.4461352527141571,0.012323872186243534,0.5437573194503784,0.43829160928726196,0.004655552562326193,0.5434103012084961,0.43399617075920105,0.0026810758281499147,0.5424422025680542,0.43029579520225525,0.0027177343145012856,0.541053056716919,0.4275094270706177,0.0020491869654506445,0.5462818741798401,0.42306169867515564,0.009925797581672668,0.5474817752838135,0.4238545894622803,0.010032834485173225,0.5486170649528503,0.42520081996917725,0.010287805460393429,0.5494606494903564,0.42716360092163086,0.012409151531755924,0.5517597794532776,0.4046380817890167,0.009180255234241486,0.5569798350334167,0.34714093804359436,0.09063559770584106,0.5479638576507568,0.4213988780975342,0.014446758665144444,0.5489998459815979,0.42145058512687683,0.01459676306694746,0.5402693152427673,0.39851588010787964,-0.008238212205469608,0.5450389981269836,0.3912809491157532,-0.00018625904340296984,0.5408634543418884,0.3965839147567749,-0.009020650759339333,0.5418733358383179,0.35666894912719727,0.004470891784876585,0.5511071085929871,0.35852864384651184,0.010592084378004074,0.5458152890205383,0.3807843327522278,-0.00252741202712059,0.5439850091934204,0.256308913230896,0.011658224277198315,0.5464757680892944,0.27196818590164185,0.0027327374555170536,0.5485597252845764,0.29057297110557556,-0.002786724828183651,0.5508145093917847,0.43096238374710083,0.019199561327695847,0.5282519459724426,0.30489057302474976,-0.02085046097636223,0.5256159901618958,0.27882862091064453,-0.021544866263866425,0.5213976502418518,0.2555912733078003,-0.01973610185086727,0.548040509223938,0.3252296447753906,0.01663644053041935,0.5589591264724731,0.3291514217853546,0.03154755011200905,0.5268824696540833,0.3326394855976105,0.003268962260335684,0.5528902411460876,0.30920693278312683,0.019894586876034737,0.5335347056388855,0.35117998719215393,-0.0056059411726891994,0.5464375019073486,0.38242143392562866,-0.01560200098901987,0.5649579167366028,0.33290204405784607,0.042308174073696136,0.5593997836112976,0.33753418922424316,0.026109766215085983,0.5557458400726318,0.34462395310401917,0.01813371665775776,0.5463641285896301,0.34779638051986694,0.011220316402614117,0.5385268926620483,0.3471757769584656,0.006132908631116152,0.5332881808280945,0.345770001411438,0.0011412526946514845,0.5277842283248901,0.3445039689540863,-0.01765299215912819,0.5681871175765991,0.35104966163635254,0.044008538126945496,0.55584716796875,0.30672165751457214,0.023965487256646156,0.5403197407722473,0.3973989188671112,-0.024171026423573494,0.5391804575920105,0.36412838101387024,-0.0019782723393291235,0.5542929172515869,0.3099520206451416,0.07882749289274216,0.529459536075592,0.3436991274356842,-0.0024089880753308535,0.5445439219474792,0.3803901672363281,0.003452880075201392,0.5496000051498413,0.314439594745636,0.021812986582517624,0.5441115498542786,0.37627848982810974,-0.014222164638340473,0.5584510564804077,0.3675849437713623,0.09108106791973114,0.5259000658988953,0.3293684422969818,0.004295521881431341,0.5417578220367432,0.37428390979766846,-0.02218657173216343,0.5615880489349365,0.41861850023269653,0.05399022996425629,0.558062732219696,0.42583030462265015,0.06654780358076096,0.565487265586853,0.3485660254955292,0.06806699186563492,0.5640122890472412,0.40408825874328613,0.062423817813396454,0.5574939250946045,0.29843705892562866,0.046412393450737,0.5533512234687805,0.45559456944465637,0.03264692798256874,0.5384765267372131,0.3991096615791321,-0.01621285080909729,0.5434452295303345,0.367807000875473,0.003073393367230892,0.557450532913208,0.3161161541938782,0.040412161499261856,0.5437782406806946,0.3237493634223938,0.011988546699285507,0.5392137169837952,0.32660698890686035,0.008826212957501411,0.5506078600883484,0.4223604202270508,0.017173880711197853,0.5684718489646912,0.36795705556869507,0.048652756959199905,0.5468538999557495,0.4710457921028137,0.03170612454414368,0.5535101890563965,0.45133131742477417,0.04777092486619949,0.5554555058479309,0.4404476583003998,0.05607134476304054,0.5341839790344238,0.32809993624687195,0.006394414231181145,0.5295833349227905,0.3286963403224945,0.005265954416245222,0.5269977450370789,0.329301118850708,0.0050475094467401505,0.556704580783844,0.30320727825164795,0.031227130442857742,0.5294004678726196,0.321090966463089,0.0033401635009795427,0.5338420867919922,0.31642937660217285,0.003848872845992446,0.5390288829803467,0.31354594230651855,0.006117134355008602,0.5436710715293884,0.3125733435153961,0.009762300178408623,0.5461660623550415,0.31321272253990173,0.013153991661965847,0.5539650321006775,0.29125311970710754,0.06437518447637558,0.5461931228637695,0.3207429051399231,0.01505010761320591,0.5481805205345154,0.4027492105960846,0.0033044139854609966,0.5450965166091919,0.38870033621788025,-0.009789085946977139,0.5416112542152405,0.40530872344970703,-0.006251419894397259,0.5583556890487671,0.4323914349079132,0.04726255685091019,0.5556476712226868,0.44373470544815063,0.04039488360285759,0.5487371683120728,0.46622565388679504,0.024410974234342575,0.5586869120597839,0.41004592180252075,0.07845795899629593,0.5269688963890076,0.32617419958114624,0.003809884423390031,0.5343630313873291,0.35717132687568665,-0.015119015239179134,0.5512859225273132,0.4618608355522156,0.039194442331790924,0.5659219622612,0.3672965168952942,0.06997119635343552,0.5440773367881775,0.4251016080379486,0.005936151836067438,0.545475959777832,0.42689400911331177,0.00634249160066247,0.5465865135192871,0.42952877283096313,0.006633320357650518,0.5473607778549194,0.4331515431404114,0.008653657510876656,0.5480818748474121,0.43882817029953003,0.015607020817697048,0.5489436388015747,0.4199780225753784,0.0134290074929595,0.5497810244560242,0.4185636639595032,0.014088273048400879,0.5504451990127563,0.41714662313461304,0.01451892964541912,0.5542178750038147,0.4086320996284485,0.01658080704510212,0.5665103793144226,0.37725940346717834,0.03365502133965492,0.5305096507072449,0.3474259674549103,-0.011354071088135242,0.5239391922950745,0.32660648226737976,-0.0040191165171563625,0.5254806280136108,0.3250449299812317,0.0006685165571980178,0.5479220151901245,0.42146891355514526,0.014148215763270855,0.5653131008148193,0.3954135477542877,0.04707453027367592,0.5232216715812683,0.3300594091415405,-0.013520294800400734,0.5502386093139648,0.4434317648410797,0.021361766383051872,0.5316208600997925,0.35507985949516296,-0.02206362597644329,0.5398061871528625,0.3688403367996216,-0.011175492778420448,0.5456374287605286,0.4523026645183563,0.016086148098111153,0.5563644170761108,0.42327743768692017,0.028360119089484215,0.5491319894790649,0.3847636878490448,0.0077963233925402164,0.5534388422966003,0.4338396191596985,0.025447556748986244,0.5594496726989746,0.37742000818252563,0.015436341986060143,0.5545428991317749,0.39086395502090454,0.012596755288541317,0.5630586743354797,0.388007789850235,0.024651596322655678,0.5482270121574402,0.4597880244255066,0.019313396885991096,0.5413335561752319,0.37148618698120117,-0.004635456018149853,0.558914065361023,0.4257875084877014,0.03747030720114708,0.5554237365722656,0.43765777349472046,0.03295241296291351,0.5591555833816528,0.4119671583175659,0.02910545840859413,0.5673230290412903,0.3823333978652954,0.05276891589164734,0.562685489654541,0.40848860144615173,0.03764638677239418,0.5653414726257324,0.3854714632034302,0.0699857845902443,0.5580974221229553,0.3993634581565857,0.019252212718129158,0.5365906953811646,0.3604978919029236,-0.008111494593322277,0.5459823608398438,0.3870879113674164,-0.01699526607990265,0.5467952489852905,0.386839359998703,-0.009254802949726582,0.5448645353317261,0.383243203163147,-0.022881822660565376,0.5278229117393494,0.3177129626274109,-0.005134818609803915,0.5365712642669678,0.30906832218170166,-0.0033816692885011435,0.5442679524421692,0.3048352003097534,0.0006912137032486498,0.5498718619346619,0.30354297161102295,0.006601808592677116,0.5525946617126465,0.30498701333999634,0.01272499468177557,0.5525079369544983,0.31578344106674194,0.025665799155831337,0.563379168510437,0.3306923806667328,0.06378179043531418,0.5529216527938843,0.330375999212265,0.021496545523405075,0.5495359301567078,0.33591949939727783,0.01588890515267849,0.5428221821784973,0.3389533460140228,0.010722807608544827,0.535828709602356,0.3396990895271301,0.006534253247082233,0.5308010578155518,0.3392590284347534,0.003024727338925004,0.527622640132904,0.3385593891143799,0.0006607549730688334,0.5548703670501709,0.32848280668258667,0.08682624250650406,0.5458680391311646,0.3885660767555237,-0.0061174058355391026,0.5377041101455688,0.36581188440322876,-0.017817558720707893,0.5446556806564331,0.38978326320648193,-0.02312435582280159,0.5416495203971863,0.3945753872394562,-0.021341057494282722,0.5436874628067017,0.3907979726791382,-0.02004658803343773,0.5445042252540588,0.39134734869003296,-0.004487708676606417,0.5414270162582397,0.39601242542266846,-0.023076849058270454,0.539736270904541,0.3977096676826477,-0.015956882387399673,0.5249559879302979,0.3310700058937073,0.0021496894769370556,0.5246771574020386,0.33559492230415344,-0.002667134627699852,0.5258572697639465,0.33890676498413086,-0.0071222782135009766,0.5474051237106323,0.3139827847480774,0.016169702634215355,0.5503087043762207,0.31026601791381836,0.017158828675746918,0.47639748454093933,0.3464675843715668,-0.017653610557317734,0.4831841289997101,0.34384915232658386,-0.017653610557317734,0.4745666980743408,0.3373104929924011,-0.017653610557317734,0.4695313572883606,0.34910261631011963,-0.017653610557317734,0.47829070687294006,0.35558342933654785,-0.017653610557317734,0.534003496170044,0.32074272632598877,0.009379256516695023,0.5404344201087952,0.3182443678379059,0.009379256516695023,0.5319387316703796,0.31266677379608154,0.009379256516695023,0.5275432467460632,0.3232196271419525,0.009379256516695023,0.5361096262931824,0.32875916361808777,0.009379256516695023
3466.666666666671,0.5397001504898071,0.4260474443435669,-0.008507064543664455,0.5418015718460083,0.400601863861084,-0.02879994548857212,0.5378203988075256,0.40710872411727905,-0.01181150134652853,0.5293529033660889,0.37401577830314636,-0.029118314385414124,0.541076123714447,0.3926239013671875,-0.03225501626729965,0.5378100872039795,0.38114339113235474,-0.03207295760512352,0.5272045731544495,0.3510435223579407,-0.023407112807035446,0.47387686371803284,0.3604515790939331,-0.01840861327946186,0.5217660665512085,0.32711276412010193,-0.02438897080719471,0.5201669931411743,0.31506067514419556,-0.02848629839718342,0.5089505910873413,0.26647207140922546,-0.031746648252010345,0.5398982167243958,0.428970605134964,-0.007098041009157896,0.5396808981895447,0.4319114685058594,-0.004632584750652313,0.5391404032707214,0.43390706181526184,-0.000773463340010494,0.539059042930603,0.43400225043296814,-0.0001250166242243722,0.5399576425552368,0.43771517276763916,0.0006042956956662238,0.5405772924423218,0.4421080946922302,0.0006246399134397507,0.5406962037086487,0.44661810994148254,0.0029797647148370743,0.5402237772941589,0.4532296657562256,0.010799222625792027,0.5408660769462585,0.4042302966117859,-0.025127001106739044,0.5331730246543884,0.40598952770233154,-0.018801141530275345,0.42983412742614746,0.32835379242897034,-0.008187934756278992,0.49401986598968506,0.3608725666999817,-0.017185010015964508,0.4884641170501709,0.36402735114097595,-0.01879671774804592,0.48194316029548645,0.36613962054252625,-0.01927422173321247,0.47044724225997925,0.363790899515152,-0.017740629613399506,0.49806681275367737,0.3568803071975708,-0.014605636708438396,0.48284605145454407,0.343340665102005,-0.025746837258338928,0.489383339881897,0.3422100245952606,-0.023211169987916946,0.47636380791664124,0.34607821702957153,-0.025440124794840813,0.4717711806297302,0.34975871443748474,-0.02389991655945778,0.465493768453598,0.3706919252872467,-0.015071108937263489,0.5193044543266296,0.4722135663032532,0.012245549820363522,0.4703591465950012,0.35944682359695435,-0.017633680254220963,0.43586376309394836,0.3695564270019531,0.0024397261440753937,0.45501044392585754,0.36662036180496216,-0.01302051916718483,0.49986445903778076,0.3998950123786926,-0.014066772535443306,0.5323231220245361,0.4273127317428589,-0.010682232677936554,0.5327531695365906,0.4341204762458801,-0.006364062428474426,0.5241749286651611,0.4322368800640106,-0.009837216697633266,0.5179738998413086,0.435748428106308,-0.007312458474189043,0.5257853269577026,0.4362594783306122,-0.006551205180585384,0.5198291540145874,0.4378936290740967,-0.0040776487439870834,0.5094531774520874,0.44768983125686646,0.0032504447735846043,0.537015438079834,0.4021998345851898,-0.02985122799873352,0.5355582237243652,0.3946015536785126,-0.03336108848452568,0.4616492688655853,0.3456685543060303,-0.027882743626832962,0.5081112384796143,0.3739245533943176,-0.015965797007083893,0.5176154971122742,0.4025917053222656,-0.021241340786218643,0.5154477953910828,0.39760902523994446,-0.02051430568099022,0.47741666436195374,0.4051174223423004,-0.01446310430765152,0.5325144529342651,0.38375452160835266,-0.032492443919181824,0.48103824257850647,0.3338785767555237,-0.03355342894792557,0.4702737033367157,0.3386429250240326,-0.03197357803583145,0.43817606568336487,0.3106940984725952,-0.020318742841482162,0.5091406106948853,0.33381444215774536,-0.02784630097448826,0.4947498142719269,0.34298786520957947,-0.019007794559001923,0.503784716129303,0.4420787990093231,0.0003710729070007801,0.4510093927383423,0.44614529609680176,0.03979294002056122,0.5224112272262573,0.40603670477867126,-0.016411127522587776,0.5277458429336548,0.4068141579627991,-0.013540778309106827,0.5090456604957581,0.44023534655570984,0.0011315308511257172,0.5106261968612671,0.44009849429130554,0.0007250928319990635,0.4647006392478943,0.3333030641078949,-0.03179429844021797,0.5165099501609802,0.40539678931236267,-0.017080295830965042,0.4939635992050171,0.33190691471099854,-0.03229469433426857,0.49225732684135437,0.32451122999191284,-0.03542764484882355,0.46997782588005066,0.28238850831985474,-0.03675628826022148,0.4508408308029175,0.3207113742828369,-0.027744034305214882,0.48098787665367126,0.30100032687187195,-0.03716954588890076,0.4547584652900696,0.3419983386993408,-0.025409134104847908,0.4421803951263428,0.33515477180480957,-0.017992349341511726,0.5325859189033508,0.4310445189476013,-0.009287666529417038,0.5250293016433716,0.43435144424438477,-0.008428264409303665,0.5189172029495239,0.4368416666984558,-0.006075716577470303,0.5236209034919739,0.4068303406238556,-0.013983460143208504,0.509871780872345,0.4401647448539734,0.0010106757981702685,0.5140010714530945,0.4415406584739685,5.721967318095267e-05,0.5114091038703918,0.4400239586830139,0.0008381266379728913,0.5273315906524658,0.40367400646209717,-0.02481812611222267,0.5204169154167175,0.43866610527038574,-0.0020766560919582844,0.5262975692749023,0.4374852776527405,-0.002951818984001875,0.532707691192627,0.43593984842300415,-0.0027848216705024242,0.5325702428817749,0.45587337017059326,0.008433600887656212,0.5333329439163208,0.44881826639175415,0.00044474448077380657,0.5332843661308289,0.44419991970062256,-0.0017419394571334124,0.5330515503883362,0.4396900236606598,-0.0017002414679154754,0.5326968431472778,0.4360569715499878,-0.0021631442941725254,0.5204057097434998,0.43871572613716125,-0.0015656434698030353,0.5198385119438171,0.44049108028411865,-0.001395252300426364,0.5190987586975098,0.4429417848587036,-0.0015887125628069043,0.518473207950592,0.4456521272659302,-0.00047334321425296366,0.5118376016616821,0.4277844727039337,-0.008209642954170704,0.4335003197193146,0.4056890308856964,0.03546637296676636,0.5394980311393738,0.40576863288879395,-0.016775567084550858,0.5158262848854065,0.4394151568412781,-0.0002289605763508007,0.5149967074394226,0.44037312269210815,-6.255695188883692e-05,0.5302836894989014,0.4091605544090271,-0.012579274363815784,0.5181252360343933,0.40908941626548767,-0.010232479311525822,0.5291045308113098,0.408035546541214,-0.013271472416818142,0.5020577907562256,0.3805091679096222,-0.015171591192483902,0.4926036298274994,0.3899402618408203,-0.015754371881484985,0.513908863067627,0.4009571075439453,-0.016666652634739876,0.4511023461818695,0.2952392101287842,-0.030266880989074707,0.4632171094417572,0.30900537967681885,-0.03382643684744835,0.477516233921051,0.32685574889183044,-0.03520005941390991,0.5162312388420105,0.4520772397518158,0.003866534447297454,0.5067710280418396,0.3227047026157379,-0.03297542780637741,0.49763840436935425,0.2958518862724304,-0.03623248264193535,0.48855024576187134,0.27340593934059143,-0.036845654249191284,0.4751123785972595,0.3662376403808594,-0.01865960657596588,0.4584398865699768,0.3787427246570587,-0.012730206362903118,0.5004831552505493,0.35385099053382874,-0.013430263847112656,0.4638422727584839,0.3548966646194458,-0.021412497386336327,0.5123878121376038,0.3676009476184845,-0.017659464851021767,0.522757351398468,0.399380624294281,-0.026331264525651932,0.45072782039642334,0.3868545889854431,-0.007524394895881414,0.4662803113460541,0.38406309485435486,-0.015270226635038853,0.47729548811912537,0.3852308392524719,-0.01696080155670643,0.49004682898521423,0.37991976737976074,-0.01565028540790081,0.49793440103530884,0.3733603060245514,-0.014482252299785614,0.5035351514816284,0.367570698261261,-0.014492354355752468,0.5215160250663757,0.3548436164855957,-0.023328151553869247,0.4556507468223572,0.40531712770462036,-0.005003727041184902,0.45722171664237976,0.3551120460033417,-0.021172987297177315,0.5379460453987122,0.4052636921405792,-0.026015810668468475,0.511601448059082,0.38277843594551086,-0.016106486320495605,0.425703763961792,0.36669403314590454,0.020658094435930252,0.5080708861351013,0.3620298504829407,-0.014896994456648827,0.5116889476776123,0.4008656144142151,-0.01072775386273861,0.46702730655670166,0.3592812716960907,-0.017321811988949776,0.5202108025550842,0.39325615763664246,-0.025271829217672348,0.4403001070022583,0.4261285066604614,0.03887735307216644,0.49878498911857605,0.3516409397125244,-0.013314621523022652,0.5264519453048706,0.38777318596839905,-0.03020568937063217,0.48201635479927063,0.4638466238975525,0.019026895985007286,0.4794548749923706,0.4713241457939148,0.03120746649801731,0.44241949915885925,0.40745213627815247,0.014337725006043911,0.46851325035095215,0.45537784695625305,0.020753318443894386,0.43796104192733765,0.35101673007011414,-0.0067315311171114445,0.5183832049369812,0.4799070358276367,0.017185498028993607,0.5371469855308533,0.40634632110595703,-0.017122896388173103,0.5063723921775818,0.3902934491634369,-0.014190103858709335,0.4470086097717285,0.36935529112815857,-0.009209863841533661,0.48241880536079407,0.36063000559806824,-0.019462697207927704,0.4880967140197754,0.3589286804199219,-0.019110744819045067,0.5130585432052612,0.44287002086639404,0.0006841394933871925,0.45929378271102905,0.422088623046875,0.0019276421517133713,0.5294505953788757,0.48539960384368896,0.02449234388768673,0.5070945620536804,0.48222649097442627,0.02590099908411503,0.4951355755329132,0.47828343510627747,0.027859071269631386,0.5149472951889038,0.2904810905456543,-0.03148601949214935,0.5407007932662964,0.4814412593841553,0.027886027470231056,0.49229660630226135,0.3563123941421509,-0.017614681273698807,0.4957360029220581,0.3532586395740509,-0.015527438372373581,0.49787744879722595,0.35192811489105225,-0.013784954324364662,0.44937780499458313,0.353756308555603,-0.017389724031090736,0.49440744519233704,0.3520262539386749,-0.018203530460596085,0.48991456627845764,0.3543570935726166,-0.020946180447936058,0.4851740002632141,0.3563458323478699,-0.022518359124660492,0.4796820878982544,0.3577118217945099,-0.022565694525837898,0.475673645734787,0.35849305987358093,-0.02138221636414528,0.42590832710266113,0.3459021747112274,0.006730632856488228,0.4777038097381592,0.3608761727809906,-0.019030515104532242,0.5381052494049072,0.4132574498653412,-0.009190069511532784,0.5180953741073608,0.4217238128185272,-0.009881888516247272,0.5229936838150024,0.4051722586154938,-0.0190024022012949,0.530539870262146,0.4164107143878937,-0.011351059190928936,0.5233008861541748,0.33841830492019653,-0.021843891590833664,0.4950435757637024,0.4708985388278961,0.019467618316411972,0.5064964294433594,0.475636750459671,0.01893267035484314,0.5305324196815491,0.4810260534286499,0.016887199133634567,0.46483442187309265,0.4612560272216797,0.036172766238451004,0.49734655022621155,0.3514086604118347,-0.015485658310353756,0.520678699016571,0.37030747532844543,-0.023333098739385605,0.5420351028442383,0.47688549757003784,0.020448315888643265,0.5186673402786255,0.48506516218185425,0.023682819679379463,0.44789591431617737,0.42576974630355835,0.019040150567889214,0.526292622089386,0.4375794231891632,-0.0023748448584228754,0.5260483622550964,0.4404914081096649,-0.0022313371300697327,0.5258232355117798,0.4441198408603668,-0.0024247511755675077,0.5257373452186584,0.4482761323451996,-0.0008650521631352603,0.5239535570144653,0.45513007044792175,0.004867456387728453,0.5147574543952942,0.43905386328697205,-0.0018855765229091048,0.5137103199958801,0.43866756558418274,-0.002820604480803013,0.5127866268157959,0.4381917715072632,-0.003713063895702362,0.5067287683486938,0.43473729491233826,-0.005258306860923767,0.47304823994636536,0.4247174561023712,-0.0055322349071502686,0.5169336795806885,0.3606838583946228,-0.020129697397351265,0.5052582025527954,0.34502434730529785,-0.015806512907147408,0.5000475645065308,0.3466295003890991,-0.015761617571115494,0.5157868266105652,0.43940499424934387,-0.0005325708189047873,0.4733295738697052,0.44388464093208313,0.007797756232321262,0.5137668251991272,0.34413760900497437,-0.020975030958652496,0.5211054086685181,0.4635361433029175,0.00917125679552555,0.5342692136764526,0.3711903691291809,-0.02894122526049614,0.5256044268608093,0.3651276230812073,-0.026714958250522614,0.5309072136878967,0.36169207096099854,-0.02617202140390873,0.5185638666152954,0.3848041892051697,-0.021530624479055405,0.5420982241630554,0.4699486494064331,0.01529840286821127,0.5410290360450745,0.46106284856796265,0.013158072717487812,0.5317879319190979,0.4643721580505371,0.010887369513511658,0.5034430027008057,0.4538491368293762,0.005935520865023136,0.5069771409034729,0.40913838148117065,-0.00978977419435978,0.5116580724716187,0.4598623514175415,0.008055662736296654,0.49072200059890747,0.4136044681072235,-0.01270657405257225,0.5022870898246765,0.41971203684806824,-0.009246515110135078,0.4858846962451935,0.4285382628440857,-0.007271239534020424,0.5312844514846802,0.47379305958747864,0.012193588539958,0.5141484141349792,0.3897831439971924,-0.017500722780823708,0.497726172208786,0.462006151676178,0.011294770054519176,0.5084891319274902,0.4675391912460327,0.013225735165178776,0.4968101680278778,0.44604218006134033,0.0014196084812283516,0.4630123972892761,0.43550336360931396,0.008451787754893303,0.48638492822647095,0.4503898620605469,0.005126746837049723,0.45565927028656006,0.44180506467819214,0.022208333015441895,0.4980623722076416,0.4315638840198517,-0.006423255428671837,0.5160072445869446,0.37640538811683655,-0.019459962844848633,0.5255929827690125,0.40293002128601074,-0.026675976812839508,0.5202606320381165,0.4050973057746887,-0.020323729142546654,0.5291416645050049,0.3969496488571167,-0.030468231067061424,0.5008142590522766,0.34027034044265747,-0.021087689325213432,0.49143171310424805,0.3386906087398529,-0.02614959329366684,0.48273903131484985,0.33962827920913696,-0.028586439788341522,0.47458332777023315,0.34281468391418457,-0.028420330956578255,0.46802425384521484,0.3478538990020752,-0.026220615953207016,0.4620617628097534,0.36259984970092773,-0.015860797837376595,0.4382595419883728,0.3888275921344757,0.008201919496059418,0.4710085988044739,0.37361016869544983,-0.016172686591744423,0.479542076587677,0.3743896484375,-0.016907284036278725,0.4885726273059845,0.37138548493385315,-0.016333939507603645,0.49572503566741943,0.36658063530921936,-0.015091071836650372,0.5006498098373413,0.3617531955242157,-0.01347016729414463,0.5042360424995422,0.35808002948760986,-0.013055972754955292,0.42893338203430176,0.3859117925167084,0.02961125783622265,0.519608736038208,0.40654197335243225,-0.016938267275691032,0.5239312052726746,0.37880605459213257,-0.025993555784225464,0.5316906571388245,0.40256965160369873,-0.02906912751495838,0.5337267518043518,0.40525493025779724,-0.02452533133327961,0.5304821729660034,0.4037252366542816,-0.026158785447478294,0.5207862257957458,0.40803152322769165,-0.013432844541966915,0.5356985330581665,0.4055251479148865,-0.025538401678204536,0.5349645018577576,0.4066612720489502,-0.01795245334506035,0.5018748044967651,0.350985586643219,-0.012623028829693794,0.5068598985671997,0.35289233922958374,-0.013833196833729744,0.5111865997314453,0.3547174334526062,-0.01631973125040531,0.47291356325149536,0.3590084910392761,-0.019815118983387947,0.4680424928665161,0.35421380400657654,-0.02100507542490959,0.5383404493331909,0.3703835904598236,-0.024487238377332687,0.554276168346405,0.32479026913642883,0.015618222765624523,0.5435288548469543,0.40129849314689636,-0.015230401419103146,0.5576452612876892,0.28344783186912537,0.04410366341471672,0.5391165018081665,0.33803340792655945,0.0046358779072761536,0.5450334548950195,0.33685216307640076,0.007452419027686119,0.5505409240722656,0.3347744345664978,0.011061766184866428,0.5557339787483215,0.32648420333862305,0.018250243738293648,0.5344650745391846,0.3374541401863098,0.0026222195010632277,0.5465413331985474,0.31509414315223694,0.0018840401899069548,0.5401628017425537,0.3183456361293793,-0.0014118868857622147,0.5518831014633179,0.3137306571006775,0.0064496141858398914,0.5549049973487854,0.31472617387771606,0.010524224489927292,0.5600926876068115,0.3299676775932312,0.023630797863006592,0.5551308393478394,0.4534039795398712,0.0277592521160841,0.5556819438934326,0.3223811388015747,0.01797115057706833,0.5646306276321411,0.3203584551811218,0.05541706830263138,0.5619809031486511,0.32012641429901123,0.030483951792120934,0.554571270942688,0.37767478823661804,0.007752234116196632,0.5448235869407654,0.42189544439315796,-0.005218337755650282,0.5441166162490845,0.42917054891586304,-0.0013572181342169642,0.5487298965454102,0.4209865927696228,0.0014753042487427592,0.5510969161987305,0.4211203157901764,0.008285991847515106,0.5472134947776794,0.4269413948059082,0.0032301812898367643,0.5494034886360168,0.4254058599472046,0.009024511091411114,0.5556532740592957,0.4270492494106293,0.023362526670098305,0.5454498529434204,0.3984204828739166,-0.026882655918598175,0.5454925298690796,0.3904867172241211,-0.029806558042764664,0.5609616041183472,0.3033056855201721,0.013162768445909023,0.5407676696777344,0.3609106242656708,-0.0016575525514781475,0.5504249930381775,0.3888055682182312,-0.007882307283580303,0.5488412380218506,0.3838353753089905,-0.006733415648341179,0.5670608282089233,0.3685291111469269,0.021822627633810043,0.5420653223991394,0.3798447549343109,-0.02798323892056942,0.5520926117897034,0.30325207114219666,-0.004938009660691023,0.5579153299331665,0.301446795463562,0.0037888295482844114,0.5548940300941467,0.2706884741783142,0.02667299099266529,0.5308648943901062,0.32164236903190613,-0.018311813473701477,0.5347556471824646,0.3229537010192871,-0.0013746520271524787,0.5583632588386536,0.41821280121803284,0.024857107549905777,0.5621538162231445,0.3964831531047821,0.08838625252246857,0.5474860668182373,0.395306795835495,-0.006595929153263569,0.5444599390029907,0.39991503953933716,-0.00861065648496151,0.553707480430603,0.4224536418914795,0.022183461114764214,0.5527392029762268,0.42329466342926025,0.019194474443793297,0.5584608316421509,0.2934684753417969,0.006276390980929136,0.549666702747345,0.3916037678718567,-0.004028447903692722,0.5433202981948853,0.30931392312049866,-0.012629130855202675,0.543326735496521,0.30141258239746094,-0.015185434371232986,0.5395626425743103,0.25952157378196716,-0.009740717709064484,0.5573172569274902,0.28253796696662903,0.014261743985116482,0.5421746969223022,0.2797758877277374,-0.013895023614168167,0.561330258846283,0.2965688705444336,0.01849263347685337,0.5604944825172424,0.2920835018157959,0.029568424448370934,0.5447456240653992,0.4258246421813965,-0.0038841660134494305,0.5480897426605225,0.424144446849823,0.0021606520749628544,0.5503603219985962,0.42325374484062195,0.008135986514389515,0.5463837385177612,0.39712613821029663,-0.005922847427427769,0.5532031059265137,0.4228978455066681,0.02043457143008709,0.5521023273468018,0.42609116435050964,0.016341906040906906,0.5521782636642456,0.42377227544784546,0.01877278834581375,0.5474773645401001,0.3948112428188324,-0.01569371670484543,0.5484452843666077,0.42719942331314087,0.010356341488659382,0.5462239980697632,0.42913806438446045,0.00622613774612546,0.5432231426239014,0.431467205286026,0.0023169969208538532,0.5459447503089905,0.44953808188438416,0.01338010374456644,0.545915424823761,0.44305840134620667,0.005760506261140108,0.5455353856086731,0.43862685561180115,0.003777072299271822,0.5445150136947632,0.4345903992652893,0.003741950262337923,0.5431421995162964,0.4315432012081146,0.0029977026861160994,0.5483916401863098,0.42717331647872925,0.01085591223090887,0.5496394634246826,0.42813539505004883,0.01099335215985775,0.5508532524108887,0.4296318590641022,0.011271323077380657,0.5517563819885254,0.43166592717170715,0.013418118469417095,0.5550407767295837,0.4094575047492981,0.009867279790341854,0.5610747933387756,0.35406064987182617,0.08972368389368057,0.5500884056091309,0.42559653520584106,0.015423688106238842,0.5511571764945984,0.42575353384017944,0.015612548217177391,0.5432560443878174,0.4039146602153778,-0.007723996881395578,0.5481394529342651,0.39667293429374695,8.784329111222178e-05,0.5438438653945923,0.40204867720603943,-0.008511977270245552,0.5458052158355713,0.3630906641483307,0.003970298916101456,0.5551316738128662,0.36490577459335327,0.010134028270840645,0.5489953756332397,0.3865378201007843,-0.002492856467142701,0.5495793223381042,0.2622302174568176,0.008110003545880318,0.5516293048858643,0.2778039872646332,1.4087219824432395e-05,0.5522554516792297,0.2945989966392517,-0.004961731843650341,0.5535491108894348,0.4346622824668884,0.02026459388434887,0.5313681364059448,0.31004980206489563,-0.02265906147658825,0.5303487181663513,0.284538209438324,-0.024087166413664818,0.5265508890151978,0.26099905371665955,-0.023175474256277084,0.5542868375778198,0.33096104860305786,0.015181484632194042,0.56528639793396,0.33311471343040466,0.03018875978887081,0.5317820906639099,0.3365733027458191,0.001919296570122242,0.5587079524993896,0.314050555229187,0.01808205619454384,0.537513792514801,0.35756728053092957,-0.006186500191688538,0.5495671629905701,0.38812655210494995,-0.015483858063817024,0.5692336559295654,0.3397722840309143,0.04102858155965805,0.5656959414482117,0.34242722392082214,0.025016730651259422,0.561943531036377,0.3502937853336334,0.01721728779375553,0.5521992444992065,0.3534703850746155,0.010456543415784836,0.5440314412117004,0.35254502296447754,0.005350844003260136,0.5385376214981079,0.35103943943977356,0.0003849111089948565,0.5317800045013428,0.35079923272132874,-0.01840749755501747,0.5722475051879883,0.3577459454536438,0.04323553666472435,0.5612541437149048,0.3102594017982483,0.022043129429221153,0.543207585811615,0.40280255675315857,-0.023631999269127846,0.5428209900856018,0.37031424045562744,-0.0023137612733989954,0.5590661764144897,0.31676316261291504,0.07663508504629135,0.5345808863639832,0.34904563426971436,-0.0032525628339499235,0.5477994084358215,0.3861323595046997,0.003414684906601906,0.55661940574646,0.32053062319755554,0.020113229751586914,0.5473934412002563,0.3821079730987549,-0.014235041104257107,0.5622186660766602,0.3743213713169098,0.09087450057268143,0.5311102271080017,0.33364957571029663,0.002758634742349386,0.5450787544250488,0.38009750843048096,-0.022195996716618538,0.5645712018013,0.42391282320022583,0.05473630875349045,0.5607988238334656,0.4310198426246643,0.06779756397008896,0.5695021152496338,0.35547640919685364,0.06708575040102005,0.5673788785934448,0.4098912179470062,0.06290346384048462,0.5624842047691345,0.3049319386482239,0.043980952352285385,0.5554488301277161,0.45971375703811646,0.03408312052488327,0.541415274143219,0.40449386835098267,-0.015658821910619736,0.5470483303070068,0.3739825189113617,0.00278684264048934,0.5634198784828186,0.31862422823905945,0.03862740471959114,0.5493269562721252,0.3294205069541931,0.010379446670413017,0.5442317128181458,0.33168643712997437,0.007263862993568182,0.5529165863990784,0.4267489016056061,0.018252873793244362,0.5724524259567261,0.3744725286960602,0.04834877699613571,0.5489307641983032,0.47469067573547363,0.033874962478876114,0.555662214756012,0.4557006061077118,0.04945330321788788,0.5578098893165588,0.44519248604774475,0.057532843202352524,0.5390056371688843,0.33263343572616577,0.004861253313720226,0.5343307256698608,0.33268117904663086,0.003743696492165327,0.5319469571113586,0.3332039713859558,0.0035230128560215235,0.5618353486061096,0.30526667833328247,0.029094215482473373,0.5356609225273132,0.3308674991130829,0.0016127988928928971,0.5410314798355103,0.3300212621688843,0.002118336968123913,0.5466403961181641,0.32861098647117615,0.004372422117739916,0.551353931427002,0.32652798295021057,0.008032630197703838,0.5537856221199036,0.3249395489692688,0.011393050663173199,0.5590583682060242,0.2979048788547516,0.0616118423640728,0.5524089932441711,0.3269682228565216,0.013408218510448933,0.5512807965278625,0.40789252519607544,0.0038991286419332027,0.5481098890304565,0.3943678140640259,-0.009595789015293121,0.5445672869682312,0.4105762541294098,-0.005633859429508448,0.5608882904052734,0.4372703433036804,0.04832402989268303,0.5579245090484619,0.448233962059021,0.041655734181404114,0.5507158041000366,0.4699442982673645,0.02605711854994297,0.5618376135826111,0.415723979473114,0.0794251561164856,0.5325824022293091,0.3322840631008148,0.0022012153640389442,0.538107693195343,0.3633372485637665,-0.015564960427582264,0.5533296465873718,0.4658434987068176,0.04110447317361832,0.5697399377822876,0.37401241064071655,0.06953854858875275,0.5461726188659668,0.429165244102478,0.0068480949848890305,0.547603189945221,0.431198388338089,0.007300389464944601,0.5487799048423767,0.43405881524086,0.00761213805526495,0.5495898723602295,0.43780580163002014,0.009663262404501438,0.5505161285400391,0.44243741035461426,0.016680127009749413,0.5511348247528076,0.4242309629917145,0.014459279365837574,0.5520014762878418,0.42289674282073975,0.015102057717740536,0.5527227520942688,0.42157259583473206,0.015467861667275429,0.5576158761978149,0.41290169954299927,0.01732683926820755,0.57054603099823,0.38343560695648193,0.033584240823984146,0.5345226526260376,0.3537691831588745,-0.012033027596771717,0.5287927985191345,0.33136439323425293,-0.005463541019707918,0.5306461453437805,0.3298143446445465,-0.0008892665500752628,0.5501091480255127,0.4256688952445984,0.015167653560638428,0.5690479278564453,0.4012468457221985,0.04735594615340233,0.5275493264198303,0.3356468975543976,-0.014782295562326908,0.5526995062828064,0.44750362634658813,0.02245882712304592,0.5353540182113647,0.36121171712875366,-0.022555675357580185,0.5433118939399719,0.37484055757522583,-0.011384034529328346,0.5478842258453369,0.45612382888793945,0.01728908158838749,0.5592830181121826,0.42760246992111206,0.02934093400835991,0.5524629950523376,0.3904307782649994,0.007884829305112362,0.556082010269165,0.43804726004600525,0.02651015855371952,0.5633668303489685,0.38338348269462585,0.015334428288042545,0.5580751895904541,0.3963222801685333,0.012869064696133137,0.5669913291931152,0.3937242925167084,0.024718133732676506,0.5503578186035156,0.4637168049812317,0.020741472020745277,0.5447603464126587,0.37748080492019653,-0.0048090931959450245,0.5616791844367981,0.43055644631385803,0.03843563422560692,0.5579408407211304,0.4421474039554596,0.034081123769283295,0.5624626278877258,0.4164869487285614,0.029833437874913216,0.5711485147476196,0.388611376285553,0.052784908562898636,0.5660687685012817,0.41366347670555115,0.03823653236031532,0.5689616203308105,0.3918311595916748,0.07007875293493271,0.5617455840110779,0.40430837869644165,0.019714584574103355,0.5403009057044983,0.36668699979782104,-0.008495665155351162,0.5490255951881409,0.3926990330219269,-0.016798844560980797,0.5498476028442383,0.39249899983406067,-0.00905569363385439,0.5479520559310913,0.3888883888721466,-0.02261911891400814,0.5326623916625977,0.32308080792427063,-0.006825267802923918,0.5414291024208069,0.3149612545967102,-0.0051659210585057735,0.5491942167282104,0.3106493055820465,-0.001122065237723291,0.5548825263977051,0.3090062737464905,0.004821117967367172,0.5579535961151123,0.31006404757499695,0.010939360596239567,0.5590738654136658,0.3206251263618469,0.02400062046945095,0.5676558017730713,0.33763888478279114,0.06227494403719902,0.5592138171195984,0.3357693552970886,0.020184293389320374,0.5553576946258545,0.34144970774650574,0.014744549989700317,0.5482752323150635,0.3442575931549072,0.009684753604233265,0.5410337448120117,0.3446010947227478,0.005411853548139334,0.5357910990715027,0.34372442960739136,0.0020147417671978474,0.5325480103492737,0.34300586581230164,-0.0004019537300337106,0.5593028664588928,0.3353813588619232,0.08523529767990112,0.5489041209220886,0.394145667552948,-0.005895193200558424,0.5412541627883911,0.37179169058799744,-0.018061084672808647,0.5475993156433105,0.39532655477523804,-0.02278679795563221,0.5445445775985718,0.4000605642795563,-0.020865177735686302,0.546634316444397,0.3963351547718048,-0.01970972679555416,0.5475692749023438,0.39680707454681396,-0.004191785119473934,0.5443209409713745,0.40146586298942566,-0.022555949166417122,0.5426561236381531,0.40314239263534546,-0.015435821376740932,0.530022382736206,0.3350793719291687,0.000738502771127969,0.5295978784561157,0.3401813209056854,-0.00383835774846375,0.5307573080062866,0.34438180923461914,-0.008051189593970776,0.5550410747528076,0.32368379831314087,0.01441955380141735,0.5565706491470337,0.3163168430328369,0.015416351146996021,0.4843420088291168,0.35638269782066345,-0.018425295129418373,0.49112415313720703,0.35417261719703674,-0.018425295129418373,0.4828949272632599,0.34852543473243713,-0.018425295129418373,0.47742241621017456,0.3586054742336273,-0.018425295129418373,0.4857749938964844,0.36416149139404297,-0.018425295129418373,0.5426893830299377,0.32970312237739563,0.007729844190180302,0.5473119616508484,0.3278423249721527,0.007729844190180302,0.5416072010993958,0.3225554823875427,0.007729844190180302,0.5379660129547119,0.3315959572792053,0.007729844190180302,0.5436547994613647,0.33689889311790466,0.007729844190180302
3500.0000000000045,0.542153000831604,0.4290139377117157,-0.007851758040487766,0.5420485734939575,0.40473634004592896,-0.028360186144709587,0.53849196434021,0.4108252227306366,-0.011212287470698357,0.5298811197280884,0.37869638204574585,-0.028947068378329277,0.5413106083869934,0.39701542258262634,-0.03193032741546631,0.5381667613983154,0.38570907711982727,-0.03191816061735153,0.5278829336166382,0.35577481985092163,-0.023854462429881096,0.4757283329963684,0.3644442856311798,-0.01756976917386055,0.5222926139831543,0.33188432455062866,-0.025275468826293945,0.5205903053283691,0.3200055956840515,-0.02959597297012806,0.5093334913253784,0.2715199589729309,-0.03358951956033707,0.542323648929596,0.4318787157535553,-0.006406414322555065,0.5420278906822205,0.43474629521369934,-0.003877453040331602,0.5413762331008911,0.43668854236602783,0.00010136896889889613,0.5413026213645935,0.43677130341529846,0.0007939587230794132,0.5422385931015015,0.4403977394104004,0.001713869976811111,0.5428624749183655,0.44466057419776917,0.0018891699146479368,0.5429197549819946,0.44908785820007324,0.004445177037268877,0.54119873046875,0.45606520771980286,0.012545009143650532,0.5412315130233765,0.4081461727619171,-0.02462993934750557,0.5338678956031799,0.4098527133464813,-0.0181280430406332,0.43173640966415405,0.3336155116558075,-0.007277817465364933,0.4959072768688202,0.36484044790267944,-0.016838891431689262,0.49033474922180176,0.36800193786621094,-0.018203862011432648,0.4838032126426697,0.3702310621738434,-0.018479760736227036,0.4723435044288635,0.36778178811073303,-0.016759591177105904,0.4999393820762634,0.3608100414276123,-0.014473035000264645,0.4841773808002472,0.34782522916793823,-0.025349564850330353,0.4907611012458801,0.34649336338043213,-0.023130029439926147,0.4777560234069824,0.35065650939941406,-0.024814056232571602,0.4733138680458069,0.3542933464050293,-0.023147765547037125,0.46726319193840027,0.37500929832458496,-0.013925975188612938,0.5206925272941589,0.47453632950782776,0.014732558280229568,0.4721817076206207,0.36339089274406433,-0.016767412424087524,0.4378628432750702,0.37414899468421936,0.004049999639391899,0.4566408395767212,0.37091654539108276,-0.011779404245316982,0.501255452632904,0.40418654680252075,-0.01289433054625988,0.5349537134170532,0.4303102195262909,-0.009735255502164364,0.5352039337158203,0.43703171610832214,-0.005380577873438597,0.5267783403396606,0.435212105512619,-0.008670271374285221,0.5203697681427002,0.43865999579429626,-0.0061065577901899815,0.528170108795166,0.4392324686050415,-0.005457630380988121,0.5220529437065125,0.4408963918685913,-0.0029783083591610193,0.5117365717887878,0.4508014917373657,0.00483241630718112,0.5373611450195312,0.4063713550567627,-0.029277220368385315,0.5358733534812927,0.39906346797943115,-0.032862868160009384,0.4626341462135315,0.3502442538738251,-0.026974618434906006,0.5091978311538696,0.378388911485672,-0.015564722009003162,0.5188647508621216,0.406735897064209,-0.02024051919579506,0.5167337656021118,0.4018642008304596,-0.01957588829100132,0.4791690409183502,0.40965425968170166,-0.012810477055609226,0.5329354405403137,0.3883625566959381,-0.03212018311023712,0.4814991354942322,0.33863285183906555,-0.03327367827296257,0.4709751009941101,0.34341615438461304,-0.03132892772555351,0.4395795464515686,0.3164043426513672,-0.019857805222272873,0.5100284814834595,0.33812904357910156,-0.02833271585404873,0.4962456524372101,0.3471054136753082,-0.01910630613565445,0.5063003897666931,0.44550246000289917,0.0020268564112484455,0.4539467394351959,0.44839584827423096,0.04254603758454323,0.5236684083938599,0.4099539518356323,-0.015540706925094128,0.5288052558898926,0.41063064336776733,-0.012789827771484852,0.5109262466430664,0.44306349754333496,0.002452882705256343,0.5125348567962646,0.4430251717567444,0.0018761336104944348,0.46528154611587524,0.3380261957645416,-0.031176164746284485,0.5179381370544434,0.40939638018608093,-0.016050944104790688,0.4944426417350769,0.33648720383644104,-0.032391663640737534,0.4925786554813385,0.32927098870277405,-0.03560077026486397,0.4704750180244446,0.2882680296897888,-0.03737609088420868,0.45201656222343445,0.32642850279808044,-0.027225881814956665,0.48146331310272217,0.3068428933620453,-0.03763202577829361,0.4557130038738251,0.3465079069137573,-0.02446848899126053,0.44372987747192383,0.3404777944087982,-0.017100680619478226,0.5351496338844299,0.43397584557533264,-0.008334026671946049,0.5275315046310425,0.4373035430908203,-0.007305934093892574,0.5212384462356567,0.43978801369667053,-0.00493428623303771,0.5248796939849854,0.4106764793395996,-0.01314451266080141,0.511768102645874,0.44304320216178894,0.00222317804582417,0.5160167813301086,0.4444957971572876,0.0012619812041521072,0.5133281350135803,0.44299671053886414,0.001974869053810835,0.5281735062599182,0.40775445103645325,-0.02398519776761532,0.5225458145141602,0.4417119026184082,-0.0009441423462703824,0.528566300868988,0.440477192401886,-0.0018027130281552672,0.5350373983383179,0.43883582949638367,-0.0016992173623293638,0.5338172912597656,0.458602637052536,0.010356856510043144,0.535766065120697,0.4514133036136627,0.002102099359035492,0.535738468170166,0.4468735158443451,-0.0002539183769840747,0.535463273525238,0.44248825311660767,-0.00037366090691648424,0.5350276827812195,0.438961386680603,-0.0010278394911438227,0.5225095152854919,0.4418484568595886,-0.00041298242285847664,0.5219981074333191,0.44351786375045776,-0.0001186042427434586,0.5213090181350708,0.4458957314491272,-0.00022961117792874575,0.5207128524780273,0.44850826263427734,0.0009554526186548173,0.5137324333190918,0.4314185380935669,-0.006988090928643942,0.4363930821418762,0.40888842940330505,0.037670861929655075,0.5400062203407288,0.40955567359924316,-0.01622585579752922,0.5177631974220276,0.4425521492958069,0.0008795934845693409,0.5169830918312073,0.4434100389480591,0.0011112901847809553,0.5312482118606567,0.4129008948802948,-0.011746631935238838,0.5195761919021606,0.4129413068294525,-0.009256583638489246,0.530107855796814,0.4118140637874603,-0.012488958425819874,0.5032931566238403,0.3849594295024872,-0.01446501724421978,0.49396276473999023,0.39450615644454956,-0.014642872847616673,0.5153393149375916,0.4050871431827545,-0.015673162415623665,0.452004075050354,0.3011835515499115,-0.030332615599036217,0.464028924703598,0.31489846110343933,-0.03375094383955002,0.47781699895858765,0.3316951096057892,-0.03497382253408432,0.5181553959846497,0.4550173878669739,0.005544718820601702,0.5074130296707153,0.32726871967315674,-0.03360169008374214,0.4980096220970154,0.30142495036125183,-0.03723417967557907,0.48889386653900146,0.2789852023124695,-0.03807516396045685,0.4770010709762573,0.3702918589115143,-0.017732378095388412,0.4601462185382843,0.38333359360694885,-0.011335320770740509,0.5023104548454285,0.35775312781333923,-0.013409706763923168,0.4653414487838745,0.35924309492111206,-0.020465988665819168,0.5133345723152161,0.3721424341201782,-0.017447970807552338,0.5236414074897766,0.4036990702152252,-0.025475764647126198,0.4525776505470276,0.39151647686958313,-0.005793957971036434,0.46812963485717773,0.38881415128707886,-0.013850641436874866,0.47923436760902405,0.3900896906852722,-0.015755953267216682,0.4920099079608917,0.38451120257377625,-0.014767367392778397,0.49985504150390625,0.37769779562950134,-0.013935547322034836,0.5054062604904175,0.37183722853660583,-0.014216365292668343,0.5222131013870239,0.3596116006374359,-0.02354152500629425,0.45773324370384216,0.40967854857444763,-0.002967453096061945,0.45855265855789185,0.35949257016181946,-0.020107394084334373,0.5383666753768921,0.4092126488685608,-0.025409314781427383,0.5127734541893005,0.38714244961738586,-0.015529663302004337,0.42823106050491333,0.370888352394104,0.022279042750597,0.5098657608032227,0.36631786823272705,-0.014835836365818977,0.5132259726524353,0.40492916107177734,-0.009788022376596928,0.4688761234283447,0.3632754981517792,-0.016380146145820618,0.5211747884750366,0.3976554870605469,-0.024510616436600685,0.44328850507736206,0.4288356900215149,0.0413612462580204,0.5006588101387024,0.3554840385913849,-0.013354138471186161,0.5270668864250183,0.3923173248767853,-0.029629848897457123,0.4842503070831299,0.4663030207157135,0.02170119620859623,0.48174145817756653,0.47323092818260193,0.03399486839771271,0.44483014941215515,0.4112183749675751,0.01658807322382927,0.47103989124298096,0.4579269587993622,0.02352064847946167,0.4397547245025635,0.3559941351413727,-0.005484424997121096,0.5196807384490967,0.48208773136138916,0.019960127770900726,0.537699818611145,0.4101576805114746,-0.01651209592819214,0.5077052116394043,0.3945922553539276,-0.013352753594517708,0.4486631155014038,0.37364473938941956,-0.007788677234202623,0.48425382375717163,0.3646600544452667,-0.018782420083880424,0.4899207055568695,0.36297178268432617,-0.018591102212667465,0.5150822401046753,0.4457376301288605,0.0019626880530267954,0.46163493394851685,0.425888329744339,0.0042095487006008625,0.530622124671936,0.4876377284526825,0.027201006188988686,0.5086538791656494,0.4840821325778961,0.02869853936135769,0.49699217081069946,0.4801257848739624,0.030612241476774216,0.5153404474258423,0.2955867052078247,-0.033042941242456436,0.5418391227722168,0.48374825716018677,0.0302133746445179,0.49415266513824463,0.36034509539604187,-0.01729551889002323,0.4976256489753723,0.35720452666282654,-0.015382441692054272,0.4997553825378418,0.355792373418808,-0.013755667954683304,0.4506583511829376,0.35808151960372925,-0.016225716099143028,0.49619051814079285,0.35569676756858826,-0.018150165677070618,0.4916275143623352,0.3580722212791443,-0.020739082247018814,0.4867464601993561,0.3602226972579956,-0.022115614265203476,0.4812171757221222,0.3617360591888428,-0.021973222494125366,0.47729918360710144,0.36254775524139404,-0.020675066858530045,0.42814701795578003,0.3507029712200165,0.00799756869673729,0.47955161333084106,0.3649032413959503,-0.018244881182909012,0.5388538241386414,0.4168231189250946,-0.008553351275622845,0.5196610689163208,0.4253999590873718,-0.008726168423891068,0.5241458415985107,0.40915447473526,-0.018174557015299797,0.5315797328948975,0.420026957988739,-0.010426554828882217,0.5239741802215576,0.3430885374546051,-0.022527702152729034,0.4969377815723419,0.47316694259643555,0.022108793258666992,0.5080796480178833,0.47780561447143555,0.02164231427013874,0.5315974354743958,0.4832952320575714,0.019559606909751892,0.46750500798225403,0.4632597863674164,0.03900487348437309,0.4991515576839447,0.35518500208854675,-0.01549438014626503,0.5214381814002991,0.3749457001686096,-0.023188069462776184,0.5430088639259338,0.47930842638015747,0.0227382592856884,0.5199733376502991,0.48709237575531006,0.026522258296608925,0.4504624009132385,0.4290226101875305,0.021563272923231125,0.5285636782646179,0.4406278133392334,-0.0011906852014362812,0.5283969044685364,0.4434470534324646,-0.000882057414855808,0.5282314419746399,0.44698500633239746,-0.0009692114545032382,0.5281661748886108,0.4510493278503418,0.0006927734357304871,0.5255506634712219,0.4579319953918457,0.006689161527901888,0.5167762041091919,0.4420503079891205,-0.0007689186022616923,0.5157797932624817,0.4415890872478485,-0.0016490514390170574,0.5148891806602478,0.44105327129364014,-0.0024874121882021427,0.5090093016624451,0.4382932484149933,-0.003875185502693057,0.4752345681190491,0.42859938740730286,-0.0034430245868861675,0.5177391171455383,0.36535289883613586,-0.020150288939476013,0.5067941546440125,0.34907761216163635,-0.016155889257788658,0.5016863942146301,0.35059821605682373,-0.01592251844704151,0.517749547958374,0.44246095418930054,0.000583385641220957,0.4757842719554901,0.4470002353191376,0.010230720974504948,0.5151140689849854,0.34840893745422363,-0.02140177972614765,0.5225985050201416,0.4660925567150116,0.011344533413648605,0.534755289554596,0.37583106756210327,-0.02899446152150631,0.5262249708175659,0.36986368894577026,-0.02678869664669037,0.5314987301826477,0.3663831949234009,-0.026447610929608345,0.5195286273956299,0.38924720883369446,-0.021023204550147057,0.5430329442024231,0.4724843502044678,0.017448902130126953,0.5419938564300537,0.4637638330459595,0.015157775022089481,0.532978355884552,0.4669145345687866,0.013118608854711056,0.5054970979690552,0.45683419704437256,0.00787180196493864,0.5085638165473938,0.41312479972839355,-0.008616452105343342,0.5134240984916687,0.462571918964386,0.010090709663927555,0.4924026131629944,0.4178009629249573,-0.011105003766715527,0.5040252208709717,0.4236018657684326,-0.007872569374740124,0.48795008659362793,0.43234288692474365,-0.005384054034948349,0.5323910117149353,0.4761354625225067,0.014688239432871342,0.5153932571411133,0.39408573508262634,-0.016797762364149094,0.4996912479400635,0.4647182822227478,0.013614884577691555,0.5101402401924133,0.4700440466403961,0.01564095728099346,0.4990611672401428,0.44935882091522217,0.003395862178876996,0.46552377939224243,0.4387892484664917,0.01090993545949459,0.48864856362342834,0.4534957706928253,0.007366476114839315,0.4582875967025757,0.4446078836917877,0.02496136911213398,0.5001978278160095,0.43527400493621826,-0.0047940900549292564,0.5169677734375,0.38089844584465027,-0.019091228023171425,0.5264443159103394,0.4071047604084015,-0.02583071030676365,0.5214719176292419,0.4091397225856781,-0.019372357055544853,0.5296927690505981,0.401355504989624,-0.02974945865571499,0.5020787119865417,0.3443912863731384,-0.02138950303196907,0.4924684762954712,0.3430888056755066,-0.02617005445063114,0.4837278425693512,0.3442879319190979,-0.02828892320394516,0.4756757915019989,0.34755727648735046,-0.027819687500596046,0.46932053565979004,0.35245299339294434,-0.025427596643567085,0.46378010511398315,0.3667929172515869,-0.014801417477428913,0.4404662549495697,0.39302384853363037,0.010172215290367603,0.4728740453720093,0.37797778844833374,-0.015062962658703327,0.48140716552734375,0.37883633375167847,-0.01595669612288475,0.4904804825782776,0.37565088272094727,-0.015610184520483017,0.4976336658000946,0.3706773519515991,-0.014676501043140888,0.5025311708450317,0.36578720808029175,-0.013300440274178982,0.5060914754867554,0.36212968826293945,-0.013049591332674026,0.4316776692867279,0.38958415389060974,0.03152824565768242,0.5209532380104065,0.4104911684989929,-0.01598365791141987,0.5246210098266602,0.38340508937835693,-0.025637304410338402,0.5322282910346985,0.40674978494644165,-0.02836666628718376,0.5342962145805359,0.40919530391693115,-0.02387887053191662,0.5311481952667236,0.4077887237071991,-0.025438576936721802,0.5221498012542725,0.41187888383865356,-0.012522135861217976,0.5361902117729187,0.4094834327697754,-0.024903517216444016,0.5355974435806274,0.4104830324649811,-0.017306428402662277,0.5036402344703674,0.3549162447452545,-0.012738915160298347,0.5086336135864258,0.35696664452552795,-0.01402409840375185,0.5128747820854187,0.35900944471359253,-0.01648184470832348,0.47462621331214905,0.36303436756134033,-0.01902315951883793,0.4697269797325134,0.35848215222358704,-0.020142940804362297,0.5388604402542114,0.3748883605003357,-0.024765029549598694,0.5557924509048462,0.3281729221343994,0.013224229216575623,0.5440049171447754,0.4051152765750885,-0.014902700670063496,0.5605090260505676,0.2854020297527313,0.04017534852027893,0.5406826734542847,0.3417552709579468,0.00292347464710474,0.5465033650398254,0.340583860874176,0.005551327485591173,0.5519901514053345,0.33840399980545044,0.008976119570434093,0.5571371912956238,0.3296089172363281,0.01581845059990883,0.5361575484275818,0.3410753309726715,0.0011333420407027006,0.5481581091880798,0.3189406394958496,-0.000331895804265514,0.5419301986694336,0.32233506441116333,-0.0033843633718788624,0.5534180998802185,0.31729191541671753,0.004049772396683693,0.5563750863075256,0.3180338740348816,0.008006613701581955,0.5613935589790344,0.33296841382980347,0.021125685423612595,0.5561106204986572,0.4555704891681671,0.028718655928969383,0.5571927428245544,0.32554981112480164,0.01545750256627798,0.5675512552261353,0.3219744861125946,0.05206260085105896,0.5633288025856018,0.3225693106651306,0.027612684294581413,0.5555550456047058,0.3810933530330658,0.006796353496611118,0.5469905734062195,0.42484432458877563,-0.004838849417865276,0.5462076663970947,0.43197566270828247,-0.0009027269552461803,0.5505281686782837,0.42368316650390625,0.00148879736661911,0.5525990724563599,0.42356032133102417,0.007910250686109066,0.5490285158157349,0.4296358823776245,0.003311373759061098,0.5509657263755798,0.42792534828186035,0.008783143013715744,0.5564405918121338,0.4301206171512604,0.022935710847377777,0.5456866025924683,0.4025055468082428,-0.02659527212381363,0.5457367897033691,0.3947925269603729,-0.029655057936906815,0.5623825788497925,0.30582195520401,0.010176662355661392,0.5417492985725403,0.36474329233169556,-0.002627582987770438,0.5508350133895874,0.39276477694511414,-0.008194668218493462,0.5493549704551697,0.3878464698791504,-0.007149962708353996,0.5683638453483582,0.37155216932296753,0.01999467797577381,0.542447566986084,0.3842886984348297,-0.028055205941200256,0.5535494089126587,0.30639857053756714,-0.007417895831167698,0.559381365776062,0.3042769432067871,0.0009948237566277385,0.5572600960731506,0.27324312925338745,0.022810913622379303,0.5323758125305176,0.32570770382881165,-0.019717412069439888,0.5366432666778564,0.3269203305244446,-0.003132408717647195,0.5591228604316711,0.42153504490852356,0.02407180517911911,0.5648300051689148,0.39713218808174133,0.0865505114197731,0.5479247570037842,0.39918947219848633,-0.006691465154290199,0.5449825525283813,0.403716504573822,-0.008338704705238342,0.5547223091125488,0.42443782091140747,0.021402506157755852,0.5538216829299927,0.42539772391319275,0.018492931500077248,0.5599491000175476,0.295978307723999,0.0032557693775743246,0.5501220226287842,0.39548400044441223,-0.004282677546143532,0.5448043942451477,0.31292101740837097,-0.014617538079619408,0.5447774529457092,0.30490678548812866,-0.017309125512838364,0.540810227394104,0.2633548676967621,-0.012860754504799843,0.5592360496520996,0.28554093837738037,0.010813576169312,0.5431739091873169,0.28390535712242126,-0.01658187434077263,0.562807559967041,0.2988201379776001,0.015279433690011501,0.5628266930580139,0.29450052976608276,0.025982344523072243,0.5468920469284058,0.42868322134017944,-0.003493522061035037,0.54991614818573,0.4268433749675751,0.002192928222939372,0.5519001483917236,0.4257403612136841,0.007826501503586769,0.546855092048645,0.40097036957740784,-0.005886413156986237,0.5542598962783813,0.4249383509159088,0.01970420405268669,0.5533587336540222,0.4282401204109192,0.0159092266112566,0.5533189177513123,0.4259251058101654,0.01811240427196026,0.5478326082229614,0.3987676501274109,-0.0157578494399786,0.550012469291687,0.4297466278076172,0.010214501991868019,0.5480238795280457,0.43183767795562744,0.006420488934963942,0.5452594757080078,0.43422549962997437,0.002866970608010888,0.5467785000801086,0.4523204565048218,0.014780571684241295,0.5478530526161194,0.44542601704597473,0.006840257905423641,0.5475527048110962,0.44108888506889343,0.004678433295339346,0.5465670824050903,0.43719741702079773,0.004477334674447775,0.5451714396476746,0.43428266048431396,0.0035685820039361715,0.5499815940856934,0.42972636222839355,0.01072288490831852,0.5511746406555176,0.4305528402328491,0.010990152135491371,0.5522927641868591,0.4319228529930115,0.011308422312140465,0.5530961751937866,0.43385589122772217,0.013424140401184559,0.5556710958480835,0.41293856501579285,0.009288796223700047,0.5643246173858643,0.3548446297645569,0.08689417690038681,0.5514876246452332,0.427974671125412,0.014950968325138092,0.5525076985359192,0.4280097186565399,0.015205683186650276,0.5438352823257446,0.40765905380249023,-0.0073663340881466866,0.548711895942688,0.40043905377388,2.7988278816337697e-05,0.5443921685218811,0.4058213233947754,-0.008191811852157116,0.5468471050262451,0.3667406141757965,0.002841720823198557,0.5562790632247925,0.36831358075141907,0.008766742423176765,0.5495420098304749,0.3904499113559723,-0.002894761972129345,0.5514240860939026,0.26539891958236694,0.00452188728377223,0.5531310439109802,0.28136080503463745,-0.0031330620404332876,0.5537261366844177,0.29755738377571106,-0.0076538315042853355,0.5543490052223206,0.4376063346862793,0.02029159478843212,0.5328153371810913,0.3141259253025055,-0.0242875125259161,0.5310252904891968,0.28917020559310913,-0.026253189891576767,0.527309775352478,0.26542913913726807,-0.025667840614914894,0.555709719657898,0.3343223035335541,0.01290735974907875,0.5664768218994141,0.3359185755252838,0.0275470819324255,0.5335888266563416,0.34014126658439636,0.0005097044049762189,0.5601233839988708,0.31688329577445984,0.01528290007263422,0.5384402275085449,0.3615807890892029,-0.007068782579153776,0.5499320030212402,0.3921889364719391,-0.015693167224526405,0.5714216232299805,0.34195879101753235,0.038197148591279984,0.5667957067489624,0.34567147493362427,0.022623037919402122,0.5629949569702148,0.3540121912956238,0.015180855058133602,0.5533121824264526,0.3574073910713196,0.008851674385368824,0.5452837347984314,0.3565104305744171,0.004000487737357616,0.539917528629303,0.3550748825073242,-0.0007579323719255626,0.532526433467865,0.3553163707256317,-0.019092392176389694,0.5741139650344849,0.3600248098373413,0.040712181478738785,0.5626583695411682,0.3127421438694,0.019025668501853943,0.543563961982727,0.4067024290561676,-0.0232540350407362,0.5436563491821289,0.3742174506187439,-0.003075565444305539,0.562548041343689,0.31783726811408997,0.07304803282022476,0.5360283255577087,0.3532106876373291,-0.004307330586016178,0.5484767556190491,0.38995587825775146,0.0029448792338371277,0.5580358505249023,0.32347360253334045,0.017504461109638214,0.547874391078949,0.3862253427505493,-0.014552753418684006,0.5652111768722534,0.37502598762512207,0.0885152816772461,0.5330369472503662,0.3371738791465759,0.0012267616111785173,0.5455230474472046,0.3843678832054138,-0.022403743118047714,0.5662055611610413,0.4254947900772095,0.0539761520922184,0.5628159046173096,0.4319872558116913,0.06712820380926132,0.5720028281211853,0.3568951487541199,0.06437283754348755,0.5691684484481812,0.411279559135437,0.06163422390818596,0.5651891231536865,0.3068888187408447,0.040464647114276886,0.5565466284751892,0.46168848872184753,0.035203881561756134,0.5419007539749146,0.40826770663261414,-0.015184285119175911,0.5479605793952942,0.3776855766773224,0.0019678804092109203,0.5648236274719238,0.3207378387451172,0.03554674610495567,0.5509216785430908,0.33313584327697754,0.008227171376347542,0.5458675026893616,0.3354862928390503,0.005290561355650425,0.554069459438324,0.4288172423839569,0.0177691001445055,0.5741362571716309,0.37658169865608215,0.04620220884680748,0.5501514077186584,0.4767831861972809,0.035669710487127304,0.5571895837783813,0.45713579654693604,0.04998667165637016,0.5595603585243225,0.44638192653656006,0.057468995451927185,0.5406980514526367,0.33638015389442444,0.0030680063646286726,0.5361310839653015,0.33628982305526733,0.0020936999935656786,0.5338246822357178,0.33673295378685,0.0019494738662615418,0.5632928609848022,0.3074095845222473,0.025883175432682037,0.537596583366394,0.3347938358783722,-0.00019522129150573164,0.5429587364196777,0.334173321723938,0.00015273453027475625,0.5485140085220337,0.33273106813430786,0.0022324705496430397,0.5531169176101685,0.33036357164382935,0.0057358527556061745,0.5554172992706299,0.32849323749542236,0.008992680348455906,0.5623133778572083,0.2993870973587036,0.057785019278526306,0.5539572834968567,0.33051785826683044,0.011118270456790924,0.5518980026245117,0.41143766045570374,0.0036803744733333588,0.5485146045684814,0.3982700705528259,-0.009692609310150146,0.5451881885528564,0.414162814617157,-0.005277921911329031,0.5623887181282043,0.43893375992774963,0.04818086698651314,0.5592277646064758,0.4500025510787964,0.042162537574768066,0.5516977906227112,0.47213709354400635,0.027819957584142685,0.5641628503799438,0.41648316383361816,0.07816924899816513,0.5345313549041748,0.3359151780605316,0.0005492778727784753,0.5388163924217224,0.3676338791847229,-0.016162609681487083,0.5546671748161316,0.4676121473312378,0.04225738346576691,0.572039783000946,0.3753145933151245,0.06726688146591187,0.5479761362075806,0.4318603277206421,0.007056677248328924,0.5493878722190857,0.433732807636261,0.007644315250217915,0.550492525100708,0.43645229935646057,0.00801642332226038,0.5512125492095947,0.440105140209198,0.010113319382071495,0.5512979030609131,0.44530346989631653,0.017289811745285988,0.5524731874465942,0.42653557658195496,0.013922159560024738,0.5533004999160767,0.42513659596443176,0.014468234963715076,0.5539838671684265,0.4237532913684845,0.014764765277504921,0.5582560896873474,0.4163488745689392,0.01646283268928528,0.5718365907669067,0.3859938383102417,0.031912628561258316,0.5353735685348511,0.35802292823791504,-0.012819022871553898,0.5305585861206055,0.335292786359787,-0.006782038137316704,0.5325506925582886,0.3335893154144287,-0.0024360043462365866,0.5514822602272034,0.4280255138874054,0.014703896827995777,0.5704495310783386,0.40329477190971375,0.045981403440237045,0.5290488004684448,0.340014785528183,-0.015805786475539207,0.553638219833374,0.4499744176864624,0.023291021585464478,0.5359887480735779,0.3657413423061371,-0.023030851036310196,0.5439774990081787,0.3789433538913727,-0.011865858919918537,0.5487477779388428,0.4586827754974365,0.018872158601880074,0.5603653192520142,0.43021929264068604,0.028940996155142784,0.5532805323600769,0.39394697546958923,0.007301716133952141,0.5571253299713135,0.4405176043510437,0.02670542150735855,0.5643926858901978,0.38652661442756653,0.014203842729330063,0.5589528679847717,0.39960163831710815,0.012060762383043766,0.568047046661377,0.3965609669685364,0.023481154814362526,0.5512281060218811,0.46603265404701233,0.022382518276572227,0.5454614162445068,0.3814550042152405,-0.005351703613996506,0.5629835724830627,0.43272414803504944,0.038101714104413986,0.55912184715271,0.4442872107028961,0.03444688394665718,0.5634984970092773,0.41930532455444336,0.02899610996246338,0.5727719664573669,0.3904999792575836,0.050987739115953445,0.5673263072967529,0.41600215435028076,0.037259187549352646,0.5710517168045044,0.3930712044239044,0.06825172901153564,0.5626187324523926,0.40748512744903564,0.018764469772577286,0.5410882234573364,0.3707614243030548,-0.009186570532619953,0.5493587851524353,0.39670002460479736,-0.01692092977464199,0.5502330660820007,0.39641276001930237,-0.009214011952280998,0.5482509136199951,0.3930673599243164,-0.022656666114926338,0.5344303846359253,0.32705146074295044,-0.008483425714075565,0.5430526733398438,0.31886160373687744,-0.007179792504757643,0.5506796836853027,0.31430649757385254,-0.0034307860769331455,0.5562992095947266,0.3123658001422882,0.0022594169713556767,0.5593550801277161,0.3131105899810791,0.00819827988743782,0.5603957772254944,0.3232710659503937,0.0212867334485054,0.5704061985015869,0.3391255736351013,0.05916968360543251,0.5604751110076904,0.3390462398529053,0.017853951081633568,0.5566208958625793,0.34507226943969727,0.012691756710410118,0.5495798587799072,0.348045289516449,0.007928879000246525,0.542453408241272,0.3484017550945282,0.0038661316502839327,0.5373345017433167,0.34750327467918396,0.000707629369571805,0.5341739058494568,0.3468566834926605,-0.0015995869180187583,0.5627517104148865,0.3362654447555542,0.08197015523910522,0.5493417382240295,0.3980198800563812,-0.006028440315276384,0.5418479442596436,0.3760855495929718,-0.018472984433174133,0.5478675365447998,0.3993794918060303,-0.022691385820508003,0.5449497103691101,0.40394121408462524,-0.02056751400232315,0.5469774007797241,0.40029430389404297,-0.01961437612771988,0.5480626821517944,0.4006284475326538,-0.004198375623673201,0.5446898341178894,0.40535613894462585,-0.02221011556684971,0.5431404113769531,0.4069315195083618,-0.015034737065434456,0.531923234462738,0.3386802673339844,-0.0006121239275671542,0.5313018560409546,0.34411922097206116,-0.004975007381290197,0.532275915145874,0.34865978360176086,-0.009007355198264122,0.5565927624702454,0.3270343840122223,0.011961122043430805,0.5580022931098938,0.3193756341934204,0.012813562527298927,0.4868982434272766,0.360548734664917,-0.017994629219174385,0.49346330761909485,0.35826653242111206,-0.017994629219174385,0.48539212346076965,0.35283684730529785,-0.017994629219174385,0.48017603158950806,0.3628552556037903,-0.017994629219174385,0.4883829951286316,0.36822956800460815,-0.017994629219174385,0.544041633605957,0.3334946036338806,0.00569278746843338,0.5486414432525635,0.331601619720459,0.00569278746843338,0.5427908897399902,0.32674795389175415,0.00569278746843338,0.5393566489219666,0.33534759283065796,0.00569278746843338,0.5451749563217163,0.3402186930179596,0.00569278746843338
3533.333333333338,0.5443785786628723,0.4333907961845398,-0.007041942328214645,0.5426970720291138,0.4103022813796997,-0.027869990095496178,0.5393079519271851,0.4159649610519409,-0.010824013501405716,0.5307818055152893,0.38420385122299194,-0.028755318373441696,0.5419552326202393,0.4027094841003418,-0.03148737922310829,0.5389035940170288,0.39136576652526855,-0.03163031488656998,0.528878390789032,0.361078143119812,-0.024113183841109276,0.47639644145965576,0.3703787922859192,-0.01742582581937313,0.5234317183494568,0.33730530738830566,-0.025798164308071136,0.5217331647872925,0.32558709383010864,-0.030210057273507118,0.5106025338172913,0.27731600403785706,-0.03492548689246178,0.544524073600769,0.43605461716651917,-0.005546086467802525,0.544178307056427,0.43877264857292175,-0.003031896660104394,0.5434775352478027,0.44067254662513733,0.000955697672907263,0.5434042811393738,0.44070035219192505,0.0017129165353253484,0.5443257689476013,0.44421905279159546,0.002718474715948105,0.5449186563491821,0.4483575224876404,0.0028940995689481497,0.5448846817016602,0.4526214599609375,0.005392867140471935,0.5421664118766785,0.4594074785709381,0.013266755267977715,0.5419389009475708,0.4135645031929016,-0.02414233796298504,0.5346208214759827,0.4151271879673004,-0.017649469897150993,0.4345317780971527,0.33833014965057373,-0.007536699995398521,0.4968816339969635,0.3702325224876404,-0.016830915585160255,0.4912644028663635,0.3735920786857605,-0.018074365332722664,0.4847656786441803,0.3758762776851654,-0.018277307972311974,0.4734029173851013,0.3734702169895172,-0.016533030197024345,0.5009853839874268,0.3660848140716553,-0.014583860523998737,0.48474201560020447,0.353098601102829,-0.025324266403913498,0.4914746880531311,0.35174626111984253,-0.02325117401778698,0.4783351421356201,0.35603293776512146,-0.024703575298190117,0.4739828407764435,0.3597891926765442,-0.023008311167359352,0.4688461422920227,0.38023102283477783,-0.013612627051770687,0.5221246480941772,0.47717416286468506,0.016037778928875923,0.47285908460617065,0.3691944479942322,-0.016638923436403275,0.44082552194595337,0.37819239497184753,0.004196442663669586,0.4587474465370178,0.37587615847587585,-0.011523734778165817,0.502694308757782,0.4088561236858368,-0.012335703708231449,0.5372244119644165,0.43473848700523376,-0.008815551176667213,0.5374046564102173,0.4410448670387268,-0.004400823265314102,0.5291281938552856,0.4395263195037842,-0.007600151002407074,0.5227903723716736,0.44288697838783264,-0.0049001299776136875,0.5304020643234253,0.4432671070098877,-0.0043479749001562595,0.5243552327156067,0.4449581801891327,-0.0017891216557472944,0.5130141377449036,0.4541585445404053,0.006202779244631529,0.538047730922699,0.41192808747291565,-0.02872416190803051,0.5365856289863586,0.40471458435058594,-0.03234907612204552,0.46394801139831543,0.35549721121788025,-0.026844564825296402,0.5105425119400024,0.3833349943161011,-0.01541181281208992,0.5198268890380859,0.41182035207748413,-0.01966525800526142,0.517769992351532,0.4068980813026428,-0.019056804478168488,0.48109668493270874,0.4139258563518524,-0.012003871612250805,0.5337352156639099,0.3939829468727112,-0.03175179660320282,0.48220133781433105,0.34412938356399536,-0.033325765281915665,0.471912682056427,0.34880581498146057,-0.03126996010541916,0.4420185089111328,0.32162103056907654,-0.020260388031601906,0.5105358958244324,0.3437740206718445,-0.028678754344582558,0.4971356987953186,0.3524191677570343,-0.019333817064762115,0.5076542496681213,0.4490085244178772,0.0034339376725256443,0.45754274725914,0.4506482779979706,0.04350745305418968,0.524549126625061,0.4150310456752777,-0.01505404245108366,0.5296235680580139,0.415727436542511,-0.012346449308097363,0.5133771300315857,0.4472227990627289,0.0038143270649015903,0.514951765537262,0.4471740126609802,0.003196227829903364,0.4665986895561218,0.34343859553337097,-0.03117612935602665,0.518930196762085,0.414303183555603,-0.015484647825360298,0.49495354294776917,0.34215277433395386,-0.03257366642355919,0.4932149350643158,0.3351188004016876,-0.035826925188302994,0.47215062379837036,0.2941649258136749,-0.038114096969366074,0.4541940689086914,0.33174413442611694,-0.027388272807002068,0.48300278186798096,0.3126683831214905,-0.03809427469968796,0.45748552680015564,0.35165414214134216,-0.024408774450421333,0.4462319314479828,0.34536999464035034,-0.017220700159668922,0.5374022126197815,0.43816688656806946,-0.007354815024882555,0.5298229455947876,0.4414505660533905,-0.006186697632074356,0.5236019492149353,0.44392016530036926,-0.0037172832526266575,0.5257489085197449,0.4157106578350067,-0.01268012821674347,0.5142024755477905,0.4471961557865143,0.003561925608664751,0.5183730721473694,0.44859620928764343,0.0026022614911198616,0.5157397389411926,0.4471339285373688,0.00329070957377553,0.5290084481239319,0.4130626618862152,-0.023432567715644836,0.5248044729232788,0.44576340913772583,0.0002250213292427361,0.5307644605636597,0.4444826543331146,-0.0007074172608554363,0.537198007106781,0.44281867146492004,-0.000699665688443929,0.5348409414291382,0.46195900440216064,0.011235592886805534,0.5377554893493652,0.4550397992134094,0.00319949584081769,0.5378353595733643,0.4506435990333557,0.0008941096602939069,0.537609338760376,0.4463635981082916,0.0007745021721348166,0.5371907949447632,0.4429034888744354,3.393736915313639e-05,0.5247838497161865,0.44589659571647644,0.0007981587550602853,0.5242609977722168,0.44757235050201416,0.001138419145718217,0.5235527157783508,0.44991588592529297,0.0010535712353885174,0.5228946208953857,0.45245999097824097,0.0022486927919089794,0.5148995518684387,0.43569663166999817,-0.005903270095586777,0.4400150775909424,0.4118855893611908,0.03807966411113739,0.5407629609107971,0.4148382842540741,-0.01580195315182209,0.5200841426849365,0.4466675817966461,0.0021503751631826162,0.5193278789520264,0.4475245177745819,0.002416621893644333,0.5320578217506409,0.41793256998062134,-0.011252439580857754,0.5205786228179932,0.41769886016845703,-0.008759619668126106,0.5309183597564697,0.41687631607055664,-0.012026149779558182,0.5047451853752136,0.38975974917411804,-0.014161881990730762,0.495564341545105,0.399156779050827,-0.014146501198410988,0.5164185166358948,0.40997713804244995,-0.015144968405365944,0.45406171679496765,0.30682405829429626,-0.030869921669363976,0.46589988470077515,0.32051241397857666,-0.034042004495859146,0.478776752948761,0.3373485505580902,-0.035084549337625504,0.5193893313407898,0.45836761593818665,0.006834313273429871,0.5079744458198547,0.33319494128227234,-0.03398998826742172,0.49931883811950684,0.3072686195373535,-0.037906207144260406,0.4903171956539154,0.284917950630188,-0.03908184915781021,0.47802525758743286,0.37601199746131897,-0.017494508996605873,0.46217384934425354,0.38820385932922363,-0.010913258418440819,0.5034070014953613,0.36301201581954956,-0.013601117767393589,0.4666600823402405,0.36458849906921387,-0.020288759842514992,0.5145984888076782,0.3772121071815491,-0.017389295622706413,0.524554431438446,0.4090116322040558,-0.024926800280809402,0.4552437663078308,0.39565667510032654,-0.005256430245935917,0.46963411569595337,0.39378631114959717,-0.013318008743226528,0.4802974462509155,0.39511018991470337,-0.015240635722875595,0.4928187429904938,0.3895566463470459,-0.014401653781533241,0.5006365776062012,0.38277947902679443,-0.013745492324233055,0.5061244368553162,0.3769831359386444,-0.014169957488775253,0.5232850313186646,0.3648916482925415,-0.023696690797805786,0.4603915810585022,0.413503497838974,-0.002168957842513919,0.46033358573913574,0.3646131753921509,-0.019916865974664688,0.5390743613243103,0.41463702917099,-0.024869101122021675,0.5140124559402466,0.39211419224739075,-0.01526031643152237,0.4314867854118347,0.3746047019958496,0.022246384993195534,0.5105618238449097,0.3715546429157257,-0.01491561159491539,0.514380156993866,0.4096747040748596,-0.009331777691841125,0.46989136934280396,0.3689420521259308,-0.01621387153863907,0.5221640467643738,0.4028995931148529,-0.024039747193455696,0.4470178484916687,0.43145570158958435,0.042021963745355606,0.501686155796051,0.3607921600341797,-0.013600018806755543,0.5279649496078491,0.3977894186973572,-0.029204677790403366,0.4868179261684418,0.4685736298561096,0.023026572540402412,0.48468607664108276,0.47505807876586914,0.035354260355234146,0.4481293559074402,0.41453638672828674,0.017139239236712456,0.4739823639392853,0.46027418971061707,0.02471003495156765,0.4425046443939209,0.3604627549648285,-0.005503345746546984,0.5212355256080627,0.4843060076236725,0.02132788486778736,0.5384483337402344,0.4154500961303711,-0.01606385037302971,0.5090245604515076,0.3993978798389435,-0.012963874265551567,0.4513409733772278,0.3783077895641327,-0.007525080814957619,0.4849814474582672,0.37061169743537903,-0.01865437813103199,0.49072709679603577,0.36874279379844666,-0.018521210178732872,0.5174279808998108,0.44980889558792114,0.0033194427378475666,0.464368611574173,0.4293406307697296,0.005180335137993097,0.531977653503418,0.4896017014980316,0.028495842590928078,0.5107517242431641,0.485901802778244,0.030091384425759315,0.4994763731956482,0.48191550374031067,0.03202671557664871,0.5165195465087891,0.3013233244419098,-0.03398468345403671,0.5429186224937439,0.48583167791366577,0.03131615370512009,0.4950603246688843,0.36587774753570557,-0.017325619235634804,0.4986492693424225,0.36255329847335815,-0.015509176068007946,0.5008364319801331,0.3610934615135193,-0.013961829245090485,0.4530426561832428,0.3630046844482422,-0.01608435995876789,0.4969003200531006,0.3610422611236572,-0.018318230286240578,0.4921204745769501,0.3633616268634796,-0.020820748060941696,0.4871349632740021,0.3655409514904022,-0.022113218903541565,0.48161762952804565,0.3671932816505432,-0.021899597719311714,0.4777766466140747,0.36817678809165955,-0.020567260682582855,0.4311944544315338,0.3549407124519348,0.007829458452761173,0.48022371530532837,0.3708879351615906,-0.018092665821313858,0.5397120118141174,0.421756774187088,-0.008081666193902493,0.5207014679908752,0.42996007204055786,-0.00788178388029337,0.5250181555747986,0.41431957483291626,-0.0176871158182621,0.5324464440345764,0.4249008595943451,-0.009785140864551067,0.525078296661377,0.3483397662639618,-0.022962411865592003,0.4991617202758789,0.475395530462265,0.02349242754280567,0.5100139379501343,0.4799636900424957,0.023021219298243523,0.5328027606010437,0.4856387972831726,0.020871169865131378,0.4708205759525299,0.4652400016784668,0.04017818719148636,0.5000983476638794,0.3605303168296814,-0.01570766605436802,0.522517204284668,0.38025346398353577,-0.023093143478035927,0.5439696907997131,0.4816921651363373,0.023870954290032387,0.5216702222824097,0.4889777898788452,0.02790827862918377,0.4538477063179016,0.43194806575775146,0.02232658676803112,0.5307726860046387,0.44461482763290405,-3.840171848423779e-05,0.5305933952331543,0.4474008083343506,0.0003429022035561502,0.5303866863250732,0.45087945461273193,0.00027258682530373335,0.5302361845970154,0.45481789112091064,0.0019203906413167715,0.5266852974891663,0.4612879157066345,0.007839370518922806,0.5191680788993835,0.4461638033390045,0.0004931988078169525,0.5182212591171265,0.44572746753692627,-0.0003370094927959144,0.5173664093017578,0.4452439546585083,-0.0011690197279676795,0.5102708339691162,0.44221436977386475,-0.00258242548443377,0.4774675667285919,0.43230780959129333,-0.0023942964617162943,0.5189168453216553,0.37055349349975586,-0.020215924829244614,0.5077837705612183,0.3544713258743286,-0.016506033018231392,0.5027419924736023,0.35593608021736145,-0.016203176230192184,0.5200848579406738,0.44656336307525635,0.0018265648977831006,0.4782601296901703,0.45001986622810364,0.011441883631050587,0.5159232020378113,0.35379013419151306,-0.021750319749116898,0.5239115953445435,0.4690788686275482,0.012513777241110802,0.5355905890464783,0.3813803493976593,-0.0288891289383173,0.5272088646888733,0.3752683699131012,-0.026787173002958298,0.5324174761772156,0.37182196974754333,-0.026538720354437828,0.5206212997436523,0.39442968368530273,-0.020733771845698357,0.5439532995223999,0.47521165013313293,0.018539654091000557,0.5429341197013855,0.46683546900749207,0.016080934554338455,0.5340653657913208,0.46997296810150146,0.014184481464326382,0.5071055293083191,0.4599435329437256,0.009292700327932835,0.5098409056663513,0.417697548866272,-0.008002961054444313,0.514903724193573,0.4655545651912689,0.011398151516914368,0.49404266476631165,0.42216649651527405,-0.01028307806700468,0.505436360836029,0.4279569685459137,-0.0069937873631715775,0.48979783058166504,0.43623876571655273,-0.0042901248671114445,0.5335111618041992,0.47886574268341064,0.015947537496685982,0.5165534019470215,0.39906519651412964,-0.016436252743005753,0.5016217827796936,0.4674409031867981,0.015043401159346104,0.5118499398231506,0.47263196110725403,0.0170038603246212,0.5007363557815552,0.4526834189891815,0.004818249959498644,0.46829885244369507,0.4418758451938629,0.01199941337108612,0.49073830246925354,0.4565161466598511,0.008735585026443005,0.4615776538848877,0.4471883177757263,0.025952445343136787,0.5017250180244446,0.43919023871421814,-0.0036332670133560896,0.5181340575218201,0.3860486149787903,-0.018906325101852417,0.5272952318191528,0.4124409556388855,-0.025262434035539627,0.5223881006240845,0.41425788402557373,-0.01881377585232258,0.530494213104248,0.4068720042705536,-0.02920379303395748,0.502885639667511,0.3498894274234772,-0.021695880219340324,0.49312567710876465,0.34850430488586426,-0.026336554437875748,0.4842948019504547,0.3497302234172821,-0.02831585891544819,0.4763905107975006,0.3530259430408478,-0.02772793546319008,0.47027406096458435,0.35790568590164185,-0.025278568267822266,0.46533310413360596,0.3720839023590088,-0.01459093950688839,0.44362184405326843,0.39671704173088074,0.010541806928813457,0.47416427731513977,0.38329124450683594,-0.014721419662237167,0.48250317573547363,0.3841177523136139,-0.015637069940567017,0.4914313852787018,0.3809075355529785,-0.015378136187791824,0.498555064201355,0.37587717175483704,-0.014598249457776546,0.5034542679786682,0.3709631562232971,-0.013355554081499577,0.5069981217384338,0.3673259913921356,-0.013198161497712135,0.43511655926704407,0.3929075002670288,0.031684864312410355,0.5218850374221802,0.415477991104126,-0.01544921938329935,0.5256191492080688,0.38878965377807617,-0.02539120614528656,0.532973051071167,0.41222941875457764,-0.027802806347608566,0.5350327491760254,0.41455626487731934,-0.023353997617959976,0.5319198369979858,0.4131687879562378,-0.024899233132600784,0.5230843424797058,0.41677719354629517,-0.012027801014482975,0.5369117856025696,0.4148874580860138,-0.024362310767173767,0.5363441705703735,0.4157576262950897,-0.016841821372509003,0.5047438740730286,0.36020609736442566,-0.013019136153161526,0.50957190990448,0.3622380495071411,-0.014291450381278992,0.5136184692382812,0.3643305003643036,-0.016690410673618317,0.4751857817173004,0.3687812387943268,-0.018898488953709602,0.47062617540359497,0.3640674948692322,-0.01999060809612274,0.5396651029586792,0.3803826868534088,-0.02480147033929825,0.5568767189979553,0.3323437571525574,0.011690870858728886,0.5448054075241089,0.4102962911128998,-0.01460651122033596,0.5618540644645691,0.28941285610198975,0.03734510764479637,0.5420426726341248,0.34587347507476807,0.0018507258500903845,0.5476669073104858,0.34473246335983276,0.004379407502710819,0.5530908107757568,0.3425614535808563,0.007681971415877342,0.5582154989242554,0.3335031569004059,0.01427407842129469,0.5376776456832886,0.34520721435546875,0.0001620593247935176,0.5494417548179626,0.3239520192146301,-0.0016635394422337413,0.5433916449546814,0.3272528052330017,-0.004570105113089085,0.5545433163642883,0.3221760392189026,0.0026032645255327225,0.5574055910110474,0.3226635158061981,0.006469530053436756,0.5624303817749023,0.3366294801235199,0.01952638104557991,0.5568774938583374,0.45846426486968994,0.029236651957035065,0.5583505034446716,0.3296206295490265,0.013833507895469666,0.5687050819396973,0.3257163166999817,0.04963754117488861,0.5644474029541016,0.32584550976753235,0.025736207142472267,0.5563662052154541,0.3856712579727173,0.006261030677706003,0.5491814017295837,0.42924243211746216,-0.00421861419454217,0.5482922792434692,0.4359776973724365,-0.00019894092110916972,0.5525583624839783,0.4279727637767792,0.001964400289580226,0.5544899106025696,0.4277440309524536,0.008307031355798244,0.5509997010231018,0.4336276650428772,0.0038938280194997787,0.5528152585029602,0.4319005012512207,0.009270921349525452,0.5576118230819702,0.4333268105983734,0.023272592574357986,0.5463365912437439,0.408008873462677,-0.026184892281889915,0.5463703274726868,0.4004025459289551,-0.029315350577235222,0.5633893609046936,0.31002187728881836,0.008327404037117958,0.5426453351974487,0.3696344792842865,-0.003179126186296344,0.5516118407249451,0.3977760970592499,-0.00828270148485899,0.5501448512077332,0.39283812046051025,-0.007313212845474482,0.5689718127250671,0.3757201135158539,0.01898973248898983,0.5431549549102783,0.3898836672306061,-0.027910033240914345,0.5545200109481812,0.3117925524711609,-0.008861749432981014,0.5603746771812439,0.30920839309692383,-0.0006707415450364351,0.5586923360824585,0.277626097202301,0.020120514556765556,0.5335930585861206,0.3315393328666687,-0.02052820287644863,0.5382319688796997,0.3316015899181366,-0.004222228657454252,0.5602895021438599,0.42481645941734314,0.024230943992733955,0.5657234787940979,0.3998611867427826,0.08510205149650574,0.5488010048866272,0.4041427671909332,-0.006685744505375624,0.5459033250808716,0.4087035059928894,-0.008136048913002014,0.5562873482704163,0.4285517632961273,0.02168351039290428,0.5554252862930298,0.42945748567581177,0.018856093287467957,0.5608634948730469,0.3004976809024811,0.0014289056416600943,0.5509818196296692,0.4003061354160309,-0.004365460481494665,0.5457935333251953,0.3186812102794647,-0.015752065926790237,0.5456293821334839,0.3105044960975647,-0.018509283661842346,0.5420135259628296,0.26860493421554565,-0.014915037900209427,0.5604950189590454,0.2903261184692383,0.00863377470523119,0.5442298054695129,0.28935885429382324,-0.018150821328163147,0.563747763633728,0.3025174140930176,0.013215756975114346,0.5640518665313721,0.29889869689941406,0.023564022034406662,0.5490337014198303,0.4328545928001404,-0.0028074586298316717,0.5519265532493591,0.430954247713089,0.002750065876170993,0.5537691116333008,0.4298129081726074,0.008292971178889275,0.5477743148803711,0.4058796465396881,-0.0058301291428506374,0.5558484196662903,0.42901986837387085,0.02003410831093788,0.5550636053085327,0.43222349882125854,0.016389574855566025,0.5549665689468384,0.42994415760040283,0.018497375771403313,0.5485787987709045,0.40397778153419495,-0.015650922432541847,0.5518303513526917,0.4336993396282196,0.010723618790507317,0.549956202507019,0.43579426407814026,0.007017145399004221,0.5473035573959351,0.43818920850753784,0.003581766737625003,0.5477420687675476,0.45566096901893616,0.015391017310321331,0.54979407787323,0.44895339012145996,0.007634816691279411,0.5495695471763611,0.4447885751724243,0.005520219914615154,0.5486023426055908,0.4410214424133301,0.005317105446010828,0.5471743941307068,0.438220351934433,0.004340750630944967,0.5517705678939819,0.43371033668518066,0.011264835484325886,0.5529927611351013,0.43450048565864563,0.011574900709092617,0.5541087985038757,0.4358029365539551,0.011894475668668747,0.5548909902572632,0.4376368820667267,0.013966972008347511,0.5567240715026855,0.4170428514480591,0.009456566534936428,0.5653439164161682,0.35793155431747437,0.0846196636557579,0.5532227754592896,0.43197622895240784,0.015400780364871025,0.5542325973510742,0.432008296251297,0.015686212107539177,0.5447315573692322,0.412631630897522,-0.007117480505257845,0.5496585965156555,0.40510544180870056,-1.4927178426660248e-07,0.5452994704246521,0.41079843044281006,-0.007961905561387539,0.5476763844490051,0.37148624658584595,0.00218777428381145,0.5570273995399475,0.3728649914264679,0.007966562174260616,0.5503880381584167,0.39528441429138184,-0.0030751123558729887,0.552787721157074,0.2702069580554962,0.002109759720042348,0.5543296337127686,0.2864921987056732,-0.005036282353103161,0.5545628070831299,0.30268317461013794,-0.009227936156094074,0.5554110407829285,0.44088518619537354,0.02071583829820156,0.533771276473999,0.3199898600578308,-0.025171073153614998,0.5320795774459839,0.2947934567928314,-0.02749653160572052,0.5284724831581116,0.27100417017936707,-0.027333129197359085,0.5567798614501953,0.33834153413772583,0.011479671113193035,0.5675170421600342,0.3394123613834381,0.025860605761408806,0.5352492928504944,0.34431326389312744,-0.0004454136942513287,0.5611241459846497,0.3209030330181122,0.013535456731915474,0.5393809676170349,0.36659902334213257,-0.007577858865261078,0.5506404638290405,0.3974279761314392,-0.01567973755300045,0.5720930695533752,0.34598734974861145,0.03635307773947716,0.567821204662323,0.3495352566242218,0.021172530949115753,0.5641251802444458,0.35829949378967285,0.014003326185047626,0.5545675754547119,0.3618810772895813,0.00791145022958517,0.5466514825820923,0.36101287603378296,0.003198235994204879,0.541375994682312,0.35968658328056335,-0.0014469403540715575,0.5335047245025635,0.3605506122112274,-0.019491519778966904,0.5745845437049866,0.36390748620033264,0.03913632780313492,0.5636926889419556,0.31642597913742065,0.017122667282819748,0.5442849397659302,0.41208362579345703,-0.022827640175819397,0.5445183515548706,0.3791517913341522,-0.0034914081916213036,0.5638739466667175,0.3211614489555359,0.07024072855710983,0.5375651121139526,0.35799384117126465,-0.00496695376932621,0.5493648648262024,0.3946536183357239,0.002674458548426628,0.5590772032737732,0.3274036943912506,0.015826743096113205,0.5486101508140564,0.39143499732017517,-0.014624950475990772,0.5661168694496155,0.37798023223876953,0.086605504155159,0.5348504781723022,0.3412558436393738,0.00017774933075997978,0.546241283416748,0.3898064196109772,-0.022374020889401436,0.5668516755104065,0.4282832145690918,0.053526896983385086,0.5634939670562744,0.4344797134399414,0.0666617602109909,0.5726121068000793,0.3604234457015991,0.062349531799554825,0.5698171854019165,0.41416484117507935,0.06074782460927963,0.5663994550704956,0.3109135627746582,0.03798126429319382,0.5572692155838013,0.4642706513404846,0.03573767840862274,0.5426681637763977,0.413523405790329,-0.014805891551077366,0.5488188862800598,0.38243573904037476,0.0015026808250695467,0.5660156011581421,0.323700487613678,0.03347219154238701,0.5520041584968567,0.33736473321914673,0.006873752921819687,0.5470566153526306,0.3396487832069397,0.004046350251883268,0.5557522773742676,0.4327705204486847,0.01822046935558319,0.5746232271194458,0.38022980093955994,0.044877879321575165,0.5510466694831848,0.4789830446243286,0.03648615628480911,0.5579007863998413,0.4595363140106201,0.05019010603427887,0.5602380037307739,0.4488290548324585,0.057387594133615494,0.5420771241188049,0.3404608368873596,0.0019237881060689688,0.537701427936554,0.3403385281562805,0.0010026623494923115,0.5355315208435059,0.3407924175262451,0.0008767740800976753,0.5642431378364563,0.31063950061798096,0.023764407262206078,0.5392236113548279,0.3391585350036621,-0.0013481290079653263,0.5444915890693665,0.33881619572639465,-0.0010726912878453732,0.5499288439750671,0.33758699893951416,0.0009113786509260535,0.5544275045394897,0.33516550064086914,0.004309917334467173,0.5566452145576477,0.33308297395706177,0.0074843913316726685,0.5636156797409058,0.3030358552932739,0.05489584803581238,0.5550108551979065,0.33471912145614624,0.00966503843665123,0.5529058575630188,0.41586610674858093,0.0038246323820203543,0.5493438839912415,0.4033232033252716,-0.009674632921814919,0.5461063385009766,0.4189584255218506,-0.004940184764564037,0.5630739331245422,0.4416574239730835,0.0481313057243824,0.559904158115387,0.45266151428222656,0.04240986332297325,0.5525179505348206,0.4746474623680115,0.028678905218839645,0.56495201587677,0.41904622316360474,0.0772021934390068,0.5362928509712219,0.340068519115448,-0.0005427926080301404,0.5396979451179504,0.37290772795677185,-0.016451520845294,0.5554370284080505,0.469938188791275,0.04276072606444359,0.5726196765899658,0.37864813208580017,0.06555680185556412,0.5498670339584351,0.4358137249946594,0.007699097041040659,0.5513077974319458,0.43760597705841064,0.008343465626239777,0.5524111390113831,0.440225213766098,0.008694225922226906,0.5530797243118286,0.4437224864959717,0.010749107226729393,0.5522927045822144,0.4486362338066101,0.017798515036702156,0.5542219281196594,0.43052220344543457,0.014330924488604069,0.5550352931022644,0.42919525504112244,0.01484911609441042,0.5557250380516052,0.4278796911239624,0.01509783137589693,0.5593705177307129,0.42002996802330017,0.01661784201860428,0.5723827481269836,0.3897686302661896,0.03101307712495327,0.5363397002220154,0.3631759583950043,-0.013281598687171936,0.5321601629257202,0.33994606137275696,-0.007629812695086002,0.5342358946800232,0.33801472187042236,-0.003443122375756502,0.5532458424568176,0.43196412920951843,0.015112537890672684,0.5710986256599426,0.40655946731567383,0.045215047895908356,0.5305761694908142,0.34529879689216614,-0.016458043828606606,0.5544943809509277,0.45311203598976135,0.02376634068787098,0.5368755459785461,0.3711211681365967,-0.023231318220496178,0.5447900295257568,0.38411349058151245,-0.012079671025276184,0.5496269464492798,0.46181216835975647,0.019615523517131805,0.5612509250640869,0.4333679676055908,0.029154373332858086,0.5541850328445435,0.39844757318496704,0.007015182636678219,0.5579976439476013,0.4436298906803131,0.027048321440815926,0.5651236176490784,0.39077940583229065,0.013617630116641521,0.559851348400116,0.40383782982826233,0.011825360357761383,0.5687457323074341,0.40040475130081177,0.022956645116209984,0.5520562529563904,0.4688754081726074,0.023209411650896072,0.5462902784347534,0.3864169716835022,-0.00562627986073494,0.5637077689170837,0.4357014000415802,0.038158684968948364,0.5598559379577637,0.447192907333374,0.034749437123537064,0.5643694996833801,0.42258065938949585,0.028970949351787567,0.5733523964881897,0.39387381076812744,0.04987534135580063,0.5680207014083862,0.41918084025382996,0.036964625120162964,0.5716826915740967,0.3961596190929413,0.06689341366291046,0.5635307431221008,0.41124284267425537,0.01861029863357544,0.5419614911079407,0.3758779764175415,-0.0095437066629529,0.5500819087028503,0.4019402861595154,-0.016840165480971336,0.5510300397872925,0.4014342129230499,-0.009214388206601143,0.54891437292099,0.3985157310962677,-0.022482478991150856,0.5358830094337463,0.33211749792099,-0.009472507052123547,0.5443072319030762,0.32415202260017395,-0.00836569257080555,0.5517784357070923,0.3195399045944214,-0.004804009106010199,0.5572987198829651,0.31731387972831726,0.0007358582224696875,0.5603364109992981,0.3176497519016266,0.006544142495840788,0.5613911151885986,0.32680970430374146,0.01953773945569992,0.5712428092956543,0.34277522563934326,0.05691533535718918,0.561524510383606,0.3429851531982422,0.016400767490267754,0.5577251315116882,0.349245548248291,0.011439772322773933,0.5507778525352478,0.35232847929000854,0.006864040158689022,0.543795645236969,0.35265660285949707,0.002921275794506073,0.5388184189796448,0.35182276368141174,-0.00012296740896999836,0.5357353687286377,0.3513046205043793,-0.0023769279941916466,0.5639721155166626,0.33942362666130066,0.07937904447317123,0.5502006411552429,0.4029083549976349,-0.006045903079211712,0.5426476001739502,0.3814495801925659,-0.018615584820508957,0.5485522747039795,0.4047715961933136,-0.022435201331973076,0.5457128286361694,0.4092254936695099,-0.020216114819049835,0.547711193561554,0.4055810272693634,-0.01939086616039276,0.5489879846572876,0.40542691946029663,-0.004170253407210112,0.5454233884811401,0.4106992483139038,-0.021815771237015724,0.5439243912696838,0.41214707493782043,-0.01469436939805746,0.5337020754814148,0.34291043877601624,-0.0015512905083596706,0.5329509973526001,0.348684161901474,-0.005736691411584616,0.5338506102561951,0.3536025583744049,-0.00963056180626154,0.5577889680862427,0.33138948678970337,0.010394343174993992,0.559018075466156,0.3236071467399597,0.01118815690279007,0.4873385429382324,0.366446852684021,-0.018003428354859352,0.49407148361206055,0.36406540870666504,-0.018003428354859352,0.4857747256755829,0.3585984706878662,-0.018003428354859352,0.4804672598838806,0.3688289523124695,-0.018003428354859352,0.48887544870376587,0.37421244382858276,-0.018003428354859352,0.5472089052200317,0.3368184268474579,0.004389182198792696,0.5521416068077087,0.3347584009170532,0.004389182198792696,0.5456069111824036,0.33006003499031067,0.004389182198792696,0.5422562956809998,0.3388509750366211,0.004389182198792696,0.5488172769546509,0.3435537815093994,0.004389182198792696
3566.6666666666715,0.5452020168304443,0.43851378560066223,-0.005864158738404512,0.5443429946899414,0.4157799184322357,-0.02724582515656948,0.5409462451934814,0.42124098539352417,-0.010224816389381886,0.5323213338851929,0.3896980881690979,-0.028771886602044106,0.5435449481010437,0.4082127511501312,-0.03096868097782135,0.5404437780380249,0.39684605598449707,-0.03135626018047333,0.530271053314209,0.3664507269859314,-0.024744991213083267,0.4773324131965637,0.37669432163238525,-0.01828930526971817,0.524652361869812,0.34278562664985657,-0.026916012167930603,0.5228303074836731,0.3311059772968292,-0.031544506549835205,0.5111614465713501,0.2824358344078064,-0.03746916726231575,0.5453439354896545,0.4412580728530884,-0.004305947571992874,0.5450595617294312,0.444088876247406,-0.0018100725719705224,0.5444415211677551,0.4461040198802948,0.0021676868200302124,0.5443124175071716,0.4460950493812561,0.0029883331153541803,0.5452543497085571,0.44962218403816223,0.004063314758241177,0.5458566546440125,0.45371878147125244,0.004288930911570787,0.5458634495735168,0.45796114206314087,0.006793610751628876,0.5441427826881409,0.46393662691116333,0.01456686295568943,0.5436100363731384,0.4189779460430145,-0.023500259965658188,0.5362200736999512,0.4205477237701416,-0.01709367334842682,0.43591731786727905,0.3443028926849365,-0.009679898619651794,0.49790850281715393,0.3760242164134979,-0.017514668405056,0.49231499433517456,0.37948352098464966,-0.01871383748948574,0.48586079478263855,0.3818804621696472,-0.018931491300463676,0.47447022795677185,0.3797163665294647,-0.017325332388281822,0.5020033717155457,0.3718900978565216,-0.015326139517128468,0.4855062961578369,0.3597621023654938,-0.026281962171196938,0.4922942519187927,0.35831865668296814,-0.024247225373983383,0.4791094660758972,0.36273083090782166,-0.025636492297053337,0.47479888796806335,0.3664509356021881,-0.02393399178981781,0.47025617957115173,0.3862423598766327,-0.014327682554721832,0.5244476199150085,0.48196277022361755,0.017724569886922836,0.4738175868988037,0.3756186068058014,-0.017565784975886345,0.44297558069229126,0.3839467167854309,0.002939518541097641,0.46036043763160706,0.3820163309574127,-0.012475909665226936,0.5044063329696655,0.4142293930053711,-0.012123757041990757,0.5379299521446228,0.439937561750412,-0.007660598959773779,0.5381754636764526,0.44644105434417725,-0.0031539183109998703,0.5296661257743835,0.44464224576950073,-0.006383758503943682,0.5232294797897339,0.44790738821029663,-0.003567098407074809,0.5310622453689575,0.44859665632247925,-0.0030463829170912504,0.5249025225639343,0.45015749335289,-0.0004185709694866091,0.5145581364631653,0.45881861448287964,0.0077565982937812805,0.5397116541862488,0.41745874285697937,-0.028098613023757935,0.5382184386253357,0.41025790572166443,-0.03182382136583328,0.46502965688705444,0.36232316493988037,-0.02809026464819908,0.5121064186096191,0.3887104094028473,-0.015671206638216972,0.521381139755249,0.4171319603919983,-0.019256042316555977,0.5193405151367188,0.41218382120132446,-0.018741590902209282,0.4830228388309479,0.41933947801589966,-0.01185352262109518,0.535318911075592,0.39950641989707947,-0.031482525169849396,0.4829501807689667,0.351203590631485,-0.03458928316831589,0.4727684557437897,0.3558104336261749,-0.03254515677690506,0.44307851791381836,0.32770460844039917,-0.022576957941055298,0.5114703178405762,0.3502345383167267,-0.029847031459212303,0.4980350434780121,0.3588337004184723,-0.020342739298939705,0.5090472102165222,0.4537125527858734,0.00483414763584733,0.46049514412879944,0.45569413900375366,0.043961670249700546,0.5260730385780334,0.4203261733055115,-0.014650191180408001,0.5311669111251831,0.42101314663887024,-0.011846031993627548,0.5137055516242981,0.452053964138031,0.005282951518893242,0.515285313129425,0.4520593285560608,0.004689296707510948,0.46750301122665405,0.35052403807640076,-0.03262612223625183,0.5204737782478333,0.419477641582489,-0.015051156282424927,0.49570202827453613,0.34907713532447815,-0.03380578011274338,0.49385830760002136,0.34206581115722656,-0.03718848526477814,0.4727954864501953,0.2999919652938843,-0.040511321276426315,0.4554421007633209,0.33786529302597046,-0.029193729162216187,0.48391345143318176,0.31852447986602783,-0.03991757705807686,0.4587568938732147,0.3584738075733185,-0.02586088888347149,0.4477299153804779,0.35142552852630615,-0.01900361105799675,0.5381003022193909,0.44345349073410034,-0.006122094579041004,0.5304102897644043,0.44667956233024597,-0.004890606738626957,0.5241039395332336,0.44903257489204407,-0.0023374499287456274,0.5272608995437622,0.42096027731895447,-0.012245173566043377,0.5145328044891357,0.45205584168434143,0.005041651427745819,0.5188502073287964,0.4536399245262146,0.004178223665803671,0.5160640478134155,0.4520531892776489,0.004783471580594778,0.5305991768836975,0.4185398817062378,-0.022952446714043617,0.5254098176956177,0.45102381706237793,0.001591139123775065,0.5314964652061462,0.4499090015888214,0.0005902821430936456,0.5380515456199646,0.4483209252357483,0.0005428827134892344,0.536775529384613,0.4666469395160675,0.012593942694365978,0.5386544466018677,0.4603985548019409,0.0046579488553106785,0.5386865139007568,0.45604902505874634,0.002332438947632909,0.5384387373924255,0.4518222510814667,0.0021591607946902514,0.538027286529541,0.44836753606796265,0.001344954944215715,0.5253956913948059,0.4511471688747406,0.0022134087048470974,0.5248852968215942,0.4528080224990845,0.00261720921844244,0.5241854190826416,0.4551103115081787,0.002607006812468171,0.5235536694526672,0.457609087228775,0.0038437210023403168,0.5163260698318481,0.4407409429550171,-0.004786235745996237,0.44261980056762695,0.41727691888809204,0.03740343824028969,0.5424364805221558,0.4201909899711609,-0.015209544450044632,0.5206015110015869,0.4517506957054138,0.003627360099926591,0.5198094248771667,0.45260313153266907,0.003948172554373741,0.5336322784423828,0.4232040047645569,-0.01064651645720005,0.5220854878425598,0.4227825105190277,-0.008289170451462269,0.5324788689613342,0.4221520721912384,-0.011481021530926228,0.5063908100128174,0.3950987458229065,-0.01430884562432766,0.4973081052303314,0.4045425057411194,-0.014193117618560791,0.517989456653595,0.4151686429977417,-0.01480064820498228,0.45488545298576355,0.31285643577575684,-0.033218905329704285,0.46697568893432617,0.3265649974346161,-0.03586309403181076,0.4794584810733795,0.344448059797287,-0.03651412948966026,0.521117627620697,0.46309319138526917,0.008429761044681072,0.5087557435035706,0.3398185670375824,-0.035317953675985336,0.5001439452171326,0.3128657937049866,-0.03974074870347977,0.4908844232559204,0.29044127464294434,-0.04153008759021759,0.47911733388900757,0.3821299076080322,-0.01820802502334118,0.4638864994049072,0.3940136134624481,-0.011547395028173923,0.5044151544570923,0.3688700795173645,-0.014417281374335289,0.46773868799209595,0.371099591255188,-0.021303463727235794,0.5161052346229553,0.38263869285583496,-0.01773895137012005,0.5261582732200623,0.4144729971885681,-0.024508189409971237,0.4574524462223053,0.4013165533542633,-0.005826388951390982,0.4711625874042511,0.3994896411895752,-0.013700827956199646,0.4815940856933594,0.4007278084754944,-0.01548711210489273,0.4939892590045929,0.39514055848121643,-0.014665510505437851,0.5017948746681213,0.388359934091568,-0.014095819555222988,0.5072769522666931,0.3826019763946533,-0.014612279832363129,0.5247086882591248,0.3703354597091675,-0.024300480261445045,0.4626752734184265,0.41896963119506836,-0.002299875020980835,0.461649090051651,0.37110400199890137,-0.021055882796645164,0.5407437682151794,0.42009538412094116,-0.024222709238529205,0.5155695676803589,0.39747217297554016,-0.01530347391963005,0.4335881769657135,0.38020142912864685,0.020695021376013756,0.5116895437240601,0.3772348463535309,-0.015473881736397743,0.515941858291626,0.41479188203811646,-0.009046186693012714,0.47089219093322754,0.37536436319351196,-0.0171432476490736,0.5237568020820618,0.4083208441734314,-0.023748544976115227,0.4498803913593292,0.4366617202758789,0.04188127443194389,0.5026833415031433,0.366716206073761,-0.014534187503159046,0.5295627117156982,0.40330588817596436,-0.028925392776727676,0.48950430750846863,0.47348204255104065,0.024224502965807915,0.4875839948654175,0.47996950149536133,0.03666968271136284,0.4507157504558563,0.4200144410133362,0.016653576865792274,0.4767441153526306,0.46528708934783936,0.02556457556784153,0.44431766867637634,0.36636820435523987,-0.007092530373483896,0.523750364780426,0.4890037775039673,0.023118555545806885,0.5401084423065186,0.42083990573883057,-0.015475364401936531,0.5106495022773743,0.4047014117240906,-0.012894649058580399,0.45330023765563965,0.3843054175376892,-0.008554295636713505,0.4859221577644348,0.3767023980617523,-0.019426504150032997,0.491667777299881,0.3746723532676697,-0.019279608502984047,0.5179052948951721,0.4548199772834778,0.004908084869384766,0.4667407274246216,0.4346885085105896,0.005425679963082075,0.534430980682373,0.49404090642929077,0.030442912131547928,0.5134314894676208,0.4906567931175232,0.031797148287296295,0.502249538898468,0.4867607355117798,0.033587053418159485,0.5173177719116211,0.30660250782966614,-0.035868823528289795,0.5452369451522827,0.49009037017822266,0.033265989273786545,0.495991051197052,0.3717241883277893,-0.01812680810689926,0.4995978772640228,0.36839550733566284,-0.016362115740776062,0.5018161535263062,0.3669760227203369,-0.014876269735395908,0.4546549320220947,0.36944708228111267,-0.017382251098752022,0.49788498878479004,0.3672259747982025,-0.01929301954805851,0.4931170642375946,0.36970269680023193,-0.021784942597150803,0.4881401062011719,0.3719881474971771,-0.023055171594023705,0.4826231598854065,0.37368154525756836,-0.02282244712114334,0.47875410318374634,0.37465405464172363,-0.021484171971678734,0.4329465329647064,0.3607528507709503,0.005916295573115349,0.48115304112434387,0.3771025240421295,-0.01890353485941887,0.541359007358551,0.42695990204811096,-0.0073349736630916595,0.5222316980361938,0.4350486993789673,-0.0069778719916939735,0.5265447497367859,0.4196903705596924,-0.01728704571723938,0.5340349674224854,0.4301277995109558,-0.008977150544524193,0.5264052748680115,0.35372716188430786,-0.023904675617814064,0.5018027424812317,0.4802328944206238,0.024978533387184143,0.5126102566719055,0.48476362228393555,0.0246707983314991,0.5352164506912231,0.4901712238788605,0.02277911640703678,0.47377219796180725,0.4702022969722748,0.04109323024749756,0.501088559627533,0.36654725670814514,-0.016660936176776886,0.5240281820297241,0.3857382833957672,-0.023319950327277184,0.5462465286254883,0.4860321283340454,0.02578853629529476,0.5242385864257812,0.49358245730400085,0.029766032472252846,0.4565799832344055,0.4372662603855133,0.022280434146523476,0.5315045714378357,0.45002061128616333,0.001319406321272254,0.531318187713623,0.45279425382614136,0.0017804282251745462,0.5311431288719177,0.45621177554130554,0.001783288549631834,0.5310293436050415,0.4601132571697235,0.003479693317785859,0.5285327434539795,0.4660255014896393,0.009381923824548721,0.5196025371551514,0.45119524002075195,0.0019285676535218954,0.5186310410499573,0.4507080018520355,0.0011118397815153003,0.5177322030067444,0.4501638412475586,0.0002556825056672096,0.511607825756073,0.44709300994873047,-0.0013082720106467605,0.4795825183391571,0.4376409351825714,-0.0019035856239497662,0.5203773975372314,0.37601184844970703,-0.020713886246085167,0.508793294429779,0.3605651259422302,-0.017514318227767944,0.5037107467651367,0.3620867133140564,-0.017187850549817085,0.5205551385879517,0.45165079832077026,0.0032575358636677265,0.4806138575077057,0.45516425371170044,0.012249263934791088,0.5170078873634338,0.3598261773586273,-0.022691989317536354,0.5260238647460938,0.4738462567329407,0.01408599503338337,0.5370884537696838,0.38683027029037476,-0.028918443247675896,0.5286956429481506,0.38073989748954773,-0.02710602432489395,0.5338652729988098,0.3772394359111786,-0.026882804930210114,0.5221867561340332,0.3998560309410095,-0.02068285085260868,0.5461447834968567,0.47965940833091736,0.020326239988207817,0.5450183749198914,0.47133302688598633,0.017607055604457855,0.5361675024032593,0.4746588468551636,0.015752606093883514,0.5090568661689758,0.4647161364555359,0.010809934698045254,0.511454164981842,0.42287522554397583,-0.007565278559923172,0.5169674158096313,0.4703129827976227,0.01298927515745163,0.49584707617759705,0.42758291959762573,-0.009845146909356117,0.5070682168006897,0.4331984221935272,-0.00626220041885972,0.49168962240219116,0.4415571987628937,-0.0035599751863628626,0.5357809662818909,0.4835141599178314,0.017730193212628365,0.5181258320808411,0.4043801426887512,-0.0163167305290699,0.5039447546005249,0.4722962975502014,0.01652822270989418,0.514193594455719,0.4774513840675354,0.018621040508151054,0.5025468468666077,0.45753705501556396,0.006125981919467449,0.4707547128200531,0.44710487127304077,0.012522066943347454,0.4929327666759491,0.46151256561279297,0.009905582293868065,0.4643864631652832,0.4523473381996155,0.026356277987360954,0.5032985210418701,0.4442673921585083,-0.0026522635016590357,0.5196676254272461,0.39148828387260437,-0.0190371572971344,0.5288928747177124,0.4179286062717438,-0.024787388741970062,0.5239312052726746,0.4195983111858368,-0.018359370529651642,0.5321313142776489,0.412419855594635,-0.028744922950863838,0.5037652254104614,0.35631877183914185,-0.02278074622154236,0.49392035603523254,0.35520192980766296,-0.027439206838607788,0.48502516746520996,0.35653480887413025,-0.02937823347747326,0.47715941071510315,0.3598407506942749,-0.028752213343977928,0.471156507730484,0.3646501898765564,-0.026300864294171333,0.4666115641593933,0.37829652428627014,-0.015530375763773918,0.44603288173675537,0.402357280254364,0.009676416404545307,0.4754750430583954,0.3892187476158142,-0.01530879084020853,0.4837609827518463,0.38994231820106506,-0.016134973615407944,0.4925903379917145,0.3866639733314514,-0.015837034210562706,0.49967944622039795,0.38158324360847473,-0.015121467411518097,0.5045689344406128,0.37668150663375854,-0.013958781957626343,0.508097767829895,0.3730732202529907,-0.013868804089725018,0.43745487928390503,0.3983762860298157,0.030506575480103493,0.5234205722808838,0.42070668935775757,-0.015004375018179417,0.5271788239479065,0.39428475499153137,-0.02537999115884304,0.5346193313598633,0.41778305172920227,-0.027244217693805695,0.5366739630699158,0.4200395345687866,-0.022757843136787415,0.5335326194763184,0.4186892509460449,-0.02436819113790989,0.5245939493179321,0.42194315791130066,-0.011568652465939522,0.5385746359825134,0.42036882042884827,-0.0237276628613472,0.5379791855812073,0.421162873506546,-0.016268810257315636,0.5057289004325867,0.36614394187927246,-0.013920585624873638,0.5106457471847534,0.36807748675346375,-0.015101645141839981,0.5147092938423157,0.3701285421848297,-0.017402809113264084,0.4761338233947754,0.37523937225341797,-0.019821634516119957,0.4715471565723419,0.3706182837486267,-0.020925607532262802,0.5411238074302673,0.38573506474494934,-0.024877097457647324,0.5581136345863342,0.3379324972629547,0.010435396805405617,0.546522855758667,0.4154743254184723,-0.014091914519667625,0.5622445940971375,0.2931046187877655,0.03465477004647255,0.5433447957038879,0.35228654742240906,0.0008997348486445844,0.5492296814918518,0.3507830500602722,0.003422306850552559,0.5546174049377441,0.3481549322605133,0.006673524621874094,0.5593907237052917,0.3391888737678528,0.013082848861813545,0.5386215448379517,0.3516906797885895,-0.000798528257291764,0.5503727197647095,0.32909759879112244,-0.002929848153144121,0.5441081523895264,0.33269721269607544,-0.005811839830130339,0.5556143522262573,0.3273092210292816,0.0013227626914158463,0.558519184589386,0.3279167413711548,0.005166887305676937,0.563582181930542,0.34211450815200806,0.018367866054177284,0.5588662624359131,0.4626750946044922,0.03076454997062683,0.5593582987785339,0.33523160219192505,0.012500542216002941,0.5690836310386658,0.3296678364276886,0.04782005771994591,0.5651815533638,0.33191877603530884,0.024300167337059975,0.5577313899993896,0.3901638984680176,0.00621814327314496,0.550055205821991,0.4342167377471924,-0.003130735829472542,0.5492410063743591,0.44116508960723877,0.0009955717250704765,0.5534135103225708,0.43281975388526917,0.003048558020964265,0.5552746057510376,0.4324938654899597,0.009465995244681835,0.5519659519195557,0.438662588596344,0.00509274797514081,0.5537304282188416,0.4368308484554291,0.010505776852369308,0.5593422055244446,0.4370557367801666,0.024624116718769073,0.54795902967453,0.4133734703063965,-0.025600844994187355,0.5479168891906738,0.40578001737594604,-0.028842803090810776,0.5645282864570618,0.315961092710495,0.006674785166978836,0.543968677520752,0.37448060512542725,-0.0036122568417340517,0.5531144142150879,0.40256598591804504,-0.008042792789638042,0.5515806674957275,0.39764341711997986,-0.007173893973231316,0.5700846910476685,0.37972041964530945,0.018732057884335518,0.5446450114250183,0.395260751247406,-0.027704808861017227,0.5557681918144226,0.31701356172561646,-0.010409264825284481,0.5615644454956055,0.3147135078907013,-0.0022868274245411158,0.5591037273406982,0.28150713443756104,0.017327401787042618,0.5349442958831787,0.33674880862236023,-0.021787302568554878,0.5387990474700928,0.33742672204971313,-0.00544285774230957,0.5619814395904541,0.4284018874168396,0.025379139930009842,0.5664991140365601,0.4036203622817993,0.08498849719762802,0.5504499077796936,0.4089699983596802,-0.006374961696565151,0.5476317405700684,0.41368430852890015,-0.007681083399802446,0.5570064187049866,0.43311262130737305,0.022940702736377716,0.5561836361885071,0.43412256240844727,0.02016109600663185,0.561967670917511,0.3064909875392914,-0.00037531249108724296,0.5525086522102356,0.40498387813568115,-0.004096740856766701,0.5471147298812866,0.32379716634750366,-0.017177080735564232,0.5469627976417542,0.31577950716018677,-0.020061064511537552,0.5423648357391357,0.27305614948272705,-0.017641635611653328,0.5609757304191589,0.29454687237739563,0.00644072936847806,0.5447567105293274,0.29406285285949707,-0.02021108753979206,0.564747154712677,0.3089422881603241,0.011332937516272068,0.5645015835762024,0.3029455840587616,0.02131485380232334,0.549910843372345,0.4379209876060486,-0.0016376558924093843,0.5528141260147095,0.43588587641716003,0.003926711622625589,0.5545989274978638,0.43465906381607056,0.009515923447906971,0.5494704842567444,0.41070717573165894,-0.005495143122971058,0.5565891265869141,0.43363553285598755,0.021320438012480736,0.5558547973632812,0.43699339032173157,0.017805024981498718,0.5557547211647034,0.43464401364326477,0.019809339195489883,0.5502078533172607,0.4090462327003479,-0.015285570174455643,0.5528592467308044,0.43868276476860046,0.01195905264467001,0.5510210990905762,0.4409124255180359,0.008214399218559265,0.5483427047729492,0.4434800446033478,0.004768192768096924,0.5497302412986755,0.4600483179092407,0.016710806638002396,0.5508084297180176,0.45413199067115784,0.009032663889229298,0.5505417585372925,0.4500170350074768,0.00690448796376586,0.5495642423629761,0.44629546999931335,0.0066343387588858604,0.5481488108634949,0.44347476959228516,0.00559450127184391,0.5527216196060181,0.4386603832244873,0.012547005899250507,0.5539089441299438,0.4394170641899109,0.012920107692480087,0.5549774169921875,0.4406818449497223,0.013296917080879211,0.5557265281677246,0.44244927167892456,0.015399395488202572,0.5584007501602173,0.4212249219417572,0.010370676405727863,0.5657198429107666,0.3617352247238159,0.08329272270202637,0.5541159510612488,0.4368237555027008,0.01671384833753109,0.5550763010978699,0.4368152916431427,0.01706317625939846,0.5464390516281128,0.41768473386764526,-0.006563027389347553,0.5512951612472534,0.40970346331596375,0.00032803203794173896,0.5470250844955444,0.4158201515674591,-0.007466454058885574,0.5489410758018494,0.3761480450630188,0.0018099077278748155,0.5582390427589417,0.3772592842578888,0.0076216720044612885,0.5518390536308289,0.3999844193458557,-0.0029146773740649223,0.5531564354896545,0.27433526515960693,-0.0006576624000445008,0.5548176765441895,0.29091691970825195,-0.007176938466727734,0.5557668805122375,0.30824699997901917,-0.010954891331493855,0.5572157502174377,0.4448593556880951,0.022132214158773422,0.5352641344070435,0.32519403100013733,-0.02659737691283226,0.5327291488647461,0.29977357387542725,-0.029452603310346603,0.5288999080657959,0.2757687270641327,-0.029945461079478264,0.5581448674201965,0.343926340341568,0.010388247668743134,0.5684406757354736,0.3447369933128357,0.024748550727963448,0.5358940362930298,0.35077914595603943,-0.0014596552355214953,0.5621878504753113,0.3266582787036896,0.012085536494851112,0.5407357215881348,0.3715907335281372,-0.008063795045018196,0.552157461643219,0.4024306535720825,-0.015402291901409626,0.5726218223571777,0.34998980164527893,0.03525002673268318,0.5691865682601929,0.35422053933143616,0.0203230157494545,0.5657961964607239,0.36252057552337646,0.013355603441596031,0.5563356876373291,0.36648428440093994,0.007324911653995514,0.5482571721076965,0.3661355972290039,0.002598521066829562,0.5427523255348206,0.36494889855384827,-0.0020653889514505863,0.5348858833312988,0.3658011555671692,-0.020153414458036423,0.5752633213996887,0.3677666187286377,0.038460735231637955,0.5646477341651917,0.32247793674468994,0.015537622384727001,0.5459527969360352,0.41742563247680664,-0.022208042442798615,0.5459140539169312,0.3840153217315674,-0.0037149605341255665,0.564189076423645,0.32480955123901367,0.06801942735910416,0.5387758016586304,0.36317941546440125,-0.005671578925102949,0.5508207082748413,0.3992650508880615,0.0027515527326613665,0.5601179599761963,0.33318057656288147,0.014469991438090801,0.5500661134719849,0.3964363634586334,-0.014478716067969799,0.5665977597236633,0.3817882835865021,0.08583860099315643,0.5351492762565613,0.3479251563549042,-0.0009588443208485842,0.5477135181427002,0.39502257108688354,-0.022198965772986412,0.568252444267273,0.4321264624595642,0.05434455722570419,0.5648661255836487,0.4383416771888733,0.06752574443817139,0.5730340480804443,0.36433935165405273,0.06129943206906319,0.5709851384162903,0.41794270277023315,0.061150725930929184,0.5668264031410217,0.31487810611724854,0.03588080033659935,0.5592594742774963,0.4684467315673828,0.03735696151852608,0.5443564057350159,0.4188229441642761,-0.014233876951038837,0.550188422203064,0.38712170720100403,0.0013557298807427287,0.5663819313049316,0.3299233913421631,0.03192470222711563,0.5535326600074768,0.3432064652442932,0.0057477825321257114,0.5485225915908813,0.3458908796310425,0.002973041031509638,0.5565076470375061,0.4374640882015228,0.01963414065539837,0.575508713722229,0.3840086758136749,0.044601403176784515,0.5532280802726746,0.4831484854221344,0.0383521169424057,0.5597488880157471,0.4636199176311493,0.0516279973089695,0.5618672966957092,0.4528254270553589,0.05858982726931572,0.5432723164558411,0.34705373644828796,0.0008587778429500759,0.5385031700134277,0.34707632660865784,-8.250588871305808e-05,0.5360379815101624,0.34753236174583435,-0.00024716954794712365,0.5649911165237427,0.3171449601650238,0.021986881271004677,0.5397214293479919,0.34528636932373047,-0.0025445192586630583,0.5451496243476868,0.3444786071777344,-0.0022986663971096277,0.5507721304893494,0.3427869975566864,-0.0003286403662059456,0.5554065108299255,0.3402126133441925,0.003046720987185836,0.5576958656311035,0.3382590115070343,0.006194514222443104,0.5639708638191223,0.3066684305667877,0.0523608922958374,0.5564295649528503,0.34036144614219666,0.008474282920360565,0.5545616149902344,0.4203706681728363,0.0045720841735601425,0.5509918332099915,0.40819960832595825,-0.009390181861817837,0.5477849841117859,0.42391204833984375,-0.0041961390525102615,0.5646722316741943,0.4456329345703125,0.04931545630097389,0.5616947412490845,0.45676642656326294,0.04382973536849022,0.5546596050262451,0.4788932204246521,0.03049972839653492,0.5660582184791565,0.4228147864341736,0.07763819396495819,0.5366235375404358,0.34653452038764954,-0.0017062942497432232,0.5411013960838318,0.3780965805053711,-0.01677721180021763,0.557461678981781,0.47406768798828125,0.044425081461668015,0.5732247829437256,0.3825019896030426,0.06497058272361755,0.5508584976196289,0.4409031569957733,0.008955555967986584,0.5522812604904175,0.4426925480365753,0.009671064093708992,0.5533620715141296,0.44527068734169006,0.010079788975417614,0.5540403723716736,0.4486978054046631,0.012172727845609188,0.5542094111442566,0.45281603932380676,0.01921328529715538,0.5550369620323181,0.4353451728820801,0.015615508891642094,0.5557832717895508,0.43394389748573303,0.01612575724720955,0.5564298629760742,0.43255823850631714,0.01633293740451336,0.5610566735267639,0.42383939027786255,0.017650732770562172,0.5735576748847961,0.3936063051223755,0.031084228307008743,0.5377124547958374,0.3683158755302429,-0.01386407669633627,0.532876193523407,0.34587764739990234,-0.008752827532589436,0.5346967577934265,0.34422096610069275,-0.004621185828000307,0.5541596412658691,0.436839759349823,0.016384292393922806,0.5723724365234375,0.4103061258792877,0.04559701681137085,0.5316892266273499,0.35046061873435974,-0.017486954107880592,0.5564519762992859,0.4573090672492981,0.025197848677635193,0.5382888913154602,0.37642765045166016,-0.023601651191711426,0.5462287068367004,0.3891483545303345,-0.012162326835095882,0.5516939759254456,0.46617746353149414,0.021117493510246277,0.5628660321235657,0.4371887445449829,0.030428316444158554,0.5556620955467224,0.4029183089733124,0.007241224404424429,0.5597516894340515,0.44764137268066406,0.028439583256840706,0.5665141940116882,0.394957572221756,0.013742810115218163,0.5613928437232971,0.4080837368965149,0.01230874378234148,0.5701724290847778,0.4043377935886383,0.023334819823503494,0.554176390171051,0.47319626808166504,0.02490866370499134,0.5477161407470703,0.391279011964798,-0.005678001791238785,0.5653029680252075,0.43959206342697144,0.039366111159324646,0.5616247653961182,0.4512588679790497,0.03614895045757294,0.5659181475639343,0.4262814521789551,0.029987573623657227,0.5743874907493591,0.3976176083087921,0.049908701330423355,0.5694729685783386,0.42292699217796326,0.03779302164912224,0.5725305676460266,0.39995720982551575,0.06678682565689087,0.5651220083236694,0.4151056408882141,0.019329028204083443,0.5433632731437683,0.38091009855270386,-0.009819215163588524,0.5516729354858398,0.4069759249687195,-0.016494130715727806,0.5526073575019836,0.4062497913837433,-0.008904572576284409,0.5504452586174011,0.4037238359451294,-0.022097118198871613,0.5367141962051392,0.33779090642929077,-0.010712251998484135,0.5453066825866699,0.32938846945762634,-0.009690716862678528,0.5529255867004395,0.32458633184432983,-0.006168522406369448,0.55853271484375,0.32246625423431396,-0.0006483657052740455,0.5615474581718445,0.32305288314819336,0.005119651090353727,0.5623822808265686,0.3328142762184143,0.018152181059122086,0.5715997815132141,0.3467369079589844,0.05548213794827461,0.5629037022590637,0.34815502166748047,0.015391441062092781,0.5592864155769348,0.3542446792125702,0.010572479106485844,0.5523963570594788,0.3577299416065216,0.006089036352932453,0.5452257394790649,0.35851603746414185,0.0021371732000261545,0.5399425029754639,0.3578023910522461,-0.0009281117818318307,0.5366705060005188,0.35718441009521484,-0.003216756507754326,0.5643113851547241,0.3431300222873688,0.07756905257701874,0.5517917275428772,0.40765154361724854,-0.005744856782257557,0.5440898537635803,0.3866599500179291,-0.018706761300563812,0.5501551628112793,0.4100038409233093,-0.021962814033031464,0.5473881959915161,0.41445839405059814,-0.019669124856591225,0.5493456721305847,0.41075044870376587,-0.01894388347864151,0.5506494641304016,0.4101410210132599,-0.0038298070430755615,0.5470945239067078,0.41598743200302124,-0.021217912435531616,0.5456298589706421,0.41738569736480713,-0.014150380156934261,0.5341162085533142,0.3493420481681824,-0.0026318328455090523,0.5337333679199219,0.3545209467411041,-0.0066840616054832935,0.534934401512146,0.3587775230407715,-0.010439708828926086,0.5588204264640808,0.33674848079681396,0.009081344120204449,0.5601053833961487,0.32917776703834534,0.009852021001279354,0.48802149295806885,0.3725627362728119,-0.01889290288090706,0.49500933289527893,0.36996689438819885,-0.01889290288090706,0.4862740933895111,0.3646227717399597,-0.01889290288090706,0.4809316396713257,0.3751582205295563,-0.01889290288090706,0.48976704478263855,0.380409836769104,-0.01889290288090706,0.5461235046386719,0.3430919051170349,0.003196610137820244,0.5509116053581238,0.3413018584251404,0.003196610137820244,0.5445143580436707,0.33614012598991394,0.003196610137820244,0.5412688255310059,0.3448028564453125,0.003196610137820244,0.547661304473877,0.3500466048717499,0.003196610137820244
3600.000000000005,0.5442973375320435,0.4440660774707794,-0.005568244494497776,0.5430805087089539,0.42078447341918945,-0.02700071968138218,0.5399718880653381,0.4258817136287689,-0.00998017005622387,0.5311812162399292,0.39479008316993713,-0.028555309399962425,0.5422554612159729,0.4133571982383728,-0.03075517900288105,0.5392301678657532,0.4020220935344696,-0.031213199719786644,0.529330849647522,0.3715733587741852,-0.024897413328289986,0.47787410020828247,0.380992591381073,-0.01732044480741024,0.5238307118415833,0.34813743829727173,-0.027265194803476334,0.5219829678535461,0.33665668964385986,-0.03198191151022911,0.5104382634162903,0.2880323529243469,-0.038129378110170364,0.5443974733352661,0.44664719700813293,-0.003987486474215984,0.5441122055053711,0.4492473900318146,-0.001472188625484705,0.5435374975204468,0.451071172952652,0.0025798198767006397,0.5433353185653687,0.45108574628829956,0.003422975307330489,0.5442051291465759,0.45456400513648987,0.004602391738444567,0.5447699427604675,0.4585554599761963,0.004873052705079317,0.5448110699653625,0.46265679597854614,0.007422814145684242,0.5436605215072632,0.4679298400878906,0.015226110816001892,0.5424438714981079,0.42383870482444763,-0.023247431963682175,0.5351802110671997,0.4252431094646454,-0.016735227778553963,0.43610063195228577,0.3482230305671692,-0.008461341261863708,0.4982152581214905,0.38079607486724854,-0.016960754990577698,0.49282845854759216,0.38412103056907654,-0.017990441992878914,0.48642170429229736,0.38637641072273254,-0.018069211393594742,0.47485390305519104,0.38377779722213745,-0.016283491626381874,0.5019490122795105,0.3766998052597046,-0.014952884055674076,0.48639771342277527,0.3646736741065979,-0.025559652596712112,0.4928300976753235,0.3635061979293823,-0.02376793511211872,0.48018184304237366,0.36726680397987366,-0.024764426052570343,0.4758746325969696,0.3706681430339813,-0.022979145869612694,0.47062239050865173,0.39022940397262573,-0.013176747597754002,0.5241767168045044,0.48534780740737915,0.018978536128997803,0.4743559956550598,0.37982112169265747,-0.016559921205043793,0.4429963529109955,0.38757047057151794,0.004428880754858255,0.4605601727962494,0.3857969641685486,-0.011219846084713936,0.5037522912025452,0.41855180263519287,-0.01125427521765232,0.5370988249778748,0.44530314207077026,-0.007167910225689411,0.5372663736343384,0.45141008496284485,-0.0026418843772262335,0.529009222984314,0.4495612382888794,-0.005709478631615639,0.5226022005081177,0.45246970653533936,-0.0027856396045535803,0.5302767157554626,0.4533062279224396,-0.0024123024195432663,0.5241749882698059,0.4546540379524231,0.00027965361368842423,0.5144103765487671,0.4625735282897949,0.008773759007453918,0.5384583473205566,0.42242538928985596,-0.027751397341489792,0.5369151830673218,0.41537320613861084,-0.03147801011800766,0.4659946858882904,0.36619728803634644,-0.026989953592419624,0.5113745331764221,0.3932482600212097,-0.015250143595039845,0.5204561352729797,0.42175576090812683,-0.018597928807139397,0.5184524655342102,0.4168216586112976,-0.018100697547197342,0.4826509952545166,0.42337802052497864,-0.010530540719628334,0.534096896648407,0.40463757514953613,-0.031179526820778847,0.4843243956565857,0.3560630679130554,-0.03393741697072983,0.4740781784057617,0.3600867986679077,-0.031645264476537704,0.44293639063835144,0.3321062922477722,-0.02157214656472206,0.5117201805114746,0.35658174753189087,-0.02983359433710575,0.49809420108795166,0.3640909194946289,-0.020023196935653687,0.5089226365089417,0.4575425982475281,0.0059758517891168594,0.4611484706401825,0.45810824632644653,0.0456271655857563,0.5251909494400024,0.4248580038547516,-0.014133615419268608,0.5302400588989258,0.4255720376968384,-0.011471466161310673,0.5129637718200684,0.45607075095176697,0.006236976478248835,0.5145120024681091,0.45616739988327026,0.005529840476810932,0.4685893952846527,0.3545343279838562,-0.031707704067230225,0.5196468830108643,0.42399096488952637,-0.014404429122805595,0.4968278408050537,0.35474300384521484,-0.03346870839595795,0.49505138397216797,0.3475750684738159,-0.036875415593385696,0.4721083343029022,0.30530643463134766,-0.04018154367804527,0.45486271381378174,0.342442125082016,-0.028253911063075066,0.4829564094543457,0.32385918498039246,-0.03966085612773895,0.4593397378921509,0.36223527789115906,-0.024717919528484344,0.4474349617958069,0.3555944561958313,-0.017842505127191544,0.5372148752212524,0.4486318826675415,-0.0056218430399894714,0.5296722054481506,0.4514939785003662,-0.004230452701449394,0.5234143733978271,0.4535595178604126,-0.001601340714842081,0.5263842940330505,0.4254716634750366,-0.011773113161325455,0.5137696266174316,0.4561164975166321,0.005920573603361845,0.5180516839027405,0.4578530192375183,0.004998291842639446,0.5152786374092102,0.45621249079704285,0.005598850082606077,0.5295609831809998,0.42326465249061584,-0.02242024429142475,0.5246762037277222,0.4555087983608246,0.0023007707204669714,0.5307037234306335,0.4545569121837616,0.0012487125350162387,0.5371665358543396,0.45313623547554016,0.0011170512298122048,0.5363383293151855,0.4705202579498291,0.013409287668764591,0.5376344323158264,0.46497756242752075,0.005444643087685108,0.5376229882240295,0.46077051758766174,0.003073864383623004,0.5374076962471008,0.4566514790058136,0.0028566387481987476,0.5370675921440125,0.4532385468482971,0.0019382918253540993,0.5245857834815979,0.45567822456359863,0.0029299550224095583,0.5240312218666077,0.4572753310203552,0.0033932621590793133,0.523327112197876,0.45949602127075195,0.003436705330386758,0.5227212905883789,0.46189361810684204,0.004712773486971855,0.5158388614654541,0.4448951780796051,-0.003977993968874216,0.44326692819595337,0.42001035809516907,0.038982633501291275,0.5413655042648315,0.4249345660209656,-0.01496515516191721,0.5198355913162231,0.4561026692390442,0.004383028484880924,0.5190074443817139,0.45689472556114197,0.004741022828966379,0.5326857566833496,0.4277516007423401,-0.01023979764431715,0.5213096737861633,0.42720910906791687,-0.007736891508102417,0.5315378308296204,0.42671024799346924,-0.01110095251351595,0.5057379603385925,0.3995169699192047,-0.013676241971552372,0.49671927094459534,0.4088500440120697,-0.013278709724545479,0.517180323600769,0.41970255970954895,-0.014148719608783722,0.45442521572113037,0.3177425265312195,-0.03251799941062927,0.4661518335342407,0.33151382207870483,-0.03522519767284393,0.48077744245529175,0.3490442931652069,-0.03586209565401077,0.5208519101142883,0.46690234541893005,0.009407451376318932,0.5093046426773071,0.3462524712085724,-0.03534480184316635,0.49919089674949646,0.3183816373348236,-0.03988753631711006,0.4901330769062042,0.29598039388656616,-0.041676510125398636,0.4795764982700348,0.38642773032188416,-0.017238961532711983,0.4642815589904785,0.39780041575431824,-0.010229279287159443,0.504059374332428,0.37376680970191956,-0.014132137410342693,0.46842002868652344,0.3750606179237366,-0.02019467204809189,0.5153031349182129,0.3873122036457062,-0.017447367310523987,0.5250868797302246,0.4192800223827362,-0.02393260784447193,0.45722371339797974,0.4051532745361328,-0.004296852741390467,0.4718581438064575,0.403462678194046,-0.012410843744874,0.48239290714263916,0.40497177839279175,-0.014377282932400703,0.49449414014816284,0.3996196389198303,-0.01383371651172638,0.5019314289093018,0.3929893672466278,-0.013511107303202152,0.507104754447937,0.38741302490234375,-0.014239989221096039,0.5237734913825989,0.3753748834133148,-0.024270344525575638,0.46254295110702515,0.4226610064506531,-0.0006525021744892001,0.4621582329273224,0.374976247549057,-0.019858308136463165,0.5395742058753967,0.4249323606491089,-0.023880885913968086,0.5147926807403564,0.4020312428474426,-0.01481227669864893,0.4341445863246918,0.3833693861961365,0.022144000977277756,0.511329710483551,0.3823264241218567,-0.015240434557199478,0.5152394771575928,0.4192220866680145,-0.008413301780819893,0.47139212489128113,0.37926387786865234,-0.016078101471066475,0.5227477550506592,0.41312170028686523,-0.0232082512229681,0.45052236318588257,0.43923819065093994,0.04350307583808899,0.5021550059318542,0.3718196451663971,-0.0142470458522439,0.5284152030944824,0.40830346941947937,-0.028486846014857292,0.4896087050437927,0.4764314889907837,0.025895951315760612,0.4879031479358673,0.4825191795825958,0.038219254463911057,0.4508548974990845,0.4232932925224304,0.018368016928434372,0.4770140051841736,0.4681205749511719,0.0273476243019104,0.44423991441726685,0.37025129795074463,-0.005776367615908384,0.5235109329223633,0.4922744035720825,0.024492211639881134,0.53903728723526,0.4255669414997101,-0.015179837122559547,0.509949266910553,0.4091322124004364,-0.012249006889760494,0.4530639052391052,0.3878245949745178,-0.007167187985032797,0.48663410544395447,0.3812945485115051,-0.018588338047266006,0.4923093616962433,0.3794228434562683,-0.018569251522421837,0.5171339511871338,0.4589521586894989,0.005784683395177126,0.4667503237724304,0.43811631202697754,0.007129584904760122,0.5343231558799744,0.4973617494106293,0.0315861776471138,0.5134298801422119,0.49354445934295654,0.03316975012421608,0.5023685693740845,0.48949286341667175,0.035034675151109695,0.5164555311203003,0.31211984157562256,-0.03647211194038391,0.5451852679252625,0.4935377836227417,0.034089576452970505,0.49635133147239685,0.3765830993652344,-0.017574695870280266,0.4995630085468292,0.3732801377773285,-0.015941422432661057,0.5014574527740479,0.37192219495773315,-0.014540258795022964,0.4546782076358795,0.3731690049171448,-0.01610344648361206,0.4979989528656006,0.37271648645401,-0.018879277631640434,0.4936547875404358,0.37549564242362976,-0.021242471411824226,0.48888522386550903,0.37774160504341125,-0.02236190252006054,0.48343464732170105,0.37901148200035095,-0.02198823355138302,0.4795372188091278,0.379476934671402,-0.020561467856168747,0.4333571493625641,0.36428457498550415,0.0072591910138726234,0.4817984998226166,0.38155296444892883,-0.017984671518206596,0.5404289364814758,0.43148085474967957,-0.0070810383185744286,0.5215495824813843,0.43936583399772644,-0.006293422542512417,0.5256161093711853,0.42427510023117065,-0.016767222434282303,0.5331476330757141,0.4345843195915222,-0.008522612042725086,0.5255844593048096,0.3589092791080475,-0.024170026183128357,0.5017759799957275,0.48325401544570923,0.026508651673793793,0.5124630331993103,0.4878886938095093,0.026115866377949715,0.5349065661430359,0.49362483620643616,0.0239694993942976,0.47429752349853516,0.47260722517967224,0.04268639162182808,0.5007412433624268,0.3717644214630127,-0.01632716692984104,0.5230545401573181,0.3906310796737671,-0.02308911457657814,0.5459725260734558,0.48965656757354736,0.02666577696800232,0.5241405367851257,0.49669817090034485,0.031085459515452385,0.4568251073360443,0.44031378626823425,0.024065351113677025,0.530627965927124,0.45473167300224304,0.001991547644138336,0.5303791761398315,0.45745205879211426,0.0025460163597017527,0.530184805393219,0.46077728271484375,0.002595970407128334,0.5300899744033813,0.46456605195999146,0.0043301149271428585,0.5281817317008972,0.4698690176010132,0.010303948074579239,0.5188644528388977,0.4554981291294098,0.002686293562874198,0.5179311633110046,0.4549899399280548,0.0019252753118053079,0.5170854926109314,0.45443686842918396,0.001115952036343515,0.5113363862037659,0.45107927918434143,-0.00032464510877616704,0.47945037484169006,0.44127655029296875,-0.00038212144863791764,0.5195057392120361,0.38087090849876404,-0.020569631829857826,0.508330762386322,0.36606845259666443,-0.017467020079493523,0.5033198595046997,0.3672953248023987,-0.0169599037617445,0.5198081135749817,0.4559926986694336,0.00401737354695797,0.48070064187049866,0.4583825469017029,0.013897746801376343,0.5165422558784485,0.3657325208187103,-0.022725220769643784,0.5257208347320557,0.4774465560913086,0.015157169662415981,0.5359595417976379,0.3919682204723358,-0.028872517868876457,0.527646541595459,0.3857877254486084,-0.02701227366924286,0.5328201055526733,0.3823481798171997,-0.026941057294607162,0.5212613940238953,0.40460723638534546,-0.020267382264137268,0.5457699298858643,0.4833908975124359,0.021159518510103226,0.544588029384613,0.4752041697502136,0.01837890036404133,0.5357877612113953,0.47836020588874817,0.016727741807699203,0.5088699460029602,0.4683138132095337,0.012023195624351501,0.510804295539856,0.4271731376647949,-0.006807807832956314,0.5167261362075806,0.4738685190677643,0.014133758842945099,0.49536260962486267,0.43169713020324707,-0.008689934387803078,0.5065473914146423,0.4373451769351959,-0.005335419904440641,0.4914237856864929,0.44537582993507385,-0.0022079958580434322,0.5354193449020386,0.48704802989959717,0.01885978691279888,0.5173197388648987,0.4089638292789459,-0.015793750062584877,0.5038245916366577,0.47563254833221436,0.017944343388080597,0.5139930248260498,0.480815589427948,0.019943397492170334,0.5023638606071472,0.4612080454826355,0.00745468121021986,0.4709015488624573,0.45028820633888245,0.014237827621400356,0.4928518235683441,0.4649234414100647,0.011401232331991196,0.46471476554870605,0.4552002251148224,0.02819175459444523,0.5029993653297424,0.4482063949108124,-0.0015344505663961172,0.518797755241394,0.3962043225765228,-0.018672164529561996,0.5278325080871582,0.4226864278316498,-0.024230362847447395,0.5230004191398621,0.4241912364959717,-0.017761826515197754,0.5309230089187622,0.4173896908760071,-0.02828352339565754,0.5038292407989502,0.36190545558929443,-0.022630810737609863,0.49466052651405334,0.3605356812477112,-0.02704513818025589,0.48617565631866455,0.36136916279792786,-0.028721779584884644,0.47839492559432983,0.36421850323677063,-0.02787710726261139,0.4722212553024292,0.36872780323028564,-0.02529045008122921,0.46697208285331726,0.3821210563182831,-0.014387639239430428,0.44609615206718445,0.4058196246623993,0.011320368386805058,0.4759949743747711,0.39335161447525024,-0.014213936403393745,0.4843440055847168,0.39432063698768616,-0.015187685377895832,0.49304696917533875,0.39121729135513306,-0.015082741156220436,0.4998512268066406,0.3862779438495636,-0.01456801500171423,0.5043797492980957,0.3814728260040283,-0.013611212372779846,0.5076563358306885,0.3780582547187805,-0.013634325005114079,0.43809449672698975,0.4013051688671112,0.032012663781642914,0.5225595235824585,0.4252258241176605,-0.014422585256397724,0.5261227488517761,0.3992345631122589,-0.025049209594726562,0.5334345102310181,0.42266619205474854,-0.02678895927965641,0.5355599522590637,0.4247993230819702,-0.022389110177755356,0.5324403047561646,0.42346930503845215,-0.02391665056347847,0.5237686634063721,0.42641574144363403,-0.011048722080886364,0.5374326705932617,0.4251721501350403,-0.023367198184132576,0.5369250774383545,0.42585819959640503,-0.015941398218274117,0.5052056908607483,0.37122830748558044,-0.0137212248519063,0.5100433230400085,0.37334057688713074,-0.014993186108767986,0.5142282843589783,0.37555378675460815,-0.017323391512036324,0.476836621761322,0.37971025705337524,-0.01884995773434639,0.47238487005233765,0.3746340274810791,-0.019900713115930557,0.5400399565696716,0.3908410966396332,-0.025007888674736023,0.5594018697738647,0.3435658812522888,0.008844777941703796,0.5455216765403748,0.4202514588832855,-0.013992710039019585,0.5624532103538513,0.2973252832889557,0.03210344910621643,0.5444759726524353,0.3574330508708954,-0.00017128190665971488,0.5502546429634094,0.35610681772232056,0.0021836094092577696,0.5556166768074036,0.35355833172798157,0.005281068850308657,0.5609662532806396,0.3444003462791443,0.011440946720540524,0.5397389531135559,0.3568592965602875,-0.0017212767852470279,0.5503979325294495,0.3348471522331238,-0.004284409340471029,0.5443731546401978,0.3384906053543091,-0.00697720842435956,0.5556783676147461,0.3329346776008606,-0.00019326606707181782,0.5589315295219421,0.3333241939544678,0.0035464197862893343,0.5651953816413879,0.3468479514122009,0.01663367822766304,0.5586523413658142,0.4663645625114441,0.030842483043670654,0.5608201622962952,0.34057846665382385,0.010819707065820694,0.5694339275360107,0.33359822630882263,0.045366253703832626,0.5674376487731934,0.33630508184432983,0.022316928952932358,0.5571073293685913,0.39471936225891113,0.00545415049418807,0.5492298007011414,0.43982118368148804,-0.0030395900830626488,0.5484230518341064,0.4463006258010864,0.0011383637320250273,0.5526901483535767,0.43829286098480225,0.002901255851611495,0.5547128915786743,0.4376301169395447,0.00910025741904974,0.5513097643852234,0.44371497631073,0.005015644244849682,0.5532526969909668,0.44171836972236633,0.010250563733279705,0.5589447021484375,0.4412105679512024,0.024154454469680786,0.5467436909675598,0.4183879494667053,-0.02547117881476879,0.546675980091095,0.41091373562812805,-0.02876579575240612,0.5643566846847534,0.321064293384552,0.004700597375631332,0.5432635545730591,0.3791539967060089,-0.004239204339683056,0.552203357219696,0.40735530853271484,-0.008366732858121395,0.5507208704948425,0.40242886543273926,-0.007543132174760103,0.569663405418396,0.38419806957244873,0.01733972132205963,0.5434949994087219,0.4004073739051819,-0.027740629389882088,0.5541579127311707,0.3235447406768799,-0.011979036033153534,0.5604397058486938,0.3204788565635681,-0.004114833660423756,0.5591373443603516,0.28609830141067505,0.014957332983613014,0.5336356163024902,0.3439869284629822,-0.022534871473908424,0.5394271016120911,0.34320881962776184,-0.00644691102206707,0.5615431070327759,0.4327026307582855,0.024690529331564903,0.5674359798431396,0.406622052192688,0.08309221267700195,0.5495299100875854,0.41367459297180176,-0.006531232036650181,0.5467263460159302,0.41835522651672363,-0.007642646320164204,0.5569356679916382,0.437382310628891,0.022331243380904198,0.5561075210571289,0.43846285343170166,0.01963799260556698,0.5608533620834351,0.3122396469116211,-0.0023235641419887543,0.5516650676727295,0.4096745252609253,-0.004406040534377098,0.5454333424568176,0.33091357350349426,-0.018354365602135658,0.544845700263977,0.32334643602371216,-0.02129792794585228,0.541968822479248,0.27838847041130066,-0.019311608746647835,0.5607980489730835,0.2993103265762329,0.004252428654581308,0.5441967248916626,0.2994949221611023,-0.02171868458390236,0.5648685693740845,0.3138386011123657,0.009214255958795547,0.5644923448562622,0.3073393404483795,0.018936047330498695,0.5490691661834717,0.44330719113349915,-0.001530189416371286,0.5521089434623718,0.44112998247146606,0.003812979208305478,0.554074764251709,0.43965858221054077,0.009211409837007523,0.5485731959342957,0.41538575291633606,-0.005611218046396971,0.5565121173858643,0.43794041872024536,0.020764965564012527,0.5555510520935059,0.4414587616920471,0.017434947192668915,0.5556585192680359,0.43903353810310364,0.01930689625442028,0.5491564869880676,0.41391363739967346,-0.015421848744153976,0.5524436235427856,0.4434666633605957,0.011763287708163261,0.5504181385040283,0.4458025395870209,0.008208688348531723,0.5475724935531616,0.44842004776000977,0.004972686525434256,0.5492340922355652,0.4640483856201172,0.017158718779683113,0.5498606562614441,0.45885175466537476,0.009431013837456703,0.5495829582214355,0.454858660697937,0.007259299512952566,0.5486644506454468,0.4512121081352234,0.006940537132322788,0.5473253130912781,0.4484153091907501,0.005813778843730688,0.5522881150245667,0.44339513778686523,0.012356504797935486,0.5534259080886841,0.44408392906188965,0.012793096713721752,0.5544556379318237,0.445305198431015,0.013170210644602776,0.5551835894584656,0.44700032472610474,0.015230673365294933,0.5576659440994263,0.4257263243198395,0.009844115935266018,0.5664991140365601,0.3650665581226349,0.08089837431907654,0.5538349747657776,0.44140273332595825,0.016327226534485817,0.5547809600830078,0.4413357675075531,0.016709493473172188,0.5455292463302612,0.4223334491252899,-0.006503724493086338,0.5505043864250183,0.4143059253692627,0.00011520384578034282,0.5461220145225525,0.42048314213752747,-0.00740843778476119,0.5482857823371887,0.3807581067085266,0.001027001067996025,0.557654857635498,0.38183364272117615,0.006607872433960438,0.551031768321991,0.40469151735305786,-0.0033034239895641804,0.5530027151107788,0.27931368350982666,-0.002723646815866232,0.5544803738594055,0.2960292398929596,-0.009084494784474373,0.5539279580116272,0.3150463402271271,-0.0126181086525321,0.5568212866783142,0.44898372888565063,0.021886009722948074,0.5333179831504822,0.33317336440086365,-0.02744077704846859,0.5319976806640625,0.30531802773475647,-0.030532654374837875,0.5283160209655762,0.2813014090061188,-0.031113125383853912,0.5594667196273804,0.34929317235946655,0.00885655265301466,0.5705040693283081,0.34884631633758545,0.022879349067807198,0.5369501113891602,0.3560410141944885,-0.0023157780524343252,0.5631240606307983,0.3317340612411499,0.010230130515992641,0.5399722456932068,0.3763730227947235,-0.008605964481830597,0.5511400103569031,0.40735796093940735,-0.015620571561157703,0.572691023349762,0.3541918694972992,0.0331764742732048,0.5704355239868164,0.3584018051624298,0.018624790012836456,0.5663806200027466,0.36669301986694336,0.01192820630967617,0.5568045377731323,0.37072989344596863,0.006204115692526102,0.548760712146759,0.37053781747817993,0.0016981770750135183,0.5431490540504456,0.36956655979156494,-0.0027876582462340593,0.5339933037757874,0.3708787262439728,-0.020499736070632935,0.5752608776092529,0.3719277083873749,0.03652006387710571,0.5657356977462769,0.3273296654224396,0.013537506572902203,0.5448094010353088,0.42230454087257385,-0.022044282406568527,0.545139729976654,0.3887139558792114,-0.004235847387462854,0.5647656321525574,0.32846885919570923,0.06537052243947983,0.538942277431488,0.36815348267555237,-0.00630771741271019,0.5500919818878174,0.40387704968452454,0.0023053770419210196,0.5617087483406067,0.33836549520492554,0.012712518684566021,0.5491150617599487,0.4013419449329376,-0.014742894098162651,0.5675305128097534,0.3849456310272217,0.08368530869483948,0.5364662408828735,0.35323160886764526,-0.0018738540820777416,0.5466568470001221,0.4000700116157532,-0.02235657535493374,0.5686206221580505,0.43557682633399963,0.05333920568227768,0.5655648112297058,0.44141632318496704,0.06640222668647766,0.5735090970993042,0.36802124977111816,0.05909695848822594,0.5714461207389832,0.4213480055332184,0.05979243293404579,0.5669933557510376,0.31901347637176514,0.03344134986400604,0.5592259764671326,0.4719734787940979,0.037446118891239166,0.5433166027069092,0.4235759377479553,-0.014046484604477882,0.549511194229126,0.3917219936847687,0.0007438035681843758,0.5695260763168335,0.3336036205291748,0.02975635975599289,0.5544190406799316,0.3490524888038635,0.004337359219789505,0.5494235754013062,0.35155031085014343,0.001703769899904728,0.5562020540237427,0.4418680965900421,0.019216854125261307,0.5755932331085205,0.387986421585083,0.04283994808793068,0.5532921552658081,0.48654037714004517,0.03878384828567505,0.5601418614387512,0.4667825996875763,0.05127308517694473,0.5624189376831055,0.4559282660484314,0.057869911193847656,0.5443695783615112,0.3524775505065918,-0.00026428524870425463,0.539704442024231,0.3523982763290405,-0.0010985721601173282,0.5372910499572754,0.35282689332962036,-0.0012008969206362963,0.5666584968566895,0.32150232791900635,0.019820190966129303,0.5409258604049683,0.35052216053009033,-0.003602894488722086,0.5461854934692383,0.349656343460083,-0.0034762027207762003,0.5515458583831787,0.3480924069881439,-0.0016452687559649348,0.5561569929122925,0.3456001877784729,0.001589556923136115,0.558652400970459,0.34362706542015076,0.0046415627002716064,0.564369797706604,0.3105936050415039,0.0497167743742466,0.5574964880943298,0.3461868166923523,0.006958814803510904,0.5537782311439514,0.4249047338962555,0.004245096817612648,0.5500224828720093,0.4129519462585449,-0.009558678604662418,0.546888530254364,0.42846378684043884,-0.004151317290961742,0.564946711063385,0.4490731656551361,0.04869615286588669,0.5618471503257751,0.4602147340774536,0.04357953742146492,0.5544528365135193,0.4824926257133484,0.030995555222034454,0.5668936967849731,0.4258197546005249,0.07611177861690521,0.5378612875938416,0.3518812358379364,-0.0026850798167288303,0.540162205696106,0.38305389881134033,-0.01711352728307247,0.5576772689819336,0.4773619472980499,0.044440630823373795,0.5737797021865845,0.3860275447368622,0.0630086213350296,0.5502201318740845,0.44577646255493164,0.00895921140909195,0.5515844225883484,0.44751647114753723,0.009745617397129536,0.5526115298271179,0.45003464818000793,0.010153107345104218,0.553265392780304,0.45335817337036133,0.0122313117608428,0.5537791848182678,0.4569011628627777,0.019260641187429428,0.5547454357147217,0.4399908185005188,0.015195990912616253,0.5554648637771606,0.43860575556755066,0.01563802734017372,0.5560828447341919,0.43727925419807434,0.01579873450100422,0.5604142546653748,0.428276389837265,0.016959169879555702,0.5733359456062317,0.39780884981155396,0.029703428968787193,0.5368858575820923,0.37325021624565125,-0.014303479343652725,0.5333274602890015,0.35187068581581116,-0.009459152817726135,0.5356293320655823,0.3499092757701874,-0.0055208969861269,0.553888201713562,0.44147437810897827,0.01600278727710247,0.5724723935127258,0.41413024067878723,0.044300373643636703,0.5310771465301514,0.3567594885826111,-0.018008440732955933,0.55615234375,0.4611847698688507,0.025271780788898468,0.5372828245162964,0.38150423765182495,-0.023819366469979286,0.5453270077705383,0.3940057158470154,-0.012485036626458168,0.5512560606002808,0.4700462818145752,0.021606482565402985,0.5626908540725708,0.44118523597717285,0.029879745095968246,0.5550137758255005,0.4074217677116394,0.006685861386358738,0.5595592856407166,0.4515201151371002,0.02819204144179821,0.5659748315811157,0.39945563673973083,0.012793892063200474,0.5607695579528809,0.41255059838294983,0.01158813200891018,0.569801926612854,0.40864723920822144,0.02227761782705784,0.5538030862808228,0.4769126772880554,0.025380169972777367,0.5468972325325012,0.39601582288742065,-0.006084483116865158,0.5653611421585083,0.44336265325546265,0.03875540941953659,0.5616040825843811,0.4549519419670105,0.03590899705886841,0.5656803250312805,0.43041837215423584,0.029185034334659576,0.5745769739151001,0.40140414237976074,0.04833357408642769,0.5694890022277832,0.42684900760650635,0.036825310438871384,0.5731077790260315,0.4033582806587219,0.06507129967212677,0.5646024346351624,0.4194868803024292,0.018513083457946777,0.5425161123275757,0.38573285937309265,-0.01025253627449274,0.5506221652030945,0.4118824899196625,-0.016658244654536247,0.5516611933708191,0.41101789474487305,-0.009129706770181656,0.5493103861808777,0.40876537561416626,-0.022172825410962105,0.5367138385772705,0.3441885709762573,-0.011613928712904453,0.5447767376899719,0.3357582688331604,-0.010878853499889374,0.5521479249000549,0.33069902658462524,-0.007615239825099707,0.557908296585083,0.32819831371307373,-0.00230463151820004,0.5615278482437134,0.3284059166908264,0.0033191568218171597,0.564218282699585,0.33766642212867737,0.016308408230543137,0.572012722492218,0.3505498766899109,0.05310725420713425,0.5642090439796448,0.3529011905193329,0.013782253488898277,0.5602004528045654,0.35900846123695374,0.009160873480141163,0.5532616376876831,0.3624705374240875,0.004899063613265753,0.5461585521697998,0.36326587200164795,0.0011491545010358095,0.5408227443695068,0.36266598105430603,-0.0017461577663198113,0.5374280214309692,0.36221712827682495,-0.003939328249543905,0.5649917721748352,0.346617192029953,0.07500796020030975,0.5509057641029358,0.4123464822769165,-0.005968537647277117,0.5430911779403687,0.3916592597961426,-0.018954245373606682,0.549006462097168,0.4149922728538513,-0.02197526954114437,0.5463266372680664,0.4193183183670044,-0.019563503563404083,0.5482563376426697,0.41566169261932373,-0.018967704847455025,0.5497965812683105,0.41479259729385376,-0.003982065711170435,0.5459852814674377,0.42086532711982727,-0.02108181267976761,0.5446186661720276,0.42215052247047424,-0.014006591401994228,0.5351912379264832,0.3547433912754059,-0.0034349425695836544,0.5343490839004517,0.35989660024642944,-0.007338588126003742,0.5348776578903198,0.3642577528953552,-0.010984147898852825,0.5600225329399109,0.34210601449012756,0.0074678268283605576,0.5610729455947876,0.3344678282737732,0.008142862468957901,0.4881240129470825,0.3772905468940735,-0.018221033737063408,0.49430137872695923,0.37502235174179077,-0.018221033737063408,0.486551433801651,0.36999303102493286,-0.018221033737063408,0.481801837682724,0.37962204217910767,-0.018221033737063408,0.4897215664386749,0.38452741503715515,-0.018221033737063408,0.5496684312820435,0.34841203689575195,0.0019072700524702668,0.5544756650924683,0.3463538587093353,0.0019072700524702668,0.5480935573577881,0.3417075276374817,0.0019072700524702668,0.5448487401008606,0.3504501283168793,0.0019072700524702668,0.5512126684188843,0.35510939359664917,0.0019072700524702668
3633.3333333333385,0.5435699820518494,0.4439447820186615,-0.004835737403482199,0.5423547625541687,0.42270034551620483,-0.027174439281225204,0.5393525958061218,0.4272807240486145,-0.009666157886385918,0.5306288003921509,0.39682286977767944,-0.029308343306183815,0.5415796041488647,0.415464848279953,-0.0311335027217865,0.5386514067649841,0.40415751934051514,-0.03183982893824577,0.5290011763572693,0.3733885586261749,-0.026209760457277298,0.4771972894668579,0.3805900812149048,-0.018196923658251762,0.5234397649765015,0.3497511148452759,-0.029176704585552216,0.5215802788734436,0.33835071325302124,-0.03428953140974045,0.5100127458572388,0.28881651163101196,-0.04175775498151779,0.543757975101471,0.44680142402648926,-0.0031743186991661787,0.5435662865638733,0.4497649669647217,-0.0005830485606566072,0.543047308921814,0.45184558629989624,0.003580639138817787,0.542847752571106,0.45190006494522095,0.004967483691871166,0.5437361001968384,0.45552411675453186,0.006295067258179188,0.5443191528320312,0.4596719443798065,0.006773798260837793,0.5443816781044006,0.4639521539211273,0.009667840786278248,0.543156087398529,0.4699673056602478,0.017945943400263786,0.5417385697364807,0.4255533218383789,-0.02329084649682045,0.53453528881073,0.426821231842041,-0.016610270366072655,0.43479427695274353,0.3480985462665558,-0.010352158918976784,0.49805569648742676,0.38087722659111023,-0.017849626019597054,0.4923761785030365,0.38404950499534607,-0.018809515982866287,0.4857795834541321,0.3862603008747101,-0.01885039545595646,0.47413936257362366,0.38353726267814636,-0.01704758033156395,0.5021774172782898,0.3769567608833313,-0.01592259667813778,0.48559337854385376,0.3647017180919647,-0.026827119290828705,0.4923981726169586,0.36345404386520386,-0.025138987228274345,0.4791533052921295,0.36737731099128723,-0.025930184870958328,0.47481536865234375,0.3708040118217468,-0.02405867911875248,0.46954745054244995,0.39028289914131165,-0.013789430260658264,0.5231600999832153,0.48642370104789734,0.022268349304795265,0.47361457347869873,0.37943342328071594,-0.017456568777561188,0.44175246357917786,0.38737812638282776,0.004010274540632963,0.4593212306499481,0.3858131766319275,-0.01192399300634861,0.5028499364852905,0.41961944103240967,-0.011104687117040157,0.5363699793815613,0.44505220651626587,-0.006362382788211107,0.536776065826416,0.4518339931964874,-0.0016691602068021894,0.5284083485603333,0.44947201013565063,-0.004714521579444408,0.5222284197807312,0.4524793028831482,-0.001540253753773868,0.5298799276351929,0.45363861322402954,-0.001325958059169352,0.523919939994812,0.4549001157283783,0.0015667915577068925,0.5134671926498413,0.4635428786277771,0.010990998707711697,0.5377197861671448,0.42434147000312805,-0.027896249666810036,0.5361922979354858,0.41748544573783875,-0.031810224056243896,0.46452704071998596,0.36669814586639404,-0.02834443561732769,0.5107345581054688,0.3943383991718292,-0.01582724042236805,0.5197006464004517,0.42322850227355957,-0.018541017547249794,0.5176954865455627,0.418242871761322,-0.018125195056200027,0.48152467608451843,0.42423588037490845,-0.010295356623828411,0.5334519743919373,0.4067452847957611,-0.031727228313684464,0.482735276222229,0.35652440786361694,-0.035696741193532944,0.47244545817375183,0.3606705367565155,-0.03324413672089577,0.4416096806526184,0.33244767785072327,-0.023988142609596252,0.5114201307296753,0.3564387559890747,-0.03169819340109825,0.4981169104576111,0.3640568256378174,-0.0213717520236969,0.5079712867736816,0.4582967162132263,0.007853311486542225,0.45991069078445435,0.4569089412689209,0.04766950383782387,0.5245305299758911,0.42626509070396423,-0.013990686275064945,0.5296247005462646,0.4269472658634186,-0.011235740035772324,0.513003945350647,0.45621436834335327,0.008024933747947216,0.5145344138145447,0.45633459091186523,0.007260391488671303,0.4669920802116394,0.35524362325668335,-0.03346646949648857,0.5189241170883179,0.42528045177459717,-0.014219273813068867,0.49563950300216675,0.35485559701919556,-0.03534599393606186,0.49372705817222595,0.347886323928833,-0.038969866931438446,0.471116840839386,0.3061758279800415,-0.04341796413064003,0.4536334276199341,0.3432782292366028,-0.030231835320591927,0.4820510447025299,0.3252478837966919,-0.04230296611785889,0.4580152928829193,0.3626849949359894,-0.02615482173860073,0.44621509313583374,0.3559931218624115,-0.019395167008042336,0.53660649061203,0.44871091842651367,-0.004734169691801071,0.529179573059082,0.4516139030456543,-0.003174136159941554,0.5230932235717773,0.4536835253238678,-0.0003289270680397749,0.5257576107978821,0.4268168807029724,-0.01158012542873621,0.5138059854507446,0.45627373456954956,0.007670721970498562,0.5180547833442688,0.458160936832428,0.0069422246888279915,0.5152917504310608,0.4563818573951721,0.007331703789532185,0.5288670659065247,0.42497870326042175,-0.022449353709816933,0.5244498252868652,0.4558352530002594,0.0036421334370970726,0.5303670167922974,0.4550378918647766,0.0024244997184723616,0.5367571711540222,0.45379534363746643,0.0021901174914091825,0.5356325507164001,0.4724764823913574,0.016176192089915276,0.5373395085334778,0.46610039472579956,0.00774310203269124,0.5373043417930603,0.46173378825187683,0.005082597024738789,0.5370622873306274,0.45748254656791687,0.00463266484439373,0.5366776585578918,0.4539278447628021,0.0035595803055912256,0.5244174599647522,0.45605364441871643,0.004664404317736626,0.5239176750183105,0.45770058035850525,0.005271534901112318,0.5232508182525635,0.45996958017349243,0.005479380488395691,0.5226773023605347,0.46244072914123535,0.006896277889609337,0.5149222612380981,0.44584307074546814,-0.0029043364338576794,0.4421052932739258,0.4186721444129944,0.039690665900707245,0.5407174229621887,0.4265022873878479,-0.014818231575191021,0.5197674632072449,0.456390917301178,0.006161403842270374,0.5189792513847351,0.4571917653083801,0.006618015933781862,0.5320195555686951,0.42911356687545776,-0.009846065193414688,0.5205747485160828,0.4283634126186371,-0.007365638855844736,0.5308941006660461,0.4280834496021271,-0.01081102155148983,0.5050389170646667,0.400467187166214,-0.014037529937922955,0.49584880471229553,0.4097963571548462,-0.013429312966763973,0.5164307951927185,0.4209749698638916,-0.0140442019328475,0.4532072842121124,0.3184167444705963,-0.03536548092961311,0.46502336859703064,0.3326804041862488,-0.037553608417510986,0.4791397452354431,0.3497183918952942,-0.03784088417887688,0.5199350714683533,0.468272864818573,0.011877988465130329,0.5087151527404785,0.3461594581604004,-0.03754246234893799,0.498531699180603,0.3197937607765198,-0.04272901639342308,0.4893952012062073,0.29686617851257324,-0.04514901340007782,0.47885948419570923,0.3861905336380005,-0.017998812720179558,0.46284452080726624,0.3979923725128174,-0.010632835328578949,0.5045266151428223,0.3740851581096649,-0.01517478097230196,0.4672812521457672,0.37518373131752014,-0.02121395245194435,0.5147279500961304,0.3886071741580963,-0.018191058188676834,0.5243101716041565,0.42103204131126404,-0.024041851982474327,0.45594680309295654,0.4054654836654663,-0.004399898461997509,0.4704954922199249,0.4037853479385376,-0.0126891378313303,0.48134464025497437,0.40546926856040955,-0.01466776430606842,0.49392804503440857,0.4001615047454834,-0.014237533323466778,0.501741886138916,0.3935556411743164,-0.014065408147871494,0.5072333216667175,0.3880259692668915,-0.01496906764805317,0.523352324962616,0.3771502375602722,-0.025475583970546722,0.4612395465373993,0.42296797037124634,-0.0002581431472208351,0.46085676550865173,0.37514790892601013,-0.020914999768137932,0.5388656258583069,0.42665526270866394,-0.023897787556052208,0.514100968837738,0.4032297730445862,-0.015163462609052658,0.43298372626304626,0.38239434361457825,0.021582037210464478,0.5116443037986755,0.3829219937324524,-0.0161448922008276,0.5144819617271423,0.4203094244003296,-0.008230510167777538,0.4706260561943054,0.3790534436702728,-0.016937192529439926,0.5219793319702148,0.41478338837623596,-0.02342931553721428,0.44928619265556335,0.43786993622779846,0.04487195611000061,0.502875030040741,0.3719572126865387,-0.015378035604953766,0.5277001857757568,0.41023480892181396,-0.028892457485198975,0.4884396195411682,0.4764988124370575,0.02860829420387745,0.486683189868927,0.48211920261383057,0.041029952466487885,0.4494905173778534,0.4229099452495575,0.019093142822384834,0.47578006982803345,0.4679434299468994,0.029718397185206413,0.4430195689201355,0.3703218698501587,-0.006795722059905529,0.5224658846855164,0.49317777156829834,0.028098974376916885,0.5383806228637695,0.42713189125061035,-0.015017218887805939,0.5091785788536072,0.41019099950790405,-0.012366795912384987,0.4518561065196991,0.3877924680709839,-0.007769590709358454,0.4859928488731384,0.3809688985347748,-0.019474919885396957,0.49182620644569397,0.37925562262535095,-0.019494039937853813,0.5171629190444946,0.4592716693878174,0.007783099077641964,0.46542611718177795,0.4382678270339966,0.00811497401446104,0.5333715081214905,0.49837878346443176,0.03537924215197563,0.5122830271720886,0.4937449097633362,0.036588575690984726,0.5011928081512451,0.4893872141838074,0.038171518594026566,0.5160640478134155,0.31336453557014465,-0.03945479542016983,0.5443810820579529,0.4946952760219574,0.037857141345739365,0.49620237946510315,0.37656858563423157,-0.018556902185082436,0.4998452067375183,0.37342360615730286,-0.016984479501843452,0.502027690410614,0.37211742997169495,-0.015641381964087486,0.4534543752670288,0.3732943832874298,-0.017146728932857513,0.49823692440986633,0.3724748194217682,-0.020107772201299667,0.4934670031070709,0.3749990463256836,-0.02247137576341629,0.48830389976501465,0.3771924674510956,-0.023537583649158478,0.4825887382030487,0.3785443603992462,-0.02307918667793274,0.4786594808101654,0.37911030650138855,-0.02157284878194332,0.43211501836776733,0.36374273896217346,0.0059759053401649,0.48112764954566956,0.38116389513015747,-0.018861183896660805,0.5397477149963379,0.43269580602645874,-0.006577076856046915,0.5206937789916992,0.44043949246406555,-0.005478033795952797,0.5249378681182861,0.4257807433605194,-0.01672046072781086,0.5323576927185059,0.4358198046684265,-0.00789586640894413,0.5252572894096375,0.36049211025238037,-0.02577998675405979,0.5006581544876099,0.4834851622581482,0.02961764670908451,0.5113452076911926,0.4884045422077179,0.029517680406570435,0.5339886546134949,0.49488121271133423,0.02770295925438404,0.47306227684020996,0.4718196392059326,0.045136768370866776,0.5013145208358765,0.37178683280944824,-0.01751161366701126,0.5224984288215637,0.3923441171646118,-0.023886987939476967,0.5452489256858826,0.49111461639404297,0.03034762106835842,0.5230581760406494,0.4973331093788147,0.03473713994026184,0.45541661977767944,0.4398423135280609,0.025399385020136833,0.5303344130516052,0.45525065064430237,0.00365909980610013,0.5301422476768494,0.4580584764480591,0.004385058768093586,0.5299859046936035,0.461475670337677,0.004647732246667147,0.5299263000488281,0.465409517288208,0.006602128501981497,0.527346134185791,0.47160619497299194,0.012951073236763477,0.5187726616859436,0.45567771792411804,0.004189283587038517,0.517813503742218,0.45511308312416077,0.003443666733801365,0.5169484615325928,0.4544993042945862,0.0026145766023546457,0.5103939175605774,0.4518727958202362,0.0010698841651901603,0.4782566428184509,0.4418076276779175,0.0005637452122755349,0.5190069079399109,0.38242796063423157,-0.021556029096245766,0.5087218284606934,0.3661830723285675,-0.0188723336905241,0.5037462115287781,0.3674153685569763,-0.018268577754497528,0.51971435546875,0.4562147855758667,0.005565259605646133,0.4795100688934326,0.4585866332054138,0.015685882419347763,0.5167456865310669,0.3659653961658478,-0.024219278246164322,0.5247644186019897,0.478753000497818,0.01817079447209835,0.5354735851287842,0.39402127265930176,-0.02971579134464264,0.5271691679954529,0.387711763381958,-0.028024522587656975,0.5324177742004395,0.3843082785606384,-0.028023913502693176,0.5205580592155457,0.40615108609199524,-0.020682314410805702,0.5450959801673889,0.48500150442123413,0.02458859235048294,0.5440011620521545,0.47698652744293213,0.021485770121216774,0.5349889993667603,0.47998905181884766,0.019898055121302605,0.5078408718109131,0.46901482343673706,0.014438934624195099,0.5099598169326782,0.4281902611255646,-0.006362010724842548,0.5156847834587097,0.47481590509414673,0.01692098192870617,0.4943547248840332,0.43271321058273315,-0.008121678605675697,0.5056256055831909,0.43831172585487366,-0.00451755803078413,0.4903772175312042,0.44610080122947693,-0.0011221235617995262,0.5345504879951477,0.4884536862373352,0.022326763719320297,0.5165809392929077,0.41026172041893005,-0.015989413484930992,0.5027377009391785,0.4761691689491272,0.020655062049627304,0.5128979682922363,0.48160025477409363,0.023037012666463852,0.5013353824615479,0.4618086516857147,0.009417756460607052,0.46960991621017456,0.45030680298805237,0.01574520394206047,0.49173876643180847,0.4653940200805664,0.013443201780319214,0.46336597204208374,0.45477792620658875,0.030127553269267082,0.5020518898963928,0.4489402174949646,-0.00030499804415740073,0.5181697607040405,0.3976500332355499,-0.01923362910747528,0.5271037817001343,0.42443525791168213,-0.02431044913828373,0.5222747921943665,0.4256749153137207,-0.01766667328774929,0.5301733613014221,0.41935044527053833,-0.028509626165032387,0.5037694573402405,0.36184483766555786,-0.02419513650238514,0.49392956495285034,0.3605773448944092,-0.028619136661291122,0.4850224554538727,0.36165741086006165,-0.03017924353480339,0.4770704209804535,0.3646339178085327,-0.02918761596083641,0.4709460139274597,0.3690680265426636,-0.026485977694392204,0.46595802903175354,0.3821331560611725,-0.0151898842304945,0.4447868764400482,0.40552982687950134,0.011491366662085056,0.4750027060508728,0.3934282958507538,-0.014766172505915165,0.48352938890457153,0.39452290534973145,-0.015750303864479065,0.4925553500652313,0.3914400637149811,-0.01569610834121704,0.49971944093704224,0.38656970858573914,-0.015292256139218807,0.5046113729476929,0.3818765878677368,-0.014468290843069553,0.5081203579902649,0.37850379943847656,-0.014590439386665821,0.43697917461395264,0.400088906288147,0.032074905931949615,0.5218687057495117,0.42657777667045593,-0.014247563667595387,0.52549147605896,0.4010716378688812,-0.025647757574915886,0.5327093601226807,0.4245408773422241,-0.02691391296684742,0.5348697304725647,0.426485538482666,-0.022390518337488174,0.5317432284355164,0.42522987723350525,-0.023983728140592575,0.523082971572876,0.42768120765686035,-0.010792206041514874,0.5367343425750732,0.42689093947410583,-0.023371528834104538,0.536284327507019,0.427420049905777,-0.01579410396516323,0.5057927966117859,0.3714941442012787,-0.014867868274450302,0.5106056928634644,0.3737074136734009,-0.016147928312420845,0.514634907245636,0.37603309750556946,-0.018451809883117676,0.4759935140609741,0.37936338782310486,-0.019811226055026054,0.4713995158672333,0.3746165335178375,-0.0208756010979414,0.5396233797073364,0.39278098940849304,-0.025859400629997253,0.5591877698898315,0.342794805765152,0.007262018509209156,0.5449575781822205,0.42181894183158875,-0.013952387496829033,0.5634849667549133,0.2959376573562622,0.02936592698097229,0.5444253087043762,0.356909841299057,-0.0014968806644901633,0.5500503778457642,0.35563308000564575,0.0008296428131870925,0.5553898811340332,0.3530430793762207,0.0038780171889811754,0.5607378482818604,0.3433936834335327,0.009924772195518017,0.5398507118225098,0.3562546968460083,-0.003036500420421362,0.550376296043396,0.33491605520248413,-0.006100159604102373,0.544574499130249,0.33861255645751953,-0.00879127811640501,0.5554972887039185,0.3327283561229706,-0.0020014753099530935,0.5586552023887634,0.3328326344490051,0.0017647603526711464,0.5649318695068359,0.34569260478019714,0.015218398533761501,0.5583029985427856,0.4670618772506714,0.03373309224843979,0.5606744885444641,0.33966344594955444,0.009179873391985893,0.5705327987670898,0.33214324712753296,0.04377998784184456,0.5672615170478821,0.33453282713890076,0.0206854697316885,0.5572178959846497,0.39519113302230835,0.005131172481924295,0.5484979152679443,0.4395769536495209,-0.0023843946401029825,0.5478752851486206,0.446815550327301,0.001965420553460717,0.5520994067192078,0.4382043182849884,0.0035804498475044966,0.5541441440582275,0.4377782940864563,0.009912099689245224,0.550757110118866,0.44420433044433594,0.005827312823385,0.5526845455169678,0.4421904981136322,0.011172388680279255,0.558707594871521,0.4417685568332672,0.02582903765141964,0.5460650324821472,0.4202592670917511,-0.0256874468177557,0.5460861325263977,0.4129437506198883,-0.029183004051446915,0.563890278339386,0.3198855221271515,0.0024656676687300205,0.543221116065979,0.37985649704933167,-0.00511270621791482,0.551912784576416,0.4085489511489868,-0.00863157119601965,0.5504980683326721,0.40353333950042725,-0.007891400717198849,0.5702180862426758,0.38407468795776367,0.016781900078058243,0.5430020093917847,0.40242716670036316,-0.028395207598805428,0.5538779497146606,0.32351502776145935,-0.014366287738084793,0.5600658655166626,0.3199371099472046,-0.006494630128145218,0.559877336025238,0.2852816581726074,0.011796392500400543,0.5337700843811035,0.34475216269493103,-0.024600572884082794,0.5397821664810181,0.3431868851184845,-0.008153991773724556,0.5613085031509399,0.4330662190914154,0.025918113067746162,0.5681008696556091,0.40451040863990784,0.08426227420568466,0.5491501688957214,0.41492101550102234,-0.006619470193982124,0.5462586879730225,0.41968807578086853,-0.007526597008109093,0.5563133358955383,0.43799495697021484,0.023547876626253128,0.5554851293563843,0.4390718340873718,0.02087046205997467,0.5604048371315002,0.3112778663635254,-0.0049161831848323345,0.551385223865509,0.4107167720794678,-0.004540496505796909,0.545340895652771,0.3313932418823242,-0.020651426166296005,0.544669508934021,0.3237970769405365,-0.023839810863137245,0.5423229336738586,0.27854296565055847,-0.022954516112804413,0.5614114999771118,0.29893893003463745,0.0013550766743719578,0.544511616230011,0.300115168094635,-0.024878589436411858,0.5643688440322876,0.3122061491012573,0.006829648278653622,0.5652832388877869,0.30646127462387085,0.016348501667380333,0.5484450459480286,0.4434303641319275,-0.0007969365105964243,0.5515487194061279,0.4413444697856903,0.004568192642182112,0.5535095930099487,0.43997201323509216,0.010082782246172428,0.5481886863708496,0.41661590337753296,-0.005611958913505077,0.5558933019638062,0.43855082988739014,0.021990975365042686,0.5549545288085938,0.44217246770858765,0.018930045887827873,0.5550601482391357,0.43961817026138306,0.02055872417986393,0.548669695854187,0.4154701828956604,-0.015672285109758377,0.5518563389778137,0.44405123591423035,0.012754273600876331,0.549872875213623,0.4464873671531677,0.009128695353865623,0.5470559597015381,0.44918951392173767,0.005904928781092167,0.548927366733551,0.4658137857913971,0.019781148061156273,0.5493573546409607,0.46009233593940735,0.011556980200111866,0.5490655303001404,0.4559391736984253,0.009098602458834648,0.5481372475624084,0.45216310024261475,0.008544749580323696,0.5467954277992249,0.4492214620113373,0.0072737499140203,0.5516963601112366,0.44405797123908997,0.013737756758928299,0.5528250932693481,0.4448355436325073,0.014324736781418324,0.5538521409034729,0.4461197257041931,0.014854020439088345,0.5545750260353088,0.44789907336235046,0.01702956110239029,0.5573462843894958,0.42637258768081665,0.010435093194246292,0.5675986409187317,0.3626648485660553,0.0806688517332077,0.5532445311546326,0.4420309364795685,0.017677420750260353,0.5541878938674927,0.44201698899269104,0.01816425658762455,0.5450292229652405,0.42365071177482605,-0.0062237209640443325,0.5502437949180603,0.41524699330329895,0.0002272845449624583,0.5456342101097107,0.4218136668205261,-0.007225821726024151,0.5483072400093079,0.38120609521865845,0.00027286840486340225,0.5578629970550537,0.3820793330669403,0.005917785223573446,0.5508172512054443,0.40564990043640137,-0.0035362616181373596,0.5535475611686707,0.2790132462978363,-0.006161029450595379,0.5549408197402954,0.29615548253059387,-0.012161849066615105,0.5535777807235718,0.31483519077301025,-0.015262914821505547,0.5566341280937195,0.44996172189712524,0.023920265957713127,0.533285915851593,0.3341263234615326,-0.02986939623951912,0.5320457816123962,0.3063042461872101,-0.03364580124616623,0.5283650755882263,0.28177231550216675,-0.03479186072945595,0.5592274069786072,0.3485099673271179,0.007400074973702431,0.5703288912773132,0.34747734665870667,0.02156510017812252,0.5372360944747925,0.3554162085056305,-0.0036625200882554054,0.5627983212471008,0.3306155800819397,0.008380698040127754,0.5398805737495422,0.3773486912250519,-0.009589681401848793,0.5507774949073792,0.40884894132614136,-0.01598513312637806,0.5737061500549316,0.35323211550712585,0.032026179134845734,0.5701321363449097,0.3576448857784271,0.017489828169345856,0.5660631656646729,0.36663129925727844,0.010917583480477333,0.5565426349639893,0.37088993191719055,0.005266367923468351,0.5486647486686707,0.3706307113170624,0.00074069231050089,0.5432382225990295,0.3697277307510376,-0.0038183375727385283,0.5337564945220947,0.3725161552429199,-0.021803105250000954,0.5762228965759277,0.37099429965019226,0.035856179893016815,0.5654279589653015,0.32577791810035706,0.011565303429961205,0.5441222190856934,0.42401576042175293,-0.022121049463748932,0.5450468063354492,0.3895580470561981,-0.004879605025053024,0.5660343766212463,0.32631975412368774,0.06383119523525238,0.5391722321510315,0.36851727962493896,-0.007454734295606613,0.5499256253242493,0.40463986992836,0.0021467572078108788,0.5614504218101501,0.3372073471546173,0.011059675365686417,0.5488324165344238,0.4027208089828491,-0.015219448134303093,0.5684551000595093,0.3825720548629761,0.08415117114782333,0.5368598699569702,0.35254955291748047,-0.003322121687233448,0.5462695956230164,0.4018111526966095,-0.022945499047636986,0.5687204003334045,0.4349042773246765,0.05520692467689514,0.565725564956665,0.4402792453765869,0.0685427337884903,0.5746179819107056,0.3663298785686493,0.05864568054676056,0.5718050599098206,0.42026761174201965,0.061176031827926636,0.5679784417152405,0.3178344964981079,0.031312234699726105,0.5587850213050842,0.47254621982574463,0.04061144217848778,0.5426872968673706,0.4251393973827362,-0.013917883858084679,0.5494871139526367,0.39232733845710754,0.0002602631866466254,0.5695546269416809,0.33142200112342834,0.028127295896410942,0.5541976094245911,0.34855368733406067,0.002843767637386918,0.5492822527885437,0.35108375549316406,0.00025196312344633043,0.5555950999259949,0.44262704253196716,0.020742926746606827,0.5764087438583374,0.38699355721473694,0.0427829883992672,0.552634060382843,0.4874197244644165,0.04239215329289436,0.5597599148750305,0.4665966331958771,0.05423250421881676,0.5622507333755493,0.455260306596756,0.0604533925652504,0.5443397760391235,0.35191163420677185,-0.0016990505391731858,0.539824903011322,0.3517121970653534,-0.0025209076702594757,0.5375609397888184,0.3521072566509247,-0.002637144410982728,0.5663989782333374,0.319406121969223,0.0177779458463192,0.5413979291915894,0.3504731059074402,-0.005216619931161404,0.5466969609260559,0.35001981258392334,-0.00516113918274641,0.5520192980766296,0.34848758578300476,-0.0033635254949331284,0.5564607381820679,0.3456542193889618,-0.00012270576553419232,0.5587565302848816,0.3433060646057129,0.002945779589936137,0.5656041502952576,0.3088136315345764,0.0475088432431221,0.5572594404220581,0.34556132555007935,0.005409853998571634,0.5533972382545471,0.42575204372406006,0.004699770361185074,0.5496236085891724,0.41427066922187805,-0.009736482053995132,0.5463333129882812,0.42960619926452637,-0.0036664006765931845,0.5647891759872437,0.4487250745296478,0.05109965801239014,0.5615547895431519,0.460243821144104,0.046400707215070724,0.5538679361343384,0.4835855960845947,0.034480128437280655,0.5673263669013977,0.42419153451919556,0.07778819650411606,0.5383114218711853,0.3513905107975006,-0.004213213454931974,0.5399147272109985,0.3845618665218353,-0.018071813508868217,0.5571457147598267,0.47774234414100647,0.047736212611198425,0.5747250914573669,0.3843224048614502,0.0631961077451706,0.5496556758880615,0.4465124309062958,0.010356772691011429,0.5510129332542419,0.4483634829521179,0.011300771497189999,0.5520302057266235,0.4509742259979248,0.011910592205822468,0.5526893734931946,0.45445480942726135,0.014192027971148491,0.5535864233970642,0.45831283926963806,0.021585440263152122,0.5541574358940125,0.4404953718185425,0.016253206878900528,0.5548836588859558,0.4390568733215332,0.016665708273649216,0.5555044412612915,0.4376522898674011,0.01676541194319725,0.5601086020469666,0.42875969409942627,0.0177561417222023,0.5738976001739502,0.39738067984580994,0.029776884242892265,0.5367236137390137,0.37457185983657837,-0.015448302961885929,0.5336971879005432,0.35187143087387085,-0.011064541526138783,0.5360488891601562,0.34958145022392273,-0.007120221853256226,0.5532960891723633,0.4420176148414612,0.01712108589708805,0.5728354454040527,0.4134695529937744,0.045181754976511,0.5313591957092285,0.35749709606170654,-0.01961921900510788,0.5559194684028625,0.46210190653800964,0.02793334797024727,0.5369569659233093,0.3833202123641968,-0.02491852082312107,0.5451036691665649,0.3952670097351074,-0.013120424002408981,0.5508591532707214,0.47148045897483826,0.024601073935627937,0.5625406503677368,0.4414052963256836,0.03168923780322075,0.5549143552780151,0.4080207347869873,0.006718158256262541,0.5593928098678589,0.4519864022731781,0.030497808009386063,0.5662264823913574,0.3997419774532318,0.012740259990096092,0.5606980919837952,0.41303738951683044,0.011876688338816166,0.5700181126594543,0.4086756110191345,0.022631101310253143,0.55328369140625,0.47814539074897766,0.02862589992582798,0.5467361807823181,0.3969789147377014,-0.006564329843968153,0.5652625560760498,0.44334182143211365,0.04079199582338333,0.5614084601402283,0.4552117586135864,0.03846187889575958,0.5655947923660278,0.4305265247821808,0.030439727008342743,0.5751909613609314,0.4003933370113373,0.04881832376122475,0.5696125030517578,0.42663660645484924,0.03808446601033211,0.5737906694412231,0.40184828639030457,0.06588521599769592,0.5644823312759399,0.41978874802589417,0.019098322838544846,0.5423510670661926,0.38689345121383667,-0.011046266183257103,0.5501742959022522,0.413436621427536,-0.016971854493021965,0.5513113737106323,0.41226547956466675,-0.009304650127887726,0.5488190054893494,0.4105663597583771,-0.02257896214723587,0.5370070934295654,0.34443962574005127,-0.013464908115565777,0.5448547005653381,0.3361091911792755,-0.012884268537163734,0.5519866943359375,0.3308650851249695,-0.009643608704209328,0.5576026439666748,0.32799315452575684,-0.004317816812545061,0.5611603856086731,0.32773083448410034,0.0013372492976486683,0.5639591217041016,0.3362128734588623,0.0146643603220582,0.5731515884399414,0.3489646315574646,0.05207075923681259,0.5638948082923889,0.352131724357605,0.01247818861156702,0.5599242448806763,0.3586673140525818,0.007947281002998352,0.5530412197113037,0.3622516393661499,0.003756143618375063,0.5460913181304932,0.36298465728759766,1.3122793461661786e-05,0.5409379601478577,0.36237749457359314,-0.002921716310083866,0.5376725792884827,0.362056702375412,-0.0051593785174191,0.5661908984184265,0.34428179264068604,0.07408898323774338,0.5505715608596802,0.41349029541015625,-0.006065533962100744,0.5427679419517517,0.3933027684688568,-0.019720589742064476,0.5484113097190857,0.4167790412902832,-0.02224716916680336,0.5457109212875366,0.42098531126976013,-0.01965273916721344,0.5476921200752258,0.41733071208000183,-0.019183384254574776,0.5494759678840637,0.4158969521522522,-0.003949143458157778,0.5453342199325562,0.42256081104278564,-0.021157104521989822,0.5440161228179932,0.42370977997779846,-0.013922212645411491,0.5356165170669556,0.3541831374168396,-0.004846096504479647,0.5347122550010681,0.35988321900367737,-0.008702005259692669,0.5351905226707458,0.3648044764995575,-0.012278303503990173,0.5599853992462158,0.34148791432380676,0.005796411074697971,0.5607647895812988,0.3336013853549957,0.006402144208550453,0.4878052771091461,0.3771945834159851,-0.01925850287079811,0.49420079588890076,0.3749362528324127,-0.01925850287079811,0.4862014651298523,0.36993715167045593,-0.01925850287079811,0.4813051223754883,0.3794873356819153,-0.01925850287079811,0.4894331395626068,0.3844078779220581,-0.01925850287079811,0.550429105758667,0.34801557660102844,0.0003395774692762643,0.555183470249176,0.3458358943462372,0.0003395774692762643,0.548682451248169,0.3414139747619629,0.0003395774692762643,0.5457119345664978,0.35012179613113403,0.0003395774692762643,0.552186131477356,0.3545951545238495,0.0003395774692762643
3666.666666666672,0.5404727458953857,0.4480070471763611,-0.00499519519507885,0.5403568148612976,0.425528883934021,-0.02793138660490513,0.5377299189567566,0.42995166778564453,-0.009963362477719784,0.5285768508911133,0.3988388180732727,-0.029739219695329666,0.539491593837738,0.4182277023792267,-0.03198367729783058,0.5366184115409851,0.4065904915332794,-0.032680269330739975,0.5273028612136841,0.37484127283096313,-0.02677075006067753,0.4759496748447418,0.3813786208629608,-0.01629992574453354,0.5218944549560547,0.3513750433921814,-0.029712028801441193,0.5199781656265259,0.3400493860244751,-0.034873686730861664,0.5085808038711548,0.2906196415424347,-0.042206328362226486,0.5407487750053406,0.45092183351516724,-0.0032622849103063345,0.5407525897026062,0.4538937509059906,-0.0005787409609183669,0.5404983758926392,0.4559171199798584,0.003750904928892851,0.5403351187705994,0.45602351427078247,0.00480329105630517,0.5411861538887024,0.4597472548484802,0.006166074424982071,0.5418117046356201,0.4639671742916107,0.00656246580183506,0.5420389175415039,0.46819427609443665,0.009391394443809986,0.5419983863830566,0.4726163446903229,0.017754117026925087,0.5398593544960022,0.4283032715320587,-0.02394726686179638,0.5325353145599365,0.42940935492515564,-0.016835356131196022,0.4348188638687134,0.34806081652641296,-0.007213593926280737,0.49652552604675293,0.3816564381122589,-0.01660934090614319,0.4908532202243805,0.38477256894111633,-0.017379026859998703,0.4843403398990631,0.38705283403396606,-0.01721671037375927,0.4729858338832855,0.38442564010620117,-0.015058509074151516,0.5006834268569946,0.3779759705066681,-0.014973820187151432,0.4838305115699768,0.3666449785232544,-0.025490136817097664,0.49067768454551697,0.3652959167957306,-0.024066928774118423,0.4775554835796356,0.3693634867668152,-0.024391235783696175,0.47341543436050415,0.37267860770225525,-0.022321728989481926,0.4684228003025055,0.3911101818084717,-0.011616954579949379,0.5217257738113403,0.4885311722755432,0.023248227313160896,0.4724183678627014,0.38034695386886597,-0.015478501096367836,0.441257506608963,0.38727036118507385,0.007542141713202,0.4583478271961212,0.386831134557724,-0.009408842772245407,0.5012221932411194,0.4210585951805115,-0.010032093152403831,0.533336877822876,0.4488086402416229,-0.006275354418903589,0.5341719388961792,0.4556941092014313,-0.0014339821645990014,0.5259027481079102,0.4527091383934021,-0.004273936152458191,0.5204225778579712,0.45538419485092163,-0.0008571878424845636,0.5278043746948242,0.4570733904838562,-0.0008525903685949743,0.5224745273590088,0.45794832706451416,0.002210287842899561,0.5117397904396057,0.4660997986793518,0.011955108493566513,0.5355467200279236,0.427106112241745,-0.028478605672717094,0.5338930487632751,0.4202098548412323,-0.03245364502072334,0.46326836943626404,0.36917462944984436,-0.026382850483059883,0.5091803073883057,0.39549195766448975,-0.015258613042533398,0.5175221562385559,0.42549386620521545,-0.018137836828827858,0.5156305432319641,0.4203450679779053,-0.017658615484833717,0.48018136620521545,0.425110787153244,-0.008380899205803871,0.5312584042549133,0.4091424345970154,-0.03227703273296356,0.4811963140964508,0.3596651554107666,-0.03467782586812973,0.4710295796394348,0.36358311772346497,-0.03179284557700157,0.44120728969573975,0.33295178413391113,-0.021414736285805702,0.5103299617767334,0.3598878085613251,-0.03165809065103531,0.4965306520462036,0.3658057749271393,-0.020420875400304794,0.5061869025230408,0.4609053432941437,0.009153945371508598,0.45968613028526306,0.45680147409439087,0.05158953741192818,0.5224473476409912,0.4286089539527893,-0.013666686601936817,0.5276508331298828,0.42943432927131653,-0.011264920234680176,0.5125966668128967,0.4587603211402893,0.009088332764804363,0.5141078233718872,0.45889246463775635,0.008143123239278793,0.4656530022621155,0.3581068813800812,-0.03179328516125679,0.5168819427490234,0.4275612533092499,-0.013744320720434189,0.49427539110183716,0.35823094844818115,-0.03478170186281204,0.4923309087753296,0.3512898087501526,-0.03842321038246155,0.469789981842041,0.30765676498413086,-0.04227859526872635,0.4526762068271637,0.34432804584503174,-0.028071053326129913,0.4803926646709442,0.3268999755382538,-0.04145544394850731,0.4569248557090759,0.36488911509513855,-0.023916346952319145,0.4456462264060974,0.35654693841934204,-0.016624508425593376,0.5337532758712769,0.45255520939826965,-0.0045823813416063786,0.5268769264221191,0.4549763798713684,-0.002719953190535307,0.5214446187019348,0.45666834712028503,0.00031356411636807024,0.5237388610839844,0.42920607328414917,-0.011392849497497082,0.5133872628211975,0.45882922410964966,0.008614936843514442,0.517210841178894,0.46093714237213135,0.007578787859529257,0.5148307681083679,0.45896634459495544,0.008165870793163776,0.5266828536987305,0.4274124801158905,-0.022448087111115456,0.5231803059577942,0.4589187502861023,0.004322368185967207,0.5285010933876038,0.4585103392601013,0.002993459114804864,0.5344188809394836,0.4576074182987213,0.0025772564113140106,0.5343126058578491,0.47505706548690796,0.016176946461200714,0.535007655620575,0.4700140655040741,0.007666180841624737,0.534866988658905,0.4657142162322998,0.005054438021034002,0.5346280336380005,0.4613933563232422,0.004705248400568962,0.5343407392501831,0.4577656388282776,0.0035967726726084948,0.5231460332870483,0.4591030776500702,0.005081347189843655,0.5225542783737183,0.4608083963394165,0.005677260458469391,0.5218365788459778,0.4630560576915741,0.005877607502043247,0.5212447643280029,0.46547919511795044,0.00734981382265687,0.5130898952484131,0.44835248589515686,-0.0021233714651316404,0.4421837031841278,0.4180355668067932,0.043890003114938736,0.5389517545700073,0.4291772246360779,-0.015230933204293251,0.519006073474884,0.4591453969478607,0.0067798905074596405,0.5181477665901184,0.4599829912185669,0.007233896292746067,0.5301609635353088,0.4317198395729065,-0.009865240193903446,0.5186960697174072,0.4307171702384949,-0.006935056298971176,0.5289745330810547,0.43063315749168396,-0.010849014855921268,0.5035539269447327,0.40159091353416443,-0.013148952275514603,0.4943729043006897,0.4108886122703552,-0.012196134775876999,0.514473557472229,0.42305856943130493,-0.013464943505823612,0.4523078203201294,0.3194398283958435,-0.0334952138364315,0.46367523074150085,0.3341340720653534,-0.03599853441119194,0.4776246249675751,0.352767676115036,-0.036659836769104004,0.5182802081108093,0.4707210958003998,0.012551946565508842,0.5075294971466064,0.34974685311317444,-0.03755199536681175,0.4968259036540985,0.32148033380508423,-0.042539920657873154,0.4879002869129181,0.2985766530036926,-0.04480624198913574,0.47759681940078735,0.3869872987270355,-0.016160691156983376,0.46180641651153564,0.3987092673778534,-0.008144600316882133,0.50308758020401,0.37532371282577515,-0.014290215447545052,0.466103196144104,0.37682655453681946,-0.01913899928331375,0.5131106376647949,0.3897910416126251,-0.017858784645795822,0.5220414400100708,0.4233928918838501,-0.0239492766559124,0.4548368752002716,0.4057005047798157,-0.001463500433601439,0.4691810607910156,0.40455663204193115,-0.010436956770718098,0.4796556532382965,0.40640023350715637,-0.012844983488321304,0.4921697974205017,0.40132904052734375,-0.012928882613778114,0.5001453161239624,0.39483651518821716,-0.013074377551674843,0.5056841969490051,0.38944774866104126,-0.014300170354545116,0.5215823650360107,0.37851861119270325,-0.02570725791156292,0.46017158031463623,0.4233081340789795,0.002684899838641286,0.4597702920436859,0.3767681419849396,-0.018597541376948357,0.5368655920028687,0.4293730854988098,-0.024410242214798927,0.5124282240867615,0.40471524000167847,-0.014591249637305737,0.43328607082366943,0.38180235028266907,0.025515882298350334,0.510138988494873,0.3845245838165283,-0.015684839338064194,0.5126981735229492,0.4222605228424072,-0.007492325734347105,0.46950748562812805,0.38021162152290344,-0.014863589778542519,0.5198313593864441,0.4169590473175049,-0.023283062502741814,0.449236661195755,0.4373984932899475,0.04901261255145073,0.5012489557266235,0.37315884232521057,-0.014398235827684402,0.5254810452461243,0.41251057386398315,-0.02912827953696251,0.48716750741004944,0.47761547565460205,0.031268488615751266,0.4857971668243408,0.4829745292663574,0.044018786400556564,0.4488926827907562,0.4227934777736664,0.022861355915665627,0.47479894757270813,0.4686119854450226,0.03287234902381897,0.4425491392612457,0.3704338073730469,-0.0035908473655581474,0.5211285948753357,0.4952552020549774,0.029350286349654198,0.5365139842033386,0.4298016428947449,-0.015341978520154953,0.5075759291648865,0.4116789996623993,-0.011547747068107128,0.4511829614639282,0.3885939121246338,-0.004868173506110907,0.4845583438873291,0.38156208395957947,-0.017805814743041992,0.49029937386512756,0.3797866106033325,-0.018021363765001297,0.5163177251815796,0.46202829480171204,0.008524153381586075,0.46445709466934204,0.4386437237262726,0.011109881103038788,0.5325096249580383,0.5005465745925903,0.03645055368542671,0.5111393928527832,0.4953702688217163,0.03860577568411827,0.5000914335250854,0.49066317081451416,0.04064193367958069,0.5145114660263062,0.31512966752052307,-0.039925768971443176,0.5439547896385193,0.4969777762889862,0.03843479976058006,0.4946346879005432,0.377155601978302,-0.01729441061615944,0.49830523133277893,0.3742366135120392,-0.015874028205871582,0.5004804134368896,0.37317129969596863,-0.014609534293413162,0.45267418026924133,0.3746251165866852,-0.014522031880915165,0.4962620437145233,0.37334057688713074,-0.01898738369345665,0.49140116572380066,0.37559905648231506,-0.02128443866968155,0.4863334000110626,0.377754807472229,-0.022156348451972008,0.48087239265441895,0.37924620509147644,-0.0214986614882946,0.47714298963546753,0.3799714744091034,-0.01983311027288437,0.4323636293411255,0.36334478855133057,0.0095643550157547,0.4797793924808502,0.3818364441394806,-0.017058318480849266,0.5381689071655273,0.43553194403648376,-0.006826256867498159,0.5188387036323547,0.443041056394577,-0.00496584502980113,0.522797703742981,0.42812204360961914,-0.016522910445928574,0.5305165648460388,0.4386162757873535,-0.007879273034632206,0.5237334966659546,0.3619011640548706,-0.026227636262774467,0.49923762679100037,0.4849679470062256,0.03177020698785782,0.509918212890625,0.49020642042160034,0.03122413344681263,0.5328772664070129,0.49721768498420715,0.02840281091630459,0.4725140631198883,0.4722030758857727,0.04861276596784592,0.4995426833629608,0.3729028105735779,-0.016481997445225716,0.5206247568130493,0.39393433928489685,-0.02392706461250782,0.5445762276649475,0.49357181787490845,0.030568083748221397,0.5219662189483643,0.4992840886116028,0.0363142192363739,0.45480674505233765,0.4398380517959595,0.029131188988685608,0.5284615755081177,0.4587104320526123,0.0039021156262606382,0.5281621813774109,0.4615550637245178,0.004641072358936071,0.527958333492279,0.46498510241508484,0.004871312528848648,0.5279062390327454,0.46887850761413574,0.006820965092629194,0.5258110165596008,0.4740843176841736,0.01328326016664505,0.5179548263549805,0.45842933654785156,0.004958604462444782,0.5168967247009277,0.4578290581703186,0.004266733303666115,0.5159427523612976,0.457171767950058,0.003509659320116043,0.508602499961853,0.4544467628002167,0.002168274251744151,0.4770655333995819,0.44256898760795593,0.0028603149112313986,0.5173030495643616,0.38369929790496826,-0.021494830027222633,0.5074639320373535,0.36808526515960693,-0.018331430852413177,0.5022836923599243,0.3690323233604431,-0.017455045133829117,0.5189845561981201,0.4590113162994385,0.006347293965518475,0.47835028171539307,0.4594042897224426,0.018345074728131294,0.5156270861625671,0.3683325946331024,-0.024154698476195335,0.5233019590377808,0.4809975028038025,0.018797583878040314,0.5335383415222168,0.3960851728916168,-0.03045487590134144,0.5252273082733154,0.3893914222717285,-0.028407033532857895,0.5305851101875305,0.3860327899456024,-0.028671732172369957,0.5186512470245361,0.40796738862991333,-0.020491961389780045,0.5442084074020386,0.48746225237846375,0.024633415043354034,0.542976975440979,0.4795006811618805,0.021464649587869644,0.5337164402008057,0.4824005663394928,0.02019072324037552,0.5060487389564514,0.4711913764476776,0.015739649534225464,0.5081599950790405,0.43010425567626953,-0.005491355899721384,0.5140411257743835,0.4769957363605499,0.01788073219358921,0.4927869439125061,0.43400728702545166,-0.006697332486510277,0.5038401484489441,0.4401601552963257,-0.0034527548123151064,0.4888830780982971,0.4473637044429779,0.000683820981066674,0.5333036184310913,0.490803062915802,0.022835109382867813,0.5147765278816223,0.41203927993774414,-0.015512173064053059,0.5010848641395569,0.4779059886932373,0.022422662004828453,0.5113006234169006,0.4835440516471863,0.024418912827968597,0.4995318353176117,0.4639027416706085,0.011031728237867355,0.46864718198776245,0.45077604055404663,0.01875866763293743,0.490200936794281,0.4668157398700714,0.015525354072451591,0.46264779567718506,0.45500683784484863,0.033713970333337784,0.5002989768981934,0.4509318768978119,0.0010226232698187232,0.516395092010498,0.39916250109672546,-0.018952175974845886,0.5248476266860962,0.42685651779174805,-0.02430325374007225,0.5200884938240051,0.4280027747154236,-0.017384571954607964,0.5278393626213074,0.42188990116119385,-0.028803639113903046,0.5024709105491638,0.36425626277923584,-0.023515915498137474,0.49240556359291077,0.3630237877368927,-0.027731092646718025,0.48337727785110474,0.3641285002231598,-0.029020676389336586,0.47552281618118286,0.36707034707069397,-0.027728769928216934,0.46960335969924927,0.3712497651576996,-0.02472573332488537,0.4649287462234497,0.3831946551799774,-0.012963319197297096,0.44420844316482544,0.4053671956062317,0.01519079227000475,0.4737771451473236,0.3942568004131317,-0.012751564383506775,0.48206785321235657,0.3954208195209503,-0.014079440385103226,0.491012305021286,0.3924236297607422,-0.014360358007252216,0.49819493293762207,0.38761579990386963,-0.01417072769254446,0.5031550526618958,0.3831118941307068,-0.013688920997083187,0.5067043900489807,0.3798813819885254,-0.013937556184828281,0.4371952712535858,0.39941728115081787,0.03617431968450546,0.5197808146476746,0.42891883850097656,-0.01390150934457779,0.5234723687171936,0.40297988057136536,-0.025748468935489655,0.5304341912269592,0.4271523952484131,-0.02724332921206951,0.532797634601593,0.4290749728679657,-0.02277461066842079,0.529567301273346,0.4277430772781372,-0.02421400509774685,0.5211192965507507,0.43007171154022217,-0.010498132556676865,0.5346836447715759,0.4295564591884613,-0.02383856661617756,0.5343391299247742,0.43004828691482544,-0.01607329398393631,0.5043034553527832,0.3729291260242462,-0.014062036760151386,0.5092524886131287,0.3752863109111786,-0.01564958319067955,0.5132155418395996,0.3778412640094757,-0.01823555864393711,0.4746173918247223,0.3803078234195709,-0.017971105873584747,0.47019779682159424,0.3761983811855316,-0.01894749328494072,0.5379230380058289,0.39480453729629517,-0.02677428163588047,0.5588345527648926,0.3440200984477997,0.005564657039940357,0.5435375571250916,0.42436254024505615,-0.014550283551216125,0.5645862817764282,0.2964474856853485,0.0268965195864439,0.5436033606529236,0.35848796367645264,-0.0025599815417081118,0.5494013428688049,0.3567901849746704,-0.0005083841388113797,0.5550159215927124,0.3542386293411255,0.0023053395561873913,0.560875654220581,0.345085084438324,0.008112752810120583,0.5388976335525513,0.35862481594085693,-0.0038997221272438765,0.550158679485321,0.3374871611595154,-0.007681577932089567,0.5440564751625061,0.3412017226219177,-0.010012481361627579,0.5554876923561096,0.3353637754917145,-0.0038346871733665466,0.5587536096572876,0.33544817566871643,-0.0001505024265497923,0.5657894015312195,0.3477405607700348,0.013302430510520935,0.5585741400718689,0.46955418586730957,0.03322272747755051,0.5605328679084778,0.34116387367248535,0.007389048580080271,0.5726073980331421,0.33246785402297974,0.04167003557085991,0.5688390135765076,0.33771607279777527,0.01857791654765606,0.5568848848342896,0.39710673689842224,0.004035257734358311,0.5457611680030823,0.4437966048717499,-0.0027768034487962723,0.5455011129379272,0.4510505795478821,0.0017921155085787177,0.550041139125824,0.4426124095916748,0.0029982493724673986,0.5525162816047668,0.4421153664588928,0.009205504320561886,0.5488741397857666,0.44847747683525085,0.005470790900290012,0.5511406064033508,0.4463958740234375,0.010716934688389301,0.5586129426956177,0.444780170917511,0.025026381015777588,0.5443081259727478,0.42303112149238586,-0.026590675115585327,0.5442997813224792,0.4156341552734375,-0.030200593173503876,0.5649917721748352,0.32483553886413574,8.309895201819018e-05,0.5424976944923401,0.38119375705718994,-0.006024844478815794,0.551257312297821,0.410885214805603,-0.009618245996534824,0.5499105453491211,0.40570735931396484,-0.00885954312980175,0.5705868601799011,0.38586875796318054,0.015027743764221668,0.541241466999054,0.4048106372356415,-0.029414409771561623,0.5540839433670044,0.32853975892066956,-0.01631474681198597,0.5606865882873535,0.3248714208602905,-0.008779874071478844,0.5603913068771362,0.2861745357513428,0.00931665487587452,0.5329248905181885,0.3497444689273834,-0.025539472699165344,0.5389441251754761,0.345882773399353,-0.009065240621566772,0.5613211393356323,0.43620288372039795,0.025021256878972054,0.5716512203216553,0.4050367474555969,0.08302583545446396,0.5483031272888184,0.4173131287097931,-0.007321485318243504,0.5451772212982178,0.42213740944862366,-0.00806531123816967,0.5554296970367432,0.44182920455932617,0.022773543372750282,0.5545008778572083,0.44295939803123474,0.020182976499199867,0.5612152814865112,0.31681233644485474,-0.007243085186928511,0.5508426427841187,0.41310960054397583,-0.00540446350350976,0.5449303388595581,0.3364688456058502,-0.022150197997689247,0.5443577170372009,0.32888415455818176,-0.025422047823667526,0.5416818857192993,0.28008997440338135,-0.0247376449406147,0.561699390411377,0.30024537444114685,-0.0009424653253518045,0.5436991453170776,0.3017909824848175,-0.026513077318668365,0.5656403303146362,0.31751877069473267,0.004408396780490875,0.5660756826400757,0.30743780732154846,0.014058336615562439,0.545863151550293,0.4476701021194458,-0.0011161958100274205,0.5495607256889343,0.44565248489379883,0.004093528725206852,0.551916778087616,0.4442160725593567,0.009498118422925472,0.5473038554191589,0.4190444052219391,-0.006257826462388039,0.5549556612968445,0.4424176514148712,0.021264374256134033,0.5538500547409058,0.4461340010166168,0.018198827281594276,0.5540346503257751,0.4435212314128876,0.019870074465870857,0.5474740266799927,0.41789793968200684,-0.016626574099063873,0.5504144430160522,0.4481596350669861,0.01240598876029253,0.5481071472167969,0.45066288113594055,0.008940503932535648,0.5448771715164185,0.45334362983703613,0.005882247816771269,0.5480526089668274,0.46855247020721436,0.019415630027651787,0.5474478006362915,0.4643932580947876,0.0111008295789361,0.546989381313324,0.46030354499816895,0.008681545034050941,0.5459831953048706,0.4564431309700012,0.008221420459449291,0.5446701049804688,0.4533977210521698,0.006942014209926128,0.5502548217773438,0.4481362998485565,0.013145176693797112,0.5514333248138428,0.44891464710235596,0.013732807710766792,0.5525528788566589,0.4501813054084778,0.01421964168548584,0.5533952116966248,0.4518544673919678,0.016345424577593803,0.5567060708999634,0.42937806248664856,0.009546254761517048,0.5709422826766968,0.3625812828540802,0.07904098182916641,0.5519940853118896,0.44603365659713745,0.01698511838912964,0.5529941320419312,0.4460168480873108,0.017466483637690544,0.5438245534896851,0.4262469410896301,-0.006730878725647926,0.5496432185173035,0.4177550971508026,-0.00037491845432668924,0.5444944500923157,0.42433279752731323,-0.007757654879242182,0.5478110313415527,0.3826449513435364,-0.0008007182623259723,0.5576280951499939,0.3837355673313141,0.0045252456329762936,0.5503297448158264,0.40787196159362793,-0.004413357470184565,0.5535083413124084,0.28025510907173157,-0.008416777476668358,0.5547218918800354,0.29770344495773315,-0.014194733463227749,0.5538328886032104,0.32005172967910767,-0.01725008524954319,0.5562756657600403,0.4528641402721405,0.023188453167676926,0.5325939655303955,0.33904406428337097,-0.03095429390668869,0.5307910442352295,0.3080282509326935,-0.03475945442914963,0.5272707939147949,0.28350335359573364,-0.03594091907143593,0.5591402053833008,0.3499293625354767,0.005655852612107992,0.5718269944190979,0.3496193587779999,0.01951209455728531,0.5361488461494446,0.35825932025909424,-0.004399412777274847,0.5635640621185303,0.33390218019485474,0.006244921125471592,0.5389314293861389,0.3786424398422241,-0.010453608818352222,0.5497753024101257,0.41122204065322876,-0.0170346237719059,0.5753896236419678,0.3540418744087219,0.02982238493859768,0.5713211297988892,0.35911819338798523,0.015498051419854164,0.5668872594833374,0.3676365911960602,0.009182109497487545,0.5568631887435913,0.37221378087997437,0.003876051399856806,0.5485047101974487,0.3724729120731354,-0.0003142766945529729,0.5427405834197998,0.37193822860717773,-0.004700105171650648,0.5322848558425903,0.3739126920700073,-0.022542033344507217,0.5778459310531616,0.3721601665019989,0.03374210745096207,0.5667126178741455,0.3297562897205353,0.009266108274459839,0.5423895120620728,0.4267329275608063,-0.022885087877511978,0.5443241000175476,0.39118653535842896,-0.005737779196351767,0.5685539841651917,0.3262600600719452,0.06181136518716812,0.5383902788162231,0.3709012567996979,-0.008205532096326351,0.5495238900184631,0.40677565336227417,0.0014734689611941576,0.5616891384124756,0.33942094445228577,0.009170539677143097,0.5479258298873901,0.40490397810935974,-0.016232801601290703,0.5720130205154419,0.3827042877674103,0.0826885998249054,0.5356910824775696,0.3553546965122223,-0.004049625247716904,0.5449038743972778,0.40407589077949524,-0.02401275746524334,0.5708622932434082,0.43661653995513916,0.0541958287358284,0.5684303045272827,0.4416702687740326,0.06767622381448746,0.5772480964660645,0.3668104410171509,0.05682056397199631,0.5743329524993896,0.4215969741344452,0.05995401740074158,0.5693432688713074,0.31842029094696045,0.02911943942308426,0.5595008134841919,0.47490859031677246,0.0401676781475544,0.5410596132278442,0.4277775287628174,-0.014395059086382389,0.5490252375602722,0.39408615231513977,-0.0006463743629865348,0.5714787840843201,0.33500027656555176,0.025943027809262276,0.5534087419509888,0.34928014874458313,0.0013565795961767435,0.5482986569404602,0.35183292627334595,-0.0010688380571082234,0.5545980930328369,0.4464973211288452,0.019985567778348923,0.5781356692314148,0.38828355073928833,0.040987852960824966,0.5529464483261108,0.4896826446056366,0.042555611580610275,0.5613507628440857,0.4685576558113098,0.05382543429732323,0.5644038319587708,0.4569748640060425,0.05982915684580803,0.5433001518249512,0.35311034321784973,-0.0028073578141629696,0.5387366414070129,0.35373979806900024,-0.00345153477974236,0.5364113450050354,0.354692280292511,-0.003447056980803609,0.5679567456245422,0.32391515374183655,0.015458032488822937,0.5402985215187073,0.3519553542137146,-0.006197759881615639,0.545547604560852,0.3504981994628906,-0.006400783080607653,0.5508995056152344,0.34859907627105713,-0.004821158945560455,0.5555998682975769,0.3460419476032257,-0.001778232865035534,0.558224618434906,0.34413230419158936,0.0012299444060772657,0.5673439502716064,0.3089989721775055,0.04523681849241257,0.5566813349723816,0.3465334177017212,0.003785239066928625,0.552632749080658,0.42864325642585754,0.0039215972647070885,0.5487005710601807,0.4166521728038788,-0.010518483817577362,0.5450656414031982,0.43245574831962585,-0.004182418342679739,0.5665804743766785,0.4507063627243042,0.050312355160713196,0.5629073977470398,0.4624212086200714,0.04581107199192047,0.5538890361785889,0.4860834777355194,0.034289103001356125,0.5705678462982178,0.4251708686351776,0.07669714093208313,0.5371630787849426,0.3537966310977936,-0.005060423631221056,0.5386115312576294,0.3861943185329437,-0.01893557980656624,0.5581055879592896,0.47990715503692627,0.047543965280056,0.577513575553894,0.38497844338417053,0.06160803139209747,0.5479218363761902,0.4506710469722748,0.009883422404527664,0.5493061542510986,0.45257410407066345,0.010812357068061829,0.5504176020622253,0.45520877838134766,0.011358981020748615,0.5512008666992188,0.45860055088996887,0.01358548179268837,0.5529977679252625,0.4611203968524933,0.020966045558452606,0.5528634190559387,0.444573312997818,0.01563114859163761,0.5536004900932312,0.4431374967098236,0.015941429883241653,0.5542270541191101,0.44176220893859863,0.015969207510352135,0.5597228407859802,0.43192586302757263,0.016793053597211838,0.5747972130775452,0.3991563022136688,0.028161196038126945,0.5355137586593628,0.37589821219444275,-0.01622828282415867,0.532564640045166,0.3551792502403259,-0.011632878333330154,0.5349491238594055,0.3525473177433014,-0.007879975251853466,0.5520480871200562,0.4460480511188507,0.016595594584941864,0.5744085311889648,0.41518324613571167,0.043847326189279556,0.530360758304596,0.3607691824436188,-0.02019903063774109,0.555783748626709,0.46472811698913574,0.027386708185076714,0.5353742241859436,0.38500627875328064,-0.025735976174473763,0.5440877079963684,0.3971518278121948,-0.01399852242320776,0.5502427220344543,0.4740842580795288,0.02431333065032959,0.5630665421485901,0.44410035014152527,0.030853766947984695,0.5546119809150696,0.41024720668792725,0.005871160421520472,0.5596694946289062,0.45462554693222046,0.029788745567202568,0.5661588907241821,0.4018300771713257,0.011429229751229286,0.560370147228241,0.4154573678970337,0.010831929743289948,0.5703750848770142,0.41085317730903625,0.02135775238275528,0.552945077419281,0.4806935489177704,0.028315667062997818,0.5460492372512817,0.3988598883152008,-0.0074113644659519196,0.5664253830909729,0.4456581175327301,0.0399203784763813,0.5622349381446838,0.45760291814804077,0.0378306545317173,0.5661249756813049,0.4332493543624878,0.029426563531160355,0.5770857334136963,0.4017641246318817,0.047300104051828384,0.5707905292510986,0.4288213551044464,0.036938101053237915,0.576629638671875,0.40275058150291443,0.06448537856340408,0.5643858909606934,0.42251670360565186,0.018001453951001167,0.5413492918014526,0.3884900212287903,-0.01192102674394846,0.5490479469299316,0.41588401794433594,-0.018001900985836983,0.5505385994911194,0.41465821862220764,-0.010199795477092266,0.5474271178245544,0.4130909740924835,-0.023709936067461967,0.5360598564147949,0.34811362624168396,-0.014318108558654785,0.5443439483642578,0.3396493196487427,-0.014217441901564598,0.5518582463264465,0.3342428505420685,-0.011374681256711483,0.5578449964523315,0.33134084939956665,-0.006371526513248682,0.5616757869720459,0.33119621872901917,-0.0008516659727320075,0.5648799538612366,0.33904245495796204,0.012657896615564823,0.5755731463432312,0.34929946064949036,0.05003872886300087,0.5644754767417908,0.3537335693836212,0.010669829323887825,0.5601676106452942,0.35997888445854187,0.006297719199210405,0.5529035925865173,0.3636457622051239,0.002370999427512288,0.5455971360206604,0.36484700441360474,-0.0009982656920328736,0.5401962995529175,0.36485177278518677,-0.003760469378903508,0.5367511510848999,0.3648103177547455,-0.005822604522109032,0.569216251373291,0.344143271446228,0.07229681313037872,0.5498797297477722,0.41591450572013855,-0.006857417523860931,0.5413801074028015,0.39525097608566284,-0.0206584632396698,0.5469398498535156,0.4193897545337677,-0.02324053645133972,0.5442068576812744,0.42357003688812256,-0.020423145964741707,0.5463088154792786,0.41985005140304565,-0.020093057304620743,0.5487329959869385,0.41838839650154114,-0.004594303667545319,0.543715238571167,0.42522624135017395,-0.02192905731499195,0.5425070524215698,0.4262986481189728,-0.014455157332122326,0.5344458818435669,0.35721296072006226,-0.005463489796966314,0.5336294770240784,0.3628091812133789,-0.009249028749763966,0.5341976881027222,0.3673853278160095,-0.012917092069983482,0.5596956014633179,0.34267979860305786,0.004024876281619072,0.5610458850860596,0.3362213671207428,0.004469644743949175,0.48719698190689087,0.37779587507247925,-0.01781582273542881,0.49395814538002014,0.3753853738307953,-0.01781582273542881,0.4855712950229645,0.36947986483573914,-0.01781582273542881,0.48023951053619385,0.38023167848587036,-0.01781582273542881,0.48877599835395813,0.3860132098197937,-0.01781582273542881,0.5494639873504639,0.34892702102661133,-0.0009832766372710466,0.5544306039810181,0.3464822769165039,-0.0009832766372710466,0.5477369427680969,0.34279775619506836,-0.0009832766372710466,0.5445181131362915,0.3513001501560211,-0.0009832766372710466,0.5511876344680786,0.3549823462963104,-0.0009832766372710466
3700.0000000000055,0.5366631746292114,0.4485052824020386,-0.004786093253642321,0.5389539003372192,0.42634066939353943,-0.02833346650004387,0.5364345908164978,0.4306066930294037,-0.009972041472792625,0.5271317958831787,0.39879098534584045,-0.030128486454486847,0.5380630493164062,0.4189131259918213,-0.032485656440258026,0.5352216362953186,0.40696486830711365,-0.033242423087358475,0.5260660648345947,0.37419813871383667,-0.027372341603040695,0.47206494212150574,0.3796361982822418,-0.015485747717320919,0.520726203918457,0.35047677159309387,-0.030408594757318497,0.5187966823577881,0.3390522301197052,-0.035715434700250626,0.5075148940086365,0.2887266278266907,-0.04328298568725586,0.5370469093322754,0.4516192078590393,-0.002999033546075225,0.5372335314750671,0.45477765798568726,-0.0002604480250738561,0.5371761918067932,0.4568867087364197,0.004160540644079447,0.53709477186203,0.4570065438747406,0.004957288503646851,0.5379441976547241,0.4609713554382324,0.006338927429169416,0.5386789441108704,0.46544140577316284,0.0067146155051887035,0.5391301512718201,0.4698505401611328,0.00954873114824295,0.5403574705123901,0.47349420189857483,0.018056079745292664,0.5384976863861084,0.42908281087875366,-0.024254055693745613,0.5310908555984497,0.42994827032089233,-0.01687232218682766,0.4333404004573822,0.34515106678009033,-0.006018159911036491,0.4939344525337219,0.38086405396461487,-0.016160588711500168,0.4877524971961975,0.3839263916015625,-0.01683214120566845,0.4809507429599762,0.3859778344631195,-0.016545495018363,0.469666987657547,0.38269054889678955,-0.014170409180223942,0.49866607785224915,0.37735849618911743,-0.014695681631565094,0.47977542877197266,0.36350303888320923,-0.025037666782736778,0.4874626398086548,0.3623746633529663,-0.023784196004271507,0.4730396270751953,0.3664141595363617,-0.02381075546145439,0.4688153564929962,0.37008795142173767,-0.02162877842783928,0.4654642939567566,0.3895890414714813,-0.010591461323201656,0.5198277235031128,0.48916444182395935,0.02429976500570774,0.468472957611084,0.3778618574142456,-0.014630050398409367,0.43963465094566345,0.38468483090400696,0.009375848807394505,0.4558704197406769,0.38504281640052795,-0.008229364641010761,0.4995621144771576,0.42041879892349243,-0.009464734233915806,0.529403030872345,0.4489140212535858,-0.005927955731749535,0.530636191368103,0.45622333884239197,-0.0009742171387188137,0.5222916603088379,0.4524569809436798,-0.003727261209860444,0.5172004699707031,0.45487135648727417,-0.000177422261913307,0.5244877338409424,0.4571615159511566,-0.00026637036353349686,0.519432544708252,0.45766371488571167,0.0028915174771100283,0.5098668336868286,0.46641892194747925,0.012873968109488487,0.5340566635131836,0.4277937710285187,-0.028785528615117073,0.5323342680931091,0.4208006262779236,-0.03284658491611481,0.45919257402420044,0.3667299747467041,-0.025642914697527885,0.5077859163284302,0.39459896087646484,-0.015098712407052517,0.5159712433815002,0.42554715275764465,-0.017860226333141327,0.5141308307647705,0.4202326834201813,-0.017371544614434242,0.4783228635787964,0.42393893003463745,-0.007361710537225008,0.5297583341598511,0.40942275524139404,-0.032672081142663956,0.4764343500137329,0.3569754958152771,-0.03454118221998215,0.46629205346107483,0.36088812351226807,-0.031392909586429596,0.4396839737892151,0.33021700382232666,-0.02066408470273018,0.5072580575942993,0.3577162027359009,-0.03204948455095291,0.4942096471786499,0.3635643422603607,-0.020188139751553535,0.5042945146560669,0.4611467123031616,0.010190055705606937,0.45797958970069885,0.45508459210395813,0.05405881628394127,0.5209359526634216,0.42880862951278687,-0.013397072441875935,0.5261973142623901,0.42979294061660767,-0.011165116913616657,0.5099851489067078,0.4578092694282532,0.010012468323111534,0.5114853382110596,0.45801374316215515,0.00897232536226511,0.46137094497680664,0.3557291626930237,-0.031302329152822495,0.5153689980506897,0.42760199308395386,-0.013393319211900234,0.4899298846721649,0.35568973422050476,-0.034902386367321014,0.48797091841697693,0.349048376083374,-0.03860989958047867,0.4682907462120056,0.3053366243839264,-0.04251762107014656,0.451084166765213,0.342200368642807,-0.027392957359552383,0.4788338541984558,0.32513415813446045,-0.04165412858128548,0.4535107910633087,0.3625775873661041,-0.023030200973153114,0.44407355785369873,0.35418832302093506,-0.015497147105634212,0.5299843549728394,0.4528880715370178,-0.004188866354525089,0.5233978033065796,0.45491495728492737,-0.0021532289683818817,0.5182939767837524,0.4562762677669525,0.0009851270588114858,0.5222498774528503,0.42945098876953125,-0.011196908541023731,0.510771632194519,0.4579184353351593,0.009473174810409546,0.5145033001899719,0.460315465927124,0.008283431641757488,0.5122112035751343,0.45812326669692993,0.00896389503031969,0.5251593589782715,0.4277508854866028,-0.02240690588951111,0.520258367061615,0.4587186276912689,0.005033981520682573,0.525346040725708,0.4587061107158661,0.003638151567429304,0.5311074256896973,0.4582388401031494,0.003118012333288789,0.5326062440872192,0.4757750630378723,0.016601115465164185,0.532006025314331,0.47121164202690125,0.007974916137754917,0.5316591262817383,0.46674108505249023,0.0053585972636938095,0.5313389301300049,0.46218952536582947,0.005024436861276627,0.5310654044151306,0.45836466550827026,0.003894699737429619,0.5202445983886719,0.4587879180908203,0.005611979402601719,0.5196488499641418,0.4605579078197479,0.006212672684341669,0.5189648270606995,0.4628788232803345,0.0064365919679403305,0.5184662342071533,0.4653889834880829,0.007964421063661575,0.5113397240638733,0.4486168920993805,-0.0014355207094922662,0.44076597690582275,0.4153709411621094,0.0462600402534008,0.5376306772232056,0.4298936724662781,-0.01534891314804554,0.5163064002990723,0.45852965116500854,0.007445200812071562,0.5154303312301636,0.45936086773872375,0.007910248823463917,0.5287431478500366,0.4321941137313843,-0.0097180912271142,0.5172063708305359,0.43084517121315,-0.006566999945789576,0.5275377035140991,0.4310455620288849,-0.010738298296928406,0.5021077990531921,0.4006441533565521,-0.01278742216527462,0.4927305281162262,0.40988489985466003,-0.011620906181633472,0.5129886269569397,0.4229236841201782,-0.013088533654808998,0.45076024532318115,0.3168850839138031,-0.033233240246772766,0.46207761764526367,0.33222514390945435,-0.035731419920921326,0.47303783893585205,0.35050758719444275,-0.03649406135082245,0.5164270997047424,0.4711006283760071,0.013340448960661888,0.5041098594665527,0.3475862741470337,-0.03806564211845398,0.4954202473163605,0.3198266327381134,-0.04313817247748375,0.48656097054481506,0.29644283652305603,-0.04548623412847519,0.474186509847641,0.38566136360168457,-0.015363270416855812,0.45914334058761597,0.3972782492637634,-0.006915284786373377,0.501518726348877,0.3747815489768982,-0.014042928814888,0.462416410446167,0.3745823800563812,-0.01828126423060894,0.5117377042770386,0.3889344334602356,-0.017852002754807472,0.5204572081565857,0.4236017167568207,-0.023887280374765396,0.4529954493045807,0.40363553166389465,7.418425229843706e-05,0.46592432260513306,0.4032360911369324,-0.00932327937334776,0.4761466979980469,0.4051370322704315,-0.011970585212111473,0.48905256390571594,0.4000599682331085,-0.012347997166216373,0.4975524842739105,0.3936419188976288,-0.012687710113823414,0.5034373998641968,0.3883149027824402,-0.01411911379545927,0.5202433466911316,0.37779417634010315,-0.026105687022209167,0.458295077085495,0.4215397536754608,0.004320875741541386,0.45659053325653076,0.3746575117111206,-0.01760466955602169,0.535439670085907,0.43007412552833557,-0.024638857692480087,0.5110234022140503,0.40411803126335144,-0.014370912685990334,0.43197354674339294,0.3787637948989868,0.027509937062859535,0.5081235766410828,0.38341885805130005,-0.015641938894987106,0.5112581253051758,0.42200183868408203,-0.007035762071609497,0.46592482924461365,0.37816253304481506,-0.013952602632343769,0.5183061361312866,0.4169701933860779,-0.02322281152009964,0.44767701625823975,0.4351097643375397,0.05147267505526543,0.5000038743019104,0.37226730585098267,-0.014116209000349045,0.5239290595054626,0.41265586018562317,-0.029321685433387756,0.4851629137992859,0.4771721065044403,0.03318094089627266,0.4838065207004547,0.48249366879463196,0.04602169990539551,0.4471619725227356,0.42060136795043945,0.025067882612347603,0.47284477949142456,0.4676901400089264,0.03502911701798439,0.44093745946884155,0.36788636445999146,-0.0020844521932303905,0.5192331671714783,0.49598872661590576,0.030623706057667732,0.5351380705833435,0.43047210574150085,-0.015410576947033405,0.5061190128326416,0.4110519289970398,-0.011148578487336636,0.44937920570373535,0.3867180049419403,-0.0034474253188818693,0.4807891547679901,0.38067883253097534,-0.017131252214312553,0.48689356446266174,0.3791225552558899,-0.017458831891417503,0.5136529207229614,0.46140530705451965,0.009300987236201763,0.46256223320961,0.4370952844619751,0.01289804931730032,0.5308060646057129,0.5015364289283752,0.037506721913814545,0.5091825723648071,0.4957495331764221,0.040159136056900024,0.4980888068675995,0.49066054821014404,0.042403776198625565,0.5133662819862366,0.31368711590766907,-0.040889106690883636,0.542515754699707,0.4981667399406433,0.03923708572983742,0.49183452129364014,0.37647539377212524,-0.016842570155858994,0.4962370693683624,0.37362751364707947,-0.015508654527366161,0.4989778399467468,0.3725103437900543,-0.01429666206240654,0.45033806562423706,0.3725254535675049,-0.013344657607376575,0.4936118423938751,0.36997926235198975,-0.0186329148709774,0.4877031147480011,0.37051233649253845,-0.020886195823550224,0.4819597005844116,0.372183620929718,-0.021657340228557587,0.4761975109577179,0.37424731254577637,-0.02088295854628086,0.47256171703338623,0.37594321370124817,-0.019124293699860573,0.43094751238822937,0.36033645272254944,0.011181216686964035,0.4758971035480499,0.3805733621120453,-0.01629779115319252,0.5368021130561829,0.436363160610199,-0.00675300695002079,0.5172217488288879,0.44339707493782043,-0.004445934202522039,0.5212742686271667,0.428335964679718,-0.01635928265750408,0.529007077217102,0.4392760992050171,-0.007649697363376617,0.5225632786750793,0.36101362109184265,-0.026826292276382446,0.4972434341907501,0.4849519431591034,0.03346782550215721,0.5079402923583984,0.4906034469604492,0.032723862677812576,0.5311375856399536,0.49825382232666016,0.029386945068836212,0.47064706683158875,0.47116008400917053,0.05089964345097542,0.4979166090488434,0.3712289035320282,-0.016185598447918892,0.5191983580589294,0.39346984028816223,-0.024135654792189598,0.5430887341499329,0.4948229193687439,0.03127283602952957,0.5200999975204468,0.5000049471855164,0.03763585537672043,0.4530016779899597,0.4379568099975586,0.031447842717170715,0.5253337621688843,0.4588218331336975,0.004327335394918919,0.5250214338302612,0.46179407835006714,0.005082437768578529,0.524872362613678,0.4653830826282501,0.005326761398464441,0.5249783396720886,0.4694555103778839,0.0073034316301345825,0.5240091681480408,0.4746139645576477,0.01389333140105009,0.5151914954185486,0.4578154683113098,0.0057220677845180035,0.5140975117683411,0.45714834332466125,0.00505672674626112,0.5131167769432068,0.45642659068107605,0.004323781467974186,0.5067585706710815,0.4546926021575928,0.003031735774129629,0.475143164396286,0.4414624571800232,0.004237397573888302,0.5159446001052856,0.3829008936882019,-0.021680783480405807,0.5058190822601318,0.3668356239795685,-0.018326938152313232,0.5006874799728394,0.3678150177001953,-0.01729484088718891,0.5162988305091858,0.45847803354263306,0.007121650036424398,0.47640180587768555,0.4584891200065613,0.02008419670164585,0.513638436794281,0.36684450507164,-0.024443520233035088,0.5214501023292542,0.4815497398376465,0.019621508195996284,0.532190203666687,0.3961086869239807,-0.03102382831275463,0.5238248109817505,0.38901573419570923,-0.028847992420196533,0.5292827486991882,0.3857257664203644,-0.029263321310281754,0.5171936750411987,0.4076938033103943,-0.02046872489154339,0.542647659778595,0.4886072874069214,0.025169765576720238,0.5413777828216553,0.4804871678352356,0.021916285157203674,0.531982421875,0.4832039773464203,0.02082693763077259,0.5040562748908997,0.4713262915611267,0.016843430697917938,0.5065615773200989,0.4298386871814728,-0.004922246094793081,0.5121128559112549,0.47732973098754883,0.018850335851311684,0.49092620611190796,0.4332984387874603,-0.005888138432055712,0.5020498037338257,0.4398993253707886,-0.0027333342004567385,0.4869369864463806,0.44667378067970276,0.0017945909639820457,0.5315390825271606,0.49174124002456665,0.02364281564950943,0.5133564472198486,0.4116920530796051,-0.015280665829777718,0.4990575909614563,0.47789543867111206,0.023823199793696404,0.5093127489089966,0.4838988184928894,0.025660132989287376,0.497528076171875,0.4638426899909973,0.012225145474076271,0.46673181653022766,0.44946497678756714,0.02066713012754917,0.48818251490592957,0.4663982391357422,0.0169755257666111,0.46076908707618713,0.4535309076309204,0.03606293722987175,0.4983943998813629,0.4507443606853485,0.0019550893921405077,0.514980137348175,0.39862051606178284,-0.018931007012724876,0.5232833623886108,0.427163302898407,-0.024273324757814407,0.518530547618866,0.42815905809402466,-0.01715882495045662,0.5262489914894104,0.42228925228118896,-0.02897314354777336,0.49998876452445984,0.36228811740875244,-0.023485418409109116,0.48878681659698486,0.3603692352771759,-0.027601463720202446,0.4789592921733856,0.36139294505119324,-0.028736883774399757,0.4708191454410553,0.36444637179374695,-0.027261892333626747,0.4651501476764679,0.3687664866447449,-0.02409122884273529,0.46189889311790466,0.3814052641391754,-0.011953623965382576,0.442514032125473,0.40292662382125854,0.017246844246983528,0.4704621732234955,0.39284467697143555,-0.011805791407823563,0.478773295879364,0.39414551854133606,-0.013336150906980038,0.488008588552475,0.39125552773475647,-0.013807727955281734,0.49569445848464966,0.38656455278396606,-0.013747166842222214,0.5011398792266846,0.38223329186439514,-0.013476276770234108,0.5050252676010132,0.37905868887901306,-0.013797380961477757,0.4358845353126526,0.3965196907520294,0.038392700254917145,0.5182578563690186,0.42906638979911804,-0.013619999401271343,0.5219963192939758,0.40281450748443604,-0.025927511975169182,0.5288838744163513,0.4276653528213501,-0.02741364575922489,0.5313253402709961,0.4296245574951172,-0.02293320745229721,0.5280629396438599,0.4281832277774811,-0.024311989545822144,0.5196239352226257,0.4302709698677063,-0.010226203128695488,0.5332261323928833,0.43019354343414307,-0.024037646129727364,0.5329262018203735,0.4306516647338867,-0.016125911846756935,0.5029967427253723,0.37227916717529297,-0.013867846690118313,0.5077978372573853,0.37438124418258667,-0.015624192543327808,0.5113736391067505,0.37667638063430786,-0.018357574939727783,0.4702944755554199,0.377082884311676,-0.017196960747241974,0.4660477638244629,0.3738798499107361,-0.01814245618879795,0.5367001891136169,0.39487412571907043,-0.027422307059168816,0.5573603510856628,0.3421715199947357,0.004398193676024675,0.5424135327339172,0.425070196390152,-0.014792808331549168,0.5657166242599487,0.2947864830493927,0.02533387579023838,0.5417726039886475,0.35815945267677307,-0.003358387853950262,0.5479476451873779,0.355841726064682,-0.0014550731284543872,0.5537704825401306,0.3529491126537323,0.0012224959209561348,0.5593240857124329,0.3439258635044098,0.006904923357069492,0.5368595123291016,0.35878628492355347,-0.004587740171700716,0.5493344068527222,0.3349413275718689,-0.008842323906719685,0.5426172018051147,0.3392793834209442,-0.011000092141330242,0.5550582408905029,0.3327624499797821,-0.005131190177053213,0.5583562850952148,0.3331787586212158,-0.0014917482621967793,0.5645588636398315,0.34747976064682007,0.012095635756850243,0.5578039884567261,0.47078937292099,0.03340675309300423,0.5588218569755554,0.3392353355884552,0.006170175038278103,0.5738566517829895,0.3313310742378235,0.04034874588251114,0.5672394633293152,0.33848151564598083,0.017217464745044708,0.5563980937004089,0.3973105847835541,0.003419777611270547,0.5423628687858582,0.4442131817340851,-0.002728161169216037,0.5424374341964722,0.4519643187522888,0.001988697797060013,0.5473967790603638,0.4431697130203247,0.0029251680243760347,0.5504029989242554,0.4428209960460663,0.009047474712133408,0.5463399887084961,0.44931885600090027,0.005541824270039797,0.5490593314170837,0.4471719563007355,0.010718882083892822,0.5577937364578247,0.4459541141986847,0.02487788163125515,0.5430252552032471,0.4238766133785248,-0.027071665972471237,0.5430163145065308,0.41636377573013306,-0.030799968168139458,0.5656465291976929,0.3234822750091553,-0.001611946034245193,0.5418176054954529,0.3807511329650879,-0.00667418772354722,0.5504486560821533,0.41146737337112427,-0.010125978849828243,0.5491407513618469,0.4061276316642761,-0.009385338053107262,0.5706408023834229,0.38603341579437256,0.014058586210012436,0.5399954915046692,0.4052218496799469,-0.030067408457398415,0.5551446676254272,0.32534119486808777,-0.017815345898270607,0.5617964863777161,0.32229480147361755,-0.010464206337928772,0.5610596537590027,0.28460896015167236,0.007577791810035706,0.5327553153038025,0.34750616550445557,-0.026454640552401543,0.5369740724563599,0.3447864055633545,-0.00986361876130104,0.5606973171234131,0.43747323751449585,0.024771448224782944,0.573340654373169,0.40475648641586304,0.08295176178216934,0.5473752617835999,0.41793256998062134,-0.007653058506548405,0.5441352725028992,0.42277294397354126,-0.008261967450380325,0.5541683435440063,0.4425068497657776,0.022593891248106956,0.5531638860702515,0.4436306357383728,0.020051000639796257,0.5626186728477478,0.31500479578971863,-0.009013771079480648,0.5500657558441162,0.4136895537376404,-0.005816394463181496,0.5456733107566833,0.33334189653396606,-0.02341470494866371,0.5457381010055542,0.32586556673049927,-0.02680632844567299,0.541429340839386,0.2784370183944702,-0.026400551199913025,0.5620695352554321,0.2991289496421814,-0.002796964254230261,0.5432750582695007,0.30057859420776367,-0.028118833899497986,0.5664406418800354,0.31730103492736816,0.002662025159224868,0.566800594329834,0.30623960494995117,0.012332864105701447,0.5426318645477295,0.44834017753601074,-0.001007561688311398,0.5469750165939331,0.44636285305023193,0.004087335895746946,0.5498208403587341,0.44495949149131775,0.00941375084221363,0.546349823474884,0.41967371106147766,-0.006530382204800844,0.5536481142044067,0.4430972635746002,0.02111164480447769,0.5523197054862976,0.447052001953125,0.01804838702082634,0.5526217222213745,0.4441922903060913,0.01973763480782509,0.5464473962783813,0.41859400272369385,-0.01712316833436489,0.5483648777008057,0.44892528653144836,0.012469692155718803,0.5456165075302124,0.4515491724014282,0.00910741277039051,0.5419384241104126,0.4543442130088806,0.006157562602311373,0.5466104745864868,0.46955516934394836,0.01959340088069439,0.5449537634849548,0.46623125672340393,0.01112642977386713,0.5442659854888916,0.46191972494125366,0.008682063780725002,0.5431420803070068,0.4577673375606537,0.008250327780842781,0.5418515801429749,0.45442476868629456,0.006968006957322359,0.5482821464538574,0.44894734025001526,0.013035079464316368,0.5495027899742126,0.4499282240867615,0.013625347055494785,0.550749659538269,0.45140236616134644,0.014113898389041424,0.5517471432685852,0.4532325267791748,0.016245106235146523,0.5558789372444153,0.43048062920570374,0.009253515861928463,0.5727351307868958,0.3614529073238373,0.07854338735342026,0.5502928495407104,0.446769654750824,0.0168380755931139,0.5513519644737244,0.446854829788208,0.017324859276413918,0.5427083373069763,0.4269408583641052,-0.006854767445474863,0.5488203167915344,0.4183827340602875,-0.000585405679885298,0.5434219837188721,0.42499467730522156,-0.007926884107291698,0.5472607612609863,0.38233664631843567,-0.0014880597591400146,0.5572581887245178,0.38366031646728516,0.0036915941163897514,0.5496007800102234,0.4083028733730316,-0.004860529210418463,0.5537240505218506,0.27867352962493896,-0.010185306891798973,0.554718554019928,0.29659247398376465,-0.015966489911079407,0.5554134845733643,0.31725189089775085,-0.018857989460229874,0.5552558302879333,0.4539787769317627,0.023118864744901657,0.5334796905517578,0.336514949798584,-0.032060861587524414,0.5299949049949646,0.30669575929641724,-0.03609307482838631,0.5266261100769043,0.28173568844795227,-0.037340521812438965,0.5577507019042969,0.34862932562828064,0.00448537478223443,0.5702805519104004,0.3502219319343567,0.018253514543175697,0.533912181854248,0.3585678040981293,-0.005029001738876104,0.5630581974983215,0.33272790908813477,0.004792213439941406,0.5381264090538025,0.37810391187667847,-0.01109800674021244,0.5488443374633789,0.41184553503990173,-0.017608199268579483,0.5762848258018494,0.35347843170166016,0.028541989624500275,0.5704123377799988,0.35887986421585083,0.014293624088168144,0.5660991668701172,0.3668407201766968,0.008126637898385525,0.555576741695404,0.37147828936576843,0.003010587301105261,0.5467708706855774,0.3720562756061554,-0.0010224224533885717,0.5408040285110474,0.37160393595695496,-0.005355620291084051,0.531184732913971,0.37330862879753113,-0.02322274260222912,0.578682541847229,0.3719799220561981,0.032602619379758835,0.5663205981254578,0.32956480979919434,0.0076866974122822285,0.5410995483398438,0.42753612995147705,-0.023258734494447708,0.5436000227928162,0.3910444676876068,-0.006303619127720594,0.570249080657959,0.32467156648635864,0.06087934225797653,0.5364293456077576,0.37029868364334106,-0.008810446597635746,0.5488589406013489,0.4071005880832672,0.0011534561635926366,0.5603007078170776,0.3381234407424927,0.007907726801931858,0.5470437407493591,0.4053156077861786,-0.016823740676045418,0.5737939476966858,0.3819514214992523,0.08237986266613007,0.5331147909164429,0.3556007742881775,-0.004682539962232113,0.5438337326049805,0.40448257327079773,-0.02466719225049019,0.5715166330337524,0.43735626339912415,0.0540706031024456,0.5693897604942322,0.44219958782196045,0.06781840324401855,0.5786349177360535,0.36620503664016724,0.055912502110004425,0.5753692388534546,0.42201685905456543,0.059665389358997345,0.5703468918800354,0.31718388199806213,0.02758578024804592,0.5588958263397217,0.47620928287506104,0.04046276956796646,0.5398138165473938,0.42850708961486816,-0.014547877013683319,0.5484257936477661,0.39408254623413086,-0.0011949274921789765,0.5691419243812561,0.337179571390152,0.024549977853894234,0.5522396564483643,0.3475261330604553,0.0003190945426467806,0.5469627976417542,0.3506224751472473,-0.002015903126448393,0.5531825423240662,0.4474714994430542,0.019832171499729156,0.5789729952812195,0.38834118843078613,0.0401202067732811,0.551927387714386,0.4909495711326599,0.04315662011504173,0.5612478256225586,0.4695626497268677,0.05419138818979263,0.5647950768470764,0.4577716886997223,0.06009981036186218,0.5415838360786438,0.35263320803642273,-0.003642929485067725,0.5367231369018555,0.3538999855518341,-0.004186917562037706,0.5341042280197144,0.35504060983657837,-0.00412464514374733,0.5673972964286804,0.3251386880874634,0.013863708823919296,0.5376468896865845,0.3500450849533081,-0.006997482385486364,0.5428217649459839,0.3467080891132355,-0.007340107578784227,0.5484554171562195,0.3437452018260956,-0.005894928239285946,0.5535454750061035,0.3413819372653961,-0.002954976400360465,0.5564149022102356,0.340398907661438,3.42019775416702e-05,0.5688122510910034,0.3073282837867737,0.04397565871477127,0.5554250478744507,0.34466177225112915,0.00266527128405869,0.5517104864120483,0.4296301603317261,0.0036837211810052395,0.5477582812309265,0.41728687286376953,-0.010909756645560265,0.5438565611839294,0.4333920478820801,-0.004263898357748985,0.5668323636054993,0.4516651928424835,0.05035969614982605,0.562778115272522,0.46355774998664856,0.04599721357226372,0.5528193712234497,0.48746293783187866,0.0347440205514431,0.5719780325889587,0.4253336191177368,0.07672973722219467,0.5345966815948486,0.3533680737018585,-0.005781850777566433,0.5376087427139282,0.38595497608184814,-0.01958717592060566,0.5575243830680847,0.48109114170074463,0.04798626899719238,0.5789023041725159,0.38467147946357727,0.060930944979190826,0.5455388426780701,0.4516077935695648,0.009829520247876644,0.5469507575035095,0.45378196239471436,0.010745207779109478,0.5481906533241272,0.4566919803619385,0.011290340684354305,0.5491641759872437,0.46031463146209717,0.013524491339921951,0.5517747402191162,0.46219533681869507,0.02097627893090248,0.5511417984962463,0.4452996253967285,0.015528223477303982,0.5518962144851685,0.4438817799091339,0.015780240297317505,0.5525379180908203,0.4425083100795746,0.015753358602523804,0.5590070486068726,0.4331631660461426,0.016455654054880142,0.5751283168792725,0.39953112602233887,0.027367986738681793,0.5345593094825745,0.37530940771102905,-0.016874980181455612,0.5305651426315308,0.3546818494796753,-0.012255595065653324,0.5326511263847351,0.3523291349411011,-0.008576295338571072,0.550308346748352,0.4467537999153137,0.016554949805140495,0.5750004053115845,0.41570186614990234,0.04335792735219002,0.5289949774742126,0.3594838082790375,-0.020844411104917526,0.5548201203346252,0.4658520221710205,0.02750287391245365,0.534223198890686,0.3847475051879883,-0.02641521394252777,0.5431927442550659,0.3972325026988983,-0.014565078541636467,0.5489365458488464,0.4751994013786316,0.024596141651272774,0.5626515746116638,0.4452039301395416,0.030725494027137756,0.5540362000465393,0.4107024371623993,0.005470828153192997,0.5590062141418457,0.45573821663856506,0.02978181466460228,0.5658616423606873,0.40227699279785156,0.010746125131845474,0.5598238706588745,0.41613972187042236,0.010367358103394508,0.5702992081642151,0.411479115486145,0.020770510658621788,0.5517491102218628,0.48198166489601135,0.028642578050494194,0.5452950596809387,0.3989724814891815,-0.007915407419204712,0.5663751363754272,0.44669342041015625,0.039824217557907104,0.5618609189987183,0.4587421417236328,0.037913255393505096,0.5658664107322693,0.43434441089630127,0.029115105047822,0.5779637098312378,0.4020031690597534,0.04666554927825928,0.5709883570671082,0.42969200015068054,0.03656277805566788,0.5779619216918945,0.4027702212333679,0.06401896476745605,0.563945472240448,0.4234558641910553,0.017541492357850075,0.540497362613678,0.3882753849029541,-0.01252820622175932,0.5480562448501587,0.41659435629844666,-0.01855843886733055,0.549667239189148,0.4152991771697998,-0.010637967847287655,0.5463351011276245,0.41378819942474365,-0.024363500997424126,0.5346771478652954,0.34661102294921875,-0.015157906338572502,0.5437557101249695,0.3370698392391205,-0.015325701795518398,0.5519747138023376,0.3312542736530304,-0.012667972594499588,0.5583363771438599,0.32859787344932556,-0.00783949438482523,0.5619421601295471,0.3290884792804718,-0.002390872919932008,0.5634682774543762,0.33873677253723145,0.011344832368195057,0.576924741268158,0.34840127825737,0.048899248242378235,0.5633518099784851,0.3529960513114929,0.009529849514365196,0.559101402759552,0.359106183052063,0.00524636497721076,0.5514824986457825,0.36298537254333496,0.0014591122744604945,0.5437500476837158,0.36464396119117737,-0.001723685534670949,0.5381360054016113,0.3649415969848633,-0.004407119937241077,0.5345593690872192,0.3648606240749359,-0.006390859372913837,0.5709863305091858,0.342723548412323,0.07160650193691254,0.5490297675132751,0.4165424406528473,-0.007223035208880901,0.5403295755386353,0.39531978964805603,-0.02129575051367283,0.5457940697669983,0.42019301652908325,-0.02377798594534397,0.5430535078048706,0.42431962490081787,-0.02079831250011921,0.5452060103416443,0.42059609293937683,-0.020568998530507088,0.5478466153144836,0.41903170943260193,-0.0048513575457036495,0.542494535446167,0.42602014541625977,-0.02230210229754448,0.541329026222229,0.4270229637622833,-0.014657324180006981,0.5319409966468811,0.35746243596076965,-0.006039566360414028,0.531334638595581,0.362649142742157,-0.009785214439034462,0.5323127508163452,0.3664919137954712,-0.013497985899448395,0.5579578280448914,0.3398645222187042,0.0028165229596197605,0.560308039188385,0.33447378873825073,0.003133475547656417,0.4815107583999634,0.37595170736312866,-0.017270876094698906,0.4887864887714386,0.37349340319633484,-0.017270876094698906,0.4798009395599365,0.3675539195537567,-0.017270876094698906,0.47415608167648315,0.3783528804779053,-0.017270876094698906,0.483226478099823,0.38426297903060913,-0.017270876094698906,0.5410509705543518,0.3505011796951294,-0.0019511762075126171,0.5464783906936646,0.3477973937988281,-0.0019511762075126171,0.5392206311225891,0.34398049116134644,-0.0019511762075126171,0.5355961322784424,0.3530850410461426,-0.0019511762075126171,0.5428698062896729,0.3569698929786682,-0.0019511762075126171
3733.333333333339,0.5353546738624573,0.448263943195343,-0.004898524843156338,0.5369188785552979,0.42531540989875793,-0.02905920334160328,0.5344470143318176,0.4297405779361725,-0.010469118133187294,0.5249677896499634,0.39733654260635376,-0.030573442578315735,0.5359787344932556,0.4176860749721527,-0.033228762447834015,0.5331260561943054,0.4055626392364502,-0.033933378756046295,0.5240646004676819,0.3726520538330078,-0.02772589772939682,0.47052502632141113,0.3780187964439392,-0.014601072296500206,0.5187717080116272,0.3493163585662842,-0.03051581233739853,0.5168168544769287,0.3378981947898865,-0.03575371205806732,0.5056396722793579,0.287029504776001,-0.04320494830608368,0.5357152223587036,0.45132821798324585,-0.0030689758714288473,0.5358515381813049,0.4544799327850342,-0.00035056567867286503,0.5357412695884705,0.4566177427768707,0.004017940256744623,0.5355923771858215,0.4567665457725525,0.004851533565670252,0.536453127861023,0.46078386902809143,0.006102604325860739,0.5371466279029846,0.4652941823005676,0.006282362621277571,0.5374999046325684,0.4696645140647888,0.008874029852449894,0.5383363962173462,0.4727939963340759,0.01705927960574627,0.536497950553894,0.428173691034317,-0.0249341893941164,0.5288572907447815,0.4290749430656433,-0.017350204288959503,0.4322136640548706,0.3436164855957031,-0.004351011943072081,0.49142423272132874,0.37943825125694275,-0.015589163638651371,0.4855112135410309,0.3822409510612488,-0.016182733699679375,0.4789762794971466,0.38429364562034607,-0.015806669369339943,0.4680291414260864,0.3813687860965729,-0.013239665888249874,0.49608275294303894,0.37639522552490234,-0.014216795563697815,0.4778769314289093,0.3624507188796997,-0.024376902729272842,0.4853881895542145,0.3613923490047455,-0.023186925798654556,0.47119829058647156,0.36531713604927063,-0.023059075698256493,0.4669125974178314,0.36899036169052124,-0.020782629027962685,0.4636843800544739,0.38854721188545227,-0.009562800638377666,0.5175595283508301,0.4893805980682373,0.023990554735064507,0.46687954664230347,0.3762610852718353,-0.013683716766536236,0.4382511377334595,0.38331449031829834,0.011062460951507092,0.45424944162368774,0.3845682442188263,-0.00700306287035346,0.49702006578445435,0.4191156327724457,-0.00919155403971672,0.5278797745704651,0.4488248825073242,-0.005977308843284845,0.5290582180023193,0.4560476243495941,-0.0009347146260552108,0.5205231308937073,0.4524334669113159,-0.003566737985238433,0.515284538269043,0.4547955393791199,0.00027867130120284855,0.5227442979812622,0.4570649266242981,-1.2284470358281396e-05,0.5175877809524536,0.457558810710907,0.003377881832420826,0.5067427754402161,0.4650938808917999,0.013450088910758495,0.5318851470947266,0.42677175998687744,-0.029448507353663445,0.5301051139831543,0.4195787310600281,-0.03351703658699989,0.4577828049659729,0.3660563826560974,-0.024666136130690575,0.5055997967720032,0.3932555615901947,-0.014892945066094398,0.5132964849472046,0.4243813753128052,-0.018049757927656174,0.5115088820457458,0.4189963936805725,-0.01749603822827339,0.4757246673107147,0.4224466383457184,-0.006573792081326246,0.5275548100471497,0.4080430865287781,-0.0332549549639225,0.47510963678359985,0.3558950424194336,-0.03396369144320488,0.46493157744407654,0.35989925265312195,-0.030616650357842445,0.43834441900253296,0.32868340611457825,-0.019208824262022972,0.505469799041748,0.35676059126853943,-0.03193036839365959,0.49193841218948364,0.3626585006713867,-0.019627081230282784,0.500928521156311,0.4596511423587799,0.010942802764475346,0.4566619396209717,0.4542435109615326,0.0555841438472271,0.5183236002922058,0.4277765154838562,-0.013633222319185734,0.5237733125686646,0.42885875701904297,-0.011541259475052357,0.5077045559883118,0.4575943350791931,0.01087134424597025,0.5092859864234924,0.45781558752059937,0.009804424829781055,0.46021199226379395,0.35504209995269775,-0.030382465571165085,0.5126585960388184,0.42643529176712036,-0.013543892651796341,0.4885193109512329,0.3546798527240753,-0.03454010188579559,0.4867399036884308,0.34809187054634094,-0.03824551776051521,0.46645858883857727,0.30372190475463867,-0.04171954467892647,0.44939523935317993,0.3408058285713196,-0.026140084490180016,0.4768869876861572,0.3237049877643585,-0.04098667949438095,0.452249139547348,0.3622637987136841,-0.02190699242055416,0.44251397252082825,0.35276472568511963,-0.01403473224490881,0.5284390449523926,0.4527413845062256,-0.004169135354459286,0.5216389894485474,0.4548262357711792,-0.0019127537962049246,0.5164077877998352,0.4561716914176941,0.0014651035889983177,0.5196659564971924,0.4284489154815674,-0.011467141099274158,0.5085360407829285,0.4577125310897827,0.010314860381186008,0.5123037099838257,0.46017810702323914,0.008931123651564121,0.5100417733192444,0.45792877674102783,0.009770628064870834,0.5227086544036865,0.42673546075820923,-0.022805729880928993,0.5184065103530884,0.45861580967903137,0.0054682339541614056,0.5236024856567383,0.4586174786090851,0.0038593364879488945,0.5294957160949707,0.4580771327018738,0.003124829614534974,0.5303447246551514,0.4750460982322693,0.01577800139784813,0.5300246477127075,0.47118064761161804,0.007482819724828005,0.5298153758049011,0.4667593240737915,0.005071961786597967,0.5295938849449158,0.46214503049850464,0.004944629035890102,0.529392421245575,0.458235502243042,0.00393590796738863,0.5183374881744385,0.45865029096603394,0.006060430780053139,0.5176068544387817,0.4604731798171997,0.006558787543326616,0.5167747139930725,0.4628103971481323,0.006716323085129261,0.5161048173904419,0.4652761220932007,0.008237998932600021,0.508266031742096,0.44742095470428467,-0.0010049378033727407,0.43966612219810486,0.41419854760169983,0.04807228967547417,0.5356506705284119,0.4290410578250885,-0.01589871570467949,0.5143243074417114,0.45835939049720764,0.008116512559354305,0.5133361220359802,0.45922568440437317,0.008543722331523895,0.5264064073562622,0.4312954545021057,-0.010115271434187889,0.5145206451416016,0.4297201633453369,-0.00672266585752368,0.5251606106758118,0.4301310181617737,-0.011130765080451965,0.499834805727005,0.39928239583969116,-0.012460150755941868,0.49030905961990356,0.4084439277648926,-0.011164826340973377,0.5103307962417603,0.4216904044151306,-0.013152685016393661,0.44918131828308105,0.3153359889984131,-0.032066710293293,0.46027854084968567,0.3308534026145935,-0.03474365547299385,0.4719255268573761,0.3496224284172058,-0.03580692782998085,0.51360684633255,0.4700338840484619,0.013555403798818588,0.502587616443634,0.34674012660980225,-0.0379246324300766,0.4934157729148865,0.31828784942626953,-0.04274690896272659,0.484640896320343,0.2947484254837036,-0.045065056532621384,0.47242894768714905,0.38414764404296875,-0.01452238392084837,0.4573315680027008,0.3964882493019104,-0.005740765482187271,0.49894267320632935,0.37403321266174316,-0.013581274077296257,0.46068233251571655,0.37373510003089905,-0.017236242070794106,0.5096126794815063,0.38757380843162537,-0.01774558424949646,0.5179368257522583,0.422460675239563,-0.024238841608166695,0.45113036036491394,0.4021366238594055,0.001432880642823875,0.4640607237815857,0.40197721123695374,-0.008282273076474667,0.47419655323028564,0.4034974277019501,-0.01113295927643776,0.4869387149810791,0.3983296751976013,-0.011764004826545715,0.4952738583087921,0.39203065633773804,-0.012249385006725788,0.5011086463928223,0.38684889674186707,-0.013806387782096863,0.5181647539138794,0.376321405172348,-0.02630029059946537,0.45617857575416565,0.42004379630088806,0.0056133754551410675,0.4550929069519043,0.37414881587028503,-0.01645713299512863,0.533333957195282,0.42916712164878845,-0.02526908367872238,0.5087175965309143,0.4028175473213196,-0.014261338859796524,0.43098145723342896,0.37739887833595276,0.029401732608675957,0.5058048367500305,0.3819817900657654,-0.015400713309645653,0.5086366534233093,0.4207494556903839,-0.006966352462768555,0.4642150104045868,0.3770928382873535,-0.01294630952179432,0.5158254504203796,0.4157431721687317,-0.02350497618317604,0.44653794169425964,0.4340490698814392,0.05316607281565666,0.497400164604187,0.3714522123336792,-0.013590777292847633,0.5215994119644165,0.4113541841506958,-0.029778989031910896,0.4829162359237671,0.476717084646225,0.034033551812171936,0.48194459080696106,0.4823991358280182,0.046991221606731415,0.4456084668636322,0.4192880094051361,0.026652269065380096,0.47079524397850037,0.4669533967971802,0.03612518683075905,0.43948206305503845,0.36647579073905945,-0.00047636154340580106,0.5171364545822144,0.4966640770435333,0.030295608565211296,0.5330600738525391,0.42963024973869324,-0.01593008264899254,0.5037035346031189,0.4097593426704407,-0.010952828451991081,0.4478021264076233,0.38662204146385193,-0.0020543928258121014,0.4788607954978943,0.3789110481739044,-0.016374722123146057,0.4846131205558777,0.3774312138557434,-0.01678578555583954,0.5113328099250793,0.461245059967041,0.009969242848455906,0.46031275391578674,0.43580856919288635,0.014142666012048721,0.5290729999542236,0.5025874972343445,0.03696731850504875,0.5071919560432434,0.49650585651397705,0.04037085920572281,0.49610206484794617,0.4910661280155182,0.043014783412218094,0.5114079117774963,0.3121218681335449,-0.04076595976948738,0.5410130620002747,0.4992615878582001,0.038467518985271454,0.4892963171005249,0.37507200241088867,-0.016250090673565865,0.4935953617095947,0.3726598918437958,-0.014960839413106441,0.4963441491127014,0.3717305064201355,-0.01376260258257389,0.4490068256855011,0.37244904041290283,-0.012054058723151684,0.4908738136291504,0.3677752912044525,-0.01805349439382553,0.48493772745132446,0.3672006130218506,-0.02028316631913185,0.47938287258148193,0.36847057938575745,-0.020988233387470245,0.47393813729286194,0.3708687722682953,-0.020131489261984825,0.470568984746933,0.3731735050678253,-0.018302632495760918,0.42991572618484497,0.35886308550834656,0.012990082614123821,0.4742533266544342,0.37887898087501526,-0.01547162514179945,0.5347884893417358,0.4354531466960907,-0.007159383501857519,0.5144308805465698,0.4422917068004608,-0.00437517836689949,0.5186768174171448,0.4273056983947754,-0.0166360754519701,0.5266196727752686,0.43834128975868225,-0.007946720346808434,0.520619809627533,0.3596387505531311,-0.027032988145947456,0.49498680233955383,0.4848986268043518,0.033987514674663544,0.5057485699653625,0.49096211791038513,0.03281836211681366,0.5292255878448486,0.49899691343307495,0.028669901192188263,0.46904242038726807,0.4706382751464844,0.05214783176779747,0.4953155219554901,0.36996719241142273,-0.015634268522262573,0.5170274376869202,0.3920704126358032,-0.024298498407006264,0.5414348244667053,0.49565327167510986,0.030345987528562546,0.5181928277015686,0.5009729862213135,0.037455253303050995,0.4513848125934601,0.4367853105068207,0.0329136922955513,0.5235148072242737,0.45873743295669556,0.004571427591145039,0.5230799317359924,0.46177175641059875,0.005219797138124704,0.522793173789978,0.46539127826690674,0.005346755962818861,0.5227243304252625,0.4694182872772217,0.007232495117932558,0.5214545726776123,0.4737687110900879,0.013645880855619907,0.5132405161857605,0.4576779007911682,0.006405153777450323,0.5120856165885925,0.45699673891067505,0.005780525039881468,0.5110538601875305,0.4562772810459137,0.005050933454185724,0.5034365057945251,0.453339159488678,0.003739340929314494,0.47247663140296936,0.4402350187301636,0.005142725072801113,0.5138551592826843,0.38149118423461914,-0.021714545786380768,0.5035108923912048,0.36592334508895874,-0.017962899059057236,0.4982324242591858,0.3670436441898346,-0.016793986782431602,0.514348566532135,0.4583567976951599,0.00776631711050868,0.4738559126853943,0.45755434036254883,0.02108701504766941,0.5114570260047913,0.3655909299850464,-0.024394134059548378,0.5190379023551941,0.48122674226760864,0.019267568364739418,0.5301175117492676,0.39462411403656006,-0.031595274806022644,0.5217041969299316,0.3875327706336975,-0.029185332357883453,0.527241587638855,0.38419491052627563,-0.02971458248794079,0.5148643255233765,0.40639299154281616,-0.020617840811610222,0.5408511757850647,0.48899906873703003,0.024227779358625412,0.5394564867019653,0.4803280234336853,0.02093842439353466,0.5298073887825012,0.4830099940299988,0.02004031278192997,0.5012431740760803,0.4703167676925659,0.017387166619300842,0.5038673281669617,0.4285970628261566,-0.004762026481330395,0.5095216631889343,0.4767051637172699,0.018962077796459198,0.4881245791912079,0.4320104718208313,-0.005466625560075045,0.49917346239089966,0.4386589229106903,-0.002361201448366046,0.4839980900287628,0.44549065828323364,0.0024569244123995304,0.5294704437255859,0.4920598268508911,0.022912411019206047,0.510928213596344,0.4104287922382355,-0.01530406903475523,0.4965060353279114,0.47735506296157837,0.024374468252062798,0.5069199204444885,0.48379021883010864,0.025774231180548668,0.4944833815097809,0.4625805616378784,0.012956098653376102,0.46445411443710327,0.44838640093803406,0.021850461140275,0.4854333996772766,0.46546316146850586,0.01779853366315365,0.45903486013412476,0.452541708946228,0.03739893436431885,0.49523812532424927,0.44941163063049316,0.002535780193284154,0.5127575993537903,0.39728274941444397,-0.0189399104565382,0.5207874178886414,0.426106721162796,-0.02467491291463375,0.5158703327178955,0.4270746409893036,-0.017417188733816147,0.523882269859314,0.4211260676383972,-0.029503243044018745,0.49788784980773926,0.36142128705978394,-0.02301897667348385,0.48703256249427795,0.35950446128845215,-0.02705547958612442,0.4773465692996979,0.3603884279727936,-0.028104674071073532,0.46920573711395264,0.3633924424648285,-0.026491615921258926,0.46344706416130066,0.367780864238739,-0.02317795716226101,0.4601728320121765,0.3807178735733032,-0.01086532324552536,0.441059410572052,0.4015590250492096,0.018914606422185898,0.46861690282821655,0.3915252387523651,-0.010863270610570908,0.47682029008865356,0.39254218339920044,-0.012559423223137856,0.48583757877349854,0.38957157731056213,-0.013187662698328495,0.49331656098365784,0.38507169485092163,-0.013229797594249249,0.49869126081466675,0.38107073307037354,-0.013073538430035114,0.5026056170463562,0.3780069053173065,-0.013444127514958382,0.434848427772522,0.39526304602622986,0.04027388617396355,0.5155800580978394,0.42797034978866577,-0.013836895115673542,0.5197605490684509,0.4014339745044708,-0.02621581219136715,0.5265555381774902,0.4266434609889984,-0.02797051891684532,0.5291005373001099,0.42872118949890137,-0.023498959839344025,0.5257141590118408,0.42719602584838867,-0.02481408417224884,0.5169709920883179,0.42920437455177307,-0.010456515476107597,0.5310498476028442,0.4292927384376526,-0.024645328521728516,0.5307638645172119,0.42979782819747925,-0.01662212610244751,0.5004380941390991,0.3716084659099579,-0.013421312905848026,0.5054078102111816,0.3733515441417694,-0.015326246619224548,0.509086012840271,0.37529122829437256,-0.018230153247714043,0.4685215950012207,0.3748939633369446,-0.01631682738661766,0.4641847312450409,0.37283042073249817,-0.017199378460645676,0.5347425937652588,0.3934011161327362,-0.028037453070282936,0.5557004809379578,0.34234029054641724,0.004017509054392576,0.5406702160835266,0.4240518808364868,-0.015399512834846973,0.5651216506958008,0.29387417435646057,0.024898214265704155,0.5410138368606567,0.357825368642807,-0.0036013114731758833,0.5468829870223999,0.3556491434574127,-0.0017842813394963741,0.5525298118591309,0.35297083854675293,0.0008335019811056554,0.5580329895019531,0.3440765142440796,0.006496222224086523,0.5362482070922852,0.3586435914039612,-0.004751390777528286,0.5483360886573792,0.33512893319129944,-0.009196914732456207,0.5417683124542236,0.3390522003173828,-0.011204971000552177,0.5539745092391968,0.33326444029808044,-0.005557558964937925,0.5572798252105713,0.3337019681930542,-0.0019252430647611618,0.5637310147285461,0.34753650426864624,0.011669373139739037,0.556605339050293,0.4710922837257385,0.03256741911172867,0.5572016835212708,0.3390674591064453,0.00580148259177804,0.5732440948486328,0.3306576907634735,0.040028419345617294,0.5675505995750427,0.33840131759643555,0.016804026439785957,0.5551945567131042,0.3959024250507355,0.002893493277952075,0.5412853360176086,0.44381412863731384,-0.002973739290609956,0.5412232279777527,0.4514895975589752,0.0018467723857611418,0.5463671684265137,0.4425772726535797,0.002684190170839429,0.5492938160896301,0.4420032203197479,0.008969523943960667,0.5451541543006897,0.44869324564933777,0.0054463609121739864,0.547788143157959,0.4463902711868286,0.010754791088402271,0.5567136406898499,0.4442581236362457,0.024802520871162415,0.5411333441734314,0.422808974981308,-0.027842210605740547,0.5410550832748413,0.4151030480861664,-0.03160128369927406,0.5648996829986572,0.3245478570461273,-0.0021613293793052435,0.5403028726577759,0.37935128808021545,-0.007006384432315826,0.549118161201477,0.4099838137626648,-0.010815932415425777,0.547808825969696,0.4045938551425934,-0.010032040067017078,0.5697284936904907,0.3846110999584198,0.013510124757885933,0.5380274057388306,0.40381327271461487,-0.030811741948127747,0.5537411570549011,0.32665693759918213,-0.01826222985982895,0.560609757900238,0.3236091732978821,-0.010996147990226746,0.5601392984390259,0.2835984528064728,0.007156684994697571,0.5312936305999756,0.34800097346305847,-0.026676498353481293,0.53624427318573,0.34439393877983093,-0.00996231846511364,0.5598304867744446,0.43547457456588745,0.024733951315283775,0.572866678237915,0.404842346906662,0.08256610482931137,0.5459948182106018,0.41655197739601135,-0.00824854988604784,0.5425978899002075,0.42156165838241577,-0.008814984932541847,0.5528447031974792,0.4412679374217987,0.02278587967157364,0.5517717599868774,0.4424671232700348,0.020290859043598175,0.5618035793304443,0.31625908613204956,-0.00949619896709919,0.5487921237945557,0.41217169165611267,-0.006457254756242037,0.5440713763237,0.33433008193969727,-0.023761456832289696,0.5441440343856812,0.3268454074859619,-0.027173437178134918,0.5399171113967896,0.2769906520843506,-0.026695264503359795,0.560985803604126,0.2981148958206177,-0.0031093107536435127,0.5416004657745361,0.2992442548274994,-0.028307929635047913,0.5660713911056519,0.3181305527687073,0.002142200944945216,0.566008985042572,0.3053375482559204,0.012008915655314922,0.5414990782737732,0.44789162278175354,-0.0011845240369439125,0.5458723902702332,0.44573530554771423,0.003946332726627588,0.5486350655555725,0.4441491365432739,0.009402599185705185,0.5449464917182922,0.41832098364830017,-0.007098025176674128,0.5522908568382263,0.4419000744819641,0.02133551426231861,0.5509383678436279,0.445934921503067,0.01816304586827755,0.5512393712997437,0.44304153323173523,0.019975870847702026,0.5448786020278931,0.4173608124256134,-0.017854219302535057,0.5470266342163086,0.4481489062309265,0.012483404017984867,0.5443506836891174,0.4509328305721283,0.009005439467728138,0.5406501889228821,0.4538802206516266,0.00597931444644928,0.5448490381240845,0.4687919616699219,0.01860867440700531,0.5435937643051147,0.4657098650932312,0.010447535663843155,0.5429854989051819,0.46148666739463806,0.008198244497179985,0.5418320894241333,0.4573228657245636,0.00797248538583517,0.5404747724533081,0.45396965742111206,0.0068196565844118595,0.5468406081199646,0.44809094071388245,0.013070509769022465,0.5481367707252502,0.44900384545326233,0.01355929858982563,0.5494358539581299,0.45036885142326355,0.013959926553070545,0.5504474639892578,0.45206448435783386,0.016052370890975,0.5548273324966431,0.4288405776023865,0.009075813926756382,0.5724345445632935,0.361176997423172,0.0781920775771141,0.5488138198852539,0.44579148292541504,0.017000753432512283,0.5499347448348999,0.44581612944602966,0.017448943108320236,0.541088342666626,0.4258194863796234,-0.0074227177537977695,0.5475248694419861,0.41689419746398926,-0.0011231389362365007,0.5418485999107361,0.4238269329071045,-0.008487838320434093,0.5458730459213257,0.380935400724411,-0.0018793799681589007,0.556016743183136,0.38223469257354736,0.003191109048202634,0.5483285188674927,0.4067549705505371,-0.005459529813379049,0.5524819493293762,0.2774864435195923,-0.010547011159360409,0.5533191561698914,0.2954666018486023,-0.01623399555683136,0.5541671514511108,0.3185173571109772,-0.019274035468697548,0.553966760635376,0.4527199864387512,0.022795364260673523,0.5318504571914673,0.33707302808761597,-0.032285597175359726,0.5281561017036438,0.3051922917366028,-0.036148760467767715,0.5249194502830505,0.28011685609817505,-0.037479598075151443,0.5564360022544861,0.34882184863090515,0.004069208167493343,0.5701107382774353,0.35023033618927,0.017813127487897873,0.5333586931228638,0.3586013913154602,-0.005141317844390869,0.5623210668563843,0.3332199156284332,0.004358659964054823,0.5364969968795776,0.3766976296901703,-0.011423450894653797,0.5473147034645081,0.41047683358192444,-0.01836179755628109,0.5754660367965698,0.35253727436065674,0.028072265908122063,0.569297730922699,0.35908353328704834,0.013817494735121727,0.5643484592437744,0.36702725291252136,0.007680652197450399,0.5537839531898499,0.37137430906295776,0.0026060945820063353,0.5451604127883911,0.37179937958717346,-0.0013309898786246777,0.5392741560935974,0.3713572323322296,-0.0056014759466052055,0.5293115377426147,0.37180179357528687,-0.02359781041741371,0.5779584050178528,0.37093088030815125,0.03208700194954872,0.5661002397537231,0.32996031641960144,0.007205738686025143,0.5391973257064819,0.42658793926239014,-0.02397644706070423,0.5421593189239502,0.3895922005176544,-0.006722973193973303,0.5699326992034912,0.32409361004829407,0.060517001897096634,0.5349032878875732,0.3701106607913971,-0.00900911632925272,0.547641396522522,0.40553268790245056,0.0006857594125904143,0.5591862797737122,0.3384069502353668,0.007522169966250658,0.5455312728881836,0.40386122465133667,-0.017520638182759285,0.5733819007873535,0.38187626004219055,0.08199968189001083,0.5327243208885193,0.35541802644729614,-0.004760765004903078,0.5420569777488708,0.4030795693397522,-0.025416681542992592,0.5709396600723267,0.43727394938468933,0.053631655871868134,0.5688249468803406,0.442640095949173,0.06738778203725815,0.5780988335609436,0.36566248536109924,0.05551141873002052,0.5748378038406372,0.4218046963214874,0.05920654907822609,0.5696787238121033,0.3163716495037079,0.0272779930382967,0.5578694343566895,0.47701454162597656,0.039549775421619415,0.5379365682601929,0.42760956287384033,-0.01511874794960022,0.5471188426017761,0.39263829588890076,-0.0016420800238847733,0.5703415274620056,0.3369418978691101,0.024132270365953445,0.5507980585098267,0.34778696298599243,-3.3766325941542163e-05,0.5458500981330872,0.35059887170791626,-0.002328400732949376,0.5518343448638916,0.4462522566318512,0.019935008138418198,0.5783956050872803,0.38742372393608093,0.039632488042116165,0.5507291555404663,0.4920696020126343,0.042273227125406265,0.560501754283905,0.47050195932388306,0.053532034158706665,0.5641632676124573,0.45851168036460876,0.059594713151454926,0.5408068299293518,0.35237234830856323,-0.00388901773840189,0.5361953973770142,0.3537220358848572,-0.004355182405561209,0.5336602330207825,0.3549652695655823,-0.004232081118971109,0.567817211151123,0.3253466486930847,0.013395922258496284,0.5368074774742126,0.3476797640323639,-0.007146020885556936,0.5414848327636719,0.34318068623542786,-0.007587169297039509,0.5467151403427124,0.3402945101261139,-0.006220893934369087,0.5516225099563599,0.33888012170791626,-0.003335947636514902,0.5545205473899841,0.3388668894767761,-0.0003520248574204743,0.5684100389480591,0.30655020475387573,0.043574512004852295,0.5538202524185181,0.3449559211730957,0.0022882074117660522,0.5504177212715149,0.42818334698677063,0.003286088816821575,0.5463535785675049,0.4159323275089264,-0.011540612205862999,0.542176365852356,0.43227291107177734,-0.00475839851424098,0.5661289691925049,0.4518967270851135,0.049857381731271744,0.5619621276855469,0.4641193449497223,0.04529927670955658,0.5514485836029053,0.48830488324165344,0.03370652720332146,0.5714429616928101,0.4255451261997223,0.07629142701625824,0.5340085029602051,0.3524879515171051,-0.005886480212211609,0.5358337163925171,0.38450437784194946,-0.02004588209092617,0.5565881133079529,0.48217225074768066,0.04716867581009865,0.5783678293228149,0.38429009914398193,0.060494907200336456,0.5441686511039734,0.4509410560131073,0.009750322438776493,0.5456644892692566,0.45307210087776184,0.010541271418333054,0.5469493865966797,0.4559059143066406,0.010950597934424877,0.5478934645652771,0.4594079852104187,0.013087661005556583,0.5502818822860718,0.4612468481063843,0.020341496914625168,0.5497748255729675,0.4443575143814087,0.015674717724323273,0.5506026148796082,0.4428872764110565,0.015919223427772522,0.5513170957565308,0.4414774477481842,0.015859659761190414,0.558141827583313,0.4312703609466553,0.016424156725406647,0.5745108723640442,0.39835864305496216,0.02685191109776497,0.5328059792518616,0.37385550141334534,-0.017210081219673157,0.5298030972480774,0.35454320907592773,-0.0122857466340065,0.5321086049079895,0.3521661162376404,-0.008634308353066444,0.5488917827606201,0.4458332061767578,0.016686661168932915,0.5744950175285339,0.4149201810359955,0.04292326420545578,0.5277267694473267,0.35930436849594116,-0.021032150834798813,0.5534571409225464,0.4655417799949646,0.026708224788308144,0.5322934985160828,0.3832434415817261,-0.02690744958817959,0.5416078567504883,0.3957810699939728,-0.015104111284017563,0.5472867488861084,0.4750309884548187,0.02358921989798546,0.5615832805633545,0.4441295564174652,0.030506357550621033,0.5528954863548279,0.40919458866119385,0.004992475733160973,0.5577982664108276,0.4551132619380951,0.029283557087183,0.5649331212043762,0.4008650481700897,0.010171916335821152,0.558809220790863,0.4146382808685303,0.009982343763113022,0.5696099996566772,0.4101482629776001,0.02031557261943817,0.55022132396698,0.4823705554008484,0.02761661820113659,0.5439069867134094,0.3974694013595581,-0.008430952206254005,0.5654999017715454,0.4462786912918091,0.0394519567489624,0.5608455538749695,0.4587574005126953,0.03731340914964676,0.5649743676185608,0.43289583921432495,0.028904465958476067,0.577455461025238,0.40127187967300415,0.04620342329144478,0.5703062415122986,0.4287956953048706,0.036233995109796524,0.5774168372154236,0.4025298058986664,0.0635606050491333,0.5631069540977478,0.421781063079834,0.0172562412917614,0.5388948321342468,0.38684138655662537,-0.012960072606801987,0.5465091466903687,0.4153112471103668,-0.019321918487548828,0.5483141541481018,0.41388311982154846,-0.0113174207508564,0.544593095779419,0.4125029742717743,-0.02516990713775158,0.5337114930152893,0.3467197120189667,-0.015227884985506535,0.5426338911056519,0.3376132845878601,-0.015551985241472721,0.5507240295410156,0.3322105407714844,-0.013037596829235554,0.5570679306983948,0.3296853303909302,-0.008291400037705898,0.5608364939689636,0.3300321102142334,-0.0028528962284326553,0.5629434585571289,0.3388539254665375,0.01094117946922779,0.5763504505157471,0.3477940559387207,0.048535704612731934,0.5620906949043274,0.3531525433063507,0.009101211093366146,0.5576547384262085,0.3591171205043793,0.004837546031922102,0.5501006841659546,0.3627733588218689,0.0011036741780117154,0.542594850063324,0.36429059505462646,-0.001980193192139268,0.5371508002281189,0.3647322356700897,-0.0045865243300795555,0.5336101055145264,0.36472660303115845,-0.006515257526189089,0.5707201361656189,0.3422790467739105,0.07127375900745392,0.5477027893066406,0.4150984585285187,-0.00785318948328495,0.5385369658470154,0.393875390291214,-0.02188510075211525,0.544058084487915,0.4190453588962555,-0.024557802826166153,0.541282594203949,0.4233130216598511,-0.02149728685617447,0.5435327887535095,0.41945624351501465,-0.021308742463588715,0.546499490737915,0.41760239005088806,-0.005424212198704481,0.5406641960144043,0.4250464141368866,-0.023015612736344337,0.5395297408103943,0.4260616600513458,-0.015245011076331139,0.5315049290657043,0.35751742124557495,-0.006095506250858307,0.5304654836654663,0.36249807476997375,-0.00986940972507,0.5309031009674072,0.3663051724433899,-0.013681706041097641,0.5561751127243042,0.33906739950180054,0.002426787046715617,0.5592492818832397,0.33489084243774414,0.002719316864386201,0.478439599275589,0.3737317621707916,-0.01657445915043354,0.485355019569397,0.371395468711853,-0.01657445915043354,0.4767695665359497,0.3654881715774536,-0.01657445915043354,0.471441388130188,0.3760533034801483,-0.01657445915043354,0.48011600971221924,0.3819710910320282,-0.01657445915043354,0.5429154634475708,0.34649792313575745,-0.002224610187113285,0.549084484577179,0.3436528742313385,-0.002224610187113285,0.5412166118621826,0.33925458788871765,-0.002224610187113285,0.5367485284805298,0.3493154048919678,-0.002224610187113285,0.5446557402610779,0.35374847054481506,-0.002224610187113285
3766.6666666666724,0.5338646769523621,0.44874686002731323,-0.005433748941868544,0.5356475710868835,0.42508599162101746,-0.02916058339178562,0.5332791805267334,0.4297105669975281,-0.010663919150829315,0.5235970616340637,0.3971530497074127,-0.030388841405510902,0.5346822142601013,0.4174347221851349,-0.03326530382037163,0.5317709445953369,0.4053505063056946,-0.033851198852062225,0.5225822329521179,0.3724980056285858,-0.02723628096282482,0.47026562690734863,0.3770957291126251,-0.014159424230456352,0.5171385407447815,0.3487701117992401,-0.02976847067475319,0.5151381492614746,0.33715325593948364,-0.03487563505768776,0.5038769841194153,0.28612279891967773,-0.04176032543182373,0.5341944694519043,0.4515628218650818,-0.003636911977082491,0.5343111753463745,0.45442670583724976,-0.0009097515139728785,0.5342206358909607,0.45638683438301086,0.0034624580293893814,0.5340015292167664,0.45660632848739624,0.004080366808921099,0.5348141193389893,0.4604126513004303,0.005297941621392965,0.5354779958724976,0.46469447016716003,0.0054552205838263035,0.5358375906944275,0.4688359498977661,0.008008196018636227,0.5372208952903748,0.47253888845443726,0.01620386727154255,0.5352392196655273,0.42799603939056396,-0.02506500855088234,0.5277380347251892,0.4289131164550781,-0.017495743930339813,0.42997410893440247,0.34324905276298523,-0.003291904693469405,0.49082762002944946,0.3796471655368805,-0.015227897092700005,0.48505163192749023,0.3823850452899933,-0.015841349959373474,0.47857773303985596,0.3842044770717621,-0.015455017797648907,0.4676201641559601,0.3803331255912781,-0.012830776162445545,0.4953037202358246,0.3764755129814148,-0.01381144393235445,0.4774448275566101,0.3609817922115326,-0.023864280432462692,0.48477089405059814,0.3599744737148285,-0.022651325911283493,0.4709649085998535,0.36391037702560425,-0.022549524903297424,0.466787725687027,0.36766695976257324,-0.020285191014409065,0.4628898501396179,0.3879636526107788,-0.009195259772241116,0.5165753364562988,0.4891713857650757,0.02284308895468712,0.46653664112091064,0.3748168647289276,-0.013212365098297596,0.43602803349494934,0.3832577168941498,0.01160897221416235,0.45295363664627075,0.3837241530418396,-0.0065391878597438335,0.49580731987953186,0.4192677140235901,-0.009274011477828026,0.5263943672180176,0.4494324326515198,-0.006513633765280247,0.5275294184684753,0.45601868629455566,-0.0015242433873936534,0.5190817713737488,0.45271387696266174,-0.004171171225607395,0.5138995051383972,0.45491862297058105,-0.00045014452189207077,0.5212886929512024,0.4569791257381439,-0.000670350797008723,0.5162150263786316,0.45746782422065735,0.0026262877508997917,0.5062299370765686,0.4654409885406494,0.012457146309316158,0.5306591987609863,0.4265162944793701,-0.02955797128379345,0.5288385152816772,0.41931822896003723,-0.03356253355741501,0.4575207233428955,0.36525362730026245,-0.023955948650836945,0.5042414665222168,0.3933125436306,-0.014706406742334366,0.5122721195220947,0.42442604899406433,-0.018156370148062706,0.51043701171875,0.41909104585647583,-0.017567003145813942,0.4742985963821411,0.4226807951927185,-0.006643405184149742,0.5262284874916077,0.4078221023082733,-0.03318369388580322,0.4751605987548828,0.3551141023635864,-0.033149827271699905,0.46499931812286377,0.3590744435787201,-0.029815534129738808,0.43620556592941284,0.3280186057090759,-0.018025072291493416,0.5047022104263306,0.35643890500068665,-0.031165724620223045,0.4911787211894989,0.3615335524082184,-0.019097641110420227,0.5004501938819885,0.46012479066848755,0.010064268484711647,0.4549960494041443,0.45458245277404785,0.0551961250603199,0.5173397660255432,0.42779144644737244,-0.013753077015280724,0.5227472186088562,0.428866982460022,-0.011687352322041988,0.5065916180610657,0.457718163728714,0.009954784065485,0.5081310868263245,0.457899808883667,0.008882024325430393,0.4600299298763275,0.3542408347129822,-0.02950507216155529,0.5116809606552124,0.4266062378883362,-0.01368389930576086,0.48829755187034607,0.35402441024780273,-0.033735599368810654,0.48655760288238525,0.3475174009799957,-0.03736784681677818,0.4645196199417114,0.3026808500289917,-0.04039876535534859,0.44729092717170715,0.34004995226860046,-0.025155555456876755,0.47500959038734436,0.32271480560302734,-0.0399019755423069,0.4515487253665924,0.3614003360271454,-0.02111232653260231,0.4403093457221985,0.35224494338035583,-0.013137038797140121,0.5269206166267395,0.45300188660621643,-0.004749586805701256,0.5201883912086487,0.45492303371429443,-0.0025675874203443527,0.515029788017273,0.45619335770606995,0.0007085143588483334,0.5186830759048462,0.4285045266151428,-0.011594091542065144,0.5073985457420349,0.4578198492527008,0.009396512992680073,0.5110136866569519,0.4602106511592865,0.007936811074614525,0.5088616609573364,0.45798733830451965,0.008848849684000015,0.521594226360321,0.42655089497566223,-0.022906074300408363,0.5170496702194214,0.4584502875804901,0.004726416897028685,0.5221557021141052,0.45842087268829346,0.0032014227472245693,0.5280025005340576,0.45787644386291504,0.002529632532969117,0.5294094085693359,0.4747772514820099,0.014887933619320393,0.5283954739570618,0.470513254404068,0.006583482958376408,0.5281835794448853,0.466280072927475,0.004203826189041138,0.5279911756515503,0.46185851097106934,0.0041015599854290485,0.5278344750404358,0.4581369161605835,0.003129392396658659,0.5169298648834229,0.4586136043071747,0.005160726606845856,0.5162062644958496,0.4604237973690033,0.005622985307127237,0.5153659582138062,0.46274006366729736,0.005729295313358307,0.5147053599357605,0.4651571214199066,0.0072184172458946705,0.5075904726982117,0.44771745800971985,-0.0016100886277854443,0.4375658631324768,0.4145399034023285,0.04833180457353592,0.5344108939170837,0.42891544103622437,-0.01605464331805706,0.5130245685577393,0.45833486318588257,0.007179681211709976,0.5120410919189453,0.4592302739620209,0.007576020434498787,0.525364875793457,0.4313211143016815,-0.01032933034002781,0.5135747790336609,0.4299715459346771,-0.006907534319907427,0.5241231322288513,0.430145263671875,-0.011299578472971916,0.49846121668815613,0.39942649006843567,-0.012339871376752853,0.4889223277568817,0.40861377120018005,-0.011085741221904755,0.5092992186546326,0.4218711256980896,-0.013261080719530582,0.4471392035484314,0.314426988363266,-0.030816584825515747,0.4582688510417938,0.3299312889575958,-0.03369588404893875,0.4718876779079437,0.34888479113578796,-0.034919410943984985,0.5129557847976685,0.47008538246154785,0.01252785138785839,0.5019935369491577,0.34644901752471924,-0.037051912397146225,0.4916432201862335,0.31738242506980896,-0.04163851588964462,0.4827934503555298,0.29371827840805054,-0.04368827864527702,0.47203025221824646,0.3836411237716675,-0.014144442975521088,0.4562213122844696,0.39618948101997375,-0.005447618663311005,0.4980493485927582,0.37401703000068665,-0.013139182701706886,0.4603126645088196,0.3727099299430847,-0.01669948175549507,0.5082284808158875,0.3875334858894348,-0.017491810023784637,0.5167968273162842,0.422339528799057,-0.024311820045113564,0.44917964935302734,0.40218862891197205,0.0016687336610630155,0.46344834566116333,0.4019303321838379,-0.00810357928276062,0.47397035360336304,0.40364107489585876,-0.011009687557816505,0.4866495728492737,0.39844417572021484,-0.011596731841564178,0.49469172954559326,0.3921073079109192,-0.012038053013384342,0.500293493270874,0.38696032762527466,-0.013536361046135426,0.5167060494422913,0.376139760017395,-0.025844216346740723,0.45443195104599,0.42027729749679565,0.005613131448626518,0.45427411794662476,0.37322497367858887,-0.01586933247745037,0.5321308970451355,0.4289522171020508,-0.025407347828149796,0.507465660572052,0.4028863310813904,-0.014191378839313984,0.4286622703075409,0.3775317072868347,0.03013862855732441,0.5048814415931702,0.38218939304351807,-0.015057996846735477,0.5075989365577698,0.42100709676742554,-0.00709237577393651,0.46389278769493103,0.37568792700767517,-0.012464646250009537,0.5146496891975403,0.41569989919662476,-0.02352776750922203,0.44464460015296936,0.4344249367713928,0.05313163250684738,0.4965114891529083,0.37134024500846863,-0.013100661337375641,0.5203353762626648,0.41118788719177246,-0.029743965715169907,0.48181065917015076,0.47678929567337036,0.03312789276242256,0.4806820750236511,0.48242276906967163,0.046107616275548935,0.44365039467811584,0.4195016026496887,0.026753392070531845,0.46948978304862976,0.46714451909065247,0.035433463752269745,0.437244713306427,0.36621227860450745,0.000274921883828938,0.5160818099975586,0.4962890148162842,0.02907445654273033,0.5318657755851746,0.42948082089424133,-0.01608848012983799,0.5024889707565308,0.40991881489753723,-0.010954237543046474,0.44595521688461304,0.3858451545238495,-0.0015782954869791865,0.47866344451904297,0.37889528274536133,-0.01598205976188183,0.4843626916408539,0.37771880626678467,-0.01639181561768055,0.5100604295730591,0.4612681567668915,0.008968752808868885,0.4587651789188385,0.4360868036746979,0.013908603228628635,0.5278353691101074,0.5020806193351746,0.03570941463112831,0.5060765147209167,0.4962080717086792,0.03922884911298752,0.49496957659721375,0.4909079074859619,0.041970837861299515,0.5097201466560364,0.3113618791103363,-0.039617087692022324,0.5396310687065125,0.4987991452217102,0.037203963845968246,0.4888957738876343,0.37540310621261597,-0.01582552306354046,0.49299246072769165,0.3728218674659729,-0.014508543536067009,0.49556347727775574,0.37172701954841614,-0.013277345336973667,0.4475329518318176,0.3714646100997925,-0.011408851481974125,0.4901212453842163,0.36622828245162964,-0.017552295699715614,0.4842734634876251,0.3650040030479431,-0.019782736897468567,0.4787278473377228,0.3661939799785614,-0.020496906712651253,0.47336965799331665,0.3687613010406494,-0.01964561641216278,0.4701322019100189,0.37131813168525696,-0.017834609374403954,0.4276072382926941,0.3587634563446045,0.013914846815168858,0.47404399514198303,0.3784251809120178,-0.015054604969918728,0.5337167978286743,0.4355194866657257,-0.007456282619386911,0.5136414766311646,0.4425199627876282,-0.004811614751815796,0.5176708698272705,0.4272459149360657,-0.016732998192310333,0.5256831645965576,0.4384217858314514,-0.008290182799100876,0.519053041934967,0.35936012864112854,-0.02640612982213497,0.4939708709716797,0.484846830368042,0.03290804103016853,0.5047235488891602,0.49074453115463257,0.03165115788578987,0.5280929207801819,0.498574435710907,0.02741040475666523,0.4675857722759247,0.4708439111709595,0.05151136964559555,0.4944751560688019,0.3693666458129883,-0.015136285685002804,0.5156598687171936,0.39193499088287354,-0.024063266813755035,0.5401749610900879,0.49524179100990295,0.029086684808135033,0.5170536637306213,0.500537633895874,0.03623538464307785,0.4496272802352905,0.4370586574077606,0.032756876200437546,0.5220248103141785,0.4586741626262665,0.003719434840604663,0.5215732455253601,0.4616107940673828,0.004320010542869568,0.5212693810462952,0.46512478590011597,0.004390530288219452,0.5211910009384155,0.46902167797088623,0.006237975787371397,0.5206809639930725,0.4736020267009735,0.012649928219616413,0.5119464993476868,0.45765504240989685,0.005572471767663956,0.5107936859130859,0.4570417106151581,0.004938069265335798,0.5097659230232239,0.4563731849193573,0.004219125024974346,0.5028898119926453,0.45374321937561035,0.002984661376103759,0.4711453318595886,0.44050726294517517,0.004836077336221933,0.5124271512031555,0.3813595771789551,-0.021351303905248642,0.5024081468582153,0.3657456338405609,-0.01741180010139942,0.4972226917743683,0.3666094243526459,-0.016263926401734352,0.5130676031112671,0.4582676887512207,0.006930029951035976,0.4726927876472473,0.4577787220478058,0.020507238805294037,0.510348379611969,0.36572277545928955,-0.023809021338820457,0.5181414484977722,0.48111528158187866,0.018213126808404922,0.5287203192710876,0.3944539427757263,-0.031387027353048325,0.5202975869178772,0.3873610496520996,-0.028863122686743736,0.5258073210716248,0.384042352437973,-0.029368402436375618,0.5136173367500305,0.40636295080184937,-0.02054665982723236,0.5396745800971985,0.48870331048965454,0.023046303540468216,0.5383259654045105,0.48009318113327026,0.019917365163564682,0.5288081169128418,0.48278987407684326,0.018988249823451042,0.5005190372467041,0.47058597207069397,0.016383342444896698,0.502855122089386,0.4288546144962311,-0.004977592267096043,0.5087351202964783,0.4767938256263733,0.017897799611091614,0.4869418442249298,0.43216922879219055,-0.005687898024916649,0.4982222616672516,0.43888577818870544,-0.0027546947821974754,0.48290273547172546,0.4457134008407593,0.002013640245422721,0.528410792350769,0.49178147315979004,0.021733777597546577,0.5097528696060181,0.4105232357978821,-0.015302687883377075,0.49561798572540283,0.4774467349052429,0.023351656273007393,0.505997359752655,0.48372790217399597,0.024652525782585144,0.4937594532966614,0.46295300126075745,0.012114298529922962,0.4630778431892395,0.4486513137817383,0.021428514271974564,0.4844917356967926,0.4656686782836914,0.017009977251291275,0.4574752449989319,0.4528098702430725,0.036966342478990555,0.49444058537483215,0.44976258277893066,0.00196776888333261,0.5114484429359436,0.39723917841911316,-0.01879459246993065,0.5196733474731445,0.42592573165893555,-0.02476641722023487,0.5148612260818481,0.4270676076412201,-0.017537513747811317,0.5226735472679138,0.4208950698375702,-0.029538767412304878,0.49708062410354614,0.3607698082923889,-0.02241438627243042,0.48660311102867126,0.3585320711135864,-0.026401426643133163,0.477241188287735,0.35932934284210205,-0.027462290599942207,0.469281405210495,0.36233124136924744,-0.025881260633468628,0.4634871184825897,0.36674073338508606,-0.02259092964231968,0.45941609144210815,0.37964990735054016,-0.01038565393537283,0.4389280676841736,0.4016474783420563,0.019235705956816673,0.46807950735092163,0.39111512899398804,-0.010560916736721992,0.47636908292770386,0.3924807906150818,-0.012285351753234863,0.48534101247787476,0.3896491527557373,-0.012919925153255463,0.4926247000694275,0.3851529657840729,-0.012946697883307934,0.49776527285575867,0.38110101222991943,-0.012732108123600483,0.5015512108802795,0.37808331847190857,-0.01307010743767023,0.4325917661190033,0.39554592967033386,0.04080105200409889,0.5146034359931946,0.42806532979011536,-0.013972705230116844,0.5184319615364075,0.40129587054252625,-0.0260823592543602,0.5253849625587463,0.4263850152492523,-0.02806750312447548,0.5279520153999329,0.42850005626678467,-0.023630773648619652,0.5245800018310547,0.4269620478153229,-0.024914806708693504,0.5160039067268372,0.42936351895332336,-0.0106126694008708,0.5298765301704407,0.42906680703163147,-0.024781733751296997,0.5296122431755066,0.42964500188827515,-0.016772480681538582,0.49943527579307556,0.37154194712638855,-0.012934691272675991,0.5042591094970703,0.37343430519104004,-0.014870787970721722,0.5080715417861938,0.3755219578742981,-0.017781071364879608,0.4681714177131653,0.37322524189949036,-0.01584295742213726,0.46403196454048157,0.3715168237686157,-0.016708163544535637,0.5333458781242371,0.3933008313179016,-0.027812214568257332,0.5532462000846863,0.34342795610427856,0.004694970790296793,0.5393083095550537,0.424066424369812,-0.015510732308030128,0.5636591911315918,0.294373095035553,0.026337891817092896,0.5388918519020081,0.3586166799068451,-0.0030906887259334326,0.5447032451629639,0.35673490166664124,-0.0012531703105196357,0.5502442121505737,0.35415971279144287,0.0014018468791618943,0.5554760098457336,0.3451061546802521,0.007162774913012981,0.5341590642929077,0.35906559228897095,-0.004223377909511328,0.546202540397644,0.3350476920604706,-0.00851633120328188,0.5396437048912048,0.3386276662349701,-0.010536915622651577,0.5517984628677368,0.3335672616958618,-0.004849547054618597,0.5550415515899658,0.3342859447002411,-0.0011994607048109174,0.5611860156059265,0.3485623002052307,0.012327814474701881,0.5552793741226196,0.4711914360523224,0.03151587396860123,0.5546327829360962,0.3398963212966919,0.006535398308187723,0.5720019936561584,0.3313889801502228,0.040997035801410675,0.5652169585227966,0.338896244764328,0.017615336924791336,0.5539113879203796,0.3963964581489563,0.002945182379335165,0.539827823638916,0.4443115293979645,-0.00346015696413815,0.5397103428840637,0.4513443410396576,0.0012984710047021508,0.5448958873748779,0.4426550567150116,0.0021845430601388216,0.5478567481040955,0.4417310655117035,0.008365031331777573,0.5437003970146179,0.4483661353588104,0.004866799805313349,0.5463855266571045,0.44591110944747925,0.010098448023200035,0.5555011630058289,0.44495877623558044,0.023912277072668076,0.539823591709137,0.422661691904068,-0.02792186476290226,0.5397360920906067,0.41494065523147583,-0.031615111976861954,0.5631077885627747,0.3250606954097748,-0.0011494567152112722,0.5389474034309387,0.37967589497566223,-0.006712078116834164,0.5477550029754639,0.41034314036369324,-0.010795933194458485,0.5464516282081604,0.4049622118473053,-0.009976664558053017,0.5685499906539917,0.38534870743751526,0.013694132678210735,0.536665141582489,0.40367573499679565,-0.030703673139214516,0.5520888566970825,0.32669898867607117,-0.01727067492902279,0.5588982701301575,0.3240274488925934,-0.009965477511286736,0.5586066246032715,0.28380629420280457,0.008666888810694218,0.5293707847595215,0.3468778729438782,-0.02587546408176422,0.5341108441352844,0.34386011958122253,-0.009322124533355236,0.558621883392334,0.4363730847835541,0.023982614278793335,0.5714130997657776,0.40594691038131714,0.08259817212820053,0.5445852279663086,0.41688239574432373,-0.008299698121845722,0.541198194026947,0.42176514863967896,-0.008928198367357254,0.5515499711036682,0.44052404165267944,0.021979672834277153,0.5504515171051025,0.44175052642822266,0.019464295357465744,0.5604351758956909,0.3163255751132965,-0.008373791351914406,0.5474170446395874,0.4126240909099579,-0.00647607771679759,0.5423200130462646,0.33376508951187134,-0.022859152406454086,0.5425723791122437,0.3262023627758026,-0.026178965345025063,0.5382311344146729,0.27654367685317993,-0.025194009765982628,0.5594877004623413,0.2983136773109436,-0.0018255269387736917,0.5399881601333618,0.2988809645175934,-0.027066225185990334,0.564585268497467,0.3181920647621155,0.003258343320339918,0.5645860433578491,0.30577388405799866,0.013274205848574638,0.5399918556213379,0.4480360746383667,-0.00171442492865026,0.5443952083587646,0.445597767829895,0.0033882816787809134,0.5472095012664795,0.44376838207244873,0.008758443407714367,0.5435243248939514,0.4186519682407379,-0.007154582533985376,0.550984799861908,0.4411671757698059,0.020518651232123375,0.5495917797088623,0.44523829221725464,0.01726749911904335,0.5499081611633301,0.4423382580280304,0.019146760925650597,0.5435043573379517,0.41746821999549866,-0.01786564104259014,0.5456493496894836,0.4475896954536438,0.011825807392597198,0.5429241061210632,0.45049017667770386,0.008423248305916786,0.5391663908958435,0.4535783529281616,0.005429030396044254,0.5436289310455322,0.4686776101589203,0.017728473991155624,0.5419653058052063,0.4648754596710205,0.009585347026586533,0.5413456559181213,0.4608619809150696,0.007366453763097525,0.5402340292930603,0.45689600706100464,0.007178300525993109,0.5389474630355835,0.4537127614021301,0.006054835394024849,0.5454356670379639,0.44755837321281433,0.01225823350250721,0.5467032194137573,0.4484531879425049,0.01271527074277401,0.5479962229728699,0.44976693391799927,0.013072074390947819,0.5490223169326782,0.4513919949531555,0.015133828856050968,0.5535957217216492,0.42946022748947144,0.00860709510743618,0.571111798286438,0.3622080683708191,0.07885622978210449,0.5474613904953003,0.44513899087905884,0.016157282516360283,0.5485683679580688,0.44514715671539307,0.01657581329345703,0.5397671461105347,0.42595571279525757,-0.007600752636790276,0.5461190342903137,0.4173915386199951,-0.0012126846704632044,0.5404815673828125,0.42399361729621887,-0.008624737150967121,0.5445812940597534,0.3813704550266266,-0.0016236959490925074,0.554775595664978,0.38277667760849,0.003439520951360464,0.5469743013381958,0.40719524025917053,-0.005435420200228691,0.5508694052696228,0.2773710787296295,-0.00902776513248682,0.5517619848251343,0.2954111397266388,-0.014957784675061703,0.5527909994125366,0.31833356618881226,-0.01819271221756935,0.552728533744812,0.4530958831310272,0.021855877712368965,0.5300856232643127,0.33577102422714233,-0.03136623650789261,0.5264990329742432,0.30459994077682495,-0.034961387515068054,0.5231810808181763,0.27940869331359863,-0.03602197393774986,0.55399090051651,0.35002005100250244,0.0046866596676409245,0.5675939321517944,0.3514120876789093,0.018444042652845383,0.5312771797180176,0.3588341772556305,-0.004595729522407055,0.5600652694702148,0.3338904082775116,0.0051911636255681515,0.5350899696350098,0.3769046366214752,-0.011081119999289513,0.545961320400238,0.41064029932022095,-0.018325813114643097,0.5742967128753662,0.3532945513725281,0.028692809864878654,0.5665625929832458,0.3607400953769684,0.014308083802461624,0.561461329460144,0.368829607963562,0.008066008798778057,0.5509786605834961,0.37278783321380615,0.00296837673522532,0.5425626635551453,0.37270697951316833,-0.0009687168058007956,0.5368648171424866,0.371914267539978,-0.005219839513301849,0.5278297066688538,0.37174344062805176,-0.023112479597330093,0.5767940878868103,0.37182435393333435,0.03247367963194847,0.5640410780906677,0.3303721845149994,0.008122706785798073,0.5378971695899963,0.42645737528800964,-0.024096542969346046,0.5407899618148804,0.38991180062294006,-0.006541260983794928,0.568626880645752,0.3249424397945404,0.06165142357349396,0.5326159000396729,0.37049418687820435,-0.008575854822993279,0.5462877154350281,0.4060305655002594,0.0007014816510491073,0.556674063205719,0.33922645449638367,0.008278554305434227,0.5441715121269226,0.4040543735027313,-0.01742917113006115,0.5719819664955139,0.38298478722572327,0.08237350732088089,0.5306194424629211,0.3555203080177307,-0.0041692061349749565,0.5406960844993591,0.40307843685150146,-0.025310687720775604,0.5695709586143494,0.43806132674217224,0.05300228297710419,0.5673167705535889,0.4433666169643402,0.06680673360824585,0.5768755674362183,0.36663568019866943,0.05604995787143707,0.5735014081001282,0.42276686429977417,0.058856040239334106,0.5683393478393555,0.3169611096382141,0.02842375449836254,0.5564141869544983,0.4770028293132782,0.0384514257311821,0.5366504192352295,0.4275253415107727,-0.015264248475432396,0.5457868576049805,0.3930656313896179,-0.0015178014291450381,0.5681950449943542,0.337228000164032,0.024989139288663864,0.5486124753952026,0.3492014706134796,0.0005761505453847349,0.5437861680984497,0.3518911302089691,-0.001746703521348536,0.55051189661026,0.4455087184906006,0.019030721858143806,0.5771611332893372,0.3884134590625763,0.0397644117474556,0.5492017269134521,0.49175941944122314,0.041069697588682175,0.5588972568511963,0.4706612229347229,0.05258159711956978,0.5626046657562256,0.4589471220970154,0.05879027023911476,0.53878253698349,0.35332009196281433,-0.003318485803902149,0.5341774821281433,0.3542378842830658,-0.0037813251838088036,0.5316077470779419,0.35521623492240906,-0.003643117379397154,0.5660161972045898,0.3253147304058075,0.014405534602701664,0.5344485640525818,0.34704798460006714,-0.006533278618007898,0.5390563607215881,0.3424051105976105,-0.006948244292289019,0.5443003177642822,0.3397877514362335,-0.005563170183449984,0.5491613745689392,0.3388233184814453,-0.0026559969410300255,0.5519683957099915,0.3391917645931244,0.00034382144804112613,0.5670241713523865,0.3072415888309479,0.04490332305431366,0.5514984726905823,0.3462529182434082,0.002936409553512931,0.5491539239883423,0.42865315079689026,0.0029549612663686275,0.5449468493461609,0.4162083864212036,-0.011550688184797764,0.541000485420227,0.43248894810676575,-0.00505984527990222,0.5647132992744446,0.45245757699012756,0.048992473632097244,0.5604991912841797,0.4643884003162384,0.04430186375975609,0.5500827431678772,0.48808199167251587,0.03249731659889221,0.5699681639671326,0.4265071749687195,0.07601139694452286,0.5317870378494263,0.35232481360435486,-0.005283203907310963,0.5344192385673523,0.38453638553619385,-0.019746799021959305,0.5549894571304321,0.48207440972328186,0.04608268663287163,0.5770825743675232,0.3853539526462555,0.06076247990131378,0.5427036285400391,0.450549453496933,0.00897502712905407,0.5441353917121887,0.45259252190589905,0.009730412624776363,0.5453974604606628,0.45530956983566284,0.010090176947414875,0.5463427305221558,0.45866310596466064,0.012186067178845406,0.5490174889564514,0.46134084463119507,0.01939939521253109,0.5484182834625244,0.4437357187271118,0.014929134398698807,0.5492421984672546,0.4422966241836548,0.015176846645772457,0.5499484539031982,0.44092756509780884,0.015140082687139511,0.5569433569908142,0.43205782771110535,0.015814797952771187,0.5733227133750916,0.399234801530838,0.026795385405421257,0.5313526391983032,0.373910129070282,-0.016793807968497276,0.5278002619743347,0.35407543182373047,-0.011670980602502823,0.5300559997558594,0.3518618941307068,-0.00800992175936699,0.5475334525108337,0.4451933205127716,0.01594376377761364,0.573229193687439,0.41586679220199585,0.042613428086042404,0.5257125496864319,0.358740895986557,-0.02040780521929264,0.5522050857543945,0.46569305658340454,0.02571970410645008,0.5308584570884705,0.38316962122917175,-0.02655181474983692,0.5402390956878662,0.3959576487541199,-0.014934963546693325,0.5460793972015381,0.47495365142822266,0.02256547100841999,0.5603814125061035,0.44484877586364746,0.029636522755026817,0.5515725016593933,0.40973472595214844,0.004905383568257093,0.5565624237060547,0.45556536316871643,0.02832437865436077,0.5637063980102539,0.4014946222305298,0.010099387727677822,0.5575650334358215,0.4152333736419678,0.009722708724439144,0.568416953086853,0.410921573638916,0.02004760131239891,0.5489634275436401,0.48225802183151245,0.02647576294839382,0.542540967464447,0.39780399203300476,-0.008306863717734814,0.5642082095146179,0.44693174958229065,0.038596976548433304,0.5595204830169678,0.4591315984725952,0.03632887825369835,0.563790500164032,0.433771014213562,0.028212757781147957,0.5761829614639282,0.4022984206676483,0.04612449184060097,0.5690582990646362,0.4296529293060303,0.03563559800386429,0.5760951638221741,0.4036044478416443,0.06353595107793808,0.5619139075279236,0.42256733775138855,0.016819393262267113,0.537500262260437,0.3870184123516083,-0.012716691009700298,0.5451405048370361,0.4154386520385742,-0.019316552206873894,0.5469347834587097,0.41421082615852356,-0.011332808062434196,0.5432422757148743,0.4124833345413208,-0.02515523135662079,0.5317049622535706,0.3460550308227539,-0.014543328434228897,0.5406875014305115,0.33732226490974426,-0.014785749837756157,0.5487744808197021,0.3324424624443054,-0.012223844416439533,0.5550448894500732,0.3302677869796753,-0.007456254679709673,0.5586916208267212,0.33078229427337646,-0.0020012538880109787,0.5605140924453735,0.3395150899887085,0.011720572598278522,0.5751492977142334,0.3486371636390686,0.04929066076874733,0.5594524145126343,0.3544502258300781,0.009676892310380936,0.5550693869590759,0.36042916774749756,0.005340625066310167,0.5476218461990356,0.36387261748313904,0.0015573120908811688,0.5402529835700989,0.3649999499320984,-0.00154481315985322,0.5349333882331848,0.3650931119918823,-0.004124179948121309,0.5314760208129883,0.364906907081604,-0.006037296261638403,0.5694284439086914,0.3432214856147766,0.07218597829341888,0.5463175177574158,0.4154939353466034,-0.00788556132465601,0.5371499061584473,0.3938913643360138,-0.021682048216462135,0.5427057147026062,0.4190062880516052,-0.02459300309419632,0.5399318933486938,0.4232701063156128,-0.02159275859594345,0.5421684384346008,0.41947096586227417,-0.02134954184293747,0.5450929999351501,0.4180152416229248,-0.005494977813214064,0.5393355488777161,0.42495518922805786,-0.023128846660256386,0.5382042527198792,0.4260312616825104,-0.01537657342851162,0.5294374227523804,0.3575839102268219,-0.005520897917449474,0.5284024477005005,0.36245208978652954,-0.009330329485237598,0.5287541747093201,0.3663937747478485,-0.013176382519304752,0.5535752177238464,0.33965110778808594,0.0031392599921673536,0.5568727254867554,0.33562126755714417,0.0034614342730492353,0.4782887101173401,0.3724309802055359,-0.016112733632326126,0.48520493507385254,0.3700713515281677,-0.016112733632326126,0.4764987826347351,0.3633264899253845,-0.016112733632326126,0.47123074531555176,0.3747675120830536,-0.016112733632326126,0.48011496663093567,0.38148269057273865,-0.016112733632326126,0.540834903717041,0.3459305465221405,-0.0015885451575741172,0.5468180179595947,0.3433621823787689,-0.0015885451575741172,0.5392349362373352,0.3382106125354767,-0.0015885451575741172,0.5348122715950012,0.3484705984592438,-0.0015885451575741172,0.5425010919570923,0.3537321984767914,-0.0015885451575741172
3800.000000000006,0.5314881205558777,0.44920065999031067,-0.005672713275998831,0.5328921675682068,0.4252723455429077,-0.029603447765111923,0.5307297706604004,0.42987769842147827,-0.010857039131224155,0.5208801031112671,0.3972885012626648,-0.030654653906822205,0.5318982601165771,0.4175902009010315,-0.03374752774834633,0.5290414690971375,0.40546172857284546,-0.03430802747607231,0.520084023475647,0.3725886642932892,-0.027521692216396332,0.46733546257019043,0.3767739534378052,-0.013381610624492168,0.5146095156669617,0.3486952781677246,-0.030053893104195595,0.5125503540039062,0.33702388405799866,-0.03521982207894325,0.5013341307640076,0.2855590581893921,-0.0422222726047039,0.5318142771720886,0.4520931839942932,-0.003875001799315214,0.5319486260414124,0.45503973960876465,-0.0011139522539451718,0.5318755507469177,0.45703449845314026,0.003330870298668742,0.5316927433013916,0.45724278688430786,0.004111821297556162,0.5324344038963318,0.46097224950790405,0.00537432124838233,0.533044159412384,0.46517515182495117,0.005559446290135384,0.5334028005599976,0.4693024754524231,0.00820594746619463,0.5351340174674988,0.473427414894104,0.016582632437348366,0.5325437188148499,0.42817530035972595,-0.02545541152358055,0.5250893235206604,0.4290565848350525,-0.01768307574093342,0.427918016910553,0.3429787755012512,-0.001803454477339983,0.4885086417198181,0.37933406233787537,-0.014850085601210594,0.48238155245780945,0.3820860683917999,-0.015339217148721218,0.47569525241851807,0.38396647572517395,-0.014823327772319317,0.4648403525352478,0.38019177317619324,-0.011991359293460846,0.4933122396469116,0.37623831629753113,-0.013511743396520615,0.4740169942378998,0.36085331439971924,-0.02337006852030754,0.4817401170730591,0.35978394746780396,-0.02231304906308651,0.46739980578422546,0.3638755679130554,-0.021919559687376022,0.4633479714393616,0.3677081763744354,-0.019561056047677994,0.4599514901638031,0.3879745900630951,-0.008254410699009895,0.5143564939498901,0.48963040113449097,0.023620912805199623,0.4636930823326111,0.3746426999568939,-0.01236509345471859,0.43382325768470764,0.3831561207771301,0.013237283565104008,0.45014864206314087,0.38375332951545715,-0.00539915869012475,0.4931248724460602,0.41956254839897156,-0.008859531953930855,0.5239987373352051,0.4497283399105072,-0.006614424288272858,0.5251792073249817,0.45653384923934937,-0.0016208549495786428,0.5167903900146484,0.4531308710575104,-0.004116272088140249,0.5117554068565369,0.45549196004867554,-0.0002633055846672505,0.5190101861953735,0.4574798345565796,-0.0006546499207615852,0.514047384262085,0.45802876353263855,0.0027543953619897366,0.5040655136108398,0.4659767746925354,0.012989022769033909,0.527859091758728,0.42669183015823364,-0.02993045561015606,0.5259969830513,0.419484406709671,-0.033955883234739304,0.4533970057964325,0.36520957946777344,-0.02302735112607479,0.5016369819641113,0.3935379981994629,-0.014538425020873547,0.5095968246459961,0.42461055517196655,-0.018105775117874146,0.507783055305481,0.4193167984485626,-0.017494285479187965,0.47158506512641907,0.4230704605579376,-0.005809994414448738,0.5234377384185791,0.40795910358428955,-0.0335160456597805,0.47036826610565186,0.35513898730278015,-0.032686129212379456,0.4603247344493866,0.3590773642063141,-0.029091807082295418,0.4337718188762665,0.32779285311698914,-0.016864873468875885,0.5015990138053894,0.35643723607063293,-0.03122144192457199,0.4886902868747711,0.3613409996032715,-0.018842875957489014,0.49825847148895264,0.46056944131851196,0.010654364712536335,0.4533173441886902,0.4545377194881439,0.05726850777864456,0.5147491097450256,0.42794662714004517,-0.013743296265602112,0.5201853513717651,0.42902886867523193,-0.011758561246097088,0.5048040151596069,0.45848459005355835,0.010411728173494339,0.5063128471374512,0.458607941865921,0.009243293665349483,0.45540982484817505,0.354143351316452,-0.028705302625894547,0.5091016888618469,0.42681407928466797,-0.013590944930911064,0.48396143317222595,0.3540133535861969,-0.033542439341545105,0.4819152355194092,0.34744542837142944,-0.03719506412744522,0.4615802764892578,0.30240631103515625,-0.04011109471321106,0.4445105791091919,0.33983638882637024,-0.024172630161046982,0.4719799757003784,0.32257384061813354,-0.03964754194021225,0.44777777791023254,0.3612200915813446,-0.02006041631102562,0.4377868175506592,0.35198718309402466,-0.01187522429972887,0.5245394706726074,0.45343536138534546,-0.004856936167925596,0.5179021954536438,0.4553958475589752,-0.002540011890232563,0.5128719210624695,0.45676517486572266,0.0008535276865586638,0.5161327719688416,0.4286612868309021,-0.011581046506762505,0.5055898427963257,0.4585566818714142,0.009798193350434303,0.5090572237968445,0.4608539938926697,0.008287124335765839,0.5070288181304932,0.4586784839630127,0.009205169044435024,0.5188493728637695,0.42667537927627563,-0.023026444017887115,0.5148953795433044,0.45898908376693726,0.004873938858509064,0.5199045538902283,0.45891693234443665,0.0032638022676110268,0.5256861448287964,0.45841747522354126,0.002503099851310253,0.5272567272186279,0.47563084959983826,0.015348360873758793,0.526093602180481,0.4709029197692871,0.0068692974746227264,0.5258616209030151,0.4666680097579956,0.004418462980538607,0.5256916880607605,0.4623403251171112,0.0042898766696453094,0.5255476832389832,0.4586777687072754,0.0032665026374161243,0.5148043036460876,0.45916152000427246,0.005435691215097904,0.5140964984893799,0.4609493911266327,0.005928555969148874,0.5132884979248047,0.463260680437088,0.006044516805559397,0.5126607418060303,0.4657157063484192,0.007578891236335039,0.5051702260971069,0.4480171501636505,-0.00133625534363091,0.4358649253845215,0.41438934206962585,0.050482284277677536,0.5317748188972473,0.4290879964828491,-0.016316678375005722,0.5110224485397339,0.4589531719684601,0.007507192902266979,0.5100581049919128,0.4598533809185028,0.00791692454367876,0.5227938294410706,0.43149247765541077,-0.010396989062428474,0.5110716819763184,0.43017929792404175,-0.006795031018555164,0.5215582847595215,0.43031206727027893,-0.011372621171176434,0.49581149220466614,0.3996938169002533,-0.012017185799777508,0.48618435859680176,0.4089430272579193,-0.010553131811320782,0.5067089200019836,0.42211613059043884,-0.013127886690199375,0.4443809986114502,0.3142164349555969,-0.030079064890742302,0.45529890060424805,0.32975322008132935,-0.033056773245334625,0.4669550061225891,0.34879955649375916,-0.03442820534110069,0.5107735395431519,0.47073012590408325,0.013041035272181034,0.49830469489097595,0.3463389277458191,-0.03715810179710388,0.48874470591545105,0.31718385219573975,-0.04171913489699364,0.4799458086490631,0.2933249771595001,-0.04382183402776718,0.4691731929779053,0.38341307640075684,-0.013390935026109219,0.4532756507396698,0.39634111523628235,-0.0043581267818808556,0.49620404839515686,0.3738355040550232,-0.012866219505667686,0.4569931924343109,0.3726794421672821,-0.01576651819050312,0.5056279897689819,0.38772836327552795,-0.017417194321751595,0.5140143632888794,0.42250749468803406,-0.024399662390351295,0.446625292301178,0.40234747529029846,0.0029938395600765944,0.4601670503616333,0.40212973952293396,-0.007137519773095846,0.4705449342727661,0.4039453864097595,-0.010271560400724411,0.4836501479148865,0.39875829219818115,-0.011076257564127445,0.49222028255462646,0.39235177636146545,-0.011693378910422325,0.4981335997581482,0.3871475160121918,-0.013326219283044338,0.5141201615333557,0.3762826919555664,-0.025996457785367966,0.4518977403640747,0.42053669691085815,0.006933718454092741,0.4509645104408264,0.37317007780075073,-0.014817850664258003,0.529407262802124,0.429120272397995,-0.0257414523512125,0.50487220287323,0.4031103253364563,-0.014053613878786564,0.4269903004169464,0.37730416655540466,0.0321170948445797,0.5028256177902222,0.3823099434375763,-0.014934704639017582,0.5050826072692871,0.4212661683559418,-0.006887671072036028,0.4610395133495331,0.3756434917449951,-0.01155786495655775,0.511907696723938,0.41590064764022827,-0.02359132468700409,0.4429616630077362,0.43431660532951355,0.05528336390852928,0.494769424200058,0.3710442781448364,-0.01279432326555252,0.5175381302833557,0.4113563597202301,-0.029951198026537895,0.4797295928001404,0.47702258825302124,0.034445952624082565,0.4788229465484619,0.48244959115982056,0.04776676744222641,0.441458523273468,0.4195370674133301,0.028481706976890564,0.46745508909225464,0.4673163592815399,0.03694426268339157,0.434929758310318,0.36602622270584106,0.0017534231301397085,0.5139058232307434,0.49663054943084717,0.029966536909341812,0.529219388961792,0.4296504259109497,-0.016315558925271034,0.49988293647766113,0.4101787805557251,-0.010698163881897926,0.443660169839859,0.3858740031719208,-0.0002604727342259139,0.47566866874694824,0.37840041518211365,-0.015362697653472424,0.48156654834747314,0.37718379497528076,-0.015878627076745033,0.5081435441970825,0.46195846796035767,0.009358491748571396,0.45635706186294556,0.4363518953323364,0.015247374773025513,0.5257464051246643,0.502453088760376,0.03673809394240379,0.5040200352668762,0.4963409900665283,0.04054587706923485,0.4929957985877991,0.49098312854766846,0.04341726750135422,0.5071123838424683,0.3109990358352661,-0.03999095782637596,0.5376489162445068,0.49928319454193115,0.038020603358745575,0.48646172881126404,0.3748760223388672,-0.015405201353132725,0.49094387888908386,0.37239494919776917,-0.014146589674055576,0.49373921751976013,0.3713911473751068,-0.01294042356312275,0.4446951150894165,0.3713301718235016,-0.010204635560512543,0.48784810304641724,0.36601677536964417,-0.017223484814167023,0.4816308617591858,0.3648153841495514,-0.019379891455173492,0.4758075475692749,0.3660394847393036,-0.019991176202893257,0.4703378677368164,0.36867305636405945,-0.019025450572371483,0.4671010673046112,0.3712705373764038,-0.017133893445134163,0.4258115887641907,0.35850274562835693,0.015673447400331497,0.4710426926612854,0.3779977858066559,-0.014337167143821716,0.5312113165855408,0.43567800521850586,-0.007630771491676569,0.5111315250396729,0.442770391702652,-0.004642448853701353,0.5150206685066223,0.4273796081542969,-0.016761764883995056,0.52312833070755,0.4385943114757538,-0.008328518830239773,0.5165976285934448,0.35935521125793457,-0.026666823774576187,0.4918576776981354,0.4850933849811554,0.03406431898474693,0.5025728344917297,0.4909991919994354,0.032678015530109406,0.5259485840797424,0.4990515410900116,0.02811923436820507,0.4658401608467102,0.47084933519363403,0.053401511162519455,0.49253687262535095,0.36908531188964844,-0.014815244823694229,0.5129957795143127,0.39209842681884766,-0.02416715957224369,0.5381326079368591,0.49582546949386597,0.029596727341413498,0.5149430632591248,0.5007839798927307,0.03742475435137749,0.44750475883483887,0.437129944562912,0.03447592258453369,0.5198039412498474,0.4591687023639679,0.003931630402803421,0.5193662047386169,0.46206822991371155,0.004580074921250343,0.5190773010253906,0.4655448794364929,0.004672260023653507,0.5190212726593018,0.4694565534591675,0.006571562495082617,0.5184939503669739,0.47436845302581787,0.013142792508006096,0.5099437236785889,0.4582884609699249,0.005821893457323313,0.5088104009628296,0.4577082395553589,0.005223117768764496,0.5078163146972656,0.45706015825271606,0.004535207990556955,0.5006084442138672,0.45411229133605957,0.0034133666194975376,0.4686463177204132,0.44085952639579773,0.005860381294041872,0.5098270177841187,0.3815229833126068,-0.02138805203139782,0.5004484057426453,0.36556437611579895,-0.017326803877949715,0.49528542160987854,0.3664233088493347,-0.016035711392760277,0.511053204536438,0.45886993408203125,0.007184839341789484,0.4704703092575073,0.4580635726451874,0.02174316719174385,0.5081392526626587,0.3656742572784424,-0.023892665281891823,0.515927791595459,0.48172178864479065,0.018865961581468582,0.5260724425315857,0.3945562541484833,-0.0317823551595211,0.5176480412483215,0.3874996602535248,-0.029094433411955833,0.523232638835907,0.3841419816017151,-0.02970780059695244,0.5109353065490723,0.4065617322921753,-0.020580250769853592,0.53759765625,0.48938021063804626,0.023520110175013542,0.5362524390220642,0.4808885455131531,0.02036268264055252,0.5266414880752563,0.4835110008716583,0.019565092399716377,0.4983072876930237,0.4710453450679779,0.017099754884839058,0.5003172755241394,0.4291257858276367,-0.004659584723412991,0.5065092444419861,0.4773107171058655,0.018586620688438416,0.4842801094055176,0.43253880739212036,-0.00506553566083312,0.49569904804229736,0.43920570611953735,-0.0023234307300299406,0.4804157316684723,0.44607630372047424,0.002793455496430397,0.5262374877929688,0.49235785007476807,0.022381488233804703,0.5071463584899902,0.4107523262500763,-0.015216877683997154,0.4934117794036865,0.4778158962726593,0.024302799254655838,0.5037723779678345,0.4841180741786957,0.02552482672035694,0.4914975166320801,0.4633690118789673,0.012879899702966213,0.46082741022109985,0.4488903284072876,0.02280294895172119,0.48224470019340515,0.4660308063030243,0.018001507967710495,0.45542675256729126,0.45291978120803833,0.038651514798402786,0.4920697510242462,0.4501303732395172,0.0025383129250258207,0.5088146328926086,0.3974273204803467,-0.018773343414068222,0.5169022083282471,0.4260612726211548,-0.02489117719233036,0.5121961236000061,0.42722344398498535,-0.017534619197249413,0.5198400020599365,0.42105501890182495,-0.029761848971247673,0.4944641590118408,0.36058807373046875,-0.02228246070444584,0.4830559492111206,0.3582976758480072,-0.026108723133802414,0.473160982131958,0.35925859212875366,-0.026989256963133812,0.4651290774345398,0.362391859292984,-0.02522074617445469,0.4596516489982605,0.36680346727371216,-0.021779123693704605,0.45654913783073425,0.37962639331817627,-0.009386088699102402,0.43671995401382446,0.40162190794944763,0.02093210257589817,0.46504613757133484,0.39113667607307434,-0.009724883362650871,0.4733128845691681,0.39253050088882446,-0.011599646881222725,0.4825819730758667,0.3896738290786743,-0.012403574772179127,0.49030470848083496,0.3851194977760315,-0.012598339468240738,0.4958125352859497,0.38107553124427795,-0.012480368837714195,0.4997536540031433,0.3780401051044464,-0.012894924730062485,0.43090033531188965,0.3953624367713928,0.04289280250668526,0.5120128989219666,0.42824482917785645,-0.013929616659879684,0.5157039165496826,0.40146058797836304,-0.026226339861750603,0.5225743651390076,0.42652928829193115,-0.028328483924269676,0.5252318978309631,0.42862972617149353,-0.02390206605195999,0.5218145847320557,0.4270790219306946,-0.025129355490207672,0.5134735107421875,0.4295464754104614,-0.01057392731308937,0.5271422266960144,0.4292227029800415,-0.025092793628573418,0.5269643068313599,0.42980024218559265,-0.016979625448584557,0.49766749143600464,0.37135493755340576,-0.012701310217380524,0.5025152564048767,0.3733472228050232,-0.0147749288007617,0.5060442090034485,0.37555164098739624,-0.017756802961230278,0.4651866555213928,0.3731619715690613,-0.015069941990077496,0.46081796288490295,0.3715178370475769,-0.015879923477768898,0.5308039784431458,0.39338189363479614,-0.028284842148423195,0.5518393516540527,0.34305471181869507,0.003948246594518423,0.5367163419723511,0.42423921823501587,-0.015852216631174088,0.5626081824302673,0.2936302423477173,0.025469480082392693,0.5370619893074036,0.3584723472595215,-0.0036788517609238625,0.5429719686508179,0.35656169056892395,-0.0019241072004660964,0.5486510396003723,0.3540046811103821,0.0006747847073711455,0.5540907382965088,0.34486961364746094,0.006389440968632698,0.5322899222373962,0.35895684361457825,-0.004683529492467642,0.5448291301727295,0.3347548246383667,-0.009235055185854435,0.5381379723548889,0.3384350538253784,-0.01114657148718834,0.5505064129829407,0.33320319652557373,-0.0056266337633132935,0.5537643432617188,0.33390042185783386,-0.0020026022102683783,0.5598933696746826,0.3485260605812073,0.011535104364156723,0.5535435676574707,0.47179579734802246,0.03159604221582413,0.5532930493354797,0.33951467275619507,0.005784445442259312,0.5712195634841919,0.3309744596481323,0.04020873084664345,0.5641082525253296,0.33884045481681824,0.016791116446256638,0.5520606637001038,0.3964981436729431,0.0023937560617923737,0.5375851988792419,0.4448310136795044,-0.003795246360823512,0.5374585390090942,0.45206984877586365,0.00099463714286685,0.542789101600647,0.4435533583164215,0.0017500333487987518,0.5458340644836426,0.4429650604724884,0.00786386989057064,0.5415535569190979,0.44928666949272156,0.004463630728423595,0.5443334579467773,0.44706013798713684,0.009658151306211948,0.5537430644035339,0.4456382393836975,0.02353975549340248,0.5371378064155579,0.42283377051353455,-0.028424378484487534,0.537041425704956,0.4150748550891876,-0.03216386213898659,0.5620793700218201,0.32470762729644775,-0.002050928771495819,0.5369418263435364,0.3797169625759125,-0.00716488528996706,0.5454472303390503,0.4105161130428314,-0.011324329301714897,0.5442190766334534,0.4051220118999481,-0.010500128380954266,0.5671100616455078,0.3854837715625763,0.012894503772258759,0.5340439081192017,0.4037661850452423,-0.03123275563120842,0.5509383678436279,0.32636183500289917,-0.01806018501520157,0.5578622817993164,0.32360032200813293,-0.010825414210557938,0.5574080944061279,0.28297391533851624,0.007716871332377195,0.5276849269866943,0.3470606803894043,-0.02633281797170639,0.5324644446372986,0.34374016523361206,-0.00982723943889141,0.55684494972229,0.43697166442871094,0.02346705086529255,0.5708943605422974,0.40598568320274353,0.08243975788354874,0.5421695709228516,0.4170958995819092,-0.008711496368050575,0.5386890769004822,0.42196160554885864,-0.00920750480145216,0.5496520400047302,0.44227638840675354,0.021487180143594742,0.5485252737998962,0.4433998167514801,0.018998118117451668,0.5594589710235596,0.3158907890319824,-0.009261931292712688,0.5451321005821228,0.4128437638282776,-0.0069475434720516205,0.5409658551216125,0.3336510956287384,-0.02351762354373932,0.5412877202033997,0.32597941160202026,-0.02688775770366192,0.536422610282898,0.2757425308227539,-0.02611689083278179,0.5581011772155762,0.2974737286567688,-0.002719916868954897,0.5379998087882996,0.2982569634914398,-0.027845732867717743,0.5636072158813477,0.3178817629814148,0.0023535946384072304,0.5633942484855652,0.3049751818180084,0.01239002589136362,0.5377468466758728,0.44868603348731995,-0.002054868033155799,0.5422691702842712,0.4465144872665405,0.0029603547882288694,0.5451721549034119,0.4449644982814789,0.0082812225446105,0.5410740375518799,0.4188760817050934,-0.007495589554309845,0.5490720868110657,0.44286656379699707,0.02004500851035118,0.5475689768791199,0.4466637074947357,0.0168879646807909,0.5479584336280823,0.44395196437835693,0.018699172884225845,0.5410084128379822,0.4176137447357178,-0.018381670117378235,0.5435500144958496,0.4487154483795166,0.011432085186243057,0.5407364368438721,0.45140400528907776,0.008090933784842491,0.5368945598602295,0.45432665944099426,0.005189445801079273,0.5416609644889832,0.4695512354373932,0.017978224903345108,0.5395194292068481,0.4654955267906189,0.009648101404309273,0.538914680480957,0.4614771604537964,0.007356437388807535,0.5378945469856262,0.4575839936733246,0.007136691361665726,0.5366960763931274,0.45443350076675415,0.005976490676403046,0.543355405330658,0.448630690574646,0.011981143616139889,0.5445857048034668,0.44952869415283203,0.012469298206269741,0.5458436608314514,0.45086294412612915,0.01282013114541769,0.5468471050262451,0.4525257647037506,0.014870138838887215,0.5515418648719788,0.42980775237083435,0.008069508709013462,0.5706422328948975,0.3619534969329834,0.07851354032754898,0.5454374551773071,0.44646385312080383,0.01578604243695736,0.5465437769889832,0.44651269912719727,0.016212277114391327,0.5372855067253113,0.42612987756729126,-0.007876691408455372,0.5438170433044434,0.41763824224472046,-0.0015524099580943584,0.537983775138855,0.424174964427948,-0.008901908062398434,0.5427066683769226,0.38140544295310974,-0.002146810060366988,0.5530710220336914,0.3828311860561371,0.002820740919560194,0.5447860956192017,0.4073842763900757,-0.005918455310165882,0.5494363903999329,0.2765178680419922,-0.010007346048951149,0.5501289963722229,0.29461365938186646,-0.015826169401407242,0.5516979098320007,0.31791049242019653,-0.019033174961805344,0.550936758518219,0.4538486897945404,0.021626975387334824,0.5285365581512451,0.33580029010772705,-0.031916942447423935,0.5242064595222473,0.3041326403617859,-0.03557782992720604,0.521006166934967,0.27871328592300415,-0.036763980984687805,0.5525203347206116,0.3498351573944092,0.003924455028027296,0.5664239525794983,0.3515024781227112,0.01759999617934227,0.5293920636177063,0.35874325037002563,-0.0049962569028139114,0.5588815212249756,0.3335820734500885,0.0043447623029351234,0.5329834818840027,0.37693873047828674,-0.011500513181090355,0.5435466170310974,0.4107685685157776,-0.018886979669332504,0.5733233690261841,0.3531202971935272,0.027815867215394974,0.5652663111686707,0.36091047525405884,0.013459562323987484,0.5599907636642456,0.3690590560436249,0.007274398114532232,0.5492649674415588,0.37304261326789856,0.0023249529767781496,0.5407058000564575,0.37292128801345825,-0.001501578721217811,0.5349284410476685,0.3720930814743042,-0.005659191403537989,0.5254805684089661,0.3718021810054779,-0.02347612753510475,0.5757691860198975,0.3718450367450714,0.031598616391420364,0.5629677772521973,0.33013466000556946,0.007234406657516956,0.5352391004562378,0.4266294836997986,-0.024533599615097046,0.5386785268783569,0.3899954855442047,-0.007003599777817726,0.5679308176040649,0.32448673248291016,0.061074189841747284,0.530622124671936,0.37063488364219666,-0.008962281048297882,0.5441713333129883,0.40622785687446594,0.00028573983581736684,0.5553613305091858,0.338898628950119,0.007505122572183609,0.5418417453765869,0.4041687548160553,-0.017971118912100792,0.571516752243042,0.3828597068786621,0.08214791119098663,0.5287718772888184,0.35539135336875916,-0.00456838496029377,0.5382188558578491,0.40316492319107056,-0.02587072364985943,0.5684647560119629,0.4385194480419159,0.05268241837620735,0.5663631558418274,0.44370537996292114,0.06678897887468338,0.5762160420417786,0.36649346351623535,0.055370867252349854,0.5726001858711243,0.42310333251953125,0.0584421381354332,0.5673439502716064,0.3163529634475708,0.027597220614552498,0.5547380447387695,0.4775386452674866,0.038580626249313354,0.5340337157249451,0.42770007252693176,-0.015552992932498455,0.5438063740730286,0.3931589722633362,-0.0020060804672539234,0.5671715140342712,0.3372894525527954,0.02414035238325596,0.5470440983772278,0.3488306999206543,-0.00014530628686770797,0.5420981645584106,0.35153520107269287,-0.0024135981220752,0.548490583896637,0.44701042771339417,0.01862947642803192,0.5761463642120361,0.38855311274528503,0.03900327533483505,0.5474124550819397,0.4922525882720947,0.04166495427489281,0.5574831962585449,0.47108882665634155,0.05281689390540123,0.561403214931488,0.45935726165771484,0.05887174233794212,0.5370042324066162,0.35300755500793457,-0.0038977558724582195,0.5323504209518433,0.3540008068084717,-0.004272976890206337,0.5297635793685913,0.3550485372543335,-0.004068499431014061,0.5650213360786438,0.32516223192214966,0.013517255894839764,0.532788097858429,0.34693095088005066,-0.007066577207297087,0.5375092029571533,0.3422478139400482,-0.007554612588137388,0.5428382158279419,0.33954858779907227,-0.006238116417080164,0.5477674603462219,0.33850452303886414,-0.0033867608290165663,0.5506068468093872,0.3388357162475586,-0.00041088281432166696,0.5661143064498901,0.30665093660354614,0.044179052114486694,0.5500214695930481,0.3458821177482605,0.0021955270785838366,0.5469728708267212,0.42891719937324524,0.0025176769122481346,0.5425161123275757,0.4163952171802521,-0.011982787400484085,0.5385856628417969,0.43266183137893677,-0.005345333367586136,0.5634235739707947,0.4529602527618408,0.048831064254045486,0.559016764163971,0.4649016261100769,0.04429498687386513,0.5482174754142761,0.48866555094718933,0.03280012309551239,0.569271981716156,0.4267141819000244,0.07592552900314331,0.5300101041793823,0.35219043493270874,-0.0057365549728274345,0.5320898294448853,0.3845936954021454,-0.020188195630908012,0.5533742904663086,0.48253321647644043,0.046468231827020645,0.5764318108558655,0.3853505551815033,0.060184624046087265,0.5405335426330566,0.4514004588127136,0.008791073225438595,0.5418920516967773,0.45342934131622314,0.009577651508152485,0.5430806279182434,0.4561326503753662,0.009934130124747753,0.5439962148666382,0.4594903588294983,0.012054053135216236,0.5471560955047607,0.4621727466583252,0.019362179562449455,0.5464376211166382,0.44513949751853943,0.014458523131906986,0.5472728610038757,0.44376689195632935,0.01466454565525055,0.5479742884635925,0.4424629211425781,0.014598670415580273,0.5550111532211304,0.43254610896110535,0.015223429538309574,0.5720083117485046,0.3994792699813843,0.026060165837407112,0.5291333198547363,0.3739417791366577,-0.017176177352666855,0.5259278416633606,0.3541240394115448,-0.012027247808873653,0.5282374620437622,0.3517916202545166,-0.008419910445809364,0.5455137491226196,0.4465431869029999,0.015505318529903889,0.5720731019973755,0.4162154495716095,0.042054664343595505,0.5237650275230408,0.3588908016681671,-0.020752254873514175,0.5504276752471924,0.46640101075172424,0.025772690773010254,0.5284008979797363,0.38324499130249023,-0.026963386684656143,0.537975013256073,0.3960413634777069,-0.015408639796078205,0.5441439747810364,0.4757222533226013,0.02285885438323021,0.5587732195854187,0.44545242190361023,0.02928738482296467,0.5495796799659729,0.409928560256958,0.004448079038411379,0.5549118518829346,0.45620959997177124,0.028172576799988747,0.5620235204696655,0.40169888734817505,0.00946830864995718,0.5556845664978027,0.4154898524284363,0.009166808798909187,0.5668522119522095,0.4112389385700226,0.019385309889912605,0.547039806842804,0.4829176068305969,0.026745999231934547,0.5403758883476257,0.3979184925556183,-0.008771991357207298,0.5627756118774414,0.4474865198135376,0.03830821067094803,0.5579651594161987,0.45971256494522095,0.03625268489122391,0.5621827244758606,0.43430256843566895,0.02769271470606327,0.5751885771751404,0.40252333879470825,0.04548879712820053,0.5676900148391724,0.43013516068458557,0.035126592963933945,0.5753864049911499,0.4037610590457916,0.06304286420345306,0.5601221323013306,0.42297205328941345,0.01621834747493267,0.5352893471717834,0.3870773911476135,-0.013169528916478157,0.5426644086837769,0.41558408737182617,-0.019870080053806305,0.5445621013641357,0.41439375281333923,-0.011816252022981644,0.5406792163848877,0.4126055836677551,-0.025718504562973976,0.5300126671791077,0.34606683254241943,-0.01502277422696352,0.5392257571220398,0.33714357018470764,-0.015405296348035336,0.5474764704704285,0.33210229873657227,-0.012962253764271736,0.5538497567176819,0.3298405110836029,-0.00827487837523222,0.557532012462616,0.33037498593330383,-0.0028542191721498966,0.5592710375785828,0.33932173252105713,0.010923905298113823,0.5744450092315674,0.34836435317993164,0.04852017015218735,0.5580688714981079,0.3544454872608185,0.008892187848687172,0.5535425543785095,0.3604757785797119,0.00461086118593812,0.5459142327308655,0.36391302943229675,0.0009136180160567164,0.5384127497673035,0.3650467097759247,-0.0021039671264588833,0.533026397228241,0.36515700817108154,-0.004555818624794483,0.5295207500457764,0.3649812936782837,-0.006416343152523041,0.5688836574554443,0.34286075830459595,0.07172682881355286,0.5439613461494446,0.41571342945098877,-0.008319860324263573,0.5347513556480408,0.3939579725265503,-0.022173253819346428,0.5401033163070679,0.4191565215587616,-0.02513180300593376,0.5373313426971436,0.4234241843223572,-0.022023623809218407,0.539609968662262,0.41961002349853516,-0.021845530718564987,0.5427107810974121,0.41825059056282043,-0.005852776579558849,0.5367076396942139,0.4251169264316559,-0.02356557548046112,0.5356027483940125,0.4262019097805023,-0.01569031924009323,0.5275462865829468,0.3575124740600586,-0.005867880769073963,0.5264276266098022,0.3625255525112152,-0.009665044955909252,0.526742160320282,0.36650484800338745,-0.01351086050271988,0.5522279739379883,0.33927950263023376,0.002380244666710496,0.5556005239486694,0.3352527618408203,0.002663141116499901,0.4763614237308502,0.37219420075416565,-0.015578175894916058,0.4834032654762268,0.369845986366272,-0.015578175894916058,0.4746530055999756,0.363204687833786,-0.015578175894916058,0.4692094922065735,0.37456265091896057,-0.015578175894916058,0.4780663847923279,0.38113975524902344,-0.015578175894916058,0.5392402410507202,0.3458268940448761,-0.0022157225757837296,0.5453650951385498,0.3431771993637085,-0.0022157225757837296,0.5377499461174011,0.338212788105011,-0.0022157225757837296,0.5330755114555359,0.3484482765197754,-0.0022157225757837296,0.5407905578613281,0.35350164771080017,-0.0022157225757837296
3833.3333333333394,0.531718909740448,0.44867920875549316,-0.005868218373507261,0.532659113407135,0.42525941133499146,-0.029522692784667015,0.530617356300354,0.42983660101890564,-0.010861965827643871,0.5207341313362122,0.3972662389278412,-0.030493224039673805,0.5316600799560547,0.4176085889339447,-0.03363673388957977,0.5288323760032654,0.4054816961288452,-0.03417062386870384,0.5199460387229919,0.37248000502586365,-0.027292819693684578,0.46740612387657166,0.3762066662311554,-0.013187156990170479,0.5143979787826538,0.34804344177246094,-0.029750710353255272,0.5123357772827148,0.3363090753555298,-0.03487560525536537,0.5012843012809753,0.2853356897830963,-0.041827913373708725,0.5320624113082886,0.45161521434783936,-0.004090426489710808,0.5322226285934448,0.4546121656894684,-0.001334469416178763,0.5321725606918335,0.45664820075035095,0.00310055841691792,0.5319831371307373,0.45685869455337524,0.004069979768246412,0.5327529907226562,0.46062979102134705,0.00534965842962265,0.5333950519561768,0.4648584723472595,0.005603132303804159,0.533782958984375,0.4690225422382355,0.008356739766895771,0.5353244543075562,0.47364240884780884,0.01685214973986149,0.532336950302124,0.42814502120018005,-0.025394590571522713,0.525041401386261,0.42898279428482056,-0.017642514780163765,0.4279875159263611,0.3422296643257141,-0.001480663544498384,0.4885728657245636,0.3792365789413452,-0.014735814183950424,0.48239246010780334,0.38194897770881653,-0.015193626284599304,0.47568610310554504,0.3837149143218994,-0.014651085250079632,0.46485739946365356,0.3796626925468445,-0.011802442371845245,0.4934540390968323,0.37608736753463745,-0.013388126157224178,0.4741989076137543,0.3606928288936615,-0.023103343322873116,0.4819352328777313,0.35968464612960815,-0.022087711840867996,0.46758541464805603,0.3636002540588379,-0.02163706161081791,0.4635154902935028,0.36729517579078674,-0.01929471269249916,0.4599406123161316,0.3874889612197876,-0.00808307807892561,0.5144771337509155,0.48915913701057434,0.02381296269595623,0.4637923836708069,0.37399953603744507,-0.012157760560512543,0.43385154008865356,0.38240137696266174,0.01336875930428505,0.4501362144947052,0.3832292854785919,-0.005196954123675823,0.49323341250419617,0.41936948895454407,-0.008793105371296406,0.5241503715515137,0.44916266202926636,-0.006750510539859533,0.5253742933273315,0.4560837149620056,-0.0018098516156896949,0.5167911648750305,0.452450692653656,-0.004237939603626728,0.5116269588470459,0.4547571837902069,-0.00039373175241053104,0.5190766453742981,0.45696204900741577,-0.0008355875033885241,0.5139853954315186,0.4574480652809143,0.0025712959468364716,0.5045651197433472,0.46593308448791504,0.012958449311554432,0.5276769399642944,0.42666417360305786,-0.02983587048947811,0.5258103609085083,0.4194846451282501,-0.03383028507232666,0.4535107910633087,0.36486807465553284,-0.02263149619102478,0.5016321539878845,0.39333993196487427,-0.014438844285905361,0.5097655057907104,0.4245072901248932,-0.018039600923657417,0.5079405903816223,0.4192207455635071,-0.017431842163205147,0.47172197699546814,0.4227868616580963,-0.005724694114178419,0.5232628583908081,0.4079596996307373,-0.03336377069354057,0.47059622406959534,0.3550724685192108,-0.032237693667411804,0.4605296850204468,0.358912855386734,-0.0286275465041399,0.4338122010231018,0.3271103501319885,-0.01646873541176319,0.5017619132995605,0.3566557466983795,-0.030881041660904884,0.4888871908187866,0.36126473546028137,-0.01867329142987728,0.4988413155078888,0.4604359269142151,0.010587613098323345,0.4534160792827606,0.4535614252090454,0.05712534114718437,0.5149198174476624,0.42784377932548523,-0.01371775846928358,0.5202719569206238,0.4289453327655792,-0.011727198027074337,0.5045127272605896,0.45779791474342346,0.010274941101670265,0.5060267448425293,0.4579707384109497,0.009084803983569145,0.45554789900779724,0.3538602888584137,-0.028247777372598648,0.5093256831169128,0.42670395970344543,-0.013549200259149075,0.4842146337032318,0.3540762960910797,-0.03314264863729477,0.4821273684501648,0.3474075496196747,-0.036767587065696716,0.4615490436553955,0.3019832670688629,-0.03965229168534279,0.44446319341659546,0.33902305364608765,-0.02374682016670704,0.4718572199344635,0.32200291752815247,-0.03920051082968712,0.44781893491744995,0.36073487997055054,-0.01966298371553421,0.43779197335243225,0.3511366546154022,-0.011528878472745419,0.5247094631195068,0.45291656255722046,-0.005026248283684254,0.5179355144500732,0.4547981321811676,-0.0027005826123058796,0.5127755999565125,0.456106960773468,0.0006933516706340015,0.5163028836250305,0.42856091260910034,-0.011546489782631397,0.5053011178970337,0.4578956067562103,0.009652557782828808,0.5089169144630432,0.46036583185195923,0.008202504366636276,0.5067489147186279,0.45806390047073364,0.009056763723492622,0.5188694596290588,0.4266138970851898,-0.022946082055568695,0.5148612856864929,0.4584718942642212,0.004681102000176907,0.5200017094612122,0.45846983790397644,0.003062229137867689,0.5259042382240295,0.4580250382423401,0.002300580497831106,0.5274642705917358,0.47580716013908386,0.015628281980752945,0.5264419913291931,0.4706331193447113,0.007036899216473103,0.5261724591255188,0.4663519561290741,0.004509447608143091,0.5259608030319214,0.461999773979187,0.004298604559153318,0.5257792472839355,0.45831066370010376,0.0032512200996279716,0.5147941708564758,0.4587571620941162,0.005384120158851147,0.5141183137893677,0.4605656862258911,0.005907111335545778,0.513327956199646,0.46290335059165955,0.006044760812073946,0.5127335786819458,0.4653877019882202,0.007593743968755007,0.5055420994758606,0.44785550236701965,-0.0014149717753753066,0.43589287996292114,0.41342222690582275,0.05042940005660057,0.5316049456596375,0.42903754115104675,-0.016296368092298508,0.5108602643013,0.4584667682647705,0.0074134585447609425,0.5099053382873535,0.45936891436576843,0.007833315059542656,0.522840678691864,0.43141546845436096,-0.010381164029240608,0.5112948417663574,0.43006548285484314,-0.006795860826969147,0.5216223001480103,0.4302350878715515,-0.011343209072947502,0.49584218859672546,0.39947137236595154,-0.011921767145395279,0.48624250292778015,0.4087178707122803,-0.010424789972603321,0.506910502910614,0.42200708389282227,-0.013089563697576523,0.444376140832901,0.3136467933654785,-0.029637636616826057,0.4551929533481598,0.32902321219444275,-0.03261001408100128,0.4671502411365509,0.3486093282699585,-0.03398396447300911,0.5111411213874817,0.47077345848083496,0.013097996823489666,0.49840474128723145,0.3464095890522003,-0.03676815703511238,0.4886395037174225,0.3167712390422821,-0.04130209982395172,0.47990670800209045,0.29303374886512756,-0.043393298983573914,0.4691822826862335,0.38300952315330505,-0.013203454203903675,0.4532405436038971,0.39583641290664673,-0.004216580186039209,0.49640801548957825,0.3736515939235687,-0.012742939405143261,0.4570436179637909,0.37218397855758667,-0.01550236064940691,0.5055792927742004,0.3875468671321869,-0.0172977726906538,0.5140424966812134,0.4224424362182617,-0.02430368773639202,0.44662338495254517,0.4017850458621979,0.0031031169928610325,0.46012452244758606,0.4017640948295593,-0.007017593365162611,0.47048714756965637,0.403739333152771,-0.010168484412133694,0.48357850313186646,0.3987352252006531,-0.01096037682145834,0.49219033122062683,0.3924065828323364,-0.011594578623771667,0.4981593191623688,0.3871805965900421,-0.013217827305197716,0.5140113830566406,0.37613487243652344,-0.025771938264369965,0.4519631266593933,0.4200107455253601,0.006980381906032562,0.45096904039382935,0.37268462777137756,-0.014522342942655087,0.5292490720748901,0.42907923460006714,-0.02567286789417267,0.504923403263092,0.40295055508613586,-0.013997788541018963,0.42703136801719666,0.37646475434303284,0.03222201019525528,0.5028648376464844,0.38229814171791077,-0.014816579408943653,0.5052924752235413,0.42114269733428955,-0.0068959021009504795,0.4611106216907501,0.3750421106815338,-0.011347996070981026,0.5119449496269226,0.4158238470554352,-0.023494264110922813,0.44301116466522217,0.43332257866859436,0.0551748163998127,0.49501100182533264,0.3708086907863617,-0.012662076391279697,0.5174451470375061,0.41131678223609924,-0.02981722541153431,0.4800316095352173,0.4762755036354065,0.034377504140138626,0.47898757457733154,0.48150140047073364,0.04767380654811859,0.44146180152893066,0.4187496304512024,0.02846393920481205,0.4677262306213379,0.4665316641330719,0.03684591129422188,0.434960275888443,0.3652549386024475,0.001993403537198901,0.5139913558959961,0.4959108233451843,0.03013032302260399,0.5290944576263428,0.42958685755729675,-0.01629042811691761,0.49997469782829285,0.40999236702919006,-0.010654027573764324,0.44368064403533936,0.38531988859176636,-8.271820115623996e-05,0.47569411993026733,0.37804144620895386,-0.015189406462013721,0.48160526156425476,0.3769296407699585,-0.015716558322310448,0.5080134868621826,0.46146345138549805,0.00927505362778902,0.45652279257774353,0.4357404410839081,0.015232536010444164,0.5257302522659302,0.5016879439353943,0.036926403641700745,0.5041161179542542,0.4953651428222656,0.040619492530822754,0.4931418001651764,0.49000054597854614,0.04340174049139023,0.5070187449455261,0.310657799243927,-0.0396214984357357,0.5376115441322327,0.49861040711402893,0.03819143772125244,0.48656898736953735,0.37464067339897156,-0.015249736607074738,0.491133451461792,0.3721347451210022,-0.014001601375639439,0.49397459626197815,0.37114417552948,-0.01279620360583067,0.4446980357170105,0.37076589465141296,-0.009912216104567051,0.4879896640777588,0.3660184144973755,-0.017060521990060806,0.48173120617866516,0.36493241786956787,-0.019168315455317497,0.4759382903575897,0.36607876420021057,-0.019756413996219635,0.4704791009426117,0.36851435899734497,-0.01878390647470951,0.4672497808933258,0.37092331051826477,-0.016907932236790657,0.425880491733551,0.3577285408973694,0.01589108258485794,0.4710777699947357,0.37751853466033936,-0.014151218347251415,0.5311603546142578,0.4355977177619934,-0.007683442905545235,0.5113767981529236,0.4426448345184326,-0.004671842325478792,0.5151620507240295,0.4272865056991577,-0.016711801290512085,0.5232058167457581,0.43850022554397583,-0.008338137529790401,0.5164317488670349,0.3589909076690674,-0.026415923610329628,0.49209916591644287,0.48433569073677063,0.03406244516372681,0.5027382373809814,0.49021878838539124,0.0327569916844368,0.5259700417518616,0.4984935522079468,0.028342124074697495,0.46598130464553833,0.46991604566574097,0.05327076464891434,0.49274685978889465,0.3689083158969879,-0.014667153358459473,0.5129095315933228,0.3920057415962219,-0.024027526378631592,0.5381417274475098,0.4953424334526062,0.02979082055389881,0.5149800181388855,0.49989044666290283,0.03757224977016449,0.4475707411766052,0.4362996518611908,0.034398674964904785,0.5199324488639832,0.4588013291358948,0.0039034539368003607,0.5195377469062805,0.46173158288002014,0.004585330840200186,0.5192875862121582,0.4652470052242279,0.004723802208900452,0.5192784667015076,0.4692087173461914,0.006661145947873592,0.5187768340110779,0.4744865596294403,0.013316364958882332,0.5097339153289795,0.4576619863510132,0.005660048685967922,0.5085799098014832,0.45702844858169556,0.0050711785443127155,0.5075629353523254,0.4563259184360504,0.004392212722450495,0.5011250376701355,0.45393991470336914,0.0033223917707800865,0.46890968084335327,0.4403996467590332,0.005896474234759808,0.509740948677063,0.3813592791557312,-0.021219564601778984,0.5006054043769836,0.3654804527759552,-0.017181122675538063,0.4955008029937744,0.3662894368171692,-0.01587950997054577,0.5108752250671387,0.4582938849925995,0.007010404020547867,0.47081607580184937,0.4574516713619232,0.021699795499444008,0.508217990398407,0.3657143712043762,-0.02367372438311577,0.5161118507385254,0.48153823614120483,0.019084377214312553,0.5258936882019043,0.39455726742744446,-0.031623322516679764,0.517520546913147,0.3874393403530121,-0.028900370001792908,0.5230798125267029,0.384107768535614,-0.029518404975533485,0.5109322667121887,0.4064679741859436,-0.020496908575296402,0.5376595258712769,0.4891079068183899,0.023776378482580185,0.5363805890083313,0.4808621406555176,0.02064659260213375,0.5267720222473145,0.4834308624267578,0.01986040733754635,0.4986778497695923,0.47078239917755127,0.017104560509324074,0.5005400776863098,0.4289759695529938,-0.0046358415856957436,0.5067621469497681,0.4770757555961609,0.018692659214138985,0.4845115542411804,0.43228867650032043,-0.004983093123883009,0.49599647521972656,0.4390140473842621,-0.0023121279664337635,0.4807804226875305,0.44570618867874146,0.002815077779814601,0.5263009667396545,0.4920247197151184,0.022654931992292404,0.5072424411773682,0.4106251895427704,-0.015165003947913647,0.4937102198600769,0.4773222804069519,0.024313000962138176,0.5039675831794739,0.4836066961288452,0.025622539222240448,0.49195921421051025,0.4630741775035858,0.012859114445745945,0.46106764674186707,0.4482102692127228,0.022750137373805046,0.48263248801231384,0.4655522108078003,0.017973365262150764,0.4555809497833252,0.45209258794784546,0.03854464739561081,0.4925305247306824,0.4498734474182129,0.002536853775382042,0.5087890028953552,0.39730119705200195,-0.018685022369027138,0.5169231295585632,0.42600083351135254,-0.02479616552591324,0.5123617649078369,0.42711856961250305,-0.01747848093509674,0.5197433233261108,0.4210255444049835,-0.02962086722254753,0.4946509003639221,0.36060914397239685,-0.022086799144744873,0.4832541048526764,0.3582392930984497,-0.025817550718784332,0.4733435809612274,0.3590875267982483,-0.02664695680141449,0.46528512239456177,0.36212435364723206,-0.024869007989764214,0.45976290106773376,0.3664257526397705,-0.02144681103527546,0.45657217502593994,0.3790591061115265,-0.009173032827675343,0.4367210865020752,0.400860995054245,0.02098282054066658,0.4650605618953705,0.3907383382320404,-0.009576368145644665,0.4732983112335205,0.3923022747039795,-0.011451561003923416,0.4825717806816101,0.3895964026451111,-0.012271251529455185,0.49034157395362854,0.38511186838150024,-0.012513114139437675,0.4959062337875366,0.38103076815605164,-0.012374494224786758,0.4998641610145569,0.3779558837413788,-0.012798687443137169,0.430937260389328,0.39445433020591736,0.04291968047618866,0.5122144222259521,0.4281352162361145,-0.01389048807322979,0.5156057476997375,0.40140506625175476,-0.026100287213921547,0.5224776268005371,0.42648956179618835,-0.02822813391685486,0.5251469016075134,0.42856454849243164,-0.0238349549472332,0.5217649340629578,0.42702093720436096,-0.02504641003906727,0.5136736631393433,0.4294390082359314,-0.010552686639130116,0.5270223617553711,0.4291713833808899,-0.0250227190554142,0.5268819332122803,0.4297318756580353,-0.016945095732808113,0.49788105487823486,0.3711594045162201,-0.012578610330820084,0.5026336312294006,0.37324124574661255,-0.014657464809715748,0.5060868859291077,0.37551262974739075,-0.017596542835235596,0.4653230905532837,0.37265926599502563,-0.014848503284156322,0.46092426776885986,0.3709844946861267,-0.01564091071486473,0.53061842918396,0.39339131116867065,-0.02817172184586525,0.5519177913665771,0.3428117036819458,0.003810883266851306,0.5364567637443542,0.42426538467407227,-0.015848923474550247,0.5626150369644165,0.2932590842247009,0.025366423651576042,0.537446916103363,0.3582604229450226,-0.0037804876919835806,0.5433272123336792,0.35621631145477295,-0.0020358392503112555,0.5489829778671265,0.35360661149024963,0.0005493179778568447,0.5543594360351562,0.3446810245513916,0.006229252554476261,0.532612144947052,0.35888877511024475,-0.004729771055281162,0.5446807146072388,0.334945946931839,-0.009258225560188293,0.5380296111106873,0.33864060044288635,-0.011148598976433277,0.5503645539283752,0.333355188369751,-0.005671412218362093,0.5536787509918213,0.33398595452308655,-0.0020824153907597065,0.5604363083839417,0.34823137521743774,0.011334290727972984,0.5535367727279663,0.4714219868183136,0.031603410840034485,0.5533798336982727,0.33944687247276306,0.0056465244852006435,0.5712895393371582,0.3305041193962097,0.039863914251327515,0.5647407174110413,0.33883288502693176,0.016586972400546074,0.5519511103630066,0.39646387100219727,0.0022074158769100904,0.5378522276878357,0.44428709149360657,-0.004006457515060902,0.5377812385559082,0.4516211450099945,0.0007280332501977682,0.5431172251701355,0.4428670406341553,0.0014821127988398075,0.5462373495101929,0.44218987226486206,0.007523701526224613,0.541928768157959,0.4487534761428833,0.004140733275562525,0.544757604598999,0.4464353919029236,0.009281107224524021,0.5538005828857422,0.44574469327926636,0.02321818098425865,0.5368713140487671,0.4228500723838806,-0.02835727296769619,0.5367918610572815,0.41511717438697815,-0.032073285430669785,0.5618826746940613,0.3249925971031189,-0.0020501292310655117,0.5368381142616272,0.379638135433197,-0.007220087107270956,0.5451050400733948,0.4106970727443695,-0.011385415680706501,0.5439132452011108,0.4052939713001251,-0.01056910865008831,0.5670604705810547,0.3854030668735504,0.012587953358888626,0.5338231921195984,0.40380316972732544,-0.031128816306591034,0.5503562092781067,0.3267419636249542,-0.01791197620332241,0.5574154853820801,0.3239361047744751,-0.010723368264734745,0.5573908090591431,0.2826464772224426,0.007728764787316322,0.5273016691207886,0.347469687461853,-0.02609558403491974,0.532416820526123,0.3439338505268097,-0.009840165264904499,0.5567928552627563,0.4370594024658203,0.02305475063621998,0.5707485675811768,0.40529555082321167,0.08190033584833145,0.5418316721916199,0.4172513782978058,-0.008789154700934887,0.5384063124656677,0.4220563769340515,-0.009229683317244053,0.5500718951225281,0.4415222406387329,0.021036967635154724,0.5489619970321655,0.4426705539226532,0.01855999417603016,0.5589054822921753,0.3163544237613678,-0.009184641763567924,0.5447850823402405,0.41302645206451416,-0.007034673821181059,0.5403618812561035,0.3340795040130615,-0.02332579717040062,0.5405108332633972,0.3263838291168213,-0.02666444331407547,0.5364102125167847,0.27549949288368225,-0.02588508278131485,0.5580462217330933,0.297063410282135,-0.0026901361998170614,0.5379703044891357,0.29789477586746216,-0.02761814370751381,0.5633323788642883,0.3182961940765381,0.0023342412896454334,0.5633585453033447,0.3045377731323242,0.0122959790751338,0.5380384922027588,0.44818031787872314,-0.002300132066011429,0.5426191687583923,0.4459100663661957,0.002654942451044917,0.5455830693244934,0.44426804780960083,0.00792226567864418,0.5407509803771973,0.41901853680610657,-0.007540547754615545,0.549504280090332,0.44212207198143005,0.019603503867983818,0.5480409860610962,0.4460699260234833,0.016560887917876244,0.5484047532081604,0.44323861598968506,0.018279531970620155,0.5406944155693054,0.4177202582359314,-0.01838667318224907,0.544000506401062,0.44815143942832947,0.011055581271648407,0.5411407351493835,0.4509361982345581,0.0077553121373057365,0.5372503995895386,0.4539279341697693,0.004908060654997826,0.5418510437011719,0.4697362780570984,0.01817506179213524,0.5399320125579834,0.4652102291584015,0.009730544872581959,0.5392975211143494,0.4611470103263855,0.007358247879892588,0.5382532477378845,0.4572262763977051,0.007062237709760666,0.5370323061943054,0.4540465772151947,0.00587833346799016,0.5438008308410645,0.44814547896385193,0.011743085458874702,0.5450294017791748,0.44906556606292725,0.012259802781045437,0.5462861657142639,0.45042821764945984,0.012629088014364243,0.5472909212112427,0.4521291255950928,0.014683234505355358,0.5514113903045654,0.4298514723777771,0.00776256388053298,0.5706279277801514,0.3612534701824188,0.07801343500614166,0.5459232330322266,0.4458593428134918,0.015457758679986,0.5470235347747803,0.4459126591682434,0.01589074172079563,0.5370618104934692,0.42617639899253845,-0.007914592511951923,0.5435189008712769,0.4177820682525635,-0.0016586657147854567,0.5377240777015686,0.4242461323738098,-0.008926915004849434,0.5426119565963745,0.381320595741272,-0.002260580426082015,0.5530222058296204,0.38273805379867554,0.002658400684595108,0.5444833040237427,0.4075549244880676,-0.006019880995154381,0.5494313836097717,0.27622947096824646,-0.009888863191008568,0.5500913858413696,0.2942163944244385,-0.015704980120062828,0.5509372353553772,0.31833091378211975,-0.018894968554377556,0.5510683059692383,0.4539698362350464,0.021449968218803406,0.5278607606887817,0.33619987964630127,-0.03163459151983261,0.5241538286209106,0.30381035804748535,-0.03527577221393585,0.5209766626358032,0.27850258350372314,-0.036447782069444656,0.5528261661529541,0.3494955897331238,0.003780677914619446,0.567251443862915,0.3511352241039276,0.017333293333649635,0.5296457409858704,0.3587634265422821,-0.0050244866870343685,0.5589948892593384,0.3336672782897949,0.004239906091243029,0.5328824520111084,0.3768502175807953,-0.011502472683787346,0.5432463884353638,0.4108964204788208,-0.01889307238161564,0.5733619332313538,0.3527897596359253,0.027468010783195496,0.5660654306411743,0.36030033230781555,0.013190186582505703,0.5607761740684509,0.368338406085968,0.007031220942735672,0.550000786781311,0.37244635820388794,0.0021666891407221556,0.5413295030593872,0.37250974774360657,-0.0016160848317667842,0.5353894233703613,0.37179961800575256,-0.005710099823772907,0.5253409743309021,0.371697336435318,-0.02330395206809044,0.5757483243942261,0.371571809053421,0.031184358522295952,0.5631531476974487,0.3302816152572632,0.007129501551389694,0.535001814365387,0.4266210198402405,-0.024486539885401726,0.5385023951530457,0.39000219106674194,-0.007089099381119013,0.5679950714111328,0.32392245531082153,0.06070175766944885,0.530938446521759,0.37037745118141174,-0.008960033766925335,0.5439003705978394,0.4063693881034851,0.00013490371929947287,0.5555428266525269,0.3388873338699341,0.007357852999120951,0.5415639877319336,0.404288649559021,-0.017979364842176437,0.5714442729949951,0.3821539878845215,0.0816255509853363,0.52894127368927,0.3554764688014984,-0.004596649203449488,0.5379852056503296,0.40322139859199524,-0.025814739987254143,0.5682339072227478,0.4380948841571808,0.052245285362005234,0.5661004185676575,0.44306227564811707,0.0663817971944809,0.5761992335319519,0.3659834861755371,0.0548696331679821,0.5723713040351868,0.4226643145084381,0.05793067067861557,0.5673795938491821,0.31591758131980896,0.027376992627978325,0.554625391960144,0.47696614265441895,0.03856094554066658,0.5338236689567566,0.4276719391345978,-0.01554242055863142,0.5436406135559082,0.39315328001976013,-0.002145585371181369,0.5680210590362549,0.337379515171051,0.02388397976756096,0.54718017578125,0.3484117090702057,-0.000262814195593819,0.5423032641410828,0.3511679172515869,-0.00250978278927505,0.5489538311958313,0.44642919301986694,0.018282931298017502,0.576038658618927,0.38825738430023193,0.038530994206666946,0.547314465045929,0.49157607555389404,0.0417586974799633,0.557266891002655,0.4703647494316101,0.05267176777124405,0.5611491203308105,0.45866626501083374,0.05859014019370079,0.5372523665428162,0.352767676115036,-0.0039655957370996475,0.5325809121131897,0.353939414024353,-0.004319095518440008,0.5299647450447083,0.3550978899002075,-0.004099715035408735,0.5652428269386292,0.32544267177581787,0.013382292352616787,0.5328767895698547,0.34704214334487915,-0.0071069905534386635,0.5375385284423828,0.34238147735595703,-0.007581985089927912,0.542811930179596,0.3396826684474945,-0.00628340570256114,0.547732412815094,0.33860254287719727,-0.0034567450638860464,0.5506141185760498,0.3388694226741791,-0.0005129839992150664,0.5661566853523254,0.3062223792076111,0.043938908725976944,0.55010986328125,0.34551703929901123,0.0020662012975662947,0.5468320846557617,0.4289608597755432,0.0023147009778767824,0.5421762466430664,0.4165467321872711,-0.012021662667393684,0.5384780168533325,0.4326551854610443,-0.005429442971944809,0.5632296800613403,0.45247188210487366,0.048518095165491104,0.5588471293449402,0.46433788537979126,0.04412902891635895,0.548187255859375,0.4881651699542999,0.03291361406445503,0.5690516829490662,0.4260787069797516,0.0754297748208046,0.5301421880722046,0.3522741198539734,-0.005764887668192387,0.5319415330886841,0.38456791639328003,-0.02012820728123188,0.5532081127166748,0.4818226993083954,0.046454571187496185,0.5763441324234009,0.38482680916786194,0.05965098738670349,0.5409256219863892,0.45099207758903503,0.008621740154922009,0.5422930717468262,0.45304614305496216,0.009442380629479885,0.5434930324554443,0.4557844400405884,0.009838485158979893,0.5444254875183105,0.45920097827911377,0.011991534382104874,0.5473222136497498,0.4623292088508606,0.019355198368430138,0.5468941926956177,0.44442519545555115,0.014048528857529163,0.5477244853973389,0.4430043697357178,0.01425123494118452,0.5484219789505005,0.44164907932281494,0.01418410986661911,0.5548887252807617,0.4326108694076538,0.014829014427959919,0.571858286857605,0.3993246853351593,0.025657769292593002,0.5290146470069885,0.373845636844635,-0.017096150666475296,0.5259369611740112,0.3542555272579193,-0.011981126852333546,0.5282886624336243,0.3519410789012909,-0.008411025628447533,0.5459829568862915,0.4458818733692169,0.015095910057425499,0.5718574523925781,0.4159593880176544,0.04158845543861389,0.5237332582473755,0.3589150011539459,-0.020594026893377304,0.5505243539810181,0.46626895666122437,0.025809738785028458,0.5282459855079651,0.3832195997238159,-0.026814183220267296,0.5377733111381531,0.3960864245891571,-0.015423710457980633,0.5442726612091064,0.47564783692359924,0.023069022223353386,0.5587684512138367,0.4453519284725189,0.02897677570581436,0.5493726134300232,0.4100069999694824,0.004263910464942455,0.5549831390380859,0.45606034994125366,0.028032219037413597,0.5619003176689148,0.40167298913002014,0.009211367927491665,0.5555318593978882,0.41551586985588074,0.008902904577553272,0.5666656494140625,0.41117167472839355,0.01901550218462944,0.5470874309539795,0.4826163053512573,0.026912689208984375,0.5401399731636047,0.39800170063972473,-0.00884317234158516,0.5626866221427917,0.4472082853317261,0.03799382224678993,0.5579254031181335,0.45934364199638367,0.03609953820705414,0.5620837211608887,0.4342384934425354,0.027293648570775986,0.5750136971473694,0.4021887183189392,0.04498564451932907,0.567526638507843,0.4299532473087311,0.034704577177762985,0.5752204656600952,0.40325164794921875,0.062489062547683716,0.5599560141563416,0.42298027873039246,0.015865132212638855,0.5351327657699585,0.3870628774166107,-0.013189539313316345,0.5423500537872314,0.4157051742076874,-0.019869398325681686,0.5442093014717102,0.41456466913223267,-0.01186518743634224,0.5404045581817627,0.4126858115196228,-0.025662263855338097,0.5298116207122803,0.34634149074554443,-0.014967035502195358,0.5389102101325989,0.33742305636405945,-0.015335177071392536,0.5471261739730835,0.33232080936431885,-0.012901892885565758,0.5535608530044556,0.33000871539115906,-0.008252683095633984,0.5573973655700684,0.3305110037326813,-0.0028826978523284197,0.5596576929092407,0.33930984139442444,0.01076291874051094,0.5744902491569519,0.3478667736053467,0.04807322844862938,0.5586053133010864,0.3540216088294983,0.008684838190674782,0.5541038513183594,0.3599655032157898,0.0044403537176549435,0.5464674830436707,0.3634859025478363,0.0007806565845385194,0.5389117002487183,0.36478400230407715,-0.0022263284772634506,0.5334201455116272,0.36503058671951294,-0.004604392684996128,0.5298101902008057,0.3649011552333832,-0.006441333796828985,0.5689258575439453,0.34220486879348755,0.07126966118812561,0.5436125993728638,0.4158855080604553,-0.008387335576117039,0.5345653891563416,0.39397332072257996,-0.022126514464616776,0.539818525314331,0.4192253053188324,-0.0250919908285141,0.537071704864502,0.4234451949596405,-0.021989809349179268,0.5393204689025879,0.41967785358428955,-0.021822098642587662,0.5423889756202698,0.41840267181396484,-0.005924428813159466,0.5364581942558289,0.42512449622154236,-0.023523660376667976,0.5353662371635437,0.4262038469314575,-0.015681590884923935,0.527729868888855,0.3575933873653412,-0.005872624926269054,0.5266067981719971,0.3625091016292572,-0.00963865127414465,0.5269083976745605,0.36633044481277466,-0.013435302302241325,0.5522752404212952,0.3392587900161743,0.0022649525199085474,0.5556403398513794,0.3353004455566406,0.002545895054936409,0.47657936811447144,0.3717411160469055,-0.015394029207527637,0.48378732800483704,0.3693907558917999,-0.015394029207527637,0.47491493821144104,0.36258235573768616,-0.015394029207527637,0.46923941373825073,0.37408506870269775,-0.015394029207527637,0.4782140552997589,0.38083845376968384,-0.015394029207527637,0.5398225784301758,0.3458543121814728,-0.002292005578055978,0.546044647693634,0.3431127965450287,-0.002292005578055978,0.5380688309669495,0.3381478786468506,-0.002292005578055978,0.5335607528686523,0.3485596776008606,-0.002292005578055978,0.5416412949562073,0.353581964969635,-0.002292005578055978
3866.666666666673,0.5272229909896851,0.44934454560279846,-0.005230937153100967,0.529416561126709,0.42617419362068176,-0.029836231842637062,0.5274789929389954,0.4303772747516632,-0.010929999873042107,0.5175958871841431,0.3976990282535553,-0.030968112871050835,0.5283791422843933,0.41847148537635803,-0.0340394601225853,0.5255939364433289,0.4061884582042694,-0.03469216078519821,0.5169408321380615,0.3726707100868225,-0.028136005625128746,0.4644647240638733,0.3761783540248871,-0.012934931553900242,0.5115929841995239,0.34858930110931396,-0.030783865600824356,0.5095354914665222,0.3369008004665375,-0.036048438400030136,0.4984268844127655,0.28548866510391235,-0.04364117980003357,0.5276503562927246,0.45227181911468506,-0.0034016461577266455,0.5279302597045898,0.45522597432136536,-0.000672314316034317,0.5280187129974365,0.4572134017944336,0.003674148116260767,0.5279669165611267,0.45738738775253296,0.004972446244210005,0.5287116169929504,0.4611465632915497,0.006166908890008926,0.5293942093849182,0.465393602848053,0.006371662952005863,0.5299140810966492,0.4695979952812195,0.00908300094306469,0.5323563814163208,0.47433745861053467,0.01746344193816185,0.5291363000869751,0.42898714542388916,-0.025651143863797188,0.5216895937919617,0.42959025502204895,-0.017755573615431786,0.4255999028682709,0.34163692593574524,-0.0013554501347243786,0.4856536090373993,0.3783537447452545,-0.01463864091783762,0.4796794056892395,0.3811534643173218,-0.01503115426748991,0.47309359908103943,0.38306924700737,-0.014424501918256283,0.4620811641216278,0.37930750846862793,-0.011450001038610935,0.4902992844581604,0.3752569556236267,-0.013478865846991539,0.471122682094574,0.36071139574050903,-0.02316797524690628,0.4787583649158478,0.3595605194568634,-0.022254155948758125,0.4646267890930176,0.3636775612831116,-0.021608030423521996,0.46061545610427856,0.36734452843666077,-0.019158823415637016,0.45753058791160583,0.38662299513816833,-0.007595336064696312,0.5116546154022217,0.4894498288631439,0.025269784033298492,0.46073246002197266,0.37397152185440063,-0.01188708283007145,0.4317917823791504,0.38140347599983215,0.014236769638955593,0.4477122724056244,0.38219311833381653,-0.004682839382439852,0.4900427758693695,0.41877084970474243,-0.008427569642663002,0.5196213722229004,0.44965073466300964,-0.006041857413947582,0.5211106538772583,0.4565286934375763,-0.0010000067995861173,0.5127148628234863,0.4526892900466919,-0.003258748212829232,0.5079694390296936,0.45477452874183655,0.0010007125092670321,0.5151214599609375,0.4571910500526428,0.00024431542260572314,0.5103845596313477,0.45748937129974365,0.003981547895818949,0.5005842447280884,0.4647800326347351,0.014882767572999,0.5243667960166931,0.4274938106536865,-0.03007522039115429,0.5225027203559875,0.4202207326889038,-0.03415275737643242,0.4511808156967163,0.36497193574905396,-0.022563789039850235,0.4987475275993347,0.39308369159698486,-0.014508534222841263,0.5062075257301331,0.42452865839004517,-0.01796596497297287,0.504488468170166,0.4191054701805115,-0.017362331971526146,0.4686952531337738,0.42152392864227295,-0.004957481753081083,0.5200158953666687,0.4085560441017151,-0.03377305343747139,0.4679591953754425,0.3555895984172821,-0.032629020512104034,0.458055317401886,0.3593161106109619,-0.0288530346006155,0.4313122034072876,0.3267369866371155,-0.016680143773555756,0.4985944330692291,0.35662543773651123,-0.03167321905493736,0.485576868057251,0.36095401644706726,-0.018868479877710342,0.4946649670600891,0.458863228559494,0.012446022592484951,0.45207545161247253,0.45179814100265503,0.058995798230171204,0.5113068222999573,0.4280170798301697,-0.013640712946653366,0.516759991645813,0.4292467534542084,-0.011776774190366268,0.5013787150382996,0.4573996961116791,0.012265491299331188,0.5028806328773499,0.45761919021606445,0.011086064390838146,0.45324018597602844,0.35437530279159546,-0.028433825820684433,0.5056965947151184,0.4265449643135071,-0.013416294008493423,0.48129498958587646,0.35440656542778015,-0.033730510622262955,0.4792904853820801,0.3479832112789154,-0.037453409284353256,0.4587595462799072,0.30186909437179565,-0.04064198583364487,0.44189226627349854,0.3390631079673767,-0.023865537717938423,0.46909299492836,0.3221806585788727,-0.04000500962138176,0.44557878375053406,0.36075347661972046,-0.019558701664209366,0.43532827496528625,0.3509298264980316,-0.01133242528885603,0.5203087329864502,0.4533954858779907,-0.004223497584462166,0.513910710811615,0.4550209939479828,-0.0016193349147215486,0.509132444858551,0.45612049102783203,0.002119774930179119,0.5126737356185913,0.428710401058197,-0.011545429937541485,0.5021603107452393,0.4575174152851105,0.01163998432457447,0.5056981444358826,0.46009692549705505,0.010165697894990444,0.5036101937294006,0.45774561166763306,0.011032973416149616,0.5154416561126709,0.4271117150783539,-0.023017194122076035,0.5113380551338196,0.4585481286048889,0.006039999891072512,0.5161401033401489,0.4587186574935913,0.004093454219400883,0.5217929482460022,0.4584466218948364,0.0030540605075657368,0.524229109287262,0.4763568937778473,0.016445135697722435,0.5225779414176941,0.47097495198249817,0.007977893576025963,0.5221943259239197,0.4666658043861389,0.0054898932576179504,0.5219486951828003,0.46233445405960083,0.005330306477844715,0.5217939019203186,0.4586580991744995,0.004338148050010204,0.5113411545753479,0.45867958664894104,0.0069993953220546246,0.510631799697876,0.4604564905166626,0.007506555877625942,0.5098605751991272,0.4627799987792969,0.007705352269113064,0.5093026757240295,0.46529218554496765,0.009325738064944744,0.5015459656715393,0.4470420479774475,-0.00014563239528797567,0.43440449237823486,0.41200846433639526,0.05181528255343437,0.5284488797187805,0.4297793507575989,-0.016459239646792412,0.5076566934585571,0.4582555890083313,0.00930282473564148,0.5066737532615662,0.45911678671836853,0.009743615053594112,0.5193967819213867,0.4317430257797241,-0.010316019877791405,0.5076295137405396,0.4298044741153717,-0.006604626774787903,0.5181453824043274,0.4305531084537506,-0.011366833932697773,0.49291154742240906,0.39901748299598694,-0.011808491311967373,0.4832528233528137,0.4079473316669464,-0.010139666497707367,0.5034053921699524,0.4217546582221985,-0.012940539978444576,0.44174033403396606,0.313416451215744,-0.030190076678991318,0.4525337815284729,0.3292157053947449,-0.03304627165198326,0.464588463306427,0.3493354022502899,-0.03439810127019882,0.5074195265769958,0.4702204465866089,0.014857723377645016,0.49537476897239685,0.34674355387687683,-0.037673819810152054,0.48577550053596497,0.31692516803741455,-0.04241546615958214,0.4770320951938629,0.293007493019104,-0.04480326548218727,0.46652427315711975,0.38254043459892273,-0.012904942035675049,0.4509798288345337,0.3945845067501068,-0.0035330329556018114,0.4930824637413025,0.3728924095630646,-0.01291570533066988,0.4544329345226288,0.3719407320022583,-0.015195529907941818,0.5027223825454712,0.387433797121048,-0.017517320811748505,0.510633647441864,0.4227502942085266,-0.024376416578888893,0.4444192349910736,0.40051963925361633,0.0040426552295684814,0.45798972249031067,0.40053051710128784,-0.006319131702184677,0.46834540367126465,0.40256476402282715,-0.009576244279742241,0.48120033740997314,0.39761966466903687,-0.010656659491360188,0.48952317237854004,0.3913741707801819,-0.011468999087810516,0.4952286183834076,0.38635092973709106,-0.01330631598830223,0.511039674282074,0.37623998522758484,-0.02644682116806507,0.44962477684020996,0.4184482991695404,0.00813331175595522,0.44855955243110657,0.37220996618270874,-0.014185397885739803,0.5259947776794434,0.42987072467803955,-0.025866473093628883,0.5018249750137329,0.4027576148509979,-0.013997993431985378,0.4250878691673279,0.37538766860961914,0.03303438425064087,0.49978744983673096,0.3817320764064789,-0.015068145468831062,0.5018076300621033,0.42073458433151245,-0.0066539510153234005,0.45823028683662415,0.3748282194137573,-0.011008284986019135,0.5086139440536499,0.41598081588745117,-0.023601669818162918,0.4416801333427429,0.4317001700401306,0.056800030171871185,0.49157777428627014,0.37011560797691345,-0.012845095247030258,0.514202356338501,0.41172659397125244,-0.030087126418948174,0.4777965247631073,0.4748181700706482,0.03635968640446663,0.47728779911994934,0.48010849952697754,0.049685705453157425,0.4397363066673279,0.417218416929245,0.029799221083521843,0.46574071049690247,0.4648240804672241,0.038732536137104034,0.4326492249965668,0.3646329939365387,0.002512099454179406,0.5114672780036926,0.4963866174221039,0.03166027367115021,0.5258606672286987,0.4303039610385895,-0.016416488215327263,0.49681365489959717,0.4095954895019531,-0.010493176989257336,0.4412235617637634,0.3838866949081421,0.0005812332383356988,0.47296208143234253,0.3777691721916199,-0.015002603642642498,0.47882238030433655,0.3764021396636963,-0.015602103434503078,0.5048222541809082,0.46121013164520264,0.011274420656263828,0.4541226923465729,0.4341210722923279,0.016602380201220512,0.5233266949653625,0.5026448369026184,0.03818168118596077,0.5019355416297913,0.49536049365997314,0.04236428439617157,0.4911693334579468,0.4892938435077667,0.045344725251197815,0.5041471719741821,0.31095677614212036,-0.0410558246076107,0.5351885557174683,0.4998447299003601,0.039206363260746,0.4836031496524811,0.3739751875400543,-0.015234607271850109,0.48795899748802185,0.3714190721511841,-0.014080068096518517,0.490644246339798,0.3704177141189575,-0.012950578704476357,0.4423001706600189,0.3700198531150818,-0.00951624009758234,0.48469656705856323,0.36530694365501404,-0.017188630998134613,0.47854211926460266,0.3642176389694214,-0.01929275318980217,0.4728037416934967,0.36549755930900574,-0.01981179788708687,0.4673692584037781,0.3681350350379944,-0.01873154751956463,0.4641460180282593,0.370702862739563,-0.016757966950535774,0.42365995049476624,0.3568912744522095,0.016340455040335655,0.4682687222957611,0.37742680311203003,-0.013923279941082,0.5279302000999451,0.43588879704475403,-0.00752638652920723,0.5076187252998352,0.44217437505722046,-0.0038935772608965635,0.5115839838981628,0.42755845189094543,-0.016728485003113747,0.5196475982666016,0.43859198689460754,-0.008002075366675854,0.5135571956634521,0.35927116870880127,-0.027347084134817123,0.48974502086639404,0.4834645390510559,0.036030855029821396,0.5003315210342407,0.48999112844467163,0.034524768590927124,0.5234188437461853,0.4993719458580017,0.02961302176117897,0.4645141363143921,0.46819135546684265,0.05520642548799515,0.48934951424598694,0.3682546317577362,-0.01483616791665554,0.5098972320556641,0.3921568989753723,-0.024400504305958748,0.5356168150901794,0.49652576446533203,0.030857961624860764,0.5126433372497559,0.5004773139953613,0.039092130959033966,0.44590914249420166,0.4346134662628174,0.03593656048178673,0.5161751508712769,0.4589250087738037,0.005240811500698328,0.5157498717308044,0.46181753277778625,0.005904424004256725,0.5155226588249207,0.4653182923793793,0.006103173829615116,0.5155780911445618,0.4693160057067871,0.008087759837508202,0.5152712464332581,0.474570095539093,0.01470446027815342,0.5064717531204224,0.45751476287841797,0.00738644739612937,0.5053104758262634,0.45684540271759033,0.006851977203041315,0.5043030381202698,0.4561387896537781,0.006164867896586657,0.49690282344818115,0.45270267128944397,0.0049807121977210045,0.46596699953079224,0.4389708638191223,0.007062232121825218,0.5068451762199402,0.38137441873550415,-0.02166406810283661,0.49721938371658325,0.3651001453399658,-0.017600471153855324,0.4920625686645508,0.36576491594314575,-0.016156872734427452,0.5076550841331482,0.4581987261772156,0.008713405579328537,0.4681313633918762,0.45587944984436035,0.023332063108682632,0.5049424171447754,0.36554545164108276,-0.02434411086142063,0.5129938721656799,0.48157596588134766,0.020450899377465248,0.5227334499359131,0.3950907588005066,-0.03223593160510063,0.5144680738449097,0.38771066069602966,-0.02949359454214573,0.5199967622756958,0.3844785988330841,-0.030243191868066788,0.5077715516090393,0.40652546286582947,-0.02065948210656643,0.5349792838096619,0.4901157319545746,0.024742817506194115,0.5335510969161987,0.481650173664093,0.02142774499952793,0.5237711668014526,0.483999639749527,0.020856762304902077,0.49532437324523926,0.46952909231185913,0.018999550491571426,0.49707967042922974,0.4283871352672577,-0.004165043588727713,0.5035659670829773,0.47643789649009705,0.020401161164045334,0.48120689392089844,0.43135201930999756,-0.004290241282433271,0.4924358129501343,0.43818309903144836,-0.0013863539788872004,0.4774494767189026,0.4444514214992523,0.003999046515673399,0.5235127806663513,0.49277129769325256,0.023828821256756783,0.5039829611778259,0.41047903895378113,-0.015159303322434425,0.49086952209472656,0.4762285351753235,0.026234887540340424,0.5011865496635437,0.4831726551055908,0.027338940650224686,0.4884282648563385,0.46148326992988586,0.014639738947153091,0.45868825912475586,0.44654935598373413,0.02431062050163746,0.47965967655181885,0.4640173614025116,0.01975056529045105,0.45388466119766235,0.4503158628940582,0.040297821164131165,0.48874226212501526,0.4485595226287842,0.0038525902200490236,0.5057646036148071,0.39729270339012146,-0.01885400339961052,0.5134767293930054,0.4264466464519501,-0.024879880249500275,0.5087599754333496,0.4272700548171997,-0.017434291541576385,0.516399621963501,0.42159196734428406,-0.029852407053112984,0.4913323223590851,0.3604084849357605,-0.022453198209404945,0.4801748991012573,0.3583883047103882,-0.026122452691197395,0.47045809030532837,0.3593941926956177,-0.02682701125741005,0.4625646471977234,0.3623795211315155,-0.024901118129491806,0.4571211040019989,0.36651697754859924,-0.021329261362552643,0.45395171642303467,0.3784547448158264,-0.008767558261752129,0.4348604381084442,0.3995726704597473,0.022134412080049515,0.4626462161540985,0.3898882269859314,-0.009079285897314548,0.47091761231422424,0.39135244488716125,-0.011068829335272312,0.4800253212451935,0.3885878920555115,-0.01203721109777689,0.4875187575817108,0.3841055929660797,-0.012377085164189339,0.492821604013443,0.38015034794807434,-0.012481135316193104,0.49664977192878723,0.37724947929382324,-0.012995782308280468,0.4292065501213074,0.39322203397750854,0.044018570333719254,0.5085716843605042,0.42814481258392334,-0.013814406469464302,0.5124837160110474,0.40168657898902893,-0.02641458809375763,0.5191193222999573,0.42717444896698,-0.028403347358107567,0.521827757358551,0.4292465150356293,-0.024001475423574448,0.5183945298194885,0.4276459217071533,-0.025185318663716316,0.5100148320198059,0.4293922185897827,-0.010469039902091026,0.523733377456665,0.4299154281616211,-0.02520114555954933,0.5235844850540161,0.4303814172744751,-0.017064115032553673,0.4944298267364502,0.3705199360847473,-0.0128390584141016,0.4993135929107666,0.3727206587791443,-0.01502074021846056,0.5029022097587585,0.3751690685749054,-0.018072964623570442,0.4622271955013275,0.37255367636680603,-0.014641478657722473,0.4580812454223633,0.37092867493629456,-0.015394153073430061,0.5275322198867798,0.3939317464828491,-0.02886880934238434,0.5496848821640015,0.3432331085205078,0.00237633241340518,0.5335418581962585,0.4248735010623932,-0.016125306487083435,0.5606547594070435,0.29383742809295654,0.022867828607559204,0.5342548489570618,0.35890501737594604,-0.004771082662045956,0.5403993725776672,0.3568803668022156,-0.003166799433529377,0.5462096929550171,0.3542094826698303,-0.000725038640666753,0.5518200993537903,0.34517133235931396,0.00479851895943284,0.5292943120002747,0.35944217443466187,-0.005680041387677193,0.5425188541412354,0.3348301649093628,-0.010689875110983849,0.5354976654052734,0.33860206604003906,-0.01240541785955429,0.5484118461608887,0.33333510160446167,-0.0072230324149131775,0.55173659324646,0.3341228663921356,-0.0036553693935275078,0.557455837726593,0.34880393743515015,0.009910200722515583,0.5513361692428589,0.4723558723926544,0.032330214977264404,0.5511475205421448,0.33978769183158875,0.004158811643719673,0.569237470626831,0.3311506509780884,0.03805946931242943,0.5617444515228271,0.33958491683006287,0.014953311532735825,0.549441397190094,0.39650958776474,0.0015547547955065966,0.5337080359458923,0.44486474990844727,-0.0035544841084629297,0.5339134931564331,0.4521418809890747,0.001319961273111403,0.5395461320877075,0.443453848361969,0.0019184828270226717,0.5431035161018372,0.44266363978385925,0.008165554143488407,0.5384969711303711,0.44918182492256165,0.004766084719449282,0.541696310043335,0.4467391073703766,0.010076737962663174,0.5516223311424255,0.44501522183418274,0.024183088913559914,0.533743143081665,0.42374899983406067,-0.02874503843486309,0.5336150527000427,0.4159553349018097,-0.032565705478191376,0.5600402355194092,0.3254562318325043,-0.003989397548139095,0.5341704487800598,0.37978848814964294,-0.007974169217050076,0.5425888895988464,0.41085487604141235,-0.011968737468123436,0.5413699746131897,0.4053662419319153,-0.011180361732840538,0.5646994113922119,0.3853421211242676,0.011639542877674103,0.5306568741798401,0.40450990200042725,-0.031754471361637115,0.5489403605461121,0.3266081213951111,-0.019640259444713593,0.5559496879577637,0.3241249918937683,-0.012652607634663582,0.5553569793701172,0.2832137644290924,0.005144505295902491,0.5248446464538574,0.346687912940979,-0.027324242517352104,0.5295501947402954,0.3440651297569275,-0.01093323528766632,0.5546972751617432,0.4359933137893677,0.023777686059474945,0.568834662437439,0.4058268666267395,0.0813593864440918,0.5393019914627075,0.4174472689628601,-0.00919664092361927,0.5357113480567932,0.42230573296546936,-0.009519984945654869,0.5476576685905457,0.44148340821266174,0.022031771019101143,0.5464878082275391,0.4426347613334656,0.019673576578497887,0.5575295686721802,0.3167724609375,-0.011216959916055202,0.5423532724380493,0.412963330745697,-0.007541403640061617,0.5386700630187988,0.33350610733032227,-0.024845438078045845,0.5391073226928711,0.3259567320346832,-0.028324346989393234,0.5338656902313232,0.2759079337120056,-0.028243249282240868,0.5559038519859314,0.29792657494544983,-0.004888587631285191,0.5353529453277588,0.29851117730140686,-0.029566189274191856,0.5614094138145447,0.31898877024650574,0.0002635333512444049,0.5612744688987732,0.30539625883102417,0.010124923661351204,0.5340337753295898,0.4487402141094208,-0.001742926542647183,0.5391219258308411,0.4463989734649658,0.0032350150868296623,0.5424866080284119,0.44464319944381714,0.008668249472975731,0.5382146835327148,0.4191422760486603,-0.007927478291094303,0.5470572113990784,0.4420822858810425,0.02066825143992901,0.5453734993934631,0.44621554017066956,0.01772361621260643,0.5459099411964417,0.4432084560394287,0.019387900829315186,0.5379291772842407,0.4183137118816376,-0.018901893869042397,0.5409684777259827,0.4483898878097534,0.011814691126346588,0.5377609133720398,0.4512912631034851,0.00834993738681078,0.5334928035736084,0.45439308881759644,0.005423357710242271,0.5392441153526306,0.4703441560268402,0.018770739436149597,0.5363824367523193,0.46584758162498474,0.010417010635137558,0.5356343984603882,0.4617191553115845,0.008070290088653564,0.5345598459243774,0.4577605128288269,0.007832465693354607,0.5333858728408813,0.4545323848724365,0.006724105682224035,0.540817379951477,0.448405921459198,0.012761217541992664,0.542062520980835,0.44934767484664917,0.01325176004320383,0.5433731079101562,0.45075786113739014,0.01366383209824562,0.5444563627243042,0.4525220990180969,0.01572936214506626,0.5490788221359253,0.42932263016700745,0.008144048042595387,0.5687804818153381,0.3617495894432068,0.07665684074163437,0.5431574583053589,0.4460045397281647,0.016581451520323753,0.544299304485321,0.44604748487472534,0.017029399052262306,0.5342496037483215,0.4264618456363678,-0.008075212128460407,0.5410817265510559,0.41758203506469727,-0.0019650773610919714,0.53497314453125,0.4245149493217468,-0.009176398627460003,0.5400097370147705,0.3814036250114441,-0.0030517149716615677,0.5504670739173889,0.382781445980072,0.001734375488013029,0.542016863822937,0.4074831008911133,-0.006564832758158445,0.5471804141998291,0.27673637866973877,-0.012379635125398636,0.5477587580680847,0.2950212359428406,-0.017801718786358833,0.5497708916664124,0.3184124827384949,-0.020755551755428314,0.5488152503967285,0.45376986265182495,0.022405974566936493,0.5258868336677551,0.3353370428085327,-0.03302044793963432,0.5213608145713806,0.304210901260376,-0.03698021173477173,0.5182337760925293,0.2787795066833496,-0.03854716941714287,0.5501876473426819,0.3500711917877197,0.0023968915920704603,0.5640268921852112,0.3518090844154358,0.01588313840329647,0.5262866616249084,0.3592514991760254,-0.0059752617962658405,0.5567646026611328,0.33408281207084656,0.002594386925920844,0.5301390290260315,0.3770555257797241,-0.012271293438971043,0.5405110716819763,0.41137978434562683,-0.01949293725192547,0.5710447430610657,0.35326477885246277,0.025983117520809174,0.5627690553665161,0.36076819896698,0.011892257258296013,0.5574108958244324,0.3686031997203827,0.0059506651014089584,0.5465202331542969,0.37270474433898926,0.0012185927480459213,0.5377771258354187,0.3727776110172272,-0.0024381191469728947,0.5318693518638611,0.3719804286956787,-0.006510009523481131,0.5224151015281677,0.3719252347946167,-0.024211416020989418,0.5734293460845947,0.37181341648101807,0.029953373596072197,0.5607588887214661,0.3308928310871124,0.0053165205754339695,0.5318939685821533,0.4274446666240692,-0.024800695478916168,0.535885751247406,0.39010483026504517,-0.007753950543701649,0.566186249256134,0.3244122266769409,0.05870404094457626,0.5274847745895386,0.370486319065094,-0.009772218763828278,0.5414656400680542,0.40615400671958923,-0.00029576054657809436,0.5531929135322571,0.33930379152297974,0.005849875975400209,0.5388269424438477,0.40464040637016296,-0.018616801127791405,0.5695179104804993,0.3826456367969513,0.08062230795621872,0.5256407260894775,0.35600781440734863,-0.005597168114036322,0.5350059866905212,0.40381157398223877,-0.0264743622392416,0.5662614107131958,0.4385249614715576,0.052517328411340714,0.564197301864624,0.44378331303596497,0.06659116595983505,0.5740047693252563,0.36651721596717834,0.05356529355049133,0.5703726410865784,0.42308691143989563,0.057777129113674164,0.5652702450752258,0.3166521489620209,0.025349874049425125,0.5525510311126709,0.47821366786956787,0.039293333888053894,0.5307545065879822,0.4283912777900696,-0.0157405287027359,0.5411168336868286,0.3931523263454437,-0.002790795173496008,0.5648782253265381,0.33827778697013855,0.022155174985527992,0.5447514057159424,0.3490705192089081,-0.0015494537074118853,0.5396067500114441,0.35189783573150635,-0.0037074643187224865,0.5463547110557556,0.4466029405593872,0.01942143775522709,0.5738602876663208,0.3884505033493042,0.0376393124461174,0.5450733304023743,0.4929453134536743,0.04259037598967552,0.5553439855575562,0.47154414653778076,0.053293611854314804,0.5592700839042664,0.459614098072052,0.059089165180921555,0.5342860221862793,0.3534802794456482,-0.005074479151517153,0.5294055342674255,0.35456612706184387,-0.005369524005800486,0.5266841053962708,0.3556572496891022,-0.005133791361004114,0.5626803636550903,0.3262507915496826,0.011458594352006912,0.5299320816993713,0.34752774238586426,-0.00823333952575922,0.5349185466766357,0.3427644968032837,-0.008862991817295551,0.5405074954032898,0.33992087841033936,-0.00767438905313611,0.5456138253211975,0.33877623081207275,-0.00492837792262435,0.5485303997993469,0.3390761911869049,-0.0019866228103637695,0.5642373561859131,0.30675071477890015,0.04164055734872818,0.5478276610374451,0.34606972336769104,0.0006897007115185261,0.5442779660224915,0.4286954700946808,0.002418431919068098,0.5396048426628113,0.4168666899204254,-0.012497780844569206,0.5355758666992188,0.43277668952941895,-0.005364003125578165,0.5612502694129944,0.45312756299972534,0.049112457782030106,0.5568716526031494,0.4653093218803406,0.044813595712184906,0.5458670854568481,0.4894516170024872,0.033770836889743805,0.5671452879905701,0.4266725182533264,0.07523956894874573,0.5269696116447449,0.3527912199497223,-0.006832600105553865,0.5290583372116089,0.38492053747177124,-0.02087603323161602,0.5511607527732849,0.48316794633865356,0.0471578948199749,0.5741718411445618,0.3853459656238556,0.05868716910481453,0.5376241207122803,0.4513789117336273,0.00952776800841093,0.5389885306358337,0.45347851514816284,0.01030210591852665,0.5402283668518066,0.45627617835998535,0.01072599459439516,0.5412485599517822,0.4597651958465576,0.012900451198220253,0.5449775457382202,0.46259820461273193,0.02016361616551876,0.5441345572471619,0.444571316242218,0.014990737661719322,0.5449650883674622,0.44319307804107666,0.015165330842137337,0.5456462502479553,0.4419085383415222,0.015032392926514149,0.5527580380439758,0.43173977732658386,0.01541021466255188,0.5697126388549805,0.39931777119636536,0.024968910962343216,0.5261738896369934,0.37408047914505005,-0.01792827434837818,0.5227736830711365,0.3543970584869385,-0.01294071413576603,0.525126039981842,0.35226449370384216,-0.00945535209029913,0.543214738368988,0.4459978938102722,0.016043080016970634,0.5698958039283752,0.41605478525161743,0.04132464528083801,0.520624577999115,0.35870060324668884,-0.02156912162899971,0.5482210516929626,0.46679431200027466,0.026547279208898544,0.5252350568771362,0.3836050033569336,-0.02760770544409752,0.5350081920623779,0.3963761627674103,-0.016074590384960175,0.5417537689208984,0.4764282703399658,0.02376933954656124,0.5564806461334229,0.44503551721572876,0.029772181063890457,0.546906590461731,0.40980926156044006,0.003898930037394166,0.5527043342590332,0.45619139075279236,0.028856277465820312,0.5595479607582092,0.40164151787757874,0.008611991070210934,0.5531224012374878,0.4152786433696747,0.008782400749623775,0.5644726753234863,0.41101330518722534,0.018717577680945396,0.5446588397026062,0.48367029428482056,0.027702001854777336,0.5375425219535828,0.39808163046836853,-0.009449922479689121,0.5605355501174927,0.44741055369377136,0.03863244876265526,0.5557742118835449,0.4599440097808838,0.036830268800258636,0.5598458647727966,0.4336632788181305,0.027754489332437515,0.5729595422744751,0.40239691734313965,0.04440866410732269,0.5654395818710327,0.4298750162124634,0.03491253778338432,0.5731154084205627,0.4037606418132782,0.06189432367682457,0.5577141642570496,0.42237722873687744,0.015964917838573456,0.532381534576416,0.38731756806373596,-0.013887166976928711,0.5396031737327576,0.4162851870059967,-0.020432667806744576,0.5416907072067261,0.41479653120040894,-0.012375814840197563,0.5374358892440796,0.4134131968021393,-0.026279322803020477,0.5270751714706421,0.346200555562973,-0.016060179099440575,0.5367244482040405,0.33717605471611023,-0.016664262861013412,0.5453466773033142,0.332184761762619,-0.014408263377845287,0.5519012808799744,0.3300538659095764,-0.009896957315504551,0.5555740594863892,0.3307124078273773,-0.004576514475047588,0.5569772124290466,0.3398997187614441,0.009200645610690117,0.5723546743392944,0.3484744131565094,0.04650258272886276,0.5556269288063049,0.35450899600982666,0.007380700204521418,0.5510056018829346,0.36042213439941406,0.0032680530566722155,0.5432472825050354,0.3639529049396515,-0.0002503857249394059,0.5355417132377625,0.36522457003593445,-0.0030882253777235746,0.5299791097640991,0.3653985261917114,-0.005464071873575449,0.5263657569885254,0.36518821120262146,-0.007259318605065346,0.5671610236167908,0.3426637351512909,0.06958700716495514,0.5411377549171448,0.41594141721725464,-0.008850823156535625,0.531610369682312,0.3944506347179413,-0.022821800783276558,0.536849856376648,0.42001891136169434,-0.02557080239057541,0.5341050624847412,0.42416858673095703,-0.02233300358057022,0.5364307761192322,0.42038673162460327,-0.02227574586868286,0.5399224758148193,0.4183536767959595,-0.006286093033850193,0.5334157943725586,0.4259168803691864,-0.023847976699471474,0.5323745608329773,0.4268609583377838,-0.015921497717499733,0.5243610143661499,0.3580441176891327,-0.006828464101999998,0.5232003927230835,0.36272481083869934,-0.010494090616703033,0.523563802242279,0.3663582503795624,-0.014301136136054993,0.5501301288604736,0.3395227789878845,0.0007736926199868321,0.5535441040992737,0.3356078863143921,0.0009924236219376326,0.47323817014694214,0.37167561054229736,-0.015357543714344501,0.4804288446903229,0.36929696798324585,-0.015357543714344501,0.47153276205062866,0.36259743571281433,-0.015357543714344501,0.46592995524406433,0.3740430772304535,-0.015357543714344501,0.4749740958213806,0.3807067275047302,-0.015357543714344501,0.5369155406951904,0.34628546237945557,-0.003559479024261236,0.5439957976341248,0.343165785074234,-0.003559479024261236,0.5351123213768005,0.3382214605808258,-0.003559479024261236,0.5297958254814148,0.34937259554862976,-0.003559479024261236,0.5388013124465942,0.35435134172439575,-0.003559479024261236
3900.0000000000064,0.5266655683517456,0.4490801990032196,-0.0051200115121901035,0.5277093648910522,0.42592835426330566,-0.02979712001979351,0.5259186029434204,0.4300477206707001,-0.010846101678907871,0.5162931084632874,0.39758527278900146,-0.03101309761404991,0.5267297625541687,0.41833561658859253,-0.034027405083179474,0.5241337418556213,0.406113862991333,-0.03474869579076767,0.5160071849822998,0.37261611223220825,-0.02839752845466137,0.46359193325042725,0.3755706548690796,-0.01274712011218071,0.510810375213623,0.348111093044281,-0.03122491016983986,0.508790910243988,0.3364379405975342,-0.036560073494911194,0.49817341566085815,0.2855920195579529,-0.04461441934108734,0.5270026922225952,0.4519684612751007,-0.003289818996563554,0.5271521806716919,0.4548718333244324,-0.0005560250137932599,0.5271099805831909,0.4568750560283661,0.003844458842650056,0.5270448923110962,0.4571177065372467,0.005789211485534906,0.5277557373046875,0.4609951972961426,0.007095232140272856,0.5283728837966919,0.46538421511650085,0.0074416096322238445,0.5287815928459167,0.46975886821746826,0.010389549657702446,0.5309584736824036,0.47530651092529297,0.018991466611623764,0.5274704098701477,0.42866864800453186,-0.025603434070944786,0.5201625823974609,0.42913365364074707,-0.01764199696481228,0.4254564642906189,0.340271532535553,-0.0012583737261593342,0.48465612530708313,0.37819716334342957,-0.014654545113444328,0.4786992073059082,0.3808280825614929,-0.014942432753741741,0.4721378684043884,0.38258489966392517,-0.014257303439080715,0.4612036645412445,0.37865298986434937,-0.011216326616704464,0.489266574382782,0.3752480447292328,-0.01357914600521326,0.47039785981178284,0.36004287004470825,-0.02313966117799282,0.47801268100738525,0.35907742381095886,-0.0223484355956316,0.4638907015323639,0.36292657256126404,-0.021477704867720604,0.4598575234413147,0.36657875776290894,-0.018969189375638962,0.45665228366851807,0.38588082790374756,-0.007320455275475979,0.51015305519104,0.4886648952960968,0.027025384828448296,0.4599061906337738,0.3733172118663788,-0.011682354845106602,0.43123751878738403,0.37982574105262756,0.014685827307403088,0.44696375727653503,0.38140594959259033,-0.004348062910139561,0.4887953996658325,0.4180483818054199,-0.008096574805676937,0.5191344618797302,0.4492223560810089,-0.00579301081597805,0.5203251838684082,0.4560205638408661,-0.000780799426138401,0.5120902061462402,0.45210713148117065,-0.0028769876807928085,0.5071201324462891,0.4540307819843292,0.0015229095006361604,0.5142198801040649,0.45655936002731323,0.00056069390848279,0.5093347430229187,0.456759512424469,0.0044073788449168205,0.49924132227897644,0.46445608139038086,0.015937210991978645,0.5226738452911377,0.4271751344203949,-0.02997749112546444,0.5208527445793152,0.4200092852115631,-0.034069523215293884,0.45051226019859314,0.3640958070755005,-0.022277459502220154,0.49768275022506714,0.39258015155792236,-0.01449585985392332,0.5047798156738281,0.4239617884159088,-0.017733095213770866,0.5031127333641052,0.41857555508613586,-0.017155518755316734,0.46759721636772156,0.42051637172698975,-0.004478223156183958,0.5185390114784241,0.40840375423431396,-0.03374185785651207,0.46735942363739014,0.35476839542388916,-0.03258046880364418,0.45745646953582764,0.35842227935791016,-0.028658375144004822,0.4310469627380371,0.32567715644836426,-0.016723651438951492,0.4976941645145416,0.3563653826713562,-0.03196658194065094,0.48476535081863403,0.36070144176483154,-0.019055860117077827,0.49343836307525635,0.4582362771034241,0.013372685760259628,0.45146444439888,0.44952014088630676,0.06003094092011452,0.5098840594291687,0.42745307087898254,-0.013467229902744293,0.5153194069862366,0.4287422299385071,-0.01163963507860899,0.5000947713851929,0.4563348591327667,0.01303672045469284,0.5015889406204224,0.4566175937652588,0.011793364770710468,0.4526863098144531,0.35350948572158813,-0.02824692614376545,0.504337728023529,0.42593130469322205,-0.01317631360143423,0.4806021749973297,0.35380983352661133,-0.033848583698272705,0.4786956012248993,0.34735649824142456,-0.037590574473142624,0.45826491713523865,0.3015216588973999,-0.04109833762049675,0.4413061738014221,0.3380124568939209,-0.023705782368779182,0.4683097004890442,0.32169121503829956,-0.040224868804216385,0.4449395537376404,0.35988688468933105,-0.019265521317720413,0.43488574028015137,0.34965378046035767,-0.011078182607889175,0.5196870565414429,0.4529191553592682,-0.003991818055510521,0.513150155544281,0.4544087052345276,-0.0012671162839978933,0.5081918835639954,0.45538225769996643,0.0025923941284418106,0.5112746953964233,0.42815133929252625,-0.011373519897460938,0.5008669495582581,0.4564836323261261,0.012368274852633476,0.5044610500335693,0.45927488803863525,0.011071852408349514,0.5023226141929626,0.4567722678184509,0.011751558631658554,0.5139023661613464,0.4266320466995239,-0.022839810699224472,0.5102046132087708,0.4578374922275543,0.006474882829934359,0.5151177048683167,0.4580917954444885,0.004429494496434927,0.5208567380905151,0.45795106887817383,0.0033187358640134335,0.522742509841919,0.4771275520324707,0.01801590621471405,0.5214733481407166,0.4710037410259247,0.009335887618362904,0.5211946368217468,0.4665178060531616,0.0066674500703811646,0.5210123062133789,0.462036669254303,0.006353398319333792,0.5208788514137268,0.458268404006958,0.0052337548695504665,0.5102221369743347,0.4580010771751404,0.007888090796768665,0.5095101594924927,0.45981261134147644,0.008502365089952946,0.5087279081344604,0.4622139632701874,0.008784926496446133,0.5081483125686646,0.4648318290710449,0.010463844984769821,0.5001469254493713,0.44639790058135986,0.00036947731859982014,0.4339132010936737,0.4098542034626007,0.0525091253221035,0.5268428325653076,0.42942580580711365,-0.016405893489718437,0.5064208507537842,0.4574078321456909,0.010125609114766121,0.50544673204422,0.4582693576812744,0.010624692775309086,0.5178837776184082,0.4312824308872223,-0.010125641711056232,0.5062717199325562,0.42917755246162415,-0.00637760479003191,0.5166702270507812,0.43006935715675354,-0.011211573146283627,0.49181947112083435,0.398388147354126,-0.011690712533891201,0.48211541771888733,0.4071948826313019,-0.009866414591670036,0.502079963684082,0.4211716651916504,-0.0127179604023695,0.44132620096206665,0.3126990497112274,-0.030411122366786003,0.4518185555934906,0.32842040061950684,-0.033055294305086136,0.464077353477478,0.34853076934814453,-0.034364063292741776,0.505975067615509,0.4702582359313965,0.016106363385915756,0.49463045597076416,0.34641608595848083,-0.037987131625413895,0.4850728213787079,0.31670454144477844,-0.04285278916358948,0.47659939527511597,0.29293763637542725,-0.04552348703145981,0.46558597683906555,0.38194146752357483,-0.012690968811511993,0.4500834345817566,0.39371487498283386,-0.003160658059641719,0.4920314848423004,0.37297356128692627,-0.013068066909909248,0.4536747336387634,0.37119415402412415,-0.014924125745892525,0.5016819834709167,0.38704633712768555,-0.01757504791021347,0.5091022253036499,0.4222893714904785,-0.024186883121728897,0.44352349638938904,0.39915040135383606,0.004549188539385796,0.4569992423057556,0.3996168375015259,-0.005935687571763992,0.4672839343547821,0.4016992747783661,-0.009279643185436726,0.4801194369792938,0.3969639837741852,-0.01048410777002573,0.4884527027606964,0.39092689752578735,-0.011419447138905525,0.4941670298576355,0.3860301077365875,-0.013352137990295887,0.51006680727005,0.3760950267314911,-0.026623785495758057,0.4486396908760071,0.4170324504375458,0.008764556609094143,0.4478497803211212,0.37140288949012756,-0.01386172603815794,0.5243417024612427,0.42950886487960815,-0.02577114850282669,0.5006368160247803,0.4022599756717682,-0.013933149166405201,0.42485931515693665,0.3735503554344177,0.03339352086186409,0.4987238645553589,0.3815038502216339,-0.015202207490801811,0.500540554523468,0.42010536789894104,-0.00645145308226347,0.457396924495697,0.3741426467895508,-0.010775725357234478,0.5071691274642944,0.4155423641204834,-0.023450998589396477,0.4410666525363922,0.4294321537017822,0.05766618996858597,0.4905203580856323,0.3702497184276581,-0.013015899807214737,0.5127310156822205,0.41144806146621704,-0.029992958530783653,0.47684788703918457,0.4730977416038513,0.03769524395465851,0.47640684247016907,0.478079229593277,0.05105843394994736,0.43890661001205444,0.41543644666671753,0.030487366020679474,0.46496742963790894,0.4629337787628174,0.03990834951400757,0.4321863651275635,0.36321568489074707,0.0028498827014118433,0.5099627375602722,0.4953305721282959,0.03350051864981651,0.5242782831192017,0.4299064576625824,-0.016338231042027473,0.49561357498168945,0.40896910429000854,-0.010329015552997589,0.4405224621295929,0.38307440280914307,0.0009769685566425323,0.47202587127685547,0.3773314952850342,-0.014877662062644958,0.4778522849082947,0.3761352002620697,-0.01554705947637558,0.503568708896637,0.4604170620441437,0.01219314057379961,0.45317941904067993,0.432535856962204,0.017365701496601105,0.521845817565918,0.5017653107643127,0.04028663784265518,0.5006412863731384,0.4937497079372406,0.044172145426273346,0.49003177881240845,0.4874565303325653,0.04693295434117317,0.5036332607269287,0.3108765780925751,-0.04175431281328201,0.5337672233581543,0.4992678761482239,0.04122677445411682,0.48260194063186646,0.37386420369148254,-0.01526312530040741,0.4869226813316345,0.3714539408683777,-0.014180059544742107,0.48958367109298706,0.37053099274635315,-0.01309216022491455,0.4416310787200928,0.3691960573196411,-0.009170438162982464,0.48380038142204285,0.365181565284729,-0.017329424619674683,0.4777461886405945,0.3638499081134796,-0.019373606890439987,0.47204670310020447,0.36496874690055847,-0.019792763516306877,0.4666133522987366,0.36749106645584106,-0.018629027530550957,0.46337389945983887,0.3700186610221863,-0.016614658758044243,0.423536479473114,0.35529300570487976,0.016553185880184174,0.4673681855201721,0.376887708902359,-0.013763010501861572,0.5263028144836426,0.43558552861213684,-0.00740732392296195,0.5060979127883911,0.4416114091873169,-0.0034954878501594067,0.5101248621940613,0.4270143210887909,-0.016564618796110153,0.5180202722549438,0.43819066882133484,-0.0077226534485816956,0.512767493724823,0.3590013384819031,-0.02771780453622341,0.4885580241680145,0.48191121220588684,0.03754907846450806,0.4989810585975647,0.4886178970336914,0.03621479496359825,0.5218141078948975,0.4987391531467438,0.03151185065507889,0.46383506059646606,0.46602514386177063,0.056372012943029404,0.48834946751594543,0.36831825971603394,-0.014995092526078224,0.5087289214134216,0.3919295370578766,-0.02446453459560871,0.5340369343757629,0.4962126612663269,0.03263580799102783,0.5112207531929016,0.49920547008514404,0.04111586883664131,0.44505026936531067,0.4327201545238495,0.036771610379219055,0.5151879787445068,0.4583994746208191,0.0061461422592401505,0.5147532224655151,0.46135860681533813,0.0069504170678555965,0.5144855976104736,0.46498414874076843,0.0072680371813476086,0.5144809484481812,0.46913835406303406,0.009360412135720253,0.5137677788734436,0.47501450777053833,0.01613093540072441,0.5052710771560669,0.4566574990749359,0.007949729450047016,0.504161536693573,0.45596691966056824,0.0074583012610673904,0.5031996965408325,0.4552430510520935,0.0067982436157763,0.49564093351364136,0.4520171284675598,0.005677968729287386,0.4649713337421417,0.4376249313354492,0.00779753178358078,0.5058364272117615,0.3811180889606476,-0.021802008152008057,0.4962366819381714,0.3651268780231476,-0.017905261367559433,0.4911118447780609,0.3657853603363037,-0.016376569867134094,0.5064136385917664,0.4573695957660675,0.00927400216460228,0.46727609634399414,0.4542665183544159,0.024352511391043663,0.503996729850769,0.3654758036136627,-0.024640290066599846,0.5114936232566833,0.48129791021347046,0.022065574303269386,0.521457850933075,0.3950488269329071,-0.03236456960439682,0.5133212804794312,0.38760292530059814,-0.02961544692516327,0.5188888311386108,0.38445284962654114,-0.030440164729952812,0.506457507610321,0.40614211559295654,-0.020612645894289017,0.5333969593048096,0.4900658130645752,0.026538247242569923,0.5320534110069275,0.4820692241191864,0.023133276030421257,0.5222433805465698,0.4841344654560089,0.0226307176053524,0.49397775530815125,0.4687223434448242,0.020220015197992325,0.49579891562461853,0.42767006158828735,-0.0038052545860409737,0.5020888447761536,0.4758339524269104,0.021841032430529594,0.48004797101020813,0.43045851588249207,-0.0037250290624797344,0.49118107557296753,0.43738818168640137,-0.0008520951378159225,0.47643303871154785,0.4433039128780365,0.00476413918659091,0.521924614906311,0.49239468574523926,0.025721341371536255,0.5026969909667969,0.4099690318107605,-0.015043403021991253,0.4896047115325928,0.4750269651412964,0.027617912739515305,0.49976107478141785,0.48214030265808105,0.02892938442528248,0.48723092675209045,0.46050965785980225,0.015697045251727104,0.45782023668289185,0.4448232650756836,0.025222986936569214,0.47860369086265564,0.4627050757408142,0.02087630145251751,0.4530932903289795,0.4483568072319031,0.04130391776561737,0.4876170754432678,0.44763505458831787,0.004581771790981293,0.504585862159729,0.3969251811504364,-0.018855849280953407,0.5119217038154602,0.4259673058986664,-0.024688145145773888,0.5073123574256897,0.42669805884361267,-0.017223592847585678,0.514799952507019,0.4212408661842346,-0.029697023332118988,0.4904524087905884,0.36021754145622253,-0.022701485082507133,0.4794345796108246,0.357870489358902,-0.026215724647045135,0.4697730243206024,0.3586743175983429,-0.0267825685441494,0.46188393235206604,0.3615855872631073,-0.024718493223190308,0.4564098119735718,0.36570730805397034,-0.021061846986413002,0.45315030217170715,0.3777683675289154,-0.008499037474393845,0.4341580867767334,0.3978855609893799,0.022709526121616364,0.46170589327812195,0.3891521096229553,-0.008819845505058765,0.46993547677993774,0.39070364832878113,-0.010860550217330456,0.47900766134262085,0.38811391592025757,-0.011911822482943535,0.4864904284477234,0.38382983207702637,-0.012377581559121609,0.4917657673358917,0.3800022006034851,-0.012573773972690105,0.4955734610557556,0.3771800398826599,-0.013160072267055511,0.4288654029369354,0.3912161886692047,0.04452043026685715,0.5071729421615601,0.42754626274108887,-0.013606918975710869,0.511171281337738,0.4014456570148468,-0.026409482583403587,0.5174838900566101,0.4267730116844177,-0.028255533427000046,0.5202457308769226,0.42880940437316895,-0.023886533454060555,0.516811192035675,0.4271957278251648,-0.025043070316314697,0.5086294412612915,0.4287976622581482,-0.010274968110024929,0.5221109390258789,0.4295148551464081,-0.025093654170632362,0.5220313668251038,0.4299502372741699,-0.016967907547950745,0.4933975040912628,0.3706323504447937,-0.01305072195827961,0.49825119972229004,0.3727189004421234,-0.01526897493749857,0.5018602013587952,0.3750374913215637,-0.0182915348559618,0.46143531799316406,0.37186574935913086,-0.014468958601355553,0.4573083221912384,0.3701961934566498,-0.015166659839451313,0.5262880921363831,0.3939366638660431,-0.029112190008163452,0.5493080615997314,0.3432401120662689,0.0011498498497530818,0.5319691896438599,0.42465490102767944,-0.01617230661213398,0.5608488917350769,0.2939121127128601,0.02097984217107296,0.533822238445282,0.3585192561149597,-0.005655554123222828,0.5400186777114868,0.3565452992916107,-0.004135700408369303,0.5458941459655762,0.35394904017448425,-0.00179598992690444,0.5515472888946533,0.34513425827026367,0.003553201910108328,0.528790295124054,0.35902366042137146,-0.00646746763959527,0.5422847270965576,0.33501043915748596,-0.011796691454946995,0.535224437713623,0.3386653959751129,-0.013397135771811008,0.5481821298599243,0.3334881067276001,-0.008408380672335625,0.5514878630638123,0.3342084586620331,-0.004895406309515238,0.5573493242263794,0.3486810028553009,0.00861540250480175,0.5500146746635437,0.47216325998306274,0.03342057764530182,0.5508440732955933,0.33992087841033936,0.0028806983027607203,0.5694466829299927,0.33097684383392334,0.03627730906009674,0.5616351366043091,0.3394664227962494,0.01348561979830265,0.5484502911567688,0.3966100215911865,0.0010188863379880786,0.5329107046127319,0.44476646184921265,-0.0035396490711718798,0.5328481197357178,0.45192471146583557,0.0013337829150259495,0.53825843334198,0.44339534640312195,0.0018222653307020664,0.5415353178977966,0.4426209330558777,0.008033889345824718,0.5371339321136475,0.4490636885166168,0.00468407804146409,0.5401270985603333,0.44671720266342163,0.009966599754989147,0.550272524356842,0.44554275274276733,0.024403832852840424,0.5320673584938049,0.4235677123069763,-0.02877727895975113,0.5320140719413757,0.41589120030403137,-0.03264179825782776,0.5598613023757935,0.3251045346260071,-0.005417056381702423,0.533348023891449,0.37972310185432434,-0.00852991547435522,0.541219174861908,0.41090190410614014,-0.012314528226852417,0.5401123762130737,0.4054262936115265,-0.011566570959985256,0.5639769434928894,0.3856004476547241,0.010689357295632362,0.529240071773529,0.4044932723045349,-0.031920138746500015,0.5485954880714417,0.3264414668083191,-0.020785493776202202,0.5556936264038086,0.32385310530662537,-0.01394069567322731,0.5555427074432373,0.28340181708335876,0.0033004418946802616,0.5242313146591187,0.3466446101665497,-0.028002610430121422,0.5291838645935059,0.3439435362815857,-0.011847739107906818,0.5532561540603638,0.43646565079689026,0.023688342422246933,0.5688163042068481,0.4050096869468689,0.08050820231437683,0.537844181060791,0.417419970035553,-0.009445973671972752,0.5342229604721069,0.4222113788127899,-0.009588964283466339,0.5457815527915955,0.441508024930954,0.02193237654864788,0.5446699857711792,0.4426494836807251,0.01962326094508171,0.5572425127029419,0.31634798645973206,-0.0126188974827528,0.5409920811653137,0.41301655769348145,-0.007865666411817074,0.5382083654403687,0.33344268798828125,-0.025785617530345917,0.538585901260376,0.3257874548435211,-0.02931659109890461,0.5339345932006836,0.2761857509613037,-0.029768088832497597,0.5558724403381348,0.29790064692497253,-0.0064976937137544155,0.5351874828338623,0.29855844378471375,-0.030789228156208992,0.5612332820892334,0.3185212016105652,-0.0012892408994957805,0.5612543821334839,0.30530133843421936,0.008368836715817451,0.5330916047096252,0.4485841393470764,-0.001737124053761363,0.5377908945083618,0.4463096857070923,0.0031457040458917618,0.5409197807312012,0.444606214761734,0.008550109341740608,0.5367577075958252,0.4191047251224518,-0.008109194226562977,0.54521244764328,0.4420951306819916,0.020597675815224648,0.5435872077941895,0.44632071256637573,0.017952533438801765,0.5441072583198547,0.4432354271411896,0.019371086731553078,0.5364140272140503,0.4181990623474121,-0.019123299047350883,0.5393723249435425,0.44844138622283936,0.011743663810193539,0.5363705158233643,0.4512109160423279,0.008313268423080444,0.5323445796966553,0.45418739318847656,0.005482844077050686,0.5379941463470459,0.47125887870788574,0.020150568336248398,0.5350158214569092,0.46613362431526184,0.01155869010835886,0.5343701839447021,0.4618402421474457,0.009034646674990654,0.5333581566810608,0.4577479362487793,0.0086377477273345,0.5322090983390808,0.45441415905952454,0.0074204434640705585,0.5391917824745178,0.4484359323978424,0.013143641874194145,0.5404207110404968,0.4494471549987793,0.013736153952777386,0.5416867733001709,0.4509600102901459,0.014213156886398792,0.5427128076553345,0.45286303758621216,0.016287531703710556,0.5475410223007202,0.4295766353607178,0.007890854962170124,0.5691176652908325,0.36104831099510193,0.07523497194051743,0.541415810585022,0.4460168182849884,0.01676499843597412,0.5425453782081604,0.44609275460243225,0.01726176030933857,0.5327427387237549,0.4263269901275635,-0.00808869581669569,0.539732813835144,0.4176104664802551,-0.0021800410468131304,0.5334759950637817,0.4244007468223572,-0.009220564737915993,0.5392083525657654,0.3813767731189728,-0.003675187472254038,0.5496881604194641,0.38288095593452454,0.0010092838201671839,0.5407673120498657,0.4075581133365631,-0.0069484347477555275,0.5473747849464417,0.27698713541030884,-0.014094735495746136,0.5477346181869507,0.2950066328048706,-0.01924934610724449,0.5493646860122681,0.31809982657432556,-0.022000949829816818,0.547548770904541,0.4544113278388977,0.022977549582719803,0.5252190828323364,0.3352566957473755,-0.03376486524939537,0.5210233926773071,0.3042808771133423,-0.037955448031425476,0.5181490778923035,0.27902951836586,-0.039812132716178894,0.5498917102813721,0.34992679953575134,0.0012309503508731723,0.564004123210907,0.3517203629016876,0.014501779340207577,0.5257435441017151,0.3588089048862457,-0.0067434050142765045,0.5565663576126099,0.33396369218826294,0.0012244025710970163,0.529309093952179,0.37699198722839355,-0.01278201024979353,0.5390966534614563,0.41136154532432556,-0.0197767224162817,0.5709830522537231,0.3532656133174896,0.0244895126670599,0.562806248664856,0.3606720268726349,0.01063679251819849,0.5574620962142944,0.36847585439682007,0.004894411191344261,0.5464287996292114,0.37248659133911133,0.0003755487559828907,0.5375322103500366,0.3724869191646576,-0.0031651135068386793,0.5314951539039612,0.37166136503219604,-0.007144809700548649,0.5215202569961548,0.37191322445869446,-0.02458920143544674,0.573183000087738,0.3718545436859131,0.028599552810192108,0.5606106519699097,0.330676406621933,0.0038387696258723736,0.5302351117134094,0.42718297243118286,-0.02480604499578476,0.5348963141441345,0.39007076621055603,-0.008253787644207478,0.5665981769561768,0.32409828901290894,0.05693390592932701,0.5270237922668457,0.37015673518180847,-0.010365854948759079,0.5402830243110657,0.4062090218067169,-0.0006939463200978935,0.5529415607452393,0.3393423855304718,0.004532886669039726,0.5375342965126038,0.4046441614627838,-0.01894525997340679,0.5697641968727112,0.3817969560623169,0.07946840673685074,0.5251247882843018,0.35558032989501953,-0.0064238570630550385,0.5336575508117676,0.4038067162036896,-0.026722481474280357,0.5654075741767883,0.4381549060344696,0.052337270230054855,0.5635856986045837,0.44306889176368713,0.0665530189871788,0.574116051197052,0.3661336898803711,0.05202320218086243,0.5697519183158875,0.42270103096961975,0.057159438729286194,0.5653703808784485,0.31655585765838623,0.023553544655442238,0.5512504577636719,0.4777600169181824,0.04039594158530235,0.5291513204574585,0.42808884382247925,-0.01572526805102825,0.5401390194892883,0.3931540846824646,-0.003314723027870059,0.5647462606430054,0.33819618821144104,0.020567290484905243,0.5443258285522461,0.34879639744758606,-0.0026470681186765432,0.5391781330108643,0.3515126705169678,-0.004717096220701933,0.544528603553772,0.4467819035053253,0.019610248506069183,0.573452353477478,0.38838744163513184,0.03648493438959122,0.5438104867935181,0.49239835143089294,0.044344305992126465,0.5543739795684814,0.4707779288291931,0.05419834703207016,0.5584458708763123,0.458835244178772,0.059539563953876495,0.5338358283042908,0.3530438244342804,-0.005998483393341303,0.5289092659950256,0.35411036014556885,-0.00623743562027812,0.526168704032898,0.3552016019821167,-0.005971178412437439,0.5625086426734924,0.3259766399860382,0.009863822720944881,0.5295692086219788,0.3474525511264801,-0.009180574677884579,0.5346547961235046,0.3429575562477112,-0.009876761585474014,0.5402482151985168,0.3402968943119049,-0.008762024343013763,0.5453322529792786,0.33919093012809753,-0.006087091751396656,0.5482264757156372,0.3394054174423218,-0.0031965284142643213,0.5645321607589722,0.3066929876804352,0.0397692434489727,0.5474098324775696,0.3459339141845703,-0.0004857576568610966,0.542801558971405,0.4288078844547272,0.002229857724159956,0.5381367802619934,0.41682007908821106,-0.012744373641908169,0.5340000987052917,0.43265679478645325,-0.005325775593519211,0.5602525472640991,0.4526490569114685,0.049396615475416183,0.5557202100753784,0.4647797644138336,0.0455218143761158,0.5444345474243164,0.48912596702575684,0.03527398779988289,0.5668085813522339,0.4259539544582367,0.0747355967760086,0.5265052318572998,0.3524699807167053,-0.0077056242153048515,0.5280214548110962,0.38491734862327576,-0.02125501073896885,0.5500364303588867,0.4825176000595093,0.0485023595392704,0.5741721391677856,0.3848693370819092,0.05738221853971481,0.5361969470977783,0.45136260986328125,0.01005697064101696,0.537526547908783,0.4535532593727112,0.010953329503536224,0.5387170910835266,0.45648205280303955,0.011476811021566391,0.5396649837493896,0.46013638377189636,0.013730757869780064,0.5437720417976379,0.46340054273605347,0.021117014810442924,0.5424383878707886,0.4445931315422058,0.014882342889904976,0.5432434678077698,0.44320598244667053,0.015035188756883144,0.5439093112945557,0.4419199526309967,0.014868536032736301,0.551176905632019,0.43214040994644165,0.015160406939685345,0.5688825249671936,0.3994622230529785,0.024134816601872444,0.5253201723098755,0.3740456998348236,-0.018376505002379417,0.5222071409225464,0.35409364104270935,-0.013678018003702164,0.5246014595031738,0.35195890069007874,-0.010290768928825855,0.5415157079696655,0.4460790753364563,0.015964489430189133,0.5690408945083618,0.4160001575946808,0.0407072976231575,0.520025372505188,0.3584778606891632,-0.02212851122021675,0.5469683408737183,0.4670103192329407,0.027612097561359406,0.524157702922821,0.3836228847503662,-0.027902087196707726,0.5338706374168396,0.3963511288166046,-0.016456319019198418,0.5403939485549927,0.4767836630344391,0.025275737047195435,0.5552653074264526,0.44518935680389404,0.030018063262104988,0.5457032322883606,0.40991684794425964,0.0035237898118793964,0.5515124201774597,0.45629534125328064,0.029526012018322945,0.5584697723388672,0.4019086956977844,0.008075517602264881,0.5517996549606323,0.41549867391586304,0.008407999761402607,0.563286304473877,0.41126367449760437,0.018201326951384544,0.543203592300415,0.48359405994415283,0.029223429039120674,0.5364260673522949,0.39807021617889404,-0.009870615787804127,0.5594429969787598,0.44727790355682373,0.03887541964650154,0.5545928478240967,0.45970457792282104,0.03753549978137016,0.5585704445838928,0.4338964819908142,0.02764201909303665,0.572411835193634,0.4022260010242462,0.04346741363406181,0.564382791519165,0.42992496490478516,0.034672025591135025,0.5728785395622253,0.40326929092407227,0.06086304411292076,0.5562664270401001,0.4227045178413391,0.01563216559588909,0.5313799381256104,0.38728395104408264,-0.01433645561337471,0.5381110310554504,0.4162176251411438,-0.020679563283920288,0.5402494668960571,0.41480183601379395,-0.01265485119074583,0.5359246730804443,0.41336730122566223,-0.02646418660879135,0.5265800356864929,0.34602680802345276,-0.01691145822405815,0.5363727807998657,0.3371277153491974,-0.017638830468058586,0.5450607538223267,0.3321528136730194,-0.015494895167648792,0.5516554713249207,0.32996612787246704,-0.011100386269390583,0.555363118648529,0.3305928707122803,-0.00586748169735074,0.556808352470398,0.33982133865356445,0.007831069640815258,0.5725216865539551,0.3482024073600769,0.044802047312259674,0.5555207133293152,0.35438448190689087,0.006175169721245766,0.5508849024772644,0.36021196842193604,0.0022164625115692616,0.5430117249488831,0.363668292760849,-0.0011594676179811358,0.5351892709732056,0.36488431692123413,-0.0039046606980264187,0.5295174717903137,0.36503347754478455,-0.006178907118737698,0.525840699672699,0.3648205101490021,-0.00793349090963602,0.5675745010375977,0.34213438630104065,0.06796587258577347,0.5397137999534607,0.4159579873085022,-0.009117904119193554,0.5304192900657654,0.39444589614868164,-0.023151593282818794,0.5352519750595093,0.4199011027812958,-0.025705484673380852,0.5325019955635071,0.42396286129951477,-0.02238108403980732,0.5348660349845886,0.4202379882335663,-0.022415244951844215,0.5385146737098694,0.4183575510978699,-0.006484996527433395,0.5317850708961487,0.4256885051727295,-0.023872146382927895,0.5307874083518982,0.42661118507385254,-0.01593552529811859,0.5238131880760193,0.3576178252696991,-0.007588564418256283,0.5226293802261353,0.36237451434135437,-0.011149398982524872,0.523023784160614,0.36603954434394836,-0.014847815968096256,0.549837052822113,0.33975955843925476,-0.0004711115325335413,0.5533019304275513,0.33561089634895325,-0.0002968492335639894,0.4721723198890686,0.3712639808654785,-0.01533574890345335,0.47946131229400635,0.3690454959869385,-0.01533574890345335,0.47055530548095703,0.3620055913925171,-0.01533574890345335,0.46475839614868164,0.37345564365386963,-0.01533574890345335,0.4738163948059082,0.38046687841415405,-0.01533574890345335,0.5364047288894653,0.3460938036441803,-0.0046081277541816235,0.5433588624000549,0.34307771921157837,-0.0046081277541816235,0.5346177816390991,0.3381734788417816,-0.0046081277541816235,0.5294108986854553,0.3490962088108063,-0.0046081277541816235,0.5382590293884277,0.3540292978286743,-0.0046081277541816235
3933.33333333334,0.5254924297332764,0.44784078001976013,-0.005649801343679428,0.5265817642211914,0.4250677525997162,-0.029896335676312447,0.5248798131942749,0.42926517128944397,-0.011138378642499447,0.5152674913406372,0.39660853147506714,-0.030643565580248833,0.52559494972229,0.4173944592475891,-0.03400743007659912,0.5230211019515991,0.4051549732685089,-0.034558601677417755,0.5150755643844604,0.3718435764312744,-0.027700049802660942,0.4636590778827667,0.3747248649597168,-0.011797357350587845,0.5101377964019775,0.347861647605896,-0.030141081660985947,0.5082242488861084,0.33625632524490356,-0.03524194285273552,0.4979925751686096,0.28554487228393555,-0.042421720921993256,0.5258508920669556,0.4507296085357666,-0.003866723505780101,0.5260326862335205,0.453644335269928,-0.0011721184710040689,0.5260180234909058,0.45563361048698425,0.003135724226012826,0.5259574055671692,0.4558084309101105,0.004811955150216818,0.5266391038894653,0.45947694778442383,0.005981475580483675,0.5272459983825684,0.46367502212524414,0.006181579083204269,0.5276756882667542,0.46794524788856506,0.00892321765422821,0.5297483205795288,0.4741813838481903,0.017270924523472786,0.5263626575469971,0.4278753101825714,-0.025762071833014488,0.5190879106521606,0.42833128571510315,-0.017807787284255028,0.4258539080619812,0.33972254395484924,0.00046076986473053694,0.48394057154655457,0.3771462142467499,-0.01380226481705904,0.4782176613807678,0.3797532021999359,-0.014113635756075382,0.4718514382839203,0.3815368711948395,-0.013425828889012337,0.4611528813838959,0.37786033749580383,-0.010326065123081207,0.4883618652820587,0.3742314577102661,-0.012744068168103695,0.47034335136413574,0.35929572582244873,-0.022037087008357048,0.477672278881073,0.3583190143108368,-0.021222587674856186,0.4639841914176941,0.3621721863746643,-0.020419424399733543,0.45997095108032227,0.36581170558929443,-0.017933737486600876,0.4564979374408722,0.38498783111572266,-0.006501280702650547,0.509039044380188,0.4881761074066162,0.025184951722621918,0.46003010869026184,0.37263864278793335,-0.010711819864809513,0.43137696385383606,0.3791310787200928,0.01563977636396885,0.4467933773994446,0.3805004358291626,-0.003415563376620412,0.48815223574638367,0.41711631417274475,-0.007982010021805763,0.5181190967559814,0.44823789596557617,-0.006300139240920544,0.5192921757698059,0.4549823999404907,-0.0013716778485104442,0.5111731886863708,0.4514321982860565,-0.003415031125769019,0.5062479972839355,0.4535854756832123,0.0009139323956333101,0.5132743120193481,0.45579344034194946,-2.2952324798097834e-05,0.5084377527236938,0.45621752738952637,0.0037702356930822134,0.4985007643699646,0.46362265944480896,0.01483734417706728,0.5215533971786499,0.4262813925743103,-0.030059924349188805,0.5197362303733826,0.4190177917480469,-0.034037768840789795,0.45065879821777344,0.3629942834377289,-0.021041300147771835,0.49700117111206055,0.3917958736419678,-0.014023009687662125,0.5038883686065674,0.4231101870536804,-0.017728736624121666,0.5022693276405334,0.41772669553756714,-0.017081672325730324,0.46715420484542847,0.41946256160736084,-0.004267300944775343,0.5174670219421387,0.4074028730392456,-0.033538687974214554,0.4675312936306,0.35355281829833984,-0.03126423805952072,0.4576830565929413,0.3572601079940796,-0.027375230565667152,0.4315021336078644,0.32507389783859253,-0.014756855554878712,0.4972341060638428,0.3551449179649353,-0.03077835589647293,0.4841112196445465,0.35988056659698486,-0.017956873401999474,0.4927566945552826,0.45745164155960083,0.012523991987109184,0.4512430727481842,0.44916802644729614,0.05928651988506317,0.5089444518089294,0.4266704320907593,-0.013525071553885937,0.5143129825592041,0.42796993255615234,-0.011838349513709545,0.49931299686431885,0.45611441135406494,0.012221027165651321,0.5007672309875488,0.4563511610031128,0.010985040105879307,0.45291900634765625,0.35227158665657043,-0.026818247511982918,0.5034573674201965,0.4251485764980316,-0.013234598562121391,0.4805654287338257,0.3525508642196655,-0.032551493495702744,0.47876402735710144,0.34605318307876587,-0.03616296127438545,0.45856165885925293,0.30100682377815247,-0.038873665034770966,0.4415653944015503,0.3373192548751831,-0.022027280181646347,0.46839141845703125,0.3210907578468323,-0.038384243845939636,0.4450536370277405,0.35878875851631165,-0.01791687123477459,0.4351104497909546,0.3489757478237152,-0.009530289098620415,0.5186581015586853,0.45189473032951355,-0.004537161905318499,0.5122125148773193,0.4536810517311096,-0.0018364224815741181,0.5073039531707764,0.45488646626472473,0.0019656692165881395,0.5103220343589783,0.42738422751426697,-0.011505985632538795,0.5000637769699097,0.4562356472015381,0.011558362282812595,0.5036642551422119,0.4587987959384918,0.010094006545841694,0.501497745513916,0.45648664236068726,0.010929396376013756,0.512895405292511,0.42577970027923584,-0.022866154089570045,0.5093115568161011,0.4572550654411316,0.005783182568848133,0.5141685605049133,0.4572798013687134,0.0037655550986528397,0.5198291540145874,0.4568761885166168,0.0026440261863172054,0.5216478109359741,0.4759484529495239,0.01634792424738407,0.5205048322677612,0.4693061113357544,0.007923008874058723,0.5201911926269531,0.46493658423423767,0.005434179212898016,0.5199887752532959,0.46066948771476746,0.005273415241390467,0.5198606848716736,0.4571164846420288,0.004290516953915358,0.5093293190002441,0.45740026235580444,0.00699752289801836,0.508645236492157,0.4590897560119629,0.007498853374272585,0.5078950524330139,0.46139708161354065,0.007691347040235996,0.5073621869087219,0.4639444351196289,0.009298012591898441,0.49935653805732727,0.44554248452186584,-0.0001170993855339475,0.4339458644390106,0.40950632095336914,0.052656494081020355,0.525755763053894,0.42865055799484253,-0.016626499593257904,0.5055775046348572,0.45699965953826904,0.009257799945771694,0.5046252012252808,0.45781436562538147,0.009682625532150269,0.5168806314468384,0.4304991662502289,-0.010411296039819717,0.505401611328125,0.42843034863471985,-0.006553619168698788,0.5156627893447876,0.4292933940887451,-0.011447019875049591,0.49118489027023315,0.39759358763694763,-0.01129192765802145,0.48155054450035095,0.4062729477882385,-0.009542228654026985,0.5012490153312683,0.4203684628009796,-0.012698997743427753,0.4417688846588135,0.31209033727645874,-0.028299618512392044,0.4520501494407654,0.3277479410171509,-0.031270582228899,0.4643234610557556,0.34726929664611816,-0.03287602216005325,0.5051243901252747,0.4692550003528595,0.014796177856624126,0.49435970187187195,0.3451406955718994,-0.03661038354039192,0.4849463403224945,0.3162306249141693,-0.0410153791308403,0.47668614983558655,0.2926080822944641,-0.04328685253858566,0.4654600918292999,0.380980908870697,-0.011835948564112186,0.4499313235282898,0.3927341401576996,-0.0024191541597247124,0.49102550745010376,0.3719583749771118,-0.012196590192615986,0.45368900895118713,0.37034374475479126,-0.013868117704987526,0.5009499192237854,0.3862369656562805,-0.01703331060707569,0.5081496238708496,0.42137017846107483,-0.024142129346728325,0.44342347979545593,0.3982076346874237,0.00517313415184617,0.4568701684474945,0.39861786365509033,-0.005323074758052826,0.4670850932598114,0.4006965458393097,-0.008725387044250965,0.47968238592147827,0.39602312445640564,-0.009966266341507435,0.4878028929233551,0.39002156257629395,-0.010862326249480247,0.4933825433254242,0.3851395845413208,-0.012755189090967178,0.5091915130615234,0.3752638101577759,-0.025917327031493187,0.44846269488334656,0.4160570502281189,0.009054857306182384,0.44784677028656006,0.3704545497894287,-0.012743005529046059,0.5232305526733398,0.4286859631538391,-0.025919198989868164,0.49990251660346985,0.40145745873451233,-0.013612777926027775,0.4250846207141876,0.37317603826522827,0.03438384830951691,0.4978654980659485,0.3805980980396271,-0.01452688593417406,0.49975478649139404,0.41936078667640686,-0.00643246341496706,0.4574073553085327,0.37344446778297424,-0.009813091717660427,0.5062762498855591,0.4146355390548706,-0.023317446932196617,0.4410287141799927,0.42907750606536865,0.05737024173140526,0.4895216226577759,0.3692362308502197,-0.012060479260981083,0.5117371082305908,0.41046422719955444,-0.02981485053896904,0.4761054515838623,0.4725382924079895,0.03649887442588806,0.4756826162338257,0.4777998626232147,0.04969293996691704,0.4389118552207947,0.414665162563324,0.03072262369096279,0.4644581973552704,0.4622819423675537,0.038994044065475464,0.43237224221229553,0.3625386655330658,0.004138277377933264,0.508784830570221,0.4951035678386688,0.03148000314831734,0.5231826901435852,0.42911744117736816,-0.016551299020648003,0.4949231445789337,0.4081680178642273,-0.010103230364620686,0.4402250647544861,0.38214096426963806,0.0019196105422452092,0.47183284163475037,0.37623903155326843,-0.013958586379885674,0.477443128824234,0.37501293420791626,-0.01463976688683033,0.5028194785118103,0.45993751287460327,0.011197655461728573,0.4529373049736023,0.43160441517829895,0.017289193347096443,0.5206358432769775,0.5017992258071899,0.038020987063646317,0.4995652437210083,0.49374139308929443,0.042317941784858704,0.489094078540802,0.4873350262641907,0.045311808586120605,0.503259539604187,0.3106836974620819,-0.03994564712047577,0.5325680375099182,0.4993838369846344,0.03886349871754646,0.48196908831596375,0.37277206778526306,-0.0143491355702281,0.4860646426677704,0.3704080879688263,-0.01325893122702837,0.4886091351509094,0.3695060610771179,-0.012154610827565193,0.4415367543697357,0.3682272732257843,-0.007986652664840221,0.4831532835960388,0.36435940861701965,-0.01627783663570881,0.47740089893341064,0.3631698489189148,-0.01831386797130108,0.47194942831993103,0.36435309052467346,-0.018739452585577965,0.46669065952301025,0.3668869137763977,-0.017600148916244507,0.46350303292274475,0.36938780546188354,-0.015599268488585949,0.4238550662994385,0.3548239469528198,0.017955593764781952,0.46733522415161133,0.3759017884731293,-0.012832341715693474,0.5252971053123474,0.434736043214798,-0.007795241661369801,0.5052462816238403,0.44076240062713623,-0.0039019102696329355,0.509174108505249,0.4261994957923889,-0.016596326604485512,0.5170712471008301,0.43730148673057556,-0.008123599924147129,0.5119643211364746,0.3585132658481598,-0.02679893933236599,0.48761874437332153,0.4815109670162201,0.03602203354239464,0.49791982769966125,0.48834261298179626,0.03441782668232918,0.5205745100975037,0.49851274490356445,0.029301844537258148,0.4633592963218689,0.4656756818294525,0.055304478853940964,0.4874582886695862,0.3673604428768158,-0.013993586413562298,0.507846474647522,0.3910156190395355,-0.023978546261787415,0.5328059792518616,0.4960842728614807,0.03034200146794319,0.510052502155304,0.4992285370826721,0.039038266986608505,0.44498535990715027,0.4319644868373871,0.036606624722480774,0.5142375230789185,0.4575212597846985,0.005238162819296122,0.5138171911239624,0.4603068232536316,0.005907646846026182,0.5135810375213623,0.4637622535228729,0.006115119904279709,0.51361483335495,0.46777960658073425,0.008078604936599731,0.5128034949302673,0.47388479113578796,0.014640732668340206,0.5043928027153015,0.4562823176383972,0.0072324685752391815,0.5032958984375,0.4556345045566559,0.006744153331965208,0.5023611783981323,0.45495396852493286,0.006104708183556795,0.4949028193950653,0.45120611786842346,0.005068620201200247,0.46453455090522766,0.43663519620895386,0.007632367312908173,0.5050362348556519,0.38028451800346375,-0.021159620955586433,0.49532216787338257,0.3641592264175415,-0.01687867008149624,0.49018535017967224,0.36484116315841675,-0.015348711982369423,0.5055438280105591,0.4569461941719055,0.00852624885737896,0.46675705909729004,0.4534439742565155,0.023723913356661797,0.5031711459159851,0.36451685428619385,-0.023671746253967285,0.5104700922966003,0.4805178642272949,0.020383452996611595,0.5203929543495178,0.3941204845905304,-0.03200127184391022,0.512362003326416,0.3866732716560364,-0.029064299538731575,0.5178803205490112,0.3835713565349579,-0.02989831194281578,0.5056136250495911,0.4052555561065674,-0.02033400535583496,0.5321683883666992,0.48964980244636536,0.024381123483181,0.530836284160614,0.48130202293395996,0.02118321880698204,0.5210974812507629,0.48330843448638916,0.020732993260025978,0.4931715130805969,0.4679732322692871,0.01903022639453411,0.49504512548446655,0.42685550451278687,-0.003912047483026981,0.5011976957321167,0.4751121997833252,0.02036450058221817,0.4794267416000366,0.4294055104255676,-0.003793795593082905,0.49044671654701233,0.43646615743637085,-0.0011266515357419848,0.47579729557037354,0.4423161745071411,0.0044571650214493275,0.5207105875015259,0.4918949604034424,0.023653212934732437,0.5019174814224243,0.4091636538505554,-0.014845188707113266,0.48872771859169006,0.47439825534820557,0.026292089372873306,0.4987911880016327,0.48161500692367554,0.027295872569084167,0.4865061938762665,0.4597114622592926,0.014830277301371098,0.45748624205589294,0.4439763128757477,0.024823175743222237,0.47792109847068787,0.4618874192237854,0.020017344504594803,0.4528525471687317,0.4476432800292969,0.04073774442076683,0.48688650131225586,0.4467580020427704,0.004113136790692806,0.5037864446640015,0.39606383442878723,-0.01845492236316204,0.5109291672706604,0.4250832796096802,-0.024684589356184006,0.506386935710907,0.4258660078048706,-0.017270786687731743,0.5137534737586975,0.4202759265899658,-0.02966386079788208,0.48980283737182617,0.3592316210269928,-0.021546823903918266,0.47920364141464233,0.3569445013999939,-0.025020642206072807,0.46983757615089417,0.35774946212768555,-0.025616329163312912,0.46207088232040405,0.36066189408302307,-0.02359834499657154,0.4565657079219818,0.36478903889656067,-0.019967734813690186,0.4530353844165802,0.3769543468952179,-0.007553196046501398,0.4342135488986969,0.39713290333747864,0.023310977965593338,0.46153581142425537,0.38822832703590393,-0.008055079728364944,0.46963760256767273,0.38971856236457825,-0.010159915313124657,0.4785136580467224,0.38712456822395325,-0.011250447481870651,0.4857754409313202,0.38286444544792175,-0.011665391735732555,0.4908899962902069,0.3790580630302429,-0.011861504055559635,0.4946165978908539,0.3762384355068207,-0.012398302555084229,0.42897358536720276,0.3908897638320923,0.04512644559144974,0.5062544345855713,0.42676475644111633,-0.013684220612049103,0.5102273225784302,0.4004894196987152,-0.026070324704051018,0.5164027810096741,0.4258697032928467,-0.028296271339058876,0.5191579461097717,0.42797163128852844,-0.02401256002485752,0.5157555341720581,0.42633265256881714,-0.02509627863764763,0.5077158808708191,0.42803719639778137,-0.010411765426397324,0.5210037231445312,0.4286768138408661,-0.025238439440727234,0.5209393501281738,0.42915409803390503,-0.017160063609480858,0.49235332012176514,0.36962372064590454,-0.012129073031246662,0.4972548484802246,0.371766597032547,-0.014407932758331299,0.5009650588035583,0.3741142153739929,-0.017518240958452225,0.46156924962997437,0.3712133765220642,-0.01347409375011921,0.45737552642822266,0.3694476783275604,-0.01415608823299408,0.5252100825309753,0.3930906057357788,-0.02876913920044899,0.5484856963157654,0.3436225354671478,0.0018957649590447545,0.5308939218521118,0.42392754554748535,-0.016360050067305565,0.5606089234352112,0.29512545466423035,0.022270211949944496,0.5326754450798035,0.35863736271858215,-0.00495590316131711,0.5388813018798828,0.3568194806575775,-0.003484077285975218,0.5447647571563721,0.3543621599674225,-0.0011616665869951248,0.5505630373954773,0.3456026017665863,0.004216606263071299,0.5277008414268494,0.35901013016700745,-0.005755804479122162,0.5415220260620117,0.33460479974746704,-0.010873621329665184,0.5343532562255859,0.33813267946243286,-0.012409954331815243,0.5475210547447205,0.33333390951156616,-0.007550498936325312,0.550866425037384,0.3343018591403961,-0.0040691145695745945,0.5560431480407715,0.34940171241760254,0.009175757877528667,0.5488806366920471,0.4721924960613251,0.03148818761110306,0.5500249266624451,0.3402300179004669,0.003639864968135953,0.5689321756362915,0.33203446865081787,0.03695697709918022,0.5603550672531128,0.3402251899242401,0.014159760437905788,0.5474084615707397,0.3963650166988373,0.0009558561141602695,0.5317142605781555,0.44365769624710083,-0.004088876768946648,0.5317608714103699,0.4507404565811157,0.0006949140224605799,0.5372322201728821,0.4424161911010742,0.001204205909743905,0.5406554937362671,0.4417576789855957,0.007317814044654369,0.5361427068710327,0.4479994475841522,0.004011146258562803,0.5392467379570007,0.44575944542884827,0.009219964034855366,0.5492907762527466,0.4451042711734772,0.0231623575091362,0.5309516787528992,0.4227679371833801,-0.028874481096863747,0.5308635234832764,0.41502177715301514,-0.03262711316347122,0.5592375993728638,0.32557588815689087,-0.004438170697540045,0.5323881506919861,0.3794058859348297,-0.00816861167550087,0.5401584506034851,0.4103631377220154,-0.012381639331579208,0.5390627980232239,0.4049115478992462,-0.011569003574550152,0.5629116892814636,0.3857281506061554,0.010624331422150135,0.5281112790107727,0.4036201536655426,-0.03173781558871269,0.5481672883033752,0.32615476846694946,-0.01965607888996601,0.5552204847335815,0.32401156425476074,-0.01289803721010685,0.5552244782447815,0.28448060154914856,0.004869549069553614,0.5235287547111511,0.3451785743236542,-0.026892248541116714,0.5282632112503052,0.3434184789657593,-0.010858796536922455,0.552342414855957,0.4360939860343933,0.022671643644571304,0.5680072903633118,0.40627071261405945,0.07942023873329163,0.5368049144744873,0.4168241322040558,-0.009569045156240463,0.5331717729568481,0.42151281237602234,-0.00982602871954441,0.5450143218040466,0.4407942295074463,0.0209725983440876,0.5439159870147705,0.44187217950820923,0.01868339069187641,0.5569422841072083,0.316689670085907,-0.01143479160964489,0.5399604439735413,0.4124948978424072,-0.007999676279723644,0.5377313494682312,0.3325207233428955,-0.0246221162378788,0.5383217930793762,0.32504111528396606,-0.028014209121465683,0.5335404872894287,0.2767431437969208,-0.027752138674259186,0.5553615689277649,0.29888442158699036,-0.005063982680439949,0.5345857739448547,0.2990129590034485,-0.029067596420645714,0.5607737898826599,0.3191220462322235,-0.00019881017215084285,0.5608312487602234,0.30638551712036133,0.009653009474277496,0.5319514274597168,0.4474247097969055,-0.002326030982658267,0.5367823839187622,0.445293664932251,0.002494403626769781,0.5400354862213135,0.4437045454978943,0.007815338671207428,0.5357103943824768,0.41848114132881165,-0.008283441886305809,0.5444533824920654,0.4413449168205261,0.019649703055620193,0.542727530002594,0.44543537497520447,0.016863111406564713,0.5433623790740967,0.442436158657074,0.01842150278389454,0.535341739654541,0.41755327582359314,-0.019194768741726875,0.5384877920150757,0.44742727279663086,0.0109513308852911,0.5353948473930359,0.45008760690689087,0.007571046706289053,0.531296968460083,0.4529586434364319,0.00476051727309823,0.5367177724838257,0.470289945602417,0.01842479594051838,0.5338634848594666,0.46440526843070984,0.01009741984307766,0.5332135558128357,0.4602050185203552,0.007742839865386486,0.5322467684745789,0.45628541707992554,0.007513257209211588,0.5311539769172668,0.45314061641693115,0.00642647547647357,0.5383175015449524,0.44744908809661865,0.012158856727182865,0.5394898056983948,0.44839414954185486,0.012643711641430855,0.5407103896141052,0.44985276460647583,0.01302972063422203,0.54170161485672,0.4517354667186737,0.015032780356705189,0.5466091632843018,0.4290127158164978,0.007292561233043671,0.568642258644104,0.36243271827697754,0.07500787824392319,0.5406166315078735,0.44515103101730347,0.015782564878463745,0.5417129993438721,0.4452032744884491,0.016207899898290634,0.5316952466964722,0.4255807399749756,-0.008409828878939152,0.5386825203895569,0.4170662760734558,-0.0024112022947520018,0.5324257612228394,0.4236750602722168,-0.009492980316281319,0.5382461547851562,0.38117343187332153,-0.0034369761124253273,0.5486810803413391,0.3827930688858032,0.0011095767840743065,0.5397449731826782,0.4070693552494049,-0.007011788431555033,0.5469803810119629,0.27785560488700867,-0.012301468290388584,0.547139048576355,0.2958175241947174,-0.017659999430179596,0.549177885055542,0.31802353262901306,-0.02070152387022972,0.5464434027671814,0.45382454991340637,0.021554384380578995,0.5248304605484009,0.3338729739189148,-0.03245789557695389,0.5205007195472717,0.30437034368515015,-0.036172784864902496,0.5178250670433044,0.27928870916366577,-0.037674110382795334,0.5488277077674866,0.3503982424736023,0.0018637666944414377,0.5624063014984131,0.35267210006713867,0.014971189200878143,0.5246762037277222,0.35870620608329773,-0.0059789749793708324,0.5557713508605957,0.3344438076019287,0.0020491406321525574,0.5283502340316772,0.3765668272972107,-0.012339022941887379,0.5379840135574341,0.4107505977153778,-0.019786253571510315,0.5701539516448975,0.35397401452064514,0.02482166327536106,0.561075747013092,0.3615633249282837,0.01099244225770235,0.555627167224884,0.36916878819465637,0.005203994456678629,0.5446540117263794,0.37283235788345337,0.0006867930642329156,0.5359201431274414,0.37259235978126526,-0.0027657081373035908,0.5300371050834656,0.37159013748168945,-0.00666731595993042,0.5205729007720947,0.3712477684020996,-0.023921117186546326,0.5722108483314514,0.37246963381767273,0.02860048972070217,0.5597342252731323,0.33130162954330444,0.004702342674136162,0.529140055179596,0.4264083504676819,-0.02496427670121193,0.5339038372039795,0.38965991139411926,-0.00802711769938469,0.5663381814956665,0.3254615068435669,0.05751068517565727,0.5256853699684143,0.3699367940425873,-0.00978162232786417,0.5392940044403076,0.405781090259552,-0.0007516726618632674,0.5520919561386108,0.3397495150566101,0.005275768227875233,0.5364391207695007,0.4040575921535492,-0.018873851746320724,0.5690878629684448,0.3831799626350403,0.07881462574005127,0.5240796208381653,0.35545486211776733,-0.005573566537350416,0.5325285792350769,0.4030701220035553,-0.026589812710881233,0.5644393563270569,0.43871259689331055,0.05095347762107849,0.5626187324523926,0.443930059671402,0.0649220198392868,0.5732905864715576,0.36716100573539734,0.0519845150411129,0.5687492489814758,0.42341291904449463,0.0560271292924881,0.5649166107177734,0.31761664152145386,0.024568896740674973,0.5501748919487,0.4780774712562561,0.038291215896606445,0.5280694365501404,0.4273296296596527,-0.015947189182043076,0.5391473770141602,0.39283737540245056,-0.003210360649973154,0.5633975863456726,0.339011549949646,0.02123357728123665,0.5434279441833496,0.34920942783355713,-0.0019143621902912855,0.5382218360900879,0.3518301546573639,-0.003983075264841318,0.543639063835144,0.4459274411201477,0.018493305891752243,0.5724060535430908,0.389017790555954,0.03612888976931572,0.5426488518714905,0.4927080571651459,0.041981302201747894,0.553367018699646,0.47145673632621765,0.052147820591926575,0.5574831962585449,0.4595987796783447,0.05768488720059395,0.5328511595726013,0.3532465100288391,-0.00524385878816247,0.5279319286346436,0.3541622459888458,-0.005454123020172119,0.5251522064208984,0.3551519215106964,-0.0051537067629396915,0.5617338418960571,0.3266902565956116,0.010776916518807411,0.5285416841506958,0.34705209732055664,-0.008259440772235394,0.5336529612541199,0.34242644906044006,-0.008973456919193268,0.539365291595459,0.33976393938064575,-0.007884000428020954,0.544546365737915,0.33883142471313477,-0.005255385767668486,0.5474607944488525,0.3393099009990692,-0.0023818875197321177,0.5642844438552856,0.307986855506897,0.040743764489889145,0.5465677976608276,0.3463605046272278,0.0002481157425791025,0.5418052673339844,0.4281584620475769,0.0017381665529683232,0.5370869040489197,0.4162217676639557,-0.012827512808144093,0.5329685807228088,0.4318562150001526,-0.005772634409368038,0.5593015551567078,0.4531536102294922,0.04771738499403,0.5547327399253845,0.4652397632598877,0.0436088964343071,0.5432450175285339,0.4892021715641022,0.033005572855472565,0.5658820867538452,0.4269908368587494,0.07333517074584961,0.5254724621772766,0.35227662324905396,-0.006826671306043863,0.5270017981529236,0.3842620253562927,-0.020824724808335304,0.5489529371261597,0.48303350806236267,0.046277545392513275,0.5732048153877258,0.3858840763568878,0.05695853382349014,0.5352159142494202,0.4502184987068176,0.009072362445294857,0.5364885926246643,0.4522808790206909,0.009835096076130867,0.5376265048980713,0.4550929069519043,0.010243416763842106,0.5385491847991943,0.45865893363952637,0.012376598082482815,0.5425477027893066,0.4626283049583435,0.01952921785414219,0.5416561961174011,0.44372203946113586,0.01403617300093174,0.5424599647521973,0.4423854649066925,0.014189204201102257,0.5431197881698608,0.4411500096321106,0.014044549316167831,0.5503035187721252,0.43166497349739075,0.014405593276023865,0.5678258538246155,0.3997434675693512,0.02367997169494629,0.5243638157844543,0.373496949672699,-0.01781417429447174,0.521278977394104,0.35350748896598816,-0.012712646275758743,0.5236617922782898,0.3515494763851166,-0.009352238848805428,0.5407189130783081,0.44515520334243774,0.015094268135726452,0.5680174827575684,0.4164244830608368,0.03983497619628906,0.5190269947052002,0.3576301336288452,-0.021192384883761406,0.5457772016525269,0.4666808247566223,0.0258333720266819,0.5231367349624634,0.38283976912498474,-0.027381656691432,0.5328047871589661,0.39578935503959656,-0.01624159701168537,0.5391478538513184,0.47620725631713867,0.023330099880695343,0.5542578101158142,0.44506222009658813,0.028674032539129257,0.5447120666503906,0.4095413386821747,0.0032921666279435158,0.5504169464111328,0.4561355710029602,0.027928277850151062,0.5574154853820801,0.40176519751548767,0.007772089447826147,0.5508164167404175,0.41515764594078064,0.00797242484986782,0.5622785091400146,0.41124966740608215,0.017647458240389824,0.5419852137565613,0.4833797514438629,0.027096424251794815,0.5354050397872925,0.3976040482521057,-0.009748117998242378,0.5584372878074646,0.447468638420105,0.03738703578710556,0.5535368323326111,0.45987531542778015,0.035780444741249084,0.5575993061065674,0.43377262353897095,0.026574794203042984,0.5713659524917603,0.40285760164260864,0.04280867800116539,0.5633634328842163,0.4301087558269501,0.03359257057309151,0.5718632340431213,0.404192715883255,0.06005217880010605,0.5553422570228577,0.4224276840686798,0.014955953694880009,0.53037029504776,0.3867604732513428,-0.014008840546011925,0.5370171666145325,0.41558951139450073,-0.02072536014020443,0.5391931533813477,0.4142386317253113,-0.012762409634888172,0.5347985029220581,0.4126330614089966,-0.02648409642279148,0.5257837176322937,0.34521129727363586,-0.015836099162697792,0.5356893539428711,0.33653438091278076,-0.01657187193632126,0.5444729924201965,0.33191198110580444,-0.014502668753266335,0.5510854721069336,0.33006149530410767,-0.010182964615523815,0.5547382235527039,0.3309025764465332,-0.00499225128442049,0.5557398796081543,0.3404046297073364,0.00853730458766222,0.571872353553772,0.3492335081100464,0.04511639103293419,0.5541505813598633,0.3550316095352173,0.006689713802188635,0.5494133830070496,0.3607470691204071,0.0026927266735583544,0.5415679812431335,0.36397916078567505,-0.0006846878677606583,0.5338318347930908,0.36497384309768677,-0.003339139511808753,0.5282657146453857,0.36495131254196167,-0.005575814284384251,0.524666428565979,0.3646041750907898,-0.007260189391672611,0.5672624707221985,0.34351369738578796,0.0681534931063652,0.5386749505996704,0.4154026210308075,-0.009258020669221878,0.5293378233909607,0.3937378227710724,-0.02286110632121563,0.5341604948043823,0.4191757142543793,-0.025773445144295692,0.5314314365386963,0.4232337474822998,-0.022524802014231682,0.5337984561920166,0.4195466935634613,-0.0225007776170969,0.5374628901481628,0.41777098178863525,-0.006679594982415438,0.5306989550590515,0.4249350130558014,-0.02402939647436142,0.5297115445137024,0.4258642792701721,-0.016143374145030975,0.5227637887001038,0.3574000895023346,-0.0067481910809874535,0.5215393304824829,0.3619958162307739,-0.010354725643992424,0.521836519241333,0.36562880873680115,-0.014144396409392357,0.5490351915359497,0.33987799286842346,0.000314628763590008,0.5525951385498047,0.33594101667404175,0.000499057408887893,0.47170430421829224,0.3701745271682739,-0.014360079541802406,0.47877663373947144,0.3680057227611542,-0.014360079541802406,0.47010427713394165,0.3610180616378784,-0.014360079541802406,0.4645110070705414,0.37232735753059387,-0.014360079541802406,0.4733527898788452,0.37928199768066406,-0.014360079541802406,0.5351669788360596,0.34628185629844666,-0.0038003225345164537,0.5420904755592346,0.34353557229042053,-0.0038003225345164537,0.5336558222770691,0.3384582996368408,-0.0038003225345164537,0.5282214879989624,0.34899798035621643,-0.0038003225345164537,0.5367419123649597,0.3541215658187866,-0.0038003225345164537
3966.6666666666733,0.5236217379570007,0.4458251893520355,-0.005225305445492268,0.5254218578338623,0.4251275360584259,-0.030020298436284065,0.5237075686454773,0.4291345477104187,-0.011144504882395267,0.5142614245414734,0.3969220221042633,-0.03098977357149124,0.5244700312614441,0.4175337553024292,-0.03421083837747574,0.5219921469688416,0.4054001569747925,-0.03487006574869156,0.5144004225730896,0.37251466512680054,-0.02830318547785282,0.4637784957885742,0.37323862314224243,-0.012068231590092182,0.5098572969436646,0.34943103790283203,-0.03099224902689457,0.5080721378326416,0.33805203437805176,-0.03623421490192413,0.49816784262657166,0.28688403964042664,-0.043907009065151215,0.5240148901939392,0.4488564729690552,-0.0033645033836364746,0.524259626865387,0.4519936144351959,-0.0006569668184965849,0.52430260181427,0.4541317820549011,0.0036576376296579838,0.5241822004318237,0.45438140630722046,0.005254007410258055,0.5248966217041016,0.458317369222641,0.00638602115213871,0.5255544185638428,0.46279722452163696,0.006530286278575659,0.5260318517684937,0.4672290086746216,0.009165432304143906,0.5281625986099243,0.473305881023407,0.017350967973470688,0.5252188444137573,0.4278761148452759,-0.025845961645245552,0.5178722739219666,0.4282476603984833,-0.0178440622985363,0.4259324073791504,0.33954551815986633,-0.00016316432447638363,0.4840875267982483,0.3753400444984436,-0.01399611122906208,0.47803258895874023,0.37801918387413025,-0.014301666989922523,0.4713995158672333,0.37981730699539185,-0.01362556591629982,0.4609197974205017,0.37633752822875977,-0.01055449154227972,0.48879534006118774,0.3721122741699219,-0.013000434264540672,0.4706047773361206,0.35939034819602966,-0.022487256675958633,0.4778960347175598,0.3583333194255829,-0.02166840434074402,0.464127779006958,0.3619075417518616,-0.02084582857787609,0.4601239264011383,0.3650846481323242,-0.018315162509679794,0.4557531774044037,0.38307955861091614,-0.006663188803941011,0.5072102546691895,0.4879990220069885,0.02574075013399124,0.46042323112487793,0.37180769443511963,-0.011006798595190048,0.4310424029827118,0.3787386417388916,0.01549143809825182,0.446138858795166,0.3780870735645294,-0.003651397069916129,0.48666277527809143,0.41682806611061096,-0.007900731638073921,0.5159403681755066,0.44612836837768555,-0.0059095765464007854,0.5173521637916565,0.45326879620552063,-0.0008154500392265618,0.5088207721710205,0.44935762882232666,-0.0028941903728991747,0.5039942860603333,0.45160698890686035,0.0016629466554149985,0.5112625360488892,0.4540012776851654,0.0006460155127570033,0.5064926743507385,0.45439574122428894,0.0046102567575871944,0.4960976243019104,0.462816447019577,0.01580614410340786,0.520337700843811,0.42630937695503235,-0.030177459120750427,0.5185329914093018,0.4191204309463501,-0.03422793745994568,0.44940948486328125,0.3609452247619629,-0.021668076515197754,0.49600329995155334,0.3918814957141876,-0.014176448807120323,0.5022481679916382,0.4229702949523926,-0.017772598192095757,0.5006624460220337,0.41757962107658386,-0.017136292532086372,0.4656006693840027,0.4189353287220001,-0.004061879124492407,0.5163577198982239,0.40760114789009094,-0.0338236428797245,0.46599137783050537,0.3525310158729553,-0.03203896805644035,0.4562641680240631,0.3558410108089447,-0.028123728930950165,0.43155235052108765,0.3252296447753906,-0.015624859370291233,0.49648648500442505,0.3538157343864441,-0.03159331530332565,0.48440980911254883,0.35926151275634766,-0.01836978644132614,0.49015945196151733,0.4566161632537842,0.013467641547322273,0.44994187355041504,0.44867080450057983,0.06029527634382248,0.5073791146278381,0.4265400767326355,-0.013542882166802883,0.5128876566886902,0.42780521512031555,-0.011864490807056427,0.49747541546821594,0.4544313848018646,0.013286261819303036,0.4990025460720062,0.45464274287223816,0.012061387300491333,0.45134931802749634,0.3502834439277649,-0.027636636048555374,0.5017508864402771,0.42490941286087036,-0.013234035111963749,0.4792402386665344,0.35147300362586975,-0.033371761441230774,0.47723624110221863,0.34488919377326965,-0.0370841920375824,0.45862939953804016,0.3018532991409302,-0.04012637212872505,0.4413608908653259,0.33758842945098877,-0.022887425497174263,0.4682706892490387,0.3220043480396271,-0.03945889696478844,0.4438965320587158,0.35625287890434265,-0.01860981248319149,0.43490132689476013,0.348978728055954,-0.010208108462393284,0.5165777802467346,0.4499730169773102,-0.004040766507387161,0.51003098487854,0.45175501704216003,-0.001206918153911829,0.5051950216293335,0.4529868960380554,0.0027781487442553043,0.5087714791297913,0.427228182554245,-0.011523641645908356,0.4982711970806122,0.45454615354537964,0.012631773948669434,0.5017374753952026,0.45717549324035645,0.01109416875988245,0.4997474253177643,0.4547573924064636,0.011993307620286942,0.5115494728088379,0.42573243379592896,-0.0229477621614933,0.507468044757843,0.45547419786453247,0.006621689070016146,0.5122872591018677,0.45558294653892517,0.004454110749065876,0.5180048942565918,0.45529383420944214,0.0032150286715477705,0.5198502540588379,0.4750977158546448,0.016512325033545494,0.5185450911521912,0.4684915542602539,0.008236784487962723,0.5182344913482666,0.4639681279659271,0.005815552081912756,0.5180577039718628,0.45939892530441284,0.005720498040318489,0.5179707407951355,0.45558708906173706,0.004770766478031874,0.5074669718742371,0.4556679427623749,0.0077665760181844234,0.5066943764686584,0.4575141668319702,0.008242401294410229,0.5058369040489197,0.459933340549469,0.008463067933917046,0.5052042603492737,0.4625484049320221,0.010105462744832039,0.49715134501457214,0.44495731592178345,0.0004956906195729971,0.43343091011047363,0.40893033146858215,0.053227998316287994,0.5246172547340393,0.4286061227321625,-0.01666063442826271,0.5037922263145447,0.45526301860809326,0.0102083720266819,0.5027721524238586,0.4561537802219391,0.010644737631082535,0.5154802799224854,0.4303087890148163,-0.010401311330497265,0.503707230091095,0.42810893058776855,-0.006494045723229647,0.5142564177513123,0.4291093647480011,-0.011462422087788582,0.4900885820388794,0.3975107669830322,-0.011355822905898094,0.4802906811237335,0.4059823453426361,-0.009545312263071537,0.4995761811733246,0.4201323688030243,-0.012697476893663406,0.4418313503265381,0.31257426738739014,-0.029368849471211433,0.4518899619579315,0.32827696204185486,-0.03225460648536682,0.46259209513664246,0.34588056802749634,-0.03373315557837486,0.5029475688934326,0.4684755206108093,0.015606553293764591,0.49332118034362793,0.3438948690891266,-0.03755675628781319,0.48484712839126587,0.3173586130142212,-0.04214824363589287,0.4768001437187195,0.2937239110469818,-0.04467585310339928,0.46508944034576416,0.37920188903808594,-0.012054295279085636,0.4489959180355072,0.390371173620224,-0.002486856421455741,0.49155882000923157,0.36967021226882935,-0.012500866316258907,0.4532320499420166,0.3686869740486145,-0.014247402548789978,0.5000482797622681,0.38649845123291016,-0.01728171482682228,0.5067088007926941,0.4213348925113678,-0.02425313927233219,0.44256603717803955,0.3977494239807129,0.0052238027565181255,0.4555964767932892,0.39669445157051086,-0.005322953220456839,0.46568676829338074,0.3992692828178406,-0.00870225764811039,0.4785369336605072,0.39490753412246704,-0.010016890242695808,0.4870254099369049,0.3889188766479492,-0.010961906053125858,0.4929228723049164,0.3839503228664398,-0.012949362397193909,0.5084507465362549,0.3758849501609802,-0.02645071968436241,0.4471963047981262,0.4154760241508484,0.009341031312942505,0.4470214247703552,0.36822226643562317,-0.013174756430089474,0.5220445394515991,0.42866745591163635,-0.02599293924868107,0.49866148829460144,0.40145713090896606,-0.013689653016626835,0.42508256435394287,0.3725806772708893,0.03436538204550743,0.4975762367248535,0.3793421983718872,-0.014807692728936672,0.49809524416923523,0.41906633973121643,-0.006350966636091471,0.4574049711227417,0.3720407783985138,-0.010102578438818455,0.5048485398292542,0.41461625695228577,-0.0234506968408823,0.4401562809944153,0.42852598428726196,0.05817212909460068,0.4901111423969269,0.36708134412765503,-0.012394435703754425,0.5105026364326477,0.410580575466156,-0.030034298077225685,0.4741419553756714,0.47213563323020935,0.03744034096598625,0.47396016120910645,0.47744107246398926,0.050765007734298706,0.43800094723701477,0.4141520857810974,0.031081732362508774,0.46255192160606384,0.4618779718875885,0.0398830845952034,0.43216007947921753,0.3623166084289551,0.003700119676068425,0.5070505142211914,0.49506548047065735,0.03211157023906708,0.522005021572113,0.42906272411346436,-0.01658152975142002,0.49356451630592346,0.40801167488098145,-0.01009951438754797,0.43975314497947693,0.37937086820602417,0.0017220069421455264,0.47172170877456665,0.3742370307445526,-0.014190353453159332,0.47750285267829895,0.37305426597595215,-0.014879843220114708,0.5008097290992737,0.4583216607570648,0.012225637212395668,0.45130741596221924,0.43109115958213806,0.01781414821743965,0.519085705280304,0.5017717480659485,0.03863407298922539,0.49791643023490906,0.49361148476600647,0.04317469149827957,0.4873924255371094,0.4871141016483307,0.046299420297145844,0.5032090544700623,0.31196990609169006,-0.041139762848615646,0.5311527848243713,0.4994056820869446,0.039409276098012924,0.482308030128479,0.37077414989471436,-0.01461805123835802,0.4865769147872925,0.36819541454315186,-0.013560621999204159,0.4891742169857025,0.3672132194042206,-0.012482274323701859,0.4408288598060608,0.36555734276771545,-0.0084390202537179,0.4841775894165039,0.36552929878234863,-0.0166456401348114,0.4785679280757904,0.36655566096305847,-0.01871650293469429,0.47307613492012024,0.36822402477264404,-0.01913546212017536,0.4676966965198517,0.3698429763317108,-0.017970936372876167,0.46431052684783936,0.37094780802726746,-0.015932729467749596,0.4239521324634552,0.35439375042915344,0.017602980136871338,0.46727627515792847,0.37404492497444153,-0.013089003972709179,0.5240238308906555,0.4344574809074402,-0.007699006237089634,0.503308117389679,0.4402775466442108,-0.003569851629436016,0.5076449513435364,0.4261122941970825,-0.016641942784190178,0.515535295009613,0.43696683645248413,-0.008004667237401009,0.5115024447441101,0.3595753312110901,-0.027520112693309784,0.4857518672943115,0.48120373487472534,0.03694228455424309,0.4961261451244354,0.48819082975387573,0.03520597517490387,0.518945574760437,0.4984950125217438,0.02979278564453125,0.4617459177970886,0.46523988246917725,0.05636975169181824,0.48814183473587036,0.3662235140800476,-0.014346282929182053,0.5068643689155579,0.3913259208202362,-0.02428610250353813,0.5313527584075928,0.4961240291595459,0.030779175460338593,0.5084336996078491,0.49915698170661926,0.039763662964105606,0.4437446594238281,0.43147045373916626,0.03719419240951538,0.512312650680542,0.45587146282196045,0.005845518317073584,0.5118124485015869,0.4588643014431,0.006486483849585056,0.5114923715591431,0.4625333249568939,0.006697004195302725,0.5114774703979492,0.4667108356952667,0.008667539805173874,0.5108041167259216,0.4730878472328186,0.015168331563472748,0.5025848746299744,0.45448774099349976,0.008198322728276253,0.5013837814331055,0.4538155496120453,0.007721457630395889,0.5003321766853333,0.45309969782829285,0.007056951057165861,0.49241650104522705,0.45048388838768005,0.005901521537452936,0.4626163840293884,0.4361642003059387,0.008098027668893337,0.5042269825935364,0.3807382881641388,-0.021546311676502228,0.4956156313419342,0.3624142110347748,-0.017340784892439842,0.49076101183891296,0.3630969822406769,-0.01575438678264618,0.503790020942688,0.4551704525947571,0.009505984373390675,0.46465563774108887,0.45301780104637146,0.02445973828434944,0.5029032230377197,0.3631693422794342,-0.024278542026877403,0.5085639357566833,0.48006129264831543,0.02088012918829918,0.5194628238677979,0.39447900652885437,-0.03239280357956886,0.5114709734916687,0.3871084153652191,-0.029505930840969086,0.5170606970787048,0.3840600550174713,-0.03038434311747551,0.5043444037437439,0.4053160846233368,-0.02049434371292591,0.5306922197341919,0.4895381033420563,0.024658702313899994,0.529308557510376,0.4808414578437805,0.021310511976480484,0.5193487405776978,0.4828535318374634,0.020955434069037437,0.49101725220680237,0.46731725335121155,0.019937027245759964,0.4933192729949951,0.4264545142650604,-0.003747456008568406,0.4991993010044098,0.47457337379455566,0.0211185310035944,0.47761011123657227,0.42898863554000854,-0.0035603088326752186,0.48849576711654663,0.43598344922065735,-0.000733956228941679,0.4736918807029724,0.4418420195579529,0.0049632578156888485,0.5190117955207825,0.4917444884777069,0.024010587483644485,0.5004907250404358,0.4090895652770996,-0.014912164770066738,0.48672381043434143,0.4739159345626831,0.027185192331671715,0.49689576029777527,0.48132044076919556,0.028043661266565323,0.48419472575187683,0.45901045203208923,0.015683861449360847,0.4556340277194977,0.4435383975505829,0.025506289675831795,0.4757404923439026,0.4613479971885681,0.020847192034125328,0.4512891173362732,0.4471987187862396,0.04151713848114014,0.4846069812774658,0.4461221694946289,0.004722853656858206,0.5026832818984985,0.3962232768535614,-0.018632816150784492,0.5095357894897461,0.4250427186489105,-0.024786213412880898,0.5047760009765625,0.42574742436408997,-0.0173095241189003,0.5124663710594177,0.42031872272491455,-0.029845409095287323,0.4898507297039032,0.3579404354095459,-0.022072723135352135,0.4787816107273102,0.35615360736846924,-0.025600166991353035,0.46920546889305115,0.3570869266986847,-0.026179462671279907,0.4613315761089325,0.3597499132156372,-0.02411828003823757,0.4559445381164551,0.3634999692440033,-0.020434405654668808,0.4526369869709015,0.37505391240119934,-0.007829263806343079,0.433628112077713,0.3966749310493469,0.023441772907972336,0.4607221782207489,0.3865092396736145,-0.008168882690370083,0.46867382526397705,0.38825058937072754,-0.01027422770857811,0.47784632444381714,0.38575682044029236,-0.01136968843638897,0.4855191707611084,0.38142290711402893,-0.011789660900831223,0.49098697304725647,0.3773859739303589,-0.012077802792191505,0.4948234558105469,0.3744547367095947,-0.01266077347099781,0.4287516176700592,0.390287846326828,0.04541015625,0.5046020150184631,0.426577091217041,-0.013694226741790771,0.5091204643249512,0.40069276094436646,-0.02632753923535347,0.5151367783546448,0.4258691370487213,-0.02840503863990307,0.5179598331451416,0.4279221296310425,-0.024085896089673042,0.5144925713539124,0.42629629373550415,-0.02518606185913086,0.5060717463493347,0.42780208587646484,-0.010399539023637772,0.5198008418083191,0.4286453127861023,-0.02531009167432785,0.5197350382804871,0.429073691368103,-0.017192285507917404,0.49294477701187134,0.3673061728477478,-0.012482319958508015,0.4975413680076599,0.36997556686401367,-0.014773617498576641,0.5008066892623901,0.37281858921051025,-0.017936373129487038,0.46214690804481506,0.3715750277042389,-0.013792011886835098,0.45738548040390015,0.36824867129325867,-0.014491765759885311,0.524330198764801,0.3934539258480072,-0.029146593064069748,0.5497501492500305,0.34331610798835754,0.0014288292732089758,0.5299407243728638,0.4238318204879761,-0.016423705965280533,0.5609099268913269,0.2963578402996063,0.021318553015589714,0.5328686833381653,0.3570480942726135,-0.0052863722667098045,0.5391373634338379,0.3553199768066406,-0.0038316831924021244,0.5452144145965576,0.35305479168891907,-0.0015362948179244995,0.5520120859146118,0.34493252635002136,0.0037849259097129107,0.527857780456543,0.3574007749557495,-0.0061292885802686214,0.5413229465484619,0.33554986119270325,-0.01147066242992878,0.534326434135437,0.3390084505081177,-0.012975945137441158,0.5473676323890686,0.3339523375034332,-0.008141934871673584,0.550951361656189,0.3345552086830139,-0.004629670176655054,0.5571688413619995,0.3480200469493866,0.00878057163208723,0.5478304028511047,0.4720979928970337,0.031959276646375656,0.5517382025718689,0.3409311771392822,0.0031301011331379414,0.5687301754951477,0.33298254013061523,0.03651160001754761,0.5612308979034424,0.3388565480709076,0.013662673532962799,0.546839714050293,0.396260142326355,0.0009157822350971401,0.5302259922027588,0.44160574674606323,-0.0037070508114993572,0.5302973985671997,0.4491509199142456,0.0012364769354462624,0.536180317401886,0.44053536653518677,0.0016942756483331323,0.539736807346344,0.44010674953460693,0.008031845092773438,0.5349130630493164,0.44647708535194397,0.0046669673174619675,0.5381135940551758,0.4443148672580719,0.010045329108834267,0.5485754013061523,0.44397619366645813,0.024100063368678093,0.5298833847045898,0.4228110909461975,-0.02901340462267399,0.5298030972480774,0.41515880823135376,-0.03284766525030136,0.5584251284599304,0.3245970904827118,-0.00530916778370738,0.5318023562431335,0.37965306639671326,-0.008407913148403168,0.5395596623420715,0.41008931398391724,-0.012513870373368263,0.5384817719459534,0.4046642482280731,-0.011704424396157265,0.5624967217445374,0.38563108444213867,0.010607393458485603,0.5271542072296143,0.40386179089546204,-0.03205455467104912,0.5464087724685669,0.325977623462677,-0.02065090462565422,0.5538440942764282,0.323551207780838,-0.013890067115426064,0.5556100010871887,0.2858952283859253,0.0036965280305594206,0.5218840837478638,0.3451216220855713,-0.027796361595392227,0.5284480452537537,0.3437735438346863,-0.011372420005500317,0.5518218278884888,0.43484580516815186,0.02355104126036167,0.5678332448005676,0.4063169062137604,0.08012036234140396,0.5361613035202026,0.41650882363319397,-0.009619580581784248,0.532382071018219,0.42127156257629395,-0.009867154061794281,0.5440685153007507,0.43958139419555664,0.02201177552342415,0.5428546071052551,0.4406690299510956,0.019765572622418404,0.5551707744598389,0.3160049021244049,-0.012479268014431,0.5394110083580017,0.4120851457118988,-0.008079149760305882,0.5358604192733765,0.33256644010543823,-0.02557675912976265,0.5360109806060791,0.3250216841697693,-0.029070954769849777,0.5338793396949768,0.27834463119506836,-0.029206398874521255,0.5555370450019836,0.30028849840164185,-0.006152234505861998,0.5346882939338684,0.3006182312965393,-0.030287738889455795,0.5597185492515564,0.31796422600746155,-0.0011345205130055547,0.5609639883041382,0.30763331055641174,0.00871838629245758,0.5304938554763794,0.44557714462280273,-0.001846220577135682,0.5356574654579163,0.44358378648757935,0.0030980089213699102,0.5390264391899109,0.442146360874176,0.008599361404776573,0.5350551605224609,0.4181559681892395,-0.008350038900971413,0.5434464812278748,0.4401429295539856,0.02071884088218212,0.541757345199585,0.44418007135391235,0.017874017357826233,0.5422602891921997,0.4412093162536621,0.01949113979935646,0.5345344543457031,0.41741979122161865,-0.019343208521604538,0.5372719764709473,0.446017324924469,0.01178390346467495,0.5340801477432251,0.44866281747817993,0.008250674232840538,0.5297964811325073,0.4515145421028137,0.00532490573823452,0.5353213548660278,0.4694148302078247,0.018577711656689644,0.5326129198074341,0.4636031687259674,0.010409189388155937,0.5318788886070251,0.4592745006084442,0.008132750168442726,0.5307915806770325,0.45509010553359985,0.007961911149322987,0.5296123027801514,0.4517258405685425,0.006908182054758072,0.5370796322822571,0.446074515581131,0.012930217199027538,0.5383742451667786,0.44710803031921387,0.013397645205259323,0.5397346019744873,0.44862496852874756,0.01378935482352972,0.5408502817153931,0.45050185918807983,0.0158319603651762,0.5459945201873779,0.42817750573158264,0.007851101458072662,0.5685187578201294,0.3629744052886963,0.07525904476642609,0.5394441485404968,0.4438326060771942,0.016739744693040848,0.5406363010406494,0.44394612312316895,0.017180442810058594,0.5307671427726746,0.4253544807434082,-0.008426476269960403,0.5381186604499817,0.4165695607662201,-0.0024177918676286936,0.5315713286399841,0.42344555258750916,-0.009530519135296345,0.5376787185668945,0.38130298256874084,-0.0036132654640823603,0.548126220703125,0.3828473687171936,0.0009488018695265055,0.5391901731491089,0.40671849250793457,-0.007098608184605837,0.5473566055297852,0.2794192135334015,-0.013633166439831257,0.5472840070724487,0.29733607172966003,-0.018834995105862617,0.5469750761985779,0.3177952766418457,-0.021758470684289932,0.54551100730896,0.4528789520263672,0.022337954491376877,0.5224944353103638,0.3338317573070526,-0.03349708765745163,0.520537793636322,0.3058704137802124,-0.03738679364323616,0.5180932879447937,0.2808198034763336,-0.039162006229162216,0.5498101711273193,0.34925395250320435,0.0014687967486679554,0.5636193752288818,0.3505106568336487,0.014648333191871643,0.5248928070068359,0.357069194316864,-0.006376907229423523,0.5561331510543823,0.3338285982608795,0.0014366492396220565,0.5277518033981323,0.37696242332458496,-0.01265713945031166,0.5372400283813477,0.4106554687023163,-0.019968025386333466,0.5697826743125916,0.35456544160842896,0.02458754926919937,0.562354326248169,0.3593234121799469,0.010762983001768589,0.5569615364074707,0.36711451411247253,0.005029098130762577,0.5458604097366333,0.37118202447891235,0.00047756696585565805,0.5368371605873108,0.3712465763092041,-0.0029960740357637405,0.530616044998169,0.3704252541065216,-0.006953631993383169,0.5199530720710754,0.37192967534065247,-0.02449941448867321,0.5718835592269897,0.3726648986339569,0.028596187010407448,0.5597570538520813,0.3303096294403076,0.004038557410240173,0.5280469059944153,0.4264073073863983,-0.025057489052414894,0.5333213806152344,0.38971200585365295,-0.00818032305687666,0.5663082599639893,0.3263593912124634,0.05713452026247978,0.5260082483291626,0.3688623607158661,-0.010146211832761765,0.5387805104255676,0.4053751230239868,-0.0007699204725213349,0.5534848570823669,0.33949998021125793,0.004756242502480745,0.5357569456100464,0.4040030241012573,-0.019084151834249496,0.5689548254013062,0.3835088312625885,0.0793118104338646,0.5245747566223145,0.3540973365306854,-0.006002475973218679,0.531676709651947,0.4032314121723175,-0.02686590887606144,0.5638521909713745,0.43847396969795227,0.0516989640891552,0.5620313882827759,0.4438428282737732,0.06574676185846329,0.5730550289154053,0.3676477074623108,0.05204594135284424,0.5683924555778503,0.4232181906700134,0.05667673051357269,0.5648789405822754,0.31872203946113586,0.023863134905695915,0.5490947961807251,0.4782063364982605,0.03881325572729111,0.5269960165023804,0.42727911472320557,-0.015988189727067947,0.5385900139808655,0.39276865124702454,-0.0033011750783771276,0.5642954707145691,0.3369893431663513,0.020757485181093216,0.5437479615211487,0.3476572036743164,-0.002331012161448598,0.5382530093193054,0.35001781582832336,-0.004384950734674931,0.5427640676498413,0.44463247060775757,0.01952422969043255,0.5722072124481201,0.3890094757080078,0.036368802189826965,0.5413439273834229,0.49282756447792053,0.04250898212194443,0.5523946285247803,0.471612811088562,0.052839070558547974,0.5566548109054565,0.4596487581729889,0.05847509577870369,0.5329228639602661,0.35145920515060425,-0.00564943253993988,0.528091549873352,0.3524187505245209,-0.0058708107098937035,0.5255001187324524,0.3534910976886749,-0.005580947268754244,0.5614992380142212,0.32526665925979614,0.010068830102682114,0.5294244289398193,0.3501010239124298,-0.00872648786753416,0.5348808765411377,0.3482097387313843,-0.009503438137471676,0.5406029224395752,0.346417099237442,-0.00842580758035183,0.5458620190620422,0.344450443983078,-0.0057943337596952915,0.548917829990387,0.3431242108345032,-0.0029089804738759995,0.5644147992134094,0.3090651035308838,0.040044188499450684,0.5473376512527466,0.34534144401550293,-0.00019915813754778355,0.541062593460083,0.4274955987930298,0.0020309877581894398,0.5364153981208801,0.4159623682498932,-0.012936540879309177,0.5319065451622009,0.4314473271369934,-0.005668839905411005,0.55848228931427,0.453031450510025,0.04848157614469528,0.5537912845611572,0.46528202295303345,0.04427085071802139,0.5419455170631409,0.48928022384643555,0.033433567732572556,0.5655220746994019,0.42688101530075073,0.07413990050554276,0.5261507034301758,0.35239604115486145,-0.007273654919117689,0.5262828469276428,0.38465580344200134,-0.021180152893066406,0.5478155016899109,0.4832111597061157,0.04685322195291519,0.5729826092720032,0.3861254155635834,0.05725967884063721,0.5338690280914307,0.44881704449653625,0.009677113965153694,0.535261869430542,0.4510349631309509,0.010412188246846199,0.5365412831306458,0.45399197936058044,0.010819255374372005,0.5375733375549316,0.45765456557273865,0.012954114004969597,0.5413941740989685,0.4617582857608795,0.02004571445286274,0.5405277609825134,0.4423944056034088,0.015015988610684872,0.5414419174194336,0.4410105049610138,0.015168176963925362,0.5422117114067078,0.43970078229904175,0.014982274733483791,0.5497962236404419,0.4305749833583832,0.015180469490587711,0.567599892616272,0.3995162844657898,0.023932402953505516,0.5237551927566528,0.3740571141242981,-0.01825021393597126,0.5210512280464172,0.35273322463035583,-0.013214833103120327,0.5237769484519958,0.35080838203430176,-0.009845511056482792,0.5395257472991943,0.44381973147392273,0.016074353829026222,0.567772626876831,0.4160965085029602,0.040362752974033356,0.5183113813400269,0.35726863145828247,-0.021842248737812042,0.5446850657463074,0.4662270247936249,0.026274872943758965,0.5223673582077026,0.3833320438861847,-0.027855657041072845,0.5321201682090759,0.39587879180908203,-0.016462726518511772,0.5378281474113464,0.475757896900177,0.02351689524948597,0.5534703135490417,0.4443416893482208,0.029504207894206047,0.5441784858703613,0.40912097692489624,0.0033694407902657986,0.5494591593742371,0.4555976986885071,0.02861952781677246,0.5569877624511719,0.4015182554721832,0.007847242057323456,0.5502929091453552,0.4146580994129181,0.008275443688035011,0.5619853734970093,0.41083860397338867,0.017983656376600266,0.5407027006149292,0.4832773208618164,0.027395078912377357,0.5348294973373413,0.39749374985694885,-0.009893459267914295,0.5576487183570862,0.4470911920070648,0.03816503286361694,0.5525936484336853,0.45968377590179443,0.036430686712265015,0.557018518447876,0.4329470992088318,0.027332594618201256,0.5711843967437744,0.4027223587036133,0.04323384538292885,0.5628762245178223,0.4295991063117981,0.03428003937005997,0.5716249942779541,0.4042103588581085,0.06055735424160957,0.5549212098121643,0.4216565787792206,0.015473875217139721,0.5297287702560425,0.38699206709861755,-0.014250516891479492,0.5362346768379211,0.41546431183815,-0.020895034074783325,0.5385637879371643,0.41395512223243713,-0.012870988808572292,0.5338899493217468,0.4126795530319214,-0.02669275738298893,0.5252618193626404,0.34504640102386475,-0.016417650505900383,0.5349105000495911,0.3366527855396271,-0.01725861430168152,0.5436495542526245,0.33189916610717773,-0.015254879370331764,0.5504238605499268,0.32983914017677307,-0.010925481095910072,0.5545050501823425,0.3304159939289093,-0.005689701531082392,0.5569364428520203,0.3396220803260803,0.008019762113690376,0.5716249942779541,0.34998172521591187,0.04493766650557518,0.5553149580955505,0.3535727262496948,0.006363092456012964,0.5502995252609253,0.35927966237068176,0.0023959316313266754,0.5423035621643066,0.3625492453575134,-0.00096040841890499,0.5344109535217285,0.36362385749816895,-0.003599419491365552,0.5285983681678772,0.36357581615448,-0.005904220975935459,0.5248655080795288,0.36325687170028687,-0.007622858043760061,0.5671803951263428,0.34422338008880615,0.06809333711862564,0.5380775928497314,0.4150277376174927,-0.009341204538941383,0.5285436511039734,0.3940117657184601,-0.02316337637603283,0.5332131385803223,0.41915979981422424,-0.025935981422662735,0.5304471254348755,0.42320048809051514,-0.02262195572257042,0.532904863357544,0.419473797082901,-0.02263624407351017,0.5368636846542358,0.4173625409603119,-0.006723368540406227,0.5296605825424194,0.4249175190925598,-0.02412549778819084,0.5287025570869446,0.42578816413879395,-0.016193926334381104,0.5230066180229187,0.355859637260437,-0.007182946428656578,0.521595299243927,0.3607950806617737,-0.010804904624819756,0.5218262076377869,0.3647439777851105,-0.014625840820372105,0.5506735444068909,0.34209737181663513,-0.00021079102589283139,0.5532613396644592,0.3358387053012848,-3.8139260141178966e-05,0.47435325384140015,0.3700267970561981,-0.014676823280751705,0.48112308979034424,0.36813676357269287,-0.014676823280751705,0.47292032837867737,0.36189398169517517,-0.014676823280751705,0.4674254059791565,0.37194398045539856,-0.014676823280751705,0.47569960355758667,0.378113329410553,-0.014676823280751705,0.5365075469017029,0.3488606810569763,-0.004268959630280733,0.5430117845535278,0.34636378288269043,-0.004268959630280733,0.5349734425544739,0.3416873812675476,-0.004268959630280733,0.529940664768219,0.35130149126052856,-0.004268959630280733,0.5380313396453857,0.3560068607330322,-0.004268959630280733
4000.000000000007,0.5238754153251648,0.44566553831100464,-0.005448603071272373,0.5249717831611633,0.4249173402786255,-0.029964260756969452,0.5233660936355591,0.4288298487663269,-0.011158296838402748,0.513883113861084,0.3967496156692505,-0.03075616993010044,0.5240143537521362,0.4173707664012909,-0.034115131944417953,0.5215690732002258,0.4052588939666748,-0.03472223877906799,0.5140878558158875,0.372377872467041,-0.027999063953757286,0.463983952999115,0.37306028604507446,-0.011514552868902683,0.5095517635345459,0.3492824137210846,-0.030601229518651962,0.5077663660049438,0.3379490375518799,-0.03577553480863571,0.4980652928352356,0.2872149348258972,-0.043168142437934875,0.5242573618888855,0.4487624764442444,-0.003615798195824027,0.5244682431221008,0.45195841789245605,-0.0009126224904321134,0.5244680047035217,0.4541325569152832,0.003393793012946844,0.5243386626243591,0.4543512463569641,0.004898578394204378,0.5250508189201355,0.4583916664123535,0.006019117310643196,0.5256920456886292,0.4629976451396942,0.006168251391500235,0.5261271595954895,0.467560738325119,0.008820675313472748,0.5279607176780701,0.473104864358902,0.01704474352300167,0.5247946381568909,0.427621454000473,-0.025809314101934433,0.5174717307090759,0.42795541882514954,-0.017784494906663895,0.42613470554351807,0.3392166197299957,0.0007446334348060191,0.48410066962242126,0.3752390146255493,-0.01357144583016634,0.4781198799610138,0.3778654634952545,-0.013845236971974373,0.4715365469455719,0.37962308526039124,-0.013133129104971886,0.46107685565948486,0.3761235475540161,-0.0100088594481349,0.4887152314186096,0.37204816937446594,-0.012608266435563564,0.4707649350166321,0.35942912101745605,-0.021893633529543877,0.4779610335826874,0.358402281999588,-0.021132664754986763,0.4643755853176117,0.3618850111961365,-0.020238885655999184,0.4604053497314453,0.3649905323982239,-0.017709508538246155,0.4558975100517273,0.38278985023498535,-0.006132527720183134,0.5070063471794128,0.48738893866539,0.025457538664340973,0.4606262445449829,0.37165042757987976,-0.010440744459629059,0.43110916018486023,0.3781522214412689,0.016149252653121948,0.4462461769580841,0.3777729272842407,-0.003052976680919528,0.4865449070930481,0.4164659380912781,-0.007660048548132181,0.516279935836792,0.4459412693977356,-0.0060604652389883995,0.5176153779029846,0.45325544476509094,-0.0010274166706949472,0.5091868042945862,0.44929224252700806,-0.0030220141634345055,0.5043269395828247,0.4516429007053375,0.0015050965594127774,0.5115496516227722,0.45404818654060364,0.00045599022996611893,0.5067678689956665,0.4544966220855713,0.0044022249057888985,0.49618038535118103,0.46261003613471985,0.015565240755677223,0.5198830366134644,0.4260821044445038,-0.030092036351561546,0.5180692672729492,0.41894060373306274,-0.03409992903470993,0.44973504543304443,0.3609316647052765,-0.020960494875907898,0.49582427740097046,0.3915863335132599,-0.013888588175177574,0.5019508004188538,0.42268645763397217,-0.017591428011655807,0.5003826022148132,0.4173063337802887,-0.01693466305732727,0.4656639099121094,0.4184556305408478,-0.0037283250130712986,0.515934944152832,0.40743541717529297,-0.03363284468650818,0.46632394194602966,0.35267263650894165,-0.03137839585542679,0.45663195848464966,0.3559214770793915,-0.02742224559187889,0.43173056840896606,0.3250448703765869,-0.014668048359453678,0.496473103761673,0.3540714681148529,-0.031110094860196114,0.48437657952308655,0.3593188524246216,-0.017889827489852905,0.49031850695610046,0.4564563035964966,0.01332158874720335,0.4499014616012573,0.4479914605617523,0.06040789186954498,0.5070809721946716,0.4262405335903168,-0.013411127962172031,0.5125402212142944,0.42750513553619385,-0.01180399302393198,0.4977496862411499,0.4545860290527344,0.013061088509857655,0.4992715120315552,0.4548061192035675,0.011801712214946747,0.4516986310482025,0.35035428404808044,-0.02688639424741268,0.5014899373054504,0.42462462186813354,-0.013077696785330772,0.47947004437446594,0.35168135166168213,-0.03277919068932533,0.477482408285141,0.3450969159603119,-0.03644045069813728,0.458672434091568,0.30197757482528687,-0.03920556604862213,0.4414062798023224,0.3373303711414337,-0.022057658061385155,0.4681464433670044,0.32200971245765686,-0.03868730366230011,0.44417819380760193,0.3561992645263672,-0.017849639058113098,0.43500497937202454,0.34858137369155884,-0.009384220466017723,0.516890823841095,0.44988346099853516,-0.00422660494223237,0.5103614330291748,0.4517483711242676,-0.0013791309902444482,0.5055009722709656,0.4530552923679352,0.002589739626273513,0.5084710717201233,0.4269255995750427,-0.011420422233641148,0.4985422194004059,0.45470574498176575,0.012384830042719841,0.501983106136322,0.45734962821006775,0.01079611573368311,0.5000185370445251,0.454922080039978,0.011724458076059818,0.5111863017082214,0.42544886469841003,-0.022800184786319733,0.5077091455459595,0.4555937647819519,0.0064046960324049,0.5125278830528259,0.4556559920310974,0.004247151780873537,0.5182179808616638,0.45531898736953735,0.0029938751831650734,0.5196741223335266,0.4748584032058716,0.016241537407040596,0.51871258020401,0.46883589029312134,0.007937727496027946,0.5184316635131836,0.46417441964149475,0.005509956274181604,0.5182617902755737,0.45948144793510437,0.005408072378486395,0.5181697607040405,0.4555825889110565,0.004466061480343342,0.5076842904090881,0.4557807147502899,0.007485329173505306,0.506915271282196,0.4576491713523865,0.007956663146615028,0.5060698390007019,0.460111141204834,0.0081720482558012,0.5054305195808411,0.46277859807014465,0.009813733398914337,0.4971136748790741,0.44470036029815674,0.0004291461664251983,0.43353012204170227,0.40825358033180237,0.05362880602478981,0.5242258906364441,0.4283159375190735,-0.016647452488541603,0.5040091276168823,0.45541849732398987,0.00992769654840231,0.5030051469802856,0.4563139081001282,0.010352539829909801,0.5151422619819641,0.4299987852573395,-0.010373881086707115,0.5034738779067993,0.4278257489204407,-0.006402702070772648,0.5139099955558777,0.4288029074668884,-0.011414042674005032,0.48995694518089294,0.3971884846687317,-0.011060957796871662,0.480234831571579,0.4056185185909271,-0.009226135909557343,0.49932804703712463,0.4198589026927948,-0.012515163980424404,0.4419466257095337,0.3125419020652771,-0.02842077612876892,0.4518522024154663,0.32815423607826233,-0.0314391627907753,0.4629322290420532,0.3460032641887665,-0.03301464766263962,0.5029188394546509,0.46820181608200073,0.015338498167693615,0.4933649003505707,0.3441767394542694,-0.03700760379433632,0.48468655347824097,0.31746870279312134,-0.04145338758826256,0.4767724573612213,0.29396480321884155,-0.043826889246702194,0.4652450978755951,0.3789850175380707,-0.01152948010712862,0.44913312792778015,0.3899771273136139,-0.0019577459897845984,0.49141693115234375,0.3696341812610626,-0.01210823655128479,0.45344871282577515,0.368531733751297,-0.013630370609462261,0.4998346269130707,0.38623523712158203,-0.016989292576909065,0.5063533186912537,0.4210723340511322,-0.024070560932159424,0.4426243305206299,0.3971896469593048,0.0057466113939881325,0.4557739794254303,0.3963328003883362,-0.004847092088311911,0.4658484160900116,0.3989611268043518,-0.008284125477075577,0.47860848903656006,0.3946933448314667,-0.009649879299104214,0.4870027005672455,0.38877931237220764,-0.010626813396811485,0.4928254187107086,0.3838663697242737,-0.012631058692932129,0.5081573724746704,0.3757050335407257,-0.026118066161870956,0.44726818799972534,0.4148941934108734,0.009757289662957191,0.4472033977508545,0.3680403530597687,-0.012507245875895023,0.5216124653816223,0.428402841091156,-0.025933552533388138,0.4984460473060608,0.4011658728122711,-0.013441828079521656,0.4252732992172241,0.3720095753669739,0.03504727780818939,0.49742943048477173,0.3793138563632965,-0.014487078413367271,0.49788472056388855,0.41878432035446167,-0.006188506726175547,0.45758500695228577,0.37183207273483276,-0.009529880248010159,0.5045171976089478,0.41436678171157837,-0.02324550226330757,0.4401688277721405,0.42784708738327026,0.058432117104530334,0.4899488687515259,0.3670709431171417,-0.01197162363678217,0.5101125240325928,0.41037437319755554,-0.02982969582080841,0.4740145206451416,0.4714972972869873,0.037349164485931396,0.4737915098667145,0.47676387429237366,0.050627995282411575,0.4380258321762085,0.41347503662109375,0.031515464186668396,0.4624810516834259,0.4612085819244385,0.03990954905748367,0.4322490096092224,0.3618141710758209,0.004458070732653141,0.5067937970161438,0.4944015145301819,0.03179650008678436,0.521605908870697,0.42876726388931274,-0.01655486784875393,0.4933897852897644,0.40769878029823303,-0.009860534220933914,0.4397806227207184,0.3789879083633423,0.0023480954114347696,0.4719013273715973,0.3740677237510681,-0.013675393536686897,0.47761788964271545,0.3729136288166046,-0.014392262324690819,0.5010626912117004,0.4585191011428833,0.011936603114008904,0.4513760209083557,0.43045204877853394,0.018105296418070793,0.5187957286834717,0.5011767148971558,0.03820382431149483,0.49763861298561096,0.49291449785232544,0.04289253428578377,0.48714932799339294,0.48641592264175415,0.04607662931084633,0.5030088424682617,0.31216222047805786,-0.040543630719184875,0.5309449434280396,0.49886950850486755,0.03888514265418053,0.48234277963638306,0.37067702412605286,-0.014157221652567387,0.4865174889564514,0.3681330680847168,-0.01312135811895132,0.4890466332435608,0.3671800494194031,-0.012053745798766613,0.4409334063529968,0.36532509326934814,-0.007730946876108646,0.4841565191745758,0.3656032383441925,-0.016153965145349503,0.47864484786987305,0.3666909337043762,-0.018184585496783257,0.47322797775268555,0.36835283041000366,-0.018568577244877815,0.4679044485092163,0.36989012360572815,-0.01738876663148403,0.4645393192768097,0.37090614438056946,-0.015351234003901482,0.42414283752441406,0.35393816232681274,0.0184162687510252,0.4674791693687439,0.37386271357536316,-0.012551463209092617,0.5237112045288086,0.43417853116989136,-0.007777123246341944,0.5031476020812988,0.4400029480457306,-0.0035830747801810503,0.5073370933532715,0.4258090853691101,-0.016501538455486298,0.515245258808136,0.4366765320301056,-0.008035058155655861,0.5112174153327942,0.3594394028186798,-0.02716369554400444,0.48556023836135864,0.48055359721183777,0.036741919815540314,0.4958976209163666,0.487521767616272,0.034943271428346634,0.5186808109283447,0.49790316820144653,0.029410209506750107,0.46165019273757935,0.46457362174987793,0.05636155977845192,0.4880271553993225,0.3662407100200653,-0.013893591240048409,0.5065638422966003,0.3911079466342926,-0.02401277981698513,0.5311371684074402,0.49559810757637024,0.03030388243496418,0.5081338286399841,0.49849933385849,0.039415355771780014,0.44372430443763733,0.4307704269886017,0.0374959371984005,0.5125263929367065,0.4559262692928314,0.005562332458794117,0.5120307803153992,0.45897847414016724,0.0061949766241014,0.5117146372795105,0.46272850036621094,0.00640863087028265,0.5116835236549377,0.46701374650001526,0.008378378115594387,0.5106850266456604,0.4728109836578369,0.01489879097789526,0.5028486847877502,0.45463210344314575,0.007971694692969322,0.5016648173332214,0.45393943786621094,0.007506355177611113,0.5006275177001953,0.45320239663124084,0.006866967771202326,0.49251314997673035,0.4502815902233124,0.005800214596092701,0.46271106600761414,0.4355674088001251,0.008334985002875328,0.5039737224578857,0.380513459444046,-0.02123110182583332,0.49546143412590027,0.362485408782959,-0.01693185791373253,0.4906228482723236,0.363121896982193,-0.015318063087761402,0.5040317177772522,0.45532581210136414,0.009270405396819115,0.4646967649459839,0.4523840546607971,0.024551814422011375,0.5027338266372681,0.3633056581020355,-0.023882808163762093,0.5084091424942017,0.47959020733833313,0.020619088783860207,0.5190775394439697,0.3943321406841278,-0.032193493098020554,0.5111265182495117,0.386929452419281,-0.02922145090997219,0.5167106986045837,0.3839098811149597,-0.03012687899172306,0.5040579438209534,0.4050561785697937,-0.020266428589820862,0.5304612517356873,0.48904895782470703,0.02423086203634739,0.5290907621383667,0.48047006130218506,0.02095242775976658,0.5191503763198853,0.48242518305778503,0.020651711151003838,0.4909745156764984,0.4669419229030609,0.019739044830203056,0.4931564927101135,0.42614254355430603,-0.003599876305088401,0.49909406900405884,0.47412899136543274,0.02087140455842018,0.4776098430156708,0.4285374879837036,-0.0033365392591804266,0.48843294382095337,0.43563562631607056,-0.0006413894589059055,0.4737585783004761,0.44132813811302185,0.0051121762953698635,0.5187765955924988,0.49118995666503906,0.023669131100177765,0.5002458691596985,0.4088062644004822,-0.01469709537923336,0.4866013824939728,0.47337228059768677,0.027004150673747063,0.49671947956085205,0.48073050379753113,0.027796275913715363,0.4842365086078644,0.4586773216724396,0.015602237544953823,0.4556792378425598,0.4428764879703522,0.025693461298942566,0.47573062777519226,0.46082332730293274,0.020818110555410385,0.45123207569122314,0.4465048313140869,0.04168257489800453,0.484673410654068,0.4457900822162628,0.004759208299219608,0.5024254322052002,0.39596134424209595,-0.018376460298895836,0.509172260761261,0.424763023853302,-0.02462189458310604,0.5044729709625244,0.42545050382614136,-0.017157040536403656,0.5120382308959961,0.4201001822948456,-0.02967701107263565,0.4898155629634857,0.35807591676712036,-0.021602977067232132,0.4789063036441803,0.3562847375869751,-0.02505142241716385,0.46945253014564514,0.35716086626052856,-0.02558106742799282,0.46163874864578247,0.35975170135498047,-0.023496247828006744,0.45624643564224243,0.3634404242038727,-0.019807977601885796,0.45278307795524597,0.37478107213974,-0.007248111069202423,0.4336795210838318,0.396025687456131,0.02399141900241375,0.46088260412216187,0.38623374700546265,-0.007671056315302849,0.4688076078891754,0.3880041539669037,-0.009821317158639431,0.4779152572154999,0.38557353615760803,-0.010962546803057194,0.48550286889076233,0.3813059628009796,-0.011417536996304989,0.49088239669799805,0.3773161768913269,-0.011731287464499474,0.49465957283973694,0.37442055344581604,-0.012320758774876595,0.4289166331291199,0.3896501064300537,0.045962538570165634,0.5043209791183472,0.4262847304344177,-0.013556449674069881,0.5087819695472717,0.4004788100719452,-0.02608766034245491,0.5147028565406799,0.42561841011047363,-0.028281157836318016,0.5175437927246094,0.42764174938201904,-0.024009045213460922,0.5140931010246277,0.4260220229625702,-0.025066420435905457,0.505803644657135,0.4275115728378296,-0.010297696106135845,0.5193728804588318,0.4283715486526489,-0.025245098397135735,0.5193319320678711,0.42877814173698425,-0.01714763417840004,0.49276667833328247,0.36730119585990906,-0.012088445015251637,0.49734053015708923,0.3699904978275299,-0.014416276477277279,0.5006247758865356,0.372851699590683,-0.01759457401931286,0.462373286485672,0.37146854400634766,-0.013216418214142323,0.4576318562030792,0.3680938184261322,-0.013898062519729137,0.5239596962928772,0.39332467317581177,-0.028996968641877174,0.5497443675994873,0.34383058547973633,0.0013385849306359887,0.5295839905738831,0.42358890175819397,-0.016427304595708847,0.561083197593689,0.2964915335178375,0.021223371848464012,0.5329088568687439,0.35732197761535645,-0.005276569165289402,0.5391865968704224,0.3556535542011261,-0.0038727193605154753,0.5452577471733093,0.3534073233604431,-0.0016208007000386715,0.552071213722229,0.34545108675956726,0.0036481621209532022,0.5278664231300354,0.35760244727134705,-0.006062360480427742,0.5412001013755798,0.33565887808799744,-0.011404450982809067,0.5342377424240112,0.3390732407569885,-0.012854439206421375,0.5472433567047119,0.33417612314224243,-0.008141123689711094,0.5508638024330139,0.3348858058452606,-0.004679106641560793,0.5572993159294128,0.348422646522522,0.00858098641037941,0.5477217435836792,0.4717440903186798,0.03138070926070213,0.5517274141311646,0.3415113091468811,0.0030260011553764343,0.5690016746520996,0.33300143480300903,0.03618674725294113,0.5614181160926819,0.33929136395454407,0.013448760844767094,0.5465842485427856,0.3961977958679199,0.0007402402115985751,0.5303559303283691,0.4414122402667999,-0.003967381082475185,0.5304006934165955,0.4491077661514282,0.0009233248420059681,0.5362160801887512,0.4403758943080902,0.0013416631845757365,0.5397372245788574,0.43995097279548645,0.007560615427792072,0.5349509716033936,0.44642558693885803,0.004274374805390835,0.538123369216919,0.44423410296440125,0.009563443250954151,0.5484769344329834,0.4441320598125458,0.023444512858986855,0.5294531583786011,0.42262324690818787,-0.028981294482946396,0.5293756127357483,0.4150201678276062,-0.03278358653187752,0.5582439303398132,0.32458993792533875,-0.005372933112084866,0.5315630435943604,0.3795274496078491,-0.008392619900405407,0.5392588973045349,0.4099855422973633,-0.01257824245840311,0.5382079482078552,0.40456515550613403,-0.011759037151932716,0.5622565746307373,0.38569462299346924,0.01025253813713789,0.5267524719238281,0.4037385582923889,-0.03194620460271835,0.5460769534111023,0.3256758451461792,-0.02052396535873413,0.5535545349121094,0.3233603835105896,-0.013864319771528244,0.555697500705719,0.2861449420452118,0.003749786876142025,0.5217077136039734,0.34504079818725586,-0.027493024244904518,0.5284000635147095,0.3438585698604584,-0.011227382346987724,0.5517001152038574,0.4351101517677307,0.022909194231033325,0.5683890581130981,0.4060661196708679,0.07932901382446289,0.5358460545539856,0.41635647416114807,-0.009677226655185223,0.532068133354187,0.42104142904281616,-0.009903932921588421,0.5440184473991394,0.4394057095050812,0.021353181451559067,0.5428277254104614,0.4405083656311035,0.019117088988423347,0.5548800826072693,0.3157820999622345,-0.01245114952325821,0.5391418933868408,0.411974161863327,-0.008165658451616764,0.5355542898178101,0.3323493003845215,-0.025354674085974693,0.5356300473213196,0.3247731924057007,-0.028805842623114586,0.5338541269302368,0.2787070870399475,-0.028795819729566574,0.5554907917976379,0.3005586862564087,-0.006110252346843481,0.534552812576294,0.30089518427848816,-0.029947061091661453,0.5595873594284058,0.31798255443573,-0.0012001879513263702,0.560978889465332,0.3078222870826721,0.008656876161694527,0.5306141376495361,0.44547784328460693,-0.00214325450360775,0.5356931090354919,0.44348645210266113,0.0027112881653010845,0.5390283465385437,0.44203391671180725,0.008118998259305954,0.5347467064857483,0.41798099875450134,-0.008395932614803314,0.5434086918830872,0.43997541069984436,0.02006591483950615,0.5416985750198364,0.44409021735191345,0.01723097264766693,0.542252242565155,0.44105595350265503,0.01884697936475277,0.5341665744781494,0.41725975275039673,-0.01936103031039238,0.5372833609580994,0.44596460461616516,0.01130724512040615,0.5341174006462097,0.4486459493637085,0.007853340357542038,0.529884934425354,0.45150765776634216,0.004998798947781324,0.535130500793457,0.4692835509777069,0.018199166283011436,0.5325928926467896,0.46390223503112793,0.009996147826313972,0.5319119691848755,0.45944392681121826,0.0077051823027431965,0.5308577418327332,0.4551379084587097,0.00753092160448432,0.5296916365623474,0.4516878128051758,0.00649038003757596,0.5370890498161316,0.44599616527557373,0.012388622388243675,0.5383462309837341,0.44705912470817566,0.01284860447049141,0.5396613478660583,0.4486188292503357,0.013229484669864178,0.5407334566116333,0.4505617320537567,0.015252956189215183,0.5457649827003479,0.42822006344795227,0.007424997631460428,0.5690227746963501,0.36278554797172546,0.07465284317731857,0.5394591689109802,0.4437235891819,0.01613142527639866,0.5406134724617004,0.44384583830833435,0.016557898372411728,0.5304548144340515,0.42509233951568604,-0.008492209948599339,0.5378567576408386,0.41645416617393494,-0.0025163753889501095,0.531258225440979,0.4231923818588257,-0.009575996547937393,0.5374473333358765,0.3812081217765808,-0.003684649709612131,0.5478695034980774,0.3828260004520416,0.0007725029136054218,0.538943350315094,0.406618595123291,-0.007179849315434694,0.5473952293395996,0.27973029017448425,-0.013421726413071156,0.5471939444541931,0.29763656854629517,-0.01865038275718689,0.5466000437736511,0.31747040152549744,-0.021607274189591408,0.5453892350196838,0.45290225744247437,0.021731706336140633,0.5222274661064148,0.3337128162384033,-0.03313977271318436,0.5203651189804077,0.30612263083457947,-0.036912381649017334,0.5180220603942871,0.2811913788318634,-0.03857292979955673,0.5498595833778381,0.3496895432472229,0.001346310251392424,0.5638336539268494,0.350902795791626,0.014371205121278763,0.524883508682251,0.3572321832180023,-0.006276824977248907,0.556119978427887,0.3341648280620575,0.0013126045232638717,0.527489960193634,0.37682750821113586,-0.012582006864249706,0.5368843674659729,0.41054999828338623,-0.019984742626547813,0.5698593258857727,0.35462117195129395,0.024204067885875702,0.5624715685844421,0.35956496000289917,0.010478825308382511,0.5570142865180969,0.3671964406967163,0.004795694723725319,0.5459002256393433,0.37120431661605835,0.00034358500852249563,0.5368679165840149,0.37125492095947266,-0.0030403200071305037,0.5306176543235779,0.3703911304473877,-0.006919827777892351,0.5196459293365479,0.37180233001708984,-0.02425503171980381,0.5719085335731506,0.3727230429649353,0.028113389387726784,0.5597664713859558,0.33056309819221497,0.0038966014981269836,0.5276393294334412,0.4261639416217804,-0.025041326880455017,0.5330691337585449,0.38958290219306946,-0.0081902164965868,0.5667092800140381,0.3262900114059448,0.05676322802901268,0.5259667038917542,0.3687801659107208,-0.010043526068329811,0.5385621786117554,0.4052675664424896,-0.000865990063175559,0.553541898727417,0.34004631638526917,0.0046244459226727486,0.5354334115982056,0.4039005637168884,-0.01908249594271183,0.5695127844810486,0.3832773268222809,0.07860972732305527,0.5245720148086548,0.35430261492729187,-0.00588406715542078,0.5313141942024231,0.40312010049819946,-0.026807866990566254,0.5641285181045532,0.4382895231246948,0.05093760043382645,0.5624297261238098,0.44353798031806946,0.06491890549659729,0.5733609199523926,0.36759769916534424,0.051502302289009094,0.5687254667282104,0.42306891083717346,0.05591743811964989,0.5650221109390259,0.31880950927734375,0.023678919300436974,0.5490598678588867,0.47778668999671936,0.038185276091098785,0.5266169309616089,0.4269993305206299,-0.015988070517778397,0.5383613705635071,0.3926604092121124,-0.0033821158576756716,0.5646706819534302,0.3374598026275635,0.020495520904660225,0.5437440872192383,0.3480799198150635,-0.0023794989101588726,0.5382564663887024,0.3503929674625397,-0.004398168995976448,0.5426788330078125,0.4445706605911255,0.018868718296289444,0.5722613334655762,0.3890126049518585,0.03579852730035782,0.5412519574165344,0.49233779311180115,0.04189140349626541,0.5525318384170532,0.4711860716342926,0.05210484191775322,0.5569354295730591,0.459272563457489,0.057684674859046936,0.5329252481460571,0.3517812192440033,-0.005618608091026545,0.5280760526657104,0.35267746448516846,-0.005798556376248598,0.5254822969436646,0.3537066876888275,-0.005480579566210508,0.5616227388381958,0.3255254924297333,0.009910044260323048,0.5294553637504578,0.3503466248512268,-0.008612629026174545,0.5349122285842896,0.3485157787799835,-0.009411015547811985,0.5406173467636108,0.3468008041381836,-0.008374216966331005,0.5458550453186035,0.3449196517467499,-0.005796154960989952,0.5489180088043213,0.3436485528945923,-0.002946107182651758,0.5647034645080566,0.3090900778770447,0.03981529921293259,0.5473294258117676,0.3458123207092285,-0.00027586714713834226,0.5408275127410889,0.42741772532463074,0.0017466741846874356,0.5360826849937439,0.4158124327659607,-0.01296822726726532,0.5316100120544434,0.43123453855514526,-0.005814345087856054,0.5586934089660645,0.4527627229690552,0.047736238688230515,0.5538861155509949,0.4649314284324646,0.04357949271798134,0.5418118238449097,0.48882102966308594,0.032875802367925644,0.566008448600769,0.4266142249107361,0.07331554591655731,0.5261626243591309,0.35260969400405884,-0.0071564638055861,0.5259716510772705,0.3845272958278656,-0.021051984280347824,0.5478304624557495,0.48274847865104675,0.04617225378751755,0.5733458995819092,0.3860231041908264,0.05662569776177406,0.5338966846466064,0.44876909255981445,0.009199487045407295,0.5352592468261719,0.45104390382766724,0.009921343065798283,0.5364940166473389,0.4540860652923584,0.010320045053958893,0.5374728441238403,0.457855761051178,0.012446487322449684,0.5412399768829346,0.4616975784301758,0.019527437165379524,0.5405390858650208,0.44226908683776855,0.01444389671087265,0.5414376854896545,0.44086411595344543,0.014578068628907204,0.5421998500823975,0.4395298957824707,0.014394841156899929,0.5495964288711548,0.43075668811798096,0.014624619856476784,0.5674548745155334,0.399536669254303,0.023421745747327805,0.5234691500663757,0.37392324209213257,-0.01809162274003029,0.521002471446991,0.3527894616127014,-0.01300132181495428,0.5237471461296082,0.35094544291496277,-0.009685629047453403,0.5395463705062866,0.44371750950813293,0.015510301105678082,0.5678483247756958,0.41603896021842957,0.039703041315078735,0.5181788802146912,0.3571853041648865,-0.021556882187724113,0.5445466637611389,0.46600285172462463,0.025746367871761322,0.5220309495925903,0.3831996023654938,-0.027647724375128746,0.53181391954422,0.3957563042640686,-0.016422899439930916,0.5376260876655579,0.4754607081413269,0.023090895265340805,0.5534670948982239,0.4443325996398926,0.02883746847510338,0.5439695715904236,0.40903839468955994,0.00317760999314487,0.549415647983551,0.4554649889469147,0.028001917526125908,0.556705117225647,0.4015224575996399,0.0075316643342375755,0.5500578284263611,0.41464248299598694,0.007936866953969002,0.5617709159851074,0.41085684299468994,0.01751362904906273,0.5405154824256897,0.48286235332489014,0.026894092559814453,0.5345700979232788,0.39736855030059814,-0.009912737645208836,0.5577393174171448,0.4469434916973114,0.03745415061712265,0.5526114702224731,0.4594239294528961,0.035778678953647614,0.556970477104187,0.4330436587333679,0.026685260236263275,0.5713200569152832,0.4026727080345154,0.042590025812387466,0.5629215240478516,0.4295647144317627,0.03360710293054581,0.5720155239105225,0.40407729148864746,0.05983886122703552,0.5547180771827698,0.42174941301345825,0.0149902468547225,0.5294466018676758,0.3868614435195923,-0.01419925782829523,0.5358622074127197,0.4153306186199188,-0.02091105468571186,0.538242757320404,0.41383180022239685,-0.012927107512950897,0.533500075340271,0.4125608205795288,-0.026676613837480545,0.5251592993736267,0.34508320689201355,-0.016215583309531212,0.5347199440002441,0.3366200029850006,-0.017108166590332985,0.5434196591377258,0.33190974593162537,-0.015171372331678867,0.5502128601074219,0.3299389183521271,-0.010925965383648872,0.554375410079956,0.3306073248386383,-0.005757892969995737,0.5570332407951355,0.34009265899658203,0.007852236740291119,0.5719060897827148,0.3499656319618225,0.044484421610832214,0.5554050207138062,0.35392212867736816,0.006171690300107002,0.5503602623939514,0.3595119118690491,0.0022448603995144367,0.542362630367279,0.3627433478832245,-0.0010507410624995828,0.5344594717025757,0.3637869656085968,-0.0036151644308120012,0.5286173224449158,0.3636704385280609,-0.005848264787346125,0.524857759475708,0.3632877469062805,-0.007517208810895681,0.5676318407058716,0.3440837860107422,0.06759767234325409,0.5377839207649231,0.4148999750614166,-0.009407582692801952,0.5281990170478821,0.3938901424407959,-0.02307194657623768,0.5328143835067749,0.4189996123313904,-0.025924615561962128,0.5300692319869995,0.42297685146331787,-0.022613124921917915,0.5325239896774292,0.4192998707294464,-0.02263444848358631,0.5365746021270752,0.41721808910369873,-0.006792844273149967,0.5292655825614929,0.4246860146522522,-0.024113785475492477,0.5283378958702087,0.42552119493484497,-0.016197415068745613,0.5229854583740234,0.3560072183609009,-0.007037181872874498,0.5215579271316528,0.36080583930015564,-0.01062722597271204,0.5217464566230774,0.3646506369113922,-0.014438843354582787,0.5506666898727417,0.3426552712917328,-0.0002812536258716136,0.5532422065734863,0.3362877368927002,-0.00013319500430952758,0.47453197836875916,0.3699100911617279,-0.014164719730615616,0.48128727078437805,0.3680494725704193,-0.014164719730615616,0.47311925888061523,0.36176732182502747,-0.014164719730615616,0.46761542558670044,0.3717949092388153,-0.014164719730615616,0.47585514187812805,0.37800905108451843,-0.014164719730615616,0.5371420383453369,0.3490290939807892,-0.004253037739545107,0.5432455539703369,0.3467438817024231,-0.004253037739545107,0.5356079339981079,0.34202566742897034,-0.004253037739545107,0.5309802293777466,0.3512573838233948,-0.004253037739545107,0.5386502742767334,0.35599905252456665,-0.004253037739545107
4033.3333333333403,0.5222532749176025,0.4440055191516876,-0.006673174444586039,0.5233005881309509,0.42095768451690674,-0.03105207160115242,0.5217196345329285,0.42550772428512573,-0.012043626978993416,0.5124215483665466,0.3927682638168335,-0.031223315745592117,0.5224193334579468,0.4131850302219391,-0.03512829914689064,0.5200982689857483,0.4010986089706421,-0.03550434112548828,0.5130038857460022,0.36879706382751465,-0.027840079739689827,0.46221286058425903,0.37071868777275085,-0.010956712067127228,0.5088071227073669,0.3458947539329529,-0.030005071312189102,0.5071696043014526,0.3344370126724243,-0.035003699362277985,0.4981619417667389,0.2839224934577942,-0.0416254848241806,0.5225631594657898,0.4468693435192108,-0.00493050878867507,0.5227213501930237,0.44975215196609497,-0.0022505768574774265,0.5227188467979431,0.4517592787742615,0.00200286484323442,0.5226892232894897,0.4520689845085144,0.0040586888790130615,0.5233415961265564,0.4559950828552246,0.005052825435996056,0.5239189267158508,0.46044686436653137,0.0051898532547056675,0.5243093967437744,0.4648548364639282,0.007937700487673283,0.5261710286140442,0.4726519286632538,0.016362320631742477,0.5231053829193115,0.4239243268966675,-0.026889776811003685,0.5158122777938843,0.42430219054222107,-0.018724733963608742,0.4245159327983856,0.33667072653770447,0.0026335003785789013,0.4826975464820862,0.37305572628974915,-0.013234678655862808,0.4766588509082794,0.37572014331817627,-0.013518618419766426,0.47002577781677246,0.3772962689399719,-0.012764767743647099,0.45925670862197876,0.37345296144485474,-0.009468039497733116,0.4874216616153717,0.36964792013168335,-0.012201623991131783,0.4697916805744171,0.35573962330818176,-0.02135259099304676,0.4770192503929138,0.35497286915779114,-0.020562555640935898,0.46319594979286194,0.35804739594459534,-0.019671007990837097,0.45896583795547485,0.3612366318702698,-0.01711489073932171,0.45417389273643494,0.37980931997299194,-0.005589906591922045,0.5044190883636475,0.48635509610176086,0.02453543432056904,0.45881548523902893,0.36906611919403076,-0.00978449173271656,0.4289819896221161,0.3759009838104248,0.01744730770587921,0.44441694021224976,0.3743673861026764,-0.0022503973450511694,0.48441603779792786,0.41351547837257385,-0.008001705631613731,0.5146255493164062,0.4440782070159912,-0.0072541809640824795,0.515833854675293,0.45081356167793274,-0.0023432765156030655,0.507547914981842,0.4471747875213623,-0.004143521189689636,0.5026475787162781,0.44930943846702576,0.0005911992047913373,0.509774386882782,0.45148053765296936,-0.0007324338657781482,0.504980206489563,0.45186305046081543,0.0034429142251610756,0.49388599395751953,0.4605971574783325,0.015029068104922771,0.5181232690811157,0.4220532774925232,-0.0311887189745903,0.5163768529891968,0.41470006108283997,-0.03512255474925041,0.4483982026576996,0.35626399517059326,-0.020119646564126015,0.49418264627456665,0.3886217176914215,-0.013875745236873627,0.5001335144042969,0.4190402030944824,-0.018417606130242348,0.4985891282558441,0.4137621521949768,-0.017656100913882256,0.4631703495979309,0.4156704545021057,-0.003868719330057502,0.5143710970878601,0.4032515287399292,-0.03440934047102928,0.4655243754386902,0.34769192337989807,-0.03061745874583721,0.4556276798248291,0.35099172592163086,-0.0266033336520195,0.4305369257926941,0.3219141364097595,-0.01283322274684906,0.49554651975631714,0.34975555539131165,-0.03051975555717945,0.48337265849113464,0.35618671774864197,-0.01730945147573948,0.48802345991134644,0.45386025309562683,0.012773801572620869,0.4474563002586365,0.44719499349594116,0.06069434434175491,0.5052872896194458,0.4227108359336853,-0.01419848669320345,0.5108103156089783,0.42408156394958496,-0.012617265805602074,0.49591144919395447,0.45181363821029663,0.012569952756166458,0.49741917848587036,0.4520352780818939,0.011297899298369884,0.4506678283214569,0.3453523516654968,-0.025907091796398163,0.4996645152568817,0.4212212562561035,-0.013866472989320755,0.47865721583366394,0.34695062041282654,-0.03209853172302246,0.4768497049808502,0.3403247892856598,-0.03567785024642944,0.4582445025444031,0.29823148250579834,-0.03768413886427879,0.4399927854537964,0.333792120218277,-0.02067737840116024,0.4674166440963745,0.31801706552505493,-0.03749712556600571,0.44266635179519653,0.35171598196029663,-0.016797346994280815,0.4332420825958252,0.34558436274528503,-0.007918212562799454,0.5151731967926025,0.44775351881980896,-0.005497010424733162,0.508643627166748,0.44939810037612915,-0.0025456417351961136,0.5037673711776733,0.4505614936351776,0.0016345971962437034,0.5066937804222107,0.4234965145587921,-0.012167993932962418,0.49669313430786133,0.4519304931163788,0.011889610439538956,0.5001940727233887,0.4544607996940613,0.010280624963343143,0.4981532692909241,0.45214787125587463,0.011227334849536419,0.509402871131897,0.4215705692768097,-0.023733889684081078,0.5059121251106262,0.4528800845146179,0.005404307506978512,0.5107201933860779,0.4529668688774109,0.003031295957043767,0.516406774520874,0.45272696018218994,0.0016343570314347744,0.5175487399101257,0.47430089116096497,0.015580256469547749,0.5167679190635681,0.4658864140510559,0.0070896572433412075,0.516541600227356,0.46138808131217957,0.00460837734863162,0.5164497494697571,0.4568772315979004,0.004514966160058975,0.5164481997489929,0.4530523419380188,0.0036823833361268044,0.5059691667556763,0.45297157764434814,0.006921444553881884,0.5051407217979431,0.4547920823097229,0.007331181783229113,0.5042558908462524,0.4571489691734314,0.007519375532865524,0.5035969614982605,0.45974406599998474,0.009190685115754604,0.49495330452919006,0.44176235795021057,-0.0002756178146228194,0.4312957525253296,0.4070933759212494,0.05486239865422249,0.5225422382354736,0.42480751872062683,-0.017610853537917137,0.502266526222229,0.4525812864303589,0.009473119862377644,0.5012341141700745,0.4534587860107422,0.009849317371845245,0.513378918170929,0.4266420602798462,-0.011245119385421276,0.5016674995422363,0.42463135719299316,-0.007102298550307751,0.5121649503707886,0.42540377378463745,-0.01225866936147213,0.48806115984916687,0.39433225989341736,-0.011111817322671413,0.4780416190624237,0.40274399518966675,-0.009315211325883865,0.49748867750167847,0.4165244400501251,-0.013197080232203007,0.4411812424659729,0.30900001525878906,-0.02674245275557041,0.4508001506328583,0.32426533102989197,-0.03016679361462593,0.4622441530227661,0.341046541929245,-0.03213478997349739,0.5005942583084106,0.46673136949539185,0.014764905907213688,0.4926198422908783,0.33972543478012085,-0.03628198429942131,0.484183132648468,0.31362977623939514,-0.04029841348528862,0.47660866379737854,0.290317565202713,-0.04236387833952904,0.46354007720947266,0.3765268921852112,-0.011077030561864376,0.44734612107276917,0.38678669929504395,-0.001427286653779447,0.49022871255874634,0.36706623435020447,-0.011650359258055687,0.45182594656944275,0.3647812008857727,-0.01288380566984415,0.498348206281662,0.3830910623073578,-0.016937915235757828,0.5045782327651978,0.4171258807182312,-0.02496168576180935,0.44035160541534424,0.39457064867019653,0.006334214936941862,0.4542462229728699,0.3932803273200989,-0.00454824510961771,0.4646662175655365,0.3959786891937256,-0.008141035214066505,0.47749561071395874,0.3917901813983917,-0.009524752385914326,0.4858453869819641,0.38594233989715576,-0.010479738935828209,0.49175459146499634,0.3809838593006134,-0.012433679774403572,0.5069272518157959,0.37214040756225586,-0.025968343019485474,0.44475042819976807,0.4124375879764557,0.01001209206879139,0.4455725848674774,0.3641226291656494,-0.01164490170776844,0.5198900103569031,0.4246359169483185,-0.027024706825613976,0.4967319965362549,0.3980266749858856,-0.01368215773254633,0.42320913076400757,0.3703824281692505,0.03688177093863487,0.49644404649734497,0.3763270676136017,-0.014226927421987057,0.4960314929485321,0.4156799614429474,-0.006697620265185833,0.4557896554470062,0.3688342571258545,-0.008840346708893776,0.5027961730957031,0.4105745553970337,-0.024004053324460983,0.4378288984298706,0.42687904834747314,0.059222400188446045,0.48888394236564636,0.3645845055580139,-0.011422189883887768,0.5084630846977234,0.4063500463962555,-0.03060200996696949,0.4714163541793823,0.47006452083587646,0.036867186427116394,0.47112512588500977,0.47586891055107117,0.05018647387623787,0.43562132120132446,0.41161179542541504,0.03221765160560608,0.45989665389060974,0.4598018527030945,0.03961307555437088,0.43029189109802246,0.3592613935470581,0.005919348914176226,0.5041378140449524,0.4933910667896271,0.030706197023391724,0.5199208855628967,0.42520177364349365,-0.017514480277895927,0.4914913773536682,0.4046981930732727,-0.010161343961954117,0.4376915693283081,0.37549257278442383,0.003281028475612402,0.4703657329082489,0.37210148572921753,-0.013255084864795208,0.47620198130607605,0.3709913492202759,-0.014002194628119469,0.49925941228866577,0.4555951654911041,0.01141524687409401,0.44874653220176697,0.4282781779766083,0.018092799931764603,0.5161973834037781,0.5005255937576294,0.03701068088412285,0.4948827624320984,0.4920538663864136,0.04204145818948746,0.4844222962856293,0.4855180084705353,0.04541802778840065,0.5027344226837158,0.3086807131767273,-0.03935501351952553,0.5285742282867432,0.49842870235443115,0.0376797653734684,0.4810425043106079,0.3686795234680176,-0.013742225244641304,0.4853077232837677,0.36594295501708984,-0.012645660899579525,0.48790717124938965,0.36481547355651855,-0.011519983410835266,0.4390224516391754,0.361542284488678,-0.006686838809400797,0.4831699728965759,0.3635810315608978,-0.015595914795994759,0.4776642918586731,0.36484622955322266,-0.01763894595205784,0.4721527397632599,0.3663846552371979,-0.018045736476778984,0.46658438444137573,0.36764493584632874,-0.01684672199189663,0.4630213677883148,0.36844128370285034,-0.014783021993935108,0.42223918437957764,0.3518816828727722,0.02034599334001541,0.4658031463623047,0.37172651290893555,-0.012057242915034294,0.5220776796340942,0.4311630129814148,-0.008692355826497078,0.5011489391326904,0.43695804476737976,-0.004363284911960363,0.5055462718009949,0.4221373200416565,-0.01730678230524063,0.513457715511322,0.4335584342479706,-0.008949524722993374,0.5103065371513367,0.3560880422592163,-0.026729805395007133,0.4829328656196594,0.4792376458644867,0.036081425845623016,0.49327459931373596,0.48630523681640625,0.03406955674290657,0.5161365270614624,0.49710601568222046,0.028169620782136917,0.45909741520881653,0.4637666642665863,0.056238070130348206,0.48702800273895264,0.3639145493507385,-0.013330260291695595,0.505086362361908,0.3875062167644501,-0.02418329007923603,0.5288349390029907,0.49497613310813904,0.029050225391983986,0.5054036974906921,0.49772050976753235,0.038350511342287064,0.4412190318107605,0.42917579412460327,0.03782931715250015,0.5108004212379456,0.4532070457935333,0.004874642938375473,0.510214626789093,0.4561832845211029,0.005429183132946491,0.5098354816436768,0.45979076623916626,0.005638605915009975,0.5097530484199524,0.4639345109462738,0.0076577328145504,0.5083817839622498,0.47182971239089966,0.014288884587585926,0.5010594725608826,0.4519246220588684,0.007273574359714985,0.4999004304409027,0.4513007700443268,0.00682673929259181,0.4989006817340851,0.45065420866012573,0.006194135174155235,0.49026739597320557,0.4474633038043976,0.005204439628869295,0.46008968353271484,0.4331786632537842,0.008060477674007416,0.5026264190673828,0.37713128328323364,-0.021118296310305595,0.494357168674469,0.3593779504299164,-0.01636076532304287,0.489540159702301,0.36023885011672974,-0.01473486702889204,0.5022424459457397,0.45257627964019775,0.008546782657504082,0.462110698223114,0.45048409700393677,0.02422272227704525,0.5018563866615295,0.3598511517047882,-0.02344186045229435,0.5059525966644287,0.4785686731338501,0.01990482211112976,0.5177327990531921,0.39035534858703613,-0.03265589475631714,0.509773850440979,0.38314583897590637,-0.029361220076680183,0.5154880881309509,0.3801327645778656,-0.03025025688111782,0.5023959279060364,0.4015175998210907,-0.020717807114124298,0.5283056497573853,0.4884282350540161,0.023114867508411407,0.5271199345588684,0.4799225628376007,0.02002473920583725,0.516849935054779,0.481749564409256,0.019761841744184494,0.48858338594436646,0.46503859758377075,0.019177328795194626,0.4911733567714691,0.423182874917984,-0.004071222152560949,0.4966563880443573,0.47268304228782654,0.020252371206879616,0.47520241141319275,0.42571717500686646,-0.003712855512276292,0.48623543977737427,0.43280044198036194,-0.001108449068851769,0.47127288579940796,0.4387623965740204,0.004682247526943684,0.5163170695304871,0.4904269874095917,0.022571615874767303,0.4985020160675049,0.4054918885231018,-0.015163080766797066,0.48406827449798584,0.4717036187648773,0.02639731764793396,0.4941830337047577,0.47933870553970337,0.027028057724237442,0.48185664415359497,0.4563419818878174,0.01507012452930212,0.4530506432056427,0.440962553024292,0.025533007457852364,0.47321659326553345,0.45880141854286194,0.020338598638772964,0.44867396354675293,0.44508346915245056,0.041686609387397766,0.4823496639728546,0.4430834650993347,0.004271654412150383,0.5008504986763,0.3926016688346863,-0.01858019083738327,0.5073722004890442,0.420810341835022,-0.02556627057492733,0.502653181552887,0.4217868447303772,-0.018022576346993446,0.5102924704551697,0.41595160961151123,-0.03061698190867901,0.48872530460357666,0.3545091152191162,-0.02098572999238968,0.47795167565345764,0.3523273169994354,-0.0243948046118021,0.4685381054878235,0.35293078422546387,-0.02494051493704319,0.4606154263019562,0.355448842048645,-0.02283535525202751,0.4548986852169037,0.35927799344062805,-0.019096739590168,0.45097899436950684,0.37154626846313477,-0.006513336673378944,0.43139272928237915,0.3939378559589386,0.024992333725094795,0.4592595398426056,0.383413702249527,-0.00726196588948369,0.46740707755088806,0.38527819514274597,-0.009495746344327927,0.47657790780067444,0.38300755620002747,-0.010692617855966091,0.4841773808002472,0.37879079580307007,-0.011153399012982845,0.4896424114704132,0.37466612458229065,-0.0113986786454916,0.49348148703575134,0.37164849042892456,-0.01196495071053505,0.4267576336860657,0.3883039951324463,0.047580212354660034,0.5025041699409485,0.4228079319000244,-0.014364558272063732,0.507215142250061,0.3966725468635559,-0.026547066867351532,0.5129241347312927,0.42156660556793213,-0.02931489236652851,0.5158483386039734,0.42385828495025635,-0.02503732033073902,0.5123392939567566,0.42210710048675537,-0.026048747822642326,0.5040100812911987,0.42418140172958374,-0.011064433492720127,0.5176462531089783,0.4245789647102356,-0.026319289579987526,0.517655611038208,0.42517465353012085,-0.01809828355908394,0.49168771505355835,0.36458858847618103,-0.011575136333703995,0.4962366819381714,0.36709722876548767,-0.013991051353514194,0.4997110962867737,0.3697666823863983,-0.017261656001210213,0.46071892976760864,0.3688877522945404,-0.012606516480445862,0.4559614360332489,0.36461141705513,-0.013250806368887424,0.5226903557777405,0.38955169916152954,-0.029393959790468216,0.5498605370521545,0.3429688513278961,0.002298555104061961,0.5278938412666321,0.4202655553817749,-0.017305128276348114,0.5620419979095459,0.29649239778518677,0.02375323511660099,0.5324624180793762,0.355718731880188,-0.004670899361371994,0.5389460921287537,0.3545626997947693,-0.0032237153500318527,0.5450893044471741,0.35244280099868774,-0.0008846913697198033,0.5520351529121399,0.34449946880340576,0.004613406024873257,0.5271947979927063,0.35517197847366333,-0.005439249332994223,0.5406836867332458,0.3330754339694977,-0.010524628683924675,0.5336139798164368,0.3362046778202057,-0.012012756429612637,0.5468582510948181,0.33192700147628784,-0.007182180881500244,0.5505900382995605,0.33298352360725403,-0.0036595507990568876,0.5570244193077087,0.3475205898284912,0.009593436494469643,0.5461361408233643,0.4714917242527008,0.030554737895727158,0.55181485414505,0.3406367301940918,0.004112431779503822,0.5690906047821045,0.3334740698337555,0.03806474804878235,0.5611491799354553,0.33801183104515076,0.0147893987596035,0.5456675887107849,0.3943730294704437,0.0006118998280726373,0.5287588238716125,0.440054714679718,-0.005110783968120813,0.528661847114563,0.44715410470962524,-0.0003559342585504055,0.5345333814620972,0.4393296241760254,0.0003404470917303115,0.5381231307983398,0.43907850980758667,0.006767711602151394,0.5332527756690979,0.44482311606407166,0.0031460856553167105,0.536538302898407,0.442954957485199,0.00866025686264038,0.5476198196411133,0.44298380613327026,0.022965800017118454,0.5278635025024414,0.41880518198013306,-0.03002714179456234,0.5278531312942505,0.411018043756485,-0.03375165909528732,0.5580146312713623,0.32223963737487793,-0.004013796802610159,0.5306310653686523,0.3772859573364258,-0.008182424120604992,0.5378573536872864,0.4071246087551117,-0.013186938129365444,0.5368916988372803,0.40178182721138,-0.012257786467671394,0.56163090467453,0.3847557008266449,0.010464987717568874,0.5253610610961914,0.3997763991355896,-0.032652996480464935,0.5456545352935791,0.32227808237075806,-0.01940440759062767,0.5532427430152893,0.32053351402282715,-0.012605986557900906,0.5567066669464111,0.2854558825492859,0.00615749042481184,0.5208741426467896,0.3407254219055176,-0.02677413448691368,0.5276832580566406,0.3408307135105133,-0.010414475575089455,0.5509144067764282,0.43355312943458557,0.022468479350209236,0.567456841468811,0.40792521834373474,0.08022622019052505,0.5343021154403687,0.41347411274909973,-0.010325577110052109,0.530443012714386,0.418024480342865,-0.010647821240127087,0.5426985025405884,0.43862566351890564,0.020912447944283485,0.5414995551109314,0.43963587284088135,0.018639925867319107,0.5547107458114624,0.3128027021884918,-0.011015794239938259,0.537723183631897,0.40931105613708496,-0.00875133741647005,0.5349929332733154,0.3284892737865448,-0.024418365210294724,0.5351700186729431,0.32085466384887695,-0.02777981385588646,0.5344212055206299,0.27656248211860657,-0.02691418118774891,0.5561146140098572,0.29936254024505615,-0.004244004376232624,0.5346785187721252,0.29837557673454285,-0.028456853702664375,0.5595069527626038,0.31558606028556824,0.00038078060606494546,0.5616028308868408,0.30729687213897705,0.010673027485609055,0.5289181470870972,0.44384512305259705,-0.0033632235135883093,0.5339838266372681,0.4421432614326477,0.0016347250202670693,0.5374268889427185,0.4409385621547699,0.00725577911362052,0.5331580638885498,0.4151191711425781,-0.009023012593388557,0.5420836210250854,0.4391442537307739,0.019607393071055412,0.5403000116348267,0.44299983978271484,0.01674157753586769,0.5409011244773865,0.4401426613330841,0.01837281323969364,0.5326098799705505,0.4139784872531891,-0.020139528438448906,0.5357216000556946,0.44459617137908936,0.010352176614105701,0.532446563243866,0.44690096378326416,0.0066832383163273335,0.5281649231910706,0.4493950605392456,0.003667062846943736,0.5336834192276001,0.46891722083091736,0.017515722662210464,0.5309311747550964,0.46151694655418396,0.009139091707766056,0.5302706360816956,0.45719224214553833,0.006795477122068405,0.529244601726532,0.45304983854293823,0.006636693142354488,0.5280916094779968,0.449651837348938,0.005706770811229944,0.5355982780456543,0.44460785388946533,0.011853125877678394,0.5368955731391907,0.4456633925437927,0.012247527949512005,0.5382233262062073,0.4471929371356964,0.012603570707142353,0.5392993688583374,0.4491172134876251,0.014653635211288929,0.5447570085525513,0.4260830879211426,0.006875981576740742,0.568604052066803,0.3645118474960327,0.07654955983161926,0.5380347371101379,0.4425698518753052,0.015707489103078842,0.5392030477523804,0.442722886800766,0.016080781817436218,0.5288817286491394,0.4220053553581238,-0.009297377429902554,0.5363479852676392,0.41388195753097534,-0.0030731402803212404,0.5296568870544434,0.4201262593269348,-0.010351987555623055,0.5366511344909668,0.3792567849159241,-0.003505060914903879,0.5471974611282349,0.38121166825294495,0.0009489974472671747,0.5376487970352173,0.4040319323539734,-0.0076456256210803986,0.5482434630393982,0.2783471941947937,-0.011269716545939445,0.5476330518722534,0.29580366611480713,-0.016964005306363106,0.5463194251060486,0.31398895382881165,-0.020344499498605728,0.5444258451461792,0.4521060585975647,0.02119174785912037,0.5215162038803101,0.329296737909317,-0.032280825078487396,0.5202632546424866,0.3030773997306824,-0.03558652848005295,0.5183534622192383,0.27844923734664917,-0.03692016750574112,0.5497881174087524,0.34880009293556213,0.0021976169664412737,0.5633301138877869,0.35027840733528137,0.015417215414345264,0.5240704417228699,0.35430920124053955,-0.005633436143398285,0.5558831095695496,0.33250412344932556,0.0025572865270078182,0.5264955163002014,0.37428030371665955,-0.012363108806312084,0.5354204773902893,0.4073036015033722,-0.02069428563117981,0.5695115327835083,0.3546338677406311,0.025348016992211342,0.5618718266487122,0.3592238426208496,0.011267579160630703,0.5562608242034912,0.366765558719635,0.0053498107008636,0.5451223254203796,0.3701663911342621,0.0007801864994689822,0.536069929599762,0.3695831298828125,-0.00263221375644207,0.5297316908836365,0.3681786358356476,-0.006517614237964153,0.5186372995376587,0.36848610639572144,-0.024041475728154182,0.5713426470756531,0.372795432806015,0.028900085017085075,0.5595542788505554,0.3287665545940399,0.005299748852849007,0.5259796977043152,0.42254534363746643,-0.026093868538737297,0.5319833159446716,0.3871276378631592,-0.008232363499701023,0.5670439004898071,0.3273794651031494,0.059290140867233276,0.52500981092453,0.3661467134952545,-0.009617039933800697,0.5373254418373108,0.40289685130119324,-0.0011733248829841614,0.5534622073173523,0.338858425617218,0.005765941459685564,0.5340664982795715,0.40076833963394165,-0.019650600850582123,0.5688223838806152,0.3851330280303955,0.08003538101911545,0.5236656069755554,0.351444274187088,-0.0051513551734387875,0.5299557447433472,0.3995438516139984,-0.027459945529699326,0.5629883408546448,0.4389469623565674,0.05080334469676018,0.561194896697998,0.44472116231918335,0.06496623903512955,0.5728568434715271,0.36856961250305176,0.05277354642748833,0.5677257776260376,0.4240962862968445,0.05605708435177803,0.5654118061065674,0.3188098073005676,0.02570592612028122,0.5472612380981445,0.47765475511550903,0.03725972771644592,0.5249433517456055,0.42356061935424805,-0.01692551001906395,0.5373495221138,0.3905010223388672,-0.003474561031907797,0.5644649863243103,0.33610838651657104,0.021989837288856506,0.5438035130500793,0.34729763865470886,-0.001596919959411025,0.5381709337234497,0.3494483232498169,-0.0036910204216837883,0.5412834882736206,0.4435045123100281,0.018371395766735077,0.571575939655304,0.3893231451511383,0.03627485781908035,0.5390947461128235,0.4921078085899353,0.04078557714819908,0.550865650177002,0.4715011715888977,0.051563385874032974,0.555503249168396,0.4599587023258209,0.057420674711465836,0.5325897932052612,0.3503534495830536,-0.0049392348155379295,0.5274686813354492,0.3504539132118225,-0.005107990466058254,0.5246992707252502,0.35101765394210815,-0.004752079024910927,0.5615711808204651,0.3235991597175598,0.011509901843965054,0.5288358330726624,0.34865719079971313,-0.007835334166884422,0.5345921516418457,0.3478582203388214,-0.008595501072704792,0.5405434370040894,0.34663140773773193,-0.007528371177613735,0.545910656452179,0.3447236716747284,-0.00488637201488018,0.5489853024482727,0.34322962164878845,-0.0019790525548160076,0.5654271245002747,0.3096250593662262,0.042427994310855865,0.5474532246589661,0.34499239921569824,0.0006019921274855733,0.5395917296409607,0.42500734329223633,0.0011009043082594872,0.5345445871353149,0.4128308892250061,-0.01361235324293375,0.5301458835601807,0.4284210205078125,-0.006672648712992668,0.5573577880859375,0.45310869812965393,0.047355860471725464,0.5523235201835632,0.46501460671424866,0.04293062537908554,0.5397449731826782,0.488483726978302,0.03171035274863243,0.5648952722549438,0.42822638154029846,0.07374446839094162,0.5253478288650513,0.35008618235588074,-0.006392528768628836,0.5248404741287231,0.38133183121681213,-0.021099086850881577,0.5459175109863281,0.4827490448951721,0.045327991247177124,0.5726721882820129,0.38721176981925964,0.05751572921872139,0.5323501825332642,0.44704246520996094,0.00853285938501358,0.5337410569190979,0.4492930471897125,0.009183497168123722,0.5349751710891724,0.45225051045417786,0.009572464041411877,0.5359604954719543,0.4559199810028076,0.0117386095225811,0.5400947332382202,0.46115314960479736,0.018903592601418495,0.5390529632568359,0.4412461519241333,0.013771583326160908,0.5399365425109863,0.4399585425853729,0.013944955542683601,0.5406719446182251,0.4387766122817993,0.01379260141402483,0.5487495064735413,0.42887285351753235,0.014171614311635494,0.5666996240615845,0.39924156665802,0.023469872772693634,0.5224628448486328,0.3709651827812195,-0.01787319965660572,0.5201758146286011,0.349263072013855,-0.012284337542951107,0.5229244232177734,0.34771421551704407,-0.008902105502784252,0.5380898118019104,0.4426182806491852,0.014816328883171082,0.5670148730278015,0.41634464263916016,0.03970891609787941,0.5172128677368164,0.35346347093582153,-0.021024346351623535,0.5431691408157349,0.46561047434806824,0.025066055357456207,0.520879864692688,0.3796441853046417,-0.02772543951869011,0.5305778384208679,0.3927893340587616,-0.0167072881013155,0.53598552942276,0.4750697612762451,0.022224169224500656,0.5524261593818665,0.4436304569244385,0.028383765369653702,0.5428157448768616,0.40701088309288025,0.0028883216436952353,0.5482293367385864,0.45496535301208496,0.027450084686279297,0.5558765530586243,0.4002070426940918,0.007373642176389694,0.549078106880188,0.4129313826560974,0.007652416359633207,0.560907244682312,0.41003328561782837,0.017305320128798485,0.5386545062065125,0.48248007893562317,0.025846384465694427,0.5333641171455383,0.39472872018814087,-0.010176535695791245,0.5565628409385681,0.4467846155166626,0.0370301716029644,0.5512286424636841,0.45920827984809875,0.0351523831486702,0.5560526251792908,0.43210121989250183,0.026288334280252457,0.5705675482749939,0.4032008945941925,0.042858872562646866,0.5619668364524841,0.42939478158950806,0.03335440158843994,0.5711717009544373,0.4053329825401306,0.06036897748708725,0.5538464784622192,0.42030203342437744,0.014654673635959625,0.5283227562904358,0.3840680718421936,-0.01423138938844204,0.5343411564826965,0.4120393395423889,-0.021686507388949394,0.536761999130249,0.4109198749065399,-0.01360522210597992,0.5320124626159668,0.40890422463417053,-0.027512075379490852,0.524390459060669,0.3415297865867615,-0.015399268828332424,0.5341016054153442,0.33335840702056885,-0.01619386114180088,0.5429202914237976,0.32905784249305725,-0.01419172715395689,0.5498007535934448,0.3275529146194458,-0.009849825873970985,0.5540653467178345,0.3285825848579407,-0.004567692056298256,0.5568246841430664,0.33876699209213257,0.009074384346604347,0.5716498494148254,0.35071927309036255,0.04607455059885979,0.5550903081893921,0.35313934087753296,0.007029437925666571,0.5499193668365479,0.3586325943470001,0.0029541929252445698,0.5418685674667358,0.36156395077705383,-0.0004623064596671611,0.5338580012321472,0.36205336451530457,-0.003084484487771988,0.527856171131134,0.3612246513366699,-0.005300641059875488,0.5239970088005066,0.36040395498275757,-0.00697672925889492,0.5675514936447144,0.34555771946907043,0.06988765299320221,0.5362906455993652,0.4121159315109253,-0.010038021951913834,0.5269680619239807,0.39048120379447937,-0.02340671978890896,0.5312495231628418,0.41538649797439575,-0.026851899921894073,0.5284164547920227,0.4195275604724884,-0.023582687601447105,0.5309374928474426,0.41586315631866455,-0.023509254679083824,0.5350335240364075,0.41448333859443665,-0.007419542875140905,0.5276192426681519,0.421148419380188,-0.025137653574347496,0.5266602039337158,0.42215806245803833,-0.017106853425502777,0.5220911502838135,0.352809339761734,-0.006354270502924919,0.5206581354141235,0.35759350657463074,-0.010048281401395798,0.5207811594009399,0.3615931272506714,-0.013989380560815334,0.5507176518440247,0.3419936001300812,0.0007353626424446702,0.5530551075935364,0.334730863571167,0.0009592085261829197,0.47157222032546997,0.36827605962753296,-0.013639556244015694,0.4782406687736511,0.3666583001613617,-0.013639556244015694,0.47034752368927,0.36074134707450867,-0.013639556244015694,0.46476367115974426,0.36988455057144165,-0.013639556244015694,0.4727451503276825,0.37571677565574646,-0.013639556244015694,0.5353241562843323,0.3482465147972107,-0.0034192134626209736,0.5409412980079651,0.3464857339859009,-0.0034192134626209736,0.5340925455093384,0.3413337171077728,-0.0034192134626209736,0.5297003984451294,0.34988823533058167,-0.0034192134626209736,0.536534309387207,0.35510969161987305,-0.0034192134626209736
4066.666666666674,0.5220464468002319,0.4427422285079956,-0.007295701187103987,0.5222319960594177,0.417824387550354,-0.031245717778801918,0.5207351446151733,0.4226657450199127,-0.012317418120801449,0.511256217956543,0.3896385729312897,-0.03110378608107567,0.5213011503219604,0.4099654257297516,-0.0352398157119751,0.5189324617385864,0.39787182211875916,-0.0354774110019207,0.5117085576057434,0.36565136909484863,-0.027381399646401405,0.4609915018081665,0.3672196865081787,-0.010742097161710262,0.5073832869529724,0.34278830885887146,-0.029295427724719048,0.5056678652763367,0.33126020431518555,-0.03413962572813034,0.4962897002696991,0.2806212306022644,-0.0400087833404541,0.5223233103752136,0.4455815553665161,-0.005608529783785343,0.5223986506462097,0.44842004776000977,-0.0029384244699031115,0.5223103165626526,0.45039674639701843,0.0013181456597521901,0.5222537517547607,0.45065009593963623,0.0033500140998512506,0.5229156017303467,0.4544450044631958,0.0043140314519405365,0.523481547832489,0.4588179588317871,0.004422174766659737,0.5238345861434937,0.4631909430027008,0.007192075718194246,0.525571346282959,0.4713412821292877,0.015679558739066124,0.5220566987991333,0.42088761925697327,-0.027121655642986298,0.5147798657417297,0.4214211106300354,-0.01898050680756569,0.4233955144882202,0.3349039554595947,0.003285086015239358,0.48203861713409424,0.36928626894950867,-0.012956966646015644,0.4757484793663025,0.3720473051071167,-0.013317342847585678,0.4689059555530548,0.3739243149757385,-0.012612421996891499,0.4581053853034973,0.37043240666389465,-0.009334410540759563,0.486928790807724,0.3659869432449341,-0.011874896474182606,0.4680711030960083,0.35358911752700806,-0.02098492905497551,0.475596159696579,0.3524594306945801,-0.020107075572013855,0.4614907503128052,0.3561101257801056,-0.019380562007427216,0.4574563205242157,0.35923197865486145,-0.016860125586390495,0.4529242515563965,0.37733209133148193,-0.005566168110817671,0.5040035247802734,0.4850807189941406,0.02342768758535385,0.45759883522987366,0.3659166097640991,-0.009571313858032227,0.427959680557251,0.37431642413139343,0.01751355081796646,0.44311171770095825,0.37233802676200867,-0.0021663662046194077,0.48360463976860046,0.4111928343772888,-0.008258972316980362,0.5144546031951904,0.44281989336013794,-0.007898744195699692,0.5154935121536255,0.4495369493961334,-0.0030877813696861267,0.5072665214538574,0.4461219012737274,-0.0048911236226558685,0.5021750330924988,0.44846272468566895,-0.000288690032903105,0.5093185305595398,0.4503890872001648,-0.0015534200938418508,0.504359245300293,0.4509882628917694,0.002531677018851042,0.4935591220855713,0.45950043201446533,0.013901757076382637,0.5170589089393616,0.41898301243782043,-0.0314084030687809,0.5152887105941772,0.41156435012817383,-0.035268209874629974,0.44661298394203186,0.3553973436355591,-0.01979801058769226,0.4930973947048187,0.38594892621040344,-0.01379461120814085,0.4991888403892517,0.4164113700389862,-0.018657652661204338,0.4976159930229187,0.4111602306365967,-0.017848387360572815,0.46249380707740784,0.41372185945510864,-0.004313544370234013,0.5132267475128174,0.40011003613471985,-0.034422367811203,0.46344372630119324,0.34710997343063354,-0.030160250142216682,0.45355767011642456,0.35038796067237854,-0.026234708726406097,0.4293515384197235,0.31983524560928345,-0.011954866349697113,0.49448177218437195,0.34834396839141846,-0.02989703230559826,0.48234570026397705,0.35326042771339417,-0.016805848106741905,0.48776447772979736,0.4527038037776947,0.011702275834977627,0.44657447934150696,0.44649720191955566,0.05971457064151764,0.5043437480926514,0.42004430294036865,-0.014411430805921555,0.5098608136177063,0.42136862874031067,-0.012882937677204609,0.4951379895210266,0.4514020085334778,0.01147559192031622,0.4966123402118683,0.4515647292137146,0.01022084429860115,0.4485724866390228,0.34472307562828064,-0.025429852306842804,0.49875903129577637,0.4187334179878235,-0.01413938868790865,0.4769590497016907,0.34608152508735657,-0.03152880817651749,0.4748254418373108,0.3393212556838989,-0.03500795736908913,0.4567398428916931,0.2954156994819641,-0.036416132003068924,0.4389205574989319,0.33164772391319275,-0.020004792138934135,0.4660875201225281,0.31526535749435425,-0.03652742877602577,0.441058874130249,0.35062503814697266,-0.0163906030356884,0.43219929933547974,0.34364762902259827,-0.007371349725872278,0.5149384140968323,0.44649726152420044,-0.00620772922411561,0.5082837343215942,0.4483286738395691,-0.0033519198186695576,0.503235936164856,0.44970452785491943,0.0007260654238052666,0.5057702660560608,0.42084673047065735,-0.012418766506016254,0.4958992302417755,0.4514871835708618,0.010805119760334492,0.49947449564933777,0.4538438618183136,0.009193513542413712,0.4973323345184326,0.4516589343547821,0.010151485912501812,0.5083506107330322,0.4187059700489044,-0.023955659940838814,0.5052251815795898,0.45198753476142883,0.004500559065490961,0.5101882815361023,0.45184701681137085,0.0022105546668171883,0.5159655809402466,0.4514290690422058,0.000883891771081835,0.5170301795005798,0.4730629622936249,0.014801726676523685,0.5164064168930054,0.4643428921699524,0.006258211098611355,0.5161864161491394,0.4598650634288788,0.0037722240667790174,0.5160626769065857,0.4554353356361389,0.003707488998770714,0.5159993767738342,0.4517272114753723,0.002907408867031336,0.505281925201416,0.4521174728870392,0.005994131788611412,0.5045189261436462,0.4538928270339966,0.006385096348822117,0.5036879777908325,0.45624709129333496,0.0065353624522686005,0.503058910369873,0.45885759592056274,0.008163856342434883,0.4944840669631958,0.4398820102214813,-0.0010535414330661297,0.43020832538604736,0.4061257839202881,0.054436370730400085,0.5215111374855042,0.42184895277023315,-0.017863133922219276,0.5014575719833374,0.45194709300994873,0.008451694622635841,0.5004799962043762,0.4528208374977112,0.008799669332802296,0.512457013130188,0.42394548654556274,-0.011564694344997406,0.50081467628479,0.4222339391708374,-0.007398685906082392,0.5112276673316956,0.4226999580860138,-0.01254695188254118,0.48703157901763916,0.3918284773826599,-0.011157248169183731,0.47716495394706726,0.40044599771499634,-0.00952061451971531,0.49655666947364807,0.41404426097869873,-0.013429110869765282,0.4398665428161621,0.3065757751464844,-0.025682920590043068,0.44963040947914124,0.3218767046928406,-0.02934838831424713,0.4599792957305908,0.34025001525878906,-0.0315387099981308,0.5001992583274841,0.46553975343704224,0.013688566163182259,0.49113723635673523,0.3382701575756073,-0.03553711995482445,0.4826880097389221,0.31057435274124146,-0.039196085184812546,0.4749152362346649,0.2872105836868286,-0.040912676602602005,0.4623852074146271,0.37331828474998474,-0.010946463793516159,0.4460830092430115,0.38472577929496765,-0.0015022672014310956,0.489774227142334,0.36352622509002686,-0.011262472718954086,0.4503537714481354,0.36287766695022583,-0.012660828419029713,0.4972222149372101,0.38027262687683105,-0.016773760318756104,0.503554105758667,0.414295494556427,-0.025154784321784973,0.4394092559814453,0.3928489685058594,0.006117294542491436,0.45282870531082153,0.391235888004303,-0.00470314547419548,0.46314430236816406,0.3939442038536072,-0.00828478392213583,0.4762287437915802,0.3895350694656372,-0.009594828821718693,0.4848726987838745,0.3834080994129181,-0.010425454005599022,0.49088722467422485,0.37833088636398315,-0.01227220706641674,0.5056929588317871,0.36906853318214417,-0.025583628565073013,0.44392630457878113,0.4108441472053528,0.009530911222100258,0.44401487708091736,0.36252361536026,-0.011400863528251648,0.5188528299331665,0.4216304421424866,-0.027276581153273582,0.4956940710544586,0.39537373185157776,-0.01369377039372921,0.42211565375328064,0.369157612323761,0.037005748599767685,0.49560093879699707,0.37362998723983765,-0.013966011814773083,0.4951067268848419,0.4133007526397705,-0.006918203551322222,0.45459458231925964,0.36605554819107056,-0.008657027967274189,0.5017446279525757,0.4077770709991455,-0.024129487574100494,0.43680045008659363,0.426039457321167,0.05852748453617096,0.48832207918167114,0.3609626293182373,-0.010971981100738049,0.5073707103729248,0.4033460319042206,-0.030670462176203728,0.4708690345287323,0.4691983461380005,0.03570367768406868,0.47045964002609253,0.4752221703529358,0.04895199090242386,0.4346347153186798,0.4103045165538788,0.03176981583237648,0.4592832028865814,0.45891839265823364,0.038537897169589996,0.42925480008125305,0.35747820138931274,0.006259037647396326,0.5036696791648865,0.49223092198371887,0.029486818239092827,0.5188917517662048,0.4222710132598877,-0.017776144668459892,0.4905274212360382,0.4022243320941925,-0.010282251052558422,0.43667760491371155,0.3735598623752594,0.0033474143128842115,0.4691833555698395,0.3681180477142334,-0.013024339452385902,0.4751788377761841,0.36686381697654724,-0.013737393543124199,0.4985710084438324,0.45502373576164246,0.010301218368113041,0.4480355978012085,0.42684614658355713,0.017380334436893463,0.5156069993972778,0.4993610978126526,0.035743631422519684,0.494264155626297,0.4912060499191284,0.04076969996094704,0.48379239439964294,0.4847800135612488,0.044148270040750504,0.5010560750961304,0.305440217256546,-0.03810775652527809,0.5279873013496399,0.4971194863319397,0.03648900240659714,0.48020580410957336,0.364521861076355,-0.013419882394373417,0.48469117283821106,0.3619147837162018,-0.012269401922821999,0.4873792231082916,0.36100712418556213,-0.011098380200564861,0.43773239850997925,0.35985153913497925,-0.0064218114130198956,0.4822703003883362,0.3600798547267914,-0.015145775862038136,0.4764937162399292,0.36157548427581787,-0.017240680754184723,0.47076883912086487,0.3633534610271454,-0.01769031025469303,0.4651714265346527,0.36477628350257874,-0.016548098996281624,0.46166571974754333,0.36558082699775696,-0.014517506584525108,0.4211316406726837,0.3503796458244324,0.020758258178830147,0.4645782709121704,0.3679695129394531,-0.011841860599815845,0.5211821794509888,0.42847123742103577,-0.009056835435330868,0.5004934668540955,0.4347938597202301,-0.00495928106829524,0.5045686960220337,0.41940638422966003,-0.017513571307063103,0.512650728225708,0.4310091733932495,-0.009389984421432018,0.5089541077613831,0.35300466418266296,-0.02610882557928562,0.4824010729789734,0.4783269166946411,0.03485545888543129,0.4927574694156647,0.48530083894729614,0.032845620065927505,0.5156944990158081,0.49579256772994995,0.026989107951521873,0.45836499333381653,0.46315139532089233,0.055093713104724884,0.4863176941871643,0.3603060841560364,-0.012878856621682644,0.5039457678794861,0.3845166265964508,-0.02400893159210682,0.5283422470092773,0.4935236871242523,0.02795398235321045,0.5048147439956665,0.49672287702560425,0.037061188369989395,0.44029781222343445,0.4280327558517456,0.03714408725500107,0.5102577209472656,0.4520856440067291,0.0040287477895617485,0.5097444653511047,0.4549907445907593,0.004553657025098801,0.5094188451766968,0.4585593044757843,0.00473003089427948,0.5093517303466797,0.46267610788345337,0.0067182197235524654,0.5079198479652405,0.47061580419540405,0.01331641897559166,0.5002669095993042,0.4512711465358734,0.006270356010645628,0.4991624355316162,0.4506678283214569,0.005800884682685137,0.49821433424949646,0.4500298500061035,0.005184601992368698,0.4899478554725647,0.44595521688461304,0.004268590360879898,0.45955726504325867,0.43154221773147583,0.007345827762037516,0.5014398097991943,0.3741680383682251,-0.020837001502513885,0.49373939633369446,0.35640132427215576,-0.015797875821590424,0.48889708518981934,0.35696840286254883,-0.014239239506423473,0.5013933777809143,0.4518960416316986,0.007547980174422264,0.46162939071655273,0.44925615191459656,0.02327865920960903,0.5008965134620667,0.35737624764442444,-0.022870313376188278,0.5055361390113831,0.47729384899139404,0.018894046545028687,0.5165260434150696,0.3871506154537201,-0.03248373046517372,0.508575975894928,0.3800398111343384,-0.02908772975206375,0.5142415165901184,0.3769460916519165,-0.02992112748324871,0.5013313293457031,0.39869973063468933,-0.02072320133447647,0.5278000831604004,0.4869021773338318,0.022132333368062973,0.5265786647796631,0.47846484184265137,0.01921018958091736,0.516396701335907,0.48039066791534424,0.018864864483475685,0.48819950222969055,0.4639055132865906,0.018042730167508125,0.49037355184555054,0.420970618724823,-0.004427205305546522,0.4962460994720459,0.4714999198913574,0.01915079355239868,0.47462424635887146,0.423658549785614,-0.00418513361364603,0.4856606423854828,0.43079134821891785,-0.0016891625709831715,0.4708455204963684,0.43703553080558777,0.003980092704296112,0.5159057974815369,0.4890216886997223,0.021504690870642662,0.4974706768989563,0.4028644263744354,-0.015246042981743813,0.4836205840110779,0.470633864402771,0.025220973417162895,0.49372535943984985,0.4781922996044159,0.025876987725496292,0.4815200865268707,0.4551331698894501,0.014012104831635952,0.4524190425872803,0.43971213698387146,0.024669591337442398,0.47281140089035034,0.45762285590171814,0.01929795928299427,0.44787320494651794,0.4441000521183014,0.04076208174228668,0.48198410868644714,0.4414656460285187,0.003476090496405959,0.4997558891773224,0.3897663652896881,-0.01850857026875019,0.5063335299491882,0.41795045137405396,-0.025777485221624374,0.501704216003418,0.4191165268421173,-0.018271146342158318,0.5092179775238037,0.41295289993286133,-0.030792996287345886,0.4878613352775574,0.352120041847229,-0.02039032243192196,0.4764813780784607,0.3504687249660492,-0.023884901776909828,0.4666782021522522,0.3514367938041687,-0.02454604022204876,0.45865410566329956,0.3540860712528229,-0.022538285702466965,0.45316603779792786,0.3577956557273865,-0.018842225894331932,0.4497348666191101,0.3691031336784363,-0.006378612481057644,0.4303784668445587,0.3924780488014221,0.02478465996682644,0.45802056789398193,0.3808385133743286,-0.007254936266690493,0.46616995334625244,0.3826262354850769,-0.009482109919190407,0.47556573152542114,0.3800726532936096,-0.01063653826713562,0.48344123363494873,0.37562763690948486,-0.010978606529533863,0.4890609383583069,0.3714944124221802,-0.011152566410601139,0.4929487705230713,0.36852920055389404,-0.011642185039818287,0.42565494775772095,0.3872356712818146,0.04745146259665489,0.5015857815742493,0.4202370047569275,-0.014625472016632557,0.5060957670211792,0.3936725854873657,-0.02648606151342392,0.5118544101715088,0.4185754954814911,-0.029533658176660538,0.5147972702980042,0.4209122359752655,-0.02528196945786476,0.5112704038619995,0.4191705584526062,-0.026268141344189644,0.5031268000602722,0.42166203260421753,-0.011335971765220165,0.5166059732437134,0.4216001033782959,-0.026574596762657166,0.5166209936141968,0.42227333784103394,-0.018357565626502037,0.49117639660835266,0.36115777492523193,-0.011116000823676586,0.4956786036491394,0.3639998733997345,-0.01356184110045433,0.4988517165184021,0.366994172334671,-0.016886679455637932,0.45941078662872314,0.3659469187259674,-0.012370727024972439,0.4546256363391876,0.36232560873031616,-0.013022691011428833,0.5215001702308655,0.38632437586784363,-0.029168615117669106,0.5477419495582581,0.33957695960998535,0.0033168774098157883,0.5268082618713379,0.41731107234954834,-0.01747916452586651,0.5599003434181213,0.2936476171016693,0.025631442666053772,0.5305051207542419,0.35223686695098877,-0.0038709493819624186,0.5367625951766968,0.35090067982673645,-0.002401561476290226,0.5428882241249084,0.3490215539932251,-2.5209015802829526e-05,0.5500726699829102,0.3413597345352173,0.005589826498180628,0.5255658030509949,0.3522679805755615,-0.004687600303441286,0.5392991304397583,0.33079344034194946,-0.009485685266554356,0.5323231220245361,0.3338652551174164,-0.011016428470611572,0.5453531742095947,0.3295823633670807,-0.006132854614406824,0.5489796996116638,0.3304988741874695,-0.0025950612034648657,0.5551515221595764,0.3446790277957916,0.01052950695157051,0.5456352233886719,0.4697601795196533,0.02979218401014805,0.549872636795044,0.3373974561691284,0.005172668490558863,0.5678098201751709,0.3307081460952759,0.039335306733846664,0.5595171451568604,0.33556219935417175,0.015875443816184998,0.5446304678916931,0.391543984413147,0.0008737511234357953,0.5283921957015991,0.4388813078403473,-0.005641469266265631,0.528175950050354,0.44589945673942566,-0.0009902958991006017,0.5338609218597412,0.4384044408798218,-0.0001762113970471546,0.5372536778450012,0.4383523762226105,0.006215436849743128,0.5325685143470764,0.44376930594444275,0.002528566401451826,0.5357068181037903,0.44212469458580017,0.008027392439544201,0.5468315482139587,0.4415362477302551,0.02227337472140789,0.5267898440361023,0.41565021872520447,-0.03018362633883953,0.5267672538757324,0.4077794849872589,-0.033817969262599945,0.5566641092300415,0.32035088539123535,-0.0027206295635551214,0.5294495224952698,0.3742971420288086,-0.007769736927002668,0.5368570685386658,0.4041998088359833,-0.013138345442712307,0.5358986854553223,0.3988529145717621,-0.012149500660598278,0.5606170892715454,0.38202378153800964,0.010887286625802517,0.524206280708313,0.3965302109718323,-0.03256572410464287,0.5444998741149902,0.3209247887134552,-0.01819283328950405,0.552013099193573,0.3188638985157013,-0.011348696425557137,0.5544801950454712,0.28237247467041016,0.00813274271786213,0.5197403430938721,0.33937013149261475,-0.025866806507110596,0.5264353156089783,0.3383585512638092,-0.00947572011500597,0.5500344634056091,0.4320290684700012,0.021934684365987778,0.5669521689414978,0.40600550174713135,0.08037784695625305,0.5332698822021484,0.410613477230072,-0.010356158018112183,0.5293797850608826,0.41518306732177734,-0.010820845142006874,0.5414787530899048,0.4383839964866638,0.020276105031371117,0.5403201580047607,0.4393126368522644,0.017959803342819214,0.5535188317298889,0.311124324798584,-0.009623357094824314,0.5367369651794434,0.4065317213535309,-0.008742379024624825,0.5338181853294373,0.3272082507610321,-0.023339150473475456,0.5340993404388428,0.31939470767974854,-0.026599083095788956,0.5323410630226135,0.2731633186340332,-0.024967361241579056,0.5541529655456543,0.296058714389801,-0.0026094308122992516,0.5328037738800049,0.29488465189933777,-0.026926573365926743,0.5581409335136414,0.3136484622955322,0.0018065193435177207,0.5597277879714966,0.3041977286338806,0.01229981891810894,0.5284968018531799,0.44265714287757874,-0.003962030168622732,0.5333122611045837,0.4411640465259552,0.0010471352143213153,0.5365806221961975,0.44017493724823,0.006648313254117966,0.5321148633956909,0.4123031795024872,-0.009101022966206074,0.5408891439437866,0.4388621747493744,0.018940966576337814,0.5391995906829834,0.4423986077308655,0.016006555408239365,0.5397453308105469,0.4397830665111542,0.017682382836937904,0.5315490961074829,0.41093909740448,-0.02016930840909481,0.5348620414733887,0.4437316954135895,0.009715585969388485,0.5317436456680298,0.4457978904247284,0.006057261489331722,0.5276165008544922,0.4481050670146942,0.00302988407202065,0.5330966114997864,0.467548668384552,0.01685682311654091,0.5302319526672363,0.45991116762161255,0.008437455631792545,0.5296244621276855,0.4556146562099457,0.00608507776632905,0.5286543965339661,0.45156484842300415,0.00595439737662673,0.5275207757949829,0.44827839732170105,0.0050509716384112835,0.5347224473953247,0.4436919689178467,0.011198527179658413,0.5359742641448975,0.4446946978569031,0.01157123502343893,0.5372252464294434,0.44619157910346985,0.011914062313735485,0.5382248759269714,0.44810131192207336,0.013947196304798126,0.5438356399536133,0.4239068627357483,0.006479060743004084,0.5677229166030884,0.36221978068351746,0.07741627842187881,0.5370412468910217,0.44192031025886536,0.015021678991615772,0.5381656289100647,0.44208624958992004,0.015369610860943794,0.5278653502464294,0.4191962778568268,-0.00951616745442152,0.5353514552116394,0.4112597107887268,-0.003142849775031209,0.5286125540733337,0.41729801893234253,-0.010549131780862808,0.535521388053894,0.3763189911842346,-0.00309035019017756,0.5461024641990662,0.37832871079444885,0.0013758338754996657,0.5366725325584412,0.40121108293533325,-0.007564911153167486,0.5460684895515442,0.275069922208786,-0.009289068169891834,0.5456819534301758,0.2923622727394104,-0.015349560417234898,0.5452187061309814,0.3124639689922333,-0.018990065902471542,0.5437248945236206,0.4505804479122162,0.020481044426560402,0.5204915404319763,0.32778438925743103,-0.03124648705124855,0.5184817314147949,0.2996634840965271,-0.03418714553117752,0.5163536667823792,0.2750466763973236,-0.035120077431201935,0.5476688742637634,0.3455160856246948,0.003104730974882841,0.5616321563720703,0.34756526350975037,0.016332991421222687,0.5226641893386841,0.3517203629016876,-0.0048708003014326096,0.5542993545532227,0.33003026247024536,0.003703710390254855,0.5252642631530762,0.37122082710266113,-0.011931505054235458,0.5343825817108154,0.40422651171684265,-0.02065490558743477,0.5684913992881775,0.35175567865371704,0.026244033128023148,0.5600122213363647,0.3563731908798218,0.012040801346302032,0.5543338060379028,0.36389046907424927,0.006006104405969381,0.5431538820266724,0.3674270510673523,0.0013453522697091103,0.5341623425483704,0.3669869303703308,-0.002085102489218116,0.5279805064201355,0.36575445532798767,-0.005999086890369654,0.5173380374908447,0.36530765891075134,-0.02352975681424141,0.5704819560050964,0.3701116442680359,0.029531128704547882,0.5580226182937622,0.32657843828201294,0.00652145454660058,0.5249344706535339,0.4194887578487396,-0.026293179020285606,0.5308706164360046,0.3841659724712372,-0.00793260708451271,0.5655431151390076,0.32495325803756714,0.06074652820825577,0.5234262347221375,0.36382603645324707,-0.009067853912711143,0.5363299250602722,0.4001730978488922,-0.0010521257063373923,0.551686704158783,0.33595263957977295,0.00683943834155798,0.5330170392990112,0.39770278334617615,-0.019534893333911896,0.5681670904159546,0.3829687237739563,0.08056074380874634,0.5224605202674866,0.34864747524261475,-0.004306412767618895,0.5288487076759338,0.39634886384010315,-0.027350474148988724,0.5625623464584351,0.43712079524993896,0.05042969807982445,0.5608658790588379,0.4430130124092102,0.06453552097082138,0.5721004009246826,0.36601436138153076,0.053529415279626846,0.5672707557678223,0.42216795682907104,0.05591319873929024,0.5637822151184082,0.3158990144729614,0.027183903381228447,0.5468265414237976,0.4759678244590759,0.036411259323358536,0.5238949656486511,0.4205913543701172,-0.017155198380351067,0.5362890958786011,0.387626588344574,-0.003198619931936264,0.5628474950790405,0.3339892029762268,0.02314647287130356,0.5414672493934631,0.34340354800224304,-0.0006576115265488625,0.5358941555023193,0.34537965059280396,-0.002796795219182968,0.5401215553283691,0.44294556975364685,0.017636572942137718,0.5708073377609253,0.3868423104286194,0.036647818982601166,0.5386021137237549,0.49066901206970215,0.0397169403731823,0.5504813194274902,0.46989354491233826,0.05078201740980148,0.555175244808197,0.45831021666526794,0.05678292736411095,0.5306028127670288,0.3464854657649994,-0.0040787034668028355,0.5258625149726868,0.34715378284454346,-0.004264896735548973,0.523339033126831,0.3480701446533203,-0.003908672370016575,0.5600045919418335,0.3215624988079071,0.012839351780712605,0.5273405909538269,0.34506869316101074,-0.006902250461280346,0.5327693223953247,0.34363651275634766,-0.007630154024809599,0.5384499430656433,0.3423116207122803,-0.006527240853756666,0.5437321066856384,0.34072741866111755,-0.0038595341611653566,0.5468718409538269,0.33955979347229004,-0.0009224077803082764,0.5635329484939575,0.30700790882110596,0.04413893446326256,0.5451899170875549,0.3413812518119812,0.0015816468512639403,0.5386886596679688,0.42259132862091064,0.0007908387342467904,0.5335054993629456,0.4098999798297882,-0.013618899509310722,0.5292268991470337,0.42577189207077026,-0.0069930520839989185,0.5569661855697632,0.45135557651519775,0.046748917549848557,0.5519235730171204,0.46328866481781006,0.04218745604157448,0.5393134355545044,0.48690634965896606,0.030734796077013016,0.56450355052948,0.42646485567092896,0.07355806976556778,0.5240586996078491,0.3470807671546936,-0.005508678965270519,0.5236321091651917,0.37816789746284485,-0.020745480433106422,0.545482337474823,0.4811956286430359,0.04441095516085625,0.5720697045326233,0.3848642408847809,0.05796978995203972,0.5316280126571655,0.4458438754081726,0.007891050539910793,0.5329680442810059,0.4480127692222595,0.008520415052771568,0.5341342687606812,0.45090779662132263,0.00889775063842535,0.5350602269172668,0.454515665769577,0.011051863431930542,0.5394653081893921,0.45966583490371704,0.018203718587756157,0.5380693674087524,0.44066765904426575,0.01310667209327221,0.5389343500137329,0.4394276738166809,0.013291671872138977,0.5396338701248169,0.4382840394973755,0.01318410411477089,0.5478259921073914,0.427033931016922,0.013718257658183575,0.5658469796180725,0.3967507779598236,0.023667389526963234,0.5211867690086365,0.3678285777568817,-0.01739669032394886,0.5188984274864197,0.34704214334487915,-0.011486674658954144,0.5216765999794006,0.3452543318271637,-0.008038114756345749,0.5370975732803345,0.44199082255363464,0.014159101992845535,0.5663125514984131,0.4142075181007385,0.03966422751545906,0.5160006284713745,0.3514865040779114,-0.02028713934123516,0.5426278114318848,0.4639679193496704,0.024360835552215576,0.5196420550346375,0.3764342963695526,-0.027353594079613686,0.529471218585968,0.3897266387939453,-0.016483405604958534,0.5354596972465515,0.47352999448776245,0.02147173509001732,0.5518060922622681,0.4419560134410858,0.027766458690166473,0.5418370366096497,0.4043766260147095,0.0029350051190704107,0.5476682186126709,0.4533064067363739,0.02675997093319893,0.5548737645149231,0.39752131700515747,0.007565601728856564,0.5481157302856445,0.41044047474861145,0.007560548838227987,0.5599741339683533,0.4076067805290222,0.017355529591441154,0.5381814241409302,0.4808467626571655,0.02497769333422184,0.5323084592819214,0.39179307222366333,-0.009976834058761597,0.5560327768325806,0.44499093294143677,0.03644855320453644,0.5507482290267944,0.45745736360549927,0.03445034846663475,0.5553159713745117,0.43031829595565796,0.025858905166387558,0.5698752403259277,0.40093234181404114,0.04301419109106064,0.5613012909889221,0.42743685841560364,0.03304796293377876,0.570667564868927,0.4032133221626282,0.060521457344293594,0.5529147386550903,0.41817566752433777,0.014431118033826351,0.5271547436714172,0.38099777698516846,-0.013909179717302322,0.5332861542701721,0.40897703170776367,-0.021685346961021423,0.5357478857040405,0.40800002217292786,-0.013615484349429607,0.5309358835220337,0.40571895241737366,-0.027542872354388237,0.5231688022613525,0.33945828676223755,-0.014473198913037777,0.5328465700149536,0.3313853442668915,-0.015161682851612568,0.5416062474250793,0.3270316421985626,-0.013091661036014557,0.5484153628349304,0.32537537813186646,-0.008731678128242493,0.5525887608528137,0.32628723978996277,-0.003422129200771451,0.5551248788833618,0.3361218273639679,0.010144018568098545,0.570666491985321,0.348017156124115,0.047093648463487625,0.5531096458435059,0.35020583868026733,0.007892400957643986,0.547869861125946,0.3556145131587982,0.0037165344692766666,0.5398147106170654,0.358452171087265,0.00022136901679914445,0.5319408178329468,0.3590756058692932,-0.0024028972256928682,0.5261786580085754,0.3586484491825104,-0.0046682716347277164,0.522482693195343,0.3580555319786072,-0.006335291545838118,0.5663748383522034,0.34321412444114685,0.07106870412826538,0.5352885723114014,0.4092988967895508,-0.010060815140604973,0.5258000493049622,0.38730546832084656,-0.02316972427070141,0.5301772356033325,0.41224831342697144,-0.02693060040473938,0.5273397564888,0.4164901375770569,-0.02374774031341076,0.5298616290092468,0.4127899706363678,-0.023590728640556335,0.5340158343315125,0.41175609827041626,-0.007491897791624069,0.5265609622001648,0.41809162497520447,-0.025327954441308975,0.5255923271179199,0.41919705271720886,-0.017308667302131653,0.5208379030227661,0.35033732652664185,-0.005570666398853064,0.5192903280258179,0.35528987646102905,-0.009360396303236485,0.5193532109260559,0.35932210087776184,-0.013398800045251846,0.5487201809883118,0.33858126401901245,0.0017979821423068643,0.551399290561676,0.332058310508728,0.0020435997284948826,0.4718080163002014,0.3644537329673767,-0.013316787779331207,0.4788952171802521,0.36263296008110046,-0.013316787779331207,0.47055554389953613,0.356380820274353,-0.013316787779331207,0.46461886167526245,0.3662560284137726,-0.013316787779331207,0.47297635674476624,0.3724514842033386,-0.013316787779331207,0.534558892250061,0.3439559042453766,-0.0024683864321559668,0.5408725142478943,0.3419077694416046,-0.0024683864321559668,0.5331775546073914,0.3365772068500519,-0.0024683864321559668,0.5282130241394043,0.34593215584754944,-0.0024683864321559668,0.5359163880348206,0.35126936435699463,-0.0024683864321559668
4100.000000000007,0.5193694233894348,0.4417325556278229,-0.007745995651930571,0.5197388529777527,0.41734248399734497,-0.03168311342597008,0.5182161331176758,0.42224591970443726,-0.012705505825579166,0.5087628960609436,0.38860899209976196,-0.03123023733496666,0.518811047077179,0.409328818321228,-0.03564618527889252,0.5164593458175659,0.3970310091972351,-0.035768281668424606,0.5093134045600891,0.36429741978645325,-0.027177244424819946,0.4564155340194702,0.3658357560634613,-0.010287456214427948,0.5049991011619568,0.34096193313598633,-0.028751865029335022,0.5032886266708374,0.32925525307655334,-0.0334833525121212,0.49394863843917847,0.2782115042209625,-0.03873780369758606,0.5196577906608582,0.44463980197906494,-0.006038215477019548,0.5197765231132507,0.4475661516189575,-0.0033531486988067627,0.5197337865829468,0.4495844841003418,0.0009152601705864072,0.5196893811225891,0.4498266279697418,0.0025381166487932205,0.5203105211257935,0.4537014067173004,0.0034243047703057528,0.5208368897438049,0.45812076330184937,0.003389284247532487,0.5211674571037292,0.46250611543655396,0.005946114659309387,0.5229302644729614,0.4702582061290741,0.014223437756299973,0.5195490121841431,0.4204656779766083,-0.027551908046007156,0.5121660232543945,0.42092856764793396,-0.0193464495241642,0.42083483934402466,0.332338809967041,0.004405426327139139,0.4784679710865021,0.36907798051834106,-0.012602649629116058,0.4718532860279083,0.3716748058795929,-0.012981514446437359,0.4648720920085907,0.3732316792011261,-0.012256473302841187,0.45402705669403076,0.3690890967845917,-0.008902447298169136,0.48370665311813354,0.3659488260746002,-0.011468334123492241,0.4635930061340332,0.3507012128829956,-0.020518844947218895,0.4717365503311157,0.34984707832336426,-0.019594799727201462,0.45659661293029785,0.35337284207344055,-0.018916379660367966,0.45239004492759705,0.35687288641929626,-0.016389161348342896,0.44925737380981445,0.37631043791770935,-0.005132849328219891,0.5013529658317566,0.4844418168067932,0.022045183926820755,0.4529343247413635,0.3638399541378021,-0.009075580164790154,0.4254566431045532,0.37220072746276855,0.018258873373270035,0.43983590602874756,0.37150707840919495,-0.0016126808477565646,0.48083171248435974,0.4101819694042206,-0.00840128306299448,0.5116674900054932,0.4418148398399353,-0.008377709425985813,0.5128411650657654,0.4486836791038513,-0.0035154721699655056,0.50444495677948,0.4450434148311615,-0.005364488810300827,0.4994678795337677,0.44736573100090027,-0.0007697077235206962,0.5066906213760376,0.44945478439331055,-0.0019814521074295044,0.5018286108970642,0.4499627947807312,0.0020915523637086153,0.4906439781188965,0.45887240767478943,0.01312040351331234,0.5145080089569092,0.41844847798347473,-0.031849782913923264,0.51274573802948,0.4108698070049286,-0.03568264842033386,0.4419440031051636,0.3533644378185272,-0.019183361902832985,0.49049651622772217,0.3847868740558624,-0.013673660345375538,0.4964251220226288,0.41567397117614746,-0.018939590081572533,0.49486392736434937,0.4103434085845947,-0.018079277127981186,0.4596366286277771,0.4124673306941986,-0.004306872375309467,0.5106901526451111,0.39923882484436035,-0.03471330925822258,0.4584200382232666,0.3442375361919403,-0.029552221298217773,0.4484805762767792,0.34782445430755615,-0.025603855028748512,0.42670756578445435,0.31720679998397827,-0.01079670712351799,0.49075040221214294,0.3458004891872406,-0.029340898618102074,0.4790686368942261,0.3514084219932556,-0.01626894250512123,0.4847869277000427,0.4520900845527649,0.011094258166849613,0.4441763162612915,0.44508621096611023,0.05969483405351639,0.5016067028045654,0.4193967878818512,-0.014709293842315674,0.5071844458580017,0.42081204056739807,-0.013206944800913334,0.4927326440811157,0.4502975344657898,0.010939396917819977,0.4942428469657898,0.45045027136802673,0.009684919379651546,0.4437146782875061,0.3426167368888855,-0.024709753692150116,0.4959683418273926,0.4180435538291931,-0.01442177314311266,0.4722805917263031,0.34312739968299866,-0.030946850776672363,0.4700377285480499,0.3366042971611023,-0.03437964245676994,0.4541625380516052,0.2927875220775604,-0.035233959555625916,0.43620041012763977,0.3291974663734436,-0.019085144624114037,0.4634840190410614,0.31288430094718933,-0.0356382317841053,0.4367833733558655,0.3490294814109802,-0.015683617442846298,0.4295116066932678,0.3412308990955353,-0.006459954660385847,0.5122044682502747,0.4455721378326416,-0.006665377877652645,0.5055606365203857,0.4473378658294678,-0.003803641302511096,0.5006110072135925,0.4486529231071472,0.000260619301116094,0.5030506253242493,0.4202381372451782,-0.012701683677732944,0.49351197481155396,0.45038050413131714,0.010274616070091724,0.49699103832244873,0.45278114080429077,0.00848287995904684,0.49498510360717773,0.4505324363708496,0.00961113628000021,0.5056592226028442,0.41806134581565857,-0.0243079736828804,0.5027639865875244,0.450975626707077,0.004067728295922279,0.5076295137405396,0.4509439468383789,0.0018004545709118247,0.513376772403717,0.4506041407585144,0.00047411586274392903,0.5143780708312988,0.47198572754859924,0.01335990335792303,0.5136003494262695,0.46363022923469543,0.005030774045735598,0.5134400725364685,0.4591424763202667,0.0027115345001220703,0.5133947730064392,0.4546542763710022,0.002808335702866316,0.5134165287017822,0.4508776068687439,0.0020904322154819965,0.502828061580658,0.45108896493911743,0.0052657476626336575,0.5019826292991638,0.4529174268245697,0.005576815456151962,0.5010658502578735,0.45529064536094666,0.005628809332847595,0.5003603100776672,0.4578956961631775,0.007217342499643564,0.49163249135017395,0.43928688764572144,-0.0014837243361398578,0.42791199684143066,0.4043082594871521,0.05499716103076935,0.51899653673172,0.42142996191978455,-0.018232399597764015,0.499093234539032,0.45083972811698914,0.007805662229657173,0.49805235862731934,0.4517427682876587,0.008108861744403839,0.5098187327384949,0.4234374761581421,-0.011972482316195965,0.4980705678462982,0.4216030240058899,-0.007701429538428783,0.5085664391517639,0.4221680760383606,-0.012900964356958866,0.4843388497829437,0.39067742228507996,-0.011068254709243774,0.47439131140708923,0.3992561399936676,-0.009462088346481323,0.49377381801605225,0.4132646322250366,-0.013655615970492363,0.4372243285179138,0.30392545461654663,-0.024518422782421112,0.44693344831466675,0.31943491101264954,-0.02844269759953022,0.4549716114997864,0.33783188462257385,-0.030851056799292564,0.49741265177726746,0.46474385261535645,0.012680001556873322,0.4870586693286896,0.3355635106563568,-0.0349268801510334,0.48020145297050476,0.3082849979400635,-0.038312748074531555,0.4724532961845398,0.2846554219722748,-0.03970643877983093,0.45831099152565,0.37233808636665344,-0.010557620786130428,0.4426688551902771,0.38397490978240967,-0.0010942022781819105,0.4868166446685791,0.3634639084339142,-0.010810083709657192,0.4459959864616394,0.3611345589160919,-0.012123596854507923,0.4946804642677307,0.3790516257286072,-0.01662950962781906,0.5008562803268433,0.41354963183403015,-0.025479484349489212,0.4367039203643799,0.3910924196243286,0.006520956289023161,0.4490298330783844,0.3901592195034027,-0.004423399455845356,0.459175169467926,0.3926594853401184,-0.008098317310214043,0.47260791063308716,0.3883678615093231,-0.009415736421942711,0.481684148311615,0.3824518620967865,-0.01022727694362402,0.4879874587059021,0.3774093985557556,-0.012039683759212494,0.5032414793968201,0.3677114248275757,-0.025379031896591187,0.4412173628807068,0.40929511189460754,0.009738730266690254,0.4401836097240448,0.36112818121910095,-0.010807118378579617,0.5163112878799438,0.4211682677268982,-0.027710815891623497,0.4930722713470459,0.3943465054035187,-0.013695887289941311,0.4197433590888977,0.3669034242630005,0.037933386862277985,0.49279531836509705,0.372594952583313,-0.013676442205905914,0.49232497811317444,0.41251108050346375,-0.0070894318632781506,0.4502512216567993,0.36450472474098206,-0.00814848393201828,0.4990592896938324,0.4069465696811676,-0.024382390081882477,0.43452587723731995,0.4244261085987091,0.058828357607126236,0.4855493903160095,0.36056092381477356,-0.01045537181198597,0.5047751069068909,0.4024777412414551,-0.030956290662288666,0.4682095944881439,0.46826496720314026,0.0350579097867012,0.46793481707572937,0.47419223189353943,0.04829259589314461,0.4321902096271515,0.40858176350593567,0.032173849642276764,0.4566209018230438,0.4577973484992981,0.0381767712533474,0.42667412757873535,0.3551886975765228,0.007112694904208183,0.5010895133018494,0.49151331186294556,0.02806749753654003,0.516338050365448,0.42183101177215576,-0.01814902387559414,0.48781251907348633,0.4012331962585449,-0.010334060527384281,0.4339867830276489,0.37306058406829834,0.0039506470784544945,0.4647444188594818,0.36759310960769653,-0.01261912565678358,0.4709891080856323,0.366632878780365,-0.01333891972899437,0.4960359036922455,0.4539545178413391,0.009591191075742245,0.44532355666160583,0.42548131942749023,0.017420124262571335,0.5130468606948853,0.4984797537326813,0.03406081348657608,0.49175864458084106,0.4904104471206665,0.03950619325041771,0.4812949001789093,0.48393338918685913,0.0431680753827095,0.498708575963974,0.30327287316322327,-0.037182267755270004,0.5253888964653015,0.49632197618484497,0.03478943184018135,0.4764240086078644,0.3644258677959442,-0.012999454513192177,0.48135605454444885,0.36196497082710266,-0.011808421462774277,0.4843960106372833,0.36093801259994507,-0.01059362106025219,0.434603750705719,0.35886847972869873,-0.005744798108935356,0.47858723998069763,0.35703253746032715,-0.014646328054368496,0.47220495343208313,0.35661065578460693,-0.01675153709948063,0.46607691049575806,0.3577633798122406,-0.017215928062796593,0.4602164030075073,0.359756737947464,-0.016086559742689133,0.4566780924797058,0.3616335690021515,-0.014055387116968632,0.418681800365448,0.34793365001678467,0.021813176572322845,0.4600505530834198,0.36703842878341675,-0.011412194930016994,0.5186710357666016,0.4281310439109802,-0.009496842510998249,0.497721403837204,0.4342276453971863,-0.005389996338635683,0.5018398761749268,0.4187406897544861,-0.017793769016861916,0.510047972202301,0.4305797219276428,-0.009877737611532211,0.5065705180168152,0.3513994514942169,-0.025711363181471825,0.47977450489997864,0.477568656206131,0.033927951008081436,0.49016720056533813,0.4845941960811615,0.0316583476960659,0.5131238698959351,0.4950866401195526,0.025386465713381767,0.45585528016090393,0.4619291424751282,0.05477634817361832,0.48327967524528503,0.359072744846344,-0.012363171204924583,0.5014322996139526,0.383373886346817,-0.023981178179383278,0.5257973074913025,0.4928363859653473,0.026344330981373787,0.5022925734519958,0.49588248133659363,0.03554006665945053,0.43785884976387024,0.42648395895957947,0.037337422370910645,0.5077101588249207,0.4511644244194031,0.003251760033890605,0.5071062445640564,0.4541276693344116,0.0036815693601965904,0.5066818594932556,0.45773234963417053,0.0037253277841955423,0.5065325498580933,0.4618646204471588,0.005612636916339397,0.505221426486969,0.46965497732162476,0.012083134613931179,0.49785926938056946,0.4501792788505554,0.005792904179543257,0.49668601155281067,0.44957470893859863,0.005315420217812061,0.49567246437072754,0.44892609119415283,0.0046922871842980385,0.4870106875896454,0.4453604817390442,0.0037882004398852587,0.4567078649997711,0.43040162324905396,0.007198265753686428,0.498948335647583,0.37287357449531555,-0.020649129524827003,0.49088364839553833,0.355328232049942,-0.015256967395544052,0.486022025346756,0.3561665713787079,-0.013685040175914764,0.49904724955558777,0.45079970359802246,0.007070675026625395,0.4588128626346588,0.44822970032691956,0.02294708602130413,0.49802011251449585,0.3557584285736084,-0.022433456033468246,0.5028595328330994,0.4765697121620178,0.017550600692629814,0.514079213142395,0.38613858819007874,-0.03261454403400421,0.5061072111129761,0.3788602650165558,-0.02905239537358284,0.511821448802948,0.3757797181606293,-0.029881129041314125,0.49871960282325745,0.39774978160858154,-0.02082698978483677,0.525252103805542,0.486249715089798,0.020521553233265877,0.5239992737770081,0.47765660285949707,0.017664464190602303,0.5137615203857422,0.4796006977558136,0.017322827130556107,0.48539507389068604,0.463287889957428,0.017206814140081406,0.48754313588142395,0.42017483711242676,-0.004687494598329067,0.49352481961250305,0.47087329626083374,0.018042389303445816,0.47176387906074524,0.42262977361679077,-0.004446814302355051,0.482803612947464,0.4299978017807007,-0.0020490975584834814,0.46792107820510864,0.4360947608947754,0.0036203020717948675,0.5132888555526733,0.4883786141872406,0.01990300789475441,0.49478793144226074,0.40195518732070923,-0.015357429161667824,0.4808863401412964,0.4699437618255615,0.024340061470866203,0.49105891585350037,0.477552592754364,0.02472284995019436,0.4786287546157837,0.4544437527656555,0.013377365656197071,0.4496898949146271,0.4384986162185669,0.024547923356294632,0.4699896275997162,0.45676663517951965,0.018718617036938667,0.4453347623348236,0.44274547696113586,0.040709394961595535,0.4790576100349426,0.4407331645488739,0.0030319206416606903,0.4971913695335388,0.388685405254364,-0.018493006005883217,0.5036382079124451,0.41727522015571594,-0.026133369654417038,0.4989534914493561,0.4184253215789795,-0.01857984997332096,0.5065963864326477,0.41223016381263733,-0.031166614964604378,0.48442018032073975,0.35017555952072144,-0.01981417089700699,0.4722692370414734,0.347746878862381,-0.02331383526325226,0.4618460237979889,0.34863734245300293,-0.02400980144739151,0.4536031186580658,0.35153138637542725,-0.022015681490302086,0.44824400544166565,0.35556289553642273,-0.018311183899641037,0.445912629365921,0.36800557374954224,-0.00585069740191102,0.42789697647094727,0.3905738890171051,0.02535833604633808,0.4541296064853668,0.37974005937576294,-0.0069007882848382,0.4623498022556305,0.38160935044288635,-0.009188048541545868,0.4719083309173584,0.37930428981781006,-0.010369247756898403,0.480130136013031,0.3750750422477722,-0.010702659375965595,0.48607566952705383,0.3710685670375824,-0.010818840004503727,0.49017494916915894,0.3680221736431122,-0.011272924952208996,0.42330798506736755,0.38520315289497375,0.0482214130461216,0.4988180696964264,0.41958087682724,-0.014918014407157898,0.5035452842712402,0.392670214176178,-0.026600688695907593,0.5092315673828125,0.41797101497650146,-0.029947303235530853,0.5121880173683167,0.42040014266967773,-0.02569066733121872,0.5086227655410767,0.4185769557952881,-0.026652364060282707,0.5003926157951355,0.4210450351238251,-0.01163322664797306,0.5140233039855957,0.421113520860672,-0.02700437605381012,0.5140296220779419,0.42180711030960083,-0.018722843378782272,0.4884284734725952,0.3608967363834381,-0.010604268871247768,0.4930199980735779,0.363296777009964,-0.013122308067977428,0.49608248472213745,0.36580947041511536,-0.01653406210243702,0.45455098152160645,0.3629290461540222,-0.011895878240466118,0.4498174488544464,0.3604087233543396,-0.012532723136246204,0.51912921667099,0.385358989238739,-0.029253777116537094,0.5442441701889038,0.3384777307510376,0.004072850104421377,0.5243698358535767,0.4168647825717926,-0.017807019874453545,0.5577958822250366,0.2921104431152344,0.027263356372714043,0.5278441309928894,0.3515217900276184,-0.0033216988667845726,0.5340522527694702,0.3501182198524475,-0.0018317196518182755,0.5400555729866028,0.3482219874858856,0.0005989115452393889,0.5465560555458069,0.34052252769470215,0.0063437530770897865,0.5228750705718994,0.3516750633716583,-0.004126876126974821,0.5365971326828003,0.3292928636074066,-0.008767268620431423,0.5295538902282715,0.3322734832763672,-0.010302305221557617,0.5426298379898071,0.3283407986164093,-0.005385315977036953,0.5461456775665283,0.3294738531112671,-0.001822074525989592,0.5520728826522827,0.34433743357658386,0.011296904645860195,0.5433619022369385,0.4694535434246063,0.028581656515598297,0.5461170077323914,0.3359185457229614,0.005983277689665556,0.5657018423080444,0.329631507396698,0.04053045064210892,0.5565902590751648,0.33544859290122986,0.016811657696962357,0.5425878167152405,0.39090320467948914,0.0009410695056430995,0.5259405374526978,0.4378313422203064,-0.00606921361759305,0.5257554054260254,0.4450259208679199,-0.0013687865575775504,0.5317440032958984,0.43724244832992554,-0.000540984037797898,0.5353412628173828,0.43712756037712097,0.005881450138986111,0.5303802490234375,0.44279342889785767,0.0021967501379549503,0.533693790435791,0.4410225450992584,0.007719147019088268,0.5447791814804077,0.44122201204299927,0.02169959433376789,0.5243610143661499,0.4151844382286072,-0.030598443001508713,0.5243654847145081,0.4071703255176544,-0.03419509902596474,0.5541598796844482,0.32045358419418335,-0.001729691750369966,0.5272551774978638,0.37336835265159607,-0.007517335936427116,0.5346813201904297,0.4037255346775055,-0.013294931501150131,0.5337544083595276,0.39829665422439575,-0.012254461646080017,0.55870521068573,0.38136598467826843,0.01124633103609085,0.5218093395233154,0.39572954177856445,-0.032814692705869675,0.5422461628913879,0.32017281651496887,-0.017290698364377022,0.5496373772621155,0.31856390833854675,-0.010364970192313194,0.5524390935897827,0.28061792254447937,0.009767620824277401,0.5175140500068665,0.33779001235961914,-0.025210268795490265,0.5235776305198669,0.33694326877593994,-0.008783306926488876,0.5481241941452026,0.4317832887172699,0.02159368060529232,0.5647456645965576,0.40573352575302124,0.08085598051548004,0.5310115814208984,0.4101622700691223,-0.010545104742050171,0.5270341038703918,0.4147271513938904,-0.011088844388723373,0.5398668050765991,0.43698757886886597,0.01995754800736904,0.5386499762535095,0.4379449784755707,0.017609238624572754,0.5512751340866089,0.31127098202705383,-0.008546504192054272,0.5345723628997803,0.4061012268066406,-0.008903797715902328,0.5316644906997681,0.3258998394012451,-0.022555338218808174,0.5321512222290039,0.3182969391345978,-0.025770653039216995,0.5301759243011475,0.2710459232330322,-0.023517342284321785,0.5521938800811768,0.2943728566169739,-0.0013134005712345243,0.5306788086891174,0.29289111495018005,-0.025822294875979424,0.5557538866996765,0.31405407190322876,0.002910343697294593,0.5577511191368103,0.3026964068412781,0.013629677705466747,0.5260573029518127,0.44168737530708313,-0.00436544232070446,0.5311545133590698,0.44009828567504883,0.000695406342856586,0.5346152782440186,0.439010888338089,0.0063192700035870075,0.5298281311988831,0.4118751287460327,-0.009301972575485706,0.5392469763755798,0.4374793767929077,0.018611406907439232,0.5374312996864319,0.441172331571579,0.015444601885974407,0.5380507707595825,0.43842506408691406,0.017319027334451675,0.5292237401008606,0.41044771671295166,-0.020427271723747253,0.5328443646430969,0.4426547884941101,0.009397250600159168,0.5295472145080566,0.44486579298973083,0.005732845049351454,0.5252270102500916,0.4472687840461731,0.0026650826912373304,0.5305379629135132,0.46659910678863525,0.015468253754079342,0.5278299450874329,0.4591851532459259,0.0072560617700219154,0.5272272229194641,0.4548967480659485,0.005071369465440512,0.5262542963027954,0.45079749822616577,0.0051009561866521835,0.5251253843307495,0.44746214151382446,0.004276568070054054,0.5327011942863464,0.4426567554473877,0.01058362890034914,0.53399258852005,0.4436753988265991,0.010868286713957787,0.5352962613105774,0.44517219066619873,0.011113078333437443,0.5363304018974304,0.4470630884170532,0.01311561930924654,0.5417910218238831,0.42360326647758484,0.0062260194681584835,0.5654479265213013,0.3615305423736572,0.07850125432014465,0.5351703763008118,0.44073018431663513,0.014524754136800766,0.5363401770591736,0.4408870339393616,0.014819927513599396,0.5255001783370972,0.41876423358917236,-0.00987399835139513,0.5331158638000488,0.41087260842323303,-0.003348615486174822,0.5262542963027954,0.4168524444103241,-0.010851393453776836,0.5334072113037109,0.37546730041503906,-0.0028270254842936993,0.5440819263458252,0.377557635307312,0.001680502900853753,0.5345436334609985,0.4006977379322052,-0.007660045754164457,0.5439911484718323,0.2731345295906067,-0.007731868419796228,0.5436670780181885,0.2905130088329315,-0.01413525827229023,0.5431656241416931,0.31201624870300293,-0.018009714782238007,0.5414954423904419,0.45004892349243164,0.019623970612883568,0.5185632109642029,0.32631295919418335,-0.030523095279932022,0.5162433981895447,0.2975766658782959,-0.03318766504526138,0.5141007304191589,0.2727873921394348,-0.03378397598862648,0.5444782376289368,0.3447566628456116,0.0037999728228896856,0.5585626363754272,0.3476920425891876,0.017113428562879562,0.5198831558227539,0.35119181871414185,-0.00428346823900938,0.5513970255851746,0.3295915424823761,0.004588019102811813,0.52302485704422,0.3701862692832947,-0.011674047447741032,0.532135546207428,0.40369242429733276,-0.020871562883257866,0.5664764642715454,0.3508889675140381,0.02707451954483986,0.5570229291915894,0.356419175863266,0.012667928822338581,0.5513646602630615,0.36373239755630493,0.006491092033684254,0.540174126625061,0.36690157651901245,0.0017562005668878555,0.5312188863754272,0.3662966787815094,-0.0017080609686672688,0.5250862240791321,0.3649986982345581,-0.005621578544378281,0.5150138735771179,0.3640235662460327,-0.023274865001440048,0.5684764385223389,0.36943894624710083,0.03017847053706646,0.5553784966468811,0.32648032903671265,0.007495864760130644,0.5224751234054565,0.4190629720687866,-0.026705337688326836,0.5286790132522583,0.38336294889450073,-0.007817822508513927,0.5632991194725037,0.3238341510295868,0.062190115451812744,0.5205820798873901,0.36299997568130493,-0.008666064590215683,0.5342049598693848,0.3996478021144867,-0.0011057337978854775,0.54814213514328,0.33507105708122253,0.0076735843904316425,0.5308014154434204,0.39707669615745544,-0.019678769633173943,0.5658496618270874,0.38253724575042725,0.08138123899698257,0.5195379853248596,0.3479587733745575,-0.0036524897441267967,0.5265398025512695,0.39562055468559265,-0.027555830776691437,0.5605461597442627,0.4369658827781677,0.05015544593334198,0.5586991906166077,0.4429125189781189,0.06426624953746796,0.5699182152748108,0.365354984998703,0.05441614240407944,0.5652996897697449,0.4219420552253723,0.05597376823425293,0.5617280006408691,0.31459662318229675,0.028484156355261803,0.5445071458816528,0.4756574034690857,0.035184744745492935,0.5214167237281799,0.4201778173446655,-0.017510462552309036,0.5341642498970032,0.3869175910949707,-0.0030986315105110407,0.5598495006561279,0.33425313234329224,0.0241621695458889,0.53862464427948,0.34262529015541077,8.819402864901349e-06,0.5333008766174316,0.3446847200393677,-0.002169558312743902,0.5384048819541931,0.4416901171207428,0.017090829089283943,0.5688216686248779,0.3863600492477417,0.03712330013513565,0.5360435247421265,0.4900611937046051,0.03814540430903435,0.5480964779853821,0.469701886177063,0.04979539290070534,0.552892804145813,0.4582279324531555,0.056129079312086105,0.528025209903717,0.3458344340324402,-0.0034583592787384987,0.5232148766517639,0.3466033935546875,-0.0036326029803603888,0.5205386281013489,0.3475397229194641,-0.0032536417711526155,0.5575058460235596,0.3218221068382263,0.013912434689700603,0.5242791771888733,0.3420831859111786,-0.006216347683221102,0.5295122861862183,0.3391576409339905,-0.0069264741614460945,0.5351126790046692,0.33742979168891907,-0.005808742716908455,0.5402828454971313,0.3364982604980469,-0.0031262519769370556,0.5433094501495361,0.3363640606403351,-0.00017363147344440222,0.561333954334259,0.3056789040565491,0.0457160659134388,0.5420094728469849,0.3404785096645355,0.0023017344065010548,0.5365153551101685,0.4222823977470398,0.000490163394715637,0.5312367081642151,0.40943804383277893,-0.013805471360683441,0.5268688201904297,0.42545410990715027,-0.007424505893141031,0.554831326007843,0.451252818107605,0.046133026480674744,0.5497164726257324,0.46312999725341797,0.04125726595520973,0.5368646383285522,0.48642390966415405,0.02924383245408535,0.5623754262924194,0.42628535628318787,0.07369391620159149,0.5210609436035156,0.3456440567970276,-0.004833823535591364,0.5213435888290405,0.37715211510658264,-0.020646901801228523,0.5430048704147339,0.4808131754398346,0.043096378445625305,0.5698699355125427,0.3844040334224701,0.05863321200013161,0.5294211506843567,0.44495901465415955,0.007201083470135927,0.530791163444519,0.4471573233604431,0.007730265147984028,0.5319886207580566,0.4500664174556732,0.007970023900270462,0.5329191088676453,0.45367714762687683,0.010027669370174408,0.5370553135871887,0.4589133858680725,0.01706974022090435,0.536234438419342,0.43942272663116455,0.012799860909581184,0.537146270275116,0.4381522238254547,0.01299269963055849,0.5379010438919067,0.43696969747543335,0.012897253036499023,0.5458941459655762,0.4267624020576477,0.013478344306349754,0.5639845132827759,0.39629241824150085,0.023909935727715492,0.5188997983932495,0.36666473746299744,-0.017123250290751457,0.5161959528923035,0.34605345129966736,-0.010855721309781075,0.5188593864440918,0.34432393312454224,-0.007359561510384083,0.5352440476417542,0.4407618045806885,0.013829917646944523,0.5644444227218628,0.4139231741428375,0.03972629830241203,0.5134872794151306,0.3502359986305237,-0.019804561510682106,0.5403331518173218,0.46351945400238037,0.023154767230153084,0.5172979235649109,0.37532445788383484,-0.027276650071144104,0.5272336006164551,0.38895320892333984,-0.016490474343299866,0.5330094695091248,0.4728860855102539,0.0200051162391901,0.5497422814369202,0.44177472591400146,0.02717677131295204,0.539767324924469,0.4038950800895691,0.0028461399488151073,0.5454875230789185,0.45305126905441284,0.025836961343884468,0.5529525876045227,0.39696574211120605,0.007593182381242514,0.5461337566375732,0.41000351309776306,0.00742760393768549,0.558131217956543,0.4071897864341736,0.017325861379504204,0.5357667803764343,0.48038187623023987,0.02348441444337368,0.5301345586776733,0.3911002278327942,-0.009975792840123177,0.5539538264274597,0.44485095143318176,0.03586186468601227,0.5485882759094238,0.45728355646133423,0.03352556377649307,0.5533844232559204,0.43010860681533813,0.025533733889460564,0.5679299831390381,0.4005858600139618,0.04332595691084862,0.559380829334259,0.42721042037010193,0.032812897115945816,0.5685663819313049,0.40289339423179626,0.06092757731676102,0.5510256290435791,0.41782861948013306,0.014272230677306652,0.5249096751213074,0.38009539246559143,-0.013796613551676273,0.5309891104698181,0.40848493576049805,-0.021939942613244057,0.5335291624069214,0.40755289793014526,-0.013816251419484615,0.5286088585853577,0.40514466166496277,-0.02782386541366577,0.5205441117286682,0.338115394115448,-0.013770955614745617,0.5303216576576233,0.33006227016448975,-0.01439273077994585,0.5391060709953308,0.32596808671951294,-0.012293933890759945,0.5458768606185913,0.32463836669921875,-0.007898782379925251,0.5498842000961304,0.32580965757369995,-0.0025518490001559258,0.5518752336502075,0.3356165587902069,0.011020096018910408,0.5685367584228516,0.3471478521823883,0.04814212769269943,0.550026535987854,0.349739134311676,0.008562109433114529,0.5449938178062439,0.355043888092041,0.00428902730345726,0.5369619131088257,0.3577612340450287,0.0007214819197542965,0.5291125178337097,0.3583371043205261,-0.0019439466996118426,0.5233847498893738,0.35798966884613037,-0.004188064485788345,0.5196809768676758,0.35739806294441223,-0.0058515421114861965,0.5641324520111084,0.34228312969207764,0.07236313074827194,0.5330780744552612,0.408873587846756,-0.010249652899801731,0.5234955549240112,0.3864246904850006,-0.023211445659399033,0.5278114676475525,0.41175907850265503,-0.027276674285531044,0.5249232649803162,0.4160330891609192,-0.02411470003426075,0.5274907946586609,0.41230374574661255,-0.023909209296107292,0.531760573387146,0.41135016083717346,-0.007704062387347221,0.5241284370422363,0.41765254735946655,-0.02572585828602314,0.5231386423110962,0.41877007484436035,-0.017650431022047997,0.5179956555366516,0.3497609794139862,-0.004955166485160589,0.5164962410926819,0.3545410633087158,-0.008835025131702423,0.5165924429893494,0.3583730161190033,-0.012966073118150234,0.545039713382721,0.3362778425216675,0.0025772438384592533,0.5482652187347412,0.33119964599609375,0.0028505693189799786,0.4669584333896637,0.362822949886322,-0.012850308790802956,0.47451767325401306,0.36085808277130127,-0.012850308790802956,0.46551650762557983,0.3543509840965271,-0.012850308790802956,0.459333598613739,0.36471879482269287,-0.012850308790802956,0.468372642993927,0.3712119460105896,-0.012850308790802956,0.5306134223937988,0.34155961871147156,-0.0017692499095574021,0.5372426509857178,0.3393760323524475,-0.0017692499095574021,0.5291785001754761,0.33373770117759705,-0.0017692499095574021,0.5239890217781067,0.34365910291671753,-0.0017692499095574021,0.5320773720741272,0.3493475615978241,-0.0017692499095574021
4133.33333333334,0.5199161171913147,0.4413474202156067,-0.0076922825537621975,0.5195337533950806,0.4165271520614624,-0.03110857494175434,0.5181007385253906,0.42147526144981384,-0.012382684275507927,0.5087035894393921,0.38835659623146057,-0.03066330961883068,0.5185928344726562,0.40864431858062744,-0.035023465752601624,0.5162730813026428,0.3965773284435272,-0.03515952453017235,0.5091930627822876,0.36435696482658386,-0.026825718581676483,0.4571850001811981,0.36576786637306213,-0.009757092222571373,0.5047810077667236,0.34109950065612793,-0.028517723083496094,0.503009021282196,0.32944753766059875,-0.0332273431122303,0.49351775646209717,0.2782444953918457,-0.03855358436703682,0.5201956033706665,0.44439494609832764,-0.00603184150531888,0.5202805995941162,0.44743236899375916,-0.0033653320278972387,0.5201907753944397,0.4494989812374115,0.00087695789989084,0.520107626914978,0.44972312450408936,0.0027583828195929527,0.5207715034484863,0.45367059111595154,0.003703072899952531,0.521315336227417,0.4581885039806366,0.0037867678329348564,0.5216352343559265,0.4627251923084259,0.006498515140265226,0.5232680439949036,0.4701882004737854,0.01491853129118681,0.5193783044815063,0.4196234941482544,-0.027035769075155258,0.5122562646865845,0.4201548993587494,-0.018895244225859642,0.4215291142463684,0.33244699239730835,0.00485876714810729,0.4787416458129883,0.36851540207862854,-0.012225279584527016,0.4723777174949646,0.37113189697265625,-0.012523993849754333,0.46556559205055237,0.3728845417499542,-0.011749761179089546,0.4547867476940155,0.36905407905578613,-0.008380419574677944,0.4837759733200073,0.3655366003513336,-0.011178829707205296,0.46409937739372253,0.3509070873260498,-0.019939670339226723,0.4720165431499481,0.349976509809494,-0.019141046330332756,0.45728474855422974,0.35358840227127075,-0.01829398050904274,0.45316028594970703,0.35707607865333557,-0.015770306810736656,0.4500768780708313,0.376255065202713,-0.004658350721001625,0.5020550489425659,0.4839354455471039,0.022573348134756088,0.45365574955940247,0.3639236092567444,-0.008556047454476357,0.4261050522327423,0.37219762802124023,0.01855059526860714,0.44070538878440857,0.37142473459243774,-0.0011371767614036798,0.48141729831695557,0.40995845198631287,-0.007940391078591347,0.5124037265777588,0.44137024879455566,-0.008215083740651608,0.5134684443473816,0.44855964183807373,-0.0034892724361270666,0.5052011609077454,0.44488364458084106,-0.005208984017372131,0.500101625919342,0.44737708568573,-0.00071812974056229,0.5072898268699646,0.44943490624427795,-0.0019803009927272797,0.5023043155670166,0.4500325918197632,0.0020099312532693148,0.49163711071014404,0.4588715136051178,0.013159018009901047,0.514439046382904,0.4176480174064636,-0.031225910410284996,0.5126630663871765,0.4102208912372589,-0.03500443696975708,0.4430949091911316,0.35363274812698364,-0.0184802059084177,0.49079886078834534,0.38468343019485474,-0.013333828188478947,0.4969160258769989,0.4151638150215149,-0.018378056585788727,0.4953446090221405,0.40994811058044434,-0.017537511885166168,0.4604802131652832,0.41243046522140503,-0.003839543554931879,0.5106176137924194,0.39879730343818665,-0.034051086753606796,0.4594435691833496,0.34475624561309814,-0.028912557289004326,0.44962969422340393,0.3482179045677185,-0.024910738691687584,0.4272673726081848,0.31738704442977905,-0.010234236717224121,0.49108967185020447,0.34620288014411926,-0.02896362915635109,0.4791375994682312,0.35141411423683167,-0.0159282349050045,0.4858655631542206,0.4521077275276184,0.01112485583871603,0.44504180550575256,0.4447261095046997,0.05961133539676666,0.5020742416381836,0.4187985360622406,-0.0142515292391181,0.5075086355209351,0.4201340973377228,-0.012829935178160667,0.4930199384689331,0.4504527747631073,0.010804000310599804,0.4945072829723358,0.4506140649318695,0.0095131890848279,0.44498834013938904,0.3429906666278839,-0.02401387318968773,0.49654272198677063,0.4175378084182739,-0.013930950313806534,0.4730200469493866,0.3436688482761383,-0.03040473908185959,0.47087427973747253,0.3371681869029999,-0.03378364071249962,0.45415163040161133,0.29297348856925964,-0.03465227410197258,0.4367738366127014,0.3293929994106293,-0.01846635527908802,0.46356791257858276,0.3131081163883209,-0.035043489187955856,0.43795591592788696,0.34918463230133057,-0.015007100068032742,0.4301852583885193,0.3413376808166504,-0.005914469715207815,0.5128982067108154,0.4453217387199402,-0.006572182755917311,0.5062416195869446,0.44725164771080017,-0.0037443877663463354,0.5011717081069946,0.44869306683540344,0.00023941532708704472,0.5035068988800049,0.41962090134620667,-0.012296946719288826,0.4937871992588043,0.45053714513778687,0.01011640951037407,0.49733951687812805,0.4529227316379547,0.00843888334929943,0.49524301290512085,0.45070451498031616,0.009445357136428356,0.5058825016021729,0.4174058437347412,-0.023711251094937325,0.503169059753418,0.4510578513145447,0.003968661651015282,0.5081611275672913,0.45094582438468933,0.0017569216433912516,0.5139287114143372,0.45053455233573914,0.00046566955279558897,0.514906108379364,0.47186151146888733,0.014039711095392704,0.514244019985199,0.4638408422470093,0.005577892996370792,0.51406329870224,0.45920267701148987,0.0031390513759106398,0.5139578580856323,0.45463186502456665,0.003108520759269595,0.5139018297195435,0.4507877230644226,0.0023227017372846603,0.503173291683197,0.4511635899543762,0.0053410641849040985,0.5023975372314453,0.45297971367836,0.005712159909307957,0.5015442967414856,0.45539143681526184,0.005814565811306238,0.50089430809021,0.45806533098220825,0.007412067614495754,0.4923549294471741,0.43893516063690186,-0.001338411238975823,0.4285200834274292,0.4041611850261688,0.05493558943271637,0.5188575983047485,0.42059874534606934,-0.017849110066890717,0.4993564188480377,0.4509941339492798,0.0077413832768797874,0.49836722016334534,0.45188266038894653,0.008068140596151352,0.5100194215774536,0.4227409362792969,-0.011587509885430336,0.4986162483692169,0.42108526825904846,-0.007333183661103249,0.5088302493095398,0.4214807152748108,-0.012520629912614822,0.48476549983024597,0.39056894183158875,-0.010698715224862099,0.4749678671360016,0.3991761803627014,-0.009025647304952145,0.4943256676197052,0.4128634035587311,-0.013176213018596172,0.43753328919410706,0.3041393458843231,-0.02391415648162365,0.44731444120407104,0.3196895718574524,-0.02780153416097164,0.4560914635658264,0.33834460377693176,-0.03017609380185604,0.49823200702667236,0.4646855890750885,0.012899445369839668,0.48759377002716064,0.3360821008682251,-0.03449033200740814,0.48004403710365295,0.3084470331668854,-0.03784835711121559,0.4722001552581787,0.28478559851646423,-0.039274267852306366,0.45906224846839905,0.3721569776535034,-0.010031184181571007,0.44348424673080444,0.3839576244354248,-0.0006199647905305028,0.48675087094306946,0.3631910979747772,-0.010553590022027493,0.44690844416618347,0.3612651824951172,-0.011526716873049736,0.4948742687702179,0.3789880573749542,-0.01628701575100422,0.5011300444602966,0.41300758719444275,-0.024847721680998802,0.4374154806137085,0.3911058008670807,0.006958505604416132,0.4498668611049652,0.3901328444480896,-0.003913476597517729,0.4599239230155945,0.39259374141693115,-0.0076208761893212795,0.4731508791446686,0.3881441056728363,-0.009022945538163185,0.4819973111152649,0.3821444511413574,-0.009897327981889248,0.48809707164764404,0.37717631459236145,-0.01175173930823803,0.5032225847244263,0.3677593767642975,-0.02499496005475521,0.4420533776283264,0.4092763364315033,0.01014549657702446,0.44116300344467163,0.3612043261528015,-0.010194688104093075,0.5162338018417358,0.42033928632736206,-0.027157297357916832,0.49341967701911926,0.3941453695297241,-0.013308875262737274,0.420407235622406,0.36691513657569885,0.03806658834218979,0.4928211271762848,0.37248915433883667,-0.013415994122624397,0.49291226267814636,0.41215527057647705,-0.006724433042109013,0.45100849866867065,0.36457306146621704,-0.007634732406586409,0.4993465840816498,0.40651869773864746,-0.023781726136803627,0.43520456552505493,0.42418190836906433,0.058736301958560944,0.4853740632534027,0.36033931374549866,-0.010200981050729752,0.5048582553863525,0.4020504355430603,-0.0302954763174057,0.4692103862762451,0.46787887811660767,0.03521093353629112,0.46889859437942505,0.4736243784427643,0.048419684171676636,0.43286755681037903,0.4084826409816742,0.03233008459210396,0.45764267444610596,0.4574589729309082,0.038288865238428116,0.4273231029510498,0.35523131489753723,0.007516922894865274,0.5018203258514404,0.4909060001373291,0.028579533100128174,0.5162868499755859,0.4210030436515808,-0.01774716190993786,0.4882969856262207,0.4010095000267029,-0.00993646215647459,0.43476438522338867,0.37296321988105774,0.004398409742861986,0.46547549962997437,0.3671829402446747,-0.012115860357880592,0.4715278148651123,0.3660580813884735,-0.012882535345852375,0.49642232060432434,0.45413005352020264,0.0095417071133852,0.4462885558605194,0.42535215616226196,0.017717348411679268,0.5137434601783752,0.4978947937488556,0.03469831869006157,0.49260932207107544,0.4896452724933624,0.03993809223175049,0.4821970462799072,0.4832271337509155,0.04343506321310997,0.49834856390953064,0.30335715413093567,-0.036922305822372437,0.5259324312210083,0.49581316113471985,0.03534585237503052,0.4767007827758789,0.36384662985801697,-0.012613349594175816,0.4814128279685974,0.36149656772613525,-0.011494655162096024,0.48431116342544556,0.3605993688106537,-0.010325501672923565,0.4355439245700836,0.3588092029094696,-0.005178577732294798,0.47862526774406433,0.35682693123817444,-0.014287922531366348,0.47239363193511963,0.35644054412841797,-0.01630873791873455,0.46644580364227295,0.35770124197006226,-0.016688760370016098,0.4607865810394287,0.35978737473487854,-0.015518919564783573,0.45734089612960815,0.36170437932014465,-0.0134878633543849,0.4193912446498871,0.34799543023109436,0.022101059556007385,0.46083495020866394,0.36681991815567017,-0.010890979319810867,0.5185676217079163,0.427350789308548,-0.009239434264600277,0.4982326924800873,0.4337247312068939,-0.0051114256493747234,0.502257764339447,0.4181329905986786,-0.017300494015216827,0.5102116465568542,0.4298757314682007,-0.009533596225082874,0.5064316391944885,0.35150349140167236,-0.025443989783525467,0.4806939363479614,0.4770563542842865,0.034133486449718475,0.4909631609916687,0.4840025305747986,0.032007306814193726,0.5137345790863037,0.49454399943351746,0.02597515471279621,0.45682597160339355,0.4614711403846741,0.05477713420987129,0.483182817697525,0.3588820695877075,-0.012064710259437561,0.5015162825584412,0.38323503732681274,-0.023531267419457436,0.5262334942817688,0.4924049973487854,0.026842528954148293,0.5030677914619446,0.4951733648777008,0.03613196313381195,0.4386056959629059,0.42631128430366516,0.037447523325681686,0.5081591010093689,0.4511427879333496,0.003425458213314414,0.5076333284378052,0.4541418254375458,0.003927792888134718,0.5072818994522095,0.4578093886375427,0.004054682329297066,0.5071803331375122,0.46205753087997437,0.005987274926155806,0.5059129595756531,0.46955886483192444,0.012524728663265705,0.4981857240200043,0.4503065347671509,0.005649019964039326,0.4970642924308777,0.4496854245662689,0.00519852340221405,0.4961045980453491,0.4490204155445099,0.004618911538273096,0.4879645109176636,0.44518357515335083,0.0038462046068161726,0.4577314257621765,0.4302411675453186,0.0075650583021342754,0.4990242123603821,0.3728645443916321,-0.02029849961400032,0.49085015058517456,0.3553374111652374,-0.015038683079183102,0.4859110713005066,0.35607412457466125,-0.013418537564575672,0.49932461977005005,0.45093750953674316,0.006918066646903753,0.45993688702583313,0.4479576647281647,0.02316855452954769,0.4980916976928711,0.3558812439441681,-0.022132109850645065,0.5035257935523987,0.4762711226940155,0.018074244260787964,0.5139247179031372,0.3858819305896759,-0.03209244832396507,0.5060757398605347,0.3787587881088257,-0.028574256226420403,0.5116906762123108,0.37568145990371704,-0.029447022825479507,0.4989488124847412,0.3974652588367462,-0.020341353490948677,0.5256391167640686,0.48590415716171265,0.02111653797328472,0.5243651270866394,0.4774602949619293,0.018327469006180763,0.5142976641654968,0.4793136715888977,0.01800866611301899,0.486294686794281,0.46310871839523315,0.017334897071123123,0.48818525671958923,0.4198325276374817,-0.00431295670568943,0.4942918121814728,0.4706135392189026,0.0183534137904644,0.4725933074951172,0.42243692278862,-0.003953159786760807,0.4835520088672638,0.4297000765800476,-0.0017227119533345103,0.46896183490753174,0.43587160110473633,0.004000053741037846,0.5138653516769409,0.4879119396209717,0.020565247163176537,0.49518299102783203,0.4016633927822113,-0.014914199709892273,0.48181232810020447,0.46960705518722534,0.024534670636057854,0.49182671308517456,0.4771322011947632,0.025069475173950195,0.4796397089958191,0.4543277323246002,0.013520992361009121,0.45074695348739624,0.43825972080230713,0.02476024627685547,0.4710586965084076,0.45654839277267456,0.018917813897132874,0.4462229609489441,0.44247424602508545,0.04078298434615135,0.48002031445503235,0.44053810834884644,0.0032682407181710005,0.49739933013916016,0.38850727677345276,-0.018081307411193848,0.5038873553276062,0.4166439473628998,-0.02549753710627556,0.4994228482246399,0.4178500771522522,-0.018042856827378273,0.5066908001899719,0.4116169512271881,-0.0304931178689003,0.4845722019672394,0.35035625100135803,-0.019489292055368423,0.4727654457092285,0.34809213876724243,-0.02284841611981392,0.46260741353034973,0.3489963710308075,-0.023433305323123932,0.45450741052627563,0.3518163561820984,-0.021371440961956978,0.44920647144317627,0.35579806566238403,-0.017657259479165077,0.4467311203479767,0.3680001497268677,-0.005348559003323317,0.42855846881866455,0.3905225694179535,0.025590846315026283,0.45490825176239014,0.3796510100364685,-0.0064127217046916485,0.4630460739135742,0.38140782713890076,-0.00872653629630804,0.47242438793182373,0.3789174258708954,-0.00996359158307314,0.48040252923965454,0.3746287524700165,-0.010364680550992489,0.4861353039741516,0.37073591351509094,-0.010554158128798008,0.49013927578926086,0.3678164780139923,-0.011044427752494812,0.423943430185318,0.385139137506485,0.048225849866867065,0.49934372305870056,0.41901910305023193,-0.014441104605793953,0.5036165714263916,0.3923983871936798,-0.026059774681925774,0.5093082785606384,0.417242169380188,-0.029300441965460777,0.5122280120849609,0.4196205139160156,-0.02514699287712574,0.5087398886680603,0.41786089539527893,-0.026059027761220932,0.5008975863456726,0.42046964168548584,-0.011227631941437721,0.5140076279640198,0.42030400037765503,-0.026454167440533638,0.514059841632843,0.4210130572319031,-0.018298083916306496,0.48826858401298523,0.3607369363307953,-0.010381086729466915,0.4929359555244446,0.363197922706604,-0.012915458530187607,0.49608370661735535,0.36580637097358704,-0.01628478243947029,0.45525023341178894,0.36303120851516724,-0.01134517416357994,0.45063316822052,0.36055895686149597,-0.011949189938604832,0.5189076066017151,0.3850930631160736,-0.02886212430894375,0.5448521971702576,0.33845874667167664,0.0033655220177024603,0.5240394473075867,0.4161728024482727,-0.017494898289442062,0.557233989238739,0.2918701767921448,0.02575436607003212,0.5282983183860779,0.3514857590198517,-0.0037308065220713615,0.5345821380615234,0.3499928414821625,-0.002325671026483178,0.5406177043914795,0.3480439782142639,5.422863523563137e-06,0.5472211837768555,0.34062135219573975,0.005567486397922039,0.523263692855835,0.3516677916049957,-0.004465554840862751,0.5370023250579834,0.3291987180709839,-0.00921576377004385,0.5298827886581421,0.3323255777359009,-0.010666042566299438,0.5431205034255981,0.3281424641609192,-0.005943090654909611,0.546720027923584,0.3292669951915741,-0.0024749336298555136,0.5526758432388306,0.3443329930305481,0.010391420684754848,0.5432906150817871,0.46897995471954346,0.02860737033188343,0.5467672944068909,0.33617788553237915,0.005212931428104639,0.5654686689376831,0.3292381167411804,0.0389496274292469,0.5569725632667542,0.3356333374977112,0.015719249844551086,0.5422152876853943,0.3906872570514679,0.0006509052473120391,0.5261659026145935,0.43747591972351074,-0.006074981298297644,0.5259613990783691,0.44497400522232056,-0.0014835107140243053,0.5316558480262756,0.4371742010116577,-0.0007584288250654936,0.535058319568634,0.4373086988925934,0.0054311915300786495,0.5303130149841309,0.44288569688796997,0.0019077480537816882,0.5334576368331909,0.4412701427936554,0.007245997432619333,0.5440375208854675,0.4415655732154846,0.021106697618961334,0.5240345597267151,0.414415180683136,-0.030087949708104134,0.524031937122345,0.40654271841049194,-0.0336475744843483,0.5546132922172546,0.31981360912323,-0.0025218240916728973,0.5271066427230835,0.3732025921344757,-0.007703098934143782,0.5341073274612427,0.40337762236595154,-0.013226318173110485,0.5332446098327637,0.39803415536880493,-0.01222253032028675,0.5583308935165405,0.3812578320503235,0.0104796402156353,0.5215323567390442,0.39529505372047424,-0.03232043609023094,0.5426933169364929,0.31926625967025757,-0.017696844413876534,0.5501222014427185,0.3176877498626709,-0.010966595262289047,0.551734447479248,0.28047889471054077,0.008560921996831894,0.5177665948867798,0.3374822437763214,-0.025186629965901375,0.5238670110702515,0.3370910584926605,-0.009112720377743244,0.5471590757369995,0.4321874678134918,0.020833652466535568,0.5646854639053345,0.4049798846244812,0.07895765453577042,0.5304601788520813,0.4097469449043274,-0.010450170375406742,0.5265918970108032,0.41422584652900696,-0.010892173275351524,0.5393059849739075,0.43763041496276855,0.019161822274327278,0.5381447672843933,0.4385411739349365,0.016866939142346382,0.5516756772994995,0.31039518117904663,-0.009220210835337639,0.5339746475219727,0.405815452337265,-0.008886566385626793,0.5320351123809814,0.325219064950943,-0.022745409980416298,0.532444417476654,0.3175494074821472,-0.025926504284143448,0.5295195579528809,0.2709696590900421,-0.023987509310245514,0.5514364242553711,0.2942986488342285,-0.0021923149470239878,0.5300225019454956,0.29294875264167786,-0.02609492838382721,0.5560599565505981,0.3136267364025116,0.0020083871204406023,0.5571295022964478,0.302473783493042,0.012470828369259834,0.5262829661369324,0.44152435660362244,-0.004438469186425209,0.5310779809951782,0.44013383984565735,0.0004294824320822954,0.5343531966209412,0.43923771381378174,0.0058599803596735,0.5292984247207642,0.4114537835121155,-0.00919503252953291,0.5387148261070251,0.4380999207496643,0.01784282922744751,0.5370044708251953,0.44163352251052856,0.014897397719323635,0.5375648736953735,0.43900224566459656,0.016601650044322014,0.5287710428237915,0.40987059473991394,-0.0201759971678257,0.532616913318634,0.44290825724601746,0.00892941839993,0.5294852256774902,0.4449789524078369,0.0054205940105021,0.5254076719284058,0.44725853204727173,0.002512979321181774,0.5306277871131897,0.4665251076221466,0.016027037054300308,0.5280002355575562,0.45944634079933167,0.007674267049878836,0.5274182558059692,0.45498716831207275,0.005370446480810642,0.5264590978622437,0.45078974962234497,0.005266889929771423,0.5252987146377563,0.44739341735839844,0.0043892934918403625,0.5324898362159729,0.442847341299057,0.010294036008417606,0.5337590575218201,0.4438890218734741,0.010636341758072376,0.5350156426429749,0.4454539120197296,0.010922850109636784,0.5360069870948792,0.4474518597126007,0.012897485867142677,0.5409764647483826,0.4235053062438965,0.0057525718584656715,0.5654780268669128,0.3609200716018677,0.07639561593532562,0.5348269939422607,0.4411045014858246,0.013985594734549522,0.5359622836112976,0.44129645824432373,0.014298541471362114,0.5251277685165405,0.41819772124290466,-0.00966023188084364,0.5325714945793152,0.41058483719825745,-0.003347288351505995,0.5258438587188721,0.41632091999053955,-0.010643839836120605,0.5332188606262207,0.3752875328063965,-0.0031381919980049133,0.5438148975372314,0.37739309668540955,0.0012312647886574268,0.53401780128479,0.4004722535610199,-0.007699253968894482,0.5432683825492859,0.2730505168437958,-0.008587392047047615,0.5429162383079529,0.290535569190979,-0.014723953790962696,0.5435247421264648,0.3110819458961487,-0.01844097301363945,0.5410061478614807,0.4502169191837311,0.019340209662914276,0.5187520980834961,0.32585397362709045,-0.030468232929706573,0.5157192945480347,0.297635018825531,-0.033190932124853134,0.5135375261306763,0.2727399468421936,-0.03389522433280945,0.5450813174247742,0.3446561396121979,0.0031004257034510374,0.5591128468513489,0.34763213992118835,0.01605924218893051,0.5202077627182007,0.35117968916893005,-0.0045898533426225185,0.5519469976425171,0.3294026851654053,0.0037403905298560858,0.5228952765464783,0.37005090713500977,-0.011757134459912777,0.5316612720489502,0.40323567390441895,-0.02064708061516285,0.5663212537765503,0.3505575954914093,0.025787558406591415,0.5577629208564758,0.356072336435318,0.011738604865968227,0.552211344242096,0.36317259073257446,0.0057634515687823296,0.5409712791442871,0.3665105402469635,0.0012321523390710354,0.5318793654441833,0.36608201265335083,-0.0020952012855559587,0.525608241558075,0.36482763290405273,-0.005884238984435797,0.5148585438728333,0.3640359342098236,-0.02306743897497654,0.5682942271232605,0.3691615164279938,0.028884878382086754,0.5557655096054077,0.32633474469184875,0.006536218337714672,0.522216796875,0.41825419664382935,-0.026242269203066826,0.5284271240234375,0.3831644058227539,-0.007938018999993801,0.5631067752838135,0.3234437108039856,0.060222603380680084,0.521002471446991,0.36277905106544495,-0.008834298700094223,0.5337228178977966,0.3994745910167694,-0.0012470255605876446,0.5488377809524536,0.3352188467979431,0.006838446948677301,0.5303861498832703,0.39672142267227173,-0.01949283294379711,0.5658794045448303,0.38181084394454956,0.0793420746922493,0.519783079624176,0.34802427887916565,-0.003988734446465969,0.526202917098999,0.3952082395553589,-0.027197258546948433,0.5602018237113953,0.43647971749305725,0.049056150019168854,0.5585346221923828,0.44216787815093994,0.0629919022321701,0.5698761940002441,0.3648119270801544,0.052705906331539154,0.5649635791778564,0.42140698432922363,0.054613541811704636,0.5613162517547607,0.3142896294593811,0.027084464207291603,0.5445137023925781,0.4750431776046753,0.035120245069265366,0.5211968421936035,0.4193730652332306,-0.01716201938688755,0.5338621139526367,0.3867206573486328,-0.003306846832856536,0.5600895881652832,0.33456549048423767,0.02290383353829384,0.5391244888305664,0.34234926104545593,-0.0005710041732527316,0.5337368845939636,0.34445592761039734,-0.002663546474650502,0.5379300117492676,0.4422248601913452,0.016493231058120728,0.5685426592826843,0.38601601123809814,0.03580464422702789,0.5363985300064087,0.4894731044769287,0.03846915438771248,0.5481274127960205,0.46890026330947876,0.04933615028858185,0.552807092666626,0.4574301242828369,0.05525335296988487,0.5284038186073303,0.3457229435443878,-0.003880121512338519,0.5235406756401062,0.3465731143951416,-0.004014266654849052,0.5208341479301453,0.3475496768951416,-0.003610921325162053,0.5577309727668762,0.3219263553619385,0.012810355052351952,0.5245947241783142,0.3428155481815338,-0.006587200798094273,0.5299298763275146,0.3402687609195709,-0.007330000400543213,0.5356079936027527,0.3385576605796814,-0.006274860352277756,0.5408548712730408,0.33740857243537903,-0.003680771216750145,0.5439381003379822,0.3369963467121124,-0.0008032134501263499,0.5609614253044128,0.30537885427474976,0.043947380036115646,0.5425679087638855,0.340285986661911,0.001647179713472724,0.5358851552009583,0.42195865511894226,0.00029938609804958105,0.5306971073150635,0.4089779853820801,-0.0136652123183012,0.5264838933944702,0.4248272478580475,-0.007269670721143484,0.5545934438705444,0.45070263743400574,0.045330777764320374,0.5495648980140686,0.4625014364719391,0.040817465633153915,0.5370898842811584,0.48587340116500854,0.0295373797416687,0.5622439384460449,0.4255584478378296,0.07207255810499191,0.5213305354118347,0.34591415524482727,-0.00518867326900363,0.5211376547813416,0.37698760628700256,-0.02049257792532444,0.5431768298149109,0.4800994396209717,0.043048977851867676,0.5698027014732361,0.3837863802909851,0.05695953220129013,0.5293751955032349,0.44498252868652344,0.007121705450117588,0.5307450890541077,0.44722747802734375,0.007706467527896166,0.5319098830223083,0.45022350549697876,0.008023330010473728,0.5328150391578674,0.4539830982685089,0.010113849304616451,0.5368334650993347,0.4589571952819824,0.017178572714328766,0.5358647704124451,0.43983909487724304,0.012164806947112083,0.5367515087127686,0.43857282400131226,0.01232193037867546,0.5374782085418701,0.43738359212875366,0.012214140966534615,0.5449139475822449,0.42694616317749023,0.01278142724186182,0.5634992718696594,0.3960912227630615,0.022966640070080757,0.518764078617096,0.3665975332260132,-0.017065798863768578,0.5164097547531128,0.3460704982280731,-0.01103978231549263,0.5190860033035278,0.3444151282310486,-0.007658174727112055,0.5348873734474182,0.44116684794425964,0.01320613082498312,0.5639111399650574,0.4136233925819397,0.03860538825392723,0.5136969685554504,0.3500629961490631,-0.019741270691156387,0.5402039885520935,0.4632774591445923,0.023274414241313934,0.51710045337677,0.3752075433731079,-0.0269544068723917,0.5269564986228943,0.3886778652667999,-0.016393298283219337,0.5331341624259949,0.47261571884155273,0.0205023605376482,0.5492010712623596,0.4417879581451416,0.026549799367785454,0.5392398834228516,0.4037088453769684,0.002608677837997675,0.5451583862304688,0.4529089331626892,0.02556551806628704,0.5524208545684814,0.3968128263950348,0.007148116361349821,0.5454850792884827,0.409868448972702,0.006999438628554344,0.5574701428413391,0.4070758819580078,0.016648782417178154,0.5359163880348206,0.47993409633636475,0.023880571126937866,0.5297902226448059,0.3908756971359253,-0.01000251155346632,0.5535709857940674,0.4445900022983551,0.035143014043569565,0.5483534336090088,0.4568931460380554,0.033177100121974945,0.5526478290557861,0.4302196204662323,0.024758249521255493,0.5675499439239502,0.40018194913864136,0.04201110452413559,0.5587958693504333,0.42706170678138733,0.031910888850688934,0.5683910846710205,0.40226587653160095,0.05932227894663811,0.5501830577850342,0.4179106652736664,0.013653072528541088,0.5246980786323547,0.3798946440219879,-0.013797519728541374,0.5305050015449524,0.40794432163238525,-0.021678976714611053,0.5329519510269165,0.4071367681026459,-0.013697239570319653,0.5281899571418762,0.40458032488822937,-0.027444683015346527,0.520814061164856,0.3380570411682129,-0.014004459604620934,0.5306850075721741,0.32973504066467285,-0.014714197255671024,0.5395658016204834,0.3254624009132385,-0.012724903412163258,0.5464122295379639,0.3240669369697571,-0.008472735993564129,0.5504623055458069,0.3253118395805359,-0.0032711622770875692,0.5524652004241943,0.3357844352722168,0.010082881897687912,0.5684300661087036,0.34666985273361206,0.04645686224102974,0.5507345199584961,0.34957078099250793,0.007749019656330347,0.5456907749176025,0.3547559380531311,0.003620028728619218,0.5376257300376892,0.3575592339038849,0.00019397394498810172,0.5296725034713745,0.3582756221294403,-0.0023485757410526276,0.5238286256790161,0.3579544723033905,-0.0044996547512710094,0.520041286945343,0.3573336601257324,-0.006094662938266993,0.5640803575515747,0.341802716255188,0.07029103487730026,0.5324952602386475,0.4085209369659424,-0.01017717644572258,0.5232433080673218,0.3861413598060608,-0.022971749305725098,0.5273944735527039,0.41109365224838257,-0.026872830465435982,0.5245831608772278,0.4153045117855072,-0.023712076246738434,0.5270817279815674,0.41165095567703247,-0.023557841777801514,0.5312078595161438,0.41099676489830017,-0.007629143074154854,0.5238209962844849,0.4168759882450104,-0.025286415591835976,0.5228571891784668,0.41802260279655457,-0.01731868088245392,0.5182287096977234,0.3497643768787384,-0.005228683818131685,0.5167596936225891,0.3544800281524658,-0.009003838524222374,0.5169110298156738,0.3581542372703552,-0.01302154827862978,0.5456922054290771,0.33669403195381165,0.0018814406357705593,0.5489039421081543,0.33110445737838745,0.002103774808347225,0.4668636620044708,0.36278674006462097,-0.012408692389726639,0.47387388348579407,0.36081862449645996,-0.012408692389726639,0.4654538929462433,0.35455095767974854,-0.012408692389726639,0.4597790539264679,0.3647238314151764,-0.012408692389726639,0.46825045347213745,0.3709655702114105,-0.012408692389726639,0.5327013731002808,0.3413989841938019,-0.0022803901229053736,0.5395181775093079,0.33907946944236755,-0.0022803901229053736,0.5312631726264954,0.33357518911361694,-0.0022803901229053736,0.5258706212043762,0.34365785121917725,-0.0022803901229053736,0.5341776609420776,0.3491609990596771,-0.0022803901229053736
4166.666666666673,0.5142872333526611,0.4407281279563904,-0.007726088631898165,0.5162314772605896,0.41701996326446533,-0.03170100226998329,0.5147360563278198,0.4216325581073761,-0.012758124619722366,0.5054628849029541,0.387717604637146,-0.031078234314918518,0.5153219103813171,0.40889519453048706,-0.03564337641000748,0.5130522847175598,0.396391361951828,-0.03572848066687584,0.5061867237091064,0.3632161617279053,-0.02702711708843708,0.45407024025917053,0.3635074198246002,-0.009492740966379642,0.5020874738693237,0.340065598487854,-0.028483666479587555,0.5004384517669678,0.3283703923225403,-0.03317410498857498,0.491354376077652,0.276694655418396,-0.03823051601648331,0.5146255493164062,0.44371291995048523,-0.006020216271281242,0.5148710012435913,0.446723610162735,-0.0033611732069402933,0.5149824619293213,0.4487590193748474,0.0008400198421441019,0.514924168586731,0.44893163442611694,0.002144977217540145,0.5154892802238464,0.4526892304420471,0.00292745023034513,0.5160150527954102,0.4570164680480957,0.002787521108984947,0.5164399147033691,0.46131759881973267,0.005170859396457672,0.5191688537597656,0.4681502878665924,0.013242765329778194,0.5160521268844604,0.42012158036231995,-0.02757561206817627,0.5086120367050171,0.42035308480262756,-0.01931682601571083,0.41823557019233704,0.32962068915367126,0.0055957636795938015,0.4755682647228241,0.3668828010559082,-0.012035701423883438,0.46914055943489075,0.3694511651992798,-0.012348107993602753,0.462285578250885,0.3710249960422516,-0.011550819501280785,0.4516965448856354,0.36677396297454834,-0.008091763593256474,0.480623334646225,0.3638462722301483,-0.01095787063241005,0.4609043598175049,0.34834668040275574,-0.01976412907242775,0.46888288855552673,0.34742042422294617,-0.018923789262771606,0.4541096091270447,0.3511154353618622,-0.0181112140417099,0.4500306248664856,0.3546622395515442,-0.015560938976705074,0.4467920958995819,0.3740898668766022,-0.004294023849070072,0.4976766109466553,0.48300236463546753,0.021371299400925636,0.4506062865257263,0.3612678349018097,-0.008256410248577595,0.422590970993042,0.369716614484787,0.019338363781571388,0.43732738494873047,0.3692280054092407,-0.0006869998178444803,0.47748062014579773,0.408582478761673,-0.008049588650465012,0.5066990852355957,0.44073641300201416,-0.00829809159040451,0.5080782771110535,0.44774356484413147,-0.0034445628989487886,0.4998435974121094,0.4439496695995331,-0.005202397704124451,0.49525538086891174,0.44633546471595764,-0.0005478986422531307,0.5022374987602234,0.44843173027038574,-0.0018203152576461434,0.49770691990852356,0.4489161968231201,0.0022998719941824675,0.4868767559528351,0.45677104592323303,0.013137130998075008,0.5109733939170837,0.41805681586265564,-0.03182283043861389,0.5092657208442688,0.4103173315525055,-0.035628996789455414,0.44004327058792114,0.3516240119934082,-0.01826327294111252,0.4874141216278076,0.38335639238357544,-0.013318290002644062,0.49298280477523804,0.4145481586456299,-0.0187235064804554,0.49150416254997253,0.4091055393218994,-0.017840195447206497,0.45625919103622437,0.4104459881782532,-0.0036732556764036417,0.507300078868866,0.39850491285324097,-0.03460577875375748,0.45643484592437744,0.3426113426685333,-0.028822757303714752,0.4465857446193695,0.34611618518829346,-0.024775667116045952,0.42418792843818665,0.31465476751327515,-0.009625322185456753,0.4881247282028198,0.3443419337272644,-0.02890874817967415,0.47608712315559387,0.34897172451019287,-0.01566459611058235,0.4809303879737854,0.45000746846199036,0.011292930692434311,0.4410000443458557,0.443114697933197,0.06017208471894264,0.4981033504009247,0.4184149503707886,-0.014568964950740337,0.503659188747406,0.419933557510376,-0.01316403690725565,0.489234983921051,0.44941481947898865,0.011179398745298386,0.49069249629974365,0.44949883222579956,0.0099043482914567,0.44193217158317566,0.3409174084663391,-0.02381480671465397,0.4924916923046112,0.4167846143245697,-0.014224445447325706,0.4700753092765808,0.341597318649292,-0.0303401630371809,0.46796438097953796,0.33503833413124084,-0.033743295818567276,0.45166271924972534,0.29076123237609863,-0.03431053087115288,0.4335744082927704,0.327023446559906,-0.018069956451654434,0.460861474275589,0.31116291880607605,-0.03487714007496834,0.4349081218242645,0.34724366664886475,-0.01470117922872305,0.4268036484718323,0.3388822078704834,-0.0053719766438007355,0.5073142647743225,0.44458115100860596,-0.006574707105755806,0.5010291337966919,0.4463013708591461,-0.003632753621786833,0.49643847346305847,0.44762593507766724,0.0004810142854694277,0.4995281994342804,0.41923102736473083,-0.012592671439051628,0.48998919129371643,0.4494592845439911,0.010504365898668766,0.4931926131248474,0.45175063610076904,0.008534836582839489,0.4914179742336273,0.449567049741745,0.009814134798943996,0.5021668672561646,0.41739705204963684,-0.024173850193619728,0.49870699644088745,0.44991594552993774,0.004235181026160717,0.5032674670219421,0.44991227984428406,0.001907686935737729,0.5087573528289795,0.44965752959251404,0.0004926517140120268,0.510651171207428,0.4698202610015869,0.012501327320933342,0.5089832544326782,0.46231135725975037,0.0043867784552276134,0.5087370872497559,0.45791563391685486,0.002209705300629139,0.5086840391159058,0.45353415608406067,0.002420018892735243,0.5087606906890869,0.44987955689430237,0.0018001243006438017,0.49871763586997986,0.4500575661659241,0.005218218546360731,0.497862845659256,0.45183342695236206,0.0054461476393043995,0.4969501495361328,0.4541507959365845,0.005449989810585976,0.496279776096344,0.4567040503025055,0.007025555241852999,0.48785656690597534,0.43765556812286377,-0.0012087133945897222,0.42502614855766296,0.40190616250038147,0.05580786243081093,0.5155104398727417,0.4209747016429901,-0.018263429403305054,0.4952867031097412,0.44982290267944336,0.007896997965872288,0.49423930048942566,0.4507150948047638,0.008158170618116856,0.5062984228134155,0.4225754737854004,-0.011959637515246868,0.49455568194389343,0.42028895020484924,-0.007575590629130602,0.5050418376922607,0.42130109667778015,-0.012872274965047836,0.48121440410614014,0.389113187789917,-0.01066055428236723,0.4711539149284363,0.3975007236003876,-0.008976077660918236,0.49037739634513855,0.4119304418563843,-0.013418459333479404,0.434746652841568,0.30160319805145264,-0.02344275452196598,0.44435006380081177,0.31745994091033936,-0.027532946318387985,0.45309796929359436,0.33615413308143616,-0.030063850805163383,0.4936595559120178,0.46267300844192505,0.012448867782950401,0.4846903681755066,0.3341279625892639,-0.034460052847862244,0.4775124192237854,0.3067449629306793,-0.0377187579870224,0.4699101150035858,0.2828805148601532,-0.03898235410451889,0.4558594226837158,0.3701547384262085,-0.00978819839656353,0.4400887191295624,0.3818965256214142,-0.00021088728681206703,0.48363611102104187,0.3614514172077179,-0.010315325111150742,0.44378748536109924,0.3590184450149536,-0.011236781254410744,0.4916127622127533,0.3777119219303131,-0.016309203580021858,0.4974405765533447,0.41269609332084656,-0.0253048837184906,0.4337015151977539,0.38878172636032104,0.007463052403181791,0.4465464949607849,0.38818639516830444,-0.003607561346143484,0.45667293667793274,0.39071354269981384,-0.007395338732749224,0.46992552280426025,0.386336088180542,-0.008852559141814709,0.47875162959098816,0.38036197423934937,-0.009757163934409618,0.484843373298645,0.3753955662250519,-0.011635126546025276,0.5001313090324402,0.36654895544052124,-0.025147676467895508,0.43805867433547974,0.4070276916027069,0.010599230416119099,0.437931090593338,0.3590605556964874,-0.009854604490101337,0.5127785801887512,0.4207739531993866,-0.02770007587969303,0.48988959193229675,0.39300966262817383,-0.013382194563746452,0.41699665784835815,0.3641694486141205,0.03899209946393967,0.4895796477794647,0.3707371652126312,-0.013302110135555267,0.4889494478702545,0.4110867381095886,-0.006849581841379404,0.44801706075668335,0.3621389865875244,-0.007308011408895254,0.4957350790500641,0.40593841671943665,-0.02418436110019684,0.4315541684627533,0.4222489595413208,0.05947073921561241,0.4823388457298279,0.3584608733654022,-0.00992277730256319,0.5014243721961975,0.4016239643096924,-0.030801935121417046,0.4645715355873108,0.4666132926940918,0.03516669198870659,0.4644688665866852,0.472634494304657,0.04831608012318611,0.4291953146457672,0.4062829315662384,0.03308564051985741,0.4530634880065918,0.4560113251209259,0.03852442651987076,0.4238886535167694,0.35272642970085144,0.008211338892579079,0.4974617660045624,0.49022385478019714,0.02735014073550701,0.5128167271614075,0.42134061455726624,-0.018158135935664177,0.48456692695617676,0.3997567296028137,-0.010000870563089848,0.4312721788883209,0.37073224782943726,0.004944394342601299,0.462260901927948,0.3654797673225403,-0.01189931109547615,0.468352347612381,0.36449795961380005,-0.012676548212766647,0.49228420853614807,0.4529361128807068,0.009662991389632225,0.4420062303543091,0.42337295413017273,0.018151715397834778,0.5095100998878479,0.49729833006858826,0.032994646579027176,0.4882790446281433,0.48914551734924316,0.038978416472673416,0.47781944274902344,0.4825747609138489,0.0429144911468029,0.4959680140018463,0.30194729566574097,-0.03677310422062874,0.5218445062637329,0.49526524543762207,0.033545173704624176,0.473589152097702,0.36228665709495544,-0.012395230121910572,0.47835618257522583,0.3598494827747345,-0.011244121938943863,0.4812726378440857,0.35884714126586914,-0.010050163604319096,0.43221795558929443,0.3567271828651428,-0.004737046547234058,0.47540736198425293,0.35358795523643494,-0.014022575691342354,0.46903252601623535,0.3524625897407532,-0.01606649160385132,0.46294957399368286,0.3535347878932953,-0.016483258455991745,0.4572831690311432,0.3559046685695648,-0.015313676558434963,0.4539638161659241,0.35827669501304626,-0.013255994766950607,0.41600751876831055,0.34514978528022766,0.022961841896176338,0.457652747631073,0.3648696839809418,-0.010647634044289589,0.5151486396789551,0.42731374502182007,-0.009547573514282703,0.49407485127449036,0.4327930808067322,-0.005203785374760628,0.49833813309669495,0.41785016655921936,-0.017646774649620056,0.5064745545387268,0.42954158782958984,-0.009861362166702747,0.5035727620124817,0.3503175377845764,-0.025492196902632713,0.4761814475059509,0.4760584533214569,0.0337606742978096,0.4865688681602478,0.48321759700775146,0.03120976686477661,0.509480893611908,0.49384549260139465,0.024409877136349678,0.4524993300437927,0.4601533114910126,0.05506090074777603,0.4800938367843628,0.3565082252025604,-0.011791115626692772,0.498248428106308,0.38225749135017395,-0.023745637387037277,0.5221778750419617,0.4917094111442566,0.025194307789206505,0.49877023696899414,0.49467307329177856,0.03472990170121193,0.4347533881664276,0.4243374764919281,0.038097430020570755,0.5032907724380493,0.450124591588974,0.0030888603068888187,0.5026615858078003,0.45299598574638367,0.0034232516773045063,0.5022422075271606,0.45650768280029297,0.0033944377209991217,0.5021238923072815,0.46054327487945557,0.005213703028857708,0.5014963150024414,0.46753832697868347,0.011571318842470646,0.49405980110168457,0.4491625726222992,0.006031956523656845,0.4928690791130066,0.44859474897384644,0.005577421747148037,0.491851270198822,0.44796839356422424,0.004963116254657507,0.48311859369277954,0.44349491596221924,0.00408858060836792,0.4531411826610565,0.4284551739692688,0.0077629550360143185,0.49587246775627136,0.3716299533843994,-0.02036949433386326,0.4877757132053375,0.35341838002204895,-0.014785891398787498,0.4828265309333801,0.3539932370185852,-0.013137956149876118,0.49526897072792053,0.4497520625591278,0.007277763448655605,0.45514094829559326,0.44639208912849426,0.023350616917014122,0.49488040804862976,0.3541207015514374,-0.022090425714850426,0.4991624355316162,0.4748471677303314,0.016923395916819572,0.510768473148346,0.3853289484977722,-0.032532744109630585,0.5028955936431885,0.3778289556503296,-0.028870347887277603,0.5085973143577576,0.37482890486717224,-0.029764637351036072,0.4954845607280731,0.3966272473335266,-0.02059466391801834,0.52158123254776,0.4849471151828766,0.019374044612050056,0.5202849507331848,0.4759751558303833,0.016579465940594673,0.5100475549697876,0.47786566615104675,0.016369450837373734,0.48171067237854004,0.46140167117118835,0.017177382484078407,0.4840834140777588,0.41863903403282166,-0.0044341557659208775,0.48987242579460144,0.4691009521484375,0.017709961161017418,0.4681941270828247,0.4208751618862152,-0.004078518133610487,0.47917288541793823,0.42835795879364014,-0.0017536893719807267,0.46418648958206177,0.4342840909957886,0.003994939848780632,0.5095873475074768,0.4869852066040039,0.01893201470375061,0.4915432929992676,0.40069156885147095,-0.01509916689246893,0.47724631428718567,0.4682375192642212,0.02425786480307579,0.48742416501045227,0.4760027527809143,0.02431967481970787,0.4748585522174835,0.4525150656700134,0.013561921194195747,0.44622892141342163,0.43654224276542664,0.025131143629550934,0.46625816822052,0.45493578910827637,0.01894180290400982,0.4420362412929535,0.4407728910446167,0.04129697009921074,0.47522634267807007,0.4389162063598633,0.0033389870077371597,0.4940255582332611,0.38746413588523865,-0.01821226067841053,0.500159740447998,0.4165593683719635,-0.025984909385442734,0.4954659044742584,0.41741716861724854,-0.018410194665193558,0.5031464099884033,0.41157767176628113,-0.031042713671922684,0.48159295320510864,0.3482465147972107,-0.019257886335253716,0.4697135388851166,0.34589964151382446,-0.022663211449980736,0.45955103635787964,0.3467768728733063,-0.023287488147616386,0.45143774151802063,0.3495841324329376,-0.021220682188868523,0.44613564014434814,0.35358187556266785,-0.017468154430389404,0.44355911016464233,0.3657115697860718,-0.00497072609141469,0.4249684512615204,0.3881700038909912,0.026377573609352112,0.4516494572162628,0.3775842487812042,-0.006110087968409061,0.45975059270858765,0.379445880651474,-0.00848744809627533,0.46916982531547546,0.37709611654281616,-0.009766888804733753,0.47717922925949097,0.3728627562522888,-0.010183662176132202,0.48292088508605957,0.36897698044776917,-0.01036387961357832,0.48695510625839233,0.36607322096824646,-0.010848777368664742,0.42049071192741394,0.3826105296611786,0.04917654022574425,0.495318204164505,0.4184599220752716,-0.014754394069314003,0.5002782940864563,0.39168116450309753,-0.026396799832582474,0.5057096481323242,0.41746002435684204,-0.02986506000161171,0.5086358785629272,0.41990116238594055,-0.025656551122665405,0.5051030516624451,0.4180281460285187,-0.026564855128526688,0.4968739449977875,0.4198814630508423,-0.011511867865920067,0.5104730725288391,0.4206692576408386,-0.026984086260199547,0.5104866027832031,0.42126476764678955,-0.018710728734731674,0.4851820170879364,0.35895878076553345,-0.010119418613612652,0.48979485034942627,0.36144059896469116,-0.012714974582195282,0.4928808808326721,0.3640405833721161,-0.01619541086256504,0.4520444869995117,0.35997676849365234,-0.01108577661216259,0.4475823640823364,0.3581790030002594,-0.011690688319504261,0.5158261060714722,0.3845963478088379,-0.029235562309622765,0.5413054823875427,0.33737850189208984,0.0038430967833846807,0.5209890007972717,0.4163891673088074,-0.017882414162158966,0.5558234453201294,0.2906944155693054,0.026903795078396797,0.5248163938522339,0.3511781692504883,-0.003414690028876066,0.5311795473098755,0.34976083040237427,-0.0019890794064849615,0.537208616733551,0.34764420986175537,0.00038866407703608274,0.5435538291931152,0.33943724632263184,0.006066975649446249,0.519676685333252,0.35117995738983154,-0.004143856931477785,0.533889889717102,0.3274192810058594,-0.008837936446070671,0.5266236662864685,0.3305426836013794,-0.010281574912369251,0.5401304364204407,0.32648247480392456,-0.005531167611479759,0.5437279939651489,0.32773271203041077,-0.0020230095833539963,0.5490835309028625,0.34352731704711914,0.010970684699714184,0.5400402545928955,0.46860310435295105,0.027460958808660507,0.5430682301521301,0.3342874050140381,0.0057362038642168045,0.5635689496994019,0.32855460047721863,0.04005445912480354,0.5538292527198792,0.3347298204898834,0.01644774340093136,0.5395572185516357,0.3900197148323059,0.0006439804565161467,0.5210965275764465,0.4369954764842987,-0.006157222669571638,0.5211331248283386,0.4443042278289795,-0.0014490721514448524,0.5273921489715576,0.43675097823143005,-0.0007229956681840122,0.5313034057617188,0.4368653893470764,0.005629418883472681,0.5260778665542603,0.4422173500061035,0.0020533318165689707,0.5296381115913391,0.4405861496925354,0.007523678708821535,0.541570782661438,0.4397890865802765,0.02110976353287697,0.5209064483642578,0.4148966073989868,-0.030656524002552032,0.5208901166915894,0.4067620635032654,-0.034242983907461166,0.5520029067993164,0.3189906179904938,-0.0020275390706956387,0.5241697430610657,0.37238919734954834,-0.007589442655444145,0.5313906669616699,0.4030752182006836,-0.01347263902425766,0.5304757356643677,0.3975569009780884,-0.012424543499946594,0.5559284687042236,0.38044169545173645,0.010795981623232365,0.5184075236320496,0.39513781666755676,-0.03283844515681267,0.5401660799980164,0.3179921507835388,-0.017397204414010048,0.5475896000862122,0.3166951537132263,-0.01058183703571558,0.5503815412521362,0.27927806973457336,0.009545452892780304,0.5147746801376343,0.3353874087333679,-0.025055529549717903,0.5204353332519531,0.3355354964733124,-0.008707853965461254,0.545101523399353,0.43041324615478516,0.02105828747153282,0.5626391768455505,0.4052269458770752,0.07992406189441681,0.5277348756790161,0.40952011942863464,-0.010687765665352345,0.5237097144126892,0.41405749320983887,-0.011187445372343063,0.5361897349357605,0.43707871437072754,0.019559508189558983,0.5349465608596802,0.43789729475975037,0.017261408269405365,0.5494776368141174,0.3096959590911865,-0.008763489313423634,0.5313156247138977,0.4053218364715576,-0.009088647551834583,0.5293992161750793,0.3234660029411316,-0.022517167031764984,0.5301366448402405,0.316161572933197,-0.025721345096826553,0.5277208089828491,0.2697715759277344,-0.023391148075461388,0.5498733520507812,0.2933836281299591,-0.0015251486329361796,0.5279949307441711,0.29187726974487305,-0.025729423388838768,0.5537703037261963,0.31297653913497925,0.0025997478514909744,0.5555522441864014,0.3016251027584076,0.013318023644387722,0.5213109850883484,0.44092458486557007,-0.004441085271537304,0.5268170833587646,0.439581960439682,0.000537398736923933,0.5305560827255249,0.43868112564086914,0.006102485116571188,0.5265457034111023,0.411178320646286,-0.009430761449038982,0.5355489253997803,0.43750178813934326,0.018251122906804085,0.5336151123046875,0.4409357011318207,0.01498857606202364,0.5343230366706848,0.4383241534233093,0.016972295939922333,0.525874674320221,0.41004568338394165,-0.02055721916258335,0.5288082957267761,0.4421001672744751,0.009176455438137054,0.5252860188484192,0.4441849887371063,0.0055527277290821075,0.5207095742225647,0.44650667905807495,0.002522984752431512,0.5268179178237915,0.4646666646003723,0.01446465216577053,0.523349404335022,0.45818135142326355,0.006444965489208698,0.5226434469223022,0.45395269989967346,0.0043930248357355595,0.5216751098632812,0.4499136209487915,0.004537523724138737,0.5206036567687988,0.44664907455444336,0.003818474244326353,0.528680145740509,0.44210153818130493,0.010145354084670544,0.5299862027168274,0.44315212965011597,0.010346431285142899,0.5313222408294678,0.4446781277656555,0.0105264438316226,0.5324124097824097,0.44658616185188293,0.012489287182688713,0.5386585593223572,0.42250925302505493,0.005957123823463917,0.5633957386016846,0.3606466054916382,0.07773465663194656,0.5312837362289429,0.44036856293678284,0.014128435403108597,0.5324764847755432,0.4405810534954071,0.014380615204572678,0.5221181511878967,0.4180840849876404,-0.010005099698901176,0.5298552513122559,0.409991592168808,-0.003527746070176363,0.5229031443595886,0.4161809980869293,-0.010959052480757236,0.5303645730018616,0.3744942247867584,-0.0029960053507238626,0.5411330461502075,0.3765975832939148,0.0013849426759406924,0.5313045382499695,0.3998773396015167,-0.007843121886253357,0.5417430996894836,0.2718564569950104,-0.007794058881700039,0.5411622524261475,0.28955137729644775,-0.01420673355460167,0.5413892865180969,0.310171902179718,-0.01810188591480255,0.538128137588501,0.448534220457077,0.018893232569098473,0.5162256956100464,0.3240765631198883,-0.030355185270309448,0.5134882926940918,0.29641613364219666,-0.03293636068701744,0.5115433931350708,0.27143198251724243,-0.03346160426735878,0.5415444374084473,0.3439742624759674,0.003546847263351083,0.5555482506752014,0.34718596935272217,0.01671670749783516,0.5165386199951172,0.3505619466304779,-0.00425556767731905,0.5489203929901123,0.3282342851161957,0.004294151905924082,0.5199234485626221,0.3691953718662262,-0.011695836670696735,0.5287817120552063,0.40322691202163696,-0.02101273648440838,0.5639649033546448,0.350001722574234,0.02657960169017315,0.553769588470459,0.35575810074806213,0.012280835770070553,0.5478577017784119,0.36291396617889404,0.006164335645735264,0.5365273952484131,0.36595243215560913,0.0015261550433933735,0.5275521278381348,0.3652971684932709,-0.0018424177542328835,0.5214285850524902,0.36392223834991455,-0.00566265732049942,0.5119041204452515,0.3629986047744751,-0.023190421983599663,0.5658922791481018,0.3686216175556183,0.029616735875606537,0.5529971122741699,0.3253951370716095,0.007164310663938522,0.5190280675888062,0.4187222123146057,-0.026764048263430595,0.5255343914031982,0.38246816396713257,-0.007915142923593521,0.5613610148429871,0.3225204348564148,0.06162232160568237,0.5169283151626587,0.3618391156196594,-0.008640525862574577,0.5310204029083252,0.3987448215484619,-0.0012941978638991714,0.5453085899353027,0.3336976170539856,0.007391474209725857,0.5274733304977417,0.3964764475822449,-0.019802479073405266,0.5637514591217041,0.3819090723991394,0.08051829040050507,0.5160929560661316,0.34728676080703735,-0.0036076672840863466,0.5231693983078003,0.3950437605381012,-0.02763650380074978,0.5580215454101562,0.4364174008369446,0.04923247545957565,0.5562509894371033,0.44253385066986084,0.06324601918458939,0.5675599575042725,0.36460891366004944,0.05377979204058647,0.5629765391349792,0.42139703035354614,0.055106159299612045,0.5595705509185791,0.31346291303634644,0.028091728687286377,0.5412486791610718,0.4750104248523712,0.03399096056818962,0.5179697275161743,0.4197302460670471,-0.017560740932822227,0.5310685038566589,0.38600146770477295,-0.0032730353996157646,0.5571923851966858,0.33389389514923096,0.02374236285686493,0.5359036326408386,0.34235939383506775,-0.00017406030383426696,0.5305637717247009,0.3446640968322754,-0.00230777938850224,0.534641444683075,0.44151782989501953,0.01661916822195053,0.5663259625434875,0.3856532871723175,0.036488473415374756,0.5326077938079834,0.48922431468963623,0.03681797534227371,0.5450993776321411,0.46927961707115173,0.04859497398138046,0.5501618981361389,0.45788323879241943,0.05502788722515106,0.5251139998435974,0.34577590227127075,-0.0035389228723943233,0.5201038122177124,0.3463478982448578,-0.0036545952316373587,0.5172243118286133,0.3470706343650818,-0.0032356882002204657,0.5553069114685059,0.32112038135528564,0.01354242954403162,0.520998477935791,0.3399965167045593,-0.006191084627062082,0.526356041431427,0.33609652519226074,-0.0069381375797092915,0.5321239233016968,0.3338834345340729,-0.005883429665118456,0.537368655204773,0.33312249183654785,-0.003271054243668914,0.5403783321380615,0.3335433304309845,-0.00036249367985874414,0.5593757629394531,0.3042618930339813,0.04525020718574524,0.5391978025436401,0.3398279845714569,0.002090887865051627,0.5332327485084534,0.4212963581085205,0.000266428105533123,0.5279465913772583,0.4088866412639618,-0.013933553360402584,0.523420512676239,0.4246204197406769,-0.007576934527605772,0.5520423054695129,0.45073971152305603,0.045132510364055634,0.5467109084129333,0.4626125991344452,0.04015383496880531,0.5333652496337891,0.48553720116615295,0.028013218194246292,0.5601438283920288,0.4258356988430023,0.07273837924003601,0.5176481604576111,0.3445003926753998,-0.0047963764518499374,0.5181484818458557,0.3762810230255127,-0.02064109966158867,0.539763331413269,0.4802125096321106,0.0417977049946785,0.5675101280212402,0.3838039040565491,0.05791999399662018,0.5251607298851013,0.4442444443702698,0.006744623649865389,0.5265196561813354,0.4464300572872162,0.007166493684053421,0.5277365446090698,0.44932523369789124,0.0073157260194420815,0.528742253780365,0.45288458466529846,0.009296802803874016,0.5334906578063965,0.45722532272338867,0.01619814708828926,0.5323736071586609,0.43915194272994995,0.012536597438156605,0.5333002805709839,0.43798911571502686,0.012704984284937382,0.5340782403945923,0.436884343624115,0.012586450204253197,0.542884349822998,0.4255019426345825,0.01309953723102808,0.5614053606987,0.3954998850822449,0.023325208574533463,0.5157912373542786,0.3656657040119171,-0.01708293706178665,0.5129151344299316,0.34483885765075684,-0.010690571740269661,0.5155707597732544,0.34333664178848267,-0.0072574978694319725,0.5313728451728821,0.44037139415740967,0.013552062213420868,0.562018096446991,0.41321608424186707,0.03897971659898758,0.5101632475852966,0.34856531023979187,-0.01964171975851059,0.5369141697883606,0.46231240034103394,0.02213510312139988,0.5140827894210815,0.3744279742240906,-0.02721840888261795,0.5239818096160889,0.3881959915161133,-0.01656021922826767,0.5293926000595093,0.47142648696899414,0.01886829361319542,0.5466247797012329,0.44069623947143555,0.026447106152772903,0.5366401076316833,0.4029844105243683,0.0025729073677212,0.5422180891036987,0.45198532938957214,0.02495458535850048,0.5501068830490112,0.3960772156715393,0.007136625237762928,0.5431265830993652,0.4090549349784851,0.007068921811878681,0.555446982383728,0.40630555152893066,0.016762051731348038,0.5322204828262329,0.47930657863616943,0.022274808958172798,0.5269228219985962,0.3902856111526489,-0.010095534846186638,0.5510057210922241,0.44407737255096436,0.03498372063040733,0.5454570055007935,0.4565316140651703,0.03251257166266441,0.5504430532455444,0.4290224611759186,0.02487598918378353,0.565531313419342,0.3999408483505249,0.04261843487620354,0.556686282157898,0.4263781011104584,0.032066311687231064,0.5662539005279541,0.40236568450927734,0.06013433262705803,0.5481635332107544,0.41673246026039124,0.01380974892526865,0.5217329263687134,0.37922394275665283,-0.013842470943927765,0.5276380181312561,0.4080917537212372,-0.022075388580560684,0.530241072177887,0.40696099400520325,-0.01397524494677782,0.52520352602005,0.40476149320602417,-0.027922511100769043,0.5175362229347229,0.3364408314228058,-0.01363283023238182,0.5276540517807007,0.32818642258644104,-0.014361400157213211,0.53668212890625,0.32413333654403687,-0.012388930656015873,0.5436070561408997,0.32291314005851746,-0.008089816197752953,0.5475804805755615,0.32419323921203613,-0.00281077460385859,0.549069344997406,0.3345666527748108,0.010702584870159626,0.5662792325019836,0.3462432026863098,0.04757663235068321,0.5469236969947815,0.348888635635376,0.008251111023128033,0.541824460029602,0.3542865514755249,0.004031388554722071,0.5337219834327698,0.35706934332847595,0.0005359699134714901,0.5257769823074341,0.35763129591941833,-0.002046613022685051,0.5199730396270752,0.35719868540763855,-0.004200696479529142,0.5162124037742615,0.356488436460495,-0.005812625400722027,0.5621562600135803,0.3411499559879303,0.07170777022838593,0.5298055410385132,0.40816396474838257,-0.010410395450890064,0.5202192664146423,0.3856842815876007,-0.023243676871061325,0.5244147777557373,0.4114531874656677,-0.02737324684858322,0.5215439200401306,0.4156471788883209,-0.024186478927731514,0.524128258228302,0.41194865107536316,-0.024008801206946373,0.5284851789474487,0.41056016087532043,-0.007856544107198715,0.5207152366638184,0.41729971766471863,-0.025790449231863022,0.5197281241416931,0.4183065891265869,-0.017713556066155434,0.5145649909973145,0.34903720021247864,-0.004876250866800547,0.513012170791626,0.3535197675228119,-0.008729786612093449,0.5130289793014526,0.35710662603378296,-0.012876066379249096,0.5420275330543518,0.33403143286705017,0.002360143233090639,0.5457197427749634,0.3296480178833008,0.0026002880185842514,0.46401670575141907,0.35968297719955444,-0.012162739410996437,0.4709526300430298,0.35780516266822815,-0.012162739410996437,0.4626120626926422,0.35116100311279297,-0.012162739410996437,0.4570014476776123,0.3615756630897522,-0.012162739410996437,0.465400367975235,0.3681759238243103,-0.012162739410996437,0.5279061198234558,0.3396582007408142,-0.0018706847913563251,0.5349398851394653,0.33733683824539185,-0.0018706847913563251,0.5265542268753052,0.33169448375701904,-0.0018706847913563251,0.5209035277366638,0.3419295847415924,-0.0018706847913563251,0.5293107628822327,0.34764420986175537,-0.0018706847913563251
4200.000000000006,0.5111224055290222,0.43921592831611633,-0.0085046561434865,0.5124279856681824,0.4146306812763214,-0.0322408452630043,0.5111284255981445,0.4194382429122925,-0.013293667696416378,0.5015179514884949,0.38524001836776733,-0.03107956424355507,0.5114431381225586,0.4063640534877777,-0.036103859543800354,0.5091449618339539,0.3938152492046356,-0.03601616993546486,0.5023372769355774,0.360903263092041,-0.026667961850762367,0.4501313269138336,0.36165502667427063,-0.008378994651138783,0.4982779324054718,0.3381613790988922,-0.02777143567800522,0.49658358097076416,0.3264606297016144,-0.032286569476127625,0.4874512851238251,0.27471137046813965,-0.03653053566813469,0.5114221572875977,0.4420730769634247,-0.006829558871686459,0.5116198062896729,0.4449853003025055,-0.004185609985142946,0.5116952061653137,0.44697636365890503,-2.186884739785455e-05,0.5115581154823303,0.44723838567733765,0.0011852046009153128,0.5121116638183594,0.4509582221508026,0.0018464494496583939,0.51263427734375,0.45528560876846313,0.001587875303812325,0.5130448937416077,0.45958516001701355,0.0038400092162191868,0.5158817768096924,0.4663236737251282,0.01179563719779253,0.5123199224472046,0.41784554719924927,-0.028133360669016838,0.504865825176239,0.4181048572063446,-0.01976132020354271,0.41493719816207886,0.32838377356529236,0.007907167077064514,0.4718058407306671,0.3648102283477783,-0.01120532676577568,0.4653424322605133,0.36740294098854065,-0.011477272026240826,0.4584678113460541,0.3690990209579468,-0.010607856325805187,0.4478348195552826,0.36504119634628296,-0.00699130492284894,0.47689661383628845,0.3618603050708771,-0.010148653760552406,0.45689961314201355,0.3464408814907074,-0.01869610883295536,0.46497079730033875,0.3454503118991852,-0.017881574109196663,0.45008644461631775,0.34930527210235596,-0.01699714921414852,0.44604164361953735,0.35294651985168457,-0.014403908513486385,0.4430178105831146,0.37245672941207886,-0.00319849094375968,0.49433475732803345,0.48176249861717224,0.01999952830374241,0.4466676414012909,0.35950228571891785,-0.007075320463627577,0.4194585978984833,0.3685343563556671,0.02099715545773506,0.43371114134788513,0.36770790815353394,0.0006306482828222215,0.4736858606338501,0.40674692392349243,-0.007865137420594692,0.503420889377594,0.43933287262916565,-0.00901877786964178,0.5046941637992859,0.44603148102760315,-0.004212981089949608,0.496393084526062,0.4425203204154968,-0.005842364858835936,0.4916270971298218,0.4448596239089966,-0.00110123329795897,0.49871233105659485,0.44677358865737915,-0.0024999871384352446,0.49405309557914734,0.44731420278549194,0.0017078116070479155,0.4833056926727295,0.45527583360671997,0.012453543953597546,0.5070921182632446,0.4156830310821533,-0.03232364356517792,0.5053134560585022,0.407809317111969,-0.03604612499475479,0.43612444400787354,0.3500044345855713,-0.01688132993876934,0.48362863063812256,0.3814372420310974,-0.012899737805128098,0.48906421661376953,0.4124097526073456,-0.01891891285777092,0.48760291934013367,0.40700340270996094,-0.01794731244444847,0.4525366723537445,0.40876346826553345,-0.0031721307896077633,0.5033440589904785,0.39597418904304504,-0.034828104078769684,0.4522760510444641,0.3408777415752411,-0.02761896699666977,0.44248688220977783,0.3444446623325348,-0.023465676233172417,0.4206234812736511,0.31322652101516724,-0.007298772688955069,0.48434391617774963,0.34257882833480835,-0.028051747009158134,0.4722738265991211,0.3470041751861572,-0.014666285365819931,0.47723814845085144,0.4484754204750061,0.010835939086973667,0.4384412467479706,0.44251248240470886,0.06062464416027069,0.494246244430542,0.41627877950668335,-0.014820391312241554,0.49988386034965515,0.4177855849266052,-0.013548878952860832,0.48529401421546936,0.4479401409626007,0.010725723579525948,0.48677703738212585,0.4480069875717163,0.00940950307995081,0.43792352080345154,0.33920034766197205,-0.02233743853867054,0.48862752318382263,0.41475093364715576,-0.014437011443078518,0.4660322070121765,0.3398298919200897,-0.02927863597869873,0.463859885931015,0.3331736922264099,-0.03258487582206726,0.44777166843414307,0.28891053795814514,-0.03226076439023018,0.4298124611377716,0.3253668248653412,-0.01622210629284382,0.45692622661590576,0.3091895282268524,-0.03325728327035904,0.4311722218990326,0.34557971358299255,-0.013149275444447994,0.4232543706893921,0.3374084234237671,-0.0034676287323236465,0.5039816498756409,0.44299349188804626,-0.007322844583541155,0.4975382387638092,0.4447377026081085,-0.004299368243664503,0.4927974343299866,0.44608205556869507,-0.00010381527681602165,0.49571388959884644,0.417113333940506,-0.01287481002509594,0.4860585629940033,0.44797399640083313,0.010030518285930157,0.48927101492881775,0.450276643037796,0.007866629399359226,0.48751264810562134,0.4480735659599304,0.00930776447057724,0.4982733726501465,0.4151160418987274,-0.024488860741257668,0.49504122138023376,0.4482858180999756,0.0036063524894416332,0.4997284412384033,0.4482036232948303,0.0011944730067625642,0.5053419470787048,0.44789108633995056,-0.0003079783928114921,0.5072901844978333,0.46807363629341125,0.011118064634501934,0.5053896903991699,0.46069177985191345,0.003118437249213457,0.5051783323287964,0.4562722444534302,0.0010561414528638124,0.5051571726799011,0.4518553614616394,0.001397271640598774,0.505258321762085,0.4482225179672241,0.0008965578163042665,0.49497219920158386,0.4484853744506836,0.004519963636994362,0.4940655827522278,0.4502990245819092,0.004644783213734627,0.49308648705482483,0.45267391204833984,0.0045690652914345264,0.49235162138938904,0.4552721679210663,0.006126980762928724,0.4840750992298126,0.4358614981174469,-0.001591369858942926,0.4224386215209961,0.4012656807899475,0.057175226509571075,0.5118272304534912,0.41874217987060547,-0.018783610314130783,0.4914630055427551,0.44828319549560547,0.0073113520629704,0.4903703033924103,0.4492027759552002,0.007510129362344742,0.5025675892829895,0.4204380512237549,-0.01244013849645853,0.49079403281211853,0.41830193996429443,-0.007847552187740803,0.5012883543968201,0.4191562831401825,-0.013295498676598072,0.4774061143398285,0.38729092478752136,-0.010240478441119194,0.4673297703266144,0.39571598172187805,-0.0085249412804842,0.48651233315467834,0.4099240005016327,-0.013526703231036663,0.4309990406036377,0.2999557852745056,-0.021230822429060936,0.4404747486114502,0.3156333267688751,-0.025780897587537766,0.44894254207611084,0.33433207869529724,-0.0286940298974514,0.4901506304740906,0.4610978960990906,0.01152749452739954,0.4807974696159363,0.3322259485721588,-0.033467188477516174,0.4735650420188904,0.30468061566352844,-0.03624429553747177,0.46597543358802795,0.2809232771396637,-0.037128496915102005,0.4520169794559479,0.36833658814430237,-0.008762049488723278,0.4364040195941925,0.38040032982826233,0.0009063405450433493,0.47992244362831116,0.3595319986343384,-0.00948692113161087,0.439938485622406,0.3573763966560364,-0.00994975958019495,0.48780229687690735,0.37568506598472595,-0.015891436487436295,0.49349650740623474,0.4104069769382477,-0.02554929070174694,0.4303032457828522,0.3873557448387146,0.008619057945907116,0.44272181391716003,0.38664278388023376,-0.002674960298463702,0.45275577902793884,0.3891189992427826,-0.006639224477112293,0.46606945991516113,0.3846813142299652,-0.008228829130530357,0.474992960691452,0.37864819169044495,-0.009180550463497639,0.48112955689430237,0.37365981936454773,-0.011069759726524353,0.4962362051010132,0.364296555519104,-0.02472209930419922,0.43468520045280457,0.4056127965450287,0.011468866840004921,0.43419796228408813,0.3574683666229248,-0.008452235721051693,0.5089993476867676,0.4184894561767578,-0.028230462223291397,0.48608994483947754,0.39102903008461,-0.013138288632035255,0.4141867160797119,0.36333560943603516,0.04099765047430992,0.4858724772930145,0.3689657151699066,-0.01271477248519659,0.48514851927757263,0.40917471051216125,-0.0068786232732236385,0.44415202736854553,0.360480934381485,-0.006106077693402767,0.49181631207466125,0.40369755029678345,-0.02432394027709961,0.4290393590927124,0.4216369092464447,0.06041918694972992,0.4786337614059448,0.35651928186416626,-0.009004049003124237,0.4974692761898041,0.39921852946281433,-0.03098425455391407,0.4613611698150635,0.46562880277633667,0.03477026894688606,0.4615442454814911,0.47190749645233154,0.047913193702697754,0.42625290155410767,0.4052034020423889,0.03419952467083931,0.44998180866241455,0.45506566762924194,0.03849733620882034,0.42057788372039795,0.3514079451560974,0.010048114694654942,0.4942037761211395,0.4890879988670349,0.025868289172649384,0.5091043710708618,0.4191064238548279,-0.01865968108177185,0.4807698726654053,0.39788392186164856,-0.00979068037122488,0.4279102087020874,0.369268000125885,0.00637570396065712,0.45835861563682556,0.36340010166168213,-0.010905660688877106,0.4644835889339447,0.3623001277446747,-0.011741144582629204,0.48831480741500854,0.4514894187450409,0.009006708860397339,0.43870070576667786,0.42209237813949585,0.018729541450738907,0.5064083933830261,0.496120810508728,0.0312931090593338,0.48516157269477844,0.4882677495479584,0.03786740079522133,0.4747639000415802,0.48179078102111816,0.04212985560297966,0.49206191301345825,0.2998940944671631,-0.035445280373096466,0.5188267230987549,0.4940017759799957,0.03168535977602005,0.46976983547210693,0.3600785732269287,-0.011495191603899002,0.4745997190475464,0.3577416241168976,-0.010349016636610031,0.4775553345680237,0.35684436559677124,-0.009133785031735897,0.42872354388237,0.3551428020000458,-0.0031997496262192726,0.4715351462364197,0.35152459144592285,-0.013033641502261162,0.46507784724235535,0.35032230615615845,-0.015056747011840343,0.4589349329471588,0.35141006112098694,-0.015434295870363712,0.45323166251182556,0.35390108823776245,-0.014226223342120647,0.4499248266220093,0.35640302300453186,-0.012140070088207722,0.412966251373291,0.34410610795021057,0.025182610377669334,0.4537224769592285,0.3629205524921417,-0.00959059502929449,0.5115932822227478,0.4251863360404968,-0.010159438475966454,0.49032458662986755,0.4308638870716095,-0.0056282952427864075,0.49445268511772156,0.41566431522369385,-0.01789085753262043,0.5028034448623657,0.42745617032051086,-0.010440555401146412,0.49977678060531616,0.34827032685279846,-0.02490931749343872,0.4729248881340027,0.47506821155548096,0.032966166734695435,0.48331448435783386,0.48217344284057617,0.030053522437810898,0.5062786936759949,0.49258702993392944,0.022632000967860222,0.4497688114643097,0.4594997763633728,0.055081047117710114,0.4763130843639374,0.35453012585639954,-0.010834588669240475,0.494351327419281,0.3799857199192047,-0.02350662462413311,0.5190976858139038,0.4903409481048584,0.023270271718502045,0.4956323504447937,0.49364954233169556,0.03329624980688095,0.43188318610191345,0.4233372211456299,0.03886158764362335,0.49965766072273254,0.4485110640525818,0.0022847382351756096,0.49897822737693787,0.45140570402145386,0.002505202777683735,0.4985094368457794,0.45497629046440125,0.0023755200672894716,0.4983326196670532,0.4590456187725067,0.004133099224418402,0.49805018305778503,0.4658641219139099,0.010414152406156063,0.4902712404727936,0.4476208984851837,0.005515677388757467,0.48906564712524414,0.44708120822906494,0.005083036608994007,0.48804718255996704,0.44648444652557373,0.004495976492762566,0.47934654355049133,0.44183865189552307,0.0037364570889621973,0.44959431886672974,0.42701080441474915,0.008067194372415543,0.4920156002044678,0.36947569251060486,-0.019936570897698402,0.4840964376926422,0.3515016436576843,-0.01390338409692049,0.47910332679748535,0.35207149386405945,-0.012189483270049095,0.49147558212280273,0.44819653034210205,0.0067292251624166965,0.4517580568790436,0.4452285170555115,0.023396601900458336,0.4911755323410034,0.35226723551750183,-0.021389076486229897,0.49578484892845154,0.4734348952770233,0.015650054439902306,0.5068695545196533,0.3828008472919464,-0.032598357647657394,0.49897217750549316,0.3754346966743469,-0.028652068227529526,0.5047137141227722,0.3723805546760559,-0.029596587643027306,0.4916171729564667,0.39444994926452637,-0.02052800916135311,0.5184360146522522,0.4834786057472229,0.017533034086227417,0.5170738101005554,0.4743479788303375,0.014903589151799679,0.5067289471626282,0.4763464331626892,0.01480168104171753,0.4782049357891083,0.46005865931510925,0.016474921256303787,0.4803071618080139,0.4168127477169037,-0.0044901445508003235,0.48646271228790283,0.4677630066871643,0.0167070422321558,0.4644016921520233,0.41913503408432007,-0.003945439122617245,0.4753785729408264,0.4266105592250824,-0.001860012416727841,0.4604773223400116,0.4327465891838074,0.00402572238817811,0.506305992603302,0.4856383502483368,0.017238352447748184,0.48771557211875916,0.39865878224372864,-0.015036579221487045,0.47383052110671997,0.4670502245426178,0.02354148030281067,0.48407232761383057,0.4747999906539917,0.0232381634414196,0.4712427258491516,0.4511142075061798,0.013149420730769634,0.4429706931114197,0.4353967308998108,0.02545912191271782,0.4627721905708313,0.45367103815078735,0.01866040751338005,0.4391240179538727,0.4398343563079834,0.0416809618473053,0.4714445471763611,0.4373219907283783,0.003156432416290045,0.49018776416778564,0.3853401243686676,-0.017967885360121727,0.4962335228919983,0.414260596036911,-0.02628607489168644,0.4915565550327301,0.415258526802063,-0.018674110993742943,0.4991845190525055,0.40916141867637634,-0.03136010095477104,0.4778185486793518,0.346357524394989,-0.018257396295666695,0.4657510221004486,0.3440001904964447,-0.02157503180205822,0.45546257495880127,0.3449523448944092,-0.02216714806854725,0.4473561942577362,0.34785008430480957,-0.020037589594721794,0.4421311020851135,0.3519192934036255,-0.016213925555348396,0.43981480598449707,0.36410555243492126,-0.0037290339823812246,0.42193111777305603,0.38703763484954834,0.027775395661592484,0.4478308856487274,0.3759158253669739,-0.0051226369105279446,0.4559430181980133,0.37769079208374023,-0.0076229749247431755,0.4653882086277008,0.37525609135627747,-0.009007719345390797,0.47344890236854553,0.3709757924079895,-0.009471295401453972,0.4792371690273285,0.3671271800994873,-0.009667208418250084,0.4832938313484192,0.3642299175262451,-0.01015456486493349,0.4178093671798706,0.38190874457359314,0.05091327801346779,0.4914531707763672,0.4163728654384613,-0.01500887330621481,0.4963577091693878,0.389331191778183,-0.02635166235268116,0.5017900466918945,0.4150950312614441,-0.03027448244392872,0.5048437714576721,0.4176114797592163,-0.02612966112792492,0.5012304186820984,0.41571348905563354,-0.02695208601653576,0.4930775761604309,0.4178279638290405,-0.011801492422819138,0.506674587726593,0.4183768033981323,-0.027496734634041786,0.506751298904419,0.4190274775028229,-0.019183538854122162,0.4814733862876892,0.35706010460853577,-0.009261520579457283,0.4861385226249695,0.35956963896751404,-0.01197964046150446,0.4891795217990875,0.3622101843357086,-0.015582634136080742,0.44803881645202637,0.3581860661506653,-0.009943630546331406,0.44365164637565613,0.3565109372138977,-0.01049135159701109,0.5120068192481995,0.38210517168045044,-0.02931988425552845,0.5382007956504822,0.33579254150390625,0.00433715432882309,0.5173768997192383,0.41415420174598694,-0.018389206379652023,0.552990734577179,0.2895625829696655,0.028170136734843254,0.5212309956550598,0.34957951307296753,-0.002982282778248191,0.5277183651924133,0.34815043210983276,-0.0015965572092682123,0.5338524580001831,0.34606096148490906,0.0007747762720100582,0.5403831601142883,0.33793947100639343,0.00650574779137969,0.5160036087036133,0.3496154546737671,-0.003648907644674182,0.5307062268257141,0.32574519515037537,-0.008270333521068096,0.5232594609260559,0.32890865206718445,-0.009627996943891048,0.5370791554450989,0.32478058338165283,-0.004994833841919899,0.5407409071922302,0.3260510265827179,-0.001493913121521473,0.5457999110221863,0.3421361446380615,0.011354680173099041,0.5372770428657532,0.4673078656196594,0.02581048384308815,0.5399929285049438,0.3327665328979492,0.006265414413064718,0.560891330242157,0.3275562524795532,0.04073628410696983,0.5505779385566711,0.3333604633808136,0.016966676339507103,0.5363813042640686,0.3881067931652069,0.0004292160738259554,0.5180751085281372,0.43552282452583313,-0.006949719041585922,0.5179808735847473,0.44255712628364563,-0.0022837254218757153,0.5244014859199524,0.43522554636001587,-0.0015179157489910722,0.5283104777336121,0.43531808257102966,0.004853368271142244,0.5229701399803162,0.4405006170272827,0.0012414432130753994,0.5265359878540039,0.4389449954032898,0.006748308893293142,0.5388093590736389,0.4380650520324707,0.02010541409254074,0.517199695110321,0.41250866651535034,-0.03121027536690235,0.5170950889587402,0.40423476696014404,-0.03472498431801796,0.5492477416992188,0.31719473004341125,-0.0014027564320713282,0.5207486152648926,0.37045392394065857,-0.007426518946886063,0.5280619859695435,0.40082159638404846,-0.013892227783799171,0.527154266834259,0.3953254818916321,-0.012762621976435184,0.5529741644859314,0.3787584900856018,0.0106278071179986,0.514590322971344,0.39258843660354614,-0.03313959762454033,0.5374022126197815,0.3161607086658478,-0.016728799790143967,0.5449022054672241,0.31485241651535034,-0.009942227974534035,0.5473835468292236,0.27789151668548584,0.01092296838760376,0.5113911032676697,0.3336030840873718,-0.024378156289458275,0.5169028043746948,0.33391621708869934,-0.008018155582249165,0.5423986911773682,0.4285992383956909,0.020189642906188965,0.5604934692382812,0.40490370988845825,0.079423688352108,0.5243582725524902,0.407299667596817,-0.011114547960460186,0.5202399492263794,0.4118351340293884,-0.01165869552642107,0.5330885648727417,0.43571802973747253,0.01877432130277157,0.531814694404602,0.436486154794693,0.01649312488734722,0.5468845963478088,0.3077830672264099,-0.007994292303919792,0.5280463099479675,0.4031413495540619,-0.00951765850186348,0.526418924331665,0.3216819763183594,-0.02182750776410103,0.5273038744926453,0.3142419457435608,-0.02493908256292343,0.524182140827179,0.26794564723968506,-0.021879080682992935,0.5467298030853271,0.2918177843093872,-0.0004578562220558524,0.5243476033210754,0.2899717092514038,-0.024540403857827187,0.5510511994361877,0.3112131953239441,0.003344217548146844,0.5526002049446106,0.3002808690071106,0.014342336915433407,0.5182238817214966,0.4392958879470825,-0.0052627078257501125,0.5237706303596497,0.43794891238212585,-0.0002742224314715713,0.5275123119354248,0.43708762526512146,0.005320594646036625,0.5231446623802185,0.40897446870803833,-0.009850936010479927,0.5324322581291199,0.4361169636249542,0.017481472343206406,0.5304984450340271,0.4394126236438751,0.014092925935983658,0.5311779975891113,0.43689262866973877,0.016200223937630653,0.5223554968833923,0.4077446460723877,-0.021031595766544342,0.5256490707397461,0.44042348861694336,0.008381119929254055,0.5221258401870728,0.4424166977405548,0.0047225672751665115,0.517510175704956,0.44470492005348206,0.0016596768982708454,0.5236533880233765,0.46288245916366577,0.013013016432523727,0.5201414227485657,0.45640480518341064,0.0051223947666585445,0.5194141864776611,0.4521808624267578,0.0031869050581008196,0.5184289813041687,0.44813215732574463,0.003460770705714822,0.5173466205596924,0.44490888714790344,0.0028617565985769033,0.5254893898963928,0.4404236674308777,0.009285825304687023,0.5268375873565674,0.4414861500263214,0.00939095951616764,0.5282231569290161,0.44303005933761597,0.009489335119724274,0.5293605327606201,0.44493865966796875,0.01141046267002821,0.5356661081314087,0.4204871654510498,0.005299197975546122,0.5610924363136292,0.36029085516929626,0.07803358882665634,0.5280909538269043,0.438782274723053,0.013322708196938038,0.5293191075325012,0.43902507424354553,0.013513685204088688,0.5186519026756287,0.41586804389953613,-0.010572283528745174,0.526551365852356,0.4078734219074249,-0.003965361509472132,0.5194345116615295,0.41395825147628784,-0.011470712721347809,0.5270952582359314,0.37261754274368286,-0.0029253950342535973,0.5379788875579834,0.37476846575737,0.0013522579101845622,0.5280565023422241,0.3977171778678894,-0.00818895548582077,0.5384905934333801,0.2702372074127197,-0.006358072627335787,0.5377715826034546,0.28780847787857056,-0.013083819299936295,0.5387595891952515,0.3082333207130432,-0.017291324213147163,0.5352481007575989,0.4468124210834503,0.01772846095263958,0.5130892395973206,0.322167307138443,-0.02956138551235199,0.5096793174743652,0.2944002151489258,-0.031688448041677475,0.507786214351654,0.2694965600967407,-0.031878091394901276,0.5382835268974304,0.3424256443977356,0.003948883153498173,0.5521742105484009,0.34594130516052246,0.017045950517058372,0.5128059387207031,0.3489997088909149,-0.0037060710601508617,0.5459336638450623,0.32661446928977966,0.004853140562772751,0.5163788795471191,0.3671760857105255,-0.01148412749171257,0.5252823829650879,0.40088313817977905,-0.021441707387566566,0.5611594319343567,0.3487338125705719,0.026841115206480026,0.5503840446472168,0.3544750511646271,0.012478357180953026,0.5443915128707886,0.3615800738334656,0.006297747604548931,0.5328906774520874,0.36454540491104126,0.0016739853890612721,0.5237954258918762,0.36384740471839905,-0.0016201646067202091,0.5175780653953552,0.36243298649787903,-0.005364001262933016,0.5081545114517212,0.3607466518878937,-0.022859076038002968,0.563132643699646,0.3673478960990906,0.029598960652947426,0.5499951839447021,0.3238391578197479,0.007770472206175327,0.5153427124023438,0.4164417088031769,-0.027336087077856064,0.5221346616744995,0.38042253255844116,-0.007910833694040775,0.5588284730911255,0.32188236713409424,0.06254131346940994,0.5130488872528076,0.36025798320770264,-0.008261563256382942,0.5278178453445435,0.3966718018054962,-0.0015494751278311014,0.5422247648239136,0.3322027325630188,0.007909346371889114,0.5239861011505127,0.39415958523750305,-0.02012796513736248,0.5615281462669373,0.38162699341773987,0.0804382786154747,0.5123299360275269,0.34569787979125977,-0.0029835652094334364,0.5194866061210632,0.39260292053222656,-0.027958476915955544,0.5557034611701965,0.43542683124542236,0.048174116760492325,0.5540376305580139,0.44188567996025085,0.06211812049150467,0.565021276473999,0.3637893795967102,0.053918901830911636,0.5607087016105652,0.42052674293518066,0.05429691821336746,0.5567377805709839,0.3122974634170532,0.028993600979447365,0.538559079170227,0.47383758425712585,0.032197702676057816,0.5143222212791443,0.4174971878528595,-0.018088188022375107,0.5278158187866211,0.3840280771255493,-0.0033616838045418262,0.5538837909698486,0.3326488137245178,0.02429497428238392,0.5326905846595764,0.340665340423584,0.00027518562274053693,0.5272309184074402,0.3429533839225769,-0.0018586652586236596,0.5315733551979065,0.44000911712646484,0.015705840662121773,0.5637068748474121,0.3844919204711914,0.03622063249349594,0.529747724533081,0.4880244731903076,0.03492170572280884,0.5425989627838135,0.46838775277137756,0.04700373113155365,0.547832727432251,0.45711377263069153,0.0536477267742157,0.5216468572616577,0.34410738945007324,-0.0030559576116502285,0.5165289044380188,0.34473714232444763,-0.0031177832279354334,0.5135418772697449,0.3454948663711548,-0.00264162290841341,0.552288293838501,0.3196927309036255,0.014230159111320972,0.5174046158790588,0.33844152092933655,-0.005562640726566315,0.5228824019432068,0.3345508277416229,-0.006349117495119572,0.528773844242096,0.332332044839859,-0.00532290106639266,0.5341420769691467,0.3315819203853607,-0.002742862794548273,0.5372272729873657,0.3320145606994629,0.00015983852790668607,0.5566548109054565,0.3033728003501892,0.0463859923183918,0.5360605120658875,0.33817508816719055,0.0025542201474308968,0.5300677418708801,0.41919150948524475,-0.0003678191569633782,0.5245402455329895,0.4066331088542938,-0.014335829764604568,0.5199958682060242,0.42246225476264954,-0.008244151249527931,0.5496420860290527,0.4497215151786804,0.04380224272608757,0.5441826581954956,0.46153950691223145,0.03858057036995888,0.5304788947105408,0.48425599932670593,0.026064688339829445,0.5580019950866699,0.4253532290458679,0.07189571112394333,0.513946533203125,0.3429129719734192,-0.004162588622421026,0.514463484287262,0.37399592995643616,-0.020540151745080948,0.5370800495147705,0.47915810346603394,0.04000797122716904,0.5650683641433716,0.3830726146697998,0.057754866778850555,0.5219538807868958,0.44250327348709106,0.00583301205188036,0.5233460068702698,0.44467708468437195,0.00614188751205802,0.5246074795722961,0.44758379459381104,0.00618932256475091,0.525651752948761,0.4511183202266693,0.008095979690551758,0.5304734706878662,0.45546239614486694,0.014881919138133526,0.5292484760284424,0.43762317299842834,0.011777184903621674,0.5302325487136841,0.436487078666687,0.01194029301404953,0.5310523509979248,0.43540680408477783,0.0118252569809556,0.5400660037994385,0.423566609621048,0.012383133172988892,0.558704137802124,0.3940616846084595,0.022905174642801285,0.5121337175369263,0.36351919174194336,-0.016801996156573296,0.5092047452926636,0.3431670665740967,-0.00998755358159542,0.5118709802627563,0.3417127728462219,-0.006565133575350046,0.5281972885131836,0.43880799412727356,0.012784285470843315,0.559586226940155,0.41203367710113525,0.03829606994986534,0.506452202796936,0.34680721163749695,-0.01904282346367836,0.53403639793396,0.46083223819732666,0.02064778469502926,0.5102869272232056,0.37202444672584534,-0.027076484635472298,0.5204460620880127,0.3859677016735077,-0.016668202355504036,0.526350200176239,0.4698626697063446,0.01718657836318016,0.5439473390579224,0.43921035528182983,0.025348663330078125,0.5335176587104797,0.40099722146987915,0.0022199461236596107,0.5394552946090698,0.4505552053451538,0.02364806830883026,0.5471208095550537,0.3942643105983734,0.006747288163751364,0.5401280522346497,0.40714505314826965,0.006580078974366188,0.5526970624923706,0.40467411279678345,0.016206879168748856,0.5292732119560242,0.47791990637779236,0.020421480759978294,0.5235532522201538,0.3881518542766571,-0.010248093865811825,0.5484662652015686,0.4428151249885559,0.033777881413698196,0.5428120493888855,0.45527884364128113,0.031061604619026184,0.5477991700172424,0.42744261026382446,0.023967022076249123,0.5630638599395752,0.39887621998786926,0.04213644191622734,0.5541735887527466,0.42503055930137634,0.03118191473186016,0.5639296770095825,0.40163281559944153,0.059649087488651276,0.5453754663467407,0.4149262309074402,0.01316662598401308,0.5181809663772583,0.37707334756851196,-0.01378835178911686,0.5241275429725647,0.40576812624931335,-0.02254379540681839,0.5268818736076355,0.4047102928161621,-0.01442667841911316,0.5215533375740051,0.40231984853744507,-0.028389206156134605,0.5140509009361267,0.33472901582717896,-0.012884613126516342,0.5244553685188293,0.3264469504356384,-0.013662299141287804,0.5336958765983582,0.32236921787261963,-0.01178062241524458,0.5407226085662842,0.32115811109542847,-0.007525201421231031,0.5447183847427368,0.32246965169906616,-0.0022429306991398335,0.5459137558937073,0.3331063389778137,0.011210351251065731,0.563676118850708,0.34533795714378357,0.04798169434070587,0.543617844581604,0.3474821150302887,0.008575530722737312,0.5383939146995544,0.3528346121311188,0.004315939731895924,0.5301656126976013,0.3555770218372345,0.000821089546661824,0.5220922231674194,0.35612431168556213,-0.0016990859294310212,0.5161908268928528,0.35569190979003906,-0.003777095815166831,0.5123782753944397,0.35494011640548706,-0.0053387414664030075,0.559760332107544,0.3406766653060913,0.07235505431890488,0.5264856815338135,0.40595924854278564,-0.01084847841411829,0.5165212750434875,0.38331344723701477,-0.023337632417678833,0.5207879543304443,0.4090820550918579,-0.027892598882317543,0.5179144740104675,0.41338104009628296,-0.024723337963223457,0.5205450057983398,0.40963953733444214,-0.024509014561772346,0.5251378417015076,0.40838831663131714,-0.008297856897115707,0.5170632004737854,0.4150189757347107,-0.02635497786104679,0.5161047577857971,0.41607436537742615,-0.018230723217129707,0.5107779502868652,0.34743326902389526,-0.00425583915784955,0.5091707110404968,0.35190343856811523,-0.00816404540091753,0.5091794729232788,0.3554336726665497,-0.012415281496942043,0.5389163494110107,0.33250707387924194,0.00288024777546525,0.542726457118988,0.32802271842956543,0.0031334352679550648,0.4602601230144501,0.3573753237724304,-0.011146435514092445,0.46717655658721924,0.35549482703208923,-0.011146435514092445,0.45887356996536255,0.34869980812072754,-0.011146435514092445,0.4532715082168579,0.3592883348464966,-0.011146435514092445,0.46162647008895874,0.3660232722759247,-0.011146435514092445,0.5246722102165222,0.3383520245552063,-0.0013328527566045523,0.5319492220878601,0.33596765995025635,-0.0013328527566045523,0.5233586430549622,0.3303966522216797,-0.0013328527566045523,0.5174040794372559,0.340693861246109,-0.0013328527566045523,0.5260328650474548,0.3463119566440582,-0.0013328527566045523
4233.333333333339,0.5111835598945618,0.4392997920513153,-0.00841489713639021,0.5124456882476807,0.41388216614723206,-0.03180931508541107,0.5111725926399231,0.41895854473114014,-0.01300397515296936,0.5016018152236938,0.3848207890987396,-0.030751198530197144,0.5114713311195374,0.40570810437202454,-0.03565233200788498,0.5091754198074341,0.39331331849098206,-0.0355987511575222,0.5023472905158997,0.36063241958618164,-0.02648271806538105,0.4503971338272095,0.36106961965560913,-0.008428958244621754,0.4982379376888275,0.3378569781780243,-0.02770821563899517,0.49656206369400024,0.32620033621788025,-0.03221729025244713,0.4876006841659546,0.2745749354362488,-0.036580875515937805,0.5114828944206238,0.4423089325428009,-0.006767534650862217,0.5116832256317139,0.44532692432403564,-0.004118043929338455,0.5117502808570862,0.4473649263381958,6.213501183083281e-05,0.5116992592811584,0.44753196835517883,0.001576655195094645,0.5122683048248291,0.45118391513824463,0.0023347283713519573,0.5128001570701599,0.455387145280838,0.0022045995574444532,0.5132282972335815,0.45964866876602173,0.004635495133697987,0.5165003538131714,0.46785566210746765,0.012776167131960392,0.5123370885848999,0.4171077609062195,-0.027730220928788185,0.5050721168518066,0.41747596859931946,-0.01942629925906658,0.4156603217124939,0.32792919874191284,0.0075098504312336445,0.4719591736793518,0.3642852008342743,-0.011183504946529865,0.4655457139015198,0.3667997717857361,-0.011460602283477783,0.45869219303131104,0.36851608753204346,-0.010628161951899529,0.44802629947662354,0.3645442724227905,-0.007079056929796934,0.4769763648509979,0.36146244406700134,-0.010173331946134567,0.4570501446723938,0.3461230397224426,-0.01861558109521866,0.46508926153182983,0.34523847699165344,-0.017840607091784477,0.4501881003379822,0.3488784730434418,-0.016964364796876907,0.4461050033569336,0.3524470031261444,-0.014414886943995953,0.4432448744773865,0.37200161814689636,-0.003346425946801901,0.49485093355178833,0.48248884081840515,0.020752625539898872,0.4469207227230072,0.35903164744377136,-0.007169312797486782,0.41972243785858154,0.3681008517742157,0.020512329414486885,0.4339068830013275,0.3671567142009735,0.0003974204882979393,0.4742946922779083,0.4065806269645691,-0.007728005759418011,0.5034839510917664,0.43925023078918457,-0.00888767372816801,0.5047341585159302,0.446353554725647,-0.004149655345827341,0.4963521361351013,0.44248947501182556,-0.00576628977432847,0.4914218485355377,0.4449132978916168,-0.001136714476160705,0.4986186623573303,0.44705164432525635,-0.0025047899689525366,0.4937571883201599,0.447553813457489,0.0016085501993075013,0.4843693673610687,0.45633912086486816,0.012494354508817196,0.5072152018547058,0.414916455745697,-0.0318845696747303,0.5054116249084473,0.4071858525276184,-0.03558607026934624,0.43609005212783813,0.3492874801158905,-0.016944538801908493,0.4839378893375397,0.3810994029045105,-0.012851482257246971,0.48956525325775146,0.4120832681655884,-0.018605362623929977,0.4880638122558594,0.4067564606666565,-0.01765829138457775,0.4533570408821106,0.4087033271789551,-0.0032180827111005783,0.5034366846084595,0.39547234773635864,-0.0344102680683136,0.45219653844833374,0.34034430980682373,-0.027560994029045105,0.442403644323349,0.343793660402298,-0.02347976714372635,0.4214385747909546,0.31275612115859985,-0.007581330370157957,0.48418664932250977,0.34217262268066406,-0.02794538252055645,0.47233060002326965,0.34682607650756836,-0.014661666005849838,0.47845137119293213,0.4494081437587738,0.010793890804052353,0.4383874535560608,0.4425497353076935,0.060185134410858154,0.4947590231895447,0.4159018397331238,-0.014531577937304974,0.500266432762146,0.4173721671104431,-0.01328791119158268,0.484781414270401,0.4480828046798706,0.010539350099861622,0.4862409830093384,0.4481941759586334,0.009208994917571545,0.4378241002559662,0.33850914239883423,-0.022391563281416893,0.4891877770423889,0.4145522117614746,-0.014164188876748085,0.46588411927223206,0.33935174345970154,-0.02918609417974949,0.4636610150337219,0.3326963186264038,-0.03247269243001938,0.4483576714992523,0.2885599136352539,-0.032277852296829224,0.4305915832519531,0.3248886466026306,-0.016399597749114037,0.4574348032474518,0.30882447957992554,-0.03321694955229759,0.43111252784729004,0.34485185146331787,-0.013272365555167198,0.4239703416824341,0.33689773082733154,-0.0037377343978732824,0.5040256977081299,0.44313904643058777,-0.007235064636915922,0.49746179580688477,0.44486570358276367,-0.004279040731489658,0.49254491925239563,0.4462226629257202,-0.0001761620515026152,0.496211975812912,0.4167792499065399,-0.012629532255232334,0.48553210496902466,0.448140025138855,0.009830881841480732,0.4889698922634125,0.45048585534095764,0.007833057083189487,0.4869633913040161,0.4482788145542145,0.009113180451095104,0.49860233068466187,0.41449490189552307,-0.024112896993756294,0.49471619725227356,0.44858402013778687,0.003514788579195738,0.49962249398231506,0.4485710859298706,0.0011864147381857038,0.5053763389587402,0.4483017325401306,-0.00024151270918082446,0.5079676508903503,0.4694986641407013,0.012038973160088062,0.5057576298713684,0.46070727705955505,0.003859443822875619,0.5054565072059631,0.4563283920288086,0.0016554908361285925,0.5053583979606628,0.45209354162216187,0.0018558087758719921,0.5053718686103821,0.44852423667907715,0.0012537776492536068,0.494742214679718,0.4487727880477905,0.004629580304026604,0.4939473271369934,0.45051130652427673,0.004840387962758541,0.4930894076824188,0.4528389573097229,0.004839408677071333,0.4924856722354889,0.4554407000541687,0.00640057073906064,0.48501938581466675,0.4362356662750244,-0.0016188183799386024,0.4222712218761444,0.40100347995758057,0.0565677210688591,0.5118491649627686,0.4180941581726074,-0.01846166141331196,0.49102362990379333,0.4485595226287842,0.007243684493005276,0.48999494314193726,0.4494471251964569,0.007477955427020788,0.5028645396232605,0.4200674295425415,-0.012149583548307419,0.4913505017757416,0.41822585463523865,-0.007628655526787043,0.5016272664070129,0.4187605381011963,-0.013026485219597816,0.47784990072250366,0.38699761033058167,-0.010198589414358139,0.46795424818992615,0.3955111503601074,-0.00850558839738369,0.4870314300060272,0.4097612500190735,-0.013284001499414444,0.43174904584884644,0.29952502250671387,-0.021389340981841087,0.4411771893501282,0.3152214586734772,-0.02583569847047329,0.44881197810173035,0.33379578590393066,-0.02864534594118595,0.49105605483055115,0.46223264932632446,0.011822856031358242,0.4805563688278198,0.3318258225917816,-0.03333913907408714,0.4738791882991791,0.30439502000808716,-0.03616974875330925,0.46636125445365906,0.2806762158870697,-0.03711347281932831,0.45224347710609436,0.3677615821361542,-0.008822443895041943,0.43670183420181274,0.3798758387565613,0.000711390282958746,0.4799406826496124,0.35916975140571594,-0.009518717415630817,0.4399496018886566,0.35682815313339233,-0.010062973015010357,0.48802658915519714,0.3753276765346527,-0.015818428248167038,0.49383294582366943,0.4098997712135315,-0.025170372799038887,0.4306613802909851,0.3870495855808258,0.00833189208060503,0.4430246353149414,0.38618719577789307,-0.0028043605852872133,0.4530770480632782,0.3887379467487335,-0.006694071926176548,0.46640467643737793,0.38434168696403503,-0.008251681923866272,0.4753116965293884,0.37835589051246643,-0.00917611364275217,0.4814114570617676,0.3734051287174225,-0.011075244285166264,0.49632880091667175,0.36397209763526917,-0.024554027244448662,0.4351541996002197,0.4054780602455139,0.01119702123105526,0.4342430830001831,0.35688382387161255,-0.008609121665358543,0.509091854095459,0.4177547097206116,-0.027820909395813942,0.4864460527896881,0.3907327950000763,-0.013023375533521175,0.4143950343132019,0.363014280796051,0.04040014371275902,0.4860851764678955,0.3687130808830261,-0.012712911702692509,0.4856988787651062,0.4090786576271057,-0.006703635677695274,0.44424909353256226,0.3600007891654968,-0.0062278397381305695,0.4921300411224365,0.4032864570617676,-0.023975729942321777,0.428813636302948,0.42148974537849426,0.05986066162586212,0.47860461473464966,0.3561185300350189,-0.009045971557497978,0.4976460039615631,0.39873963594436646,-0.030585771426558495,0.46186429262161255,0.46594440937042236,0.0347459502518177,0.46178215742111206,0.4721958041191101,0.047911692410707474,0.42626750469207764,0.40494656562805176,0.0336829274892807,0.45043107867240906,0.4552033543586731,0.038265030831098557,0.4210711121559143,0.35092371702194214,0.00964957196265459,0.4946180582046509,0.48980700969696045,0.026617247611284256,0.5091944336891174,0.41845226287841797,-0.018334664404392242,0.48125070333480835,0.3976632058620453,-0.009673708118498325,0.4281361699104309,0.3686397969722748,0.006071926560252905,0.4585634469985962,0.3626244068145752,-0.010895061306655407,0.46463361382484436,0.3615551292896271,-0.011719181202352047,0.48809710144996643,0.45169517397880554,0.008961275219917297,0.43926936388015747,0.42197874188423157,0.0184540506452322,0.5068970918655396,0.4972325563430786,0.03227301314473152,0.4854588210582733,0.4888075292110443,0.038427285850048065,0.4750225245952606,0.48218366503715515,0.04241577535867691,0.49213898181915283,0.299724817276001,-0.03538602590560913,0.5194147825241089,0.49527522921562195,0.03268769010901451,0.4698530435562134,0.35944271087646484,-0.011482090689241886,0.47459837794303894,0.3572494685649872,-0.010363352485001087,0.47752314805984497,0.35641464591026306,-0.00917835347354412,0.428804486989975,0.354499489068985,-0.003413842525333166,0.4717176556587219,0.35142090916633606,-0.013022073544561863,0.4653720557689667,0.35030487179756165,-0.015019762329757214,0.45928695797920227,0.35133442282676697,-0.015386069193482399,0.45361292362213135,0.3536914885044098,-0.014198647812008858,0.45026713609695435,0.3560730218887329,-0.01213289238512516,0.41346651315689087,0.3437052071094513,0.024666616693139076,0.45397713780403137,0.3622210621833801,-0.009610478766262531,0.5117258429527283,0.4249986410140991,-0.0099165765568614,0.4909954071044922,0.4310567080974579,-0.005521715618669987,0.49493786692619324,0.41519874334335327,-0.01758744567632675,0.5031647086143494,0.4273742139339447,-0.010180475190281868,0.49975892901420593,0.3479953110218048,-0.024790078401565552,0.4733436107635498,0.47550177574157715,0.03315809741616249,0.48368600010871887,0.48270565271377563,0.030526718124747276,0.5067302584648132,0.4935764670372009,0.023584244772791862,0.4499015808105469,0.4596846103668213,0.05480564385652542,0.4763519763946533,0.35423606634140015,-0.010860750451683998,0.49451714754104614,0.37960848212242126,-0.023303408175706863,0.5195877552032471,0.4915345311164856,0.024251125752925873,0.4960070550441742,0.49444907903671265,0.03411950170993805,0.43190914392471313,0.4231922924518585,0.038378190249204636,0.49964267015457153,0.44880038499832153,0.0025312325451523066,0.4990837275981903,0.4516157805919647,0.00285158958286047,0.49874722957611084,0.4550763964653015,0.0028301591519266367,0.49871593713760376,0.4591274857521057,0.004642175510525703,0.4988323748111725,0.46713733673095703,0.011000998318195343,0.4897701144218445,0.44781991839408875,0.005322340410202742,0.48861855268478394,0.4472293257713318,0.004892516415566206,0.48765212297439575,0.4465813636779785,0.004330032039433718,0.480543315410614,0.44248563051223755,0.003649319987744093,0.45048099756240845,0.42695528268814087,0.007970742881298065,0.4921669363975525,0.3691187798976898,-0.019816875457763672,0.484086275100708,0.35124945640563965,-0.013930772431194782,0.4791124761104584,0.35179975628852844,-0.012227808125317097,0.4909687638282776,0.4484367370605469,0.006559531204402447,0.4525896906852722,0.445295125246048,0.02326560765504837,0.49119678139686584,0.35200321674346924,-0.021284552291035652,0.49640101194381714,0.47437918186187744,0.016371171921491623,0.5068912506103516,0.3823947310447693,-0.03226122260093689,0.49905839562416077,0.3750671148300171,-0.028398780152201653,0.5047346353530884,0.3720356523990631,-0.0293390154838562,0.491889625787735,0.39408838748931885,-0.020288463681936264,0.5189368724822998,0.4846433103084564,0.018577244132757187,0.517629086971283,0.4756583273410797,0.015965981408953667,0.5073168277740479,0.4774811565876007,0.015816235914826393,0.4789765179157257,0.4608309268951416,0.016608716920018196,0.4809413254261017,0.41680073738098145,-0.0043499283492565155,0.48709964752197266,0.4686059355735779,0.017118943855166435,0.4652969539165497,0.4190640449523926,-0.0038055526092648506,0.4762287735939026,0.4266987442970276,-0.0017865750705823302,0.46153101325035095,0.43277591466903687,0.004103429149836302,0.5068223476409912,0.4865928292274475,0.01824766956269741,0.4881064295768738,0.3983859121799469,-0.014834728091955185,0.47444048523902893,0.46761375665664673,0.023718442767858505,0.48457252979278564,0.47544392943382263,0.02371014654636383,0.47221195697784424,0.4517572820186615,0.013183574192225933,0.4436073303222656,0.43532323837280273,0.025196364149451256,0.4636237919330597,0.4540555477142334,0.018660342320799828,0.4393084645271301,0.43980470299720764,0.04126282408833504,0.47256749868392944,0.43767502903938293,0.0031784214079380035,0.4904347062110901,0.38498854637145996,-0.017821719869971275,0.4965802729129791,0.4136649966239929,-0.02589171938598156,0.4920707046985626,0.4148653745651245,-0.018353713676333427,0.4993944764137268,0.40854400396347046,-0.03096037730574608,0.47775721549987793,0.3460417687892914,-0.018266193568706512,0.46573206782341003,0.3436172604560852,-0.021564869210124016,0.45544877648353577,0.3444678783416748,-0.02212854102253914,0.4473070204257965,0.3472939729690552,-0.0200433898717165,0.44208577275276184,0.35131847858428955,-0.0162778552621603,0.43991872668266296,0.36360660195350647,-0.0038975102361291647,0.4220331013202667,0.38667434453964233,0.027270840480923653,0.44805729389190674,0.3754633367061615,-0.005222250707447529,0.45618653297424316,0.3772681951522827,-0.007689714431762695,0.4656430184841156,0.37482401728630066,-0.009049997664988041,0.47368481755256653,0.3706044852733612,-0.00946458987891674,0.47941842675209045,0.36682918667793274,-0.00970566738396883,0.4834239184856415,0.36395812034606934,-0.010177424177527428,0.4178098440170288,0.38161689043045044,0.05028421804308891,0.49199584126472473,0.41609418392181396,-0.01472428347915411,0.49652495980262756,0.38891372084617615,-0.02606649324297905,0.5020082592964172,0.4143749177455902,-0.029848072677850723,0.5050239562988281,0.41690847277641296,-0.0257424246519804,0.5014828443527222,0.41501715779304504,-0.02655719965696335,0.49360594153404236,0.4176190197467804,-0.011547477915883064,0.5068151950836182,0.41765594482421875,-0.027097048237919807,0.5069099068641663,0.41839516162872314,-0.018857402727007866,0.4814676344394684,0.356702595949173,-0.009302638471126556,0.4862060546875,0.3593028485774994,-0.011988867074251175,0.48930302262306213,0.3619619607925415,-0.01555489283055067,0.4483368992805481,0.35778358578681946,-0.00997697189450264,0.4436918795108795,0.3560038208961487,-0.010561403818428516,0.5119785070419312,0.38173043727874756,-0.029037071391940117,0.5376327633857727,0.33600836992263794,0.003951352089643478,0.5172335505485535,0.41364553570747375,-0.018087681382894516,0.5524176955223083,0.2898731827735901,0.027118029072880745,0.5212194919586182,0.3495769500732422,-0.003190718125551939,0.527594268321991,0.34813687205314636,-0.0018552562687546015,0.5336141586303711,0.3460661768913269,0.0004505590768530965,0.5399726033210754,0.3381664752960205,0.006063790991902351,0.5160297751426697,0.3496103882789612,-0.0038641353603452444,0.5301781892776489,0.32618340849876404,-0.00848893541842699,0.5228914618492126,0.32919275760650635,-0.009834378026425838,0.5364326238632202,0.3253247141838074,-0.005292738322168589,0.5400490760803223,0.32660579681396484,-0.0018536135321483016,0.5455475449562073,0.3423329293727875,0.010815205052495003,0.5374099612236023,0.4683115482330322,0.02644946426153183,0.5393953919410706,0.3331335186958313,0.005816505756229162,0.5604676008224487,0.3277128338813782,0.03977833315730095,0.5502306222915649,0.3337987959384918,0.016303209587931633,0.5360642075538635,0.3882957398891449,0.0003516048309393227,0.5179492831230164,0.4354279935359955,-0.006852810271084309,0.5179033279418945,0.4428243041038513,-0.0022535796742886305,0.5240795612335205,0.435109406709671,-0.0015315613709390163,0.5279074311256409,0.43522465229034424,0.004690590314567089,0.5227606296539307,0.44066309928894043,0.0011675286805257201,0.5262753367424011,0.4390091001987457,0.0065508512780070305,0.5385686755180359,0.4396207630634308,0.019978949800133705,0.5171080827713013,0.41182398796081543,-0.030795302242040634,0.5170438289642334,0.403669536113739,-0.03429451212286949,0.5483077168464661,0.31811022758483887,-0.0018789598252624273,0.5206325650215149,0.3702869415283203,-0.007529877591878176,0.5277172327041626,0.40076568722724915,-0.013685988262295723,0.5268672108650208,0.3953240215778351,-0.012586968950927258,0.5524904727935791,0.3792548179626465,0.010212850756943226,0.5145596265792847,0.39213377237319946,-0.03276333585381508,0.5364323258399963,0.3167576491832733,-0.016994623467326164,0.5438683032989502,0.31569385528564453,-0.010336954146623611,0.5467214584350586,0.2782321572303772,0.010063866153359413,0.5110379457473755,0.3334486186504364,-0.024404849857091904,0.5166910886764526,0.3340655267238617,-0.008213297463953495,0.5418824553489685,0.43012261390686035,0.019938889890909195,0.5603579878807068,0.4052685499191284,0.0783921405673027,0.5240268707275391,0.4071666896343231,-0.010885556228458881,0.5200145840644836,0.4116164743900299,-0.011437454260885715,0.5326677560806274,0.43556731939315796,0.018412331119179726,0.5314605832099915,0.43638983368873596,0.016138214617967606,0.5457536578178406,0.30884402990341187,-0.00842707883566618,0.5276951789855957,0.4032425880432129,-0.009346718899905682,0.5256607532501221,0.3218647539615631,-0.02195710688829422,0.5264231562614441,0.3145866394042969,-0.02503778785467148,0.523848295211792,0.2680956721305847,-0.022248737514019012,0.5459956526756287,0.2922140061855316,-0.0010147630237042904,0.5239669680595398,0.29016199707984924,-0.024724692106246948,0.5500841736793518,0.3122565746307373,0.0028088665567338467,0.5519235134124756,0.30059579014778137,0.013641316443681717,0.5181201696395874,0.43940627574920654,-0.005210283678025007,0.5234997272491455,0.43798336386680603,-0.0003251509042456746,0.5271725058555603,0.4370735287666321,0.005140309222042561,0.5228373408317566,0.40887564420700073,-0.009661194868385792,0.532046377658844,0.43599167466163635,0.017112119123339653,0.5301531553268433,0.43943914771080017,0.013924805447459221,0.5308346152305603,0.43683138489723206,0.015856442973017693,0.5221077799797058,0.4072974920272827,-0.020731912925839424,0.5254440307617188,0.44056153297424316,0.008196653798222542,0.5219429135322571,0.4426838755607605,0.00465058209374547,0.5174305438995361,0.4450682997703552,0.0016937715699896216,0.5240935683250427,0.46440741419792175,0.013898788020014763,0.5200110077857971,0.4565226435661316,0.005833314266055822,0.5193262696266174,0.452289342880249,0.003754305886104703,0.5184022188186646,0.4483734369277954,0.0038941719103604555,0.5173713564872742,0.4451679587364197,0.0032009759452193975,0.5253623127937317,0.44056689739227295,0.009303304366767406,0.5266085863113403,0.4416120946407318,0.009492466226220131,0.5278795957565308,0.44315534830093384,0.009655419737100601,0.5289230942726135,0.4451339840888977,0.011572949588298798,0.5351749658584595,0.421295702457428,0.005112614016979933,0.5609616041183472,0.36044469475746155,0.0767206996679306,0.5279306173324585,0.4388441741466522,0.013128857128322124,0.5290706753730774,0.43906083703041077,0.013352813199162483,0.5185014605522156,0.41562995314598083,-0.010317112319171429,0.526249885559082,0.40806230902671814,-0.003826102940365672,0.5192436575889587,0.41372308135032654,-0.011237080208957195,0.5268943905830383,0.37258079648017883,-0.0030908577609807253,0.5376628041267395,0.3749455511569977,0.0010940784122794867,0.5277483463287354,0.3978346884250641,-0.008062017150223255,0.5379161238670349,0.27053573727607727,-0.006989373359829187,0.5371387600898743,0.28819984197616577,-0.013456489890813828,0.5376657843589783,0.3090243637561798,-0.017555100843310356,0.5352237224578857,0.44833242893218994,0.017886199057102203,0.5125036239624023,0.32212695479393005,-0.029554154723882675,0.5095335245132446,0.29438385367393494,-0.031736820936203,0.507696270942688,0.2694912552833557,-0.032041389495134354,0.5379505157470703,0.3425084948539734,0.0035576880909502506,0.5519782304763794,0.34606802463531494,0.016426531597971916,0.5128384828567505,0.3489992618560791,-0.003904111450538039,0.5452960729598999,0.3272271454334259,0.004345814697444439,0.5163056254386902,0.36693909764289856,-0.011539597995579243,0.525030255317688,0.400576114654541,-0.021154645830392838,0.5608322024345398,0.34894445538520813,0.026082318276166916,0.5503076314926147,0.35442131757736206,0.011952141299843788,0.5444418787956238,0.361397922039032,0.005888528190553188,0.5330992937088013,0.36437731981277466,0.0013638898963108659,0.5240612030029297,0.36373236775398254,-0.0018463876331225038,0.5178399085998535,0.36233624815940857,-0.005540093872696161,0.5081076622009277,0.3604791760444641,-0.022744953632354736,0.5628002285957336,0.36773234605789185,0.028863664716482162,0.5493654012680054,0.3244969844818115,0.007207399699836969,0.5152796506881714,0.4157550036907196,-0.02694762870669365,0.5219725966453552,0.38031524419784546,-0.007923410274088383,0.5584824681282043,0.32214561104774475,0.06120152771472931,0.5132884979248047,0.36014559864997864,-0.008393717929720879,0.5275278687477112,0.3968697488307953,-0.0015012724325060844,0.5416853427886963,0.3325958251953125,0.007418222725391388,0.5237870216369629,0.39393338561058044,-0.01987769454717636,0.5614491105079651,0.3817966878414154,0.07924211770296097,0.5123206377029419,0.34575143456459045,-0.003192516742274165,0.5193825960159302,0.39222875237464905,-0.027636365965008736,0.5554231405258179,0.4362673759460449,0.04784785956144333,0.5539335012435913,0.44259393215179443,0.061660438776016235,0.5648345351219177,0.3639625012874603,0.052933938801288605,0.5603158473968506,0.4211970567703247,0.0537165142595768,0.5562006831169128,0.31250816583633423,0.028143469244241714,0.5387672781944275,0.4748201370239258,0.03281233832240105,0.5142763257026672,0.41688108444213867,-0.01777682453393936,0.5275856256484985,0.3840749263763428,-0.003405489958822727,0.5534487962722778,0.33316564559936523,0.02354053407907486,0.5322628617286682,0.34068232774734497,-1.8359631212661043e-05,0.5269491672515869,0.3429583013057709,-0.0021055294200778008,0.5311297178268433,0.4400707483291626,0.015509446151554585,0.5632778406143188,0.3849407136440277,0.03551805391907692,0.530276894569397,0.4892333447933197,0.035800475627183914,0.5428317189216614,0.4692441523075104,0.04727606475353241,0.5479012727737427,0.45787736773490906,0.0535656176507473,0.5214865207672119,0.3441420793533325,-0.003276192583143711,0.5164387822151184,0.34478533267974854,-0.0033375504426658154,0.5135090947151184,0.3455428183078766,-0.0028647235594689846,0.5516340136528015,0.32043230533599854,0.013580238446593285,0.517256498336792,0.338738352060318,-0.005753201898187399,0.5225927829742432,0.33500194549560547,-0.00655593816190958,0.5283523201942444,0.3328500986099243,-0.0055560460314154625,0.5336189866065979,0.33209967613220215,-0.0030256235040724277,0.5366677641868591,0.3324894309043884,-0.00017215807747561485,0.5562115907669067,0.30365878343582153,0.0451652817428112,0.5355379581451416,0.33827000856399536,0.0022080540657043457,0.5297608971595764,0.41965818405151367,-0.00037460244493559003,0.5242033004760742,0.4064066708087921,-0.014107641763985157,0.5199195146560669,0.42248499393463135,-0.008026626892387867,0.549568772315979,0.450586199760437,0.04375899210572243,0.5442533493041992,0.462424099445343,0.038873497396707535,0.5308449268341064,0.4853592813014984,0.02695038914680481,0.557830274105072,0.4259415864944458,0.07110215723514557,0.5138956904411316,0.3430533707141876,-0.004376992583274841,0.5143904685974121,0.3737167418003082,-0.020421303808689117,0.5374663472175598,0.48019087314605713,0.040620919317007065,0.5648875832557678,0.3833076059818268,0.056842140853405,0.5218780040740967,0.44271236658096313,0.00602353410795331,0.5231767892837524,0.4448634386062622,0.006425888743251562,0.5243310332298279,0.4477342963218689,0.006571704987436533,0.5252945423126221,0.45133936405181885,0.008531679399311543,0.530685305595398,0.45699331164360046,0.01537302602082491,0.5289523601531982,0.4375878572463989,0.011471228674054146,0.529849112033844,0.43641114234924316,0.011618123389780521,0.5305963754653931,0.4353063702583313,0.011512490920722485,0.5394530892372131,0.4247936010360718,0.012098237872123718,0.5580818057060242,0.3946651220321655,0.0224482212215662,0.5120810866355896,0.3632543385028839,-0.016779620200395584,0.5091849565505981,0.34311649203300476,-0.010117660276591778,0.5118129849433899,0.3417535722255707,-0.006775843445211649,0.5279518961906433,0.43884778022766113,0.012489164248108864,0.5589672923088074,0.4127732217311859,0.03783218935132027,0.5064852237701416,0.34669193625450134,-0.01901189051568508,0.5341911315917969,0.462032288312912,0.02126583829522133,0.5102505683898926,0.37171411514282227,-0.02686789445579052,0.5203114151954651,0.3857513666152954,-0.016527429223060608,0.5267066955566406,0.47111785411834717,0.018158044666051865,0.5437707901000977,0.4404274523258209,0.025286760181188583,0.5331876277923584,0.40133050084114075,0.0022086836397647858,0.5394818782806396,0.4517303705215454,0.02390812337398529,0.5465789437294006,0.3947516679763794,0.006609313189983368,0.5396385788917542,0.40771880745887756,0.006452612578868866,0.552001416683197,0.405398428440094,0.015982449054718018,0.5295783281326294,0.4790138006210327,0.02136756107211113,0.5233548879623413,0.3880860507488251,-0.010157892480492592,0.5483183264732361,0.4438352584838867,0.03372778370976448,0.542847752571106,0.45627036690711975,0.03136419504880905,0.5473558902740479,0.42864108085632324,0.02375704236328602,0.5625485181808472,0.39940738677978516,0.041493501514196396,0.553697943687439,0.4260174036026001,0.03090503066778183,0.5636556148529053,0.4020279347896576,0.05882759764790535,0.5447088479995728,0.4159344434738159,0.012952502816915512,0.5180817246437073,0.3768492043018341,-0.013750340789556503,0.5238579511642456,0.4053633213043213,-0.02223506197333336,0.5265260934829712,0.40457603335380554,-0.014193320646882057,0.5213912725448608,0.401833176612854,-0.0280466191470623,0.5137970447540283,0.33473148941993713,-0.013036112301051617,0.5239383578300476,0.32668086886405945,-0.01387058850377798,0.5329883694648743,0.3228225111961365,-0.01204679999500513,0.5399243831634521,0.32176071405410767,-0.007878763601183891,0.5439237356185913,0.3231407105922699,-0.00269312527962029,0.5454809069633484,0.33353590965270996,0.010647213086485863,0.5633910894393921,0.3454742133617401,0.04697846248745918,0.5434095859527588,0.34754103422164917,0.008105456829071045,0.5383127927780151,0.35278749465942383,0.003917829133570194,0.5302048325538635,0.355520099401474,0.0005019637173973024,0.5222212672233582,0.3560890257358551,-0.001920910319313407,0.5163444876670837,0.35564640164375305,-0.003998499363660812,0.512527346611023,0.3548804819583893,-0.00551039120182395,0.5595244765281677,0.34090501070022583,0.07099387794733047,0.5261402130126953,0.40596070885658264,-0.010651539079844952,0.516438901424408,0.3829924762248993,-0.023127270862460136,0.5206072330474854,0.4085014760494232,-0.027524864301085472,0.5177715420722961,0.4127900004386902,-0.02436823956668377,0.5203402042388916,0.4090966582298279,-0.024168528616428375,0.5248218774795532,0.40844279527664185,-0.008114224299788475,0.5169520378112793,0.4143763780593872,-0.02597939781844616,0.5160090327262878,0.41551530361175537,-0.017922811210155487,0.5108049511909485,0.3474331498146057,-0.004436084534972906,0.5092929601669312,0.3518279790878296,-0.008291208185255527,0.5093532204627991,0.35531654953956604,-0.012483714148402214,0.5383374094963074,0.33293217420578003,0.002492543077096343,0.5420719385147095,0.3285539746284485,0.0027094732504338026,0.4599279761314392,0.3571937084197998,-0.011155621148645878,0.46688112616539,0.35528939962387085,-0.011155621148645878,0.45850619673728943,0.34871363639831543,-0.011155621148645878,0.4529411494731903,0.35909295082092285,-0.011155621148645878,0.4613458812236786,0.36563873291015625,-0.011155621148645878,0.5245171785354614,0.33862578868865967,-0.0016103986417874694,0.5315337181091309,0.3362661600112915,-0.0016103986417874694,0.5231932997703552,0.3308066129684448,-0.0016103986417874694,0.5175351500511169,0.3409128487110138,-0.0016103986417874694,0.5259082317352295,0.3464280664920807,-0.0016103986417874694
4266.666666666672,0.5053406953811646,0.43390363454818726,-0.00852944329380989,0.503357470035553,0.41183042526245117,-0.03160537779331207,0.5023781657218933,0.41614583134651184,-0.01322091929614544,0.49232375621795654,0.38164222240448,-0.030002065002918243,0.5022211074829102,0.40348997712135315,-0.035275883972644806,0.49980428814888,0.39061400294303894,-0.03504212573170662,0.4928310215473175,0.356850266456604,-0.025437790900468826,0.44228991866111755,0.357210636138916,-0.006862542126327753,0.4886924922466278,0.3343127965927124,-0.026072489097714424,0.4868850111961365,0.3226664960384369,-0.030242566019296646,0.4775908291339874,0.27091312408447266,-0.033531032502651215,0.505631148815155,0.43714699149131775,-0.006920655257999897,0.505744993686676,0.4405099153518677,-0.004381784703582525,0.5056577324867249,0.4427747130393982,-0.00032436969922855496,0.5055084824562073,0.44307029247283936,0.00043171303695999086,0.5061950087547302,0.44708698987960815,0.0010211606277152896,0.5067628026008606,0.45169979333877563,0.0005346721154637635,0.507075309753418,0.4561736583709717,0.0023818756453692913,0.5081793069839478,0.46034377813339233,0.009650072082877159,0.5033660531044006,0.4149494767189026,-0.027630582451820374,0.4958983063697815,0.4150133430957794,-0.01940208487212658,0.4072163701057434,0.32381218671798706,0.009956195019185543,0.46312424540519714,0.3606650233268738,-0.009934069588780403,0.4569292366504669,0.3631836473941803,-0.010161885991692543,0.4503028392791748,0.36477410793304443,-0.009266238659620285,0.4399278163909912,0.36047402024269104,-0.005573386326432228,0.4680180549621582,0.3577651083469391,-0.008941943757236004,0.4488588571548462,0.34168174862861633,-0.01682882383465767,0.45662713050842285,0.34083518385887146,-0.016093721613287926,0.4422767758369446,0.3444802463054657,-0.015172820538282394,0.43833446502685547,0.3481205701828003,-0.012651053257286549,0.43522706627845764,0.3677912950515747,-0.0019107213011011481,0.4875481426715851,0.47635695338249207,0.017794666811823845,0.43887320160865784,0.35487619042396545,-0.0055559491738677025,0.4120278060436249,0.3639161288738251,0.0221084151417017,0.42603781819343567,0.36277252435684204,0.0020164235029369593,0.4659039378166199,0.402556449174881,-0.007430865429341793,0.49753549695014954,0.4341493546962738,-0.008988921530544758,0.4987114667892456,0.4417397081851959,-0.004358483478426933,0.4899052083492279,0.4377889335155487,-0.005915150046348572,0.48471367359161377,0.44044288992881775,-0.0013864816864952445,0.492340624332428,0.4426124691963196,-0.002683964092284441,0.4872993230819702,0.44320395588874817,0.001318138325586915,0.4764408767223358,0.45068350434303284,0.011281435377895832,0.4980941116809845,0.41288599371910095,-0.03162892907857895,0.4962417781352997,0.4048641324043274,-0.03517666459083557,0.4290083646774292,0.34504014253616333,-0.014806161634624004,0.47525131702423096,0.3771149516105652,-0.012081689201295376,0.4804878830909729,0.40896177291870117,-0.01830385811626911,0.4790987968444824,0.40335047245025635,-0.017299318686127663,0.44527098536491394,0.4043036699295044,-0.0025832708925008774,0.4941999614238739,0.3927227258682251,-0.03381793946027756,0.44483569264411926,0.33607447147369385,-0.02535335160791874,0.43533268570899963,0.3395203649997711,-0.02123267948627472,0.41261589527130127,0.3087654113769531,-0.004708875901997089,0.47538426518440247,0.3382323980331421,-0.026075800880789757,0.46363407373428345,0.34258976578712463,-0.01303156092762947,0.4703446328639984,0.4444047510623932,0.010101109743118286,0.431692510843277,0.43876802921295166,0.05892137438058853,0.48556429147720337,0.41293269395828247,-0.014388153329491615,0.4910532534122467,0.4144180417060852,-0.013340847566723824,0.4777810573577881,0.4439213275909424,0.00994909554719925,0.47940608859062195,0.443952739238739,0.008619843050837517,0.43097689747810364,0.3343355059623718,-0.01993979886174202,0.48006510734558105,0.4112122654914856,-0.01398400031030178,0.4579527974128723,0.3352011442184448,-0.027057694271206856,0.455975204706192,0.32868286967277527,-0.0301568191498518,0.4390593469142914,0.2848515510559082,-0.029034102335572243,0.4217544198036194,0.320977121591568,-0.01368199847638607,0.4480759799480438,0.305105596780777,-0.030418334528803825,0.4241048991680145,0.340645968914032,-0.01098867878317833,0.41552475094795227,0.3329150676727295,-0.0013021300546824932,0.4980592131614685,0.4382634162902832,-0.00735892029479146,0.49113553762435913,0.44032248854637146,-0.004425602499395609,0.48598411679267883,0.4418439269065857,-0.00043551530689001083,0.4869827628135681,0.413698673248291,-0.012575944885611534,0.4786263108253479,0.443941205739975,0.009242952801287174,0.48204347491264343,0.44615638256073,0.006879898253828287,0.4801904857158661,0.44399258494377136,0.00850161537528038,0.48948946595191956,0.4120503067970276,-0.023839078843593597,0.4882413148880005,0.44422808289527893,0.003138231113553047,0.49328485131263733,0.44416287541389465,0.0008832658058963716,0.49920883774757385,0.44380417466163635,-0.0005584292230196297,0.4999615252017975,0.46220868825912476,0.009068348444998264,0.49916335940361023,0.45730799436569214,0.0017271446995437145,0.49906834959983826,0.4527476727962494,8.877273103280459e-06,0.4990525543689728,0.4480132460594177,0.0006015822291374207,0.4990938603878021,0.4441353678703308,0.00018025918689090759,0.4881223440170288,0.4443029463291168,0.0037226248532533646,0.4872109889984131,0.44618475437164307,0.003726711729541421,0.4861789047718048,0.4486306309700012,0.0035068823490291834,0.4853458106517792,0.45125800371170044,0.004917871672660112,0.476533979177475,0.43220582604408264,-0.0018077722052112222,0.4154629707336426,0.3971526324748993,0.05654105544090271,0.5029553174972534,0.415657103061676,-0.01852552965283394,0.4843218922615051,0.44408294558525085,0.006448478437960148,0.48321732878685,0.4450538456439972,0.006562456022948027,0.4938366413116455,0.4170288145542145,-0.01232980377972126,0.48228925466537476,0.4146990180015564,-0.007697223220020533,0.4924921691417694,0.41576939821243286,-0.013126574456691742,0.46932220458984375,0.38294363021850586,-0.009504242800176144,0.4596361517906189,0.39132121205329895,-0.007838068529963493,0.4780745208263397,0.40620753169059753,-0.013031472451984882,0.42266401648521423,0.2956429719924927,-0.018253300338983536,0.4320511817932129,0.311360627412796,-0.023013805970549583,0.441691130399704,0.32966795563697815,-0.026199808344244957,0.483167439699173,0.455965518951416,0.010018637403845787,0.47214528918266296,0.3279770612716675,-0.031174978241324425,0.46427637338638306,0.30075761675834656,-0.0334799662232399,0.4567728042602539,0.27703332901000977,-0.03390805795788765,0.44401243329048157,0.36389127373695374,-0.007386387791484594,0.4287039339542389,0.3755662441253662,0.002059985650703311,0.4709429442882538,0.35545140504837036,-0.008264106698334217,0.4323829412460327,0.35252922773361206,-0.00824764370918274,0.4791783392429352,0.37137913703918457,-0.014959335327148438,0.48480409383773804,0.40717801451683044,-0.024794718250632286,0.42297130823135376,0.3828411102294922,0.009564933367073536,0.4350203573703766,0.38193923234939575,-0.0016292217187583447,0.44486719369888306,0.38455331325531006,-0.005662685725837946,0.4577435255050659,0.3803069293498993,-0.007323501631617546,0.46629810333251953,0.374421626329422,-0.008281114511191845,0.47219422459602356,0.36956894397735596,-0.010148401372134686,0.4870189428329468,0.3601490557193756,-0.02347017265856266,0.427551805973053,0.40122419595718384,0.012010535225272179,0.42677050828933716,0.35253867506980896,-0.0066866143606603146,0.500041663646698,0.4155946969985962,-0.027686379849910736,0.47769442200660706,0.3869333863258362,-0.01244422234594822,0.4069555699825287,0.35880184173583984,0.04162757471203804,0.47680366039276123,0.36498963832855225,-0.011704263277351856,0.4768262207508087,0.4053334593772888,-0.006561145186424255,0.43636471033096313,0.35573357343673706,-0.004589917603880167,0.4831797480583191,0.40021923184394836,-0.02352244220674038,0.4221457242965698,0.41777652502059937,0.059215690940618515,0.4696566164493561,0.3524262011051178,-0.007672159466892481,0.4885881543159485,0.39584481716156006,-0.03004426509141922,0.45439720153808594,0.4613281488418579,0.03318396955728531,0.45488494634628296,0.46794363856315613,0.045730624347925186,0.41916197538375854,0.4008779227733612,0.03428052365779877,0.4430624544620514,0.4508841633796692,0.03718029707670212,0.4130295217037201,0.34678900241851807,0.01168940868228674,0.4874364733695984,0.4838547706604004,0.023372430354356766,0.5001943111419678,0.4160383641719818,-0.01838577538728714,0.4726240634918213,0.39375272393226624,-0.009223371744155884,0.4201301336288452,0.36426183581352234,0.007702107075601816,0.4502834677696228,0.35918256640434265,-0.009432079270482063,0.45613977313041687,0.35817113518714905,-0.010305308736860752,0.4809647798538208,0.44738292694091797,0.007984953001141548,0.4317033588886261,0.4178211987018585,0.018715891987085342,0.4997228682041168,0.49077409505844116,0.028275959193706512,0.4785330593585968,0.48379528522491455,0.03525489196181297,0.4680792987346649,0.47762331366539,0.03974401578307152,0.4822348356246948,0.29609888792037964,-0.032900355756282806,0.5119881629943848,0.4884476661682129,0.028479143977165222,0.46115121245384216,0.356002539396286,-0.010101156309247017,0.46577709913253784,0.3536738455295563,-0.008997321128845215,0.4686257243156433,0.35276728868484497,-0.007805549073964357,0.4212520122528076,0.35016998648643494,-0.0014361117500811815,0.46287208795547485,0.3472314774990082,-0.011446201242506504,0.456615149974823,0.3458752930164337,-0.013346901163458824,0.45071327686309814,0.34689271450042725,-0.013683866709470749,0.4452385902404785,0.34932854771614075,-0.012504030019044876,0.442056804895401,0.35179805755615234,-0.01045958697795868,0.405527263879776,0.33947429060935974,0.026576893404126167,0.44579774141311646,0.3585991859436035,-0.00809408724308014,0.503040611743927,0.42172059416770935,-0.010200833901762962,0.48238512873649597,0.427315890789032,-0.005728614050894976,0.4857673943042755,0.4124077558517456,-0.01738280989229679,0.4944075047969818,0.4239799380302429,-0.010448413901031017,0.490256667137146,0.3442598283290863,-0.023465899750590324,0.4660143554210663,0.4705790579319,0.030995694920420647,0.47649165987968445,0.47738030552864075,0.02778557315468788,0.4994053542613983,0.48701974749565125,0.019915584474802017,0.4431161880493164,0.4556596875190735,0.05308031290769577,0.4674777090549469,0.35039305686950684,-0.009393113665282726,0.48543447256088257,0.37601473927497864,-0.022482171654701233,0.5119944214820862,0.48452234268188477,0.020340315997600555,0.48902004957199097,0.4887464940547943,0.03050355613231659,0.42494291067123413,0.4191381633281708,0.038399334996938705,0.49318182468414307,0.444405734539032,0.0015583329368382692,0.49251919984817505,0.44744959473609924,0.0016651011537760496,0.4920048713684082,0.4511728882789612,0.0013209158787503839,0.4917418360710144,0.45533862709999084,0.0028284217696636915,0.4909477233886719,0.4603133499622345,0.00864079874008894,0.48314863443374634,0.4435393214225769,0.004920231178402901,0.48186761140823364,0.4429587721824646,0.004528106655925512,0.48073774576187134,0.4422924518585205,0.0040011778473854065,0.47215086221694946,0.4380407929420471,0.003363079158589244,0.44250261783599854,0.42265820503234863,0.008109541609883308,0.4831048250198364,0.3652414083480835,-0.01883857324719429,0.47499099373817444,0.3474583029747009,-0.012462399899959564,0.4701569378376007,0.34790748357772827,-0.010724805295467377,0.48436376452445984,0.44411852955818176,0.0060622962191700935,0.4447725713253021,0.4409432113170624,0.02268294431269169,0.4819810688495636,0.3482867181301117,-0.01990707963705063,0.4888686537742615,0.46794894337654114,0.013574949465692043,0.4974580705165863,0.37926217913627625,-0.03154391050338745,0.48974981904029846,0.37154000997543335,-0.02748487889766693,0.49524635076522827,0.36854082345962524,-0.02845894731581211,0.48303142189979553,0.39065244793891907,-0.019719673320651054,0.5110903382301331,0.47743090987205505,0.014897523447871208,0.5095139741897583,0.46826237440109253,0.012551830150187016,0.4995983839035034,0.4704560935497284,0.012536460533738136,0.4712684750556946,0.4554591476917267,0.015209149569272995,0.4723210334777832,0.41286832094192505,-0.0043664551340043545,0.4795966148376465,0.46272674202919006,0.01495046354830265,0.4570033848285675,0.4148530662059784,-0.0037338286638259888,0.46781566739082336,0.42259538173675537,-0.0019460254115983844,0.4532765746116638,0.4284666180610657,0.003945894539356232,0.4993206560611725,0.4798687696456909,0.014800854958593845,0.47930750250816345,0.3947799503803253,-0.014382152818143368,0.466925710439682,0.46240371465682983,0.022009413689374924,0.4772493839263916,0.46976998448371887,0.021264424547553062,0.4642547369003296,0.4468749165534973,0.0123789943754673,0.4360054135322571,0.4312061667442322,0.024975216016173363,0.45577552914619446,0.44928333163261414,0.017786381766200066,0.4322358965873718,0.4357151985168457,0.04071197658777237,0.46419793367385864,0.4332881569862366,0.0028987061232328415,0.48155656456947327,0.3812888264656067,-0.01712358184158802,0.48748940229415894,0.41118714213371277,-0.02555909752845764,0.48292815685272217,0.4119306802749634,-0.018130885437130928,0.4902828633785248,0.4061213433742523,-0.030530637130141258,0.46899425983428955,0.3420625925064087,-0.016536952927708626,0.4575118124485016,0.3394603133201599,-0.019659385085105896,0.4476887881755829,0.3402266502380371,-0.02019345946609974,0.4398531913757324,0.3430209159851074,-0.01810695230960846,0.4347180426120758,0.3470304012298584,-0.014369001612067223,0.4320736229419708,0.3592625558376312,-0.0022607087157666683,0.41465094685554504,0.3825489282608032,0.028392944484949112,0.4399469792842865,0.3713320195674896,-0.0039021435659378767,0.44786134362220764,0.37324029207229614,-0.006473675835877657,0.45698320865631104,0.37093478441238403,-0.00793083943426609,0.4647156596183777,0.3667748272418976,-0.008399680256843567,0.4702739417552948,0.3630181849002838,-0.008636032231152058,0.4741823673248291,0.36020445823669434,-0.00908545684069395,0.41072380542755127,0.37758538126945496,0.05090366676449776,0.4828256070613861,0.4129400849342346,-0.014578043483197689,0.48746126890182495,0.3856494128704071,-0.025380531325936317,0.4928588569164276,0.4121980667114258,-0.029551897197961807,0.4958615303039551,0.41462042927742004,-0.025595255196094513,0.4923395812511444,0.4127448499202728,-0.026306210085749626,0.48444366455078125,0.4143279790878296,-0.011523688212037086,0.49771106243133545,0.4154459238052368,-0.026957999914884567,0.497806191444397,0.4159349799156189,-0.018870828673243523,0.4724310636520386,0.3529823124408722,-0.007998914457857609,0.4769424498081207,0.35559093952178955,-0.010781598277390003,0.48001933097839355,0.3582996428012848,-0.01442700158804655,0.44023841619491577,0.3535595238208771,-0.00832915399223566,0.43597766757011414,0.3517114520072937,-0.00884183868765831,0.5024696588516235,0.3785538971424103,-0.0284111350774765,0.5286497473716736,0.33136600255966187,0.004451267421245575,0.5085365176200867,0.410907506942749,-0.0181573536247015,0.543046772480011,0.28460079431533813,0.028299551457166672,0.5127798318862915,0.3457798957824707,-0.0025886022485792637,0.519122838973999,0.3441397547721863,-0.0013571408344432712,0.5250232815742493,0.3417249917984009,0.0008799943025223911,0.5310676097869873,0.33344823122024536,0.006446405313909054,0.5074214339256287,0.34584492444992065,-0.00314166396856308,0.5203631520271301,0.3213559687137604,-0.007570810616016388,0.5131767988204956,0.32457810640335083,-0.0087460707873106,0.5266810059547424,0.320425808429718,-0.004523860290646553,0.5304980278015137,0.32172828912734985,-0.001178933889605105,0.5369138121604919,0.33741918206214905,0.01106260810047388,0.5293900370597839,0.4621070623397827,0.023020988330245018,0.5302714109420776,0.3282403349876404,0.006319120991975069,0.5516013503074646,0.32263603806495667,0.03974103927612305,0.541823148727417,0.3291359841823578,0.016601918265223503,0.5267347097396851,0.38392695784568787,2.8096712412661873e-05,0.5119051933288574,0.4302368760108948,-0.007099972106516361,0.5116196870803833,0.4382026493549347,-0.0025884495116770267,0.517693817615509,0.43008920550346375,-0.001945468713529408,0.5210708975791931,0.43046271800994873,0.0040711830370128155,0.5160607695579529,0.4361911416053772,0.0007471340359188616,0.5190991163253784,0.4347006678581238,0.0059453160502016544,0.5303863883018494,0.4332229495048523,0.01822519488632679,0.5080899000167847,0.4096694886684418,-0.030621757730841637,0.5077880620956421,0.4012742042541504,-0.03397270292043686,0.5386072993278503,0.31357747316360474,-0.0010372607503086329,0.5109522938728333,0.36630064249038696,-0.007156181149184704,0.5188199281692505,0.3972571790218353,-0.013725529424846172,0.5177744030952454,0.3916192054748535,-0.012583915144205093,0.5430673360824585,0.3742744028568268,0.00976130273193121,0.5051218867301941,0.3893548548221588,-0.032289665192365646,0.5258570909500122,0.31222230195999146,-0.01570856012403965,0.5336270332336426,0.311153769493103,-0.009254422970116138,0.5370917320251465,0.2731878161430359,0.011771542951464653,0.500566303730011,0.3295910060405731,-0.022839393466711044,0.5071668028831482,0.3298145532608032,-0.007099194452166557,0.533833384513855,0.42414209246635437,0.018557261675596237,0.5530538558959961,0.4006672501564026,0.07605735957622528,0.5153714418411255,0.40376126766204834,-0.011027795262634754,0.5114036798477173,0.4082406461238861,-0.011626825667917728,0.5249335169792175,0.43146026134490967,0.017274660989642143,0.5236260890960693,0.43231165409088135,0.01509274821728468,0.5356066226959229,0.3044847548007965,-0.007211312651634216,0.5189716815948486,0.39935821294784546,-0.009502536617219448,0.5149152874946594,0.3175952732563019,-0.020466387271881104,0.5154414772987366,0.3105539381504059,-0.023382015526294708,0.5135735273361206,0.26383528113365173,-0.019679853692650795,0.5362469553947449,0.28774306178092957,0.00033571996027603745,0.51373291015625,0.28617316484451294,-0.022675257176160812,0.5405818819999695,0.3079373836517334,0.0037088128738105297,0.5423962473869324,0.29596662521362305,0.014583421871066093,0.5119960308074951,0.4344789683818817,-0.005467699840664864,0.5169884562492371,0.43325746059417725,-0.0007326086051762104,0.5201893448829651,0.4325508773326874,0.004545842297375202,0.514245331287384,0.40533682703971863,-0.00983367394655943,0.5242537260055542,0.4319113790988922,0.016035377979278564,0.5226500034332275,0.4351586401462555,0.012589639984071255,0.5229383707046509,0.43275177478790283,0.014805043116211891,0.5132420063018799,0.4045976996421814,-0.020688530057668686,0.5181115865707397,0.43635135889053345,0.00753635261207819,0.5150962471961975,0.4383435547351837,0.0041478946805000305,0.5109788775444031,0.4406062066555023,0.0012672244338318706,0.5155999660491943,0.45708993077278137,0.010803615674376488,0.5138759613037109,0.4528160095214844,0.003606517566367984,0.5132215619087219,0.4484843313694,0.0020058765076100826,0.5121245980262756,0.4441935420036316,0.002548536751419306,0.5108590126037598,0.44078826904296875,0.002023334614932537,0.5179975628852844,0.4362044930458069,0.008115120232105255,0.5194187760353088,0.4372828006744385,0.00812574289739132,0.520876944065094,0.4388367831707001,0.008065998554229736,0.5220430493354797,0.4407143294811249,0.009790176525712013,0.526861846446991,0.416533499956131,0.004497557878494263,0.5529706478118896,0.355430006980896,0.0755043476819992,0.520179271697998,0.43455296754837036,0.011971065774559975,0.5214396715164185,0.43480393290519714,0.012082112953066826,0.5098571181297302,0.4122622013092041,-0.010639582760632038,0.5176343321800232,0.403952956199646,-0.0041535478085279465,0.5106227397918701,0.41035041213035583,-0.011471044272184372,0.5172411203384399,0.36842307448387146,-0.0029505372513085604,0.5280240178108215,0.37046465277671814,0.0009875722462311387,0.5187889337539673,0.39385637640953064,-0.00816578883677721,0.5279486179351807,0.265779972076416,-0.00480785733088851,0.527133047580719,0.2839072644710541,-0.011743190698325634,0.5269650220870972,0.30472975969314575,-0.016098320484161377,0.5269112586975098,0.44162213802337646,0.015681445598602295,0.5015795826911926,0.31835925579071045,-0.02772185578942299,0.4993446469306946,0.2906166911125183,-0.02943968027830124,0.49741336703300476,0.26560086011886597,-0.029187090694904327,0.5291889905929565,0.33795496821403503,0.003939952235668898,0.5438580513000488,0.3410334587097168,0.016464760527014732,0.5040499567985535,0.3452235460281372,-0.003102656453847885,0.5360488891601562,0.3225448727607727,0.00492160115391016,0.5066056251525879,0.3630490005016327,-0.011004187166690826,0.515954852104187,0.3976022005081177,-0.021057095378637314,0.5514144897460938,0.3440733551979065,0.025839393958449364,0.5419363975524902,0.34912917017936707,0.0119090024381876,0.5359485149383545,0.35604485869407654,0.005900820717215538,0.5245516300201416,0.35936662554740906,0.0015195717569440603,0.5154926180839539,0.3590003550052643,-0.0015221338253468275,0.5090954303741455,0.35775893926620483,-0.005027719307690859,0.49847713112831116,0.3566901981830597,-0.0218009352684021,0.5535191297531128,0.36278095841407776,0.02822936326265335,0.5403077602386475,0.319933146238327,0.007771638222038746,0.5064102411270142,0.4134838581085205,-0.02686937153339386,0.512501060962677,0.37642398476600647,-0.007717865519225597,0.5499359369277954,0.31671929359436035,0.06117131561040878,0.5042701959609985,0.35564514994621277,-0.007709326688200235,0.5185403823852539,0.3926757574081421,-0.001701109460555017,0.5325862169265747,0.3278445899486542,0.007868016138672829,0.514512300491333,0.39068055152893066,-0.019704492762684822,0.5537861585617065,0.37708941102027893,0.07742983102798462,0.5033581852912903,0.34207668900489807,-0.002310902113094926,0.5099759101867676,0.389265775680542,-0.027304312214255333,0.5480854511260986,0.43101561069488525,0.04517899453639984,0.5468932390213013,0.43774333596229553,0.05865209922194481,0.5561435222625732,0.3591366410255432,0.051936496049165726,0.5528814196586609,0.4161641001701355,0.051338549703359604,0.5469446182250977,0.30757489800453186,0.02860875055193901,0.5311444997787476,0.46879374980926514,0.029077164828777313,0.5054622888565063,0.41436463594436646,-0.017862847074866295,0.5182178616523743,0.37992238998413086,-0.00342317926697433,0.5456900000572205,0.3285727798938751,0.023702159523963928,0.5235461592674255,0.3366702198982239,0.0005243177874945104,0.518365204334259,0.3392619490623474,-0.001508729881606996,0.5237551927566528,0.4356984496116638,0.01411608699709177,0.5544840097427368,0.3800417482852936,0.034406159073114395,0.5228188037872314,0.48268845677375793,0.03157570958137512,0.5356816053390503,0.46398183703422546,0.04359030723571777,0.5408917665481567,0.4529241621494293,0.05023173615336418,0.512930691242218,0.34059566259384155,-0.002592141507193446,0.5077844858169556,0.34126174449920654,-0.0025657997466623783,0.5046941041946411,0.3419644236564636,-0.0020335367880761623,0.5429076552391052,0.3160524368286133,0.014129189774394035,0.5080645084381104,0.3341543972492218,-0.0048117865808308125,0.5132903456687927,0.3298960328102112,-0.005620570387691259,0.5189946293830872,0.327486515045166,-0.004716799594461918,0.5242900848388672,0.32671260833740234,-0.002314480021595955,0.5274068117141724,0.3272450566291809,0.0004683427105192095,0.5471289753913879,0.2982238829135895,0.045783258974552155,0.5266830325126648,0.3339201807975769,0.0027179254684597254,0.521257221698761,0.41537153720855713,-0.0009119487949647009,0.515478253364563,0.40324339270591736,-0.014145203866064548,0.5113417506217957,0.4188382029533386,-0.008447623811662197,0.542202353477478,0.44525039196014404,0.04070540517568588,0.5367914438247681,0.4569133520126343,0.03545360267162323,0.5231250524520874,0.47878628969192505,0.02299652062356472,0.5507068634033203,0.4212192893028259,0.06839790940284729,0.5048355460166931,0.3390456438064575,-0.0034619804937392473,0.5047977566719055,0.37012457847595215,-0.019807130098342896,0.5301373600959778,0.47432780265808105,0.0366264246404171,0.5565332174301147,0.3786056339740753,0.05533852428197861,0.5149836540222168,0.4383505582809448,0.004850373603403568,0.5165016651153564,0.44060513377189636,0.005059960298240185,0.5178601145744324,0.4435916841030121,0.004874161910265684,0.5189009308815002,0.4471813440322876,0.006509002763777971,0.5222488045692444,0.44994911551475525,0.012739832513034344,0.521354079246521,0.43344846367836,0.010650819167494774,0.5224260687828064,0.4321426451206207,0.0107919005677104,0.5233378410339355,0.43085768818855286,0.010689683258533478,0.531382143497467,0.419391393661499,0.011234157718718052,0.5493934750556946,0.3895743191242218,0.02139892987906933,0.502376914024353,0.35944050550460815,-0.016032716259360313,0.4997667670249939,0.3392447531223297,-0.008950124494731426,0.5025963187217712,0.3378889858722687,-0.005688515491783619,0.5202382802963257,0.43473586440086365,0.011617662385106087,0.5510894060134888,0.40756750106811523,0.03603629395365715,0.49672916531562805,0.34261175990104675,-0.017801806330680847,0.5259080529212952,0.45551252365112305,0.018111415207386017,0.5006818771362305,0.36818623542785645,-0.026067016646265984,0.5108520984649658,0.38226649165153503,-0.016212766990065575,0.5183864831924438,0.4641191065311432,0.014690924435853958,0.5356504917144775,0.43448665738105774,0.023214733228087425,0.5242571830749512,0.396900475025177,0.0017278526211157441,0.5312748551368713,0.4455696642398834,0.021231167018413544,0.537545919418335,0.3899378776550293,0.0058663515374064445,0.5309006571769714,0.40298596024513245,0.005700993351638317,0.5435331463813782,0.4002526104450226,0.014875686727464199,0.5215433239936829,0.4722837805747986,0.017651459202170372,0.5140138864517212,0.3843221664428711,-0.010030013509094715,0.5404834747314453,0.4381457567214966,0.031198009848594666,0.5349364280700684,0.4503995180130005,0.02831336483359337,0.539255678653717,0.4229525327682495,0.022112412378191948,0.5543332695960999,0.39447614550590515,0.039938315749168396,0.5458099246025085,0.4204908609390259,0.029018940404057503,0.5557761788368225,0.39728686213493347,0.05684570595622063,0.5364141464233398,0.4106297791004181,0.011939238756895065,0.5085002183914185,0.37315401434898376,-0.01333499513566494,0.5149341821670532,0.4026215970516205,-0.02215535007417202,0.5177607536315918,0.4012488126754761,-0.014267819933593273,0.5122290849685669,0.3992554843425751,-0.02785169705748558,0.5039315223693848,0.3307895362377167,-0.011735220439732075,0.5137925744056702,0.32236558198928833,-0.012639246881008148,0.522774338722229,0.3183007836341858,-0.010987985879182816,0.5298620462417603,0.31712058186531067,-0.00700388103723526,0.5341878533363342,0.3184385895729065,-0.0019551634322851896,0.5366736054420471,0.32884520292282104,0.01104050688445568,0.5545870661735535,0.34051066637039185,0.04646846279501915,0.5347449779510498,0.34262406826019287,0.008319501765072346,0.5297170281410217,0.34798017144203186,0.0041622864082455635,0.5217396020889282,0.35102611780166626,0.0008316624443978071,0.5137271881103516,0.35185903310775757,-0.0014535653172060847,0.5076887607574463,0.35151851177215576,-0.0033627296797931194,0.5036813020706177,0.3507601320743561,-0.004758727271109819,0.5513244867324829,0.33560025691986084,0.07037341594696045,0.5174688696861267,0.4023071527481079,-0.010791262611746788,0.5069088935852051,0.37971460819244385,-0.022652018815279007,0.5116655230522156,0.40611574053764343,-0.027392350137233734,0.5090212225914001,0.4102862775325775,-0.024317381903529167,0.511501133441925,0.40658989548683167,-0.024094505235552788,0.5162314176559448,0.40460827946662903,-0.008332666009664536,0.5081378221511841,0.4119980037212372,-0.02592107094824314,0.5072613954544067,0.4128621816635132,-0.018002185970544815,0.5018230080604553,0.34366461634635925,-0.003514433279633522,0.5001972317695618,0.3477962613105774,-0.007355754263699055,0.5000706911087036,0.35098326206207275,-0.011601381003856659,0.5291137099266052,0.32784754037857056,0.003065828001126647,0.5327319502830505,0.32377341389656067,0.003262910060584545,0.451346218585968,0.3531971871852875,-0.00962431263178587,0.458173930644989,0.35133668780326843,-0.00962431263178587,0.4500950574874878,0.3444894850254059,-0.00962431263178587,0.44446125626564026,0.3550877869129181,-0.00962431263178587,0.45260462164878845,0.36191990971565247,-0.00962431263178587,0.5159192085266113,0.3342674672603607,-0.0008993702940642834,0.5234785676002502,0.33145320415496826,-0.0008993702940642834,0.5142932534217834,0.32598593831062317,-0.0008993702940642834,0.5083476305007935,0.33697959780693054,-0.0008993702940642834,0.5176297426223755,0.34252870082855225,-0.0008993702940642834
4300.0000000000055,0.49991536140441895,0.43192294239997864,-0.009232035838067532,0.4972990155220032,0.40778490900993347,-0.031817756593227386,0.4969772696495056,0.41279202699661255,-0.013420036062598228,0.48629987239837646,0.3787761628627777,-0.029765641316771507,0.4959949851036072,0.3994867205619812,-0.035462554544210434,0.4935961663722992,0.3870423436164856,-0.03514644503593445,0.4868893027305603,0.3546353578567505,-0.025262249633669853,0.4365144670009613,0.3566858172416687,-0.00494976295158267,0.4824410080909729,0.3318978250026703,-0.02592933550477028,0.4803745448589325,0.3201353847980499,-0.03012274205684662,0.4704977571964264,0.2687323987483978,-0.03331927955150604,0.5003467202186584,0.4351637363433838,-0.007695567328482866,0.5006753206253052,0.43851223587989807,-0.005146796349436045,0.5008241534233093,0.4408004879951477,-0.001135614118538797,0.5007471442222595,0.4411284327507019,0.00010009984544012696,0.5014659762382507,0.4450974464416504,0.0006586175295524299,0.5021556615829468,0.44973450899124146,0.00034461781615391374,0.502720296382904,0.4543246030807495,0.002503677736967802,0.5042557120323181,0.4604467749595642,0.01023291889578104,0.49751755595207214,0.4110906720161438,-0.027848899364471436,0.49066221714019775,0.4114959239959717,-0.01939513348042965,0.402932733297348,0.32480937242507935,0.013370300643146038,0.4581541419029236,0.3597758114337921,-0.008763710036873817,0.45166558027267456,0.36247655749320984,-0.008725428022444248,0.44488129019737244,0.36419999599456787,-0.0075566209852695465,0.4344659745693207,0.36014699935913086,-0.0035223241429775953,0.46329137682914734,0.3566322326660156,-0.007966505363583565,0.4430561065673828,0.3403686285018921,-0.015290893614292145,0.45122623443603516,0.3392547070980072,-0.014892959967255592,0.4362369179725647,0.3434738516807556,-0.013350187800824642,0.4322926104068756,0.34738072752952576,-0.010678857564926147,0.4301832616329193,0.36769330501556396,0.0002975543902721256,0.484116792678833,0.47617268562316895,0.018888654187321663,0.4331425726413727,0.3543861508369446,-0.0035120914690196514,0.4083957076072693,0.364965558052063,0.025314006954431534,0.42130330204963684,0.36294233798980713,0.004569530952721834,0.46109539270401,0.4014343321323395,-0.006281024776399136,0.4923466444015503,0.43215829133987427,-0.009297644719481468,0.493829607963562,0.43971413373947144,-0.004816393833607435,0.48534590005874634,0.4358934164047241,-0.0058427066542208195,0.4806143641471863,0.438622385263443,-0.001013364759273827,0.4878667891025543,0.44064533710479736,-0.00282861664891243,0.4831989109516144,0.44132524728775024,0.0014523167628794909,0.4728684723377228,0.450115442276001,0.012235588394105434,0.4921683073043823,0.4089311957359314,-0.031685348600149155,0.49013659358024597,0.40107035636901855,-0.0351596362888813,0.42269381880760193,0.3447408080101013,-0.012342371046543121,0.4700273871421814,0.37591615319252014,-0.011247179470956326,0.4756169319152832,0.4063524305820465,-0.017754200845956802,0.47417134046554565,0.40109261870384216,-0.016697727143764496,0.4408305883407593,0.40416353940963745,-0.0006510173552669585,0.48808592557907104,0.38935691118240356,-0.03366979584097862,0.43785127997398376,0.3348435163497925,-0.023617861792445183,0.4285321831703186,0.3388620615005493,-0.01905772276222706,0.4075007140636444,0.3093111217021942,-0.0016557943308725953,0.46919339895248413,0.3354739546775818,-0.025506209582090378,0.45862486958503723,0.3408695459365845,-0.012074555270373821,0.4667501151561737,0.44341784715652466,0.011142158880829811,0.4301999807357788,0.4395112097263336,0.06201411783695221,0.48081377148628235,0.4100707769393921,-0.014050689525902271,0.48620298504829407,0.4114338755607605,-0.013214086182415485,0.47437983751296997,0.44212281703948975,0.010738513432443142,0.47585389018058777,0.4421501159667969,0.009247690439224243,0.4241536855697632,0.333854615688324,-0.01764255203306675,0.47546645998954773,0.40884631872177124,-0.01344776526093483,0.4511641263961792,0.33315739035606384,-0.025886766612529755,0.44883930683135986,0.32670578360557556,-0.028939299285411835,0.43234139680862427,0.2840861678123474,-0.027314847335219383,0.4161672592163086,0.320942223072052,-0.011126733385026455,0.44138264656066895,0.3040010929107666,-0.028990184888243675,0.4180745482444763,0.3405638635158539,-0.008351191878318787,0.41060400009155273,0.3332913815975189,0.001612913329154253,0.4930213391780853,0.4362654387950897,-0.007751104887574911,0.48660212755203247,0.4383704960346222,-0.004483608063310385,0.4818660020828247,0.43997693061828613,-0.0002065649750875309,0.4822891652584076,0.4108959138393402,-0.012275288812816143,0.4751414656639099,0.4421319365501404,0.009935271926224232,0.47847452759742737,0.44443610310554504,0.007526560686528683,0.476592093706131,0.4422108829021454,0.009116160683333874,0.4841819405555725,0.4086361229419708,-0.023525042459368706,0.4842213988304138,0.4423828125,0.0032219665590673685,0.4889162480831146,0.44222384691238403,0.0006815955275669694,0.4945177733898163,0.4418056011199951,-0.0010470175184309483,0.49605241417884827,0.46231508255004883,0.00989392027258873,0.4950545132160187,0.4554481506347656,0.002157799433916807,0.49469730257987976,0.45075809955596924,0.00022035755682736635,0.49451133608818054,0.44603386521339417,0.0006162780337035656,0.49448326230049133,0.44219261407852173,0.0001843369973357767,0.48414233326911926,0.44252076745033264,0.0041663432493805885,0.48330527544021606,0.44440415501594543,0.004208621568977833,0.4824035167694092,0.44690120220184326,0.004076735116541386,0.4817485809326172,0.44965705275535583,0.0056108576245605946,0.4722956717014313,0.4303438663482666,-0.001106920070014894,0.41335195302963257,0.3984232544898987,0.060156919062137604,0.4973064661026001,0.41201481223106384,-0.01873689331114292,0.4805906116962433,0.4423292577266693,0.007057404611259699,0.47954538464546204,0.44329166412353516,0.007181433029472828,0.48883119225502014,0.41401806473731995,-0.012242426164448261,0.4778207540512085,0.41242027282714844,-0.007274352479726076,0.48757028579711914,0.41276320815086365,-0.013022012077271938,0.4641735255718231,0.3820243179798126,-0.008441553451120853,0.45462143421173096,0.3906945586204529,-0.006389715243130922,0.47336676716804504,0.40415000915527344,-0.012405384331941605,0.4167373776435852,0.2956470549106598,-0.015796594321727753,0.4258611798286438,0.3108660876750946,-0.02097231149673462,0.4344978928565979,0.32855626940727234,-0.0243943240493536,0.479478657245636,0.4557010531425476,0.011000254191458225,0.46537384390830994,0.32507753372192383,-0.030553653836250305,0.45738834142684937,0.29906395077705383,-0.032690487802028656,0.4496883451938629,0.27557963132858276,-0.032991454005241394,0.438576340675354,0.3634794354438782,-0.0054570515640079975,0.42400240898132324,0.3757379651069641,0.004502459894865751,0.46635568141937256,0.35409286618232727,-0.007382979616522789,0.42663609981536865,0.35221782326698303,-0.005939821247011423,0.4737839996814728,0.36993494629859924,-0.01425714697688818,0.47945481538772583,0.40409553050994873,-0.024375608190894127,0.4190082252025604,0.3834417164325714,0.012342263013124466,0.42995956540107727,0.3820309042930603,0.0006179859046824276,0.4395745098590851,0.3844355642795563,-0.0037876614369452,0.45252904295921326,0.3798229992389679,-0.005862342193722725,0.4612796902656555,0.373612642288208,-0.007165411952883005,0.46730515360832214,0.36838746070861816,-0.009264960885047913,0.4811486005783081,0.35817772150039673,-0.023056909441947937,0.42384403944015503,0.40172573924064636,0.014689145609736443,0.42128366231918335,0.35248059034347534,-0.004125443287193775,0.4943389296531677,0.4117649495601654,-0.027780884876847267,0.4725658893585205,0.3853415250778198,-0.01172298938035965,0.4039609730243683,0.3603174388408661,0.04536175727844238,0.47184163331985474,0.36340221762657166,-0.010982771404087543,0.47224825620651245,0.4035632610321045,-0.005905668251216412,0.43080776929855347,0.35542649030685425,-0.002440928714349866,0.47782453894615173,0.39754873514175415,-0.023058971390128136,0.4204041361808777,0.4187925159931183,0.06262834370136261,0.4651598334312439,0.35096609592437744,-0.00677111791446805,0.48277586698532104,0.39281001687049866,-0.029713602736592293,0.4521693289279938,0.46130019426345825,0.035127006471157074,0.4531216025352478,0.46784281730651855,0.04798664152622223,0.4162735641002655,0.40177786350250244,0.03738301992416382,0.44093549251556396,0.4512324631214142,0.03950450196862221,0.4087546467781067,0.347593754529953,0.014813270419836044,0.48432233929634094,0.4835103452205658,0.024537131190299988,0.4946907162666321,0.4124302864074707,-0.018511299043893814,0.4677121639251709,0.392410010099411,-0.00835809949785471,0.4160410761833191,0.3646269738674164,0.010524909012019634,0.44459542632102966,0.358508437871933,-0.007797852624207735,0.45067763328552246,0.35737696290016174,-0.008878928609192371,0.4775386154651642,0.44575953483581543,0.008703311905264854,0.4284483790397644,0.4182272255420685,0.02123839221894741,0.49661996960639954,0.4904496669769287,0.02921784110367298,0.47608575224876404,0.4832158088684082,0.036915358155965805,0.46600401401519775,0.47715914249420166,0.041649751365184784,0.47540149092674255,0.29376286268234253,-0.03273629769682884,0.5086861848831177,0.4882410168647766,0.028921471908688545,0.456023633480072,0.35507360100746155,-0.00888142827898264,0.46093717217445374,0.35256481170654297,-0.007939416915178299,0.463997483253479,0.3514713644981384,-0.006832313723862171,0.4162992835044861,0.35037961602211,0.0013498305343091488,0.45802921056747437,0.3458247184753418,-0.010393024422228336,0.45149660110473633,0.3445623517036438,-0.012104802764952183,0.4452817738056183,0.3456301689147949,-0.012212048284709454,0.4395279288291931,0.348266065120697,-0.010795262642204762,0.4362518787384033,0.3509874939918518,-0.00862944032996893,0.4018847942352295,0.34081676602363586,0.030196990817785263,0.44001784920692444,0.3580067753791809,-0.006285776849836111,0.4978404939174652,0.418667733669281,-0.010489600710570812,0.47789692878723145,0.42506521940231323,-0.005189041141420603,0.4808686375617981,0.4093749225139618,-0.017031805589795113,0.48946651816368103,0.4211370348930359,-0.010378692299127579,0.4842826724052429,0.3421209454536438,-0.023302419111132622,0.4635828137397766,0.4702702760696411,0.03262568265199661,0.47372642159461975,0.4769597351551056,0.029181573539972305,0.4960446357727051,0.4867769777774811,0.02072831243276596,0.44157707691192627,0.4560384750366211,0.055799700319767,0.4628266394138336,0.34891772270202637,-0.008408894762396812,0.4797321557998657,0.3738502264022827,-0.022011645138263702,0.508465588092804,0.48440301418304443,0.020680639892816544,0.48618823289871216,0.4882316589355469,0.03186237812042236,0.42239564657211304,0.41993680596351624,0.04131359979510307,0.48888057470321655,0.4425334334373474,0.0018033564556390047,0.488297700881958,0.4455651640892029,0.001955738291144371,0.48794636130332947,0.4493260383605957,0.0017725268844515085,0.4879011809825897,0.45361799001693726,0.0034493186976760626,0.4871264100074768,0.46028369665145874,0.009600398130714893,0.47936582565307617,0.4417129158973694,0.0053535811603069305,0.4781184792518616,0.4411410689353943,0.0050559150986373425,0.47705021500587463,0.4405100643634796,0.0045961351133883,0.46825870871543884,0.43659329414367676,0.0042631495743989944,0.4388645589351654,0.4226728677749634,0.010151340626180172,0.47744473814964294,0.36350709199905396,-0.018282605335116386,0.4700848460197449,0.34537526965141296,-0.011842389591038227,0.4655195474624634,0.34616222977638245,-0.009868851862847805,0.48059675097465515,0.44232338666915894,0.006465206388384104,0.4420091211795807,0.4410535395145416,0.024762317538261414,0.4764390289783478,0.34581732749938965,-0.019463367760181427,0.4852311313152313,0.46788644790649414,0.014674324542284012,0.4913666248321533,0.37619921565055847,-0.031555306166410446,0.4838237762451172,0.3691387176513672,-0.027167974039912224,0.4892469048500061,0.36593708395957947,-0.028355862945318222,0.47762027382850647,0.38841351866722107,-0.019223619252443314,0.5074242353439331,0.4774947166442871,0.015276767313480377,0.5057494640350342,0.46842271089553833,0.012993843294680119,0.4958077669143677,0.4705636203289032,0.013319214805960655,0.4679999053478241,0.454975426197052,0.016386374831199646,0.46790194511413574,0.4113491475582123,-0.003445526584982872,0.4761723279953003,0.46246063709259033,0.016119012609124184,0.45258140563964844,0.41408929228782654,-0.002233505481854081,0.46355175971984863,0.4212954044342041,-0.0007974611362442374,0.44952958822250366,0.4279211461544037,0.005544363986700773,0.49571576714515686,0.47980302572250366,0.01560528576374054,0.4742482304573059,0.39286088943481445,-0.013778054155409336,0.4640527069568634,0.46205899119377136,0.023448118939995766,0.47408899664878845,0.4694940149784088,0.02252063900232315,0.46091365814208984,0.4462090730667114,0.01371596846729517,0.4332192540168762,0.43154463171958923,0.02734404057264328,0.4528634250164032,0.4490395784378052,0.019446292892098427,0.43000805377960205,0.4363580346107483,0.0434262678027153,0.460385262966156,0.43225526809692383,0.0041721579618752,0.47614628076553345,0.3794134557247162,-0.016516372561454773,0.4821470081806183,0.40782061219215393,-0.025205202400684357,0.4780748188495636,0.40907564759254456,-0.01770077832043171,0.4845150411128998,0.40260079503059387,-0.030246281996369362,0.46365347504615784,0.3398280441761017,-0.01573236659169197,0.451504647731781,0.33758559823036194,-0.01843954250216484,0.44123488664627075,0.3388996422290802,-0.018585579469799995,0.4333125054836273,0.34213173389434814,-0.01613973267376423,0.4284060001373291,0.3464742600917816,-0.012160048820078373,0.4269060790538788,0.35920464992523193,5.9996815252816305e-05,0.411429226398468,0.3835543692111969,0.03160494938492775,0.43473854660987854,0.37115705013275146,-0.001851679407991469,0.4426054358482361,0.37287214398384094,-0.0046786898747086525,0.45182380080223083,0.3703557252883911,-0.006455087102949619,0.4598093330860138,0.3659305274486542,-0.007281090132892132,0.46557217836380005,0.3618772625923157,-0.007721642032265663,0.46954360604286194,0.358744353055954,-0.00833769142627716,0.40820178389549255,0.37903687357902527,0.05463298037648201,0.47816118597984314,0.410305917263031,-0.014152632094919682,0.4816763699054718,0.38306015729904175,-0.024982744827866554,0.4872022271156311,0.4084326922893524,-0.02940674126148224,0.49044060707092285,0.41092100739479065,-0.025599902495741844,0.4868920147418976,0.4090975821018219,-0.026142260059714317,0.4798629581928253,0.4117797017097473,-0.011179822497069836,0.49212953448295593,0.4116728901863098,-0.027015360072255135,0.4924635887145996,0.41238299012184143,-0.018927263095974922,0.4679516553878784,0.3513917326927185,-0.007218350190669298,0.4722564220428467,0.3537943661212921,-0.010165794752538204,0.4749065339565277,0.3563094735145569,-0.013861381448805332,0.4344422221183777,0.3529242277145386,-0.006389786954969168,0.430097371339798,0.3512328565120697,-0.006754618138074875,0.49651268124580383,0.37542957067489624,-0.028675910085439682,0.5231334567070007,0.32886552810668945,0.002809308934956789,0.5026317834854126,0.40744927525520325,-0.01853773184120655,0.5393376350402832,0.28189200162887573,0.02588837780058384,0.508045494556427,0.34330278635025024,-0.003705913433805108,0.5140730142593384,0.3416360020637512,-0.002659859834238887,0.5198529362678528,0.3392992615699768,-0.0005948323523625731,0.525914192199707,0.3309073746204376,0.004731648601591587,0.5029478073120117,0.34345921874046326,-0.003969370853155851,0.5147672891616821,0.3192799389362335,-0.008922254666686058,0.5079402327537537,0.32241740822792053,-0.00984536949545145,0.5209109783172607,0.31833797693252563,-0.006027983035892248,0.5247223377227783,0.31954848766326904,-0.0028108530677855015,0.5322759747505188,0.33489376306533813,0.009235069155693054,0.5262936353683472,0.4614349901676178,0.02243177406489849,0.5248531699180603,0.325735479593277,0.004649145528674126,0.5485565662384033,0.32016152143478394,0.03738949075341225,0.5377086997032166,0.3261481821537018,0.01459480170160532,0.5223987102508545,0.3815264105796814,-0.0011703233467414975,0.5065440535545349,0.42827701568603516,-0.008058520965278149,0.5067698955535889,0.4361695945262909,-0.0036457027308642864,0.5128366947174072,0.4283480644226074,-0.0032279209699481726,0.516740083694458,0.4287596046924591,0.0025784389581531286,0.5115761160850525,0.4342326521873474,-0.0005881083779968321,0.5150289535522461,0.432776540517807,0.004493058193475008,0.5268544554710388,0.4322241544723511,0.01683940552175045,0.5020109415054321,0.40563490986824036,-0.030994951725006104,0.5015918612480164,0.3972882926464081,-0.03434523567557335,0.5329619646072388,0.31110113859176636,-0.002857726998627186,0.5062755346298218,0.3641536831855774,-0.00785650871694088,0.5133261680603027,0.3942182660102844,-0.014653243124485016,0.5124925971031189,0.38876596093177795,-0.01351065095514059,0.5394589304924011,0.37204504013061523,0.00787352491170168,0.4990119934082031,0.38574638962745667,-0.03262898698449135,0.5193174481391907,0.31024619936943054,-0.016876403242349625,0.5273672342300415,0.30899059772491455,-0.010734876617789268,0.5325841307640076,0.2701292037963867,0.009587829001247883,0.49458417296409607,0.32794904708862305,-0.023212864995002747,0.5023136734962463,0.32755547761917114,-0.0080174021422863,0.5301125645637512,0.42266929149627686,0.01680637151002884,0.5519698262214661,0.39942988753318787,0.07373924553394318,0.5097641944885254,0.40077078342437744,-0.011763880029320717,0.5057240724563599,0.40520018339157104,-0.012039018794894218,0.5214446187019348,0.42969098687171936,0.015590501949191093,0.5201767086982727,0.43044760823249817,0.013503802008926868,0.5294663906097412,0.301958829164505,-0.008848113939166069,0.513602614402771,0.396652489900589,-0.01041188184171915,0.5083963871002197,0.31576430797576904,-0.021298276260495186,0.5086719989776611,0.3084392547607422,-0.02423113025724888,0.5073352456092834,0.26078227162361145,-0.02094835415482521,0.531360387802124,0.2840837240219116,-0.0014933304628357291,0.5074985027313232,0.2828056812286377,-0.0236512478441,0.5352737903594971,0.3049887418746948,0.0017470879247412086,0.5382376909255981,0.29258936643600464,0.012492425739765167,0.5068717002868652,0.4324992895126343,-0.0065126665867865086,0.5123035311698914,0.43138933181762695,-0.0020635640248656273,0.5159785151481628,0.4307222068309784,0.003062157891690731,0.5086212158203125,0.40246132016181946,-0.010406683199107647,0.5207918286323547,0.4300832152366638,0.014419609680771828,0.5190442204475403,0.43343332409858704,0.011240600608289242,0.5195276737213135,0.43085777759552,0.013260070234537125,0.5074320435523987,0.4010147452354431,-0.021378712728619576,0.5141552686691284,0.434383749961853,0.0060912310145795345,0.5107925534248352,0.43632522225379944,0.0028035403229296207,0.5063797831535339,0.438564270734787,0.00013518733612727374,0.5119855999946594,0.45695048570632935,0.011033087968826294,0.5096144676208496,0.45108428597450256,0.003350893035531044,0.5087315440177917,0.4465763568878174,0.0014952374622225761,0.5075612664222717,0.44223105907440186,0.0018446843605488539,0.5063028931617737,0.43882185220718384,0.0013611356262117624,0.5140706300735474,0.43432310223579407,0.007015949115157127,0.5155042409896851,0.4354678690433502,0.007041667588055134,0.5170096158981323,0.43715131282806396,0.007020096760243177,0.5182725191116333,0.4392160177230835,0.008770806714892387,0.5224151015281677,0.4141582250595093,0.003062450559809804,0.55140221118927,0.3538344204425812,0.07310478389263153,0.516517162322998,0.43268337845802307,0.010655339807271957,0.517798662185669,0.43297600746154785,0.010764935985207558,0.5043554306030273,0.40916144847869873,-0.01108521968126297,0.5123462677001953,0.40146109461784363,-0.00487916823476553,0.5050164461135864,0.40727031230926514,-0.011883188039064407,0.5129038691520691,0.36625534296035767,-0.00390908308327198,0.5239497423171997,0.36819666624069214,-0.0002825557894539088,0.5136691331863403,0.39123454689979553,-0.00911808107048273,0.5225532054901123,0.26263582706451416,-0.006633728742599487,0.5215493440628052,0.2802298665046692,-0.013208737596869469,0.5203167200088501,0.3024238049983978,-0.01739378832280636,0.5234434604644775,0.4408903121948242,0.014709852635860443,0.4950677156448364,0.31646400690078735,-0.028129983693361282,0.49274325370788574,0.2877238988876343,-0.029888037592172623,0.4906236529350281,0.26287445425987244,-0.02977166324853897,0.524023175239563,0.33548295497894287,0.0023159359116107225,0.5397049784660339,0.33838945627212524,0.014405735768377781,0.49972137808799744,0.3429088294506073,-0.003832500660791993,0.530764639377594,0.32008227705955505,0.003110988764092326,0.5016180276870728,0.36084285378456116,-0.011520198546350002,0.5102097392082214,0.3941206634044647,-0.021829424425959587,0.5482333898544312,0.3416505455970764,0.023522982373833656,0.5373660326004028,0.3469920754432678,0.009921501390635967,0.5310729146003723,0.3543548583984375,0.004171553999185562,0.5196317434310913,0.3577192425727844,0.00024288572603836656,0.5106472969055176,0.3572973906993866,-0.0024935982655733824,0.5042717456817627,0.35608893632888794,-0.005725793074816465,0.4927704632282257,0.354366272687912,-0.021901162341237068,0.5505709052085876,0.36058279871940613,0.02582956850528717,0.5353959798812866,0.31711912155151367,0.005798362195491791,0.5004853010177612,0.409649521112442,-0.02722412906587124,0.5076618790626526,0.37401264905929565,-0.008500032126903534,0.547466516494751,0.31472525000572205,0.058709222823381424,0.4993961751461029,0.35403144359588623,-0.008214831352233887,0.5136926770210266,0.39029574394226074,-0.0026208243798464537,0.5273395776748657,0.32530179619789124,0.006145867053419352,0.5089852213859558,0.38746920228004456,-0.02045184001326561,0.5525017976760864,0.3756553530693054,0.07510119676589966,0.4991788864135742,0.33959904313087463,-0.003081834176555276,0.5041346549987793,0.3857971429824829,-0.02784804441034794,0.5457655191421509,0.4298374652862549,0.04333287477493286,0.5451794266700745,0.4366426467895508,0.05684291943907738,0.5538334846496582,0.35707923769950867,0.04947657138109207,0.55087810754776,0.41484710574150085,0.04919539764523506,0.5433410406112671,0.304718017578125,0.026384903118014336,0.5280535817146301,0.46804311871528625,0.02842044085264206,0.4996984899044037,0.41075238585472107,-0.018149927258491516,0.5136549472808838,0.377586305141449,-0.004400503821671009,0.5422338843345642,0.3252105116844177,0.021503832191228867,0.5180813074111938,0.33405134081840515,-0.0009597720927558839,0.5131629705429077,0.3365595042705536,-0.002829131903126836,0.5201913118362427,0.4341166913509369,0.012704962864518166,0.5518290996551514,0.3780474364757538,0.03200005739927292,0.5196322202682495,0.48225557804107666,0.031481582671403885,0.5330601930618286,0.46296772360801697,0.04259449616074562,0.5386788249015808,0.4518522322177887,0.04882113263010979,0.508090078830719,0.3378986716270447,-0.003708253148943186,0.5032869577407837,0.33865904808044434,-0.0035039556678384542,0.500417947769165,0.3394507169723511,-0.002851571422070265,0.5385175347328186,0.31273889541625977,0.012004870921373367,0.5034088492393494,0.3316473364830017,-0.005818175617605448,0.5082091093063354,0.32745492458343506,-0.006778769660741091,0.5135398507118225,0.3252333700656891,-0.006043688394129276,0.5186305046081543,0.324526309967041,-0.0037882544565945864,0.521738588809967,0.3249729871749878,-0.0011169400531798601,0.5440211296081543,0.2959008514881134,0.043323077261447906,0.5211260318756104,0.33137136697769165,0.0011385476682335138,0.51644366979599,0.41274482011795044,-0.0019886158406734467,0.5097998976707458,0.40004584193229675,-0.014831112697720528,0.5061126351356506,0.415883332490921,-0.009036784991621971,0.5396401286125183,0.4441743493080139,0.039250899106264114,0.533968985080719,0.455911785364151,0.03439348563551903,0.519818127155304,0.47836026549339294,0.022836819291114807,0.5494407415390015,0.42010125517845154,0.06628906726837158,0.5004885196685791,0.33656904101371765,-0.004322679713368416,0.4992902874946594,0.36745256185531616,-0.020174110308289528,0.5271705389022827,0.4735269546508789,0.03602639585733414,0.5545647740364075,0.3767968714237213,0.05292356386780739,0.5107141137123108,0.4364190399646759,0.0039329067803919315,0.5122443437576294,0.4387218952178955,0.004130070563405752,0.5136709213256836,0.4418371319770813,0.004044882021844387,0.5148752927780151,0.44561484456062317,0.005807426292449236,0.5187463760375977,0.44950389862060547,0.012264419347047806,0.5176577568054199,0.4315211772918701,0.009111238643527031,0.5186557769775391,0.4302937984466553,0.009173898957669735,0.5194721221923828,0.42912113666534424,0.00901726447045803,0.5272643566131592,0.4174274504184723,0.00950645562261343,0.5462368726730347,0.38759487867355347,0.01928572542965412,0.4970327317714691,0.35712873935699463,-0.016329672187566757,0.4950256049633026,0.33719420433044434,-0.009457112289965153,0.49810975790023804,0.3356080949306488,-0.0064213392324745655,0.5165925621986389,0.43278613686561584,0.010108462534844875,0.5484331846237183,0.4060031771659851,0.033903710544109344,0.4914483428001404,0.3410574495792389,-0.0180271714925766,0.5227378606796265,0.45494532585144043,0.0176917165517807,0.49484533071517944,0.36548998951911926,-0.02619587630033493,0.5055897235870361,0.37939172983169556,-0.01683216728270054,0.5149999856948853,0.46392107009887695,0.014765994623303413,0.5324066281318665,0.43335220217704773,0.021751809865236282,0.5196803212165833,0.3945656418800354,0.0006704245461151004,0.5281420350074768,0.4447278082370758,0.020290665328502655,0.5335685014724731,0.38763633370399475,0.004355978686362505,0.526679277420044,0.4006854295730591,0.004363818559795618,0.5399060249328613,0.3982241153717041,0.013015341013669968,0.5182070732116699,0.4719593822956085,0.017541557550430298,0.5090450048446655,0.38167503476142883,-0.010825272649526596,0.5375639200210571,0.4370323717594147,0.02967250719666481,0.5319647789001465,0.44949397444725037,0.027279069647192955,0.5358310341835022,0.42146390676498413,0.02028709650039673,0.5519024729728699,0.3927144706249237,0.0376037061214447,0.5428079962730408,0.41908469796180725,0.027086643502116203,0.5539727807044983,0.3957218527793884,0.05447131022810936,0.5325061678886414,0.40863579511642456,0.010275373235344887,0.5033532381057739,0.3706016540527344,-0.013923279941082,0.5091066360473633,0.3990205228328705,-0.022883709520101547,0.5121515393257141,0.398108571767807,-0.01508334930986166,0.5062094330787659,0.39544403553009033,-0.02841171994805336,0.498740017414093,0.328757107257843,-0.012467091903090477,0.508042573928833,0.3203912675380707,-0.013593954965472221,0.5166774988174438,0.3162953555583954,-0.012195451185107231,0.5237283706665039,0.31503570079803467,-0.008456500247120857,0.5283139944076538,0.3162273168563843,-0.003599745687097311,0.5319667458534241,0.32615789771080017,0.009218210354447365,0.5519325137138367,0.3382455110549927,0.0439746268093586,0.5298827886581421,0.3403148651123047,0.00655426736921072,0.5247976779937744,0.3458523452281952,0.002650179900228977,0.5168296098709106,0.3489074110984802,-0.0004088987479917705,0.5089841485023499,0.34973615407943726,-0.002490572864189744,0.5031037926673889,0.34946995973587036,-0.004084346350282431,0.49913400411605835,0.34879791736602783,-0.005358327180147171,0.5493798851966858,0.3338298201560974,0.06792552024126053,0.511967122554779,0.39944687485694885,-0.011585645377635956,0.501268744468689,0.376649409532547,-0.02312142588198185,0.5056206583976746,0.40223661065101624,-0.027924470603466034,0.5030621290206909,0.4066101908683777,-0.024720177054405212,0.5055688619613647,0.4028693735599518,-0.024625226855278015,0.5107528567314148,0.4019095301628113,-0.009010079316794872,0.5021922588348389,0.4082154929637909,-0.026297172531485558,0.5014361143112183,0.40933847427368164,-0.018337661400437355,0.4975837767124176,0.3413691818714142,-0.004152296110987663,0.49564328789711,0.34585583209991455,-0.007801708299666643,0.4951106309890747,0.34937572479248047,-0.011895881965756416,0.5235506296157837,0.3254649043083191,0.0014408614952117205,0.5271792411804199,0.32138949632644653,0.0015589440008625388,0.4461226165294647,0.35249248147010803,-0.008173871785402298,0.45323389768600464,0.35046112537384033,-0.008173871785402298,0.44465744495391846,0.3440970182418823,-0.008173871785402298,0.4390038847923279,0.354512482881546,-0.008173871785402298,0.44758954644203186,0.36085402965545654,-0.008173871785402298,0.5112376809120178,0.33125990629196167,-0.0021728225983679295,0.5183411240577698,0.32848283648490906,-0.0021728225983679295,0.5095127820968628,0.3229961693286896,-0.0021728225983679295,0.5041181445121765,0.33393940329551697,-0.0021728225983679295,0.5130618810653687,0.33952221274375916,-0.0021728225983679295
4333.3333333333385,0.49426624178886414,0.43059924244880676,-0.009329544380307198,0.49240800738334656,0.4065639078617096,-0.03202781826257706,0.49221277236938477,0.411457896232605,-0.013666857033967972,0.48128560185432434,0.3766937851905823,-0.029744552448391914,0.4910341501235962,0.3980846107006073,-0.03563954681158066,0.48858407139778137,0.3852868974208832,-0.035257596522569656,0.48183509707450867,0.3520209789276123,-0.025056906044483185,0.4323657751083374,0.3533768653869629,-0.004326996393501759,0.47735992074012756,0.3288463354110718,-0.02543221041560173,0.4752691388130188,0.3169472813606262,-0.029488205909729004,0.4655035436153412,0.26575610041618347,-0.03235795348882675,0.49470749497413635,0.433818519115448,-0.00778606254607439,0.49510443210601807,0.4370809495449066,-0.005271920468658209,0.49535518884658813,0.43926578760147095,-0.0013540891231968999,0.49524715542793274,0.4395187497138977,-0.00024352017499040812,0.4959271550178528,0.44359901547431946,0.0001854287547757849,0.49663102626800537,0.4483393430709839,-0.0002651246904861182,0.49726274609565735,0.45297250151634216,0.0016969348071143031,0.4997389614582062,0.4587382674217224,0.009122504852712154,0.4926873743534088,0.4098978638648987,-0.028066881000995636,0.4857499599456787,0.41019195318222046,-0.0195783544331789,0.39873433113098145,0.32165446877479553,0.014406037516891956,0.4530879855155945,0.3562765419483185,-0.00828730221837759,0.44694656133651733,0.3587951362133026,-0.008209062740206718,0.440436989068985,0.360684871673584,-0.007011005189269781,0.43013954162597656,0.3571433126926422,-0.0028995967004448175,0.4579974114894867,0.3535449504852295,-0.0075007472187280655,0.43890467286109924,0.33752793073654175,-0.014621978625655174,0.4466290771961212,0.33658820390701294,-0.014241988770663738,0.43233761191368103,0.3405037224292755,-0.01266200840473175,0.4284132122993469,0.34440046548843384,-0.009982602670788765,0.4258173704147339,0.3649120330810547,0.0009384364821016788,0.4796042740345001,0.4747706949710846,0.018104199320077896,0.42901724576950073,0.35142210125923157,-0.002856155391782522,0.4039422869682312,0.36217665672302246,0.026182910427451134,0.4169585406780243,0.3604600727558136,0.005317821633070707,0.45619454979896545,0.3992271423339844,-0.006196233443915844,0.48665985465049744,0.43073567748069763,-0.009376033209264278,0.48831847310066223,0.438213586807251,-0.004882888402789831,0.4798680245876312,0.4342867136001587,-0.005853593349456787,0.4753364324569702,0.4368848502635956,-0.0009142300114035606,0.4825012683868408,0.4390081763267517,-0.0027986280620098114,0.4779919981956482,0.43957269191741943,0.001558847725391388,0.4678807556629181,0.4480747878551483,0.012200101278722286,0.4872334599494934,0.4077068567276001,-0.03186430782079697,0.48514989018440247,0.39962583780288696,-0.03530636057257652,0.41932445764541626,0.3419424891471863,-0.011464789509773254,0.4652058780193329,0.37343090772628784,-0.011007399298250675,0.47055673599243164,0.40466126799583435,-0.017801735550165176,0.469142884016037,0.3992236852645874,-0.016716139391064644,0.4359304904937744,0.40165790915489197,-0.0003016887931153178,0.4830750823020935,0.3875817358493805,-0.03374553471803665,0.43462538719177246,0.331836462020874,-0.022755807265639305,0.42535266280174255,0.33585140109062195,-0.018154701218008995,0.40322309732437134,0.30607783794403076,-0.0005410477751865983,0.46482720971107483,0.3333156108856201,-0.024869678542017937,0.4536024332046509,0.3383079171180725,-0.011475207284092903,0.4616362452507019,0.4412843585014343,0.011263375170528889,0.4257439970970154,0.43774354457855225,0.0620528906583786,0.4757532477378845,0.408538818359375,-0.014162630774080753,0.4812106490135193,0.4099813997745514,-0.01338555384427309,0.46943023800849915,0.44025206565856934,0.010923560708761215,0.47095778584480286,0.440278559923172,0.00942695140838623,0.42113083600997925,0.33087876439094543,-0.01666821353137493,0.4703725576400757,0.4071446657180786,-0.013513272628188133,0.44758474826812744,0.33048519492149353,-0.025117972865700722,0.44547465443611145,0.3238332271575928,-0.02812175452709198,0.42774274945259094,0.2809309959411621,-0.026189656928181648,0.4116683900356293,0.3176964223384857,-0.010006432421505451,0.436576247215271,0.3007621169090271,-0.027957705780863762,0.4146798849105835,0.33784785866737366,-0.007412006612867117,0.4062306582927704,0.3301553726196289,0.0026900526136159897,0.48740845918655396,0.4348304867744446,-0.007807818241417408,0.4811752736568451,0.43676769733428955,-0.004458190873265266,0.4766162037849426,0.4382380545139313,-9.472225065110251e-05,0.4772343337535858,0.40936827659606934,-0.012397303245961666,0.470218300819397,0.4402649402618408,0.010123416781425476,0.47338151931762695,0.4426878094673157,0.007569807581603527,0.4717169404029846,0.4403342008590698,0.009284524247050285,0.4792177677154541,0.4072501063346863,-0.023637184873223305,0.47908011078834534,0.4406123757362366,0.003266051411628723,0.4836291968822479,0.44055911898612976,0.0006348563474602997,0.4891258180141449,0.4402359127998352,-0.0011898336233571172,0.4914286136627197,0.4606236219406128,0.00889907218515873,0.48958951234817505,0.4540919065475464,0.0014697066508233547,0.4891723096370697,0.44934672117233276,-0.00030430330662056804,0.48899316787719727,0.4445069432258606,0.0002352015726501122,0.4890174865722656,0.4405502676963806,-7.633000495843589e-05,0.4789377450942993,0.44076618552207947,0.004129777662456036,0.47805845737457275,0.44272667169570923,0.00407468480989337,0.4771331250667572,0.445282906293869,0.0038832849822938442,0.4764804542064667,0.4480729103088379,0.0053929658606648445,0.46718883514404297,0.428589791059494,-0.0010137914214283228,0.40901413559913635,0.3960101008415222,0.06059863045811653,0.49251413345336914,0.41077113151550293,-0.018961600959300995,0.47554898262023926,0.4405268430709839,0.007145569659769535,0.47446510195732117,0.4415300488471985,0.007217866834253073,0.48391368985176086,0.41261786222457886,-0.012454129755496979,0.47275009751319885,0.4107517898082733,-0.007401731796562672,0.48261758685112,0.4113437235355377,-0.01321029756218195,0.4593677818775177,0.379547655582428,-0.008191587403416634,0.4497929811477661,0.38818174600601196,-0.00611203582957387,0.4683181047439575,0.40228307247161865,-0.012429807335138321,0.4123065769672394,0.29239729046821594,-0.014649160206317902,0.4211990237236023,0.3075747489929199,-0.019874097779393196,0.4314688444137573,0.3254583179950714,-0.023466844111680984,0.47460290789604187,0.453814834356308,0.010697247460484505,0.461329847574234,0.3227083086967468,-0.029815558344125748,0.45248550176620483,0.29595449566841125,-0.03174741938710213,0.44490817189216614,0.27252310514450073,-0.031940773129463196,0.4342241883277893,0.36018484830856323,-0.004870464093983173,0.4196237623691559,0.37312859296798706,0.0051511614583432674,0.4609505534172058,0.3512496054172516,-0.0069188703782856464,0.42265576124191284,0.3494635820388794,-0.005180691834539175,0.4689353108406067,0.36740702390670776,-0.014012512750923634,0.4744688868522644,0.4025042653083801,-0.02444983646273613,0.4143710434436798,0.3807254135608673,0.013010219670832157,0.4257466495037079,0.37916016578674316,0.0011731528211385012,0.4353395402431488,0.3813701868057251,-0.003316350979730487,0.4479418992996216,0.37673771381378174,-0.005460801068693399,0.45640361309051514,0.3706251084804535,-0.006811515428125858,0.46226954460144043,0.365521639585495,-0.008931382559239864,0.476157546043396,0.35555943846702576,-0.022799406200647354,0.41907352209091187,0.3991774022579193,0.015222810208797455,0.41738012433052063,0.34985092282295227,-0.0033053364604711533,0.4894605278968811,0.4105682671070099,-0.027978628873825073,0.467682421207428,0.383088618516922,-0.011600261554121971,0.3997012972831726,0.357452929019928,0.04611070454120636,0.4667544662952423,0.36060500144958496,-0.010640591382980347,0.4672248959541321,0.40162235498428345,-0.0059141418896615505,0.4265748858451843,0.3525942265987396,-0.0017538423417136073,0.47285711765289307,0.39574331045150757,-0.023094285279512405,0.4159936308860779,0.4167044460773468,0.06286613643169403,0.4597490429878235,0.34820008277893066,-0.006260107737034559,0.4777987599372864,0.39100921154022217,-0.029773058369755745,0.4475277066230774,0.45960357785224915,0.034964945167303085,0.44867685437202454,0.46645569801330566,0.047650087624788284,0.41169196367263794,0.3993602693080902,0.03795560821890831,0.43626540899276733,0.44945627450942993,0.039493121206760406,0.4043579697608948,0.3446256220340729,0.01579529233276844,0.47989708185195923,0.48230743408203125,0.023673249408602715,0.48985353112220764,0.41118669509887695,-0.0187230184674263,0.46280622482299805,0.39018312096595764,-0.00825414340943098,0.41142141819000244,0.3624550700187683,0.01131722517311573,0.44022053480148315,0.3545738160610199,-0.0072206114418804646,0.445987731218338,0.35337454080581665,-0.008327976800501347,0.4724424481391907,0.4439990520477295,0.008749638684093952,0.4236088693141937,0.41593998670578003,0.02162456139922142,0.49241727590560913,0.48955038189888,0.02805391512811184,0.47175946831703186,0.48214349150657654,0.03617464751005173,0.4616180956363678,0.47594091296195984,0.04112868383526802,0.47036221623420715,0.29076260328292847,-0.03190688416361809,0.5045997500419617,0.4873582422733307,0.027657214552164078,0.45099952816963196,0.351314514875412,-0.008349327370524406,0.45566269755363464,0.3492615520954132,-0.007419684901833534,0.4585998058319092,0.3485099673271179,-0.00631394749507308,0.41223660111427307,0.3479105830192566,0.0022340768482536077,0.45289796590805054,0.34330499172210693,-0.009821105748414993,0.4466954469680786,0.3419778048992157,-0.011490914039313793,0.4408581256866455,0.3428860306739807,-0.011579576879739761,0.4353802502155304,0.3453977406024933,-0.010150173678994179,0.4321717917919159,0.34806591272354126,-0.007979516871273518,0.39767584204673767,0.3377841114997864,0.031112534925341606,0.43581724166870117,0.35437095165252686,-0.005683863535523415,0.49309396743774414,0.4173009395599365,-0.010720733553171158,0.4728582501411438,0.42346179485321045,-0.005249050445854664,0.47582554817199707,0.4078788757324219,-0.017123961821198463,0.4845653176307678,0.41973790526390076,-0.0105742784217,0.47922468185424805,0.3392677307128906,-0.0229488518089056,0.45903486013412476,0.468742311000824,0.03226831555366516,0.4692718982696533,0.4755820035934448,0.028570163995027542,0.4916672110557556,0.48566901683807373,0.019638678058981895,0.43712112307548523,0.45448756217956543,0.055635325610637665,0.45750269293785095,0.3462755084037781,-0.007863864302635193,0.4747833013534546,0.3715302646160126,-0.021869944408535957,0.5041882395744324,0.48328059911727905,0.019457226619124413,0.48190775513648987,0.4872817397117615,0.030894726514816284,0.4177876114845276,0.41778436303138733,0.0416850820183754,0.48351263999938965,0.4408387839794159,0.0016539975767955184,0.4828833043575287,0.44397369027137756,0.001700130756944418,0.48251691460609436,0.44782882928848267,0.0014247760409489274,0.48250189423561096,0.45220237970352173,0.003016706556081772,0.4823710024356842,0.458526074886322,0.008988465182483196,0.47434383630752563,0.43987759947776794,0.005521142855286598,0.4730725884437561,0.4393095374107361,0.005248088855296373,0.47197800874710083,0.438670814037323,0.004791738465428352,0.4630826711654663,0.43465012311935425,0.004452851600944996,0.43389785289764404,0.4204297959804535,0.01040999498218298,0.47253867983818054,0.3609342873096466,-0.018026648089289665,0.4648669958114624,0.342878520488739,-0.011336013674736023,0.4601830542087555,0.34356600046157837,-0.0093138562515378,0.4756317436695099,0.4404769539833069,0.006586048752069473,0.4371170699596405,0.43905842304229736,0.02486448548734188,0.4715137183666229,0.3433462679386139,-0.01904057152569294,0.48062968254089355,0.4662606120109558,0.013922319747507572,0.48633384704589844,0.37413233518600464,-0.031572021543979645,0.4788114130496979,0.36679232120513916,-0.02703508548438549,0.4841991364955902,0.36359742283821106,-0.028262456879019737,0.4727025330066681,0.3863430619239807,-0.019180413335561752,0.5030374526977539,0.4761424660682678,0.014107623137533665,0.501281201839447,0.4668482542037964,0.011859573423862457,0.4912814199924469,0.4690144956111908,0.01229294016957283,0.46316805481910706,0.4530208706855774,0.01628207601606846,0.4629013240337372,0.4094134569168091,-0.0034535694867372513,0.4714752733707428,0.46069085597991943,0.015684617683291435,0.44760265946388245,0.41188937425613403,-0.002155343070626259,0.4585288166999817,0.4193294644355774,-0.0007506872061640024,0.4444922208786011,0.42578208446502686,0.005656538065522909,0.4912456274032593,0.47849518060684204,0.014570594765245914,0.46932271122932434,0.39079749584198,-0.013735913671553135,0.45936089754104614,0.4602683186531067,0.023235604166984558,0.46952512860298157,0.4678756892681122,0.02200092375278473,0.45593661069869995,0.4441213607788086,0.013777486979961395,0.42836993932724,0.4294755160808563,0.027578987181186676,0.4479796886444092,0.44703924655914307,0.01947098784148693,0.42538443207740784,0.43444424867630005,0.043613728135824203,0.45526978373527527,0.4301820993423462,0.004284429829567671,0.4712522029876709,0.37712734937667847,-0.01638057455420494,0.47716695070266724,0.4063914716243744,-0.02530357427895069,0.4730149209499359,0.40750980377197266,-0.017788119614124298,0.47953635454177856,0.4011143743991852,-0.030350083485245705,0.4588143825531006,0.33743610978126526,-0.015120819211006165,0.44730785489082336,0.3349040746688843,-0.017725961282849312,0.4374990165233612,0.3358924090862274,-0.01781904138624668,0.42973747849464417,0.33905234932899475,-0.015355879440903664,0.42472124099731445,0.3435041606426239,-0.011369272135198116,0.4226049780845642,0.3565772771835327,0.0007712465012446046,0.40691107511520386,0.38093557953834534,0.032341934740543365,0.4303843379020691,0.3681859076023102,-0.0012723476393148303,0.4381786584854126,0.369699090719223,-0.004156778100878,0.4471362829208374,0.3670544922351837,-0.005992564372718334,0.4547971189022064,0.3627595603466034,-0.006869240663945675,0.4603586494922638,0.3589758276939392,-0.007318031042814255,0.4642414450645447,0.35600462555885315,-0.007945694960653782,0.4039154052734375,0.3763611316680908,0.05524345487356186,0.4730786383152008,0.40870165824890137,-0.01424344815313816,0.476713091135025,0.38098379969596863,-0.02494211681187153,0.48223575949668884,0.40713822841644287,-0.0295500960201025,0.48552680015563965,0.4096570909023285,-0.02577817440032959,0.4819389879703522,0.4077835977077484,-0.026283716782927513,0.4747939705848694,0.41018471121788025,-0.011303712613880634,0.4872294068336487,0.41044697165489197,-0.027207251638174057,0.4875851273536682,0.41111332178115845,-0.019125530496239662,0.4624921679496765,0.34867793321609497,-0.0067476085387170315,0.46692001819610596,0.351152628660202,-0.009748711250722408,0.469801664352417,0.3536032438278198,-0.013501555658876896,0.43035197257995605,0.34999024868011475,-0.005738354288041592,0.4260862469673157,0.34834739565849304,-0.006067418493330479,0.49149101972579956,0.373366117477417,-0.028731677681207657,0.5186174511909485,0.32639482617378235,0.002783027244731784,0.4979569911956787,0.40603575110435486,-0.018778212368488312,0.5349302291870117,0.27880823612213135,0.026173561811447144,0.5031450986862183,0.34108322858810425,-0.0036517176777124405,0.5094413161277771,0.3393307626247406,-0.0026519496459513903,0.5153658986091614,0.3367961049079895,-0.0006213525775820017,0.5214458107948303,0.3284887969493866,0.0046650106087327,0.49775534868240356,0.34114956855773926,-0.0038441841024905443,0.5099822282791138,0.31633448600769043,-0.008785959333181381,0.5029160976409912,0.3195688724517822,-0.009615442715585232,0.5162844657897949,0.31535544991493225,-0.005951397120952606,0.520176351070404,0.31662502884864807,-0.0027730159927159548,0.5279474258422852,0.33234530687332153,0.009113557636737823,0.5221610069274902,0.4601513147354126,0.02136685512959957,0.5203103423118591,0.3232667148113251,0.004621353931725025,0.5445301532745361,0.31724852323532104,0.03722327575087547,0.5333154201507568,0.32380297780036926,0.014501204714179039,0.5178065896034241,0.379261314868927,-0.0014808918349444866,0.5011354088783264,0.4267401099205017,-0.00823421310633421,0.5014858245849609,0.43457356095314026,-0.003805156797170639,0.5078436136245728,0.42660194635391235,-0.003430726705119014,0.5120584964752197,0.42682039737701416,0.0024115885607898235,0.5066108703613281,0.4324432909488678,-0.0007344852783717215,0.5103708505630493,0.4307906925678253,0.004370320122689009,0.5227732062339783,0.4299059510231018,0.016444971784949303,0.4971829950809479,0.4043714702129364,-0.0312257818877697,0.4966636598110199,0.39582517743110657,-0.034550782293081284,0.5285502672195435,0.30808550119400024,-0.0027828984893858433,0.5013659596443176,0.36171647906303406,-0.00787360779941082,0.5087299346923828,0.39238590002059937,-0.014914428815245628,0.5078444480895996,0.38678622245788574,-0.0137489577755332,0.5350541472434998,0.3694399297237396,0.007498042192310095,0.4940219223499298,0.38397663831710815,-0.03278111666440964,0.5147996544837952,0.3067976236343384,-0.016595127061009407,0.5229409337043762,0.30567121505737305,-0.010546733625233173,0.5278916358947754,0.26704007387161255,0.010033003985881805,0.48958128690719604,0.3249020576477051,-0.022788330912590027,0.4970288872718811,0.32485419511795044,-0.007756920997053385,0.5260931849479675,0.4201754629611969,0.016496317461133003,0.5488486289978027,0.397651731967926,0.07315336912870407,0.5052371025085449,0.399045467376709,-0.012018348090350628,0.5011653304100037,0.40358397364616394,-0.012284639291465282,0.5172980427742004,0.42734575271606445,0.01541084423661232,0.5159883499145508,0.42815038561820984,0.013362434692680836,0.525040864944458,0.2988034188747406,-0.008626253344118595,0.5091134309768677,0.39475134015083313,-0.010690471157431602,0.503703236579895,0.3124134838581085,-0.020920488983392715,0.5040113925933838,0.3050987124443054,-0.023806003853678703,0.50229811668396,0.25772199034690857,-0.020212139934301376,0.5265098810195923,0.28114187717437744,-0.0011870238231495023,0.5024166703224182,0.2797515392303467,-0.023055067285895348,0.5308215022087097,0.30228403210639954,0.0018356458749622107,0.5336107611656189,0.28969302773475647,0.01264228019863367,0.5015124082565308,0.4309413433074951,-0.006664685904979706,0.5073130130767822,0.42963263392448425,-0.0022252134513109922,0.5112930536270142,0.428769588470459,0.002927936613559723,0.5041208863258362,0.40074053406715393,-0.010654247365891933,0.5166156888008118,0.4277677536010742,0.014266432262957096,0.5147045254707336,0.4312559962272644,0.011000916361808777,0.515307605266571,0.42858076095581055,0.013119804672896862,0.5027496814727783,0.3995136618614197,-0.021629754453897476,0.5095418691635132,0.4323614239692688,0.005917382426559925,0.505872368812561,0.43449920415878296,0.0025959396734833717,0.5011724829673767,0.43690499663352966,-0.0001003960715024732,0.5075727701187134,0.45522063970565796,0.009935826063156128,0.5044693350791931,0.449604332447052,0.0025587924756109715,0.5035233497619629,0.44504407048225403,0.000864222995005548,0.5023313760757446,0.4405919313430786,0.0013641351833939552,0.5010939240455627,0.4370711147785187,0.001002160250209272,0.5094966888427734,0.43225595355033875,0.006764549762010574,0.5109377503395081,0.43344494700431824,0.0066959671676158905,0.5124678611755371,0.43515142798423767,0.0065963310189545155,0.5137682557106018,0.4372256100177765,0.00830262340605259,0.5181801915168762,0.4121193587779999,0.0028639226220548153,0.5480205416679382,0.35129663348197937,0.07280277460813522,0.5121616721153259,0.4305114448070526,0.010473591275513172,0.5134420990943909,0.430818647146225,0.010534149594604969,0.49976450204849243,0.4076348543167114,-0.011377966031432152,0.5079241991043091,0.39956313371658325,-0.005175753962248564,0.5004454851150513,0.405705064535141,-0.012145058251917362,0.5080742835998535,0.3638092577457428,-0.004023319110274315,0.519244909286499,0.36568230390548706,-0.0005180843872949481,0.5091058611869812,0.3892199397087097,-0.009373126551508904,0.5176481008529663,0.2595252990722656,-0.0060317316092550755,0.516547679901123,0.27722978591918945,-0.012764206156134605,0.5158045887947083,0.2990490794181824,-0.017065027728676796,0.5192873477935791,0.4388464093208313,0.014117460697889328,0.49017611145973206,0.31334155797958374,-0.027606157585978508,0.4876587986946106,0.28469738364219666,-0.029165131971240044,0.4855729043483734,0.2598719298839569,-0.028914619237184525,0.5195699334144592,0.3330206274986267,0.0022601913660764694,0.5355551242828369,0.33582544326782227,0.01421248447149992,0.4943239390850067,0.3405141532421112,-0.003670810256153345,0.526300311088562,0.3173089027404785,0.003109418321400881,0.496645450592041,0.3583782911300659,-0.011489609256386757,0.5054705142974854,0.39244893193244934,-0.022074857726693153,0.5439740419387817,0.3388822078704834,0.02323506958782673,0.5332933664321899,0.34414511919021606,0.009694570675492287,0.5269548892974854,0.3512873947620392,0.003967751283198595,0.5152446031570435,0.35477226972579956,0.000122108991490677,0.505976676940918,0.3544486165046692,-0.002526673721149564,0.49934184551239014,0.3532101809978485,-0.005670609418302774,0.4877080023288727,0.35178643465042114,-0.021736832335591316,0.5464790463447571,0.3579196035861969,0.025425691157579422,0.5309960246086121,0.3144627511501312,0.005798242520540953,0.49570199847221375,0.40841150283813477,-0.02745859883725643,0.50285804271698,0.37174880504608154,-0.008608067408204079,0.5437206625938416,0.3117082118988037,0.05866554379463196,0.49428147077560425,0.35104599595069885,-0.008094178512692451,0.5091667771339417,0.3882002532482147,-0.0028716742526739836,0.5228514075279236,0.32282185554504395,0.006100137252360582,0.5041961073875427,0.38560396432876587,-0.02066384255886078,0.5493007898330688,0.3734959065914154,0.07464691251516342,0.49366095662117004,0.33732372522354126,-0.002890481613576412,0.49920791387557983,0.38399243354797363,-0.028039423748850822,0.5421863794326782,0.4282183349132538,0.04251658543944359,0.5418000221252441,0.43538373708724976,0.05605452135205269,0.550133228302002,0.35454288125038147,0.049033086746931076,0.5474570393562317,0.41305628418922424,0.04840876907110214,0.5389999151229858,0.3017817735671997,0.026388350874185562,0.5240892171859741,0.46700769662857056,0.0272593442350626,0.49495524168014526,0.4094678461551666,-0.018383901566267014,0.5089627504348755,0.3753117620944977,-0.004589209798723459,0.5378466844558716,0.3231193721294403,0.021365821361541748,0.5135326385498047,0.3316898047924042,-0.0009558917954564095,0.5084525346755981,0.33435502648353577,-0.0027913744561374187,0.5158854722976685,0.43190494179725647,0.01245077233761549,0.5479897856712341,0.37561243772506714,0.0314919613301754,0.5157054662704468,0.48140355944633484,0.03021315485239029,0.5293910503387451,0.4620860517024994,0.04159216210246086,0.5351366400718689,0.4508196711540222,0.047957394272089005,0.503129780292511,0.33577391505241394,-0.0036186627112329006,0.4980415999889374,0.3364912271499634,-0.0033684002701193094,0.4950031340122223,0.3372187614440918,-0.002678309101611376,0.5340801477432251,0.31043198704719543,0.011992089450359344,0.4981127977371216,0.32929345965385437,-0.0056258137337863445,0.5031875371932983,0.32502102851867676,-0.006615226157009602,0.5087310671806335,0.3226599097251892,-0.005929652601480484,0.5139915943145752,0.32188746333122253,-0.0037296616937965155,0.5171775817871094,0.32237163186073303,-0.0011029463494196534,0.5399280190467834,0.2928050458431244,0.04345037788152695,0.5166199803352356,0.32892125844955444,0.0011183895403519273,0.5120881795883179,0.4109121561050415,-0.002263331552967429,0.5052242279052734,0.3983859717845917,-0.015072597190737724,0.501530647277832,0.4143620431423187,-0.009322656318545341,0.5359017848968506,0.44281065464019775,0.03837506100535393,0.5301356315612793,0.4547560214996338,0.033376846462488174,0.5156656503677368,0.47733479738235474,0.021574027836322784,0.5462140440940857,0.41861364245414734,0.06558634340763092,0.495025634765625,0.3342318534851074,-0.00412346376106143,0.4943045973777771,0.3651691675186157,-0.020169472321867943,0.523388147354126,0.4727029502391815,0.034874241799116135,0.5510583519935608,0.374543696641922,0.0523453913629055,0.5058231949806213,0.4345126450061798,0.00361704733222723,0.5073581337928772,0.43689411878585815,0.0037042023614048958,0.508812427520752,0.44007566571235657,0.0035082323011010885,0.5100550055503845,0.44391104578971863,0.005178703926503658,0.5144885182380676,0.44766080379486084,0.011435975320637226,0.5132612586021423,0.4293576776981354,0.009004035964608192,0.5142427086830139,0.42813828587532043,0.00906177144497633,0.5150637626647949,0.42696428298950195,0.008892192505300045,0.5231866240501404,0.41510796546936035,0.009318243712186813,0.5422517657279968,0.38517624139785767,0.018788618966937065,0.49200430512428284,0.3546183109283447,-0.016229575499892235,0.48961010575294495,0.3345280587673187,-0.009128311648964882,0.49261441826820374,0.3330920934677124,-0.006153498310595751,0.5122206807136536,0.43061476945877075,0.009958288632333279,0.5447443723678589,0.4038783013820648,0.033271320164203644,0.4862063527107239,0.33799293637275696,-0.017719369381666183,0.5185027718544006,0.4533695876598358,0.016700472682714462,0.48980912566185,0.36316946148872375,-0.026137609034776688,0.5007106065750122,0.37732014060020447,-0.016952894628047943,0.5106198787689209,0.46241268515586853,0.013619101606309414,0.52830570936203,0.4313182234764099,0.02123275212943554,0.515231192111969,0.3924754858016968,0.0003635952598415315,0.5239924788475037,0.44295835494995117,0.019529523327946663,0.5292119979858398,0.3853117823600769,0.003911060281097889,0.5223287343978882,0.3985517919063568,0.0040410240180790424,0.5358126163482666,0.39591124653816223,0.012530896812677383,0.5139145851135254,0.470714807510376,0.016341909766197205,0.5042954087257385,0.3795577585697174,-0.010989795438945293,0.533605694770813,0.43530142307281494,0.028974706307053566,0.527937114238739,0.4480089545249939,0.026387596502900124,0.5317738056182861,0.41919559240341187,0.019839473068714142,0.5482407212257385,0.39049607515335083,0.03700569272041321,0.5389479398727417,0.417011559009552,0.02650747448205948,0.5505770444869995,0.39374038577079773,0.053768645972013474,0.5283558964729309,0.40630337595939636,0.009935034438967705,0.49843961000442505,0.3683408200740814,-0.013973824679851532,0.5044092535972595,0.397489070892334,-0.02313593588769436,0.5075858235359192,0.39638540148735046,-0.015348604880273342,0.5013765692710876,0.39391517639160156,-0.028636550530791283,0.49347811937332153,0.3259350657463074,-0.012100026942789555,0.5031231045722961,0.3172836899757385,-0.013279282487928867,0.5120126008987427,0.31305286288261414,-0.011983385309576988,0.519234836101532,0.31177037954330444,-0.00832674466073513,0.5238850116729736,0.3131406605243683,-0.0035260620061308146,0.5275024175643921,0.3236866295337677,0.009156693704426289,0.5480597019195557,0.3354959189891815,0.04366086795926094,0.525593638420105,0.33766210079193115,0.006418706849217415,0.5204625725746155,0.34309121966362,0.0025502152275294065,0.5123096704483032,0.3462885916233063,-0.0004537396307568997,0.5041749477386475,0.3472380042076111,-0.0024757799692451954,0.49801865220069885,0.3469223082065582,-0.003979803528636694,0.4938640892505646,0.3461633026599884,-0.005210433155298233,0.5458500385284424,0.331002801656723,0.06775884330272675,0.5074622631072998,0.3976491093635559,-0.011853705160319805,0.4962940514087677,0.37459924817085266,-0.023215308785438538,0.5008611083030701,0.40086793899536133,-0.028168393298983574,0.4983513057231903,0.4052667021751404,-0.02495802380144596,0.5008588433265686,0.4014652669429779,-0.024870403110980988,0.5062940716743469,0.400104820728302,-0.00928318127989769,0.49744829535484314,0.4069315791130066,-0.026534762233495712,0.4967375099658966,0.4079914391040802,-0.018573932349681854,0.4920412600040436,0.3389490246772766,-0.003939419519156218,0.4902261793613434,0.343171089887619,-0.007580211851745844,0.48986101150512695,0.346334844827652,-0.011698666028678417,0.5190057158470154,0.32292065024375916,0.0014284747885540128,0.5226731896400452,0.3186489939689636,0.001551811583340168,0.4411894977092743,0.3495136797428131,-0.007586386054754257,0.4476659595966339,0.34766504168510437,-0.007586386054754257,0.43986523151397705,0.3414747416973114,-0.007586386054754257,0.4346851110458374,0.3513973355293274,-0.007586386054754257,0.4425199031829834,0.35755449533462524,-0.007586386054754257,0.5056094527244568,0.32880300283432007,-0.002092415001243353,0.5129486322402954,0.3258310556411743,-0.002092415001243353,0.5039283633232117,0.32060834765434265,-0.002092415001243353,0.49826905131340027,0.3316735625267029,-0.002092415001243353,0.5073978900909424,0.3370138704776764,-0.002092415001243353
